19,0,0,0,0,2,16,46,118,0,0,0,0,0,0,104,124,0,0,0,0,0,0,70,7,0,0,0,0,0,0,4,29,0,0,0,0,2,41,98,124,6,0,0,0,0,0,124,124,11,0,0,0,0,0,94,25,3,0,0,0,0,0,5,81,76,16,0,0,1,19,53,124,96,3,0,0,0,0,47,124,122,0,0,0,0,0,18,25,6,0,0,0,0,0,1,100,34,11,3,3,15,13,36,93,19,3,1,1,8,24,124,122,19,0,0,0,0,0,124,10,1,0,0,0,0,0,18
5,0,0,0,6,1,2,17,111,0,0,0,0,0,0,42,185,22,0,0,0,0,0,13,98,14,0,0,0,0,0,0,10,2,0,2,10,1,0,1,158,1,0,0,0,0,0,22,185,32,0,0,0,0,0,9,101,15,0,0,0,0,0,0,4,1,1,1,2,1,0,0,169,6,0,0,0,0,0,7,185,11,0,0,0,0,0,20,97,2,0,0,0,0,0,5,1,0,1,1,0,0,0,0,104,0,0,0,0,0,0,17,185,0,0,0,0,0,0,60,86,0,0,0,0,0,0,13
1,15,46,0,0,1,13,1,0,5,55,14,2,6,17,3,2,12,80,40,1,0,1,2,72,116,56,9,0,0,0,0,0,1,0,0,0,5,116,37,16,0,0,0,0,5,59,56,78,39,5,0,0,0,1,21,116,116,3,0,0,0,0,0,22,32,8,0,0,0,78,116,116,19,4,0,0,0,15,87,116,49,0,0,0,0,0,6,116,110,0,0,0,0,0,0,52,116,50,7,0,1,5,14,76,103,46,6,0,0,1,7,116,116,18,0,0,0,0,1,92,88,0,0,0,0,0,0
14,0,0,56,127,0,0,3,132,0,0,11,28,0,0,48,32,1,0,1,0,1,7,15,0,0,0,1,0,1,15,4,9,0,0,29,132,9,0,0,132,15,0,10,63,1,0,9,60,10,6,7,2,6,9,5,0,0,1,10,3,3,7,2,7,2,1,9,132,31,0,0,132,32,5,2,52,9,4,20,34,23,31,0,0,14,34,18,4,41,51,1,0,3,12,9,1,16,129,93,56,3,0,0,31,132,132,14,11,0,0,1,4,121,132,0,0,0,0,1,0,100,132,0,0,0,0,0
13,71,158,14,2,3,38,6,1,64,158,12,3,11,27,0,5,158,158,0,0,3,4,0,6,127,130,0,0,0,11,5,71,27,27,36,35,2,3,47,18,7,45,11,18,29,8,18,45,24,15,1,1,3,1,8,8,7,2,6,5,4,13,4,24,24,11,126,101,4,1,6,23,5,0,0,9,27,8,10,78,14,0,0,2,2,1,8,8,4,0,2,24,25,3,1,0,1,2,158,158,8,0,0,22,0,0,5,36,19,5,23,46,1,0,0,1,8,16,25,2,0,0,0,16,45,10,3
230,146,0,0,0,0,0,4,63,11,0,0,0,0,1,4,12,0,0,0,0,0,0,7,0,0,0,0,0,0,0,0,230,230,0,0,0,0,0,0,31,14,1,2,6,9,4,6,27,2,0,0,0,2,2,19,2,0,0,0,0,0,0,0,169,203,0,0,0,0,0,0,11,13,15,16,5,0,0,0,20,18,8,2,0,0,0,1,2,0,0,0,0,0,0,0,28,43,0,0,0,0,0,0,2,6,5,1,0,0,0,0,0,3,4,0,0,0,0,0,0,0,0,0,0,0,0,0
7,2,2,2,3,179,179,6,4,15,22,11,7,179,179,5,18,64,14,0,0,80,167,25,5,25,30,1,0,5,21,14,79,13,7,4,1,23,37,28,27,22,41,21,10,12,3,7,109,73,23,0,0,0,1,26,12,48,67,1,0,0,16,21,56,57,14,0,0,0,2,17,23,31,42,11,3,5,4,12,46,28,10,0,4,16,24,37,11,2,1,0,0,4,71,81,12,14,5,2,3,9,25,30,48,14,6,3,6,2,14,54,9,10,3,4,72,46,12,8,60,20,0,0,5,11,16,44
31,2,0,6,21,38,29,22,146,50,0,0,0,2,8,88,65,19,0,0,0,0,0,20,10,2,0,0,0,0,0,2,39,47,12,0,3,43,35,20,146,101,1,0,0,1,2,101,125,16,0,0,0,0,0,27,9,6,0,0,0,0,0,0,79,72,15,0,0,8,20,39,146,91,1,0,0,0,1,84,129,6,0,0,0,0,0,73,7,1,0,0,0,0,0,3,76,2,10,27,8,18,20,65,146,1,0,0,0,0,5,146,146,0,0,0,0,0,1,66,12,0,0,0,0,0,0,4
0,0,0,0,32,130,36,0,28,4,0,0,3,61,130,18,94,80,12,0,0,3,55,44,88,53,9,0,0,0,0,33,0,0,0,0,119,130,2,0,126,7,0,0,13,27,15,25,130,61,11,3,2,12,11,60,58,23,9,3,3,15,26,89,0,1,1,3,127,59,0,0,130,30,2,1,6,5,0,9,130,50,5,8,9,10,15,66,14,4,5,9,22,33,27,42,1,17,9,1,34,35,0,0,51,38,10,0,0,0,0,7,71,6,1,0,1,4,45,110,17,15,0,0,11,29,69,35
10,1,0,0,80,79,46,95,70,10,0,1,2,2,69,120,62,55,11,1,1,17,53,64,24,12,6,21,4,16,54,55,42,12,0,0,27,34,3,11,120,52,0,0,1,4,5,49,53,11,2,5,32,95,98,44,8,0,2,15,12,41,120,120,39,2,0,0,2,5,3,21,120,6,0,0,0,8,28,88,43,60,27,16,24,42,35,21,4,26,62,120,18,6,18,24,19,19,32,6,0,0,1,12,60,33,18,3,0,0,9,52,120,120,14,3,0,0,9,13,18,33,32,112,23,5,11,3
7,79,122,9,25,89,81,20,91,130,89,0,1,6,105,99,130,130,1,0,0,0,9,60,24,5,0,0,0,0,0,6,0,130,130,3,2,5,4,0,38,130,101,0,0,7,7,17,130,48,1,0,0,0,0,29,25,3,0,0,0,0,0,1,0,7,8,3,7,6,5,0,71,8,0,0,4,9,8,10,130,40,0,0,0,0,0,7,19,5,0,0,0,0,0,0,0,0,0,4,15,0,0,0,78,5,0,3,6,0,0,1,130,8,0,0,0,0,0,3,10,1,0,0,0,0,0,0
141,14,2,0,5,5,2,99,112,19,14,26,25,7,11,141,21,11,9,16,5,1,8,20,28,16,5,2,3,4,6,16,121,2,1,8,7,1,1,56,141,8,1,0,1,0,1,122,59,18,7,20,25,0,0,4,42,38,4,3,2,0,0,4,66,56,22,74,24,0,0,9,141,132,5,2,0,0,0,22,63,23,10,25,11,0,0,0,37,11,4,3,1,5,10,17,6,141,65,41,37,4,0,0,89,141,14,3,1,0,0,0,13,16,3,22,32,23,0,0,19,6,0,2,39,93,43,35
141,14,2,0,5,5,2,99,112,19,14,26,25,7,11,141,21,11,9,16,5,1,8,20,28,16,5,2,3,4,6,16,121,2,1,8,7,1,1,56,141,8,1,0,1,0,1,122,59,18,7,20,25,0,0,4,42,38,4,3,2,0,0,4,66,56,22,74,24,0,0,9,141,132,5,2,0,0,0,22,63,23,10,25,11,0,0,0,37,11,4,3,1,5,10,17,6,141,65,41,37,4,0,0,89,141,14,3,1,0,0,0,13,16,3,22,32,23,0,0,19,6,0,2,39,93,43,35
4,27,161,56,0,0,0,2,5,36,161,104,0,0,3,12,48,161,161,20,0,0,0,7,15,44,20,16,4,2,1,2,7,24,6,4,7,3,5,6,15,7,17,1,2,1,18,64,54,16,23,8,0,0,1,48,6,3,16,26,44,30,0,0,0,5,1,1,7,40,15,4,51,13,0,0,2,3,7,28,99,46,0,0,4,21,4,15,7,7,0,1,85,161,7,0,0,0,0,0,1,37,42,10,34,0,0,0,0,1,19,86,37,4,0,0,7,147,41,46,5,2,0,0,12,161,40,4
8,24,3,0,0,0,0,0,22,32,12,0,0,0,6,8,24,88,46,2,0,2,11,6,132,132,6,0,0,0,0,3,4,17,43,23,1,0,0,0,37,14,8,16,14,14,39,23,132,74,9,0,0,2,16,31,132,67,1,0,0,0,0,13,8,32,114,77,7,0,0,0,42,10,25,132,69,7,3,3,132,25,2,7,3,1,1,51,132,39,0,0,0,0,0,18,16,28,29,30,39,24,12,33,13,1,6,45,132,74,7,13,132,21,0,1,6,7,4,61,132,51,0,0,0,0,0,7
15,3,0,0,3,15,40,44,1,0,0,0,4,44,92,21,64,2,0,0,0,2,25,91,61,19,0,0,0,82,64,33,18,17,4,13,20,7,4,7,12,2,1,53,69,28,32,27,125,7,0,3,18,42,20,100,16,12,2,0,67,125,71,19,23,3,2,10,3,5,42,64,27,18,6,94,87,7,4,24,92,44,5,15,113,82,1,6,51,50,4,0,125,125,2,6,5,0,2,20,8,4,24,82,34,13,1,5,21,11,30,90,32,25,3,13,125,24,0,5,55,3,0,6,125,43,10,26
5,126,17,6,43,88,31,1,91,126,3,1,24,25,2,0,55,59,3,14,40,53,11,2,14,3,4,58,63,10,0,5,3,126,126,5,8,27,26,0,14,126,19,3,58,90,5,4,116,31,5,11,18,50,12,19,14,10,12,85,86,3,0,2,0,51,126,34,106,21,0,0,9,13,18,56,126,31,0,1,126,31,14,12,12,9,2,19,12,1,16,28,27,11,8,6,0,0,3,14,63,41,3,0,0,4,60,66,28,0,0,0,10,28,59,31,9,4,0,0,3,2,0,9,17,25,15,1
42,7,10,9,0,0,12,62,26,1,7,20,4,0,4,87,21,0,7,31,8,1,6,33,5,9,13,9,0,0,10,9,136,5,4,7,3,1,5,136,60,3,4,29,55,7,0,56,118,19,15,15,4,0,0,45,4,11,40,26,0,0,0,0,136,17,1,5,4,1,2,136,126,19,5,13,33,5,0,93,136,65,7,7,5,0,0,4,11,8,11,35,18,0,0,0,83,4,66,67,14,0,8,135,136,17,9,7,0,0,0,136,115,22,2,0,1,0,0,24,12,0,2,13,9,2,4,8
94,4,0,0,0,0,10,123,111,7,4,25,14,0,0,90,18,0,1,53,103,1,0,13,51,1,0,1,7,0,5,44,123,113,12,5,4,0,3,84,123,7,1,3,20,1,0,104,47,1,1,28,123,4,0,13,46,1,1,12,15,0,1,49,100,123,20,26,62,15,0,1,123,64,1,4,28,13,1,4,45,9,13,48,54,24,2,4,10,3,15,86,10,0,1,19,45,90,6,2,25,61,14,0,78,110,2,4,42,20,1,1,52,6,2,8,24,21,4,39,9,2,17,41,18,1,1,9
0,0,0,0,76,124,0,0,16,4,0,0,105,83,1,3,122,34,0,0,2,2,0,3,53,27,6,7,4,0,0,0,0,0,0,5,96,130,0,0,29,0,0,7,108,45,4,19,130,32,0,0,3,2,2,28,57,44,3,4,11,11,0,0,0,0,8,55,124,54,0,0,61,5,0,3,70,107,8,7,130,49,0,0,3,6,2,9,49,13,0,0,20,68,3,2,0,1,4,16,130,73,0,0,92,4,0,0,51,52,5,18,130,15,0,0,0,12,19,64,8,1,0,0,6,79,37,8
34,36,22,26,7,3,36,76,67,16,0,0,0,0,13,130,18,0,0,0,0,0,6,130,1,0,0,0,0,0,4,130,18,38,38,32,17,15,2,5,106,32,2,0,0,1,3,15,22,4,0,0,0,16,28,88,3,0,0,0,0,2,38,130,12,72,31,7,14,22,1,1,30,17,20,10,25,14,25,16,3,0,0,0,2,130,112,8,7,0,0,0,0,85,130,130,11,23,8,7,9,1,2,9,0,1,1,31,93,23,6,2,0,6,11,53,110,130,44,0,41,66,11,7,9,91,75,34
2,7,5,1,0,4,33,7,2,3,5,43,46,10,20,11,9,2,6,22,37,14,12,38,4,12,8,20,40,75,56,9,38,0,0,0,0,20,121,109,44,21,17,10,13,7,24,29,3,7,67,63,16,2,0,1,1,50,71,66,22,3,0,0,123,16,5,21,14,12,24,123,123,28,4,0,0,0,0,35,11,60,55,24,0,0,0,4,0,123,123,11,0,0,0,0,120,123,51,29,3,0,2,31,70,123,67,0,0,0,0,3,2,123,96,0,0,0,0,0,0,98,66,0,0,0,0,0
11,0,0,30,27,0,2,35,79,18,1,1,9,5,6,54,18,19,2,1,128,77,0,0,57,12,0,0,62,62,11,11,17,3,0,22,88,3,0,2,128,35,0,6,33,2,0,8,27,8,0,64,128,33,0,0,10,0,0,41,122,94,21,7,19,2,2,53,84,3,0,0,128,7,0,7,20,1,1,53,21,1,0,90,128,14,4,22,0,0,1,128,128,18,0,0,2,0,1,53,56,45,47,4,28,1,0,5,7,16,42,85,5,0,0,1,91,67,29,49,0,0,0,25,87,50,5,0
86,33,6,0,0,0,0,58,102,111,16,21,4,0,0,1,4,14,30,108,38,1,0,0,36,47,81,15,4,1,0,13,128,55,7,0,0,0,0,75,128,26,2,10,18,2,0,47,25,4,2,31,128,24,0,2,90,12,1,1,21,7,1,42,98,87,29,9,22,4,0,9,128,88,0,0,31,23,0,17,31,4,0,1,128,83,0,1,92,19,1,0,10,5,0,5,56,128,2,2,25,17,0,0,70,78,1,3,27,37,7,1,9,2,2,45,80,23,0,2,63,2,0,6,6,0,2,25
18,1,0,0,7,21,23,53,16,24,14,3,9,20,5,2,1,10,44,23,15,3,0,0,2,0,6,58,28,3,2,2,128,16,0,0,0,6,20,128,116,66,7,5,5,6,9,29,9,27,15,27,111,18,7,3,9,107,45,19,24,7,3,2,128,120,85,70,9,0,2,101,81,11,9,9,2,6,75,107,38,30,7,5,34,23,64,57,64,128,22,4,9,23,27,32,59,18,22,64,28,11,74,128,46,34,30,35,7,2,15,38,55,14,15,28,4,0,4,39,79,27,8,0,0,4,9,30
88,125,125,87,73,63,11,8,8,125,125,88,43,13,0,0,51,125,33,1,0,0,5,22,6,9,9,0,0,1,25,21,49,65,42,26,34,44,11,8,72,125,67,5,10,7,2,11,7,26,120,40,8,11,8,6,1,1,13,27,25,7,8,5,8,27,22,14,36,36,0,1,86,56,25,13,8,6,24,28,7,3,15,26,11,50,94,13,1,0,0,9,30,32,22,5,1,44,92,10,2,3,0,0,25,77,80,41,3,1,4,19,5,5,60,125,32,10,15,10,2,6,6,17,30,62,5,3
0,0,1,3,16,5,0,0,7,0,0,2,24,28,27,28,9,1,3,16,33,17,26,34,0,2,10,9,12,17,5,0,0,0,0,0,32,31,1,0,32,1,0,0,130,125,24,32,144,32,32,24,11,19,20,68,10,12,99,83,3,1,0,0,0,0,0,0,49,59,7,0,71,18,1,0,144,101,1,8,144,61,11,4,8,4,0,35,62,18,99,49,0,0,0,9,0,0,0,0,68,49,7,1,37,2,0,1,112,74,4,48,144,5,0,0,0,1,1,144,102,1,3,0,0,0,0,57
202,57,4,0,0,0,0,5,50,13,5,0,0,0,0,3,5,5,36,7,0,0,0,0,0,0,36,4,0,0,0,0,202,16,2,1,2,2,6,60,109,8,1,0,0,0,0,7,21,6,11,5,1,0,0,0,0,2,19,4,0,0,0,0,202,3,0,1,1,5,21,195,124,6,0,0,0,0,0,7,26,1,0,0,0,2,3,7,6,3,2,1,1,1,1,4,202,15,3,16,10,0,1,49,113,2,0,0,0,0,0,3,17,0,0,0,2,2,2,4,1,0,0,0,0,2,11,7
8,1,0,18,119,109,4,1,136,48,1,17,55,15,0,1,30,18,48,93,124,0,0,0,13,23,48,22,20,1,0,0,24,1,1,67,136,57,1,1,136,26,1,16,27,11,1,7,49,9,16,82,104,17,1,3,0,0,12,23,100,11,0,0,32,2,0,25,136,119,5,1,136,11,0,2,19,15,14,39,26,1,2,14,55,62,20,16,0,0,33,48,38,6,0,0,38,7,0,11,75,51,2,0,136,23,0,0,2,2,1,7,15,2,3,7,6,3,1,4,2,2,14,10,5,1,0,1
7,20,96,85,14,1,43,31,34,54,22,2,0,0,12,77,81,25,1,0,0,0,0,57,16,27,11,0,0,0,0,2,13,18,32,75,76,25,25,32,34,33,14,11,9,0,5,23,116,50,1,0,0,0,0,17,32,23,4,1,4,5,16,6,45,63,30,95,87,4,5,31,33,1,0,28,58,21,19,18,116,23,0,1,2,8,65,116,17,7,1,3,11,10,37,41,55,6,2,21,110,26,20,116,1,0,0,9,116,116,41,11,26,3,0,0,2,40,116,116,88,51,2,0,0,0,40,116
0,0,2,6,22,8,3,0,14,1,0,9,40,12,6,13,46,33,12,5,11,2,3,16,7,11,6,9,26,19,38,10,0,0,124,50,12,0,0,0,28,1,33,96,98,4,1,14,138,43,15,21,28,4,1,46,9,23,32,129,67,15,12,1,0,0,138,63,42,0,0,0,36,4,36,115,138,25,0,3,138,43,5,10,39,37,17,36,54,35,11,31,47,108,18,13,0,0,2,18,66,0,0,0,13,20,9,98,138,8,0,0,63,52,18,31,25,21,8,13,49,101,17,10,8,37,8,5
4,40,20,5,54,113,14,2,13,39,28,13,49,50,19,17,128,25,0,0,20,47,17,43,128,15,1,0,0,0,0,7,68,68,20,5,23,47,22,63,23,34,23,20,128,105,8,9,128,92,0,1,48,20,13,55,96,20,0,0,0,0,62,68,80,24,19,6,9,14,17,75,32,7,1,20,128,59,11,12,128,10,1,5,19,3,30,92,11,0,0,0,0,0,128,114,10,9,11,8,7,22,13,4,9,4,4,18,39,28,9,2,47,19,3,5,4,0,1,7,15,5,1,0,0,0,8,14
4,4,1,0,23,28,2,2,76,36,0,0,0,0,4,16,102,51,4,1,8,6,4,27,16,11,7,9,118,71,0,4,4,11,13,20,23,17,1,1,47,9,1,0,10,34,82,55,118,14,0,0,27,29,45,102,27,22,1,1,118,116,2,9,0,0,14,50,109,94,0,0,93,11,2,0,23,85,16,11,118,23,0,0,37,91,16,38,87,29,0,0,76,118,3,9,3,10,29,6,85,82,0,0,37,18,73,19,6,10,3,6,61,6,4,9,16,80,29,29,100,60,0,0,10,41,3,5
20,2,0,10,24,4,5,13,45,27,12,14,22,4,2,20,5,6,8,42,37,32,59,7,42,50,9,5,5,13,35,21,27,1,29,86,72,2,1,15,124,37,19,27,23,7,2,45,27,52,44,124,66,31,4,3,56,124,43,22,4,4,2,3,24,4,23,90,124,7,0,4,124,21,3,13,43,45,17,50,99,49,6,9,36,124,16,20,124,59,3,5,10,23,5,10,5,9,5,101,124,2,0,0,37,46,20,44,27,9,3,4,76,117,21,13,7,12,2,7,47,63,9,29,17,3,0,1
40,50,7,15,20,2,0,1,90,20,8,48,58,12,10,30,95,12,5,0,3,34,56,55,36,38,13,6,9,21,56,26,47,8,1,9,12,20,10,18,36,8,13,32,52,112,28,37,118,86,36,2,4,19,22,67,48,96,44,6,13,9,13,10,32,15,12,26,7,8,16,43,34,41,118,81,27,28,7,19,118,42,57,33,26,4,7,118,37,9,15,21,53,18,13,64,7,4,29,40,3,1,28,65,42,16,25,30,32,10,32,118,56,8,11,27,110,18,19,92,118,11,18,13,3,0,2,88
9,45,4,2,4,10,5,0,77,118,0,0,0,6,16,13,73,80,0,1,2,9,21,20,65,111,19,12,1,1,2,4,19,118,25,5,3,0,0,0,46,80,4,17,74,43,35,23,118,27,0,2,8,14,32,87,88,22,2,2,2,14,79,71,61,45,11,5,3,0,1,4,49,31,12,83,117,22,7,8,118,36,8,17,18,26,28,76,34,32,19,0,4,40,84,41,35,7,1,3,3,6,7,13,11,3,10,23,41,116,28,11,118,42,14,6,9,44,27,70,82,101,63,4,5,3,2,9
34,14,23,31,14,3,2,43,31,39,74,105,26,11,5,3,121,121,29,11,5,4,1,12,9,35,47,10,10,17,7,9,120,9,7,29,16,6,7,112,64,14,18,34,102,85,15,44,121,25,3,7,21,20,4,77,17,8,8,27,37,36,10,15,69,12,9,111,71,4,4,58,64,39,27,19,37,44,9,32,121,94,12,9,5,3,0,27,27,21,24,64,17,2,0,5,15,11,15,121,45,3,0,0,30,18,20,20,14,26,12,8,113,9,3,1,4,13,9,121,34,1,0,5,34,14,3,35
32,31,13,97,105,1,0,4,39,52,26,27,13,23,5,9,124,124,14,8,4,7,0,4,19,27,13,52,28,6,1,1,6,10,5,75,119,60,16,1,48,19,9,11,8,53,45,26,124,35,2,2,4,9,7,73,22,6,4,17,36,37,5,12,0,0,1,70,124,66,17,1,101,41,0,11,24,27,41,25,124,93,0,0,8,11,6,24,20,12,1,1,46,39,6,7,0,0,0,73,124,3,0,0,124,20,1,30,79,8,4,47,124,28,1,4,5,25,18,39,23,12,2,3,8,30,21,19
3,0,3,9,21,57,24,1,158,51,0,1,9,27,6,15,158,41,0,0,6,3,0,7,10,10,2,1,5,3,0,0,15,2,15,41,80,32,0,1,158,88,0,4,27,6,0,13,151,43,0,0,13,5,0,3,30,5,0,0,4,1,0,0,18,8,8,2,30,128,15,3,158,17,4,0,8,12,0,78,151,5,0,0,10,6,0,32,31,8,0,0,2,0,0,0,16,56,48,3,0,17,9,3,158,33,32,4,0,1,3,27,145,3,0,0,0,0,0,37,20,5,0,0,0,0,0,3
118,105,10,6,1,0,0,3,9,17,14,24,39,12,14,17,45,5,8,1,6,5,27,103,11,2,17,25,10,11,54,32,92,25,0,1,1,7,105,118,17,2,1,7,52,109,60,40,118,25,13,2,9,19,12,38,21,21,75,17,5,6,34,20,86,8,0,0,1,5,86,118,106,12,0,2,6,36,36,58,118,33,5,0,1,5,4,42,45,20,40,19,30,21,25,26,118,22,0,0,2,4,1,5,79,9,0,2,14,45,37,42,89,0,0,0,1,9,28,118,10,0,0,0,7,66,86,42
110,14,6,0,3,11,4,26,39,19,45,26,44,24,23,22,9,11,29,38,83,39,66,19,48,22,68,42,11,5,19,31,74,1,0,2,6,18,33,110,30,3,0,2,25,109,106,77,108,45,45,19,22,33,36,39,31,25,48,50,21,8,18,21,56,6,22,70,22,13,21,86,74,43,3,3,25,42,63,107,110,110,12,12,13,11,12,40,18,5,6,22,28,39,45,19,9,2,13,35,55,34,10,17,83,40,35,10,38,24,25,110,81,22,12,18,16,3,49,110,12,15,37,28,20,4,20,41
11,11,6,22,26,45,32,4,136,16,2,2,2,21,17,84,95,7,0,6,32,29,4,42,16,5,2,4,20,23,7,26,19,3,0,55,79,43,35,13,136,84,0,0,1,9,13,45,110,31,0,1,47,44,13,17,33,38,3,3,30,17,5,16,24,3,1,120,136,8,4,20,136,33,2,14,17,6,8,107,60,16,7,19,17,69,32,32,57,33,4,5,11,20,13,42,7,7,7,136,95,0,0,0,136,69,17,61,13,1,1,17,48,30,18,39,11,14,9,15,22,55,11,11,12,8,21,17
14,13,2,0,1,1,55,116,0,0,0,0,2,27,116,94,0,0,0,12,40,81,116,30,0,0,0,4,9,6,116,116,14,16,13,3,14,30,29,38,16,2,7,7,13,12,116,100,81,4,1,51,48,6,31,106,3,2,44,79,40,5,39,30,6,2,10,4,9,15,72,36,62,69,7,8,21,27,45,13,116,116,11,18,4,0,0,17,9,25,100,45,4,0,1,6,8,31,1,2,34,11,25,2,116,116,0,0,0,1,14,19,61,102,5,5,5,4,8,27,8,5,4,7,21,17,6,13
28,121,39,1,4,4,7,4,41,98,45,67,34,0,0,1,9,14,121,121,28,2,4,19,121,44,53,27,0,0,1,82,54,121,24,3,4,5,6,63,14,25,28,21,34,37,12,19,71,18,90,72,1,3,2,35,32,14,49,121,9,0,2,46,76,30,0,0,1,15,38,121,45,56,3,1,8,51,51,19,101,34,7,12,2,3,19,58,14,3,4,67,75,14,16,29,42,62,0,0,1,5,17,14,59,121,15,6,0,1,3,4,16,30,34,66,15,8,9,17,37,11,5,36,26,7,11,32
24,16,51,25,38,14,15,15,13,6,16,34,74,41,104,32,43,19,106,101,39,21,27,25,11,38,92,94,29,8,8,16,24,2,2,7,33,87,93,46,74,48,85,36,44,30,29,27,58,34,75,60,23,4,26,48,6,8,21,106,73,8,37,29,56,47,3,2,21,47,47,60,106,94,13,10,10,15,24,32,20,8,14,41,38,42,58,24,24,52,44,28,8,1,9,18,105,32,13,2,15,14,25,106,66,35,11,28,31,7,33,106,25,23,45,33,26,13,21,25,37,19,17,9,4,4,17,28
123,25,2,1,3,5,3,93,18,13,9,47,60,41,8,17,24,56,13,41,42,10,12,18,7,6,8,123,123,4,0,8,123,45,1,2,1,1,1,46,47,19,9,48,70,30,3,14,75,47,9,26,53,6,1,16,5,9,6,103,123,8,0,0,123,93,1,4,1,0,0,24,44,23,15,59,34,10,2,10,88,31,11,34,15,3,2,18,15,7,6,123,123,10,1,6,113,50,0,1,1,2,11,33,15,14,4,16,24,30,26,20,16,2,1,8,25,43,38,55,9,1,0,16,123,36,18,37
90,1,0,2,12,7,6,118,24,4,0,14,66,14,6,25,39,14,3,21,54,11,5,23,2,0,0,51,118,28,2,9,118,2,0,2,5,10,9,118,50,4,2,12,46,69,16,48,53,21,4,19,51,23,15,69,1,1,1,85,118,33,1,1,118,7,12,73,19,3,7,118,108,21,31,32,16,21,8,65,62,55,18,25,12,21,34,26,3,4,9,104,102,62,16,2,53,11,49,118,2,0,0,18,76,11,20,19,5,11,16,87,11,7,44,6,4,19,32,19,0,0,59,30,13,29,11,0
18,28,13,120,120,0,0,0,120,120,21,45,25,7,11,25,27,57,38,51,32,17,19,25,34,80,40,14,48,20,9,17,10,6,4,98,120,0,0,0,120,53,18,46,27,5,10,24,27,18,30,82,6,11,45,69,8,11,6,39,54,79,120,55,2,1,0,41,108,0,0,0,120,12,5,25,43,0,0,29,47,4,13,82,25,6,2,16,0,2,8,120,51,23,20,0,0,0,0,17,68,2,1,0,89,0,0,18,53,0,0,26,52,0,0,0,28,16,1,21,12,40,5,12,42,17,0,0
0,0,0,0,10,117,71,1,27,21,0,0,66,128,48,7,51,105,29,2,13,12,2,1,7,30,20,4,32,25,13,3,15,1,0,0,85,128,85,14,128,24,0,0,3,48,78,61,94,33,0,0,6,53,46,13,7,5,1,2,33,49,56,8,23,50,34,7,102,92,1,2,128,99,12,1,2,4,5,27,45,11,17,10,11,44,18,21,0,2,23,44,14,17,40,6,0,58,65,10,18,45,23,0,19,55,14,0,0,24,120,60,19,14,9,2,0,2,40,117,1,3,11,26,34,63,14,13
58,31,10,5,0,0,17,74,77,37,21,4,5,8,31,66,6,11,23,24,87,31,27,6,59,33,12,5,16,12,6,12,31,42,111,40,7,0,2,18,35,13,16,19,45,50,111,57,111,34,7,2,12,33,94,51,29,38,20,6,69,78,13,6,17,15,55,24,36,34,16,11,10,32,71,68,111,31,6,2,98,46,36,12,30,66,68,36,54,19,14,2,28,83,102,44,24,13,2,6,12,42,28,8,30,53,42,11,39,54,20,3,4,4,17,16,111,111,18,10,83,5,0,3,18,24,25,111
30,4,29,28,4,5,10,28,30,11,17,10,30,17,39,45,0,5,20,27,109,57,15,1,13,54,52,22,18,18,3,1,27,2,17,39,48,13,54,82,6,1,9,31,80,55,109,34,96,51,37,15,21,20,55,42,24,70,107,38,16,1,1,2,36,23,16,1,10,10,109,109,82,37,104,54,30,10,18,55,105,54,104,40,7,2,11,29,33,10,5,10,27,24,71,36,28,109,109,15,5,0,3,13,94,28,42,20,19,4,35,86,11,5,29,48,29,7,40,64,4,6,53,31,17,6,26,9
111,13,0,0,18,41,25,99,95,60,22,5,9,11,6,93,7,12,23,20,48,52,18,18,9,11,4,46,95,12,18,20,124,41,5,21,41,4,0,49,124,54,4,8,8,5,2,80,29,30,16,77,60,25,4,10,30,61,14,44,62,3,1,8,114,28,24,124,35,0,0,38,124,49,1,3,6,4,2,63,44,12,8,36,61,26,3,16,71,18,5,35,42,2,0,11,56,35,1,64,102,19,1,6,124,104,2,3,1,0,3,14,22,19,11,42,19,13,6,6,30,9,4,13,13,12,16,35
3,0,0,0,11,118,80,14,22,7,1,0,5,30,38,85,20,2,1,6,6,0,13,51,5,0,0,26,51,4,6,11,118,33,0,0,25,118,68,47,118,117,52,3,0,2,13,56,8,26,77,42,9,10,20,48,3,11,13,25,57,12,16,16,118,118,4,7,24,14,0,5,118,97,10,5,7,13,5,33,18,11,17,27,36,93,28,23,12,13,9,14,81,48,15,34,118,100,5,14,15,0,0,2,75,95,6,8,22,22,2,3,12,29,25,28,46,26,3,3,7,26,21,23,105,28,1,5
36,48,50,7,6,4,8,25,17,16,52,27,62,13,7,5,54,47,17,4,25,22,8,13,40,24,8,12,98,35,3,0,39,11,11,8,21,30,78,54,83,38,13,5,30,33,62,31,24,35,21,7,85,113,26,7,87,95,7,1,26,70,27,4,12,25,48,43,78,24,10,3,90,30,21,8,30,75,81,43,63,60,43,6,50,74,62,46,46,113,42,2,6,4,1,6,22,30,23,7,33,54,22,2,11,3,11,19,113,106,22,26,113,21,2,5,9,9,18,113,111,30,1,0,0,0,0,39
1,1,59,107,91,12,18,16,113,30,33,30,1,3,13,93,61,13,1,6,27,64,28,59,27,11,2,5,7,36,26,51,0,0,73,113,61,29,1,1,65,113,66,93,28,20,3,15,31,69,36,102,61,20,8,16,23,67,46,42,11,16,12,26,4,4,1,12,113,81,4,4,113,49,5,11,41,49,10,57,41,26,14,46,53,34,8,31,27,35,24,20,13,29,21,38,7,6,1,69,113,4,0,1,105,47,4,27,28,2,1,38,19,8,5,52,48,31,4,17,5,1,8,7,11,72,33,16
0,0,0,0,87,109,15,2,94,40,4,4,87,79,8,6,109,43,2,1,3,4,20,33,6,5,1,5,12,35,20,24,3,1,1,4,77,73,101,41,109,109,15,10,46,18,18,37,55,80,8,30,52,14,9,15,18,28,15,35,17,16,8,13,10,5,82,109,73,11,18,31,109,48,23,29,7,17,15,101,56,18,1,8,32,71,42,72,25,15,7,14,10,56,39,39,6,7,45,100,50,39,2,3,53,99,40,62,30,12,3,9,22,53,37,61,39,15,9,21,10,28,32,52,16,25,15,14
28,40,17,35,19,4,0,9,8,10,13,120,114,17,2,4,24,29,93,46,15,6,9,10,120,49,34,0,0,0,0,45,23,5,9,11,30,22,5,36,22,2,2,14,120,97,11,23,120,32,32,3,25,17,7,40,110,103,27,0,0,0,0,3,6,12,48,36,18,4,0,2,18,12,16,77,120,15,0,2,120,86,8,14,28,1,0,10,120,61,0,0,0,0,0,2,3,1,3,6,32,30,3,10,12,2,1,10,120,82,0,10,120,26,1,2,17,11,1,71,99,23,0,0,0,0,0,27
0,0,0,27,99,23,0,0,17,11,1,72,120,26,1,2,120,82,0,10,12,2,1,10,32,30,3,10,3,1,3,6,0,0,0,2,120,61,0,0,28,1,0,11,120,86,8,14,120,15,0,2,18,12,16,78,18,4,0,2,6,12,48,36,0,0,0,3,111,103,27,0,25,17,7,40,120,32,32,3,120,97,11,23,22,2,2,14,30,22,5,36,23,5,9,11,0,0,0,45,120,49,34,0,14,6,9,10,24,29,93,46,114,17,2,4,8,10,13,120,19,4,0,9,28,40,17,35
39,22,2,1,8,23,52,130,82,16,0,0,0,0,29,142,38,1,0,1,1,0,0,17,0,0,0,11,46,0,0,0,26,7,11,46,27,8,73,116,142,15,3,1,0,0,35,142,130,2,0,0,0,0,0,20,0,0,0,21,24,0,0,0,32,49,108,75,9,2,2,3,142,142,42,10,0,0,0,7,133,25,0,0,0,0,0,0,0,0,1,7,0,0,0,0,67,93,40,8,0,0,0,0,55,142,29,3,0,0,0,0,24,28,0,0,0,0,0,0,0,0,0,0,0,0,0,0
0,0,0,11,43,14,7,0,91,29,0,3,13,5,3,20,134,32,0,0,0,0,0,16,5,1,0,0,67,40,0,0,11,0,1,7,10,58,98,29,134,62,0,1,3,3,16,49,121,44,0,0,1,2,1,8,1,0,0,10,134,30,0,0,27,13,31,98,19,12,15,20,134,72,6,11,1,0,2,63,90,9,0,0,3,12,5,31,0,0,0,2,97,134,9,2,15,36,15,51,19,2,0,0,93,134,9,6,0,0,0,1,20,19,2,2,38,22,6,8,1,5,3,3,134,134,4,0
0,0,0,4,12,105,51,0,23,4,0,6,16,59,84,39,136,46,0,1,1,0,5,38,75,10,0,0,3,2,1,9,0,0,66,47,19,100,33,0,62,11,35,102,11,33,52,81,136,35,3,4,0,0,2,136,70,3,0,0,3,8,5,44,0,0,75,105,16,1,0,0,35,64,54,136,19,0,0,2,136,136,16,9,0,0,0,12,41,21,1,3,19,11,8,15,0,0,0,20,32,27,5,0,53,25,4,24,21,14,2,1,136,59,1,1,0,0,0,0,23,22,2,5,26,7,2,2
31,6,4,0,0,8,9,31,19,0,1,0,6,59,23,15,157,1,0,0,0,7,5,34,82,0,0,0,0,0,0,5,17,2,2,0,0,35,88,35,42,7,22,10,4,98,94,40,157,17,4,1,0,4,15,84,97,12,0,0,0,0,0,4,13,136,49,0,0,8,47,19,32,81,155,48,4,15,10,7,157,131,34,9,0,0,1,20,74,18,0,0,0,0,0,4,6,69,31,0,0,0,1,2,21,18,14,11,4,10,6,10,157,27,3,2,0,1,1,49,51,3,0,0,0,0,0,16
1,0,23,85,22,16,18,52,79,14,0,7,9,1,6,126,40,80,22,2,0,0,0,5,0,11,30,59,11,0,0,0,6,0,15,85,126,33,2,4,126,40,1,12,55,24,5,42,114,67,7,2,0,0,3,15,0,4,14,26,3,0,0,1,4,5,37,126,126,8,1,0,126,67,110,82,28,6,8,40,70,6,5,12,1,1,48,126,10,1,1,6,5,3,6,35,0,2,30,40,5,1,0,0,1,13,112,78,1,0,1,1,24,27,67,89,2,0,8,42,26,79,38,0,1,1,2,29
0,4,4,4,14,7,0,0,56,25,3,6,11,1,0,2,181,66,0,0,0,0,0,4,50,11,0,0,0,0,0,0,0,2,3,1,10,11,10,4,87,5,4,2,13,7,3,12,181,10,0,0,0,0,0,11,59,1,0,0,0,0,0,3,0,1,20,5,1,2,131,71,114,3,2,2,14,15,80,64,181,25,0,0,0,0,1,17,48,3,0,0,0,0,0,1,0,0,118,61,0,0,26,16,109,59,76,48,0,0,37,54,181,92,4,0,0,0,0,20,22,6,0,0,0,0,0,0
0,1,6,16,6,0,0,0,145,4,8,4,1,0,0,6,196,0,0,0,0,0,0,21,37,0,0,0,0,0,0,1,0,1,9,12,7,2,0,0,135,7,11,6,3,5,1,8,196,9,0,0,0,0,0,32,57,0,0,0,0,0,0,3,1,6,17,17,6,0,0,0,121,19,5,20,9,3,0,8,196,22,0,0,0,0,0,68,59,0,0,0,0,0,0,13,1,8,4,5,18,2,0,0,36,8,3,7,12,1,0,15,196,1,0,0,0,0,0,156,76,0,0,0,0,0,1,43
0,0,3,5,29,81,119,0,63,11,0,0,21,59,119,69,44,4,0,0,0,0,97,119,0,0,0,0,0,0,119,60,3,2,7,10,119,22,1,1,119,37,0,0,69,12,0,5,73,20,0,2,14,13,13,13,0,0,0,0,13,43,89,7,4,0,1,18,119,10,0,1,119,2,0,4,70,4,0,37,70,2,0,5,50,5,0,20,0,0,0,2,117,77,12,1,1,1,2,43,100,0,0,0,119,15,9,26,65,0,0,28,57,3,0,1,28,4,5,25,0,0,0,32,119,28,2,0
11,0,0,2,6,11,36,53,18,0,0,0,9,13,116,107,136,8,0,0,0,0,40,143,28,2,0,0,0,0,0,22,19,0,0,1,5,17,55,114,76,9,0,0,11,57,58,42,143,24,0,0,0,1,3,84,66,7,0,0,0,0,0,9,37,13,0,0,0,2,16,34,100,93,6,0,0,8,20,25,143,84,0,0,0,0,0,46,81,5,0,0,0,0,0,17,17,19,21,5,1,1,4,3,94,10,7,13,3,5,19,81,143,5,0,0,0,0,0,134,86,0,0,0,0,0,0,36
2,4,4,13,31,23,20,10,34,53,26,4,2,5,5,50,25,86,60,6,0,0,1,21,11,134,40,6,48,14,0,0,0,0,0,1,2,12,75,34,45,4,0,0,0,12,50,110,134,57,0,0,0,1,3,86,48,47,0,0,111,92,5,9,4,0,0,38,9,3,22,9,111,61,0,0,0,0,13,31,134,54,0,0,0,5,35,64,21,0,0,0,108,132,40,22,2,0,0,134,63,1,0,4,53,9,4,26,3,0,3,104,41,9,1,0,0,2,74,101,7,9,10,26,31,52,45,6
0,0,0,0,0,5,10,1,0,0,0,0,2,71,32,2,4,0,0,0,0,24,71,57,1,0,0,0,0,0,7,26,0,0,0,0,0,45,136,13,12,1,0,0,34,136,102,21,136,4,0,0,4,70,83,136,18,0,0,0,0,0,39,89,2,0,0,1,41,130,99,6,48,28,5,19,71,134,63,17,136,88,4,6,11,12,5,22,25,3,0,1,4,2,17,28,3,3,38,55,61,27,2,2,49,59,53,21,7,6,3,6,136,92,2,0,0,0,0,0,7,3,4,4,1,0,0,0
0,0,0,66,78,26,8,0,13,8,10,28,31,53,26,19,121,69,8,4,1,2,6,57,28,107,8,0,0,0,0,3,0,0,0,128,65,0,0,0,32,9,11,131,92,9,19,40,131,123,10,11,2,1,7,60,46,113,9,0,0,0,0,1,2,9,11,34,7,1,2,5,14,24,101,131,27,0,0,4,131,124,99,49,1,0,0,15,74,18,0,0,0,0,0,3,0,30,71,0,0,0,0,0,0,35,92,15,0,0,0,0,9,55,77,8,0,0,0,0,8,17,1,0,0,0,0,0
75,48,0,0,63,102,1,0,103,43,0,0,51,59,0,5,118,30,27,49,0,0,0,68,13,1,64,118,9,0,1,16,21,19,1,21,111,87,2,0,118,66,1,2,17,18,3,10,90,23,1,1,0,9,38,109,15,0,1,46,15,6,78,109,17,10,7,67,118,3,0,0,83,12,10,19,18,7,26,37,7,0,0,1,12,71,118,30,4,0,0,0,1,15,118,118,4,1,6,55,41,11,8,0,2,5,20,33,25,42,5,1,0,0,1,3,37,63,7,0,3,0,0,0,5,14,20,41
109,22,6,89,78,0,0,26,163,40,4,1,0,0,10,96,85,36,62,75,11,9,16,8,0,0,13,33,4,4,10,0,66,4,5,122,144,0,0,8,163,46,1,6,4,0,3,28,130,20,3,9,14,42,20,13,0,0,0,4,5,6,0,0,34,15,8,52,154,20,4,1,163,46,5,10,13,9,17,40,45,1,0,0,4,48,63,22,0,0,0,0,0,1,0,0,25,16,25,19,13,14,8,9,105,26,14,8,2,3,6,46,8,0,0,1,3,5,4,19,0,0,0,0,0,0,0,0
14,2,6,7,2,0,9,73,26,5,24,13,2,1,4,40,14,26,34,4,0,0,2,3,21,16,3,4,4,0,0,0,71,3,3,11,19,1,3,136,136,26,14,4,6,0,0,37,25,17,44,39,3,0,0,0,7,6,11,9,5,2,0,1,136,7,3,2,2,0,1,136,136,21,1,1,1,0,0,72,47,3,7,33,8,3,3,23,0,1,14,16,38,99,5,0,96,11,136,136,1,0,0,136,136,2,2,15,0,0,0,136,38,0,0,1,6,7,9,48,0,2,13,44,99,54,3,0
13,8,3,6,4,10,19,12,20,0,0,7,7,5,26,109,17,12,7,21,46,10,7,43,16,15,5,4,60,119,3,2,6,51,27,36,17,1,0,2,28,1,3,59,60,2,3,58,128,16,2,4,63,12,3,55,11,3,1,6,128,93,5,6,1,14,33,88,30,3,0,0,47,4,0,51,128,1,0,2,128,22,0,24,76,2,0,18,5,1,0,105,128,20,2,2,0,0,11,89,15,6,86,24,15,0,1,101,93,30,28,6,73,1,0,10,26,17,29,88,2,0,0,39,128,49,12,14
26,1,0,22,16,0,0,1,175,8,0,1,1,0,0,28,154,2,0,0,0,0,0,12,4,1,0,0,0,0,0,0,28,7,0,13,24,3,0,0,175,48,0,2,1,0,0,7,175,12,0,0,0,0,0,8,5,0,0,0,0,0,0,7,30,3,0,1,4,9,17,6,175,35,0,0,0,0,0,39,163,14,0,0,0,0,0,16,3,0,0,0,0,0,3,5,34,92,4,0,0,5,13,5,175,175,0,0,0,0,0,2,59,43,0,0,0,1,0,0,0,0,0,0,0,0,1,0
5,45,34,11,3,0,0,1,7,6,8,36,55,2,0,12,76,15,1,3,23,5,2,40,13,6,2,1,103,80,2,2,1,7,40,92,11,1,5,8,14,4,0,60,113,7,0,0,122,34,0,9,60,4,0,8,11,4,0,41,122,34,2,2,0,0,1,34,10,6,122,87,7,1,0,65,95,52,103,20,69,2,0,8,31,26,40,86,4,0,0,28,122,69,12,15,0,0,33,69,9,7,108,32,0,0,17,35,7,37,122,32,0,0,1,2,2,21,96,122,0,0,0,0,39,97,31,18
40,118,22,4,0,0,0,4,3,42,51,118,14,0,0,0,3,13,118,94,4,0,4,34,19,5,62,39,0,0,32,118,118,75,6,5,5,1,0,9,37,27,21,61,94,16,0,2,99,50,110,44,10,3,0,22,16,9,118,118,0,0,0,14,118,97,2,1,17,17,0,1,49,13,0,1,100,77,0,1,118,25,1,0,5,4,0,46,29,1,17,42,3,1,14,78,28,62,2,7,21,14,6,2,31,4,1,29,61,17,0,4,57,9,0,1,1,11,15,23,3,0,0,0,1,21,65,36
1,0,0,1,95,121,0,1,127,25,0,0,23,22,2,14,97,54,2,5,18,10,0,0,0,1,1,29,84,15,0,0,16,0,0,17,127,107,4,5,127,44,0,0,10,29,9,22,97,24,0,0,13,100,21,8,0,0,0,11,21,56,25,2,42,5,0,2,127,127,2,8,127,17,0,0,2,12,21,92,24,10,20,0,1,79,76,29,0,3,38,3,0,25,63,0,47,35,0,0,44,69,0,2,99,86,0,0,0,0,4,24,23,62,43,0,0,7,26,15,0,8,77,8,0,16,48,1
6,0,0,32,50,11,50,90,62,5,2,1,0,4,24,119,8,2,3,27,80,90,23,28,44,0,0,11,71,34,1,22,20,8,3,119,117,0,0,8,119,64,10,15,3,2,5,55,26,18,21,75,81,41,11,14,62,1,0,30,97,14,0,7,7,3,2,119,119,0,0,0,105,14,3,29,28,3,33,107,12,2,2,9,63,72,95,45,29,0,0,2,103,31,5,25,0,0,0,67,119,1,0,0,4,3,9,47,70,3,13,30,1,1,2,1,9,21,56,15,16,19,1,0,23,23,9,4
2,0,8,15,42,66,41,19,42,2,0,0,0,7,42,87,28,3,1,2,0,0,4,60,9,0,4,11,3,1,0,14,25,4,1,22,154,112,22,32,154,17,2,2,6,10,15,105,81,9,4,11,7,2,0,14,37,2,1,5,5,2,1,11,36,19,4,49,154,3,0,3,154,58,2,2,7,2,0,14,84,36,2,1,9,11,0,4,33,34,9,16,1,0,0,0,22,4,7,154,154,0,0,3,154,30,7,27,6,0,0,11,63,80,3,0,0,0,0,0,9,31,5,10,10,0,0,0
151,2,0,13,12,0,5,121,39,39,18,41,25,7,27,35,17,26,5,44,38,25,48,5,0,0,0,27,15,5,4,0,151,13,3,29,12,0,11,150,151,28,28,14,3,8,39,110,15,12,79,84,9,24,40,2,0,0,4,6,1,4,4,0,146,7,7,77,38,0,0,41,151,23,5,2,1,4,2,44,44,6,15,26,24,25,4,8,0,0,0,1,0,0,0,0,68,5,3,63,78,2,0,9,151,8,0,2,3,14,19,63,13,0,0,0,3,37,29,10,0,0,0,0,0,0,0,0
4,0,1,24,129,24,0,1,91,4,0,0,55,12,4,83,57,21,3,0,0,25,26,69,4,46,40,0,0,19,8,0,12,0,0,0,129,123,1,3,129,30,0,0,43,16,2,20,117,42,0,0,0,1,44,47,13,24,6,0,0,76,90,12,13,1,0,0,129,128,5,4,82,4,0,0,15,9,29,45,12,0,0,0,0,5,129,63,0,0,0,1,21,118,94,13,4,25,35,0,43,57,40,14,8,18,98,2,2,5,17,15,1,3,66,26,3,8,36,16,14,50,43,39,30,32,23,8
21,12,6,22,127,6,1,9,127,68,3,4,65,3,1,42,53,44,21,68,48,10,15,31,9,3,15,127,63,4,1,3,39,5,0,2,127,37,12,61,127,126,6,3,61,9,1,36,46,47,27,24,11,12,15,23,1,7,22,95,15,13,2,0,68,3,1,0,43,72,18,55,127,33,1,0,16,21,6,75,42,9,4,7,10,79,31,28,39,14,0,1,4,47,14,7,37,4,11,30,21,19,6,11,127,16,0,2,4,16,10,62,28,2,0,0,5,115,25,18,111,3,0,0,0,17,9,12
74,7,0,0,0,3,21,61,37,9,2,4,125,46,7,46,125,85,3,2,77,15,0,25,63,31,11,17,16,7,17,33,79,1,0,1,22,36,34,69,104,6,0,0,89,108,18,68,125,113,6,2,28,20,4,39,32,34,19,20,11,21,12,12,35,19,48,15,28,15,5,17,103,15,5,17,21,77,23,29,125,61,0,0,2,19,9,42,24,3,0,0,3,87,42,15,5,14,65,36,14,3,0,2,71,4,9,46,61,11,0,16,125,6,0,0,1,31,28,82,33,3,0,0,0,79,32,11
80,0,0,0,28,54,16,53,126,54,1,0,38,45,4,25,93,64,17,12,6,11,11,22,1,2,5,17,11,28,8,1,45,7,13,22,16,44,19,21,126,68,0,1,5,25,6,27,83,21,0,0,3,80,42,27,41,10,0,0,1,62,39,9,28,5,16,59,69,14,0,4,126,8,1,5,11,12,20,92,36,3,0,0,0,126,63,34,126,22,0,0,0,22,16,11,3,0,126,126,18,4,0,1,30,2,72,126,2,4,23,53,59,5,3,18,0,21,44,37,126,27,0,0,0,0,1,2
48,3,0,1,3,6,112,89,4,0,0,3,8,48,130,31,74,11,18,28,13,15,56,82,20,69,95,22,2,2,7,9,36,13,3,8,19,8,28,68,36,1,1,7,15,55,76,20,130,51,2,1,3,8,13,43,58,40,15,7,15,13,13,17,36,75,23,61,54,3,4,4,72,28,10,61,63,21,25,7,130,22,0,0,0,1,49,115,35,1,0,0,6,24,96,95,104,44,10,70,44,1,0,1,15,29,71,125,52,0,0,0,35,18,14,10,11,4,13,20,83,1,0,0,1,3,17,46
0,0,0,33,108,88,11,0,17,3,2,33,109,75,28,10,140,25,0,0,1,9,16,58,54,7,0,1,23,29,5,17,0,0,14,72,74,20,4,0,44,4,1,140,140,12,3,19,140,34,2,10,17,9,9,75,50,15,4,4,9,34,26,27,0,0,1,27,48,1,0,0,18,16,15,140,140,0,0,1,140,85,24,64,14,2,2,23,36,39,18,15,3,7,13,18,0,0,0,7,9,0,1,3,0,1,4,112,33,0,0,0,59,16,14,73,10,0,1,16,27,7,14,12,1,3,11,16
12,15,21,22,10,21,14,9,4,0,6,13,57,44,10,15,85,0,0,0,17,18,7,59,31,0,0,0,0,0,0,8,7,10,26,11,37,34,17,12,21,3,5,5,135,137,20,26,137,7,0,0,19,51,18,88,70,7,0,0,0,0,0,6,3,26,25,10,81,79,0,0,43,18,7,11,137,137,1,2,137,56,1,2,17,8,1,15,66,11,0,0,0,0,3,13,2,7,5,7,137,85,4,1,24,36,54,17,64,43,3,2,137,137,27,0,1,0,0,9,17,22,52,1,0,0,4,15
53,11,5,36,32,11,6,24,91,17,4,0,0,8,58,87,49,68,18,5,6,17,66,33,16,39,61,31,14,7,4,5,24,8,19,25,39,80,18,24,120,107,23,2,2,10,14,66,69,120,37,4,16,14,18,13,16,15,12,12,28,21,38,16,26,30,120,49,17,8,4,37,120,46,60,25,27,7,6,120,77,13,22,20,40,19,13,103,42,37,35,15,8,6,14,12,21,5,19,32,11,8,24,120,63,11,8,11,63,29,22,78,120,15,18,7,1,0,4,120,14,11,28,21,21,3,8,23
74,14,26,53,19,16,5,44,123,116,35,38,16,21,4,20,41,63,48,9,11,27,17,22,9,21,17,23,16,22,12,19,65,30,18,68,45,26,11,53,123,106,15,11,12,28,5,33,56,55,35,63,21,16,7,15,10,36,34,32,25,17,5,11,9,22,19,93,97,45,13,5,123,33,6,2,4,20,19,114,74,13,5,13,41,36,7,46,14,10,2,6,66,60,7,21,6,0,1,95,123,32,5,6,123,10,0,18,26,11,10,78,75,12,2,3,16,36,18,35,20,10,0,8,106,36,3,14
0,0,1,75,39,12,3,4,134,14,6,20,6,3,7,112,169,30,14,4,1,1,0,64,2,21,51,9,6,12,0,0,0,0,4,128,25,13,3,0,169,35,26,63,11,3,0,3,169,101,53,3,0,0,0,15,26,88,169,6,0,0,0,1,0,0,0,5,11,31,7,0,105,7,1,8,12,14,0,3,169,14,2,0,0,0,0,50,92,19,20,0,0,0,0,11,0,0,0,0,0,0,0,0,3,0,0,0,0,0,0,0,29,0,0,0,0,0,0,1,11,0,0,0,0,0,0,0
49,55,3,0,0,17,65,44,84,86,46,15,9,7,20,14,16,25,41,32,40,11,19,14,4,4,11,85,119,11,11,13,121,102,13,1,4,2,7,75,41,57,14,12,48,33,45,24,50,34,30,10,24,18,39,20,8,25,60,99,47,1,2,2,116,21,34,18,33,5,18,121,82,17,52,24,30,8,12,121,65,48,71,22,11,3,10,16,15,7,7,23,59,10,29,18,43,12,6,13,58,17,30,66,121,15,8,2,2,1,30,121,12,3,13,28,35,6,42,106,16,0,1,23,25,6,17,25
10,71,122,13,12,13,5,5,61,96,53,2,2,2,6,21,10,23,70,11,23,17,14,8,1,21,24,6,17,26,20,1,47,33,37,11,16,14,16,31,30,10,26,19,43,21,45,32,68,23,11,3,10,16,63,51,12,28,44,7,30,90,10,3,40,13,6,6,23,15,83,101,17,12,48,33,43,27,39,59,55,26,28,8,8,122,98,18,9,3,1,2,28,122,122,15,6,0,0,12,55,50,55,59,19,2,4,3,5,70,122,97,30,19,40,8,15,122,112,17,6,9,48,17,23,60,58,17
46,3,1,13,9,7,11,115,162,12,4,1,0,0,1,123,9,12,23,6,7,19,3,3,17,128,16,0,4,10,0,0,78,19,20,75,11,2,0,5,162,82,36,4,0,0,0,16,45,104,162,11,1,1,0,1,3,162,101,0,0,0,0,0,42,4,3,16,15,17,0,0,162,19,4,0,0,0,0,46,153,36,44,0,0,0,0,20,1,17,19,0,0,0,0,0,2,0,0,0,0,0,0,0,44,0,0,0,0,0,0,3,26,0,0,0,0,0,0,2,0,0,0,0,0,0,0,0
2,0,0,1,64,72,1,2,32,25,7,19,68,122,19,4,38,47,50,43,33,12,6,4,17,22,44,33,22,6,11,17,2,2,1,8,122,40,0,0,74,93,9,9,98,32,3,6,44,39,7,14,46,33,10,14,23,18,31,23,20,27,40,22,3,0,0,2,122,122,18,12,100,7,0,1,40,71,34,122,14,3,9,11,39,91,23,22,2,0,6,19,18,60,87,9,6,4,1,14,122,70,8,10,117,24,2,5,31,23,23,121,25,7,14,9,10,15,65,51,0,1,9,23,84,66,33,2
0,1,15,53,33,20,8,0,38,17,29,28,33,19,4,9,164,24,2,0,2,0,0,12,43,1,1,142,164,0,0,0,0,0,13,10,17,73,53,0,55,5,8,22,37,74,23,36,164,14,1,1,0,1,4,67,58,4,2,104,70,10,0,1,0,0,36,47,22,6,2,0,48,29,33,81,21,5,1,4,164,85,9,4,2,2,0,11,49,6,0,1,72,57,0,0,0,0,5,27,25,13,22,2,50,5,5,24,23,17,11,6,164,17,0,1,6,8,3,17,20,3,0,0,70,51,1,2
23,6,8,6,14,31,35,33,28,21,5,2,20,37,52,79,97,80,4,0,1,0,0,63,37,15,0,1,2,0,0,4,2,5,17,26,132,43,9,2,33,6,4,19,60,24,44,132,132,13,0,0,0,0,6,132,80,4,0,0,4,0,0,11,14,14,8,12,58,109,19,3,38,77,106,56,23,3,2,8,132,132,21,1,0,0,0,13,69,22,0,1,1,0,0,0,35,98,8,2,16,22,4,1,22,132,70,3,0,0,0,0,39,132,23,0,0,0,0,0,11,15,0,0,0,0,0,0
5,11,35,92,46,3,0,0,33,104,33,14,5,1,0,2,13,53,38,6,2,0,2,1,7,11,13,58,103,24,5,2,11,9,9,118,91,0,0,0,88,81,28,21,9,0,0,3,13,67,86,13,8,0,0,0,13,19,20,104,124,36,1,2,2,2,13,73,89,11,1,1,95,28,16,22,40,9,2,48,58,27,19,8,5,0,0,39,6,31,35,124,74,0,0,3,0,3,124,95,25,3,0,0,19,40,124,45,11,2,0,6,18,35,124,6,0,0,0,13,3,73,106,11,2,0,0,2
0,0,3,7,1,1,96,37,0,0,0,1,0,0,73,109,3,0,0,0,0,0,6,52,0,0,0,0,0,4,0,0,0,0,7,48,20,6,12,4,21,2,0,14,30,7,30,101,108,7,0,0,0,1,4,129,9,0,0,0,42,129,7,5,0,0,1,11,17,64,74,2,81,25,0,4,28,38,51,29,129,68,0,0,8,6,0,14,9,2,0,36,129,129,1,0,0,0,21,83,15,21,19,0,128,62,16,44,6,8,17,23,129,32,0,0,18,44,3,12,6,4,0,39,129,129,21,2
1,24,75,7,0,1,37,8,62,26,11,0,0,0,21,18,143,3,0,0,0,0,1,34,46,3,0,0,0,0,0,2,3,18,35,1,0,1,143,56,42,9,24,3,0,0,143,106,143,16,1,0,0,0,16,143,74,2,0,0,0,0,0,10,4,73,143,16,0,0,9,7,47,64,143,47,1,0,17,16,143,124,14,0,0,0,1,24,54,4,0,0,0,0,0,2,11,14,19,6,2,7,18,35,20,9,21,19,13,39,23,20,101,15,2,0,0,2,6,57,5,0,0,0,0,0,0,0
20,53,27,117,59,1,0,0,137,15,9,132,74,0,0,35,149,31,8,4,0,0,2,72,34,16,30,44,5,6,5,2,52,15,1,42,82,5,4,48,94,9,4,134,149,3,0,4,149,18,1,6,4,3,14,47,42,2,0,3,3,13,27,16,37,0,0,2,21,22,37,104,40,24,18,39,107,32,16,5,149,35,9,6,4,4,16,53,8,0,0,0,0,6,21,14,12,10,30,8,0,3,37,50,42,22,18,3,2,9,15,22,30,9,6,0,1,19,29,35,1,0,0,0,0,0,4,8
122,73,7,15,31,24,20,44,27,8,2,20,129,95,9,4,129,41,0,0,22,9,0,8,32,5,2,7,3,0,0,2,27,2,0,3,17,49,113,126,47,8,0,0,93,129,54,23,129,23,0,0,6,8,1,72,33,2,0,0,2,3,3,15,1,0,0,8,30,42,33,11,79,101,3,0,7,47,25,7,129,129,9,0,0,1,0,16,39,20,3,2,2,0,0,7,3,0,7,58,57,12,0,1,129,20,0,3,8,4,1,35,120,39,5,0,0,0,0,25,19,11,2,0,1,0,0,8
3,0,0,0,0,14,90,4,0,0,0,0,0,28,116,6,0,0,0,0,4,88,122,1,2,1,1,0,0,38,122,4,10,3,10,7,2,32,122,35,92,6,3,14,7,22,122,83,12,4,13,122,41,72,58,4,39,27,24,32,7,13,57,31,16,23,100,122,15,2,10,11,122,95,46,10,1,0,1,21,33,16,47,108,10,0,0,2,17,84,122,44,5,0,1,6,0,4,52,107,53,3,0,0,12,38,39,9,7,11,13,4,21,14,6,0,0,1,18,19,16,16,15,0,0,1,11,31
7,0,2,10,52,117,35,27,41,8,7,1,2,16,23,51,6,18,40,8,26,25,7,5,0,4,14,8,98,85,1,0,53,17,2,1,117,117,13,36,117,29,3,3,9,10,11,76,16,9,3,6,84,117,25,8,17,59,15,10,55,87,7,0,46,111,17,7,92,45,1,7,94,91,14,5,33,71,39,22,40,34,0,0,60,117,47,6,69,82,3,8,29,25,4,3,46,14,1,1,16,20,22,54,17,15,2,1,31,117,44,22,49,97,0,0,12,39,4,1,25,25,0,7,10,8,2,2
17,5,0,39,81,1,0,1,105,53,25,16,17,3,1,19,27,9,24,55,104,24,4,28,117,0,0,1,11,5,2,117,20,7,2,39,107,0,0,3,117,76,11,21,26,3,2,33,17,18,23,117,117,21,3,15,117,16,29,57,17,3,1,114,28,6,3,48,94,4,5,21,117,38,4,17,37,1,2,67,28,13,25,116,21,6,5,19,49,42,74,77,3,1,0,6,9,0,0,3,39,21,26,65,117,19,1,3,22,12,5,60,33,8,5,5,11,41,9,23,28,9,2,3,5,14,4,10
22,10,3,3,4,8,20,92,14,5,4,29,121,67,6,8,111,37,11,48,68,21,1,4,11,11,22,84,41,1,0,3,121,29,3,13,24,12,18,121,43,6,2,26,121,121,20,36,121,8,0,8,60,31,5,38,11,3,17,49,55,8,2,6,121,65,5,24,48,14,21,54,47,15,2,17,121,103,22,17,121,29,0,1,22,11,1,16,12,1,5,12,11,1,0,1,9,0,0,10,48,19,37,52,32,20,0,0,29,80,42,19,121,34,1,0,3,5,0,33,9,2,1,3,5,2,1,4
0,0,1,26,43,10,1,0,30,20,2,68,91,27,0,0,63,78,72,32,10,1,0,4,76,4,29,49,35,5,2,72,5,2,1,18,21,0,1,4,49,7,1,76,122,0,0,10,122,60,19,30,47,9,5,65,25,8,17,108,122,27,7,51,16,2,1,4,6,2,32,33,42,12,6,110,122,0,1,15,122,64,11,43,35,1,3,82,20,14,51,122,33,3,4,18,26,0,0,3,13,8,27,58,26,3,1,34,82,13,37,78,122,22,2,17,49,7,4,73,37,11,10,14,12,20,6,23
1,7,8,5,11,19,4,0,7,3,9,9,15,20,24,12,1,1,9,14,12,16,7,0,1,0,1,5,10,25,8,0,6,0,0,0,42,111,5,3,138,57,27,9,18,50,17,31,30,28,138,97,3,1,0,1,8,1,63,113,37,2,0,0,15,1,0,0,75,128,7,9,138,40,4,0,15,29,5,81,123,18,62,35,8,2,4,13,3,1,29,99,138,7,1,0,35,27,3,5,75,74,1,1,138,104,0,0,3,7,2,13,67,8,0,1,4,16,43,19,0,0,0,13,94,64,13,0
3,1,0,4,22,0,5,9,24,11,1,26,128,6,0,1,128,82,9,10,18,4,1,22,13,14,10,69,122,37,3,10,64,8,3,10,11,1,12,50,48,16,4,66,128,3,1,13,128,79,8,14,24,1,2,62,18,13,17,128,57,4,4,14,39,0,0,1,7,9,39,120,42,10,0,11,128,41,21,68,128,76,5,4,21,5,3,50,20,15,12,27,14,20,5,10,14,3,5,15,45,15,18,49,46,2,1,1,15,53,27,69,128,2,0,0,3,16,9,82,19,0,0,0,4,70,21,20
0,0,0,0,0,0,0,0,5,1,0,0,0,0,0,0,16,5,15,7,0,0,0,11,20,2,3,2,7,42,11,27,14,11,0,0,0,0,0,0,128,32,0,0,0,0,6,17,58,17,20,17,3,10,37,18,7,1,5,20,72,44,10,10,62,32,0,0,0,0,57,35,102,24,0,0,0,0,128,128,101,3,0,0,0,15,107,100,33,2,0,3,88,128,9,9,11,2,4,17,8,13,128,57,66,4,1,0,0,0,128,128,128,1,0,0,0,58,46,128,14,2,0,0,22,128,20,5
21,15,1,0,1,1,30,96,45,45,3,0,0,0,9,93,32,33,1,3,1,1,15,47,7,3,1,6,13,23,10,5,60,14,43,59,9,2,26,101,134,33,1,0,0,0,11,101,62,48,0,0,0,39,69,34,5,7,0,0,9,134,56,2,23,10,134,134,0,0,0,2,112,12,35,97,0,7,38,61,16,12,0,2,0,69,132,18,11,47,10,0,0,48,41,1,0,0,59,134,0,0,0,0,2,0,46,134,8,0,4,3,14,7,3,76,14,2,6,10,34,22,3,0,0,0,3,32
133,27,0,0,10,31,13,27,110,39,6,5,5,28,21,24,12,10,8,24,13,37,18,5,24,51,24,14,4,3,5,6,133,15,0,6,8,8,13,47,86,6,0,0,0,99,79,43,133,20,0,0,0,31,35,25,31,16,4,3,19,5,1,1,67,2,60,91,11,2,22,66,92,4,3,10,0,40,86,61,133,32,0,1,2,4,5,11,30,8,5,6,15,10,1,4,0,0,109,133,0,0,2,2,85,27,92,133,0,0,8,12,133,33,13,4,0,0,0,7,21,12,23,9,2,0,0,4
0,0,0,0,14,132,24,0,23,6,0,0,5,129,85,25,30,76,7,1,4,20,5,5,1,26,18,14,13,2,0,0,11,2,5,49,52,132,94,5,132,35,3,5,1,71,65,54,99,45,0,0,0,16,45,22,1,4,1,9,14,8,41,21,9,6,90,132,42,17,3,0,132,47,132,76,1,4,6,39,42,5,11,13,24,53,54,44,46,2,0,2,6,9,40,65,3,1,28,36,2,1,0,0,3,6,103,72,0,0,0,1,3,2,71,94,6,5,2,3,38,12,44,23,3,4,1,10
13,0,0,20,45,24,15,28,56,0,0,0,17,40,26,110,111,64,1,1,40,43,8,12,76,67,9,5,4,4,3,9,10,7,27,22,112,32,1,5,55,9,17,14,9,28,32,41,129,40,0,0,1,21,18,24,79,12,1,1,2,41,40,21,0,11,121,60,27,5,0,0,33,4,37,89,61,2,1,4,129,13,3,6,8,9,25,78,40,3,0,0,0,60,69,29,0,27,129,74,0,0,0,0,4,0,129,129,15,0,0,1,25,2,61,129,2,2,22,40,77,11,3,12,0,6,29,24
0,0,0,0,74,153,56,20,0,4,1,0,43,153,0,0,0,1,1,0,0,0,0,0,0,0,0,0,0,0,0,0,6,0,0,0,94,153,45,17,94,34,10,0,14,99,14,28,15,24,31,4,0,0,0,0,0,0,1,1,0,0,0,0,17,12,8,48,153,67,3,5,153,50,8,5,5,6,2,25,91,32,48,13,0,0,0,4,0,7,56,9,0,0,0,0,2,36,15,45,153,2,0,0,46,152,38,4,1,0,0,0,89,71,28,0,0,0,0,1,20,20,57,2,1,0,0,3
0,0,7,28,9,68,48,0,19,3,2,21,20,89,64,6,153,46,0,0,2,14,20,29,65,15,1,3,2,1,0,1,0,0,20,68,25,80,36,0,64,9,4,40,65,106,13,7,153,51,0,1,5,6,1,22,70,12,0,1,4,0,0,2,1,3,12,22,12,129,79,0,68,66,10,3,4,74,21,11,153,35,2,0,0,1,1,69,70,3,0,0,4,0,1,39,2,6,21,23,32,65,4,4,41,36,23,2,2,7,5,43,117,20,8,0,1,1,12,129,49,0,0,0,1,0,15,141
10,0,0,0,0,14,121,100,29,7,9,7,7,73,121,39,27,54,68,13,6,13,95,72,26,31,19,5,0,0,48,120,28,5,4,7,9,18,64,36,121,59,7,1,0,6,34,50,65,85,54,3,2,9,14,30,18,30,27,23,3,2,12,36,32,32,28,95,46,5,7,3,121,27,8,6,1,1,20,121,79,5,0,0,0,11,56,121,63,18,6,3,10,10,15,43,18,13,21,109,52,2,0,1,49,18,12,25,24,0,0,22,72,10,2,3,0,0,11,88,27,1,0,1,3,9,46,94
119,119,3,0,0,1,8,79,54,44,42,4,0,8,25,45,43,23,64,38,23,1,4,33,48,2,4,31,27,2,11,119,119,48,0,0,0,0,5,82,119,93,9,2,1,3,16,61,31,32,18,23,26,38,30,25,25,3,3,43,47,58,55,29,84,46,7,17,9,2,3,49,119,21,1,1,1,7,56,119,23,35,34,10,23,72,71,34,0,20,47,77,42,42,31,3,30,9,10,15,21,34,8,20,119,90,5,1,2,5,11,61,45,94,22,4,6,8,16,12,2,11,28,30,39,12,6,1
0,0,3,15,5,9,4,0,72,20,2,5,2,4,1,5,46,8,0,22,36,10,0,0,0,0,0,83,147,45,0,0,1,0,1,12,9,7,13,1,85,24,1,4,2,3,2,6,29,6,0,0,55,48,1,1,1,3,1,1,147,147,1,0,3,3,67,12,1,7,23,5,60,20,32,2,0,4,8,21,9,3,1,1,131,115,5,6,12,14,24,13,147,147,0,1,0,0,52,10,2,18,0,0,1,9,33,4,2,88,42,0,0,9,8,7,86,147,38,0,0,41,133,32,97,41,0,0
64,33,17,0,0,0,2,49,134,13,3,0,0,1,19,134,70,0,0,0,4,0,11,134,7,0,0,11,49,1,0,6,22,104,134,17,2,0,0,5,64,36,45,67,46,14,18,62,134,19,3,5,5,3,8,134,39,0,0,3,65,5,0,11,39,44,32,17,1,0,6,19,33,49,50,134,27,1,0,3,134,134,21,20,4,0,0,13,32,9,0,4,50,6,0,2,16,37,28,8,3,4,5,6,33,18,6,18,40,27,2,7,134,30,2,3,7,5,1,19,15,2,0,4,42,11,1,2
44,3,3,59,126,52,9,28,126,7,4,11,9,5,4,66,12,12,14,64,47,5,1,2,24,6,7,98,57,1,1,37,22,9,11,126,126,4,0,1,126,42,13,42,19,2,1,25,36,18,12,31,21,14,12,9,5,6,6,87,124,15,8,4,4,1,0,19,126,57,1,2,126,25,2,8,55,18,11,57,21,13,11,8,12,35,28,21,3,8,5,30,109,51,16,5,2,1,9,58,126,60,5,5,73,26,22,17,18,20,19,69,13,19,17,9,6,30,40,24,0,4,10,33,64,67,9,0
4,12,10,13,51,18,5,5,81,17,2,16,98,35,7,50,146,30,0,0,0,0,1,68,13,1,0,0,0,0,0,1,13,2,0,8,84,15,9,21,61,6,1,29,146,33,14,87,146,15,0,2,8,4,5,146,35,0,0,0,0,0,0,6,34,13,3,14,38,11,9,20,46,78,38,101,146,11,1,4,146,146,15,11,6,0,0,10,33,6,0,0,0,0,0,0,21,4,9,14,3,2,2,21,44,40,30,35,11,2,1,6,146,66,5,0,0,0,0,3,9,1,0,0,0,0,0,0
14,9,7,0,0,14,78,33,146,22,2,0,0,0,8,39,146,11,0,0,0,0,0,1,4,0,0,0,0,0,0,0,146,27,0,0,1,25,40,39,146,81,0,0,0,0,1,35,131,46,0,0,0,0,0,4,2,1,0,0,0,0,0,0,142,47,3,0,1,2,0,43,146,76,0,0,0,0,0,99,136,16,0,0,0,0,0,23,1,0,0,0,0,0,0,0,29,146,29,0,0,0,0,5,67,146,16,0,0,0,0,4,41,42,0,0,0,0,0,1,1,0,0,0,0,0,0,0
50,0,0,0,2,1,11,124,34,1,1,1,0,0,3,60,13,5,30,8,1,3,17,23,0,2,53,15,2,2,4,11,29,11,64,33,1,0,12,121,124,19,8,6,8,2,3,116,34,1,0,17,51,17,28,46,34,0,0,1,4,4,8,52,8,33,124,84,0,0,0,1,96,84,103,31,8,0,0,4,45,13,11,47,99,0,0,5,71,23,13,3,7,0,1,16,0,5,124,88,0,0,0,0,0,11,124,76,1,0,0,0,4,28,124,96,22,0,0,0,11,108,124,3,1,0,0,0
23,32,47,32,6,1,0,0,157,87,2,6,1,0,0,0,145,70,0,0,0,0,0,0,5,5,0,0,0,0,0,0,39,28,20,38,91,46,2,8,157,28,1,7,20,16,1,35,157,31,0,0,0,0,0,2,3,1,0,0,0,0,0,0,25,21,16,123,125,18,0,4,157,63,19,34,20,6,0,31,157,7,0,0,0,0,4,17,0,0,0,0,0,0,2,4,7,12,20,67,23,6,4,1,100,89,36,26,2,0,8,16,47,6,0,0,0,0,70,63,0,0,0,0,0,0,28,50
0,0,0,1,138,112,0,0,12,21,11,1,59,23,3,40,8,11,22,2,0,0,51,116,3,5,7,0,0,0,78,60,10,1,0,0,138,138,35,18,82,51,21,3,12,14,9,29,17,36,89,15,2,0,4,10,9,22,87,7,0,0,12,21,85,110,2,0,67,138,74,52,138,89,1,0,1,2,11,48,44,9,4,7,18,3,0,13,14,3,10,3,1,6,25,24,21,138,33,4,26,25,0,0,36,123,21,5,0,0,0,0,12,8,3,21,6,0,0,2,1,1,2,8,11,7,6,3
29,51,38,4,0,20,121,36,18,16,31,30,3,29,100,0,75,101,71,51,3,23,19,0,1,25,129,117,4,3,0,0,7,108,88,28,16,3,1,0,52,16,29,101,72,0,0,0,129,77,22,24,4,0,0,17,16,21,112,61,4,1,1,4,4,43,16,11,10,13,11,0,28,21,24,129,59,1,0,1,129,18,5,29,10,0,0,59,55,16,13,10,3,4,3,20,27,27,1,1,1,1,3,26,15,12,5,58,80,4,1,11,129,27,3,24,27,0,0,6,77,16,6,3,0,0,0,10
5,21,31,2,3,8,1,2,11,7,6,3,28,75,11,6,50,32,42,17,9,21,15,13,0,3,60,69,10,10,1,0,2,0,0,0,11,61,20,7,61,2,0,0,77,152,12,28,152,52,42,8,5,19,7,65,27,12,84,121,64,7,2,2,0,0,0,4,68,48,3,0,106,50,9,13,128,104,2,6,152,76,1,0,2,8,9,34,31,0,0,13,87,54,21,13,1,0,1,32,48,4,0,1,63,69,35,44,40,3,0,2,152,57,2,0,0,0,0,10,16,0,0,19,55,4,1,3
136,3,0,0,0,18,42,75,82,6,1,1,2,30,52,43,42,13,6,12,6,4,7,7,6,2,11,22,3,3,28,20,57,5,61,66,0,7,60,89,136,11,6,3,0,6,35,56,85,18,21,6,3,3,0,4,4,10,23,23,4,1,0,1,11,9,136,136,0,0,2,4,136,63,133,90,1,0,1,16,88,23,22,4,2,2,3,48,1,5,15,11,41,51,9,5,2,0,36,70,4,3,16,5,7,4,44,136,72,2,1,6,9,0,1,22,45,27,77,74,2,0,0,6,45,36,90,38
12,4,1,0,0,4,5,12,7,1,2,0,9,42,26,21,20,61,16,12,35,33,8,4,22,145,18,4,1,1,3,0,2,2,2,5,7,77,49,2,26,1,0,3,9,151,137,25,151,52,0,0,0,22,39,58,36,39,1,9,12,11,6,0,0,0,5,70,38,81,25,0,97,7,0,39,72,100,26,13,151,39,0,0,3,4,4,25,45,8,1,15,27,0,0,0,0,1,5,14,23,126,62,0,96,21,0,3,17,85,19,15,151,11,0,0,0,1,0,93,33,0,0,6,24,0,0,36
1,1,29,51,53,3,20,47,9,0,0,5,18,2,116,126,13,4,2,0,0,22,126,84,15,18,15,0,0,10,117,83,0,4,27,42,126,13,0,0,19,2,17,39,58,3,27,43,126,49,4,2,2,1,37,61,58,74,35,0,0,0,5,30,18,20,14,14,126,67,0,0,22,27,40,126,42,1,0,0,126,21,10,28,8,0,1,75,90,5,0,0,0,0,5,108,74,13,0,1,46,53,3,7,37,10,6,53,66,4,1,3,33,33,14,30,19,0,0,7,42,9,0,0,1,1,4,70
6,14,11,9,37,10,2,3,69,18,1,15,100,29,4,30,148,49,0,0,0,1,1,51,25,5,0,0,0,0,0,1,17,0,0,2,64,15,14,35,57,6,0,19,148,49,14,75,148,17,0,2,6,4,4,148,52,0,0,0,0,0,0,8,64,5,2,8,35,3,2,26,40,80,39,91,145,4,0,4,148,148,16,10,4,0,0,12,48,10,0,0,0,0,0,0,24,5,11,16,2,0,0,10,48,45,26,23,5,0,1,9,148,77,4,0,0,0,0,2,15,3,0,0,0,0,0,0
6,0,0,0,7,28,47,28,5,0,0,0,2,16,74,127,2,0,0,0,0,13,123,47,1,0,0,0,0,3,53,22,9,3,3,6,16,98,26,18,106,18,0,0,5,47,23,66,37,2,0,0,12,73,41,31,42,5,0,0,6,12,26,34,5,8,106,101,14,14,15,3,59,31,72,51,10,26,10,9,27,6,20,26,17,96,33,44,41,11,6,0,1,8,26,72,7,1,36,26,0,14,127,127,4,1,71,80,4,1,87,127,7,12,127,74,9,6,18,31,12,50,126,8,0,0,5,13
0,120,120,5,3,34,24,1,0,120,120,4,4,97,64,1,10,38,7,4,9,120,100,11,19,14,26,6,5,50,19,8,7,14,24,10,22,120,55,8,71,17,12,26,9,64,76,26,46,13,22,113,32,25,14,12,107,29,23,8,0,0,1,21,8,24,78,39,23,35,1,1,93,30,55,40,2,1,0,13,42,44,82,66,3,0,0,8,25,87,116,5,0,0,0,6,14,13,13,36,8,0,0,8,14,39,38,39,3,0,0,6,25,120,27,1,0,0,0,1,0,60,44,0,0,0,0,0
85,53,0,0,0,20,30,45,36,5,0,0,0,20,83,120,10,1,0,0,0,0,42,106,0,0,0,0,0,0,0,0,38,52,8,22,17,45,71,17,97,33,0,0,0,48,71,42,40,33,0,0,6,20,18,48,0,3,0,0,1,3,1,1,18,10,70,126,51,25,24,23,126,37,59,43,1,6,27,63,48,126,7,0,3,15,31,26,15,79,0,0,0,1,0,0,40,3,64,104,0,0,58,126,12,56,126,96,0,0,3,33,11,126,82,0,0,0,0,2,3,59,3,0,0,0,0,0
12,5,5,5,5,9,2,0,173,81,1,1,0,1,0,0,157,41,0,0,0,0,0,0,0,0,0,0,0,0,0,0,23,16,20,9,0,0,0,0,173,75,3,2,0,0,0,3,162,19,0,0,0,0,0,2,0,0,0,0,0,0,0,0,19,6,12,6,3,17,33,9,173,12,0,1,0,0,9,92,151,1,0,0,0,0,0,28,0,0,0,0,0,0,0,0,7,14,38,4,5,22,52,16,173,86,15,0,0,0,12,71,144,17,0,0,0,0,0,13,0,0,0,0,0,0,0,0
12,1,1,102,144,9,13,12,42,1,0,3,44,66,37,29,119,3,0,2,2,4,2,42,17,11,8,13,2,0,1,3,0,0,8,104,144,2,1,0,50,5,22,117,54,13,6,18,144,22,4,7,0,0,0,41,30,10,7,15,4,1,3,8,0,0,49,144,72,0,0,0,8,18,89,144,9,0,0,0,70,92,43,35,12,8,2,4,38,8,1,3,8,10,8,28,0,0,7,61,5,0,0,0,0,1,29,144,11,0,0,0,1,13,43,130,42,8,0,0,26,25,25,8,11,5,0,2
49,11,5,11,8,7,3,5,2,5,10,7,22,38,15,1,37,40,23,0,0,8,25,21,141,32,1,0,0,0,0,25,8,3,0,1,3,39,14,6,7,2,3,2,10,140,70,8,141,23,3,0,0,19,68,70,141,44,0,0,0,0,0,8,1,1,5,3,22,127,13,0,36,18,13,9,18,141,18,4,141,68,2,0,0,8,6,35,141,45,0,0,0,0,0,17,0,39,45,15,27,50,0,0,17,113,48,45,15,16,1,0,60,141,25,0,0,0,0,3,59,100,4,0,0,0,0,1
4,26,22,11,80,16,0,0,71,53,62,20,12,2,0,2,157,79,2,1,1,0,0,3,71,23,0,0,0,0,0,0,43,78,11,17,58,2,0,0,83,48,23,65,106,18,2,16,157,20,2,6,10,4,1,49,84,5,0,0,0,0,0,6,119,59,5,13,17,5,6,9,52,53,43,157,49,2,1,3,157,92,32,26,4,0,10,40,49,0,0,0,0,0,46,65,119,6,0,1,0,1,18,65,43,13,8,14,3,3,31,35,33,25,9,7,1,1,17,18,4,0,1,3,0,1,49,66
2,4,12,3,2,24,89,13,4,10,14,40,42,108,59,5,126,70,12,9,6,36,22,34,37,12,3,0,0,0,14,44,13,27,25,8,12,1,0,9,10,10,19,50,77,52,11,7,126,47,10,9,4,12,10,29,45,12,5,2,0,0,0,1,37,20,13,11,20,25,40,61,26,5,2,30,106,119,87,22,126,24,1,4,6,12,20,44,39,3,0,0,0,5,7,3,4,8,63,126,28,26,18,6,52,49,82,126,47,102,79,25,126,120,36,4,0,6,18,39,14,28,26,0,0,1,4,2
0,0,1,9,6,2,6,4,59,0,0,2,3,0,2,88,79,0,0,0,0,0,0,77,4,0,0,0,0,0,0,3,0,0,0,2,11,4,20,18,62,1,0,0,14,3,2,31,134,6,0,0,0,0,0,59,22,0,0,0,0,0,0,4,0,0,1,0,6,18,134,134,91,16,0,0,2,4,75,134,134,57,0,0,0,0,0,9,18,5,0,0,0,0,0,0,12,24,27,41,134,57,105,71,134,128,16,4,6,8,63,134,134,44,0,0,0,0,0,20,6,1,0,0,0,0,0,0
0,0,1,8,1,4,7,6,10,0,0,1,1,10,32,85,14,0,0,0,0,0,21,115,2,0,0,0,0,0,0,12,0,0,0,3,5,101,58,0,11,3,4,24,30,138,138,44,138,11,2,3,2,16,122,138,68,0,0,0,0,4,3,33,6,32,31,17,11,66,39,1,21,55,85,138,36,47,18,7,138,116,39,41,3,4,9,30,94,4,0,0,3,42,12,12,13,38,30,5,0,0,4,10,4,28,24,44,31,25,11,6,125,35,10,15,14,17,12,68,41,3,5,15,9,13,1,23
5,2,42,21,14,20,2,2,125,0,7,11,10,5,2,139,53,0,0,1,2,3,16,139,16,4,0,5,15,17,16,8,0,5,45,26,82,21,0,0,44,3,4,25,118,48,19,129,139,33,7,1,2,4,21,139,41,137,15,0,0,12,26,15,0,0,0,2,44,28,0,0,50,27,3,38,93,13,1,9,139,139,39,6,3,0,0,25,22,139,92,0,0,0,0,1,0,0,0,0,0,0,0,0,5,2,0,0,1,0,0,0,46,36,2,0,0,0,0,0,5,23,9,0,0,0,0,0
30,136,88,16,0,0,0,2,136,113,68,21,1,0,0,38,95,24,3,9,57,11,2,12,10,20,12,4,8,3,5,15,46,88,15,4,6,12,30,15,136,58,15,5,5,8,19,42,77,23,3,31,78,14,3,6,20,26,4,5,7,3,5,21,10,36,13,12,87,39,16,11,136,136,5,4,18,13,15,81,85,32,23,78,33,0,0,7,10,21,47,21,2,0,0,1,81,82,4,2,42,64,9,9,105,136,4,0,2,0,0,0,15,32,19,19,0,0,0,0,0,1,46,10,0,0,0,0
13,23,8,22,43,9,7,3,133,61,2,12,41,11,15,76,140,45,11,10,0,0,0,40,2,9,46,9,0,0,0,0,14,14,6,16,90,31,3,8,140,113,1,7,47,16,4,39,140,77,0,0,0,0,0,5,2,1,3,0,0,0,0,0,24,4,3,11,130,51,7,24,140,64,6,9,53,26,9,97,140,18,0,0,0,0,0,17,1,0,0,0,0,0,0,0,22,27,21,30,40,1,0,2,140,140,28,17,14,0,0,0,75,44,0,0,0,0,0,0,0,0,0,0,0,0,0,0
11,0,0,34,23,8,24,39,24,5,1,0,0,1,10,51,52,16,10,0,0,0,0,15,130,1,0,0,0,0,0,115,22,3,9,130,101,9,11,28,130,23,10,33,6,2,4,59,28,19,8,1,9,35,10,8,105,5,0,0,0,11,20,130,13,4,15,130,59,38,60,38,86,27,24,87,32,23,9,10,19,5,3,4,34,72,25,8,130,34,3,1,2,13,28,54,8,1,0,1,15,40,104,23,11,2,0,2,11,63,24,14,9,1,0,0,15,130,39,11,130,6,0,0,1,26,36,70
0,0,0,0,0,119,91,0,12,0,0,0,0,73,119,112,4,0,0,0,0,0,90,111,0,0,0,0,0,0,26,56,2,5,6,24,34,119,88,2,119,42,7,11,11,58,47,83,77,13,1,0,0,0,32,89,8,0,0,0,0,0,15,119,3,9,14,44,67,13,4,3,119,23,6,12,27,11,5,51,111,9,1,0,1,2,1,17,21,5,0,0,2,4,1,38,6,3,4,18,65,94,26,12,119,6,1,4,26,46,33,95,104,11,1,0,0,2,4,34,18,63,1,0,0,3,2,0
10,0,0,0,0,0,125,95,0,0,0,0,0,0,77,125,1,0,0,0,0,0,11,55,0,0,0,0,0,0,0,0,103,9,2,0,0,0,20,66,27,3,1,0,3,3,32,125,106,5,0,0,0,0,7,125,3,0,0,0,0,0,0,1,125,1,0,0,1,5,7,125,79,68,0,0,4,12,5,15,125,111,0,0,0,0,0,14,6,3,0,0,0,0,0,0,125,120,24,2,1,7,14,124,50,125,21,0,0,0,1,4,48,108,0,0,0,0,0,0,1,1,0,0,0,0,0,0
3,22,72,24,9,6,4,2,1,22,102,16,10,8,1,0,0,18,33,20,22,35,2,0,15,99,25,9,23,12,0,0,9,13,16,1,21,94,15,9,142,56,58,38,15,43,15,37,24,47,84,142,55,7,0,1,33,142,23,11,8,1,0,0,27,15,5,20,92,76,7,6,142,65,9,13,32,27,6,41,89,22,11,69,142,27,2,11,92,53,6,8,27,33,4,7,22,12,7,26,35,13,0,1,142,36,4,8,7,0,0,26,42,9,11,57,48,2,0,11,21,42,27,22,23,16,1,2
1,3,4,2,7,22,6,6,4,11,5,16,88,77,10,2,138,133,11,10,30,49,9,14,95,35,13,47,111,38,2,4,0,3,16,15,8,27,10,1,32,19,12,35,55,37,5,0,138,117,8,11,15,2,0,8,59,21,10,46,90,13,0,4,0,0,49,42,9,12,1,0,35,1,19,57,56,50,5,15,138,5,0,3,7,9,6,113,37,12,3,11,16,9,12,31,0,0,0,1,5,13,0,0,16,23,1,2,60,61,2,7,138,138,32,1,10,8,4,54,26,130,51,0,0,1,8,16
1,0,0,1,4,3,29,18,96,1,0,0,1,1,4,52,82,2,0,0,0,0,0,24,1,0,0,0,0,0,0,0,6,0,2,7,19,25,138,101,138,10,0,0,0,2,63,138,136,14,0,0,0,0,0,7,2,0,0,0,0,0,0,0,22,91,70,92,107,27,42,31,138,138,31,5,3,3,19,94,101,41,0,0,0,0,0,5,1,0,0,0,0,0,0,0,57,138,55,17,12,4,9,10,27,138,21,0,0,2,29,21,11,13,0,0,0,0,19,40,1,0,0,0,0,0,0,7
3,23,11,11,32,10,0,0,115,104,8,5,6,0,0,1,82,39,4,4,9,9,16,45,90,8,9,12,2,0,3,59,21,33,110,83,13,3,0,5,115,101,16,28,10,1,0,10,83,45,5,22,60,19,5,20,115,64,4,2,2,1,1,24,93,11,25,76,62,4,3,86,89,15,15,69,56,5,1,40,108,40,11,17,74,38,5,36,115,49,2,0,1,1,1,24,113,4,2,17,6,0,1,88,13,11,24,59,10,1,2,14,76,76,21,15,9,0,0,2,92,66,2,0,0,0,0,0
3,0,1,0,10,55,64,11,58,23,13,16,9,18,74,37,55,145,46,12,5,0,3,8,33,49,0,0,0,0,5,26,24,0,0,0,5,145,73,26,145,40,0,0,0,42,39,51,131,49,0,1,14,4,4,11,37,1,0,0,2,1,5,33,22,67,38,8,33,51,16,5,145,117,22,0,0,5,2,42,128,10,0,0,13,10,0,36,62,4,0,0,2,1,0,5,8,145,35,3,4,0,0,1,103,145,24,0,0,0,0,6,61,32,1,3,6,2,0,3,44,7,0,0,0,0,0,2
0,0,0,0,33,100,111,2,1,0,3,9,43,69,71,8,49,50,20,20,9,9,33,24,77,87,8,1,0,0,1,18,13,10,6,0,1,64,131,58,32,5,1,1,4,111,125,54,131,26,1,0,0,20,33,67,69,16,0,0,0,1,1,25,9,28,66,24,6,3,6,10,28,120,39,17,17,25,11,7,131,131,9,0,0,2,1,24,76,9,0,0,0,0,1,13,28,23,46,49,5,0,0,2,16,131,32,16,2,0,0,0,115,107,6,0,0,0,0,0,26,21,17,1,0,0,0,0
16,1,7,20,1,1,9,45,35,0,0,0,0,1,13,141,42,0,0,0,0,0,1,124,1,0,0,0,0,0,0,0,4,2,21,66,25,43,3,4,48,5,2,4,24,67,35,99,141,15,0,0,0,3,9,141,36,1,0,0,0,0,0,8,1,0,0,34,93,61,4,0,76,83,16,10,36,41,5,8,141,141,3,0,0,1,1,28,49,10,0,0,0,0,1,10,2,2,39,141,53,1,0,0,89,78,58,44,7,1,0,2,131,44,1,0,0,0,20,82,21,0,0,0,0,0,19,85
