0,0,0,0,0,2,12,0,3,0,0,0,0,23,135,82,50,0,0,0,0,3,135,135,18,1,0,17,41,51,67,35,0,0,0,0,0,0,0,0,35,5,8,5,0,0,22,96,135,13,2,0,0,0,3,129,88,5,3,13,7,8,9,22,0,0,0,0,0,0,0,0,25,39,52,21,0,0,0,3,135,122,22,4,0,0,1,15,44,5,0,4,24,87,34,25,0,0,0,0,0,0,0,0,41,19,8,2,0,0,2,27,127,135,49,8,1,0,1,18,3,30,135,126,51,30,2,0
1,0,0,13,21,28,59,2,146,3,0,2,3,10,75,98,148,0,0,0,0,0,2,115,22,0,0,0,0,0,0,6,1,2,25,47,45,0,0,0,148,37,55,20,5,0,0,20,148,23,3,0,0,0,0,84,51,0,0,0,0,2,5,16,0,16,146,9,3,0,0,0,23,123,148,7,0,0,0,0,148,128,42,0,0,0,7,27,30,0,0,0,0,14,72,23,0,10,49,0,0,0,3,2,5,41,44,0,0,0,6,13,11,22,9,0,0,4,18,17,1,0,0,0,4,39,33,3
45,13,0,1,1,0,6,31,47,87,5,0,0,0,0,5,3,77,19,7,13,0,0,0,0,4,4,9,135,73,0,0,87,11,13,33,4,0,1,27,135,47,1,0,0,0,0,23,31,64,26,26,28,0,0,3,0,4,53,135,135,45,0,0,39,23,42,54,4,0,0,12,135,26,5,2,1,0,0,60,135,84,18,8,1,0,0,35,21,57,135,135,14,0,0,0,48,27,10,30,10,4,2,32,86,22,7,19,5,2,2,35,135,60,0,0,0,0,0,42,41,24,11,3,0,0,0,13
130,41,1,0,11,9,1,48,14,3,0,9,53,27,1,2,14,5,2,26,35,2,1,4,63,34,2,1,0,0,0,4,72,119,38,1,37,53,43,4,85,16,3,10,33,53,12,16,27,26,16,75,22,0,0,1,79,76,7,4,0,0,0,0,24,88,52,0,9,47,130,59,130,111,21,3,7,19,42,61,40,25,11,32,31,3,0,8,76,44,3,2,1,0,0,11,9,130,130,0,0,10,68,13,16,130,56,1,1,20,113,7,11,20,9,16,16,12,48,30,75,66,3,1,0,0,0,7
4,0,0,3,1,25,119,19,48,3,15,7,1,7,24,54,8,4,23,17,21,1,0,2,1,1,1,3,8,4,4,3,20,11,6,3,0,25,137,61,137,21,0,0,2,3,26,137,42,2,0,5,48,13,0,7,5,1,1,18,23,3,1,2,20,137,137,26,0,2,71,23,137,137,81,0,9,12,26,22,48,13,2,1,40,46,11,8,25,8,6,32,7,1,0,3,4,28,92,10,1,25,137,22,4,50,51,2,4,37,137,15,49,61,15,0,9,31,78,35,33,19,4,10,7,1,0,10
0,0,0,1,5,0,0,0,1,3,3,27,138,13,0,0,118,138,15,38,89,4,0,0,49,38,0,0,0,0,0,0,0,0,0,0,17,12,0,0,16,1,0,2,138,138,3,9,138,26,1,2,31,36,4,32,41,7,1,0,0,0,0,0,0,0,0,0,62,45,0,0,50,8,0,0,138,138,0,3,138,30,0,0,10,12,0,9,42,5,0,0,0,0,0,0,0,0,0,0,111,57,0,0,70,9,0,0,123,73,0,0,138,33,0,0,0,0,0,0,25,3,0,0,0,0,0,0
0,0,0,63,103,0,0,0,64,0,0,76,113,0,0,12,139,0,0,1,2,0,0,36,18,0,0,0,0,0,0,3,0,0,0,49,67,0,0,0,56,2,2,139,139,0,0,4,139,5,1,10,12,0,0,25,34,0,0,0,0,0,0,4,0,0,0,15,20,0,0,0,20,9,4,139,139,1,0,1,139,22,4,38,26,2,1,43,35,0,0,0,0,0,0,14,0,0,0,1,3,1,2,0,0,0,0,29,139,10,2,1,79,0,0,9,112,28,18,139,50,0,0,0,0,0,0,68
1,0,0,19,9,13,109,93,54,0,0,1,0,0,43,129,114,21,0,0,0,0,0,40,63,37,2,0,0,0,0,0,28,10,16,77,11,0,8,61,129,73,16,15,0,0,4,71,129,28,0,0,0,0,0,18,97,15,0,0,0,0,0,0,48,55,51,55,20,0,1,30,128,37,10,10,10,1,5,75,129,13,0,0,0,0,0,51,98,6,0,0,0,0,0,3,1,31,101,92,69,0,0,0,88,54,9,39,55,0,1,11,129,21,0,0,0,0,3,53,58,0,0,0,0,0,3,43
210,74,1,7,14,1,1,11,85,11,0,0,0,0,0,1,9,1,0,0,0,0,0,1,4,0,0,0,0,0,0,0,210,162,11,32,15,0,0,0,66,9,1,0,0,0,2,4,15,2,0,0,0,0,0,3,3,0,0,0,0,0,0,1,210,79,7,22,19,4,0,44,46,7,7,0,0,0,0,4,7,1,3,1,0,0,0,5,2,0,0,0,0,0,0,7,210,0,0,0,23,19,3,142,71,1,1,0,0,0,0,20,0,1,5,3,0,0,0,0,1,0,1,1,0,0,0,3
3,0,7,19,34,17,32,19,56,0,0,4,40,9,16,88,5,5,4,28,127,38,0,4,9,39,8,6,25,38,4,1,37,1,3,14,127,28,4,33,127,9,0,3,91,24,6,105,35,6,12,42,127,30,2,11,14,79,37,12,27,20,5,2,93,14,1,7,127,34,4,18,127,92,2,12,86,9,0,8,31,23,46,39,76,15,1,1,7,57,57,10,8,28,13,2,31,23,35,15,38,34,7,5,110,60,16,8,14,12,4,8,6,6,6,9,12,127,15,2,6,6,6,0,4,108,75,35
177,177,0,0,0,1,0,6,25,5,0,0,1,4,2,7,25,3,0,0,0,0,0,4,0,0,0,0,21,6,0,0,177,145,1,0,0,0,4,10,43,14,0,0,0,1,3,7,22,9,0,0,0,0,0,0,0,0,0,0,77,29,0,0,175,54,16,3,0,0,0,7,40,6,8,3,0,0,0,14,16,0,0,0,0,0,0,18,0,0,0,0,177,37,0,0,177,8,6,2,0,0,0,19,5,3,14,14,0,0,0,4,9,0,2,3,0,1,1,18,0,0,0,6,177,21,2,2
20,0,1,52,128,6,3,34,128,3,1,14,49,4,3,115,22,16,26,62,95,4,0,9,17,75,38,11,10,9,1,1,63,3,2,57,128,13,3,39,128,24,5,31,67,2,0,13,52,17,18,32,26,19,0,5,0,16,11,3,27,128,26,2,54,21,30,14,59,32,11,21,128,56,46,12,30,5,2,18,35,5,3,5,56,102,13,18,1,25,12,5,105,128,9,2,5,59,49,2,0,0,0,0,3,26,57,5,16,11,0,0,2,3,3,2,96,108,1,1,17,30,6,2,49,33,1,2
8,57,19,8,24,9,0,0,52,11,7,27,30,4,1,38,130,5,4,3,5,5,2,93,12,5,14,102,35,18,5,7,2,36,67,9,22,9,0,0,38,12,17,22,130,74,4,28,130,23,4,1,15,15,5,94,41,2,3,44,17,12,26,21,12,17,63,17,35,26,0,3,14,53,130,45,85,39,0,1,130,121,65,7,11,8,1,13,31,1,0,5,67,73,29,30,3,51,124,31,3,0,0,0,0,9,127,76,18,0,0,0,21,20,62,33,9,2,0,4,8,5,5,35,108,22,2,6
129,32,2,1,3,4,15,85,143,5,0,0,0,0,21,163,27,0,0,0,0,0,0,31,0,0,0,0,0,0,0,0,58,23,5,5,29,104,40,69,163,7,0,0,0,5,22,163,151,1,0,0,0,0,0,23,0,0,0,0,0,0,0,0,60,76,18,28,44,39,8,8,163,134,2,0,0,0,0,11,141,9,0,0,0,0,0,4,0,0,0,0,0,0,0,0,27,19,2,2,5,8,2,3,72,33,0,0,0,0,0,0,14,2,0,0,0,0,0,0,0,0,0,0,0,0,0,0
53,5,1,3,49,67,10,9,190,5,0,0,1,3,0,67,97,0,0,0,0,0,0,19,1,0,0,0,0,0,0,1,43,37,12,11,73,10,0,0,190,60,0,0,0,0,0,21,161,6,0,0,0,0,0,10,2,0,0,0,0,0,0,2,37,12,15,18,21,6,0,3,190,14,0,1,1,0,0,33,167,4,0,0,0,0,0,8,1,1,0,0,0,0,0,0,24,13,11,5,8,4,2,3,190,34,1,0,1,0,0,3,136,11,0,0,0,0,0,1,0,0,0,0,0,0,0,0
129,12,6,11,9,24,11,62,137,8,0,0,0,1,6,74,25,0,0,0,5,33,34,24,2,0,0,10,10,8,13,40,87,92,137,93,4,2,3,6,137,104,20,2,0,0,5,35,22,12,14,28,5,5,20,24,6,4,10,7,3,2,7,28,7,16,54,22,1,5,59,59,68,26,13,1,0,0,26,137,10,3,2,19,8,2,68,128,26,16,11,6,2,1,22,35,0,1,1,0,3,36,81,57,2,1,3,0,0,1,95,137,9,0,0,0,0,0,60,131,5,1,1,0,0,0,60,80
1,0,7,104,117,5,13,21,25,129,86,92,45,3,3,3,102,129,7,0,0,0,1,4,26,90,0,0,0,0,10,8,62,3,12,38,9,1,8,68,54,129,89,44,4,0,0,6,43,129,25,13,9,1,5,25,22,3,0,0,0,8,31,32,129,1,2,2,0,0,6,106,129,20,3,1,2,1,1,69,39,10,5,9,38,8,1,30,32,3,2,6,5,2,2,9,123,8,10,25,11,0,0,73,105,7,0,0,0,0,0,72,59,20,8,2,3,2,1,54,5,11,22,33,0,0,1,5
0,0,0,0,0,53,109,5,0,0,0,0,0,35,112,10,3,0,5,16,0,4,101,76,3,1,13,33,0,0,9,38,3,22,17,1,9,76,75,10,12,5,9,6,21,112,112,32,112,23,7,1,0,12,68,112,28,10,12,4,0,0,4,91,4,14,8,1,22,112,36,14,57,37,74,15,27,64,18,50,112,112,50,2,0,1,2,18,38,30,30,11,0,0,0,6,11,7,1,3,10,43,96,68,102,96,6,0,4,10,8,107,93,106,4,0,0,0,0,19,22,26,5,8,0,0,0,1
0,0,57,124,31,45,10,4,44,1,31,71,4,5,23,76,124,5,0,1,0,0,1,51,108,23,3,0,0,0,0,7,0,0,55,116,30,33,19,0,50,7,34,124,123,27,2,6,124,18,5,12,9,0,0,36,124,15,0,0,0,0,0,23,0,0,29,109,18,17,13,0,7,10,124,124,45,15,1,0,124,77,94,22,3,0,0,10,97,12,2,1,0,0,0,29,0,0,6,21,7,8,48,15,8,2,49,35,0,0,11,28,4,23,81,20,0,0,0,0,33,7,11,20,3,0,0,8
15,1,0,3,52,12,1,1,148,12,0,2,13,14,12,29,82,1,0,0,4,148,99,27,20,7,7,0,0,54,76,22,20,2,0,1,32,12,5,1,148,16,1,14,20,20,8,23,50,5,19,94,48,97,43,35,93,11,15,10,1,4,11,109,23,0,0,0,15,16,4,3,148,9,0,8,9,9,1,9,39,4,13,69,46,59,22,2,47,2,10,14,7,38,29,76,16,0,0,0,19,7,0,3,148,11,4,10,5,1,0,19,53,11,33,148,32,10,4,1,5,0,9,109,16,16,11,27
4,0,32,80,6,34,57,12,8,1,73,126,1,1,9,11,3,1,52,123,0,0,6,13,3,1,8,23,0,0,15,34,58,19,12,1,1,23,51,28,34,8,21,30,5,55,86,39,122,27,108,126,1,8,28,40,9,6,126,126,0,0,5,10,16,31,126,41,2,5,2,4,18,22,126,45,11,24,12,5,126,62,46,19,1,2,3,19,44,5,70,116,0,0,0,11,0,9,34,42,20,6,0,0,5,18,30,25,50,18,0,0,94,79,6,4,5,3,0,3,22,8,1,1,0,0,2,14
80,4,3,8,1,0,22,126,47,0,0,0,2,3,11,126,2,0,0,8,105,71,8,5,1,29,16,17,53,66,14,0,86,58,17,13,11,7,53,126,126,26,2,0,10,2,0,126,31,8,5,8,126,49,0,5,1,52,30,28,50,16,0,0,34,126,126,34,10,0,1,8,126,114,21,4,19,6,0,7,31,34,9,12,106,21,0,1,7,68,32,37,7,0,0,0,6,27,39,28,29,2,0,0,61,74,4,8,28,1,0,0,21,27,3,8,44,4,0,0,19,34,16,4,0,0,0,2
27,28,0,0,0,19,79,27,9,36,26,1,1,71,122,11,9,14,16,4,12,122,52,2,9,22,17,19,24,36,10,1,20,11,11,6,0,79,122,50,122,25,7,4,1,56,122,69,48,29,19,36,15,44,19,11,56,66,7,7,2,1,0,9,5,34,122,71,3,8,29,3,122,85,54,0,0,2,5,31,52,41,12,19,13,2,2,28,70,112,6,2,0,0,0,0,0,15,56,92,6,0,1,2,8,92,68,3,0,0,0,2,13,122,31,0,0,0,0,3,18,122,3,0,0,0,0,0
66,0,0,26,46,0,6,122,24,36,15,116,122,0,0,5,90,88,42,24,1,0,0,0,3,34,110,22,0,0,0,0,122,33,5,6,15,0,0,122,55,9,5,87,112,0,0,21,122,41,6,14,8,0,0,4,34,50,33,0,0,0,0,5,122,37,21,31,1,0,0,25,109,6,3,88,50,0,0,15,79,11,5,46,11,0,0,39,31,5,1,0,0,0,35,68,88,27,9,41,17,0,0,6,96,21,3,39,15,4,3,10,4,1,3,50,38,53,18,7,9,3,0,0,1,21,92,42
0,0,17,65,13,1,1,0,7,7,28,52,41,3,0,4,62,43,26,3,3,6,1,19,8,6,15,45,50,59,2,3,0,0,1,9,26,34,37,4,16,0,0,8,94,69,5,9,117,2,0,0,30,32,4,27,19,0,0,0,82,118,7,14,1,0,0,0,11,54,54,45,48,6,0,0,35,116,13,10,118,26,0,1,91,47,2,6,10,0,0,0,118,118,36,20,6,0,0,0,3,70,53,80,118,22,0,0,4,85,37,26,118,29,0,12,118,15,0,5,0,0,0,49,118,118,24,1
0,0,0,0,1,12,75,23,1,0,0,0,48,77,14,8,99,2,0,1,16,23,6,21,34,2,0,10,132,24,1,1,5,0,0,0,0,17,91,106,12,0,0,0,26,132,50,47,132,8,0,1,7,36,16,46,62,2,0,85,132,3,0,2,65,13,0,0,0,16,74,118,52,8,0,0,12,88,28,41,132,26,0,0,1,8,4,41,60,4,3,64,36,0,0,8,48,72,23,2,9,21,0,8,32,35,2,0,12,85,22,28,132,96,0,0,0,4,9,67,51,36,19,8,0,0,0,3
0,0,58,111,2,0,0,0,7,55,121,118,2,0,0,0,134,135,32,3,0,0,0,0,53,84,2,3,1,0,0,0,0,0,18,88,40,1,0,0,38,15,26,45,46,2,0,2,135,47,5,1,1,0,0,5,89,18,1,4,1,0,0,0,0,0,0,135,65,1,0,0,37,3,0,67,59,1,0,1,135,3,0,3,2,0,0,22,102,4,0,1,0,0,0,16,7,1,2,107,36,0,0,8,14,1,0,113,78,0,0,0,135,2,0,8,6,0,0,35,70,0,0,0,0,0,0,47
0,1,1,14,20,35,13,0,0,0,0,3,32,71,53,2,9,0,0,0,2,19,49,31,7,1,5,6,4,9,1,5,0,0,1,3,26,128,91,0,9,2,1,2,48,128,128,32,128,10,1,0,1,21,95,128,33,3,0,3,11,44,6,27,1,3,10,13,80,122,23,0,20,57,47,51,114,60,11,8,128,128,24,6,3,4,5,35,43,33,25,52,10,6,0,5,27,26,8,8,5,66,19,6,20,115,31,22,4,3,0,1,81,128,15,2,0,0,0,5,41,10,9,21,12,0,0,10
1,2,15,57,22,11,5,1,59,1,4,15,11,17,30,82,114,0,0,0,5,7,37,89,100,1,0,2,1,1,4,25,0,0,5,125,74,11,1,0,8,6,15,93,76,52,59,51,125,31,10,4,2,4,39,125,113,1,0,0,0,1,22,57,0,0,54,125,21,12,3,0,5,23,125,125,32,8,2,4,114,125,125,16,1,0,0,14,71,24,3,0,0,0,5,26,0,0,4,7,9,62,21,5,11,5,32,19,5,20,15,29,10,15,54,5,1,2,1,16,15,9,5,1,0,2,2,12
0,0,0,0,0,0,0,0,0,2,1,0,0,0,0,0,11,22,3,0,0,0,5,18,4,3,6,0,0,0,78,69,25,2,0,0,0,0,0,6,99,15,1,0,0,0,0,22,36,70,9,0,0,0,0,3,7,25,39,1,0,0,7,6,35,58,181,4,0,0,0,4,137,56,128,4,0,0,0,12,65,24,51,3,0,0,0,7,54,27,15,0,0,0,0,3,0,23,181,21,0,0,0,0,3,24,181,45,0,0,0,0,3,13,181,63,0,0,0,0,13,14,181,40,0,0,0,0
19,24,33,21,33,11,31,13,89,54,20,112,28,4,13,14,15,126,128,128,19,0,0,0,89,128,38,0,0,0,0,30,48,35,26,8,21,6,26,84,50,43,10,6,5,12,34,16,69,61,29,21,5,3,14,9,49,128,34,0,0,0,0,3,67,56,54,1,2,3,5,48,32,3,1,0,2,18,24,24,128,15,0,0,0,0,2,18,128,50,1,0,0,0,0,9,13,9,16,1,10,16,14,37,13,0,0,0,15,27,14,31,128,0,0,0,0,0,3,109,120,0,0,0,0,0,0,78
0,0,0,7,41,103,39,3,33,1,1,9,35,52,84,129,78,42,35,5,7,2,5,91,8,36,18,1,7,16,0,0,0,0,1,99,73,16,1,0,72,10,6,128,109,10,4,77,129,38,6,7,13,4,1,129,30,36,4,2,22,15,0,6,0,0,4,51,26,5,0,0,24,105,75,129,44,0,0,1,129,129,56,18,3,0,0,8,19,58,41,10,3,0,0,0,4,5,13,23,3,3,20,10,41,105,23,6,0,3,5,5,36,74,9,0,0,2,14,30,8,9,11,0,0,0,0,4
23,2,1,27,48,5,2,11,141,1,0,1,14,2,0,37,34,1,6,21,141,4,0,3,13,53,60,83,67,0,0,0,27,1,2,5,128,29,1,8,141,9,1,3,11,5,1,29,59,25,70,59,57,0,0,2,7,71,115,17,17,4,2,7,30,7,0,0,120,56,0,5,141,56,1,0,2,2,0,27,91,24,28,9,4,0,2,3,10,5,12,28,52,19,5,9,41,75,0,0,50,36,0,0,141,141,0,0,0,3,5,1,24,15,0,0,2,18,31,8,4,0,0,1,54,94,13,7
124,19,2,1,1,10,35,124,110,12,1,0,0,1,8,108,29,9,10,53,46,40,7,20,0,2,25,124,106,46,1,0,124,92,47,3,4,3,12,26,124,21,0,0,1,2,25,95,91,12,8,15,54,50,5,13,0,9,76,51,78,27,0,0,25,24,26,11,35,5,1,1,124,41,2,0,5,2,7,33,76,10,11,6,7,9,18,47,14,10,48,34,41,17,0,1,8,68,41,21,23,1,0,0,51,73,32,5,15,10,5,12,98,1,0,0,7,11,11,65,23,1,1,1,79,91,8,13
7,8,3,0,0,1,37,28,24,14,0,0,0,0,43,62,11,11,3,6,19,16,18,24,0,1,3,22,65,34,0,0,26,0,0,0,0,10,112,89,112,82,1,0,0,0,34,68,26,77,11,4,32,30,4,13,0,1,5,18,112,103,0,0,73,85,112,12,0,1,48,86,112,112,32,0,0,0,2,77,24,20,12,21,53,30,5,18,0,0,2,55,112,35,0,0,8,53,112,32,33,15,23,20,15,83,35,1,3,3,112,75,1,10,12,11,27,42,110,23,0,0,0,22,105,41,20,1
20,2,0,0,51,125,6,4,125,9,0,0,1,16,7,21,55,2,0,1,48,65,5,14,32,0,0,0,57,73,3,11,72,2,0,0,21,87,3,7,125,24,0,0,2,7,3,14,36,7,0,0,91,125,5,6,62,36,0,0,48,74,1,6,65,8,0,0,3,9,0,23,100,26,6,1,2,16,21,80,6,24,41,16,52,111,18,10,54,125,20,2,13,19,0,0,16,119,14,0,0,0,0,4,15,125,69,1,0,0,0,7,1,76,125,12,3,0,0,1,7,125,57,1,1,4,0,0
0,0,14,7,29,122,7,0,0,0,5,11,106,122,4,0,0,0,15,53,58,22,0,0,98,2,3,18,4,0,0,9,7,0,0,0,89,122,27,5,65,32,32,23,19,48,25,13,5,9,38,122,44,0,0,0,98,10,3,60,18,0,0,1,30,0,0,14,122,33,2,6,122,12,2,8,11,3,1,39,33,5,5,122,67,0,0,7,72,11,5,98,40,0,0,0,12,1,2,98,122,0,0,1,122,4,3,18,6,0,0,36,74,6,7,67,13,0,0,19,22,16,23,102,19,0,0,0
9,5,2,1,7,29,102,18,76,48,7,1,16,27,15,21,94,12,8,2,0,0,0,124,11,4,0,1,0,1,17,54,69,33,1,0,0,6,34,16,124,111,36,6,0,0,3,16,36,64,124,31,0,0,0,56,20,34,46,13,1,3,27,42,49,25,0,0,0,1,72,97,124,52,4,0,0,0,25,124,99,36,54,4,0,0,8,25,2,18,43,7,2,2,7,4,68,124,11,0,0,1,40,60,124,124,9,2,0,0,15,37,41,9,2,2,0,2,86,38,2,1,0,0,3,6,65,33
9,20,3,0,0,80,29,1,3,21,7,0,3,56,63,10,11,9,6,45,125,42,39,10,115,47,15,34,84,7,1,21,3,5,3,1,3,122,85,1,30,2,0,1,0,80,125,11,125,36,30,116,41,23,36,16,15,109,116,109,18,0,0,0,6,13,15,16,19,64,16,0,65,8,18,34,7,12,24,5,125,14,5,20,6,5,16,52,9,19,21,28,9,26,38,14,13,55,32,24,27,0,0,1,17,18,74,64,9,0,0,1,67,8,12,14,6,23,36,49,1,0,0,0,4,63,123,19
0,12,12,1,0,2,0,0,23,84,18,1,0,0,0,2,48,137,18,0,0,0,0,2,12,137,12,0,0,30,3,0,0,15,12,0,2,12,0,0,82,35,10,0,4,34,10,50,137,81,2,0,3,13,3,94,15,27,1,0,40,137,5,6,0,1,0,0,0,14,0,0,97,95,1,0,1,29,3,9,137,93,0,0,33,38,2,27,10,2,0,0,137,137,1,4,0,1,0,0,0,0,0,0,86,91,1,0,0,0,0,1,99,58,1,2,73,10,0,3,4,9,1,17,137,29,0,0
0,0,1,8,14,70,27,0,20,0,0,2,5,49,43,46,131,0,0,0,3,10,16,120,9,0,0,0,17,45,79,33,0,0,67,131,13,13,5,0,44,2,14,132,35,19,16,19,132,8,1,12,19,6,4,47,19,1,0,22,132,35,23,6,0,0,22,75,25,3,0,0,21,10,13,132,87,4,0,0,132,46,11,48,19,0,0,2,32,6,1,74,132,0,0,0,0,0,0,5,37,16,7,0,1,9,15,39,46,7,0,0,93,76,21,22,6,0,0,0,23,10,1,62,130,0,0,0
0,119,31,2,3,8,0,0,7,125,125,2,0,0,0,0,3,24,125,58,0,0,0,0,23,28,112,54,2,0,1,4,8,125,14,0,0,0,0,0,62,85,20,0,0,0,0,16,101,41,97,32,0,0,0,20,10,7,102,125,5,0,0,0,3,75,87,0,0,0,0,0,15,90,75,0,0,0,0,2,119,67,15,1,0,0,2,19,55,10,51,53,0,0,14,29,3,44,83,1,0,0,0,1,1,37,90,19,19,10,0,0,8,13,9,3,16,45,61,17,10,0,1,0,0,34,125,39
80,0,1,13,6,2,12,53,134,0,0,5,42,2,0,98,106,1,0,26,109,4,2,20,111,0,0,1,47,10,0,16,57,6,63,134,6,0,0,15,134,19,14,29,15,0,0,65,111,17,6,89,80,0,0,10,119,10,2,16,47,1,0,19,6,8,45,134,25,0,0,0,134,87,39,55,5,0,0,7,59,47,44,42,29,2,0,4,26,28,18,21,10,1,5,6,0,28,25,39,26,0,0,0,22,119,34,7,2,1,2,6,11,36,28,3,1,0,1,11,0,4,6,33,21,1,1,0
25,0,3,22,20,24,21,47,6,65,64,36,23,21,34,6,37,128,117,3,2,16,8,0,70,128,1,0,0,0,0,0,39,1,0,8,16,9,24,112,128,85,21,7,2,1,14,77,61,128,45,0,0,9,35,40,34,41,0,0,0,0,8,53,61,40,0,3,11,20,11,15,128,69,0,0,1,10,7,34,71,40,4,0,6,49,51,49,88,37,0,0,0,0,9,61,32,128,17,0,0,2,2,0,85,110,1,0,1,6,4,3,67,111,4,0,2,3,1,2,28,54,0,0,0,0,0,0
128,107,16,0,0,0,0,23,44,120,116,0,0,0,19,36,93,122,31,0,0,0,2,23,23,15,0,0,0,0,0,1,128,48,0,0,0,0,2,45,94,19,5,0,0,0,46,94,128,9,0,0,0,0,5,75,33,0,0,0,0,0,0,6,107,128,30,0,0,0,0,0,40,109,101,0,0,0,1,4,128,86,10,0,0,0,0,5,35,7,0,0,0,0,0,1,55,128,27,5,3,1,1,11,18,35,38,5,5,1,0,1,82,32,3,0,0,0,0,11,17,2,0,0,0,3,2,9
1,0,6,55,32,15,0,0,20,0,1,39,84,29,1,7,144,0,0,1,13,5,1,51,60,0,0,0,0,0,0,9,8,0,9,65,29,22,25,60,27,2,3,42,144,108,7,11,144,5,0,0,20,21,2,53,103,0,0,0,0,0,0,10,11,6,5,8,12,70,83,84,28,68,16,10,80,144,23,2,144,133,9,0,7,4,0,15,99,4,0,0,0,0,10,18,2,6,17,22,18,19,23,18,44,49,27,26,4,9,19,24,106,78,1,0,1,9,10,47,25,4,0,0,4,22,61,36
0,0,0,0,27,20,0,0,6,0,0,0,101,120,8,12,86,0,0,8,66,25,9,51,53,4,0,31,128,4,1,7,0,0,0,0,70,36,13,1,22,4,3,17,128,124,12,22,128,18,3,12,66,21,11,88,60,15,2,51,128,0,0,3,0,0,0,6,50,29,25,13,12,24,40,115,128,19,4,3,128,104,35,30,28,1,0,10,28,17,11,86,91,0,0,1,0,0,0,0,5,19,93,19,4,5,12,16,32,19,23,19,68,22,15,4,9,1,0,15,12,1,1,23,59,0,0,4
54,0,0,5,15,1,1,23,7,1,0,18,63,22,16,5,34,19,27,17,3,4,11,17,6,24,89,14,0,0,0,0,81,0,0,1,29,14,11,92,25,1,0,13,127,98,36,31,127,16,4,3,11,23,40,120,52,28,25,11,0,0,0,7,127,0,0,4,61,13,3,65,66,18,10,98,127,17,3,16,127,111,12,26,22,4,3,18,78,33,11,0,0,0,0,0,127,2,0,8,60,4,0,40,75,20,8,56,81,0,0,13,107,111,9,16,8,0,0,0,33,20,0,0,0,0,0,0
199,199,0,0,0,0,0,0,32,8,0,0,0,0,1,5,28,1,0,0,0,0,0,6,8,0,0,0,0,4,1,0,199,166,0,0,0,0,0,2,22,11,1,1,1,0,0,0,30,2,0,0,0,2,2,4,4,0,0,0,0,28,7,1,199,19,0,0,0,0,0,68,16,4,1,1,2,0,0,7,8,6,5,2,1,4,2,3,0,8,12,3,1,14,3,0,199,1,0,0,0,0,0,153,19,1,0,0,0,0,1,20,17,8,5,1,0,0,0,1,0,6,17,1,0,0,0,0
8,1,0,0,157,66,2,9,157,58,0,0,28,25,5,70,53,27,0,0,0,0,0,12,0,0,0,0,0,0,0,0,17,0,0,8,157,23,2,7,157,4,0,3,64,10,2,58,123,1,0,0,0,0,0,14,0,0,0,0,0,0,0,0,13,7,4,26,157,26,24,29,157,78,7,14,61,1,0,2,118,17,0,0,0,0,0,0,0,0,0,0,0,1,0,0,26,24,11,8,29,12,29,49,94,149,14,5,9,0,3,48,23,22,0,0,0,3,0,11,0,0,0,0,0,44,9,0
7,0,2,2,0,8,87,76,3,2,7,31,27,27,63,30,48,26,7,11,10,6,2,23,24,7,4,0,0,0,4,94,7,1,7,55,38,37,138,89,138,24,3,3,3,9,109,138,64,100,38,0,0,2,1,6,22,30,44,6,0,0,0,10,13,16,81,138,48,10,12,10,138,109,63,59,6,2,8,43,138,38,11,0,0,0,1,7,8,7,16,10,9,11,2,2,2,3,21,54,22,39,12,10,66,106,50,25,1,0,2,14,69,42,0,0,1,6,3,6,7,3,0,0,4,31,4,2
0,0,0,1,8,66,60,1,9,1,0,2,7,66,137,13,130,5,0,0,0,11,57,85,35,0,0,0,0,0,0,7,1,0,0,4,48,78,21,3,34,3,1,12,48,137,46,33,137,13,0,1,3,15,19,101,69,2,0,0,0,0,0,3,0,1,2,43,114,18,3,0,34,76,33,39,84,43,5,5,137,137,15,8,3,2,1,14,57,10,0,0,0,0,0,0,4,9,13,33,75,14,2,6,14,137,58,10,17,4,2,4,112,109,12,0,0,0,0,2,22,5,0,0,0,0,0,0
20,2,14,66,42,41,20,13,33,78,84,129,85,12,4,2,129,129,39,13,0,0,0,1,39,41,26,6,1,2,1,1,14,2,2,36,30,66,43,34,88,78,57,32,8,7,13,73,74,129,44,3,0,3,1,3,20,11,0,0,0,27,21,5,3,10,65,129,19,2,3,10,129,99,80,49,3,0,3,53,68,32,13,3,5,14,3,10,1,28,19,3,4,27,7,0,0,3,118,29,0,0,0,0,6,42,129,14,0,0,0,0,5,31,77,3,0,0,0,0,0,48,53,2,0,0,0,0
0,0,0,0,1,5,0,0,0,0,0,0,3,25,21,3,1,0,0,0,0,2,31,25,1,0,0,0,0,0,0,7,0,0,0,0,19,48,4,0,4,0,0,0,48,136,92,15,84,3,0,0,2,25,105,136,40,0,0,0,0,0,0,33,0,0,0,1,95,81,0,0,43,11,0,0,136,136,14,13,136,72,0,0,5,11,8,36,76,17,0,0,0,0,0,6,0,0,0,0,109,136,22,1,107,2,0,0,68,136,42,90,136,21,0,0,0,0,0,43,42,4,0,0,0,0,0,15
0,5,66,138,33,0,0,0,138,48,74,136,11,0,0,26,138,7,0,0,0,0,0,78,14,2,0,0,0,0,0,11,0,0,5,138,68,0,0,0,57,12,15,138,109,0,0,19,138,35,6,6,3,0,0,95,51,10,0,0,0,0,0,9,0,0,1,59,33,0,0,0,7,30,95,138,47,0,0,0,92,138,69,14,1,0,0,3,34,14,0,0,0,0,0,2,0,0,1,7,0,0,0,0,0,4,37,27,0,0,0,0,0,21,32,3,0,0,0,0,3,5,2,0,0,0,0,0
0,1,3,13,91,23,6,2,22,0,0,1,41,25,46,59,1,0,0,2,13,15,118,74,0,0,0,0,0,0,52,76,6,0,0,0,118,91,0,1,110,13,2,24,58,29,3,8,10,5,6,111,77,11,33,48,47,45,8,11,2,0,28,118,17,0,0,0,109,118,2,7,118,6,1,10,14,16,2,27,29,47,68,108,38,0,0,4,24,118,85,17,1,0,0,5,20,5,0,0,16,32,2,6,118,96,0,0,0,3,1,16,31,118,38,4,0,0,0,1,0,76,23,0,0,0,0,0
0,0,0,0,2,75,119,3,7,0,0,0,0,22,119,32,2,0,0,0,11,93,119,7,0,0,0,0,13,119,76,0,11,0,0,48,81,74,61,11,119,6,0,6,10,13,62,59,29,3,1,0,81,114,12,8,0,41,21,3,53,65,2,0,7,5,10,119,63,0,0,0,115,38,19,41,21,29,3,7,13,77,14,2,50,93,2,3,0,119,43,1,8,6,0,0,0,1,13,96,5,0,0,1,5,25,22,82,42,10,0,0,24,119,9,4,12,9,0,1,3,81,8,0,2,6,1,0
0,0,2,1,2,30,95,11,12,0,3,16,10,5,57,66,18,0,1,12,74,37,21,35,51,0,0,1,45,12,7,55,10,2,0,0,95,92,54,17,118,12,0,0,32,29,44,118,85,17,0,3,118,65,4,25,118,28,1,6,50,12,2,25,14,42,26,36,118,24,0,0,118,118,21,7,26,23,5,12,72,67,14,12,93,47,4,4,77,70,5,13,13,11,3,1,0,40,100,33,8,0,0,0,6,67,103,11,2,1,0,0,16,30,71,20,8,14,1,1,17,14,3,1,7,101,13,2
0,117,117,1,0,6,2,0,0,32,117,26,8,7,0,0,2,12,102,46,3,1,0,1,31,11,59,9,2,2,1,52,5,35,13,0,0,38,51,3,4,1,6,6,10,82,50,11,33,12,14,4,7,10,7,12,3,4,15,3,45,57,2,2,17,4,1,3,52,117,97,19,116,8,0,0,4,45,79,81,91,39,1,2,27,9,2,9,1,3,3,5,117,117,0,0,64,22,20,66,117,28,3,5,117,56,23,9,11,7,2,13,82,17,1,1,38,54,3,6,0,1,19,22,117,117,14,0
33,15,10,12,14,3,1,30,118,3,4,9,7,5,2,96,15,2,8,118,36,13,6,18,6,2,19,82,11,3,31,111,15,14,26,27,101,20,1,14,118,42,12,4,15,12,3,78,41,1,3,55,15,38,43,30,3,2,80,118,5,2,27,56,2,21,118,48,30,2,0,0,77,84,83,18,11,6,0,4,17,4,2,21,104,58,29,28,1,0,8,5,11,10,80,118,0,4,105,59,0,0,0,0,1,5,118,68,13,0,0,0,2,2,13,52,118,9,1,1,14,6,4,9,34,10,11,19
0,0,6,51,93,14,3,0,131,25,2,10,54,12,1,9,170,12,0,0,0,0,0,32,37,0,0,0,0,0,0,5,0,0,1,21,118,48,3,0,132,24,10,17,30,4,0,5,170,9,0,0,0,0,0,27,57,1,0,0,0,0,0,2,0,3,6,11,117,47,0,0,100,29,17,4,6,3,0,2,170,37,0,0,0,0,0,7,62,5,0,0,0,0,0,0,9,20,18,1,23,32,2,5,43,110,41,0,0,0,0,0,170,134,2,0,0,0,0,0,27,9,0,0,0,0,0,0
89,4,0,4,6,15,6,9,144,41,3,1,0,0,0,10,144,9,2,2,0,0,0,98,45,3,3,10,1,0,0,31,100,6,1,20,31,0,0,7,144,21,6,15,2,0,0,11,86,9,6,57,14,0,0,144,44,0,0,2,1,0,7,144,69,9,1,19,68,0,0,2,144,11,1,5,0,0,0,6,70,9,5,101,32,0,0,19,29,1,1,21,9,0,8,144,37,18,1,11,67,0,0,0,144,25,0,0,0,0,0,0,75,9,2,44,27,0,0,0,23,6,2,38,25,0,0,6
3,3,1,4,20,4,0,1,23,3,1,10,81,10,4,12,134,74,3,0,7,3,4,19,44,118,4,0,0,0,0,0,19,19,6,23,90,22,4,12,56,14,4,29,134,3,0,6,134,20,1,4,16,0,0,8,120,12,0,0,0,0,0,8,6,21,39,134,67,3,0,0,20,15,17,56,102,12,0,1,134,12,10,13,8,4,1,44,115,0,0,0,0,0,5,37,0,0,6,108,134,4,0,0,1,0,0,27,97,48,1,1,81,0,0,1,8,17,6,99,38,1,0,0,0,0,63,88
13,0,0,0,20,84,22,44,164,25,0,0,4,19,8,48,87,60,27,0,0,0,0,0,0,17,29,1,0,14,1,0,46,2,5,16,15,116,38,53,164,14,0,0,0,15,10,62,140,13,0,0,1,11,23,12,0,0,0,2,16,52,12,2,38,34,71,164,28,24,8,8,164,127,35,12,0,2,4,29,75,9,1,3,1,13,40,35,2,1,3,7,21,12,14,27,4,12,31,41,5,29,52,31,81,54,22,5,0,0,16,112,20,11,3,6,3,1,20,75,7,16,30,1,1,2,5,19
0,0,0,0,0,0,0,0,0,0,0,0,0,0,2,4,8,35,7,4,5,3,5,8,68,136,18,2,1,0,0,0,2,2,1,5,15,1,0,0,27,2,1,16,88,12,9,22,143,117,5,1,10,5,10,36,71,143,3,0,0,0,0,0,18,13,4,25,118,25,5,14,63,13,4,44,143,3,1,12,143,15,0,6,24,0,0,24,142,15,0,0,0,0,0,15,8,21,36,136,78,3,0,1,20,19,19,59,101,8,0,1,143,11,12,16,13,3,0,51,109,0,0,0,0,0,6,44
33,0,0,7,10,36,28,44,135,12,0,0,0,0,1,55,65,29,2,0,0,3,3,16,1,8,6,3,28,21,4,1,53,10,32,135,11,4,2,18,135,22,5,7,0,0,7,36,69,3,0,0,0,33,67,32,32,18,3,0,2,27,34,12,8,8,14,135,97,6,3,0,70,21,8,32,36,18,86,33,65,85,0,0,0,24,103,27,50,135,18,0,0,2,6,5,0,0,1,37,120,14,28,10,22,88,33,50,89,16,25,7,72,135,4,0,0,0,7,5,9,135,11,0,0,0,0,1
48,14,0,0,0,14,51,25,4,6,4,16,13,30,98,12,0,1,18,114,70,35,12,1,5,49,114,114,30,2,0,0,24,1,1,9,27,61,79,82,114,44,13,6,10,32,94,56,29,31,114,19,11,26,11,9,0,30,114,12,6,36,9,0,114,37,22,36,16,4,3,89,114,32,48,49,7,1,16,80,44,14,10,6,3,29,47,89,5,26,50,9,5,28,3,0,114,49,16,7,1,0,0,47,61,15,69,76,0,0,2,44,65,43,48,36,0,0,4,23,40,30,11,7,2,0,0,0
3,6,0,0,0,17,117,16,0,0,0,0,0,130,95,2,13,19,0,0,0,121,29,1,55,87,0,0,0,12,3,0,9,2,2,6,1,12,130,51,81,7,0,0,0,36,130,88,72,87,0,0,0,11,7,6,80,81,1,1,4,8,1,1,20,25,50,74,1,1,19,10,130,42,8,0,0,0,3,31,130,93,1,0,0,0,0,8,40,65,10,40,16,5,1,0,2,8,23,85,26,0,0,0,119,32,7,4,3,0,0,4,130,89,0,0,0,0,0,1,26,24,3,32,3,1,0,0
1,9,2,2,12,22,65,49,7,16,23,16,10,3,71,27,2,3,46,109,57,34,32,6,7,28,24,125,53,11,7,11,4,1,26,48,20,25,63,56,9,1,11,68,10,22,125,71,89,39,35,9,11,41,125,70,8,116,112,26,15,16,1,0,34,7,13,30,2,3,7,30,29,10,47,125,34,22,14,13,125,42,26,37,19,10,6,69,52,35,39,0,0,0,2,19,70,30,21,3,0,0,0,11,12,11,61,73,33,26,4,3,121,18,52,40,21,17,12,63,31,3,1,0,0,0,66,78
2,62,65,11,4,0,0,0,14,36,11,3,33,30,7,9,121,47,1,1,23,21,17,38,35,11,5,14,5,11,18,8,2,7,23,17,53,28,21,10,21,13,19,7,94,119,22,18,121,26,9,1,19,35,7,64,51,5,12,15,62,26,11,14,5,46,42,19,98,50,36,19,9,121,121,18,32,44,28,10,102,58,112,52,35,6,13,40,19,0,0,3,40,121,55,38,79,58,28,9,10,3,2,5,26,76,62,16,7,0,0,0,0,4,25,121,59,5,4,3,7,8,18,108,47,85,13,5
1,0,0,3,129,24,0,0,129,54,0,0,53,8,0,2,102,24,0,0,1,50,26,7,0,1,2,0,29,128,15,0,16,0,0,0,129,105,0,1,129,29,0,0,25,21,1,6,56,6,0,8,68,82,18,4,3,3,4,12,31,89,32,21,38,5,0,0,64,128,7,5,129,11,0,1,7,7,1,24,41,2,3,43,86,24,1,9,0,3,25,81,30,17,8,8,52,4,0,0,3,35,42,97,129,16,3,2,0,0,0,49,58,13,53,71,11,8,0,3,0,1,83,59,6,5,0,0
0,0,0,0,0,0,0,0,2,2,0,0,0,0,0,0,9,8,0,0,0,0,26,39,2,2,3,0,0,3,113,52,10,0,0,0,0,0,0,5,71,14,0,0,0,0,0,23,45,51,4,0,0,0,2,8,14,46,27,0,0,0,15,6,25,81,142,0,0,0,0,5,106,94,140,0,0,0,0,17,55,50,110,0,0,0,0,3,52,43,56,1,0,0,0,1,0,108,171,0,0,0,0,0,1,70,171,0,0,0,0,0,0,27,171,3,0,0,0,0,2,15,171,19,0,0,0,0
0,0,0,11,119,15,3,1,1,2,4,25,119,31,8,5,67,34,11,32,49,30,11,18,35,18,6,18,30,35,18,21,2,1,3,5,49,119,80,7,112,21,20,44,42,75,39,49,46,23,44,119,13,4,2,6,13,4,7,41,78,72,7,7,64,62,57,11,7,119,77,10,119,66,65,17,3,18,16,34,53,6,16,87,20,10,22,17,3,1,18,119,84,1,1,2,95,56,8,13,11,9,6,6,35,7,6,5,3,27,37,26,31,0,0,1,1,38,89,70,29,2,9,66,24,1,8,44
1,12,14,4,135,98,0,0,135,68,0,0,78,52,0,0,135,66,0,0,1,2,1,5,9,2,0,0,70,29,2,2,8,3,1,39,135,61,1,0,135,46,0,10,46,14,1,5,111,14,0,0,2,7,28,33,2,0,0,8,69,57,10,11,11,2,0,79,135,6,11,10,135,12,1,33,52,2,8,33,35,1,1,0,0,9,65,64,3,0,0,15,67,15,50,35,40,0,0,54,124,3,2,24,35,3,2,44,71,2,1,40,21,6,8,3,1,2,12,55,11,15,7,13,6,2,15,10
1,23,10,0,6,73,51,9,2,3,1,0,0,15,111,89,1,0,0,0,0,12,111,77,27,6,0,0,1,41,109,23,3,0,0,6,84,76,33,10,97,18,9,13,22,27,65,61,15,7,9,38,47,27,91,51,60,10,0,0,3,8,73,111,11,8,28,67,64,10,4,6,111,25,45,60,23,14,4,22,14,2,3,28,111,94,14,16,0,0,0,3,17,43,77,89,89,14,22,20,9,30,14,60,24,6,62,102,4,1,0,7,0,1,32,111,55,5,0,1,0,0,14,96,47,26,6,4
1,1,14,46,80,29,1,0,143,5,9,45,7,0,0,30,143,1,0,3,10,3,0,68,9,0,12,75,76,38,9,5,60,12,21,70,12,9,3,17,105,13,16,143,16,0,0,8,143,15,5,7,1,0,0,46,27,4,24,61,7,1,12,16,120,5,7,34,6,0,0,47,49,19,32,139,7,1,3,13,143,38,20,19,0,0,0,31,50,7,32,55,5,1,12,12,36,3,6,68,18,0,1,33,14,1,3,11,3,10,37,45,115,3,2,2,0,7,17,104,78,1,10,7,0,0,0,59
35,3,0,3,16,97,11,18,1,0,4,14,98,130,6,2,0,0,12,44,37,11,0,0,1,25,9,18,16,0,0,0,13,1,0,0,9,130,38,9,98,8,4,10,13,95,34,34,23,8,4,29,85,49,2,2,61,110,5,1,14,9,1,1,73,11,0,0,10,130,15,8,130,25,0,0,14,64,10,15,72,16,0,0,50,130,9,11,130,50,0,0,14,29,3,6,77,33,6,0,2,20,2,13,52,23,30,7,15,63,15,21,46,130,24,3,17,58,1,0,60,96,3,6,69,34,0,0
14,2,0,0,122,109,9,3,65,22,11,35,24,35,13,5,30,17,7,99,53,0,0,0,128,58,1,5,2,0,0,0,32,4,1,61,128,14,1,6,128,22,5,36,24,1,0,2,46,36,15,128,64,0,0,0,128,108,9,13,3,0,0,0,29,6,3,108,97,2,0,4,107,10,4,39,33,0,5,41,45,19,11,46,16,5,26,30,128,58,9,13,1,0,1,11,7,2,0,8,76,22,3,1,12,0,0,4,51,10,8,28,32,0,0,0,0,3,40,37,128,0,0,0,0,0,3,44
7,0,0,9,118,8,6,58,25,15,3,6,26,9,25,85,103,119,10,7,16,2,2,3,63,30,0,2,91,17,1,1,10,0,0,48,119,2,2,15,119,50,0,1,3,0,7,43,101,91,1,0,0,1,42,39,12,9,2,11,66,29,31,17,12,0,0,106,119,1,0,1,119,7,0,15,15,0,3,92,52,1,0,0,0,0,38,103,64,9,11,7,5,1,8,33,0,0,2,114,119,1,0,0,19,0,2,55,38,0,0,56,36,0,0,1,0,0,0,119,65,1,0,0,0,0,1,73
0,3,46,16,22,66,10,0,5,74,93,4,13,36,5,5,68,124,21,0,0,0,2,11,35,40,12,5,1,0,0,0,0,4,76,23,7,90,49,0,16,22,53,2,2,84,123,26,124,31,5,0,0,3,31,71,66,43,7,0,0,0,0,4,5,6,3,0,5,124,100,2,85,62,2,0,0,41,75,16,124,58,0,0,0,0,5,21,70,7,0,0,0,0,9,35,3,63,124,3,7,20,4,0,28,124,121,0,0,0,0,1,69,103,24,6,1,1,5,5,13,1,6,10,7,28,56,15
4,0,0,1,23,8,61,93,114,3,0,0,0,0,20,140,46,17,2,0,5,9,17,15,4,4,7,16,28,3,5,3,32,0,0,31,86,7,12,35,140,1,0,0,4,4,3,60,103,3,0,0,41,54,28,26,81,14,12,8,3,9,11,21,33,11,11,140,63,0,0,1,140,55,9,21,10,2,0,4,115,29,1,15,80,13,0,2,112,25,0,0,41,40,2,1,4,14,20,133,39,0,0,0,116,122,28,36,5,0,0,0,44,43,22,38,22,0,0,0,38,19,3,17,74,11,0,0
0,5,17,10,4,48,111,4,14,6,11,39,54,45,50,14,15,7,7,12,14,57,37,27,0,0,2,3,4,26,90,34,10,0,0,3,16,75,88,12,119,23,14,21,6,14,36,42,18,10,38,119,52,27,1,1,0,5,14,26,47,13,4,9,54,44,0,0,4,74,98,21,119,98,5,3,7,12,15,42,24,6,4,26,99,69,7,9,14,62,30,16,48,11,4,9,83,119,57,0,0,7,8,3,62,119,20,6,40,9,0,0,4,4,4,5,119,119,34,14,47,11,1,0,5,22,38,114
40,1,0,7,10,21,55,39,18,4,7,8,7,5,31,55,9,1,0,1,13,32,40,23,0,0,0,1,55,88,31,16,55,20,7,30,120,63,57,39,120,23,6,9,34,13,40,120,38,1,0,7,120,31,16,39,14,0,0,23,120,36,18,36,14,34,119,120,68,1,0,1,120,120,106,26,31,2,2,7,54,18,7,40,120,3,2,8,43,13,5,81,120,1,0,6,7,8,32,10,10,0,1,5,2,7,24,9,65,26,19,6,15,12,16,24,29,8,20,15,7,15,15,59,56,6,0,0
6,0,0,0,2,1,106,107,43,0,0,2,1,5,35,118,4,1,3,14,6,34,59,20,6,3,3,2,4,4,26,38,42,2,13,56,10,2,21,41,118,5,2,7,18,8,8,97,28,3,3,45,118,75,68,39,98,9,3,9,11,7,35,118,13,15,110,118,0,0,0,2,118,98,64,35,7,0,0,7,34,30,79,118,67,0,0,2,75,91,94,23,5,0,0,14,4,16,70,38,0,0,0,0,10,48,81,24,2,0,0,0,7,26,41,15,0,0,0,1,2,17,39,10,17,2,0,0
0,0,0,0,0,84,124,2,5,0,0,0,0,16,124,124,28,0,0,0,0,0,10,124,5,0,0,0,0,0,0,5,6,8,0,0,0,90,106,7,61,32,11,0,0,7,53,124,124,26,1,0,0,0,0,124,34,1,0,0,0,0,0,8,55,81,8,1,1,9,4,2,57,124,102,0,0,0,0,10,124,124,22,0,0,0,0,8,29,8,0,0,0,0,0,1,121,28,1,1,0,0,0,10,104,44,10,0,0,0,3,59,101,24,2,0,0,0,0,30,11,1,0,0,0,0,0,1
0,8,44,26,5,2,0,0,0,1,27,29,6,2,0,0,0,0,37,218,9,0,0,0,0,0,20,255,160,0,0,0,0,0,0,2,31,20,0,0,18,5,7,7,10,11,2,3,2,2,19,45,2,0,0,0,0,1,38,236,1,0,0,0,1,0,0,4,56,2,0,0,60,3,1,2,16,1,0,5,20,3,16,23,0,0,0,0,0,0,20,30,0,0,0,0,0,0,0,10,32,2,0,0,40,9,1,6,10,0,0,0,21,2,0,2,0,0,0,0,0,0,1,15,0,0,0,0
0,0,0,0,22,14,0,1,6,0,0,0,94,121,45,36,80,0,0,0,4,17,34,141,13,0,0,0,0,1,0,9,5,0,0,3,70,10,0,11,27,7,6,35,141,107,11,33,141,29,6,7,26,24,10,141,56,1,0,0,5,6,0,11,32,0,0,18,33,0,0,48,11,28,88,141,141,7,0,2,141,141,89,36,9,1,0,8,45,10,0,1,15,4,0,1,74,4,2,3,1,0,0,51,4,1,19,40,16,6,3,3,17,21,23,10,3,8,11,7,9,1,0,2,8,3,24,13
10,3,19,12,9,1,0,2,2,7,12,8,19,22,22,9,17,7,4,2,3,2,19,39,2,0,1,42,77,4,2,3,15,6,0,0,44,11,0,1,9,2,0,6,142,142,87,36,142,8,0,2,11,29,88,142,33,0,0,45,37,0,0,18,3,6,0,10,61,1,0,0,27,28,11,130,142,31,6,7,142,120,11,29,26,7,6,34,65,12,0,12,7,0,0,2,0,1,0,10,15,0,0,0,5,21,37,139,85,0,0,0,93,125,42,30,5,0,0,0,19,13,0,1,0,0,0,0
0,0,0,0,35,72,69,19,25,0,0,0,1,10,69,134,12,0,0,50,19,0,0,23,0,0,2,121,31,0,0,0,13,5,3,62,134,76,32,18,134,24,3,14,19,17,36,134,117,1,0,9,1,0,0,28,0,0,0,90,26,0,0,0,6,10,12,134,134,0,0,0,134,90,29,65,17,0,0,1,134,17,0,0,0,0,0,1,1,0,0,22,5,0,0,0,0,1,21,90,21,0,0,0,34,87,72,44,2,0,0,0,31,35,1,0,0,0,0,0,0,0,0,2,0,0,0,0
0,0,0,0,7,0,0,0,9,15,9,31,136,49,0,1,136,120,14,17,36,20,1,4,32,14,0,0,0,0,0,0,0,0,0,3,33,9,0,0,16,17,8,50,136,65,4,12,136,92,8,13,22,11,4,77,34,8,0,0,0,0,0,10,0,0,0,10,32,12,0,0,21,10,4,76,136,108,9,13,136,66,4,12,16,19,9,51,37,10,0,0,0,0,0,3,0,0,0,0,65,30,0,3,68,10,0,0,136,136,11,28,136,54,0,0,5,20,7,53,20,4,0,0,0,0,0,1
0,0,0,1,20,4,0,0,4,20,7,52,136,54,0,0,136,136,11,28,69,10,0,0,66,30,0,3,0,0,0,0,0,0,0,2,37,10,0,0,16,19,9,50,136,66,4,12,136,108,9,13,22,10,4,76,32,12,0,0,0,0,0,10,0,0,0,10,34,9,0,0,22,11,4,76,136,93,8,13,136,66,4,12,16,17,8,50,33,9,0,0,0,0,0,2,0,0,0,0,33,14,0,0,37,20,1,4,136,120,15,17,136,49,0,1,8,15,8,31,7,0,0,0,0,0,0,0
0,0,0,0,0,0,36,7,2,1,0,0,0,5,127,61,5,2,0,0,2,92,106,17,14,5,3,4,8,44,38,28,6,4,0,0,0,0,9,11,55,8,0,0,0,3,25,47,22,28,5,5,6,19,18,16,20,48,11,5,43,90,8,8,7,21,2,0,0,0,0,0,30,51,18,14,13,10,4,2,14,4,2,10,34,55,64,85,22,7,6,64,136,88,23,82,3,37,4,0,0,8,10,0,4,64,31,21,35,138,67,0,37,0,3,14,76,138,138,114,138,5,12,54,7,13,40,138
0,0,0,1,2,4,1,1,0,0,0,0,1,33,48,5,1,0,0,0,0,4,46,37,0,0,0,0,0,0,0,6,0,0,0,0,42,17,0,0,15,1,0,5,148,148,89,33,148,6,0,0,15,35,90,148,37,1,0,0,0,0,0,20,0,0,0,10,58,1,0,0,40,26,9,115,148,23,3,5,148,110,8,26,38,6,3,20,56,8,0,0,0,0,0,2,0,0,0,7,21,0,0,0,16,20,9,87,148,10,0,2,148,77,9,21,15,2,0,9,23,5,0,0,0,0,0,0
0,0,0,1,26,5,0,0,17,2,0,11,148,72,10,24,148,8,0,2,13,18,9,91,18,0,0,0,0,0,0,7,0,0,0,2,59,7,0,0,39,6,3,21,148,101,9,28,148,22,3,5,39,24,8,123,56,1,0,0,0,0,0,11,0,0,0,20,37,0,0,0,15,34,89,148,148,5,0,1,148,148,90,33,15,1,0,6,42,17,0,0,0,0,0,1,0,0,0,6,0,0,0,0,0,4,46,37,1,0,0,0,1,33,48,5,0,0,0,0,2,4,1,1,0,0,0,1
21,7,12,16,39,18,4,7,11,31,11,48,128,32,0,2,79,152,7,5,5,0,0,4,14,97,1,0,0,0,0,0,1,5,43,77,37,4,0,0,33,7,2,101,152,19,4,22,152,37,0,1,13,5,3,66,39,12,0,0,0,0,0,1,0,0,3,13,69,7,0,0,51,14,0,15,152,34,0,2,152,54,0,1,23,2,0,8,40,5,0,0,0,0,0,0,0,0,0,0,79,13,0,0,64,6,0,0,152,45,0,6,152,28,0,0,6,2,0,5,21,3,0,0,0,0,0,0
26,25,10,3,51,35,0,0,120,41,1,0,5,9,3,14,29,3,0,8,61,113,11,8,11,2,3,30,57,63,39,65,21,12,43,23,47,13,1,5,120,15,4,13,19,12,4,38,35,3,4,75,85,50,12,33,30,27,81,120,28,5,3,58,11,30,92,83,43,6,0,1,120,83,43,23,21,19,16,13,24,3,18,96,48,18,40,64,39,24,69,45,4,0,2,75,0,12,94,108,2,0,1,0,3,13,45,73,102,26,5,1,14,4,6,5,47,32,33,96,51,18,28,5,0,0,3,78
10,14,4,33,141,22,1,4,148,69,2,2,2,0,0,32,148,9,0,0,0,0,0,84,15,0,0,0,0,0,0,9,62,6,0,0,148,91,5,12,148,14,0,0,2,10,23,93,148,12,0,0,0,0,6,148,65,1,0,0,0,0,0,16,75,26,2,6,81,53,0,1,123,52,2,4,6,6,6,11,148,79,0,0,0,0,1,11,57,4,0,0,0,0,0,0,10,7,1,6,9,2,0,0,15,4,0,0,0,0,0,1,17,4,0,0,0,0,0,0,1,0,0,0,0,0,0,0
82,2,0,6,13,25,10,13,145,29,0,0,0,0,0,15,145,6,0,0,0,0,0,112,36,2,3,12,5,0,0,44,98,4,1,35,50,0,0,8,145,23,4,3,0,0,0,15,74,13,8,28,1,0,0,138,25,0,0,2,1,0,13,145,64,5,1,33,98,0,0,2,145,11,2,2,0,0,0,12,76,12,8,79,11,0,0,15,17,1,1,22,6,0,9,121,34,9,1,26,89,0,0,0,145,16,0,0,0,0,0,0,98,10,4,41,12,0,0,0,9,11,6,47,12,0,0,3
143,27,12,23,3,2,9,57,143,143,63,5,0,0,0,12,43,67,12,0,0,3,6,46,6,2,0,1,0,16,59,20,143,91,84,59,8,0,0,7,143,41,15,3,0,0,0,30,41,19,33,58,4,6,8,8,7,16,20,16,3,15,16,4,30,75,113,25,0,0,0,1,143,48,27,12,0,0,0,18,97,19,38,69,2,0,0,4,1,26,89,24,0,0,0,0,8,55,21,19,4,1,4,3,143,79,9,14,2,0,0,2,68,25,8,2,0,0,0,0,0,2,14,1,0,0,0,0
11,0,0,0,88,42,0,1,134,20,0,4,10,8,5,8,62,5,1,11,20,15,29,50,62,16,13,10,1,0,7,69,26,0,0,0,104,33,0,4,134,42,9,24,11,3,0,10,33,16,16,134,63,9,7,42,57,36,12,14,4,0,12,134,22,5,2,1,86,26,0,5,134,45,4,7,9,2,0,41,60,31,70,97,44,0,0,8,19,134,83,16,2,0,0,4,3,93,85,6,22,7,0,0,86,134,50,0,1,0,0,2,22,73,44,3,0,0,0,0,0,44,28,0,0,0,0,0
9,1,1,0,0,2,38,134,12,0,0,0,5,67,42,73,134,18,1,0,1,15,10,48,44,31,17,0,0,5,0,1,17,32,134,29,1,1,10,58,40,12,43,72,15,55,39,56,134,19,5,4,1,11,12,78,65,1,0,0,3,12,24,20,0,11,122,50,19,36,0,0,13,22,71,134,25,38,13,5,134,89,36,17,1,1,9,47,38,7,1,0,0,1,17,36,0,0,0,0,42,89,0,0,1,2,7,7,30,81,43,14,19,9,11,1,1,4,54,134,13,4,0,0,0,0,26,113
27,83,33,80,69,30,12,1,76,138,40,9,1,4,9,5,49,105,27,36,6,2,6,11,28,46,14,28,9,7,8,18,69,22,8,96,88,5,4,30,138,90,8,11,3,1,2,67,57,62,36,82,14,0,0,5,19,32,27,26,7,5,6,8,30,23,39,138,133,14,9,24,138,88,36,20,7,2,3,72,73,46,20,18,3,0,1,19,0,22,19,15,51,15,0,0,15,16,32,31,10,12,15,8,80,55,32,5,0,0,2,31,71,20,2,2,2,0,4,51,0,2,1,22,90,9,4,5
0,2,1,2,8,30,65,26,2,7,33,39,9,2,67,26,0,2,66,125,55,22,29,4,10,23,39,122,44,3,1,10,1,0,7,24,27,40,75,34,7,1,6,44,12,22,125,65,77,37,23,13,22,31,125,69,7,120,125,36,19,6,1,0,49,6,8,22,3,5,8,36,18,10,35,125,32,9,10,9,125,49,20,26,14,3,5,62,63,58,32,0,0,0,4,27,89,55,18,0,0,0,0,11,9,18,51,71,29,7,1,1,100,17,39,41,18,9,9,60,30,1,0,0,0,0,61,100
3,64,97,26,3,0,0,0,18,39,17,2,15,22,11,14,124,24,0,0,8,13,23,43,42,8,1,4,5,14,11,13,0,2,25,28,46,35,18,1,17,9,13,7,65,109,22,11,124,27,7,1,10,27,9,53,54,6,3,10,82,56,9,9,3,43,43,16,73,54,26,10,7,117,124,23,24,32,19,2,110,57,100,46,25,12,20,32,20,0,0,2,70,124,51,24,76,77,25,4,4,1,1,6,24,79,74,29,6,0,0,0,0,1,20,124,69,16,5,1,2,8,7,86,64,90,14,1
57,60,71,26,14,1,0,9,101,47,5,0,0,0,3,25,46,25,0,0,0,0,3,9,17,65,16,0,0,0,0,0,14,58,68,6,4,2,3,64,22,40,13,1,15,24,4,7,148,26,0,0,0,4,2,8,64,37,1,0,0,2,1,1,6,2,1,0,1,5,54,148,32,1,0,0,9,31,59,101,148,9,0,0,0,3,2,24,48,4,0,0,1,70,34,9,0,0,17,14,0,0,66,148,13,0,1,4,0,0,99,148,73,0,0,0,3,6,12,148,8,0,6,22,72,132,25,25
6,2,31,36,11,0,1,5,47,1,1,15,20,3,8,110,12,0,1,65,83,1,2,51,1,2,5,45,28,1,0,0,0,0,5,18,63,19,31,59,39,2,0,32,105,9,14,80,123,13,12,76,25,0,2,86,8,3,14,123,105,3,0,0,2,0,0,11,117,17,27,92,58,52,5,13,43,9,21,64,123,113,3,7,38,4,1,8,14,4,1,20,123,13,0,0,19,0,0,48,123,4,5,19,123,35,0,1,2,0,6,47,67,39,0,0,13,9,30,47,4,10,30,42,92,11,6,4
7,0,0,0,96,123,3,3,123,25,0,0,7,12,8,82,102,12,0,0,0,0,19,123,21,0,0,0,0,0,3,73,3,1,3,3,78,63,0,1,70,19,10,2,4,0,1,111,123,33,0,0,0,0,8,123,67,10,0,0,0,3,26,53,6,58,7,0,21,30,0,0,19,123,63,1,0,0,0,2,120,115,29,3,12,11,24,20,16,1,0,0,5,36,123,23,17,123,8,0,1,5,0,0,11,123,28,2,4,0,1,6,0,17,13,27,65,9,4,1,0,1,34,22,37,25,27,8
13,0,0,2,22,22,45,84,56,4,9,59,16,2,11,86,10,15,77,115,25,7,7,6,19,71,73,11,0,0,3,7,35,14,2,44,115,23,8,44,115,42,4,7,2,1,6,115,46,11,47,55,14,3,6,15,21,49,71,19,3,0,0,1,14,75,61,115,80,0,0,0,97,115,25,12,43,46,43,31,87,13,1,1,10,20,55,101,33,4,0,2,2,12,27,20,1,12,52,66,11,2,3,2,9,35,67,114,73,20,4,4,84,89,35,16,25,26,6,18,8,2,0,0,24,61,26,15
39,9,0,1,110,28,0,1,133,37,0,0,1,0,0,25,53,26,3,3,4,10,7,43,1,3,9,22,58,91,6,3,38,0,0,2,75,29,0,6,133,16,0,0,0,0,0,30,111,70,15,9,2,0,0,3,11,41,133,75,22,4,0,0,13,0,5,10,17,22,5,9,133,4,0,1,0,0,1,76,133,119,1,0,0,0,0,15,24,133,37,1,0,0,0,0,1,0,71,111,14,1,0,2,133,9,5,35,8,0,0,50,133,42,0,0,0,0,0,26,34,33,0,0,0,0,0,0
67,2,1,5,8,3,25,112,73,2,11,8,6,4,28,88,25,9,6,5,7,2,19,31,11,2,2,6,4,21,20,15,112,89,35,85,15,1,1,22,107,41,5,21,73,65,83,57,112,14,2,4,20,24,60,112,10,0,0,0,45,54,41,14,12,84,112,98,4,0,0,0,18,60,112,112,70,8,2,4,112,112,83,32,44,6,3,15,16,12,6,21,106,11,4,5,3,3,16,11,6,25,21,15,11,7,47,22,20,3,4,16,2,11,28,13,55,31,15,4,6,8,19,24,29,4,6,5
5,2,4,14,82,29,9,21,143,0,0,2,31,18,8,61,81,0,0,0,0,0,0,7,0,0,0,0,0,0,0,0,35,12,1,16,77,69,39,130,143,38,0,3,49,44,7,39,122,1,0,0,0,0,1,15,0,0,0,0,0,0,0,0,33,39,19,7,41,64,41,52,143,70,0,0,3,14,29,143,72,2,0,0,0,0,20,98,0,0,0,0,0,0,0,0,19,6,5,13,37,86,29,24,143,25,0,0,0,4,12,127,143,3,0,0,0,0,2,41,0,0,0,0,0,0,0,0
86,3,1,0,0,0,14,129,98,0,0,2,1,0,5,129,17,1,10,16,9,30,7,16,8,3,3,2,8,33,14,12,91,43,94,24,0,0,0,36,129,33,9,1,4,6,6,59,44,6,0,0,38,116,25,11,44,76,0,0,2,52,23,9,6,15,115,57,13,39,22,7,72,28,27,8,4,25,65,45,30,116,17,0,11,91,78,16,60,129,0,0,0,8,3,1,7,0,0,0,3,57,72,20,89,50,18,0,0,9,16,31,50,129,43,0,0,1,3,9,20,96,0,0,0,0,0,1
2,10,17,36,74,75,16,2,100,72,17,7,6,22,35,66,59,7,0,0,2,2,12,59,2,2,25,33,30,9,1,3,0,10,24,68,51,76,8,0,27,49,23,10,5,102,123,31,123,6,0,0,0,5,80,123,44,5,10,2,0,3,6,18,0,0,0,2,123,123,6,1,79,45,2,3,46,111,57,14,123,53,0,0,0,1,13,52,39,1,0,0,0,6,29,37,1,2,6,35,123,18,1,2,48,101,19,20,36,1,0,0,123,52,0,0,0,0,0,15,31,17,1,0,5,6,3,10
53,61,33,26,32,51,47,38,105,32,2,0,1,3,21,82,4,4,39,52,59,40,7,8,6,76,117,32,18,22,32,8,22,32,23,21,28,123,123,21,123,35,1,0,0,10,97,123,65,9,27,10,0,6,18,22,0,14,46,4,0,2,21,6,58,92,15,12,92,70,23,5,123,116,0,0,0,2,10,43,43,8,1,0,1,8,44,47,9,0,0,0,0,3,28,31,28,84,28,33,28,1,0,0,123,106,3,0,1,1,0,4,19,21,4,4,24,39,11,6,9,14,5,1,5,15,37,42
129,6,0,0,2,71,111,129,97,2,0,0,0,20,37,113,2,0,0,0,0,27,48,23,1,0,0,1,1,3,40,14,129,60,5,14,26,32,10,58,129,13,0,0,3,3,21,115,19,11,3,6,58,50,53,16,23,29,3,3,7,18,86,42,121,109,30,57,13,0,0,10,129,81,0,1,6,2,3,21,25,20,15,38,66,18,7,2,22,65,14,9,9,22,11,4,33,85,25,40,7,4,15,19,44,93,1,0,0,34,59,15,10,11,4,4,3,20,70,12,14,17,19,20,6,15,11,7
0,0,0,0,2,73,48,0,33,0,0,0,1,39,51,61,41,0,0,0,0,0,0,18,1,0,0,0,0,0,0,0,8,1,0,0,46,135,68,17,135,11,0,0,25,55,45,89,125,1,0,0,0,4,1,16,0,0,0,0,0,37,29,4,41,42,11,31,75,27,10,18,135,52,4,15,34,4,0,6,129,2,0,0,25,61,1,6,21,1,0,0,41,135,56,23,12,35,11,36,37,0,1,1,135,26,5,19,16,0,0,7,87,5,1,24,110,43,0,3,49,61,37,57,129,114,9,7
0,60,121,11,0,4,23,4,75,112,80,9,1,2,10,25,60,46,19,5,1,0,1,91,7,1,4,121,117,20,3,14,5,4,18,36,26,62,121,31,121,35,9,8,2,6,78,107,95,56,5,0,0,0,0,40,50,2,5,58,5,0,0,24,13,13,77,121,22,14,12,30,121,92,53,37,3,3,6,40,102,21,2,0,0,8,5,17,72,10,0,0,0,1,1,14,43,20,18,12,6,8,5,43,81,58,42,9,4,4,1,20,50,72,6,0,0,1,0,7,24,42,0,0,0,0,0,0
2,4,2,17,151,90,0,0,37,22,3,8,18,1,0,0,4,1,0,0,0,0,0,0,0,0,0,0,0,0,0,0,15,15,8,82,151,129,44,13,151,92,11,42,31,1,0,8,91,10,0,5,15,0,0,5,0,0,0,2,3,0,0,0,21,56,120,33,31,41,53,53,151,78,69,7,8,1,3,52,97,12,2,5,15,5,11,53,1,6,9,13,6,0,0,0,1,45,151,17,0,4,7,0,25,64,151,7,1,16,23,7,26,43,21,3,0,1,8,25,11,12,7,5,1,0,0,1
14,32,2,1,0,12,6,8,6,6,5,16,2,30,32,8,131,24,3,3,0,2,10,29,36,2,0,0,0,0,0,1,1,13,0,0,5,134,51,0,21,5,7,5,7,134,134,45,134,14,1,0,0,4,42,134,61,0,0,0,0,0,0,7,1,1,2,74,60,72,15,3,46,57,61,21,17,35,19,42,134,127,16,0,0,0,3,27,60,7,0,0,0,0,0,0,0,0,1,107,89,1,1,3,44,6,1,28,60,9,23,113,134,16,0,0,0,0,1,96,36,1,0,0,0,0,0,1
1,0,2,4,6,28,34,9,5,14,11,4,1,2,60,35,57,33,6,0,0,0,16,32,14,8,7,1,0,0,0,1,0,1,0,36,92,41,38,9,28,1,0,11,33,41,144,64,144,5,0,0,1,6,59,128,33,0,0,0,0,0,0,4,0,0,0,76,137,18,0,0,89,27,1,21,144,40,9,5,144,68,0,0,5,2,3,11,36,4,0,0,3,1,0,0,1,1,0,4,55,144,14,0,71,98,9,4,60,45,1,0,144,122,0,0,0,0,0,0,12,4,0,0,6,3,0,0
17,44,0,0,3,120,6,0,70,120,4,1,3,15,5,21,89,40,2,2,2,4,29,113,7,5,2,9,19,80,44,23,79,120,22,6,7,28,1,0,57,110,25,47,106,11,1,13,120,53,13,19,16,5,1,41,24,11,10,107,45,13,3,5,20,120,120,16,4,0,0,0,13,42,120,101,49,0,0,1,90,105,119,12,4,0,0,11,15,12,33,57,18,0,0,2,0,5,35,2,0,0,0,0,0,1,50,6,0,0,0,0,0,8,42,0,0,0,0,0,0,2,19,3,0,0,0,0
66,96,0,0,0,48,7,8,115,104,0,0,0,1,25,115,12,13,0,4,25,77,60,47,22,6,5,7,37,75,11,9,43,115,16,14,36,11,2,10,115,58,7,7,12,7,10,77,33,24,13,83,53,65,36,25,60,15,3,16,9,40,14,11,27,73,58,78,97,3,0,3,115,88,64,23,22,2,0,35,56,19,13,115,46,0,0,10,12,11,51,71,24,8,1,1,0,9,105,38,3,0,0,0,11,54,115,7,0,0,0,0,7,16,48,21,4,0,0,0,0,16,82,25,2,0,0,0
92,37,3,1,2,0,0,0,5,7,6,16,97,15,0,0,111,23,0,2,59,10,0,6,84,10,1,0,3,38,10,8,98,35,0,0,6,21,4,2,15,2,0,0,98,122,4,2,122,23,0,0,28,32,5,8,32,4,0,0,16,92,23,7,21,9,0,0,1,106,122,21,50,0,0,0,14,122,105,46,122,20,4,6,11,10,4,16,10,4,14,50,49,17,2,1,2,4,35,50,11,62,112,10,122,13,19,8,0,16,56,87,122,21,9,6,0,0,0,49,17,8,35,69,11,1,0,1
0,0,29,135,16,2,1,0,6,51,61,135,20,16,13,1,70,135,39,8,1,3,8,4,6,70,57,40,50,1,0,0,0,0,1,115,52,23,45,8,27,31,36,135,51,1,0,1,135,101,15,16,2,0,0,12,23,11,2,74,69,0,0,3,27,6,1,8,5,7,44,58,29,8,5,135,54,0,0,13,135,4,1,38,19,0,0,74,27,0,0,26,33,5,7,40,68,33,5,1,1,0,3,11,46,34,10,81,40,0,0,1,26,0,1,90,48,0,0,55,12,0,0,2,2,6,26,62
1,25,126,29,25,7,0,0,0,105,126,11,11,11,4,2,5,126,126,3,0,0,4,8,3,67,94,22,0,0,0,0,0,31,121,15,36,23,0,0,11,25,69,6,66,109,39,29,126,34,32,4,3,15,32,110,27,8,51,62,0,0,0,3,0,0,2,20,115,27,0,0,12,48,56,45,91,46,3,5,126,126,29,6,5,4,2,18,52,11,5,15,5,2,1,2,0,0,9,64,45,4,2,0,7,50,51,28,5,1,1,0,43,71,9,0,0,0,2,6,11,3,0,0,4,9,15,5
3,2,8,30,20,2,2,3,59,8,4,37,19,0,0,25,79,18,49,118,10,0,0,28,15,129,98,49,2,0,0,0,48,28,34,35,14,0,0,3,52,1,8,55,129,6,0,23,129,25,21,5,11,5,1,49,22,32,35,6,16,43,24,9,75,30,5,10,57,16,0,0,69,16,1,10,129,49,0,2,129,35,0,0,11,44,20,22,12,0,0,1,19,129,39,5,36,8,0,0,37,114,24,4,108,4,0,0,60,113,11,12,124,6,0,7,37,46,8,9,2,4,4,14,30,73,17,7
30,19,3,0,1,23,67,29,12,2,1,3,3,12,127,64,9,6,12,3,12,71,27,38,0,19,5,2,17,127,12,0,11,1,0,2,62,127,69,13,127,13,0,0,2,55,103,104,66,6,0,0,45,103,13,28,31,59,2,0,23,43,0,3,32,41,18,68,127,96,3,3,127,93,7,3,5,19,42,36,48,9,0,0,13,57,46,21,45,17,0,0,3,4,1,9,4,16,38,127,55,2,0,0,54,26,16,24,40,30,39,27,100,31,1,0,0,1,17,27,16,29,3,1,0,0,0,1
8,8,7,11,23,18,19,9,109,11,7,8,0,0,8,53,32,5,52,97,8,7,2,19,0,0,62,52,9,17,22,4,20,1,0,1,59,82,29,28,118,46,0,0,0,3,14,66,46,35,7,17,57,20,6,22,0,0,5,55,118,95,64,0,32,67,41,21,89,56,14,21,118,118,10,0,1,5,16,51,24,10,2,6,36,54,69,26,2,1,26,102,95,21,19,10,10,66,47,10,10,50,36,4,14,61,9,1,4,52,118,43,23,20,21,13,31,88,105,60,55,55,32,22,7,7,26,43
7,4,6,12,15,22,13,13,22,0,0,0,4,14,54,123,34,1,0,1,1,9,41,123,2,0,1,13,43,50,11,5,0,1,3,90,76,10,4,4,17,5,3,60,79,36,70,68,123,16,2,2,2,11,41,123,32,1,0,10,48,123,26,14,18,0,0,67,30,7,16,70,19,34,32,123,74,21,5,5,123,104,22,15,27,36,6,15,16,8,6,8,114,123,24,5,36,20,14,15,11,33,23,45,27,6,4,15,18,63,31,28,57,19,2,8,51,12,6,44,1,28,37,43,104,19,1,0
1,0,0,0,47,131,33,2,73,18,0,0,4,105,113,53,29,15,6,47,62,20,11,12,9,0,0,46,131,23,0,2,25,9,0,0,126,131,2,1,131,81,0,0,9,27,5,21,53,25,2,6,88,131,2,5,11,7,6,38,99,80,1,0,21,6,0,0,15,19,0,5,131,11,0,0,11,9,4,106,41,10,2,37,131,60,6,29,32,36,23,50,13,9,0,1,0,0,0,0,0,0,0,0,55,7,0,1,1,0,0,14,33,13,2,53,60,6,0,4,24,11,5,14,18,4,7,26
0,0,1,1,46,46,1,0,0,4,8,40,30,24,19,1,1,3,33,115,69,7,13,3,0,73,115,52,10,0,4,3,0,0,0,1,35,40,7,0,8,3,0,2,103,90,42,13,115,35,50,29,13,15,34,45,29,103,115,19,0,0,0,1,0,3,6,4,25,46,8,0,10,17,41,42,104,54,5,2,115,37,13,5,10,26,26,115,89,28,11,0,0,3,23,85,3,53,15,5,18,15,0,0,0,16,32,29,115,114,3,0,104,91,9,3,23,73,25,62,79,32,4,6,4,12,24,51
1,5,7,50,115,60,3,1,115,78,15,26,50,52,14,13,98,21,0,0,5,29,42,26,26,14,0,0,5,15,3,3,0,13,35,115,59,4,0,0,25,38,40,115,95,22,17,9,115,25,2,2,9,13,36,40,33,37,3,0,0,0,0,3,0,0,3,24,46,110,55,0,6,11,23,84,115,35,47,11,97,74,38,17,10,2,0,13,59,24,0,0,0,0,0,8,0,0,0,0,7,115,108,4,7,4,5,3,5,40,108,115,12,20,13,1,1,4,24,115,68,8,0,0,0,3,4,14
17,11,7,25,23,26,32,79,24,9,0,0,4,15,122,122,14,5,6,3,24,58,84,73,32,21,14,19,14,19,6,3,11,28,27,96,41,4,3,10,37,28,20,73,122,34,65,59,122,15,3,9,17,7,40,122,55,28,10,11,7,3,11,30,35,24,14,27,24,1,0,2,42,48,49,122,101,0,0,2,122,122,63,51,14,0,0,13,42,26,14,23,44,50,38,31,59,6,1,13,37,7,0,6,71,34,55,41,9,3,1,4,3,74,76,20,9,6,7,6,2,7,32,66,47,10,7,3
36,42,49,66,40,16,10,22,54,25,6,0,2,25,68,40,12,5,7,8,4,20,98,48,4,8,10,2,32,89,10,12,6,9,23,32,45,50,15,3,17,6,3,7,113,124,69,17,124,7,0,0,13,68,85,105,37,8,0,0,49,61,8,13,19,15,8,20,46,22,20,15,29,34,32,124,124,69,3,2,124,62,18,18,17,29,47,40,49,14,0,0,5,21,30,21,4,61,68,20,4,2,4,2,1,14,47,124,49,11,1,0,33,18,27,87,80,20,13,16,89,23,4,2,1,1,4,31
2,2,12,18,27,50,20,12,8,6,37,49,16,13,8,28,41,28,15,27,15,10,33,27,8,11,37,19,0,0,44,41,9,0,0,6,119,83,23,35,119,8,4,31,31,15,18,119,21,12,25,119,99,27,40,27,22,28,36,11,2,2,51,83,15,28,31,96,119,17,2,6,119,115,23,20,17,7,8,45,47,26,86,119,13,0,1,14,6,32,119,50,1,0,0,0,2,11,48,119,52,3,3,2,56,55,43,47,40,18,20,49,69,22,8,1,0,3,23,48,6,8,18,18,4,6,34,13
0,0,0,0,21,125,37,0,72,7,0,0,18,125,47,36,125,12,0,0,0,0,11,112,31,0,0,0,3,1,0,38,0,0,0,0,40,125,9,0,88,22,8,0,22,36,1,40,125,31,1,0,0,0,0,120,71,3,0,0,2,4,13,64,0,72,19,0,12,69,2,0,16,125,96,1,2,2,0,1,115,100,28,2,7,10,29,22,24,2,0,0,1,23,122,40,1,125,56,1,0,3,1,0,7,94,39,5,8,0,0,2,0,7,19,35,52,17,13,2,7,5,26,19,9,14,44,21
0,0,5,1,0,3,50,14,6,2,3,0,1,8,37,22,4,1,0,0,3,38,37,14,3,0,0,1,8,40,46,8,12,9,27,9,4,4,124,95,124,4,0,3,7,7,82,94,31,11,12,44,86,51,28,14,34,54,18,9,10,15,29,22,24,23,92,124,52,5,5,13,124,79,35,17,8,3,3,22,43,25,33,53,28,4,12,2,4,68,41,11,19,62,17,1,1,8,99,124,4,0,0,0,23,49,112,115,12,5,3,0,6,4,2,34,41,81,81,2,0,1,0,0,6,124,124,1
37,0,0,68,58,33,31,41,160,0,0,4,6,2,6,160,41,0,0,9,22,0,0,21,24,4,1,35,55,3,1,6,32,8,1,83,160,38,0,4,160,38,1,8,18,2,0,56,128,2,0,3,19,0,0,14,12,4,5,28,109,14,3,14,48,9,0,0,80,150,5,5,160,46,0,0,3,4,0,25,132,8,0,4,4,0,0,5,2,7,26,48,24,0,0,0,14,5,0,0,5,23,2,0,90,26,0,0,0,0,0,0,26,6,0,0,0,0,0,0,0,0,2,1,0,0,0,0
9,21,42,13,16,15,18,10,16,55,103,4,1,4,20,67,6,35,70,0,0,4,69,46,0,6,85,8,0,3,88,9,104,105,33,2,1,0,5,30,12,54,111,12,27,3,1,4,50,58,70,1,3,1,0,3,10,19,99,9,0,0,0,0,57,11,0,0,1,20,67,122,18,4,0,2,29,15,49,122,73,6,0,0,4,1,48,32,14,0,0,0,0,18,55,18,37,53,64,8,5,18,43,122,39,8,4,1,4,7,122,122,25,2,0,0,0,0,122,95,7,0,0,0,33,51,72,40
0,1,7,33,15,52,32,1,20,18,11,7,2,12,35,41,13,2,0,0,4,25,18,17,0,0,0,1,48,61,17,0,6,0,0,0,0,128,128,18,128,6,0,0,0,22,55,98,45,9,2,30,29,24,3,14,0,0,22,39,58,84,5,0,17,51,128,4,0,29,89,17,128,128,83,0,0,2,11,42,47,52,79,48,8,0,0,1,0,1,128,62,16,0,0,0,0,54,128,1,0,0,0,0,4,128,128,0,0,0,0,0,1,27,57,11,5,0,0,0,0,0,31,17,31,1,0,0
24,8,0,2,6,10,14,23,2,1,0,2,46,78,121,15,26,31,3,2,10,51,125,32,17,11,11,22,16,62,28,14,7,9,0,1,8,36,97,24,22,4,2,5,77,125,28,9,125,81,16,8,11,26,9,28,26,26,77,83,3,0,0,5,3,59,101,1,1,13,80,23,15,35,125,30,20,48,16,3,125,60,88,11,1,3,1,57,31,4,24,20,0,0,19,82,47,96,90,0,0,0,4,9,3,16,125,38,11,27,9,3,7,9,97,38,4,13,9,13,6,3,51,21,0,0,17,31
8,0,0,1,14,43,112,35,10,8,0,1,8,72,121,23,16,6,3,10,17,121,62,21,84,6,1,1,1,14,15,41,4,1,0,4,75,121,30,4,121,79,12,5,27,50,38,29,42,46,87,96,11,9,5,7,47,10,50,34,0,0,5,47,7,20,103,13,26,84,36,5,121,62,70,8,7,16,3,53,68,12,49,40,0,0,14,86,1,2,62,67,5,7,14,7,6,33,121,22,5,9,3,2,14,20,121,40,5,10,5,12,11,5,58,20,0,0,25,58,0,1,27,10,2,11,48,13
9,9,12,40,24,0,0,2,38,33,70,117,12,0,0,5,71,117,100,69,4,0,0,9,15,29,30,74,31,18,20,14,29,15,12,44,51,2,0,5,117,26,27,17,24,6,2,21,25,67,64,11,4,66,46,4,0,7,16,47,21,106,96,6,43,12,1,6,84,71,6,4,117,12,0,1,30,56,19,20,14,2,4,7,19,117,58,6,2,13,59,24,30,117,73,10,67,2,0,1,8,95,100,44,117,19,13,32,18,19,6,19,4,20,27,54,25,25,6,5,3,25,78,11,8,24,10,7
2,2,47,95,14,31,40,10,47,22,57,112,4,2,5,24,47,4,5,44,5,2,14,98,4,4,9,84,17,9,14,11,24,4,3,7,19,33,48,25,111,16,30,78,1,1,8,31,8,4,47,113,5,2,18,50,0,0,14,27,8,12,49,19,65,6,1,2,34,79,26,31,113,49,4,8,6,3,4,29,19,7,20,69,98,81,20,3,0,0,11,36,40,89,113,5,65,83,36,11,29,33,15,14,113,67,1,0,6,20,43,22,5,2,6,46,113,57,37,9,4,13,82,105,49,37,61,9
0,0,0,117,135,24,5,0,96,1,1,85,48,0,6,32,135,15,9,2,0,0,0,59,13,66,18,1,0,0,0,2,36,4,0,33,72,63,43,19,68,2,0,78,135,15,0,16,135,20,0,2,11,4,9,54,42,42,4,0,1,7,57,48,106,8,0,4,45,46,7,33,39,33,24,27,108,49,0,1,135,78,16,22,13,8,8,10,35,14,23,44,13,15,49,49,41,5,2,14,17,4,1,25,26,27,13,24,26,9,5,17,135,57,14,9,0,0,2,42,18,17,62,38,0,0,0,3
64,70,7,2,8,11,47,34,10,9,5,8,58,27,43,46,68,4,3,1,2,2,33,122,27,0,0,0,0,0,1,68,20,85,47,3,56,102,27,9,66,32,51,15,44,42,27,27,57,25,52,25,53,21,42,67,63,2,1,2,4,7,56,122,20,13,16,98,122,59,9,8,122,47,16,22,15,9,8,25,37,9,32,122,103,14,9,5,86,37,44,30,10,6,13,82,1,7,13,114,101,0,0,0,78,39,17,25,6,2,2,17,21,4,18,31,21,47,7,11,31,16,23,16,7,26,7,7
0,0,0,2,12,16,133,111,9,0,0,0,3,23,133,133,3,4,4,8,68,125,25,14,31,46,19,6,14,15,3,9,21,1,0,63,75,3,44,39,133,18,2,3,2,4,30,106,41,36,57,34,19,20,5,11,7,92,42,2,1,1,0,1,25,1,0,73,127,2,0,1,133,14,1,7,10,0,0,22,86,64,19,2,0,0,0,9,0,57,42,3,0,0,0,0,14,2,0,18,111,31,0,0,133,36,0,2,18,3,1,7,86,60,3,0,0,3,27,27,4,22,17,4,0,0,10,29
0,0,1,12,4,0,0,1,13,0,2,9,0,0,0,4,36,0,0,0,0,0,0,14,2,0,0,0,0,0,0,0,23,3,23,60,13,4,19,39,102,11,27,147,25,0,0,29,147,20,2,7,1,0,0,95,42,0,0,0,0,0,0,7,86,1,2,16,17,14,18,85,84,56,30,102,32,1,11,57,147,132,16,12,1,0,0,33,48,4,0,0,0,0,0,8,16,0,3,134,22,1,12,73,19,7,2,14,1,0,74,147,67,12,0,0,0,0,72,147,23,0,0,0,0,0,16,123
1,2,45,45,25,7,17,18,24,15,22,25,73,38,28,35,87,21,10,5,14,10,14,100,9,25,38,25,34,39,27,11,24,0,0,4,24,21,92,128,27,4,1,20,128,128,38,49,128,12,2,4,11,30,41,128,47,13,39,14,3,0,18,47,80,28,24,41,23,16,14,62,44,44,23,71,128,67,6,21,128,128,16,12,11,9,6,29,48,9,1,1,6,10,38,43,12,13,22,19,14,22,10,33,23,55,38,31,17,1,5,26,51,107,19,4,2,0,8,18,9,13,7,6,8,5,9,7
0,2,24,12,27,39,13,1,1,1,9,16,65,72,26,19,15,6,29,44,25,15,14,41,17,10,14,18,19,11,62,43,11,9,14,23,74,9,2,8,19,5,4,63,127,67,23,38,127,28,17,52,32,13,17,104,20,26,127,104,22,6,14,12,2,11,66,47,18,2,2,0,10,20,67,127,125,3,2,2,127,71,59,77,20,1,4,65,59,19,60,16,0,2,18,49,3,4,13,7,20,64,31,7,29,10,17,98,14,18,29,26,19,18,51,119,32,15,3,11,22,9,7,2,26,62,62,24
0,0,0,0,0,0,13,43,0,0,0,0,0,7,27,3,0,0,0,0,0,1,19,12,0,0,0,0,0,0,0,1,24,3,1,0,0,27,102,119,9,1,0,0,0,129,129,33,88,6,0,0,0,13,105,129,20,0,0,0,0,3,0,16,5,3,6,0,0,116,109,11,94,34,12,0,0,129,90,13,129,58,0,0,0,3,15,46,53,1,0,0,7,37,2,9,0,44,116,1,0,24,21,0,38,90,129,3,4,8,3,2,129,62,6,0,0,3,30,44,18,0,0,0,17,41,51,19
2,0,0,5,130,21,3,3,122,3,0,1,50,4,0,53,122,83,46,8,5,1,0,20,8,130,46,2,1,0,0,0,6,18,46,108,92,12,4,5,96,14,93,102,26,2,0,47,130,57,11,4,0,0,0,62,38,19,1,0,0,0,0,2,20,37,105,71,0,0,0,8,12,37,130,130,0,0,0,1,104,130,89,12,0,0,0,4,19,12,0,0,0,0,0,0,22,4,8,1,0,0,5,74,8,3,35,8,0,0,0,18,0,14,20,0,0,0,0,0,0,1,0,0,0,0,0,0
0,15,64,106,69,38,1,0,44,121,83,18,10,15,4,9,28,40,25,11,18,4,34,40,23,31,17,0,1,0,21,89,10,5,19,48,59,68,20,25,105,61,43,11,14,25,22,49,17,49,114,11,13,27,31,13,18,74,55,0,0,1,21,41,46,18,2,3,55,121,58,41,121,58,3,7,15,25,29,81,44,24,65,65,41,46,37,22,50,60,40,5,1,3,24,55,24,103,44,23,54,45,7,5,121,121,7,1,0,4,8,32,22,8,29,14,0,0,5,59,8,21,20,1,0,0,0,13
3,0,0,0,1,83,39,3,36,0,0,0,0,27,50,65,21,0,0,0,0,2,7,14,0,0,0,0,0,0,4,3,9,4,8,4,22,118,43,7,118,15,4,1,3,37,36,69,57,0,0,0,14,117,82,42,46,1,0,0,0,8,40,70,53,15,23,10,10,20,27,88,118,56,13,15,24,13,5,14,65,62,39,68,101,92,25,22,118,71,9,1,1,13,17,29,118,43,8,4,4,6,8,82,38,15,2,12,15,32,118,89,7,26,25,27,6,8,118,108,7,24,5,0,0,33,55,42
0,0,0,0,0,0,0,0,0,0,0,0,0,0,0,0,0,0,0,0,0,0,0,0,0,0,0,0,0,0,0,0,0,0,0,0,0,0,0,0,21,13,13,19,0,0,0,5,140,41,7,3,0,0,0,79,27,1,0,0,0,28,5,14,24,3,2,3,0,0,0,11,60,107,124,80,0,0,4,38,140,140,60,9,0,21,75,55,31,21,0,0,0,140,69,6,40,5,1,1,0,5,38,81,31,14,7,0,1,22,111,98,28,35,4,2,7,109,140,52,69,102,1,0,0,99,129,23
110,44,13,1,0,0,5,82,54,4,0,0,40,80,13,27,75,22,0,0,80,87,4,7,82,37,0,0,4,4,8,17,54,58,21,1,0,19,41,32,28,6,0,1,25,121,93,17,121,18,1,0,11,77,37,41,52,8,5,4,5,15,35,35,1,0,0,0,3,58,68,21,21,9,7,13,48,99,39,10,121,28,7,5,6,18,47,107,22,6,6,6,12,121,101,36,18,16,15,24,26,39,27,13,22,35,14,5,39,41,17,11,10,0,0,0,31,56,65,73,5,0,0,2,93,121,78,26
90,13,3,6,19,6,4,76,42,33,16,24,31,11,10,21,69,60,13,1,0,0,1,7,0,18,31,8,17,14,0,0,50,77,68,11,0,0,1,37,41,27,43,62,14,13,13,39,126,58,12,12,2,1,6,54,28,30,41,121,65,16,0,0,126,126,60,14,2,2,3,26,12,26,81,126,18,6,2,3,126,45,32,66,1,0,0,47,69,10,40,55,2,0,0,46,126,35,1,0,0,2,3,54,13,41,38,48,5,4,3,5,24,5,30,126,19,0,0,41,54,0,0,11,5,0,0,117
0,0,0,0,0,72,121,4,21,1,0,0,1,57,128,41,7,1,14,60,55,122,46,6,4,59,49,38,13,53,31,0,48,15,0,0,73,128,115,17,128,47,0,0,3,14,83,68,49,11,12,38,34,32,26,14,25,37,49,30,2,5,16,16,80,77,2,22,99,31,3,0,128,80,4,1,3,1,2,63,39,9,7,21,49,14,11,62,66,32,7,6,3,2,5,14,72,52,3,31,84,9,2,25,61,56,25,6,0,0,4,41,30,46,38,15,2,2,2,31,45,8,11,21,4,4,7,30
98,78,5,20,44,4,0,4,67,35,16,5,5,1,2,66,32,18,14,16,10,5,6,31,66,25,6,7,2,1,2,22,71,23,27,22,69,17,14,119,119,86,42,4,0,0,12,84,31,54,87,99,7,5,3,10,118,17,25,41,1,0,1,41,20,21,119,88,45,29,4,34,119,49,21,20,6,6,6,92,63,35,24,33,4,7,4,28,12,13,40,91,5,0,0,25,4,19,44,16,52,67,2,4,109,41,55,7,6,8,2,82,81,20,2,0,0,3,24,97,4,5,4,42,8,0,18,35
12,31,26,26,56,39,3,3,0,15,10,17,120,97,3,0,3,120,41,1,12,49,4,0,47,120,8,0,0,2,0,3,13,3,1,7,41,120,35,7,66,90,19,4,52,113,8,12,25,120,57,16,3,0,0,2,91,36,6,4,4,7,1,8,5,2,30,120,54,55,6,1,120,38,14,64,16,11,3,46,69,75,55,18,1,0,0,23,31,19,46,21,6,1,1,3,4,2,8,45,29,61,36,1,65,120,23,37,22,7,4,5,55,120,34,11,3,1,2,4,0,5,27,58,45,2,2,0
9,15,57,78,20,53,122,53,52,30,21,2,0,2,65,132,132,4,0,0,0,4,21,72,70,3,0,0,0,0,0,4,8,18,72,84,32,95,54,15,43,40,41,12,5,40,38,49,132,15,0,0,0,5,9,112,50,1,0,0,0,0,0,17,12,113,44,15,51,59,22,10,45,75,32,41,35,39,14,20,132,86,4,4,1,4,3,26,27,7,0,0,0,0,0,1,8,49,25,12,25,15,7,2,44,44,15,22,79,44,9,12,132,85,4,2,1,2,2,16,10,3,0,0,0,0,0,0
4,7,30,79,46,41,12,29,80,82,51,12,10,17,8,30,18,64,87,7,5,15,18,17,32,77,18,0,0,0,7,35,43,8,0,1,44,133,54,73,133,28,4,4,13,46,28,101,70,37,69,49,30,31,24,27,65,68,26,2,0,1,10,44,35,106,54,37,72,63,10,10,133,133,17,3,2,8,9,46,61,18,35,11,0,0,4,104,22,31,15,0,0,0,0,24,14,83,93,21,2,0,0,2,26,71,20,5,4,1,4,15,72,6,1,1,1,0,4,62,52,3,0,0,0,0,0,17
64,20,9,12,20,26,9,25,66,91,36,6,3,1,1,5,0,13,25,7,18,9,0,0,0,0,0,0,0,0,0,0,66,64,55,42,3,1,2,31,121,88,30,44,8,0,0,28,20,27,109,121,70,15,0,0,0,2,26,8,2,0,0,0,85,66,100,121,1,0,0,7,121,54,63,94,1,0,0,63,80,22,108,55,0,0,0,83,1,8,33,2,0,0,0,2,121,27,25,21,0,0,7,65,20,7,34,121,33,0,3,46,80,0,2,32,11,0,0,121,17,0,0,0,0,0,0,27
93,74,3,27,41,7,0,3,108,47,3,1,3,1,1,48,45,20,8,6,5,2,2,23,65,29,9,11,4,0,0,11,75,25,19,26,74,15,4,86,123,108,25,2,0,0,0,69,40,55,93,77,0,0,0,9,123,24,26,23,0,0,0,29,30,16,112,93,47,14,0,23,123,41,16,11,5,2,0,72,88,26,46,43,0,0,0,29,19,9,45,73,3,0,0,27,5,14,48,20,54,36,0,2,123,44,47,5,6,4,1,59,87,12,4,1,0,5,47,108,3,2,6,54,8,0,26,51
6,6,20,14,6,18,97,125,18,5,3,12,10,27,125,82,90,9,0,0,0,0,19,89,1,0,0,0,0,0,0,0,0,7,60,125,34,3,21,10,57,9,25,125,19,5,62,122,125,24,5,3,0,0,3,125,3,0,0,0,0,0,0,0,1,10,74,63,18,1,2,7,27,53,125,125,2,0,1,11,125,125,50,18,0,0,0,12,2,1,0,0,0,0,0,0,6,4,17,37,9,4,4,9,26,13,23,18,8,32,39,33,100,39,9,2,0,2,14,53,0,0,0,0,0,0,0,0
19,9,0,15,84,26,40,48,55,21,0,1,2,9,89,97,55,20,3,1,5,15,34,25,6,7,19,5,5,32,106,8,10,5,2,93,114,31,18,12,120,95,6,19,16,5,25,61,54,39,9,34,48,27,15,11,0,0,13,51,19,35,45,2,15,2,0,11,103,119,5,10,120,22,1,2,15,27,12,120,49,10,19,15,30,53,23,54,0,17,55,21,9,30,22,0,18,43,22,19,120,52,0,2,106,120,28,0,3,5,0,23,60,90,45,6,1,0,0,12,0,24,84,7,0,0,0,0
13,31,68,27,7,13,22,34,32,39,88,59,6,9,16,12,23,22,30,48,10,10,15,13,35,6,5,10,4,13,48,25,31,3,0,8,28,48,22,32,112,23,13,8,14,31,21,42,31,10,19,50,112,105,17,3,7,57,22,12,16,84,81,10,10,11,13,62,49,24,12,5,112,50,12,8,14,24,83,81,32,59,73,65,81,40,40,25,45,112,106,49,8,10,5,3,0,2,55,112,24,3,2,0,25,112,112,32,6,6,20,16,24,112,47,32,6,3,6,8,36,40,66,29,0,0,0,3
13,1,0,0,0,11,116,122,25,0,0,0,0,10,122,95,14,0,0,0,0,4,9,30,0,0,0,0,0,1,4,5,18,23,70,3,0,51,122,39,122,72,18,0,0,19,107,112,89,3,0,0,0,65,55,49,12,0,0,0,0,11,40,57,4,41,122,49,10,3,4,0,81,51,45,45,15,5,74,64,64,9,5,5,1,38,117,105,46,6,1,3,2,10,47,49,4,14,8,32,25,34,7,2,6,11,49,68,15,4,8,4,39,70,76,21,4,9,14,28,10,8,7,25,34,27,62,27
16,4,4,28,77,28,5,9,31,48,16,34,16,1,1,4,43,64,2,1,0,0,0,0,0,0,0,0,0,0,0,0,54,2,2,48,126,14,2,33,126,126,30,16,4,0,0,63,118,126,4,0,0,0,0,5,3,3,0,0,0,0,0,0,20,17,73,95,115,15,3,19,126,108,98,18,6,0,0,117,126,43,1,0,0,0,0,29,1,0,0,0,0,0,0,0,81,55,89,15,2,4,2,20,35,116,126,4,0,0,0,22,28,46,6,0,0,0,0,2,0,0,0,0,0,0,0,0
6,3,0,0,3,66,61,9,76,116,7,2,37,52,23,7,120,120,31,10,9,1,0,17,5,11,19,23,47,14,17,7,15,2,0,0,0,0,1,6,120,120,23,3,2,4,9,34,72,52,35,11,21,59,43,41,35,34,53,28,44,14,27,27,3,0,0,0,0,0,0,0,91,17,6,0,0,9,71,78,41,120,50,2,10,120,117,49,120,120,22,1,2,25,14,22,0,0,0,0,0,0,0,0,1,26,14,0,0,0,4,3,2,120,105,3,7,7,6,2,5,88,21,2,6,33,4,0
16,2,1,0,0,0,1,94,12,0,0,0,0,0,31,132,0,0,0,0,0,0,37,38,0,0,0,0,0,0,1,6,35,11,14,12,2,2,27,75,36,6,7,1,0,4,132,132,132,13,0,0,0,0,132,132,28,0,0,0,0,1,23,38,0,11,132,82,4,1,14,4,32,50,132,48,3,4,53,17,132,76,16,3,1,2,49,94,33,0,0,0,0,10,78,68,5,39,55,19,7,8,5,2,2,7,50,79,38,11,4,2,20,15,36,41,9,1,34,54,45,14,10,1,2,2,28,62
2,0,3,48,88,35,5,1,28,9,5,20,103,25,2,8,66,129,23,6,2,0,0,3,35,68,0,0,0,0,0,0,0,0,3,53,110,46,11,6,72,16,27,74,129,8,0,29,129,129,14,2,1,0,0,50,75,49,0,0,0,0,0,3,21,11,4,11,46,68,9,3,65,98,129,48,25,9,1,7,129,129,119,3,0,0,0,13,43,27,0,0,0,0,0,1,24,33,24,47,32,5,2,3,98,77,23,0,0,0,0,24,49,41,15,0,0,0,0,22,4,5,0,0,0,0,0,1
38,34,11,19,20,16,4,19,0,77,49,27,85,56,3,0,1,124,124,23,7,12,0,0,11,67,50,15,3,3,4,2,78,21,13,36,17,19,16,51,77,124,59,36,16,15,16,43,21,111,97,80,20,0,0,3,1,39,79,54,20,1,0,0,80,20,0,1,38,88,62,74,124,93,0,1,22,47,25,82,91,59,9,12,29,6,0,7,16,34,19,38,7,0,0,0,33,31,0,0,1,22,41,20,124,124,8,6,2,7,4,1,37,55,13,7,4,0,0,0,10,11,0,0,0,0,0,0
0,0,0,0,51,121,55,1,11,7,0,0,63,125,53,17,43,11,8,16,9,18,12,48,0,4,10,13,24,58,13,2,15,0,0,0,125,125,66,15,125,55,6,0,20,40,61,50,38,52,21,31,23,17,3,10,0,32,43,20,58,53,4,0,34,7,0,0,76,125,11,5,125,49,1,0,11,4,1,37,51,18,10,31,24,25,25,36,42,99,59,21,10,5,7,14,16,1,0,0,0,4,2,11,125,19,0,0,2,9,23,90,55,34,0,0,22,87,52,35,125,55,1,1,4,8,7,24
