3,0,3,130,50,0,0,6,85,3,18,122,16,0,0,130,79,0,0,1,0,0,0,130,7,0,0,0,0,0,0,8,0,0,4,114,32,0,0,0,33,7,26,130,130,1,0,29,130,21,4,10,21,1,0,110,50,1,0,0,0,0,0,14,0,0,0,14,24,0,0,0,8,10,26,130,130,0,0,0,130,40,25,45,29,2,12,66,46,1,0,0,0,0,10,76,0,0,0,2,1,0,6,0,0,0,3,51,73,0,4,0,19,10,34,57,55,4,6,18,78,12,6,2,0,1,12,38
0,0,0,20,52,14,0,0,16,7,2,48,71,36,12,20,108,28,2,5,1,1,7,55,16,5,59,50,0,0,0,3,0,0,0,23,42,14,0,0,19,6,1,51,135,115,15,26,135,28,0,1,7,20,15,129,30,4,0,0,0,0,0,12,0,0,0,9,83,13,0,0,40,13,0,42,135,69,4,20,135,61,0,2,16,9,5,112,37,8,0,0,0,0,0,15,0,0,0,17,35,0,0,0,8,0,0,108,135,3,3,16,135,0,0,18,58,2,5,135,65,0,0,0,0,0,0,53
0,0,0,0,0,0,0,0,0,0,0,5,17,3,0,0,0,0,1,63,62,1,0,0,0,0,0,242,242,0,0,0,0,0,0,0,2,2,0,0,0,0,0,2,14,27,3,0,14,4,5,24,10,8,4,2,1,1,3,242,242,0,0,0,0,0,0,1,5,1,0,0,2,0,0,8,31,12,0,0,41,3,0,3,4,2,0,2,7,1,0,98,26,0,0,0,0,0,0,0,7,6,0,0,6,1,0,0,20,24,0,0,32,10,0,0,1,2,0,0,5,2,0,7,4,0,0,0
1,0,0,0,8,2,0,3,2,3,0,1,35,6,0,0,26,20,0,0,3,0,0,0,5,3,0,0,0,0,0,0,9,0,0,1,9,0,0,69,5,2,0,5,38,1,0,3,30,9,0,0,1,0,0,11,4,0,0,0,0,0,0,1,167,0,0,0,2,1,6,255,8,7,3,3,15,3,6,27,15,26,2,0,0,0,0,3,2,2,0,0,0,0,0,0,255,0,0,0,0,0,1,255,67,1,0,0,0,0,3,100,20,2,0,0,0,0,0,10,0,0,0,0,0,0,0,0
65,54,10,0,0,51,129,56,104,0,0,0,0,15,105,130,57,0,0,0,0,0,0,29,2,0,0,0,0,0,0,0,22,9,25,7,1,70,106,18,164,25,4,0,0,8,25,73,139,15,0,0,0,0,0,7,2,1,0,0,0,0,0,0,26,9,39,14,5,9,11,4,164,23,5,2,1,1,0,29,150,4,0,0,0,0,0,13,0,0,0,0,0,0,0,0,12,0,0,0,1,4,75,19,164,0,0,0,0,0,18,100,129,0,0,0,0,0,0,41,1,0,0,0,1,1,0,0
0,0,6,14,0,0,13,23,86,0,0,0,0,1,13,41,156,0,0,0,0,0,0,61,65,0,0,0,0,0,0,16,0,6,130,66,0,0,1,2,79,12,97,68,0,0,6,29,156,19,10,2,0,0,0,59,90,0,0,0,0,0,1,33,1,57,156,35,0,0,0,0,13,20,156,156,4,0,0,0,156,81,67,34,0,0,1,33,38,2,0,0,0,0,22,95,6,13,17,6,2,3,4,20,0,1,15,58,36,31,2,0,14,23,19,21,12,9,2,6,11,7,2,9,6,1,16,29
0,1,0,0,3,21,8,0,0,0,0,0,25,68,24,0,1,4,1,2,50,55,21,8,5,14,2,2,4,7,15,6,0,0,0,0,0,137,131,0,9,0,0,0,1,137,137,11,102,27,0,0,2,49,113,70,25,36,33,13,1,3,6,11,0,0,0,1,5,137,123,0,74,6,0,1,10,106,80,11,137,45,0,0,0,3,14,46,59,39,12,5,3,1,0,15,1,0,0,3,18,17,4,0,64,11,0,1,14,7,0,3,137,5,0,0,0,0,0,119,31,0,0,0,1,9,21,112
5,1,0,0,1,6,3,0,156,3,0,0,0,0,1,53,156,0,0,0,0,0,0,86,13,0,0,0,0,0,0,2,7,0,0,0,0,6,2,2,113,3,0,0,0,12,7,72,156,10,0,0,0,0,0,127,37,1,0,0,0,0,0,5,1,0,0,0,1,11,8,8,150,51,1,0,4,29,4,8,156,118,0,0,0,0,0,8,33,6,0,0,0,0,0,0,5,53,58,3,1,4,5,3,128,115,81,5,1,4,0,0,156,91,0,0,0,0,0,7,10,1,0,0,0,0,0,2
36,6,0,5,1,0,0,0,50,12,0,0,0,0,0,9,155,2,0,0,0,0,0,99,155,0,0,0,0,0,0,124,33,7,1,10,4,0,0,0,62,24,0,0,0,0,0,0,118,10,0,0,0,0,1,54,155,0,0,0,0,0,0,120,23,12,1,8,6,0,0,0,57,17,0,0,0,0,0,2,71,8,1,0,0,1,5,25,155,47,0,0,0,0,0,35,11,25,6,10,2,0,0,0,15,63,40,0,0,0,0,0,30,148,81,1,0,0,0,0,155,155,11,0,0,0,0,0
15,37,26,0,0,0,2,0,1,19,26,0,0,11,22,0,0,9,10,0,0,8,46,5,0,2,3,0,1,33,27,1,13,2,0,0,0,65,139,12,12,1,0,0,0,139,139,15,102,9,0,0,1,31,139,94,12,1,0,0,25,76,17,9,5,0,0,0,0,64,139,18,89,6,0,1,5,89,103,15,139,39,0,0,9,8,17,47,20,5,1,5,105,55,2,4,20,5,1,0,0,4,32,26,52,3,0,2,3,2,14,37,107,1,0,1,3,2,51,139,4,1,0,7,47,29,82,53
16,26,24,11,4,3,1,1,108,42,17,2,0,0,1,8,145,61,6,1,0,0,0,13,16,9,28,35,4,0,0,0,2,64,110,17,0,1,3,1,96,14,113,53,0,0,5,23,145,21,12,4,0,0,0,50,39,2,1,11,22,0,0,3,21,145,112,18,0,0,17,16,16,28,145,141,0,0,8,13,145,112,79,22,0,0,0,6,35,7,0,4,33,0,0,1,20,11,3,7,5,5,63,43,11,1,11,7,2,2,35,120,49,19,11,2,0,0,1,38,17,3,0,3,27,0,0,2
0,2,0,14,110,179,3,1,0,0,2,10,180,180,1,0,3,13,43,20,47,51,5,1,15,28,20,9,2,4,3,8,2,0,0,0,38,180,49,6,29,2,3,2,33,180,33,19,7,5,21,16,9,3,0,0,11,10,10,4,0,0,0,7,23,15,7,3,11,180,58,6,128,28,1,1,0,18,11,16,14,10,7,10,6,0,0,0,1,16,16,2,0,0,0,0,10,21,28,8,2,6,1,0,91,41,5,1,0,0,0,0,14,16,13,20,1,0,0,0,3,16,9,2,2,0,2,3
0,1,71,101,8,1,0,0,0,2,80,106,11,1,0,0,0,35,74,121,31,0,0,0,10,121,121,11,2,0,0,2,1,0,3,28,34,102,48,7,57,5,26,39,8,33,22,44,39,111,110,73,2,0,0,1,55,121,70,0,0,0,0,1,12,8,13,28,42,70,37,10,121,43,5,6,11,19,7,33,118,32,15,5,2,0,0,7,103,16,0,0,0,0,3,25,3,14,58,99,12,1,0,0,80,113,28,22,3,0,0,0,44,29,27,6,7,2,0,13,53,24,14,3,3,3,2,29
134,59,20,4,27,101,7,19,134,26,19,16,1,0,0,11,16,58,32,20,0,0,1,2,5,33,22,25,17,1,5,3,92,71,60,5,0,0,0,1,134,60,22,17,3,0,0,9,33,24,37,83,71,8,13,10,22,5,3,14,18,7,30,57,26,93,38,1,0,0,0,0,134,62,4,2,4,0,3,92,48,2,2,97,101,3,3,52,12,0,0,66,62,4,9,59,8,37,5,0,1,12,12,2,71,6,0,0,0,7,23,107,108,2,1,45,19,0,0,81,2,0,1,134,57,1,2,6
52,1,2,74,60,0,1,37,73,5,5,75,65,0,0,25,120,2,0,4,28,5,0,63,5,0,2,42,120,11,0,4,94,0,0,19,36,4,4,112,47,6,5,77,108,5,2,10,120,13,3,10,33,5,0,26,10,2,2,32,120,31,3,2,120,8,5,2,4,2,4,68,30,10,17,52,34,17,10,14,110,24,7,15,29,42,16,54,7,2,0,7,120,120,18,6,47,7,10,8,1,2,13,18,9,1,0,2,3,40,65,13,7,0,0,0,29,56,27,53,0,0,0,0,118,120,22,5
54,11,5,24,1,0,0,4,47,10,4,14,1,0,0,3,103,1,1,8,0,0,0,63,172,0,0,0,0,0,0,172,23,17,16,78,5,0,0,0,63,24,9,19,5,0,0,1,58,1,3,27,25,3,0,35,172,0,0,0,0,0,0,172,4,3,5,110,28,0,0,0,36,8,4,15,10,19,3,6,58,4,0,3,32,38,1,5,172,3,0,0,0,0,0,62,0,0,0,50,80,0,0,0,2,0,1,13,46,28,1,0,53,28,0,0,6,21,1,2,172,19,0,0,0,0,0,31
82,53,0,0,1,4,3,44,120,51,1,0,0,0,0,52,91,16,0,0,0,0,0,26,25,13,9,8,2,2,0,3,120,120,3,0,0,0,0,11,89,120,14,0,0,3,7,18,120,29,0,0,0,0,0,26,56,43,4,2,0,1,5,3,120,11,0,0,0,0,7,113,72,4,0,0,0,2,41,120,120,29,0,0,0,13,15,38,24,11,0,0,2,66,115,7,20,0,9,8,0,0,11,75,59,0,1,0,0,0,30,120,102,0,1,5,11,21,11,120,2,1,41,30,25,67,43,3
0,0,0,0,1,134,75,11,26,3,0,0,0,33,72,134,101,37,0,0,0,2,26,55,46,55,2,0,0,8,3,4,18,1,0,0,0,116,58,14,134,46,0,0,0,2,20,60,134,51,0,0,0,0,4,72,28,5,0,0,2,81,34,37,29,23,23,1,2,10,2,1,134,32,2,0,0,0,2,64,48,3,0,0,0,6,39,134,1,7,11,1,3,131,71,27,17,27,14,0,0,0,0,4,64,43,1,0,0,0,0,11,47,68,7,0,0,2,9,30,3,134,98,1,0,12,10,2
0,0,0,0,5,134,64,17,23,2,0,0,0,25,73,134,95,38,0,0,0,3,26,43,39,55,3,0,1,10,3,3,19,1,0,0,0,121,64,20,134,43,0,0,0,1,23,71,134,46,0,0,0,0,5,68,25,4,0,0,4,91,30,31,42,20,17,1,1,12,4,3,134,26,1,0,0,0,2,75,44,3,0,0,0,9,45,134,1,6,8,1,5,134,66,23,16,31,17,0,0,0,0,2,69,40,1,0,0,0,0,17,40,59,6,0,0,3,14,39,2,134,92,2,1,17,11,2
6,0,0,0,0,16,26,15,74,11,6,0,5,8,7,43,9,6,5,1,26,69,17,13,3,8,12,7,28,31,16,26,25,0,0,0,3,26,13,8,135,8,0,6,21,5,2,18,16,3,1,58,135,51,15,24,28,15,1,14,16,28,38,79,39,0,0,1,20,10,2,7,135,5,0,7,5,0,0,23,25,4,8,135,94,0,0,3,108,79,17,60,64,2,3,12,19,0,0,7,35,14,8,17,135,82,8,0,0,0,2,48,31,135,135,47,23,0,0,2,32,135,135,45,23,0,0,0
19,7,0,0,35,129,87,18,103,16,0,0,2,25,129,129,6,0,0,0,70,129,129,19,7,5,4,9,95,109,8,1,31,13,11,37,52,82,1,15,129,24,1,4,9,8,1,68,19,0,0,0,129,75,1,7,5,12,5,8,70,20,0,0,10,42,38,68,35,2,4,3,94,97,21,10,28,18,0,6,11,3,3,2,118,88,0,1,7,16,13,2,18,9,0,0,4,38,26,5,5,4,9,3,2,31,13,4,52,18,18,2,0,5,15,18,71,16,0,0,1,10,24,8,1,0,0,0
15,19,19,16,3,0,0,2,66,37,7,1,0,0,0,12,52,50,16,0,0,0,0,4,181,40,4,0,0,0,0,42,11,19,14,63,28,0,0,4,131,10,0,17,10,0,0,22,84,38,2,0,0,0,0,8,181,8,0,0,0,0,0,92,2,15,33,86,49,0,0,0,121,9,2,41,36,0,0,10,105,26,1,0,0,0,0,9,181,11,0,0,0,0,0,53,0,0,11,104,56,0,0,0,53,31,5,50,42,0,0,0,64,38,3,4,4,0,0,3,181,3,0,1,2,0,0,25
6,0,0,0,34,24,1,2,14,30,5,0,12,16,4,3,22,58,10,1,4,1,0,0,3,8,1,2,40,23,1,1,10,4,0,0,19,37,36,14,117,131,57,4,7,5,5,23,21,62,131,115,8,2,0,0,0,29,70,97,33,20,0,0,14,39,31,0,0,22,42,14,131,72,50,2,0,1,9,77,108,15,51,96,14,5,1,23,7,37,72,106,27,9,1,1,52,131,65,9,0,1,0,0,90,92,123,89,13,0,0,25,53,2,1,13,30,25,7,70,31,8,2,15,41,43,14,34
1,0,0,0,0,161,161,3,7,8,2,0,0,81,161,13,15,22,9,0,0,20,80,56,161,12,2,0,0,0,5,161,8,20,10,2,0,7,14,2,55,52,11,1,0,0,3,5,25,83,26,0,0,0,0,3,161,58,7,0,0,0,0,92,6,44,20,13,1,0,0,0,55,9,8,21,6,0,0,34,71,16,0,0,0,0,0,27,143,12,0,0,0,0,0,61,9,31,29,20,1,0,0,0,25,8,8,77,15,0,0,10,84,8,0,5,1,0,0,26,62,11,0,0,0,0,0,14
10,1,0,2,10,26,20,34,42,21,0,0,0,3,35,152,16,7,3,2,3,2,42,117,0,0,6,31,28,6,30,9,23,10,0,0,17,30,3,3,152,152,22,0,0,2,3,41,40,77,139,33,0,0,19,41,1,21,93,22,0,1,36,16,32,1,0,0,8,7,1,5,152,25,4,0,0,0,0,64,152,27,76,22,0,0,0,16,1,14,120,19,0,0,0,0,23,2,0,0,3,1,0,0,152,16,0,0,0,0,0,7,152,9,0,0,0,0,0,3,3,3,2,0,0,0,0,0
17,0,0,0,0,0,87,93,154,0,0,0,0,0,30,154,36,0,0,0,0,1,97,118,1,0,0,0,0,1,110,57,48,8,8,0,0,0,2,15,154,9,0,0,0,0,0,61,116,3,0,0,0,2,21,50,17,11,0,0,0,2,21,19,41,36,14,0,0,0,0,0,154,96,1,0,0,0,0,3,131,40,0,0,0,0,0,9,16,27,2,4,2,0,0,0,72,33,0,0,0,0,0,0,154,109,0,0,0,0,0,0,59,69,0,0,0,0,0,0,6,13,4,5,1,0,0,0
0,57,116,97,59,2,0,0,60,116,65,83,35,1,0,0,52,105,4,19,25,6,2,2,0,0,4,89,116,9,0,0,2,4,13,29,116,20,0,0,116,31,2,16,91,18,2,8,42,7,0,0,17,84,64,16,9,22,32,27,44,34,18,5,0,0,1,98,116,1,0,0,39,11,8,89,81,13,1,8,55,40,18,28,83,63,27,13,76,81,15,1,0,2,8,7,0,0,0,18,97,6,0,0,10,6,3,29,115,10,0,0,28,68,56,23,13,0,0,0,12,45,16,4,3,0,0,0
0,0,0,32,38,23,6,4,31,0,0,9,14,8,15,88,21,0,0,0,0,1,53,118,5,0,0,0,0,0,8,60,2,0,0,21,102,74,21,14,60,11,4,27,26,22,33,84,29,2,2,55,27,5,55,118,75,0,0,2,2,10,12,118,4,7,7,46,96,28,2,2,84,109,24,39,23,3,1,16,23,18,6,95,92,6,3,18,37,0,0,12,43,66,109,118,6,1,0,0,10,73,70,22,50,20,2,2,2,4,21,105,5,3,2,24,118,21,10,22,0,0,2,18,118,77,80,7
17,15,8,16,48,69,39,12,6,52,134,75,21,4,0,0,0,14,134,82,0,0,0,0,0,2,134,134,0,0,0,0,134,97,22,21,41,33,26,19,74,79,35,5,0,0,0,6,97,57,134,17,5,4,0,15,4,8,134,78,29,33,3,1,50,116,56,18,12,0,0,1,31,54,13,7,6,0,0,1,125,27,6,4,7,3,1,30,16,13,59,24,27,21,5,10,47,7,1,2,7,2,5,22,26,22,1,2,7,7,6,17,25,8,2,0,2,14,18,44,10,1,6,6,8,6,33,64
0,0,5,4,8,14,2,0,52,4,4,1,0,2,5,14,142,2,0,0,0,0,0,22,48,0,0,0,0,0,0,2,0,0,12,4,9,28,6,0,56,10,14,1,0,8,21,24,142,12,1,0,0,0,1,38,62,0,0,0,0,0,12,10,0,2,142,40,19,10,1,0,22,35,119,19,12,29,28,5,142,41,11,0,0,5,126,78,17,0,1,0,0,13,142,30,5,8,45,76,58,9,0,0,0,3,142,55,32,43,24,1,0,16,142,6,1,8,84,24,0,23,142,0,0,4,91,8
4,2,0,1,44,58,32,4,127,30,0,0,18,26,6,22,137,63,0,0,0,0,0,2,13,10,0,0,0,1,1,0,66,23,1,1,15,57,75,53,137,97,0,0,7,10,3,30,137,77,0,0,0,0,0,5,4,2,2,0,0,1,2,0,52,91,42,11,57,25,3,12,137,26,0,1,29,19,6,120,137,18,0,0,0,0,0,27,1,2,5,0,0,0,0,1,19,15,14,4,79,98,7,5,137,137,0,0,22,22,5,17,101,38,0,0,0,0,23,12,0,0,0,0,0,0,16,12
2,53,59,12,9,5,0,0,61,98,33,11,1,0,0,0,29,47,95,137,14,28,10,1,0,0,78,137,26,8,6,0,16,53,26,1,5,8,8,9,101,96,29,6,5,4,4,14,31,23,50,85,47,66,22,6,1,0,78,137,23,21,33,18,50,6,0,0,0,20,27,28,99,8,1,4,4,7,25,116,44,3,28,44,48,54,30,58,15,12,39,71,61,30,51,16,47,16,3,2,4,23,41,53,102,14,7,12,12,2,8,52,98,13,11,35,76,7,2,31,51,88,29,23,34,4,5,7
0,0,0,0,50,5,0,0,35,2,0,0,160,33,0,6,160,10,0,0,21,6,0,27,13,0,0,0,0,0,0,1,0,0,0,0,59,15,32,1,49,1,0,3,160,37,3,6,160,8,0,0,30,5,0,18,16,0,0,0,0,0,0,0,2,0,0,0,15,27,160,32,69,4,0,4,160,98,41,18,160,23,0,1,19,8,0,5,12,0,0,0,0,0,0,0,41,7,1,2,9,8,38,22,81,28,16,43,53,9,7,13,160,47,6,8,5,0,0,0,6,0,0,0,0,0,0,0
0,0,0,0,22,11,0,0,5,10,2,2,162,68,0,0,112,119,3,1,37,11,0,0,41,34,0,0,0,0,0,0,0,0,0,8,53,5,0,0,26,12,3,44,179,27,0,8,160,71,3,6,10,1,0,39,24,9,0,0,0,0,0,5,5,0,0,9,19,23,29,28,12,16,10,73,84,33,14,4,109,82,10,12,4,1,0,18,19,7,0,0,0,0,0,2,9,0,0,0,0,24,178,199,24,10,0,0,4,26,64,59,79,34,0,0,0,0,1,21,11,2,0,0,0,0,0,2
0,0,0,0,1,1,0,0,0,0,0,0,49,36,2,0,0,3,14,27,62,52,6,0,0,1,55,164,164,2,0,0,0,0,0,0,16,10,0,0,5,0,0,0,88,118,18,7,84,31,25,4,20,30,17,26,13,18,100,64,17,0,0,0,0,0,0,0,21,78,3,0,22,20,0,1,118,132,18,4,164,75,0,0,14,7,2,14,33,9,3,3,5,0,0,0,2,4,0,0,33,164,2,0,57,119,0,0,10,82,13,2,53,119,0,0,0,0,0,0,5,6,0,0,0,0,0,0
43,13,5,0,0,8,26,19,93,52,6,17,6,4,4,57,6,5,47,119,29,38,26,8,1,0,30,107,36,13,25,23,74,7,1,4,13,8,24,42,122,9,1,5,24,11,11,88,35,6,6,24,114,87,67,28,20,24,48,63,82,20,44,25,80,59,39,29,10,0,7,43,122,57,4,17,28,2,1,27,45,66,50,64,122,13,1,7,48,122,62,12,8,1,1,5,13,49,45,73,51,31,3,7,122,37,4,23,26,5,0,44,50,45,61,29,4,0,0,4,3,59,18,0,0,0,0,0
0,0,0,0,13,10,2,0,3,2,3,17,140,80,12,4,140,45,15,13,34,36,20,30,41,46,26,0,0,0,0,0,0,0,0,0,5,140,49,5,42,17,37,39,68,58,69,48,86,136,86,26,14,0,0,2,30,21,1,0,0,0,0,0,18,37,0,0,16,140,36,15,140,117,3,0,0,38,41,80,72,35,13,0,0,0,0,3,0,2,0,0,0,0,0,0,29,140,2,0,16,84,1,0,69,140,0,0,0,1,0,0,15,16,0,0,0,0,0,0,0,0,0,0,0,0,0,0
0,0,0,20,49,7,0,0,19,38,19,134,141,38,0,1,141,141,15,18,11,4,0,4,29,19,0,0,0,0,0,0,0,0,0,5,52,4,0,0,29,15,6,35,141,63,9,35,141,64,4,5,18,10,6,126,25,5,0,0,0,0,0,10,0,0,0,0,66,10,0,0,33,33,8,28,141,23,0,6,141,107,5,8,18,1,0,43,29,7,0,0,0,0,0,7,0,0,0,14,39,5,0,0,13,18,13,77,110,10,0,2,103,82,11,7,2,0,0,25,21,8,0,0,0,0,0,5
0,0,0,6,23,10,0,0,3,0,0,28,99,82,11,10,112,8,0,2,11,15,11,82,35,3,0,0,0,0,0,13,0,0,0,8,31,6,0,0,18,1,0,48,140,97,5,9,140,15,0,6,31,29,7,33,63,7,0,0,0,0,0,1,0,0,0,10,23,4,0,0,16,9,6,135,140,56,4,5,140,54,10,38,30,15,6,43,55,3,0,0,0,0,0,8,0,0,0,0,24,13,0,0,7,3,0,5,140,140,13,14,140,33,0,1,27,44,20,140,57,8,0,0,0,0,0,26
4,0,3,133,51,0,0,7,88,3,19,126,16,0,0,133,81,0,0,1,0,0,0,133,7,0,0,0,0,0,0,9,0,0,5,120,33,0,0,0,34,7,27,133,133,1,0,31,133,22,4,11,22,1,0,115,51,1,0,0,0,0,0,13,0,0,0,15,25,0,0,0,8,11,27,133,133,0,0,0,129,41,26,47,30,3,29,52,21,0,0,0,0,0,29,32,0,0,0,2,1,0,0,0,0,0,4,55,75,0,0,0,0,0,42,66,58,4,15,8,0,0,11,4,0,0,11,5
0,0,3,11,0,0,0,0,18,8,18,49,6,1,9,32,114,30,1,1,0,0,6,62,18,4,0,0,0,0,0,4,0,0,2,17,31,14,0,0,20,6,9,54,138,119,16,27,138,29,0,1,8,21,16,134,31,4,0,0,0,0,0,12,0,0,0,9,87,13,0,0,42,14,0,44,138,72,5,20,138,64,0,3,16,9,5,117,39,8,0,0,0,0,0,16,0,0,0,18,36,0,0,0,8,0,0,112,138,3,3,17,138,0,0,18,60,3,5,138,68,0,0,0,0,0,0,56
0,0,0,1,6,0,0,0,3,3,1,12,46,6,0,0,45,17,1,2,6,0,0,1,8,1,0,0,0,0,0,0,0,0,0,0,6,2,18,12,3,3,1,13,39,5,0,2,35,14,1,2,3,0,0,8,6,1,0,0,0,0,0,1,62,2,1,9,20,53,171,171,19,1,2,15,14,4,14,96,22,9,2,3,1,1,4,14,6,0,0,0,0,0,0,4,171,32,73,171,76,39,84,171,53,0,0,1,10,13,153,171,33,0,0,0,0,1,23,91,14,0,0,0,0,0,0,4
0,0,0,1,5,0,0,0,0,0,5,35,43,2,0,0,1,6,59,179,68,0,0,0,136,53,82,179,179,23,26,136,0,0,0,1,5,1,0,0,1,1,2,9,24,15,2,2,14,5,12,74,33,2,2,11,18,35,127,179,179,11,9,27,0,0,0,0,8,5,0,0,6,1,0,3,31,24,2,3,38,11,0,4,2,2,1,7,3,6,48,71,0,0,0,0,0,0,0,0,19,7,0,0,16,5,0,0,29,25,1,4,40,12,0,0,0,1,0,4,2,0,0,0,0,0,0,0
3,12,19,9,0,10,5,1,132,6,2,1,0,0,1,34,151,0,0,0,0,0,0,34,41,0,0,0,0,0,0,1,0,1,150,151,0,0,0,0,112,20,109,68,0,0,0,11,151,18,10,1,0,0,0,47,46,0,0,0,0,0,8,24,0,0,110,101,0,0,0,1,15,20,151,141,0,0,0,0,151,65,86,17,0,0,5,33,19,1,0,1,0,3,58,39,0,0,3,3,0,1,32,14,0,0,28,15,0,0,24,17,2,6,32,17,0,0,5,8,0,0,10,14,0,2,11,2
0,0,0,0,121,24,0,0,137,31,0,0,128,34,0,2,99,28,0,0,0,0,0,0,1,3,0,0,0,0,0,0,3,0,0,0,107,97,52,0,137,38,0,0,100,45,7,16,88,12,0,0,0,4,58,17,0,0,0,0,0,5,71,2,2,7,31,6,14,68,46,0,93,24,24,7,34,39,55,34,14,0,0,0,13,48,137,34,1,0,0,0,0,33,137,25,0,6,33,4,1,4,31,1,0,2,13,8,79,71,23,0,0,0,0,0,75,126,48,4,16,3,2,0,12,62,71,88
21,0,0,8,35,3,0,3,47,0,2,7,25,5,19,82,38,0,3,0,0,0,133,83,0,0,1,0,0,0,138,17,17,0,0,5,16,10,76,57,50,36,95,22,23,7,36,39,7,19,138,21,0,0,105,32,0,4,138,19,0,0,115,20,37,2,0,0,0,1,92,114,138,25,13,0,0,0,17,62,65,17,81,5,0,0,0,8,0,0,84,17,0,0,0,0,59,76,11,5,3,1,21,73,138,22,1,0,0,0,0,56,87,1,0,0,0,0,0,11,0,0,0,2,0,0,0,0
50,24,5,8,40,4,3,87,58,7,2,1,0,0,5,178,8,1,20,20,0,0,54,94,0,1,59,26,0,0,25,30,28,58,26,3,9,4,0,2,91,30,2,0,0,0,3,36,20,1,0,0,7,17,80,62,0,0,1,0,3,11,170,67,31,32,67,70,1,0,0,0,51,13,10,18,0,0,0,7,13,3,1,9,44,16,4,4,0,10,3,2,44,39,34,1,0,5,178,178,0,0,0,0,12,19,65,178,2,0,0,0,7,15,8,18,72,11,0,0,6,66,15,5,29,11,2,4
0,0,0,0,1,165,165,0,16,9,1,4,3,165,121,21,1,1,4,15,8,16,66,22,8,3,7,2,0,3,25,15,8,1,0,0,2,75,53,11,116,44,12,30,6,11,5,11,11,9,10,133,45,3,20,15,78,16,0,13,6,0,19,30,23,2,0,0,5,11,17,26,165,15,1,7,2,1,4,34,30,2,2,114,85,5,6,17,129,28,3,46,36,0,0,1,28,1,0,0,17,3,5,40,100,3,0,0,0,0,6,90,9,0,0,8,25,24,30,31,61,34,5,12,18,6,4,13
5,11,0,0,23,135,7,0,79,45,6,1,6,72,17,7,12,23,29,36,37,6,0,0,0,0,1,37,110,14,0,0,20,2,1,26,35,96,4,0,135,34,1,6,12,16,2,7,29,11,2,9,88,135,2,2,0,0,0,7,91,88,0,0,12,4,13,74,15,0,0,2,117,9,7,24,10,48,22,28,9,2,9,9,56,135,14,7,0,7,16,23,24,20,0,0,15,45,135,32,3,0,0,9,3,12,135,71,18,20,5,2,0,13,135,33,3,17,2,0,0,24,135,42,7,0,0,0
0,1,16,92,57,33,10,1,31,90,71,49,13,7,11,13,24,23,4,15,20,38,36,4,20,4,2,7,7,42,24,8,4,1,1,3,56,120,59,21,120,12,7,10,13,31,55,120,32,3,32,89,20,5,1,9,21,38,41,50,4,5,1,1,8,18,108,79,73,41,12,8,120,120,76,15,13,6,3,21,52,42,82,26,2,0,0,1,0,54,107,19,0,0,0,0,0,6,120,67,0,0,0,0,7,103,120,8,0,0,0,0,2,44,106,0,0,0,0,0,0,24,67,0,0,0,0,0
1,1,0,19,78,31,16,1,1,28,65,119,116,14,5,0,51,119,59,14,5,2,6,3,17,39,5,31,17,7,15,3,4,0,0,2,11,119,119,22,73,13,35,24,11,15,64,85,19,31,31,15,44,19,24,7,3,1,0,5,11,33,83,9,29,42,22,36,56,96,29,15,119,119,6,4,4,5,14,44,28,14,4,89,41,2,0,1,4,17,13,69,24,9,8,1,4,53,119,114,8,0,0,0,39,119,100,10,0,0,0,0,4,8,44,53,11,0,0,0,0,15,70,39,5,0,0,0
71,1,0,0,0,2,7,92,76,4,0,0,0,3,52,125,74,17,0,0,0,8,34,25,79,5,0,0,0,0,0,11,43,0,0,0,0,0,7,90,125,20,0,0,0,0,4,89,125,42,0,0,0,0,1,27,95,35,0,0,0,0,0,4,82,56,12,0,0,0,12,32,125,83,1,0,0,0,0,33,125,35,0,0,0,0,1,76,91,60,0,0,0,0,0,2,18,125,115,3,0,0,0,0,33,125,52,0,0,0,0,2,125,81,15,0,0,0,0,8,58,21,0,0,1,1,1,10
95,30,10,10,91,13,0,5,128,9,0,8,42,4,1,60,65,19,3,42,126,5,1,7,128,21,0,2,49,19,0,8,34,38,78,25,33,3,0,2,128,36,11,5,12,4,5,43,62,31,8,37,54,13,12,17,82,36,1,2,69,91,11,11,8,8,49,61,8,4,6,5,50,15,8,15,9,10,52,32,13,2,1,4,5,35,103,46,9,1,0,0,44,128,45,28,11,5,8,18,38,36,38,20,2,0,0,6,25,44,73,19,15,10,13,4,24,37,30,34,1,77,128,23,90,128,14,4
14,8,9,45,7,12,40,9,31,1,0,19,3,5,54,30,132,51,0,1,10,1,4,13,25,14,0,1,78,30,0,3,85,12,14,108,13,0,2,30,70,4,3,132,39,0,7,17,132,18,1,9,34,0,0,25,35,2,0,7,132,21,2,10,88,0,0,9,8,6,15,80,30,15,6,68,67,26,15,11,132,31,4,12,25,6,15,48,18,0,0,20,132,38,20,20,13,0,0,0,0,3,45,106,4,1,0,0,3,24,92,34,19,1,0,0,1,14,132,66,0,0,0,1,52,102,100,11
62,84,74,75,3,1,0,13,106,21,48,114,3,0,0,23,126,16,9,18,31,0,0,51,7,0,2,41,126,9,3,11,126,14,4,30,14,1,0,35,52,9,12,112,86,0,0,5,126,8,2,11,32,1,0,34,17,0,0,53,126,5,0,8,126,12,2,2,7,1,0,34,45,7,1,33,108,5,1,17,126,26,1,9,30,8,0,7,14,0,2,13,126,31,0,2,73,19,11,1,0,0,0,13,35,8,2,15,26,7,6,12,61,26,2,5,26,31,6,9,2,1,0,3,66,75,14,0
42,58,10,0,0,2,4,18,5,40,4,0,3,111,14,3,6,10,0,0,0,115,34,3,6,58,4,0,0,18,11,1,25,0,0,0,0,17,58,100,9,0,0,0,3,116,64,14,112,42,0,0,0,47,21,18,32,64,3,0,0,42,13,1,0,0,0,0,0,27,116,67,48,1,0,0,0,92,115,48,116,22,0,0,0,22,38,74,16,8,4,0,3,116,40,7,0,0,0,0,0,22,100,15,14,2,1,0,0,12,81,91,37,7,7,0,0,7,116,116,69,116,77,3,2,36,39,27
3,62,23,1,83,34,0,0,78,109,27,0,0,0,0,0,50,119,47,0,0,0,0,0,0,36,119,8,0,0,0,0,8,119,100,22,9,10,0,0,58,66,119,80,0,0,0,1,119,77,14,6,0,0,0,22,39,39,57,30,13,0,0,6,117,73,31,25,23,8,0,23,31,18,50,119,9,0,0,4,119,21,23,52,3,0,0,29,112,5,1,11,36,0,0,28,119,15,2,3,11,4,0,15,66,4,2,50,40,0,0,6,54,8,5,36,41,0,0,2,100,2,0,2,19,1,0,12
11,16,2,0,0,36,13,12,12,9,0,0,1,71,17,4,10,47,3,0,0,15,7,1,0,13,4,0,2,37,5,0,4,0,0,0,0,51,67,24,85,16,0,0,0,37,20,24,28,20,0,0,1,86,23,5,1,10,3,0,0,60,28,2,4,0,0,0,0,19,72,27,43,4,4,0,0,7,78,97,48,97,70,6,2,54,44,26,3,76,124,36,4,8,5,1,0,94,127,0,0,1,13,4,18,133,133,38,1,0,21,17,133,133,117,38,3,0,4,10,12,52,80,133,81,6,0,0
30,3,0,20,9,0,0,19,67,17,1,0,0,0,0,62,33,13,3,0,0,0,16,79,3,2,9,22,0,0,14,45,43,11,1,125,102,2,0,3,96,83,28,1,0,0,0,20,12,35,87,4,0,0,7,35,5,4,21,14,0,0,8,49,15,17,125,125,125,17,0,0,65,32,99,102,30,0,12,44,10,5,24,9,2,0,23,108,1,0,17,34,0,0,7,30,1,4,125,102,54,115,22,7,0,0,39,125,125,71,7,3,9,2,7,49,9,0,3,41,4,1,0,2,0,0,12,52
0,1,0,7,141,141,51,10,7,45,13,1,116,38,0,0,57,61,17,0,0,0,0,0,20,51,35,1,0,0,0,0,0,9,17,141,141,119,15,1,22,122,57,48,32,16,0,2,42,34,63,55,0,0,0,5,78,19,9,6,0,0,0,23,1,1,3,90,141,141,84,5,83,20,9,25,66,25,0,26,41,6,15,70,11,0,0,9,56,5,5,18,8,0,0,13,9,0,0,3,69,35,17,13,56,9,2,5,28,4,0,6,50,1,0,10,21,0,0,14,26,3,0,10,18,0,0,2
3,0,0,20,24,1,0,1,22,0,0,6,17,8,4,7,59,3,2,22,17,4,1,10,36,36,9,32,19,4,7,7,14,0,0,22,28,0,0,18,32,2,0,30,62,5,2,12,130,116,47,12,3,0,0,24,31,130,130,32,5,0,0,2,4,0,0,9,15,4,24,45,21,2,0,38,59,32,23,22,130,71,13,4,9,17,35,130,53,49,75,16,15,3,25,130,0,0,0,19,42,11,19,10,1,0,0,0,25,71,45,8,130,93,2,0,9,33,17,78,128,119,93,13,1,1,18,86
5,0,0,0,5,79,137,10,67,15,14,14,71,57,77,30,137,35,11,6,11,2,0,39,11,1,0,0,0,0,0,1,25,5,11,23,8,15,15,4,137,102,44,9,1,1,5,21,137,137,46,3,0,0,9,30,13,8,0,0,0,0,0,5,12,5,25,26,1,0,0,0,137,17,8,8,5,10,23,61,96,17,1,1,11,26,106,137,28,0,0,0,0,0,2,48,6,1,1,4,4,2,4,8,111,1,0,11,18,5,2,24,137,7,0,34,44,13,10,60,94,1,0,0,0,0,0,27
132,40,6,25,12,0,0,9,164,55,3,0,0,0,1,33,53,33,15,6,1,2,11,29,13,23,12,4,4,22,20,12,139,18,2,17,17,2,3,9,164,52,7,0,0,0,0,38,95,37,29,2,2,10,14,12,8,6,8,2,40,50,8,1,149,17,5,13,5,5,12,21,164,24,1,0,0,0,12,63,40,5,5,0,0,22,89,47,1,0,0,2,15,25,32,14,61,118,53,19,0,0,0,5,134,77,29,14,5,4,20,40,16,4,4,7,4,6,85,81,7,3,0,0,2,11,26,36
1,3,14,41,21,2,0,0,19,17,10,25,75,14,5,10,156,63,3,4,8,4,4,29,88,18,0,0,0,0,0,0,2,0,2,10,20,41,21,5,44,8,3,14,84,62,18,15,156,48,1,1,3,4,2,23,85,15,0,0,0,1,1,0,5,3,1,1,38,156,72,10,109,16,1,1,16,80,83,62,156,37,0,0,0,2,1,68,63,10,1,0,0,0,0,5,21,41,51,15,44,60,24,13,62,60,45,17,47,20,6,36,156,15,0,0,9,5,3,108,65,2,0,0,0,0,10,17
150,145,60,29,1,0,0,0,0,3,172,118,8,1,0,0,1,1,172,172,0,0,0,0,0,2,172,172,9,3,5,1,53,59,0,1,6,0,0,0,4,1,1,6,33,1,0,1,21,3,27,39,2,0,0,4,1,0,101,168,0,0,0,0,4,8,0,1,4,0,0,0,2,2,1,12,22,1,0,0,21,13,1,2,1,0,0,1,3,1,4,10,0,0,0,0,0,0,0,0,3,1,0,0,2,2,0,2,12,5,0,0,12,7,0,0,0,0,0,0,1,0,0,0,0,0,0,0
0,0,0,0,0,0,0,1,0,0,0,0,6,9,0,0,6,5,0,0,4,7,1,1,6,4,0,0,0,0,0,0,1,0,0,0,1,1,3,41,1,0,0,0,16,18,2,2,24,3,0,0,2,4,2,5,6,2,0,0,0,2,0,0,1,0,0,0,0,0,50,195,3,1,0,0,19,5,12,59,32,7,0,0,3,1,0,1,5,0,0,0,19,70,0,0,17,2,3,7,3,3,181,195,2,0,0,0,0,0,147,195,9,3,0,0,0,12,81,94,0,0,0,0,147,195,8,3
6,1,0,0,0,14,43,48,18,3,1,1,1,6,50,108,41,22,21,24,5,0,4,115,54,40,10,2,0,0,0,19,14,3,1,2,36,39,27,30,115,82,19,7,9,16,23,69,87,40,34,47,22,6,7,91,115,9,0,1,0,0,0,47,27,15,27,31,62,15,10,36,115,45,10,7,18,8,46,115,59,47,12,11,19,17,90,94,80,35,4,0,0,0,2,91,16,26,25,45,90,9,3,10,86,115,67,10,15,1,4,9,32,115,108,11,0,0,6,12,29,90,13,0,0,0,0,7
51,63,0,1,17,4,0,5,8,14,6,40,133,72,0,1,133,129,11,19,41,22,1,4,43,24,1,2,0,0,0,0,9,17,0,2,34,9,0,0,16,17,7,46,133,62,4,11,133,85,7,12,19,9,4,71,30,7,0,0,0,0,0,9,0,0,0,9,30,12,0,0,21,9,4,70,133,102,9,13,133,61,4,11,14,17,8,47,33,9,0,0,0,0,0,2,0,0,0,1,64,31,0,0,61,8,0,2,133,133,12,33,133,43,0,0,4,18,7,70,18,3,0,0,0,0,0,2
0,0,0,2,18,3,0,0,3,17,7,69,133,43,0,0,133,133,12,33,61,8,0,2,64,31,0,0,0,0,0,1,0,0,0,2,32,9,0,0,14,17,8,47,133,61,4,11,133,103,9,13,21,9,4,70,30,12,0,0,0,0,0,9,0,0,0,9,30,7,0,0,19,9,4,70,133,85,7,12,133,62,4,11,16,17,7,46,33,9,0,0,9,17,0,2,0,0,0,0,43,24,1,2,42,22,1,4,133,129,11,19,133,72,0,1,8,14,6,40,17,4,0,5,51,63,0,1
6,2,0,35,145,3,0,0,145,25,1,16,56,0,0,0,118,3,0,0,0,0,0,0,0,0,0,0,0,0,0,0,7,1,0,23,145,89,2,3,145,13,0,10,44,27,4,22,143,2,0,0,0,0,0,1,0,0,0,0,0,0,0,0,7,6,2,90,145,30,0,1,145,57,6,32,37,8,1,12,133,9,0,0,0,0,0,2,0,0,0,0,0,0,0,0,3,22,7,23,120,31,0,0,91,145,7,8,17,3,0,1,37,29,0,0,0,0,0,0,0,0,0,0,0,0,0,0
0,0,0,3,21,1,0,0,6,9,8,84,130,8,0,0,130,100,16,36,38,0,0,15,63,17,0,0,0,0,0,9,0,0,0,3,27,14,0,0,9,7,6,49,130,130,13,13,130,91,11,16,16,23,14,73,40,19,0,0,0,0,0,7,0,0,0,8,44,4,0,0,22,16,4,59,130,70,10,22,130,100,4,10,18,13,8,81,32,12,0,0,0,0,0,5,0,0,0,7,26,3,0,0,17,13,15,108,130,47,9,20,130,76,19,27,15,8,7,80,25,5,0,0,0,0,0,5
0,0,0,16,48,9,0,0,33,14,11,102,127,66,26,53,127,26,6,10,3,3,10,116,12,0,0,0,0,0,0,4,0,0,0,13,39,9,0,0,28,15,11,112,127,68,5,15,127,46,9,16,15,10,5,88,33,2,0,0,0,0,0,12,0,0,0,11,33,7,0,0,12,17,13,98,127,66,9,12,127,102,13,16,12,11,8,70,31,11,0,0,0,0,0,8,0,0,0,7,32,7,0,0,7,0,0,35,127,75,12,21,127,1,0,2,28,19,13,127,48,0,0,0,0,0,0,13
0,0,0,5,11,0,0,0,3,3,0,36,107,0,0,0,15,8,0,4,7,0,0,0,0,0,0,0,0,0,0,0,0,0,0,18,64,0,0,0,42,11,4,123,154,0,0,3,154,30,4,18,38,0,0,32,48,0,0,0,0,0,0,6,0,0,0,19,38,0,0,0,14,10,26,154,154,0,0,0,154,46,33,78,32,2,5,76,76,0,0,0,0,0,0,72,0,0,0,5,1,0,0,0,0,0,2,105,68,0,0,0,44,4,6,109,118,6,11,69,105,2,1,3,0,0,2,108
0,0,0,24,66,2,0,0,64,9,5,88,149,19,3,16,149,7,1,4,2,2,1,49,11,0,0,0,0,0,0,4,0,0,0,7,60,14,0,0,29,3,1,28,149,131,19,38,149,15,0,1,15,23,17,149,43,3,0,0,0,0,0,17,0,0,0,0,30,12,0,0,85,13,0,0,149,120,5,9,149,75,0,0,16,12,3,20,48,9,0,0,0,0,0,1,0,0,0,0,0,0,0,0,44,7,0,0,2,9,1,2,149,16,0,0,0,1,0,3,5,0,0,0,0,0,0,0
22,4,10,142,142,0,0,6,142,18,43,142,29,0,0,142,89,1,3,4,0,0,0,142,1,0,31,11,0,0,0,4,0,0,12,142,26,0,0,0,70,14,60,142,103,34,6,66,142,27,2,3,10,10,6,142,30,3,0,0,0,0,0,13,0,0,0,0,1,0,0,0,13,3,0,1,25,15,1,3,116,46,0,0,2,4,1,10,18,8,0,0,0,0,0,0,0,0,0,0,0,0,0,0,0,0,0,0,0,0,0,0,0,0,0,0,0,0,0,0,0,0,0,0,0,0,0,0
17,0,0,0,0,0,16,122,1,0,0,0,0,1,72,39,0,0,0,0,0,0,25,23,0,0,0,0,0,0,0,1,24,9,2,9,14,17,32,59,10,3,1,29,60,82,143,86,124,10,0,2,2,4,109,143,26,0,0,0,0,0,0,18,13,14,3,17,23,19,60,39,40,32,10,103,136,56,39,16,143,119,8,15,8,2,7,49,57,7,0,0,0,0,0,3,0,0,0,2,30,24,128,47,72,7,0,1,10,37,82,41,143,28,0,0,1,1,1,25,39,2,0,0,0,0,0,1
55,10,8,2,2,13,21,28,22,29,18,6,6,18,11,17,98,54,0,0,0,2,7,49,16,7,0,0,0,0,0,2,110,4,1,0,2,18,27,115,27,12,14,8,32,130,64,62,130,37,5,0,2,22,29,130,41,2,0,0,0,0,0,10,29,117,69,0,0,5,12,36,14,130,130,18,18,41,14,10,130,130,95,1,1,3,1,11,24,15,0,0,0,0,0,0,0,112,130,0,0,0,0,0,0,87,77,0,0,0,0,0,0,30,23,0,0,0,0,0,0,2,0,0,0,0,0,0
15,138,112,7,0,0,0,0,25,105,138,58,2,2,1,3,138,138,25,1,0,0,0,17,19,26,0,0,0,0,0,2,40,78,6,2,2,26,26,4,44,10,9,12,7,47,55,25,138,12,1,0,0,2,5,73,39,1,0,0,0,0,0,6,3,5,3,6,28,37,15,2,66,42,9,3,13,17,16,9,138,45,0,0,0,0,5,53,41,2,0,0,0,0,0,14,42,8,5,1,12,55,39,71,33,23,27,6,35,44,19,26,71,3,0,0,24,57,93,138,58,0,0,0,0,0,2,124
3,6,8,1,0,42,112,12,39,10,2,0,0,3,71,136,8,0,0,0,0,0,19,79,3,0,0,0,0,0,0,7,9,39,60,3,0,26,87,19,66,37,14,0,0,8,111,103,136,8,0,0,0,0,43,136,38,2,0,0,0,0,0,10,33,3,1,0,0,0,34,50,77,19,7,4,0,5,35,22,136,48,0,0,0,0,3,14,43,7,0,0,0,0,0,0,15,1,0,0,0,2,136,38,56,1,0,0,0,0,136,134,136,5,0,0,0,0,8,119,31,0,0,0,1,2,0,6
5,5,1,1,1,2,1,4,116,0,0,0,0,1,2,145,145,0,0,0,0,0,0,145,11,0,0,0,0,0,0,6,0,0,0,5,17,12,4,0,92,14,2,0,0,6,12,55,145,12,0,0,0,0,0,106,45,0,0,0,0,0,0,10,8,18,1,8,37,7,2,0,70,145,45,1,2,2,3,1,145,101,29,0,0,0,5,65,27,0,0,0,0,0,10,89,45,31,2,5,6,2,2,3,145,137,17,1,0,2,0,6,15,27,22,4,14,25,8,25,23,0,0,0,2,6,14,118
0,0,0,0,0,0,115,100,5,0,0,0,0,0,77,132,67,26,0,0,0,0,6,47,31,33,0,0,0,0,0,0,2,0,0,0,0,0,56,84,51,2,0,0,0,0,69,141,141,15,0,0,0,0,5,135,46,8,0,0,0,0,0,0,7,6,4,3,0,0,0,15,141,59,0,0,0,0,1,29,141,124,0,0,0,0,0,16,34,8,0,0,0,0,0,0,6,7,3,14,2,0,0,0,141,109,0,0,0,0,0,0,141,110,0,0,0,0,0,0,6,5,0,0,0,0,0,0
7,2,0,0,0,0,101,116,17,4,5,1,0,0,119,92,16,2,22,6,0,2,38,58,0,1,36,7,0,4,47,4,34,5,0,0,0,0,29,55,119,55,0,0,0,1,43,64,62,26,0,0,8,64,37,32,0,0,0,1,10,51,119,3,33,19,4,0,0,0,0,5,88,9,0,0,1,9,37,116,13,1,0,2,17,60,119,51,0,0,0,3,53,119,119,1,19,18,3,1,4,8,0,1,1,2,4,3,34,119,30,12,0,6,28,5,9,101,119,8,0,0,7,10,19,117,119,1
7,6,9,26,6,28,42,3,38,1,0,14,3,5,50,29,130,41,0,1,10,0,2,15,22,11,0,1,67,24,1,3,75,16,20,88,9,0,1,22,76,6,7,130,28,1,4,15,130,14,2,6,29,0,0,22,29,1,0,4,130,19,3,12,92,0,0,11,8,5,12,92,31,13,6,66,57,21,16,13,130,22,3,8,20,6,16,51,16,0,0,6,130,51,21,18,15,0,0,0,0,2,48,115,3,0,0,0,3,18,119,38,17,0,0,0,0,16,130,64,0,0,0,0,45,125,108,9
0,0,0,0,0,5,99,123,10,0,0,0,0,0,71,127,13,0,0,0,0,3,36,127,1,0,0,0,0,16,41,16,24,1,0,0,0,8,81,127,127,10,0,0,0,0,18,127,116,19,1,1,0,2,12,59,7,2,3,8,3,16,46,16,95,46,0,0,0,8,11,18,127,83,0,0,0,0,0,36,127,23,5,4,0,1,7,11,10,12,17,34,4,6,17,4,73,14,15,11,0,0,0,31,127,13,0,0,0,0,0,127,72,3,3,1,1,24,54,70,15,15,7,3,2,20,84,30
0,53,58,5,54,104,0,0,0,117,117,11,5,5,0,0,1,30,117,103,0,0,0,0,18,117,113,13,0,0,0,0,5,117,113,20,32,9,1,4,85,92,103,10,12,4,3,26,12,12,117,44,5,5,0,1,9,66,111,24,0,1,0,1,23,56,32,113,48,3,0,2,108,61,36,47,21,8,5,18,27,9,17,20,17,44,6,8,57,30,12,3,1,5,2,11,17,3,5,26,27,40,17,33,28,16,12,16,25,45,30,46,31,21,44,19,3,2,1,20,13,76,33,2,0,0,0,0
6,1,0,6,73,15,8,30,115,22,0,0,13,4,5,110,52,90,54,4,0,0,0,8,2,17,78,62,0,0,0,0,17,4,0,0,39,40,52,39,133,88,0,0,14,6,3,30,127,61,6,1,0,0,15,45,31,12,33,36,0,0,1,31,33,0,0,0,0,4,37,98,133,13,0,0,0,0,7,133,122,22,0,0,0,0,32,102,109,20,0,0,0,0,1,16,32,11,9,0,0,0,2,47,133,55,0,0,0,0,0,48,133,54,0,0,0,0,0,15,70,51,0,0,0,0,0,0
0,0,0,0,2,25,122,65,0,0,0,0,0,17,122,114,8,0,0,0,0,0,66,122,8,0,0,1,0,4,27,84,0,0,0,1,9,51,80,8,21,3,0,0,0,17,109,111,122,14,0,0,0,0,23,122,78,12,1,3,1,3,11,37,0,1,18,23,3,28,26,4,83,35,4,1,0,10,13,16,122,69,0,0,0,0,0,54,103,12,3,4,0,5,18,17,0,0,106,122,0,0,0,0,37,6,56,71,0,0,0,21,86,4,7,5,0,0,1,122,43,5,8,2,2,19,33,68
20,17,9,9,8,23,5,12,29,1,4,8,10,2,10,131,5,4,6,10,5,3,9,60,0,11,38,15,3,0,0,0,33,10,2,12,31,8,13,38,27,1,0,15,117,21,20,100,131,62,5,0,4,1,6,124,35,88,84,21,0,0,0,8,1,0,0,0,14,32,102,110,70,11,0,1,63,49,61,44,131,67,0,0,5,1,9,63,67,18,4,3,0,1,21,61,6,0,0,1,44,14,41,65,44,0,0,0,0,4,39,120,131,6,0,0,0,0,10,131,107,18,0,0,0,0,16,47
15,6,2,98,93,0,0,0,126,46,1,6,2,0,0,5,64,53,1,0,0,1,23,38,5,13,5,8,12,1,10,28,10,9,3,126,126,0,0,0,126,72,10,29,10,0,0,4,42,31,63,43,5,4,25,35,36,29,27,5,5,5,13,46,3,1,1,126,116,0,0,0,126,14,8,107,24,0,0,55,82,29,73,12,0,0,4,77,3,20,49,33,25,10,9,4,0,0,0,117,29,0,0,0,19,2,34,126,16,0,0,26,30,6,52,25,0,0,26,120,1,14,22,3,5,19,63,18
22,36,23,27,2,0,28,14,11,0,6,47,21,2,28,127,41,0,0,0,1,0,2,124,2,0,0,0,0,0,0,3,29,22,7,13,14,13,15,72,35,1,1,36,127,70,7,49,127,6,0,0,12,10,3,126,26,0,0,0,0,0,0,8,50,4,1,4,14,65,41,65,87,36,0,0,61,127,23,13,127,107,0,0,4,9,1,10,27,8,0,0,0,0,0,0,14,13,0,1,2,91,90,5,127,127,0,0,0,48,25,3,114,127,0,0,0,0,0,0,3,3,0,0,0,0,0,0
0,0,0,0,4,140,140,1,29,17,0,0,2,140,100,12,20,45,13,2,1,23,5,2,2,10,12,4,13,9,2,0,8,46,26,11,16,59,86,5,140,70,11,10,6,7,34,18,47,48,14,41,24,4,0,1,1,1,7,19,16,12,3,0,42,38,11,8,50,65,9,22,140,8,2,5,30,41,10,91,75,4,2,30,29,7,5,28,0,0,3,29,38,9,0,0,30,29,0,0,21,102,42,53,140,140,12,0,10,39,5,35,49,63,102,35,5,2,2,10,0,0,24,75,13,1,0,0
0,0,0,0,1,40,59,7,10,6,0,0,0,21,36,2,35,54,0,0,0,2,10,5,26,71,2,0,0,0,0,1,1,0,0,35,26,4,22,13,44,6,0,0,0,2,8,31,125,52,0,0,0,0,0,7,42,66,15,4,0,0,0,1,0,0,0,203,123,1,3,6,62,2,0,12,5,0,3,49,164,31,0,0,0,0,0,62,55,40,15,4,0,0,15,52,0,0,6,203,59,0,0,0,22,0,11,203,5,0,0,29,91,19,2,7,0,0,1,87,26,36,11,0,0,0,19,61
7,1,0,0,26,12,0,3,23,33,5,1,12,9,1,1,11,23,12,15,20,8,5,2,2,68,27,1,4,7,6,4,13,4,0,0,16,23,28,23,130,130,52,9,6,5,4,23,18,76,133,97,9,0,0,2,16,133,83,6,1,0,0,2,37,69,1,0,0,20,41,11,133,133,43,7,0,2,6,49,62,24,51,39,27,24,9,32,75,43,12,4,5,5,2,34,106,133,1,0,0,3,1,0,67,133,92,55,0,0,0,2,6,7,99,92,6,5,3,5,44,16,22,22,2,1,2,12
0,0,0,0,0,0,0,0,0,0,0,0,0,0,0,0,0,0,0,0,0,0,0,0,0,0,0,0,0,0,0,0,0,0,0,0,1,1,0,0,13,2,0,7,23,3,0,5,112,8,0,2,2,0,0,54,17,0,0,0,0,0,0,9,0,0,0,0,40,141,2,0,85,62,1,14,96,142,40,15,142,142,1,4,8,4,3,31,30,13,0,0,0,0,0,4,13,3,0,0,142,142,2,2,142,142,0,0,54,142,20,13,113,142,0,0,0,0,0,1,1,4,0,0,0,0,0,0
0,0,17,6,0,22,122,2,6,1,21,8,6,26,110,21,3,5,14,5,3,12,25,10,9,21,10,11,2,0,13,15,16,5,2,17,10,34,122,10,122,30,1,0,0,4,80,60,39,30,15,7,1,8,29,19,31,122,12,0,0,0,2,7,13,19,109,122,10,1,1,0,99,41,103,16,2,9,25,35,94,45,43,18,3,32,93,55,122,69,2,0,0,0,3,20,0,2,122,77,0,0,0,0,0,10,122,32,0,0,0,0,21,85,122,31,1,2,2,1,35,67,12,0,0,0,0,0
18,0,0,1,12,39,52,132,153,0,0,0,0,0,7,153,53,0,0,0,0,0,0,32,0,0,0,0,1,7,0,0,59,13,56,62,7,20,6,20,153,21,8,1,0,0,0,58,153,1,0,0,1,8,1,11,1,0,0,0,4,58,8,1,11,19,153,153,0,0,0,1,153,104,90,21,0,0,1,15,91,4,0,0,1,33,41,39,13,25,0,0,5,73,12,1,1,0,32,23,0,0,47,23,11,21,47,10,0,0,22,28,9,3,1,6,2,13,31,13,32,17,0,0,0,8,18,28
77,1,0,0,0,1,1,52,148,0,0,0,0,0,0,148,52,0,0,0,0,0,0,25,0,0,0,0,0,0,0,0,43,23,1,0,4,6,6,24,148,43,1,0,0,0,0,83,148,2,0,0,0,0,0,18,0,0,0,0,0,0,0,0,31,148,23,1,4,1,0,0,148,148,24,0,0,0,1,39,84,2,0,0,0,0,1,114,3,0,0,0,0,0,0,11,130,97,5,0,0,1,0,2,22,34,10,1,8,25,8,28,42,0,0,0,0,4,12,148,10,0,0,0,0,0,27,58
12,9,1,0,0,0,91,63,21,2,0,0,0,0,61,85,58,30,0,0,0,0,6,36,30,22,0,0,0,0,0,2,0,0,2,0,0,0,127,87,40,1,0,0,0,0,139,147,147,18,0,0,0,0,15,147,34,7,0,0,0,1,0,1,2,4,23,20,0,0,2,7,147,50,3,4,0,0,4,35,147,114,0,0,0,0,0,22,25,8,0,0,0,0,0,0,1,2,4,14,3,1,10,4,147,71,1,5,1,0,1,1,147,87,0,0,0,0,0,0,5,2,0,0,0,0,0,0
1,1,10,2,0,0,31,16,81,3,1,0,0,0,28,63,189,11,0,0,0,0,2,64,57,3,0,0,0,0,0,4,1,4,28,18,0,1,3,1,143,13,8,10,1,0,0,2,189,24,0,0,0,0,0,1,71,4,0,0,0,0,0,0,1,1,4,18,2,3,18,2,120,11,1,4,1,2,4,13,189,4,0,0,0,0,0,85,68,0,0,0,0,0,0,17,0,1,4,28,6,0,0,2,29,2,1,3,4,4,3,23,189,1,0,0,0,0,0,166,100,0,0,0,0,0,0,41
3,1,3,7,7,3,5,26,129,18,0,0,1,2,9,129,117,5,0,0,0,0,16,129,0,0,0,0,0,0,13,21,9,6,1,21,25,4,1,1,129,129,1,5,5,1,0,26,99,54,1,1,15,10,54,106,1,0,0,1,5,18,99,115,9,3,1,4,12,7,2,5,129,20,1,1,2,2,1,106,80,11,5,13,34,12,5,52,10,3,1,21,32,33,54,31,1,7,15,6,4,0,0,0,129,34,10,1,1,0,0,31,129,18,10,31,34,2,0,34,1,0,2,51,120,42,59,3
23,10,0,4,87,6,8,16,26,104,10,0,0,0,7,9,6,92,60,2,0,0,1,4,2,9,59,37,0,0,3,8,95,39,0,72,128,1,0,2,121,128,24,4,0,0,0,8,10,66,49,50,12,1,7,10,3,5,20,46,9,5,34,16,56,86,29,128,128,2,0,1,128,97,29,5,0,0,0,43,30,6,8,99,22,1,2,49,2,8,10,76,19,2,17,6,9,19,29,128,128,64,8,6,37,23,20,21,21,0,0,54,21,2,7,17,9,2,1,30,2,0,1,24,53,21,3,3
0,0,0,0,0,126,126,0,1,0,0,0,0,126,126,7,0,0,3,1,0,61,126,21,1,1,0,0,0,2,126,71,24,2,0,0,0,108,126,20,99,11,0,0,0,23,86,49,19,15,13,7,2,14,29,9,11,55,8,3,1,1,12,18,55,49,1,1,0,6,13,5,103,46,20,0,0,1,18,33,39,73,30,0,0,8,40,14,37,67,5,1,3,2,1,1,8,113,65,8,0,0,0,0,16,126,77,0,0,0,0,1,5,87,126,17,2,0,0,0,4,14,18,29,18,3,0,0
0,0,0,0,0,3,34,12,0,0,0,0,0,6,28,7,0,0,0,0,0,0,13,10,0,0,0,0,0,0,0,0,0,0,0,0,19,64,144,75,15,2,0,1,2,96,144,76,111,4,0,0,0,11,88,144,12,0,0,0,0,0,0,7,27,7,6,12,45,116,68,18,100,103,11,17,17,26,84,38,144,144,2,3,4,3,10,45,22,5,0,0,0,0,0,1,24,58,14,26,31,13,2,3,52,144,15,3,0,0,0,7,41,144,0,0,0,0,0,0,1,2,0,0,0,0,0,0
2,3,24,87,15,20,25,10,56,18,30,11,7,15,35,105,144,87,1,0,0,0,20,73,42,18,0,0,0,0,0,5,0,5,35,144,25,2,0,0,74,36,95,123,12,16,18,19,144,87,16,3,0,1,3,75,31,10,0,0,0,0,0,5,0,0,29,144,1,0,0,0,9,41,144,144,2,3,3,2,88,144,112,5,0,0,0,9,13,10,0,0,0,0,0,0,0,0,1,2,0,0,0,0,0,1,20,5,0,0,0,0,0,7,12,0,0,0,0,0,0,0,0,0,0,0,0,0
1,0,3,4,9,124,62,6,50,0,0,8,22,44,62,63,9,0,4,124,105,4,0,5,0,5,26,124,59,1,0,0,18,9,29,17,104,124,27,9,124,28,18,3,13,21,18,49,33,0,0,23,91,111,21,6,0,0,10,66,69,66,27,0,28,40,82,36,73,13,0,0,80,50,51,10,20,10,2,9,13,1,0,3,124,88,9,5,1,0,0,1,26,37,27,7,5,12,75,83,7,0,0,0,6,10,16,71,29,17,0,0,2,2,0,7,124,74,0,0,4,4,1,2,23,7,1,2
75,21,0,3,6,1,0,13,122,31,0,0,5,4,9,43,2,0,0,2,15,23,67,54,43,0,0,2,17,29,87,62,68,14,9,3,2,0,0,18,122,18,3,11,14,1,0,43,12,3,2,35,108,64,50,5,122,12,0,5,23,38,55,51,38,66,20,0,0,0,12,25,122,100,6,9,10,0,2,30,26,19,18,122,122,8,4,7,83,122,28,35,22,4,7,8,25,7,0,0,6,12,53,122,37,13,0,0,0,0,52,122,36,15,23,46,14,0,1,72,17,100,25,13,1,0,8,12
2,1,1,5,3,1,3,10,29,28,2,13,27,3,1,4,139,138,0,0,1,1,2,51,65,11,0,0,0,2,35,130,3,3,6,4,2,2,4,11,90,17,2,5,11,7,2,15,139,58,1,1,5,4,2,55,19,6,1,4,20,20,37,54,4,6,29,6,1,0,1,6,54,60,43,8,2,0,0,3,139,89,10,8,10,0,0,12,36,11,4,33,139,50,37,2,5,3,7,1,11,7,58,56,74,81,24,0,0,1,29,96,114,127,16,4,7,0,4,48,26,14,13,86,139,4,1,7
11,1,0,0,40,109,8,15,21,4,7,14,1,2,2,25,2,21,17,18,4,1,0,0,27,115,11,0,0,1,0,0,12,1,0,0,53,52,43,33,123,41,17,3,0,7,10,62,25,99,112,16,0,0,0,2,10,123,21,3,13,27,4,1,38,4,2,0,76,45,52,71,123,32,2,0,0,1,7,97,120,58,28,2,13,10,0,16,2,20,13,9,78,116,8,3,22,104,75,5,43,8,0,8,123,123,34,0,0,0,0,13,91,57,5,10,15,4,0,2,3,8,102,44,42,17,0,0
4,0,0,1,6,21,69,79,23,0,0,0,0,0,64,136,26,6,5,2,0,0,9,87,13,15,4,0,0,1,12,15,8,4,12,136,19,35,35,14,136,45,3,8,0,1,25,103,95,17,1,0,0,0,15,84,48,3,1,0,0,0,6,69,5,4,29,136,0,0,0,0,136,30,40,136,0,0,1,43,82,35,7,8,2,3,15,61,69,21,4,10,3,4,11,49,0,0,7,96,0,0,0,0,22,6,87,136,0,0,0,6,36,44,87,32,1,1,8,37,27,80,13,3,1,1,3,2
14,14,63,77,17,2,0,3,152,39,36,1,0,0,0,113,152,0,0,0,0,0,0,141,9,0,0,0,0,0,0,6,7,25,48,83,49,1,0,0,145,42,41,4,1,1,0,37,152,10,0,0,0,0,0,123,44,0,0,0,0,1,3,16,1,2,26,77,18,5,5,2,98,61,16,43,5,1,0,2,152,75,0,0,0,0,0,22,38,0,0,0,0,9,26,24,0,0,0,5,4,2,12,7,96,15,3,11,6,2,1,3,152,12,0,0,0,0,1,18,16,1,0,0,7,22,10,7
0,53,157,1,0,0,0,0,36,157,157,1,0,0,0,0,157,157,23,0,0,0,0,0,62,9,0,0,0,0,0,0,1,74,140,3,0,0,0,0,41,45,132,26,0,0,0,0,157,45,9,1,0,0,4,30,46,1,0,0,0,0,25,26,0,50,86,1,0,0,0,0,11,26,120,66,0,0,0,0,77,15,30,23,0,0,17,64,18,6,0,0,0,0,63,67,0,4,6,0,0,0,0,0,0,3,8,8,0,0,0,0,0,2,5,4,0,0,0,0,4,3,0,0,0,0,0,2
2,0,0,1,27,45,68,131,43,0,0,0,0,1,20,132,14,0,0,0,0,1,0,21,0,0,0,0,0,2,4,1,23,11,35,94,66,40,16,36,132,46,19,9,1,3,9,132,86,1,0,0,0,21,15,25,12,3,0,0,0,11,13,6,23,15,85,94,2,0,17,38,129,98,65,18,0,0,20,29,54,9,0,0,0,15,41,41,29,21,0,0,0,2,4,13,11,0,2,0,0,16,132,57,6,4,3,0,0,1,132,132,10,0,0,0,0,0,95,111,6,1,0,0,0,0,36,107
4,17,12,7,1,0,0,0,157,16,5,4,0,0,0,8,157,19,0,0,0,0,0,20,20,1,0,0,0,0,0,1,11,4,1,15,6,1,0,2,147,14,1,9,10,2,0,41,157,15,0,0,0,0,0,102,40,0,0,0,0,0,0,7,7,4,1,2,6,4,2,6,93,157,4,1,8,3,0,3,157,125,0,0,0,0,1,63,38,0,0,0,0,0,2,49,13,26,18,8,0,0,0,1,134,137,4,0,2,2,0,0,41,29,0,0,3,14,34,69,27,2,0,0,0,4,53,122
2,0,0,0,0,6,151,47,26,0,0,0,0,0,151,151,8,0,0,0,1,12,108,71,3,2,0,0,3,29,28,5,42,8,5,8,0,1,75,31,151,15,0,0,0,0,22,113,128,18,0,0,0,0,23,46,39,25,0,0,0,0,7,7,48,20,6,23,6,0,0,0,151,44,0,0,0,0,0,7,151,6,0,0,0,0,0,40,45,2,0,0,0,0,0,10,42,41,2,4,10,2,0,0,151,117,3,0,0,0,0,2,73,42,6,0,0,0,0,16,29,5,0,0,0,0,0,2
39,0,0,0,0,1,40,124,1,0,0,0,0,30,124,41,18,0,0,0,0,2,32,84,2,0,0,0,0,0,0,3,121,0,0,1,4,5,14,102,30,6,3,24,47,77,62,55,124,21,2,3,2,9,19,124,29,1,0,0,0,0,1,12,124,13,1,3,2,0,12,65,60,39,45,84,27,4,9,50,124,124,26,12,2,0,3,24,26,7,0,0,0,0,11,12,18,0,0,11,12,20,119,106,46,5,5,2,0,0,75,124,51,14,3,0,0,0,2,124,23,13,0,0,0,0,1,20
134,16,1,4,4,2,12,134,79,81,63,39,20,1,0,36,52,134,22,1,0,0,1,11,7,4,0,0,0,0,0,4,134,134,11,32,12,1,4,80,134,36,3,0,0,0,0,60,44,37,12,0,0,0,0,11,5,5,1,0,0,0,0,3,109,134,66,96,10,0,0,3,134,105,10,0,0,0,0,21,58,17,3,0,0,0,0,1,0,0,0,1,0,0,0,0,2,44,124,61,1,0,0,0,18,110,41,0,0,0,0,0,6,10,0,0,0,0,0,0,0,0,0,0,0,0,0,0
11,4,7,4,0,0,0,5,84,6,1,5,1,0,0,77,131,3,0,0,0,0,15,131,4,0,0,0,0,5,101,58,3,2,10,35,11,0,1,4,102,12,3,1,0,0,1,17,131,8,0,1,7,6,10,60,20,1,0,5,29,64,72,35,0,2,4,93,74,3,4,1,61,39,8,1,3,2,17,33,131,54,2,13,11,1,2,49,30,43,35,77,53,15,3,11,0,0,1,131,131,8,6,0,11,1,0,29,47,32,88,79,54,4,0,2,1,3,75,131,50,24,19,14,0,0,2,116
50,27,33,134,84,8,0,5,161,38,13,5,0,0,0,94,111,0,0,0,0,0,9,42,0,0,0,0,0,0,11,5,18,18,16,52,36,28,9,1,161,83,11,7,0,0,1,21,128,4,0,0,0,24,63,40,3,0,0,0,0,9,65,54,40,6,0,2,3,5,7,10,161,30,0,0,0,0,2,41,64,37,21,0,1,23,21,31,11,57,38,0,0,5,13,20,14,0,0,1,10,11,4,21,161,18,0,0,2,4,3,132,102,83,28,0,0,0,0,27,0,36,35,0,0,0,0,0
4,0,0,0,0,5,157,81,128,0,0,0,0,0,33,160,90,1,0,0,0,0,0,20,1,0,0,0,0,0,0,0,41,24,6,0,0,0,29,29,160,26,0,0,0,0,5,63,160,10,0,0,0,0,0,6,1,0,0,0,0,0,0,0,39,25,6,4,2,0,0,0,160,43,0,0,0,0,0,19,160,3,0,0,0,0,0,14,1,0,0,0,0,0,0,0,31,73,3,1,3,0,0,0,160,106,0,0,0,0,6,35,77,2,0,0,0,0,5,101,3,0,0,0,0,0,0,8
0,0,1,12,130,20,0,0,14,36,3,4,19,3,0,0,130,81,0,0,0,0,3,17,56,3,0,0,0,0,3,52,5,0,0,10,130,55,10,15,95,79,3,1,9,12,8,50,49,78,11,13,18,15,16,21,81,39,4,0,1,3,13,62,11,11,4,66,130,19,6,15,130,77,6,12,26,8,6,73,90,76,58,21,10,2,0,5,30,97,24,1,0,0,0,1,2,23,21,116,130,0,0,0,98,130,27,26,9,0,0,0,80,64,4,0,0,0,0,0,6,13,3,0,0,0,0,0
0,0,0,0,0,0,0,0,0,0,0,0,0,6,7,0,0,0,0,0,0,1,7,3,0,0,0,0,0,0,0,0,0,0,0,0,2,16,68,48,5,0,0,0,15,100,53,10,61,4,0,0,1,16,40,49,10,0,0,0,0,0,0,3,17,9,8,0,1,8,144,144,26,4,0,0,26,53,107,144,144,24,0,0,3,4,18,54,14,2,0,0,0,0,6,8,18,15,38,37,22,1,18,100,7,0,0,1,2,4,144,144,27,0,0,0,1,3,144,144,13,0,0,0,0,0,87,144
16,105,28,0,0,1,11,7,5,150,150,7,6,5,3,3,10,150,150,8,6,2,0,3,1,150,34,0,0,0,0,0,13,150,124,15,0,0,2,1,22,139,111,65,0,0,1,22,97,68,21,4,0,0,0,55,14,7,1,0,0,0,0,3,0,106,53,19,0,0,0,0,4,10,50,125,0,0,0,1,60,53,36,17,0,0,0,4,10,3,0,0,0,0,0,0,0,1,0,0,0,0,0,0,0,0,6,7,0,0,0,0,0,3,7,1,0,0,0,0,0,0,0,0,0,0,0,0
0,0,0,0,7,34,2,0,0,0,0,0,17,108,61,15,35,0,0,0,0,10,48,102,11,0,0,0,0,0,0,9,0,0,0,0,32,104,39,2,22,2,0,3,143,144,41,27,144,6,0,1,7,34,36,124,62,0,0,0,0,0,0,7,3,1,2,19,52,78,33,9,39,31,8,34,144,85,7,5,144,86,6,10,12,4,2,13,66,2,0,0,0,0,2,10,0,0,0,14,92,90,1,0,56,31,2,3,16,51,3,2,144,71,3,1,0,0,4,15,21,6,2,0,0,0,11,39
0,0,0,0,20,22,0,0,25,0,0,1,147,155,34,45,155,0,0,0,14,23,27,155,10,0,0,0,0,0,0,13,0,0,0,15,48,6,0,0,56,4,3,82,155,47,1,16,155,27,4,9,39,8,1,87,49,8,0,0,0,0,0,10,0,0,0,10,21,0,0,0,13,19,26,155,155,0,0,1,155,87,29,35,13,0,0,6,38,4,0,0,0,0,0,0,0,0,0,0,0,0,0,0,0,0,0,3,2,0,0,0,0,0,0,0,0,0,0,0,0,0,0,0,0,0,0,0
0,0,0,0,0,0,0,0,0,0,0,0,3,3,0,0,0,0,0,0,0,0,0,0,0,0,0,0,0,0,0,0,0,0,0,0,30,19,0,0,16,1,0,0,158,158,28,24,158,6,0,0,12,29,27,95,27,0,0,0,0,0,0,2,0,0,0,12,77,18,0,0,55,38,1,21,158,90,4,6,158,105,0,3,30,9,4,26,38,2,0,0,0,0,0,2,0,0,0,21,54,0,0,0,24,95,47,122,158,6,0,0,84,158,16,5,4,0,0,0,4,6,0,0,0,0,0,0
