0,0,0,0,0,0,0,0,4,2,0,2,1,0,0,0,18,31,0,0,0,0,0,0,11,23,0,0,0,0,0,0,0,0,0,0,0,0,0,0,67,13,3,24,29,3,0,1,186,151,1,1,2,0,0,8,129,110,0,0,0,0,0,2,0,0,0,0,0,0,0,0,85,0,0,3,21,22,22,28,186,5,0,0,1,1,2,58,186,9,0,0,0,0,0,12,0,0,0,0,0,0,0,0,90,0,0,0,0,0,9,53,186,0,0,0,0,0,0,72,178,0,0,0,0,2,11,30
0,0,0,1,94,9,0,0,75,75,8,8,61,3,0,4,54,63,20,60,53,25,8,11,0,0,8,60,112,30,0,0,1,0,0,1,92,25,0,0,110,29,1,1,34,9,1,10,40,4,0,0,59,54,13,11,1,0,0,6,122,39,0,0,2,1,70,117,53,8,0,1,83,46,31,49,15,5,0,14,18,14,9,33,63,29,2,3,0,0,0,65,122,11,1,0,0,0,122,122,91,0,0,0,15,41,42,122,122,17,15,13,6,13,7,28,83,79,22,18,19,7,13,68,36,12,9,29
0,0,0,0,0,0,125,125,12,0,0,0,5,29,125,117,23,16,0,0,1,31,52,18,33,37,12,9,0,0,5,11,14,21,34,0,0,0,71,49,125,48,5,0,0,0,47,124,86,44,0,0,0,1,24,48,40,23,0,0,0,3,27,54,6,26,41,5,3,6,10,2,70,23,5,2,2,10,120,92,20,2,0,0,0,0,125,125,40,1,0,0,0,7,75,125,1,3,13,41,11,8,4,2,0,0,18,51,11,11,39,3,41,54,27,8,0,0,63,39,125,74,0,0,18,17,10,42
0,0,1,24,21,5,2,2,19,6,16,61,21,0,0,6,133,33,12,4,1,0,0,36,133,1,0,0,5,9,10,38,17,1,1,4,31,32,11,31,87,88,92,25,2,0,1,27,106,133,129,6,0,0,0,12,64,14,7,1,0,2,17,77,31,1,4,13,47,13,3,23,133,31,8,1,2,0,0,78,95,53,59,6,0,0,0,10,15,29,79,10,0,0,0,11,7,12,133,39,8,0,0,1,133,116,83,6,0,0,1,16,117,51,4,0,0,0,1,22,23,16,32,16,1,0,0,17
44,13,16,38,69,0,0,21,39,118,70,15,18,0,7,18,16,118,45,1,5,20,24,23,40,48,5,0,4,15,11,15,75,74,64,41,25,1,0,7,49,34,32,43,55,32,56,55,118,50,16,1,3,13,59,104,53,115,18,0,1,4,1,9,6,37,79,55,20,3,10,4,15,20,118,118,47,13,8,3,118,85,68,13,1,1,2,43,97,30,1,0,0,0,3,29,0,0,4,6,1,5,118,54,5,0,26,17,0,3,103,31,74,65,20,6,0,0,14,20,31,35,1,0,0,0,2,2
1,0,0,0,3,30,55,29,1,0,0,0,4,31,93,22,5,0,0,0,1,18,108,22,3,0,0,0,0,10,112,43,7,1,3,9,46,93,112,34,96,7,1,3,7,46,98,70,20,2,0,20,92,54,69,10,26,3,3,16,34,46,107,95,29,24,30,19,57,40,44,33,112,88,38,9,5,2,10,25,30,11,1,47,112,9,0,1,3,1,1,15,112,73,29,21,38,34,12,0,0,33,58,27,96,20,5,0,1,5,49,91,27,3,0,16,112,11,0,13,0,0,2,21,112,14,3,1
0,1,0,0,20,85,33,20,90,12,1,1,3,11,39,127,60,3,0,0,0,1,9,61,0,0,0,1,12,7,11,1,16,4,2,2,15,83,80,30,127,90,4,2,5,7,19,61,99,24,0,0,0,31,76,36,9,0,0,1,1,3,23,35,71,0,0,3,4,29,32,56,127,5,0,0,0,21,76,119,53,24,0,0,0,80,127,72,99,14,0,0,0,0,16,107,27,11,10,21,2,0,0,24,72,97,3,0,0,2,29,67,39,127,9,0,0,4,16,5,56,97,5,0,0,7,5,8
128,1,0,0,0,0,0,128,60,3,0,2,8,7,17,74,93,34,1,2,3,1,5,15,28,4,0,0,0,3,11,8,128,114,0,0,1,0,0,35,112,46,2,4,31,21,23,39,128,5,0,0,2,4,9,52,30,0,0,0,3,6,2,7,128,128,2,1,1,13,36,31,66,40,2,3,32,40,79,59,128,47,1,0,2,0,7,51,20,0,0,0,1,12,8,22,37,23,31,26,18,23,32,28,64,29,18,10,15,31,64,128,81,18,2,0,0,0,28,128,31,0,0,0,0,5,6,39
2,4,86,60,13,20,40,6,24,51,109,30,2,0,16,17,77,37,21,9,4,0,1,7,29,6,0,27,128,5,3,5,21,2,1,6,118,72,97,48,128,38,32,6,3,2,43,109,36,31,80,53,29,6,10,10,7,0,8,61,119,31,22,7,47,36,25,21,128,35,7,10,128,77,10,1,3,1,12,45,30,6,7,34,42,20,49,48,0,0,4,41,94,58,7,0,23,57,52,13,9,1,0,2,67,71,17,4,11,8,7,6,4,0,0,10,19,31,83,24,0,0,0,3,87,44,38,5
0,0,0,10,52,8,1,0,11,20,21,18,17,1,0,1,13,23,57,79,7,0,0,1,0,0,6,153,67,16,28,4,0,0,0,0,18,22,64,51,32,6,1,1,9,8,3,19,76,16,9,22,0,0,0,14,4,4,8,153,29,0,0,0,38,5,0,0,0,7,90,153,28,12,1,0,0,0,41,153,92,24,1,1,0,0,5,43,11,4,3,49,21,6,6,6,52,48,2,0,29,56,45,61,6,0,0,0,12,59,153,153,49,0,0,0,0,1,88,153,8,0,0,0,4,18,28,34
1,4,4,0,2,67,37,5,20,8,0,0,1,14,53,30,42,16,3,1,7,38,58,41,2,2,1,2,21,64,114,8,5,0,3,17,11,104,61,10,114,8,1,3,12,19,48,79,29,6,14,35,114,90,42,10,5,26,71,10,17,56,109,13,6,7,114,114,11,20,6,2,114,65,86,46,7,4,6,11,36,23,59,79,49,3,23,8,1,49,114,29,20,51,21,2,0,0,54,68,7,16,4,0,4,12,52,66,67,29,7,1,2,3,6,16,37,43,87,8,0,3,6,3,8,114,76,2
0,0,0,2,64,123,1,0,121,2,0,0,22,44,4,26,123,0,0,0,7,0,0,44,10,1,0,13,84,8,3,3,0,0,81,119,90,24,0,0,89,16,97,51,3,6,0,14,123,12,4,4,3,0,0,54,30,1,0,21,90,0,0,4,0,0,123,120,9,0,0,0,16,14,104,123,62,0,0,0,123,48,10,25,12,0,0,2,33,5,0,20,73,0,0,0,0,0,4,15,14,10,14,3,4,4,2,66,123,1,1,1,103,32,2,20,29,0,0,0,16,7,2,22,32,1,0,0
16,33,0,0,12,84,6,1,0,0,0,0,7,99,18,0,7,11,32,50,71,70,5,1,0,31,132,93,66,49,0,0,1,0,0,0,29,115,10,1,22,0,0,0,17,106,34,8,132,69,41,14,2,20,14,17,17,30,132,52,12,4,1,0,1,2,3,1,36,64,6,2,46,6,1,4,66,53,3,5,132,15,0,1,3,17,44,58,23,3,1,4,10,45,132,14,0,1,3,2,17,73,35,0,8,1,0,1,18,62,68,5,36,1,0,0,0,61,132,50,24,0,0,0,0,35,132,37
0,0,1,20,10,127,105,12,51,0,0,3,1,71,81,87,125,1,1,0,0,0,23,129,16,7,9,1,0,2,27,48,0,0,61,129,10,14,6,0,69,7,40,129,3,4,1,38,129,37,10,4,0,0,0,64,61,30,33,4,5,0,0,3,1,0,32,97,0,0,10,49,11,22,110,129,1,0,0,4,129,104,56,22,0,0,9,23,46,9,2,4,3,4,67,31,29,37,18,9,0,0,6,57,7,10,19,51,3,0,0,5,4,5,10,38,12,3,11,7,0,0,4,20,9,9,77,11
8,35,19,0,3,7,10,22,6,8,2,26,34,34,32,5,9,14,5,49,56,20,15,2,27,32,1,0,0,0,0,0,8,0,0,5,22,84,39,22,8,0,0,0,5,137,137,19,104,8,0,1,8,44,99,79,54,20,0,0,0,2,5,9,0,0,0,8,125,137,19,0,53,13,0,2,22,137,34,8,137,50,0,0,2,10,9,23,47,12,0,0,45,32,12,5,0,0,40,137,114,17,1,0,51,20,61,100,12,11,2,0,137,38,4,3,2,0,0,0,31,5,0,0,85,15,0,0
2,0,0,0,33,72,37,5,14,4,4,20,44,17,19,12,0,1,2,34,124,0,0,0,67,12,1,4,26,0,0,9,40,1,0,18,124,56,20,14,124,46,23,45,14,4,11,30,10,12,19,124,124,0,0,1,60,64,6,37,23,0,0,2,23,18,70,104,112,6,1,3,124,83,56,15,11,6,0,32,21,6,7,107,124,22,0,12,67,12,33,64,48,0,0,11,0,5,41,20,7,21,79,15,14,35,37,2,8,6,76,37,10,22,39,28,63,16,4,5,21,31,122,57,8,0,0,3
10,0,0,0,69,73,14,34,72,42,0,0,2,11,40,92,23,50,6,18,9,18,23,23,1,2,29,117,30,38,14,2,51,1,0,0,25,90,25,10,123,75,2,1,9,8,4,21,23,41,5,6,75,106,56,16,19,2,15,40,4,21,76,92,73,42,0,0,5,20,11,5,123,33,0,0,11,34,18,56,18,12,4,7,123,123,25,21,123,93,4,0,15,19,15,52,67,71,0,0,2,2,0,0,58,41,5,5,7,8,2,7,6,48,76,38,30,22,1,1,75,123,20,1,1,1,1,9
64,13,2,0,6,9,51,103,62,1,0,0,0,0,8,60,41,7,0,0,0,0,2,51,9,24,15,44,13,0,0,1,116,116,46,6,5,3,3,38,42,26,19,31,15,6,16,33,116,28,1,2,1,1,5,47,51,53,15,14,18,2,2,5,116,35,80,56,2,1,38,101,16,16,24,64,20,3,80,57,116,28,7,9,1,1,17,56,37,2,0,1,6,3,44,62,3,3,110,116,2,2,58,23,9,37,116,47,1,1,56,47,12,12,75,82,8,6,59,50,1,0,39,21,0,1,115,77
38,10,0,0,51,15,0,0,151,48,0,0,0,0,0,2,151,27,14,43,3,0,0,16,1,9,72,96,11,4,0,2,65,12,1,1,46,9,0,0,151,57,0,0,0,0,0,6,151,18,1,2,0,0,1,38,8,1,18,13,6,7,12,17,36,90,8,13,22,1,0,0,151,115,3,0,0,0,0,47,93,3,0,0,0,1,23,146,1,0,0,0,2,27,64,19,87,48,5,17,19,0,0,1,83,69,12,21,2,0,0,13,6,0,2,24,10,3,54,94,0,0,0,1,3,8,75,75
0,0,1,7,36,141,8,1,3,14,27,38,35,102,29,1,53,141,29,3,1,12,19,7,12,95,135,16,0,0,0,0,0,0,2,9,43,62,10,3,34,6,12,26,50,63,7,12,141,103,6,1,2,7,4,18,51,51,17,10,7,32,6,2,0,0,0,0,47,60,43,4,78,2,0,0,34,106,12,11,141,13,0,0,2,10,6,43,38,1,0,2,34,116,18,14,0,0,0,16,59,23,7,0,37,0,0,6,33,34,6,32,141,0,0,0,1,4,3,141,26,4,29,16,27,18,2,37
3,0,0,0,1,143,31,5,131,0,0,0,0,17,11,90,143,18,1,0,0,0,0,53,129,25,0,0,0,0,0,1,4,1,1,0,3,16,8,18,105,9,2,0,0,0,0,72,143,11,0,0,0,0,0,86,125,5,0,0,0,1,3,49,11,0,1,2,0,0,0,44,114,38,1,0,0,0,0,30,143,124,3,0,0,0,0,12,46,49,22,1,0,0,3,31,3,0,3,19,2,0,0,13,143,6,1,1,0,0,0,52,143,33,0,0,0,0,2,19,54,22,8,0,0,0,4,9
8,2,5,102,48,4,2,1,1,3,6,86,120,17,4,1,120,75,4,6,17,14,10,13,110,46,0,0,0,0,0,1,3,0,0,4,42,117,23,4,12,11,5,29,120,120,10,2,120,100,7,8,11,7,1,21,79,34,0,0,0,0,1,10,8,2,0,0,0,120,70,2,56,77,26,3,4,111,26,14,120,28,28,7,5,10,11,73,60,0,0,0,0,0,35,74,10,30,27,0,1,45,17,1,46,41,40,0,1,8,23,38,12,15,63,6,3,14,41,47,5,0,42,6,0,0,103,64
59,2,0,0,0,0,0,90,154,2,0,0,0,0,0,116,78,3,0,0,0,2,13,77,1,1,1,2,35,42,11,10,83,16,0,0,0,0,0,34,154,69,1,0,0,0,0,36,75,71,24,0,0,0,7,32,8,23,61,18,11,9,3,5,68,1,1,2,0,0,0,79,154,12,0,0,0,0,2,106,137,18,3,0,0,0,10,32,43,13,21,1,2,14,12,6,37,4,14,18,1,0,0,13,154,2,0,0,0,0,0,128,146,13,0,0,1,1,1,67,27,9,0,1,24,28,5,4
0,0,0,0,0,2,63,22,0,0,0,1,1,14,80,4,1,0,0,2,1,9,75,25,3,0,0,0,0,0,9,41,5,2,1,10,52,67,116,34,72,11,3,9,10,13,88,116,12,2,2,17,62,54,53,33,13,0,0,0,4,14,62,116,8,40,90,116,92,26,14,8,116,116,63,19,13,3,10,38,15,16,2,116,116,29,11,7,46,0,0,85,31,10,19,116,0,12,60,34,1,0,0,0,0,48,40,6,3,0,0,0,0,2,1,109,30,2,0,0,5,0,0,116,81,6,0,32
86,2,0,65,36,0,0,93,83,3,0,0,0,0,0,115,7,1,0,0,0,22,28,8,0,0,0,0,0,7,42,18,28,12,24,115,85,0,0,33,115,48,19,12,12,12,2,113,20,3,4,19,87,115,81,20,71,14,5,4,6,43,115,115,1,10,39,115,20,0,0,0,46,50,49,34,17,2,1,14,9,10,79,115,97,27,4,7,80,77,107,36,7,5,4,18,0,0,10,33,7,0,0,0,1,3,79,22,1,0,0,1,1,5,84,19,0,0,0,1,1,4,57,45,2,0,0,3
8,0,2,4,0,0,0,28,64,21,1,0,0,0,0,32,161,112,1,0,0,0,0,5,58,52,18,0,0,0,1,19,2,0,6,33,5,0,0,7,139,7,2,5,0,0,0,52,161,53,0,0,0,0,2,19,83,32,9,0,0,0,6,12,0,3,29,57,6,0,0,0,131,19,10,26,6,1,0,16,161,27,0,0,0,0,0,69,99,39,0,0,2,6,1,11,0,2,7,122,36,5,0,0,37,1,1,14,34,6,1,27,161,2,0,0,0,0,0,151,93,5,0,0,3,7,6,61
0,0,3,22,19,55,18,0,0,0,0,5,30,83,35,0,14,10,4,11,15,36,11,9,109,43,2,1,0,0,0,24,0,0,1,14,15,126,118,0,17,0,0,2,14,126,116,19,125,81,19,3,2,9,31,38,92,126,46,0,0,0,0,1,0,3,13,10,9,73,82,1,65,6,11,9,2,34,40,14,126,55,6,0,0,1,10,112,54,72,52,0,0,4,13,103,4,6,17,22,14,1,0,6,16,4,13,27,30,1,0,15,73,19,0,2,6,0,16,126,49,27,1,1,2,10,29,126
7,2,1,1,1,2,135,59,5,5,2,3,26,107,116,5,103,97,0,0,26,65,2,0,61,78,0,0,0,0,0,0,51,8,4,45,38,4,38,60,50,12,5,14,51,55,47,34,135,65,0,0,6,9,2,17,60,20,0,0,0,0,0,5,3,0,0,121,135,3,20,30,90,10,0,8,15,23,48,49,135,33,0,0,0,1,1,16,64,3,0,0,0,0,0,4,0,0,0,47,135,32,7,0,106,8,1,17,32,3,0,18,135,23,0,0,0,0,0,19,39,5,0,0,0,0,0,1
0,0,8,122,60,2,0,0,70,106,18,71,26,0,0,5,34,103,30,20,4,0,1,9,6,8,39,28,1,0,6,29,0,0,1,66,122,2,0,0,122,60,5,30,122,1,0,5,68,36,14,65,36,7,2,5,7,4,23,37,33,4,14,40,0,0,0,8,122,29,2,0,122,3,0,3,122,19,19,50,51,2,8,6,17,15,63,74,4,4,62,20,9,1,9,23,0,0,1,9,122,21,0,0,46,0,0,1,96,26,36,32,6,0,0,0,0,9,86,111,0,0,2,1,0,0,95,79
0,0,0,0,83,106,34,0,111,61,0,0,105,79,0,0,136,108,0,0,0,0,0,0,18,5,0,0,0,0,0,3,14,7,5,13,40,104,99,6,136,80,0,1,30,47,2,9,136,54,0,0,0,0,0,5,9,1,0,0,0,0,0,6,29,6,4,16,41,50,63,54,136,10,0,2,14,16,8,83,136,3,0,0,0,0,0,45,6,0,0,0,0,0,0,9,25,0,0,45,31,7,34,33,136,7,0,0,0,2,3,44,136,0,0,0,0,0,0,15,12,0,0,0,0,0,0,1
15,52,7,0,0,95,85,18,49,131,35,0,0,31,29,39,13,113,76,5,15,27,18,13,10,9,31,20,47,44,3,1,92,18,0,0,0,2,12,100,131,49,2,1,0,0,1,69,42,15,4,38,45,44,22,13,46,19,4,21,40,62,13,9,131,5,1,27,2,0,3,99,131,13,0,1,0,0,0,83,61,4,1,49,61,2,0,18,30,63,21,49,33,3,1,3,56,3,6,67,11,0,0,50,131,1,0,1,0,0,1,131,45,0,0,1,20,26,34,84,13,12,2,2,8,15,27,29
230,107,0,0,0,0,0,20,45,19,0,0,0,0,0,3,16,6,0,0,0,0,0,3,9,3,0,0,0,0,0,2,230,4,0,0,0,0,0,98,53,1,0,0,0,0,0,12,25,1,0,0,0,0,0,12,18,3,0,0,0,0,0,2,230,5,0,0,0,0,0,54,71,9,0,0,0,0,0,2,27,13,0,0,0,0,0,0,17,7,0,0,0,0,0,0,230,76,1,0,0,0,0,7,58,22,0,0,0,0,0,1,11,18,0,0,0,0,0,0,10,11,0,0,0,0,0,0
119,119,11,0,0,0,0,3,74,108,10,0,0,0,0,16,94,84,1,0,0,0,0,31,63,75,1,0,0,0,0,4,119,42,0,0,0,0,0,11,119,91,6,0,0,0,3,15,58,119,2,0,0,0,16,37,87,38,0,0,0,0,1,50,119,93,0,0,0,0,0,3,119,19,0,0,0,0,26,62,46,23,0,0,0,0,65,95,72,6,0,0,0,0,3,112,74,68,0,0,0,0,0,0,27,107,4,0,0,0,1,8,31,109,2,0,0,0,1,4,60,54,0,0,0,0,0,4
0,0,0,3,71,131,27,0,0,0,0,0,65,131,23,2,0,2,0,0,35,106,4,0,1,63,29,3,21,86,1,0,5,0,0,0,5,131,131,10,70,2,1,8,20,52,65,55,15,58,35,55,61,29,0,2,10,131,53,3,3,7,0,0,11,8,39,10,3,30,22,4,131,38,11,3,0,1,2,18,102,85,29,20,1,0,0,4,91,131,21,0,0,0,7,24,2,12,58,12,0,0,0,0,88,38,24,3,0,0,0,1,115,72,1,0,0,0,0,4,71,35,2,2,0,0,4,30
20,1,0,0,0,0,17,104,75,31,2,0,0,2,30,78,88,101,4,14,5,0,1,5,1,6,41,127,44,0,0,0,34,57,5,0,0,0,9,42,127,114,6,0,0,0,8,48,118,67,1,2,0,0,0,14,0,1,15,29,2,0,0,0,44,69,1,0,2,49,15,6,127,40,1,0,0,28,34,127,127,14,0,0,0,0,0,101,5,1,4,6,0,0,0,1,32,30,0,0,31,100,10,2,127,127,0,0,1,25,14,29,127,52,0,0,0,0,0,33,9,1,1,2,0,0,0,10
1,2,4,11,36,84,70,19,57,10,3,6,21,31,45,88,124,3,3,13,4,0,3,92,4,1,22,31,15,3,0,1,0,25,43,84,50,13,9,2,58,15,13,85,38,5,14,44,124,42,7,3,0,0,2,120,29,7,21,21,17,13,1,16,0,29,47,25,26,46,25,1,16,93,124,76,15,8,3,2,124,124,55,4,0,0,0,12,20,43,102,21,7,2,0,8,0,102,124,3,3,3,0,0,2,53,124,36,0,0,0,0,41,74,55,11,1,2,1,7,11,8,14,1,1,4,15,46
0,0,0,0,0,0,0,0,0,0,0,0,0,1,24,29,2,0,0,0,0,0,33,110,1,0,0,0,0,0,3,23,0,0,0,0,3,8,0,0,11,1,0,0,27,110,68,59,134,6,0,0,0,13,57,134,64,0,0,0,0,0,1,66,0,0,7,29,30,40,0,0,34,104,31,18,73,134,4,8,134,134,3,0,1,7,3,36,111,40,0,0,0,0,0,12,0,0,73,126,10,2,0,0,3,134,134,63,12,3,0,0,15,134,42,0,0,0,0,0,11,46,2,0,0,0,0,0
1,0,0,0,15,115,112,23,9,0,2,0,0,15,115,115,2,2,4,0,0,0,115,79,18,3,0,1,0,0,115,57,24,1,1,7,97,74,26,24,115,26,25,2,0,2,32,58,14,29,71,11,2,1,57,22,103,45,6,0,0,0,27,25,27,14,19,63,61,18,4,2,115,27,22,9,1,1,40,39,9,9,9,5,2,2,114,41,78,18,6,0,0,0,36,77,27,84,55,27,10,6,3,3,9,35,87,105,13,1,7,3,4,93,49,23,1,0,16,11,11,75,52,3,5,19,8,18
6,0,0,1,1,39,107,42,47,4,3,26,11,11,23,122,7,15,5,34,79,54,11,7,52,74,3,1,18,36,6,2,16,7,9,20,5,5,15,15,129,102,36,12,5,7,8,74,21,40,129,102,28,21,4,7,16,22,80,82,16,37,11,3,22,2,1,8,17,10,1,5,129,25,8,3,1,1,0,65,85,11,76,55,2,3,3,26,0,0,61,106,84,6,0,0,5,0,0,6,28,6,3,8,129,2,0,0,3,1,5,129,38,0,0,0,1,6,69,129,1,0,2,24,46,11,32,21
15,8,6,79,131,37,13,14,141,22,6,18,15,10,15,97,26,2,16,67,17,9,5,13,0,1,59,22,1,3,12,0,7,7,5,6,67,141,85,45,141,70,9,4,12,13,7,98,70,14,4,22,32,9,2,13,0,1,15,7,7,11,19,9,24,7,6,26,74,25,35,59,141,30,1,1,0,0,6,98,99,10,6,49,43,4,0,4,0,0,28,29,21,24,6,0,24,24,32,74,61,5,3,5,141,104,23,4,0,0,1,9,91,14,10,35,11,13,0,6,0,0,32,30,7,25,15,0
8,0,0,0,0,7,77,117,5,1,0,1,4,117,117,38,27,4,3,7,30,117,101,30,28,11,70,39,16,10,31,33,16,5,1,0,8,85,37,22,117,34,5,19,23,36,70,27,59,10,4,65,117,14,7,47,82,29,1,2,4,1,30,63,26,23,19,0,10,78,15,13,117,28,13,4,14,15,9,27,45,23,13,50,117,28,7,13,91,65,13,8,8,0,2,28,66,93,57,6,1,2,4,23,31,42,58,44,8,8,10,9,17,117,42,10,10,17,8,5,4,59,39,21,21,6,3,3
8,5,5,8,15,46,33,5,19,14,6,1,5,87,104,14,16,10,18,8,15,50,42,36,11,1,5,31,44,49,66,29,8,1,3,15,115,58,13,2,119,35,7,4,58,25,16,16,22,20,16,11,119,75,17,4,0,31,15,9,33,55,77,6,6,3,29,66,95,23,12,7,119,30,20,23,64,24,6,20,18,25,53,29,119,82,5,7,2,95,40,8,15,8,2,1,57,40,55,16,29,11,31,45,15,91,119,13,13,2,0,3,0,42,119,119,16,3,0,0,0,15,22,93,31,6,1,0
21,14,1,0,15,30,48,42,21,12,5,0,32,74,10,12,109,17,4,4,8,10,6,58,16,19,6,36,57,19,5,12,17,17,17,8,5,10,77,71,108,109,47,1,6,14,18,37,47,81,87,42,4,6,7,15,37,99,21,13,6,16,7,8,11,37,109,97,12,3,1,4,109,45,29,14,8,6,30,109,20,13,19,27,6,4,109,100,41,29,14,8,0,1,44,55,0,0,49,104,9,2,7,5,7,10,109,105,10,7,17,16,22,109,79,39,5,7,63,42,34,60,44,17,7,0,14,24
12,2,0,15,79,33,45,50,47,18,12,3,7,15,99,127,6,3,26,6,4,95,99,41,10,6,5,0,0,12,109,79,7,8,5,56,127,51,14,11,127,66,8,22,33,14,31,116,53,14,1,44,35,47,31,29,0,0,11,26,7,10,73,28,9,7,5,6,53,127,74,31,127,81,8,6,11,20,4,64,70,16,3,39,24,11,1,12,0,0,41,44,4,2,3,3,45,12,4,2,20,16,26,75,127,85,4,2,3,0,0,34,27,16,0,10,39,10,1,0,0,0,2,2,6,11,14,10
34,36,19,5,13,6,13,27,34,24,10,1,6,45,33,45,14,9,3,0,2,35,65,66,12,5,6,2,0,16,47,24,79,39,15,2,2,33,67,71,20,13,12,4,26,122,61,22,122,65,24,7,3,41,31,69,30,23,42,82,29,4,10,14,41,30,17,8,4,20,101,75,37,122,73,10,21,68,50,12,122,116,42,3,4,9,30,61,34,3,6,65,25,3,44,76,19,120,95,7,2,2,0,0,12,122,56,2,10,11,5,0,8,17,10,1,35,35,25,22,71,3,1,1,0,1,19,88
38,19,9,1,5,28,28,45,10,6,2,0,2,33,70,67,16,6,4,1,2,23,65,36,22,16,41,41,17,23,10,14,18,15,12,3,16,117,53,18,117,68,30,11,4,44,35,64,35,24,44,93,38,7,20,31,38,10,11,25,12,4,21,117,30,112,62,8,15,56,44,11,117,107,41,5,5,12,36,69,38,5,15,108,41,4,44,88,38,83,53,62,9,0,2,29,7,85,45,2,10,12,5,0,12,14,8,2,35,33,26,30,117,12,4,4,0,1,16,108,58,109,43,6,0,0,0,16
62,22,6,9,8,12,18,37,12,7,39,43,10,10,11,13,79,33,25,32,3,1,1,16,44,13,4,61,61,25,11,21,62,19,8,5,5,28,60,30,114,69,62,37,5,3,13,34,19,13,45,114,71,7,9,33,18,6,6,21,42,34,33,43,90,45,74,10,4,13,16,64,114,29,15,8,7,24,80,114,9,4,5,40,114,78,83,58,84,35,15,16,38,7,6,15,73,27,7,2,2,23,33,114,7,1,2,3,6,63,68,78,11,2,1,3,10,34,99,94,38,12,5,1,2,3,14,105
87,13,0,1,26,75,20,28,11,31,19,32,50,44,25,9,3,14,52,113,70,8,0,0,12,14,25,23,34,15,3,6,31,43,26,40,32,20,6,11,117,117,37,38,18,13,3,15,10,30,51,117,117,39,5,4,3,19,75,74,77,17,11,14,19,9,11,18,63,78,11,9,117,11,2,6,22,50,41,112,9,4,8,29,112,117,43,26,7,7,14,23,79,81,52,62,23,1,0,3,22,84,16,32,35,9,9,9,11,13,10,54,3,3,25,45,50,59,13,6,12,14,31,61,53,16,7,7
45,33,28,23,4,0,18,43,39,11,3,2,1,3,39,91,12,1,1,3,17,90,99,22,9,4,0,5,17,66,54,7,21,26,19,48,114,38,7,17,114,73,28,30,19,7,10,38,13,46,30,114,114,38,34,5,29,82,14,21,17,16,22,8,37,20,21,39,114,33,2,13,114,57,19,12,22,13,6,38,25,19,13,83,114,23,6,16,21,23,11,53,33,10,11,44,4,32,114,69,19,0,0,0,21,65,114,37,9,2,1,2,2,7,19,65,103,11,6,4,6,0,0,16,81,19,31,55
63,46,15,37,20,1,1,15,110,50,10,39,21,1,1,17,55,19,7,3,2,11,39,38,39,14,2,0,0,5,94,99,45,13,9,4,13,52,41,23,110,48,5,8,17,30,28,34,29,28,7,12,110,110,35,14,66,23,0,0,18,50,101,81,13,19,105,33,15,38,18,5,110,37,59,18,10,27,38,48,24,22,6,13,110,110,34,14,91,110,9,10,33,17,3,7,5,42,79,11,5,2,0,0,2,11,51,67,57,17,4,1,20,5,4,54,45,26,15,15,50,28,1,3,12,80,85,46
15,14,46,33,3,2,0,3,48,7,6,23,5,10,19,58,2,0,3,58,119,52,17,12,0,0,1,119,119,3,0,0,90,31,48,72,24,8,17,36,7,1,7,101,106,17,22,23,76,25,33,63,29,9,15,19,6,5,33,119,110,0,0,1,27,2,0,3,13,31,113,108,8,10,7,15,80,57,71,34,108,33,11,13,8,0,5,58,28,2,18,119,38,0,0,32,8,1,1,3,7,31,43,47,14,4,2,7,13,30,68,74,34,7,1,1,1,1,21,119,47,0,0,22,11,0,1,69
29,0,0,39,48,1,0,39,0,0,6,120,55,6,1,0,14,22,55,96,20,6,3,7,6,22,31,49,16,2,1,5,78,0,0,17,27,3,17,120,11,1,1,43,120,40,14,17,66,56,70,43,10,11,9,9,8,34,102,120,15,1,0,0,120,1,0,0,4,5,21,120,34,14,16,20,65,30,26,56,120,26,20,22,7,2,7,89,29,12,24,49,106,33,32,55,120,11,0,0,0,0,0,100,104,64,21,22,8,1,1,35,6,3,11,50,47,11,9,36,4,2,1,3,20,19,50,38
104,27,4,1,2,0,4,53,80,73,12,2,1,0,0,11,23,11,13,38,19,19,8,12,1,4,22,23,19,46,30,14,130,17,2,0,0,0,0,121,130,34,14,11,4,0,0,24,13,10,13,53,92,38,10,4,5,7,22,25,70,62,22,12,130,11,0,0,0,0,0,85,130,11,1,3,12,2,1,59,27,2,1,46,130,11,0,7,6,4,13,54,76,19,11,5,123,10,0,0,0,0,3,104,130,2,0,0,6,1,7,130,44,0,0,16,82,28,7,23,6,10,26,59,34,9,6,1
0,5,2,7,34,70,17,1,16,2,0,28,86,30,2,16,147,14,0,3,8,2,4,112,32,2,2,1,0,2,61,97,1,0,0,1,32,28,22,8,29,2,0,4,111,88,5,12,147,25,4,1,7,13,5,37,61,22,50,26,0,0,13,20,2,0,0,0,25,24,50,17,28,10,11,36,92,31,37,5,147,24,7,6,4,2,3,24,122,13,13,16,7,8,5,14,0,0,1,1,15,97,93,2,44,26,4,4,4,29,147,53,147,92,0,0,0,1,11,32,67,27,4,0,2,13,6,12
31,1,2,29,109,31,1,8,146,21,3,4,7,1,0,42,43,26,19,32,14,0,0,3,9,28,36,13,3,0,3,10,35,2,0,22,98,92,15,5,146,66,3,5,7,8,3,17,69,41,7,38,104,7,5,8,43,11,3,10,31,7,28,57,35,55,19,36,63,49,13,4,146,45,2,0,1,2,5,90,52,3,0,28,85,11,16,81,97,54,2,25,62,3,2,6,6,25,112,122,29,0,0,0,92,18,18,23,13,1,1,61,27,0,0,0,11,7,26,107,78,18,1,3,14,5,9,34
9,17,125,130,10,1,0,0,38,14,23,65,36,2,0,8,130,11,0,2,5,3,9,93,16,7,1,8,19,23,13,23,2,1,6,54,62,64,11,2,26,1,2,48,130,66,4,3,130,33,0,1,13,4,3,22,47,31,9,29,5,0,0,3,2,1,1,35,130,41,1,0,25,5,2,22,123,53,1,1,130,52,2,5,7,2,0,8,67,43,9,15,9,0,0,0,2,0,0,5,85,130,12,2,42,11,0,3,29,71,28,5,130,106,1,1,2,2,1,2,32,43,6,10,48,4,0,0
0,0,0,8,103,79,25,0,72,44,5,36,105,18,4,1,125,88,5,0,0,0,0,12,48,37,5,0,0,0,0,11,5,0,0,5,125,81,25,4,84,14,2,4,20,22,15,34,125,22,2,0,0,0,0,77,97,41,1,0,0,0,0,4,22,2,0,4,125,20,0,1,97,55,3,0,16,1,0,5,125,75,0,0,0,0,0,11,125,50,0,0,0,0,0,0,23,2,0,13,125,2,0,0,105,31,0,1,12,0,0,2,125,20,0,0,0,0,0,45,108,18,0,0,1,0,0,30
18,6,0,0,27,29,3,6,62,9,2,3,5,3,1,14,141,46,8,0,0,0,0,21,41,53,20,2,0,0,0,8,29,113,10,5,31,16,0,2,80,65,18,48,83,1,0,9,148,78,14,7,14,0,0,17,60,54,29,20,10,0,0,7,47,137,10,5,10,1,0,1,73,32,3,43,148,0,0,2,148,19,1,6,24,0,0,42,73,21,31,31,9,0,1,22,20,73,17,6,5,0,0,0,33,21,13,54,148,2,0,8,148,4,0,3,30,1,0,75,68,12,8,10,2,2,3,59
2,0,0,17,107,49,3,3,85,58,23,7,31,16,2,14,67,82,33,4,4,1,1,4,6,13,54,72,31,24,11,2,13,0,0,23,131,59,1,3,131,32,2,1,33,19,4,22,64,34,11,0,2,80,34,6,2,3,6,6,17,125,68,3,14,1,0,64,131,6,0,0,131,7,0,12,47,21,18,40,26,1,0,0,7,131,59,16,0,0,0,0,5,114,39,2,8,0,0,15,131,17,1,2,125,2,0,2,56,16,2,15,11,0,0,0,30,83,10,3,1,1,0,3,19,98,9,0
14,0,0,18,56,25,12,43,20,12,3,63,64,22,6,14,90,50,5,14,8,1,2,35,3,6,4,33,60,6,0,1,121,28,5,25,26,0,0,87,34,11,4,57,112,0,0,1,121,70,8,19,29,0,2,26,7,8,4,45,121,11,3,4,121,115,14,52,27,0,0,36,10,10,40,121,71,0,0,1,121,55,38,14,8,0,2,30,28,17,11,121,102,3,2,9,121,14,0,9,12,4,7,121,3,2,15,32,37,21,13,17,28,14,16,3,1,13,22,35,19,9,8,31,64,25,28,41
46,0,2,7,9,6,30,127,11,1,3,10,38,35,26,63,16,5,1,0,0,1,18,94,6,1,0,0,0,0,4,68,127,22,40,21,5,2,4,127,127,35,90,32,24,12,7,85,25,28,91,82,0,0,8,39,47,3,3,12,0,0,1,48,63,83,127,32,6,0,0,21,127,111,35,11,0,0,0,37,35,17,24,127,3,0,0,1,23,3,4,85,3,0,0,6,36,39,36,20,5,8,76,102,91,102,9,6,0,0,1,21,7,5,0,12,1,0,0,2,0,0,0,22,1,0,0,0
142,4,0,0,0,0,1,142,72,0,0,0,8,3,3,142,15,1,0,5,48,5,2,15,41,2,0,0,1,0,0,9,96,50,37,28,2,0,5,83,142,15,0,4,2,1,3,140,64,5,0,10,31,14,5,10,27,3,0,0,1,2,3,9,36,67,48,76,31,4,0,1,142,140,6,12,7,12,6,12,60,5,1,5,14,56,39,33,41,9,3,0,0,1,3,17,23,47,59,81,15,2,0,0,98,137,25,28,7,3,0,0,30,19,39,77,20,9,4,10,55,5,2,2,1,0,0,21
2,4,3,67,62,9,4,15,11,38,36,86,64,25,4,0,19,105,117,4,0,3,0,0,0,46,117,23,0,0,0,0,18,6,3,28,33,2,5,23,65,24,16,108,102,0,0,14,117,91,89,18,2,0,0,42,21,11,103,117,10,2,2,6,19,29,12,12,7,2,0,0,23,69,112,70,22,0,1,1,117,101,62,7,0,12,21,29,18,1,6,26,11,11,43,44,11,68,0,0,1,7,5,1,12,36,16,0,0,33,58,3,0,6,9,0,0,101,99,6,2,0,0,0,0,33,86,85
115,42,0,2,2,1,0,2,83,83,5,0,0,0,0,1,87,76,4,23,17,4,0,0,4,1,5,116,72,19,0,1,116,7,0,2,2,1,0,59,116,96,2,0,0,3,10,54,46,66,12,13,38,39,39,9,0,0,1,68,101,54,3,2,55,1,15,27,3,0,0,61,116,13,2,1,0,29,93,116,51,29,6,2,7,69,116,83,32,3,1,64,33,2,11,46,9,16,44,101,3,0,0,16,18,116,49,14,1,7,17,33,24,86,35,0,0,10,25,15,18,7,1,4,5,1,25,45
0,10,12,33,50,79,16,0,0,37,70,3,12,48,8,0,0,33,114,10,0,4,5,0,0,1,80,48,0,1,5,6,21,17,12,90,90,3,1,8,114,111,114,23,8,0,0,14,10,39,114,114,3,0,0,1,0,2,64,101,6,0,0,0,22,30,43,58,39,0,0,3,114,88,60,24,7,4,10,32,35,6,36,104,19,9,24,28,0,0,60,114,6,5,5,1,10,42,20,3,0,14,26,2,5,20,23,1,0,65,77,10,4,0,0,0,0,36,89,87,0,0,7,14,4,99,103,6
34,5,0,2,51,32,2,17,49,3,3,3,1,2,34,76,8,0,3,4,3,7,109,123,3,0,0,0,3,62,123,105,10,15,39,14,22,10,2,10,20,3,9,10,43,30,76,59,107,5,0,0,13,31,53,74,11,0,0,0,21,123,14,7,24,11,15,6,22,45,28,16,58,8,3,7,104,91,16,6,123,23,0,0,42,90,6,16,28,32,4,0,40,123,17,6,0,0,0,0,9,95,44,7,75,18,2,0,6,74,30,20,80,62,41,6,26,58,7,16,6,123,77,12,32,30,1,0
10,4,0,1,129,129,2,5,60,45,5,0,10,6,0,10,41,24,17,12,6,6,8,36,31,89,107,55,26,51,34,13,21,11,8,66,99,50,1,4,128,72,12,12,1,1,0,15,36,25,21,31,11,10,3,16,129,113,43,7,0,1,1,95,69,10,9,92,29,16,2,17,69,20,11,61,15,3,6,69,18,10,15,13,12,39,17,31,129,4,2,3,1,3,4,129,96,10,3,34,11,1,0,20,20,39,53,65,8,0,1,8,5,30,62,37,4,2,2,3,64,38,46,36,7,0,1,53
33,0,0,0,2,4,73,121,14,1,1,2,121,121,87,63,107,7,0,0,40,49,46,48,15,3,1,0,5,26,16,14,0,2,4,0,0,0,121,66,29,14,14,0,18,51,121,54,121,24,4,9,19,17,17,29,26,9,2,22,16,6,3,6,6,50,63,3,0,0,13,7,25,121,121,0,0,3,32,13,121,77,52,3,3,8,57,17,15,3,1,11,9,11,67,8,8,15,22,16,24,13,21,17,15,25,10,0,0,10,121,47,7,3,5,0,1,15,121,25,8,0,0,0,2,9,93,15
1,0,8,52,32,19,81,94,25,5,20,4,5,8,118,121,9,1,5,4,87,79,16,21,0,0,2,4,47,60,15,7,16,3,1,29,108,121,18,10,121,58,0,0,17,25,38,84,49,14,0,0,121,121,15,19,2,1,3,4,26,55,49,4,29,15,0,0,33,107,3,4,121,26,0,0,8,33,22,84,18,5,1,3,73,121,32,24,12,53,7,0,8,28,22,2,30,44,5,0,0,13,3,0,58,62,16,12,6,7,3,5,9,21,108,53,17,28,5,2,26,31,36,24,3,9,4,7
3,7,3,2,12,75,101,10,10,5,3,17,67,35,33,14,12,6,2,27,88,3,0,0,126,57,0,1,4,0,0,1,26,13,3,15,46,32,32,5,126,81,34,52,13,2,9,17,25,12,25,126,103,0,0,1,126,45,1,11,10,0,6,27,24,42,12,3,29,18,0,0,126,41,9,13,13,0,0,33,50,16,93,126,126,0,0,9,61,47,126,26,11,0,12,29,12,29,12,9,6,1,4,5,126,18,7,1,0,1,5,27,87,14,58,18,2,8,8,20,1,10,91,8,2,28,19,4
0,0,0,0,0,60,125,4,0,0,0,0,0,10,27,2,0,0,0,0,0,0,0,0,0,0,0,0,0,0,0,0,58,11,10,15,50,125,125,88,125,47,3,0,0,9,38,68,7,4,0,0,0,3,7,3,0,0,0,0,0,0,0,0,51,87,125,75,41,12,4,20,125,98,74,11,56,88,60,36,78,6,0,0,6,57,86,49,9,0,0,0,0,0,0,2,58,27,80,8,34,43,2,6,9,20,34,28,125,111,15,4,125,60,9,7,17,20,40,48,17,1,0,0,0,2,38,17
57,0,7,5,5,9,47,124,0,0,21,47,124,124,30,34,75,46,85,35,82,74,64,94,124,47,7,0,0,0,7,72,41,25,34,66,23,18,74,100,113,27,81,77,59,20,37,116,40,45,124,101,24,0,0,0,124,34,12,3,1,0,0,1,16,35,92,68,2,0,0,2,72,31,50,16,0,0,0,8,7,2,6,13,2,0,0,0,0,0,0,0,0,0,0,0,2,3,1,0,0,0,0,0,0,0,0,0,0,0,0,0,0,0,0,0,0,0,0,0,0,0,0,0,0,0,0,0
9,8,79,24,0,0,13,71,4,7,124,22,0,5,16,13,0,0,62,96,21,1,7,3,0,11,71,72,17,0,0,0,72,5,3,0,0,9,36,124,20,1,13,5,4,115,124,72,96,10,33,34,0,9,70,100,15,9,124,44,0,0,0,2,98,52,2,1,9,29,7,21,81,29,1,1,28,124,25,19,124,57,0,0,0,6,8,52,39,8,10,0,0,0,0,27,6,28,51,46,18,6,0,0,33,110,50,18,16,13,0,0,100,59,12,0,0,0,0,49,28,1,0,0,0,0,13,60
1,0,0,10,9,14,92,43,6,1,16,43,22,22,46,55,63,116,49,48,9,6,7,3,49,87,2,3,8,6,21,17,0,0,49,70,42,2,5,12,20,4,30,45,7,8,55,59,117,62,4,10,8,7,25,41,39,41,14,31,48,13,8,20,0,0,117,78,12,26,63,4,11,14,93,117,36,57,33,4,117,33,18,10,3,4,53,77,15,9,4,3,39,31,70,91,0,0,19,14,35,68,117,9,0,0,9,13,11,89,117,14,1,0,0,2,0,3,112,46,2,0,0,0,4,9,84,52
76,0,0,0,4,32,25,39,82,27,31,11,15,35,16,29,39,54,121,16,31,11,0,6,11,20,23,18,121,44,8,4,59,17,1,0,0,28,63,121,121,35,0,0,0,19,24,45,70,13,1,0,34,121,46,15,1,3,2,9,65,121,40,2,46,121,66,24,11,8,6,31,113,12,9,10,8,46,60,75,9,2,15,9,14,121,121,14,1,4,5,16,22,82,22,0,1,50,21,17,76,84,3,0,26,19,17,8,16,44,32,43,16,8,17,13,32,19,3,10,4,58,7,6,19,23,2,0
20,10,13,16,44,25,8,36,37,16,16,20,44,33,28,76,4,53,65,87,100,23,5,1,12,107,117,18,0,0,0,2,10,13,29,24,12,12,12,21,103,66,73,30,4,9,6,23,24,29,117,117,4,2,0,3,69,35,63,35,0,0,0,21,20,3,0,3,10,17,17,35,117,28,9,6,3,7,4,75,61,9,78,104,7,3,0,43,8,5,53,62,62,56,13,17,13,1,0,40,18,5,19,18,117,8,1,1,1,3,12,87,33,0,3,3,19,20,55,117,2,1,21,33,117,83,15,17
29,0,0,0,8,19,35,36,136,36,9,0,0,0,5,68,40,45,118,22,0,1,5,1,0,0,133,38,0,1,7,1,37,8,15,23,18,21,6,20,136,34,4,0,0,1,2,53,130,18,13,3,0,0,12,25,0,0,31,16,0,0,7,6,25,48,136,49,5,1,0,1,136,97,99,5,3,2,9,32,43,2,1,1,9,26,136,87,11,0,0,0,0,1,75,105,61,22,36,2,0,0,0,35,9,12,51,13,30,10,8,7,18,21,16,32,93,43,40,19,85,39,4,1,1,5,25,64
0,2,5,8,19,26,5,2,74,1,0,0,4,9,7,65,127,0,0,0,0,37,97,127,7,0,0,0,1,127,127,32,6,1,0,22,68,37,3,1,80,22,0,1,6,10,3,17,23,6,1,5,68,109,78,56,4,0,3,9,35,127,124,36,6,8,8,21,101,22,8,7,47,48,35,2,6,4,7,33,3,16,87,50,70,17,6,5,0,4,127,75,29,6,2,2,24,37,26,11,11,4,3,11,16,103,72,5,4,11,2,2,12,24,84,11,5,17,4,9,9,6,111,14,0,3,6,4
0,9,8,11,14,14,60,0,12,20,5,8,9,44,66,6,4,4,1,4,25,130,47,5,26,8,11,17,13,20,17,14,17,0,0,0,0,21,130,48,54,9,7,7,3,35,90,40,9,4,7,42,48,43,17,2,107,12,7,5,5,3,2,44,48,107,56,29,2,2,19,21,94,121,60,41,12,3,1,16,7,7,5,31,84,11,0,1,47,40,2,2,8,0,0,22,2,130,130,23,5,0,0,0,1,116,130,130,72,0,0,0,2,3,9,130,83,0,0,0,16,16,7,7,1,2,4,6
40,0,0,0,58,137,15,23,137,8,0,0,0,5,3,42,67,3,0,46,98,9,0,2,24,2,4,112,123,23,6,9,52,23,24,32,36,43,2,7,137,38,3,0,0,0,0,28,87,1,0,29,28,9,15,9,5,0,2,137,133,1,4,3,8,33,115,89,22,4,0,0,137,66,35,3,1,1,1,27,60,5,8,18,9,22,27,30,13,6,4,83,96,2,10,15,0,3,19,8,8,14,34,9,49,3,7,4,7,21,16,54,60,6,11,22,4,1,11,80,14,11,5,35,34,5,18,6
1,1,3,2,50,43,8,4,13,7,6,5,8,12,32,36,17,33,86,14,0,0,2,8,1,16,137,1,0,0,0,1,0,2,0,0,96,108,10,1,91,23,5,0,7,22,33,72,141,91,78,0,0,0,0,36,20,36,141,2,0,1,0,0,0,60,26,7,84,46,0,0,62,141,110,16,4,2,0,3,141,40,25,7,0,0,7,50,43,7,6,0,1,12,18,32,14,110,20,2,4,9,0,0,6,109,86,37,0,0,0,0,51,10,32,50,4,0,19,64,50,3,0,0,0,1,26,72
24,46,20,3,12,17,3,11,44,60,2,9,31,39,2,0,70,117,10,39,59,23,0,0,1,2,19,96,117,81,0,0,7,15,10,1,16,117,23,6,117,117,0,0,13,39,14,38,72,91,17,55,11,31,34,20,7,0,59,117,14,2,6,9,17,0,0,0,7,117,45,35,117,6,0,0,0,10,45,117,94,13,0,0,0,27,77,108,27,7,1,0,0,1,4,8,14,0,1,30,29,23,4,15,100,0,0,4,1,0,3,110,67,1,0,0,0,0,3,76,4,0,0,0,0,0,0,0
9,26,11,61,46,9,7,0,132,132,11,1,0,2,9,9,42,132,56,0,0,2,5,2,1,53,15,0,0,1,5,3,23,29,37,132,48,0,0,0,132,102,14,19,4,7,10,19,68,23,1,0,0,69,100,16,0,0,0,0,0,7,32,9,6,2,6,103,132,0,0,0,98,6,2,22,62,82,47,44,8,0,0,0,8,132,116,12,0,0,0,0,0,2,11,0,0,0,0,46,132,3,1,1,2,0,0,54,86,52,21,4,0,0,0,0,9,32,3,0,0,0,0,0,0,0,0,0
7,1,0,0,0,29,107,23,10,6,6,3,0,1,127,94,0,0,2,5,4,72,127,32,0,0,0,1,3,87,127,2,27,2,0,0,0,2,6,36,127,32,57,23,0,0,17,77,12,9,98,127,17,37,43,6,2,0,9,127,41,27,52,5,8,0,0,0,0,0,0,6,127,44,8,3,0,0,0,25,72,24,49,127,19,0,0,2,2,8,19,127,119,1,0,0,0,0,0,0,0,0,0,0,13,17,0,0,0,0,0,0,22,20,2,12,37,0,0,0,5,7,5,52,127,3,0,0
55,134,125,18,5,1,0,1,150,119,13,3,0,0,0,30,150,116,4,2,0,0,0,19,73,62,0,0,0,0,0,0,8,58,150,64,0,0,0,0,150,23,44,49,2,0,0,104,150,61,0,0,0,0,0,111,59,22,0,0,0,0,0,0,0,1,9,9,0,0,0,0,42,8,5,20,3,0,0,5,150,52,0,0,0,0,0,7,23,7,0,0,0,0,0,0,0,0,0,0,0,0,0,0,0,0,0,0,0,0,0,0,0,0,0,0,0,0,0,0,0,0,0,0,0,0,0,0
5,0,0,0,0,10,23,19,14,16,22,3,2,0,0,13,0,34,78,1,1,0,0,0,5,23,57,0,0,0,0,1,34,8,13,13,0,4,10,20,150,122,57,1,0,0,0,25,25,92,150,0,0,0,0,2,0,20,150,0,0,0,0,0,29,16,12,4,1,6,5,9,150,84,5,0,0,1,0,71,150,71,61,0,0,0,0,24,1,9,95,2,0,0,0,0,4,116,114,0,0,1,2,1,90,150,41,0,0,0,2,4,52,101,5,0,0,0,2,4,0,4,16,3,0,0,1,0
0,0,0,0,0,0,122,38,20,0,0,0,0,3,101,99,4,0,0,0,7,59,91,16,0,0,0,0,0,19,122,3,18,0,0,0,0,0,65,25,122,4,0,0,15,7,17,58,29,1,0,0,122,104,30,6,0,0,0,0,13,31,102,23,22,24,91,0,0,0,20,11,122,74,24,7,24,5,1,13,20,5,35,64,122,45,1,0,1,11,83,17,14,12,11,11,0,22,122,4,0,0,4,1,13,75,105,21,3,0,0,0,1,9,106,88,14,0,0,0,0,1,113,57,24,0,0,0
13,0,0,0,0,9,102,39,4,0,0,0,7,31,94,49,1,0,0,0,32,117,114,8,0,0,2,0,1,76,119,0,16,6,6,2,1,33,119,25,119,10,0,5,29,9,46,84,16,1,3,56,119,47,12,4,0,5,30,15,14,17,25,0,19,26,56,17,1,2,1,0,119,63,18,6,16,0,0,4,27,7,29,98,119,0,0,1,0,11,110,27,14,0,0,0,2,51,119,2,0,0,0,0,20,100,88,3,0,0,0,0,4,18,96,59,8,0,0,0,0,10,119,11,0,0,0,0
27,0,0,0,1,19,123,66,61,1,0,0,0,5,40,56,15,5,1,0,2,25,70,28,2,2,10,6,9,22,63,12,59,16,3,1,1,7,57,79,26,1,0,0,0,16,124,85,59,3,0,0,24,34,117,121,2,0,1,5,64,123,124,8,2,6,19,39,6,9,14,3,46,34,34,22,2,13,51,13,124,56,2,6,64,3,8,27,7,2,7,39,124,16,3,0,13,46,71,15,1,0,0,2,13,49,124,12,0,0,0,0,71,95,64,21,25,0,0,0,2,2,80,81,61,0,0,0
1,5,13,33,34,15,0,0,20,7,6,12,18,24,6,15,81,112,53,9,0,0,0,11,78,46,15,0,0,1,4,39,0,0,9,65,122,14,0,0,59,13,40,23,31,18,3,28,122,70,18,0,0,0,0,48,46,53,46,2,0,0,0,6,0,2,79,116,73,9,7,0,10,35,122,28,3,14,41,1,116,109,57,1,0,4,40,42,70,18,6,2,0,1,4,48,0,0,8,14,89,74,30,0,0,1,16,2,12,83,122,2,81,2,2,0,3,22,102,122,96,9,1,3,11,3,4,55
0,0,15,49,86,25,13,1,5,10,105,101,23,5,20,5,112,117,55,16,1,0,2,3,34,43,42,9,1,0,0,2,0,0,3,4,84,116,69,7,14,3,32,19,5,17,137,64,137,55,26,4,0,0,41,99,55,22,8,7,16,9,11,18,0,0,0,0,137,66,3,0,81,11,0,0,40,22,22,12,137,56,1,0,10,6,5,22,24,8,1,2,32,37,26,7,0,0,0,3,82,28,0,0,101,10,0,0,35,10,0,0,137,27,0,4,12,2,0,0,12,1,2,21,68,18,4,0
1,0,0,12,66,4,0,1,137,0,0,6,28,1,0,20,159,1,0,1,1,0,0,44,42,2,1,20,56,0,0,3,1,1,1,29,46,4,0,0,113,18,17,49,21,0,0,17,159,22,4,0,0,0,2,80,55,0,0,2,57,20,9,26,15,3,2,8,28,41,7,14,102,132,75,18,1,2,2,19,159,140,54,0,0,0,2,44,30,6,4,0,15,14,12,52,22,5,33,22,31,15,1,11,159,58,18,2,1,0,0,40,83,69,50,0,0,0,0,6,9,18,38,17,32,9,0,4
2,9,97,46,2,4,91,12,82,94,52,7,0,0,26,45,68,34,22,10,7,2,3,19,4,3,10,20,119,44,7,2,21,0,0,0,19,28,135,30,161,20,2,0,3,3,43,109,77,19,4,4,28,26,29,22,2,5,18,41,89,31,40,8,51,1,0,0,55,8,0,1,161,10,0,1,10,3,0,8,81,2,0,20,87,38,7,3,5,11,7,16,46,49,67,25,40,0,0,0,43,7,0,2,161,0,0,1,4,0,0,28,72,2,2,39,63,2,0,8,3,89,37,36,45,3,1,1
38,10,2,9,4,6,6,10,58,2,0,15,19,0,9,17,2,0,0,132,132,1,6,4,1,2,7,132,58,0,0,2,108,0,0,0,4,17,28,80,32,0,0,2,35,36,64,41,55,6,9,122,42,6,43,62,4,5,118,132,23,0,0,0,132,4,4,1,6,4,2,63,64,7,0,26,104,10,4,17,132,49,7,13,12,1,3,17,18,11,61,73,1,0,0,0,115,29,30,34,5,0,0,10,66,8,0,25,61,0,0,5,132,9,0,7,14,0,0,26,22,1,0,4,9,1,0,5
20,12,25,126,49,12,5,34,79,39,33,53,9,2,7,79,20,74,63,77,13,1,4,7,20,67,83,10,0,0,4,23,3,11,33,92,42,47,10,5,35,39,28,24,32,105,76,22,137,54,25,8,3,16,45,62,32,24,52,51,0,0,3,11,5,0,8,61,39,17,5,74,24,18,64,128,46,33,8,5,137,65,26,21,1,3,4,16,65,6,7,22,17,10,2,3,1,0,6,13,1,0,17,137,3,5,41,64,3,0,15,89,131,25,15,23,1,0,3,23,32,0,0,0,13,18,9,19
57,16,45,81,7,0,1,70,19,66,84,123,12,0,0,16,39,110,109,6,0,0,3,50,3,4,78,43,0,0,35,36,52,59,29,14,8,49,50,31,102,85,42,25,9,13,39,45,38,70,98,40,0,0,7,23,4,2,71,64,0,0,15,56,21,11,23,61,56,83,39,13,132,47,16,11,2,11,25,57,102,16,33,55,6,1,0,2,2,0,14,61,34,9,4,14,4,9,64,92,6,0,1,8,132,56,28,26,0,0,0,8,83,4,1,3,14,20,9,15,1,0,0,7,60,31,1,1
10,5,6,57,67,7,6,5,72,16,5,57,61,0,0,14,116,21,0,0,0,0,9,111,9,0,0,0,3,18,78,51,116,33,21,80,36,3,3,17,53,23,24,116,82,0,0,4,116,46,20,14,1,0,5,33,11,4,13,69,14,12,64,15,47,47,28,14,26,5,39,24,15,45,116,70,59,2,1,4,81,43,116,56,0,0,0,23,27,5,20,98,3,0,1,46,89,90,8,7,6,7,40,32,39,72,63,41,5,0,0,5,20,8,30,93,7,0,0,26,6,0,5,108,19,1,7,60
0,0,4,23,89,39,4,0,18,78,12,13,57,10,11,4,25,89,1,0,2,54,25,4,7,115,14,1,8,49,6,0,0,0,0,0,15,115,115,16,21,13,1,0,5,41,115,39,115,51,0,0,0,26,75,48,35,84,5,0,0,28,18,10,4,52,47,0,0,23,87,15,26,115,65,0,0,6,59,23,115,76,58,1,2,5,15,48,63,35,3,0,1,7,52,79,5,66,69,5,4,3,6,3,21,93,32,3,3,22,109,27,28,17,26,5,36,21,54,50,6,8,8,11,52,34,84,67
96,8,0,0,19,76,19,72,106,27,24,17,4,0,2,83,19,71,62,16,3,0,0,6,10,19,0,0,0,0,0,2,44,23,5,0,68,73,35,138,138,35,1,0,0,0,9,138,80,4,0,0,0,0,0,29,0,0,0,0,10,18,2,5,20,138,138,15,38,16,0,7,138,138,29,0,0,0,0,16,109,15,0,0,0,0,0,2,1,2,1,19,41,11,0,0,7,61,120,23,4,7,5,2,77,56,20,12,1,3,26,12,44,7,0,0,0,0,34,31,2,0,0,9,2,0,6,10
0,0,83,148,2,0,0,0,99,44,94,62,1,0,0,2,154,49,6,0,0,0,0,9,31,0,0,0,0,0,0,1,1,0,22,154,8,0,0,3,82,19,19,150,26,0,0,10,154,28,3,5,0,0,0,32,41,0,0,0,0,0,0,2,5,0,0,44,7,0,11,59,35,19,14,154,28,0,0,5,154,50,11,20,0,0,0,9,46,0,0,0,0,0,0,1,38,9,12,4,0,0,7,70,33,13,7,44,7,0,0,14,150,42,6,10,0,0,0,0,30,1,0,0,0,0,0,0
11,1,0,1,43,50,14,2,146,125,0,0,1,11,21,6,69,145,7,0,1,22,54,10,2,9,13,35,16,29,71,11,54,3,0,1,91,42,1,1,151,60,3,4,4,5,1,7,59,28,47,62,23,41,36,6,9,59,52,36,17,26,47,17,65,1,0,4,108,7,0,1,151,7,2,1,1,0,0,34,96,10,50,32,2,4,6,32,0,25,41,21,22,59,14,0,32,21,4,44,68,0,0,0,151,43,1,1,0,0,2,48,40,0,0,0,0,11,59,79,0,0,0,0,48,71,28,4
50,0,0,0,29,46,12,92,57,0,0,0,17,8,5,119,42,20,0,4,119,29,3,10,119,60,0,3,34,6,0,0,50,12,17,51,21,23,6,49,119,18,1,0,15,5,2,107,97,30,1,7,119,17,2,12,119,40,0,1,23,31,1,2,25,24,35,119,15,0,0,0,119,28,7,15,10,17,4,15,93,5,0,0,49,57,12,37,93,9,0,0,20,22,9,33,2,3,12,90,50,5,0,0,25,5,2,21,26,71,22,12,26,3,0,0,9,113,37,81,35,9,0,0,1,6,36,108
53,5,25,18,0,0,1,32,51,2,0,0,0,0,14,85,95,9,9,1,0,0,4,92,16,23,31,0,0,0,0,3,12,5,111,132,5,0,0,9,33,5,18,73,39,16,33,45,132,13,0,1,2,3,12,83,66,8,1,0,0,0,0,4,28,2,20,102,58,21,3,12,36,14,5,128,132,37,1,4,132,42,1,8,7,2,0,41,57,3,0,0,0,0,5,20,12,0,0,0,23,132,30,18,31,18,0,3,60,132,7,12,100,23,1,0,2,5,19,98,15,0,1,0,0,5,98,65
0,1,21,8,0,5,3,0,147,16,8,0,0,1,0,11,166,5,0,0,0,0,0,30,21,1,0,0,0,0,0,1,0,0,51,117,3,0,0,0,130,14,51,24,0,0,0,12,166,9,3,0,0,0,0,50,41,0,0,0,0,0,0,5,0,0,83,148,2,0,0,0,48,29,101,91,3,0,0,2,166,52,13,3,0,0,0,19,54,0,0,0,0,0,0,3,3,1,11,64,1,0,1,9,19,4,5,138,14,0,0,3,166,12,4,17,1,0,0,31,50,0,0,0,0,0,0,6
122,18,2,24,57,0,0,46,100,18,2,0,0,4,26,34,1,2,5,1,1,1,29,14,0,0,1,11,7,0,0,2,99,78,49,77,45,5,1,15,68,25,4,18,64,122,122,44,102,18,4,4,5,28,122,122,30,2,1,1,2,1,1,26,3,17,63,81,18,1,0,0,8,24,103,122,87,36,10,5,122,122,72,43,6,6,10,44,62,18,4,0,0,0,0,9,0,0,29,24,0,0,0,0,0,1,52,98,0,0,0,0,42,25,44,70,1,0,0,11,36,11,3,0,0,0,0,10
0,0,0,0,18,25,0,0,0,0,1,9,51,87,18,1,1,3,60,76,54,82,53,5,0,17,122,21,6,24,103,0,0,0,0,2,32,118,4,0,10,5,7,25,88,122,86,34,122,38,68,36,6,18,64,122,23,27,122,23,2,0,0,2,0,10,58,33,32,53,3,0,10,41,122,122,64,38,6,6,122,122,99,18,4,3,5,25,27,15,2,3,7,1,0,0,0,5,29,8,1,1,0,0,0,6,51,21,4,1,0,0,1,26,28,2,0,1,3,1,0,1,0,0,4,8,7,0
22,24,43,52,63,59,28,34,76,44,15,1,1,10,20,86,26,0,0,0,0,5,18,83,18,0,0,0,0,0,0,13,3,22,113,79,29,2,0,0,21,40,41,8,112,106,33,16,137,5,0,0,7,30,38,103,57,0,0,0,0,0,1,15,0,0,2,3,45,40,25,2,48,7,0,1,137,107,7,4,137,55,0,0,25,11,3,16,57,6,0,0,0,0,0,8,1,0,0,0,6,69,137,26,68,2,0,1,67,130,33,15,137,14,0,0,4,5,0,35,27,1,0,0,0,0,0,13
0,0,0,66,53,0,0,0,35,16,1,114,131,0,0,2,116,131,39,8,8,0,0,4,6,62,124,5,0,0,0,0,0,0,0,22,70,0,0,0,52,6,3,65,131,0,0,5,131,30,3,8,21,0,3,43,33,9,2,0,0,2,28,14,0,0,3,27,34,0,0,0,10,21,32,131,131,0,0,0,106,83,32,29,32,38,17,12,27,5,3,8,25,75,131,59,0,0,1,8,8,0,0,0,0,2,21,73,24,0,0,0,1,10,40,76,34,10,0,0,25,37,56,82,32,17,9,11
0,0,0,0,0,2,72,2,3,0,3,3,0,2,67,12,54,22,5,1,0,0,9,27,34,17,1,0,1,0,0,2,0,0,0,0,0,2,145,20,23,0,0,0,0,1,145,66,145,9,0,0,0,0,39,145,57,14,0,0,0,0,0,15,0,0,0,0,0,11,74,3,139,29,0,0,0,2,64,33,145,145,5,0,0,0,3,24,36,42,4,0,0,0,0,1,0,2,15,11,1,1,4,0,145,95,6,0,0,0,1,2,145,145,4,0,0,0,0,0,4,18,4,0,0,0,0,0
0,0,0,26,17,76,42,4,29,25,0,0,7,87,31,9,56,83,0,0,0,5,4,9,43,96,0,0,3,8,6,1,0,0,5,142,120,44,2,0,43,7,0,14,52,34,38,49,142,64,0,0,0,0,14,51,44,39,0,9,68,20,6,0,3,4,4,28,73,142,59,4,78,48,5,4,28,65,22,18,142,48,1,0,1,0,1,13,44,5,0,8,89,19,0,0,4,18,61,64,24,84,20,3,66,102,22,1,1,9,8,20,142,59,6,0,1,0,0,17,26,5,5,30,40,10,0,7
18,0,0,0,0,2,32,52,58,1,0,0,0,0,21,42,51,2,0,1,1,1,1,21,1,0,2,6,11,20,3,0,85,4,0,0,0,0,2,34,115,6,0,0,0,0,0,17,116,15,4,6,2,0,0,10,5,4,5,31,62,47,0,0,113,0,0,0,0,0,0,48,122,13,0,0,0,0,0,17,143,20,0,0,10,14,1,6,9,2,0,2,159,159,2,1,131,7,0,0,0,0,0,10,111,30,0,0,0,3,1,2,52,11,0,0,6,159,30,8,1,0,0,0,75,159,101,2
18,1,1,21,70,76,44,26,138,7,1,9,14,11,4,63,21,2,19,22,15,4,3,5,0,0,28,10,3,20,11,0,26,1,8,37,61,57,51,36,138,10,1,5,4,4,7,83,60,7,12,51,32,5,1,3,0,2,43,20,10,20,8,0,18,30,92,83,70,9,2,2,138,138,53,13,3,0,0,9,64,27,37,55,24,22,1,1,0,3,53,21,8,28,20,1,0,35,138,50,0,1,0,0,26,138,90,10,0,0,1,6,10,25,117,69,6,3,2,10,0,2,138,36,3,4,2,0
4,4,1,0,28,113,34,18,8,2,0,0,1,30,113,113,13,2,1,7,13,113,113,30,21,3,15,18,23,42,32,53,22,8,0,0,13,113,51,43,34,12,1,0,12,93,51,35,113,17,4,24,36,21,31,37,62,18,8,34,55,4,3,34,9,7,30,88,19,20,54,55,93,105,38,3,2,24,33,50,76,83,55,20,8,7,9,21,21,102,45,18,17,5,3,5,3,5,54,113,5,0,3,3,70,33,46,64,2,1,21,65,33,39,27,16,0,1,49,88,55,31,12,9,2,0,2,36
74,2,0,0,7,5,0,24,101,0,0,3,69,39,18,51,146,4,0,0,2,1,7,105,17,6,5,5,4,2,27,30,75,26,0,4,5,0,0,14,120,19,11,60,97,2,0,16,146,23,6,5,6,0,0,75,51,7,6,20,19,5,7,24,94,64,16,1,0,0,0,16,70,103,105,62,15,0,0,2,146,125,49,8,1,0,12,38,36,3,4,6,2,14,78,32,20,102,63,6,1,0,1,2,31,77,29,1,0,0,3,19,16,73,48,2,0,0,8,18,3,28,63,37,2,10,30,6
30,0,0,0,0,0,31,140,9,0,0,0,0,2,18,62,3,0,0,0,0,1,4,17,0,0,0,0,10,11,3,1,167,0,0,0,0,1,36,167,77,3,0,0,0,0,6,89,25,8,2,0,0,0,1,16,0,0,0,5,37,6,1,3,167,23,22,17,0,0,5,167,167,71,0,0,0,0,1,54,31,19,5,2,0,0,0,0,0,0,5,15,12,0,0,0,167,21,34,52,14,15,12,55,167,34,0,0,0,0,0,27,5,11,1,0,0,0,0,0,0,0,2,3,0,0,0,0
7,0,0,69,55,25,9,6,79,14,2,85,76,0,0,14,121,49,29,10,1,0,0,19,2,25,66,63,24,1,0,0,46,54,10,28,27,16,5,8,54,10,4,121,121,0,0,17,121,36,5,8,14,0,4,82,18,16,11,14,78,49,19,18,7,52,28,11,19,15,6,1,24,19,4,77,121,16,6,3,121,80,6,23,31,4,5,46,8,5,1,20,80,41,13,9,1,1,0,1,4,88,121,9,8,1,0,5,46,61,121,52,51,3,0,2,18,18,20,121,2,0,0,3,31,69,28,27
50,63,20,2,0,0,0,7,16,25,18,85,76,13,0,1,24,54,41,74,55,7,0,0,1,13,133,106,21,3,1,0,61,90,31,11,13,4,1,4,30,6,6,18,129,133,8,8,133,41,13,6,29,44,6,14,24,34,67,5,1,8,15,4,35,24,8,9,34,31,52,26,37,2,1,8,133,67,9,6,133,11,0,1,31,24,4,35,20,10,2,1,12,73,52,10,11,5,0,0,8,22,49,43,27,0,0,0,127,83,12,11,133,2,2,2,25,11,1,44,16,61,26,9,17,15,1,6
34,83,30,4,1,8,80,30,44,63,24,16,7,0,11,53,24,10,4,9,6,15,24,66,4,6,3,11,12,60,43,7,76,112,55,8,3,5,6,33,50,53,18,32,108,24,2,21,112,31,10,35,33,9,1,26,8,23,18,63,39,7,5,5,112,84,6,0,2,6,5,25,43,65,112,63,42,4,0,8,52,67,110,37,18,3,0,7,3,4,8,47,83,13,10,5,112,103,7,0,0,0,0,0,47,65,112,18,8,2,0,0,0,4,69,46,112,40,1,0,0,0,1,7,78,106,5,0
74,102,8,0,0,0,1,7,108,52,2,0,0,3,61,45,13,3,0,0,32,52,111,27,0,0,0,0,111,111,11,0,83,13,11,6,3,4,7,41,20,3,0,5,53,63,105,38,41,5,0,6,37,64,111,69,1,5,4,18,111,108,10,1,42,9,6,4,8,23,19,60,35,11,2,21,111,34,10,32,105,30,2,19,50,56,19,29,3,5,7,32,77,104,52,9,11,58,49,9,4,4,2,8,6,10,19,70,28,10,3,8,9,0,12,47,45,77,28,17,1,6,74,30,29,88,39,7
2,2,67,97,18,13,32,17,100,12,74,33,5,3,9,130,122,12,1,1,0,0,1,96,8,3,0,0,0,0,0,1,3,4,36,26,10,28,39,40,61,11,67,37,19,82,51,47,130,18,1,2,3,10,5,130,21,5,1,0,0,0,1,13,5,4,0,0,2,52,56,44,64,130,3,0,5,84,41,9,130,129,1,0,0,4,5,44,22,11,2,0,0,0,19,13,29,104,42,2,3,14,30,54,33,130,20,9,6,9,3,3,73,36,10,13,9,4,6,50,11,1,2,0,0,0,37,23
47,16,87,22,12,26,11,103,130,1,0,1,2,4,2,136,21,2,0,0,0,0,2,29,0,0,0,0,0,0,0,0,29,12,5,5,24,120,32,19,136,49,0,0,4,14,6,115,103,20,2,0,0,1,8,28,0,1,2,1,0,4,14,0,74,130,2,0,9,67,19,5,136,136,12,8,1,1,2,68,57,3,0,0,0,3,62,95,0,1,2,0,0,9,78,1,92,136,8,1,2,3,2,6,37,68,17,27,34,12,2,18,48,2,1,3,9,3,12,77,1,2,3,0,0,2,29,7
52,17,40,14,0,0,0,18,13,65,44,5,1,0,4,12,77,97,22,5,0,0,1,15,18,15,33,102,31,4,0,8,129,23,9,25,16,0,0,43,30,11,6,46,52,11,29,51,129,48,7,2,1,0,8,79,27,22,16,40,94,24,3,17,129,5,0,11,13,2,10,129,44,8,3,73,74,11,19,37,129,50,8,10,6,3,7,50,25,16,15,51,61,44,17,14,73,13,16,11,3,0,10,123,15,0,0,2,8,8,60,108,67,1,0,1,1,4,41,129,7,0,0,0,5,46,83,46
46,11,24,28,14,2,7,77,21,0,0,0,3,4,42,114,52,1,0,0,0,4,38,120,8,1,0,1,10,33,66,37,8,2,7,96,120,13,13,29,120,17,2,6,7,4,14,100,63,25,0,0,0,0,10,43,49,16,2,5,6,2,10,27,14,11,41,120,81,0,0,2,85,57,90,84,6,1,11,15,24,6,26,14,1,1,45,88,16,4,3,1,1,1,39,85,30,4,36,89,0,0,0,12,0,3,120,117,2,1,1,1,2,7,120,93,5,1,3,10,3,44,120,15,0,0,14,14
70,0,0,0,4,16,27,126,38,0,0,0,54,46,4,46,71,7,1,13,24,15,2,11,12,2,1,126,126,5,0,1,126,52,5,11,21,18,9,48,113,14,0,1,68,41,2,21,126,7,0,0,21,22,5,15,15,0,0,37,126,35,3,2,126,36,3,12,30,13,32,115,58,9,0,1,57,43,40,89,51,3,0,0,10,45,85,36,3,0,0,45,57,46,60,23,51,38,5,2,53,46,34,71,99,39,1,1,18,19,22,76,15,17,2,2,22,21,33,11,6,3,1,6,25,17,22,7
0,0,0,0,0,0,0,0,0,0,0,0,5,4,20,4,1,2,15,22,51,27,51,8,1,2,26,26,38,47,48,12,0,0,0,17,46,0,0,0,7,4,7,54,116,62,84,20,116,35,50,27,21,21,82,80,25,12,89,116,32,3,10,7,0,0,0,21,77,28,1,0,6,13,77,116,116,33,14,3,116,58,76,52,20,16,42,38,18,1,2,27,34,27,116,35,0,0,0,1,79,65,8,5,0,0,7,16,46,79,105,4,0,0,7,16,30,84,105,1,4,0,0,0,35,112,86,21
37,36,90,89,3,1,0,2,28,67,101,51,4,1,1,6,13,23,114,47,0,0,1,14,63,90,53,19,0,0,0,0,105,11,26,39,19,16,16,90,13,8,29,57,114,114,45,48,114,38,30,14,5,19,39,114,42,114,37,8,0,0,0,5,45,23,22,24,13,15,45,104,29,32,81,104,86,54,19,29,114,112,48,26,4,5,5,30,67,29,0,0,0,0,0,1,12,21,37,25,0,0,0,2,15,16,18,17,0,0,0,1,9,5,5,6,0,0,0,0,2,0,0,0,0,0,0,0
5,0,0,0,4,52,120,23,49,13,3,8,12,31,65,73,11,9,7,21,29,28,22,16,46,5,4,13,14,1,2,25,36,16,11,31,31,36,51,13,120,49,10,35,7,3,13,45,35,28,22,120,31,5,3,8,12,11,2,7,76,40,16,19,9,35,54,117,48,4,5,1,120,85,18,6,3,4,61,96,50,31,7,77,70,6,18,75,0,0,6,50,120,38,2,0,0,4,44,111,47,4,3,0,29,120,71,17,3,3,16,10,36,115,19,64,21,0,1,8,0,0,25,120,34,0,0,0
1,2,0,0,19,133,27,0,22,0,0,0,0,60,93,52,124,34,16,0,0,0,13,75,11,21,97,16,1,3,9,2,1,5,12,5,37,122,8,0,53,14,32,22,9,28,12,33,133,37,10,1,0,0,4,73,62,15,41,7,0,0,22,30,47,23,32,6,19,21,5,20,69,90,133,26,1,0,0,7,133,102,82,6,13,8,18,29,30,3,1,3,15,19,119,85,26,29,133,35,1,1,0,4,90,40,56,23,0,0,0,30,19,16,19,14,35,16,4,13,26,16,13,25,33,15,19,16
5,0,2,1,1,26,19,9,67,0,0,0,0,13,48,57,127,1,0,24,71,0,1,50,2,2,1,66,127,2,0,0,3,0,0,0,1,79,31,7,79,10,0,0,0,13,29,75,127,13,0,19,25,0,0,103,10,3,3,127,127,0,0,3,6,27,8,0,0,18,24,7,46,127,6,0,0,1,4,8,127,127,6,2,6,0,0,10,13,6,2,43,110,15,1,1,21,29,8,3,7,10,23,35,89,127,5,0,0,0,8,127,12,59,6,1,7,8,24,27,0,0,0,14,83,18,5,4
12,0,0,0,0,0,58,72,122,8,0,0,0,0,23,122,54,1,24,64,45,24,7,96,0,3,85,103,89,28,1,5,41,17,92,32,0,0,12,19,122,38,15,1,2,2,1,21,45,3,4,6,16,22,49,122,2,0,6,71,122,16,32,86,4,40,122,79,6,0,0,0,81,28,54,79,26,3,1,17,27,8,11,24,53,29,14,40,27,27,22,24,41,17,18,64,2,24,28,36,22,21,46,6,5,0,3,98,100,7,18,17,9,4,7,18,14,4,20,30,93,37,28,11,0,2,4,15
42,17,0,0,1,5,106,63,5,2,2,6,47,86,91,32,10,14,37,22,42,60,47,28,5,5,6,14,45,44,14,10,7,9,2,9,13,28,115,45,115,30,5,4,5,11,115,115,44,13,45,27,12,9,33,21,5,8,41,92,64,14,6,6,21,19,7,58,31,2,3,5,111,44,2,1,1,5,78,73,77,107,0,0,0,8,88,50,32,86,38,20,0,0,3,7,2,1,42,115,13,1,1,3,83,44,26,75,7,6,22,13,115,115,1,0,0,7,19,18,7,32,0,0,0,6,19,3
1,50,138,1,0,0,0,0,35,138,138,0,0,0,0,0,138,138,9,0,0,0,0,0,39,6,0,0,0,0,0,0,48,89,138,1,0,0,0,1,62,90,124,2,1,0,0,1,138,75,5,0,0,0,0,7,45,3,0,0,0,0,0,1,117,4,1,0,3,0,0,7,73,0,1,1,8,1,0,6,138,0,0,0,0,0,0,21,52,1,0,0,0,0,0,2,99,0,0,0,1,4,6,12,38,0,0,0,3,8,13,14,138,0,0,0,0,0,1,40,47,0,0,0,0,0,0,6
3,17,9,0,10,30,3,0,3,22,50,5,1,1,0,0,31,44,8,0,0,0,0,2,4,17,28,0,0,0,0,0,94,74,8,0,10,38,14,5,27,39,40,12,72,68,19,19,151,61,8,1,5,14,17,77,94,91,93,0,0,0,0,1,94,75,6,2,15,3,3,3,43,13,0,25,151,20,5,6,151,36,0,6,19,3,2,21,151,13,2,0,1,0,0,1,40,13,5,4,5,1,5,15,26,2,3,10,145,7,3,6,151,9,0,1,21,1,1,29,151,3,0,0,0,1,23,21
48,0,1,82,72,0,1,64,77,4,6,7,24,0,1,103,3,2,2,34,131,18,4,3,64,63,4,10,42,13,14,52,17,10,16,131,131,1,2,24,131,44,17,21,28,8,6,93,28,11,4,36,131,41,5,8,104,131,16,20,36,2,0,0,1,6,22,131,131,27,0,0,33,34,25,40,50,70,56,7,13,2,0,0,37,110,43,3,57,24,0,0,5,6,0,2,0,0,0,4,57,26,1,0,0,0,0,0,31,17,4,0,0,0,0,0,0,3,2,0,0,0,0,0,0,0,0,0
0,0,0,0,0,0,0,0,17,2,0,0,0,1,10,71,22,0,0,0,4,25,119,119,3,0,0,0,0,2,119,119,3,0,0,0,0,0,0,0,98,53,4,10,5,2,3,23,17,15,40,107,62,46,74,29,1,5,70,31,4,6,119,115,5,0,2,19,2,0,0,1,77,12,4,33,13,2,17,111,11,3,56,73,4,0,32,119,0,1,119,62,4,4,7,13,0,0,1,58,45,7,0,0,0,0,1,111,119,13,26,35,13,5,2,8,13,3,60,119,10,3,1,1,2,5,29,86
3,1,0,0,1,10,8,9,76,109,1,0,0,0,4,49,41,140,13,0,0,0,0,27,2,63,21,0,0,0,0,0,4,3,5,6,10,29,7,9,98,17,1,0,0,1,5,140,140,26,0,0,0,0,3,140,27,11,2,0,0,33,21,6,2,12,4,9,25,16,3,3,84,140,3,0,0,0,2,18,140,140,3,7,12,19,18,23,14,15,5,4,7,72,68,5,1,140,22,0,3,15,3,0,14,140,27,0,0,4,3,0,15,97,6,16,24,29,9,0,0,11,11,13,19,81,12,0
74,62,0,0,0,0,5,70,68,135,1,0,0,0,1,74,11,57,8,0,0,1,0,3,0,10,2,0,0,9,8,0,50,10,1,0,0,1,6,123,135,21,0,0,0,1,6,135,61,7,1,0,0,60,41,21,6,6,0,0,0,85,55,5,53,135,1,0,1,1,2,8,135,135,2,9,13,11,6,12,24,24,11,15,20,83,57,7,12,31,1,0,0,62,43,5,10,135,10,0,0,2,1,0,20,123,2,9,13,29,11,0,0,7,13,25,36,89,4,0,25,10,12,7,8,114,32,15
46,4,0,0,0,0,114,134,31,0,0,0,3,13,41,144,11,3,0,0,52,104,6,12,23,5,0,0,23,53,6,6,37,2,0,0,0,1,61,75,144,5,1,5,6,8,15,144,48,19,24,47,42,39,3,14,9,14,10,9,113,63,3,2,68,16,0,8,8,2,5,5,144,87,0,1,1,2,0,8,65,13,8,21,43,36,1,1,8,19,59,37,70,18,1,3,95,45,0,3,17,8,0,0,144,119,0,0,9,6,0,0,16,5,0,0,44,48,2,2,28,8,9,0,6,15,19,36
18,0,0,0,0,3,135,98,118,1,4,9,15,12,27,168,26,16,27,32,53,15,1,7,6,25,25,26,121,15,3,5,47,2,2,8,2,3,11,20,168,8,2,2,1,1,1,78,80,3,10,17,60,26,1,10,17,41,48,25,33,11,5,21,59,4,3,18,39,5,0,3,168,41,0,0,6,1,0,3,74,8,0,3,91,23,1,2,9,1,0,0,32,36,28,41,54,15,5,10,38,4,0,0,168,53,2,1,7,2,0,3,40,6,0,4,94,21,0,2,0,0,0,0,64,59,3,0
2,21,10,11,12,73,49,3,28,8,3,21,19,45,47,30,62,17,0,5,20,0,8,19,3,0,0,84,128,1,4,3,9,1,1,14,87,128,51,8,128,4,1,1,4,46,55,78,75,4,0,1,22,28,45,45,31,15,10,128,79,3,18,27,9,9,55,128,87,19,0,0,128,74,40,46,10,3,0,3,101,36,1,10,54,7,1,3,104,66,15,34,1,0,0,2,0,1,15,102,54,12,12,4,32,65,20,53,32,0,0,0,60,40,8,23,23,0,0,0,95,26,0,1,2,0,0,0
56,14,70,75,0,0,1,35,29,98,106,81,0,0,0,15,42,130,71,3,0,0,0,25,3,7,71,36,1,1,24,17,60,36,29,24,11,34,39,31,120,107,35,17,0,7,34,58,35,105,82,30,0,0,0,5,6,4,66,52,1,1,6,20,15,11,29,66,73,55,21,12,130,55,20,11,4,9,18,63,130,20,29,42,17,4,0,7,0,0,6,40,60,13,6,4,2,7,63,71,5,0,9,46,130,57,41,20,0,0,1,17,94,2,0,1,20,19,9,36,0,0,0,9,66,21,1,0
10,10,23,49,22,5,10,4,15,4,0,13,18,33,88,28,40,37,3,7,8,24,30,15,3,7,3,59,120,9,1,0,13,5,5,72,39,1,1,16,28,4,2,120,98,4,11,36,120,27,2,9,26,3,1,54,13,15,6,23,120,27,0,1,46,0,0,9,15,4,27,120,9,21,32,113,59,3,7,11,76,100,37,27,32,3,0,3,6,120,64,30,113,13,0,0,78,12,0,0,0,0,78,120,66,20,10,7,0,0,12,65,15,109,32,6,2,0,0,2,0,120,54,6,3,0,0,0
24,30,0,0,0,77,125,23,30,26,0,0,0,24,125,38,2,0,0,0,13,53,83,11,0,0,1,14,72,88,20,1,85,125,0,0,5,15,30,10,29,55,0,0,42,125,41,14,85,7,0,3,11,36,61,64,10,3,8,103,102,25,1,4,77,72,2,1,12,45,17,7,34,7,3,13,125,91,8,3,125,31,2,5,17,8,3,12,24,9,4,48,114,13,0,1,7,16,52,28,4,14,7,3,10,10,73,68,21,14,2,0,125,22,13,21,5,5,3,19,14,0,0,18,36,16,3,9
0,0,18,16,24,23,44,28,42,3,92,31,10,14,43,113,12,6,113,76,36,11,3,22,0,8,63,109,85,1,0,0,3,6,7,34,86,64,7,3,113,51,8,7,28,31,21,84,50,2,2,5,20,75,61,33,2,2,9,20,91,45,50,4,3,8,40,72,37,3,1,0,41,27,34,78,46,19,65,22,31,11,0,7,11,80,113,45,45,49,8,25,48,24,29,11,23,6,6,9,2,1,11,60,7,4,6,113,83,5,5,7,65,8,2,94,64,3,14,67,113,20,1,4,56,6,0,32
4,62,37,10,3,15,9,0,1,3,5,9,29,66,31,2,4,1,0,5,10,40,86,57,22,14,0,0,2,11,31,37,7,9,4,2,2,111,111,6,69,36,28,26,20,67,70,20,15,46,111,90,13,13,23,42,39,111,60,4,36,27,14,31,11,56,111,25,1,30,46,3,111,49,29,21,0,1,6,59,64,34,76,11,0,5,18,49,4,38,35,1,111,111,19,11,0,4,63,34,4,8,95,23,48,12,17,41,8,15,66,35,41,4,0,0,11,21,81,37,0,0,0,4,111,103,54,6
0,0,0,2,25,108,57,0,22,4,0,0,1,76,89,11,60,104,2,0,0,11,12,7,17,73,35,12,1,0,0,0,0,0,0,93,113,34,12,0,89,12,1,15,11,9,21,22,114,75,2,0,0,3,14,76,11,30,4,3,5,12,63,28,0,0,0,114,108,0,0,0,78,41,1,68,46,0,0,16,114,105,27,6,0,3,6,53,8,20,75,15,10,20,24,17,0,0,0,76,104,0,0,0,34,5,11,82,104,0,0,27,81,12,14,3,0,1,24,114,4,3,17,4,9,82,71,29
80,0,2,6,0,0,0,116,37,0,0,0,0,8,33,116,9,2,1,0,0,28,116,20,0,3,11,8,0,3,116,7,41,5,15,105,9,0,0,53,60,3,2,2,2,28,115,116,113,68,19,0,0,29,95,25,8,40,106,1,0,0,33,3,3,2,11,114,75,1,0,1,67,9,8,37,46,19,17,12,116,32,3,1,0,2,32,80,16,10,16,1,0,12,96,21,0,0,9,116,27,0,0,1,14,5,12,115,26,0,0,4,42,9,12,7,0,0,31,82,27,6,0,0,0,2,70,38
2,8,20,65,33,68,11,1,69,72,7,3,2,9,4,9,126,56,0,0,0,0,0,8,25,5,3,31,31,3,0,4,15,1,4,29,126,94,5,4,126,79,1,1,5,17,6,20,86,126,7,0,0,0,0,3,14,29,5,12,27,10,0,0,26,1,0,0,126,99,1,8,126,12,0,0,3,2,0,97,126,21,0,0,0,0,0,70,5,3,0,0,52,14,1,5,6,0,0,0,43,54,1,15,126,0,0,0,0,0,0,122,126,0,0,0,0,0,0,121,8,0,0,2,34,8,1,11
16,14,6,7,73,42,3,5,6,3,0,0,41,53,3,2,60,106,9,4,8,8,7,17,30,41,19,45,14,23,5,9,0,7,12,59,120,18,0,0,37,9,5,21,59,35,1,2,120,120,11,8,2,3,1,31,29,35,20,117,70,14,3,13,0,0,19,120,85,4,0,0,21,9,39,120,31,4,1,4,120,15,9,5,4,2,5,120,34,0,5,30,75,28,8,83,3,1,23,65,14,7,4,5,1,0,13,116,120,5,2,5,28,0,0,10,39,6,16,112,22,0,6,12,2,2,40,120
92,0,0,0,0,6,22,98,136,0,0,0,0,4,18,153,33,1,5,0,0,0,8,68,0,2,9,0,0,0,5,9,86,13,1,9,21,16,8,21,153,13,1,5,12,10,8,82,108,9,2,7,17,6,37,60,2,0,0,2,6,4,51,88,65,100,53,26,8,0,0,0,153,120,50,17,5,0,3,18,91,8,1,19,30,14,55,31,8,2,5,21,16,24,59,41,27,105,42,1,0,0,0,7,43,90,53,4,0,0,5,17,9,13,67,41,3,15,62,13,0,0,64,28,5,25,55,0
0,0,3,111,23,2,31,57,14,4,1,17,10,4,76,123,88,3,0,0,0,0,18,128,29,0,0,0,0,0,0,40,0,0,2,95,71,47,27,5,31,3,5,96,90,10,37,62,128,12,3,6,2,1,15,120,88,8,0,0,0,0,0,22,14,0,1,7,6,18,53,47,28,17,24,128,28,6,30,19,128,107,16,26,3,1,2,7,67,54,0,0,0,0,0,1,9,10,10,0,0,0,56,39,36,67,12,2,2,5,73,19,128,128,1,1,1,1,4,3,29,21,0,0,0,0,0,0
117,7,0,10,41,5,1,9,146,16,0,0,0,0,1,58,65,11,4,7,26,25,7,27,2,9,22,77,22,3,0,0,146,14,0,1,12,19,24,21,146,89,2,0,0,1,0,12,66,46,15,8,7,16,8,18,16,15,12,31,37,40,13,16,146,54,127,47,0,1,6,13,146,22,9,3,0,5,7,95,41,3,1,2,5,53,33,57,5,1,1,4,29,24,16,28,5,15,136,88,39,0,0,0,114,9,16,30,41,2,1,48,74,18,25,6,0,5,4,26,7,34,28,2,4,2,1,9
11,10,6,3,49,33,30,61,113,0,0,0,3,4,25,148,15,0,0,0,0,22,66,84,0,0,0,0,0,31,19,7,27,0,0,0,63,72,16,11,148,20,2,0,9,9,5,68,51,18,8,15,15,3,41,66,0,0,0,1,4,22,75,41,49,16,1,0,17,90,85,24,148,55,0,0,3,6,13,39,74,8,2,16,45,48,8,9,0,0,0,6,30,52,27,9,39,148,51,4,13,26,13,6,139,148,7,0,0,13,34,13,17,14,2,0,3,67,39,6,0,5,3,4,27,99,7,0
16,46,18,5,3,9,1,2,131,99,7,3,0,0,0,1,86,131,3,0,0,0,0,2,126,77,1,0,0,0,13,15,15,90,29,28,29,0,0,0,131,67,5,13,18,0,0,6,129,83,5,0,0,0,2,19,45,12,0,0,12,23,65,37,11,44,49,47,126,9,0,1,131,22,0,10,59,2,0,38,99,19,7,0,1,6,16,43,15,8,5,8,35,16,10,31,13,11,5,5,98,90,2,2,131,77,0,3,28,7,0,3,67,84,16,1,0,1,0,3,2,22,18,36,11,6,1,2
6,5,1,35,52,14,15,11,26,0,0,14,23,3,20,126,39,3,5,13,8,3,4,126,1,0,2,16,45,13,1,4,1,0,1,31,74,46,0,0,27,3,0,13,76,96,23,71,126,11,0,0,6,24,20,126,32,3,0,0,24,52,9,18,1,1,3,52,126,44,0,0,55,40,7,51,126,40,4,13,126,101,2,2,13,20,7,45,57,7,0,0,13,31,9,12,20,16,4,18,65,50,2,1,28,10,1,17,126,94,19,49,103,22,0,0,4,17,31,126,15,1,0,0,4,17,58,31
15,122,9,1,0,0,0,2,53,50,18,35,31,0,0,1,140,42,1,3,4,0,0,8,65,34,2,0,0,0,2,17,4,140,67,9,6,0,0,0,43,31,35,72,140,1,0,9,140,10,0,4,25,0,1,64,48,11,4,0,1,6,14,37,21,74,32,4,24,43,9,30,32,22,8,20,140,89,1,1,140,78,0,5,21,2,0,10,60,74,14,0,0,1,1,4,36,10,0,0,54,32,6,33,48,11,0,0,95,68,2,3,140,45,0,0,1,1,0,5,69,54,2,1,6,2,0,0
147,13,1,0,0,0,1,67,38,16,6,13,59,0,0,2,20,27,4,16,57,5,0,0,9,8,5,38,145,29,1,4,147,8,0,0,0,0,1,147,68,7,1,7,44,9,3,52,42,45,8,39,28,0,0,0,4,10,20,147,62,0,0,0,147,82,30,5,0,0,0,73,147,12,0,0,4,3,5,41,63,8,1,6,1,0,5,26,4,2,9,103,11,3,8,13,60,147,58,20,0,0,0,3,69,26,10,9,0,0,5,28,32,38,14,0,0,0,3,12,2,30,29,2,1,1,4,6
34,0,0,2,2,4,8,149,16,0,1,8,42,23,4,44,10,7,2,18,67,13,0,0,0,0,0,67,149,46,7,1,149,28,1,3,14,23,16,92,90,8,0,0,14,55,11,45,74,9,1,14,42,21,3,7,3,1,0,103,149,20,0,0,138,61,3,8,19,8,8,60,66,16,0,0,23,32,19,33,62,5,0,0,32,30,40,21,1,0,1,68,149,41,8,0,63,29,1,0,19,25,19,107,36,10,0,0,5,21,42,58,4,2,0,0,5,14,83,23,2,1,5,45,49,26,33,2
15,5,1,9,129,9,0,3,76,33,40,14,9,0,0,10,28,9,15,14,3,6,19,20,0,0,0,0,6,19,47,3,18,0,0,23,129,9,0,7,129,7,4,13,21,4,0,37,22,4,4,41,66,27,8,1,2,0,0,2,16,32,66,6,15,8,0,35,129,8,0,1,129,76,4,9,21,2,0,11,37,23,33,129,85,29,5,1,0,0,5,67,120,47,50,19,23,3,0,23,129,21,1,10,129,48,1,2,15,20,11,49,16,15,8,19,41,129,22,5,1,0,0,12,129,94,1,3
0,0,0,1,8,131,50,0,12,2,0,9,41,25,23,6,93,33,17,10,4,0,2,41,31,5,17,21,0,0,7,131,0,4,4,64,27,16,15,0,28,2,1,15,48,15,26,18,131,30,8,6,2,1,5,24,61,49,63,111,2,0,5,29,2,6,4,55,103,70,8,1,40,4,2,22,73,12,0,6,131,43,0,2,4,0,0,46,131,74,12,43,30,4,12,18,7,88,23,24,14,47,8,2,9,5,19,94,37,6,0,4,119,9,27,19,1,0,5,128,67,18,1,1,6,6,88,114
14,19,32,53,47,10,10,7,26,21,12,15,47,25,17,60,9,16,91,58,113,51,10,19,110,42,69,5,2,3,4,100,53,8,2,16,88,16,17,40,113,73,41,42,13,5,3,24,17,41,113,113,25,20,6,12,32,68,113,42,0,1,1,9,39,61,61,102,59,0,0,3,113,48,52,36,14,13,9,64,60,40,29,54,56,92,29,56,95,106,51,11,1,3,6,26,0,7,19,19,27,0,0,0,3,18,33,17,2,0,0,2,12,27,18,27,4,1,0,1,25,31,3,1,0,0,0,0
64,70,5,3,10,4,2,1,34,16,0,6,111,24,4,6,152,42,0,2,11,5,3,18,137,48,20,0,0,0,0,0,55,28,3,2,13,2,1,11,48,5,0,6,152,13,1,3,152,26,0,1,15,1,0,12,152,11,0,0,0,0,13,19,25,1,1,1,6,8,41,36,29,9,2,8,76,26,28,10,152,14,1,2,6,0,43,130,47,0,0,0,0,0,152,114,0,0,9,14,0,6,37,10,7,0,0,2,1,4,22,32,11,1,0,0,1,1,34,43,5,6,0,0,1,1,105,25
19,6,5,10,25,17,36,46,10,3,0,0,0,2,29,39,3,5,0,0,0,0,1,0,0,0,0,0,0,0,0,0,12,4,4,15,114,126,48,37,126,31,0,0,1,15,83,121,76,55,0,0,0,0,40,56,5,3,0,0,0,0,2,8,27,37,4,10,57,118,10,4,126,62,1,1,27,122,84,45,23,2,0,0,9,97,126,126,2,0,0,0,0,0,12,20,30,88,11,16,13,3,1,1,16,51,14,97,126,112,7,0,0,0,1,21,52,76,40,6,0,0,0,0,0,0,0,0
8,3,22,25,4,20,27,28,17,9,20,8,1,12,129,129,80,59,4,1,4,32,87,56,23,32,1,0,0,1,2,12,1,1,73,72,19,65,112,34,54,90,129,22,1,2,41,84,100,124,129,15,0,0,1,18,14,9,6,2,0,0,0,4,15,0,0,0,17,87,129,80,129,54,18,0,0,0,50,129,94,56,77,22,0,0,0,5,0,0,5,3,0,0,0,0,2,0,0,0,0,0,0,1,39,10,0,0,0,0,0,1,12,10,5,0,0,0,0,0,0,0,0,0,0,0,0,0
69,4,2,1,3,15,108,105,57,18,18,15,2,3,60,67,42,53,87,41,4,0,3,6,0,1,11,1,0,0,0,0,57,8,35,48,1,2,39,57,129,54,5,3,0,2,57,93,110,59,1,0,0,13,35,19,0,0,0,0,0,0,0,0,10,7,129,129,0,0,6,14,129,37,104,85,10,24,26,53,28,1,0,5,16,107,78,28,0,0,0,0,0,0,0,0,54,0,35,38,0,0,21,129,10,1,38,129,39,7,2,7,0,0,15,82,34,22,2,0,0,0,0,0,0,0,0,0
0,2,93,58,78,22,1,0,5,29,131,17,7,5,7,4,68,124,83,0,0,0,3,14,19,20,0,0,0,0,0,1,0,3,33,19,52,41,57,7,7,4,59,2,4,104,125,23,119,29,19,0,0,7,52,93,23,6,0,0,0,0,0,3,0,0,0,25,131,99,21,2,49,24,2,2,17,96,42,25,131,68,1,0,1,2,6,22,30,4,0,0,0,0,0,0,4,0,0,11,131,69,4,3,131,12,0,1,15,17,8,43,131,46,0,0,0,0,0,11,12,2,0,0,0,0,0,0
0,0,0,1,13,48,73,8,20,0,0,0,2,12,56,74,2,0,0,0,8,34,85,14,0,0,0,0,0,1,95,24,22,3,5,15,116,82,33,13,116,8,2,8,18,13,22,61,27,1,4,69,92,43,46,11,1,1,4,24,12,20,107,36,10,14,116,100,78,3,0,0,116,65,84,29,8,1,0,4,26,17,57,66,67,7,0,2,0,11,116,99,15,8,5,0,1,10,111,41,3,1,4,5,5,26,116,40,1,0,1,2,2,26,116,15,2,0,0,0,0,12,116,20,0,0,0,0
0,0,0,1,13,48,73,8,20,0,0,0,2,12,56,74,2,0,0,0,8,34,85,14,0,0,0,0,0,1,95,24,22,3,5,15,116,82,33,13,116,8,2,8,18,13,22,61,27,1,4,69,92,43,46,11,1,1,4,24,12,20,107,36,10,14,116,100,78,3,0,0,116,65,84,29,8,1,0,4,26,17,57,66,67,7,0,2,0,11,116,99,15,8,5,0,1,10,111,41,3,1,4,5,5,26,116,40,1,0,1,2,2,26,116,15,2,0,0,0,0,12,116,20,0,0,0,0
26,25,0,0,0,3,3,12,49,137,38,0,0,0,0,8,3,137,104,0,0,0,0,0,0,7,10,0,0,0,0,0,85,19,0,1,6,11,5,53,137,101,7,0,0,0,4,116,49,49,20,0,0,21,43,11,0,3,3,0,0,7,38,4,30,137,47,0,5,5,0,4,137,137,15,7,13,14,22,19,24,2,0,3,6,54,119,21,13,7,0,0,0,7,54,35,1,137,69,0,0,17,14,0,4,51,15,19,28,53,22,1,30,21,24,31,27,88,51,14,84,71,14,7,1,3,18,18
33,0,5,11,3,0,16,29,154,1,1,2,3,0,2,93,46,5,8,14,46,15,5,15,8,32,19,4,5,34,42,19,41,3,7,20,36,0,0,2,154,7,0,3,11,0,0,18,80,3,0,5,111,22,3,6,4,0,0,0,59,98,42,6,32,39,7,23,45,6,0,0,154,127,4,2,5,2,1,16,58,4,0,1,122,44,2,16,22,0,0,1,150,42,0,1,53,59,32,41,34,7,5,5,118,135,9,5,12,2,1,10,8,15,7,16,89,53,3,3,17,12,5,46,74,13,1,0
43,8,0,0,4,54,14,84,2,0,0,0,5,100,48,14,33,9,6,4,2,9,28,15,3,20,13,5,3,0,0,0,121,42,6,22,21,37,12,51,18,7,10,21,69,121,39,30,121,50,22,5,5,24,28,101,35,63,37,5,1,8,2,3,67,66,4,12,28,49,4,6,21,48,121,59,70,35,13,15,121,121,70,5,3,4,10,33,39,17,1,12,34,36,7,7,8,8,0,0,18,88,26,12,14,10,20,1,0,16,121,58,18,17,15,1,0,1,121,121,4,1,1,17,21,21,54,96
2,0,3,1,0,0,47,102,3,2,26,25,0,0,44,63,1,3,106,52,1,5,19,30,4,34,105,17,6,16,12,14,47,5,15,19,0,0,17,115,115,46,14,5,5,0,8,57,7,14,14,22,78,40,57,22,8,3,1,3,14,27,86,61,56,19,39,115,23,0,0,8,115,35,7,9,11,0,0,21,24,15,61,115,115,11,6,4,17,90,115,50,19,6,19,32,25,22,3,47,88,41,16,3,115,115,4,4,10,1,0,3,17,33,75,37,0,2,4,0,0,23,99,25,5,0,1,1
71,96,83,3,4,28,14,4,119,135,69,0,0,1,0,7,7,96,104,28,9,0,0,0,2,19,24,28,22,14,24,5,59,81,135,75,29,0,0,2,135,53,27,28,16,4,0,18,46,25,18,26,17,68,24,3,2,8,8,48,59,31,28,2,80,9,6,36,115,0,0,10,135,13,1,22,76,12,2,12,37,2,22,29,50,94,28,8,27,39,30,9,5,18,31,9,36,2,0,6,58,9,12,74,120,24,2,11,43,3,0,3,16,16,45,22,10,0,0,1,1,35,54,5,2,2,0,0
0,12,30,20,13,36,5,1,0,1,6,29,80,81,21,21,0,0,9,10,8,16,116,101,0,0,0,1,0,0,116,66,4,1,0,0,34,116,21,9,53,68,46,7,25,116,13,5,5,21,113,116,29,14,24,10,3,3,19,93,14,1,77,27,8,1,0,0,92,92,8,9,116,24,5,1,16,29,10,116,25,39,32,46,27,33,4,31,3,16,43,116,48,0,0,0,0,0,0,42,66,26,4,3,25,0,0,31,23,6,6,116,22,17,4,2,4,5,24,116,1,4,2,20,60,40,18,13
0,2,0,0,120,31,0,0,40,107,7,2,55,10,6,5,48,120,45,2,0,0,3,19,2,15,41,39,32,30,2,4,14,10,5,11,120,70,0,0,120,120,23,12,24,5,6,24,28,34,25,29,5,51,27,40,2,4,1,2,44,120,15,12,6,32,77,57,41,28,0,0,49,7,38,108,5,6,55,65,3,0,25,28,11,120,113,21,0,42,28,9,13,120,10,0,29,30,22,29,2,1,1,19,1,0,43,120,11,6,3,1,0,0,113,76,7,8,9,1,0,33,71,31,5,1,0,0
0,2,49,110,7,2,2,2,30,110,76,82,8,2,0,0,29,106,110,110,39,11,0,0,60,110,57,53,23,3,0,0,4,0,1,22,16,44,48,18,110,74,9,25,22,32,16,27,57,61,2,6,109,82,0,3,86,110,3,5,34,29,12,1,9,9,40,38,12,48,56,18,110,27,6,14,10,32,22,79,56,88,3,2,45,51,5,15,29,57,7,18,22,20,5,0,3,9,66,77,34,27,5,2,56,32,9,25,12,17,37,34,81,37,1,0,1,1,8,49,12,19,31,15,3,1,10,7
0,0,5,5,6,17,53,45,6,0,1,34,23,24,31,18,36,92,21,61,34,15,7,2,32,106,22,20,32,33,0,0,18,27,35,2,0,3,63,116,16,3,11,18,13,74,116,35,116,39,1,2,7,38,38,59,34,51,2,0,48,102,4,8,14,66,116,43,5,1,1,8,17,27,73,116,56,14,7,5,116,80,12,15,6,12,9,32,31,100,5,2,12,25,3,6,25,7,16,14,13,72,59,23,3,5,7,31,57,116,97,7,67,20,2,2,2,10,69,83,76,31,3,0,0,0,7,44
5,4,1,100,63,11,6,0,121,114,1,8,2,0,3,2,103,105,9,3,0,3,1,1,5,3,21,16,16,14,1,1,11,7,1,108,121,8,0,0,121,87,2,15,20,0,0,14,110,48,12,2,0,0,2,30,4,6,29,17,31,12,0,3,5,4,1,13,121,46,1,1,121,56,4,5,21,4,7,101,46,27,17,5,0,0,25,121,4,2,4,16,36,5,14,71,6,9,2,21,121,10,0,0,98,121,9,3,9,3,1,30,22,51,48,42,0,0,5,41,2,0,14,38,0,0,7,61
16,50,53,5,0,16,20,1,6,17,8,0,0,15,50,15,5,0,0,0,0,0,2,5,0,0,0,0,0,0,0,0,8,10,2,19,93,131,81,14,131,18,3,5,8,46,121,105,99,4,0,0,0,0,1,13,0,0,0,0,0,0,0,0,18,16,10,66,131,113,74,33,131,83,12,21,15,16,16,37,125,12,0,0,0,0,0,8,1,1,0,0,0,0,0,0,54,131,4,0,2,67,116,41,131,131,3,0,0,6,8,13,37,35,0,0,0,0,0,0,1,4,0,0,9,24,0,0
3,12,19,2,0,2,105,58,1,1,8,8,4,15,102,134,37,21,1,9,15,78,53,19,74,37,0,0,0,3,2,11,11,108,87,30,12,4,17,18,15,3,33,73,112,23,51,46,134,48,0,0,9,13,38,31,76,38,0,0,0,0,0,1,5,20,15,35,42,44,24,15,46,0,0,10,134,134,12,11,134,17,0,0,11,9,1,33,70,5,0,0,0,0,0,5,0,1,7,11,45,104,31,3,32,12,38,13,73,66,1,4,134,37,11,0,0,1,0,31,62,6,0,0,0,0,0,5
114,2,3,17,0,0,8,114,30,3,1,0,0,1,107,103,4,5,13,20,6,3,114,32,3,7,15,9,1,1,49,16,38,4,5,79,48,1,20,55,114,57,9,1,3,1,76,93,33,46,111,3,0,0,60,23,1,1,83,11,2,12,44,15,14,3,5,114,77,0,0,2,114,21,10,23,6,0,26,114,41,16,10,0,0,0,114,96,3,7,16,18,8,50,76,7,4,0,6,114,30,0,0,16,27,17,26,75,17,0,2,17,96,70,3,1,0,0,6,19,8,20,12,26,11,6,2,1
0,0,0,71,88,103,26,0,29,7,1,52,21,70,50,5,132,73,0,0,0,3,8,10,53,24,13,5,9,9,1,2,10,1,1,132,49,1,0,3,49,12,4,132,87,0,0,0,132,56,2,8,4,0,1,24,48,21,18,4,4,0,4,21,24,0,0,21,54,18,2,10,18,4,2,70,132,24,0,2,132,30,3,10,20,2,17,115,25,19,14,4,2,0,42,110,23,0,0,11,32,4,11,45,5,4,1,47,132,8,0,1,103,84,6,7,21,2,3,36,27,38,35,20,0,0,12,38
86,7,12,11,0,0,50,120,63,22,1,0,0,7,120,75,18,31,31,37,14,42,48,5,16,11,30,72,20,27,7,5,30,17,57,109,14,0,2,16,120,70,5,6,1,0,2,22,57,39,18,21,17,9,0,4,0,1,14,67,85,7,0,1,12,5,4,107,103,2,1,1,120,12,2,11,9,2,2,96,60,8,11,8,2,0,2,105,11,7,16,79,114,2,0,3,2,2,1,20,120,60,6,4,52,8,0,0,17,11,6,83,120,19,1,0,0,0,0,79,53,26,35,67,11,0,0,3
31,5,24,123,18,0,0,18,72,10,19,10,0,0,68,123,82,34,3,0,0,6,100,51,11,22,28,38,12,22,16,1,1,1,42,123,17,0,3,18,52,21,55,119,22,0,0,10,123,54,3,4,1,0,0,21,26,16,14,18,14,5,0,7,56,20,3,60,43,0,3,35,19,5,3,107,123,7,2,5,123,5,1,5,6,2,4,123,47,8,7,6,1,0,1,83,63,15,2,10,30,30,13,38,3,2,0,14,123,84,7,6,60,11,0,0,9,7,4,65,123,14,1,0,0,0,0,44
0,0,0,0,24,54,52,8,7,0,0,0,32,54,78,38,18,1,10,8,4,27,37,32,19,5,10,11,7,9,5,7,3,1,12,22,24,58,40,4,31,6,10,33,34,95,34,47,127,31,17,14,2,3,5,81,11,20,51,26,3,0,0,0,4,7,76,127,21,6,4,5,12,70,127,94,9,4,1,2,89,127,86,7,0,3,13,12,7,36,114,9,0,6,17,11,3,3,17,34,9,7,109,59,0,30,74,11,1,61,127,7,4,25,23,0,0,67,127,20,1,1,2,0,0,54,127,52
13,2,0,4,71,116,13,8,38,10,7,41,17,32,11,15,0,0,3,80,68,10,26,8,39,0,3,20,24,9,41,103,26,12,8,78,114,23,0,1,116,65,38,44,12,1,0,8,4,7,30,116,87,4,0,0,15,0,10,116,71,8,19,27,9,10,25,74,43,18,4,0,116,15,10,33,33,17,6,32,15,2,3,27,116,45,4,8,4,1,2,60,116,16,2,1,2,2,4,6,12,95,116,23,17,1,0,3,10,32,98,107,2,0,0,2,31,96,43,14,0,1,5,24,65,37,7,0
116,36,9,0,3,1,1,14,29,87,42,4,1,0,0,2,7,31,71,114,19,1,0,0,6,36,116,82,14,0,0,1,116,21,5,3,5,2,0,49,116,66,4,3,11,3,2,26,38,26,9,22,116,27,7,19,49,26,32,2,8,8,22,48,74,8,10,29,31,1,3,101,113,8,0,0,5,9,22,116,20,2,0,1,106,84,34,41,110,29,0,0,13,11,10,60,35,14,49,97,27,0,0,10,73,9,17,9,2,1,2,56,18,46,19,14,52,21,5,21,85,116,12,3,6,3,1,7
1,0,1,51,68,9,17,11,80,1,2,15,16,8,33,123,22,0,0,0,3,22,46,59,0,0,2,42,41,44,32,8,1,0,7,123,80,5,0,0,34,2,3,90,104,17,47,73,68,10,1,0,8,21,93,123,5,10,6,5,10,24,23,3,2,0,1,19,101,38,3,1,31,8,1,50,123,18,5,6,123,41,3,7,27,1,9,44,16,16,14,14,11,0,7,13,0,0,2,3,20,60,20,1,8,1,5,52,123,23,6,4,49,0,0,20,53,27,123,83,11,2,4,4,2,7,123,123
4,1,64,123,19,4,8,13,31,23,123,121,62,3,0,5,123,26,8,9,16,1,4,43,19,45,23,0,1,1,5,8,18,0,2,6,11,15,17,12,21,2,5,34,123,70,5,3,123,38,5,6,37,16,0,19,86,57,10,0,2,0,0,8,9,28,44,5,4,6,5,2,8,17,83,123,71,13,1,0,123,21,33,64,33,4,1,80,106,17,0,0,1,1,4,102,52,32,36,15,3,0,0,32,1,16,35,75,51,0,0,0,32,10,23,108,91,2,2,23,85,6,5,2,0,0,2,56
67,10,0,0,20,68,88,37,59,12,4,0,15,49,77,60,23,20,39,13,1,0,1,4,0,1,14,32,30,25,4,1,32,6,2,8,82,142,35,32,142,29,2,0,7,26,26,82,93,31,24,18,22,0,0,5,1,4,14,43,77,18,0,0,19,21,91,142,48,42,4,5,142,100,48,20,2,3,2,28,114,21,5,6,10,1,0,14,5,10,9,79,70,5,0,0,14,44,93,66,2,5,4,3,57,104,100,28,1,0,0,0,59,35,5,1,0,0,0,4,7,9,15,43,14,0,0,3
144,25,0,0,17,4,0,10,144,33,1,0,0,0,15,42,99,26,2,0,0,0,5,20,26,7,0,0,0,0,0,0,63,4,0,0,3,3,24,74,60,2,0,0,0,0,144,144,144,7,0,0,0,0,32,144,33,1,0,0,0,0,0,3,10,4,1,4,0,0,9,26,141,48,0,0,0,0,26,35,144,89,0,0,0,0,2,26,24,4,0,0,0,0,0,0,8,4,4,21,7,0,0,4,144,37,1,0,0,0,0,9,144,64,0,0,0,0,0,0,5,1,0,0,0,0,0,0
13,19,32,44,30,8,7,8,12,20,17,21,56,24,20,36,9,20,119,90,119,32,4,11,119,68,84,4,1,1,1,87,41,10,3,16,51,25,15,24,119,84,60,29,7,4,3,15,15,27,119,89,17,17,5,8,29,99,119,7,0,1,1,5,30,51,77,115,15,0,0,3,119,50,54,21,6,9,9,44,52,32,25,29,40,65,21,31,119,119,35,1,0,2,3,13,0,5,31,45,10,0,0,0,2,14,42,7,0,0,0,1,7,17,16,12,2,0,0,0,26,25,2,0,0,0,0,0
30,39,7,0,2,86,35,5,8,2,3,0,2,46,46,28,3,2,7,1,2,2,25,11,17,2,2,1,4,20,28,21,20,9,3,0,19,118,66,23,118,45,20,0,0,14,36,76,25,28,118,20,0,1,5,11,0,1,41,96,69,34,12,3,16,103,58,7,37,50,2,2,118,118,25,1,5,3,17,55,25,7,26,7,2,34,77,117,0,0,12,55,37,118,93,5,6,55,118,21,5,0,0,0,4,33,22,12,29,43,20,6,2,0,0,0,4,118,87,35,2,3,0,0,3,118,78,8
18,40,4,1,21,13,4,1,131,73,3,0,11,8,2,6,54,95,69,0,0,0,0,0,24,72,24,0,0,0,0,0,32,16,0,0,38,21,7,6,131,85,0,0,13,4,4,31,131,54,7,0,0,0,15,45,92,48,3,0,0,0,0,5,18,2,0,4,5,8,23,29,92,8,0,0,1,0,70,131,131,9,0,0,0,0,114,131,131,10,0,0,0,0,1,45,5,1,2,38,9,0,0,13,26,15,0,0,0,0,14,23,131,100,0,0,0,0,10,33,130,38,0,0,0,0,0,5
24,5,0,0,12,4,6,19,9,23,25,0,0,22,30,8,1,60,72,2,0,23,27,2,1,36,45,5,0,0,2,1,32,22,1,0,6,3,1,6,88,129,63,0,0,5,7,13,17,129,129,4,0,1,1,1,0,35,101,77,6,0,0,0,23,26,32,0,0,0,0,6,129,97,23,0,0,0,0,65,104,117,42,1,0,0,0,18,0,35,102,39,2,0,0,0,0,129,129,0,0,0,0,0,37,129,129,0,0,0,0,2,23,129,33,0,0,0,0,0,0,17,24,0,0,0,0,0
2,0,0,26,56,50,66,13,30,0,0,3,7,24,123,108,32,7,14,20,10,13,14,75,5,8,17,40,19,1,0,1,0,0,7,123,79,8,11,16,50,9,40,123,10,3,6,66,123,49,9,4,0,0,1,103,41,28,6,2,0,0,0,6,3,0,12,69,2,3,54,123,21,13,120,123,1,0,2,55,100,35,49,67,15,5,16,30,11,1,0,0,1,1,8,12,66,0,0,0,3,16,36,123,123,5,9,33,5,1,3,97,6,1,5,96,34,6,4,1,0,0,0,3,1,0,0,0
1,0,0,0,0,0,5,2,0,0,0,2,11,14,10,0,12,30,4,6,8,4,1,0,15,27,4,19,4,1,0,0,33,13,0,0,12,33,49,20,8,0,0,2,33,125,125,10,125,48,4,5,14,41,42,33,44,35,2,6,16,122,39,1,11,6,18,31,74,75,4,3,49,12,0,6,69,125,25,7,125,45,0,0,28,25,9,15,27,2,1,7,125,125,13,1,0,0,18,92,113,26,8,0,32,85,38,70,51,15,2,0,108,125,5,4,52,12,0,0,4,1,8,35,125,21,0,0
3,0,0,0,1,64,45,38,139,9,0,14,2,7,22,139,73,16,17,139,27,0,0,35,52,46,15,46,21,3,7,20,32,9,3,2,1,62,24,18,139,115,0,0,0,4,11,88,130,50,1,41,53,6,32,35,0,0,0,29,53,5,5,2,14,6,24,56,22,9,11,17,138,16,1,18,15,6,60,139,54,3,0,1,2,4,108,139,0,0,0,1,1,0,4,0,2,0,7,61,17,1,19,45,69,10,9,66,25,2,5,33,43,1,0,0,0,0,1,18,0,0,0,0,0,0,0,0
19,13,11,15,7,1,23,13,20,40,9,0,0,3,78,27,142,113,7,0,5,0,15,31,67,27,1,7,142,26,0,0,24,8,4,22,67,24,8,15,142,142,50,1,2,5,7,36,76,142,80,1,19,12,1,9,17,41,19,29,142,39,2,2,38,40,7,9,100,28,3,15,142,120,5,2,5,3,2,95,57,30,8,0,19,24,11,95,4,3,2,1,42,58,5,4,4,15,1,1,10,8,1,0,14,29,0,0,0,0,0,3,2,0,0,0,0,0,0,5,0,0,0,0,0,0,0,0
19,32,44,19,6,0,1,6,17,16,15,31,18,4,30,12,34,122,22,0,0,3,54,18,131,131,17,2,18,0,4,12,68,4,3,49,75,1,0,45,52,15,4,23,125,40,9,33,131,131,32,1,4,6,6,93,51,131,40,1,31,23,6,36,39,8,5,104,131,9,2,22,44,60,10,16,110,28,3,14,131,116,4,2,4,1,1,75,24,2,0,0,9,9,7,58,0,0,1,26,44,7,1,0,1,3,0,0,3,6,1,0,1,3,0,0,0,0,0,0,0,0,0,0,0,0,0,0
0,0,0,0,0,0,0,0,0,1,0,0,0,0,0,0,2,6,1,0,0,0,0,0,7,3,0,0,0,0,0,0,36,12,5,1,8,4,2,15,139,69,13,0,0,1,0,26,73,139,48,0,0,0,0,1,107,40,0,0,0,0,0,2,71,14,1,13,56,5,1,16,139,15,1,2,8,1,1,85,139,31,5,0,0,0,19,55,121,4,0,0,0,0,3,45,27,2,0,6,40,8,11,12,139,0,0,2,10,1,48,136,42,0,0,0,0,5,139,136,113,0,0,0,0,0,36,139
102,3,0,0,0,0,39,141,30,2,0,0,9,27,50,141,1,0,0,2,37,91,20,6,37,5,1,0,7,22,28,67,29,0,0,6,4,2,53,110,141,7,1,2,2,5,28,141,44,7,14,51,67,22,4,11,65,66,41,24,27,12,8,32,61,13,2,24,15,0,0,3,141,70,0,0,3,2,0,8,60,11,8,11,31,38,16,8,9,32,25,5,1,25,93,15,47,62,4,9,24,0,0,0,141,104,0,0,10,8,1,1,17,4,0,0,71,85,10,1,24,15,0,0,11,63,64,7
10,21,59,72,12,0,2,30,62,107,49,2,2,4,12,57,14,77,82,15,4,3,3,5,5,33,46,18,1,2,41,12,15,24,36,74,27,2,8,16,134,125,35,5,4,1,2,27,24,43,66,37,26,6,1,1,5,2,64,36,9,13,23,14,6,8,9,20,20,3,103,134,134,39,12,7,5,1,17,123,39,2,2,14,78,16,8,40,21,2,7,22,42,20,13,25,5,1,15,56,2,1,68,134,46,2,3,1,0,0,41,134,6,0,0,6,9,2,46,134,4,0,9,43,19,2,8,31
126,1,0,1,48,15,2,13,14,1,0,0,67,104,48,6,124,72,11,2,3,34,44,13,14,28,25,54,72,13,13,8,108,30,0,2,75,30,2,10,58,3,0,14,126,48,0,3,126,43,7,6,12,9,4,26,22,12,11,41,126,35,6,7,40,27,8,18,82,24,1,11,27,23,56,96,65,12,0,0,126,50,34,27,6,12,24,49,19,9,6,13,40,87,47,18,58,25,11,9,24,21,2,28,18,98,90,28,5,3,0,1,5,26,94,60,9,2,1,1,15,12,62,51,8,7,6,4
0,0,0,0,0,39,22,0,2,0,0,0,0,99,110,8,2,0,0,0,4,78,92,9,1,0,0,30,60,45,11,3,10,0,0,0,0,141,141,19,140,6,0,0,1,80,137,64,44,4,0,1,37,35,34,21,44,1,1,28,14,7,11,33,102,8,2,14,8,124,82,27,141,42,2,0,1,3,11,29,41,15,38,19,30,5,0,3,39,7,17,11,9,2,2,25,93,14,9,115,16,1,0,4,141,30,2,1,0,0,2,49,29,17,23,12,13,0,9,31,6,6,9,20,32,3,3,7
38,9,93,57,1,0,9,39,118,19,16,30,8,0,0,53,22,59,118,71,19,5,4,4,10,80,78,28,3,0,1,3,13,6,51,88,43,39,49,14,118,50,9,27,25,14,6,29,68,37,46,2,1,38,37,17,9,8,29,19,0,5,25,34,13,78,63,0,6,40,118,25,118,73,84,0,4,15,22,76,27,62,35,1,5,45,44,48,28,81,8,0,1,5,10,23,0,118,118,0,0,0,0,0,2,57,118,0,0,0,0,1,2,61,87,0,0,0,0,2,0,40,8,0,0,0,0,0
5,0,0,2,20,111,27,4,50,58,6,1,25,53,9,5,23,88,57,12,16,36,8,1,11,7,18,11,22,30,7,13,13,0,0,50,124,86,16,14,131,25,0,0,19,18,9,46,45,14,0,5,91,104,14,3,22,2,0,1,13,56,22,39,38,9,0,32,130,131,9,5,131,54,1,4,15,10,2,17,49,10,18,106,110,11,0,1,13,28,62,37,17,9,3,15,53,5,0,30,131,51,2,17,131,61,0,1,5,3,1,50,25,16,7,35,70,11,0,6,0,2,21,17,23,14,1,0
0,0,0,0,10,105,62,4,15,7,1,0,0,24,106,62,3,2,1,3,2,26,70,29,0,0,0,0,0,11,64,47,12,3,0,22,70,47,9,0,111,94,18,12,8,10,9,22,16,25,24,88,73,14,13,9,4,1,0,12,30,28,80,16,12,3,14,111,68,0,0,0,111,20,9,28,11,2,5,111,19,4,14,94,92,5,13,83,6,24,78,104,35,6,6,4,0,0,10,109,46,2,3,4,5,0,3,61,91,10,30,60,1,0,7,18,6,6,111,111,3,10,47,22,0,0,59,111
22,34,9,0,0,71,105,11,6,0,0,0,0,62,115,41,25,1,0,2,11,12,106,115,13,21,6,5,16,21,13,17,2,27,52,12,5,112,78,3,15,7,59,48,2,28,80,50,115,29,4,3,0,0,19,115,23,7,2,3,6,26,39,37,14,114,79,14,5,32,55,7,15,28,84,107,32,44,44,9,115,100,18,11,2,1,1,20,23,19,7,13,35,41,2,7,12,13,3,11,35,87,66,9,62,41,1,0,2,21,50,19,72,71,2,0,3,5,1,10,14,10,0,0,81,92,0,3
0,6,55,42,12,3,1,0,13,19,41,13,8,11,22,9,1,8,56,5,3,43,50,5,0,2,36,12,3,16,58,17,1,4,9,21,66,84,11,3,5,0,0,2,32,119,103,14,27,15,8,10,4,62,119,35,0,1,5,17,12,44,85,19,0,5,10,90,119,36,1,0,31,2,2,71,105,76,10,8,119,48,24,37,18,6,12,79,5,6,39,119,56,13,14,16,0,0,2,119,57,18,22,0,5,1,40,119,51,3,4,2,38,3,31,78,20,3,31,96,1,0,25,29,11,9,119,72
43,22,22,3,1,4,4,37,58,30,5,0,0,2,3,40,3,8,9,36,70,11,3,4,4,0,0,33,113,16,10,9,26,19,36,8,3,9,4,5,130,80,25,5,3,1,0,14,9,27,36,56,130,12,0,1,0,0,14,39,130,33,0,0,16,14,107,18,3,7,3,4,130,108,53,3,5,1,1,36,24,40,130,85,95,5,0,9,0,8,130,100,43,2,0,0,0,17,130,7,0,0,0,0,7,98,79,1,0,0,0,0,2,42,80,3,0,0,0,0,0,4,94,2,0,0,0,0
39,145,9,1,5,5,0,0,54,102,52,34,15,0,0,5,148,14,2,6,4,0,0,47,29,12,5,9,8,13,12,17,148,113,21,2,3,2,1,15,65,32,15,25,99,47,4,15,148,35,1,4,18,7,0,11,63,39,9,13,33,11,0,1,39,63,38,3,3,5,1,7,53,5,1,2,86,46,4,9,148,10,0,0,13,3,0,19,83,5,1,16,57,8,0,10,2,11,96,80,20,4,0,2,40,8,12,71,50,44,9,6,148,38,3,0,1,2,2,12,61,11,2,15,11,3,4,9
5,11,9,12,15,28,8,1,4,1,0,3,29,120,28,8,34,59,19,0,1,52,16,14,26,43,19,2,1,2,1,10,1,1,0,0,7,141,46,0,34,4,1,2,10,141,91,52,141,33,3,1,2,9,21,112,23,10,5,5,22,24,3,2,0,24,11,1,3,141,19,0,53,62,62,15,7,52,11,9,141,90,7,2,12,4,3,50,27,6,0,3,107,65,20,16,1,58,39,4,8,33,5,0,15,21,21,3,4,18,24,24,76,8,1,0,3,3,20,141,17,0,0,24,134,33,9,58
7,1,0,5,27,119,48,2,108,39,3,0,0,17,10,41,119,9,5,2,0,0,4,119,32,6,6,7,7,10,9,53,36,8,2,21,70,27,1,1,119,111,20,12,5,1,1,15,70,30,30,58,41,1,1,103,119,5,1,4,6,0,0,119,29,19,16,32,26,15,5,2,119,62,10,5,4,2,3,83,38,8,1,40,87,10,7,59,106,0,0,12,16,1,0,119,31,27,70,54,1,6,5,3,78,98,28,2,0,0,0,7,13,33,44,37,29,9,1,7,54,9,26,29,22,11,4,57
2,0,0,3,17,121,37,8,76,35,9,0,2,44,23,50,24,33,17,4,5,9,2,8,2,9,6,7,18,25,17,12,13,19,21,6,6,121,39,10,121,68,10,4,9,16,14,61,51,12,1,4,67,56,19,14,32,46,6,1,3,20,32,61,9,40,37,5,5,22,12,8,121,36,9,1,7,5,15,121,32,2,0,22,121,73,27,75,74,7,1,11,36,26,53,121,1,1,2,1,5,59,66,33,49,4,0,0,0,14,74,120,109,14,5,83,68,1,4,86,73,70,16,65,30,0,0,5
81,26,20,48,2,0,0,43,132,28,2,0,7,47,66,82,36,14,5,2,27,55,62,36,11,12,16,14,9,7,2,2,25,34,25,53,24,17,11,13,59,24,11,26,56,132,52,33,132,27,8,5,8,41,40,79,50,14,18,41,29,1,0,2,25,75,38,46,9,8,5,4,21,45,121,132,40,26,4,4,132,130,88,28,3,4,1,12,71,19,6,33,15,0,0,2,7,18,17,15,3,2,2,1,7,101,80,21,3,3,2,1,18,69,107,24,6,0,0,0,22,47,11,5,0,0,0,0
0,0,0,0,0,0,0,0,86,28,0,0,0,0,0,16,119,69,0,0,0,14,4,26,2,2,0,0,0,22,8,2,0,0,0,0,1,0,0,0,96,8,0,4,7,2,14,133,133,24,0,3,9,43,29,133,56,20,6,7,17,65,40,40,0,0,0,24,20,0,0,0,88,84,5,48,44,1,2,16,133,133,3,9,13,26,12,34,52,43,25,17,17,22,68,38,3,2,2,22,84,43,3,2,60,133,29,29,66,15,3,4,64,110,3,2,41,111,11,2,49,76,5,2,14,51,59,21
3,2,12,46,4,0,0,0,121,33,2,13,2,0,0,15,102,5,0,0,71,41,3,10,70,9,0,0,37,42,20,8,3,9,11,113,54,3,0,0,121,121,9,32,17,3,1,14,55,28,6,23,110,21,1,4,98,19,24,27,47,6,1,10,1,1,0,19,121,43,5,5,121,14,1,6,45,28,15,121,53,52,25,17,33,10,2,31,9,54,116,29,3,0,0,1,0,0,0,19,121,5,0,1,121,15,2,15,66,3,1,44,121,82,10,0,0,2,0,17,5,36,22,15,10,16,3,1
62,56,19,21,51,1,0,1,136,34,0,0,0,1,1,17,33,6,0,0,14,38,10,10,15,9,2,17,16,10,7,5,30,27,15,14,20,34,61,37,136,14,0,0,2,1,12,68,53,3,0,1,43,32,3,12,25,10,1,4,13,28,13,32,33,63,136,42,21,21,25,16,136,136,58,2,2,1,4,19,31,20,37,39,31,18,1,3,5,9,9,20,51,107,6,9,0,30,136,10,0,0,0,0,5,89,136,4,0,0,0,0,1,16,128,73,3,0,0,0,0,0,114,115,37,18,0,0
23,10,7,8,19,53,37,9,49,28,7,5,3,44,123,20,26,12,9,31,44,37,64,66,72,0,0,0,4,1,4,123,44,2,0,4,123,59,8,7,123,43,5,9,31,21,12,22,38,23,12,59,123,18,5,26,123,44,9,11,30,3,5,123,17,18,39,47,83,10,0,2,123,44,63,26,13,16,16,37,34,35,24,25,63,68,28,16,57,96,14,6,10,25,11,7,23,93,48,8,6,3,0,5,2,31,101,55,12,4,1,0,13,15,69,45,17,7,5,5,14,7,4,9,35,73,37,4
23,42,5,0,5,42,71,27,20,32,15,11,23,12,93,78,124,13,0,1,10,12,44,40,46,6,0,5,6,0,0,4,94,124,10,8,18,29,11,8,49,50,15,16,124,105,12,18,124,18,2,1,19,18,5,53,54,1,0,0,0,6,2,6,31,33,28,54,18,20,34,13,21,80,70,19,51,56,25,7,124,112,33,3,4,12,57,25,27,2,0,0,1,27,107,22,5,7,14,45,35,20,9,6,8,34,13,8,13,40,88,14,5,13,13,5,1,77,124,9,16,1,4,3,0,13,124,61
11,14,90,21,2,4,11,13,29,77,132,37,0,0,6,19,132,132,48,2,0,0,2,12,18,6,0,0,0,0,0,0,19,2,0,0,0,11,93,91,43,16,18,0,0,1,132,132,132,24,7,0,0,0,39,132,7,0,0,0,0,0,0,6,47,63,43,14,2,5,21,26,94,62,23,15,2,2,32,25,132,88,0,0,0,0,4,30,5,1,0,0,0,0,0,0,7,42,73,19,0,0,36,59,60,53,59,29,1,3,39,17,132,46,1,0,0,0,2,17,1,0,0,0,0,0,0,0
66,120,22,5,1,1,3,3,144,29,5,2,0,1,5,39,32,4,2,15,60,59,22,20,3,2,1,16,71,51,26,10,81,73,16,10,27,16,2,7,144,25,4,5,15,6,0,16,56,18,5,33,119,12,0,2,5,30,22,49,103,8,1,2,38,18,19,31,38,25,2,5,144,10,0,2,12,8,1,21,78,4,1,54,98,5,0,6,9,15,6,35,90,22,33,15,15,10,52,144,22,3,0,6,144,46,35,30,3,1,0,14,52,11,8,27,43,6,4,16,0,1,28,113,68,9,8,0
35,28,22,15,1,1,14,29,55,122,39,4,0,11,15,7,12,64,19,3,0,18,28,7,15,16,8,3,5,18,26,16,122,82,5,0,2,1,2,76,114,49,2,1,30,120,68,27,122,33,12,1,2,40,67,73,17,18,31,65,50,44,22,11,70,122,50,7,31,11,0,4,24,86,75,39,121,51,4,4,122,96,47,10,16,34,35,44,13,2,2,11,18,122,105,21,31,19,2,1,10,11,0,1,1,29,34,7,12,8,0,0,0,16,26,9,18,22,4,0,1,0,0,0,7,74,11,0
0,0,0,0,0,0,0,0,5,0,0,0,0,0,0,3,59,10,4,6,26,18,13,42,18,12,36,79,97,38,15,27,0,0,0,0,0,0,0,0,60,10,9,37,1,0,0,19,137,75,18,10,1,1,6,64,48,48,84,111,31,22,18,11,2,1,3,3,2,1,3,7,26,37,36,120,37,11,10,13,137,79,23,19,5,45,101,64,94,20,4,2,10,36,131,85,2,3,30,74,10,0,1,5,4,44,68,62,15,7,7,8,35,34,45,105,59,69,34,12,137,110,16,8,3,12,19,26
0,0,0,0,0,0,0,0,1,6,0,0,0,0,0,0,0,2,0,0,0,0,0,0,0,0,0,0,0,0,0,0,12,0,0,0,0,0,0,6,147,147,0,0,0,0,2,44,57,84,0,0,0,7,23,13,0,0,0,0,0,1,2,0,32,23,3,16,26,0,1,19,147,132,1,2,3,3,12,147,123,41,2,4,5,39,109,77,44,51,1,0,0,2,13,14,11,147,64,29,67,9,1,0,108,147,15,3,2,23,37,10,81,76,14,12,6,11,40,76,72,62,1,0,0,11,27,47
8,2,2,14,8,7,98,42,1,2,6,22,7,13,101,9,70,88,21,11,2,2,22,33,41,57,3,0,0,0,0,2,9,13,28,1,0,4,154,110,21,7,6,11,15,58,154,77,154,20,2,1,1,6,81,154,103,6,0,0,0,0,0,11,8,26,146,10,0,0,7,15,29,44,85,74,18,15,12,12,154,97,23,7,1,2,4,20,87,5,0,0,0,0,0,0,0,0,1,0,0,0,0,0,0,2,4,2,0,0,0,0,22,6,1,0,0,0,0,0,5,0,0,0,0,0,0,0
6,13,119,19,0,1,46,46,21,79,119,8,10,8,9,29,43,62,23,3,3,4,22,81,5,6,4,0,0,0,3,18,39,25,119,24,1,4,34,54,119,74,66,14,5,2,3,38,28,119,119,7,2,1,6,13,3,11,33,2,0,0,0,2,14,32,67,28,5,37,107,14,119,88,24,6,2,9,18,65,68,76,17,0,0,0,19,51,17,14,4,0,0,0,0,3,7,119,117,15,2,6,27,4,19,119,103,0,0,0,2,4,10,102,35,0,0,7,4,1,2,14,0,0,0,3,4,0
0,0,0,0,4,51,38,1,25,0,0,0,0,33,125,51,12,1,0,6,21,55,96,23,2,3,7,79,90,77,14,2,10,5,2,75,125,125,44,5,125,62,6,24,18,38,77,64,82,30,18,15,4,1,11,21,11,6,7,122,47,0,0,0,10,3,2,90,125,7,9,23,125,33,6,40,62,0,0,60,90,13,3,6,3,2,12,72,13,11,2,24,35,26,16,10,21,12,2,24,60,5,6,24,117,43,7,31,44,1,0,12,59,13,0,1,5,14,39,28,1,2,1,7,12,55,55,8
8,23,27,32,9,6,39,21,47,56,44,1,0,2,34,28,100,19,3,0,0,0,8,27,0,0,0,0,0,0,0,0,1,4,62,83,8,9,113,46,25,12,50,60,7,35,133,94,133,14,5,5,1,6,82,133,0,0,0,0,0,0,0,0,5,25,133,92,2,2,5,1,24,39,133,133,13,14,22,9,133,133,68,42,1,1,6,21,3,1,0,0,0,0,0,0,7,12,11,19,5,10,30,11,14,20,23,32,10,18,41,10,101,79,16,5,0,0,7,29,4,1,0,0,0,0,0,0
0,0,0,17,68,82,25,2,57,17,4,74,116,136,84,18,136,62,6,5,1,9,51,55,25,13,11,17,6,1,7,7,15,0,0,28,45,21,44,55,67,17,8,136,136,6,3,13,136,42,5,12,15,0,1,91,33,13,5,8,5,2,8,41,26,14,3,11,23,12,27,63,41,21,5,64,136,6,3,20,136,54,5,18,19,1,5,34,28,5,0,0,2,17,59,34,17,29,8,31,14,8,7,4,29,32,4,19,48,39,14,3,67,92,6,11,22,6,2,5,15,12,3,6,31,23,19,13
80,4,14,79,16,0,4,114,64,0,0,1,1,12,32,114,6,2,3,5,24,91,41,9,3,2,15,51,35,53,18,18,40,7,14,114,32,2,8,29,114,26,11,30,9,8,7,82,33,9,7,38,54,32,21,31,16,8,28,93,14,5,33,60,41,10,8,32,31,34,9,13,114,31,8,17,22,20,3,33,65,29,111,114,45,4,7,12,9,21,114,40,6,3,24,42,2,10,49,54,10,16,3,2,114,114,41,6,3,7,0,4,94,50,56,14,0,0,0,12,2,3,114,23,0,0,0,1
0,1,10,15,86,57,1,0,89,12,0,0,45,65,12,17,51,16,6,12,25,46,8,5,47,4,2,3,4,16,9,29,4,0,0,19,124,92,3,4,124,50,2,2,65,45,4,25,62,29,15,79,49,5,0,4,56,37,17,24,8,1,0,5,6,7,42,42,124,124,6,6,124,106,53,8,29,37,7,65,78,49,78,35,26,0,0,12,24,51,109,17,4,0,0,0,0,8,124,77,28,5,0,0,24,110,115,7,2,0,0,0,9,45,37,0,0,0,0,0,0,7,34,0,0,0,0,0
51,47,1,0,3,44,128,31,128,18,0,0,1,7,54,117,25,0,0,1,87,99,26,29,28,0,0,0,25,28,31,49,66,128,10,1,2,5,0,1,128,38,5,2,4,2,1,17,40,7,4,36,128,21,3,5,27,49,20,23,47,14,9,22,32,54,53,39,8,4,1,3,128,12,4,12,7,3,1,16,62,3,2,48,118,4,2,3,6,27,11,20,45,25,53,11,25,14,58,95,3,0,0,6,119,43,39,45,3,0,0,4,49,16,23,58,40,1,0,4,1,39,92,73,22,5,9,0
0,0,0,0,0,0,0,0,6,1,1,5,22,20,2,4,17,10,10,32,71,54,48,29,16,14,51,123,63,4,6,9,24,5,3,1,0,0,0,2,123,52,25,22,11,5,4,29,45,66,114,123,31,13,8,12,25,65,33,84,98,1,0,2,21,19,29,34,7,1,1,1,123,48,20,14,7,11,73,112,88,34,18,26,13,11,62,94,3,21,14,40,75,13,0,0,0,7,76,62,8,1,0,0,58,66,90,88,27,15,29,22,123,123,22,17,14,0,9,24,9,31,10,47,62,1,0,0
46,34,1,1,5,10,40,81,130,4,0,0,2,4,46,119,92,5,6,30,26,3,1,15,1,26,36,32,17,2,4,1,37,67,23,21,27,33,10,8,130,59,9,3,15,18,18,53,115,4,2,6,1,47,67,30,0,6,10,6,4,57,98,11,5,17,19,37,21,63,60,6,58,44,13,5,2,26,130,62,40,3,1,1,1,27,130,130,6,0,0,0,22,69,46,37,21,71,6,0,5,104,66,8,19,44,24,21,5,18,59,13,89,53,10,9,3,13,19,51,21,3,0,0,7,87,27,30
32,4,12,15,1,10,34,128,18,3,12,29,32,46,23,33,20,31,64,50,9,7,38,24,75,96,45,6,0,0,1,4,64,10,33,43,17,8,4,52,128,41,80,43,11,3,5,60,25,128,128,23,3,2,16,10,43,121,118,0,0,1,2,1,25,35,74,33,22,11,2,11,128,121,30,3,3,2,2,42,74,38,58,0,2,3,4,84,1,11,35,8,26,50,21,7,13,22,40,8,0,0,35,69,40,52,11,0,0,1,29,62,83,5,0,1,1,1,16,88,27,1,6,33,23,11,2,11
12,4,74,119,18,11,19,66,52,8,26,31,3,9,27,119,29,8,33,40,23,23,22,34,24,52,72,24,3,4,30,15,14,5,33,62,17,29,39,16,72,17,36,42,33,15,5,49,119,65,79,24,6,2,2,59,26,97,119,7,1,1,2,10,5,4,72,47,5,3,45,43,23,54,119,36,13,6,15,24,119,115,25,2,1,1,11,51,45,8,7,2,6,6,9,93,16,13,3,0,0,0,76,104,27,47,16,1,0,0,51,106,29,34,4,0,0,0,34,66,89,12,0,1,0,0,9,42
0,5,5,7,27,46,19,3,41,5,0,0,19,94,8,5,116,22,0,0,0,1,0,7,4,0,0,0,0,0,0,0,0,0,13,54,111,92,3,0,132,20,21,95,75,68,3,39,138,50,5,3,0,0,0,111,10,1,0,0,0,0,0,3,0,0,59,101,19,16,36,7,45,113,138,135,6,0,7,17,130,138,51,6,0,0,0,12,0,0,0,0,0,0,0,0,7,5,4,6,13,12,48,24,101,58,23,3,0,1,13,74,52,40,7,0,0,0,0,17,0,0,0,0,0,0,0,0
