28,16,0,0,0,0,0,0,53,2,0,0,0,0,0,8,12,0,0,0,0,0,0,13,0,0,0,0,0,0,0,0,77,159,5,3,0,0,0,1,159,67,0,0,0,0,0,36,93,7,0,0,0,0,0,66,0,0,0,0,0,0,0,0,35,72,17,118,15,1,12,36,159,48,0,1,0,0,7,99,122,69,0,0,0,0,0,18,0,0,0,0,0,0,0,0,5,2,8,159,146,0,3,7,151,18,13,43,6,0,2,93,94,10,0,0,0,0,1,104,0,0,0,0,0,0,0,0
0,0,0,0,0,0,0,0,1,1,6,1,0,0,0,0,90,10,10,1,0,0,0,67,133,30,0,0,0,0,0,69,22,0,0,0,0,0,0,5,125,34,45,3,0,0,0,15,94,126,133,3,0,0,0,19,133,89,19,0,0,0,0,59,54,5,0,0,0,0,0,5,133,30,4,0,0,0,0,37,133,125,46,0,0,0,0,17,54,133,76,0,0,0,0,1,1,0,0,0,0,0,0,0,77,28,0,0,0,0,0,2,133,37,0,0,0,0,0,19,133,30,11,0,0,0,0,27
0,0,0,0,0,0,0,0,46,19,3,0,0,0,0,0,161,49,0,0,0,0,0,0,161,10,0,0,0,0,0,15,2,0,0,0,0,0,0,5,88,16,2,0,0,0,0,15,161,37,0,0,0,0,0,4,130,6,0,0,7,12,50,109,14,0,0,0,0,0,0,25,111,0,0,0,0,0,0,57,161,20,0,3,4,0,0,12,33,9,1,25,143,38,41,13,40,18,1,0,0,0,0,3,101,17,5,0,0,0,0,13,161,23,0,1,6,0,0,4,31,5,0,16,161,8,0,0
0,0,0,0,0,0,0,0,0,0,0,0,0,0,0,0,0,9,15,5,0,0,0,0,18,9,46,31,0,0,0,4,29,5,7,4,0,0,0,4,135,19,2,0,0,0,0,34,47,135,47,5,0,0,0,2,3,49,135,81,0,0,0,0,48,58,118,33,0,0,0,2,135,91,30,1,0,0,0,27,135,114,8,0,0,0,0,11,17,57,101,25,0,0,0,0,60,91,93,5,0,0,0,0,57,135,132,0,0,0,0,1,135,59,17,0,0,0,0,10,78,30,40,2,0,0,1,15
6,2,0,8,127,26,0,0,82,60,0,0,7,5,0,1,52,76,6,6,1,0,0,0,1,4,10,34,9,2,0,0,19,0,0,2,123,106,13,18,146,45,0,0,3,6,6,35,61,62,4,2,2,1,0,1,0,2,5,17,41,28,0,0,69,0,0,0,58,146,42,50,146,18,0,0,0,3,9,70,79,18,6,4,8,3,0,9,0,0,1,16,94,40,0,0,146,14,0,11,88,68,13,23,146,95,0,0,0,0,0,9,45,61,34,20,10,2,0,0,0,0,6,68,66,3,0,0
0,72,101,0,0,3,2,0,0,51,78,1,1,19,13,2,33,70,47,0,0,4,8,9,5,92,79,0,0,0,0,0,0,10,17,0,0,81,106,0,19,2,3,0,2,152,127,26,158,35,2,0,0,15,39,78,68,41,18,0,0,0,0,2,7,2,0,0,0,59,148,15,77,26,3,1,7,57,48,17,158,42,0,0,0,3,4,20,87,2,0,0,0,0,2,5,37,42,6,0,0,0,8,9,69,27,21,7,0,0,0,7,158,12,1,0,0,0,0,15,70,6,1,0,0,0,0,1
0,0,0,0,1,94,127,0,2,0,0,0,10,127,95,10,57,18,4,0,0,20,92,43,13,21,30,7,5,14,9,2,2,0,29,22,13,27,30,1,30,2,7,29,125,44,13,10,127,42,2,1,15,7,5,25,34,19,9,9,63,13,0,1,5,0,16,12,12,6,46,31,24,4,6,51,127,25,15,4,127,11,3,10,18,5,5,123,22,0,0,19,61,11,6,61,2,0,0,0,0,7,91,41,0,0,0,2,21,127,68,6,11,0,0,0,5,51,79,127,2,0,0,1,8,62,67,127
0,3,10,23,33,26,2,0,91,10,10,8,9,20,13,76,141,3,0,0,1,0,0,111,27,0,0,13,100,0,0,12,0,0,24,97,28,2,0,0,79,36,48,43,6,1,0,5,141,17,1,0,0,0,0,44,65,0,0,16,97,0,0,14,0,0,24,44,29,22,2,0,30,20,34,31,13,2,1,7,141,16,2,1,0,0,1,67,77,0,0,9,71,1,0,26,0,0,141,86,3,2,0,0,2,2,141,119,3,1,1,5,104,40,117,40,1,0,1,46,55,11,10,5,32,2,0,24
2,39,91,4,0,0,30,14,1,29,124,36,12,22,21,6,65,124,92,21,8,6,0,6,66,124,20,1,0,0,4,28,29,70,34,0,1,3,1,1,11,22,65,11,10,27,7,6,124,107,38,4,0,2,3,15,101,124,24,0,0,0,0,0,19,10,1,2,2,9,78,33,26,2,0,0,13,28,58,33,124,27,0,0,0,1,2,46,124,46,2,0,0,0,0,22,0,8,91,51,1,3,31,9,22,17,56,32,0,0,31,40,124,34,4,0,0,0,1,73,124,33,0,0,0,0,0,58
0,26,107,42,0,0,0,0,22,47,55,114,1,0,0,0,98,114,23,13,1,0,0,2,3,12,18,80,54,0,0,0,0,6,80,53,3,0,0,0,32,7,20,114,75,0,0,3,114,29,4,13,17,1,0,15,20,6,2,59,98,11,0,1,8,3,28,32,7,0,13,11,14,3,5,114,114,4,3,4,114,8,1,17,35,21,69,82,9,0,2,2,38,114,74,15,7,18,28,2,2,0,13,14,2,7,22,81,114,6,2,4,1,32,74,64,60,18,57,21,1,58,114,2,0,29,47,6
5,63,105,4,0,0,25,19,6,17,98,92,11,6,76,19,114,55,12,16,2,0,26,95,39,8,0,1,3,5,59,60,81,80,33,3,9,9,0,2,17,21,39,64,114,81,1,3,114,50,5,13,21,14,2,24,37,10,5,27,8,3,7,13,100,4,0,0,20,45,13,28,30,6,0,0,114,114,10,12,114,17,0,0,7,8,6,72,15,0,1,4,5,7,23,70,14,0,0,0,2,102,58,38,21,0,0,0,12,114,55,57,44,0,0,0,0,1,27,114,0,0,0,0,0,10,73,53
43,24,3,1,0,0,0,7,117,12,5,4,2,2,0,12,203,3,0,0,0,0,0,28,52,0,0,0,0,0,0,4,24,26,8,1,1,3,3,8,126,8,5,16,6,9,1,20,203,3,0,0,0,0,0,47,75,0,0,0,0,0,0,10,47,34,5,2,4,11,7,15,107,53,24,34,1,0,0,6,203,60,5,2,0,0,0,7,84,6,0,0,0,0,0,2,14,48,9,1,4,1,4,6,94,27,4,1,2,0,1,35,203,28,1,0,0,0,0,26,64,1,0,0,0,0,0,2
3,5,23,79,19,0,0,0,96,78,13,20,8,0,0,1,19,25,12,59,64,0,0,0,0,0,1,55,115,1,0,0,4,2,9,71,83,0,0,1,119,33,1,16,34,5,8,23,34,9,1,19,90,53,16,7,1,0,0,33,119,37,2,0,2,3,5,42,110,14,3,5,27,9,20,28,61,28,84,64,4,9,52,4,9,101,119,21,2,2,47,20,41,79,17,0,0,6,58,112,25,1,0,0,1,61,119,87,17,3,6,2,0,60,119,31,0,3,6,1,0,2,119,75,1,1,0,0
0,0,0,2,48,120,25,1,2,5,2,3,7,41,114,24,1,2,2,2,6,59,97,3,0,0,0,1,19,74,27,0,6,3,0,58,120,75,13,3,81,73,27,9,26,26,54,31,8,22,120,47,1,13,41,6,0,0,80,80,13,25,15,0,8,1,0,31,120,57,0,4,120,24,5,5,44,7,9,95,16,7,37,15,1,14,86,51,0,0,25,40,15,46,57,0,1,0,0,6,120,94,2,3,21,0,2,3,25,18,46,89,2,0,0,0,0,29,120,35,0,0,0,0,0,42,120,4
0,185,185,0,0,0,0,0,1,185,185,0,0,0,0,0,7,185,64,0,0,0,0,0,4,62,16,0,0,0,0,0,0,185,158,2,0,0,0,0,9,72,78,15,0,0,0,0,50,30,4,1,0,0,0,9,14,9,2,0,0,0,0,6,2,24,15,3,0,0,0,1,2,3,8,37,3,0,0,0,24,3,2,7,2,0,3,16,5,0,0,0,0,1,17,20,2,0,0,0,0,0,3,14,0,0,0,6,7,10,7,3,0,0,0,2,9,22,13,5,0,0,0,0,0,2,30,14
2,7,10,70,38,0,0,0,24,4,0,89,128,0,0,1,150,22,0,4,7,0,0,9,79,22,10,26,10,1,0,2,6,4,0,25,59,3,0,0,24,2,0,50,150,27,1,7,150,18,0,2,28,7,2,29,97,6,0,1,15,18,9,19,1,1,0,0,77,10,0,0,26,5,0,27,150,25,0,4,150,21,0,7,30,4,0,88,46,1,0,0,16,23,14,50,0,0,0,0,43,43,5,0,3,0,0,7,150,59,1,5,82,0,0,1,32,12,2,127,21,0,0,0,7,20,24,92
5,16,24,100,21,0,0,0,41,13,3,126,70,0,0,2,151,50,1,4,2,0,0,10,41,36,4,0,0,0,0,0,16,22,15,57,44,0,0,0,32,3,1,98,151,14,0,8,151,17,0,3,25,4,0,34,75,7,0,0,1,1,0,1,17,19,9,21,91,3,0,1,27,6,2,37,151,11,0,2,151,20,1,8,26,1,0,58,60,2,0,0,6,4,1,32,11,2,0,3,74,18,11,28,5,0,0,14,151,16,0,3,113,0,0,2,31,3,0,93,39,0,0,0,1,6,10,79
1,11,27,3,0,7,117,20,18,8,22,8,0,2,127,60,103,43,3,0,0,3,81,78,13,33,50,3,0,7,25,3,0,52,127,20,0,0,1,0,50,16,66,105,20,0,1,2,127,79,3,7,2,0,0,4,48,91,35,1,0,0,0,1,2,27,62,19,3,4,46,10,24,2,17,94,108,31,16,8,127,18,1,9,23,4,1,109,64,23,4,1,1,15,29,66,2,19,24,0,0,6,88,15,4,29,69,15,37,36,32,5,100,113,39,6,10,3,0,31,39,78,19,4,0,4,8,25
1,19,63,21,1,3,9,4,14,85,86,1,0,0,17,25,85,120,76,0,0,0,13,35,38,53,6,21,21,18,9,8,4,22,63,64,14,1,1,1,23,29,18,21,46,37,83,71,87,39,13,0,1,6,71,120,9,5,0,1,21,113,52,48,6,27,34,58,93,27,6,5,60,31,1,22,120,73,9,8,120,86,1,4,11,11,17,46,6,3,10,11,16,56,35,12,4,4,8,19,69,47,23,16,37,107,53,33,99,28,0,0,71,112,41,11,10,1,0,0,0,20,69,11,9,0,0,0
1,16,49,32,16,0,3,4,5,6,34,79,33,3,1,4,18,15,102,57,0,0,1,18,30,59,46,26,1,1,3,31,4,8,25,36,55,93,18,6,19,12,3,8,57,116,39,40,116,41,61,29,0,4,15,113,42,98,116,23,5,4,3,15,0,13,27,22,38,116,36,4,11,116,60,2,5,101,18,5,116,116,18,0,2,4,22,51,43,5,2,0,3,32,101,46,0,19,116,58,19,5,0,0,0,88,85,34,10,9,0,0,2,12,12,20,19,18,22,10,8,3,7,9,2,17,56,12
17,9,1,4,18,12,19,28,57,11,13,2,3,4,17,98,59,14,5,0,0,1,34,122,14,0,0,0,0,0,76,133,27,3,0,7,20,11,22,60,133,29,2,6,7,6,7,33,25,6,3,18,5,14,36,42,0,0,0,1,0,4,63,111,68,8,0,0,0,3,12,68,132,36,6,4,1,9,11,38,19,23,32,17,6,40,47,19,8,26,21,9,3,19,30,14,39,9,1,0,0,0,79,133,42,25,6,3,0,1,111,133,3,18,35,13,2,31,133,19,1,14,16,4,5,133,133,0
14,0,0,14,131,10,2,50,55,0,0,0,4,2,22,131,3,0,0,0,67,59,53,54,0,0,0,6,131,48,7,3,19,0,0,10,131,13,0,4,131,2,0,3,11,0,3,53,26,0,1,7,29,56,31,26,0,0,2,76,131,32,2,0,9,5,18,95,111,4,0,0,131,27,9,20,6,0,0,0,41,23,54,25,11,3,0,0,0,2,72,131,26,1,0,0,0,1,54,131,19,0,0,0,57,27,22,95,8,0,0,0,82,32,17,1,0,0,0,1,7,11,33,56,17,0,0,0
37,203,203,2,0,0,0,0,0,107,203,0,0,0,0,0,0,122,203,0,0,0,0,0,0,64,203,0,0,0,0,0,58,112,31,2,0,0,0,0,1,12,48,3,2,0,0,0,15,14,20,0,0,0,0,1,5,11,13,0,0,0,0,0,9,20,2,3,2,0,0,0,1,0,0,10,6,0,0,0,20,1,0,0,0,0,0,6,12,1,0,0,0,0,0,6,3,3,1,1,2,0,0,0,0,0,0,5,11,0,0,0,8,0,0,0,2,0,0,5,12,0,0,0,0,0,0,6
5,8,4,4,4,1,9,12,55,1,0,0,1,0,1,27,153,1,0,0,0,0,0,28,52,0,0,0,0,0,0,3,3,3,15,15,3,1,36,54,55,3,2,6,13,4,13,33,153,7,0,0,0,0,2,25,67,0,0,0,0,0,0,3,0,0,7,39,5,4,74,139,59,19,3,7,11,2,23,153,153,30,0,0,0,0,4,62,52,1,0,0,0,0,6,27,1,3,22,108,8,0,2,18,20,5,53,54,1,0,4,153,60,1,10,11,0,0,85,153,6,0,0,0,0,0,67,153
52,28,11,1,0,0,3,19,24,19,5,2,1,33,45,26,45,5,9,9,1,29,66,21,136,19,0,0,0,0,12,51,15,8,17,5,20,60,39,25,105,37,15,8,5,10,24,51,45,23,23,44,62,13,4,20,136,31,0,1,4,0,0,110,30,50,28,34,91,43,18,15,128,56,14,4,18,22,58,55,78,52,1,5,31,37,62,25,136,136,0,0,2,0,0,7,37,57,18,14,32,27,2,1,25,32,11,5,63,83,14,7,136,35,0,0,5,7,10,21,136,34,0,0,0,0,3,38
0,0,0,0,120,80,0,0,29,18,4,0,34,34,7,27,38,67,18,2,6,13,1,5,19,52,65,58,0,0,0,0,6,2,0,24,120,23,0,0,120,109,36,6,44,8,1,15,48,120,120,4,0,0,7,11,25,70,48,16,0,0,4,3,6,0,0,15,120,86,10,3,120,14,3,3,47,12,24,120,23,18,19,0,0,0,120,120,1,6,1,0,0,0,120,61,5,3,0,1,89,40,9,1,78,22,0,0,31,9,4,22,12,8,1,1,9,9,44,26,0,0,0,1,5,10,91,24
14,0,0,10,129,8,0,4,127,2,0,2,8,0,0,40,39,2,0,0,0,0,0,13,2,0,0,1,76,44,0,1,10,3,0,18,146,1,0,1,149,21,0,4,13,0,0,9,55,9,1,0,0,0,0,3,1,1,1,5,149,64,0,2,7,0,0,13,149,2,0,3,149,7,0,1,23,2,0,30,59,30,9,0,0,0,0,3,0,9,9,42,149,3,0,0,4,0,0,12,125,3,0,0,149,16,0,5,22,1,0,19,65,23,3,0,0,0,0,10,0,3,2,11,149,5,0,0
15,55,9,2,5,3,1,1,51,97,19,0,0,0,2,9,27,85,24,3,3,1,12,11,170,67,2,1,1,0,0,0,14,62,7,0,0,6,14,4,29,23,1,0,0,9,64,39,120,24,0,0,0,1,41,62,170,87,0,0,0,0,0,2,13,8,5,3,1,10,16,15,41,7,8,10,6,9,21,12,170,22,0,0,0,0,2,37,170,48,0,0,0,0,0,4,43,13,3,2,3,4,11,15,22,17,4,9,25,8,7,8,170,49,0,0,0,0,0,31,170,52,0,0,0,0,0,3
19,0,0,0,0,0,7,111,10,3,24,33,0,0,17,85,5,18,156,156,0,0,5,8,0,17,156,156,0,0,0,0,33,4,1,0,2,15,25,95,156,42,0,0,0,0,4,73,41,104,26,0,0,0,0,5,2,47,57,1,0,0,0,0,46,49,52,1,0,4,1,8,156,27,2,0,0,0,0,45,106,13,0,0,0,0,0,37,15,3,0,0,1,3,0,2,6,11,41,20,1,0,0,1,92,4,2,6,2,0,0,63,102,0,0,0,0,0,4,70,9,0,0,0,2,15,17,10
39,35,5,2,2,2,7,11,140,82,3,0,0,0,2,53,140,58,3,4,3,33,53,66,111,0,1,2,2,22,35,140,18,20,32,37,22,5,3,8,140,40,3,7,5,6,4,67,71,5,0,0,12,122,93,72,48,0,0,0,1,38,68,140,17,7,7,23,46,22,2,5,140,28,2,3,4,12,13,50,29,13,9,2,39,81,23,23,18,14,23,32,7,9,23,85,7,4,5,52,36,4,0,5,34,34,4,7,9,5,11,44,20,9,3,2,19,34,45,62,25,7,7,22,16,32,24,61
16,2,0,0,3,10,12,14,32,3,0,0,2,10,24,21,158,66,0,0,0,0,2,9,85,33,7,23,6,0,0,0,1,0,0,3,7,12,44,13,103,6,0,0,1,6,28,42,158,76,0,0,0,0,0,9,82,19,0,1,12,2,0,2,4,2,3,28,38,5,6,3,156,12,4,7,6,1,7,35,158,16,0,0,0,0,43,158,31,1,0,0,9,6,46,114,5,2,7,13,9,2,9,8,34,35,21,7,9,9,3,11,23,4,0,0,17,44,116,134,18,0,0,0,2,1,70,158
70,6,1,5,12,16,8,14,76,6,2,19,81,4,0,3,145,5,0,0,3,0,0,16,96,0,0,0,0,0,0,11,103,46,22,41,12,0,0,1,95,23,8,76,102,0,0,0,145,20,2,8,8,0,0,35,106,1,0,0,0,0,1,45,13,47,86,31,2,0,0,0,22,27,49,81,45,0,0,0,137,33,33,19,11,4,12,88,76,0,0,0,2,2,11,145,0,7,13,7,0,0,0,0,5,39,42,20,0,0,0,0,7,34,60,91,46,5,6,14,139,0,0,35,30,3,6,114
1,0,0,0,67,133,6,5,27,4,11,22,6,20,5,18,7,3,23,133,4,0,0,2,0,0,4,133,32,0,0,0,6,6,5,3,68,71,5,6,56,20,5,0,0,1,1,34,56,15,17,52,0,0,0,17,6,4,26,133,60,0,0,0,5,6,4,1,7,34,133,90,46,48,7,0,0,0,20,112,52,77,17,0,0,0,0,8,10,9,19,68,87,3,1,2,31,56,8,0,3,11,51,65,133,64,2,0,0,0,9,123,130,78,34,0,0,0,0,18,3,25,77,91,22,0,0,0
7,18,6,13,11,6,9,4,65,51,4,1,0,1,12,18,136,134,9,0,0,0,0,19,136,72,7,6,2,9,9,46,5,22,64,54,11,1,0,0,65,50,26,23,16,9,10,29,136,53,1,1,1,2,6,127,97,24,0,0,2,74,123,105,1,11,71,41,22,5,0,0,40,29,22,54,48,17,3,5,136,68,4,5,4,18,6,29,30,5,3,0,26,129,36,24,24,4,14,32,89,16,3,12,36,5,2,22,41,18,3,17,85,10,0,0,3,11,23,74,17,12,8,2,18,30,27,25
10,10,0,0,34,125,22,3,83,53,0,0,5,52,30,54,48,4,0,0,0,1,15,48,3,1,5,1,0,0,9,7,50,96,1,0,0,125,18,4,69,85,0,0,0,125,82,30,77,5,0,0,0,22,75,125,32,6,0,0,0,0,12,34,12,79,13,2,17,98,10,2,57,23,17,9,11,125,36,14,125,30,0,0,0,8,28,95,40,1,0,0,0,0,29,106,4,89,55,25,14,41,6,1,12,18,58,105,36,5,1,10,53,15,7,11,4,0,17,82,44,7,0,0,3,4,24,81
0,1,1,2,26,119,119,7,42,0,0,5,51,66,37,39,68,2,3,45,73,1,1,37,119,0,0,18,20,0,0,86,1,33,66,38,9,17,19,3,66,17,45,111,10,17,9,21,119,24,19,90,34,0,0,31,119,6,10,95,37,0,0,55,0,64,112,24,0,0,0,0,9,53,119,119,0,0,0,0,71,116,92,44,9,0,0,4,31,33,67,84,18,0,0,9,3,27,39,8,1,0,0,0,2,20,41,23,4,0,0,0,2,27,36,10,0,0,0,0,12,45,35,12,0,0,0,2
4,34,91,0,0,0,114,41,40,67,79,0,0,8,114,52,114,67,24,3,3,4,11,41,69,61,46,1,11,47,21,92,15,38,72,0,0,1,114,92,103,67,71,0,0,0,47,97,58,72,7,0,0,0,0,16,12,3,1,18,38,61,33,55,40,114,53,4,2,1,41,33,114,114,17,0,0,0,7,40,53,19,4,0,0,0,0,22,5,1,3,38,11,1,0,4,100,60,11,0,0,0,0,18,109,67,6,0,0,0,0,19,11,11,11,1,0,0,0,9,8,2,2,2,0,0,0,5
15,66,44,0,0,13,125,25,107,60,22,0,0,1,94,123,65,26,0,0,0,0,2,36,2,2,10,40,13,5,4,7,46,125,20,20,12,15,76,19,125,125,7,0,0,0,17,67,80,49,9,0,0,0,2,34,9,4,4,1,0,0,0,18,110,71,17,19,20,5,1,41,125,62,2,0,0,0,0,96,74,24,5,0,0,0,5,52,12,7,5,0,0,0,0,6,16,57,56,79,42,37,10,9,125,35,8,5,2,13,16,125,46,24,1,0,0,0,32,70,8,1,0,0,0,0,24,23
1,0,0,0,3,104,81,26,70,0,0,0,1,50,42,121,59,0,0,0,0,0,12,121,9,0,0,0,0,33,69,51,14,10,4,1,14,106,30,24,121,34,1,0,4,26,10,67,50,1,0,0,0,16,99,121,0,0,0,0,1,73,121,34,4,48,121,17,2,14,5,1,50,97,56,16,7,11,4,3,10,9,6,15,9,66,46,5,3,23,42,20,7,42,46,2,0,11,121,98,0,0,0,0,0,5,91,80,10,1,0,0,4,17,54,84,21,4,0,0,31,77,51,15,4,0,0,0
0,0,0,4,17,5,4,1,0,0,1,38,101,15,0,0,3,23,57,35,27,12,1,0,0,13,50,13,16,37,35,0,0,0,0,0,8,42,37,3,24,4,1,4,86,104,15,3,130,83,42,61,27,18,2,14,6,7,19,130,130,23,13,1,0,0,0,0,5,72,51,8,28,14,22,24,20,31,26,29,130,72,21,31,12,1,0,39,41,12,2,130,130,0,0,5,3,10,10,0,2,30,30,11,86,118,15,1,0,6,14,28,71,130,26,4,3,0,0,1,13,23,1,93,130,0,0,0
32,6,0,0,0,0,25,68,58,43,9,0,0,0,5,68,18,38,68,5,0,0,6,36,1,5,47,120,24,0,1,5,58,4,0,0,0,1,68,91,32,1,0,0,0,0,124,124,75,4,0,0,0,0,55,124,36,4,3,26,7,0,4,39,19,25,6,1,0,11,124,27,124,91,0,0,0,1,77,49,124,64,0,0,0,0,5,39,111,18,0,0,0,0,0,5,7,84,58,8,0,1,6,2,95,122,4,0,0,0,0,11,124,59,0,0,0,0,0,15,69,16,0,0,0,0,2,13
39,15,7,5,8,4,0,55,87,67,16,0,0,0,0,52,100,84,20,0,0,0,0,7,2,16,51,37,14,0,0,0,20,16,109,53,3,0,0,39,121,55,58,0,0,0,0,104,121,66,9,0,0,0,0,46,32,26,34,69,19,0,0,0,7,69,121,12,0,0,0,0,19,121,121,0,0,0,0,2,121,121,48,0,0,0,0,5,45,21,5,12,28,22,0,1,45,115,44,0,0,0,0,0,1,106,99,0,0,0,0,0,2,74,51,1,0,0,0,0,3,10,8,11,80,28,0,0
0,2,20,44,122,72,8,0,26,66,59,20,12,5,6,1,67,108,44,0,0,0,0,0,20,60,33,2,0,0,0,1,5,0,4,122,122,44,30,12,122,69,22,22,15,6,24,25,55,114,25,0,0,0,0,3,18,14,7,3,0,0,0,3,8,2,1,116,122,57,92,101,122,18,3,28,54,12,4,57,58,13,8,0,0,0,0,81,10,10,2,0,0,0,0,5,30,41,3,0,7,61,53,53,22,2,0,1,6,54,55,113,40,0,0,0,0,0,8,122,14,0,0,0,0,0,12,41
0,0,0,31,68,5,0,0,1,15,46,33,23,6,0,0,0,18,63,7,11,31,22,0,0,5,24,5,3,39,72,0,7,0,0,2,69,64,6,1,90,69,34,28,19,20,2,6,8,17,32,127,104,26,11,0,0,0,0,45,76,45,54,0,11,3,11,15,26,37,14,8,127,35,16,19,7,3,0,40,63,12,6,127,127,0,0,13,0,0,0,124,127,0,0,0,34,30,8,3,0,4,16,29,85,127,23,2,0,0,0,7,45,43,2,67,127,0,0,1,0,2,7,104,127,0,0,0
53,32,1,0,0,0,3,2,138,138,0,0,0,1,0,1,104,77,0,0,6,68,39,2,1,0,0,0,1,79,128,1,86,60,53,28,0,0,0,0,138,77,1,0,6,15,6,17,63,5,0,0,100,138,28,13,5,0,0,8,28,74,66,23,24,24,86,44,0,0,15,19,129,28,20,2,3,30,46,66,10,35,17,2,48,138,39,17,12,45,37,12,9,9,2,13,1,1,4,1,0,0,45,50,32,13,5,0,0,3,32,47,29,87,20,0,1,5,3,2,2,36,34,13,0,0,0,0
11,2,5,29,12,1,15,31,115,1,0,2,1,2,14,70,182,0,0,0,1,0,0,119,17,0,0,0,19,6,0,6,5,1,4,39,27,5,26,19,101,7,5,24,10,5,31,65,182,11,0,0,0,2,5,115,41,0,0,0,6,25,10,15,26,12,13,13,4,2,11,17,100,54,30,45,2,1,9,19,182,104,5,1,1,2,2,19,33,4,2,1,3,13,12,13,3,4,8,11,24,10,11,10,133,9,4,6,4,4,14,52,182,15,0,0,0,0,0,54,20,8,13,2,1,0,0,16
22,0,0,0,3,6,3,35,121,15,0,0,0,0,0,51,121,34,0,0,0,2,7,51,121,89,0,0,5,26,20,30,39,7,0,1,6,2,0,6,121,22,1,0,0,0,0,59,121,25,0,0,0,0,0,117,121,30,0,0,3,2,6,121,48,19,20,10,5,0,0,0,116,83,9,0,0,0,0,6,121,121,1,0,5,7,1,20,118,26,0,1,29,34,6,66,26,16,14,18,5,0,0,1,121,28,2,3,1,0,0,19,121,39,0,0,10,18,9,17,35,1,0,0,34,55,14,49
2,3,5,6,26,11,3,3,11,3,2,1,7,6,12,23,32,11,3,20,89,14,6,37,5,19,4,42,141,6,0,0,0,3,8,15,27,18,5,0,42,5,3,10,35,29,6,8,141,71,19,81,50,2,1,8,22,38,20,141,141,0,0,0,0,2,9,69,22,7,2,0,40,5,4,43,33,2,1,5,141,19,3,32,39,3,1,90,31,6,3,111,141,14,3,21,0,0,13,141,18,0,0,0,4,0,3,79,12,0,0,1,97,20,5,18,10,6,4,88,22,10,3,30,141,28,7,34
26,10,1,0,0,0,51,106,15,11,7,3,0,0,34,106,7,2,13,110,18,0,4,18,0,14,119,125,7,0,0,0,61,12,0,0,0,2,125,100,125,12,0,0,0,0,27,125,103,12,5,5,0,0,1,22,22,22,67,20,0,0,0,0,125,104,0,0,0,0,12,11,125,51,0,0,0,0,0,5,125,14,0,0,0,0,0,8,48,13,0,0,0,0,0,6,67,46,0,0,0,0,6,36,125,20,0,0,0,0,7,90,46,7,0,0,0,0,43,67,19,0,0,0,0,0,9,68
24,1,1,2,7,12,6,15,32,44,55,12,2,0,0,7,2,47,100,5,0,0,0,0,0,24,58,3,0,0,0,0,64,5,0,0,0,1,2,9,152,138,51,0,0,0,0,10,20,56,152,29,0,0,0,1,0,3,152,29,0,0,0,0,77,6,0,0,0,0,0,5,152,28,6,0,0,0,0,76,138,24,84,7,0,0,0,34,0,1,121,9,0,0,0,0,53,14,1,0,0,0,0,2,152,14,0,0,0,0,0,62,152,2,0,0,0,0,0,62,3,3,4,0,0,0,0,0
0,0,62,28,9,119,143,0,11,0,14,44,54,117,94,23,7,0,1,6,115,43,19,9,1,0,0,0,19,21,60,3,12,0,0,0,0,63,143,19,143,10,0,0,10,33,115,74,49,3,0,5,143,23,1,9,5,1,0,6,34,4,0,2,71,11,0,0,0,4,37,13,143,33,0,0,6,13,10,26,31,1,0,2,96,76,8,8,2,2,1,4,19,14,7,0,87,22,0,7,5,1,0,1,143,21,0,0,0,20,28,18,4,0,0,0,8,62,29,8,1,0,0,0,7,21,11,3
39,27,11,17,0,0,0,7,129,61,0,0,5,2,1,32,67,9,0,7,74,38,44,64,2,0,1,99,41,5,28,116,46,14,42,55,1,1,1,8,129,103,5,16,14,0,4,30,45,29,4,72,129,13,15,22,35,9,5,34,42,4,19,129,40,9,15,44,23,7,6,45,116,8,4,23,21,3,55,129,14,1,2,66,97,11,91,129,22,9,6,44,56,9,14,28,20,26,11,37,29,3,0,3,5,10,30,32,19,0,9,19,37,22,25,10,9,2,23,80,15,8,4,53,48,8,12,18
17,21,132,42,0,0,10,13,132,53,86,9,0,4,24,75,57,32,6,2,80,132,58,64,14,113,31,6,26,22,2,9,4,2,27,4,0,3,107,52,14,14,32,4,0,3,132,73,131,54,6,1,3,14,52,53,81,87,12,4,0,0,0,0,3,2,10,9,2,4,16,14,49,10,7,2,1,2,25,23,132,42,0,0,0,0,5,35,96,35,1,0,0,0,0,4,4,1,8,6,3,1,22,60,29,8,18,12,9,5,13,33,132,12,6,2,0,0,2,89,77,4,0,0,0,0,1,40
72,36,2,12,56,21,0,1,7,49,23,50,125,81,0,1,33,125,63,1,2,8,0,1,5,117,95,0,0,0,0,0,54,44,3,37,33,3,0,4,25,14,17,110,125,16,1,5,125,61,4,2,14,3,1,10,40,43,7,6,3,0,0,0,44,3,0,1,14,51,73,61,37,1,0,3,123,125,30,10,125,12,0,0,12,8,4,44,43,5,0,2,3,7,31,15,5,4,2,0,6,39,48,23,25,0,0,0,10,69,17,13,125,0,0,0,3,11,9,84,13,0,0,3,19,55,112,18
2,1,0,0,27,121,18,1,24,1,1,1,7,24,7,57,113,56,3,2,3,0,0,29,39,30,0,2,65,39,4,0,9,0,0,3,95,47,10,14,52,1,0,0,12,40,25,54,148,45,0,0,14,7,6,51,32,14,0,2,148,67,1,1,1,0,0,0,84,65,18,14,100,16,0,0,12,27,31,27,148,37,0,0,27,11,1,15,25,1,0,7,148,37,0,3,1,1,0,2,49,32,1,0,135,14,0,0,1,1,2,4,148,29,0,0,34,5,0,0,10,1,0,6,144,21,0,0
3,0,0,0,30,10,2,1,124,1,0,0,0,0,1,23,140,0,0,3,20,0,0,37,11,0,0,16,117,5,0,1,2,7,2,22,31,0,0,0,112,14,7,0,0,0,0,19,140,6,0,6,16,0,0,31,24,1,0,37,140,4,0,2,6,5,3,62,24,0,0,1,87,45,12,4,1,0,0,3,140,44,1,2,5,0,0,25,30,4,12,49,113,2,0,11,6,16,90,38,15,0,0,2,50,101,130,10,2,0,0,1,88,140,61,0,0,0,0,2,9,66,140,34,11,0,0,2
19,0,0,0,0,0,9,134,0,0,0,0,1,4,26,16,1,0,0,0,19,12,18,8,0,0,0,36,143,17,0,0,90,1,0,0,0,0,7,143,24,1,0,0,0,0,52,80,19,3,0,2,6,4,27,19,1,1,1,131,143,3,1,0,143,5,0,0,0,0,8,121,137,30,0,0,0,0,3,33,33,29,0,0,1,2,1,3,2,1,0,25,125,32,2,0,143,32,0,0,0,0,0,13,143,10,0,0,0,0,0,32,10,7,0,0,3,6,1,16,0,0,0,0,143,22,0,0
57,5,0,0,6,12,15,12,154,8,0,0,8,3,0,21,30,0,0,10,154,15,0,5,0,0,0,28,90,3,0,0,104,3,0,0,0,0,3,9,154,4,0,1,14,0,0,12,42,1,1,14,154,15,0,0,0,0,0,30,91,9,4,1,90,9,4,0,0,0,0,7,154,16,0,2,14,1,0,9,42,3,0,14,154,16,0,1,0,0,0,20,93,13,1,0,52,33,10,1,0,0,0,0,154,42,0,2,7,0,0,8,29,2,0,30,153,2,0,4,0,0,3,16,76,5,0,0
96,20,0,0,3,1,5,11,44,4,3,0,0,1,32,58,117,12,5,2,3,3,16,161,48,8,55,67,22,16,20,161,56,36,0,1,11,10,4,8,104,15,8,6,9,8,6,27,28,5,8,15,57,19,23,161,54,3,7,12,13,8,79,161,44,42,13,1,9,9,10,25,79,58,23,5,16,14,5,8,17,33,53,20,52,27,4,7,18,12,44,21,3,0,17,104,100,71,5,2,7,4,3,8,34,36,11,9,46,11,2,1,73,82,31,37,3,2,0,0,1,9,81,61,2,0,0,0
10,65,20,0,0,0,0,0,4,77,84,2,0,0,0,0,10,122,111,5,3,0,0,0,0,27,97,56,56,19,0,0,10,122,68,4,5,5,2,2,28,71,102,25,46,15,1,3,122,92,22,4,44,15,0,18,8,20,12,22,122,101,0,1,22,51,4,0,4,21,80,44,35,26,6,3,35,42,30,13,122,45,3,15,40,4,0,16,12,17,27,122,122,9,0,2,1,0,0,0,2,3,41,31,72,11,0,0,0,0,12,82,104,37,2,5,1,0,0,27,14,5,10,82,54,4,0,1
20,0,0,3,25,33,15,95,128,0,0,0,0,0,4,146,37,0,0,0,0,0,14,146,18,0,0,0,1,6,13,55,40,2,0,16,34,26,3,20,146,28,0,0,2,4,2,72,78,11,0,1,15,40,19,110,17,0,0,0,3,54,64,113,43,10,2,49,49,0,0,1,146,24,1,3,11,18,3,40,62,2,1,8,50,97,19,61,27,0,0,0,19,84,33,74,10,1,1,25,39,9,0,3,121,2,1,4,8,4,2,130,34,3,25,31,24,4,2,69,4,1,19,19,46,26,8,13
93,28,3,11,2,0,0,4,108,18,1,2,12,24,16,19,75,87,26,5,10,6,3,4,90,48,25,8,0,0,0,6,75,34,8,27,8,1,0,4,111,20,1,0,32,36,17,32,133,100,19,1,2,4,11,53,54,69,40,27,1,0,8,10,25,8,1,6,6,11,19,19,89,103,10,2,28,18,25,27,133,133,11,2,5,4,21,39,133,60,10,4,6,2,25,30,11,2,8,20,12,12,8,4,133,79,4,10,6,4,7,16,102,66,10,15,53,11,2,10,133,30,1,10,18,6,2,11
28,4,2,0,1,0,0,21,135,71,3,1,0,0,0,11,119,26,5,28,4,0,32,135,5,6,60,124,7,0,27,71,62,3,0,2,2,0,0,28,135,109,12,13,3,0,0,17,47,39,21,86,39,10,16,42,47,3,4,4,3,2,29,127,74,0,0,0,1,0,2,23,135,6,0,2,3,14,18,84,39,3,1,14,51,135,46,31,4,0,0,0,5,39,105,43,68,2,0,0,0,0,0,12,135,0,0,0,0,7,13,68,10,0,4,4,5,58,24,17,0,0,9,14,7,22,13,0
87,2,2,9,7,1,0,33,130,29,8,14,12,4,10,43,130,19,0,0,14,32,30,59,130,17,0,0,2,15,22,92,54,1,0,1,5,6,6,62,58,3,2,1,4,37,45,94,130,30,0,0,0,5,35,106,130,41,0,0,0,3,37,95,55,35,0,1,9,5,3,8,95,38,0,5,36,15,3,10,130,38,0,0,1,1,20,42,83,5,2,0,0,1,58,130,78,29,1,1,11,1,1,5,69,61,3,7,37,1,0,1,100,43,0,0,6,10,15,23,63,16,13,6,4,2,12,33
1,1,0,0,0,0,0,1,7,3,0,0,0,3,5,4,70,48,0,0,0,1,0,4,71,21,0,0,0,3,1,17,10,6,3,1,2,2,10,34,79,12,2,6,5,15,32,27,151,151,0,0,0,2,6,33,151,75,0,0,0,1,2,49,40,6,1,3,5,0,2,28,126,22,9,34,8,2,1,13,151,13,0,4,1,1,17,107,116,3,0,0,0,1,23,151,45,7,5,3,0,0,0,4,95,14,4,25,19,0,0,19,151,1,1,9,16,5,7,73,93,0,0,0,14,10,15,131
12,15,4,10,2,0,0,0,75,108,6,2,0,0,0,1,144,144,8,0,2,1,0,1,48,77,10,1,5,6,2,12,31,80,5,1,0,0,0,0,108,98,5,4,20,10,5,20,144,46,0,0,13,19,8,54,41,6,0,0,24,63,20,33,43,85,27,4,5,3,2,2,73,108,14,15,43,11,3,5,144,105,3,1,10,41,18,39,74,33,0,0,9,82,28,16,31,14,5,3,20,21,11,5,118,110,0,0,1,9,10,6,52,71,0,0,11,49,14,3,70,57,1,2,8,15,2,12
56,74,4,0,0,0,0,3,145,145,1,0,0,0,0,1,54,54,11,1,0,0,0,0,17,8,0,0,0,0,0,0,145,72,0,0,0,0,0,9,145,105,1,0,0,0,0,21,99,70,22,3,0,0,0,6,73,43,0,0,0,0,0,0,138,37,0,0,0,0,0,12,145,22,0,0,0,0,0,65,140,74,3,0,0,0,0,32,27,28,0,0,0,0,0,0,80,23,12,13,0,0,0,8,145,25,0,0,0,0,0,42,119,36,0,0,0,0,0,44,1,3,0,0,0,0,0,0
0,0,0,0,1,0,0,0,1,0,2,12,95,32,0,0,31,61,7,6,46,15,0,0,63,104,1,0,0,0,0,2,0,0,0,0,1,0,0,0,17,0,0,0,78,84,2,4,147,69,0,0,13,21,2,13,133,147,0,0,0,0,0,2,0,0,0,0,0,0,0,0,32,5,0,0,35,35,1,2,147,69,0,0,5,4,0,38,147,147,3,0,0,0,0,10,0,0,0,0,0,0,0,0,30,44,0,0,0,2,0,0,147,147,1,0,0,0,0,3,62,147,26,0,0,0,0,0
39,11,8,4,1,0,24,134,61,3,0,0,0,0,80,134,119,30,14,14,1,1,13,65,12,28,104,134,3,5,1,0,32,21,10,10,6,13,22,26,134,75,1,0,0,0,6,69,134,30,0,0,0,1,41,118,16,9,1,5,2,36,53,39,110,3,0,0,0,8,27,65,128,14,0,0,0,0,39,120,18,1,0,0,0,0,98,128,0,0,0,0,0,3,29,33,90,0,0,0,0,0,3,51,9,0,0,0,0,0,8,33,0,0,0,0,0,0,3,3,0,0,0,0,0,0,0,0
0,0,0,0,0,0,0,0,14,1,0,0,0,0,0,12,104,3,0,0,0,0,0,52,159,5,0,5,20,2,1,20,6,0,0,0,0,0,0,1,130,12,0,0,0,0,0,11,159,38,0,0,0,0,0,8,159,8,0,3,35,0,0,7,23,0,0,0,0,0,0,6,159,1,0,0,0,0,0,28,159,13,0,0,0,0,0,11,159,6,0,6,26,0,0,10,21,0,0,0,0,0,0,4,159,0,0,0,0,0,0,26,131,0,0,0,0,0,0,36,159,0,0,3,9,0,0,43
0,0,0,0,0,0,0,2,58,7,0,0,0,0,0,16,157,15,0,0,1,1,1,13,68,1,0,0,10,18,81,92,16,1,0,0,0,0,0,10,96,5,0,0,0,0,0,42,157,10,0,4,15,1,0,16,24,4,0,22,157,37,46,13,84,11,0,0,0,0,0,4,111,32,0,0,0,0,0,2,157,15,0,1,22,0,0,1,29,1,0,8,157,24,0,0,102,1,0,0,0,0,0,8,104,10,0,0,0,0,0,3,157,11,0,3,15,0,0,2,23,1,0,38,157,8,0,0
14,0,0,0,0,0,0,1,149,11,0,0,0,0,0,1,109,16,0,0,0,0,0,1,150,47,0,0,2,0,0,0,28,2,0,0,1,1,0,1,150,14,0,0,0,0,0,1,148,4,0,0,0,0,0,12,150,21,0,0,4,0,0,2,38,0,0,0,2,2,0,2,150,2,0,0,0,0,0,3,150,2,0,0,0,0,0,10,150,20,0,0,7,0,0,1,30,0,0,0,0,1,2,3,149,3,0,0,0,0,0,7,127,3,0,0,0,0,0,12,150,17,0,0,9,3,0,1
13,1,0,0,2,1,0,1,139,16,0,0,0,0,0,0,124,7,0,0,0,0,0,6,149,29,0,0,6,0,0,1,27,0,0,0,3,3,0,1,149,8,0,0,0,0,0,2,149,8,0,0,0,0,0,7,149,35,0,0,15,2,0,0,32,1,0,0,0,3,3,2,149,11,0,0,0,0,0,4,149,12,0,0,0,0,0,11,149,35,0,0,25,10,0,0,28,5,0,0,0,0,0,0,122,15,0,0,0,0,0,2,149,16,0,0,0,0,0,4,149,26,0,0,47,15,0,0
2,0,0,12,17,1,0,6,15,1,0,25,39,4,0,5,62,3,0,1,0,0,0,10,5,0,1,5,4,0,0,1,49,0,0,9,9,0,1,98,10,3,1,40,49,0,0,2,65,6,0,4,2,0,0,6,12,0,0,1,2,1,0,1,175,0,0,0,2,0,0,175,14,1,0,18,38,2,0,19,43,4,0,5,6,0,0,8,11,0,0,0,4,3,3,4,175,0,0,0,0,0,29,175,33,0,0,0,11,27,175,88,7,0,0,0,3,24,175,20,1,0,0,0,0,20,175,8
2,6,25,12,1,0,0,0,0,0,92,79,19,2,0,0,4,12,166,166,8,0,0,0,1,13,166,166,166,0,0,0,2,6,0,0,8,4,0,0,4,0,0,1,39,25,0,1,43,12,1,4,15,4,0,3,3,2,1,102,166,0,0,0,2,0,0,0,18,8,0,1,15,0,0,0,45,36,1,3,77,7,0,3,8,3,1,5,4,1,0,89,166,0,0,0,2,0,0,0,23,12,1,1,19,5,1,2,45,19,0,2,65,7,0,0,2,1,0,9,3,0,0,54,79,0,0,1
146,9,5,1,0,0,0,44,13,10,10,4,0,0,0,1,35,7,0,0,0,0,0,8,8,4,0,0,0,0,0,4,189,0,0,0,0,0,0,178,17,1,0,1,0,3,4,17,44,2,0,0,0,0,0,13,15,4,0,0,0,0,0,5,189,0,0,0,0,0,0,189,60,12,2,0,0,0,1,19,44,12,0,0,0,0,0,2,22,7,0,0,0,0,0,4,189,0,0,0,0,0,0,189,105,4,0,0,0,0,1,52,11,2,0,0,0,1,8,16,6,0,0,0,0,0,8,28
19,0,0,0,2,2,1,2,162,0,0,0,0,0,0,9,117,0,0,0,0,0,0,14,162,11,0,0,2,0,0,2,28,1,0,0,0,3,4,3,162,8,0,0,0,0,0,5,159,3,0,0,0,0,0,13,162,16,0,0,7,3,0,2,20,3,0,0,0,0,0,0,147,14,0,0,0,0,0,3,162,4,0,0,0,0,0,15,162,17,0,0,15,4,0,2,0,0,0,0,0,0,0,0,12,2,0,0,0,0,0,0,108,4,0,0,0,0,0,8,162,13,0,1,12,6,0,5
1,131,131,10,0,0,0,0,7,131,131,5,0,0,0,1,12,79,109,91,0,0,0,1,26,3,30,131,14,0,0,24,28,129,125,47,11,0,0,0,16,28,54,86,43,1,0,8,92,24,14,21,4,0,0,23,10,2,7,131,95,0,0,3,60,21,5,19,31,6,9,52,3,8,36,85,63,3,1,1,37,48,34,11,3,4,7,4,7,3,0,43,74,15,9,2,79,6,2,1,3,1,4,64,11,6,37,28,13,1,0,3,0,2,11,28,60,25,23,3,0,0,1,3,24,64,48,6
131,84,9,1,0,0,0,0,6,25,36,38,0,3,3,0,51,39,14,7,0,0,5,20,14,2,0,0,21,19,10,17,131,26,0,0,5,6,0,14,8,2,1,2,25,62,29,10,52,12,1,0,1,8,30,58,19,14,4,12,41,12,3,12,130,1,0,0,5,12,14,113,12,3,0,2,48,55,28,17,127,25,0,0,4,5,16,54,31,15,3,12,48,65,25,13,33,0,0,0,0,9,131,131,1,0,0,0,1,53,131,31,14,0,0,0,0,10,131,131,2,0,0,0,17,131,131,25
0,0,1,0,0,89,128,2,84,5,0,0,0,74,78,29,180,8,0,0,0,0,7,42,43,4,0,0,0,0,1,5,32,27,2,0,0,18,62,20,160,35,9,0,0,4,10,11,180,7,0,0,0,0,0,27,67,5,1,0,0,0,0,3,43,81,10,0,0,0,0,1,107,47,22,0,0,0,0,2,180,11,0,0,0,0,0,19,84,3,0,0,0,0,0,3,31,33,1,0,0,0,0,0,69,7,1,0,0,0,0,9,180,1,0,0,0,0,0,35,73,0,0,0,0,0,0,9
0,205,205,8,0,0,0,0,1,205,205,0,0,0,0,0,1,178,191,1,0,0,0,0,0,25,47,16,3,0,0,0,1,76,110,0,0,0,0,0,4,31,29,3,0,0,0,1,14,7,3,0,0,0,0,3,1,0,1,13,13,0,0,0,5,2,1,0,0,0,0,10,2,1,5,5,0,0,0,1,13,3,1,0,0,0,0,2,2,0,0,6,6,0,0,1,6,0,0,0,0,0,0,18,1,0,0,0,0,0,2,9,1,0,0,0,0,0,3,4,1,0,0,1,0,0,2,5
1,37,133,23,1,0,0,0,43,25,55,94,17,0,3,4,133,125,6,3,1,0,0,7,23,70,60,13,5,0,0,0,4,16,38,17,9,10,70,34,51,10,14,60,108,44,18,12,133,49,3,3,9,3,2,82,48,24,9,6,9,32,35,37,6,61,57,0,0,4,44,20,16,66,133,20,21,21,13,4,133,133,36,2,2,0,0,23,25,75,73,32,4,12,12,13,29,46,16,0,0,2,8,8,31,20,32,2,3,12,11,11,133,71,6,0,0,0,0,12,59,55,33,18,5,0,0,2
25,19,0,0,0,14,14,15,95,31,0,0,0,0,13,48,138,24,0,0,0,0,10,51,32,9,0,11,108,2,1,4,44,10,7,4,0,0,6,42,71,21,4,0,0,2,36,78,138,19,0,0,1,0,2,79,59,6,0,9,138,0,0,1,21,35,80,33,0,0,0,9,43,136,76,1,0,1,4,11,138,125,10,0,2,0,0,11,55,10,0,8,138,0,0,0,50,36,47,5,0,1,12,13,36,40,40,3,6,8,14,10,138,37,1,0,3,0,0,8,32,5,0,6,137,0,0,0
24,4,0,0,0,41,38,23,68,59,0,0,0,41,21,7,107,130,0,0,0,0,0,0,39,56,2,2,6,0,0,0,33,2,0,0,0,66,56,23,130,83,0,0,0,9,15,31,116,117,1,0,0,0,0,15,47,21,1,2,4,1,1,7,38,111,17,0,6,48,14,4,130,67,14,0,0,0,3,106,68,13,0,0,0,0,7,130,47,9,0,0,0,0,0,49,2,130,89,5,2,1,0,0,14,31,98,46,5,0,0,19,96,19,10,9,1,0,0,95,112,20,0,0,0,0,0,33
3,11,16,7,2,5,3,8,0,10,3,1,76,101,0,0,62,79,0,0,95,88,1,0,72,121,4,6,15,8,2,1,8,0,0,0,1,42,69,32,15,2,0,0,77,126,21,3,126,81,0,0,30,55,6,25,57,34,0,0,6,104,23,14,0,0,4,39,40,68,51,4,34,29,1,2,37,126,13,2,126,23,0,0,1,29,25,55,17,0,0,0,6,126,43,25,0,1,6,75,126,11,0,0,6,66,18,21,40,8,0,0,16,21,4,13,28,46,21,10,18,1,0,2,41,126,24,19
14,2,0,0,14,15,32,48,14,0,0,1,59,28,15,47,70,21,1,0,2,3,45,101,9,33,18,2,0,1,43,20,113,53,18,18,6,0,2,21,42,10,16,107,75,3,0,3,129,70,3,11,6,0,0,8,34,70,38,12,0,0,0,0,129,76,24,21,0,0,0,0,27,22,34,129,65,0,0,1,129,10,2,53,41,0,0,57,85,6,2,1,8,8,0,16,124,49,15,26,4,0,0,5,32,15,6,77,129,1,0,4,116,1,0,42,109,0,0,64,58,0,0,0,13,7,6,73
83,4,0,0,0,1,19,104,28,5,0,0,0,21,63,53,7,3,0,0,0,88,70,6,21,32,0,0,0,24,12,2,46,0,0,0,0,0,68,129,11,0,0,0,0,28,129,78,122,17,0,0,0,26,65,35,72,57,0,0,0,0,1,7,23,1,2,4,13,16,93,122,129,25,0,0,0,1,87,102,129,27,0,0,0,0,6,31,58,3,0,0,0,2,38,45,82,22,0,1,11,46,11,10,129,28,0,0,0,0,1,34,103,4,0,0,0,12,39,48,7,0,0,0,0,27,107,31
63,8,7,1,0,0,12,45,186,4,0,0,0,0,1,42,144,0,0,0,0,0,0,12,0,0,0,0,0,0,0,0,57,54,60,9,0,0,0,2,186,60,6,0,0,0,0,13,163,1,0,0,0,0,3,21,0,0,0,0,0,0,0,0,16,130,143,1,0,0,0,0,186,119,47,0,0,0,17,45,55,1,0,0,0,0,35,50,0,0,0,0,0,0,0,0,0,48,76,1,0,34,30,0,9,19,22,1,0,66,83,6,1,0,0,0,0,10,34,4,0,0,0,0,0,0,0,0
199,199,0,0,0,0,0,0,127,199,3,0,0,0,0,4,11,37,45,17,0,0,0,1,6,11,79,36,0,0,0,2,143,199,16,0,0,0,0,0,65,51,16,1,0,0,0,14,106,28,6,0,0,0,0,15,16,11,21,32,2,0,0,6,45,126,17,2,0,0,1,1,10,33,36,6,0,0,0,0,67,37,7,0,0,0,0,14,13,0,0,1,1,0,6,28,19,10,1,1,0,0,4,9,34,31,5,0,0,0,0,3,8,28,13,2,0,0,0,2,1,1,7,3,0,0,3,8
0,0,0,2,4,17,67,22,3,2,0,0,31,77,76,23,3,16,7,8,90,77,28,11,3,21,12,10,8,27,29,3,0,0,0,1,4,64,118,6,11,0,0,0,44,126,126,18,116,27,8,6,9,79,82,71,10,10,18,58,23,38,31,5,10,34,15,11,17,25,44,15,50,12,14,48,126,97,10,8,126,38,10,7,18,21,21,67,15,7,10,29,27,85,28,19,21,112,41,39,13,5,0,1,8,13,57,126,73,48,6,0,40,15,28,25,12,45,51,36,2,2,1,0,3,28,84,32
77,56,6,2,3,15,24,15,57,12,0,3,11,37,122,94,14,6,7,7,58,51,55,49,26,82,8,3,10,3,0,4,26,72,68,48,10,6,4,2,48,7,25,122,72,21,32,67,122,62,15,15,4,1,6,96,36,122,14,1,0,0,1,1,78,37,16,18,8,7,29,25,20,33,50,122,89,14,19,10,122,122,47,30,5,0,0,9,31,96,47,0,0,0,0,3,22,34,0,0,1,19,41,19,30,60,17,8,12,10,18,12,94,31,16,4,12,9,6,73,46,13,12,6,4,0,1,58
0,0,0,0,12,100,87,17,8,10,4,3,45,92,59,30,4,16,9,12,12,53,54,6,0,1,3,9,12,46,50,0,16,0,0,0,76,123,72,12,123,40,9,4,12,61,60,71,28,21,32,97,36,42,19,8,0,6,42,31,12,43,28,0,33,14,27,86,123,42,1,3,123,34,17,12,18,12,25,80,21,5,4,12,27,122,59,39,0,5,21,19,18,75,21,1,1,7,40,123,60,68,8,0,17,11,27,29,19,76,56,20,3,4,1,0,2,23,123,46,5,18,11,5,1,5,60,21
2,197,197,3,1,1,0,0,0,197,197,0,0,0,0,0,8,197,197,0,0,0,0,0,2,64,51,1,2,0,0,0,27,104,28,0,0,0,0,0,5,15,20,0,5,11,0,1,37,5,2,0,0,2,1,4,9,2,0,0,3,8,0,1,40,2,0,0,1,3,2,23,8,1,0,0,8,14,4,4,33,3,0,0,0,1,1,7,4,0,0,0,1,9,2,3,27,22,2,3,2,2,1,9,10,3,1,4,5,6,3,5,18,4,0,0,0,0,1,10,1,0,0,0,0,7,2,3
99,7,0,1,40,15,5,9,39,1,0,12,139,15,0,3,139,3,0,2,9,1,0,15,29,2,1,13,19,0,0,2,48,20,0,10,53,3,0,0,45,1,0,36,139,11,0,5,139,26,0,3,16,1,0,12,35,14,1,13,33,3,0,0,10,1,0,11,22,9,42,17,34,2,0,43,139,60,13,11,139,18,0,4,24,11,11,94,23,5,0,1,28,79,20,17,3,1,1,0,1,19,139,33,11,1,1,5,35,139,68,16,89,2,0,0,5,21,31,139,7,0,0,0,8,84,58,37
173,2,0,0,0,0,0,29,53,4,1,0,0,0,4,16,0,0,4,0,0,0,9,1,0,0,3,2,0,3,5,0,173,3,0,0,0,0,0,57,66,4,0,0,0,0,12,41,0,0,0,0,0,0,26,9,0,0,0,0,1,13,21,0,173,19,0,0,0,0,0,9,75,26,10,0,0,1,6,7,0,2,9,2,3,39,20,2,0,0,0,0,3,51,68,0,173,2,0,0,0,2,21,49,34,1,0,0,0,25,168,23,0,0,0,0,5,161,130,0,0,0,0,0,2,91,155,10
0,139,139,0,0,0,0,0,0,139,139,0,0,0,0,0,3,139,139,0,0,0,0,0,0,65,83,2,0,0,0,0,38,139,117,1,0,0,0,27,4,59,96,13,2,0,0,0,30,38,11,1,0,0,0,4,7,5,2,3,2,0,0,2,101,2,0,0,0,0,13,139,6,1,1,10,6,1,20,43,22,1,0,2,0,0,0,10,10,0,0,0,1,0,0,8,42,0,0,0,0,0,51,139,52,0,0,0,0,0,34,139,8,0,0,0,0,0,11,39,4,0,0,0,0,0,1,22
0,4,51,27,88,128,12,0,114,6,7,34,97,60,3,47,159,2,0,0,0,0,0,85,19,0,0,0,0,0,0,6,7,2,1,1,74,115,89,7,109,12,10,25,42,24,1,12,159,8,1,1,2,0,0,48,39,0,0,0,0,0,3,9,32,18,15,33,7,15,30,9,118,34,4,21,46,6,1,5,159,42,0,1,3,0,0,6,44,2,0,1,0,0,0,3,7,26,61,55,2,0,0,0,58,40,31,50,25,0,0,1,159,25,5,3,1,0,0,60,26,0,0,0,0,0,2,25
10,0,0,0,9,23,5,22,156,8,0,0,1,8,4,92,156,5,0,0,0,3,14,108,6,0,0,0,73,84,29,29,36,3,0,0,2,19,2,5,156,59,0,0,0,6,1,18,156,27,0,0,0,11,28,43,1,0,0,0,47,102,46,13,64,3,0,0,0,0,0,4,156,13,0,0,0,0,0,78,92,2,0,0,6,33,14,61,0,0,0,6,38,60,14,0,34,0,0,0,0,0,0,10,156,0,0,0,0,0,0,89,91,0,0,0,9,9,4,75,0,8,7,3,23,18,2,1
16,7,0,0,0,0,0,11,9,24,12,9,10,13,2,4,27,144,33,1,1,3,1,7,4,144,86,0,0,0,0,1,24,17,0,0,0,16,33,5,58,22,10,5,0,30,75,35,144,137,16,0,0,1,9,51,29,66,26,0,1,56,21,4,2,1,11,5,1,50,65,2,144,19,3,0,0,21,47,20,144,42,0,0,10,34,12,36,19,1,0,1,21,144,59,5,7,8,84,20,0,3,1,1,93,35,93,10,0,0,0,6,144,16,6,0,22,37,16,64,5,21,6,2,40,63,13,6
0,0,0,0,0,0,92,68,8,2,3,7,3,0,21,33,0,1,9,44,46,7,0,0,0,28,44,19,26,35,0,0,67,12,0,0,0,0,77,117,127,35,17,9,3,6,15,80,23,25,26,64,69,52,2,2,40,127,41,12,16,10,1,1,121,65,0,0,0,0,0,4,127,44,2,1,2,34,28,51,19,127,19,4,30,119,20,10,34,127,6,0,2,5,0,1,111,50,0,0,0,0,0,0,117,125,2,0,0,2,5,13,22,127,17,1,1,2,2,1,0,24,3,2,8,1,0,2
5,0,0,0,0,15,63,39,9,0,0,0,0,11,115,74,17,0,0,0,0,10,115,100,46,0,0,0,0,0,14,103,0,0,0,2,17,66,67,37,8,1,0,0,0,60,115,50,115,4,0,0,0,18,65,105,115,0,0,0,0,0,2,115,0,0,37,114,31,12,11,8,18,47,66,16,0,28,27,7,115,64,7,0,0,3,13,32,45,0,0,0,0,1,74,115,0,0,90,115,4,0,0,0,0,17,115,81,2,0,0,0,7,18,16,33,16,12,16,4,0,4,9,6,2,14,61,9
11,13,7,4,1,13,31,7,139,113,16,2,0,3,13,34,60,145,52,0,0,9,4,5,0,26,25,3,41,60,18,0,37,4,0,0,0,36,73,13,145,49,0,0,1,7,17,44,122,14,0,0,10,135,60,13,0,0,2,3,13,145,74,0,46,21,82,15,0,1,4,1,145,34,15,0,8,16,8,55,50,10,1,0,78,145,30,27,2,16,35,17,15,41,12,2,8,11,68,6,0,0,17,19,51,24,27,0,0,6,38,41,33,48,4,0,13,30,18,19,6,40,42,2,0,0,0,0
0,0,0,0,0,0,0,1,39,8,10,3,2,2,2,49,155,116,19,3,0,0,0,37,155,113,0,0,3,6,2,29,0,0,0,0,0,1,0,0,48,1,0,1,14,45,10,53,155,17,0,0,0,3,3,103,155,4,0,0,3,15,24,109,0,0,0,0,0,0,0,0,112,14,0,0,1,25,4,8,155,78,0,0,0,2,1,18,64,12,0,0,0,22,38,37,0,0,0,0,0,0,0,0,125,7,0,0,0,0,0,9,155,9,0,0,0,1,1,74,23,0,0,0,6,33,11,21
149,4,0,0,0,0,1,64,149,0,0,0,2,9,6,37,4,1,1,0,6,12,5,3,3,3,7,5,8,3,0,0,149,96,6,2,0,0,0,12,149,20,0,0,0,5,17,21,11,1,0,0,0,4,14,31,4,0,0,0,18,47,8,9,149,36,0,0,0,0,0,26,125,18,10,1,0,0,1,17,5,9,19,4,7,3,2,9,0,0,0,1,73,123,6,3,149,0,0,3,0,0,3,89,55,2,1,0,0,0,42,146,2,2,5,3,18,16,48,41,0,0,1,13,149,79,7,0
9,1,0,23,123,62,4,4,17,1,4,16,20,50,10,17,62,80,58,8,0,0,0,12,16,123,59,0,0,0,0,0,18,9,3,76,123,53,1,0,32,4,4,52,80,31,4,20,123,48,2,0,3,3,2,58,101,82,12,0,0,0,0,20,2,4,6,13,114,99,1,0,14,47,56,53,46,20,1,1,123,123,20,3,1,0,0,20,123,42,0,0,0,0,0,18,0,22,102,23,32,20,0,0,1,45,88,14,4,2,6,5,50,113,24,0,0,0,4,17,74,33,0,0,0,0,9,20
17,7,1,1,100,103,2,2,139,139,4,3,14,15,8,7,123,95,0,2,4,19,72,60,108,1,0,0,0,8,108,127,59,1,0,0,31,30,4,11,139,33,4,16,9,12,4,20,67,9,6,38,44,103,58,30,40,1,0,0,1,90,139,102,6,0,0,0,0,0,0,0,83,1,0,1,4,22,3,7,12,10,4,4,36,139,11,3,33,46,23,0,3,42,27,26,0,0,0,0,0,0,0,0,0,0,0,0,0,0,0,0,0,4,0,0,0,3,0,0,4,11,2,0,0,1,17,10
52,0,0,0,6,6,7,13,135,0,0,1,18,0,0,28,14,0,0,21,125,0,0,1,0,0,0,31,59,2,0,0,52,10,2,6,8,0,0,6,135,6,0,4,15,0,0,23,30,0,0,29,135,0,0,2,0,0,0,22,90,4,0,0,31,33,16,22,4,0,0,0,135,83,9,3,5,0,0,5,32,18,72,71,80,0,0,2,0,6,135,54,33,0,0,0,5,65,135,8,0,0,0,0,25,135,122,0,0,0,0,0,3,60,135,22,1,0,0,0,0,14,135,8,0,0,0,0
28,0,0,44,94,12,9,34,58,1,0,2,21,14,31,125,13,2,1,23,120,29,3,14,8,16,51,32,21,12,1,1,12,2,0,7,92,125,11,6,125,31,0,2,19,42,25,82,63,7,0,17,125,93,26,16,14,8,4,2,16,125,81,12,30,5,0,1,8,125,11,10,125,16,0,0,1,37,99,89,11,1,0,0,16,125,125,15,0,0,0,0,9,109,51,0,6,13,8,6,9,6,2,5,6,5,1,1,17,18,27,10,5,1,1,5,8,23,21,2,0,1,1,2,19,17,1,0
5,3,3,1,2,0,10,19,9,13,24,21,13,3,4,8,122,3,15,19,0,0,1,64,111,0,0,0,0,0,22,122,33,9,4,4,1,1,5,8,122,119,66,43,0,0,0,8,47,29,112,122,0,0,0,33,47,40,65,16,0,0,38,91,64,4,0,0,0,0,5,19,122,33,9,9,0,0,9,86,25,15,82,104,1,1,48,93,8,64,122,22,0,0,9,35,60,3,0,0,0,0,0,32,122,41,9,8,3,1,3,36,11,6,8,18,16,15,33,66,3,1,0,0,0,10,104,70
5,0,0,0,11,65,11,26,100,47,2,1,3,1,1,22,49,28,1,5,70,40,1,0,0,0,0,3,113,73,3,0,16,0,0,0,10,29,30,36,149,23,0,0,11,6,7,54,50,14,0,0,149,88,2,0,0,0,0,1,96,90,12,0,51,2,0,0,16,29,34,15,149,18,0,0,22,8,4,19,45,1,0,6,149,30,0,2,0,0,0,20,128,24,0,0,74,7,0,1,11,7,1,2,149,23,0,0,25,2,0,0,25,2,0,3,149,15,0,0,0,0,0,24,103,9,0,0
9,7,1,10,22,14,96,32,62,0,0,0,0,0,74,124,50,0,0,3,4,2,14,45,3,0,0,70,63,3,0,1,24,12,3,47,132,7,15,9,132,37,0,0,0,0,4,33,127,5,0,0,0,0,0,38,15,0,0,28,86,19,0,10,14,19,13,78,99,5,0,0,132,36,4,3,0,0,7,32,41,1,0,0,0,0,48,101,7,0,1,34,29,15,74,54,2,3,15,106,42,58,36,0,15,3,2,8,6,65,104,18,1,0,0,0,0,73,132,24,0,0,0,0,0,79,132,12
20,4,1,2,0,0,0,3,111,21,0,0,0,0,0,25,136,52,0,0,0,0,0,69,136,9,0,35,84,1,0,36,15,4,2,5,0,0,0,3,121,13,0,0,0,0,0,62,136,104,0,0,0,0,0,71,136,34,0,8,72,6,1,37,11,3,2,3,1,0,0,3,125,58,1,0,0,0,0,9,136,99,0,0,0,0,0,44,66,3,0,4,20,13,23,98,13,5,2,2,0,0,0,3,133,36,1,0,0,0,0,17,136,27,0,0,3,10,5,68,14,1,0,0,5,19,20,54
0,0,0,13,12,0,0,0,2,0,0,0,0,0,0,0,0,0,0,0,0,0,0,0,0,0,0,0,0,0,0,0,4,4,2,103,125,1,2,2,105,16,3,15,13,0,0,17,139,15,0,0,0,0,0,12,56,11,0,0,0,0,0,0,6,11,6,37,139,42,1,4,139,24,0,5,32,13,1,22,139,25,0,0,0,0,0,73,139,21,0,0,0,0,0,31,7,5,4,13,139,71,0,2,132,13,2,1,12,9,0,23,139,1,0,0,0,0,0,126,137,2,0,0,0,0,0,103
0,0,1,0,0,1,0,0,159,3,0,0,0,0,0,19,182,15,6,7,0,0,0,32,9,4,10,73,9,0,0,0,0,6,14,0,0,0,0,0,162,19,9,0,0,0,0,11,182,7,0,2,0,0,0,43,31,2,1,41,21,0,0,1,0,29,81,7,0,0,0,0,90,59,78,4,0,0,0,0,182,34,3,0,0,0,0,18,47,2,1,20,11,0,0,3,0,17,109,2,0,0,3,0,23,45,116,0,0,0,6,1,182,54,17,0,0,0,2,18,43,4,0,3,9,3,0,4
37,19,0,0,0,0,0,0,45,39,3,0,6,9,3,4,97,56,1,1,0,4,3,7,48,29,0,0,0,12,8,4,21,29,9,4,4,0,0,0,53,22,5,4,64,24,2,9,151,14,0,0,7,10,3,30,70,74,2,0,2,8,4,5,0,3,8,15,41,9,0,0,25,35,9,17,117,18,0,1,151,122,2,1,5,1,0,12,125,151,11,0,0,0,0,2,0,0,0,0,27,40,0,0,71,56,1,1,30,38,2,4,124,151,0,0,0,0,0,0,151,151,1,0,0,2,34,42
7,1,0,0,0,7,46,11,163,24,0,0,0,0,12,33,163,45,0,0,0,0,0,11,125,3,0,0,0,0,0,43,38,4,0,0,0,9,23,7,163,58,0,0,0,0,2,14,163,15,0,0,0,0,2,95,99,0,0,0,0,0,0,122,53,7,0,0,1,3,2,2,163,30,0,0,0,0,1,28,67,1,0,0,0,0,33,159,18,0,0,0,0,0,11,163,2,0,0,0,0,0,0,0,12,0,0,0,0,0,0,1,1,0,0,0,0,0,2,9,1,0,0,0,0,0,0,16
44,3,1,36,141,15,4,54,141,7,1,40,18,2,2,141,14,0,80,141,35,1,1,15,0,0,22,44,0,0,0,0,29,25,15,125,141,3,0,3,141,88,13,21,6,0,0,26,41,14,5,21,13,3,1,7,0,0,0,1,0,0,0,0,10,5,4,50,107,8,1,2,141,18,4,12,17,2,3,81,31,1,0,2,7,11,12,48,0,0,0,0,0,0,0,0,2,0,0,8,93,26,5,2,30,0,0,0,31,32,44,133,22,0,0,0,0,0,4,121,0,0,0,0,0,0,0,0
16,255,49,0,0,22,1,0,71,255,10,0,0,0,0,0,12,160,16,0,0,0,0,1,1,31,15,0,0,0,0,0,0,215,47,1,0,0,0,0,16,182,33,15,1,0,0,5,53,21,2,1,0,0,0,9,11,24,12,1,0,0,0,0,0,0,2,2,0,0,0,0,2,1,14,42,1,0,0,0,53,8,11,13,0,0,0,8,24,3,0,1,0,0,0,12,0,0,0,0,0,0,0,0,0,0,7,12,0,0,0,0,5,5,24,17,0,0,0,1,9,3,3,1,0,0,0,8
10,8,0,0,0,0,0,5,126,40,3,0,0,0,0,58,95,68,49,0,0,0,1,26,60,43,40,3,0,1,2,22,118,25,0,0,0,0,0,16,126,126,0,0,0,0,0,20,117,117,25,0,0,0,3,37,82,107,35,1,0,1,6,10,42,5,0,0,0,0,0,1,126,20,0,0,0,0,0,57,126,73,20,0,0,0,0,95,102,126,56,0,0,0,0,12,0,0,0,0,0,0,0,0,13,0,0,0,0,0,0,11,126,13,0,0,0,0,0,48,126,34,0,0,0,0,0,25
37,1,0,0,38,15,6,48,14,19,8,48,133,31,2,3,133,110,10,18,30,3,0,31,47,13,6,90,30,2,1,12,58,14,0,1,32,12,3,15,21,23,10,53,133,21,0,0,133,121,11,15,11,1,2,17,23,17,2,9,14,6,3,6,21,6,1,2,30,21,5,21,23,0,0,2,101,82,16,20,133,2,0,0,3,6,12,106,17,0,0,0,1,4,5,21,28,9,1,4,43,52,16,12,13,0,0,2,112,133,47,50,129,0,0,0,0,17,29,133,15,0,0,0,0,0,0,20
12,17,34,4,0,1,18,14,111,13,17,3,0,0,7,49,141,15,3,5,3,0,0,42,11,6,6,141,141,0,0,1,9,22,39,8,0,0,23,30,84,25,27,11,3,1,4,16,141,23,1,0,0,0,0,81,32,7,4,101,141,5,2,28,67,32,0,0,0,0,16,55,58,128,10,0,0,0,2,8,123,141,4,0,0,0,0,17,31,56,17,63,93,1,0,6,50,32,0,0,0,0,0,1,79,35,0,0,0,0,0,24,95,46,0,0,0,0,0,51,18,16,5,14,28,2,11,21
1,1,1,2,3,1,0,1,3,1,1,11,44,13,1,2,35,7,0,1,6,3,1,9,4,2,1,5,16,4,0,0,5,0,0,2,8,3,3,23,9,0,0,11,85,38,3,8,95,6,0,2,9,9,3,24,11,3,3,24,15,0,0,0,189,0,0,3,5,0,10,219,32,5,1,46,93,2,0,26,115,20,2,11,14,0,0,2,18,1,1,12,7,1,0,0,219,0,0,0,0,0,0,219,108,2,0,12,42,5,6,108,58,11,1,6,10,1,5,7,10,0,0,0,6,10,5,2
5,10,1,1,4,1,0,1,4,1,1,4,50,23,0,2,46,8,10,33,62,7,1,6,2,1,2,222,222,0,0,0,12,0,0,0,11,4,1,14,12,0,0,0,95,44,2,5,113,4,0,11,33,10,1,22,8,0,1,222,222,0,0,2,21,3,0,0,13,6,1,13,10,15,4,15,89,15,0,1,77,50,3,5,9,1,0,6,6,2,1,59,23,0,0,1,8,3,0,0,7,6,1,3,14,8,1,5,27,10,0,1,37,21,1,1,1,1,1,5,0,0,0,1,2,1,0,0
22,45,2,0,0,0,23,68,60,22,5,0,0,0,24,120,120,5,0,0,0,0,5,94,45,22,1,0,0,0,3,20,50,63,3,0,0,0,4,70,68,35,9,1,2,7,13,42,120,18,0,0,0,0,0,98,92,16,0,0,0,0,0,41,115,16,0,0,0,0,4,103,87,99,0,0,0,2,10,45,120,120,0,0,0,0,0,38,84,64,2,0,0,0,1,28,69,4,0,0,0,0,4,112,41,12,0,0,0,0,22,120,69,10,0,0,0,0,2,120,54,4,0,0,0,0,2,99
6,11,8,0,0,0,0,1,39,44,38,0,0,0,0,49,104,33,17,0,0,0,0,84,70,63,40,0,0,0,0,38,112,30,4,0,0,0,0,49,88,82,66,0,0,0,0,18,70,54,69,5,0,1,1,29,112,67,1,0,0,0,0,52,112,112,0,0,0,0,0,13,106,78,17,0,0,0,3,37,79,83,26,2,1,2,9,15,112,112,1,0,0,0,0,0,112,25,0,0,0,0,0,28,107,76,24,0,0,0,0,36,50,112,70,0,0,0,0,3,59,109,21,0,0,0,0,0
67,21,0,0,0,3,57,40,20,1,0,0,0,6,117,68,20,0,0,0,0,0,61,117,19,0,0,0,0,0,17,117,39,6,0,0,0,19,107,25,93,36,0,0,0,2,56,40,29,11,1,1,5,9,27,117,104,2,0,0,0,0,18,117,65,7,0,0,0,1,26,34,58,8,0,0,0,2,108,98,75,3,0,0,2,12,60,63,117,5,0,0,0,0,45,80,2,0,0,0,0,2,41,13,28,0,0,0,0,1,100,117,41,0,0,0,0,0,74,117,7,0,0,0,0,2,117,45
7,11,19,33,3,1,7,7,44,5,6,4,0,0,40,35,134,4,0,0,13,0,3,25,23,1,0,2,134,0,0,0,0,0,13,81,8,0,0,0,53,5,11,39,24,5,2,16,134,6,0,0,17,3,1,43,29,0,0,1,134,11,0,3,0,0,41,94,11,0,0,0,33,24,18,87,35,1,0,2,134,55,5,4,20,4,0,7,25,1,0,0,134,29,0,1,0,0,113,134,1,0,0,0,12,12,133,134,4,0,0,0,107,41,48,27,23,4,0,1,8,1,0,3,129,16,0,0
60,44,6,0,0,0,4,134,74,72,8,0,0,0,2,134,58,63,17,0,0,0,0,53,5,15,40,10,4,2,7,13,52,66,32,1,0,0,2,76,134,31,2,0,0,0,1,118,134,59,0,0,0,0,1,51,11,31,20,1,2,3,11,19,48,45,11,1,1,5,16,41,134,65,2,0,0,1,2,36,134,44,0,0,0,0,0,29,25,23,11,0,0,0,9,12,65,102,5,0,0,0,1,43,115,134,6,0,0,0,0,23,86,114,9,0,0,0,0,15,7,15,30,10,0,0,6,7
43,16,20,0,0,0,0,36,94,29,30,7,0,0,0,52,32,84,122,4,0,0,0,3,28,66,122,0,0,0,0,0,32,60,106,1,0,0,0,4,122,39,59,4,0,0,0,49,122,61,22,0,0,0,0,66,46,61,92,0,0,0,0,5,84,36,27,2,0,0,3,18,58,85,43,12,1,1,4,7,122,122,3,0,0,0,0,17,104,56,7,0,0,0,0,8,24,58,59,0,0,0,2,9,68,122,44,0,0,0,2,3,97,122,3,0,0,0,0,0,15,56,23,0,0,0,0,2
15,83,21,37,31,0,0,0,49,75,7,33,45,3,0,1,32,77,40,9,0,0,1,9,45,25,13,5,0,0,1,17,22,45,8,15,95,26,1,6,122,55,1,10,78,17,0,6,51,31,8,5,2,21,11,7,27,14,5,3,1,4,7,19,19,0,0,0,63,108,50,38,107,3,0,0,32,45,40,114,33,2,0,0,5,30,66,49,48,13,0,1,6,15,23,34,4,0,0,0,6,122,122,63,33,1,0,0,1,39,122,122,5,0,0,0,0,6,122,111,4,0,0,0,2,49,122,97
237,47,0,0,0,0,0,0,73,33,2,0,0,0,0,3,26,15,0,0,0,0,0,8,4,5,1,0,0,0,3,3,237,32,0,0,0,0,0,3,91,10,1,0,0,0,2,14,28,6,0,0,0,0,0,22,4,2,0,0,0,0,5,12,237,76,0,0,0,0,0,0,61,28,10,0,0,0,0,1,18,27,2,0,0,0,0,4,2,9,6,0,0,0,1,3,237,21,0,0,0,0,0,0,51,6,1,0,0,0,0,3,23,9,0,0,0,0,0,0,4,3,1,0,0,0,0,1
1,0,0,0,0,22,124,83,38,0,3,2,0,4,124,124,7,0,33,28,0,0,88,124,0,0,76,71,0,0,52,51,18,17,3,0,2,13,62,31,124,37,0,0,1,7,21,75,33,5,0,0,19,59,124,100,1,0,1,1,1,11,124,124,13,41,56,17,10,3,7,6,70,25,2,8,14,13,51,115,18,11,7,1,26,88,36,36,10,28,21,7,5,12,37,21,11,20,19,33,37,3,3,9,49,59,18,35,47,3,5,17,25,86,43,1,1,3,1,6,1,62,53,1,0,0,0,0
2,1,11,43,13,10,13,5,38,19,19,4,0,2,9,53,121,51,2,0,0,0,8,109,121,6,0,33,57,0,0,38,12,7,22,43,33,43,5,7,71,101,75,4,1,4,5,19,121,121,31,0,0,3,12,28,121,10,0,22,38,0,0,46,15,41,61,21,25,57,4,4,89,49,15,7,1,7,44,38,63,10,4,0,0,15,100,87,121,0,0,7,14,0,3,121,0,7,78,60,1,0,0,0,0,5,58,66,1,1,7,1,27,8,25,23,8,3,11,27,121,1,0,1,4,1,1,121
190,190,2,0,0,0,0,5,112,37,7,0,0,0,0,45,29,9,24,27,1,0,9,34,0,0,43,56,1,0,7,2,190,190,6,0,0,0,0,6,71,71,7,0,0,0,0,17,26,25,10,0,0,0,9,22,0,1,8,10,2,3,15,5,190,135,14,1,0,0,0,9,70,36,6,0,0,0,0,32,14,9,9,0,0,0,12,39,0,0,4,11,2,2,17,11,81,53,9,2,0,0,0,1,24,55,10,0,0,0,0,0,2,10,27,4,0,0,2,5,0,0,12,15,0,1,11,4
112,133,3,1,15,2,1,25,17,3,0,2,27,9,6,61,14,0,0,0,4,10,18,87,1,0,0,0,13,22,13,21,53,4,0,0,9,11,47,133,16,3,6,10,29,42,26,60,67,11,3,2,1,3,15,95,13,7,5,17,20,9,5,8,133,27,4,46,36,8,27,133,133,58,64,59,4,3,2,27,107,60,33,35,0,0,0,4,35,32,24,59,6,0,0,0,133,18,5,89,101,0,0,36,133,28,21,52,0,0,0,43,44,35,30,75,1,0,0,0,44,26,7,24,16,0,0,1
26,1,2,11,13,3,2,31,68,36,0,0,0,0,0,37,54,139,2,0,0,0,0,0,11,125,2,0,0,0,0,0,32,11,53,85,30,0,0,6,139,137,3,17,5,0,0,25,79,139,0,0,0,0,0,4,6,22,0,0,0,0,0,2,7,4,74,92,91,84,1,2,139,18,3,23,42,19,0,88,139,15,0,0,0,0,0,38,1,0,0,1,0,0,0,1,2,1,1,4,45,109,28,2,139,17,2,5,13,11,0,9,139,2,0,0,0,0,0,11,1,0,0,0,0,0,2,2
6,7,6,18,22,3,7,5,143,104,6,3,1,0,0,0,143,110,0,0,0,0,0,0,25,15,0,0,0,0,0,0,41,7,0,1,2,1,45,115,143,128,0,0,0,0,1,36,135,87,0,0,0,0,2,16,12,4,0,0,0,5,4,6,118,17,0,0,0,0,9,85,143,37,0,0,0,0,0,111,106,7,0,0,0,0,7,96,1,0,0,0,0,7,27,19,23,13,0,0,0,0,0,0,132,107,0,0,0,0,0,4,48,28,1,0,0,0,6,26,4,0,0,0,1,1,27,16
14,15,12,0,0,0,3,39,3,5,1,0,7,14,7,12,3,12,0,0,20,33,0,0,12,42,0,0,1,3,0,0,14,6,0,0,0,0,9,48,4,0,0,0,2,20,56,25,48,29,0,0,4,16,11,8,12,33,1,0,1,5,5,2,3,2,0,0,1,2,157,164,15,4,0,0,1,7,72,68,57,7,0,0,0,0,15,38,5,0,0,0,0,10,44,13,0,0,4,4,0,0,166,166,2,0,0,0,0,0,166,166,4,0,0,0,0,0,166,166,3,0,0,0,0,2,63,66
136,136,8,14,23,6,10,37,36,4,0,1,7,9,16,103,17,3,3,5,6,10,7,30,15,5,1,2,3,3,3,15,40,51,12,136,116,5,5,13,136,39,9,32,23,2,6,51,47,31,29,47,2,0,0,3,35,30,9,16,2,0,0,0,65,2,1,68,136,10,1,18,136,11,2,28,79,0,0,41,88,13,12,52,5,0,0,14,28,20,6,15,8,0,0,4,89,4,0,16,122,7,1,17,136,0,0,17,91,1,0,39,123,5,1,14,15,0,0,20,5,0,0,9,19,4,5,16
50,10,52,114,50,16,0,7,170,94,1,7,8,1,0,55,56,62,0,0,0,0,0,8,1,1,0,0,0,0,1,3,29,5,10,30,107,157,4,7,170,19,1,4,17,9,0,60,141,1,0,0,0,0,0,16,0,0,0,2,1,0,1,1,37,11,3,8,18,40,21,6,170,45,1,3,2,0,0,1,141,9,0,0,0,0,2,6,0,0,0,0,0,0,5,3,32,40,28,26,2,0,1,1,170,81,2,5,0,0,0,5,72,11,0,0,0,0,0,5,0,0,0,1,1,0,2,1
136,12,0,0,28,11,2,25,29,0,0,6,136,13,0,2,136,3,0,3,9,0,0,8,20,4,2,17,8,0,0,1,136,91,0,3,36,2,0,2,31,0,0,18,136,8,0,3,136,15,0,2,14,1,0,8,29,7,0,10,26,3,0,1,44,28,0,5,18,7,33,22,23,1,0,28,135,49,14,8,136,12,0,3,16,11,10,72,19,3,0,2,22,73,19,13,6,0,0,0,1,13,131,48,6,0,0,1,22,117,65,15,50,0,0,0,3,20,36,136,2,0,0,0,2,88,61,28
9,22,78,16,5,0,0,0,52,15,20,57,33,0,0,8,101,139,1,1,0,0,0,7,10,139,0,0,0,0,0,0,0,5,139,47,20,47,11,0,60,10,36,112,93,76,1,10,139,66,1,4,8,3,0,41,38,31,0,0,0,0,0,3,0,0,2,2,18,123,139,4,53,16,3,10,50,118,8,3,139,48,1,1,3,3,0,11,53,3,0,0,0,0,0,3,5,8,10,26,3,10,40,5,60,32,4,7,5,6,5,3,139,67,0,0,0,0,0,0,24,4,0,0,0,0,1,2
11,1,0,0,34,8,0,5,16,1,0,4,140,9,0,1,116,7,0,1,9,0,0,10,18,1,0,0,126,62,0,1,7,0,0,0,41,3,1,13,20,1,0,5,148,2,0,1,148,18,0,1,14,0,0,3,19,10,2,19,148,22,0,0,4,0,0,0,24,12,6,27,18,0,0,1,148,27,2,6,148,12,0,0,14,3,1,36,25,7,1,11,148,20,0,8,1,1,0,2,11,12,8,15,6,1,1,22,79,30,3,6,93,4,2,6,8,7,4,63,16,0,0,0,148,137,10,24
147,133,10,26,17,0,0,0,9,6,4,64,89,4,2,7,80,29,3,6,5,1,1,22,11,11,8,16,1,0,0,1,147,16,0,9,26,6,1,13,14,3,1,39,147,10,0,1,147,25,2,6,17,0,0,3,24,11,6,28,4,0,0,0,147,18,0,0,19,9,2,25,13,0,0,4,147,15,0,1,147,2,0,2,21,1,0,8,42,3,1,13,7,0,0,1,143,63,0,1,16,1,0,0,8,0,0,11,116,5,0,1,138,7,0,2,17,1,0,5,37,7,0,5,11,1,0,0
6,0,0,0,1,7,2,9,3,0,0,0,45,31,1,3,42,28,0,0,21,11,0,0,16,18,1,1,53,29,0,0,4,0,0,0,4,11,4,12,9,1,0,2,41,58,4,5,101,20,0,0,8,10,1,9,17,8,1,1,160,113,0,2,1,6,3,7,9,1,0,1,7,5,3,32,43,10,1,0,70,11,2,4,4,50,38,14,7,0,0,0,160,160,40,5,1,3,0,1,6,13,9,0,0,0,0,6,25,160,27,0,5,20,6,1,3,160,160,2,0,16,21,28,105,160,107,0
13,1,1,1,2,7,9,22,15,10,14,4,2,3,13,18,77,111,54,6,0,0,9,15,21,64,53,130,26,0,17,8,10,0,0,1,3,3,8,26,44,2,0,1,5,4,34,38,140,107,2,2,1,0,7,36,63,43,6,67,140,31,1,6,11,0,0,4,17,3,4,11,48,10,4,6,10,8,9,25,140,18,1,0,3,18,50,140,22,2,0,8,140,46,28,140,0,0,0,1,29,9,6,7,9,1,0,0,14,35,11,30,9,8,1,0,25,72,37,140,23,12,0,5,23,10,45,140
101,7,8,2,0,0,0,38,4,12,26,27,1,0,0,1,4,4,47,149,1,0,0,2,0,0,95,149,0,0,0,0,149,1,0,0,0,0,2,149,12,2,2,2,1,8,8,21,30,7,10,29,0,0,1,17,4,6,88,149,0,0,0,0,149,1,0,0,0,0,0,149,62,15,9,0,0,1,2,23,52,16,3,0,0,0,0,3,16,8,9,2,0,0,1,2,149,0,0,0,0,0,0,149,101,2,1,0,0,0,1,70,17,1,0,0,0,0,3,21,6,0,0,0,0,3,13,14
19,4,0,0,0,1,1,9,12,20,8,4,4,6,2,3,27,145,26,1,1,2,1,6,6,145,91,1,1,0,0,1,21,7,0,0,0,13,36,7,64,17,5,1,0,15,80,38,145,145,13,0,0,1,9,36,36,87,35,1,3,68,28,5,0,1,22,11,7,48,47,1,145,25,17,3,0,14,50,23,145,27,0,0,3,34,17,41,21,0,1,1,10,145,57,9,11,17,67,11,1,1,0,2,66,51,101,6,0,0,2,7,141,23,5,0,6,30,20,58,3,24,16,1,14,54,8,4
118,34,0,0,0,0,1,25,31,47,9,29,86,23,3,4,16,78,51,32,80,29,0,0,6,92,118,3,1,0,0,0,118,10,8,1,0,3,28,76,37,4,0,4,34,108,118,45,118,93,3,4,23,35,12,11,46,72,24,4,2,0,6,6,6,3,8,3,6,47,33,11,73,0,0,0,0,41,76,22,118,10,0,0,1,14,52,64,19,3,0,0,1,11,118,84,4,0,0,6,34,44,17,7,88,4,0,0,0,4,11,31,94,2,0,4,54,31,23,30,0,0,1,11,48,35,118,67
0,0,0,0,0,5,53,23,21,1,0,0,0,2,79,48,170,53,0,0,0,0,23,39,170,28,0,0,0,0,0,19,0,0,0,0,0,4,36,24,76,2,0,0,0,7,49,34,170,53,0,0,0,0,2,28,170,19,0,0,0,0,0,53,0,0,0,0,2,14,21,3,137,8,0,0,0,11,23,14,170,20,0,0,0,0,2,82,101,0,0,0,0,0,2,170,0,0,0,0,2,2,0,0,36,2,0,0,0,1,0,0,66,2,0,0,0,0,1,31,6,0,0,0,0,0,1,67
5,2,3,16,132,111,1,0,141,50,0,0,21,29,2,3,141,84,0,0,0,0,0,11,68,36,0,0,0,0,0,0,5,31,32,62,141,28,0,0,141,90,70,6,3,2,0,4,141,19,5,0,0,0,0,56,75,8,0,0,0,0,0,13,11,31,33,141,75,0,0,0,49,69,105,27,2,0,0,17,126,30,28,6,0,0,0,30,12,0,0,0,0,0,0,8,2,2,9,82,72,5,0,2,30,51,18,19,25,8,3,24,10,18,4,1,0,0,0,4,0,0,0,0,0,0,0,0
64,0,0,1,9,5,3,60,168,35,2,0,0,0,0,59,46,67,86,21,0,0,0,0,2,29,138,27,0,0,0,0,90,0,0,0,0,1,1,16,168,49,0,0,0,1,3,34,97,79,26,0,0,15,60,18,0,8,50,2,0,13,59,10,19,0,0,0,0,0,0,0,168,34,1,4,9,9,7,36,56,12,4,24,62,85,122,63,2,2,6,10,7,70,165,58,0,0,0,0,0,0,0,0,3,7,1,6,9,0,0,0,2,8,23,70,60,5,1,4,1,10,38,38,31,41,8,6
134,30,0,0,0,0,0,39,86,62,9,0,0,0,0,20,134,74,1,0,0,0,0,8,101,53,1,0,0,0,0,4,134,42,0,0,0,0,0,30,134,134,5,0,0,0,0,35,134,134,5,0,0,0,0,3,78,84,7,0,0,0,0,1,67,0,0,0,0,0,0,39,134,19,0,0,0,0,0,111,134,68,0,0,0,0,0,51,56,36,11,3,0,0,0,20,0,0,0,0,0,0,0,0,39,5,0,0,0,0,0,4,94,47,0,0,0,0,0,7,35,44,1,0,0,0,0,8
0,2,0,0,0,0,0,0,33,21,5,0,0,0,0,59,98,62,20,0,0,0,0,70,63,93,20,0,0,0,0,28,33,10,0,0,0,0,0,24,93,105,10,0,0,0,0,34,120,70,12,0,0,0,0,49,120,33,0,0,0,0,0,44,120,17,0,0,0,0,0,35,120,50,0,0,0,0,0,45,109,105,4,0,0,0,0,15,120,86,0,0,0,0,0,0,117,5,0,0,0,0,0,15,120,29,0,0,0,0,0,64,120,109,2,0,0,0,0,42,81,106,1,0,0,0,0,8
68,12,0,0,0,0,0,26,14,22,11,3,3,1,1,5,51,41,6,5,6,1,0,2,3,4,3,95,191,3,0,0,126,28,0,0,0,0,0,14,32,20,9,0,0,0,2,12,95,27,4,5,3,0,0,11,11,5,3,124,191,0,0,0,91,40,1,0,0,0,0,37,22,18,17,2,0,0,1,13,112,18,2,1,1,0,0,7,24,4,1,84,191,0,0,3,72,9,0,0,0,0,0,36,36,30,0,0,0,0,0,10,47,58,0,0,0,0,0,2,12,13,2,47,191,0,0,1
3,1,2,29,52,10,1,2,56,13,2,4,10,3,2,15,8,3,2,14,38,10,3,0,0,0,0,5,25,36,14,0,6,0,0,13,115,43,6,15,145,7,1,5,19,14,7,50,31,6,8,72,28,2,0,1,0,0,28,83,18,9,2,0,72,3,2,58,95,2,3,157,157,27,4,27,25,0,0,5,58,4,4,31,10,4,0,0,0,0,10,51,24,3,0,0,157,1,0,12,22,3,47,157,78,11,1,11,13,3,130,44,29,0,0,0,6,28,147,19,0,0,0,3,14,16,119,7
67,81,12,0,0,0,0,77,94,130,5,0,0,0,0,69,44,73,26,1,0,0,0,22,14,14,27,14,4,1,3,7,94,60,3,0,0,0,0,83,131,12,0,0,0,0,0,110,131,36,2,0,0,0,1,34,18,35,19,3,4,2,1,4,110,56,1,0,0,0,0,41,131,95,0,0,0,0,0,19,131,54,4,0,0,0,0,11,38,20,11,0,0,0,2,13,118,38,0,0,0,0,0,94,131,89,0,0,0,0,0,73,81,51,8,0,0,0,0,35,24,14,15,3,0,0,0,6
8,9,17,33,0,0,3,7,54,4,2,4,0,0,16,51,132,3,0,0,9,0,0,29,23,0,0,2,132,0,0,0,0,0,8,95,6,0,0,0,73,4,5,40,15,0,0,15,132,3,0,0,11,1,0,39,29,0,0,1,132,10,0,4,0,0,35,122,9,0,0,0,40,29,21,91,20,0,0,1,132,55,4,1,13,3,0,6,25,1,0,0,132,28,0,1,0,0,113,132,0,0,0,0,9,20,132,132,1,0,0,0,80,59,46,16,18,2,0,0,7,1,0,1,126,16,0,0
43,35,20,7,17,7,17,19,124,52,0,0,0,1,17,33,113,91,3,2,0,0,0,11,7,20,42,124,5,2,0,0,8,102,76,18,63,12,1,1,124,96,72,10,0,0,0,37,124,22,3,0,0,1,1,70,38,14,8,0,3,107,7,4,25,124,42,5,5,5,8,6,22,69,83,38,0,0,3,5,103,87,13,1,8,44,9,10,20,13,5,4,48,124,18,4,47,18,0,0,0,0,24,69,43,38,4,1,0,15,11,11,10,18,2,1,19,100,27,4,8,88,47,15,52,61,1,0
0,0,4,1,0,0,0,0,8,18,33,8,1,0,10,22,83,118,95,36,1,0,5,8,51,118,118,28,0,0,0,3,37,15,10,1,0,0,0,31,75,107,102,2,0,0,0,25,79,118,104,0,0,0,0,3,90,55,26,0,0,0,0,31,68,79,27,0,0,0,0,15,118,69,14,0,0,0,0,48,118,87,29,0,0,0,0,18,21,32,52,12,1,0,0,6,84,58,8,0,0,0,0,7,117,118,9,0,0,0,0,2,107,99,2,0,0,0,0,1,14,17,14,4,2,1,1,4
105,129,75,1,0,3,2,26,129,27,0,0,0,0,24,129,53,18,0,0,0,2,52,58,13,30,11,1,0,4,15,5,28,23,7,1,1,20,18,16,129,54,0,0,0,2,12,88,129,28,0,0,0,0,29,89,27,13,2,1,0,1,18,52,17,25,0,0,0,0,17,8,79,26,0,0,0,0,93,107,38,2,0,0,0,0,94,129,48,0,0,0,0,0,6,129,5,0,0,0,0,0,12,5,75,6,0,0,0,0,39,60,57,6,0,0,0,0,19,90,100,0,0,0,0,0,2,116
9,0,0,0,5,29,32,81,21,3,0,0,0,1,80,127,21,5,0,2,10,2,59,103,14,5,5,72,82,3,4,18,47,30,22,28,7,14,15,40,127,58,12,15,2,2,17,53,69,57,14,0,0,3,9,40,21,2,0,15,59,9,6,24,62,85,49,64,16,0,0,1,127,16,14,61,35,2,3,59,44,6,2,0,4,33,35,62,16,0,0,4,50,49,48,45,24,14,10,25,44,20,24,19,8,0,0,15,101,104,81,54,3,0,0,0,2,78,127,68,0,0,0,0,9,127,127,11
99,0,0,0,0,0,0,6,137,0,0,0,12,2,0,4,38,0,1,21,137,24,1,0,0,0,11,36,46,23,8,5,112,2,0,0,0,0,0,4,137,0,0,0,26,8,0,5,34,0,0,9,137,104,7,2,1,0,0,9,46,77,41,3,31,1,0,0,0,0,0,0,137,10,4,6,26,1,0,3,19,2,33,116,137,7,0,1,1,1,53,71,63,4,2,2,0,0,0,0,0,0,0,0,6,3,6,4,1,0,0,0,1,1,107,130,10,0,0,0,0,0,137,137,2,0,0,0
1,0,0,0,0,0,137,137,7,0,0,0,1,1,108,107,0,0,0,0,7,3,5,3,0,0,0,0,0,0,0,0,59,3,1,2,1,2,70,84,137,4,0,2,21,3,40,128,24,0,0,10,137,6,4,6,0,0,0,1,34,0,0,0,48,74,36,4,1,0,0,10,137,95,6,4,29,0,0,14,30,7,0,20,137,0,0,0,0,0,0,10,115,0,0,0,40,27,10,4,0,0,12,34,137,23,2,2,28,0,2,31,19,2,0,16,137,0,0,0,0,0,0,12,99,0,0,0
0,20,133,85,0,0,0,0,4,133,133,26,0,0,0,0,15,133,133,19,0,0,0,0,12,87,58,105,133,14,0,1,2,11,69,73,20,0,0,0,70,75,38,30,11,0,0,2,38,30,30,24,12,10,3,12,20,6,0,3,133,37,3,12,1,4,3,11,68,18,2,1,58,2,0,4,36,22,10,48,10,0,0,2,20,81,35,38,2,0,0,0,133,59,27,31,0,0,1,11,38,45,7,0,7,2,2,6,24,26,11,35,1,0,1,9,37,66,28,17,0,1,3,23,101,67,32,14
5,26,54,15,0,0,0,0,32,40,27,9,0,0,0,1,18,11,13,66,16,0,0,1,0,0,3,199,100,0,0,0,8,24,15,12,2,0,0,0,21,5,10,28,11,1,0,4,60,9,9,23,1,0,0,8,2,1,22,161,15,1,0,0,2,5,14,12,3,2,1,0,3,31,39,6,8,2,0,0,33,22,20,4,2,11,7,6,5,0,1,14,23,160,38,4,0,16,36,7,1,1,0,0,0,21,23,4,3,42,18,0,0,2,7,3,7,199,86,0,0,2,0,0,0,199,199,0
173,120,0,0,20,5,0,0,123,46,3,0,0,0,0,6,20,17,4,16,1,0,7,12,0,0,52,163,5,0,5,4,173,173,0,0,6,1,0,0,74,63,24,0,0,0,0,4,6,7,30,17,0,0,10,11,0,0,14,12,0,0,17,16,173,144,0,0,0,0,0,0,65,25,2,0,0,0,0,12,7,3,12,12,0,0,3,7,0,0,16,18,1,2,1,0,173,81,0,0,0,0,0,0,30,13,0,0,0,0,0,5,5,3,1,0,0,0,2,5,0,0,0,4,3,3,1,0
17,158,28,0,3,4,0,1,10,19,0,0,14,23,0,0,14,28,1,1,2,2,0,0,0,5,4,4,1,0,0,0,5,7,1,0,3,10,25,26,28,21,0,0,8,13,9,7,12,20,0,0,3,6,6,2,1,1,0,0,2,4,3,2,4,0,0,0,0,2,157,97,29,1,0,0,0,2,73,81,3,0,0,0,0,7,56,29,0,0,0,0,0,4,24,13,0,0,33,18,0,0,158,158,0,0,6,3,0,0,158,158,0,0,0,0,0,0,158,158,0,0,0,0,0,0,128,88
177,14,0,1,13,3,0,23,26,1,0,7,97,7,0,2,100,10,1,2,8,0,0,1,10,8,7,9,0,0,0,0,177,171,0,1,16,1,0,3,28,2,0,5,114,5,0,2,147,8,0,1,10,0,0,4,19,5,1,5,9,2,0,1,121,124,0,1,12,6,18,17,16,1,0,11,86,33,12,6,118,7,0,1,9,7,8,46,12,2,0,0,9,48,19,8,7,4,0,0,0,9,87,49,1,0,0,0,7,80,64,17,16,0,0,0,0,15,59,111,0,0,0,0,0,65,94,16
0,0,4,88,62,16,2,2,124,23,14,23,2,2,3,46,152,10,0,0,0,0,0,59,72,2,0,0,0,0,0,19,0,0,6,77,41,12,22,10,104,40,29,38,6,0,1,1,152,24,0,0,0,0,0,3,100,9,0,0,0,0,0,3,0,0,0,2,5,5,109,84,76,4,1,4,4,2,61,70,152,10,0,0,0,0,0,82,65,3,0,0,0,0,7,34,0,0,0,0,0,0,40,32,49,0,0,0,0,0,41,106,152,5,0,0,0,0,0,151,50,2,0,0,0,0,12,62
18,2,23,25,76,133,34,3,154,5,0,3,18,15,0,48,110,0,0,0,0,0,1,18,0,0,0,0,1,1,3,0,23,25,45,19,6,49,41,3,154,62,8,0,1,2,0,7,148,8,0,0,0,0,2,10,0,0,0,0,0,1,7,1,7,18,127,38,0,1,3,2,154,48,47,11,0,0,0,50,118,2,0,0,0,1,8,56,2,1,0,0,0,1,9,9,3,2,13,3,0,55,106,66,90,5,13,12,4,7,57,127,133,3,5,3,0,0,3,72,2,1,11,10,0,0,2,11
31,28,20,0,0,0,38,38,130,16,0,0,0,0,3,77,21,1,3,37,44,0,0,6,0,0,1,130,73,0,0,0,38,11,7,0,0,0,65,72,130,8,0,0,0,0,4,126,89,8,10,23,2,0,0,10,0,0,3,130,33,0,0,0,24,73,130,0,0,0,0,2,130,130,38,0,0,0,0,4,92,15,1,0,0,11,4,3,0,0,0,16,34,45,5,0,2,86,130,9,0,0,0,0,15,117,84,6,6,17,5,1,7,10,4,2,6,84,10,0,2,0,0,0,4,100,32,1
2,45,4,0,0,5,8,0,21,136,62,0,0,6,9,6,62,136,76,0,0,0,0,6,14,136,17,3,8,5,0,0,0,13,2,0,0,1,15,0,52,36,3,0,0,4,77,77,136,52,0,0,0,0,7,128,43,20,0,0,16,55,30,23,0,0,0,0,0,0,2,0,108,47,1,0,0,0,13,33,136,71,0,0,5,21,8,54,20,2,0,0,31,136,66,10,0,0,0,0,0,0,0,0,94,1,0,0,0,0,3,60,136,1,0,0,8,25,14,95,1,0,1,3,100,92,14,7
9,50,86,8,5,1,0,5,38,64,117,9,0,0,0,12,2,13,117,61,35,8,0,0,0,2,34,51,44,5,0,0,30,2,7,15,63,15,2,11,117,57,8,3,7,5,6,34,20,47,38,37,117,32,6,4,3,64,117,26,46,8,0,0,17,4,15,74,46,6,0,2,104,10,7,6,5,18,79,76,113,38,6,5,26,39,84,49,71,98,61,4,1,0,12,27,0,0,3,29,94,28,1,0,22,0,0,3,22,43,47,19,117,2,0,0,4,11,39,57,27,1,0,0,6,16,117,115
41,38,0,0,0,0,0,0,55,39,0,0,0,0,0,4,33,19,0,0,0,0,0,1,17,15,0,0,0,0,0,0,94,14,0,0,0,0,0,9,120,18,0,0,0,0,0,46,131,81,0,0,0,0,0,20,131,131,0,0,0,0,2,12,89,6,0,0,0,0,0,14,115,43,1,0,0,1,1,34,131,33,0,0,0,3,33,131,131,36,0,0,0,0,131,131,28,16,2,0,0,0,0,10,55,3,3,0,0,2,2,91,11,0,0,9,12,10,40,68,1,0,0,1,3,1,124,129
0,0,0,0,0,0,65,44,10,0,0,0,0,0,101,76,174,33,0,0,0,0,25,106,174,20,0,0,5,2,0,40,0,0,0,0,0,1,43,31,75,2,0,0,0,2,63,49,174,68,0,0,0,0,3,36,174,23,0,0,12,7,0,54,0,0,0,0,0,6,15,2,96,6,0,0,0,7,21,13,174,17,0,0,0,0,0,68,108,0,0,0,10,9,4,141,0,0,0,0,0,0,0,0,2,0,0,0,0,0,0,0,7,0,0,0,0,0,0,3,2,0,0,0,0,0,0,8
216,216,10,0,0,2,3,11,28,52,15,0,0,3,12,68,11,8,3,0,0,0,29,63,1,0,0,24,43,2,14,16,91,139,0,0,0,3,34,74,9,1,1,0,0,11,58,73,40,9,0,0,0,0,51,94,24,6,0,6,8,1,13,41,81,47,7,0,0,0,19,70,41,61,36,9,0,1,5,16,95,22,15,9,1,0,2,23,22,8,0,0,1,4,17,22,171,44,14,9,6,0,0,43,25,55,24,11,10,6,2,3,10,2,5,15,30,35,32,24,2,0,0,0,0,38,118,18
106,135,135,2,5,1,0,12,89,64,135,0,0,0,1,24,45,54,135,14,0,0,5,19,18,31,135,135,0,0,0,0,18,109,108,39,1,0,0,2,51,36,38,16,5,0,3,23,135,21,1,0,0,0,3,43,74,21,8,8,0,1,0,17,1,19,58,31,13,13,8,4,8,55,44,36,31,8,1,0,54,83,44,1,0,0,0,11,68,16,2,0,4,17,2,23,5,0,0,0,3,22,117,72,49,29,3,0,4,10,15,58,24,26,14,0,0,1,2,16,13,13,2,0,11,28,5,1
8,0,0,0,162,12,0,0,162,0,0,0,55,3,0,8,91,0,0,0,3,2,0,6,0,0,0,0,7,3,0,0,13,0,0,0,162,22,0,0,162,3,0,0,62,5,0,5,110,2,0,0,3,3,0,4,0,0,0,0,4,7,1,0,16,0,0,0,162,13,0,0,162,4,0,0,56,2,0,2,100,3,0,1,3,2,0,3,0,0,0,5,4,3,1,0,15,0,0,0,162,10,0,0,162,2,0,0,40,1,0,6,67,1,0,1,0,4,13,9,0,0,0,3,1,4,23,0
19,0,0,16,158,0,0,0,158,1,0,2,26,0,0,13,85,9,0,0,0,0,0,5,5,3,11,26,0,0,2,2,20,0,0,20,158,0,0,0,158,3,0,3,39,0,0,10,115,18,1,0,0,0,0,5,3,5,9,1,0,0,3,3,16,0,0,24,158,0,0,0,158,2,0,5,43,0,0,6,134,6,0,0,0,0,0,6,7,1,4,1,0,0,0,4,9,0,0,22,158,0,0,0,158,1,0,5,40,0,0,10,109,2,0,0,0,0,0,4,7,0,0,0,0,0,0,3
8,0,0,0,149,19,0,0,149,4,0,0,42,4,0,1,96,3,0,0,2,1,0,1,0,0,0,0,4,4,0,0,14,0,0,0,149,13,0,0,149,8,0,0,48,2,0,1,110,5,0,1,1,0,0,2,0,0,0,6,3,2,1,0,17,0,0,0,149,13,0,0,149,4,0,0,40,1,0,7,90,1,0,0,0,6,20,14,0,0,0,2,0,7,40,1,11,2,2,11,149,11,0,0,144,7,2,4,22,3,23,35,24,0,0,0,0,43,130,22,0,0,0,0,0,18,149,5
13,1,12,29,130,2,1,1,152,4,0,1,22,1,1,12,75,7,3,24,7,0,0,3,0,0,2,150,43,0,0,0,19,0,0,15,152,0,0,0,152,3,0,1,34,0,0,6,114,15,1,1,0,0,0,3,5,7,14,75,3,0,0,0,17,0,0,9,152,0,0,0,152,3,0,1,37,0,0,7,122,11,0,0,0,0,0,6,7,4,4,2,0,0,3,5,13,0,0,9,152,0,0,0,152,7,0,2,29,0,0,0,99,14,0,0,0,0,0,1,3,5,7,1,0,0,0,1
0,6,13,27,39,9,0,0,71,81,4,4,1,0,0,1,180,139,18,2,0,0,0,0,30,24,57,23,0,0,0,0,4,4,1,14,27,5,0,1,158,29,1,1,1,0,0,21,180,34,0,0,0,0,0,9,56,6,0,0,0,0,0,0,1,0,0,18,22,10,6,2,180,4,0,2,4,4,2,26,180,25,0,0,0,0,0,5,40,2,0,0,0,0,0,0,0,2,16,18,10,17,11,2,143,31,9,5,3,7,3,19,180,17,0,0,0,0,0,9,13,0,0,0,0,0,0,0
2,12,8,0,0,31,72,12,11,59,11,0,0,29,30,10,61,91,22,3,0,2,5,22,7,15,24,48,32,37,9,5,1,72,155,12,4,2,2,2,25,53,69,34,64,14,10,17,155,65,16,5,8,5,8,41,24,16,21,122,80,1,0,0,0,30,97,19,47,0,0,0,59,4,16,32,155,7,0,1,155,22,0,0,25,1,0,5,43,10,4,71,28,0,0,1,0,1,3,4,64,2,0,1,57,2,0,2,155,6,0,0,155,19,0,0,17,0,0,0,39,13,2,8,0,0,0,1
71,58,2,2,1,0,0,0,150,28,0,0,0,0,0,24,150,10,0,0,0,0,0,37,23,4,0,6,4,0,0,2,54,59,3,1,0,0,0,6,150,9,0,0,0,0,0,81,150,5,0,0,0,0,0,76,50,0,0,1,8,0,0,8,24,20,0,0,0,0,3,14,150,104,0,0,0,0,0,20,150,120,0,0,0,0,0,6,46,10,0,1,6,0,0,1,14,90,7,0,0,0,0,3,85,150,0,0,0,0,0,0,90,128,0,0,0,0,2,4,10,3,0,0,1,5,10,4
0,0,0,0,57,135,11,1,23,5,0,0,4,24,12,12,58,135,14,0,0,0,0,4,16,106,116,23,12,2,0,2,0,0,3,7,25,74,11,1,57,10,7,4,7,25,48,47,135,135,11,0,0,11,23,63,38,76,46,16,41,135,43,13,18,7,4,1,5,29,35,7,64,74,62,6,5,12,8,16,135,58,11,0,0,16,23,83,20,16,58,12,9,88,34,17,25,2,0,0,0,0,4,45,36,10,2,0,0,0,1,86,135,13,1,0,0,0,0,63,71,30,30,1,1,6,0,5
4,22,8,0,0,0,8,8,107,101,36,0,0,0,6,37,69,133,36,1,5,13,4,9,0,17,10,6,53,89,5,0,21,5,0,0,0,0,6,10,133,60,0,0,0,3,8,42,105,15,0,0,5,115,78,26,3,3,0,0,46,133,46,1,41,0,0,0,0,0,0,13,133,9,0,0,2,17,10,66,22,5,3,5,59,133,45,18,20,91,8,2,12,62,42,7,32,1,0,0,0,0,0,6,133,22,3,0,2,5,3,43,8,82,81,16,30,18,3,6,5,133,75,3,3,1,0,0
1,8,118,14,0,0,0,0,2,53,118,16,1,0,0,0,14,78,118,8,0,0,0,0,0,12,118,61,10,0,0,0,61,17,56,19,15,0,1,8,25,9,52,45,84,8,1,4,118,67,36,9,12,4,4,18,11,27,71,73,87,4,3,2,118,33,6,16,12,0,1,22,15,7,8,93,92,11,1,2,95,9,3,12,15,16,65,86,94,47,27,8,14,7,39,66,96,71,4,7,15,1,0,6,1,4,2,24,118,30,2,0,48,0,0,3,51,33,30,38,83,1,0,3,4,10,55,88
78,13,0,0,0,0,0,30,156,31,0,0,0,0,0,39,60,36,2,0,0,0,0,6,15,17,1,70,156,0,0,1,156,3,0,0,0,0,0,64,156,30,0,0,0,0,0,31,120,37,0,0,0,0,0,4,40,17,1,83,156,0,0,0,83,0,0,0,0,0,0,40,156,8,0,0,0,0,0,57,114,32,0,0,0,0,0,11,38,28,1,52,156,0,0,0,0,0,0,0,0,0,0,0,6,0,0,0,0,0,0,0,13,6,0,0,0,0,0,0,8,5,0,8,91,1,0,0
0,0,0,0,137,58,0,0,137,41,0,0,98,30,0,0,137,32,0,0,1,1,0,0,1,0,0,1,4,4,1,0,8,1,0,0,137,72,1,4,137,41,0,0,74,20,6,17,103,13,0,0,0,3,77,25,0,0,0,1,3,5,67,8,7,2,1,9,137,84,13,10,80,8,1,8,34,29,88,53,13,1,0,0,0,24,137,42,1,1,0,0,0,7,137,49,0,2,7,5,42,76,10,2,0,17,58,8,8,39,27,1,2,19,82,14,2,12,43,7,4,14,16,4,21,24,29,13
10,4,1,1,4,5,51,78,10,11,7,1,1,12,144,66,1,3,9,1,0,0,144,50,0,0,2,0,0,0,144,42,22,0,0,19,46,7,13,48,80,53,84,6,2,10,41,31,7,20,144,22,0,0,75,12,0,0,144,28,0,0,85,16,37,4,2,22,88,11,2,16,144,34,12,1,1,0,0,44,86,25,95,5,0,0,0,8,0,1,122,16,0,0,1,1,20,10,4,18,21,5,25,19,144,34,2,2,0,0,0,12,88,5,0,0,0,1,3,7,1,0,0,0,0,2,5,4
20,7,1,5,9,0,0,12,62,31,5,0,0,0,0,42,129,21,12,1,0,0,0,129,51,0,0,0,0,0,1,129,35,4,0,2,20,12,4,19,129,129,25,3,3,4,1,23,35,73,54,39,78,36,5,79,64,1,0,1,11,6,4,129,26,4,0,0,19,23,21,38,129,30,1,0,4,20,23,129,28,32,26,9,73,91,19,43,61,56,24,1,9,9,6,66,18,14,2,1,10,16,6,14,97,20,1,0,0,1,6,113,88,23,11,0,3,4,3,90,8,19,12,1,47,65,15,5
0,4,36,30,4,0,0,0,10,75,27,4,0,0,0,0,6,112,88,0,0,0,0,0,0,22,55,0,0,0,0,0,8,7,11,50,42,17,1,1,108,43,4,1,0,1,0,8,136,136,79,0,0,0,0,11,20,51,98,0,0,0,0,1,2,7,25,136,79,5,0,0,95,25,16,14,5,0,0,9,136,18,2,0,0,0,0,113,95,10,5,0,0,0,0,42,0,0,0,29,107,46,4,0,20,3,1,22,12,0,0,13,136,0,0,0,0,0,0,136,119,0,0,0,0,0,0,84
0,2,0,0,0,0,0,0,2,8,0,0,0,0,0,0,4,5,0,0,0,0,0,0,0,0,0,0,0,0,0,0,8,143,21,0,0,2,3,3,138,143,2,0,0,1,3,29,76,114,0,0,0,0,0,4,2,1,0,2,3,1,0,0,16,93,16,0,1,108,46,19,143,30,1,0,0,19,27,143,143,18,1,0,0,1,0,51,0,0,1,0,1,4,2,0,41,2,0,4,12,66,52,21,143,0,0,0,0,3,4,143,139,0,0,0,0,1,10,143,0,0,0,0,0,5,9,15
9,6,2,37,107,90,17,4,86,25,5,23,68,18,0,3,158,77,4,0,0,0,0,11,31,12,3,0,0,0,0,0,0,0,1,48,158,35,1,0,100,12,15,14,55,17,1,15,158,15,2,0,0,0,0,40,14,0,0,0,0,0,0,1,0,24,47,25,158,34,0,0,28,94,158,15,15,14,9,1,119,77,29,0,0,6,8,5,0,0,0,0,0,0,0,0,0,16,29,19,41,67,48,0,0,21,30,0,0,111,106,0,1,3,3,0,0,31,36,0,0,0,0,0,0,0,0,0
22,40,4,0,6,35,6,4,46,102,44,3,0,0,0,0,136,136,4,0,0,0,0,1,29,72,0,0,0,0,0,0,136,86,6,0,0,4,6,10,77,68,51,14,11,42,17,14,136,28,5,2,2,6,2,30,42,3,0,0,0,0,3,9,136,58,3,0,0,1,2,7,54,37,40,11,3,29,24,13,136,29,7,0,0,2,9,62,44,0,0,0,0,0,0,30,76,78,0,0,1,32,8,1,12,6,3,1,12,128,78,31,41,1,0,0,0,8,54,136,16,0,0,0,0,0,12,136
3,35,21,2,0,8,96,31,33,53,27,25,5,1,27,40,31,153,16,2,0,0,4,1,11,71,9,0,0,0,0,1,63,7,0,3,7,29,89,53,153,55,2,0,0,0,13,73,104,96,1,0,0,0,0,2,8,8,0,0,0,0,0,1,74,37,7,13,4,1,0,2,153,42,0,0,0,0,0,41,153,11,0,0,0,0,1,16,6,2,0,0,0,5,8,2,27,108,17,0,0,0,0,0,153,153,0,0,0,2,7,4,63,20,0,0,0,31,60,7,0,0,0,0,0,69,102,1
29,9,18,36,13,1,2,20,13,4,2,19,30,7,56,75,18,27,25,0,0,1,143,73,1,5,58,2,0,0,143,38,92,3,2,20,36,8,18,83,42,2,0,32,143,16,14,26,143,79,54,1,5,0,11,29,31,34,143,11,0,0,13,2,14,0,0,0,5,6,68,115,43,9,2,9,56,19,72,62,143,30,2,2,3,0,2,34,85,7,11,0,0,0,5,13,0,0,0,0,0,0,9,8,26,0,0,0,0,0,30,55,143,3,0,0,0,0,2,77,42,0,0,0,0,0,13,38
10,43,27,2,7,34,23,3,16,25,23,43,25,18,5,2,0,3,22,129,52,0,0,0,0,0,27,56,4,0,0,0,20,37,47,7,1,33,48,5,129,68,22,41,15,5,5,12,11,11,18,129,111,0,0,0,0,0,29,69,15,7,3,0,5,39,120,59,57,0,0,1,129,12,11,47,52,0,0,33,69,11,66,129,17,0,0,5,0,0,129,129,2,0,0,0,2,2,6,28,101,0,0,0,129,1,0,23,93,0,0,21,110,8,18,12,0,0,0,8,0,0,58,35,0,0,0,0
47,2,3,2,3,8,12,129,84,0,0,0,0,0,0,129,14,0,0,0,14,78,6,24,14,27,0,0,42,129,0,0,57,14,7,2,0,0,0,34,129,26,0,0,1,12,4,82,58,11,0,0,57,129,8,21,65,129,0,0,26,89,0,0,106,40,0,0,0,0,0,30,129,64,0,0,3,50,33,27,41,14,0,1,38,129,42,30,68,51,0,0,2,7,48,98,86,8,0,0,0,0,1,21,34,20,19,5,2,21,25,22,1,3,58,42,6,28,26,13,3,1,15,21,4,12,48,73
0,0,0,0,0,0,0,0,1,0,0,0,0,0,2,3,24,16,74,13,0,0,2,14,22,77,142,29,3,0,0,6,0,0,0,0,7,10,0,0,20,1,0,0,72,122,26,25,143,39,10,16,9,22,25,91,45,19,12,68,97,12,8,22,0,0,0,0,12,26,0,0,82,11,0,0,80,143,7,15,143,49,0,3,11,19,13,143,41,9,1,13,143,78,17,43,0,0,0,0,0,0,0,0,16,0,0,0,0,1,1,12,40,0,0,0,0,3,22,143,13,10,2,3,58,57,43,115
1,20,81,0,0,0,6,6,3,116,108,0,0,0,10,8,4,99,53,8,0,0,6,8,5,89,49,17,1,0,3,3,7,4,9,0,0,0,73,73,19,15,15,0,0,1,135,96,131,64,14,5,0,0,37,80,33,135,15,0,0,0,0,0,48,25,0,0,0,0,8,23,80,41,8,1,0,1,27,27,135,60,0,0,0,0,4,18,111,43,0,0,0,0,0,0,35,57,2,0,0,0,0,0,37,134,18,0,0,0,0,0,135,135,1,0,0,0,6,3,58,12,0,0,0,11,40,6
25,2,0,0,24,128,42,7,131,72,7,0,2,10,3,16,131,35,7,0,0,4,2,63,70,1,0,0,0,0,0,50,65,2,0,0,0,12,36,52,131,14,2,0,0,9,3,39,92,15,6,0,2,47,61,88,44,0,0,0,0,1,68,131,78,33,0,0,0,0,1,27,131,65,0,0,6,76,9,16,14,1,0,0,37,131,78,44,17,1,0,0,1,7,98,131,7,7,0,0,0,0,0,0,14,11,0,0,2,77,10,2,3,0,0,0,4,77,40,47,41,1,0,0,0,0,2,77
0,0,0,0,1,6,1,0,25,7,14,7,1,5,4,12,12,29,125,37,2,0,0,2,7,29,125,57,0,0,0,2,13,1,0,0,9,84,10,4,125,52,3,3,10,45,15,35,55,31,17,18,66,48,10,35,78,33,68,16,2,5,7,125,16,0,0,0,0,7,2,7,125,10,0,0,4,20,20,125,55,77,1,0,45,104,26,50,60,125,73,23,1,5,6,84,0,0,0,0,0,0,0,0,32,6,0,0,0,1,4,69,125,125,0,0,1,6,6,35,69,125,45,28,0,0,0,1
44,0,0,0,16,69,34,42,132,8,1,0,1,5,3,128,57,12,2,0,13,61,68,95,7,0,0,0,1,12,132,132,41,1,0,0,0,4,40,79,132,17,0,0,7,20,2,112,48,1,0,0,129,132,45,26,11,1,0,0,22,36,132,109,21,2,0,0,0,0,1,8,119,20,0,0,11,30,1,7,12,0,0,0,62,132,29,11,5,0,0,0,3,18,52,90,0,0,0,0,0,0,0,0,0,0,0,0,0,0,0,0,0,0,0,0,0,2,1,0,0,0,0,0,0,0,4,13
0,0,0,0,0,0,0,0,0,0,0,0,0,0,0,0,0,0,0,2,1,0,0,0,0,1,3,1,0,0,0,0,12,11,22,1,0,0,0,0,139,20,6,17,11,0,0,4,18,2,14,139,98,0,0,0,0,20,65,52,8,0,0,0,14,26,118,18,2,0,0,1,139,63,24,15,5,0,0,44,79,12,33,139,44,0,0,12,7,12,61,139,5,0,0,0,0,41,139,51,1,0,0,0,66,139,139,12,0,0,0,13,46,45,64,100,18,7,0,4,6,3,28,139,52,7,0,0
28,13,3,41,30,0,0,0,0,14,30,55,21,0,0,0,0,54,49,0,0,0,0,0,0,1,2,0,0,0,0,0,74,63,36,119,23,0,0,0,24,41,39,133,28,0,0,0,133,133,49,9,1,0,0,15,8,13,4,0,0,0,0,2,5,30,126,133,10,0,0,0,20,5,10,133,133,0,0,5,133,21,3,19,23,0,0,129,24,1,0,0,0,0,0,24,1,0,22,94,28,0,0,0,0,2,11,133,133,1,0,0,46,39,25,33,24,21,4,23,11,2,0,0,0,6,3,7
0,0,0,0,0,0,0,0,0,10,11,0,0,0,0,0,20,56,12,0,0,0,0,0,7,14,0,0,0,0,0,0,0,0,0,0,0,0,0,0,23,10,11,1,58,25,9,10,142,126,10,0,7,8,7,27,86,63,0,0,30,5,0,6,0,0,0,0,3,12,11,0,65,5,0,0,110,133,50,27,142,19,0,0,10,9,20,142,66,2,0,0,44,13,59,137,0,0,0,0,0,4,21,0,60,0,0,0,1,35,80,63,110,0,0,0,0,52,81,122,8,0,0,0,5,30,142,142
