0,0,0,0,0,18,30,0,14,0,0,0,0,112,148,24,148,13,0,0,0,24,43,69,134,29,30,13,0,0,0,23,0,0,0,0,0,0,4,0,71,12,6,0,0,4,31,53,148,25,1,0,0,0,2,55,148,26,2,0,0,0,0,35,0,0,0,0,0,0,0,0,28,63,28,0,0,0,0,2,148,101,8,0,0,0,0,46,148,7,0,0,0,0,0,148,0,0,0,0,0,0,0,0,14,22,1,0,0,0,0,0,90,62,0,0,0,0,2,17,119,14,0,0,0,0,1,61
34,16,0,0,0,0,0,5,23,8,0,0,0,0,0,3,4,3,0,0,0,0,0,0,0,0,0,0,0,0,0,0,45,15,14,12,6,2,1,14,142,47,0,0,1,1,0,22,37,20,4,5,54,20,0,2,0,29,15,4,14,3,0,0,17,14,26,27,68,14,5,15,142,84,25,1,2,2,3,64,41,63,96,21,29,5,0,10,0,103,122,18,4,0,0,0,1,128,142,24,17,0,0,0,21,142,142,0,0,0,0,0,5,142,142,4,0,0,0,0,0,38,142,66,1,0,0,0
26,27,10,0,0,0,1,15,133,50,5,0,0,0,0,78,133,2,0,0,0,0,0,133,91,2,0,0,0,0,0,133,10,21,4,0,0,0,0,0,133,79,2,0,0,0,0,19,133,20,0,0,0,0,5,133,133,0,0,0,0,0,7,133,1,1,0,0,0,0,0,0,40,11,0,0,0,0,33,39,29,3,0,0,0,0,72,133,14,0,0,0,0,1,101,133,0,0,0,0,0,0,0,0,1,11,4,0,0,1,9,5,7,21,6,0,7,38,23,23,1,1,0,0,10,40,91,70
50,18,9,25,7,0,0,29,84,12,1,0,0,0,0,123,70,11,0,0,0,0,0,21,1,0,0,0,0,0,0,0,6,25,57,23,9,0,0,4,132,23,35,12,0,0,0,59,139,43,0,0,0,2,10,79,38,6,0,0,0,14,20,21,27,35,33,19,3,0,0,1,67,101,64,28,0,0,0,3,139,139,22,9,3,10,19,52,14,6,36,63,33,64,34,21,13,16,47,16,2,0,0,1,109,119,18,1,0,0,0,2,123,139,36,13,0,0,0,0,1,20,125,103,4,0,0,0
9,116,66,27,1,0,0,0,88,135,18,0,0,0,0,1,87,135,31,0,0,0,0,1,4,61,25,0,0,0,0,0,98,111,10,2,0,0,0,0,135,85,1,0,0,0,0,26,135,26,0,0,0,0,0,26,56,43,2,0,0,0,0,2,128,20,1,1,0,0,0,10,135,25,0,0,0,0,0,11,135,26,0,0,0,0,2,26,45,1,0,0,0,5,36,37,99,7,0,0,0,0,0,47,135,25,0,0,0,0,6,31,52,8,0,0,0,0,56,58,1,0,0,0,0,22,88,29
0,0,0,0,0,77,74,6,0,0,0,0,0,58,128,11,0,0,6,9,11,128,128,2,0,0,22,10,4,123,128,0,5,0,0,0,0,128,97,7,69,35,16,3,0,48,55,18,8,15,94,71,11,23,16,0,0,0,128,40,2,5,2,0,51,2,0,0,0,29,73,30,128,18,2,0,0,1,6,35,61,33,64,19,0,0,0,6,1,9,128,30,0,0,0,0,67,18,5,0,0,0,1,16,128,17,0,0,0,0,0,27,104,21,5,0,0,0,0,35,28,15,38,14,0,0,0,11
17,0,0,0,0,88,97,54,3,0,0,0,0,131,131,32,0,0,0,0,0,118,131,34,0,0,0,5,14,34,32,8,6,0,1,3,26,131,107,22,6,0,0,0,7,83,74,51,33,5,0,0,0,3,41,112,6,1,0,1,12,12,27,26,8,0,0,0,50,64,34,41,47,11,0,0,3,28,39,38,131,46,0,0,0,3,3,13,12,8,1,4,63,33,3,2,23,2,0,2,45,35,17,13,87,42,0,0,0,2,9,15,60,36,0,1,10,46,81,20,1,2,0,1,53,131,131,0
5,2,0,4,8,79,126,21,21,5,0,2,2,12,126,117,26,3,0,0,0,0,126,126,16,9,0,0,0,0,126,126,41,10,0,0,1,38,33,31,44,14,0,0,0,7,50,44,105,9,0,0,0,2,28,94,35,0,0,0,0,0,85,103,18,71,35,0,0,2,3,11,14,115,47,0,0,0,10,13,49,77,23,0,0,0,1,10,30,3,0,0,0,6,8,29,16,35,14,1,9,16,28,32,14,44,32,0,2,8,51,97,0,13,11,1,2,55,36,9,7,0,0,0,1,126,126,10
19,36,23,29,2,0,0,0,38,132,44,10,0,0,0,0,117,132,2,0,0,0,0,9,65,51,10,0,0,0,0,5,22,38,18,30,3,0,0,4,132,73,3,0,0,0,0,4,132,19,0,0,0,0,0,31,132,7,0,0,0,0,0,23,33,4,3,9,2,1,9,132,132,7,0,0,0,0,0,25,132,17,0,0,0,0,1,15,96,8,0,0,0,0,19,37,99,1,4,0,0,0,0,132,94,3,0,0,0,0,0,121,95,8,0,0,0,0,14,61,11,0,0,0,0,0,58,34
17,5,0,0,0,2,41,47,73,4,0,0,0,0,28,143,39,0,0,0,0,0,84,143,2,1,0,0,0,0,143,143,33,33,12,0,0,1,16,15,141,34,1,0,0,0,0,20,58,2,0,0,0,0,40,115,6,0,0,0,0,1,97,141,4,64,69,0,0,0,0,0,46,40,16,1,0,0,0,10,32,5,0,0,0,1,7,33,16,1,0,0,5,51,27,32,0,5,15,1,1,10,14,7,8,1,3,1,2,25,43,9,24,6,0,0,0,93,119,14,1,1,0,0,3,143,143,1
43,25,0,0,0,1,2,4,157,99,0,0,0,0,0,2,126,62,2,0,0,0,0,0,1,5,7,28,0,0,0,0,60,5,9,0,0,0,1,48,157,33,0,0,0,0,0,38,142,43,4,0,0,0,0,2,0,4,10,4,1,0,0,0,24,24,157,54,0,0,0,8,157,73,71,14,0,0,0,27,144,7,0,0,0,0,2,36,1,1,1,0,1,11,9,2,0,14,157,72,0,0,0,0,46,49,119,70,0,0,0,3,64,20,9,2,0,2,4,17,0,0,0,0,3,20,10,1
35,24,1,0,0,0,0,18,44,74,26,0,0,0,0,5,5,130,56,0,0,0,0,0,8,130,39,0,0,0,0,0,108,4,0,0,0,0,0,27,130,71,0,0,0,0,0,20,69,130,17,0,0,0,0,7,27,130,23,0,0,0,0,0,122,8,0,0,0,0,0,5,130,17,0,0,0,0,0,87,130,44,2,0,0,0,0,64,74,92,8,0,0,0,0,1,76,22,0,0,0,0,0,1,130,52,0,0,0,0,0,5,130,13,0,0,0,0,0,32,116,10,0,0,0,0,0,30
77,60,1,0,0,0,0,0,123,123,0,0,0,0,0,7,123,73,11,0,0,0,0,28,21,38,41,1,0,0,0,6,116,86,0,0,0,0,0,0,123,50,0,0,0,0,0,24,123,3,0,0,0,0,0,92,69,7,0,0,0,0,0,67,123,33,0,0,0,0,0,17,123,52,0,0,0,0,0,17,123,24,0,0,0,0,0,31,90,0,0,0,0,0,0,51,66,0,0,0,0,0,17,101,55,3,0,0,0,0,30,123,45,2,0,0,0,0,4,123,28,0,0,0,0,0,9,87
45,13,15,27,0,0,0,1,160,60,0,2,0,0,0,12,100,19,0,0,0,0,0,3,2,1,0,0,9,1,0,0,36,18,32,88,6,0,0,1,160,23,3,13,1,0,0,19,132,15,3,1,0,0,0,4,0,1,4,4,4,1,0,1,36,42,33,160,30,0,0,0,160,23,3,50,15,0,0,27,144,5,4,3,0,0,0,24,0,4,8,4,0,0,0,0,60,18,9,89,80,3,1,9,155,1,0,66,74,0,0,69,119,1,0,0,0,0,0,90,5,9,7,0,0,0,0,5
23,124,16,4,6,2,1,1,46,55,5,13,126,64,5,2,126,126,1,2,37,10,0,0,14,23,3,5,1,0,0,0,46,64,6,8,8,4,1,1,66,29,7,72,126,31,2,11,126,42,3,8,23,1,0,46,12,12,21,5,0,0,0,0,35,59,5,12,30,23,2,2,34,21,20,24,126,98,2,4,126,103,16,3,13,2,0,15,22,47,74,1,0,0,0,0,14,74,11,42,43,3,1,1,12,29,84,74,50,4,0,0,126,126,22,5,0,0,0,0,18,23,16,2,5,1,0,0
27,42,0,0,0,8,6,5,110,80,0,0,0,0,0,10,134,68,0,0,0,0,0,1,134,85,0,0,0,0,0,2,49,30,0,0,0,0,0,0,134,96,0,0,0,0,0,12,134,101,0,0,0,0,1,39,134,63,0,0,0,0,0,26,8,0,0,0,0,0,0,0,57,4,0,0,0,0,33,70,75,2,0,0,0,0,35,134,116,1,0,0,0,0,53,134,0,0,0,0,0,0,0,0,0,0,0,0,0,0,9,13,20,0,0,0,0,0,13,134,22,0,0,0,0,0,43,134
127,42,0,0,0,1,13,40,37,7,8,31,29,50,56,34,17,21,39,73,25,7,5,6,127,72,18,16,4,0,0,5,85,18,0,0,0,0,18,91,41,1,0,0,0,11,80,73,127,62,32,7,0,1,8,29,62,127,40,2,0,0,0,2,62,3,0,0,0,0,22,79,107,56,3,0,0,0,5,30,127,39,0,0,0,0,0,23,123,23,1,0,0,0,0,43,87,1,0,0,0,1,16,74,127,39,1,0,0,0,0,52,127,69,0,0,0,0,0,6,89,10,0,0,0,0,1,30
0,0,0,24,103,16,8,0,46,3,0,58,114,4,1,19,126,33,1,2,14,6,3,59,2,3,1,2,57,21,1,4,0,0,0,17,58,9,4,1,27,1,0,55,126,21,0,19,126,15,1,2,27,13,6,102,7,2,1,2,34,49,4,9,0,0,0,0,64,28,1,1,45,5,0,0,126,91,0,3,126,51,5,3,37,20,3,14,8,6,3,5,74,106,1,1,0,0,0,0,66,84,2,1,45,0,0,0,99,126,4,18,126,1,0,0,8,54,23,62,1,0,0,0,34,126,9,2
51,128,11,8,4,0,0,0,12,39,19,89,113,0,0,0,128,113,2,15,20,0,0,0,57,40,2,2,0,0,0,0,99,92,3,3,14,5,2,6,44,14,4,30,128,24,3,3,128,45,0,5,35,1,0,2,62,10,1,1,0,0,0,1,46,46,3,5,6,3,1,4,26,10,7,119,128,10,1,3,128,4,1,33,28,0,0,82,64,6,4,1,0,0,0,39,62,14,1,1,0,0,0,2,24,8,5,75,100,20,1,3,68,2,2,39,64,5,0,58,127,11,3,0,0,0,0,48
1,0,0,0,47,136,11,5,82,0,0,0,18,46,16,56,161,1,0,0,0,1,1,81,21,5,4,11,56,9,1,10,0,0,2,5,57,58,7,1,107,3,7,13,30,7,1,26,161,39,1,0,1,0,0,45,34,15,2,2,97,27,1,6,0,7,12,6,24,16,3,0,127,6,5,8,65,7,0,7,161,27,0,0,2,7,11,44,18,3,0,1,101,91,14,9,5,20,14,9,28,0,0,0,90,0,2,6,96,7,0,10,161,0,0,0,1,5,13,87,6,0,0,1,60,47,15,15
5,0,1,89,128,1,0,3,131,1,5,37,16,0,0,83,131,2,2,9,2,0,0,83,13,17,19,16,5,0,0,0,3,0,1,55,98,15,4,9,103,8,21,95,29,0,0,23,131,21,8,3,0,0,0,59,34,45,39,4,1,13,22,8,11,33,16,13,13,6,3,9,23,71,131,56,3,0,0,0,131,104,53,4,3,17,5,12,25,4,0,0,11,131,70,11,44,57,2,0,0,0,3,8,25,50,45,1,0,14,26,14,7,26,21,0,12,75,57,1,0,0,0,0,45,131,11,0
15,6,4,0,0,0,6,121,41,23,4,0,0,0,7,122,19,11,12,4,0,0,14,59,14,40,13,5,0,0,2,5,3,0,0,0,0,0,32,122,25,2,0,0,0,0,60,122,71,30,2,0,0,0,33,122,66,21,1,0,0,9,17,50,61,7,0,0,0,2,17,49,122,25,0,0,0,0,10,60,122,103,12,2,2,12,26,99,17,20,10,4,8,122,55,17,88,4,0,1,3,2,12,31,25,2,0,0,0,12,45,59,30,0,0,0,0,21,122,122,0,0,0,0,1,122,122,12
52,2,0,0,0,1,4,29,125,0,0,0,0,0,0,47,125,32,19,2,0,0,0,18,14,24,66,34,1,0,0,0,50,74,6,0,0,0,3,16,117,51,6,0,0,0,0,58,125,33,3,0,0,0,0,75,48,13,7,11,5,0,0,22,38,44,5,0,0,0,13,36,125,125,35,0,0,0,2,20,89,125,94,12,2,2,3,16,60,65,18,1,0,0,5,16,37,4,2,1,0,1,9,45,125,25,4,0,0,0,40,125,23,17,18,8,4,12,125,81,16,6,1,0,0,0,124,71
0,28,38,17,31,0,0,0,32,53,93,16,2,0,0,0,131,71,7,5,9,5,1,1,9,2,0,28,131,33,1,0,10,128,43,16,22,0,0,0,37,31,53,50,82,1,0,2,131,25,3,8,18,7,8,35,8,7,3,72,131,6,4,3,17,93,32,14,34,0,0,0,11,30,21,32,129,2,0,0,111,73,16,6,7,0,2,14,56,32,8,65,131,0,1,2,0,19,44,51,58,0,0,0,21,24,9,26,82,0,0,3,88,38,10,8,28,1,0,3,79,15,1,25,131,7,0,0
0,2,18,97,19,0,0,0,36,81,29,12,0,0,0,0,69,122,30,5,0,0,0,15,7,14,38,41,0,0,25,97,0,1,53,122,6,0,0,0,83,37,68,78,0,0,0,0,122,91,27,9,0,0,0,16,27,23,66,122,0,0,0,7,12,7,41,46,0,0,0,7,23,15,119,122,0,0,0,2,122,16,30,54,0,0,0,76,111,21,27,37,0,0,0,44,23,1,1,0,0,0,0,47,31,8,24,45,0,0,0,57,51,29,58,94,0,0,0,23,122,90,13,2,0,0,0,8
3,4,44,116,0,0,0,0,117,49,26,27,0,0,0,4,107,44,32,60,0,0,0,11,12,12,30,117,0,0,0,5,20,9,44,67,0,0,0,9,80,16,44,117,1,0,0,19,117,33,11,16,0,0,0,57,25,27,53,116,0,0,0,1,33,2,3,6,0,0,1,68,37,15,44,103,0,0,0,54,117,117,34,20,0,0,0,5,48,107,77,33,0,0,0,0,8,0,0,0,2,8,10,31,58,4,7,2,0,4,12,117,117,50,10,1,0,0,0,46,113,50,30,3,0,0,0,45
4,51,18,0,4,131,131,10,25,8,4,0,3,96,131,61,25,0,0,1,7,15,25,50,1,0,0,5,83,20,6,3,35,0,0,0,98,131,70,30,131,6,0,0,0,12,40,84,64,2,0,0,0,12,34,39,0,0,0,6,60,14,17,12,93,43,0,0,101,100,6,11,131,76,0,0,2,8,4,11,40,3,0,0,13,46,36,25,21,0,0,1,31,7,11,40,94,117,1,0,13,23,0,0,104,75,0,0,5,22,2,1,24,2,0,0,13,36,15,11,49,7,1,5,9,1,1,10
80,12,1,0,0,2,6,23,131,54,3,0,0,0,1,17,76,16,0,0,19,59,15,20,103,76,0,0,11,25,5,13,119,1,0,0,0,0,21,131,131,3,0,0,0,1,0,41,90,32,0,0,17,27,4,12,131,131,0,0,38,74,0,0,86,3,0,0,0,0,1,27,131,13,0,0,0,3,2,11,131,31,0,0,2,20,11,16,119,42,0,0,68,131,10,13,0,0,0,0,0,0,0,0,2,0,0,0,0,0,0,0,35,4,0,0,1,12,3,4,16,1,0,0,30,131,6,4
103,106,8,4,1,0,0,0,151,145,1,0,0,0,0,0,40,46,11,7,7,3,1,3,29,0,0,2,63,22,4,5,147,40,8,3,1,2,2,29,151,73,3,1,2,0,0,13,32,31,12,26,64,3,0,0,19,8,7,34,51,7,1,0,151,1,0,1,14,11,5,64,151,7,1,2,2,0,0,66,67,13,11,63,40,0,0,5,10,39,25,46,9,0,0,0,93,32,17,13,11,1,0,13,151,18,0,0,0,0,0,45,88,8,3,23,41,37,3,16,50,24,4,5,11,13,6,25
68,48,0,0,0,16,3,1,12,2,0,0,0,67,16,7,149,38,1,0,0,5,9,17,62,99,18,3,0,0,0,0,14,26,4,3,30,47,2,0,47,2,0,0,8,74,26,10,149,44,0,0,0,2,6,22,149,52,1,0,0,0,1,14,0,5,2,7,120,28,0,0,86,9,0,0,30,32,3,3,149,10,0,0,0,0,1,67,149,11,0,0,0,0,2,50,0,0,0,6,124,12,0,0,83,7,0,3,26,4,0,1,149,6,0,0,0,0,0,31,149,0,0,0,0,0,2,39
19,6,0,0,0,2,2,10,3,0,0,9,28,21,8,2,8,29,42,55,49,8,1,0,128,128,18,2,0,0,0,0,3,0,0,0,0,6,38,54,13,1,0,2,1,32,34,13,83,69,34,10,0,1,5,10,128,128,19,0,0,0,0,3,0,0,0,0,0,1,89,126,31,2,0,0,0,9,66,86,128,16,0,0,0,0,3,64,128,22,0,0,0,0,1,27,0,0,0,0,0,0,79,49,20,0,0,0,0,0,108,128,128,1,0,0,0,0,8,128,128,2,0,0,0,1,0,19
2,0,0,0,0,0,0,9,104,3,0,0,0,0,2,121,121,18,0,0,0,0,0,50,24,30,13,0,0,0,0,3,17,0,0,0,0,0,0,6,151,33,0,0,0,0,0,47,151,46,0,0,0,0,3,27,25,5,0,0,0,1,9,50,21,6,0,0,0,0,0,5,151,69,0,0,0,0,0,45,142,79,34,0,0,0,3,20,14,50,56,10,5,1,3,20,2,17,8,0,0,0,0,0,98,151,59,0,0,0,0,0,50,151,68,0,0,0,0,0,0,82,148,27,1,0,0,0
0,0,0,14,152,148,31,3,7,30,20,22,39,18,25,23,3,41,33,23,8,1,0,0,1,3,16,37,24,2,0,0,12,2,0,5,152,137,46,22,152,21,2,1,10,21,44,107,43,16,6,19,30,5,3,6,0,0,13,36,38,3,0,0,20,27,10,51,152,20,0,2,152,75,8,9,13,3,14,28,32,1,0,5,7,6,60,42,2,0,13,18,5,10,5,14,5,7,4,20,152,105,21,16,61,18,5,5,5,9,22,67,22,1,1,3,10,14,23,41,21,0,0,1,20,25,5,29
43,0,0,0,33,41,19,96,88,19,0,0,0,7,44,111,91,42,1,3,19,4,4,13,1,0,0,22,107,16,0,0,50,0,0,7,53,19,6,78,139,67,0,0,0,0,4,81,94,65,3,4,29,28,8,8,0,0,0,46,63,22,3,0,66,0,0,36,110,1,2,34,139,10,0,0,0,0,12,139,48,3,0,0,3,38,69,84,1,0,1,11,18,59,18,1,38,2,0,15,136,1,0,5,139,3,0,0,2,0,1,76,97,23,0,0,0,0,7,36,10,7,2,22,28,8,4,2
130,11,0,0,0,2,2,22,24,0,0,0,46,75,14,19,46,8,1,0,17,22,9,30,14,5,2,3,4,1,2,29,56,78,3,1,15,5,1,3,21,5,0,1,112,152,26,20,156,26,3,1,9,37,25,72,37,19,11,40,6,0,1,6,14,66,5,4,58,9,0,0,57,4,0,2,156,87,2,8,156,60,1,0,23,14,2,23,58,24,7,47,17,5,3,4,3,13,2,2,79,19,0,0,60,7,0,7,156,47,0,4,156,31,1,1,14,4,1,23,37,5,1,8,11,23,16,10
3,7,3,48,121,3,3,8,86,1,0,89,137,2,0,29,137,2,0,2,3,1,0,61,17,1,0,0,29,31,5,7,8,13,5,40,93,4,5,18,61,5,2,130,137,1,0,6,137,12,2,13,19,4,1,59,20,0,0,0,57,54,2,11,1,0,0,7,41,9,21,55,11,17,20,127,137,8,5,2,136,103,26,33,14,1,0,8,16,10,4,37,83,15,0,2,5,1,7,11,3,3,5,12,2,3,7,47,41,8,3,1,83,33,11,18,8,0,0,1,23,9,5,66,54,0,0,0
80,15,0,0,0,0,0,59,85,7,0,0,0,0,0,76,108,71,0,0,0,0,0,17,39,102,11,0,0,0,0,0,73,39,0,0,0,3,30,45,90,17,0,0,0,0,31,78,133,33,0,0,0,0,1,65,81,36,0,0,0,0,3,30,54,11,15,42,17,20,53,62,133,119,4,0,0,0,17,74,133,133,2,0,0,0,0,24,55,6,0,0,0,0,3,58,36,6,11,36,75,30,5,20,133,25,1,0,7,4,3,96,121,48,2,0,0,0,2,41,20,6,2,0,0,1,5,19
11,0,0,2,25,53,8,15,100,7,8,7,4,6,5,71,11,1,11,71,69,1,0,6,0,0,1,117,120,0,0,0,23,0,0,0,27,101,9,15,132,5,0,1,5,8,6,56,46,4,0,9,124,18,0,4,0,0,0,35,129,28,0,0,43,3,0,0,42,40,5,3,132,31,0,0,9,1,0,5,52,7,0,2,132,21,0,0,0,0,0,0,115,33,0,0,44,83,1,0,2,26,15,7,132,132,2,0,10,10,0,1,16,7,0,1,132,39,0,0,0,0,0,1,98,9,0,0
126,74,1,0,0,0,0,20,131,120,9,0,0,0,3,11,13,44,11,19,11,0,8,15,2,3,39,54,19,0,0,2,136,41,0,0,0,0,5,42,115,40,0,2,1,0,19,41,46,6,1,1,0,0,26,69,31,8,18,14,48,13,4,16,136,79,0,0,0,0,8,30,69,21,2,13,11,8,14,13,74,12,0,1,1,4,16,63,20,4,0,4,16,44,27,21,136,26,0,0,0,0,27,136,14,1,0,0,2,47,114,67,2,0,0,0,0,36,136,88,2,0,0,0,0,35,91,79
131,147,9,0,0,0,0,3,53,147,43,15,0,0,0,5,15,54,35,10,0,0,0,2,12,43,21,13,1,1,0,2,124,147,5,0,0,0,0,59,139,17,15,9,0,0,0,70,28,34,56,14,0,0,0,1,22,19,11,6,5,14,7,2,49,112,54,0,0,0,0,19,147,90,14,0,0,0,0,17,48,41,39,4,0,0,0,1,1,6,31,35,36,25,2,0,13,106,80,0,0,0,0,0,20,103,45,0,0,1,0,0,15,40,3,1,5,38,21,1,0,3,4,6,32,141,24,0
151,151,0,0,0,0,0,0,61,112,47,6,0,0,0,7,2,19,91,77,0,0,0,2,26,85,32,12,0,0,0,1,151,151,0,0,0,0,0,3,65,23,5,0,0,0,3,49,36,14,26,20,0,1,3,28,12,12,26,13,15,54,4,2,124,151,0,0,0,0,0,0,44,30,7,3,5,1,0,4,72,10,2,1,3,54,17,12,2,6,3,2,36,151,17,1,43,67,1,0,1,0,0,0,10,10,1,4,24,6,3,3,8,0,4,6,36,93,18,7,0,59,33,11,33,111,5,0
19,21,57,129,9,0,0,1,123,43,8,7,5,4,3,37,7,4,4,19,23,19,62,76,0,0,3,46,20,26,130,104,14,2,6,130,130,1,0,1,130,35,8,26,33,1,3,21,18,13,15,71,17,5,5,7,0,1,11,113,46,7,4,1,3,2,4,130,130,35,0,0,60,18,22,60,77,13,39,74,16,8,4,10,12,31,53,57,0,0,0,7,37,51,6,0,0,0,13,39,96,53,0,0,4,14,84,78,54,7,2,5,7,11,19,12,28,24,5,7,0,0,0,0,16,42,2,0
81,28,0,0,2,6,0,0,136,36,0,0,0,0,0,23,136,10,0,0,0,0,4,59,28,3,2,0,6,44,22,20,78,86,3,0,0,0,0,4,136,126,0,0,0,0,0,19,136,68,0,0,0,0,2,27,32,25,4,0,0,6,9,18,46,80,51,1,0,0,0,14,136,37,38,3,0,0,0,110,136,18,0,0,0,0,0,50,38,9,0,0,0,0,2,28,79,110,63,9,0,0,0,1,77,49,104,57,0,0,0,10,121,23,7,1,0,0,3,34,50,9,0,0,0,0,2,17
0,0,0,0,0,15,108,48,4,1,0,0,0,21,132,28,22,8,0,0,1,14,51,30,34,26,0,0,0,0,7,19,15,0,0,0,0,35,132,69,126,66,0,0,0,19,120,57,91,73,2,0,0,0,33,46,46,16,0,0,0,0,25,37,32,0,0,0,0,3,27,70,103,11,0,0,0,0,79,132,15,9,0,0,0,1,132,84,2,0,0,0,0,0,132,81,3,0,0,0,0,1,24,38,1,0,0,0,0,0,96,50,0,0,0,0,0,0,132,29,0,0,0,0,0,0,116,34
26,35,2,0,0,0,0,2,106,44,9,0,0,0,0,59,127,14,5,0,0,0,0,127,50,3,0,0,0,0,1,43,86,44,0,0,0,0,0,7,94,127,77,3,0,0,0,14,104,67,122,25,0,0,0,65,77,15,5,0,0,0,8,58,112,3,0,0,0,0,0,46,127,38,9,2,0,0,0,111,74,51,84,23,0,0,0,20,19,28,58,7,0,0,0,4,67,3,0,0,0,0,0,13,127,1,0,0,0,0,0,111,127,25,6,0,0,0,0,43,6,26,40,3,0,0,0,1
125,45,0,0,0,0,0,29,98,6,0,0,0,0,11,84,125,26,0,0,0,0,2,45,65,35,0,0,0,0,1,27,125,125,0,0,0,0,0,8,125,75,0,0,0,0,0,27,125,77,0,0,0,0,0,28,84,5,0,0,0,0,2,58,42,68,78,31,0,0,0,2,125,29,10,4,0,0,0,66,125,15,0,0,0,0,0,75,94,7,0,0,0,0,0,19,0,5,89,109,0,0,0,0,32,49,74,33,0,0,0,5,108,46,9,0,0,0,0,27,43,3,0,0,0,0,8,34
53,53,5,0,0,23,23,36,45,20,3,0,0,35,76,62,90,4,0,0,0,0,16,119,59,3,0,0,0,0,5,71,36,0,0,0,0,48,81,75,119,34,0,0,0,47,66,41,103,25,0,0,0,54,92,68,85,0,0,0,0,5,53,119,22,0,0,0,3,16,30,22,119,4,0,0,0,24,50,106,29,1,0,0,0,119,117,72,109,0,0,0,0,4,29,119,5,0,0,0,4,4,5,10,17,0,0,0,0,6,24,57,3,2,1,0,0,21,40,39,4,0,0,0,0,2,42,119
15,49,18,0,0,0,0,0,34,41,17,0,0,0,0,1,20,103,58,3,0,0,0,0,0,49,134,63,0,0,0,0,43,7,0,0,0,0,0,10,99,24,0,0,0,0,0,4,134,134,22,0,0,0,0,15,33,120,134,20,0,0,0,4,57,9,0,0,0,0,0,8,91,28,0,0,0,0,0,14,134,16,0,0,0,0,0,134,106,9,4,2,0,0,0,89,32,21,1,0,0,0,0,0,49,8,1,1,0,0,0,4,103,2,2,2,0,0,0,134,110,0,0,0,0,0,0,134
40,10,0,0,44,34,0,7,132,64,84,4,0,0,0,25,8,34,165,80,0,0,0,0,1,21,150,74,1,1,2,3,39,1,0,0,23,15,2,13,165,48,6,0,0,0,1,46,75,57,60,51,9,10,5,5,10,32,88,58,9,3,1,5,44,2,0,0,26,9,0,4,165,10,0,0,0,1,2,45,88,6,1,8,15,31,35,28,16,10,20,10,7,8,25,40,22,0,0,0,14,10,0,6,165,2,0,1,0,0,0,83,97,9,18,53,17,5,4,27,41,35,23,26,4,3,13,24
0,0,0,0,22,146,57,0,1,0,1,4,13,146,27,1,1,0,0,8,13,49,12,9,3,0,0,2,13,26,10,15,7,0,0,0,3,146,114,5,79,10,4,15,7,43,22,18,9,4,4,53,71,4,4,4,0,0,0,5,31,29,15,7,30,12,0,0,0,18,19,4,146,12,1,5,4,0,0,15,30,13,57,76,67,0,0,2,0,9,140,58,17,6,1,0,29,35,3,0,0,0,0,0,116,52,8,0,0,0,0,4,112,126,124,15,1,0,0,3,5,55,146,71,19,2,0,1
24,2,0,0,0,0,79,136,15,0,0,0,5,34,136,125,2,0,0,0,77,136,53,13,0,0,0,0,12,54,37,1,25,27,11,4,0,0,8,23,124,14,0,0,6,9,19,44,18,1,0,0,102,76,7,8,0,0,0,0,24,48,8,0,12,25,17,25,7,0,0,0,80,14,5,3,9,13,3,21,5,14,45,11,71,51,2,5,0,19,132,6,10,12,0,0,2,20,29,9,7,1,0,0,8,105,91,1,1,0,0,5,0,136,136,5,4,1,0,1,0,111,136,15,0,0,0,0
4,5,1,4,15,44,112,5,11,3,0,0,5,25,92,28,1,0,0,0,6,13,129,121,0,0,0,0,0,1,129,129,6,10,1,8,72,42,6,8,15,1,0,0,9,66,57,24,49,9,1,4,9,28,36,33,9,6,4,20,27,13,41,61,0,2,81,129,58,16,3,1,10,4,9,63,33,37,12,4,102,21,4,5,4,4,12,51,34,39,48,35,15,0,7,26,2,3,45,129,129,112,27,2,3,2,6,71,129,45,5,2,45,52,6,3,3,5,8,34,45,33,10,7,11,5,23,59
59,2,0,3,5,10,66,128,17,0,0,0,1,142,155,88,7,3,1,3,4,116,88,73,4,4,2,42,23,2,17,58,8,13,21,50,17,6,13,18,18,8,20,22,6,17,38,25,76,26,19,4,0,2,8,39,36,24,18,6,1,1,9,30,2,43,72,51,22,7,5,1,5,24,66,91,7,7,17,3,69,37,32,17,0,0,2,21,45,139,9,5,1,1,2,11,1,13,35,45,122,34,9,0,10,36,19,12,16,19,46,17,13,155,52,3,0,0,2,7,31,155,30,0,0,0,0,1
31,0,0,0,2,27,27,90,5,0,0,0,16,98,11,3,135,14,0,0,2,18,2,7,103,10,0,0,0,10,8,24,25,0,0,0,0,8,54,135,26,0,0,0,3,58,62,33,135,13,0,0,0,5,4,16,60,3,0,0,10,24,13,23,4,0,1,22,1,0,23,135,90,3,0,0,0,3,50,135,135,57,0,0,0,0,1,21,25,26,13,24,19,5,1,1,2,0,28,135,2,0,1,31,118,4,24,17,0,0,3,133,135,16,0,0,0,0,0,94,26,20,10,14,0,0,0,5
44,35,0,0,0,0,22,19,115,115,0,0,0,0,6,18,72,59,0,0,0,0,7,79,15,3,0,0,0,0,2,69,115,52,0,0,0,0,2,27,103,35,0,0,0,0,21,115,83,9,0,0,0,0,20,115,90,2,0,0,0,0,0,52,76,4,0,0,0,0,22,115,115,27,0,0,0,0,4,92,115,41,0,0,0,0,7,44,113,8,0,0,0,0,2,53,76,76,18,0,0,0,18,86,115,86,0,0,0,0,1,35,52,15,1,5,8,5,10,27,115,18,0,0,0,1,3,26
0,0,0,55,74,25,5,0,87,114,4,34,32,6,0,0,60,134,18,0,0,0,0,0,1,27,18,7,12,9,2,0,13,0,0,1,24,124,25,5,134,110,0,1,12,27,4,14,86,84,12,7,3,0,0,3,0,0,8,25,64,7,0,0,29,0,0,6,79,59,8,13,134,7,0,0,1,6,3,111,118,6,4,8,2,0,0,58,1,3,30,37,14,0,0,0,11,0,0,14,111,0,0,4,134,0,0,1,4,0,0,105,134,1,1,0,0,2,10,104,5,4,11,3,1,24,56,8
59,31,0,0,51,117,3,2,84,1,0,0,35,112,22,22,50,0,0,0,20,61,22,12,0,0,0,0,4,45,68,10,26,5,0,0,79,130,7,5,130,17,0,0,19,84,10,19,46,3,0,0,51,130,16,6,8,1,0,0,6,52,58,14,52,1,0,0,72,130,11,19,130,7,0,0,8,80,23,41,24,7,0,0,27,130,18,8,66,25,1,0,1,14,6,8,96,20,0,0,74,89,4,7,123,24,0,2,43,40,3,9,40,19,1,2,28,39,1,1,50,21,0,0,0,0,0,11
15,0,0,14,8,11,20,34,41,4,8,135,42,0,0,32,135,12,23,101,11,0,0,50,135,27,5,16,15,0,0,25,29,2,1,52,38,0,0,8,135,34,14,66,5,0,0,17,94,18,25,135,27,0,0,13,135,8,5,27,8,0,0,55,13,5,6,65,37,1,0,0,135,30,10,20,3,0,0,25,68,9,11,135,25,0,0,16,135,18,13,61,4,0,0,44,6,20,9,17,11,6,3,0,71,65,10,2,0,0,0,8,78,25,8,37,1,0,0,18,51,42,23,52,1,0,0,4
149,10,0,0,0,0,0,17,149,0,0,0,0,0,0,54,119,0,0,0,0,0,0,36,3,0,0,0,1,0,0,5,113,44,11,0,0,0,0,17,149,15,0,0,0,0,0,51,149,1,0,0,0,0,0,37,16,0,0,0,0,1,1,21,38,80,40,8,0,0,0,1,149,111,4,0,0,0,0,9,146,5,0,0,0,0,0,21,18,0,0,0,0,0,0,22,47,149,12,1,0,0,0,2,51,129,33,33,16,2,5,21,42,2,0,4,7,2,10,122,7,0,0,0,0,0,1,37
2,64,130,22,19,4,0,0,25,126,130,24,15,7,1,3,24,130,10,0,0,0,0,0,26,41,0,0,0,0,0,0,20,14,54,16,120,111,31,57,130,22,5,7,69,63,8,33,89,42,1,0,0,0,0,2,26,14,0,0,0,0,0,1,20,14,39,34,36,96,65,52,130,36,11,6,22,34,1,13,106,24,1,0,0,0,0,4,19,5,0,0,0,0,0,1,2,29,117,130,5,1,0,0,89,96,57,47,2,0,0,0,38,34,1,0,0,0,0,0,4,3,0,0,0,0,0,1
2,64,130,22,19,4,0,0,25,126,130,24,15,7,1,3,24,130,10,0,0,0,0,0,26,41,0,0,0,0,0,0,20,14,54,16,120,111,31,57,130,22,5,7,69,63,8,33,89,42,1,0,0,0,0,2,26,14,0,0,0,0,0,1,20,14,39,34,36,96,65,52,130,36,11,6,22,34,1,13,106,24,1,0,0,0,0,4,19,5,0,0,0,0,0,1,2,29,117,130,5,1,0,0,89,96,57,47,2,0,0,0,38,34,1,0,0,0,0,0,4,3,0,0,0,0,0,1
6,22,7,0,0,0,0,0,12,16,11,0,0,0,0,3,3,7,29,4,0,0,0,1,0,16,10,0,0,0,0,0,1,19,20,0,0,0,0,0,11,6,11,8,1,0,0,6,24,6,7,2,0,0,0,8,1,5,13,2,0,13,3,0,4,16,7,1,0,0,1,2,3,6,14,19,5,2,0,0,19,8,3,2,2,42,29,7,1,2,3,0,0,248,100,1,2,27,20,2,1,0,0,0,0,6,8,11,39,48,0,0,0,0,0,0,22,248,34,0,0,0,0,0,6,248,226,0
81,7,0,0,0,0,0,90,43,2,0,0,0,0,19,76,2,0,0,0,0,0,61,90,18,12,0,0,0,0,74,54,117,0,0,0,0,0,0,80,51,0,0,0,0,0,28,83,50,64,5,0,0,0,30,30,62,117,9,0,0,0,8,13,105,0,0,0,0,0,9,117,87,1,0,0,0,0,3,109,117,46,1,0,0,0,0,19,117,63,2,0,0,0,0,15,75,0,0,0,0,0,23,117,117,1,0,0,0,0,0,78,105,0,0,0,0,0,1,117,98,1,0,0,0,0,0,87
22,27,1,0,0,0,0,0,128,85,0,0,0,1,0,0,47,40,3,2,53,66,2,0,0,0,0,6,85,78,10,0,45,27,0,0,0,0,0,1,128,26,0,0,10,5,0,3,43,4,0,24,128,127,10,1,0,0,0,22,67,128,42,0,38,4,0,0,0,0,11,19,128,1,0,2,9,0,2,31,36,1,6,128,94,5,0,7,0,0,0,128,122,17,0,0,23,0,0,0,0,9,22,25,128,0,0,0,0,0,3,90,30,1,5,28,29,19,21,55,0,0,0,50,128,41,3,0
0,0,0,0,0,0,0,1,46,1,0,0,0,0,0,67,81,33,0,0,0,0,1,77,134,33,0,0,0,0,0,28,20,0,0,0,0,0,0,10,134,11,0,0,0,0,0,93,134,42,0,0,0,0,0,51,101,31,0,0,0,0,0,67,74,51,5,0,0,0,0,11,134,110,0,0,0,0,0,19,134,41,0,0,0,0,1,37,36,10,2,0,0,0,10,75,39,21,3,0,0,0,3,123,134,25,0,0,0,0,3,134,134,20,0,0,0,0,0,65,68,82,6,0,0,0,0,10
0,0,0,0,0,0,2,2,24,12,1,0,1,14,48,21,55,33,0,0,1,8,8,14,21,23,0,3,14,29,51,13,0,1,3,0,0,1,8,1,33,17,7,0,0,5,29,29,96,32,1,1,0,0,2,48,14,20,11,125,86,37,23,3,0,0,0,0,0,0,37,24,52,4,0,0,0,3,85,100,143,34,0,0,0,0,24,97,19,13,3,44,35,9,18,22,0,0,0,0,0,4,153,36,8,3,0,0,0,22,153,119,11,1,1,1,2,8,153,153,1,0,0,0,4,9,153,117
120,56,0,0,0,0,0,8,108,114,1,0,0,0,0,0,37,79,48,7,0,0,0,0,0,4,69,85,1,0,0,0,135,10,0,0,0,0,0,37,135,53,0,0,0,0,0,26,67,94,7,0,0,0,0,2,1,54,64,22,0,0,0,0,135,48,0,0,0,0,0,19,135,15,0,0,0,0,0,60,135,85,2,0,0,0,0,12,20,98,43,16,0,0,0,0,41,58,0,0,0,0,0,0,135,44,0,0,0,0,0,1,135,64,0,0,0,0,0,0,41,47,6,5,1,0,0,0
16,19,2,0,0,0,18,71,85,11,1,0,3,5,16,137,51,67,61,10,12,7,7,25,65,116,26,0,0,0,0,3,25,41,20,10,0,0,0,3,137,30,1,0,0,0,0,57,137,72,11,0,0,0,0,54,78,91,35,0,0,0,0,7,5,16,60,40,0,0,0,1,80,108,21,1,0,0,0,6,137,71,3,0,0,0,0,49,98,64,47,0,0,0,0,24,4,10,13,10,0,0,9,19,40,44,7,0,0,0,0,6,137,7,0,0,0,0,0,102,137,10,2,0,0,0,3,92
86,12,1,0,0,1,3,62,87,62,37,3,2,1,1,22,86,103,20,0,0,0,0,7,129,14,0,0,0,0,0,24,91,38,4,0,0,0,0,20,129,77,8,0,0,0,0,24,71,89,61,0,0,0,0,5,129,41,5,0,0,0,0,25,48,67,13,0,0,0,0,2,129,32,1,0,0,0,0,81,123,43,26,0,0,0,0,40,87,27,6,0,0,0,0,33,24,12,0,0,0,0,15,15,128,1,0,0,0,1,34,92,127,7,2,0,0,0,63,129,15,8,3,0,0,0,54,44
2,0,0,1,9,132,70,13,0,0,0,0,0,106,102,21,16,0,0,0,0,5,59,70,4,0,0,1,28,13,22,11,0,0,0,1,68,130,45,15,18,0,0,0,0,31,60,34,132,9,0,0,0,2,7,32,26,5,0,1,66,28,2,2,2,0,0,3,99,48,15,9,86,8,0,0,3,6,26,34,124,15,0,0,5,33,38,26,10,1,0,4,60,132,95,4,17,0,0,0,22,65,40,13,103,1,0,0,1,5,7,39,27,3,7,24,27,34,21,26,1,2,56,132,132,132,23,0
0,0,76,55,7,2,0,0,23,11,58,49,13,12,0,3,142,49,4,3,1,1,0,17,34,39,24,1,0,0,0,1,0,0,9,16,57,69,0,0,40,2,1,6,43,107,9,16,142,73,0,0,1,7,4,22,41,50,23,2,0,0,0,0,0,0,0,0,25,130,40,0,88,3,0,0,37,114,6,13,142,27,0,0,0,4,6,24,46,7,0,0,0,24,28,9,15,5,1,7,11,35,40,13,59,4,4,24,25,39,9,34,142,11,3,1,0,2,129,141,6,0,0,0,0,90,142,28
0,11,20,10,0,0,0,0,40,65,12,0,0,0,0,0,95,80,10,0,0,0,0,0,11,28,35,5,0,0,0,0,7,16,4,0,0,0,0,8,88,24,1,0,0,0,0,2,134,20,2,0,0,0,0,5,29,27,18,1,0,0,0,0,4,2,0,0,0,0,82,134,53,6,0,0,0,0,108,75,134,9,0,0,0,0,36,127,29,11,8,0,0,0,12,42,1,5,70,27,0,0,119,118,2,1,43,18,0,1,134,102,23,2,2,3,0,0,134,134,13,1,0,0,0,0,65,134
2,4,13,81,56,4,1,0,134,57,17,12,1,0,0,7,134,43,5,0,0,0,0,17,20,53,14,0,0,0,0,1,14,7,12,26,11,11,49,30,134,132,19,7,0,0,0,9,134,55,0,0,0,0,0,18,79,13,1,0,0,7,1,9,63,8,31,34,0,0,17,49,134,13,0,0,0,0,0,89,134,5,0,0,0,0,0,114,44,0,0,0,1,25,22,68,12,4,69,134,0,0,0,4,82,3,26,44,0,0,0,67,98,1,1,0,0,0,1,107,15,0,0,0,0,29,37,46
17,29,0,0,0,0,40,45,3,2,1,1,1,5,58,14,1,0,1,11,8,14,43,6,3,2,8,11,1,0,3,4,1,0,0,0,0,2,156,123,14,0,0,0,0,24,156,44,132,31,0,0,0,11,156,85,40,33,4,9,3,0,3,9,0,0,2,8,4,7,64,27,107,5,1,1,1,26,95,26,156,49,0,0,0,0,13,81,45,17,0,4,2,0,0,19,1,2,3,13,18,4,2,1,44,14,23,2,1,1,0,16,156,4,6,0,0,0,0,156,53,0,0,0,0,0,0,106
2,1,1,1,2,15,18,4,73,27,0,0,2,8,4,8,156,108,1,0,0,0,0,3,37,35,17,28,0,0,0,0,0,15,38,14,21,2,1,1,98,27,99,3,1,1,1,31,156,36,14,0,0,0,0,34,55,11,3,2,1,2,1,6,0,156,151,5,7,0,0,0,13,93,156,38,0,0,0,0,156,83,138,28,0,0,0,14,41,6,1,0,2,11,8,15,0,127,52,0,0,0,0,0,0,25,47,14,0,4,1,0,3,8,41,31,4,9,2,0,3,4,4,3,7,11,1,0
50,29,93,106,8,7,6,10,98,56,110,54,2,2,0,6,126,31,4,0,0,0,0,34,68,38,0,0,0,0,0,4,48,1,1,7,5,17,61,73,104,84,24,15,2,5,12,29,126,126,6,0,0,0,0,8,95,20,0,0,0,0,0,12,69,7,0,0,0,0,18,79,126,23,0,0,0,0,2,53,126,25,0,0,0,0,0,78,39,5,0,0,0,0,24,40,98,4,0,0,0,0,5,99,126,26,0,0,0,0,0,38,91,8,0,0,0,0,12,49,6,0,0,0,0,0,68,33
5,67,32,8,8,4,0,4,14,95,47,0,0,0,0,1,128,129,15,0,0,0,0,1,80,129,18,0,0,0,0,4,33,11,3,0,0,0,7,57,129,29,2,0,0,0,0,25,129,50,0,0,0,0,0,28,129,19,1,0,0,0,0,104,74,19,0,0,0,0,1,13,129,23,0,0,0,0,0,17,129,8,0,0,0,0,0,48,118,0,0,0,0,0,5,93,35,4,0,0,0,0,0,5,51,4,0,0,0,0,23,64,40,0,0,0,0,0,43,129,14,0,0,0,0,0,67,129
7,0,0,0,142,69,7,11,91,15,2,1,9,10,13,41,14,12,5,21,81,5,1,1,94,54,8,2,36,3,0,0,22,0,0,0,142,19,1,6,142,19,1,1,28,6,1,16,41,14,3,13,142,11,0,1,142,33,2,4,33,1,0,27,25,2,0,28,142,1,0,0,142,5,0,3,33,8,3,20,31,0,0,3,109,39,4,9,63,1,0,3,18,2,0,60,11,2,2,94,142,0,0,0,127,2,0,12,28,5,4,31,10,0,0,1,31,34,8,11,4,0,0,2,9,8,5,15
0,0,0,1,27,95,65,4,5,3,0,0,15,133,43,3,79,57,5,4,2,25,19,21,15,21,27,85,13,2,0,2,0,0,0,46,102,34,9,2,40,5,0,26,96,38,3,11,133,107,8,2,3,2,0,14,35,41,28,73,68,16,0,0,0,0,0,17,42,53,66,20,47,7,0,16,109,48,6,6,133,16,0,2,5,0,0,98,72,8,30,86,87,19,0,41,0,0,0,0,5,36,50,4,18,2,0,0,15,34,13,8,133,24,0,0,0,0,0,108,133,22,21,23,6,0,0,60
0,0,4,42,48,18,0,0,1,2,4,12,34,26,2,0,94,30,10,34,28,2,0,1,148,77,1,12,33,3,0,5,2,0,2,16,148,72,1,1,56,23,8,4,11,26,5,5,110,46,35,37,0,0,0,6,148,35,3,1,22,20,22,116,4,0,0,0,109,98,5,5,98,8,0,0,6,9,2,46,60,22,12,12,9,6,5,22,81,3,1,0,5,13,53,148,1,0,0,2,79,41,5,5,133,25,0,0,6,13,9,49,66,40,6,11,81,24,1,4,90,0,0,8,39,18,11,46
20,2,0,21,64,16,3,4,127,9,0,2,6,0,0,60,50,6,31,70,82,15,0,30,0,0,118,65,27,29,28,1,9,0,0,1,26,38,15,5,119,12,0,0,2,2,1,127,127,20,35,36,9,0,0,110,13,4,115,66,35,7,1,1,16,5,6,2,3,11,17,2,127,108,0,0,0,0,0,8,127,127,3,4,8,2,0,14,13,5,7,43,28,10,6,3,8,22,23,1,0,0,0,0,127,72,8,0,0,0,0,4,127,58,3,3,40,26,2,5,0,1,1,3,34,44,47,19
12,10,1,3,39,16,0,1,28,0,0,0,27,26,7,29,68,14,10,77,34,0,0,20,18,2,6,138,109,0,0,9,12,16,3,11,114,6,0,0,49,3,0,11,75,12,5,27,138,49,16,32,10,0,1,31,21,16,15,138,138,0,0,2,1,6,2,29,121,2,0,0,30,39,34,41,43,0,0,1,138,51,12,5,7,0,0,29,46,2,0,138,138,1,0,11,2,5,6,64,36,0,0,0,7,96,51,29,8,0,0,0,81,39,35,23,5,0,0,30,46,2,2,69,37,0,2,36
0,0,49,105,44,6,0,0,1,7,129,54,1,0,1,3,0,32,115,12,0,0,0,1,0,5,9,0,0,0,0,0,0,0,1,5,54,76,22,4,14,4,21,4,1,7,53,48,69,60,71,7,0,0,5,34,7,31,76,66,4,0,0,0,9,2,0,1,50,98,21,9,74,14,0,0,0,14,50,46,129,56,9,2,0,0,1,25,92,62,129,81,1,0,0,1,5,12,3,93,39,32,5,0,77,122,4,4,2,13,12,21,129,129,15,0,0,0,0,16,129,71,27,17,1,0,0,4
38,17,19,19,0,0,4,92,62,23,4,3,0,0,17,117,6,2,37,30,1,2,65,117,11,8,112,68,0,0,15,67,32,42,49,53,0,0,0,0,117,116,33,6,0,0,2,22,31,28,88,45,0,0,28,60,61,13,15,5,0,0,11,82,12,13,103,64,0,0,0,2,117,36,63,19,0,0,0,37,102,39,88,40,0,0,0,28,17,16,115,58,0,0,3,9,16,4,18,5,0,0,1,48,36,23,55,17,0,0,3,39,117,80,21,2,0,0,0,19,35,46,110,49,0,0,0,9
136,9,0,1,0,0,0,13,41,9,8,32,13,3,0,1,13,66,27,18,22,0,0,0,3,17,4,12,136,7,0,0,136,34,1,0,0,2,2,16,69,4,1,4,19,50,11,23,132,41,2,5,69,12,3,14,4,6,0,6,136,44,0,0,116,7,0,0,0,1,2,72,73,3,0,0,13,20,6,32,136,10,0,0,101,36,0,10,5,1,1,8,136,76,0,1,78,0,0,0,0,0,2,97,67,0,0,0,0,1,3,45,87,0,0,0,75,57,8,30,9,1,1,2,126,61,1,8
89,18,4,7,10,5,2,19,148,56,1,3,2,0,0,10,21,18,7,36,32,2,0,0,36,32,11,16,30,3,0,0,122,19,8,15,32,6,2,18,148,24,2,4,2,1,0,23,55,18,15,46,20,14,2,4,25,91,29,19,53,2,0,2,71,59,21,13,6,1,1,6,148,49,1,0,2,9,5,37,90,5,0,1,24,63,14,33,146,33,1,4,104,19,2,12,54,4,0,0,0,1,16,61,130,3,0,0,0,2,2,108,89,4,0,0,10,13,5,29,134,6,0,0,106,41,0,9
15,0,0,29,122,55,17,37,70,0,0,0,4,10,12,102,7,0,0,1,8,15,17,27,9,1,4,43,10,0,1,13,35,2,1,65,122,40,1,11,122,6,0,0,20,6,0,52,19,0,0,0,38,46,22,37,37,2,5,9,0,5,19,107,27,43,5,7,122,114,0,0,121,117,4,8,18,3,0,4,11,9,2,49,122,35,14,11,104,0,0,10,21,9,21,120,43,31,5,37,98,4,0,0,82,71,5,11,9,0,0,0,1,5,2,84,120,0,0,0,47,0,0,43,34,0,1,47
2,0,0,3,51,23,7,17,29,0,0,3,60,23,17,112,73,0,0,45,36,0,0,121,1,0,0,90,75,0,0,1,18,0,0,2,49,18,6,48,47,3,0,8,116,43,4,35,127,31,0,11,27,4,2,93,15,3,0,56,127,0,0,3,49,6,3,7,36,14,2,45,80,7,0,29,120,34,1,14,127,57,1,11,32,4,2,95,9,5,1,32,127,4,1,10,27,13,11,21,9,0,0,1,20,2,4,98,58,0,0,11,127,12,5,21,11,3,4,127,22,2,0,4,65,24,5,32
10,5,13,112,100,2,0,2,127,49,4,21,36,1,0,6,96,11,0,1,0,0,2,23,43,33,18,31,2,0,0,15,12,7,2,37,127,4,0,4,127,12,0,16,87,3,0,16,85,2,0,0,7,38,14,37,127,35,4,0,0,4,5,69,3,4,3,31,127,13,6,14,127,55,11,31,74,5,0,5,48,5,0,3,45,68,10,27,127,0,0,0,2,9,6,127,3,2,5,24,30,5,2,4,27,61,16,28,23,0,0,0,10,9,3,40,104,9,0,5,103,0,0,3,13,2,0,100
55,5,2,0,0,0,0,51,47,80,8,0,0,0,0,6,13,128,49,0,0,0,0,0,8,128,39,0,0,0,0,0,102,4,0,0,0,0,1,61,128,50,0,0,0,0,0,34,94,96,3,0,0,0,0,15,103,74,1,0,0,0,0,15,128,34,0,1,0,0,8,69,128,71,0,0,0,0,0,29,98,5,0,0,0,0,0,68,128,29,0,0,0,0,0,27,128,15,0,2,7,3,0,53,128,46,0,0,0,0,1,38,68,4,0,0,0,0,3,34,128,21,0,0,0,0,0,16
44,0,0,16,137,0,0,10,137,2,0,0,3,0,2,69,56,7,1,6,15,12,12,19,0,0,0,11,71,30,3,0,40,6,0,16,137,3,0,3,137,19,0,0,6,6,2,20,64,2,0,0,9,80,54,16,9,1,5,19,33,27,26,15,24,39,11,37,137,2,0,0,137,66,3,1,5,34,12,16,43,3,0,0,12,125,47,32,55,10,2,2,4,5,8,33,1,53,27,28,119,5,0,0,10,58,11,4,86,76,5,1,136,35,0,0,41,89,32,32,73,43,10,18,6,0,0,6
8,2,0,0,0,0,0,0,109,25,1,0,0,0,0,7,78,129,13,0,0,0,0,4,19,119,50,1,0,0,0,0,9,22,35,1,0,0,0,0,129,51,11,0,0,0,0,25,129,41,0,0,0,0,0,63,110,38,29,2,0,0,0,22,1,59,47,1,0,0,0,0,33,120,35,1,0,0,3,10,129,98,1,0,0,0,3,49,129,62,1,0,0,0,0,22,52,53,19,2,0,0,1,15,18,26,28,45,34,9,11,20,129,69,1,8,11,4,11,89,129,129,1,0,0,0,0,13
56,6,0,0,10,35,8,21,37,4,1,0,9,35,15,32,12,3,2,19,40,2,2,10,0,0,0,131,132,0,0,0,19,29,3,4,93,40,4,5,132,19,3,3,41,34,11,37,43,14,15,53,15,4,1,2,0,0,11,132,131,6,0,0,12,10,2,4,132,26,0,1,132,20,0,3,68,13,2,22,55,6,4,15,37,53,21,8,0,0,3,21,58,94,51,0,7,0,0,2,132,59,2,5,132,10,0,1,31,19,9,113,30,2,0,24,86,21,11,48,0,0,2,54,72,49,24,0
23,10,0,0,0,0,1,15,89,7,0,0,0,0,0,9,128,50,0,0,6,4,0,1,20,12,0,0,73,121,3,2,37,0,0,0,0,0,3,77,128,4,0,0,0,0,0,17,128,10,0,0,34,5,0,14,12,2,1,11,128,38,0,1,75,0,0,0,0,0,3,119,128,12,0,0,0,0,0,54,128,13,0,3,28,0,0,13,12,4,3,57,128,0,0,1,47,0,0,0,0,4,43,121,84,0,0,0,0,0,25,128,108,0,0,2,4,0,6,118,7,2,3,54,56,5,11,15
125,137,3,0,0,0,0,0,137,137,1,0,0,0,0,11,34,41,17,0,0,0,0,13,19,24,6,0,0,0,0,0,121,137,3,0,0,0,0,0,137,85,0,0,0,0,0,60,89,12,2,0,0,0,0,79,29,24,11,0,0,0,0,4,74,137,9,0,0,0,0,0,88,120,3,0,0,0,0,8,79,106,8,0,0,0,0,11,42,24,0,0,4,9,1,2,26,114,10,0,0,0,0,0,55,122,6,0,0,0,0,0,28,71,11,0,0,0,0,0,3,14,3,4,13,7,0,0
69,11,0,3,17,8,0,30,149,6,0,0,0,0,0,106,85,16,1,0,0,0,7,49,14,14,0,0,0,0,2,16,74,48,1,2,4,4,0,0,149,44,0,0,0,0,0,46,107,3,0,0,0,0,23,104,47,8,0,0,0,0,5,58,55,126,1,1,1,0,0,0,149,127,0,0,0,0,0,11,144,24,0,0,0,0,0,33,91,34,0,0,0,0,0,9,15,149,60,2,0,0,0,0,61,97,24,7,0,0,0,1,107,41,0,0,0,0,0,6,67,10,0,0,0,0,0,11
0,0,0,0,5,62,24,0,0,0,0,6,40,67,5,0,0,0,6,56,77,37,0,0,0,0,18,33,13,6,0,0,2,0,0,0,1,46,101,13,29,6,8,11,11,10,26,28,4,4,50,102,9,0,0,0,0,15,119,51,0,0,0,0,52,15,0,0,0,24,77,33,132,47,3,1,0,0,6,26,18,114,65,16,0,0,0,0,0,132,132,3,0,0,0,0,114,30,0,0,0,0,20,116,104,132,25,0,0,0,0,26,9,132,99,0,0,0,0,3,0,132,76,0,0,0,0,0
0,1,0,1,78,36,0,0,1,5,3,7,11,2,1,7,40,0,1,6,2,0,5,189,134,1,0,0,0,0,44,189,1,4,2,23,35,14,1,0,3,8,10,15,5,1,1,2,54,7,11,23,2,2,1,15,189,26,0,0,0,0,0,76,2,6,1,9,35,27,2,0,2,0,0,4,15,10,19,6,57,11,0,2,2,9,20,9,189,56,0,0,0,0,0,5,0,3,3,6,16,14,1,0,0,1,2,8,34,9,3,0,90,51,0,0,4,5,6,5,189,126,0,0,0,1,0,6
1,0,0,3,4,5,15,10,4,0,0,4,1,5,28,34,2,0,1,6,2,18,34,14,2,0,0,0,0,2,55,62,4,0,2,2,1,5,28,14,20,7,2,0,0,2,12,9,1,2,3,7,7,13,8,1,0,1,0,5,4,6,15,6,5,4,101,90,0,0,1,3,18,7,58,22,0,2,2,6,1,9,43,8,7,27,3,1,2,149,50,0,1,7,4,1,2,6,178,154,0,0,0,1,0,1,178,132,0,0,0,0,0,63,178,43,0,0,0,0,16,178,151,0,0,0,0,0
1,0,0,0,6,156,156,13,0,0,0,0,1,156,156,0,0,0,0,3,3,156,156,1,2,4,3,1,0,28,135,22,2,0,0,0,116,156,26,1,14,4,3,4,2,91,35,4,0,3,8,30,10,13,4,0,5,29,17,4,0,1,1,2,7,4,1,2,156,89,1,0,28,6,0,0,0,3,5,8,4,19,10,8,8,4,3,2,5,21,31,6,0,0,1,2,1,6,6,1,34,32,1,2,5,25,20,0,0,0,5,4,16,38,20,3,0,0,4,3,3,14,23,7,1,3,18,4
18,34,23,39,61,28,31,20,6,14,62,76,121,13,3,2,76,98,69,4,1,0,0,8,120,70,2,0,0,1,6,21,36,2,0,0,9,62,124,43,124,77,123,17,16,16,22,26,17,75,124,48,12,1,0,2,25,35,27,10,4,6,5,9,71,102,6,1,10,28,20,9,124,107,6,1,1,2,7,43,35,11,22,29,27,17,16,26,4,30,50,21,8,2,1,3,72,124,5,0,0,0,0,9,39,124,19,3,3,1,3,13,11,10,8,4,11,23,20,11,13,20,5,2,4,11,23,41
52,47,32,1,0,0,0,12,58,39,17,42,15,0,0,24,0,1,14,65,12,0,0,0,0,0,5,33,3,0,0,0,65,38,6,0,0,0,0,70,130,82,29,56,5,0,0,17,9,8,18,130,60,0,0,0,0,0,2,41,17,0,0,0,106,25,0,0,0,0,0,106,130,41,2,16,7,0,0,49,49,9,2,130,130,0,0,1,0,0,0,50,58,0,0,0,130,53,0,0,0,0,0,47,130,130,0,2,2,0,0,8,25,18,1,84,130,0,0,0,0,0,0,60,88,0,0,0
19,2,0,0,0,0,0,5,133,68,0,0,0,0,0,0,119,50,0,0,3,53,15,1,1,0,0,0,75,133,23,0,48,5,0,0,0,0,0,6,133,59,0,0,3,12,2,11,70,16,0,0,89,133,18,5,0,0,0,0,69,133,54,0,51,1,0,0,0,0,0,18,133,5,0,0,5,37,26,74,15,0,0,0,125,133,28,15,0,0,0,14,133,54,6,0,32,1,0,0,0,0,2,36,51,7,0,1,34,40,21,27,0,0,0,0,34,77,72,8,0,0,0,28,77,16,12,1
12,29,74,1,0,7,24,20,65,83,139,1,0,0,1,17,9,31,139,60,0,0,0,0,6,2,139,112,0,0,2,7,62,43,2,0,0,7,34,33,139,79,7,0,0,0,3,37,57,35,57,17,8,31,14,7,0,0,51,78,14,12,21,4,59,37,11,30,4,0,2,56,139,51,2,0,0,1,9,111,30,5,1,2,11,72,51,47,14,4,3,4,10,27,53,41,32,105,58,49,17,9,2,15,48,132,70,15,3,0,0,10,12,37,36,16,10,7,2,5,21,36,43,25,7,3,1,5
0,8,11,2,47,126,16,1,0,29,85,3,12,30,43,1,2,40,126,0,0,0,48,7,0,11,126,18,0,0,36,20,7,28,16,2,11,33,38,22,20,47,65,1,0,20,64,34,126,94,114,0,0,0,7,45,36,51,126,33,1,1,0,0,6,15,31,5,1,9,34,19,58,45,8,6,0,6,33,42,126,51,1,0,0,0,5,73,71,17,6,3,6,40,24,27,20,88,91,64,6,0,0,1,23,41,43,110,15,1,2,27,126,101,24,1,0,0,3,58,26,14,9,4,8,21,16,29
81,3,0,0,0,0,3,70,89,3,0,0,0,0,3,90,100,2,0,0,0,0,1,57,90,6,0,0,0,0,0,26,54,33,2,6,4,0,20,117,122,37,0,0,0,0,2,68,101,8,0,0,0,3,4,49,122,5,0,0,0,0,1,43,112,59,2,24,21,0,0,25,122,44,0,0,0,2,3,39,59,2,0,0,8,44,38,70,122,2,0,0,0,2,9,119,67,3,5,70,19,0,0,37,122,15,4,7,4,1,0,46,32,7,3,34,93,28,12,42,80,0,0,2,13,4,23,122
71,0,0,0,0,0,1,149,149,0,0,0,0,0,0,149,26,0,0,0,0,0,2,26,0,0,0,0,0,1,3,0,85,13,12,3,3,1,2,56,149,14,0,0,0,0,0,128,97,0,0,0,0,0,12,35,0,0,0,0,0,0,7,7,51,90,77,2,0,0,0,2,149,149,9,0,0,0,0,5,73,25,7,4,1,3,13,13,13,3,1,0,0,0,4,13,127,45,11,0,0,0,0,39,149,122,3,0,0,0,0,2,12,18,14,5,0,0,0,0,2,3,3,1,0,0,1,0
10,42,6,0,0,0,0,0,9,50,9,0,0,0,0,0,6,27,28,0,0,0,1,1,3,31,36,1,0,0,0,0,30,15,13,2,0,0,0,0,40,32,8,0,0,0,0,2,19,40,18,0,0,0,0,2,29,24,11,0,0,10,3,5,5,10,65,12,0,0,0,0,40,12,24,9,1,0,1,10,22,11,9,0,2,4,3,21,11,4,2,0,78,241,26,6,0,10,41,9,3,0,0,0,2,1,16,29,57,44,22,9,6,1,3,4,19,165,85,86,0,0,0,0,241,241,53,6
28,2,6,16,45,16,2,21,45,3,4,2,1,0,9,57,32,5,0,0,0,0,12,80,141,1,0,0,0,0,0,141,83,14,35,25,9,0,0,18,22,5,24,30,49,4,7,23,133,18,3,9,8,1,4,35,76,5,3,23,14,0,2,119,141,10,4,5,12,1,2,22,19,16,6,32,102,6,2,2,141,41,4,8,8,1,0,18,29,8,23,29,42,10,7,24,62,0,0,0,2,8,103,87,46,54,6,5,18,24,62,28,41,141,73,0,1,0,0,8,5,94,141,9,7,2,0,3
88,1,0,0,0,0,0,80,116,7,0,0,0,0,0,96,116,43,0,0,0,0,0,37,99,30,0,13,13,0,6,20,116,76,1,0,0,0,0,26,116,88,0,0,0,0,0,24,116,27,0,0,1,5,7,97,45,2,0,0,0,0,55,116,67,55,1,0,0,0,2,37,116,17,0,0,0,0,2,105,88,2,0,0,2,8,9,67,83,7,0,0,0,0,22,47,35,0,0,0,0,0,8,99,101,0,0,0,0,0,5,101,24,0,0,0,0,0,41,109,25,11,0,0,0,0,67,64
36,2,0,0,0,0,0,16,150,11,1,0,0,0,0,55,37,27,23,69,6,0,0,3,0,10,25,150,107,0,0,0,31,3,0,0,0,0,0,6,150,47,0,0,0,0,0,28,98,110,8,1,0,0,0,12,26,56,36,150,79,0,0,3,7,3,0,0,0,0,0,0,150,23,0,0,0,0,0,69,148,17,0,0,0,0,0,107,85,12,4,35,8,0,0,29,0,0,0,0,0,0,0,0,68,25,0,0,0,0,0,16,150,49,0,0,0,0,4,32,51,16,0,0,0,0,29,29
4,21,10,3,5,3,4,11,55,45,4,0,0,0,0,1,71,4,0,0,0,0,0,4,18,3,0,0,0,0,0,0,118,61,11,1,1,1,2,37,132,122,7,0,0,0,0,12,132,12,0,0,0,0,0,63,97,6,0,0,0,0,0,56,132,33,0,0,0,0,0,28,132,109,11,0,0,0,0,16,132,35,1,0,0,0,0,68,35,0,0,0,0,0,3,132,119,12,0,0,0,0,1,59,132,12,0,0,0,0,13,122,55,10,0,0,0,0,32,62,7,0,0,0,0,0,23,109
5,7,19,20,2,0,0,0,97,12,4,0,0,0,0,7,75,3,0,0,0,0,0,9,21,2,0,0,0,0,0,1,4,11,153,78,1,0,0,0,153,47,88,23,1,0,0,27,153,39,2,0,0,0,0,45,45,49,21,0,0,0,0,1,0,1,95,68,49,18,0,0,72,10,38,37,48,53,8,20,153,86,3,0,0,2,2,26,42,65,49,2,0,0,0,0,0,0,2,5,74,117,5,0,74,0,0,0,62,109,10,35,153,8,0,0,0,3,6,71,54,9,3,0,0,39,22,11
105,1,0,0,0,0,0,45,134,30,0,0,0,0,0,74,134,51,0,0,0,0,0,26,106,41,4,0,0,0,0,4,114,23,0,0,0,0,0,13,134,32,0,0,0,0,0,64,134,5,0,0,0,0,0,112,134,4,0,0,0,0,0,78,79,55,0,0,0,0,0,1,134,92,0,0,0,0,0,3,134,47,0,0,0,0,0,15,134,13,0,0,0,0,0,47,44,6,0,0,0,0,0,9,98,16,0,0,0,0,0,6,88,9,0,0,0,0,0,2,30,6,0,0,0,0,0,1
132,26,11,52,25,0,0,29,114,32,10,1,0,0,0,36,1,76,75,7,0,0,0,0,0,36,76,17,0,0,0,0,73,9,6,101,76,0,0,48,132,62,5,6,8,0,0,105,45,121,52,6,0,0,0,1,0,36,77,25,0,0,0,0,42,41,74,100,48,0,0,2,132,88,52,25,5,0,0,20,132,44,12,0,0,0,0,7,15,83,27,0,0,0,0,0,51,20,33,29,2,1,8,22,95,73,36,16,1,0,1,2,123,43,0,0,0,0,0,1,32,32,0,0,0,0,1,10
14,0,0,0,13,149,41,34,151,0,0,0,7,55,18,87,71,0,0,1,58,37,9,27,19,0,0,0,5,27,48,35,22,2,0,5,29,69,24,12,151,34,0,1,15,18,4,27,93,8,0,0,109,123,22,10,28,2,0,0,9,39,79,27,31,13,7,18,46,5,1,3,151,11,0,3,26,23,9,62,44,9,1,3,111,121,14,22,69,43,1,1,9,15,7,8,37,17,1,5,84,19,0,1,151,27,0,0,25,9,2,17,21,24,8,8,37,12,1,5,20,35,3,2,8,16,2,1
69,0,1,47,39,0,1,115,93,9,4,10,6,0,1,91,29,37,11,15,4,0,0,0,1,12,23,36,65,16,0,0,68,8,9,75,76,2,1,38,130,41,13,9,2,3,6,73,32,54,15,6,1,26,66,11,2,13,64,33,12,25,93,12,53,59,38,17,12,2,8,20,107,85,36,4,5,104,43,14,11,2,0,0,6,130,130,18,0,0,0,0,0,62,130,22,27,15,3,5,3,19,76,21,2,12,9,0,2,130,112,5,0,4,20,12,7,91,30,0,2,1,3,11,3,10,33,6
93,23,0,3,24,17,2,4,78,49,23,45,43,5,0,2,1,6,37,37,39,24,47,12,0,3,43,12,0,6,99,12,119,3,0,1,20,17,2,43,127,13,29,59,37,3,0,75,8,3,127,127,41,16,22,1,0,8,127,33,0,3,59,4,93,55,0,0,0,6,4,15,127,127,7,7,6,0,0,26,27,10,38,72,45,4,1,0,0,3,59,37,9,7,12,1,110,93,10,0,0,0,0,0,127,106,2,1,20,31,5,0,1,4,1,16,20,46,47,17,0,0,4,29,6,13,13,7
34,36,3,1,93,127,5,1,105,38,0,0,4,13,15,18,27,2,0,8,22,5,15,25,4,0,0,19,55,9,7,22,10,127,40,5,28,44,1,0,32,40,10,4,73,74,25,25,127,19,3,19,12,13,17,69,15,7,6,104,68,0,0,3,2,84,30,20,76,6,0,0,51,9,2,19,127,42,2,7,127,48,2,9,12,4,1,53,27,11,20,109,22,0,0,10,3,7,4,39,47,2,8,19,16,1,11,127,104,0,0,9,127,8,13,29,5,0,0,113,71,3,14,17,0,0,0,46
5,0,0,63,54,5,29,53,51,0,2,10,3,0,18,118,19,2,25,34,5,21,8,23,25,10,70,110,7,8,4,16,12,1,0,78,118,6,1,11,118,10,1,8,34,7,4,43,57,1,0,0,14,118,25,29,118,11,1,6,30,31,11,41,10,6,9,50,103,7,3,26,65,45,19,27,43,36,4,4,69,93,0,0,30,118,16,6,118,118,2,0,47,27,2,3,26,3,8,13,11,1,1,17,2,9,18,33,79,8,0,0,118,112,6,10,53,17,1,5,51,60,3,0,55,65,3,5
3,0,0,37,45,38,43,48,6,0,0,3,10,20,29,60,5,2,21,10,9,12,51,76,9,9,64,11,0,0,10,56,24,3,6,117,117,4,2,31,102,11,4,39,47,5,3,65,11,3,7,117,37,13,29,70,7,3,11,18,0,0,84,117,33,2,2,115,117,4,0,39,117,24,14,85,40,0,0,14,44,13,53,117,4,0,0,4,1,20,117,59,0,0,14,12,29,0,2,68,13,0,5,117,38,17,47,117,9,8,10,17,33,11,18,15,3,27,34,6,1,5,35,5,0,27,65,5
50,30,3,0,0,0,0,11,26,104,24,0,0,0,0,0,28,124,24,1,1,0,0,0,9,48,4,12,57,49,11,3,124,18,0,0,0,0,0,22,117,28,0,0,0,0,0,23,124,55,2,4,5,3,0,7,28,19,4,46,124,40,1,2,124,21,0,0,0,0,0,41,117,5,0,0,0,0,0,39,124,23,0,0,28,16,1,13,20,12,1,7,124,109,1,1,54,0,0,0,0,1,3,124,91,0,0,0,0,0,0,92,124,0,0,6,35,1,0,35,16,12,3,51,124,5,0,2
0,3,13,13,58,30,0,0,61,30,1,0,47,67,5,4,76,57,4,10,6,3,2,3,0,1,1,31,113,4,0,0,3,0,0,1,78,116,2,2,116,70,0,0,33,54,3,15,70,38,0,3,17,52,22,5,0,0,0,13,85,71,52,0,10,0,0,0,116,116,7,13,116,10,0,0,10,23,8,101,51,2,0,13,97,54,9,25,0,0,0,15,89,108,60,0,15,26,0,0,58,108,2,1,116,73,0,0,5,4,0,11,53,8,0,29,63,2,1,5,0,0,0,76,116,18,2,0
26,0,4,11,0,0,3,61,6,2,28,47,4,9,2,4,12,10,86,132,3,1,1,4,0,0,45,132,30,0,0,0,107,3,0,0,0,10,5,34,27,1,0,1,6,101,30,25,132,9,10,22,23,13,11,45,7,0,4,132,132,8,0,0,60,13,1,0,4,54,13,7,67,34,0,0,9,111,19,9,132,62,0,0,43,17,2,8,5,1,0,8,132,45,0,0,11,15,2,1,48,45,3,0,76,132,3,0,8,26,5,1,39,95,5,0,54,49,0,0,0,0,0,2,100,41,0,0
16,3,0,0,37,108,6,7,118,60,0,0,8,18,3,18,18,12,0,1,16,58,32,2,0,0,0,5,94,55,44,0,47,5,0,0,79,84,7,23,129,12,0,1,11,7,3,64,16,0,0,18,123,58,14,6,0,0,0,9,88,119,71,0,43,96,4,0,18,51,2,0,129,90,0,1,7,1,0,3,15,3,0,50,123,3,0,1,0,0,0,71,129,45,9,0,10,110,14,0,0,2,15,6,25,53,1,1,1,2,49,18,7,8,4,33,51,7,19,7,0,0,2,62,129,5,0,0
8,20,13,3,2,0,0,1,70,29,2,1,2,0,0,10,81,69,4,0,0,0,0,1,11,61,48,0,0,0,0,0,18,6,8,33,18,19,3,4,123,63,0,2,6,10,2,13,103,90,0,0,0,0,0,4,78,78,2,0,0,0,0,0,17,1,0,53,123,86,17,15,123,8,0,0,0,10,9,90,123,29,0,0,0,0,0,37,110,81,0,0,16,26,1,0,20,1,0,6,123,99,21,48,123,2,0,0,0,0,18,123,123,22,0,0,0,0,2,98,86,30,0,3,63,17,0,5
15,5,0,2,53,86,26,9,127,32,0,0,0,3,7,10,73,45,2,0,0,0,0,2,20,60,1,0,0,0,0,0,63,12,0,0,13,48,12,70,127,29,0,0,0,0,0,34,116,76,0,0,0,0,0,3,36,121,1,0,1,14,1,0,94,2,0,0,1,6,8,82,127,5,0,0,0,0,6,127,127,87,0,0,1,0,0,22,26,56,0,1,45,60,0,0,23,0,0,0,0,0,5,57,127,0,0,0,0,0,5,127,127,9,0,0,2,2,3,127,12,6,7,7,49,22,6,21
95,4,0,35,58,21,1,15,164,14,0,0,0,0,0,55,79,3,0,2,2,0,0,22,2,10,14,7,8,0,0,1,72,10,0,0,32,43,3,21,164,23,0,0,0,0,0,82,134,29,0,0,0,0,0,21,19,13,5,5,11,0,0,1,62,73,3,2,16,7,0,0,164,93,0,0,0,0,0,20,121,11,0,0,0,0,0,78,32,11,2,4,8,1,0,12,25,156,22,0,1,0,0,0,153,118,1,0,0,0,0,4,104,41,0,0,0,0,0,17,32,17,0,2,5,0,0,4
2,1,0,0,0,15,40,2,0,0,0,0,1,45,48,0,0,0,0,4,18,55,12,1,0,0,9,35,33,20,0,0,0,0,0,0,0,39,124,2,5,0,0,0,0,32,137,13,47,9,3,4,2,9,34,30,8,29,49,30,1,0,0,0,0,0,0,0,0,52,137,25,53,6,0,0,0,5,114,124,135,115,7,0,0,0,4,40,13,137,63,0,0,0,0,1,1,4,7,0,0,5,100,37,31,2,3,0,0,0,50,137,101,39,2,0,0,0,38,137,37,73,11,0,0,0,34,137
116,29,1,3,5,0,0,10,137,17,0,0,0,0,0,66,117,1,0,0,0,0,0,43,34,2,3,1,0,0,0,17,66,137,21,2,3,0,0,0,124,114,47,4,0,0,0,7,135,11,5,0,0,0,0,39,41,0,0,0,0,0,1,50,47,137,89,31,1,0,0,0,4,49,137,106,4,0,0,0,32,31,48,9,3,4,1,9,9,1,0,0,1,6,22,51,52,137,36,63,6,0,0,0,0,3,18,137,49,0,0,0,0,0,9,38,51,24,0,0,0,0,0,0,14,38,30,14
0,0,12,18,0,0,0,0,94,10,1,6,0,0,0,4,163,137,0,0,0,0,0,2,52,102,3,5,65,2,0,0,0,0,36,67,11,0,0,0,126,17,20,30,3,0,0,0,163,64,0,0,0,0,0,15,73,19,0,0,104,33,1,6,0,0,12,78,31,0,0,0,76,21,21,38,17,0,0,3,163,14,1,0,0,1,19,146,29,0,0,0,49,108,64,60,0,0,0,41,36,0,0,0,18,19,7,21,17,0,0,2,54,8,0,0,0,0,23,106,1,0,0,0,0,35,74,53
22,60,26,9,7,1,1,13,25,84,88,84,24,10,9,12,67,77,56,64,18,3,1,7,107,50,16,1,0,5,9,24,40,11,2,0,8,5,12,94,49,15,5,14,20,76,107,85,125,87,56,18,11,20,24,77,19,45,53,17,3,2,6,13,12,0,0,14,20,4,15,49,79,37,0,1,12,32,29,48,125,110,1,0,2,4,22,58,22,15,3,2,11,15,45,21,1,0,29,125,14,0,1,7,48,5,32,23,0,0,15,68,57,11,3,6,0,4,125,89,2,1,1,1,3,15,125,14
2,4,12,51,17,6,1,0,147,19,5,7,0,0,0,24,145,51,61,7,0,0,0,22,1,4,100,34,0,0,0,0,3,0,2,11,23,64,26,8,146,3,1,2,0,2,7,56,147,21,11,1,0,0,0,69,22,10,61,13,0,0,0,0,6,12,16,2,1,11,10,4,147,58,2,0,0,0,0,9,147,102,0,0,0,0,0,6,30,7,5,0,0,0,0,2,3,33,44,28,4,0,0,0,92,147,18,4,1,0,0,0,135,147,0,0,0,0,0,1,8,2,0,0,0,0,0,3
7,1,4,6,15,51,57,40,9,2,3,8,63,115,78,52,0,5,21,18,51,119,68,0,1,4,7,12,44,49,13,1,13,1,0,0,24,119,74,22,119,48,32,23,23,46,85,80,9,19,88,115,96,46,10,4,1,7,11,22,80,21,0,0,13,0,0,25,35,40,20,19,95,14,3,4,5,16,107,119,10,4,3,14,74,85,119,37,2,62,17,12,59,14,2,2,0,2,28,42,26,4,4,6,6,10,15,29,3,1,20,19,25,49,4,1,1,1,19,20,44,119,15,3,2,0,0,3
7,9,1,4,28,37,23,4,19,16,12,0,0,25,32,60,81,24,11,0,0,1,37,116,61,42,8,2,3,3,11,31,22,18,4,5,21,30,5,1,108,116,97,10,3,4,6,20,92,71,116,37,39,24,31,49,64,30,6,1,5,10,93,116,22,18,26,40,4,2,0,1,116,35,10,3,3,14,68,88,8,4,9,19,94,106,102,38,46,0,0,9,27,18,51,116,0,4,78,116,4,2,1,0,3,3,8,77,11,16,52,9,0,0,3,9,7,22,84,15,4,1,4,5,6,18,45,26
21,0,0,1,4,2,15,125,16,0,11,65,27,1,2,20,21,83,37,35,3,0,0,0,18,58,37,18,0,0,0,1,87,1,0,0,0,0,0,92,108,13,18,13,0,0,0,71,36,125,72,11,0,0,0,1,19,60,25,45,23,0,0,0,93,22,1,1,0,0,0,11,125,46,0,0,0,0,0,41,125,125,28,10,3,0,0,5,6,40,26,71,82,0,0,0,99,17,0,0,0,0,0,0,125,125,2,0,0,0,0,0,99,125,10,6,27,1,0,0,5,17,4,18,125,13,0,0
58,74,1,1,4,18,12,21,63,46,1,0,1,4,35,116,7,7,2,3,39,33,48,69,27,37,8,4,12,12,7,10,18,15,1,3,8,52,27,18,26,16,16,0,0,11,63,116,116,38,8,0,1,4,58,116,46,38,10,3,4,11,13,13,44,35,3,1,19,23,7,5,87,116,116,13,10,5,9,28,107,39,56,20,50,28,91,79,24,6,3,2,4,11,112,116,40,15,18,12,3,2,0,9,82,20,8,4,11,27,66,82,2,0,4,19,85,70,66,18,17,0,1,8,10,12,46,116
69,0,0,27,41,0,0,38,91,0,0,0,0,48,81,110,124,5,0,0,0,41,91,99,124,41,3,0,0,0,13,103,36,0,0,28,112,0,2,19,66,1,0,0,1,53,41,50,124,6,0,0,0,18,10,75,71,0,0,0,0,0,92,124,2,0,0,37,124,4,3,8,71,40,0,2,10,5,12,23,124,68,0,0,0,0,1,31,39,0,0,0,2,11,31,37,3,5,6,44,92,3,1,2,76,82,16,12,9,0,0,1,70,35,4,3,0,2,7,22,30,0,0,0,12,6,2,25
101,11,0,1,15,10,1,27,118,94,7,7,6,4,14,26,14,20,7,15,33,13,28,50,26,15,2,0,0,0,5,59,118,4,0,5,34,2,2,23,118,6,0,0,2,22,118,97,118,61,7,3,15,16,74,51,51,118,58,0,0,0,0,7,55,5,0,0,32,10,12,20,112,26,0,0,0,33,52,26,118,39,0,0,0,1,11,87,79,33,14,0,0,9,66,110,15,17,0,0,23,4,4,11,93,72,0,0,0,1,4,5,83,10,0,0,0,1,18,62,1,0,0,0,0,10,113,69
36,34,4,24,41,4,0,8,122,48,0,0,0,0,0,60,82,6,0,0,0,0,8,82,1,0,0,0,0,0,7,29,70,13,0,2,39,25,4,42,122,114,6,5,1,1,5,34,37,36,11,27,35,15,39,56,26,20,2,0,3,1,18,87,83,0,0,21,52,3,0,30,122,9,0,1,1,17,84,122,90,28,2,8,22,37,122,68,87,122,27,0,2,0,1,18,39,1,0,8,76,1,1,8,69,3,0,0,0,36,44,35,122,15,0,0,0,13,27,57,107,18,2,0,0,1,35,107
27,0,0,67,69,0,0,5,134,0,0,2,2,0,0,87,134,0,0,0,0,0,0,105,14,0,0,0,1,0,0,16,10,12,4,56,134,7,0,0,134,49,5,6,6,0,0,43,134,6,0,0,0,0,0,101,42,0,0,0,0,0,0,40,21,13,2,5,74,67,3,11,111,131,4,1,1,0,0,10,134,99,6,3,1,0,2,33,33,0,0,0,0,0,8,76,42,0,0,5,44,25,2,15,134,62,0,0,0,0,3,31,57,71,14,18,26,12,31,23,13,12,3,5,20,6,16,63
2,4,6,14,73,120,5,0,75,12,1,0,63,120,12,23,59,12,10,16,10,15,4,18,85,4,0,1,1,0,0,49,4,0,0,13,120,120,10,1,120,44,1,6,32,58,16,26,68,33,8,14,45,8,8,14,69,42,3,4,13,1,0,9,2,0,0,11,120,72,0,1,88,4,0,5,67,23,72,120,120,97,28,1,8,7,47,105,21,100,120,12,5,0,0,0,0,0,0,4,49,4,0,0,18,0,0,1,34,14,15,20,90,41,8,0,0,0,4,22,3,31,56,1,0,0,0,0
3,12,78,31,1,0,0,1,3,48,126,22,0,0,0,4,18,105,126,0,0,0,1,24,58,75,79,14,0,4,7,35,3,41,31,1,0,0,10,5,52,62,43,1,0,0,2,13,126,126,76,0,0,0,0,5,16,85,126,89,7,0,0,1,11,5,1,0,0,0,26,13,76,1,0,0,0,0,6,60,126,32,3,0,0,0,0,126,67,18,14,58,35,0,2,90,5,3,0,0,0,0,19,9,32,12,0,0,0,0,8,42,126,81,0,0,0,0,0,70,116,49,0,6,28,3,0,32
0,0,0,0,0,1,33,21,0,0,0,0,0,3,38,3,2,0,0,0,0,0,19,10,6,23,12,1,0,0,0,2,22,2,2,1,0,5,63,121,5,2,5,13,3,33,121,17,74,25,0,1,0,2,65,63,60,121,4,0,2,1,0,6,121,12,10,5,1,4,12,121,28,11,23,60,35,77,40,30,121,30,1,6,5,15,25,121,81,46,0,0,5,26,52,85,25,0,0,1,0,5,45,121,4,0,0,0,21,121,87,76,33,0,0,0,6,34,49,121,6,0,0,0,0,27,121,102
50,119,26,0,0,1,0,3,14,119,119,11,9,4,0,4,74,105,13,1,1,1,0,7,30,12,0,0,0,0,0,1,89,77,4,0,0,1,25,119,38,28,28,10,27,59,34,73,119,14,5,1,5,11,3,40,35,2,0,0,0,0,0,4,55,119,20,0,0,0,10,46,30,119,119,21,1,7,6,18,66,60,82,23,0,1,0,3,19,10,3,1,0,1,0,0,119,110,5,0,0,0,0,25,64,99,77,32,0,0,5,28,0,7,74,118,2,0,3,2,0,2,8,32,12,1,0,0
0,0,0,5,55,42,2,0,6,1,0,29,54,5,0,0,32,7,0,2,1,0,0,0,0,0,0,0,0,0,0,0,1,0,0,6,108,155,155,1,29,2,0,43,155,155,56,5,155,14,0,4,10,9,1,15,10,1,0,0,0,0,0,0,0,2,0,0,0,155,155,5,35,14,12,3,4,65,50,9,155,20,2,0,0,3,1,20,20,0,0,0,0,0,0,2,0,1,4,0,0,9,41,12,14,3,6,0,0,0,41,48,107,1,0,0,0,0,12,107,10,0,0,0,0,0,4,16
133,42,11,2,0,0,4,107,14,12,30,121,19,0,10,51,0,2,12,86,38,0,0,0,0,0,0,2,9,6,1,0,125,6,0,0,0,0,9,133,133,17,0,30,27,0,11,121,11,2,0,81,133,1,0,1,0,0,0,4,27,3,0,0,133,58,0,0,0,0,0,20,133,49,1,3,14,9,3,20,11,1,0,15,105,19,3,5,0,0,0,2,7,0,0,0,133,130,0,0,0,0,0,0,112,76,5,3,1,1,0,1,0,1,1,1,2,2,0,0,0,0,0,0,0,0,0,0
0,0,0,0,0,0,0,0,2,3,0,0,0,0,0,0,2,2,0,0,33,61,7,4,0,0,0,0,117,129,0,0,12,0,0,0,0,0,0,0,119,32,3,2,8,2,0,2,16,16,4,7,129,98,3,2,0,0,0,2,129,129,0,0,37,10,0,0,0,0,0,1,129,7,0,3,15,5,0,43,26,1,1,99,129,61,0,12,0,0,0,127,129,39,0,0,11,4,1,0,0,2,2,5,63,0,0,1,1,2,10,104,26,0,3,98,56,21,21,68,0,0,0,112,129,26,2,0
0,0,0,0,0,0,0,0,18,13,3,0,0,0,0,3,64,166,57,0,0,0,0,1,20,166,69,49,19,0,0,0,0,0,0,0,0,0,1,4,92,17,1,0,0,0,15,68,166,148,0,0,0,0,1,46,94,113,12,22,69,35,11,15,0,0,0,0,0,0,0,1,64,47,4,0,0,0,1,12,166,44,0,0,0,1,10,78,61,1,0,0,25,151,57,56,0,0,0,0,0,0,0,0,2,1,0,0,0,0,0,0,45,5,0,0,0,4,15,19,6,0,0,0,3,103,78,14
38,129,47,53,9,0,0,0,129,78,39,28,0,0,0,17,125,44,15,2,0,0,0,19,1,52,76,4,0,0,0,0,40,85,27,65,18,0,0,0,91,23,20,95,28,0,0,36,129,70,8,4,2,0,0,58,32,85,60,3,0,0,0,0,42,45,9,24,24,0,0,0,55,66,109,72,14,0,0,2,129,101,51,14,1,0,0,5,104,57,9,0,0,0,0,0,55,18,1,3,8,4,0,7,77,25,26,7,0,0,1,44,104,80,18,3,0,0,0,5,86,30,0,0,0,0,0,5
33,7,0,0,24,21,5,25,125,42,1,1,0,0,0,28,75,125,23,11,0,0,0,7,46,125,7,0,0,0,0,0,58,21,0,0,21,12,7,40,125,75,0,0,0,0,0,24,125,95,0,0,0,0,2,40,43,28,0,0,0,0,22,53,61,41,2,4,12,2,1,20,125,20,0,0,0,0,0,119,49,3,0,0,0,0,41,125,1,0,0,0,0,0,125,69,26,0,0,0,11,4,3,37,50,0,0,0,0,0,25,110,6,0,0,0,0,0,125,108,0,0,0,0,0,0,110,75
26,17,24,115,14,0,0,1,71,56,40,77,10,0,0,0,52,21,47,85,10,0,0,23,115,31,22,11,1,0,0,74,23,6,15,66,33,1,0,5,48,17,12,69,41,0,0,0,115,62,78,21,1,0,0,17,105,73,84,7,0,0,1,15,2,2,44,115,81,4,0,0,27,4,1,29,66,18,3,6,111,6,2,1,0,0,5,99,94,12,4,0,0,0,5,81,13,2,6,97,115,4,3,6,6,0,0,52,115,9,8,18,17,0,0,0,0,0,31,76,84,0,0,0,0,0,3,112
0,0,0,0,1,121,86,2,11,9,3,4,7,121,61,6,35,4,16,24,11,30,14,86,27,3,7,1,0,31,121,108,12,0,0,2,74,99,20,1,121,65,14,11,10,22,11,8,16,27,43,80,50,9,7,6,0,10,29,12,7,11,69,15,15,0,0,1,49,62,22,6,121,12,2,5,11,5,0,71,75,17,73,121,48,5,3,17,0,2,121,79,7,7,34,1,14,6,1,1,1,27,16,3,121,80,0,0,0,1,1,25,121,64,22,32,6,3,0,6,0,1,48,55,14,2,0,0
4,0,0,0,87,73,10,5,34,0,0,0,28,66,26,39,83,7,0,0,2,43,22,39,52,7,0,0,5,17,4,16,0,0,0,0,44,137,47,10,29,0,0,0,4,137,137,49,137,5,0,0,3,53,38,85,37,0,0,0,6,41,32,40,0,2,1,15,33,137,48,2,96,20,1,6,12,60,47,8,137,52,0,0,12,59,12,19,20,2,0,0,16,90,65,21,3,13,3,31,84,13,0,0,101,19,3,10,38,9,0,4,137,14,1,1,17,48,11,27,26,28,2,1,15,43,9,5
0,0,0,0,0,0,0,0,26,1,0,0,0,0,0,11,117,2,0,0,0,0,1,125,39,3,0,0,0,0,31,125,10,1,0,0,0,0,0,0,125,31,0,0,0,0,4,20,125,19,0,0,0,9,44,83,10,0,0,0,6,109,125,70,32,1,0,0,0,0,6,33,75,6,0,0,0,3,125,91,11,0,0,0,0,21,125,116,5,12,0,0,29,125,102,18,53,4,0,1,2,5,9,23,0,0,0,3,11,33,90,11,2,6,1,1,2,12,125,44,72,85,0,0,1,32,58,11
3,42,14,0,0,0,0,0,1,17,15,0,0,0,0,0,0,2,7,0,0,0,0,0,0,0,0,0,0,0,0,0,58,31,6,0,0,2,9,43,101,95,76,0,0,0,0,20,8,70,133,0,0,0,0,0,1,94,26,0,0,0,0,0,100,1,0,1,2,5,11,59,133,26,6,0,0,0,1,67,109,91,72,0,0,0,5,37,47,133,32,0,0,0,0,7,58,8,51,53,1,0,0,17,127,6,21,5,0,0,50,133,99,6,1,0,0,0,87,133,133,81,0,0,0,0,1,59
50,0,1,27,14,0,3,135,84,17,3,4,3,0,2,92,20,46,12,18,6,0,0,0,2,18,24,50,57,7,0,0,65,9,9,58,42,0,0,34,135,35,4,4,0,2,6,71,41,43,7,8,0,20,87,11,1,11,43,37,5,27,118,4,53,59,26,12,8,2,5,19,108,80,15,1,0,94,46,20,10,0,0,0,1,135,135,9,0,0,0,0,0,65,135,7,31,11,3,9,4,15,58,24,2,9,6,1,1,135,103,7,0,3,18,15,6,114,30,0,1,1,4,15,2,14,37,5
97,24,2,1,12,22,5,10,49,34,35,62,34,3,0,3,0,8,30,36,29,20,44,6,0,7,32,7,2,19,71,1,129,2,0,1,19,12,1,67,136,18,40,66,23,0,0,73,7,6,136,136,21,8,10,0,0,40,136,15,0,4,18,0,118,25,0,0,0,11,5,30,136,93,9,6,0,0,0,36,36,20,43,85,16,6,0,0,0,5,38,51,14,5,2,0,113,78,5,0,0,0,0,0,136,95,0,0,8,16,1,0,11,8,0,9,24,67,46,6,0,0,1,16,7,16,33,10
30,4,0,0,6,12,7,27,7,0,1,15,30,35,8,10,14,4,12,135,66,0,1,10,10,0,1,81,21,3,9,32,70,21,2,10,21,5,6,24,47,6,3,26,78,14,5,22,135,35,24,135,30,0,1,24,14,8,7,135,106,0,2,4,127,63,5,26,16,1,0,5,25,43,37,94,54,0,0,1,135,83,20,34,11,0,0,15,31,11,21,135,56,0,0,5,135,18,6,12,1,0,0,9,16,62,63,39,2,0,0,0,24,90,74,14,0,0,0,3,41,17,21,78,1,0,0,3
27,47,16,3,19,65,5,5,56,10,1,4,9,9,13,46,23,3,1,26,58,13,6,20,90,15,25,91,7,1,2,38,6,30,31,17,112,30,3,2,117,42,3,9,35,22,9,30,53,31,24,117,50,0,0,5,117,73,22,30,5,0,0,30,7,2,6,101,117,4,0,13,117,23,12,53,28,1,0,47,110,30,49,52,3,0,0,25,17,117,67,14,0,0,0,1,46,14,7,70,14,0,0,35,91,17,16,92,36,0,0,9,117,14,4,0,0,0,3,59,96,92,27,7,0,0,0,33
15,15,5,29,21,1,0,0,48,70,29,56,25,0,0,0,158,158,4,1,0,0,0,0,46,38,4,6,6,3,5,5,15,12,13,28,3,0,0,2,95,20,14,46,20,0,0,10,158,58,4,1,0,0,0,23,49,31,46,22,9,0,0,3,15,1,1,5,4,1,12,29,67,24,7,24,19,2,14,13,158,30,2,0,0,0,0,68,92,10,8,4,18,2,1,65,3,0,0,0,0,20,79,17,21,2,0,0,0,6,125,78,150,2,0,0,0,0,11,158,81,0,0,0,12,12,6,92
2,0,0,0,0,0,0,0,91,15,0,0,0,0,0,22,41,16,14,9,6,4,1,10,0,5,40,22,10,6,2,0,30,7,0,0,0,0,0,6,139,101,0,0,0,0,0,14,51,121,59,2,0,0,0,2,0,120,139,6,0,0,0,0,63,14,1,0,0,0,0,24,139,16,0,0,0,0,0,105,139,81,8,0,0,0,0,57,98,139,37,0,0,0,0,2,25,52,5,0,0,0,0,1,117,25,2,1,0,0,0,54,139,7,0,0,0,0,0,73,139,22,0,0,0,0,0,29
4,0,0,0,14,57,98,35,0,0,1,11,103,89,11,3,61,37,1,4,26,48,8,6,24,21,2,8,91,16,4,2,51,2,0,0,7,32,63,58,22,0,0,0,97,125,13,21,125,25,0,0,22,60,12,44,15,5,0,2,90,125,29,3,76,20,1,1,17,74,13,12,30,61,8,2,58,125,9,5,125,91,0,5,26,13,3,18,9,2,0,43,125,54,3,1,6,10,7,12,36,36,3,0,11,66,24,9,15,29,39,13,38,71,4,2,4,0,57,40,10,16,3,62,125,6,6,7
3,27,41,16,70,57,2,1,14,40,35,9,54,44,7,7,94,29,2,13,21,13,9,27,38,11,5,36,45,3,1,12,9,11,26,19,40,3,8,92,40,10,9,65,126,23,0,6,126,48,7,28,19,5,0,23,26,49,48,73,17,0,0,2,122,23,0,6,5,0,0,126,43,17,12,126,57,0,0,23,126,29,12,51,19,0,0,21,82,66,31,8,0,0,0,20,126,50,0,0,0,0,0,126,42,31,2,31,58,2,1,23,71,12,5,27,48,1,4,17,109,13,0,0,1,2,8,95
7,22,10,1,0,0,0,0,84,27,1,0,0,0,0,1,78,73,4,0,0,0,0,0,10,69,47,0,0,0,0,0,10,7,10,36,19,11,2,2,128,48,0,0,1,4,2,11,125,81,0,0,0,0,0,2,75,84,2,0,0,1,0,0,11,0,0,61,128,59,12,19,128,3,0,0,1,8,8,96,128,27,0,0,0,0,0,32,102,57,0,0,15,24,1,0,7,0,0,7,128,104,18,40,105,0,0,0,0,2,7,128,128,12,0,0,0,0,0,113,76,16,0,5,48,9,0,10
1,1,7,28,82,117,59,12,71,125,39,24,6,2,10,19,75,130,6,0,0,0,0,0,6,33,10,32,23,1,0,0,49,1,0,0,2,68,130,83,130,38,0,0,0,0,16,87,130,41,0,0,0,0,10,39,17,10,3,13,41,7,7,18,30,1,0,0,0,0,5,11,130,9,0,0,0,0,13,36,35,1,0,0,0,4,130,116,64,23,3,2,4,2,67,130,0,0,0,0,0,0,0,0,0,0,0,0,0,0,1,0,0,0,0,0,0,1,39,21,112,3,0,0,0,0,26,117
0,0,0,0,127,92,0,0,6,32,16,1,50,53,2,0,45,54,22,2,0,1,1,13,33,37,24,27,18,16,4,13,11,2,0,0,127,127,0,2,122,95,61,5,25,16,0,7,27,68,127,24,0,0,0,7,15,31,67,75,30,19,4,8,20,0,0,0,127,76,0,6,127,15,5,0,7,6,0,61,77,31,44,7,4,0,0,21,4,11,28,51,36,1,0,1,6,0,0,0,92,46,0,5,127,1,0,0,4,3,0,127,75,17,2,3,4,1,6,123,4,4,2,15,29,11,11,5
5,1,0,0,19,142,2,0,132,113,0,0,1,26,2,1,86,129,37,35,0,0,0,1,3,5,93,92,8,0,0,0,36,3,0,0,4,67,4,2,142,101,1,0,0,2,1,10,100,74,22,2,2,1,0,3,2,7,16,16,44,15,0,0,39,5,0,3,3,6,0,4,142,19,0,0,0,0,0,74,114,11,9,2,14,9,15,67,5,7,3,5,41,29,7,2,23,66,0,0,0,0,0,1,141,142,4,1,0,0,0,15,40,19,5,3,9,12,47,46,1,3,1,1,6,16,90,13
0,0,0,2,6,96,114,9,11,0,0,0,1,31,112,114,2,0,0,3,11,114,114,22,0,0,0,4,30,107,114,0,18,1,0,0,8,62,99,12,114,61,9,7,3,13,48,78,12,16,15,103,80,70,29,12,0,0,1,37,55,40,27,0,19,0,0,15,35,13,4,23,85,14,1,2,1,4,56,114,6,3,3,16,59,106,82,39,0,9,12,8,56,58,0,0,0,1,14,33,28,2,0,2,12,29,25,6,0,0,8,33,9,70,44,3,5,11,17,16,0,83,114,6,6,5,0,0
13,7,1,3,5,27,29,15,15,19,4,0,0,5,65,116,116,16,2,0,0,0,44,116,62,14,0,0,0,3,22,30,32,17,0,1,24,34,7,2,109,116,50,3,1,3,5,24,80,63,52,17,41,29,49,57,15,0,0,0,9,13,116,116,40,13,22,26,10,2,0,4,116,30,7,2,1,11,47,110,7,5,5,8,80,116,95,27,0,0,0,0,38,41,61,85,2,4,116,116,0,0,0,0,9,5,56,73,7,13,27,15,0,0,11,24,7,46,73,2,0,5,17,3,4,41,26,1
1,3,3,1,16,64,45,7,56,43,16,1,3,2,17,44,120,105,53,0,0,0,2,47,15,25,113,28,3,15,11,7,3,50,28,2,1,20,24,4,77,42,76,17,0,0,12,43,120,52,7,1,0,1,6,120,28,21,13,1,2,30,28,35,69,119,33,6,1,1,6,21,40,74,109,68,17,33,25,25,120,120,22,6,1,4,6,69,18,60,24,0,0,1,7,15,22,5,0,3,12,5,38,69,22,0,0,0,5,77,82,60,120,2,0,0,0,11,17,120,32,1,0,0,1,33,40,34
1,1,4,6,1,0,0,0,39,4,5,2,0,0,0,23,138,32,0,0,0,0,0,22,136,87,0,0,0,0,0,18,1,3,51,88,62,29,0,0,68,16,67,84,21,0,0,38,138,22,0,3,1,0,0,82,138,12,0,0,0,0,0,39,3,1,10,21,47,30,4,8,32,21,14,83,92,4,2,6,138,80,3,10,7,0,2,22,138,10,0,0,0,1,6,91,0,0,0,103,28,1,2,1,14,36,29,27,19,4,2,0,113,76,22,12,18,3,2,4,55,5,1,10,36,17,34,125
6,8,1,0,0,0,0,0,6,1,0,0,0,0,0,4,2,1,0,0,0,0,0,2,1,0,0,0,0,0,0,0,17,48,34,0,0,3,4,2,54,20,13,0,0,0,0,32,127,40,0,0,0,0,0,19,124,19,0,0,0,0,0,14,12,8,9,0,0,75,127,121,39,23,12,0,0,0,41,127,127,25,0,0,0,0,41,82,90,8,0,0,0,0,38,109,12,0,1,0,4,46,99,127,74,1,0,0,0,0,70,127,36,18,2,0,0,0,127,127,43,15,1,0,0,0,78,127
10,2,1,64,58,8,2,3,98,33,9,2,0,0,1,11,26,54,55,0,0,0,0,5,0,30,19,2,1,0,0,0,5,2,42,128,45,7,2,0,75,11,49,90,4,0,1,57,128,83,12,4,0,0,0,55,19,73,34,35,47,0,0,0,3,3,14,60,20,124,76,11,31,11,28,93,34,36,43,14,128,47,7,10,4,3,3,37,53,22,6,15,78,57,9,18,27,29,1,0,21,56,13,8,45,110,128,22,2,13,12,5,83,21,114,69,1,4,9,51,12,0,3,17,21,122,30,28
36,45,7,29,45,3,0,0,44,73,52,28,7,0,0,0,19,77,73,47,23,0,0,0,2,57,36,133,62,0,0,0,48,21,7,13,35,4,0,10,137,98,44,13,1,0,0,18,17,48,79,121,21,0,0,0,2,33,25,91,33,0,0,0,40,5,11,30,39,1,0,9,137,15,3,10,11,0,0,49,90,11,10,137,78,2,0,8,16,10,2,37,78,9,0,2,39,11,5,32,36,0,0,3,137,57,4,10,9,0,0,6,89,14,3,20,124,10,1,4,8,0,0,12,112,10,4,15
52,0,0,0,7,3,1,122,42,1,0,2,4,8,24,122,3,0,0,4,23,83,28,9,17,30,1,0,21,89,21,2,49,1,0,1,7,2,0,40,122,10,1,0,4,6,7,94,33,6,1,2,92,96,7,8,122,58,0,0,24,34,3,21,47,47,6,1,6,1,0,0,122,67,1,3,11,28,5,14,23,14,6,4,54,122,7,10,121,66,2,0,3,10,1,35,5,122,107,0,0,0,0,0,16,105,94,48,11,4,0,0,2,43,83,54,20,11,0,0,48,105,12,0,0,0,1,7
9,3,7,4,3,1,24,113,25,2,0,0,0,0,43,137,37,2,0,0,0,0,2,137,1,0,0,0,0,0,2,5,2,5,8,12,42,29,8,9,95,18,0,0,3,3,8,137,137,11,0,0,0,0,0,137,20,0,0,0,0,1,5,16,4,8,10,37,20,22,2,0,127,131,2,0,1,1,0,5,137,137,0,0,0,0,0,13,25,5,0,0,0,1,3,8,5,31,4,27,42,30,1,0,137,137,0,0,3,2,0,1,81,109,0,0,0,0,0,0,1,3,0,0,2,3,1,0
0,0,0,0,0,133,133,0,0,3,3,0,0,65,133,7,1,1,4,0,0,2,133,69,0,0,0,0,0,19,104,92,8,10,3,0,6,133,80,5,46,88,70,1,0,17,83,12,7,22,122,55,6,1,55,45,1,0,14,41,6,11,94,94,21,35,31,3,1,7,12,9,133,57,20,2,0,0,3,34,18,20,28,49,12,8,10,11,0,2,45,82,14,6,10,1,17,23,16,4,3,4,26,27,75,38,8,1,0,3,15,45,11,18,8,3,5,40,28,10,0,1,3,7,20,121,38,0
0,0,0,6,104,98,3,0,5,23,8,6,68,138,10,0,32,93,24,2,17,14,0,0,10,17,12,61,64,7,0,0,4,0,0,0,138,118,1,0,117,64,8,1,55,65,9,16,30,63,27,6,12,7,13,13,14,8,9,52,32,5,2,11,6,0,0,24,138,23,0,3,81,4,0,7,63,13,55,78,22,4,0,0,4,14,138,75,7,1,0,1,16,29,75,41,0,0,0,120,138,0,0,0,5,0,1,65,77,7,12,9,52,9,0,1,7,8,26,41,9,4,1,2,32,38,33,13
4,38,57,20,2,0,0,3,9,19,29,69,74,11,1,4,119,18,0,22,29,1,0,55,119,1,0,0,0,0,0,49,4,2,3,21,14,20,16,14,17,3,0,7,78,105,5,6,119,89,0,3,19,16,2,19,118,27,0,0,0,0,3,61,34,0,0,4,14,15,47,100,32,0,0,12,119,33,2,11,119,13,0,0,13,4,10,119,119,62,6,0,0,0,10,73,93,2,0,0,6,5,2,70,21,8,3,5,83,36,3,19,113,41,1,0,7,3,1,40,119,14,1,0,0,0,42,94
20,1,0,0,0,0,51,164,128,1,0,0,0,0,9,164,36,0,0,0,0,1,5,55,0,0,0,0,1,7,2,1,82,24,1,0,3,0,1,22,164,41,0,0,0,0,0,65,139,14,0,0,0,0,1,22,1,0,0,0,3,6,1,1,61,11,10,13,15,1,1,23,164,41,0,0,0,0,0,53,149,18,0,0,1,0,0,4,0,0,0,1,9,1,0,0,55,48,2,16,54,7,0,0,164,149,0,0,0,0,0,1,68,25,0,0,2,2,0,0,0,0,0,0,6,6,0,0
85,4,0,1,2,0,12,70,163,1,0,0,0,0,1,153,38,1,0,2,2,1,0,15,0,0,0,3,9,0,0,0,45,9,32,29,16,1,1,32,163,8,0,2,3,0,0,128,118,1,0,1,5,1,0,16,0,0,0,0,12,3,0,0,39,20,28,54,104,18,0,0,163,94,0,4,12,0,0,2,119,11,0,0,4,2,0,3,0,0,0,0,9,2,0,0,33,80,9,2,43,42,7,0,163,163,2,0,2,0,0,0,42,16,0,0,3,2,0,0,0,0,0,0,3,1,0,0
2,16,66,24,6,8,15,0,46,128,60,0,0,2,6,0,53,124,110,2,0,0,0,1,10,113,84,0,0,0,0,0,25,48,65,6,1,0,0,10,110,128,117,5,0,0,0,12,31,93,128,66,5,0,0,2,17,48,13,6,1,0,0,0,50,11,0,0,0,0,2,49,128,62,5,3,1,0,0,76,74,19,16,60,74,0,0,13,0,2,3,10,24,2,0,0,31,121,0,0,0,0,0,5,128,128,0,0,0,0,0,2,33,24,0,4,23,0,0,0,0,0,0,0,5,0,0,0
2,3,72,44,16,26,4,4,73,16,16,13,7,6,1,75,42,9,7,5,30,32,25,97,0,0,3,15,87,59,4,0,17,7,1,6,54,72,12,7,109,134,66,1,3,7,3,21,25,73,134,59,6,6,6,21,0,0,108,78,20,9,1,0,25,24,9,23,96,5,1,15,134,134,11,0,0,0,0,69,96,42,58,56,12,0,0,21,0,0,39,50,6,0,0,0,5,99,84,48,45,0,0,0,67,134,25,1,0,0,0,0,18,54,35,22,3,0,0,0,0,3,18,9,1,0,0,0
2,13,54,32,7,0,0,0,9,35,7,0,0,0,0,0,0,6,3,0,0,0,0,0,0,0,0,0,0,0,0,0,24,5,7,84,74,5,1,6,140,78,13,1,0,0,0,12,32,135,44,0,0,0,0,3,0,40,14,6,5,0,0,0,11,5,52,140,39,1,0,0,140,21,60,71,2,0,0,57,140,119,16,2,0,0,0,49,28,72,37,66,85,1,0,0,1,0,18,102,34,116,34,1,37,12,38,86,28,34,23,6,140,30,8,6,2,3,4,53,50,12,3,19,94,69,13,25
109,4,2,9,8,0,0,35,91,12,4,12,6,0,0,21,142,42,29,28,0,0,0,25,3,3,19,84,19,0,0,0,143,4,3,7,1,0,0,75,86,6,6,40,17,0,0,19,143,10,3,11,5,0,0,49,30,2,2,54,119,1,0,2,143,36,1,1,0,0,0,43,81,28,20,31,6,0,0,5,143,40,7,5,2,0,0,16,43,7,4,70,100,0,0,4,123,66,18,6,1,0,0,9,58,12,9,1,0,0,7,20,124,5,3,0,0,0,10,89,36,2,1,28,55,5,4,62
5,14,16,12,39,155,118,5,65,44,0,4,39,116,29,12,20,126,30,0,0,0,0,0,0,20,60,34,0,1,0,0,49,0,0,0,3,155,95,22,155,67,0,0,0,10,11,28,59,100,7,1,6,21,10,2,5,8,14,8,3,30,28,5,79,3,0,7,17,11,2,10,155,17,0,0,0,0,0,47,89,5,0,10,29,15,2,22,14,13,1,6,17,12,3,2,61,11,9,95,10,0,0,0,155,61,0,1,0,0,0,6,63,28,3,11,20,3,0,4,10,41,9,9,10,2,0,0
24,0,2,4,1,2,44,68,147,92,18,8,2,0,5,45,21,53,39,90,29,0,0,0,0,0,0,59,26,0,1,0,52,11,48,75,0,0,0,5,147,104,11,12,12,3,1,22,68,42,11,73,147,26,2,6,0,0,0,37,58,5,0,0,17,8,36,147,29,0,0,0,147,21,12,26,10,15,40,134,34,1,0,1,81,136,83,56,0,0,0,0,15,20,3,0,2,0,0,27,74,8,0,0,10,1,1,13,33,6,28,35,0,0,0,0,0,13,64,24,0,0,0,0,0,1,1,0
1,14,47,89,37,14,3,0,73,145,57,6,0,4,3,7,102,145,70,11,0,0,0,9,21,46,28,16,3,0,0,0,3,7,8,10,17,33,25,12,145,51,9,0,0,0,7,118,145,58,23,26,6,0,0,128,16,3,11,46,18,0,0,2,13,19,2,0,0,6,18,9,145,122,0,0,0,0,3,27,145,93,0,1,0,0,0,14,13,2,0,2,0,0,0,0,14,26,18,3,0,0,0,0,124,86,3,0,0,0,0,6,35,22,0,0,0,0,0,0,0,0,0,0,0,0,0,0
0,0,19,11,0,0,0,0,7,1,6,13,0,0,0,0,24,7,1,7,5,0,0,0,0,0,4,22,11,0,0,0,0,0,122,81,11,0,0,0,46,3,28,119,70,0,0,2,122,23,5,32,55,7,0,18,5,2,11,91,122,27,1,2,0,0,42,44,82,65,6,0,33,8,2,48,122,61,6,3,122,20,0,7,81,39,3,28,5,0,0,1,122,116,9,7,0,0,0,0,44,122,59,0,11,0,0,0,36,122,66,45,43,1,0,0,46,41,58,97,0,0,0,0,122,66,16,8
7,15,13,6,28,113,17,7,7,4,11,4,8,64,107,61,9,43,20,2,1,85,119,26,93,85,1,0,0,0,44,74,13,0,0,0,16,119,32,15,119,37,55,5,2,20,9,37,23,93,119,10,2,7,3,2,92,73,5,0,0,0,4,59,32,8,0,0,1,53,16,11,119,36,4,2,1,7,2,29,50,10,20,30,18,29,10,6,17,11,16,3,1,4,29,52,28,4,0,0,0,1,3,43,119,15,0,1,0,0,21,119,20,3,15,34,4,11,91,81,1,11,24,6,1,93,111,2
26,45,3,0,0,22,25,8,13,17,11,6,36,142,38,15,12,13,34,7,6,73,111,54,22,83,34,2,1,49,80,28,0,0,0,0,0,30,34,1,45,3,0,0,16,142,49,30,142,53,72,7,2,14,6,43,28,70,82,10,5,12,7,10,0,0,0,0,0,6,5,0,92,24,0,0,0,39,16,33,142,50,3,11,5,6,3,65,21,9,25,44,16,21,17,18,0,0,0,0,0,0,0,0,32,4,0,0,0,0,6,100,68,8,5,5,1,2,88,142,3,2,11,17,2,78,142,72
75,27,8,11,10,0,0,14,19,78,71,16,1,0,0,0,9,48,103,103,3,0,0,0,93,113,25,4,0,0,0,0,125,13,7,6,0,0,0,39,125,58,36,21,3,0,0,18,23,24,54,93,41,0,0,3,99,85,13,4,3,0,0,12,125,32,7,3,0,0,0,39,125,37,7,11,7,0,0,15,60,6,1,69,125,2,1,12,70,3,0,7,20,1,10,87,108,54,18,8,5,0,4,22,105,15,1,2,0,0,14,84,34,1,0,44,94,5,4,51,4,0,0,14,36,1,12,32
49,0,0,13,36,82,26,18,153,10,0,0,0,2,3,56,48,10,0,2,21,11,3,11,6,9,8,4,8,4,3,4,49,10,31,153,31,0,0,1,153,32,6,16,1,0,0,19,86,36,10,13,8,0,0,5,10,55,49,6,1,0,0,0,13,4,14,132,72,56,26,2,153,9,4,31,26,14,1,30,140,15,6,6,0,0,0,8,96,42,21,10,1,0,0,1,5,16,15,2,23,69,38,14,153,65,14,1,9,17,1,14,128,26,5,4,0,0,0,3,106,26,2,5,7,0,0,0
2,9,13,13,46,155,93,4,48,37,1,5,48,109,25,12,19,124,33,0,0,0,0,0,0,17,65,33,0,0,0,0,39,0,0,0,3,155,124,27,155,50,0,0,0,16,21,37,80,87,5,0,3,13,3,2,2,5,13,8,2,19,14,5,82,4,1,13,26,21,6,13,155,12,0,0,0,0,0,40,109,4,0,1,22,8,0,18,7,12,2,1,15,6,2,2,49,15,15,110,11,0,0,0,155,47,1,2,0,0,0,2,80,24,6,8,5,0,0,2,2,39,16,5,3,0,0,0
3,5,6,82,84,18,2,0,102,8,6,36,20,6,1,11,153,13,0,0,0,0,0,31,35,7,2,4,14,1,0,7,9,25,41,153,18,0,0,0,78,16,32,153,29,0,0,1,153,30,3,6,1,0,0,10,57,21,7,9,1,0,0,1,6,9,5,24,15,32,92,10,33,2,3,82,104,95,16,4,153,4,1,8,10,7,1,26,87,7,4,4,0,0,0,3,0,2,2,4,4,22,84,35,21,27,20,3,26,74,15,6,153,62,6,0,1,5,1,9,78,16,3,3,0,0,0,1
30,1,2,4,0,5,60,68,146,102,17,4,0,0,4,36,17,54,49,90,19,0,0,0,0,0,0,60,26,1,1,0,70,21,55,74,0,0,1,10,146,109,13,9,5,2,1,22,63,41,17,89,145,22,2,6,0,0,0,40,50,3,0,0,23,14,49,146,20,0,0,0,146,26,13,20,6,9,38,140,32,1,0,2,64,108,83,59,0,0,0,0,14,10,0,0,1,0,0,37,75,9,0,0,10,0,1,13,38,5,31,43,0,0,0,0,0,7,50,21,0,0,0,0,0,0,0,0
0,0,0,0,0,0,0,0,13,2,0,0,0,1,61,123,2,0,0,0,64,130,130,83,48,17,0,0,74,130,46,32,13,3,0,0,0,0,0,1,130,88,6,11,14,3,19,64,20,19,6,35,130,130,72,31,71,63,1,1,36,59,20,65,17,0,0,0,0,0,0,4,130,14,1,3,16,13,6,49,14,3,1,15,130,76,10,14,12,0,0,1,93,37,50,130,0,0,0,0,0,0,0,0,0,0,0,0,0,1,0,0,0,0,0,0,28,19,0,0,0,0,0,0,32,19,10,16
32,19,10,16,0,0,0,0,28,19,0,0,0,0,0,0,0,1,0,0,0,0,0,0,0,0,0,0,0,0,0,0,94,37,50,130,12,0,0,1,130,76,10,14,14,3,1,16,16,13,6,49,130,14,1,3,0,0,0,4,17,0,0,0,36,59,20,66,71,63,1,1,130,130,72,30,20,19,6,35,14,3,19,64,130,88,6,11,0,0,0,1,13,3,0,0,74,130,46,32,48,17,0,0,65,130,130,83,2,0,0,0,0,1,61,123,13,2,0,0,0,0,0,0,0,0,0,0
14,21,41,1,0,0,2,50,40,16,15,14,6,1,23,102,33,61,60,27,12,1,6,14,0,8,11,0,0,0,0,0,5,41,122,21,12,4,3,3,76,19,38,68,37,0,2,51,122,84,27,3,0,0,0,82,19,57,19,0,0,0,0,0,31,46,13,9,10,6,3,23,26,89,122,65,8,0,0,4,122,122,74,12,0,0,0,8,121,112,11,0,0,0,3,7,122,33,3,0,0,0,0,82,110,65,64,26,3,0,0,28,70,34,40,45,16,0,2,32,78,8,0,0,0,12,48,73
0,0,0,0,0,0,0,0,2,0,0,0,0,0,0,0,0,0,0,2,1,0,0,0,0,0,0,1,0,0,0,0,17,3,27,77,10,0,0,0,130,20,5,23,18,0,0,4,12,4,4,123,124,4,0,0,12,4,3,75,45,12,4,3,14,2,13,93,121,14,0,0,130,11,2,14,43,16,1,21,21,1,0,26,130,121,0,7,1,0,0,14,130,130,15,3,4,0,0,3,64,117,21,10,68,3,0,1,28,32,30,67,5,0,0,0,130,119,10,7,0,0,0,1,130,83,0,0
128,128,16,0,0,2,0,0,123,128,6,0,1,0,0,0,41,70,30,60,60,7,0,0,13,90,49,41,16,2,0,0,101,128,33,9,6,2,0,24,128,128,2,3,16,2,0,21,45,39,1,7,128,43,1,7,128,50,2,0,19,9,2,37,42,2,0,1,5,3,1,51,128,6,0,0,14,10,3,73,24,1,0,0,128,57,4,18,48,0,0,0,12,6,20,110,0,0,0,0,0,0,0,0,0,0,0,0,0,0,0,0,0,0,0,0,4,2,0,0,0,0,0,0,0,0,3,10
40,29,12,1,27,9,5,58,19,14,49,28,11,19,8,22,134,43,8,9,4,4,0,16,107,5,0,0,0,0,0,8,44,9,1,1,44,17,10,110,74,11,3,0,2,32,29,77,134,57,0,0,0,6,3,18,92,36,3,0,0,0,0,9,22,134,125,14,30,1,0,4,48,73,116,30,8,2,3,8,134,27,10,3,1,1,5,134,46,9,1,0,0,0,0,134,18,92,85,10,11,29,18,12,0,8,39,31,62,65,3,0,28,1,2,2,10,16,11,62,34,0,0,0,0,0,0,76
0,0,0,0,0,66,29,4,0,0,2,0,5,125,47,6,22,3,3,1,0,16,73,125,44,1,0,0,0,0,12,125,1,0,0,0,7,125,20,3,46,21,21,6,6,105,17,13,36,25,39,58,4,4,15,41,125,50,3,4,0,0,3,79,8,8,47,29,34,111,5,3,116,32,24,6,2,14,8,33,42,125,11,21,6,2,6,15,106,125,3,2,0,0,0,0,4,12,105,69,12,12,8,2,32,55,55,45,9,5,1,3,82,125,5,0,0,0,0,3,11,80,3,0,0,0,0,0
6,0,0,0,41,127,121,14,11,0,0,0,0,17,127,127,2,0,0,0,0,29,127,98,0,0,0,0,0,32,39,0,13,1,22,104,85,68,11,8,31,4,21,52,9,56,96,47,127,40,18,15,1,18,96,77,9,10,14,28,3,15,19,2,0,0,41,127,24,6,0,0,10,10,109,127,19,11,4,2,127,37,52,43,14,5,14,51,11,2,3,6,0,0,7,17,0,0,0,31,59,48,2,0,0,0,7,28,31,47,12,0,0,0,4,15,48,29,4,4,0,0,0,0,0,0,1,1
5,2,1,9,0,0,0,0,15,5,0,1,10,12,5,4,0,7,11,4,20,13,2,0,4,9,22,1,0,0,0,0,10,4,12,124,53,7,6,5,30,6,2,19,49,124,121,27,118,30,16,5,20,64,50,36,22,24,52,25,0,0,0,0,0,0,1,85,124,5,0,0,14,8,14,112,124,47,19,3,124,57,11,23,6,8,7,12,54,55,54,13,0,0,0,0,0,0,3,106,124,2,0,0,5,14,95,123,85,29,10,0,124,89,52,9,2,5,2,1,80,43,10,3,3,0,0,3
8,13,2,3,13,23,6,7,51,103,10,0,0,0,1,6,61,134,3,0,0,0,0,0,3,7,0,0,0,0,0,0,58,6,6,78,60,79,22,43,134,112,8,2,0,1,4,66,134,134,2,0,0,0,15,26,15,9,0,0,0,0,20,12,27,30,134,134,57,0,0,3,134,113,121,16,0,0,0,36,73,10,0,0,0,0,13,35,0,0,0,0,0,0,12,4,0,5,134,86,1,0,0,0,3,20,93,7,0,0,0,0,1,0,0,0,0,0,0,0,0,0,0,0,0,0,0,0
