0,0,0,0,0,0,14,9,1,0,0,0,0,0,2,2,0,0,0,0,0,0,0,0,0,0,0,0,0,0,0,0,5,0,0,1,1,2,107,117,146,14,2,2,2,0,42,86,30,32,13,30,47,2,0,1,0,63,19,4,3,0,0,0,60,7,3,25,69,37,110,73,146,45,1,2,5,1,36,73,63,82,29,19,39,5,0,0,13,104,20,2,1,35,13,1,50,59,117,143,46,9,6,6,146,122,34,2,0,3,31,35,37,29,4,0,0,28,54,29,2,6,1,0,2,136,38,1
0,5,10,7,130,134,0,0,18,87,46,6,27,36,0,1,67,106,25,1,0,0,0,4,0,0,0,0,0,0,0,0,0,7,37,21,98,67,43,0,49,51,66,4,1,42,62,25,134,45,6,0,0,3,9,64,1,0,0,0,0,0,0,0,0,8,134,67,32,18,26,0,15,77,134,2,0,11,43,6,127,133,67,0,0,0,9,19,4,1,0,0,0,0,0,0,0,1,31,16,52,53,39,0,2,5,36,12,6,25,134,27,40,7,7,0,0,0,65,116,4,0,0,0,0,0,0,6
97,1,0,0,0,1,3,20,152,2,0,0,2,4,0,33,55,0,0,0,79,93,1,8,28,11,1,12,152,35,0,0,60,0,0,0,0,0,0,10,152,1,0,0,15,11,0,34,58,0,0,0,143,141,15,7,50,5,0,0,103,54,16,3,6,0,0,0,0,0,0,0,152,20,0,3,43,8,0,5,27,5,0,4,152,85,10,15,55,1,0,0,34,25,17,34,0,0,0,0,0,0,0,0,0,1,0,2,26,0,0,0,0,0,0,14,152,10,1,5,41,0,0,1,35,7,12,56
91,6,16,19,1,0,0,38,113,0,0,0,1,0,0,62,2,0,0,0,2,0,0,2,0,0,0,0,0,0,0,0,59,12,26,46,16,0,0,13,134,12,7,15,34,3,0,65,21,0,0,59,134,3,0,5,0,0,0,6,9,0,0,0,75,24,17,24,54,0,0,11,134,68,15,16,21,0,0,3,42,6,0,134,134,0,0,0,0,0,0,73,82,0,0,0,93,6,0,18,99,2,1,37,134,56,1,5,4,0,0,20,29,12,1,104,134,0,0,0,0,1,2,84,134,0,0,0
7,77,55,1,3,46,24,10,102,17,25,3,8,62,16,20,177,14,2,10,9,1,1,28,20,4,2,53,146,14,8,8,0,31,12,4,19,96,23,0,134,42,15,9,3,25,10,2,177,11,1,3,12,5,1,22,41,2,0,26,177,28,2,5,17,75,22,9,6,6,1,1,69,71,52,48,5,0,0,2,177,31,4,0,3,4,2,74,18,0,0,0,18,12,2,15,75,76,6,3,8,7,1,5,10,24,19,17,30,31,6,3,17,5,1,0,0,1,2,12,0,0,0,0,0,0,0,0
0,0,0,0,0,70,141,0,4,0,0,0,0,74,141,10,94,1,0,0,36,43,31,49,10,0,0,0,141,122,8,5,0,0,0,7,17,32,58,1,43,1,0,13,19,20,110,28,141,8,0,0,95,15,17,38,10,0,0,0,141,50,3,0,4,10,5,10,23,10,2,2,81,8,0,19,56,24,1,5,141,28,0,5,101,9,0,5,7,1,0,4,141,21,0,0,0,3,5,7,42,16,0,0,45,1,2,13,31,21,1,5,122,8,0,3,14,0,0,7,1,0,0,3,24,0,0,0
18,6,6,4,0,0,0,0,120,3,0,0,0,0,2,77,53,3,1,0,0,0,20,128,46,13,31,26,1,0,0,128,16,13,9,31,3,0,0,2,105,21,1,2,0,0,0,100,128,19,0,0,0,0,1,128,111,10,2,5,0,0,0,128,2,9,19,94,12,0,0,1,32,128,58,24,3,0,0,12,128,128,12,0,0,0,0,11,79,33,4,0,0,0,0,42,0,7,21,56,2,0,0,0,2,107,71,26,0,0,0,0,72,82,30,2,1,0,0,6,55,46,18,8,9,2,0,7
0,23,26,2,13,100,50,0,13,26,11,0,0,94,112,22,119,10,2,7,8,4,31,90,14,0,0,54,119,9,4,5,1,26,10,89,80,58,17,0,25,58,16,3,4,62,26,13,133,13,2,0,4,6,9,48,45,0,0,19,133,5,0,5,0,2,2,65,93,38,1,0,67,10,0,5,37,89,8,6,133,37,0,0,2,4,2,7,48,3,0,3,133,12,0,1,0,0,0,0,8,18,4,0,101,12,0,0,4,18,8,8,133,31,0,0,2,6,0,2,20,1,0,0,114,45,0,1
0,1,6,79,49,5,1,0,20,20,22,25,15,7,2,10,83,71,17,1,23,23,2,18,5,13,7,0,63,115,94,13,0,0,0,18,69,49,27,1,31,2,0,9,70,15,10,27,137,7,0,0,80,12,2,48,4,3,20,28,137,62,8,0,0,0,30,137,29,17,18,2,45,9,5,34,48,10,6,4,137,22,0,1,61,36,2,15,13,49,53,33,122,30,0,0,1,0,94,137,1,0,0,4,16,3,88,137,5,0,0,3,42,9,33,51,26,29,4,16,61,43,2,5,18,18,2,2
7,51,63,2,0,0,0,0,48,89,16,0,0,0,0,0,44,25,21,7,3,0,0,12,131,4,1,4,1,0,0,55,9,27,37,6,9,12,2,2,131,50,15,4,8,10,3,10,58,30,23,20,49,45,2,4,131,69,0,1,6,4,0,7,9,1,0,0,14,77,17,17,116,4,0,0,6,39,23,113,94,63,2,2,26,84,14,22,131,131,1,0,1,3,0,1,6,2,2,9,27,23,6,16,78,8,3,3,4,4,3,57,131,104,1,0,1,2,1,25,131,125,0,0,5,18,0,0
5,29,38,0,0,0,4,4,10,52,69,12,5,0,0,4,0,10,28,38,36,12,2,0,2,1,9,9,6,12,6,4,27,9,4,0,2,2,23,19,124,29,14,22,5,0,4,27,9,7,32,147,40,1,0,1,0,4,63,58,11,0,0,1,34,5,0,2,11,4,1,4,147,79,7,2,1,0,0,30,23,104,147,47,21,0,0,5,0,101,147,22,5,0,0,0,28,92,0,0,5,5,1,0,74,147,12,0,0,0,0,1,5,147,130,0,0,0,0,0,0,96,111,0,0,0,0,0
0,4,26,3,5,2,0,0,5,19,108,26,20,21,1,1,31,128,125,24,2,2,0,0,10,68,128,83,0,0,0,0,0,0,0,0,8,8,0,0,59,5,0,1,39,50,3,7,128,95,12,4,0,2,1,9,34,26,32,91,55,12,1,3,0,0,0,0,2,2,0,0,68,2,0,0,20,23,12,22,128,8,0,0,0,2,84,124,18,0,0,1,56,94,128,24,0,0,0,0,0,0,0,0,4,11,42,0,0,9,30,20,9,22,94,0,0,1,122,81,0,15,99,1,0,33,128,8
10,4,8,2,0,0,51,28,2,0,0,6,40,38,34,18,0,0,0,7,75,114,43,8,3,1,0,0,0,12,76,72,4,0,0,0,12,28,122,80,48,3,0,5,37,38,122,122,6,1,5,101,122,104,33,12,58,22,18,31,8,13,42,96,15,53,81,31,35,26,38,17,122,122,25,9,6,0,19,57,19,13,24,122,38,1,0,3,21,73,86,54,2,0,0,1,24,72,69,6,0,0,0,4,16,107,19,1,10,10,0,0,5,4,4,12,17,37,5,3,22,18,13,4,2,4,3,5
4,5,0,0,2,42,68,17,17,6,7,2,6,9,26,43,10,39,17,1,1,9,9,3,4,12,1,0,1,45,23,0,24,3,5,27,70,63,41,47,122,13,2,2,6,8,12,97,25,3,0,5,49,122,69,8,5,1,0,1,6,74,122,51,12,40,81,120,32,1,0,3,94,122,70,30,14,3,0,8,8,14,49,122,115,60,8,1,21,56,59,89,12,16,25,31,27,34,22,21,3,5,3,1,34,92,31,14,3,0,0,0,0,3,44,122,9,2,1,1,2,19,89,122,0,0,0,1
74,0,0,18,77,0,0,18,29,12,3,36,151,8,1,10,111,76,7,2,2,0,0,11,14,46,16,0,0,0,0,0,128,0,0,7,68,8,0,10,45,1,0,34,151,10,1,22,151,27,4,2,20,1,0,54,30,38,17,0,0,0,0,0,113,0,0,0,44,42,0,17,43,11,1,20,151,45,0,1,151,51,1,7,28,0,0,4,47,19,0,0,0,0,0,0,86,0,0,0,59,44,3,13,37,1,0,1,92,51,13,4,151,11,0,0,16,1,0,3,35,5,0,0,1,0,0,0
52,35,4,0,0,0,0,2,55,14,10,9,4,0,0,57,153,2,1,21,2,0,0,89,16,2,17,153,33,1,0,2,72,21,7,3,6,4,3,28,78,14,9,14,58,31,3,24,153,15,1,1,7,4,0,32,41,13,4,30,90,15,0,0,24,0,0,1,22,28,20,72,75,13,1,1,24,29,18,73,153,34,0,0,5,4,0,6,53,5,0,2,145,62,0,0,10,3,3,11,17,8,7,18,94,5,1,0,0,0,3,66,153,26,0,0,11,3,0,12,27,2,0,6,151,50,0,0
0,0,0,1,119,31,0,0,57,3,0,6,143,52,1,6,143,44,0,0,2,2,0,5,25,37,0,5,54,1,0,0,0,0,0,7,120,40,13,0,65,7,1,49,143,9,0,2,143,20,0,4,4,0,0,13,45,10,0,2,94,4,0,1,0,0,0,0,50,81,13,0,34,9,1,19,123,58,3,3,143,17,1,4,5,0,0,19,60,0,0,6,102,1,0,7,0,0,0,3,74,57,0,0,27,1,0,2,49,72,21,38,143,5,0,0,0,0,3,67,58,0,0,13,53,0,0,11
120,28,3,0,0,3,48,67,11,8,0,0,9,110,76,14,1,3,12,4,34,120,12,7,1,4,42,9,1,7,13,11,43,24,7,0,29,120,120,75,114,9,4,2,1,40,120,120,21,6,40,34,3,21,15,14,0,1,16,27,28,12,58,23,41,81,73,63,96,69,10,18,120,120,17,0,0,1,6,40,34,4,6,9,5,6,16,13,0,0,1,25,110,46,7,1,0,36,83,44,3,10,29,5,17,59,18,0,0,1,22,18,3,2,0,0,3,22,41,9,0,39,30,7,58,67,5,0
140,122,10,1,0,0,0,0,140,36,0,0,0,0,0,11,24,3,14,9,0,0,0,16,2,0,36,68,0,0,0,2,140,33,1,0,0,0,4,77,140,18,0,0,0,0,0,13,39,6,0,0,0,0,0,18,9,0,1,2,0,0,0,11,140,0,0,0,0,0,1,140,140,28,2,0,0,0,0,79,14,34,14,0,0,0,0,1,4,6,9,0,0,0,0,2,140,2,3,2,0,0,0,140,140,5,0,0,0,0,0,140,25,11,12,0,0,0,0,27,0,1,15,2,0,0,0,0
11,26,5,2,0,6,43,31,14,5,44,41,0,8,36,65,25,8,115,115,6,0,1,39,2,4,57,115,54,0,5,7,36,2,2,18,5,4,27,64,55,9,5,4,16,12,13,68,115,19,5,28,19,0,0,83,4,1,1,115,115,0,0,0,33,28,23,114,8,0,0,5,51,115,43,6,4,0,0,4,82,115,25,13,16,1,0,4,3,5,1,78,115,2,0,0,13,10,8,108,37,0,0,1,115,95,7,11,4,2,0,5,16,45,8,1,17,67,9,1,0,0,0,6,61,109,30,0
6,2,5,20,21,46,52,18,163,35,2,0,1,12,28,92,113,34,19,21,38,112,78,67,10,2,6,7,22,31,10,11,18,3,40,45,35,26,28,13,163,26,0,3,13,9,9,37,101,8,0,0,29,44,30,29,40,0,0,0,4,12,14,34,20,11,27,35,48,48,73,28,163,39,7,4,16,11,11,50,78,4,0,0,26,43,7,23,23,5,1,3,4,8,16,20,31,1,39,104,116,15,14,13,163,48,11,10,23,8,9,39,65,17,13,33,13,17,6,15,31,5,1,3,10,12,2,5
36,3,14,31,24,15,26,28,155,8,2,1,2,5,8,66,33,3,3,7,6,21,6,16,29,4,1,2,2,3,1,5,75,0,9,65,155,18,1,7,155,90,23,15,16,4,3,27,49,36,37,98,56,21,6,13,28,0,0,3,9,12,8,19,83,0,0,1,144,106,26,6,155,16,2,2,11,19,37,117,26,6,3,15,53,116,66,49,5,0,0,0,8,20,13,37,41,0,0,5,24,23,8,4,155,0,0,0,2,3,5,33,9,0,0,0,7,20,17,17,5,0,0,0,2,7,4,23
5,17,4,0,7,141,141,0,118,122,6,0,0,33,55,11,45,76,19,2,0,0,2,2,12,15,0,0,0,4,10,3,44,35,6,4,8,13,5,10,141,141,33,6,2,4,4,28,26,67,73,71,58,37,6,6,1,1,3,6,21,17,11,5,58,1,2,5,6,38,32,27,141,20,2,1,2,19,46,141,26,6,4,11,40,141,82,44,16,2,6,2,12,16,7,15,66,1,5,13,15,12,8,12,141,7,0,0,4,3,5,25,23,1,0,0,21,23,11,14,25,0,0,0,1,4,7,26
27,72,3,5,97,31,0,0,45,1,0,1,90,52,9,28,27,1,0,5,32,11,6,8,0,0,0,0,5,22,5,0,4,28,3,2,127,127,3,0,127,27,0,0,88,114,33,64,70,6,0,3,75,67,23,18,0,0,0,0,26,85,4,0,1,1,0,28,127,127,7,5,58,13,1,24,47,40,109,115,21,2,0,0,8,59,127,66,1,0,0,0,5,38,26,7,0,0,0,40,127,74,3,0,9,7,2,48,57,21,13,11,51,21,0,1,0,0,15,26,11,3,0,0,0,0,6,10
6,0,0,0,1,67,136,42,3,1,3,6,1,17,136,88,5,3,17,21,1,16,136,58,1,3,30,16,1,25,126,7,20,4,1,0,13,107,95,14,125,75,70,3,4,22,106,38,32,108,136,3,0,4,100,54,6,44,37,0,0,7,43,10,19,18,51,8,3,8,8,1,136,44,19,0,0,1,10,69,25,21,39,0,0,11,102,66,4,4,5,0,0,13,42,22,2,11,28,6,0,0,0,0,28,16,4,0,0,0,5,26,3,0,0,0,0,0,40,56,0,0,0,0,0,0,12,27
4,4,1,7,55,23,7,4,153,23,0,0,3,8,14,36,153,11,0,0,0,1,4,20,0,0,0,0,4,5,6,3,17,4,0,12,124,28,0,1,153,71,0,0,6,6,1,9,153,19,0,0,0,0,12,33,0,0,0,0,0,6,32,7,19,12,5,14,153,4,1,2,153,30,3,1,3,0,1,64,90,1,0,0,0,5,37,84,0,0,0,0,1,30,75,8,9,3,1,3,116,32,15,14,153,10,0,0,4,5,15,62,75,1,0,0,2,10,18,40,0,0,0,0,6,88,32,2
11,0,0,0,51,120,1,7,91,2,1,36,26,11,1,27,5,0,0,110,120,1,0,1,74,8,0,15,32,2,2,16,14,3,0,4,69,46,0,3,120,14,0,9,27,1,0,18,20,1,0,93,120,0,0,0,120,15,1,54,68,0,0,2,16,6,1,70,61,0,0,0,120,14,0,6,13,0,0,19,23,0,0,78,120,1,0,5,120,16,0,48,114,0,0,0,3,1,9,120,23,0,0,4,86,5,13,45,1,0,1,22,23,1,0,45,81,8,6,14,87,18,1,42,95,1,0,1
75,2,0,2,123,78,1,5,126,13,2,3,6,3,0,21,12,2,2,14,86,15,3,25,38,0,0,3,11,4,3,126,117,3,0,0,110,64,0,9,126,8,0,1,13,3,0,20,22,3,0,1,126,39,0,3,71,0,0,0,21,11,1,59,113,3,0,3,58,30,0,25,126,12,0,0,28,9,0,16,19,3,0,1,126,57,1,1,72,42,0,0,6,8,1,6,71,8,1,6,20,6,0,15,126,4,0,0,27,5,0,56,9,41,3,6,104,8,0,5,17,126,5,0,3,2,0,0
124,115,0,0,5,25,93,78,45,8,0,0,9,105,124,60,35,11,14,23,11,46,20,14,10,2,6,10,12,46,6,18,37,31,0,0,13,108,22,11,124,52,0,0,1,16,14,35,62,22,3,6,10,46,17,12,0,0,1,3,57,124,4,0,39,41,0,0,1,63,17,10,97,24,0,0,1,4,43,79,8,1,0,0,8,49,124,48,0,0,0,0,87,124,17,1,49,69,4,1,0,2,4,3,4,14,5,12,40,23,22,9,0,0,0,0,16,40,61,59,0,0,0,0,105,124,13,6
0,0,1,7,137,23,0,0,9,9,3,8,85,9,14,13,137,9,1,0,0,1,10,63,63,0,0,0,0,1,10,47,0,0,0,2,137,70,0,0,20,0,0,3,137,61,19,17,137,4,0,0,8,9,14,53,102,1,0,0,1,1,2,20,0,0,0,0,137,71,3,0,32,18,4,16,119,42,4,2,137,62,2,5,11,1,0,11,79,3,0,0,0,1,2,28,0,0,1,7,137,13,0,0,22,44,8,14,28,2,0,0,128,101,2,2,1,0,0,0,41,15,0,0,0,0,1,5
0,0,3,40,106,7,0,0,51,0,0,30,37,0,0,49,148,17,0,0,0,0,0,63,43,11,3,4,5,0,0,3,4,18,38,75,44,11,1,0,81,4,5,112,104,4,0,3,148,22,0,3,2,0,0,13,62,7,0,2,18,2,0,5,7,10,3,7,22,103,41,3,43,13,4,26,83,78,16,11,148,20,1,3,2,0,2,123,45,0,0,0,8,7,7,64,0,15,59,4,6,54,17,0,4,5,110,43,3,19,9,11,53,0,10,39,5,0,5,148,49,0,0,0,0,1,5,147
1,0,2,79,122,19,0,1,26,7,14,34,54,10,33,78,5,19,27,0,1,4,122,59,37,26,9,2,6,10,45,11,10,1,0,7,122,122,1,1,106,86,45,6,48,44,6,16,11,73,122,6,5,15,12,9,41,47,38,0,1,3,8,4,19,0,0,11,122,122,0,2,122,24,1,1,17,11,11,76,31,57,36,3,3,32,28,32,34,50,44,7,0,5,5,2,9,4,1,47,122,26,0,0,122,52,1,5,12,0,0,14,85,75,19,3,0,0,4,38,15,18,31,25,8,4,10,14
10,0,2,4,9,9,68,104,9,0,11,9,0,0,84,115,0,0,38,19,0,0,44,84,1,1,49,28,0,0,12,23,105,10,1,2,43,55,12,30,75,11,2,11,20,9,23,50,86,46,8,1,2,2,27,97,8,20,21,8,17,15,35,45,115,24,5,3,11,41,14,45,80,18,5,33,46,36,42,41,115,31,4,4,10,21,42,115,6,10,8,7,22,81,59,20,21,3,44,115,10,3,46,58,6,0,9,27,5,33,115,77,2,0,3,0,1,11,110,115,2,0,0,0,0,22,115,34
129,57,4,19,31,0,0,4,135,135,0,0,0,0,0,1,100,78,0,0,0,0,0,6,23,14,1,3,11,2,2,9,135,70,1,14,41,0,0,4,135,123,2,0,0,0,0,13,51,51,32,2,0,0,0,9,13,16,14,3,5,1,3,15,135,41,5,29,41,0,0,6,135,29,0,0,0,0,0,45,101,29,22,1,0,0,0,22,8,44,38,11,2,0,0,0,114,45,0,19,49,0,0,9,135,70,0,0,0,0,0,10,124,14,0,0,0,0,0,22,36,10,1,4,2,0,1,4
16,2,0,0,0,0,4,21,13,26,34,7,0,1,1,3,21,6,25,18,0,0,0,3,12,2,3,6,6,0,0,7,61,7,1,4,0,0,0,12,151,91,53,33,0,0,0,7,14,17,52,151,14,0,0,2,3,0,0,40,19,2,2,8,40,0,0,29,28,2,6,37,151,16,6,10,0,0,0,83,90,17,17,151,23,0,0,8,0,0,0,151,36,2,0,0,18,0,1,105,43,0,1,8,151,3,1,9,2,0,0,66,151,12,4,80,13,0,0,19,0,0,0,151,50,0,0,0
12,29,6,2,12,17,0,0,158,56,2,0,0,0,0,0,158,36,0,0,2,66,12,4,4,2,0,0,41,158,3,0,27,16,1,1,8,6,0,1,158,46,0,0,1,14,8,16,85,9,0,0,30,158,26,13,17,4,0,0,45,158,3,1,24,1,0,0,2,22,5,17,122,5,0,0,0,54,70,94,8,0,0,0,39,158,50,11,35,32,2,5,43,57,0,0,1,0,2,1,5,8,1,7,3,0,0,2,6,25,33,23,1,0,0,0,10,60,15,1,73,26,1,1,4,8,0,2
34,117,8,3,8,16,11,3,55,37,2,1,8,15,6,46,91,9,1,19,3,0,0,97,9,1,2,74,16,0,0,13,59,51,5,3,24,30,52,90,93,117,22,2,20,20,12,21,55,65,61,20,5,10,12,41,38,2,5,54,6,5,6,66,68,0,2,13,3,4,43,117,117,22,3,0,0,2,51,117,10,7,11,12,15,50,117,49,27,0,0,12,22,37,33,117,37,8,23,104,24,0,0,47,39,11,5,2,0,0,40,117,4,0,0,2,6,2,86,115,25,0,0,12,28,7,18,62
50,2,0,24,52,2,5,52,110,14,0,0,0,0,1,72,50,6,0,0,0,0,0,26,19,2,6,2,0,2,2,7,32,1,0,77,140,3,4,39,140,12,2,7,8,1,1,110,73,17,15,14,0,0,0,17,56,6,7,2,0,0,0,11,17,4,2,138,131,0,0,1,140,62,7,32,21,0,0,15,97,47,28,68,5,0,0,1,51,3,2,15,3,0,0,14,3,2,1,72,106,3,0,0,140,60,5,29,29,0,0,10,131,47,25,101,45,0,0,8,26,2,0,43,41,0,0,11
0,0,0,0,16,133,3,0,4,0,0,0,60,133,1,1,121,24,0,0,16,37,1,3,133,8,0,0,0,0,0,17,0,0,0,0,90,124,0,0,25,0,0,0,123,105,1,9,133,50,0,0,8,11,1,13,95,39,1,0,0,0,0,26,0,0,0,0,123,86,5,0,40,1,0,0,98,75,4,4,133,27,0,0,8,3,0,17,63,50,19,0,0,0,0,2,0,0,0,3,100,23,0,0,23,14,0,0,29,38,0,0,133,36,0,0,1,0,0,4,73,21,9,8,1,0,0,0
101,0,0,0,5,19,7,39,102,0,0,0,9,26,8,24,74,0,0,0,3,0,0,15,6,0,5,77,107,6,0,2,127,0,0,0,5,32,7,43,137,6,0,0,4,26,10,17,90,2,0,0,2,4,0,18,7,0,0,7,119,112,0,5,137,5,0,0,4,22,9,27,137,26,0,0,2,10,3,5,59,3,0,0,16,13,0,20,1,0,0,1,137,137,0,3,107,21,0,0,0,7,8,11,137,49,0,0,0,1,1,1,27,5,0,3,23,2,0,6,0,0,0,51,137,21,0,0
15,0,0,0,0,2,3,24,43,18,0,0,0,0,0,30,95,57,1,3,2,0,0,8,20,25,10,20,18,8,11,14,29,17,4,6,0,2,4,10,56,10,3,9,7,3,9,57,125,42,12,6,1,0,2,56,40,91,109,30,3,0,0,7,22,40,13,53,27,0,0,0,60,58,11,32,16,3,1,4,125,118,15,8,1,0,1,38,125,47,31,3,1,0,3,125,17,3,1,36,115,9,1,2,125,55,1,1,25,36,5,16,125,125,55,110,39,1,2,9,31,0,4,62,58,10,24,125
33,62,3,5,123,20,0,0,123,106,0,0,1,2,9,22,56,7,0,3,2,0,6,55,1,0,0,16,16,0,0,1,18,123,15,10,80,30,0,0,40,64,0,0,15,123,64,45,123,9,0,0,0,12,41,123,28,1,4,14,6,0,0,7,9,41,32,39,62,41,1,7,25,75,79,27,56,103,7,6,123,94,12,0,0,4,4,25,58,6,4,8,0,0,0,3,76,34,51,42,8,0,0,17,4,27,123,66,3,0,0,0,58,92,100,4,0,0,0,1,23,25,11,1,0,0,0,0
0,9,36,7,17,77,26,0,27,50,6,4,54,104,19,18,134,105,9,4,1,4,7,43,20,50,41,6,0,0,0,0,18,2,0,2,22,134,50,2,134,134,2,0,4,43,13,12,80,134,10,0,0,0,0,2,11,25,10,1,0,0,0,0,22,5,4,29,36,19,0,1,134,29,2,3,0,0,0,101,134,29,7,3,0,0,0,79,2,4,7,7,0,0,0,1,2,12,22,8,14,5,0,0,121,14,9,3,0,0,0,65,134,0,0,0,0,0,0,134,13,0,0,4,2,0,0,12
84,65,0,0,0,0,2,5,11,8,17,42,13,1,12,2,10,38,33,48,18,0,4,4,0,3,3,121,116,0,0,0,22,19,0,0,0,3,71,110,9,1,2,2,0,35,119,28,49,8,5,6,6,14,35,62,3,0,1,102,89,54,15,4,53,0,0,0,0,2,30,121,60,14,0,0,0,18,51,38,121,27,0,0,26,121,7,15,3,0,0,3,31,121,85,15,43,22,1,0,0,2,10,121,85,83,0,0,3,21,1,39,32,22,0,0,65,121,2,1,17,7,1,1,32,112,15,10
4,104,65,51,5,0,0,0,17,122,70,0,0,0,0,1,56,122,26,14,0,0,0,1,3,11,60,95,0,0,0,0,1,19,64,103,0,0,1,48,45,33,63,26,0,0,0,10,122,36,9,2,1,2,0,22,13,3,15,12,8,32,13,0,4,1,21,17,0,0,32,122,10,13,103,39,0,0,10,122,35,59,49,9,7,5,4,9,4,3,8,32,36,41,16,0,29,16,14,8,1,1,12,103,101,18,2,0,0,6,18,122,10,4,4,1,1,90,116,34,0,0,1,6,5,122,122,0
6,0,0,0,0,24,130,91,1,0,0,0,0,90,130,10,2,8,11,0,0,63,130,6,0,2,29,8,0,4,130,59,3,21,30,31,8,3,71,17,27,14,14,7,0,4,48,27,109,84,42,1,0,2,24,33,11,35,130,57,0,0,51,31,0,9,80,130,1,0,0,0,10,11,66,44,1,0,0,0,61,16,14,3,7,18,53,47,5,3,10,4,5,21,130,91,11,7,32,130,50,1,0,1,0,1,33,85,48,0,0,0,0,1,14,55,34,23,1,0,1,51,16,8,15,28,11,7
5,0,0,1,10,86,50,53,21,0,4,102,114,5,18,73,6,114,37,70,52,2,0,3,20,114,13,1,21,67,0,0,34,12,4,1,23,95,15,31,114,29,29,48,20,7,7,80,14,89,98,59,41,101,1,1,0,62,37,3,41,114,0,0,39,58,8,0,15,15,1,6,114,57,4,1,5,14,27,65,20,14,47,22,53,99,16,18,0,56,74,4,10,55,37,2,35,49,29,2,1,2,1,9,57,53,34,2,0,0,10,22,42,40,22,62,39,21,5,5,1,14,37,43,20,55,34,1
15,23,6,0,0,12,37,23,33,49,2,0,0,0,19,35,141,74,1,0,0,0,2,32,141,49,1,30,49,53,26,26,6,49,68,4,0,0,0,0,52,63,8,2,0,0,0,15,141,43,0,0,0,1,4,60,141,8,0,1,26,141,71,75,4,4,19,2,0,2,32,20,41,19,6,4,0,0,6,26,141,39,0,0,2,15,19,62,100,39,0,0,23,75,67,49,7,0,2,0,0,0,16,28,12,0,0,0,2,9,34,48,23,1,0,0,9,31,65,118,141,46,0,0,14,37,29,29
6,2,4,8,8,71,96,16,145,26,2,2,1,11,34,103,145,9,0,0,24,22,4,24,13,14,0,0,61,30,0,0,43,24,29,13,6,10,14,35,145,112,23,6,1,2,3,31,139,17,0,0,9,72,12,20,24,55,0,0,15,35,0,0,37,11,10,2,1,0,23,94,145,28,2,0,0,1,9,117,102,19,0,0,2,26,14,33,45,30,1,1,3,3,1,5,41,42,19,15,6,0,0,6,145,86,0,0,0,0,0,22,119,13,0,0,0,0,1,15,38,8,0,1,8,8,3,4
113,0,0,3,2,0,0,81,95,0,0,5,1,0,0,111,24,0,0,95,51,0,0,33,0,0,1,113,30,0,0,0,113,9,1,21,10,0,0,23,113,10,0,0,0,0,0,68,99,5,0,30,27,0,0,50,2,0,0,90,84,0,0,0,113,13,5,41,33,0,0,2,113,81,0,0,0,0,0,5,100,52,0,2,22,21,0,3,4,0,0,11,91,65,12,0,59,19,15,31,43,0,0,5,113,77,2,0,1,0,0,8,22,34,0,2,78,107,5,0,1,3,6,3,38,113,98,1
10,128,6,0,5,85,29,1,48,30,2,0,2,129,96,56,100,3,8,58,107,14,21,69,4,84,42,42,43,4,1,0,10,10,0,11,41,115,31,16,106,8,5,27,22,47,15,31,129,16,12,60,11,0,0,57,16,110,55,59,8,0,0,0,9,25,20,12,7,4,7,6,48,81,77,19,8,0,0,1,129,87,14,8,3,4,0,15,38,39,8,12,7,18,29,22,3,42,84,29,0,0,0,0,35,41,38,20,0,0,0,2,126,27,4,2,5,4,1,39,27,20,38,14,20,19,17,20
0,0,23,104,11,0,0,0,58,17,21,118,45,3,3,47,118,47,22,5,6,12,1,54,8,2,15,9,45,27,0,1,1,0,12,33,2,8,118,38,42,61,114,106,8,0,23,53,71,108,54,8,21,24,0,4,2,0,0,1,48,43,0,0,60,38,9,13,18,40,118,70,118,76,6,0,2,3,23,91,22,7,6,4,33,43,3,3,0,2,5,7,58,48,0,0,30,118,118,48,9,2,1,2,74,118,9,0,2,30,4,0,4,29,6,0,5,75,5,0,0,28,17,7,53,39,0,0
60,67,5,8,2,1,76,61,2,1,5,51,16,0,29,40,0,1,8,90,6,0,0,0,5,5,45,110,5,0,0,0,20,32,66,6,2,16,117,76,117,55,17,17,4,0,45,117,15,5,11,61,11,2,5,7,26,4,5,46,29,0,0,5,5,88,117,2,3,9,0,0,52,74,27,1,9,100,92,38,13,0,1,14,6,17,97,117,16,0,0,34,51,0,1,31,6,20,4,3,36,44,0,0,1,2,6,20,109,117,36,19,111,30,8,4,7,22,42,117,59,5,0,18,17,1,2,49
4,1,0,0,0,0,110,124,6,0,0,0,0,9,41,122,2,0,0,0,15,41,9,10,3,0,0,8,40,33,13,5,31,19,17,9,0,0,19,122,124,30,0,0,1,7,13,124,32,1,0,0,18,103,12,28,18,10,2,2,45,65,9,13,12,124,88,23,1,0,0,1,92,124,56,18,10,9,0,5,22,8,31,49,47,74,10,12,55,48,5,3,23,38,23,17,11,124,60,2,0,2,13,7,1,80,55,14,8,73,40,1,8,2,23,36,58,124,13,7,83,12,0,1,8,54,31,41
25,18,30,37,126,83,3,1,126,116,2,1,10,29,2,2,102,52,0,15,21,0,0,17,4,11,46,126,88,0,0,3,21,24,22,126,126,9,0,0,126,68,16,22,4,0,0,4,115,7,0,1,1,0,0,28,29,20,39,32,8,0,0,4,1,3,9,126,126,7,0,0,59,29,20,52,26,0,0,9,103,3,0,0,0,0,0,50,68,8,4,6,3,0,0,9,0,0,0,11,126,22,1,1,4,3,5,23,43,1,0,1,45,1,0,0,1,4,9,39,42,1,2,3,2,1,16,83
39,98,23,4,0,3,28,33,15,21,0,1,29,111,17,5,0,5,8,6,41,120,7,0,0,5,6,12,18,54,15,0,6,4,0,1,2,14,120,120,32,3,9,17,30,55,95,120,7,13,106,69,35,29,0,2,0,7,74,85,11,2,0,0,22,22,22,120,10,6,27,40,120,117,13,5,0,0,11,86,32,28,48,54,1,0,1,4,0,0,34,80,0,0,0,0,6,31,40,120,29,27,9,0,78,93,18,7,0,9,68,31,17,7,3,21,5,2,87,65,5,1,4,33,2,0,3,10
33,1,0,11,5,1,11,60,36,9,0,0,15,16,7,41,31,150,66,2,14,10,0,0,1,77,150,4,0,0,0,0,20,42,53,97,15,4,5,23,97,40,26,23,0,2,4,23,150,150,18,1,0,0,0,7,29,68,81,0,0,0,0,0,4,12,19,18,7,11,21,41,57,11,16,49,6,1,6,37,150,8,2,6,1,0,1,100,54,3,2,0,0,0,11,27,2,0,3,15,0,0,6,40,7,0,0,1,1,0,26,53,137,0,0,0,0,0,13,150,34,0,0,0,0,20,51,105
40,0,0,1,9,38,14,28,12,1,2,18,55,4,13,12,3,1,4,28,51,0,0,1,134,17,0,3,13,0,0,19,12,0,0,3,48,44,64,40,134,24,22,10,8,7,55,83,27,30,123,116,12,0,0,0,119,134,64,24,5,0,0,0,19,5,2,29,98,23,4,5,134,38,7,10,6,1,3,30,134,47,84,22,0,0,0,5,35,109,61,5,0,0,0,5,9,19,14,25,21,10,0,0,134,105,5,3,1,0,0,0,106,19,0,0,0,0,4,27,14,3,0,0,0,0,16,43
94,5,9,18,3,2,18,70,24,1,0,3,67,29,29,35,3,6,8,73,122,13,2,6,12,16,13,27,12,3,22,62,22,1,8,33,94,48,32,47,122,17,13,16,13,7,39,84,19,9,122,111,48,2,0,2,3,2,122,115,8,1,6,21,30,23,41,19,83,67,3,6,122,65,16,1,1,3,12,32,33,5,54,10,0,3,77,56,0,0,83,21,0,0,37,22,21,34,122,24,9,3,0,7,20,52,49,14,44,11,9,5,2,0,1,18,35,19,96,45,1,0,0,0,0,0,82,89
0,2,3,1,1,11,8,0,0,0,0,7,32,42,24,0,14,7,0,5,33,16,14,4,12,8,1,5,10,3,0,0,0,0,0,0,10,75,31,9,8,0,0,0,54,124,96,17,101,3,0,0,5,41,80,97,18,0,0,0,6,54,54,19,0,0,0,0,13,63,124,77,59,13,0,0,113,124,45,9,124,56,0,0,49,44,7,23,10,1,0,0,90,120,61,35,3,8,0,0,0,8,97,40,107,32,0,0,7,35,45,11,124,58,0,0,91,29,0,0,3,3,0,0,124,54,3,5
44,0,0,94,74,0,0,47,25,31,12,83,77,0,0,3,48,121,106,1,1,0,0,4,4,63,121,4,0,0,0,0,121,1,0,39,45,0,0,108,63,11,7,121,121,0,0,21,121,63,11,11,4,0,0,47,58,49,22,0,0,0,0,1,121,70,54,8,4,0,0,34,41,40,54,121,39,0,0,6,102,121,49,25,2,0,0,9,41,41,0,0,0,1,1,6,15,51,39,0,0,0,0,1,13,18,8,26,10,0,0,4,21,14,5,8,8,0,1,34,7,1,0,0,0,0,5,41
2,8,9,5,76,36,26,9,20,1,0,0,19,65,84,40,138,4,0,0,2,19,19,69,28,4,2,5,21,2,0,4,5,4,5,8,138,63,1,3,47,11,0,1,68,79,8,20,138,7,0,0,8,21,5,67,64,0,0,4,39,2,0,10,3,2,1,1,121,123,18,9,40,58,13,9,50,38,22,19,138,68,8,2,5,3,0,34,79,0,0,0,43,4,0,20,1,22,117,22,32,49,7,2,13,136,109,2,1,4,4,6,73,78,40,1,1,6,11,13,41,5,0,0,10,43,71,14
2,0,5,3,1,0,36,48,31,49,9,11,9,1,6,34,34,120,7,2,2,8,0,0,4,27,0,0,12,76,0,0,9,3,42,120,13,0,5,21,120,56,2,17,4,0,4,51,70,52,0,0,16,49,6,12,0,0,0,0,93,120,0,0,3,2,14,115,119,77,2,0,89,12,2,21,31,28,29,120,42,5,1,1,18,41,37,101,0,0,1,14,120,68,1,0,1,0,0,2,53,120,8,1,86,37,0,0,7,34,16,35,112,78,15,30,11,2,1,23,0,2,37,101,55,10,0,0
10,37,11,3,21,10,27,20,27,16,1,3,74,77,42,6,155,155,45,3,5,16,15,7,23,40,155,56,9,4,0,1,7,12,8,21,28,7,18,9,73,8,3,68,122,12,0,16,155,23,2,5,6,1,0,42,59,2,2,4,47,25,5,14,7,14,74,73,2,0,3,3,34,30,52,155,32,0,0,1,155,63,24,25,2,0,0,26,48,0,0,2,40,15,8,22,2,0,31,41,7,0,1,14,3,10,31,56,14,0,0,0,118,39,16,7,0,0,0,7,29,0,0,0,17,24,3,10
1,0,0,0,108,56,25,14,31,1,0,0,31,20,38,117,17,3,2,3,1,19,68,28,89,6,0,0,0,0,14,37,4,0,0,15,84,120,22,4,120,11,0,0,18,45,7,34,66,14,6,13,10,7,3,9,83,6,3,2,1,1,2,78,13,0,0,111,120,14,0,6,120,7,1,18,33,5,0,33,102,31,57,27,5,2,0,6,24,79,62,15,0,0,0,21,25,1,0,67,120,25,0,7,120,2,0,19,69,20,4,90,120,19,16,4,0,0,2,115,37,42,23,5,0,0,1,15
6,8,1,4,2,23,136,20,39,5,0,0,2,26,136,80,76,11,0,0,0,1,32,70,13,4,0,0,0,2,82,19,10,12,12,4,2,19,136,7,136,50,5,0,0,6,102,80,108,5,0,0,0,50,136,63,0,0,0,0,0,68,136,8,15,39,28,6,2,0,0,1,103,36,7,0,0,5,73,64,15,9,3,0,0,99,136,22,0,13,22,0,0,64,103,1,2,6,16,12,22,1,0,0,3,24,1,0,1,1,14,5,2,58,13,0,0,2,12,1,0,30,34,0,0,0,0,0
1,5,1,0,0,81,61,1,6,0,1,0,0,89,140,19,80,1,0,0,5,6,63,95,11,0,0,0,101,36,1,6,1,3,5,7,12,140,53,0,51,4,4,15,19,71,63,21,140,9,0,0,10,4,12,42,32,0,0,3,140,10,0,1,20,8,7,16,15,21,5,8,42,20,31,59,16,7,17,7,140,32,7,3,10,0,2,29,33,0,0,25,140,1,0,4,3,5,6,3,6,64,34,2,7,5,11,6,1,21,104,26,118,3,5,2,2,1,38,140,20,0,0,10,53,18,46,45
125,92,19,8,3,4,24,16,45,21,3,9,13,11,67,41,31,43,50,12,13,10,20,20,2,5,47,68,37,6,9,22,69,47,33,19,32,108,119,45,125,59,1,6,10,5,45,71,35,30,4,27,97,37,30,38,20,1,5,40,23,7,25,125,63,72,73,125,76,42,18,11,125,100,20,2,4,1,5,54,37,7,19,86,48,4,4,24,45,26,37,51,5,1,1,26,5,22,70,35,11,8,23,20,36,49,31,1,1,24,32,30,46,28,26,9,2,2,9,40,2,20,47,16,23,15,2,0
44,30,2,4,14,12,12,44,36,0,0,0,0,3,10,125,5,0,0,0,48,60,12,19,3,4,3,2,87,114,2,2,18,20,3,7,125,54,15,29,125,6,0,1,18,18,14,125,46,0,0,6,125,29,0,14,9,6,6,23,125,22,1,10,23,31,22,42,125,28,9,2,125,125,11,15,23,4,1,8,41,13,0,25,94,15,0,1,0,4,11,62,104,19,0,0,2,36,114,34,10,9,9,0,25,107,37,8,2,42,15,0,2,6,0,3,20,62,10,0,0,10,24,26,75,16,0,0
26,2,7,20,3,1,23,85,16,42,60,32,2,1,19,16,37,53,10,8,24,9,1,5,29,9,4,25,49,22,4,8,29,10,3,1,2,2,112,130,130,53,9,2,0,0,61,85,37,30,40,44,14,4,2,8,5,27,36,41,22,7,6,1,44,97,56,5,3,1,12,31,130,76,16,0,0,0,6,88,33,5,7,18,16,76,41,71,17,4,7,9,13,101,63,20,36,20,7,2,0,0,82,130,22,14,6,0,0,5,130,67,15,1,2,2,13,47,130,103,55,39,16,8,19,38,15,22
22,6,0,1,3,24,16,4,157,72,0,0,1,5,3,35,88,14,0,0,7,81,10,16,3,6,0,0,2,47,7,1,46,2,11,24,21,6,3,8,157,27,5,1,0,2,2,38,79,16,15,51,16,27,10,13,0,2,4,37,21,77,33,1,36,42,157,52,8,1,0,3,157,121,120,10,0,0,0,22,85,19,13,55,4,1,13,29,0,0,44,140,16,12,8,2,113,26,52,3,0,0,0,50,45,85,95,5,0,0,0,3,9,16,47,32,0,0,5,5,0,0,12,24,0,0,9,3
0,0,2,28,33,59,10,2,29,12,6,43,35,30,19,8,27,13,3,67,85,11,13,7,56,1,1,33,39,8,23,106,8,5,8,26,82,106,25,17,106,46,8,9,12,36,38,49,30,26,2,66,61,29,6,12,69,41,38,106,46,7,0,16,12,3,10,44,46,70,36,29,74,31,10,16,36,95,81,105,85,60,32,10,17,21,20,79,5,106,75,12,7,16,2,0,1,0,0,0,14,87,106,14,106,51,2,4,23,44,28,58,106,68,9,0,0,1,24,66,2,17,7,0,1,37,28,6
81,36,2,1,14,18,17,16,15,9,4,5,19,65,108,31,11,16,7,3,33,41,64,37,13,49,16,7,30,18,3,5,22,6,0,4,25,38,108,63,65,69,42,21,35,34,64,49,27,81,58,2,14,15,10,14,14,19,12,3,65,108,13,15,39,83,49,3,4,25,63,42,108,108,73,11,4,10,30,44,26,14,28,24,40,49,48,9,30,65,17,17,108,82,7,3,108,108,35,0,0,0,0,9,31,77,69,23,1,0,6,27,0,2,99,79,10,5,17,4,3,77,84,45,14,5,9,0
1,0,0,0,27,140,21,7,97,3,0,0,13,140,80,46,79,3,1,1,0,6,13,21,0,5,2,0,9,20,4,0,11,1,0,0,140,140,4,1,140,37,0,0,30,75,6,16,122,12,0,0,0,27,15,9,0,6,5,9,15,40,20,0,26,5,0,0,112,118,0,0,140,15,0,0,8,9,2,32,96,30,0,0,0,13,11,30,17,46,18,27,29,10,1,0,11,3,0,0,4,3,0,0,140,19,0,0,0,0,0,3,130,22,0,0,0,0,0,5,29,8,0,1,53,51,5,3
0,1,35,30,10,4,0,0,3,1,0,0,1,0,0,0,0,0,0,0,0,0,0,0,0,0,0,0,0,0,0,0,21,2,13,24,37,76,72,19,118,53,0,0,3,9,15,37,17,14,0,1,8,17,9,5,0,0,0,0,1,0,0,0,93,21,0,45,118,117,47,45,118,26,0,0,5,37,87,118,39,6,12,6,13,32,74,118,6,8,14,6,5,3,0,3,69,46,0,1,34,118,78,61,89,76,0,0,6,118,118,54,118,118,10,2,1,21,25,111,21,23,11,30,18,2,0,3
4,5,0,0,0,33,133,34,13,0,0,0,1,84,133,44,77,10,2,1,2,7,46,118,11,6,1,9,14,20,11,16,7,0,1,73,13,28,112,17,76,3,0,1,18,53,63,47,133,11,0,0,1,3,6,104,34,3,5,14,3,1,3,31,2,0,4,133,56,3,8,9,63,75,29,47,16,13,4,5,133,89,3,0,1,2,8,58,30,5,7,11,2,1,8,43,5,3,17,58,51,6,20,44,13,93,123,37,11,10,19,18,43,47,23,13,40,19,19,51,78,3,5,5,1,0,3,79
1,1,0,0,23,67,36,2,2,23,1,0,31,111,64,1,28,56,4,1,2,44,73,9,18,15,0,0,0,101,52,4,6,7,0,0,90,111,1,1,98,106,10,5,51,92,1,7,19,71,21,49,111,47,10,3,1,0,0,17,43,111,34,2,8,7,3,3,111,111,0,1,111,40,5,4,28,23,4,65,36,6,5,102,111,13,27,41,1,3,70,111,38,5,2,1,1,28,11,7,55,31,0,0,25,74,21,4,5,4,5,11,13,37,36,9,8,17,45,17,16,73,69,23,1,1,4,3
10,0,0,1,5,18,28,56,5,3,1,4,12,35,69,30,38,10,14,6,0,0,18,42,1,2,12,11,0,0,0,0,18,0,7,31,32,21,39,92,55,1,0,6,80,80,43,71,133,26,7,6,7,9,12,70,19,10,12,31,13,21,0,0,12,0,10,48,133,28,19,19,108,56,6,4,29,109,57,26,133,70,1,0,8,34,18,41,18,3,2,3,53,133,11,6,0,2,62,83,123,8,1,0,66,133,52,35,17,8,6,9,73,97,44,21,5,13,15,25,0,14,78,37,23,42,7,3
3,15,18,23,13,9,10,5,6,11,15,37,17,24,10,7,86,5,1,6,3,10,5,28,24,0,0,0,2,112,14,6,1,1,1,11,45,54,26,7,16,1,0,3,26,124,42,20,124,3,0,0,27,63,22,60,16,16,3,1,94,124,5,5,6,0,0,1,24,109,55,9,59,9,0,1,67,102,25,10,124,36,0,0,92,51,3,11,28,40,3,5,124,72,1,8,3,3,7,21,62,69,22,4,101,87,7,2,11,90,50,13,124,58,1,3,80,69,4,4,8,1,0,0,54,56,5,12
30,0,0,0,2,7,12,48,4,4,3,6,15,22,37,17,7,10,7,5,2,0,9,16,0,0,8,13,4,0,0,0,27,0,1,10,19,24,38,124,25,0,0,1,50,69,93,69,130,24,8,3,2,5,36,96,14,12,18,34,0,0,0,0,52,0,2,27,100,38,31,46,105,23,0,0,40,130,51,38,130,114,5,4,4,13,5,20,24,21,9,38,15,34,3,0,1,11,22,35,99,49,25,4,101,130,24,5,3,31,39,10,130,108,3,1,3,45,28,35,6,3,1,1,14,130,21,2
2,1,0,1,25,131,74,6,74,13,0,0,3,50,119,43,52,23,2,1,2,4,27,18,67,8,17,71,8,0,0,13,12,0,0,17,149,63,7,13,149,10,0,0,34,19,6,62,103,16,2,10,13,0,0,3,146,6,2,6,1,0,0,14,24,4,0,5,149,42,2,4,149,42,0,1,47,13,2,20,101,22,10,8,4,0,0,0,114,23,3,1,0,0,0,3,10,4,0,1,115,17,0,0,135,32,0,1,17,0,0,0,25,11,4,0,0,0,0,0,18,7,1,0,0,0,0,0
0,0,3,8,22,105,21,0,20,0,0,13,121,152,55,28,175,17,0,1,9,19,36,63,59,12,1,4,6,0,0,11,0,1,16,32,73,18,4,0,51,1,0,24,175,54,3,22,175,10,0,2,35,15,2,62,78,12,6,11,6,0,0,2,0,0,1,3,69,28,25,2,53,11,0,12,175,30,1,1,175,47,1,4,35,1,0,5,45,19,9,1,0,0,0,0,0,0,0,0,7,3,4,1,3,0,0,0,34,3,0,0,17,2,0,0,2,0,0,0,1,0,0,0,0,0,0,0
5,8,1,0,20,13,0,0,9,6,1,0,89,122,13,8,145,77,0,0,2,22,12,10,112,81,0,0,0,0,0,0,0,0,0,0,10,11,0,0,43,2,0,0,59,97,9,21,145,79,0,0,0,5,4,24,104,34,0,0,0,11,6,3,0,0,0,0,0,0,0,0,61,6,0,0,3,18,3,19,145,19,0,0,0,2,32,145,44,2,0,0,0,27,129,49,0,0,0,0,0,0,0,0,3,0,0,0,0,11,6,11,17,0,0,0,2,16,117,145,3,0,0,0,0,7,145,87
3,0,0,0,0,3,60,28,2,0,0,0,0,3,49,44,0,0,0,0,1,41,21,7,0,0,0,0,0,9,44,9,31,3,2,4,10,18,108,75,116,4,0,2,16,17,79,116,32,2,4,6,113,116,37,19,0,3,10,8,16,38,108,36,25,19,94,82,13,0,0,4,116,89,29,23,20,1,0,2,39,20,75,88,100,9,0,0,0,10,82,114,52,10,6,1,0,7,114,81,0,0,35,20,23,108,100,18,0,0,21,6,4,19,67,37,3,13,17,0,0,0,62,82,5,5,16,2
4,0,1,1,21,66,51,11,1,0,1,0,1,6,102,62,69,2,0,3,1,0,29,70,15,27,8,15,5,0,0,1,6,8,60,59,62,21,6,2,23,10,29,88,78,34,76,52,129,29,9,8,4,5,38,116,70,51,12,8,2,13,6,7,0,3,62,61,6,10,22,2,11,25,118,129,36,13,11,6,129,95,72,25,7,45,69,58,42,5,0,0,0,42,111,76,9,7,2,0,0,16,52,22,3,9,13,24,30,32,20,16,19,25,29,38,66,103,43,23,94,48,8,1,0,7,35,52
0,0,6,2,4,114,48,0,4,14,3,3,13,114,65,2,14,107,76,7,2,81,55,0,0,20,86,76,20,15,5,0,11,24,14,7,2,89,40,2,46,35,28,55,20,19,9,4,114,92,28,14,5,2,11,43,8,11,19,89,114,27,17,11,38,10,8,34,19,1,0,13,69,51,66,34,11,0,0,16,43,34,52,22,69,35,49,31,1,0,0,2,47,114,112,11,21,1,3,37,54,9,2,6,97,14,8,3,4,33,22,51,5,4,7,7,99,114,37,6,0,0,0,0,42,114,18,0
4,0,0,0,5,44,27,15,1,0,0,0,48,129,15,1,129,62,0,2,46,44,4,4,113,45,0,0,52,20,0,0,17,0,0,5,54,29,5,19,16,3,4,43,129,129,14,14,129,39,4,7,8,23,13,43,121,19,0,1,119,16,0,2,34,0,0,16,20,3,3,20,7,11,53,129,68,8,5,2,129,91,68,33,4,1,1,14,111,7,2,35,83,4,0,10,25,6,0,1,7,23,5,2,1,1,8,13,9,59,55,11,71,22,14,3,0,2,25,73,70,3,2,18,4,0,0,32
0,1,10,7,34,116,3,1,9,5,5,2,31,135,29,5,6,29,32,5,20,67,3,1,0,7,61,23,12,21,3,0,7,1,0,2,135,135,9,13,135,31,0,2,39,135,33,24,60,48,25,8,4,1,1,6,0,1,10,39,135,53,2,0,18,3,11,57,135,59,4,32,135,45,47,35,36,7,0,31,58,15,11,4,3,1,23,55,2,16,30,72,84,7,14,3,27,0,24,41,30,5,8,59,6,27,100,22,3,13,16,2,11,15,30,9,2,8,24,7,52,86,14,3,1,1,5,2
20,6,11,82,116,1,0,1,142,46,0,12,23,0,0,9,82,10,0,1,3,24,13,16,0,0,4,6,6,54,42,0,31,15,2,22,142,8,0,2,142,34,0,5,28,10,2,11,69,2,0,0,26,142,39,11,16,25,0,0,4,130,101,7,22,16,4,32,142,62,1,1,142,37,2,10,25,18,3,18,24,6,10,31,103,94,4,8,52,58,12,9,12,15,2,2,26,15,1,0,10,91,12,4,107,18,0,2,4,3,3,27,6,1,20,39,13,2,14,10,12,9,29,17,0,0,5,5
53,1,0,0,22,128,52,43,7,18,2,2,21,133,106,1,60,133,9,0,0,21,68,8,25,100,25,7,1,0,6,4,6,0,1,4,22,49,91,49,66,14,1,6,21,37,33,22,133,133,16,3,2,6,15,50,21,44,32,29,44,47,24,12,0,0,30,50,12,8,29,12,133,17,2,13,16,16,26,15,133,35,0,0,1,11,28,57,20,0,0,0,6,44,55,27,0,0,10,27,25,30,46,8,133,39,1,7,25,14,8,7,133,31,0,0,1,14,3,7,16,0,0,0,1,12,5,18
23,17,8,3,12,47,64,53,63,14,1,0,0,0,44,113,12,1,2,12,6,1,53,88,3,0,6,111,113,10,4,18,23,61,88,29,19,10,3,4,113,103,29,3,0,0,3,17,31,25,59,20,14,9,10,35,7,1,7,34,38,98,90,17,9,7,55,59,11,0,0,1,112,24,20,15,3,3,12,54,18,4,12,30,69,11,38,64,1,7,42,102,113,89,35,4,4,3,20,20,9,36,10,14,5,3,10,11,18,113,77,18,33,0,0,5,6,23,113,113,26,9,57,56,11,0,4,41
64,48,0,0,16,56,36,8,4,3,5,0,6,76,132,14,99,26,1,0,10,65,43,15,32,24,1,0,47,83,0,0,47,3,1,19,74,56,9,79,27,1,3,29,57,47,46,17,132,9,0,1,19,22,17,34,31,13,8,4,102,56,1,3,66,0,1,26,22,8,52,132,41,6,2,59,67,38,69,15,132,19,1,8,34,10,4,13,22,6,2,3,82,33,13,5,18,39,13,33,54,7,74,77,40,85,37,1,3,18,94,26,132,30,2,4,23,2,4,15,18,7,14,27,80,17,4,1
2,45,23,3,90,48,0,0,74,33,0,0,107,76,2,5,119,71,4,0,2,29,19,7,3,13,5,0,1,33,65,31,3,1,2,3,119,119,0,1,119,59,0,0,66,72,1,21,84,34,0,3,41,36,9,11,4,2,0,3,20,39,25,19,6,14,13,2,78,119,27,2,104,15,35,9,24,22,6,119,26,7,3,1,29,28,42,108,7,84,6,1,25,31,9,3,60,80,26,3,0,43,13,4,12,24,101,49,2,3,5,18,17,74,47,10,0,2,12,36,12,119,4,0,2,11,2,1
0,2,10,14,8,26,69,4,9,12,4,13,39,70,76,3,110,142,2,2,30,15,1,0,50,122,1,0,4,6,0,0,11,9,82,78,9,6,7,1,58,10,24,137,53,8,14,5,142,75,0,4,4,1,1,30,46,15,0,1,6,18,5,13,41,10,8,17,28,0,0,17,46,11,3,64,142,0,0,2,142,17,0,7,13,2,1,26,44,0,0,0,6,91,17,16,22,57,8,11,25,1,0,3,26,10,3,46,142,4,0,3,142,10,1,5,15,9,1,28,20,1,0,4,57,82,4,8
0,0,4,10,26,17,23,14,16,2,4,26,11,17,45,102,7,1,21,121,2,0,8,59,9,4,24,121,3,1,13,18,12,1,9,26,120,67,2,2,121,33,4,3,32,32,6,28,34,10,9,25,18,6,7,111,27,4,29,121,4,0,0,63,46,2,0,2,121,121,1,4,121,10,0,0,25,19,0,8,34,2,0,2,81,37,5,42,105,0,0,21,11,3,2,108,56,2,0,0,82,80,2,6,121,10,0,0,23,14,0,6,24,13,1,0,65,42,1,3,121,32,0,0,6,7,0,17
47,34,12,1,0,0,0,9,6,17,25,55,6,0,0,0,15,60,34,70,42,0,0,0,0,11,21,140,140,0,0,0,114,7,0,0,0,0,0,26,33,14,8,22,5,2,5,8,100,119,39,42,25,21,21,40,8,16,25,140,140,71,15,8,115,17,4,0,0,0,0,17,49,22,26,1,0,0,1,5,29,10,9,1,36,51,31,34,0,29,23,18,140,122,18,4,67,39,23,25,2,0,0,1,61,15,8,5,6,0,0,4,3,11,6,10,86,20,0,0,50,140,52,19,54,13,0,0
0,0,0,0,0,0,0,0,0,0,0,0,0,0,0,0,6,8,6,12,0,0,0,0,4,9,32,133,22,0,0,0,3,0,0,0,0,0,0,0,32,5,17,7,0,0,0,3,44,73,82,20,0,0,0,2,86,117,113,133,31,4,7,24,63,0,0,0,0,0,0,133,133,9,5,0,0,0,0,85,78,45,66,10,0,0,0,10,57,20,20,38,28,19,67,71,133,0,0,3,0,0,0,133,133,0,0,0,0,0,0,133,129,11,6,6,0,0,0,55,8,4,8,61,10,1,5,4
2,0,0,6,10,5,61,147,14,2,0,0,4,17,46,145,18,8,6,20,13,2,6,25,0,6,39,23,10,3,0,0,21,0,0,40,102,17,20,54,147,38,0,0,4,3,15,147,71,47,10,15,12,0,0,10,0,0,1,21,35,9,0,0,29,4,2,52,147,27,1,13,147,73,0,5,17,2,1,73,108,32,3,15,29,3,0,7,0,0,4,17,56,22,0,0,32,18,5,45,89,49,17,2,147,128,1,7,19,3,0,9,48,25,3,4,39,14,0,2,0,1,17,11,29,35,0,0
10,7,2,57,131,0,0,0,136,48,2,9,11,0,0,2,132,22,3,0,0,0,0,7,13,20,16,9,1,0,0,0,12,3,0,30,136,5,2,6,136,39,0,3,25,3,3,40,136,30,0,0,0,0,0,6,45,4,1,4,2,0,1,4,8,1,0,28,136,5,2,4,136,41,1,7,50,3,3,41,136,39,7,1,0,0,0,5,44,14,9,1,0,0,0,1,6,10,2,52,136,1,0,0,136,136,10,21,31,0,0,0,52,65,23,30,5,0,0,0,36,17,5,2,1,0,0,0
5,0,0,0,0,1,0,4,6,0,0,0,0,0,0,0,5,0,0,0,0,0,0,0,0,0,0,0,0,0,0,0,40,0,0,0,0,5,7,48,107,2,0,0,0,0,0,16,151,5,0,0,0,0,2,17,56,0,0,0,0,1,12,59,52,3,0,0,0,1,8,57,137,12,0,0,0,0,1,84,151,51,11,5,1,1,3,38,86,88,63,14,5,5,22,66,24,10,13,2,0,4,21,39,66,15,7,2,0,0,6,113,151,44,13,2,0,0,2,151,151,151,117,5,0,0,0,65
57,3,2,66,54,0,1,21,143,28,9,5,0,0,0,24,40,12,13,10,0,0,0,6,17,3,2,4,7,0,0,5,43,11,4,107,74,0,0,0,143,74,18,29,5,0,0,9,39,21,21,105,32,0,0,6,46,18,7,15,6,0,0,7,17,5,3,44,85,5,0,0,143,29,7,19,8,0,0,36,124,16,20,143,42,0,0,10,74,54,15,72,12,0,0,0,3,5,16,50,17,1,0,0,143,40,7,13,3,0,0,2,143,22,13,93,7,0,0,5,30,40,33,126,9,0,0,0
0,0,1,93,60,0,0,0,119,24,6,77,40,0,0,3,147,62,21,23,2,0,0,2,17,4,10,34,8,0,0,5,0,0,0,40,76,10,4,0,107,15,4,64,83,1,0,6,147,36,12,38,8,0,0,34,31,9,10,133,46,0,0,2,0,2,6,23,36,10,3,1,50,22,17,65,38,1,0,1,147,47,7,10,1,0,0,15,93,17,19,147,21,0,0,2,0,13,15,16,5,4,0,0,33,7,11,38,28,10,0,0,147,27,1,2,2,0,0,2,147,20,12,61,2,0,0,4
49,61,5,37,87,0,0,0,18,1,0,37,148,12,1,2,148,42,2,6,12,6,1,4,26,10,3,70,77,3,1,4,34,20,0,16,111,12,6,8,49,2,0,56,148,7,0,2,148,22,0,5,28,3,0,9,24,2,4,43,55,2,0,2,14,0,0,9,49,4,12,37,37,5,1,87,148,0,0,3,148,17,1,15,29,0,1,53,26,8,11,14,10,1,1,14,27,3,5,4,18,1,1,10,12,12,4,43,148,3,0,2,122,95,6,15,20,0,0,11,21,25,1,1,13,6,1,2
11,7,0,1,6,15,4,4,7,1,0,5,93,125,5,3,147,14,0,0,24,45,9,18,44,13,0,2,18,4,3,5,22,2,0,5,17,5,9,24,25,1,0,19,148,60,1,5,148,10,0,0,48,18,1,16,63,8,4,25,26,1,0,0,78,12,0,0,38,19,0,23,34,11,0,2,148,106,0,1,148,36,0,0,26,9,0,5,76,23,9,19,24,21,0,0,70,5,0,1,49,51,8,36,20,15,2,2,125,73,1,0,148,25,0,0,3,3,1,7,57,6,0,0,45,115,3,5
15,9,5,3,0,0,0,4,81,25,6,4,0,0,0,21,26,11,6,10,4,1,17,108,6,3,24,15,0,0,27,107,22,1,1,25,26,7,1,5,137,51,20,29,4,2,0,11,19,16,19,137,56,4,18,30,5,0,0,30,10,1,39,137,22,0,0,65,110,9,1,8,137,9,2,7,12,5,1,55,59,4,2,137,88,2,0,9,10,1,15,137,14,0,0,26,11,0,0,91,137,2,0,5,137,0,0,12,24,1,0,71,65,0,4,30,35,1,1,20,0,0,32,80,6,0,0,0
16,72,70,25,2,1,1,1,33,41,3,0,13,28,11,7,71,16,1,8,49,9,3,17,2,4,9,58,130,12,0,0,2,10,7,0,0,53,79,2,19,5,0,0,1,110,94,28,130,7,0,1,65,14,22,84,10,3,1,9,130,32,0,2,18,54,0,0,1,82,130,12,33,130,26,0,0,31,44,11,130,67,6,8,51,1,3,20,15,12,23,75,130,2,0,2,14,130,5,0,0,14,4,1,5,96,20,0,2,17,3,2,71,9,3,2,14,8,4,39,14,4,18,28,62,12,7,12
106,1,1,94,40,0,0,86,93,2,4,10,5,1,8,120,10,6,21,26,11,0,0,4,4,34,32,37,4,0,1,0,32,6,5,120,91,0,0,28,120,35,6,25,7,0,1,101,56,16,2,11,35,6,1,5,7,16,4,2,17,71,73,10,7,6,8,108,90,0,0,5,120,32,9,41,23,0,0,34,66,6,7,34,46,9,0,24,13,10,41,114,117,84,35,14,1,2,75,68,19,0,24,7,50,35,119,56,8,0,8,14,37,17,44,25,3,0,4,31,3,8,72,82,8,0,3,24
22,1,0,0,0,0,12,139,63,0,0,0,0,0,5,125,170,18,3,5,5,1,0,86,73,8,4,69,170,17,26,58,59,37,9,2,0,0,0,45,147,2,0,0,0,0,0,113,170,54,0,0,0,0,0,40,88,16,2,64,124,7,0,14,48,13,12,12,0,0,0,9,67,1,0,2,0,0,0,16,169,30,0,0,0,0,0,3,13,8,0,7,8,0,0,0,1,0,0,0,0,0,0,0,0,0,0,0,0,0,0,0,0,0,0,0,0,0,0,0,0,0,0,0,0,0,0,0
8,0,3,17,8,12,11,36,118,1,0,0,1,5,10,121,23,1,0,12,96,108,14,32,1,0,0,8,52,55,28,3,7,3,54,121,34,1,3,6,121,40,6,34,12,3,3,39,51,13,0,38,121,38,3,9,0,2,29,72,75,10,7,0,2,0,11,121,121,0,0,0,106,23,32,65,65,7,6,45,21,28,26,11,36,75,11,18,6,113,93,19,13,8,1,2,0,0,5,70,89,20,1,0,6,18,89,72,21,21,15,1,5,26,57,22,5,25,17,3,17,56,13,1,0,9,82,23
12,0,0,0,0,23,23,37,22,4,6,29,59,18,6,37,8,17,26,31,24,12,39,54,3,10,35,6,0,36,96,27,36,0,0,0,0,2,40,54,122,29,24,71,17,4,3,36,7,5,13,122,122,35,18,9,17,2,2,7,40,64,55,15,95,23,0,0,0,0,8,32,122,34,1,8,28,51,21,25,8,6,31,42,122,122,18,5,10,70,88,28,38,8,0,1,94,35,0,0,0,0,2,7,79,31,1,4,26,41,35,16,17,122,112,14,25,29,5,1,0,122,122,2,0,0,0,0
1,0,0,0,1,95,122,24,11,23,7,0,0,32,122,56,26,41,42,7,15,81,42,10,0,4,29,17,58,50,0,0,37,33,12,3,18,25,27,21,122,122,47,3,5,2,15,29,31,77,57,14,105,93,2,6,0,1,1,6,83,122,1,0,17,38,122,46,6,0,1,3,122,38,12,19,11,15,10,105,22,5,3,16,122,100,13,34,0,0,11,49,51,17,0,0,2,2,24,38,11,9,68,41,59,38,8,30,15,9,18,24,15,13,6,40,62,9,2,6,0,11,44,33,5,0,0,0
0,11,88,20,8,28,13,0,13,19,114,64,1,7,22,39,98,69,38,20,15,2,9,89,3,2,1,58,112,1,0,2,0,17,58,14,21,12,4,0,11,15,46,47,65,114,90,25,114,52,19,10,17,33,70,114,24,17,5,39,76,12,0,8,13,3,1,21,18,11,51,52,12,38,84,114,72,32,17,12,114,114,71,22,15,21,10,24,67,13,1,11,40,21,8,30,60,28,0,0,0,4,7,23,5,24,14,4,2,23,30,6,6,18,8,1,1,107,65,4,64,15,0,1,10,52,35,54
16,2,16,121,13,0,0,27,115,3,9,19,0,0,0,121,121,3,0,3,6,2,0,70,17,0,0,18,103,81,2,4,1,1,51,121,11,0,0,0,86,14,28,121,15,0,0,44,121,34,4,6,14,1,0,64,28,6,10,95,121,45,1,1,2,5,18,41,28,1,0,0,10,67,93,93,20,0,0,1,98,121,36,4,5,3,1,5,15,5,4,59,101,23,1,1,5,12,4,3,22,17,13,1,5,37,27,2,0,14,100,22,6,18,7,0,3,16,39,31,0,0,0,0,53,57,2,1
16,0,0,0,2,46,67,34,2,0,0,0,6,50,70,37,11,0,0,45,122,3,12,53,2,2,7,44,85,1,8,9,6,1,1,6,35,63,71,11,23,1,0,0,6,33,122,53,122,7,0,32,73,0,30,97,6,4,11,70,122,0,0,0,1,8,3,9,68,100,12,2,58,67,12,2,12,37,18,8,122,56,2,14,59,0,2,11,13,27,7,43,122,0,0,0,3,44,58,32,35,18,2,1,14,122,105,0,0,0,0,0,110,97,41,15,19,0,0,0,7,53,52,49,43,0,0,0
6,0,0,0,139,133,12,8,27,17,4,0,18,65,53,17,141,47,2,0,0,4,11,40,64,6,0,0,12,27,6,11,8,0,1,4,141,109,2,5,70,18,6,3,24,15,4,81,141,39,1,0,0,0,2,67,65,15,0,0,0,8,6,18,1,1,12,22,141,57,0,0,82,49,26,22,9,0,0,10,141,63,0,0,0,0,0,21,102,9,0,0,1,0,0,7,0,13,28,7,50,29,0,0,58,31,46,15,4,0,0,2,141,20,2,0,0,0,0,33,80,5,0,1,2,1,4,18
27,93,2,0,0,0,0,0,41,130,51,9,8,7,0,2,130,73,23,30,56,5,1,9,44,25,16,28,62,6,3,15,10,130,25,0,2,10,2,0,56,61,6,3,37,130,14,20,130,11,1,27,60,30,9,89,68,8,3,62,93,18,4,42,0,11,6,0,12,22,0,0,34,100,28,8,54,72,2,3,130,130,14,16,22,43,12,23,22,20,12,24,51,109,24,26,0,0,0,0,0,0,0,0,1,61,13,0,1,0,0,0,6,86,35,48,15,8,2,0,1,35,60,53,14,10,4,3
5,26,11,5,3,19,32,2,7,19,3,0,3,15,59,25,1,0,0,0,66,30,4,4,32,2,0,0,26,24,7,17,9,5,12,48,86,112,67,17,112,27,11,7,9,31,77,109,29,1,0,0,69,112,3,9,78,27,1,0,35,91,11,24,6,13,103,112,43,6,2,16,75,109,112,58,33,17,2,9,12,40,81,56,69,112,7,1,46,84,48,15,40,49,31,25,1,1,16,24,6,3,20,30,0,5,27,24,9,3,44,22,0,24,99,50,21,5,28,13,0,13,46,78,112,27,22,4
3,64,43,0,1,9,6,3,1,32,34,1,2,27,24,13,0,2,27,6,6,84,89,12,5,0,12,14,3,10,60,45,26,12,6,0,18,111,57,82,81,14,1,14,36,87,80,87,20,19,27,110,110,111,77,26,106,73,20,11,4,9,47,86,54,28,30,37,82,55,10,28,111,28,0,12,12,11,1,25,28,32,62,111,16,0,0,14,18,109,44,13,15,9,0,0,17,7,21,111,94,1,0,2,95,13,12,24,2,0,0,28,47,5,5,1,0,0,0,41,7,7,4,15,36,11,0,4
3,0,0,1,36,28,42,28,49,1,1,13,19,22,112,117,33,0,25,103,4,0,8,71,0,1,115,61,0,1,7,0,0,2,1,4,117,37,2,0,117,54,3,4,68,19,13,63,86,5,4,7,0,4,105,114,0,0,24,6,0,41,117,4,1,6,19,52,98,23,0,0,44,38,13,16,21,10,25,16,11,1,1,1,1,30,117,19,0,0,0,1,4,74,117,0,0,3,91,117,7,0,1,1,0,1,59,117,9,5,3,0,0,1,68,36,7,14,11,0,0,0,14,22,36,39,14,0
37,21,2,0,9,28,117,37,9,6,35,23,79,50,45,26,1,12,117,35,10,4,0,0,0,0,100,91,2,0,0,0,16,8,48,50,11,30,117,48,117,38,25,6,1,2,50,109,33,15,71,28,0,3,25,10,0,0,67,47,0,0,1,2,9,25,117,117,30,15,0,1,110,54,45,35,14,38,61,25,43,26,6,3,0,22,117,69,27,6,11,9,0,7,38,42,4,2,5,19,108,75,1,0,7,65,9,8,38,54,14,0,21,112,16,0,11,9,8,6,13,13,2,5,48,54,50,18
0,0,0,0,23,129,100,12,10,0,0,2,40,129,18,23,4,0,1,25,52,3,6,9,78,6,2,14,21,0,0,14,1,14,7,5,22,77,85,9,17,0,0,4,60,68,53,45,122,27,34,24,11,5,30,59,50,88,105,44,5,0,0,0,3,23,11,23,58,22,0,0,37,18,5,24,114,30,3,5,129,73,13,5,4,1,1,13,73,68,55,3,0,0,1,15,8,12,41,121,17,2,0,6,12,49,80,102,19,2,0,0,129,128,18,1,0,0,1,4,33,6,0,0,0,0,11,29
0,2,103,108,13,1,0,0,1,29,139,56,0,0,0,0,2,40,139,90,0,0,0,0,3,11,81,139,3,0,0,0,3,14,8,20,59,3,0,0,24,33,37,14,1,0,0,0,69,42,45,63,0,0,0,4,2,11,64,139,7,0,0,0,16,13,2,7,30,24,31,27,19,11,4,11,13,15,17,9,63,4,4,6,1,3,47,77,10,7,46,48,0,0,38,64,87,3,0,0,6,50,66,97,4,0,0,0,6,73,139,53,9,0,0,0,0,13,127,80,74,0,0,0,0,0,26,81
1,0,4,115,36,3,0,0,74,17,8,27,4,0,0,33,130,50,6,23,8,0,0,25,11,7,11,130,110,5,7,2,1,10,5,26,45,104,76,4,91,36,16,15,8,11,28,21,130,35,1,3,11,1,1,40,19,10,32,85,50,18,5,5,2,92,96,17,18,31,31,4,33,130,94,0,0,0,7,6,130,78,10,0,2,16,31,36,9,2,2,3,18,87,95,12,3,43,27,7,5,1,0,0,3,130,20,0,6,2,0,0,8,46,5,2,55,73,13,2,15,21,5,3,9,37,36,9
32,16,3,2,10,28,19,33,122,36,0,0,0,0,19,122,64,2,1,24,60,21,12,45,17,1,2,43,67,19,9,20,122,81,0,1,22,41,7,6,122,71,0,0,0,0,0,8,122,10,3,40,15,0,0,18,16,7,10,122,59,0,0,2,91,103,71,54,9,3,0,0,96,30,2,1,0,0,0,9,122,15,2,8,2,0,0,12,28,11,4,101,97,2,0,0,1,8,42,106,43,0,0,0,25,2,2,17,21,3,5,23,122,12,1,1,0,1,2,63,49,14,7,83,81,2,0,6
0,0,0,0,0,0,0,0,6,3,0,0,0,1,3,8,5,2,2,34,46,72,16,11,7,9,41,27,20,41,43,58,3,0,0,0,0,0,0,0,92,26,0,2,3,0,0,12,23,14,5,71,91,31,4,7,6,15,17,98,35,15,18,35,12,15,56,9,0,0,0,0,134,71,132,5,0,0,2,20,17,15,120,62,7,0,10,22,4,23,97,126,3,0,0,0,0,8,160,36,0,0,0,0,3,59,163,12,0,0,0,0,0,20,163,9,0,0,0,0,0,3,163,47,0,0,0,0
42,47,23,0,0,17,115,85,51,13,2,0,0,3,16,98,8,37,18,3,5,6,3,4,0,18,31,34,43,8,0,0,124,63,31,0,0,12,54,51,124,26,0,0,0,0,1,100,123,46,6,2,9,0,0,36,9,11,8,19,124,43,0,1,34,94,124,30,0,0,0,0,58,124,46,6,0,0,0,8,89,106,17,4,4,0,0,9,16,10,32,105,72,14,2,1,0,5,72,58,15,5,7,2,31,99,23,20,7,1,0,0,13,45,16,4,8,31,9,2,5,4,5,12,5,124,44,3
9,18,26,18,14,24,3,3,14,126,116,21,5,8,0,0,19,89,126,23,0,0,0,0,62,98,34,3,0,0,5,17,46,16,15,12,0,0,1,32,126,90,62,21,0,0,0,43,24,45,126,50,1,0,0,2,9,20,41,53,9,5,8,7,22,26,16,72,25,0,0,4,126,126,15,13,5,0,1,29,51,31,50,29,8,18,7,20,0,1,23,75,22,46,19,1,32,54,7,14,15,2,1,2,90,126,7,3,1,26,23,6,6,19,4,0,1,126,66,2,0,0,0,1,5,122,57,17
34,36,26,2,8,14,49,87,35,32,5,0,0,1,88,60,81,19,0,0,0,11,39,27,11,11,2,9,81,54,47,5,86,26,1,0,1,10,40,76,114,36,0,0,1,0,31,64,70,21,5,23,52,74,41,20,25,19,28,24,41,92,110,37,114,77,47,19,1,0,0,4,114,108,48,9,1,0,0,38,46,40,67,55,35,6,0,13,13,41,114,38,10,9,8,4,114,45,33,5,0,0,0,113,50,114,55,6,3,1,7,20,4,30,33,15,29,19,5,2,7,18,18,5,9,32,19,4
17,0,0,16,35,7,16,29,2,0,0,0,42,123,35,10,46,4,0,0,11,39,29,71,43,3,0,0,0,0,33,31,15,0,0,51,93,2,0,7,25,0,0,46,128,56,4,5,128,29,5,6,18,16,4,9,50,27,28,8,1,0,0,15,14,2,0,61,128,13,0,2,28,2,0,51,128,52,3,9,128,22,5,7,37,15,3,93,56,58,48,4,0,0,0,36,2,0,0,2,56,108,18,9,4,0,0,0,128,128,8,11,55,1,0,0,24,24,7,128,56,7,0,0,0,0,2,128
0,0,2,111,75,18,4,0,4,11,4,124,124,2,0,0,89,124,8,20,13,0,0,0,30,114,27,16,2,0,0,0,0,0,0,8,37,61,63,14,25,12,2,48,124,56,9,4,124,93,4,11,33,5,0,19,124,42,2,1,12,4,0,20,1,0,1,9,55,25,14,8,23,24,8,8,124,57,3,3,124,54,7,2,21,3,0,21,124,1,0,2,16,1,0,34,0,0,40,48,28,5,0,0,10,70,27,60,39,5,0,0,28,100,45,12,5,0,0,0,83,3,4,12,20,0,0,14
7,0,0,0,1,68,43,27,18,0,2,12,11,8,27,99,10,42,54,46,19,3,6,13,21,71,12,2,12,7,0,0,8,0,0,0,1,65,69,46,24,7,3,1,0,2,51,126,120,34,7,2,0,0,32,90,22,25,13,24,14,2,0,1,33,1,1,11,30,10,23,126,68,72,20,1,0,0,7,99,126,66,6,0,0,0,18,61,23,5,4,10,5,53,39,30,9,0,31,126,21,1,3,66,32,7,3,23,14,4,107,126,16,6,0,0,0,0,126,113,35,6,0,0,1,23,109,90
6,11,0,0,74,61,3,0,20,48,0,0,80,88,13,1,39,102,5,3,1,6,10,7,41,39,1,1,0,0,4,21,11,3,0,0,13,129,51,8,129,100,4,0,21,75,17,18,48,96,57,47,2,0,0,1,61,66,48,12,1,0,0,0,20,7,18,15,10,99,27,10,129,34,9,0,0,7,3,76,129,61,37,8,0,0,1,36,8,46,66,10,6,5,2,6,3,28,129,43,4,0,0,2,78,129,129,1,0,0,0,13,77,43,18,7,0,0,10,46,13,3,1,2,7,7,11,37
13,2,0,1,44,55,24,9,7,12,0,0,98,74,2,0,12,31,0,0,60,90,27,2,34,56,1,0,0,10,18,14,8,4,1,0,5,85,126,20,14,7,0,0,24,126,64,10,115,111,5,2,32,81,16,8,25,79,33,31,2,0,0,0,17,19,11,36,69,66,32,9,31,9,19,18,12,126,46,12,126,40,8,0,0,9,5,53,74,51,47,13,0,0,0,14,14,31,50,50,35,5,9,8,5,33,126,55,6,1,0,3,89,119,118,2,0,0,0,15,51,23,9,4,0,0,8,38
1,0,0,1,54,121,2,0,15,3,3,2,30,121,70,25,66,23,9,16,18,8,45,61,100,70,7,6,10,1,0,12,0,1,29,87,121,85,1,0,50,6,50,94,30,40,5,4,121,43,14,11,2,0,1,11,108,62,12,4,1,0,0,42,0,5,55,120,34,10,2,0,15,4,66,121,53,10,4,1,121,10,9,53,31,0,1,88,43,0,0,10,8,0,1,121,0,0,1,17,53,55,9,1,0,0,0,37,68,32,25,1,41,17,3,46,66,1,0,39,48,21,5,9,2,0,0,40
41,0,0,29,74,13,6,44,47,1,0,39,67,11,28,22,139,13,0,0,0,0,4,25,48,11,2,1,16,12,0,0,94,0,0,27,40,2,2,101,58,3,1,101,135,1,0,26,139,10,1,6,6,0,0,36,64,1,0,0,63,24,0,2,66,0,0,3,5,1,6,123,55,14,7,105,74,0,1,78,139,50,8,28,10,0,0,3,57,1,0,2,88,11,0,1,30,0,0,0,0,0,8,58,35,6,2,11,7,0,5,139,139,32,3,6,3,0,1,50,30,1,0,2,65,24,0,4
8,18,42,13,8,54,46,10,14,15,10,23,59,17,41,34,77,110,49,19,22,3,0,2,16,36,55,83,30,3,4,2,13,11,40,29,21,113,74,21,113,65,25,7,4,8,46,78,61,89,22,4,8,20,26,13,10,6,1,14,26,17,47,29,4,8,73,37,14,40,78,13,113,31,24,9,3,7,36,104,57,5,2,35,54,31,16,49,30,4,2,15,21,9,17,66,34,4,2,25,108,70,89,57,113,13,0,0,0,1,41,113,113,4,7,53,8,0,4,93,20,14,22,39,14,13,7,7
3,2,2,5,0,21,77,8,10,2,15,108,11,9,37,11,6,4,57,133,10,0,0,0,23,8,38,133,10,0,0,2,87,4,0,0,12,40,68,48,96,15,2,1,0,0,11,20,89,14,34,133,8,0,0,8,4,3,89,133,64,6,0,0,133,7,0,0,44,16,2,29,128,22,5,0,0,0,0,3,133,14,2,11,15,0,0,5,14,1,4,110,133,9,0,0,131,18,0,1,32,2,0,1,61,22,2,0,0,0,0,0,51,11,0,2,1,0,0,0,7,0,2,53,15,0,0,0
3,0,0,1,8,46,67,38,76,11,13,3,1,7,30,73,13,8,23,12,0,0,0,1,0,0,0,0,0,0,0,0,27,1,0,6,30,86,61,59,138,22,3,1,8,35,19,75,64,11,10,14,37,110,4,6,0,0,0,0,1,12,0,0,52,73,36,46,72,42,27,7,138,138,17,8,5,31,20,35,23,10,62,30,60,138,17,14,0,6,23,1,4,13,0,0,39,42,78,138,35,0,0,2,122,93,44,22,3,2,11,41,35,30,138,42,5,2,3,19,0,8,72,14,0,0,0,0
0,0,0,0,0,0,0,0,12,2,0,0,0,0,0,0,9,2,0,9,19,1,0,0,5,0,0,5,53,41,19,9,52,8,25,39,0,0,0,19,128,31,1,0,0,2,11,44,55,17,0,10,63,38,64,10,30,17,6,20,128,55,14,7,40,25,54,118,20,25,60,16,128,43,8,5,15,54,66,59,30,39,4,2,23,93,128,45,15,34,25,14,58,41,30,17,9,2,1,14,12,27,128,92,37,34,5,0,7,32,128,120,117,106,17,4,9,22,42,41,15,29,15,12,76,67,8,5
27,10,13,50,16,3,10,29,64,147,147,77,14,1,1,1,11,56,136,147,58,20,8,2,13,96,147,131,7,6,14,14,42,36,14,1,2,18,8,17,147,42,5,8,16,2,2,12,41,13,21,101,132,30,8,0,0,7,61,71,8,9,7,0,31,39,23,1,3,16,5,6,147,29,8,2,8,0,0,25,40,0,0,11,62,3,1,9,0,0,0,0,2,1,0,0,52,35,9,0,2,1,1,6,28,6,4,0,1,1,0,9,2,0,0,0,0,0,0,1,0,0,0,0,0,0,0,0
2,5,35,41,25,10,0,0,34,23,27,13,26,65,66,29,71,0,0,19,60,9,49,91,16,7,5,32,128,33,24,28,0,0,0,12,36,9,0,0,37,1,0,45,125,81,22,18,137,11,0,5,70,12,10,52,58,35,4,31,137,15,1,5,0,0,0,0,2,1,0,0,100,6,0,2,26,52,12,10,137,29,0,0,55,39,6,15,109,35,0,0,137,56,1,3,0,0,0,0,0,0,0,0,46,8,0,0,0,0,0,0,133,20,0,0,38,71,5,10,130,37,0,0,36,59,4,4
2,0,0,0,0,0,0,0,82,18,3,1,0,0,2,17,106,19,3,3,0,5,26,85,32,3,0,0,5,103,128,59,36,3,0,0,0,0,0,2,134,83,25,15,1,1,1,22,26,23,43,109,23,15,25,36,39,8,1,22,14,24,53,23,66,6,0,0,0,0,0,8,134,60,6,4,3,6,6,112,37,23,21,87,65,71,24,34,88,29,0,26,30,26,19,4,64,35,0,0,0,0,0,0,134,94,5,1,0,0,14,60,33,26,20,68,68,52,62,53,114,67,2,21,56,26,5,4
0,57,45,0,0,0,0,0,0,71,73,4,0,0,0,0,14,41,32,1,0,0,0,1,108,95,4,0,0,0,0,11,26,129,100,6,3,3,8,5,11,57,97,36,75,21,6,2,56,86,51,3,12,2,1,9,129,129,29,0,0,0,2,28,14,22,24,15,44,50,44,23,17,2,0,1,59,58,37,25,86,22,3,0,10,5,32,73,129,31,6,0,0,0,54,129,2,24,42,0,18,59,29,12,4,43,85,0,3,15,13,16,13,97,103,2,0,2,6,16,28,24,105,33,0,0,7,60
1,1,3,11,9,83,117,14,3,6,3,14,11,126,59,0,11,22,21,20,2,46,33,0,55,72,29,12,4,11,8,6,0,2,88,132,30,12,16,0,17,6,34,74,57,11,1,0,81,45,40,18,10,4,2,6,33,21,34,13,34,62,37,14,0,0,22,117,132,117,7,0,9,0,6,22,73,97,25,2,60,7,2,2,13,79,72,39,3,1,2,2,34,132,64,4,0,0,0,15,132,131,7,0,0,0,0,9,33,45,17,0,0,0,0,0,3,75,29,1,0,0,0,0,0,41,14,0
0,0,0,0,92,85,12,1,118,64,1,1,94,46,0,0,36,41,4,7,131,34,0,0,2,17,6,4,73,11,0,0,8,0,0,2,78,131,16,10,131,35,0,2,63,42,4,19,53,16,4,20,131,30,0,1,77,58,10,10,36,3,0,18,19,6,14,62,74,27,4,15,131,47,25,32,29,9,4,31,54,9,48,98,131,1,0,7,43,70,61,19,15,10,15,16,16,5,7,20,15,31,10,5,79,26,13,9,3,11,15,61,43,3,16,33,32,4,2,47,3,3,11,16,81,38,18,10
53,14,29,42,15,19,60,87,114,20,5,0,0,3,40,114,14,4,0,0,26,101,66,23,0,1,5,2,29,47,5,1,20,31,114,93,16,8,6,4,70,40,40,15,63,74,114,64,98,13,2,2,5,38,114,114,25,2,6,14,29,14,6,11,13,7,11,16,19,18,30,12,8,27,66,113,89,30,8,4,114,110,44,14,5,6,16,30,28,9,2,2,23,20,19,12,27,8,2,2,0,3,18,58,1,4,17,22,17,80,46,8,24,14,9,2,4,33,100,55,46,60,1,0,0,3,19,22
20,60,26,6,1,1,0,3,30,8,9,5,21,16,19,23,4,11,30,40,113,79,16,6,68,113,58,11,18,26,11,19,34,10,3,4,19,22,16,72,7,4,8,25,69,108,92,27,113,72,69,38,33,12,61,76,45,113,113,14,2,0,0,9,104,42,19,12,10,3,8,50,18,31,113,105,45,15,5,6,113,113,96,12,3,2,6,40,59,16,8,2,0,0,40,104,24,30,62,47,0,0,0,2,22,14,28,11,1,2,18,19,5,13,24,2,6,16,33,11,6,1,0,2,5,3,26,30
87,27,0,0,0,0,0,44,97,6,10,82,11,1,1,52,6,1,23,141,36,24,7,0,7,0,12,76,5,8,4,14,48,25,1,0,0,3,11,37,141,11,2,12,13,4,3,34,39,4,9,118,117,41,2,4,7,0,8,141,28,4,1,5,49,1,0,0,0,10,22,51,141,10,0,3,30,9,1,28,46,2,0,23,141,63,4,15,46,1,2,85,30,5,2,29,48,25,47,12,0,0,12,17,141,34,4,12,10,0,0,21,32,2,12,141,60,1,1,13,42,5,24,53,6,0,0,18
13,7,15,105,72,2,1,0,137,82,2,17,17,0,1,3,111,39,0,0,4,23,13,13,0,0,0,2,19,52,30,0,23,14,4,31,137,0,0,0,137,39,1,7,39,7,4,13,79,2,0,0,11,137,66,20,12,12,0,0,2,112,122,8,17,13,5,23,137,67,2,0,137,29,1,8,32,16,5,15,25,8,10,27,80,103,11,8,45,60,9,5,7,18,8,3,23,18,2,0,10,101,15,3,111,20,0,2,4,3,3,18,8,2,18,35,12,2,9,7,12,15,20,8,0,0,2,3
112,112,1,0,1,1,0,2,41,6,2,44,86,26,8,5,97,105,47,78,68,26,7,4,112,103,2,4,60,29,0,1,51,112,6,9,14,10,2,0,11,7,6,30,40,78,66,14,112,76,31,23,5,9,32,54,112,52,5,59,55,6,0,6,16,51,11,45,31,1,0,0,3,34,58,96,53,12,4,3,112,107,63,9,0,1,3,24,105,7,1,9,28,16,2,41,15,7,3,16,21,13,41,9,23,61,24,18,18,4,14,18,22,50,45,21,6,14,7,6,34,7,2,4,36,46,17,18
14,10,7,7,5,3,3,10,9,21,9,55,72,8,3,3,148,148,6,12,9,0,0,0,40,148,23,1,0,0,0,0,15,5,1,3,3,1,0,9,59,36,7,25,27,2,0,2,148,148,5,3,1,0,0,38,47,46,13,6,1,0,0,13,25,8,11,13,0,0,0,8,55,26,25,14,2,0,0,8,148,11,6,2,1,0,4,148,48,0,0,1,1,4,9,148,48,10,32,40,0,0,0,15,33,34,37,30,4,0,0,1,31,4,8,47,24,2,6,106,58,0,0,2,0,2,13,148
0,0,0,17,28,18,28,9,12,0,2,22,9,17,58,84,9,1,21,122,0,0,4,57,5,4,33,122,3,0,8,12,6,1,3,32,122,60,2,2,118,20,0,0,37,39,8,33,45,13,5,14,8,7,6,95,27,3,40,122,1,0,1,61,26,0,0,1,122,122,3,8,122,4,0,0,24,30,2,13,43,2,0,0,58,45,8,37,106,0,0,14,6,5,4,112,42,0,0,0,84,109,5,8,122,3,0,0,14,13,1,10,29,13,2,1,60,42,1,5,122,37,0,0,4,8,0,19
4,0,3,49,130,17,5,8,132,15,0,5,30,4,4,73,101,20,3,12,21,0,0,7,0,0,0,13,49,11,0,0,6,3,0,41,99,61,18,1,132,93,2,23,42,11,1,17,118,36,0,8,45,9,0,6,0,0,1,24,55,52,1,0,9,8,63,54,25,53,14,2,132,16,17,46,11,11,1,114,82,2,0,1,36,91,10,78,18,4,1,1,28,132,18,5,29,13,28,42,14,0,0,15,74,3,9,108,46,0,0,56,68,0,2,12,55,42,8,87,37,11,12,12,35,24,2,5
0,0,3,0,13,83,14,0,0,0,0,0,2,116,65,0,0,0,2,6,3,77,119,0,0,0,0,6,11,64,119,8,4,1,0,2,44,119,45,7,72,14,14,4,3,106,78,43,10,7,58,76,13,41,22,2,0,0,22,119,36,43,26,0,12,28,63,85,85,119,14,6,119,105,64,24,7,23,25,29,13,3,8,30,22,60,65,5,14,1,13,56,9,35,42,28,9,11,37,34,28,58,42,27,26,38,50,26,12,10,20,57,0,4,35,80,76,25,7,1,30,25,55,32,21,21,13,19
36,6,3,1,0,0,0,28,20,19,15,7,0,0,1,11,12,13,17,79,83,16,6,8,71,143,8,29,41,0,0,2,74,1,0,0,0,0,0,77,40,11,1,1,1,0,1,18,25,31,8,24,55,10,3,4,143,143,13,12,15,0,0,3,143,21,9,23,4,0,0,39,62,21,19,27,0,0,0,9,64,36,28,23,7,0,0,5,143,53,7,2,0,0,1,136,133,13,7,33,13,0,0,19,108,23,41,81,0,0,0,16,36,50,44,46,10,0,0,2,83,4,6,25,24,3,5,143
1,1,6,131,52,11,3,0,27,9,3,64,13,1,2,15,29,40,35,19,0,0,1,6,44,7,9,18,3,0,0,16,14,1,1,76,72,48,5,11,66,7,2,131,82,0,0,6,131,57,34,87,13,0,0,8,37,5,10,131,55,0,0,25,60,2,2,35,55,18,2,16,67,5,2,131,103,0,0,7,131,15,5,59,27,0,2,36,29,2,2,131,89,2,4,15,21,4,26,106,11,0,6,9,27,5,18,70,51,2,1,6,116,14,12,36,25,0,6,42,16,3,2,40,21,2,16,35
55,2,1,65,48,0,0,14,138,5,0,1,0,0,0,51,96,23,9,5,2,0,0,7,6,6,7,38,45,10,10,6,38,8,4,135,101,0,0,1,138,43,2,13,5,0,0,12,138,33,3,4,2,0,0,7,2,10,19,33,9,0,0,0,11,3,9,138,80,0,0,0,138,16,5,46,18,0,0,39,138,24,4,0,0,0,0,40,17,23,26,20,0,0,0,4,0,0,5,122,87,0,0,0,106,4,1,58,70,1,2,49,138,2,0,0,0,0,0,59,40,10,2,1,0,0,0,11
2,78,49,0,0,49,95,4,9,105,78,0,0,6,56,22,56,104,31,0,9,3,20,14,27,19,0,11,109,74,0,2,0,109,109,4,9,13,5,0,9,49,60,1,6,34,17,5,90,33,11,0,17,16,9,9,9,3,9,69,98,30,12,2,1,9,14,2,10,44,109,18,48,8,1,0,7,43,73,31,99,10,0,0,28,84,9,14,1,0,1,8,33,109,95,4,2,45,81,1,0,1,54,14,46,75,39,2,3,5,21,15,40,24,0,1,90,109,2,3,0,0,3,10,37,103,67,4
6,40,32,3,4,43,8,2,5,16,2,1,8,126,59,1,2,5,31,29,25,126,26,1,1,49,72,9,9,38,8,0,1,5,0,13,60,67,18,10,24,0,0,6,68,114,25,15,126,53,77,20,5,12,9,23,5,51,116,28,36,9,0,0,0,0,0,2,26,126,81,27,81,34,1,0,31,126,38,12,126,43,2,2,2,4,4,33,18,3,6,48,30,18,3,18,1,58,60,1,14,93,31,6,26,126,76,0,1,23,12,2,60,107,42,3,2,1,0,6,9,4,1,11,38,52,3,6
8,38,15,9,11,3,0,0,17,95,32,6,0,0,0,0,14,26,23,10,2,2,4,0,1,1,0,0,0,0,5,1,10,124,62,15,29,11,1,2,104,93,52,33,19,5,1,9,12,15,34,113,116,17,16,5,3,0,0,13,20,9,32,43,16,73,15,10,124,70,1,4,124,17,2,15,47,20,2,34,56,4,2,124,124,0,0,4,5,0,1,86,79,1,6,32,10,17,2,21,124,15,0,0,124,88,2,7,21,1,0,1,51,12,0,53,124,2,0,0,0,2,16,76,89,0,0,1
52,4,1,21,15,0,5,18,130,44,0,0,1,1,0,10,67,28,1,0,44,113,6,0,26,13,0,0,9,125,42,6,52,9,7,48,31,0,0,7,130,32,4,5,12,13,1,18,57,19,1,1,130,130,2,4,71,130,2,1,29,57,6,2,11,11,16,30,3,6,2,2,116,24,9,5,7,34,38,76,28,32,3,3,86,114,55,26,38,109,4,1,8,70,113,18,0,0,0,0,2,17,7,1,0,0,0,0,1,46,53,27,2,0,0,0,1,69,86,11,8,46,10,0,0,43,72,7
3,38,8,4,59,85,1,0,8,102,45,8,8,3,0,0,34,79,44,20,5,0,0,1,3,7,22,35,33,8,9,2,23,126,8,0,18,50,1,0,22,103,38,18,116,59,1,7,126,23,9,23,34,13,2,27,18,4,4,113,126,3,3,2,33,126,2,6,34,15,0,0,25,23,2,17,126,47,0,1,126,51,1,8,24,4,0,8,39,3,0,69,126,0,0,0,4,15,7,12,32,9,1,1,10,47,17,31,97,5,0,0,66,126,4,3,6,9,5,0,13,10,0,14,91,23,9,0
38,52,15,0,30,19,0,10,16,5,0,0,96,96,9,15,94,1,0,0,5,12,10,61,12,2,0,0,40,61,5,9,74,0,0,11,57,4,0,84,29,1,0,43,124,24,2,16,124,18,0,4,23,19,2,43,31,11,0,0,113,124,1,4,72,0,0,7,15,0,2,124,29,5,1,88,124,10,6,39,124,18,2,20,42,94,27,28,40,37,0,0,75,124,6,2,40,13,19,5,1,1,9,70,10,0,0,5,47,48,54,40,3,0,0,2,37,105,20,6,56,20,0,0,7,32,8,13
24,25,9,9,34,21,11,47,28,44,15,5,6,10,44,62,37,18,26,9,5,9,14,51,61,79,21,2,4,0,0,4,8,121,101,14,21,9,0,0,23,67,28,8,49,118,13,3,121,117,2,1,9,47,14,28,59,108,8,2,19,0,0,3,3,45,33,10,42,95,27,2,26,7,15,11,113,112,4,4,121,32,9,3,6,6,1,106,82,14,1,4,27,0,0,47,0,0,1,76,89,45,6,1,47,31,25,19,26,27,5,8,121,28,26,22,16,0,0,39,121,11,0,6,12,0,0,30
87,12,23,53,0,0,3,64,133,13,1,0,3,0,20,90,59,6,5,12,80,49,4,10,0,10,45,9,17,81,14,0,20,12,41,119,41,61,16,10,139,53,5,5,6,7,11,35,70,26,27,50,77,11,0,2,0,31,88,12,7,18,11,1,34,4,0,2,93,139,30,19,139,22,0,0,1,10,17,63,63,10,4,9,43,25,5,17,8,8,11,19,65,94,46,21,46,13,5,11,87,34,1,12,139,26,1,0,0,0,0,31,76,7,0,10,33,19,2,9,5,16,33,46,59,30,16,13
15,5,4,16,24,20,77,75,34,4,0,0,0,3,79,116,26,4,0,0,1,33,82,103,21,14,0,0,5,76,50,32,31,6,4,27,32,27,12,17,116,57,3,1,5,7,5,44,19,23,4,3,53,99,60,26,84,19,0,0,2,27,77,65,30,4,6,116,27,15,7,19,116,21,1,4,21,40,13,60,15,2,0,1,81,116,24,18,116,16,0,0,4,14,12,91,15,10,6,103,116,0,0,0,63,28,9,13,41,24,5,8,2,7,42,36,76,33,6,5,111,16,20,13,1,1,4,58
14,3,5,2,13,70,58,25,39,9,5,41,41,10,9,37,6,1,5,51,36,4,76,99,12,10,4,1,0,0,119,59,32,16,32,54,8,14,24,26,119,42,15,44,14,0,1,47,13,12,24,119,57,1,2,4,31,21,12,26,11,3,17,36,13,13,44,119,61,0,0,1,119,70,20,23,13,4,1,29,21,13,53,79,85,10,2,9,1,25,119,69,19,3,7,8,0,9,59,109,86,0,0,0,32,119,71,23,6,0,0,0,15,56,119,43,9,0,0,0,13,31,111,27,5,0,0,2
19,17,5,6,0,0,0,2,13,81,37,6,0,0,0,0,8,32,106,34,10,5,1,1,75,4,20,7,3,16,45,118,26,15,0,0,0,0,1,7,126,126,20,9,17,2,1,19,27,43,45,61,126,65,9,3,8,31,31,13,35,103,63,14,28,23,4,0,0,0,3,14,126,56,22,2,12,7,14,90,41,17,71,87,126,26,20,35,6,126,126,42,21,10,1,0,72,56,3,0,0,0,0,8,91,54,32,24,11,0,1,23,74,17,20,14,6,0,3,33,54,43,35,1,0,0,3,27
0,0,3,26,54,44,36,1,6,0,3,33,74,18,21,14,11,0,1,23,90,53,32,25,0,0,0,8,73,57,3,0,21,11,1,0,5,126,126,42,126,27,20,35,40,17,71,87,12,7,14,90,126,57,22,2,0,0,3,14,29,24,4,0,35,103,64,14,8,30,30,12,126,66,9,3,27,44,45,60,17,2,1,18,126,126,20,9,0,0,1,7,26,15,0,0,3,16,44,118,76,4,20,7,10,5,1,1,7,32,106,34,0,0,0,0,13,81,37,6,0,0,0,2,19,17,5,6
23,20,3,1,9,28,44,56,43,19,0,0,1,42,91,79,89,75,34,0,2,11,4,75,4,26,26,1,5,49,27,5,27,11,1,0,31,127,36,15,127,92,0,0,3,21,32,64,127,95,0,0,13,20,16,40,4,1,0,7,92,86,23,2,18,8,30,35,48,50,13,15,127,39,7,5,0,1,4,96,105,16,2,1,2,6,19,54,2,1,4,42,90,32,6,3,7,17,57,71,17,3,17,20,127,62,13,28,7,1,1,32,92,55,24,1,0,0,0,26,1,10,27,84,36,18,2,1
1,20,55,60,1,2,11,2,11,68,87,41,4,0,1,1,30,126,35,20,8,0,0,0,0,2,1,19,11,0,2,0,1,6,35,131,15,0,0,0,86,42,35,39,3,0,0,25,131,98,23,53,14,0,0,22,7,7,9,131,94,14,13,0,2,0,0,78,85,90,15,0,83,19,6,36,20,22,16,11,131,30,3,13,5,0,0,28,23,4,27,131,54,13,2,4,1,25,32,30,70,77,15,0,28,104,47,0,0,9,12,5,131,58,6,0,1,8,17,31,11,0,2,8,22,75,46,12
114,18,5,1,0,0,0,14,67,1,0,7,34,23,9,13,0,4,10,20,47,32,38,30,4,10,6,0,0,0,44,31,55,28,114,17,3,0,1,16,40,9,16,25,73,92,70,30,102,41,54,17,29,39,52,33,11,48,114,4,1,3,14,13,0,4,81,18,11,27,114,14,23,11,39,104,114,32,45,22,114,32,35,52,21,9,68,75,14,11,28,3,1,32,114,28,11,2,28,41,6,17,105,46,114,14,24,32,13,3,24,79,16,5,25,88,83,9,21,8,18,28,18,8,4,5,41,8
0,0,80,32,21,33,12,1,73,13,47,29,5,4,19,59,47,9,3,23,113,33,19,48,5,1,24,54,67,16,19,71,1,6,113,33,10,12,69,16,20,6,61,77,113,71,32,36,113,31,33,28,35,17,29,88,16,12,113,86,9,0,22,19,2,0,12,36,8,24,98,20,43,41,76,33,69,46,38,18,88,75,81,21,45,13,26,21,8,1,15,4,23,16,113,67,3,1,21,47,5,13,17,6,63,51,28,23,4,2,4,11,13,10,10,9,112,25,0,0,2,0,0,1,78,43,30,10
91,3,0,5,25,18,9,17,3,8,16,27,56,39,46,33,9,19,15,1,0,1,64,40,1,3,12,8,7,24,28,3,42,14,34,34,76,69,49,26,118,51,65,22,42,51,65,48,19,67,118,8,2,12,45,20,0,10,75,22,2,10,22,1,28,8,42,79,90,25,84,48,118,28,51,99,45,11,90,73,31,24,28,7,3,43,118,47,23,16,8,4,1,18,80,25,118,25,27,36,10,0,17,65,43,10,21,72,118,15,8,6,38,69,26,10,11,4,15,7,40,41,4,2,19,30,8,3
14,60,119,27,25,36,11,1,83,51,31,8,40,78,90,24,49,25,41,14,36,35,78,68,9,17,95,4,0,4,23,18,8,5,40,10,21,69,119,17,91,73,119,28,49,99,47,10,66,47,119,52,64,22,43,51,45,33,3,7,16,26,58,41,15,7,38,71,26,9,10,4,119,48,30,24,28,7,3,39,44,21,19,64,119,9,2,11,63,42,9,19,15,2,0,0,9,4,39,41,4,2,18,30,81,25,22,15,9,4,1,17,21,1,1,10,75,23,2,9,30,3,1,3,11,7,7,24
3,2,3,20,39,25,10,10,3,2,57,93,22,11,12,9,1,79,79,45,6,0,0,0,8,32,42,54,38,4,5,14,6,4,3,11,66,66,10,6,108,37,19,18,18,27,24,48,21,42,63,39,1,0,1,8,0,21,63,44,12,11,0,0,3,2,2,15,65,116,31,6,97,26,3,5,12,52,84,116,81,32,10,9,15,18,10,73,0,3,5,6,51,96,33,10,3,17,27,19,12,116,67,3,116,116,8,0,1,33,29,33,92,77,0,0,51,109,0,7,0,0,0,0,83,116,26,36
6,8,2,3,12,27,15,6,12,8,2,2,9,60,67,16,10,5,2,52,77,25,17,15,0,1,34,65,59,8,1,0,9,2,0,1,13,66,112,37,70,92,31,8,17,39,41,45,22,62,39,67,34,0,3,9,0,1,83,61,46,14,0,0,35,112,96,8,0,5,97,51,112,112,46,1,1,2,10,56,23,20,23,32,21,9,6,5,0,0,26,72,50,11,5,0,5,112,112,4,0,20,49,6,3,76,48,0,0,77,112,0,13,4,4,3,4,73,112,35,3,0,2,7,12,86,85,9
23,12,1,6,10,78,70,46,82,56,9,21,16,7,9,34,91,116,18,3,4,3,0,3,10,59,6,0,72,90,0,0,95,98,9,62,18,10,7,8,113,116,24,1,0,0,0,12,49,108,14,21,21,25,10,7,1,3,6,33,116,116,6,1,100,32,4,31,67,8,0,23,116,28,1,0,0,0,0,89,60,7,4,48,46,4,2,38,0,0,47,102,64,7,0,0,30,67,21,22,25,2,0,3,84,31,15,19,2,0,1,46,62,1,1,11,5,35,58,63,0,0,16,29,10,12,42,34
7,1,0,1,115,57,16,21,17,0,1,4,2,5,33,100,42,8,45,18,0,0,3,55,3,4,45,46,12,14,1,1,16,42,46,6,93,68,24,8,43,23,55,31,5,6,9,32,115,22,11,4,8,3,2,55,20,4,2,5,109,110,0,1,25,88,70,9,4,14,70,26,6,21,115,71,0,0,62,50,62,88,72,13,30,3,5,21,18,17,1,13,115,47,0,0,8,33,5,2,30,76,104,22,29,73,25,1,0,2,86,115,17,14,13,2,18,5,23,88,7,5,2,44,115,9,12,4
33,30,48,48,0,0,1,3,1,6,123,63,0,3,18,6,2,69,123,3,2,2,18,13,1,47,60,17,25,12,2,2,53,10,2,0,2,50,34,16,11,3,18,2,2,94,123,21,77,10,16,0,20,31,62,93,17,2,3,1,52,97,21,32,10,10,0,0,50,96,10,1,44,14,2,7,15,60,44,19,123,37,1,2,73,20,9,40,10,0,0,24,123,73,33,57,0,4,75,31,39,32,3,0,19,9,123,36,14,14,21,25,66,4,16,22,43,13,42,119,16,6,55,90,79,7,13,22
0,2,28,13,33,136,74,2,42,17,0,5,56,90,19,6,51,18,0,0,0,0,0,1,0,0,0,0,0,0,0,0,17,1,0,0,11,145,67,21,145,114,0,0,1,39,23,53,97,90,0,0,0,57,14,5,0,0,0,0,0,35,12,0,38,0,0,2,14,100,26,14,145,10,0,0,0,13,12,70,58,6,0,1,6,121,25,17,0,11,3,0,8,145,26,0,29,29,37,15,12,6,1,2,145,72,27,5,1,1,0,15,41,10,14,64,31,37,2,3,0,49,58,31,21,50,1,0
14,0,1,67,85,4,11,74,139,0,0,15,30,4,4,139,28,0,9,139,63,15,3,33,1,7,64,112,9,4,4,0,13,2,0,20,89,13,0,6,139,33,0,4,49,11,3,107,106,2,2,42,11,28,47,57,0,1,48,66,13,72,48,2,5,5,0,0,2,1,0,0,139,78,2,5,7,11,18,14,35,12,28,9,7,57,139,24,3,8,31,16,13,77,66,8,0,0,0,0,0,0,0,0,0,3,11,8,3,2,0,0,1,28,106,24,10,8,11,1,2,8,32,41,44,11,17,5
0,0,0,0,0,0,0,0,0,0,0,0,0,0,0,0,1,2,0,0,0,0,0,0,1,3,5,8,1,0,0,0,5,0,0,8,147,5,0,0,147,11,0,4,64,0,0,16,88,50,16,0,0,0,0,4,29,45,33,16,1,0,0,1,6,3,3,58,147,13,0,0,147,77,15,50,121,0,0,17,147,98,14,0,0,0,0,21,25,53,24,2,5,6,2,3,2,10,55,65,108,3,7,15,49,147,133,41,24,0,0,0,32,147,25,0,0,0,0,0,1,19,38,19,26,14,0,0
0,0,0,0,0,0,0,0,1,2,0,0,34,12,0,0,15,104,67,5,36,16,0,0,33,127,106,4,4,1,0,0,0,0,0,2,29,9,0,0,36,6,0,8,127,44,0,1,127,127,29,1,25,21,7,18,28,73,59,3,11,106,47,18,0,0,1,6,67,38,5,0,26,4,16,107,93,17,4,3,127,6,8,52,16,19,34,127,13,0,0,15,50,83,56,56,0,1,1,7,68,22,7,1,35,9,15,49,13,17,28,26,32,15,37,127,13,2,24,51,7,2,1,72,24,17,106,53
3,0,0,2,6,31,49,27,38,3,0,0,0,0,15,57,9,13,3,0,0,0,0,1,0,1,0,0,0,2,0,0,14,13,27,129,50,29,39,33,129,81,20,32,10,5,26,129,87,83,14,0,0,71,48,20,0,5,0,0,0,120,48,3,15,9,21,114,48,21,28,18,129,64,32,50,41,37,68,129,63,17,0,0,4,94,112,105,1,0,2,2,10,67,44,16,32,5,4,18,29,26,39,27,53,72,41,33,28,15,29,46,49,45,19,4,22,46,11,19,24,49,24,8,33,29,16,25
111,6,0,0,0,0,0,16,133,44,20,25,16,7,3,43,17,3,6,38,51,24,21,9,133,21,0,0,2,3,7,23,133,19,0,0,0,0,0,23,133,48,11,25,19,10,10,81,55,19,10,83,112,39,10,8,133,60,0,2,6,2,1,7,111,36,0,0,0,0,0,3,133,25,1,3,4,18,87,93,104,19,1,13,46,90,104,33,133,66,2,0,3,5,15,28,0,0,0,0,0,0,0,0,0,0,0,0,0,1,8,1,27,0,0,0,0,3,13,6,31,0,0,0,0,1,11,17
110,16,9,9,1,2,28,110,50,20,0,0,14,92,35,35,0,1,1,1,25,102,16,1,0,1,1,14,44,47,12,1,61,24,46,48,39,16,49,58,82,16,3,4,11,40,104,110,18,8,1,4,47,49,26,16,31,26,9,43,63,5,14,22,11,13,19,52,35,31,27,17,87,57,18,11,7,11,27,56,27,110,44,9,41,18,5,8,24,110,39,62,97,3,0,2,7,17,11,18,46,44,26,13,110,110,8,3,5,11,23,43,110,110,11,0,0,0,0,4,27,39,7,12,110,59,0,0
8,3,4,1,1,9,13,7,46,43,19,0,0,2,0,12,69,155,46,0,0,0,0,3,10,112,125,77,0,0,0,0,4,8,94,22,0,0,1,1,116,15,42,29,0,0,0,25,155,104,2,0,0,0,0,15,65,61,18,47,3,0,0,0,11,17,36,13,2,0,1,6,61,17,30,67,11,0,1,4,155,20,4,3,0,0,1,120,65,10,2,4,2,0,18,80,4,1,0,0,0,0,5,24,13,4,6,8,2,0,0,10,73,9,3,1,0,0,9,130,8,0,0,0,0,0,91,155
1,3,1,5,16,94,100,5,4,7,11,26,44,114,87,6,50,36,11,6,2,32,105,40,5,4,3,23,22,18,51,6,4,16,5,16,50,79,29,7,29,19,77,74,45,39,30,29,38,59,68,26,30,14,18,7,5,2,1,24,40,22,56,9,6,13,35,114,101,59,15,7,101,67,25,28,17,21,22,54,14,6,25,62,99,26,4,4,21,7,22,46,36,23,33,17,1,3,13,56,114,106,14,7,77,14,10,17,39,40,26,114,26,3,41,57,6,5,24,66,1,1,28,114,37,9,23,7
3,32,28,23,42,3,3,3,0,26,37,28,59,9,5,1,36,61,39,20,25,14,18,7,36,114,23,11,32,10,0,1,10,6,2,28,88,34,58,33,61,24,35,15,20,7,39,55,31,64,95,18,3,7,17,7,41,38,3,6,22,96,28,4,12,25,41,114,85,9,8,10,88,76,43,40,25,29,26,25,25,30,18,24,24,61,103,60,11,24,62,50,33,114,53,16,0,5,23,114,73,2,1,1,5,21,50,74,29,6,4,14,36,114,93,62,14,6,5,13,23,76,114,78,9,2,0,5
8,7,14,63,80,4,0,0,129,19,0,5,32,2,1,19,99,4,0,0,4,55,29,31,2,17,2,0,34,129,4,0,16,6,1,10,129,75,0,4,129,10,0,0,36,27,6,55,60,3,0,1,19,129,58,35,53,83,1,0,20,96,11,2,12,31,8,19,129,46,0,0,129,110,5,4,21,13,2,5,51,37,12,28,60,46,10,6,84,88,7,15,44,22,2,2,2,37,19,54,86,0,0,0,14,84,17,21,14,5,1,0,44,30,18,17,15,13,8,6,65,27,3,21,19,7,0,6
4,0,0,20,34,61,4,4,8,3,0,29,136,57,3,4,136,58,1,4,39,6,1,29,79,28,2,6,30,1,0,1,7,1,2,4,95,91,4,5,30,11,12,30,84,115,8,1,136,116,2,8,18,10,1,22,58,23,0,2,42,50,5,7,10,9,10,11,123,26,0,0,34,15,59,121,28,10,0,1,136,7,8,50,12,11,7,95,35,1,0,1,24,136,25,37,7,15,47,26,57,3,0,0,17,44,41,52,40,6,0,0,60,2,3,50,57,13,4,39,26,4,9,14,24,18,6,25
3,1,3,52,65,6,12,11,12,1,0,14,20,8,87,135,61,4,2,6,3,1,34,104,8,5,21,27,14,0,0,1,0,0,8,98,75,23,0,0,52,3,0,59,138,15,11,48,138,20,1,3,6,1,3,80,33,8,1,19,51,0,0,0,0,0,0,4,88,92,1,2,60,14,2,34,130,60,0,5,138,53,0,6,10,3,1,32,32,5,0,9,52,42,1,6,3,2,8,11,103,20,0,1,26,7,56,57,24,25,0,6,138,4,10,22,2,6,5,113,17,0,0,1,35,93,12,34
12,6,1,105,26,6,2,7,37,53,36,19,0,0,0,9,86,13,20,28,2,0,0,25,53,14,17,36,2,1,19,38,25,8,3,126,59,6,1,2,126,78,35,90,15,0,0,1,73,14,22,126,58,0,0,38,119,6,18,52,4,0,0,99,33,10,12,94,38,1,0,2,126,22,10,69,26,0,1,42,55,3,4,126,84,2,6,39,106,5,10,97,18,0,0,84,3,4,25,63,11,2,37,9,40,29,44,45,9,0,11,26,22,27,24,36,13,1,6,29,37,16,31,89,11,0,0,2
8,1,0,0,87,58,3,16,128,7,0,1,42,41,7,25,38,5,1,9,30,18,33,19,7,0,0,67,38,8,30,30,41,1,0,0,128,73,4,28,128,26,1,2,63,38,2,14,66,12,1,10,108,128,10,9,81,11,0,8,11,27,13,38,28,1,0,2,66,98,11,15,128,5,0,0,22,86,37,68,104,10,0,0,39,128,28,18,110,17,0,0,7,31,7,15,1,0,0,0,46,38,4,4,9,0,0,0,11,48,48,32,128,10,0,0,4,49,14,12,75,51,22,2,7,10,0,2
3,0,0,0,37,120,45,76,17,2,0,0,69,124,12,15,34,6,0,0,1,3,14,32,11,6,5,0,0,2,45,55,5,0,0,0,37,124,37,33,106,16,0,0,29,114,13,24,52,42,9,0,0,0,4,11,29,114,45,5,1,0,3,2,14,1,0,0,105,124,10,5,124,8,0,0,16,30,7,27,116,16,3,0,0,0,0,15,124,75,14,16,8,0,1,54,17,2,0,1,117,38,1,2,124,7,0,1,13,4,1,19,65,0,0,0,0,0,3,30,116,14,0,0,1,0,3,90
16,15,2,0,3,73,21,4,0,2,14,9,25,127,10,0,2,49,58,5,9,107,14,2,14,84,29,0,0,10,19,17,4,1,0,0,57,126,21,5,82,48,69,13,15,51,12,17,11,74,127,42,33,5,0,0,0,23,23,32,86,61,35,1,27,12,0,0,42,127,35,10,127,45,4,1,2,15,8,39,52,10,10,62,51,23,2,15,0,0,13,93,114,36,5,0,14,127,61,1,2,46,13,0,71,127,37,1,2,2,1,3,15,10,4,17,63,46,2,5,0,0,16,37,53,60,13,0
9,64,12,8,6,0,0,0,11,116,35,3,0,0,0,0,6,26,25,11,6,3,4,0,0,0,0,0,0,2,6,0,8,119,57,12,13,2,0,1,79,115,50,30,8,1,0,8,8,11,31,119,110,12,10,0,0,0,0,20,31,10,31,13,13,67,22,16,119,25,1,5,119,14,4,15,32,11,1,39,55,6,4,119,119,0,0,3,0,0,2,116,94,0,7,8,6,14,3,31,119,6,0,0,119,76,3,11,18,1,0,2,58,18,1,63,110,3,0,0,0,0,11,102,102,0,0,0
58,4,2,13,3,0,0,17,133,53,0,0,0,1,0,8,78,34,2,0,21,111,7,1,17,5,2,0,6,126,56,8,60,18,10,33,7,0,0,0,133,42,2,2,5,13,2,10,53,12,1,1,126,133,4,6,62,102,1,1,26,66,9,4,16,16,18,16,0,3,2,4,122,24,5,1,3,29,50,71,20,17,2,2,61,119,68,24,40,84,2,1,7,41,97,25,0,0,0,0,0,16,15,2,1,0,0,0,0,43,90,24,2,0,0,0,0,61,129,9,8,41,5,0,0,37,104,9
10,16,13,7,91,72,8,26,33,40,7,5,3,7,22,85,38,37,17,9,3,5,9,31,51,99,8,0,14,3,0,0,1,75,113,22,36,22,0,0,21,58,38,11,47,80,9,6,125,100,0,0,3,24,11,24,52,100,7,6,56,2,0,1,0,17,29,40,69,81,6,0,29,16,14,7,83,116,3,4,125,34,9,1,4,5,1,71,91,10,1,9,61,0,0,27,0,1,4,111,125,18,0,0,24,54,37,37,32,15,0,0,125,56,23,5,0,0,0,14,106,14,2,15,21,0,0,9
27,10,0,0,2,21,45,66,53,7,0,0,1,23,98,75,109,64,27,0,1,8,4,38,4,29,32,3,2,40,25,3,29,5,0,0,10,129,37,19,133,56,0,0,0,19,29,62,133,56,0,0,10,21,8,32,3,0,0,3,78,107,29,3,28,7,27,38,35,47,8,13,133,36,7,4,0,2,2,66,123,17,1,1,8,6,9,49,0,0,1,32,133,26,3,1,7,12,43,56,6,1,16,16,133,60,13,15,1,0,2,29,104,53,18,6,1,0,0,23,1,5,15,95,60,11,0,0
7,14,100,26,0,1,3,23,24,114,65,14,0,1,3,3,26,114,103,11,2,1,7,9,7,77,114,3,0,0,5,17,70,36,36,8,0,0,5,92,106,114,32,9,1,0,1,20,22,42,25,28,45,17,23,21,58,11,5,1,6,4,22,80,31,71,114,46,0,0,0,3,77,51,52,35,13,10,18,51,9,3,2,11,51,114,50,32,38,4,0,0,5,16,49,96,9,18,71,21,2,0,12,36,3,8,29,108,92,5,4,6,11,0,0,40,111,59,14,8,93,23,0,1,9,9,10,40
10,0,0,12,47,28,30,33,60,2,1,0,14,9,44,113,15,0,0,3,122,50,11,9,0,1,9,24,40,28,74,14,13,12,10,12,103,122,15,10,122,40,5,0,24,28,18,68,49,2,16,23,122,40,5,9,0,3,111,50,53,9,15,2,4,26,122,63,30,34,19,1,79,69,58,11,26,64,62,17,46,15,30,14,39,44,97,62,16,17,121,10,2,0,15,26,1,0,12,13,13,38,87,5,51,38,51,14,22,59,34,4,35,31,91,41,29,7,19,31,23,13,2,5,7,4,32,43
37,75,115,25,32,23,3,3,72,34,18,9,36,87,93,34,45,27,34,12,19,31,70,89,9,23,67,0,0,2,40,31,5,6,47,12,20,94,115,2,79,79,111,25,46,87,31,12,46,53,115,72,43,7,31,51,42,24,3,13,12,9,51,43,13,5,38,79,17,21,27,3,115,57,33,16,10,7,5,41,55,19,20,99,115,2,2,16,60,41,9,28,18,0,0,2,4,3,53,46,4,5,18,18,80,38,40,10,1,1,1,18,32,2,0,11,71,20,3,16,17,2,0,6,26,11,10,22
23,11,2,1,0,39,62,8,27,5,28,15,0,12,105,53,23,6,71,13,6,42,18,34,8,8,31,23,10,18,9,6,6,2,15,23,18,84,26,4,110,47,4,2,7,20,28,35,47,15,0,0,75,110,38,44,37,5,0,0,4,27,44,110,4,2,110,110,32,18,19,6,87,10,25,42,55,33,20,85,31,11,48,100,110,51,16,48,27,26,79,48,12,7,22,110,1,5,10,20,32,39,80,13,60,48,56,19,60,41,13,16,74,34,67,45,4,4,39,49,4,24,110,41,0,0,30,30
8,16,114,19,6,12,43,2,21,8,25,54,96,51,34,11,114,44,29,10,11,17,42,48,6,26,56,2,1,10,75,14,6,1,20,25,15,63,114,35,84,15,32,64,42,13,70,81,37,12,29,91,60,8,63,35,37,24,3,4,4,9,114,34,9,14,114,114,12,7,9,9,114,86,47,46,22,0,2,27,26,27,32,72,114,3,0,0,23,107,37,9,9,0,0,0,1,7,21,30,19,13,7,2,29,68,20,26,7,9,20,9,5,20,50,53,14,25,66,1,0,36,46,6,7,6,60,9
0,21,50,22,11,9,5,0,8,22,28,2,0,12,43,13,7,18,33,10,1,1,38,59,2,2,4,87,41,4,1,14,1,0,0,4,27,124,75,13,12,0,0,1,23,105,124,34,124,15,0,0,4,13,67,118,32,9,0,10,81,46,3,21,24,0,0,0,4,83,124,60,79,11,2,18,74,24,17,68,124,63,2,7,23,13,3,13,35,9,0,5,102,78,1,1,24,1,4,7,10,5,17,55,110,21,4,6,7,0,0,108,124,67,2,3,30,16,0,13,19,5,1,2,76,48,1,2
105,0,0,1,3,3,18,57,129,84,9,10,45,8,0,25,129,129,2,2,16,47,3,0,9,10,0,3,65,128,8,0,101,17,98,83,1,1,1,30,129,110,13,6,1,5,1,49,81,89,1,0,60,129,4,9,18,24,4,21,48,66,5,2,27,11,92,129,16,0,0,2,129,13,16,45,6,6,7,78,22,2,0,0,26,68,11,30,7,6,0,1,3,8,0,1,9,1,0,21,4,0,0,1,1,0,0,7,1,0,0,1,0,0,0,0,0,0,0,0,0,0,0,0,0,0,0,0
8,6,9,1,0,0,11,23,130,62,7,1,0,0,5,42,75,20,14,71,20,9,7,1,6,6,25,71,7,3,7,0,22,10,10,3,0,0,5,21,130,72,9,3,7,1,4,66,76,23,3,21,101,65,50,12,0,0,7,25,17,30,130,25,7,4,9,22,0,0,0,1,128,19,13,52,5,2,33,130,20,5,7,21,88,73,107,104,0,4,44,25,52,111,45,13,0,0,4,21,0,0,0,0,1,4,45,123,4,0,7,21,7,45,72,11,4,18,41,36,22,64,130,17,5,19,8,40
41,1,0,0,45,113,31,72,105,32,3,12,113,55,3,6,18,45,21,37,113,10,0,0,6,12,2,0,0,0,0,0,106,20,5,20,38,33,6,47,113,56,17,60,45,10,1,18,44,59,53,107,72,14,10,16,26,18,1,0,2,4,11,25,51,68,31,30,9,5,1,4,113,63,16,15,14,18,6,32,31,37,23,29,113,82,17,23,61,110,24,2,12,13,11,28,8,18,22,42,13,24,20,12,25,36,20,10,11,39,29,46,84,110,45,14,30,36,15,12,41,113,60,2,1,0,11,27
46,0,0,0,11,104,47,48,113,9,1,0,6,44,14,41,90,26,7,1,4,30,8,48,12,3,5,3,59,134,8,5,49,2,2,4,10,47,42,26,134,59,7,0,1,12,5,37,40,69,13,1,64,134,2,6,1,0,0,10,67,134,21,7,27,62,30,10,9,1,0,2,134,80,12,0,11,33,6,32,22,3,0,1,106,134,15,11,0,0,0,29,52,47,21,4,8,30,2,0,0,0,0,0,24,34,1,0,28,26,1,3,1,0,0,0,115,134,23,2,0,0,0,0,6,35,50,14
9,4,0,50,114,13,14,26,112,11,5,18,33,7,32,124,32,14,38,52,46,13,1,10,0,9,21,3,26,87,8,2,8,3,2,25,124,92,2,6,124,68,3,11,69,25,3,34,74,18,0,9,124,85,5,7,9,13,10,21,96,76,10,9,7,16,35,52,97,22,0,1,124,19,30,59,20,29,12,74,40,10,5,9,34,124,26,37,11,14,29,51,52,18,6,11,1,17,55,30,29,24,47,4,29,20,15,30,70,58,9,21,41,50,10,4,4,4,1,17,15,49,31,48,25,1,0,0
3,10,8,11,24,30,12,8,9,8,8,4,5,43,22,38,69,0,0,8,18,16,13,101,11,2,1,52,126,17,0,7,16,8,1,4,71,42,8,15,31,8,0,6,94,88,18,25,126,8,0,0,29,42,15,83,18,0,1,9,112,72,6,9,23,89,19,14,49,26,2,4,42,38,16,95,126,8,0,4,126,27,0,12,56,17,6,38,11,0,0,0,126,82,15,10,47,116,12,12,15,7,1,0,8,14,10,65,126,12,0,4,38,0,0,6,51,21,41,74,1,0,0,0,73,90,24,12
55,14,15,6,43,41,3,12,132,51,1,4,12,2,1,35,17,17,12,77,132,0,0,3,4,64,36,39,23,0,0,0,37,60,26,32,59,24,0,3,132,57,5,4,5,0,0,39,54,7,3,111,78,0,0,6,3,10,8,66,39,16,21,6,27,43,66,33,30,14,3,17,132,76,47,6,0,0,0,25,78,30,27,92,11,0,0,12,2,3,69,132,25,4,3,2,69,97,28,19,14,5,2,16,47,132,90,2,1,9,3,2,22,61,42,10,0,9,37,18,1,2,79,62,1,0,16,16
0,0,0,0,22,90,20,2,62,12,0,0,11,118,44,12,87,56,1,0,0,5,4,6,25,87,41,9,5,0,0,7,3,0,0,0,75,124,4,1,127,38,0,0,28,43,3,7,127,36,0,0,0,0,0,15,127,56,14,26,26,0,0,34,21,0,0,0,43,127,7,8,127,6,0,0,3,20,5,42,127,21,0,0,0,0,0,42,127,52,1,2,1,0,0,29,37,5,0,0,29,61,3,4,127,24,0,0,0,2,1,11,127,38,0,0,0,0,0,12,90,16,0,0,0,0,2,65
12,93,36,26,6,9,47,12,0,6,41,105,20,18,89,11,83,43,34,12,1,2,68,49,74,35,14,32,80,10,4,6,3,67,33,12,26,78,38,1,11,4,19,47,81,116,44,28,116,82,31,8,3,9,21,67,66,42,6,49,24,11,16,4,0,0,0,14,96,78,45,6,31,18,4,26,59,60,56,25,116,57,4,7,5,10,20,54,24,2,3,7,8,47,87,10,7,0,0,17,116,23,3,10,43,13,0,4,46,56,31,32,116,16,2,1,1,3,12,116,14,5,14,31,30,16,19,27
109,66,9,2,2,56,26,11,7,12,15,10,10,117,79,16,24,33,16,2,1,14,95,43,6,16,39,33,24,57,31,2,23,5,0,0,0,54,117,51,102,81,35,0,1,68,42,32,48,110,44,1,5,49,44,26,21,15,26,33,49,15,31,25,41,3,3,0,0,0,13,44,117,17,3,0,21,28,5,79,81,18,3,1,70,117,29,27,78,11,5,5,1,79,57,27,10,5,6,0,0,0,0,0,105,13,7,0,11,29,30,48,31,10,0,1,36,86,83,21,41,83,0,0,0,96,62,9
8,2,0,0,0,44,51,4,90,3,0,0,0,5,13,33,87,71,28,7,10,1,0,20,4,134,85,6,3,0,0,0,17,18,6,0,0,1,4,4,112,8,5,0,0,0,0,36,134,134,6,0,0,0,0,19,38,83,39,13,28,26,2,3,9,55,39,5,2,0,0,0,71,18,45,20,12,7,4,22,134,20,0,0,0,3,64,134,23,5,0,1,30,134,134,56,49,45,8,6,18,3,0,1,4,7,40,30,62,29,9,11,12,11,39,9,1,6,61,107,0,0,12,9,2,65,124,22
3,3,28,77,79,49,48,14,6,5,3,93,132,64,3,1,132,60,2,9,9,2,0,17,132,45,20,5,0,0,1,14,2,1,0,0,21,112,132,27,30,7,9,14,79,132,36,13,132,55,3,2,3,6,6,45,103,9,0,0,0,2,82,80,39,10,2,0,0,13,42,17,40,37,81,30,8,7,16,23,110,41,34,5,0,3,24,42,11,0,0,0,1,29,97,32,17,0,0,0,0,0,8,39,11,2,6,0,0,0,65,69,2,1,3,0,0,2,58,74,1,0,0,0,2,16,40,17
84,74,0,0,0,0,0,1,88,75,28,24,36,4,0,5,13,68,149,50,33,11,9,12,2,33,149,52,1,13,26,13,87,79,0,0,0,0,0,18,104,46,12,2,0,1,7,53,149,116,94,7,0,0,0,36,41,75,149,43,25,11,1,1,16,15,1,0,0,0,0,3,59,33,27,5,0,1,2,13,149,31,3,0,0,7,6,40,73,9,2,2,26,104,47,21,0,0,0,0,0,0,0,0,4,0,0,0,0,0,0,1,72,2,0,0,2,14,3,12,25,0,0,0,10,77,33,25
9,3,1,35,83,36,29,32,32,87,16,13,29,15,31,32,54,49,7,49,19,4,34,49,1,3,15,113,37,3,4,3,15,39,46,55,21,46,38,18,50,65,26,44,72,70,64,20,113,29,4,8,14,29,86,83,22,12,15,76,36,3,5,11,58,18,19,22,6,49,79,76,80,25,51,113,85,7,2,48,113,55,84,73,15,3,1,36,46,7,12,28,1,0,3,44,74,47,31,2,1,13,34,51,113,14,21,32,2,6,5,74,8,6,50,46,27,55,8,5,13,2,3,4,8,46,80,26
30,6,7,10,17,5,3,31,11,11,19,24,53,23,13,26,23,36,37,4,17,10,11,65,0,2,13,30,115,54,5,2,64,12,1,3,19,20,8,44,17,6,3,10,115,115,33,34,115,16,2,1,55,52,34,115,13,0,12,27,115,94,19,7,86,18,7,39,21,25,6,28,13,24,83,113,72,83,27,2,115,56,47,15,33,49,69,35,28,10,77,42,59,18,31,35,95,20,0,14,43,31,8,15,12,8,12,38,41,59,77,2,51,55,66,27,19,31,33,9,28,16,30,25,13,1,13,50
3,36,47,2,2,19,39,7,10,23,37,20,3,4,42,65,3,1,5,106,120,16,1,12,22,6,2,22,94,20,18,56,7,0,0,1,10,112,116,24,126,6,0,1,11,26,55,106,45,1,0,11,126,60,1,13,31,49,22,30,109,15,1,4,54,8,1,2,7,19,40,113,126,51,1,2,23,16,1,22,42,4,3,20,126,64,1,3,23,8,9,44,24,1,0,1,68,18,70,11,1,0,1,70,126,16,8,1,15,12,6,104,11,1,1,1,48,30,5,12,1,0,1,3,0,0,0,0
11,7,9,17,64,57,40,10,79,9,0,0,6,31,39,96,54,8,8,4,9,38,19,65,0,1,39,49,42,90,43,2,21,1,0,6,127,127,13,16,127,101,0,0,12,23,12,70,62,82,51,14,4,9,6,14,0,7,84,50,10,19,11,0,22,59,54,24,69,127,7,14,127,127,36,3,4,11,6,77,59,21,3,3,11,45,48,30,0,0,1,3,12,91,66,5,12,97,40,9,10,2,0,0,13,120,31,0,0,0,0,0,5,6,0,4,13,11,5,0,0,0,0,2,10,11,4,1
6,3,2,14,49,41,31,19,50,2,0,2,9,14,63,116,54,26,7,2,7,9,15,54,0,3,2,8,61,37,3,0,2,9,29,125,62,15,5,7,34,4,2,83,106,19,64,125,125,15,1,3,6,9,73,125,16,0,4,14,17,12,5,13,26,1,5,63,125,6,18,57,27,33,21,103,125,6,6,9,125,97,13,10,5,1,4,35,23,3,0,0,0,0,0,3,119,1,0,7,80,10,4,58,12,4,18,67,109,7,0,3,37,5,9,13,0,0,0,9,0,0,0,0,0,0,0,0
43,7,37,34,49,6,3,35,10,2,7,21,133,73,29,9,100,37,0,0,9,27,29,70,39,23,20,7,7,21,10,30,58,47,0,1,41,133,10,13,29,10,8,10,133,133,15,25,133,95,6,1,10,24,11,90,47,44,24,7,2,15,17,15,5,13,2,13,65,133,12,0,18,133,93,31,56,74,1,4,119,133,62,3,3,4,2,24,23,11,0,3,16,33,26,10,2,5,2,12,18,7,1,0,8,44,7,3,5,0,0,0,1,26,6,0,0,0,0,0,0,0,0,1,2,0,0,0
0,0,0,0,0,0,1,3,0,0,0,13,21,40,80,28,23,19,4,7,20,34,53,49,35,39,16,28,10,2,12,21,0,0,1,4,20,15,1,3,13,3,3,8,62,130,130,49,130,34,3,0,1,28,78,130,75,52,13,1,1,3,1,21,0,0,0,13,45,34,0,0,30,37,27,106,119,74,7,6,130,130,13,9,2,5,5,72,113,72,22,12,33,4,1,54,0,0,0,6,3,0,0,0,7,5,7,47,9,0,0,2,103,12,3,5,1,0,0,103,71,3,0,1,25,14,10,130
2,1,1,0,0,0,3,3,107,31,2,1,0,1,8,50,43,4,0,0,54,69,14,26,40,3,0,0,50,97,40,71,12,0,0,0,0,1,2,14,119,44,6,9,3,4,5,55,31,15,21,104,94,103,18,6,84,63,70,56,50,95,21,18,28,22,0,0,0,1,4,8,119,94,0,4,26,21,8,31,30,5,11,57,88,105,101,7,22,32,57,40,18,59,94,9,15,33,1,2,0,0,0,3,79,80,1,8,27,8,37,40,6,6,15,85,91,20,33,9,70,89,36,29,11,4,13,2
19,3,0,0,0,1,3,29,120,18,10,24,13,14,6,109,14,17,89,113,79,82,24,7,56,44,68,19,32,63,49,20,11,1,0,0,0,3,5,15,120,26,0,11,23,17,11,120,49,3,19,120,120,102,43,15,120,58,52,38,18,44,33,10,6,4,0,0,0,0,0,0,120,52,7,11,5,6,39,38,34,5,21,75,38,47,94,31,75,44,51,24,4,3,7,23,0,0,0,0,0,0,0,0,0,0,14,22,16,24,16,2,18,5,4,14,29,70,57,47,45,12,0,0,1,2,21,85
1,0,0,0,22,46,23,8,88,1,0,0,8,35,38,87,44,0,0,13,121,52,4,32,17,7,3,22,69,13,14,8,5,27,26,46,89,22,2,1,121,38,0,17,58,27,7,26,54,4,0,1,95,121,17,14,13,14,10,26,23,30,27,45,4,40,25,57,121,27,1,1,68,8,0,12,97,41,39,73,10,0,0,0,84,121,42,25,17,1,0,0,8,34,28,121,2,3,0,1,81,121,71,3,0,0,0,0,34,96,65,16,8,0,0,0,10,121,39,11,27,16,1,0,1,8,4,29
40,36,7,28,9,0,0,0,59,90,34,2,0,0,0,1,118,52,13,4,0,1,3,102,34,9,2,7,79,45,13,51,69,32,26,19,5,0,0,0,118,86,53,29,4,0,0,5,50,9,31,85,53,1,7,116,32,1,0,2,21,50,32,118,24,22,105,69,10,1,2,0,118,45,24,14,7,0,1,18,58,13,15,118,107,1,1,16,69,39,19,31,11,1,1,28,3,6,17,36,92,18,21,12,91,14,8,3,1,0,11,76,74,10,22,104,7,0,0,57,5,28,43,67,3,1,0,1
18,26,16,50,45,7,17,22,67,10,3,3,13,7,77,85,28,3,14,9,38,47,10,25,0,0,25,38,33,69,11,0,36,39,14,49,124,24,5,5,124,80,4,9,81,11,11,37,53,40,48,24,30,31,0,7,0,14,58,36,48,61,0,0,26,4,16,110,124,13,18,38,124,27,35,91,49,8,2,63,85,12,27,31,42,21,1,36,1,31,66,26,27,18,2,2,6,4,6,23,11,21,91,115,90,6,9,34,53,75,31,58,124,4,5,7,31,16,6,59,19,5,9,10,19,12,8,17
1,1,12,85,80,41,8,9,60,108,33,30,3,0,0,4,49,46,10,28,116,18,0,6,98,7,0,3,22,22,17,50,17,10,30,24,77,44,10,23,116,71,9,11,13,1,1,28,36,48,23,90,116,6,0,1,41,59,28,20,15,4,1,5,8,7,29,104,105,9,0,2,116,34,8,13,21,5,1,38,71,10,15,116,53,1,0,9,6,18,29,42,13,6,7,9,5,11,14,68,116,9,0,1,103,99,26,10,7,1,0,4,68,44,34,61,6,0,1,4,2,5,79,93,8,1,2,3
9,24,10,3,13,23,2,9,3,15,17,6,57,113,15,7,36,13,14,2,5,29,44,113,7,4,11,3,23,20,43,81,13,15,4,0,41,90,7,10,46,48,56,19,57,88,4,16,16,27,45,93,81,17,28,28,4,1,4,15,20,17,98,113,8,32,3,0,27,113,42,6,113,113,9,8,22,42,7,34,23,12,14,107,113,5,0,2,0,0,30,109,60,14,18,7,28,113,11,14,15,27,12,5,22,113,12,2,7,58,29,4,1,5,7,31,22,82,54,1,0,0,34,70,3,9,52,5
40,9,7,11,3,0,4,115,52,16,45,12,0,0,0,88,15,61,95,6,0,23,22,3,1,11,48,30,17,76,41,1,45,30,39,85,17,1,1,22,115,50,1,1,9,8,5,60,33,26,9,5,87,115,50,7,5,55,65,2,9,113,81,2,12,15,32,115,53,3,1,5,86,31,19,24,23,23,73,53,14,115,28,9,66,44,49,16,3,115,77,7,8,7,7,0,2,2,5,69,64,9,35,27,5,91,58,51,33,12,18,8,7,115,25,1,5,11,19,5,1,14,5,17,23,17,20,2
37,18,9,81,136,46,0,2,136,107,9,12,9,4,0,14,26,29,20,21,27,42,3,3,0,4,38,17,17,82,9,0,17,6,10,131,72,59,33,40,136,31,10,31,19,22,5,28,54,12,31,54,38,29,3,5,0,12,91,26,25,16,2,2,32,20,18,19,33,101,50,56,136,33,4,3,13,38,10,32,77,5,3,6,54,51,10,14,26,7,13,20,15,9,7,16,8,26,136,98,12,9,3,0,102,67,71,19,17,25,21,9,43,23,4,0,14,53,34,22,16,22,19,9,4,9,8,21
15,0,0,22,55,29,13,29,47,0,0,0,0,2,36,135,60,13,11,13,4,2,46,85,27,36,78,18,1,13,10,4,12,1,1,95,114,3,1,6,53,4,4,20,13,24,53,46,135,11,1,0,1,5,26,72,68,4,0,2,58,70,24,10,6,0,0,23,117,31,6,11,28,18,25,37,20,14,25,19,135,56,9,3,1,0,4,58,54,12,4,44,123,13,2,16,12,0,0,0,105,42,8,11,3,0,0,0,30,31,64,53,55,3,0,0,0,0,54,135,15,1,0,10,49,75,98,103
17,5,11,121,59,40,25,33,130,19,9,28,16,18,4,31,39,8,32,42,31,24,3,5,1,13,68,22,24,9,1,2,28,22,21,20,38,97,59,68,130,28,5,5,19,45,10,46,82,5,3,6,59,51,11,20,27,7,14,21,14,12,8,19,11,38,130,113,13,13,4,2,122,83,114,34,26,35,29,11,65,34,5,2,22,68,44,35,19,35,31,15,5,11,15,27,5,2,42,37,29,112,37,8,20,18,41,35,35,65,106,25,49,23,12,32,31,11,36,54,21,17,11,5,1,3,54,70
11,2,0,1,23,57,77,36,135,50,1,0,2,14,69,80,32,90,53,21,13,7,9,9,4,61,70,33,44,29,9,2,55,48,13,39,72,47,10,10,135,135,13,6,7,7,7,44,46,53,15,8,61,86,37,11,51,17,9,4,12,54,54,27,32,7,2,7,4,0,0,3,135,20,1,1,7,26,15,86,44,6,1,1,90,135,54,55,91,25,0,1,30,31,21,87,0,0,0,0,0,0,0,0,5,0,0,0,0,11,5,3,5,0,0,0,1,67,56,38,26,0,0,1,10,6,26,135
3,14,50,22,4,10,11,0,0,0,3,4,3,12,1,0,0,0,0,0,0,0,0,0,0,0,0,0,0,0,0,0,4,0,22,15,8,133,134,13,114,16,2,3,5,97,90,38,17,5,0,0,0,9,4,2,0,0,0,0,0,0,0,0,41,38,4,33,94,134,82,16,134,110,11,10,7,41,43,66,25,21,47,25,21,86,15,9,0,9,11,0,0,0,0,0,85,100,6,32,111,43,3,0,134,134,53,32,3,1,0,2,2,23,122,89,26,7,1,0,0,10,30,8,5,5,9,1
53,0,0,0,0,0,5,100,74,1,0,0,0,11,142,142,19,0,0,0,3,139,142,62,10,4,0,0,0,76,142,27,134,5,0,0,0,0,0,14,142,19,0,0,0,7,11,50,60,2,0,0,1,142,57,32,135,41,0,0,0,50,39,15,13,0,0,0,0,0,0,2,38,4,0,0,0,13,3,5,39,3,0,0,1,98,23,11,142,45,0,0,0,7,5,8,0,0,0,0,0,0,0,0,0,0,0,0,0,0,0,0,1,0,0,0,0,0,0,0,17,5,0,0,0,0,0,0
0,0,0,0,0,0,0,0,0,0,0,0,0,0,0,0,0,0,3,10,0,0,0,0,0,0,4,25,0,0,0,0,1,0,0,0,0,0,0,0,33,3,3,13,0,0,0,3,6,2,24,119,4,0,0,0,0,5,55,118,1,0,0,0,3,2,8,126,11,0,0,0,136,24,23,62,1,0,0,8,65,53,76,112,2,0,0,2,10,136,136,54,1,0,0,0,0,0,5,136,42,5,0,0,58,36,17,121,20,0,0,2,136,136,22,4,0,0,0,4,136,136,60,22,18,7,4,38
23,17,18,33,30,8,19,26,49,15,9,1,7,7,56,120,13,3,13,25,44,51,8,21,0,0,8,67,48,66,3,0,28,31,22,77,124,6,6,5,124,53,3,10,67,5,12,44,60,32,34,42,45,8,0,7,0,3,51,80,61,7,0,0,28,5,11,108,124,5,24,24,124,30,28,83,46,5,2,46,101,7,25,31,32,4,0,38,1,7,82,39,14,3,0,1,3,4,3,21,11,17,124,98,64,9,12,29,27,69,43,60,120,4,4,3,8,14,10,86,10,3,7,7,8,12,7,17
35,3,6,13,1,4,16,110,8,5,49,52,6,66,39,38,20,26,22,16,37,79,47,14,41,85,6,14,17,5,13,25,73,0,0,0,4,14,22,70,35,1,0,0,63,124,40,33,124,57,0,0,6,70,46,24,82,66,4,12,10,12,49,28,93,29,0,0,13,47,29,30,40,10,1,1,92,124,18,15,124,66,3,1,11,12,4,53,45,20,13,57,35,26,43,29,18,10,0,0,3,74,80,25,74,74,10,2,10,39,32,37,84,124,11,1,6,23,15,11,16,30,13,63,28,18,49,35
64,49,19,41,107,29,0,4,20,23,21,74,107,36,3,5,63,85,18,33,32,0,0,3,31,19,13,27,33,4,6,25,8,22,18,51,116,31,26,14,43,6,15,116,109,15,1,14,116,27,11,55,13,0,0,33,12,21,39,93,10,0,0,1,27,45,43,41,16,6,29,35,16,26,19,116,116,0,0,1,116,116,16,28,12,0,2,7,25,27,76,75,2,2,19,3,5,30,39,13,21,16,17,21,11,17,13,50,116,21,6,11,58,71,16,10,14,27,21,29,5,10,31,14,5,41,106,11
12,5,0,0,0,24,88,22,30,37,19,2,5,26,30,18,53,120,37,1,2,3,1,5,32,53,16,27,18,5,4,4,53,23,5,0,0,4,34,17,120,113,18,0,0,4,10,37,24,120,42,1,4,81,58,17,16,18,6,16,26,20,59,73,28,61,28,12,2,0,0,5,94,10,40,13,2,15,71,120,16,3,14,12,3,120,120,57,93,3,2,1,5,14,41,120,46,55,28,5,0,0,0,0,18,43,120,36,2,2,6,5,5,14,120,96,12,11,15,9,41,43,47,4,0,0,2,36
0,0,29,79,61,22,0,0,0,5,11,44,54,38,7,0,3,7,22,53,31,3,1,0,60,51,11,5,0,0,0,0,12,4,1,8,96,119,16,6,81,119,88,18,33,39,4,6,8,26,119,119,23,1,0,1,59,34,46,32,9,1,0,3,27,27,49,20,74,79,6,4,119,75,36,5,3,6,2,51,49,13,23,116,119,2,1,27,10,4,19,59,72,4,3,17,1,29,110,12,9,0,3,2,41,77,113,1,0,0,18,12,25,41,10,55,51,13,18,6,0,0,50,100,28,2,2,2
6,10,7,9,3,13,82,5,10,2,4,21,25,27,59,18,44,26,5,14,17,24,11,22,25,12,0,19,56,1,0,7,10,31,28,38,38,44,74,13,120,53,12,33,18,16,45,44,60,64,45,74,19,10,11,17,24,27,4,44,41,2,8,8,19,7,10,6,85,120,12,17,120,11,1,3,12,37,25,117,23,7,12,28,23,85,120,39,6,2,4,21,9,17,120,59,14,0,0,11,120,34,9,30,117,4,0,3,19,9,9,120,63,24,63,64,20,21,21,46,8,3,65,120,6,9,42,25
1,7,2,0,0,0,0,0,6,22,2,0,0,0,0,0,0,8,8,0,0,0,0,0,3,3,1,0,0,0,0,0,43,105,43,0,0,0,0,0,138,138,42,3,0,0,2,28,23,85,138,58,16,11,8,14,27,42,22,8,4,3,2,18,44,69,32,0,0,0,4,39,138,56,7,1,0,1,29,138,46,17,23,23,22,64,126,128,30,42,12,3,5,20,25,51,14,33,53,0,0,0,5,45,87,21,28,1,0,0,3,130,90,29,16,0,0,2,14,138,22,67,20,0,0,0,48,54
0,0,0,0,0,0,0,0,27,3,0,10,17,0,0,4,3,1,14,71,122,22,15,1,6,5,58,29,24,13,52,93,9,1,1,34,65,4,1,3,122,23,6,29,28,4,2,17,23,16,100,122,70,10,8,2,0,17,122,85,54,37,12,3,7,7,10,116,73,1,5,2,104,27,29,63,23,17,11,21,17,3,14,20,24,122,96,13,0,3,13,8,46,122,111,0,21,2,6,26,11,17,24,19,1,3,16,36,56,117,7,0,0,15,14,3,80,122,9,0,0,37,52,10,12,27,15,0
1,15,19,6,34,127,37,5,32,4,4,0,3,44,35,50,3,4,11,0,0,0,0,2,0,0,0,0,0,0,0,0,17,7,2,127,127,105,37,28,127,107,31,28,39,27,21,62,30,42,82,35,17,6,11,10,0,0,1,3,2,0,0,0,23,1,0,19,58,118,127,54,127,16,2,6,18,24,96,127,18,5,4,10,12,12,127,52,0,0,0,0,1,0,0,0,4,0,0,4,42,18,66,53,10,0,0,0,0,1,127,116,0,0,0,0,0,0,41,16,0,0,0,0,0,0,0,0
1,34,18,1,6,37,12,1,0,12,7,0,1,19,3,0,0,0,0,0,0,5,2,1,0,0,0,0,0,0,0,0,7,85,58,14,48,42,15,20,8,13,12,39,87,128,48,17,85,27,15,5,6,43,36,79,4,15,29,6,1,0,0,1,5,3,1,27,30,14,100,128,27,6,2,128,128,101,63,37,128,66,19,27,33,18,24,77,22,22,34,26,15,10,39,17,1,0,2,31,48,30,79,55,12,0,0,3,32,97,128,47,69,0,0,0,6,14,93,125,2,0,0,0,1,4,87,22
10,75,61,7,0,0,1,8,97,118,45,4,0,0,11,37,17,105,118,2,0,1,29,25,12,89,48,7,25,12,7,17,6,108,115,68,1,0,0,0,75,33,48,118,20,2,81,110,118,27,22,7,4,5,118,118,48,8,7,5,90,58,6,36,13,67,30,33,16,21,17,12,7,13,58,118,75,40,12,7,118,55,49,25,3,2,5,18,26,3,0,0,22,11,0,2,0,0,0,0,2,9,8,4,0,0,3,1,7,18,3,0,0,0,3,0,0,0,0,0,0,0,0,0,0,0,0,0
10,4,21,12,0,0,1,4,3,3,64,119,92,17,2,2,3,28,66,92,78,9,0,0,50,41,80,45,3,0,0,0,14,2,3,2,3,11,45,27,21,9,11,30,119,119,42,19,119,109,86,33,56,36,2,39,34,24,102,119,52,0,0,11,0,0,0,1,3,1,6,1,7,39,78,50,70,25,6,2,119,119,111,12,8,7,20,26,40,36,22,117,37,17,33,11,0,0,0,0,0,0,0,0,0,7,9,0,0,0,0,0,2,24,23,1,0,20,59,4,14,60,24,3,3,24,75,10
34,29,7,5,11,12,13,26,20,1,1,3,17,24,37,42,33,6,0,0,0,69,58,40,105,33,1,0,0,15,22,17,30,4,1,1,5,27,115,115,22,0,0,0,6,30,115,50,115,107,0,0,0,20,61,41,69,114,4,10,14,5,31,17,31,5,0,0,0,4,67,43,103,77,2,0,0,0,57,35,115,69,28,4,0,10,60,89,29,20,16,6,4,21,115,94,14,8,0,0,0,1,4,2,80,103,3,0,0,0,0,1,47,114,94,22,4,3,6,6,13,19,72,40,11,3,8,13
