0,0,0,0,0,6,79,106,21,4,0,0,0,12,62,80,38,13,1,1,4,2,32,167,16,0,0,0,3,4,167,167,18,0,0,0,0,0,65,94,167,37,0,0,0,1,21,76,51,46,3,2,20,46,22,10,0,0,0,0,15,17,15,8,42,0,0,0,0,0,24,124,126,4,0,0,0,1,101,143,11,1,0,0,0,22,70,18,0,0,0,0,0,1,0,0,3,0,0,0,0,0,44,95,1,0,0,0,0,0,60,46,0,0,0,0,0,0,5,1,0,0,0,0,0,0,0,0
0,0,0,0,0,0,0,0,0,0,0,0,0,0,0,0,0,0,0,0,0,0,0,0,0,0,0,0,0,0,0,0,105,6,0,18,29,0,0,6,176,3,0,0,0,0,0,18,63,11,5,0,0,0,0,1,12,14,1,0,0,0,0,0,176,47,5,109,83,0,0,4,176,62,0,0,0,0,0,13,141,25,19,0,0,0,0,2,5,28,13,0,0,0,0,0,97,18,1,59,92,0,3,27,176,23,0,1,2,0,10,168,139,13,8,0,0,0,0,30,1,8,12,0,0,0,0,0
0,0,0,0,0,0,0,0,0,0,0,0,0,0,22,39,0,0,0,0,0,0,18,39,0,0,0,0,0,0,0,2,0,0,0,0,0,0,1,3,30,3,0,0,0,0,101,152,124,12,0,0,0,0,49,152,21,1,0,0,0,0,0,15,2,0,0,0,0,0,2,7,152,53,0,0,0,0,8,64,152,107,0,0,0,0,5,110,32,9,0,0,0,0,1,20,19,0,0,0,0,0,25,152,67,5,0,0,0,0,16,152,121,14,0,0,0,0,29,152,62,6,0,0,0,0,5,91
0,0,0,0,0,0,0,0,10,0,0,0,0,0,0,6,34,0,0,0,0,0,0,22,3,0,0,0,0,0,0,2,24,6,1,0,0,0,0,6,121,58,14,0,0,0,0,46,152,46,2,0,0,0,0,127,35,1,0,0,0,0,0,12,152,48,3,0,0,0,0,20,126,152,93,0,0,0,0,6,140,152,56,0,0,0,0,9,24,14,0,0,0,0,0,1,152,81,27,0,0,0,0,24,152,119,14,0,0,0,0,35,50,41,11,0,0,0,0,5,0,2,0,0,0,0,0,0
3,0,0,0,0,0,11,119,0,0,0,0,0,7,108,119,14,0,0,0,0,12,66,80,45,3,0,0,0,0,6,119,0,0,0,0,0,0,37,119,31,1,0,0,0,0,62,119,119,60,0,0,0,0,8,78,41,65,6,2,10,13,4,18,7,0,0,0,0,0,33,119,119,6,0,0,0,0,19,110,119,56,0,0,0,2,42,70,19,20,1,0,5,47,52,10,21,0,0,0,0,0,5,104,63,0,0,0,0,0,38,119,30,0,0,0,0,0,103,113,0,0,0,0,0,2,26,6
129,0,0,0,0,0,0,49,42,44,1,0,0,0,0,8,60,131,10,0,0,0,0,7,25,40,1,0,0,0,0,2,131,7,0,0,0,0,0,122,117,33,4,0,0,0,0,47,131,47,1,0,0,0,0,57,15,8,0,0,0,0,0,5,131,129,4,0,0,0,0,46,96,131,34,0,0,0,0,16,68,131,12,0,0,0,0,8,10,7,0,0,0,0,0,0,131,114,5,0,0,0,0,14,123,40,3,0,0,0,0,70,51,21,1,0,0,0,0,20,0,1,0,0,0,0,0,0
78,0,0,0,0,0,0,36,137,3,0,0,0,0,0,72,73,4,0,0,0,0,0,76,27,19,0,0,0,0,0,9,137,6,0,0,0,0,0,69,137,44,0,0,0,0,0,19,118,57,0,0,0,0,0,20,43,8,0,0,0,0,0,28,137,137,3,0,0,0,0,12,137,54,1,0,0,0,0,43,113,12,0,0,0,0,0,74,43,26,0,0,0,0,0,10,102,125,8,0,0,0,7,137,28,45,16,19,1,0,1,24,126,3,1,4,0,0,0,41,40,3,0,0,0,0,0,32
45,3,0,0,0,0,12,73,45,2,0,0,0,0,29,131,21,0,0,0,0,0,2,27,0,0,0,0,0,0,0,0,38,8,0,0,0,0,37,131,131,52,0,0,0,0,7,69,72,13,0,0,0,0,5,31,0,0,0,0,0,0,0,2,131,10,0,0,0,0,30,131,104,14,0,0,0,0,50,131,58,4,0,0,0,0,40,131,18,1,0,0,0,0,0,17,131,35,0,0,0,0,8,131,131,15,0,0,0,0,11,128,131,41,0,0,0,0,8,48,29,5,0,0,0,0,8,17
135,49,0,0,0,0,0,60,110,38,9,0,0,0,0,24,135,51,5,0,0,0,0,24,30,19,3,0,0,0,0,4,135,135,21,0,0,0,0,11,113,135,50,0,0,0,0,14,57,135,40,0,0,0,0,3,18,17,0,0,0,0,0,1,125,135,16,0,0,0,0,8,135,67,11,0,0,0,0,50,70,31,5,0,0,0,0,12,0,2,0,0,0,0,0,0,98,98,24,0,0,0,0,12,40,122,38,0,0,0,0,4,20,26,2,0,0,0,0,0,0,0,0,0,0,0,0,0
12,0,0,0,0,27,65,75,80,24,0,0,0,9,28,37,97,41,1,0,0,0,0,12,110,7,0,0,0,0,0,14,100,2,0,0,0,4,22,63,132,69,1,0,0,1,4,15,74,60,8,3,6,7,3,4,132,13,0,0,0,0,0,2,132,1,0,0,0,0,0,22,132,6,0,0,0,1,13,104,62,2,0,0,3,16,50,79,132,14,0,0,0,0,1,43,83,26,1,0,0,0,0,36,104,31,5,0,0,0,4,62,98,26,0,0,0,0,12,47,132,132,34,0,0,0,0,21
87,6,0,0,0,0,5,126,83,68,0,0,0,0,0,31,50,32,0,0,0,0,0,17,1,0,0,0,0,0,0,0,126,54,0,0,0,0,0,88,98,15,0,0,0,0,12,126,59,10,0,0,0,0,3,105,8,0,0,0,0,0,0,6,126,30,0,0,0,0,2,126,126,64,0,0,0,0,1,50,94,71,0,0,0,0,1,30,10,4,0,0,0,0,0,3,126,1,2,3,0,0,1,126,126,9,0,0,0,0,8,126,17,6,0,0,0,0,26,126,0,0,0,0,0,0,12,54
103,24,0,0,0,0,0,0,126,17,0,0,0,0,0,7,126,7,0,0,0,0,0,52,74,7,0,0,0,0,0,81,126,13,0,0,0,0,0,4,126,9,0,0,0,0,0,29,126,4,0,0,0,0,0,57,126,9,0,0,0,0,0,34,126,21,0,0,0,0,0,0,126,35,0,0,0,0,0,3,126,46,0,0,0,0,0,5,126,30,0,0,0,0,0,1,123,6,0,0,0,0,0,4,120,9,0,0,0,0,0,19,126,9,0,0,0,0,0,27,126,10,0,0,0,0,0,11
35,0,0,0,0,0,56,84,44,0,0,0,0,0,142,142,77,0,0,0,0,0,7,142,3,0,0,0,0,0,0,7,1,1,0,0,0,0,19,12,105,32,4,0,0,0,13,98,142,35,1,0,0,0,0,142,28,2,0,0,0,0,0,11,27,14,0,0,0,0,1,11,133,142,32,0,0,0,0,10,133,142,20,0,0,0,0,7,16,16,0,0,0,0,0,0,47,3,0,0,0,0,0,10,142,58,1,0,0,0,0,15,88,40,2,0,0,0,0,1,0,2,0,0,0,0,0,0
135,135,22,3,2,0,0,3,99,135,41,0,0,0,0,1,105,85,24,0,0,0,0,7,23,43,29,0,0,0,0,0,135,135,5,4,7,0,0,1,120,135,54,0,0,0,0,7,55,99,60,0,0,0,0,1,19,14,1,0,0,0,0,0,77,135,14,1,1,0,0,16,135,21,4,0,0,0,0,36,53,16,10,0,0,0,0,10,0,1,0,0,0,0,0,0,113,27,6,0,1,1,1,54,108,39,14,0,0,0,0,15,58,7,0,0,0,0,0,8,0,0,0,0,0,0,0,0
8,7,1,0,0,0,0,6,86,113,4,0,0,0,0,17,61,127,41,0,0,0,0,15,31,60,6,0,0,0,0,0,12,0,0,0,0,0,0,16,127,16,0,0,0,0,0,127,127,37,4,0,0,0,0,127,27,9,1,0,0,0,0,6,5,16,34,3,0,0,0,3,119,110,16,2,0,0,0,17,127,127,0,0,0,0,0,21,27,10,0,0,0,0,0,0,7,114,127,17,0,0,0,0,37,127,127,14,0,0,0,0,64,122,4,0,0,0,0,0,6,3,0,0,0,0,0,0
124,47,4,2,0,20,60,54,13,7,11,66,7,0,31,71,21,0,0,34,22,0,1,97,24,0,0,0,0,0,0,43,44,24,4,13,41,58,124,97,124,19,0,8,15,1,54,124,78,8,2,33,70,4,1,24,91,6,0,0,0,0,0,18,25,88,124,124,43,6,1,3,124,124,46,1,3,16,2,15,57,61,0,6,17,34,2,2,49,41,0,0,0,0,0,0,0,20,96,35,2,8,36,9,3,85,36,1,7,30,6,0,7,109,0,0,0,5,0,0,2,25,0,0,0,0,0,0
63,27,2,0,0,0,0,15,91,4,0,0,0,0,0,55,128,5,0,0,0,0,0,77,128,64,6,0,0,0,0,23,40,3,2,1,2,5,5,22,128,26,0,0,0,0,0,19,128,29,0,0,0,0,0,28,128,20,2,0,0,0,1,128,77,21,0,0,0,5,20,31,128,22,0,0,0,0,0,24,128,19,0,0,0,0,0,28,128,11,0,0,0,0,0,102,117,75,3,0,0,1,2,7,90,43,4,1,2,1,0,2,128,21,0,0,0,0,0,4,112,10,0,0,0,0,0,15
3,4,5,1,0,0,0,0,9,50,14,0,0,0,0,0,13,142,29,0,0,0,0,0,54,142,8,0,0,0,0,0,33,15,3,0,0,0,0,6,107,142,55,0,0,0,0,9,22,142,142,0,0,0,0,1,33,142,24,0,0,0,0,0,41,8,0,0,0,0,0,15,142,67,4,0,0,0,0,89,134,55,38,0,0,0,0,29,4,25,8,0,0,0,0,0,12,95,31,15,0,0,0,0,121,142,1,0,0,0,0,6,68,71,0,0,0,0,0,2,2,3,0,0,0,0,0,0
55,2,0,0,0,0,0,13,136,14,0,0,0,0,0,78,135,12,0,0,0,0,0,65,6,0,0,0,0,0,0,4,56,3,0,0,0,0,1,17,136,81,0,0,0,0,4,54,131,66,0,0,0,0,20,49,9,0,0,0,0,0,1,16,31,5,0,0,0,0,4,17,104,5,0,0,0,0,76,136,53,2,0,0,0,0,136,136,53,0,0,0,0,0,6,97,0,0,0,0,0,0,8,15,2,0,0,0,0,0,29,31,136,1,0,0,0,0,22,135,136,0,0,0,0,0,0,85
35,14,0,0,0,0,27,85,4,1,0,0,0,0,34,73,0,0,0,0,0,0,7,18,0,0,0,0,0,0,0,0,45,3,1,1,0,0,28,81,12,1,0,0,0,0,64,154,51,5,0,0,0,0,18,112,8,0,0,0,0,0,0,6,68,4,1,2,1,4,103,102,75,21,0,0,1,2,29,75,139,49,0,0,0,0,2,41,12,4,0,0,0,0,2,7,7,0,0,0,0,0,168,168,37,1,0,0,0,0,57,168,33,3,0,0,0,0,56,168,0,0,0,0,0,0,39,72
103,146,3,0,0,0,0,3,100,16,1,0,0,0,0,49,81,6,1,0,0,0,0,45,2,1,0,0,0,0,0,1,118,42,2,0,1,1,4,146,67,23,5,0,2,2,2,34,145,17,1,0,0,0,0,56,14,0,0,0,0,0,0,4,146,19,0,0,0,0,0,109,84,137,35,0,0,0,0,7,52,99,22,0,0,0,0,3,9,5,0,0,0,0,0,0,146,5,0,0,0,0,0,132,146,26,2,0,0,0,0,59,18,13,4,0,0,0,0,8,0,0,0,0,0,0,0,0
4,0,0,0,10,58,18,13,120,3,0,0,0,1,6,25,156,15,0,0,0,0,0,17,105,0,0,0,0,0,0,41,18,7,22,11,0,10,9,17,156,14,0,0,0,0,0,18,156,2,0,0,0,0,0,20,131,0,0,0,0,0,0,44,5,10,39,87,29,1,0,1,134,33,3,4,4,1,0,20,156,6,0,0,0,0,0,29,122,0,0,0,0,0,0,29,0,0,0,49,95,4,1,5,87,0,0,9,32,4,0,51,156,0,0,0,0,0,1,81,69,0,0,0,0,0,6,59
1,0,0,0,4,15,7,0,114,4,0,0,1,1,1,25,140,2,0,0,0,0,0,140,51,0,0,0,0,0,0,53,4,0,0,0,0,3,7,7,106,5,0,0,0,0,1,35,140,76,0,0,0,0,0,63,129,33,0,0,0,0,0,30,3,4,1,0,0,0,1,5,93,11,0,0,0,0,2,27,140,53,0,0,0,0,57,140,46,19,0,0,0,0,74,140,1,1,0,0,0,0,9,11,9,1,0,0,0,0,12,27,12,0,0,0,0,0,77,121,117,0,0,0,0,0,52,140
0,6,34,8,1,27,102,23,6,0,5,29,9,1,33,74,19,0,0,4,1,0,0,100,4,0,0,0,0,0,0,20,22,5,1,4,29,96,126,107,126,17,2,18,4,1,43,126,57,3,2,35,18,4,0,70,39,1,0,0,0,0,3,44,38,112,126,51,30,9,6,21,126,126,41,2,17,9,0,24,84,23,0,7,63,39,1,6,82,15,1,0,1,3,4,7,110,64,85,7,0,4,5,28,4,76,33,0,16,65,10,1,40,58,3,0,29,34,0,0,30,16,0,0,11,93,31,3
0,3,15,4,0,17,57,9,1,1,18,8,2,1,60,36,8,0,2,6,4,1,18,64,2,0,0,1,25,38,13,10,6,4,4,8,43,120,116,38,111,13,9,16,9,4,60,120,47,2,2,46,34,1,1,58,28,1,0,17,120,28,4,25,13,43,42,86,77,38,37,14,120,120,20,4,6,3,16,69,68,19,0,11,69,18,2,10,52,12,0,2,120,34,0,2,3,7,120,40,5,14,47,18,31,33,102,8,1,4,36,120,46,38,20,0,14,25,21,29,32,15,5,19,120,28,0,0
26,26,5,14,21,3,0,4,131,102,0,0,0,0,0,0,131,48,0,0,0,0,0,0,88,3,0,0,0,0,0,0,97,11,0,0,51,13,0,12,131,64,0,0,0,0,0,9,131,34,0,0,0,0,0,9,105,5,0,0,0,0,0,0,131,18,1,0,18,19,0,3,131,15,0,0,0,0,1,86,131,3,0,0,0,0,1,123,107,4,0,0,0,0,0,4,73,17,12,2,0,1,0,13,115,4,0,0,0,0,0,65,131,11,0,0,0,0,0,40,101,0,0,0,0,0,0,5
0,2,24,30,4,0,0,0,11,83,55,14,0,0,0,0,33,135,41,0,0,0,0,0,2,129,77,50,75,0,0,0,0,18,51,3,0,0,0,0,80,73,47,0,0,0,0,1,135,135,5,1,1,1,2,35,41,37,13,21,135,34,5,12,0,38,67,2,0,0,0,0,34,47,83,0,0,0,0,2,135,18,14,0,0,3,36,119,13,0,0,3,91,102,77,42,0,23,85,8,0,0,0,0,0,50,85,2,0,0,0,0,4,24,123,24,0,0,10,11,0,0,67,36,4,15,22,4
110,2,0,66,137,7,6,21,148,4,0,3,3,0,0,79,68,15,0,0,0,0,0,26,22,10,0,0,0,0,1,6,63,45,4,31,89,26,17,5,148,85,2,5,5,0,0,48,86,37,16,0,0,0,0,49,6,3,16,5,0,0,20,31,89,119,13,6,52,7,4,0,148,106,20,3,0,0,0,36,107,15,11,0,0,0,0,78,10,3,30,12,0,0,1,19,148,25,4,12,28,0,0,13,99,16,12,18,2,1,1,22,92,0,0,0,0,0,0,68,22,0,0,0,0,0,0,40
123,20,0,0,0,0,0,2,123,14,0,0,0,0,0,14,123,36,0,0,0,0,0,6,117,32,0,0,0,0,0,3,123,6,0,0,0,0,0,25,123,7,0,0,0,0,0,36,123,10,0,0,0,0,0,55,123,4,0,0,0,0,0,49,123,9,0,0,0,0,0,18,123,53,0,0,0,0,0,5,123,37,0,0,0,0,0,7,123,8,0,0,0,0,0,16,123,5,0,0,0,0,0,27,123,8,0,0,0,0,0,26,123,9,0,0,0,0,0,6,123,32,0,0,0,0,0,0
2,100,121,5,13,10,15,6,37,38,28,20,140,15,1,0,140,32,0,0,35,2,0,2,38,3,0,2,39,6,0,0,14,29,33,3,17,11,117,89,52,12,11,33,140,46,13,24,140,28,7,6,29,4,0,47,41,2,0,25,27,0,0,8,11,57,140,14,2,0,7,16,12,39,140,130,45,2,0,4,103,136,100,21,4,0,0,7,25,19,2,17,3,0,0,2,0,1,27,4,0,0,0,0,0,1,42,12,0,0,0,0,0,14,33,3,0,0,0,0,1,3,3,2,0,0,0,1
29,17,4,0,121,44,31,14,9,18,59,11,0,3,116,33,0,1,67,33,0,10,121,27,0,0,11,32,2,2,121,104,102,6,0,0,121,61,7,38,47,9,19,2,0,0,4,31,20,9,44,38,0,0,0,5,0,1,18,106,25,1,0,1,115,0,0,0,12,34,7,112,74,7,0,0,0,0,5,73,46,17,1,3,5,3,5,16,1,1,1,16,96,28,1,0,20,0,0,0,0,0,26,121,11,0,0,0,0,0,89,121,6,0,0,0,1,6,113,110,0,0,0,0,50,74,50,7
125,22,0,0,0,0,0,1,128,49,0,0,0,0,0,1,128,26,0,0,0,0,0,30,112,14,0,0,0,0,0,23,128,2,0,0,0,0,0,17,128,21,0,0,0,0,0,8,128,29,0,0,0,0,0,6,128,7,0,0,0,0,0,13,128,18,0,0,0,0,0,7,128,7,0,0,0,0,0,27,128,9,0,0,0,0,0,38,128,13,0,0,0,0,0,24,85,10,0,0,0,0,0,26,122,2,0,0,0,0,0,45,119,3,0,0,0,0,0,56,104,2,0,0,0,0,0,56
8,1,1,0,0,13,170,19,170,8,0,0,0,0,87,138,101,4,0,0,0,0,0,25,0,0,0,0,0,0,0,0,32,5,5,5,5,0,4,2,170,44,0,0,0,0,0,11,158,14,0,0,0,0,0,2,0,0,0,0,0,0,0,0,31,2,0,0,16,3,0,4,170,14,0,0,1,0,0,46,161,4,0,0,0,0,0,11,0,0,0,0,0,0,0,0,25,7,0,0,6,8,0,0,170,56,0,0,0,0,0,1,120,14,0,0,0,0,0,0,0,0,0,0,0,0,0,0
5,40,19,1,12,58,0,0,28,126,27,0,1,1,0,0,3,126,82,0,0,0,0,0,7,126,31,0,0,0,7,4,36,27,24,20,3,1,0,0,126,103,4,0,0,0,0,11,42,104,50,10,3,0,0,4,8,22,19,35,26,35,44,10,16,13,44,64,18,0,0,0,126,83,37,0,0,0,0,53,120,84,35,14,1,0,0,23,1,19,118,78,14,4,1,0,0,64,126,26,5,0,0,0,18,126,126,0,0,0,0,1,19,114,34,0,0,0,0,0,0,11,34,1,0,0,0,0
0,0,0,0,159,159,23,0,0,0,0,0,30,55,159,68,0,0,0,0,0,0,159,136,0,0,0,0,0,0,159,69,0,0,0,0,159,93,0,0,15,9,2,0,48,18,5,4,2,5,19,5,0,0,24,9,0,0,14,11,0,0,43,10,3,0,0,0,159,159,18,2,39,1,0,0,16,13,1,10,10,2,4,0,0,0,0,6,3,2,7,11,0,0,0,0,7,0,0,0,3,64,27,9,32,0,0,0,0,1,0,28,12,2,0,0,0,0,0,11,5,3,0,1,2,1,0,1
18,0,2,9,18,2,15,125,23,4,4,26,125,10,3,21,96,41,83,51,18,1,0,7,4,4,125,125,0,0,0,0,14,0,6,92,37,4,22,109,32,5,9,9,72,79,63,63,125,18,6,2,12,12,2,38,34,3,29,54,0,0,0,2,1,0,22,125,34,29,44,6,15,28,91,34,4,27,47,12,125,62,14,0,0,2,8,45,46,1,0,2,0,0,0,8,0,24,81,3,2,33,71,0,2,42,125,2,0,16,39,6,66,89,58,0,0,0,7,31,28,13,0,0,0,0,0,4
54,12,0,0,0,0,67,122,48,11,0,0,0,0,28,122,5,0,0,0,0,0,10,105,0,0,0,0,0,0,5,18,122,42,0,0,0,2,23,56,54,24,0,0,0,37,89,68,35,2,0,0,0,3,37,122,1,0,0,0,0,0,27,101,26,14,48,1,0,1,74,122,99,87,8,0,0,12,96,72,82,69,4,7,14,14,20,32,3,0,0,2,7,13,48,111,2,25,122,24,0,0,4,9,45,122,89,7,0,0,2,6,12,59,16,66,31,5,6,2,0,0,0,46,48,11,14,43
73,55,5,5,0,0,0,23,49,117,56,0,0,0,2,14,117,73,22,0,0,0,1,32,75,5,0,0,0,0,0,15,108,20,27,102,6,0,0,60,86,61,20,0,0,0,32,117,117,33,8,0,0,0,17,51,98,4,0,0,0,0,0,10,11,42,117,117,14,0,0,4,27,117,117,6,5,5,5,19,117,64,16,0,0,2,7,35,96,0,0,0,0,0,0,22,8,6,52,13,9,3,8,35,3,4,33,12,81,49,11,8,95,3,1,0,6,15,18,47,103,4,0,0,0,0,0,8
4,44,53,48,42,10,1,6,118,25,12,30,30,0,0,37,65,19,50,94,5,13,3,5,6,14,53,92,4,7,20,19,9,48,8,16,118,18,0,0,118,51,1,6,79,17,8,25,69,21,1,5,20,118,27,11,74,47,15,12,5,46,27,25,4,4,1,73,118,6,8,4,49,5,30,82,47,14,46,72,25,118,23,1,7,102,58,18,67,118,0,0,1,9,1,1,34,1,2,43,11,18,25,33,11,17,74,88,8,23,17,13,16,118,73,3,0,0,3,4,6,62,2,0,0,0,0,0
20,16,29,65,26,21,5,2,22,10,12,5,5,58,117,14,2,9,8,3,1,4,98,117,1,0,1,44,78,2,5,48,1,1,2,18,117,49,1,0,41,70,49,18,55,63,36,4,11,16,60,110,10,2,30,117,4,0,0,18,44,18,43,117,3,0,0,62,117,1,0,0,117,32,12,47,64,0,0,31,58,10,15,117,33,2,3,18,0,0,41,117,17,14,37,34,0,0,2,57,51,0,0,0,51,26,28,63,32,20,16,9,33,8,3,24,6,58,97,12,0,7,32,41,8,62,55,0
52,4,0,0,0,0,0,1,66,6,0,0,0,0,0,4,144,5,0,0,0,0,0,98,229,8,0,0,0,0,1,229,67,8,0,0,0,0,0,0,75,8,0,0,0,0,0,3,101,1,0,0,0,0,0,16,60,1,0,0,0,0,6,229,68,5,0,0,0,0,0,3,68,10,0,0,0,0,0,2,91,4,0,0,0,0,0,7,67,16,0,0,0,0,0,13,49,2,0,0,0,0,0,4,60,5,0,0,0,0,0,4,61,13,0,0,0,0,0,2,93,12,0,0,0,0,0,1
37,1,0,0,0,0,50,60,0,0,0,0,0,0,71,16,0,0,0,0,0,0,20,14,2,0,0,0,0,0,0,2,9,0,1,0,0,1,161,115,14,0,0,0,0,0,161,133,105,5,0,0,0,0,90,161,23,1,0,0,0,0,0,10,0,5,17,3,1,0,35,11,110,35,3,3,1,0,49,35,161,101,0,0,0,0,7,49,38,9,0,0,0,0,0,1,0,1,2,1,7,2,0,0,161,36,0,1,6,1,0,2,161,71,0,0,0,0,0,1,13,4,0,0,0,0,0,0
1,0,1,15,6,0,0,0,149,15,1,6,3,0,0,68,149,24,0,0,0,0,0,102,7,3,1,0,0,0,0,2,0,7,21,2,4,6,7,0,114,33,42,2,4,1,0,43,149,41,5,0,0,0,0,105,31,1,0,0,0,0,0,8,0,119,149,0,0,0,1,0,17,149,149,0,0,0,0,0,117,149,86,0,0,0,0,4,17,11,2,0,0,0,0,1,0,51,97,0,0,0,0,0,0,23,80,0,0,0,0,0,0,16,23,0,0,0,0,0,0,1,2,0,0,0,0,0
64,0,0,0,0,0,0,66,120,12,0,0,0,0,0,46,120,29,0,0,0,0,0,24,105,23,0,0,0,0,0,6,120,4,0,0,0,0,0,20,120,56,0,0,0,0,0,15,120,88,0,0,0,0,0,20,117,30,0,0,0,0,0,11,120,10,0,0,0,0,0,7,120,10,0,0,0,0,0,82,103,4,0,0,0,0,0,120,120,0,0,0,0,0,0,41,107,4,0,0,0,0,0,23,120,1,0,0,0,0,0,44,120,0,0,0,0,0,0,71,101,0,0,0,0,0,0,53
0,0,0,0,0,0,118,49,1,0,0,0,0,1,118,72,0,0,0,0,0,0,118,91,0,0,0,0,0,0,94,50,8,1,0,0,0,0,91,68,104,33,18,6,0,0,59,57,14,15,52,94,4,3,87,33,0,0,19,50,5,0,118,67,16,70,47,6,0,0,15,21,118,43,27,9,0,0,4,29,68,27,61,81,0,0,0,5,0,0,118,103,1,0,6,1,9,82,44,17,2,0,0,0,94,118,23,17,2,0,0,0,42,100,42,11,13,6,0,0,1,5,52,14,12,15,12,4
69,0,0,0,0,0,0,66,76,0,0,0,0,0,0,94,107,1,0,0,0,0,0,72,104,2,0,0,0,0,0,38,103,1,0,0,0,0,0,70,125,2,0,0,0,0,0,67,125,47,0,0,0,0,0,32,122,69,0,0,0,0,0,7,125,4,0,0,0,0,0,25,125,12,0,0,0,0,0,11,125,33,0,0,0,0,0,53,94,25,0,0,0,0,0,72,125,0,0,0,0,0,0,28,125,9,0,0,0,0,0,22,125,3,0,0,0,0,0,58,101,0,0,0,0,0,0,68
1,9,0,0,0,0,0,0,62,39,5,0,0,0,0,18,142,58,3,0,0,0,0,102,48,7,1,0,0,0,0,16,22,22,1,0,0,0,0,0,114,142,32,0,0,0,0,8,94,142,43,0,0,0,0,7,26,28,0,0,0,0,0,2,35,7,0,0,0,0,0,5,142,39,1,0,0,0,0,123,125,36,4,0,0,0,1,68,1,1,0,0,0,0,5,4,11,3,0,0,0,0,0,1,127,0,0,0,0,0,3,126,71,0,0,0,0,0,110,142,0,0,0,0,0,0,142,27
13,0,0,0,0,0,21,143,68,6,0,0,0,0,58,143,62,4,0,0,0,0,4,63,1,0,0,0,0,0,2,1,33,8,0,0,0,0,1,14,143,96,0,0,0,0,3,78,140,40,0,0,0,0,4,43,0,0,0,0,0,6,5,2,27,3,0,0,0,0,0,14,115,12,0,0,0,0,25,143,24,3,0,0,0,0,101,143,0,0,0,0,0,96,99,39,8,0,0,0,0,0,0,5,7,0,0,0,0,0,7,48,1,0,0,0,0,0,84,143,1,2,0,0,0,63,143,36
28,50,16,15,11,9,2,8,20,131,68,34,59,30,2,2,57,131,131,13,3,0,0,15,5,33,131,45,0,0,0,7,25,67,21,41,35,0,0,1,124,131,44,11,5,0,0,10,76,109,64,1,0,0,0,35,39,17,29,5,0,7,8,20,21,37,40,37,38,2,3,12,131,87,55,9,4,0,0,49,51,26,39,1,1,5,3,88,7,12,6,0,18,74,17,7,5,75,91,2,0,0,0,1,8,110,92,8,0,0,0,2,13,23,67,17,6,2,1,17,8,6,4,33,47,18,1,4
50,0,0,2,13,13,4,54,129,16,0,0,0,0,0,128,122,65,3,0,0,0,1,37,3,34,8,1,24,11,0,0,50,2,10,124,19,3,1,27,129,116,3,4,0,0,1,58,126,112,0,0,0,7,26,17,7,4,0,14,35,6,10,9,15,3,60,129,15,5,5,6,129,27,42,64,1,0,6,121,96,12,0,0,0,8,48,125,29,8,0,7,3,15,32,17,0,0,8,25,10,16,39,23,36,22,24,39,5,3,15,30,47,12,14,1,0,0,36,86,41,7,2,0,0,7,57,36
78,11,0,3,22,6,1,76,130,48,0,0,0,18,70,137,4,6,0,0,53,125,70,34,17,29,3,5,81,29,0,0,33,2,0,2,33,31,2,34,137,6,0,0,0,1,18,137,88,12,10,5,17,12,25,60,31,59,48,12,23,4,0,0,36,41,4,12,26,6,0,0,137,70,0,0,0,0,0,2,137,52,10,0,0,0,0,2,32,63,83,2,0,0,0,0,33,37,10,23,4,0,0,1,137,31,0,0,0,0,0,14,137,8,0,0,0,0,0,30,50,11,5,0,0,0,1,32
21,3,0,0,0,0,2,38,18,5,1,0,0,0,12,59,59,19,12,2,0,0,20,45,39,14,13,37,65,39,8,13,17,7,0,0,0,0,1,22,19,2,0,0,0,0,16,57,126,26,0,2,17,19,19,33,28,4,2,8,81,128,53,11,15,1,0,0,0,0,0,29,25,5,2,1,1,15,14,18,88,9,0,7,33,45,128,73,3,1,5,32,113,114,79,21,3,0,0,0,0,2,15,28,1,0,0,0,51,92,43,11,2,0,0,0,128,128,128,92,9,0,0,0,19,116,128,128
0,0,0,0,0,0,0,0,16,9,0,0,0,0,0,8,89,49,0,0,0,0,0,30,46,63,21,7,0,0,0,12,6,0,0,0,0,0,0,1,47,44,3,0,0,0,0,5,86,26,5,0,0,0,0,48,100,26,2,0,0,0,2,105,28,0,0,0,0,0,0,25,109,5,0,0,0,0,2,31,58,41,8,4,2,2,15,28,99,146,3,0,14,31,16,36,29,0,0,0,0,1,34,68,22,0,0,0,0,53,100,80,31,11,1,0,2,146,146,146,67,38,0,5,43,88,146,146
7,17,0,0,62,100,22,4,41,45,1,0,0,10,19,13,46,70,3,1,0,0,0,3,19,45,17,20,8,0,0,1,16,10,0,0,52,88,60,88,119,52,3,0,0,0,18,100,76,133,10,4,0,0,1,11,24,32,12,51,24,1,2,8,70,8,0,2,95,31,19,41,133,17,0,0,0,0,3,64,133,60,17,0,0,0,2,23,9,58,42,10,7,1,4,13,48,8,9,73,54,0,0,13,133,9,1,2,0,0,0,133,133,41,13,0,0,0,0,116,25,56,44,0,0,0,0,11
0,0,0,0,20,90,1,0,0,21,13,0,2,43,3,0,37,120,35,0,0,5,1,3,49,108,31,0,0,0,0,0,18,6,0,0,30,55,4,1,125,130,66,0,0,8,3,14,16,130,130,0,0,8,18,6,1,88,101,0,0,48,44,0,41,20,0,0,5,32,13,4,130,61,3,0,0,0,13,102,37,23,16,0,2,66,118,65,0,8,4,0,6,130,77,1,17,101,13,0,1,2,0,0,78,112,2,0,0,0,1,10,17,12,10,10,11,39,14,14,0,49,29,4,8,29,1,0
12,0,0,3,6,3,25,43,133,26,0,0,0,0,2,81,103,40,0,3,112,24,0,1,12,1,0,9,104,41,2,5,32,4,0,12,29,0,0,6,133,74,0,0,1,3,8,52,91,29,0,7,119,74,22,15,20,2,3,46,109,14,1,1,13,0,0,37,42,0,0,12,98,6,0,6,6,4,87,133,21,1,0,0,12,57,133,133,15,12,7,16,24,12,17,25,0,0,0,68,51,3,0,0,4,0,0,17,41,5,14,30,75,0,0,0,2,0,15,127,66,6,0,0,0,0,0,66
47,12,3,36,8,0,0,15,136,21,0,0,0,0,0,65,129,10,1,23,24,1,0,69,2,0,0,70,136,4,1,3,35,6,1,45,95,27,0,4,136,5,0,0,0,0,0,34,136,10,0,2,26,1,0,44,12,4,2,27,136,5,0,2,36,5,0,2,44,34,0,0,136,17,0,0,0,0,0,14,136,29,0,1,12,27,31,36,14,38,9,19,136,68,15,2,13,4,25,39,16,0,0,1,64,8,20,1,0,0,3,54,34,8,6,0,0,18,84,80,79,94,0,0,3,32,30,5
0,0,0,0,0,0,0,0,0,0,0,0,0,0,0,0,9,16,3,0,0,0,0,2,82,35,4,0,0,0,0,11,0,0,0,0,0,0,0,0,24,1,0,0,0,0,0,5,76,56,8,0,0,0,0,1,78,37,13,0,1,0,0,14,21,0,0,0,0,0,0,23,108,2,0,0,0,0,4,53,136,21,1,0,0,0,11,44,49,68,10,5,3,1,16,25,19,1,6,3,0,0,11,143,34,0,0,0,0,2,126,141,18,0,0,0,0,148,148,123,79,31,1,0,0,148,148,148
104,55,0,0,0,0,0,0,90,117,0,0,0,0,0,0,58,124,0,0,0,0,0,0,81,89,0,0,0,0,0,0,124,68,0,0,0,0,0,2,124,60,0,0,0,0,0,10,124,44,0,0,0,0,0,2,124,45,0,0,0,0,0,0,107,20,0,0,0,0,0,12,124,2,0,0,0,0,0,41,124,8,0,0,0,0,0,11,124,13,0,0,0,0,0,11,83,18,0,0,0,0,0,3,124,36,0,0,0,0,0,6,124,22,0,0,0,0,0,6,124,36,0,0,0,0,0,11
20,2,3,81,86,14,2,13,130,130,13,44,35,3,0,0,130,68,0,0,0,1,4,7,3,0,0,0,0,1,25,14,32,1,0,3,32,89,58,35,130,50,0,2,16,24,9,18,98,16,0,0,0,37,39,13,0,0,2,0,0,27,72,5,28,65,31,0,0,14,46,20,130,82,18,4,1,8,26,34,61,9,9,8,1,36,107,40,29,30,29,0,0,12,27,11,1,130,96,0,0,0,0,0,10,130,109,15,0,1,1,0,32,21,110,56,1,2,4,7,30,14,25,20,8,13,19,13
127,50,26,14,38,6,0,38,127,20,0,3,5,6,2,104,43,19,3,10,16,16,15,26,11,29,18,0,0,12,51,16,84,83,17,19,16,0,0,14,127,73,1,5,6,3,3,33,48,18,2,27,64,36,19,28,21,48,21,0,3,8,35,56,37,78,72,7,0,0,0,10,127,65,48,5,1,15,25,65,18,28,49,14,26,100,46,34,18,21,60,10,2,8,34,117,17,127,50,9,0,0,0,0,9,88,127,36,0,1,1,1,19,63,90,43,1,8,5,2,4,15,83,22,2,21,36,8
6,0,0,0,0,168,168,9,14,4,0,0,0,156,168,19,37,9,0,0,0,30,53,18,83,5,0,0,0,0,7,123,62,2,0,0,0,4,17,12,72,37,0,0,0,0,1,8,44,56,2,0,0,0,0,4,64,25,0,0,0,0,0,7,77,8,0,0,0,0,0,1,87,6,0,0,0,0,0,27,72,10,0,0,0,0,0,27,81,73,0,0,0,0,0,5,49,14,0,0,0,0,0,0,55,21,0,0,0,0,0,2,73,19,0,0,0,0,0,4,168,168,0,0,0,0,0,37
0,2,44,45,8,6,0,0,7,2,10,31,85,7,0,0,130,24,0,2,21,4,0,2,85,6,0,0,30,37,0,2,0,0,4,25,43,42,0,0,19,1,0,16,118,101,3,4,130,16,0,1,15,27,13,28,55,3,0,0,33,130,41,14,0,0,0,4,64,58,2,0,36,5,0,9,130,59,1,5,130,15,0,3,36,50,21,35,14,47,31,31,75,130,41,6,0,0,0,13,32,8,44,61,8,0,0,26,130,39,26,15,42,17,1,3,28,27,118,85,50,99,35,18,20,9,22,14
0,8,18,1,0,15,20,0,0,4,9,6,52,78,29,3,2,10,44,50,47,11,18,24,20,10,15,97,49,1,4,5,0,0,0,0,3,95,129,0,8,2,1,5,34,129,129,31,119,9,1,8,12,28,103,129,34,2,2,39,92,17,2,20,0,0,0,3,16,49,71,1,22,34,22,72,91,76,20,7,129,104,16,12,13,11,9,33,54,2,0,0,96,47,1,7,0,21,3,0,1,26,23,1,3,109,44,7,8,11,5,0,65,96,24,2,15,3,0,1,28,3,0,0,91,19,0,1
3,0,0,18,121,3,1,1,42,5,0,4,21,1,15,15,98,48,0,0,0,0,7,15,92,57,0,0,0,0,0,0,0,0,6,77,103,7,3,4,16,6,15,97,59,32,71,38,121,44,7,6,1,4,34,107,118,25,0,0,4,1,0,15,2,0,17,66,4,0,12,88,8,27,121,121,15,3,3,26,115,121,115,25,4,3,4,20,47,11,2,1,8,9,22,78,3,0,38,40,0,0,4,63,2,4,32,17,0,3,39,92,1,16,25,4,8,27,113,13,0,2,2,1,13,49,64,31
16,0,0,16,36,2,1,32,18,0,3,20,39,21,16,48,58,55,23,26,24,13,8,11,34,21,2,81,126,0,0,1,2,0,2,81,33,1,1,7,9,2,0,36,38,53,79,27,126,15,0,2,3,26,46,43,58,3,1,56,88,0,0,6,0,0,2,41,21,43,93,0,10,6,3,69,86,81,85,9,126,20,2,7,5,7,29,126,27,1,0,13,44,2,5,85,1,7,18,10,1,58,126,7,0,0,3,18,13,89,126,23,22,0,0,0,2,5,57,126,8,0,0,1,10,2,11,126
72,2,4,17,10,0,0,25,156,6,0,0,0,0,0,78,73,30,6,0,0,0,0,4,0,8,20,0,0,0,0,0,34,33,90,67,6,0,0,2,156,82,18,0,0,0,0,22,134,25,1,0,0,0,0,5,1,5,9,0,1,7,1,0,5,12,59,79,60,13,4,5,156,37,12,2,8,11,10,97,139,29,1,0,0,0,0,31,1,27,30,2,0,2,0,0,1,0,6,48,126,14,2,2,156,19,11,29,31,11,7,70,156,54,7,0,0,0,0,14,1,30,17,3,0,0,0,0
5,122,105,9,0,0,0,0,4,122,122,2,2,4,0,0,26,122,12,0,2,15,26,21,13,10,5,1,0,0,30,109,43,122,64,6,2,5,30,48,8,65,69,5,16,85,37,12,53,55,35,5,6,34,7,20,7,15,50,72,0,0,6,55,17,5,26,60,37,6,61,59,104,52,27,10,5,30,60,43,54,22,43,50,0,3,1,74,32,5,19,49,0,0,1,87,11,9,17,122,59,1,1,7,122,47,15,29,10,0,0,9,41,13,45,79,0,0,0,8,36,41,35,16,0,0,0,15
0,0,41,126,4,3,4,5,1,5,15,133,36,16,68,21,6,62,44,20,5,29,75,35,0,11,28,24,45,35,54,24,0,0,11,31,12,59,70,0,8,10,24,109,53,58,32,0,78,100,44,29,31,20,2,12,4,11,20,32,133,84,3,1,0,5,94,36,12,24,28,0,5,5,86,69,32,32,19,0,63,4,4,24,73,29,3,21,3,0,0,8,133,129,1,2,0,2,29,12,6,45,61,0,0,14,54,5,20,56,52,0,14,45,42,23,53,13,0,2,1,2,2,64,133,20,0,0
0,0,0,0,45,81,3,0,28,0,0,1,54,30,3,2,146,12,0,0,9,3,0,5,38,4,1,18,68,10,0,1,0,6,41,25,18,35,1,0,45,3,8,21,91,14,1,3,146,5,0,0,12,5,0,12,44,0,0,0,87,71,2,4,0,0,31,54,36,19,0,0,49,3,3,36,125,53,2,6,146,10,0,2,13,35,12,33,26,1,0,0,86,146,23,7,0,0,0,2,60,47,1,0,47,3,0,4,121,56,2,7,137,4,1,6,38,78,21,37,18,66,28,20,50,146,29,3
3,2,56,115,4,4,26,12,1,1,157,122,1,0,9,2,3,9,157,77,0,0,0,1,0,32,157,73,1,0,0,0,7,34,22,14,3,3,44,18,23,11,46,41,5,2,26,24,115,39,85,4,0,0,1,24,14,67,122,1,0,0,0,0,67,61,15,13,25,1,0,0,40,19,19,54,95,6,0,1,157,27,0,4,9,0,0,3,57,16,1,0,0,0,0,0,39,48,16,10,21,1,0,0,27,20,6,26,98,7,0,0,125,51,3,2,6,0,0,0,37,11,0,0,0,0,0,0
0,0,5,14,57,59,0,0,35,5,16,26,63,24,0,0,175,60,2,1,4,1,0,1,53,27,9,27,28,4,0,1,0,0,0,0,27,58,13,0,69,1,0,0,82,44,2,4,175,25,0,0,3,2,0,4,88,9,2,13,57,12,0,2,0,9,31,19,34,12,3,0,90,2,1,8,106,25,1,4,175,10,0,0,2,2,0,8,75,0,0,0,64,50,1,7,0,1,23,57,56,9,0,0,81,9,0,28,109,18,1,3,175,25,0,0,2,4,2,11,40,1,0,0,75,117,3,5
79,52,0,0,0,18,38,33,13,11,0,6,51,101,59,17,1,0,5,111,76,10,1,1,0,13,84,77,6,0,0,0,26,0,0,0,0,63,88,49,108,8,0,1,6,43,66,41,20,0,1,28,46,84,39,7,11,33,31,21,3,16,74,61,57,1,0,0,0,12,21,62,111,18,1,5,14,11,2,10,14,3,26,101,111,85,32,5,2,0,71,62,14,20,111,92,106,4,0,0,0,0,0,26,111,44,5,4,1,0,0,1,10,13,60,90,11,0,0,0,2,5,111,81,1,0,1,1
1,0,0,1,5,7,39,12,0,0,0,55,103,10,18,4,0,0,5,107,63,0,0,0,0,5,45,90,1,0,0,0,10,9,8,0,0,49,117,43,78,13,2,30,28,6,68,102,12,22,8,111,88,0,0,1,16,90,60,40,5,0,0,0,13,65,117,19,6,11,38,12,115,105,35,7,4,1,11,41,27,57,29,74,33,0,1,17,21,117,55,39,25,1,0,0,0,4,46,20,38,95,16,0,3,8,6,0,2,23,93,57,62,11,3,1,0,0,28,114,104,30,7,12,82,8,0,14
0,0,0,0,59,67,1,0,60,7,0,0,32,71,32,36,46,3,0,0,5,38,35,28,12,0,0,0,1,13,44,37,2,0,0,0,119,70,0,0,119,36,0,0,64,41,5,23,59,15,0,0,82,108,18,12,113,18,0,0,8,25,20,32,1,0,0,10,119,51,62,10,37,2,15,20,44,23,42,71,29,3,16,14,28,94,52,33,59,9,1,2,6,69,104,39,1,0,0,3,7,8,119,119,4,2,23,12,4,2,119,119,7,5,57,60,26,10,18,73,12,24,7,48,75,43,41,8
22,27,116,43,2,10,31,39,0,25,116,40,3,20,30,1,31,97,116,2,0,3,13,47,41,110,65,0,0,0,0,20,33,67,27,18,2,11,54,68,51,75,47,25,3,17,39,5,67,15,49,79,25,2,8,58,116,3,0,2,2,0,0,77,23,116,34,70,44,0,0,0,116,35,11,49,38,0,0,28,65,11,10,101,109,0,0,16,116,16,4,15,12,0,0,43,20,23,11,50,22,0,0,0,43,65,53,49,16,0,0,3,22,32,24,72,20,0,0,1,53,45,24,19,3,0,0,3
0,4,6,4,32,77,36,4,5,9,31,51,38,17,37,46,55,16,15,103,50,1,3,10,95,18,16,20,1,0,0,11,7,4,4,18,46,118,91,15,118,25,5,11,20,40,79,118,72,1,0,18,118,30,2,29,118,0,1,1,7,3,0,44,6,36,16,36,43,33,11,0,118,113,22,15,21,7,1,6,78,4,0,0,118,33,1,9,118,0,0,0,7,2,0,32,0,118,26,1,1,7,3,0,16,71,26,3,18,16,5,1,40,2,0,0,98,35,6,7,107,0,0,0,4,3,3,17
0,0,0,0,0,0,98,141,11,0,0,0,0,0,141,141,88,2,0,0,0,0,35,72,12,3,5,0,0,0,0,1,2,1,0,0,0,0,26,56,83,5,0,0,0,0,57,141,141,16,0,0,0,0,4,128,32,5,4,0,0,0,0,5,3,10,2,0,0,0,0,1,141,65,0,0,0,0,0,13,141,110,0,0,0,0,0,19,29,15,2,0,0,0,0,0,6,10,1,0,0,0,0,0,141,58,0,0,0,0,0,5,141,59,0,0,0,0,0,14,16,6,1,0,0,0,0,0
4,0,2,17,120,51,17,4,150,15,0,0,14,23,31,53,89,15,0,0,25,21,0,5,1,3,22,12,46,28,0,0,22,2,0,6,150,27,0,0,150,35,0,0,42,11,2,10,88,11,0,0,26,92,18,11,30,20,11,6,10,19,13,17,25,8,0,1,150,28,0,0,150,33,0,1,31,7,6,35,51,56,5,1,24,42,15,23,33,104,8,7,10,3,1,3,26,11,0,1,150,26,0,1,136,79,1,0,11,1,0,4,48,86,6,0,0,0,0,2,35,31,1,4,11,0,0,0
132,81,25,97,75,0,0,30,132,86,66,132,116,0,0,31,132,65,8,0,0,0,0,34,99,2,0,0,0,0,0,18,31,125,97,60,14,0,0,0,37,67,84,123,41,0,0,8,132,66,13,1,0,0,0,43,92,6,0,0,0,0,0,26,19,8,8,19,7,0,0,3,5,24,66,50,20,0,0,1,86,70,32,1,0,0,0,16,57,2,0,0,0,0,1,50,22,6,1,0,0,0,20,18,3,14,18,1,0,0,13,6,14,11,6,0,0,0,8,11,16,0,0,0,0,0,13,27
106,97,0,0,0,0,0,1,125,94,0,0,0,0,0,2,125,33,0,0,0,0,0,7,125,0,0,0,0,0,0,32,125,54,0,0,0,0,0,3,125,31,0,0,0,0,0,24,125,5,0,0,0,0,0,31,125,0,0,0,0,0,0,24,125,16,0,0,0,0,0,8,125,45,0,0,0,0,0,4,125,19,0,0,0,0,0,39,75,0,0,0,0,0,0,85,125,5,1,7,4,0,0,18,115,2,0,0,0,0,0,32,52,1,0,0,0,0,1,76,76,0,0,0,0,0,0,55
0,0,0,49,74,16,4,0,14,42,30,67,95,39,3,2,145,75,10,2,4,1,4,33,22,2,0,0,1,3,18,27,0,0,0,49,84,3,0,0,18,7,10,58,152,70,21,20,152,35,4,2,11,18,21,62,29,19,5,4,1,0,1,5,0,0,0,0,88,57,2,0,46,3,0,20,152,65,2,4,152,35,1,8,35,7,1,8,31,9,3,16,13,0,0,0,5,7,4,8,55,71,3,0,48,3,3,24,152,52,1,3,152,8,0,1,25,8,0,4,31,1,0,8,23,0,0,0
19,0,0,2,48,0,0,10,40,8,1,26,153,0,0,2,153,45,1,4,27,3,4,32,64,67,2,0,4,4,3,5,13,0,0,0,42,6,3,18,40,6,1,18,153,11,1,11,153,51,2,5,39,1,0,32,95,42,1,0,0,0,0,3,1,0,1,3,28,16,5,5,11,16,20,70,153,27,3,2,153,62,21,23,19,8,13,65,75,1,0,0,0,0,0,67,1,3,17,23,16,2,0,0,1,0,6,45,141,59,5,0,90,31,3,3,27,52,32,61,75,23,6,0,0,0,0,54
5,6,10,27,55,40,10,4,63,11,1,0,3,19,30,95,55,7,0,0,0,0,0,78,21,1,0,1,1,0,5,28,15,0,2,67,146,35,4,2,146,65,4,4,29,15,7,22,71,63,56,5,0,0,0,14,7,1,28,10,0,0,16,31,12,0,0,83,146,0,0,2,146,8,0,17,69,0,0,62,139,16,30,6,0,0,0,23,0,2,49,21,0,0,0,0,2,0,0,57,146,2,0,0,146,6,2,35,83,0,0,41,146,5,1,0,0,0,0,29,2,9,8,0,0,0,0,0
59,0,0,0,0,16,54,68,125,1,0,0,0,0,3,68,125,1,0,0,0,0,0,59,91,3,0,0,0,0,0,77,125,45,0,0,0,0,0,14,125,45,0,0,0,0,0,9,125,11,0,0,0,0,0,34,110,0,0,0,0,0,0,77,125,63,0,0,0,0,0,3,125,28,0,0,0,0,0,35,125,1,0,0,0,0,0,62,119,0,0,0,0,0,0,44,123,5,0,0,0,0,0,13,95,11,0,0,0,0,0,25,125,4,0,0,0,0,0,47,67,0,0,0,0,0,0,55
5,0,0,0,0,49,33,8,22,3,0,0,0,1,12,52,95,1,0,0,0,0,0,226,189,0,0,0,0,0,0,226,35,1,0,0,0,0,2,6,48,15,0,0,0,0,0,1,61,12,0,0,0,0,0,78,129,0,0,0,0,0,3,226,37,10,0,0,0,0,0,0,53,3,0,0,0,0,0,7,35,1,0,0,0,0,0,15,22,0,0,0,0,0,5,124,23,7,0,0,0,0,0,0,33,2,0,0,0,0,0,2,26,0,0,0,0,0,0,10,15,0,0,0,0,0,0,10
0,0,0,0,6,4,2,1,0,0,8,27,127,48,1,0,68,98,62,38,89,18,1,3,65,36,6,0,0,0,6,12,0,0,0,0,19,20,8,0,8,1,3,11,127,127,29,10,125,45,34,11,13,36,37,52,17,23,35,1,0,1,3,3,0,0,0,0,55,50,11,0,49,11,0,0,127,127,7,8,127,53,5,0,11,14,12,49,15,5,6,3,0,4,32,27,0,0,0,0,98,60,4,3,107,36,0,0,127,114,3,5,127,96,11,3,2,3,1,5,1,4,9,17,13,3,5,3
9,0,0,30,99,5,3,4,117,6,3,81,134,2,0,23,134,6,1,2,0,0,0,49,10,11,7,0,0,0,0,0,2,6,25,24,42,20,18,7,62,10,15,134,134,9,0,9,134,24,4,10,9,0,0,50,33,13,3,0,0,0,0,2,2,14,23,14,10,8,5,0,12,22,36,134,101,29,7,1,134,71,26,21,7,11,19,56,49,4,1,0,0,0,0,20,0,0,1,0,0,10,5,0,0,1,8,32,85,69,13,1,121,1,1,9,52,53,43,117,95,0,0,0,0,0,0,41
0,0,0,0,0,0,0,0,0,0,0,0,1,0,0,0,0,0,0,0,0,0,0,0,0,0,0,0,0,0,0,0,16,1,4,3,19,14,3,14,7,0,0,0,90,57,4,8,72,14,2,0,4,7,3,24,8,7,11,28,6,0,0,0,2,1,16,34,55,33,51,48,35,3,0,4,125,133,13,26,147,64,3,0,3,10,6,45,14,20,11,25,31,31,2,2,29,3,3,3,22,71,147,147,39,0,0,0,42,147,147,133,147,3,0,0,0,8,29,147,8,2,4,4,13,62,22,14
2,15,29,141,42,6,0,0,45,116,141,141,16,0,0,0,141,141,141,51,0,0,2,29,6,34,141,62,1,5,23,15,37,37,17,49,35,6,2,5,29,14,21,141,135,4,0,0,141,29,9,13,7,0,2,32,27,9,8,20,5,6,22,14,14,2,0,1,19,12,30,45,5,3,4,64,83,9,6,0,73,9,5,17,4,0,0,15,14,1,1,5,2,0,0,6,0,0,0,0,0,0,7,14,0,0,0,2,1,0,1,0,0,0,0,0,0,0,0,0,0,0,0,0,0,0,0,0
15,53,81,170,32,0,0,0,80,134,170,93,1,0,1,10,3,11,170,170,7,6,15,8,0,0,170,170,12,10,16,2,18,12,7,63,84,7,0,0,133,35,7,11,5,0,2,16,10,7,16,17,11,10,28,12,0,0,14,20,48,49,5,0,4,2,1,21,30,3,2,0,44,6,1,5,2,0,0,4,4,1,0,5,5,0,0,1,0,0,0,0,9,3,0,0,0,0,0,0,0,0,0,0,0,0,0,0,0,0,0,0,0,0,0,0,0,0,0,0,0,0,0,0,0,0,0,0
0,0,0,0,0,0,0,0,0,0,0,0,0,0,0,0,1,0,0,0,0,0,0,0,15,1,0,0,0,0,0,8,77,10,0,0,0,0,0,1,150,15,0,0,0,0,0,13,81,15,0,0,0,0,0,12,41,54,1,0,0,0,0,6,150,150,1,0,0,0,0,2,150,142,0,0,0,0,0,12,142,58,2,0,0,0,0,11,53,39,1,0,0,0,0,1,150,150,28,0,0,0,0,1,150,150,1,0,0,0,0,1,82,69,2,0,0,0,0,3,16,22,1,0,0,0,0,0
23,0,0,0,0,0,1,20,178,33,0,0,0,0,0,65,178,31,0,0,0,0,0,23,2,1,0,0,0,0,0,3,42,8,0,0,0,0,2,18,178,117,0,0,0,0,1,51,178,34,0,0,0,0,8,64,1,0,0,0,0,0,2,7,30,1,0,0,0,0,4,39,167,19,0,0,0,0,49,178,34,3,0,0,0,0,44,178,0,0,0,0,0,0,0,2,6,1,0,0,0,0,2,8,0,0,0,0,0,1,16,42,0,0,0,0,0,0,4,14,0,0,0,0,0,0,0,0
0,3,17,1,0,0,0,0,6,51,150,6,0,0,14,36,12,28,150,25,0,5,73,111,0,0,59,79,86,73,150,21,0,2,8,0,0,5,13,0,5,25,45,0,0,15,49,12,33,11,59,15,3,0,14,32,6,2,35,69,150,61,0,0,5,0,0,0,0,2,32,28,45,5,0,0,0,6,37,36,77,18,0,0,3,4,26,31,7,3,0,106,150,41,20,3,33,1,0,0,0,0,5,33,44,1,0,0,0,4,28,43,8,0,0,0,3,43,94,23,0,0,0,8,98,134,71,2
67,3,4,3,3,37,15,60,136,10,1,0,0,0,0,131,26,9,9,3,7,1,0,12,0,0,3,6,14,1,0,0,35,18,74,65,1,1,0,11,136,38,8,3,0,0,0,71,85,1,0,2,5,1,15,22,0,0,6,7,6,4,12,0,5,11,136,136,0,0,0,0,136,68,111,57,0,0,3,20,35,29,48,5,0,0,47,33,0,1,23,27,3,18,59,2,0,0,97,97,0,0,0,0,2,16,136,64,0,0,0,0,1,37,136,25,0,0,0,1,0,1,98,86,1,1,1,0
89,73,0,0,0,0,0,0,124,89,0,0,0,0,0,1,104,124,29,0,0,0,0,3,4,34,102,17,0,0,0,0,57,124,0,0,0,0,0,0,124,73,0,0,0,0,0,13,124,25,2,0,0,0,1,77,27,8,19,11,1,1,13,37,62,95,0,0,0,0,0,0,96,118,0,0,0,0,0,1,124,44,0,0,0,0,2,56,37,31,2,0,0,0,13,61,30,96,1,0,0,0,0,0,51,117,0,0,0,0,0,0,52,124,1,0,0,0,0,2,15,109,26,0,0,0,0,1
40,1,0,0,0,0,0,8,76,4,0,0,0,0,0,8,85,1,0,0,0,0,0,62,43,7,1,0,0,0,0,71,55,15,0,0,0,0,0,6,91,4,0,0,0,0,0,8,89,3,0,0,0,0,0,24,75,3,0,0,0,0,0,63,45,21,0,0,0,0,2,7,88,7,0,0,0,0,0,3,83,15,0,0,0,0,0,7,95,204,35,0,0,0,0,7,27,1,0,0,0,0,7,37,72,41,6,0,0,0,1,17,40,225,69,0,0,0,0,0,124,225,54,0,0,0,0,0
105,9,0,0,0,0,0,10,126,2,0,0,0,0,0,24,115,5,0,0,0,0,0,38,42,8,0,0,0,0,4,93,123,1,0,0,0,0,0,42,126,1,0,0,0,0,0,26,126,40,0,0,0,0,0,5,42,104,4,0,0,0,0,2,126,0,0,0,0,0,0,58,126,6,0,0,0,0,0,24,126,30,0,0,0,0,0,36,76,85,6,0,0,0,5,28,105,0,0,0,0,0,0,66,72,0,0,0,0,0,4,121,79,0,0,0,0,0,4,126,24,1,0,0,0,0,47,126
1,1,1,0,11,73,66,13,19,1,3,10,1,8,64,95,14,0,1,22,11,1,9,53,13,0,0,66,122,11,3,14,9,11,11,67,122,90,36,15,122,57,10,11,5,11,37,119,82,4,2,19,32,9,8,27,37,0,0,45,122,1,0,8,2,12,61,67,68,82,8,3,68,73,92,9,2,7,36,98,47,58,31,0,7,15,43,69,41,28,12,69,78,1,1,5,0,12,122,16,6,9,0,0,2,53,122,0,0,0,1,2,5,64,85,0,0,0,0,3,3,23,14,11,0,0,0,0
3,1,0,0,0,0,0,0,142,30,0,0,0,0,0,0,142,48,0,0,0,0,0,0,134,51,0,0,0,0,0,0,5,4,0,0,0,0,0,0,142,66,0,0,0,0,0,6,142,41,0,0,0,0,0,8,142,18,0,0,0,0,0,16,9,0,0,0,0,0,0,4,142,5,0,0,0,0,0,49,142,10,0,0,0,0,0,35,142,25,0,0,0,0,0,18,14,0,0,0,0,0,0,1,142,7,0,0,0,0,0,12,142,18,0,0,0,0,0,14,142,32,0,0,0,0,0,4
0,0,0,1,40,108,43,8,1,1,14,8,5,14,108,108,0,0,14,9,0,0,103,91,8,10,13,0,0,0,24,39,9,15,32,23,45,108,19,14,108,26,68,37,6,6,21,50,26,29,88,82,6,11,72,62,82,65,13,3,0,0,22,56,46,78,31,51,77,10,2,6,108,13,9,37,62,35,20,45,97,58,16,18,14,94,28,23,72,71,5,0,0,0,1,4,103,15,2,43,47,6,26,24,12,30,46,88,36,14,24,28,57,108,18,1,0,14,12,5,22,33,0,0,0,0,0,0
119,51,16,10,1,0,0,6,154,14,1,0,0,0,0,46,85,14,2,0,0,0,3,58,8,2,0,1,5,12,37,20,27,76,138,29,25,6,0,2,154,30,12,7,11,4,0,19,127,19,0,0,0,0,2,16,7,0,2,5,7,4,9,10,13,4,26,26,154,46,3,4,154,1,0,1,33,22,5,30,130,7,2,0,0,0,1,5,3,3,4,0,0,0,2,3,17,0,0,23,154,17,4,2,154,12,0,4,43,4,0,15,112,19,2,0,0,0,0,2,0,7,17,1,0,0,0,0
15,9,62,127,23,0,0,4,72,75,112,28,1,0,0,33,127,44,7,0,0,0,0,22,67,2,0,0,0,0,0,3,14,5,51,34,8,11,23,40,9,18,87,25,52,59,19,21,127,21,5,0,5,13,9,40,87,6,0,0,0,0,0,3,1,0,1,1,47,117,104,60,61,5,0,0,19,86,127,67,127,39,0,0,1,9,6,14,63,10,0,0,0,12,15,4,16,0,0,0,46,123,26,22,127,16,0,0,0,3,27,51,127,23,0,0,0,0,5,24,15,6,7,2,1,22,26,10
0,0,0,0,3,107,26,0,1,1,2,2,14,100,50,20,10,30,57,16,16,22,7,26,0,9,47,87,67,6,0,0,0,0,0,0,20,108,106,25,17,1,0,0,47,124,82,74,116,18,4,1,8,10,24,124,13,13,25,28,44,13,3,16,0,0,0,14,15,68,113,24,117,19,0,0,10,123,65,18,124,69,0,0,6,19,5,28,15,3,0,0,14,35,6,23,0,0,1,92,72,12,5,0,124,7,0,3,26,21,5,21,124,10,0,0,6,13,2,40,10,2,1,2,9,20,3,8
88,0,0,0,0,0,0,54,122,3,0,0,0,0,0,75,122,19,0,0,0,0,0,29,109,51,0,0,0,0,0,5,122,13,0,0,0,0,0,27,122,48,0,0,0,0,0,16,122,53,0,0,0,0,0,19,122,15,0,0,0,0,0,53,122,43,0,0,0,0,0,4,122,17,0,0,0,0,0,45,122,3,0,0,0,0,0,98,96,0,0,0,0,0,0,77,85,4,0,0,0,0,0,58,73,0,0,0,0,0,0,104,86,0,0,0,0,0,0,102,92,1,0,0,0,0,0,51
23,3,0,0,79,110,17,25,129,52,1,0,0,3,5,37,25,87,15,9,2,0,0,0,31,48,16,11,2,0,0,0,66,17,3,70,110,22,0,7,134,74,2,1,0,0,0,29,55,78,51,3,1,0,0,4,18,69,59,4,1,0,0,1,21,6,90,134,17,0,0,5,134,93,110,38,0,0,0,53,117,99,28,0,0,0,0,12,1,49,30,0,0,0,0,0,0,0,72,93,0,0,0,0,8,65,134,30,0,0,0,0,14,69,21,0,0,0,0,0,1,7,0,0,0,0,0,0
7,1,0,0,0,2,15,72,1,0,0,0,0,16,64,40,5,0,0,0,0,1,25,46,1,0,0,0,0,0,0,2,3,1,0,0,0,33,85,38,20,0,0,0,0,130,130,60,130,4,0,0,0,15,42,130,21,0,0,0,0,0,0,7,0,1,7,4,10,92,123,3,85,69,9,0,0,104,79,12,130,117,0,0,0,5,4,22,26,5,0,0,0,0,0,0,0,24,130,29,11,13,5,0,28,130,130,0,0,1,4,0,78,130,9,0,0,0,0,0,4,2,0,0,3,2,0,0
9,0,0,8,122,104,12,22,52,8,15,28,8,14,8,57,6,72,64,16,0,0,0,0,29,39,50,4,0,1,3,6,29,0,0,0,85,144,14,28,144,30,7,1,3,12,5,96,53,130,45,1,0,0,0,2,3,44,58,22,3,0,0,0,26,32,10,8,101,34,0,2,144,98,3,0,2,0,0,20,139,54,3,0,0,0,0,4,9,22,2,5,20,7,0,0,2,127,59,35,15,3,0,0,65,144,29,0,0,0,0,0,36,70,1,0,0,2,2,1,0,6,0,0,26,35,0,0
52,10,0,0,0,0,0,1,58,17,0,0,0,0,0,4,149,30,0,0,0,0,0,30,195,195,0,0,0,0,29,195,51,0,0,0,0,0,0,30,61,3,0,0,0,0,0,39,104,4,0,0,0,0,0,50,97,1,0,0,0,0,67,195,64,12,0,0,0,0,0,15,74,35,0,0,0,0,0,8,92,23,0,0,0,0,0,7,78,2,0,0,0,0,0,23,64,9,0,0,0,0,0,9,49,8,0,0,0,0,0,28,51,1,0,0,0,0,0,31,45,0,0,0,0,0,0,24
117,0,0,0,0,0,0,37,109,0,0,0,0,0,0,49,98,2,0,0,0,0,0,67,83,14,0,0,0,0,0,44,106,0,0,0,0,0,0,108,122,3,0,0,0,0,0,92,122,33,0,0,0,0,0,24,122,56,0,0,0,0,0,12,122,6,0,0,0,0,0,45,122,37,0,0,0,0,0,24,122,21,0,0,0,0,0,47,90,3,0,0,0,0,0,88,122,12,0,0,0,0,0,8,122,5,0,0,0,0,0,68,76,0,0,0,0,0,0,95,58,0,0,0,0,0,0,79
117,19,0,0,0,0,0,12,123,11,0,0,0,0,0,18,123,9,0,0,0,0,0,13,102,5,0,0,0,0,0,16,123,0,0,0,0,0,0,57,123,2,0,0,0,0,0,57,123,14,0,0,0,0,0,57,123,38,0,0,0,0,0,15,123,20,0,0,0,0,0,13,123,52,0,0,0,0,0,11,123,73,0,0,0,0,0,11,123,43,0,0,0,0,0,19,123,28,0,0,0,0,0,5,123,41,0,0,0,0,0,18,123,9,0,0,0,0,0,50,87,0,0,0,0,0,0,47
0,0,36,24,22,18,1,0,0,0,13,23,92,91,25,4,0,0,10,20,15,45,125,0,1,0,0,3,5,17,105,24,1,0,4,5,49,125,6,2,42,30,26,11,61,125,11,10,5,13,37,68,120,10,2,0,15,6,0,9,62,7,10,11,19,0,0,2,125,125,8,8,125,9,1,4,29,36,10,31,24,3,1,30,125,7,0,1,37,12,0,8,83,3,0,13,15,1,1,53,125,17,0,1,125,3,1,11,17,2,1,66,20,0,0,31,125,20,3,25,5,0,0,12,83,15,1,13
83,15,1,13,5,0,0,12,125,20,3,25,20,0,0,31,17,2,1,66,125,3,1,11,125,17,0,1,15,1,1,53,83,3,0,13,37,12,0,8,125,7,0,1,24,3,1,30,29,36,10,31,125,9,1,4,125,125,8,8,19,0,0,2,62,7,10,11,15,6,0,9,120,10,2,0,5,13,37,68,61,125,11,10,42,30,26,11,49,125,6,2,1,0,4,5,5,17,105,24,1,0,0,3,15,45,125,0,0,0,10,20,92,91,25,4,0,0,13,23,22,18,1,0,0,0,36,24
0,0,0,0,0,0,111,119,10,0,0,0,0,0,53,134,18,0,0,0,0,0,1,106,1,0,0,2,0,0,0,2,6,0,0,0,0,0,8,28,89,7,0,0,0,0,6,134,134,14,0,0,0,0,0,134,21,2,0,0,0,0,0,7,12,0,0,0,0,0,0,4,134,77,0,0,0,0,0,10,134,131,0,0,0,0,6,23,20,6,0,0,0,0,12,6,10,0,0,0,0,0,0,5,134,13,0,0,0,0,11,63,84,16,0,0,0,0,134,97,10,0,0,0,0,0,123,74
49,33,0,0,0,0,0,0,130,68,0,0,0,0,0,1,130,75,0,0,0,0,0,3,130,50,0,0,0,0,0,0,66,29,0,0,0,0,0,1,130,33,0,0,0,0,0,18,130,6,0,0,0,0,0,36,130,7,0,0,0,0,0,16,40,6,0,0,0,0,0,1,130,33,0,0,0,0,0,5,130,76,0,0,0,0,0,8,130,81,0,0,0,0,0,6,9,5,0,0,0,0,0,0,130,62,0,0,0,0,0,1,130,102,0,0,0,0,0,5,128,58,0,0,0,0,0,8
72,81,0,0,0,0,0,0,120,92,0,0,0,0,0,0,102,80,0,0,0,0,0,0,59,68,0,0,0,0,0,0,123,23,0,0,0,0,0,8,123,31,0,0,0,0,0,5,123,39,0,0,0,0,0,4,123,27,0,0,0,0,0,7,123,4,0,0,0,0,0,22,123,16,0,0,0,0,0,29,123,31,0,0,0,0,0,19,113,68,0,0,0,0,0,6,101,54,0,0,0,0,0,1,123,89,0,0,0,0,0,2,113,91,0,0,0,0,0,3,95,63,0,0,0,0,0,7
14,1,0,19,81,9,4,25,131,25,12,8,28,1,1,73,23,6,9,114,131,1,0,5,6,4,22,72,57,0,0,9,15,6,1,16,116,32,11,5,131,37,1,4,27,5,2,41,47,2,3,96,131,20,2,8,0,6,82,131,27,0,0,0,37,3,0,3,15,39,61,56,131,16,0,0,3,29,33,87,16,0,0,11,40,118,65,32,3,0,12,38,42,31,11,16,27,2,6,39,22,5,13,39,17,0,0,0,0,28,87,86,22,0,0,0,0,58,52,54,30,1,8,23,35,11,2,38
1,0,0,13,22,19,147,147,28,0,0,0,0,0,45,147,10,0,0,0,0,0,0,24,0,0,3,3,1,0,0,0,28,3,0,36,147,13,16,56,147,19,0,0,4,1,8,147,106,1,0,0,0,0,5,39,0,0,0,0,0,2,9,0,30,41,18,61,108,11,0,0,147,143,9,6,2,0,0,6,96,7,0,0,0,0,10,30,0,0,0,0,0,0,18,9,22,72,19,15,16,7,0,0,115,112,3,1,0,0,4,9,23,4,0,0,0,0,25,36,0,0,0,0,0,0,13,23
0,0,0,6,1,0,41,109,0,0,4,45,19,24,36,19,0,1,3,61,113,54,1,0,0,4,60,80,99,5,0,0,7,6,3,3,9,36,113,113,80,18,2,6,19,33,113,113,21,7,5,22,113,75,4,11,40,25,74,49,16,7,7,32,10,83,108,30,15,24,17,9,102,113,27,1,12,44,30,30,17,73,37,12,85,59,8,5,19,63,51,22,12,2,5,18,0,24,37,7,0,41,31,3,10,92,4,0,0,49,38,1,21,113,9,4,3,8,5,0,6,31,23,36,22,0,0,0
3,0,0,0,24,33,14,23,1,25,6,1,77,98,0,0,2,88,12,1,20,74,9,0,2,15,7,0,1,46,93,11,11,0,1,4,20,99,36,36,95,45,5,6,36,77,13,14,16,38,37,69,119,119,13,3,31,51,64,18,14,59,50,16,7,5,19,54,30,37,48,13,119,25,2,24,20,15,8,50,42,51,119,89,41,1,1,17,3,31,119,75,2,0,0,0,14,0,0,3,6,16,119,63,119,19,0,1,4,8,26,104,53,30,11,1,0,0,15,77,1,1,29,18,0,0,13,27
2,17,18,4,41,39,32,10,26,8,3,4,17,28,49,50,2,1,3,50,96,50,2,1,4,33,10,19,21,14,3,0,16,0,1,55,132,20,6,7,132,34,18,27,34,6,7,40,31,19,37,132,28,0,0,1,27,27,17,117,15,0,0,6,9,13,14,132,112,1,1,1,132,48,20,67,51,0,0,29,117,18,16,132,22,0,0,7,8,20,62,132,31,0,0,2,2,4,19,42,35,11,11,1,80,48,31,39,26,18,17,39,93,9,1,17,42,2,3,50,12,12,21,28,61,2,0,2
19,3,9,55,61,2,2,41,25,37,38,34,19,2,2,26,37,3,6,16,0,0,2,70,24,0,0,0,0,3,16,31,80,1,1,9,45,31,17,126,121,31,16,28,27,22,11,32,34,11,20,118,6,0,1,22,10,0,0,13,1,6,22,42,126,2,0,54,37,6,13,126,126,19,2,4,6,4,6,61,58,5,5,124,10,0,0,21,8,0,1,102,10,0,0,13,93,2,2,126,90,0,0,73,126,5,0,2,1,0,2,126,37,0,0,15,2,0,7,93,1,0,1,77,24,1,3,11
0,0,2,24,92,9,0,0,77,1,0,36,112,18,12,26,130,34,28,36,4,0,1,21,1,3,18,130,15,0,0,0,7,22,13,55,38,1,1,1,80,8,9,130,130,0,0,12,130,33,15,28,5,0,0,44,26,6,15,130,14,0,0,1,17,29,7,14,13,7,15,5,14,23,38,130,86,12,7,1,130,77,30,23,4,4,9,45,52,2,2,39,52,0,0,21,5,14,36,3,0,2,5,1,0,4,30,55,64,22,6,0,75,3,2,13,51,35,36,109,74,0,0,4,27,12,3,60
2,3,1,6,64,70,1,2,45,2,2,27,153,40,0,5,153,3,0,2,24,4,0,14,27,1,0,8,31,0,0,0,10,45,13,18,43,31,4,3,55,22,8,61,153,1,0,2,153,8,1,6,46,1,2,38,34,0,0,1,35,18,6,13,70,27,2,5,32,2,11,12,18,23,23,89,153,8,2,1,150,60,26,23,18,3,14,45,14,0,2,0,4,19,47,28,63,6,0,1,17,6,3,62,7,1,3,14,153,91,20,17,87,12,8,3,15,26,28,73,12,5,14,5,4,15,11,9
4,13,17,11,2,3,10,6,2,10,20,49,94,18,12,4,116,130,30,27,23,2,3,8,34,24,2,49,59,5,0,0,7,24,40,28,18,0,0,0,17,3,12,37,151,73,25,18,151,28,4,2,15,26,25,65,41,5,6,11,69,36,1,2,31,17,3,6,54,5,0,0,63,7,1,8,151,52,1,3,151,28,0,0,34,30,11,28,34,26,7,6,14,43,18,12,22,0,0,0,56,13,0,5,48,18,0,2,151,43,0,0,151,70,0,1,15,6,3,19,34,89,3,4,5,5,2,3
14,11,1,14,111,48,4,2,49,60,42,41,72,24,13,16,80,31,4,0,0,4,29,52,0,0,0,0,33,44,25,8,18,0,0,0,130,130,21,20,130,23,6,2,29,73,42,75,46,18,25,17,4,13,17,25,0,0,2,2,57,57,23,10,37,8,0,0,130,130,13,15,130,42,0,0,26,25,8,27,42,4,3,8,7,54,33,18,0,0,0,7,84,100,16,0,23,39,29,43,64,32,2,1,130,105,10,1,3,1,1,3,11,15,10,9,5,2,3,3,0,0,3,18,130,20,0,0
0,0,0,0,35,13,16,5,39,0,0,0,157,36,1,8,157,15,2,1,36,7,1,21,18,6,4,11,21,1,1,1,0,0,1,7,29,25,46,23,58,1,0,0,157,84,12,3,157,3,0,0,50,6,1,28,28,0,0,1,39,11,4,8,0,0,1,45,73,20,8,1,27,26,14,68,157,68,5,2,157,52,8,6,14,4,5,48,21,1,0,1,20,11,15,27,2,0,0,32,58,2,0,1,11,4,4,51,149,27,5,9,157,20,2,3,19,12,7,38,22,9,1,4,12,3,1,4
3,0,0,12,61,8,2,5,55,15,11,66,116,7,3,15,114,8,2,1,1,2,5,101,29,0,0,3,5,0,0,49,11,6,15,35,26,1,0,2,20,2,7,77,145,39,10,12,145,50,5,3,23,17,14,80,48,22,17,2,0,0,4,47,38,12,8,15,12,0,0,5,33,2,3,116,145,1,0,4,145,34,6,20,70,0,0,46,54,21,47,10,0,0,0,8,24,0,0,1,4,1,2,13,11,1,0,62,145,8,3,5,145,8,2,38,79,0,0,34,96,11,5,0,0,0,0,10
0,0,3,11,52,61,4,1,55,0,0,22,147,41,0,12,147,7,2,1,14,2,5,47,7,3,9,2,0,1,4,3,3,7,13,36,40,11,2,1,58,1,2,101,147,1,0,2,147,15,3,10,29,0,0,18,23,7,14,5,1,0,0,2,5,6,2,6,18,49,78,3,26,11,4,49,147,106,33,5,147,43,3,13,25,5,6,40,28,1,0,1,2,6,20,11,0,0,0,0,0,93,112,0,16,12,2,0,6,128,53,19,112,36,1,0,1,5,11,96,20,21,2,0,0,1,17,21
0,1,21,13,7,10,4,0,0,0,9,68,120,39,1,0,2,60,55,28,49,27,8,0,0,62,115,0,0,1,1,0,3,2,12,4,23,4,1,1,23,2,4,13,147,84,3,6,147,112,54,6,32,23,4,14,15,52,147,4,1,3,0,1,1,0,0,0,28,16,15,8,55,1,0,0,147,75,2,3,147,12,0,0,32,8,2,29,32,6,5,2,5,10,11,20,0,1,11,11,30,6,3,2,50,16,2,18,147,25,0,0,147,92,3,0,16,1,0,8,18,51,12,4,4,1,4,9
1,0,0,0,0,1,46,85,98,1,0,0,0,0,12,129,65,18,1,0,0,0,0,12,0,16,8,0,0,0,0,0,49,0,0,0,0,0,36,75,177,25,0,0,0,0,5,93,154,53,1,0,0,0,0,5,0,27,11,0,0,0,0,0,68,11,0,0,0,0,0,7,177,5,0,0,0,0,0,49,177,32,1,0,0,0,0,9,0,26,6,0,0,0,0,0,39,8,0,0,0,0,0,2,177,1,0,0,0,0,0,67,168,8,0,0,0,0,15,61,2,8,1,0,0,0,21,8
0,2,8,5,5,7,7,0,3,11,14,60,116,32,9,2,139,115,17,22,22,3,3,9,45,27,3,0,0,0,0,0,0,0,1,7,15,8,5,0,20,2,3,15,145,125,34,21,164,25,2,2,11,27,29,81,60,10,1,0,0,0,0,1,0,0,0,3,29,4,0,0,74,8,0,5,164,69,2,4,164,53,0,0,30,11,2,9,55,7,0,0,0,0,0,0,0,0,0,0,4,2,0,0,95,10,0,0,105,59,2,3,164,47,0,0,9,4,0,1,32,6,0,0,0,0,0,0
16,2,0,0,0,0,0,0,186,105,0,0,0,0,0,15,77,47,30,28,7,0,0,4,2,4,17,89,186,30,1,0,0,0,0,0,0,0,0,0,31,39,0,0,0,0,0,2,133,26,3,4,16,0,0,4,21,5,3,28,186,5,0,0,0,0,0,0,0,0,0,0,10,0,0,0,0,0,0,3,79,5,2,1,12,9,11,44,12,2,2,21,186,56,10,8,0,0,0,0,0,0,0,0,0,0,0,0,0,0,0,0,3,16,43,12,4,4,6,13,1,5,29,129,186,24,5,2
0,0,0,0,0,0,16,14,90,29,0,0,0,0,11,29,174,128,0,0,0,0,0,42,69,28,0,0,0,0,0,7,1,0,0,0,0,0,3,19,174,10,0,0,0,0,0,42,174,44,0,0,0,0,0,42,65,9,0,0,0,0,0,7,2,0,0,0,0,0,4,16,174,24,0,0,0,0,0,36,174,41,0,0,0,0,3,112,40,0,0,0,0,0,2,37,1,0,0,0,0,0,8,10,48,0,0,0,0,0,6,89,53,0,0,0,0,0,26,174,1,0,0,0,0,0,3,27
130,7,0,0,0,0,0,7,130,3,0,0,0,0,0,40,130,9,0,0,0,0,0,76,56,16,4,0,0,0,6,88,130,10,0,0,0,0,0,4,130,14,0,0,0,0,0,9,130,6,0,0,0,0,0,39,104,4,0,0,0,0,3,85,130,4,0,0,0,0,0,11,130,12,0,0,0,0,0,11,130,20,0,0,0,0,0,4,130,23,0,0,0,0,0,3,68,7,0,0,0,0,0,1,124,28,0,0,0,0,0,0,130,44,0,0,0,0,0,0,66,85,4,0,0,0,0,0
0,0,0,0,5,45,13,0,0,0,0,0,0,30,91,5,0,0,0,0,0,2,89,36,0,0,0,0,4,20,26,28,0,2,1,1,69,52,4,0,7,4,2,8,104,126,101,27,102,16,1,3,6,26,99,126,21,2,0,3,76,27,10,44,1,0,5,29,94,42,11,2,22,22,46,64,126,97,14,8,126,86,33,14,15,8,13,76,43,14,2,9,106,11,7,18,0,0,42,68,18,6,0,0,3,3,126,82,16,12,0,0,29,50,126,11,0,0,1,21,13,46,44,37,30,0,2,7
1,0,1,6,10,68,49,8,3,0,0,13,14,80,126,4,32,18,1,0,0,10,126,53,31,6,1,0,0,0,29,57,49,3,14,38,48,30,8,25,21,8,15,104,126,61,47,21,126,70,11,8,16,14,33,89,102,17,5,2,1,1,1,21,105,8,8,26,24,0,1,28,6,27,98,126,108,7,2,5,97,126,99,27,6,3,1,15,63,55,5,0,0,2,0,3,50,54,30,19,0,0,0,4,0,6,90,27,0,0,0,0,0,37,87,2,0,0,0,0,3,40,14,0,0,0,0,0
79,12,0,0,0,0,0,9,130,6,0,0,0,0,0,12,130,6,0,0,0,0,0,16,130,11,0,0,0,0,0,17,116,0,0,0,0,0,0,18,130,11,0,0,0,0,0,11,130,21,0,0,0,0,0,6,130,9,0,0,0,0,0,22,108,0,0,0,0,0,0,36,130,2,0,0,0,0,0,40,130,14,0,0,0,0,0,9,130,56,0,0,0,0,0,0,98,0,0,0,0,0,0,23,130,0,0,0,0,0,0,34,130,7,0,0,0,0,0,44,130,24,0,0,0,0,0,48
68,15,0,0,0,0,0,0,104,21,0,0,0,0,0,8,126,84,0,0,0,0,58,126,25,55,11,2,0,30,126,74,39,104,52,1,0,0,0,0,93,63,44,11,2,0,0,0,126,89,1,0,0,0,2,17,39,47,13,5,11,13,13,9,36,68,47,3,2,9,49,89,31,13,37,23,21,45,52,28,126,3,0,1,1,1,32,126,25,2,0,0,2,21,114,62,18,5,0,0,0,2,45,89,23,0,0,0,0,10,47,66,73,1,0,0,0,0,6,89,79,16,0,0,0,0,14,37
122,39,0,1,45,7,7,92,81,52,3,1,50,80,33,84,40,127,36,8,26,36,1,0,10,67,98,18,5,0,0,0,105,19,4,12,57,15,4,63,129,71,9,0,3,6,11,74,75,129,15,2,3,2,4,9,7,23,8,25,24,5,6,1,60,47,63,78,12,0,0,1,129,42,13,1,0,0,0,41,101,16,0,0,1,4,16,45,1,0,0,3,6,13,31,6,1,15,113,70,38,5,0,0,129,15,20,10,32,8,1,24,99,3,0,0,0,0,1,12,0,0,1,1,1,2,1,1
24,3,0,10,33,9,56,131,81,2,0,0,0,0,6,131,29,0,0,26,35,2,0,19,0,0,4,45,72,1,0,0,38,14,11,125,79,2,9,59,131,36,6,4,0,0,2,131,92,1,0,0,25,44,10,22,1,3,7,8,55,30,1,1,13,55,68,131,64,0,0,0,131,131,77,7,1,3,6,11,42,4,1,4,7,70,38,13,1,0,0,0,7,47,28,10,16,26,18,77,48,6,4,3,16,30,28,6,12,57,94,18,0,1,1,18,16,19,102,43,0,0,1,7,27,49,41,6
0,0,0,1,29,120,8,0,35,12,2,2,14,120,59,10,13,10,10,35,75,48,12,2,17,9,0,4,36,17,33,26,4,2,0,1,120,120,3,0,120,46,0,2,60,53,9,13,34,13,0,2,120,64,0,3,77,75,0,0,46,23,1,18,6,1,1,1,102,120,28,1,120,10,0,1,35,32,7,46,15,1,0,1,120,111,7,13,103,18,0,0,25,22,4,63,2,12,92,34,1,32,14,0,29,60,46,21,14,6,1,4,3,7,7,67,75,16,0,1,71,53,7,11,7,2,0,1
9,0,0,0,28,22,30,49,37,2,0,5,16,21,19,83,10,17,1,13,37,51,41,2,31,125,23,0,0,5,37,3,47,11,2,44,61,10,2,9,125,46,7,29,15,0,0,15,58,18,6,88,88,1,0,11,125,69,3,1,4,0,0,34,39,5,7,93,106,27,0,2,125,10,1,7,22,1,0,25,64,35,8,37,125,3,0,10,125,113,3,3,11,0,0,18,21,3,9,23,90,40,0,0,118,11,9,1,5,3,9,40,51,112,14,12,36,7,11,15,51,125,4,1,0,0,3,7
102,0,0,0,0,0,0,21,118,3,0,0,0,0,0,36,122,11,0,0,0,0,0,31,122,9,0,0,0,0,1,122,122,4,0,0,0,0,0,47,122,32,0,0,0,0,0,17,122,52,0,0,0,0,0,13,122,17,0,0,0,0,0,23,122,19,0,0,0,0,0,15,122,13,0,0,0,0,0,49,122,4,0,0,0,0,0,83,114,0,0,0,0,0,0,56,87,1,0,0,0,0,0,55,85,0,0,0,0,0,0,82,102,0,0,0,0,0,0,68,96,0,0,0,0,0,0,45
1,13,2,0,0,0,0,0,0,27,21,0,0,0,0,0,23,65,38,0,0,0,0,0,141,140,2,0,0,0,0,0,23,26,1,0,0,0,0,0,103,141,103,0,0,0,0,7,19,141,141,0,0,0,0,1,39,141,39,0,0,0,0,0,35,26,0,0,0,0,0,3,141,98,9,0,0,0,0,61,117,53,67,0,0,0,0,21,1,21,16,0,0,0,0,0,55,33,0,0,0,0,0,5,141,141,0,0,0,0,0,29,54,41,0,0,0,0,6,9,0,0,0,0,0,0,3,2
7,0,0,0,0,0,52,104,118,5,0,0,0,0,13,141,65,2,0,0,0,0,0,51,1,0,4,1,0,0,0,0,41,4,0,0,0,0,0,13,141,74,0,0,0,0,9,67,126,26,0,0,0,0,61,50,1,0,0,0,1,3,12,19,28,0,0,0,0,0,0,20,114,6,0,0,0,0,99,141,27,1,0,0,0,0,141,141,17,0,0,0,1,12,85,141,3,0,0,0,0,0,0,12,4,0,0,0,0,0,17,29,10,0,0,0,0,0,33,90,6,0,0,0,0,7,136,95
114,23,0,0,0,0,0,0,122,30,0,0,0,0,0,3,116,36,0,0,0,0,0,4,123,71,0,0,0,0,0,23,123,1,0,0,0,0,0,26,123,3,0,0,0,0,0,39,123,16,0,0,0,0,0,36,123,15,0,0,0,0,0,71,123,5,0,0,0,0,0,49,123,28,0,0,0,0,0,19,123,56,0,0,0,0,0,12,123,27,0,0,0,0,0,13,123,16,0,0,0,0,0,9,123,14,0,0,0,0,0,32,105,2,0,0,0,0,0,61,90,0,0,0,0,0,0,43
56,23,0,0,0,0,0,1,82,20,0,0,0,0,0,1,86,16,0,0,0,0,0,4,90,160,0,0,0,0,0,0,82,17,0,0,0,0,0,1,95,27,0,0,0,0,0,3,116,33,0,0,0,0,0,5,160,160,0,0,0,0,0,127,78,0,0,0,0,0,0,18,98,5,0,0,0,0,0,26,115,11,0,0,0,0,0,23,160,6,0,0,0,0,6,160,67,5,0,0,0,0,0,15,88,24,0,0,0,0,0,5,80,25,0,0,0,0,0,6,82,5,0,0,0,0,0,21
15,6,63,15,0,1,64,116,48,4,8,1,0,5,19,120,5,0,0,0,12,54,24,37,20,3,2,2,2,19,20,16,5,5,83,28,3,5,85,25,31,5,20,13,15,38,61,120,74,31,0,0,1,21,63,110,25,54,9,4,20,32,6,11,0,2,15,13,0,3,120,46,78,20,1,0,3,34,87,37,120,54,0,0,0,22,17,34,34,21,1,1,21,120,53,10,2,12,101,120,0,0,5,6,49,77,73,22,1,0,4,6,79,28,4,3,10,84,42,22,50,52,0,0,0,112,44,10
7,30,14,3,21,25,29,10,15,4,2,10,32,39,45,32,0,3,7,72,96,56,4,0,14,75,11,14,7,10,4,0,14,0,2,59,129,25,12,11,129,31,22,32,22,7,14,46,27,20,62,129,11,0,0,1,39,45,49,97,0,0,0,7,10,9,13,129,70,0,0,0,129,45,24,83,26,0,0,23,128,22,35,129,13,0,0,9,10,44,78,125,17,0,0,0,6,8,14,49,25,4,2,1,63,29,23,54,37,12,11,40,91,6,1,17,25,4,7,98,10,12,18,34,31,3,1,3
62,1,0,1,16,12,15,105,17,1,1,11,120,102,18,33,98,7,2,2,14,23,18,84,5,1,1,2,43,41,7,6,67,0,0,0,8,18,21,120,36,3,1,5,120,113,22,52,120,13,1,2,32,16,7,87,18,4,4,22,40,19,5,11,91,79,18,1,1,4,5,47,26,38,48,65,57,22,6,12,120,72,28,14,8,7,29,12,20,5,2,6,16,37,70,7,6,74,120,15,4,2,14,1,1,14,27,40,56,31,8,0,3,5,5,4,18,72,78,4,0,0,0,0,0,84,116,1
7,117,55,0,0,0,0,0,42,79,30,1,1,4,8,17,32,14,1,0,10,41,45,43,0,1,2,1,33,125,90,1,6,79,82,8,19,1,0,2,9,15,25,18,122,55,34,16,70,18,9,23,33,32,48,56,3,9,14,116,78,28,1,0,32,10,5,8,17,4,7,36,23,7,7,125,125,7,1,3,125,52,22,57,34,2,1,11,34,19,34,125,13,0,0,0,90,30,3,1,0,0,1,18,9,14,17,101,60,4,2,1,125,59,23,54,22,3,4,21,58,10,9,68,35,0,0,14
0,0,7,8,0,0,0,0,18,40,12,2,0,0,0,0,45,168,93,0,0,0,0,0,1,141,168,0,0,0,0,0,0,0,11,8,0,0,0,0,127,31,6,2,0,0,0,1,168,128,13,0,0,0,0,11,43,45,48,8,0,0,0,1,0,0,11,8,0,0,0,0,128,8,4,4,0,0,0,5,168,1,0,0,0,0,0,49,78,2,2,5,0,0,0,12,0,1,11,15,0,0,0,0,56,34,19,3,0,0,0,4,168,72,4,0,0,0,0,46,80,20,2,2,0,0,0,13
4,13,9,153,153,3,0,0,75,100,10,38,19,0,0,0,82,88,0,0,0,0,0,0,95,48,0,0,0,0,0,0,1,2,2,75,153,30,0,0,91,53,5,31,76,6,0,2,122,49,0,0,0,0,0,9,127,17,0,0,0,0,0,9,0,0,0,3,37,8,0,0,64,5,0,7,30,3,0,25,135,6,0,0,0,0,0,41,131,35,0,0,0,0,0,5,0,0,0,0,1,0,0,0,35,3,0,1,3,0,0,4,153,13,0,0,0,0,0,6,126,27,0,0,0,0,0,4
0,0,1,20,52,68,8,0,0,22,23,14,34,115,43,0,1,68,74,0,0,32,25,0,45,83,30,0,0,1,3,5,2,0,8,38,125,20,0,1,77,114,63,24,67,16,1,7,14,103,125,7,7,2,0,0,8,35,82,9,19,25,15,10,8,0,0,0,125,37,5,2,125,20,2,0,73,15,1,42,60,20,20,10,38,12,5,23,28,13,4,19,125,49,13,11,8,2,5,31,125,11,1,0,125,60,0,8,54,2,0,7,49,56,7,15,24,2,1,6,37,37,11,59,110,2,0,0
0,0,0,0,0,1,42,11,17,0,0,0,0,53,171,29,66,2,0,0,0,27,41,34,72,0,0,0,0,0,0,39,15,2,1,126,38,1,13,13,121,12,0,2,0,0,10,22,129,12,0,0,0,0,0,11,79,0,0,0,0,0,0,31,7,4,40,171,89,0,0,0,92,16,38,133,5,0,0,7,109,2,1,1,0,0,0,20,53,0,0,0,0,0,0,36,0,0,12,171,27,0,0,0,8,3,25,171,57,0,0,1,40,2,3,24,10,0,0,26,16,0,0,0,0,0,2,45
53,11,0,2,54,9,0,0,9,6,1,3,162,42,0,0,63,51,5,5,70,5,0,0,1,0,0,0,0,0,0,0,39,2,0,0,55,43,20,17,42,3,0,0,162,87,1,2,162,27,0,0,47,10,0,10,17,1,0,0,0,0,0,1,9,2,1,1,38,46,26,14,54,3,0,0,162,100,2,3,162,11,0,0,29,7,6,47,19,0,0,0,0,0,6,13,6,1,1,5,45,55,4,4,48,5,0,2,162,80,0,3,162,21,1,0,9,4,5,30,5,1,2,0,0,0,6,7
0,0,6,10,23,5,5,0,42,6,3,46,164,5,0,2,164,52,0,4,13,0,0,13,24,36,5,13,16,1,1,3,0,0,12,24,18,0,0,0,49,2,8,102,164,0,0,2,164,32,2,7,33,0,0,9,40,30,34,18,12,1,1,0,0,0,0,5,11,0,0,0,35,1,0,63,164,4,0,1,164,8,0,11,55,1,0,14,100,23,9,13,28,0,0,2,0,0,0,0,0,0,0,0,18,0,0,2,78,24,2,6,164,0,0,0,28,12,2,39,98,0,0,0,21,2,0,14
53,11,0,2,54,9,0,0,9,6,1,3,162,42,0,0,63,51,5,5,70,5,0,0,1,0,0,0,0,0,0,0,39,2,0,0,55,43,20,17,42,3,0,0,162,87,1,2,162,27,0,0,47,10,0,10,17,1,0,0,0,0,0,1,9,2,1,1,38,46,26,14,54,3,0,0,162,100,2,3,162,11,0,0,29,7,6,47,19,0,0,0,0,0,6,13,6,1,1,5,45,55,4,4,48,5,0,2,162,80,0,3,162,21,1,0,9,4,5,30,5,1,2,0,0,0,6,7
0,0,6,10,23,5,5,0,42,6,3,46,164,5,0,2,164,52,0,4,13,0,0,13,24,36,5,13,16,1,1,3,0,0,12,24,18,0,0,0,49,2,8,102,164,0,0,2,164,32,2,7,33,0,0,9,40,30,34,18,12,1,1,0,0,0,0,5,11,0,0,0,35,1,0,63,164,4,0,1,164,8,0,11,55,1,0,14,100,23,9,13,28,0,0,2,0,0,0,0,0,0,0,0,18,0,0,2,78,24,2,6,164,0,0,0,28,12,2,39,98,0,0,0,21,2,0,14
13,0,0,0,0,1,11,18,140,4,0,0,0,0,1,42,140,2,0,0,0,0,0,48,4,0,0,0,0,0,0,2,13,0,0,0,0,0,0,31,140,13,0,0,0,0,0,140,140,18,0,0,0,0,0,140,23,0,0,0,0,0,0,10,20,5,0,0,0,0,0,15,140,140,0,0,0,0,0,19,140,140,0,0,0,0,0,19,22,10,0,0,0,0,0,1,53,26,0,0,0,0,0,10,140,140,0,0,0,0,0,9,57,88,0,0,0,0,0,1,0,2,0,0,0,0,0,0
94,59,0,0,0,0,0,0,88,102,0,0,0,0,0,0,116,82,5,0,0,0,0,21,62,49,68,13,1,2,10,47,116,53,0,0,0,0,0,1,116,116,5,0,0,0,0,8,77,91,20,0,0,0,0,26,93,13,0,1,0,1,16,88,116,30,0,0,0,0,0,1,116,20,0,0,0,0,0,52,85,33,3,0,0,0,0,45,110,46,0,0,0,0,0,1,106,40,0,0,0,0,0,0,116,58,0,0,0,0,0,3,112,65,3,0,0,0,0,4,59,109,42,0,0,0,0,0
47,90,0,0,0,0,0,0,71,112,1,0,0,0,0,0,21,112,72,1,0,0,0,0,0,82,64,5,0,0,0,0,49,112,1,0,0,0,0,0,112,112,6,0,0,0,0,4,112,95,62,9,0,0,5,64,11,43,97,51,5,5,10,18,107,104,5,0,0,0,0,4,46,97,39,0,0,0,0,7,112,28,3,0,0,0,8,94,112,33,1,4,2,4,16,51,112,17,0,0,0,0,0,21,59,27,3,0,0,0,0,27,74,58,0,0,0,0,0,1,111,63,0,0,0,0,0,4
131,48,3,0,0,1,5,47,131,73,39,0,0,0,3,57,26,28,116,1,0,0,0,17,0,1,102,17,0,0,0,0,131,6,12,47,7,0,2,72,131,44,0,0,0,0,3,122,89,33,1,0,0,0,0,15,0,0,5,2,0,0,0,0,51,61,30,102,61,0,0,41,131,131,11,0,0,0,0,98,96,20,0,0,0,0,0,4,0,0,0,0,0,0,0,0,7,107,50,59,18,0,3,4,56,131,12,0,0,0,0,0,21,18,0,0,0,0,0,0,0,0,0,0,0,0,0,0
136,66,0,0,0,0,0,25,136,101,0,0,0,0,19,59,10,6,0,0,0,0,17,19,0,0,4,41,55,4,0,1,87,15,0,0,0,0,6,87,64,3,0,0,0,0,136,136,104,6,0,0,0,0,78,136,20,1,3,13,1,0,0,10,15,34,3,0,0,0,1,7,113,35,2,0,0,0,23,41,136,88,0,0,0,0,5,37,33,9,0,0,0,0,0,1,14,6,0,0,0,0,4,15,126,106,0,0,0,0,2,2,136,114,0,0,0,0,0,0,9,4,0,0,1,0,0,0
0,6,33,4,0,0,0,0,43,77,26,3,0,0,0,1,72,139,129,1,0,0,0,4,1,87,139,11,0,0,0,0,7,10,18,4,0,0,0,3,116,54,28,6,0,0,0,22,139,78,13,0,0,0,0,75,27,13,24,2,0,0,0,6,1,67,139,0,0,0,0,1,16,139,139,0,0,0,0,1,99,139,70,0,0,0,0,9,18,12,0,0,10,14,0,1,0,35,139,0,0,0,0,0,0,54,81,0,0,0,0,0,0,19,19,0,0,0,0,0,0,1,0,4,39,9,0,0
0,0,0,0,17,126,65,1,8,23,0,0,30,126,50,23,51,100,3,0,0,4,43,95,43,37,1,6,27,7,18,22,10,1,0,3,20,126,69,2,126,126,0,0,1,53,28,14,75,126,6,0,0,0,0,14,34,37,9,27,21,1,0,6,28,7,19,46,21,15,7,17,126,18,7,28,3,0,0,126,126,19,0,0,0,0,0,97,55,15,3,3,0,0,1,16,61,5,10,29,4,0,0,58,85,21,12,71,18,0,0,43,126,26,1,0,0,0,1,40,18,1,0,0,0,12,13,15
68,11,0,0,0,0,0,1,142,9,0,0,0,0,0,22,142,18,0,0,0,0,0,19,142,30,0,0,0,0,0,4,39,7,0,0,0,0,0,0,142,52,0,0,0,0,0,4,142,58,0,0,0,0,0,15,142,24,0,0,0,0,0,27,10,2,0,0,0,0,0,0,142,11,0,0,0,0,0,44,142,3,0,0,0,0,0,90,142,6,0,0,0,0,0,43,0,0,0,0,0,0,0,0,76,0,0,0,0,0,0,21,142,0,0,0,0,0,0,38,142,5,0,0,0,0,0,30
8,1,4,17,26,46,31,21,127,41,4,20,10,18,12,23,129,121,4,0,0,0,0,43,37,42,5,0,0,0,0,8,108,12,14,35,4,0,2,48,90,9,14,110,33,0,0,56,129,21,1,4,2,0,0,125,79,26,0,0,0,0,1,10,111,1,2,19,16,0,0,90,71,42,14,65,39,1,4,50,129,129,8,9,2,0,2,13,53,8,0,0,0,13,21,14,39,18,20,24,36,0,0,37,98,63,14,1,1,0,7,60,128,44,3,0,0,0,11,41,10,6,2,0,0,5,33,19
64,19,1,6,23,5,0,7,139,22,0,0,0,0,0,6,139,42,0,0,0,0,0,0,119,55,0,0,0,0,1,6,85,4,0,0,1,1,0,11,139,35,0,0,0,0,0,7,139,56,0,0,0,0,0,6,139,34,0,0,0,0,0,5,62,12,0,0,0,0,0,0,139,9,0,0,0,0,0,31,139,4,0,0,0,0,0,51,139,9,0,0,0,0,0,24,15,1,0,0,0,0,0,0,139,9,0,0,0,0,0,10,139,28,0,0,0,0,0,10,139,20,0,0,0,0,0,11
0,0,0,0,30,69,143,77,25,0,0,2,0,0,61,143,12,0,15,40,0,0,0,30,0,0,75,64,0,0,0,0,23,6,2,6,143,52,32,48,143,27,1,1,9,3,16,143,118,1,0,0,0,0,4,52,0,0,1,4,2,4,7,1,20,60,20,30,105,23,0,0,143,143,9,5,4,0,0,9,100,9,0,0,0,0,11,46,0,0,0,0,0,1,18,13,8,101,31,7,6,3,0,0,80,101,2,0,0,0,0,13,24,4,0,0,0,0,8,54,4,0,0,0,0,0,7,29
32,9,23,2,1,8,33,113,32,4,0,0,0,15,72,113,24,17,1,3,27,29,19,19,5,26,1,2,67,113,9,0,28,5,6,3,0,18,113,45,113,22,0,0,0,10,38,85,66,22,1,2,38,113,62,18,35,95,14,6,57,55,7,6,33,52,113,67,0,0,13,10,113,46,17,7,10,52,51,32,81,53,2,1,2,113,107,24,80,52,1,0,0,17,21,15,0,6,57,67,19,21,10,16,3,21,30,39,33,28,15,7,42,113,20,7,5,10,7,12,19,16,0,0,19,77,16,3
53,26,3,1,3,11,20,34,4,1,5,28,69,111,34,14,20,51,22,40,40,81,7,0,58,106,3,2,8,15,0,1,11,17,12,61,73,18,18,10,117,31,48,67,23,9,18,28,28,49,117,117,5,0,0,0,37,117,96,13,4,4,0,3,21,8,20,117,24,0,1,11,117,40,40,90,6,0,1,29,78,23,71,104,5,1,3,46,32,80,47,27,2,0,0,5,77,12,12,26,1,0,0,30,17,9,21,105,44,6,8,36,27,1,1,20,17,5,18,117,39,20,12,7,1,1,4,27
68,45,0,0,0,0,0,3,125,22,0,0,0,0,0,7,120,1,0,0,0,0,32,148,27,0,0,0,0,37,148,148,80,24,1,3,2,0,0,4,134,6,0,0,0,0,0,13,148,10,0,0,0,0,0,11,104,19,0,0,0,0,5,15,58,1,0,0,3,0,0,24,146,6,0,0,0,0,0,15,148,13,0,0,0,0,0,9,114,7,0,0,0,0,0,12,43,1,0,0,0,0,0,7,108,1,0,0,0,0,0,29,96,0,0,0,0,0,0,46,83,0,0,0,0,0,0,28
15,7,1,38,146,2,0,0,146,72,5,18,76,0,0,0,63,42,67,10,0,0,0,1,2,6,40,29,4,2,2,0,4,5,3,78,122,4,0,0,146,95,11,51,56,3,0,9,115,40,22,7,2,0,0,2,0,0,14,45,28,0,0,0,0,0,0,14,50,26,2,1,146,16,2,11,49,41,15,115,146,6,2,4,3,0,0,34,0,2,19,22,16,0,0,0,0,0,0,0,8,4,0,0,146,0,0,0,16,14,4,70,146,4,2,0,0,0,0,31,3,13,16,1,0,0,0,0
1,1,0,2,1,0,0,0,24,8,0,1,0,0,0,0,10,4,0,0,0,0,0,0,1,1,0,0,0,0,0,0,15,14,4,16,6,9,14,5,169,57,3,7,2,2,7,28,102,47,0,0,0,0,0,2,6,17,0,0,0,0,0,0,32,3,0,0,4,123,169,42,169,32,0,0,0,11,62,136,166,30,0,0,0,0,0,8,1,13,0,0,0,0,0,0,125,41,2,19,57,62,46,15,169,121,0,0,0,1,8,17,115,22,0,0,0,0,0,0,2,2,0,0,0,0,0,0
32,7,0,0,0,0,0,5,93,2,0,0,0,0,23,150,32,0,0,0,0,0,150,150,104,0,0,0,0,0,51,138,14,25,5,0,0,0,0,0,56,23,0,0,0,0,3,20,104,8,0,0,0,0,25,54,150,4,0,0,0,0,2,64,7,6,3,0,0,0,8,18,33,3,0,0,0,0,3,38,126,30,0,0,0,0,5,24,150,74,0,0,0,0,0,3,11,0,0,0,0,0,2,13,32,0,0,0,0,0,0,20,150,42,0,0,0,0,0,15,150,74,0,0,0,0,0,7
13,25,0,0,0,0,0,0,120,136,34,0,0,0,0,0,50,136,103,0,0,0,0,0,23,65,6,4,56,44,1,0,42,27,0,0,0,0,0,1,136,114,1,0,0,0,3,36,114,66,10,0,1,0,20,38,0,4,9,54,70,7,2,6,34,18,1,0,0,0,0,5,136,13,0,0,0,0,38,136,85,3,0,0,0,0,119,136,53,1,4,12,1,0,5,45,12,15,4,0,0,0,0,3,32,19,0,0,0,0,5,21,136,38,0,0,0,0,9,39,107,15,0,0,0,0,0,5
0,0,4,8,0,7,7,10,0,9,20,6,0,29,46,11,0,4,3,25,52,5,21,27,0,0,2,84,129,24,0,0,0,0,0,0,2,97,57,11,16,3,0,0,47,129,116,62,129,10,0,16,17,17,56,129,13,0,27,129,45,0,0,7,4,11,11,5,6,102,103,7,34,95,39,15,72,110,15,9,129,129,8,2,6,5,3,40,25,2,7,23,1,2,5,12,4,47,85,31,3,4,9,3,15,96,63,17,3,2,0,0,60,63,3,0,0,0,0,22,8,0,0,0,0,2,6,22
46,10,5,7,9,99,59,14,127,127,0,1,0,13,9,39,64,64,15,46,20,3,0,5,3,7,110,121,27,11,21,11,87,13,20,39,4,2,4,53,127,44,7,17,0,0,1,79,110,10,5,4,0,5,31,48,4,1,52,33,2,4,69,39,78,43,15,38,26,0,0,68,127,85,5,3,0,0,6,49,43,11,5,0,0,10,49,42,4,13,25,0,0,4,63,18,28,70,28,22,16,5,6,35,45,78,13,1,0,15,46,44,13,7,16,1,0,15,116,52,1,5,17,1,0,11,125,31
0,1,56,54,14,11,13,7,0,1,24,60,49,38,57,10,6,8,8,27,34,22,55,39,15,5,4,29,107,27,5,6,0,0,4,18,88,109,15,0,12,1,1,18,81,116,102,13,106,44,16,26,21,17,32,35,14,27,25,103,59,6,0,0,9,0,0,2,116,116,12,14,46,3,0,11,116,36,11,29,116,35,1,2,25,17,9,93,18,82,49,15,30,15,2,6,7,8,19,3,101,75,7,15,17,12,26,35,76,23,6,23,116,34,11,11,13,3,2,56,85,58,5,1,1,1,3,11
65,29,10,48,50,2,0,9,75,36,30,49,19,2,1,44,19,61,124,34,1,0,0,4,9,60,124,10,1,0,0,3,124,7,1,25,124,3,0,20,124,47,6,14,69,1,0,35,69,35,16,25,16,0,0,14,88,40,13,2,8,1,0,13,92,23,2,30,124,2,0,8,124,32,1,17,80,2,0,48,86,19,13,28,33,0,0,20,110,17,6,4,17,16,9,17,7,15,3,34,94,0,0,0,124,84,7,27,73,0,0,2,49,43,57,20,2,0,0,1,8,5,11,31,22,20,10,4
5,0,0,0,83,97,16,19,62,5,0,0,16,28,29,116,18,16,30,33,89,36,15,22,55,99,72,8,5,0,0,15,19,2,1,21,116,36,3,8,116,44,10,12,24,8,7,56,46,31,84,55,9,11,11,37,53,41,66,11,1,1,27,69,8,4,37,101,89,0,0,0,92,19,70,74,8,0,32,70,17,9,43,22,0,0,83,116,16,17,66,22,0,0,33,116,1,2,19,22,3,0,0,0,0,2,54,80,0,0,3,2,1,1,88,53,0,0,15,48,1,1,22,14,1,1,60,110
0,0,0,0,17,77,4,0,4,19,6,0,9,115,71,3,91,75,6,0,0,34,70,25,36,50,23,2,4,28,38,26,0,2,4,51,107,45,0,0,39,115,64,31,52,51,2,5,51,115,66,20,33,10,13,12,23,17,14,31,32,87,50,16,1,0,1,36,105,2,0,1,115,34,7,28,81,2,0,50,82,39,22,99,60,3,2,14,49,79,62,93,15,2,2,6,0,0,0,21,26,0,0,0,115,10,2,52,48,0,0,11,115,27,14,59,38,1,0,12,59,15,9,31,34,2,1,57
0,0,0,0,0,0,0,0,0,0,0,0,0,0,0,1,0,0,0,0,0,0,0,0,0,0,0,0,0,0,0,0,16,9,2,0,4,1,0,17,86,5,0,0,0,0,6,94,174,40,0,0,0,0,0,39,33,35,11,0,0,0,0,0,4,35,5,0,1,0,0,2,174,43,0,0,0,0,0,26,174,69,0,0,0,0,12,111,51,41,14,0,0,0,32,51,7,26,0,0,0,0,0,0,63,25,0,0,0,0,0,29,113,2,0,0,0,0,91,174,15,0,0,0,0,0,174,174
27,5,0,0,0,0,0,1,18,7,1,2,0,3,10,5,112,13,0,1,0,1,6,17,39,11,0,0,0,0,0,1,23,5,0,2,7,10,11,9,25,3,0,2,23,95,115,29,155,16,0,0,0,15,51,94,96,12,0,0,0,0,0,4,5,6,2,14,42,5,1,0,74,8,0,24,155,47,14,10,155,36,0,1,6,5,7,40,89,5,0,0,0,0,17,12,2,1,0,1,40,6,5,5,53,0,0,9,155,16,2,13,155,0,0,0,8,4,39,139,26,0,0,0,0,43,155,40
1,5,55,24,7,20,21,1,125,50,18,6,2,3,8,27,125,95,62,0,0,0,0,23,11,23,125,7,0,0,0,0,0,2,125,99,5,0,0,0,106,17,98,115,6,0,0,35,125,33,5,4,0,0,0,75,53,7,6,0,0,0,0,2,4,18,58,42,10,33,9,1,24,56,56,125,15,15,16,10,125,125,23,9,0,0,0,6,28,13,0,0,0,0,0,0,9,22,4,2,41,107,19,4,90,105,5,2,5,23,23,21,48,60,1,0,0,0,3,16,2,2,0,0,0,4,11,4
0,1,20,16,9,24,74,7,14,14,21,9,1,32,104,20,66,80,19,0,0,0,53,29,4,30,118,6,0,0,23,6,0,0,74,117,12,2,1,0,39,19,64,57,14,6,1,5,130,95,13,3,0,0,0,16,80,67,107,3,0,0,0,2,1,12,101,109,1,0,0,0,15,6,111,130,21,0,0,1,130,52,21,46,6,0,0,26,130,32,1,0,0,0,0,6,2,19,15,14,7,50,14,1,10,14,22,72,24,21,27,12,47,130,45,27,4,0,0,1,46,57,0,0,0,0,0,0
0,0,0,79,93,9,0,0,20,9,15,130,93,4,2,13,105,44,7,8,4,0,2,53,10,8,2,3,8,10,21,24,0,0,0,15,67,33,2,0,23,5,1,41,130,42,6,17,130,48,5,9,26,11,5,52,21,10,4,25,72,6,3,4,0,0,24,30,46,7,0,0,12,24,28,112,130,12,2,3,130,85,24,18,16,11,24,24,16,1,0,7,52,47,33,5,0,4,12,16,40,0,0,0,0,2,5,39,130,45,20,2,5,8,4,9,21,50,130,37,0,0,0,0,1,122,130,5
1,109,131,5,0,0,0,0,14,47,131,45,6,8,3,6,131,56,27,5,0,3,5,30,54,0,0,0,0,3,9,14,58,41,29,4,17,1,0,7,15,11,22,22,131,90,23,17,131,15,3,3,12,26,28,102,50,6,0,0,0,0,24,32,71,7,4,4,23,13,4,20,27,13,5,43,131,55,5,8,131,54,5,15,22,5,1,33,61,35,3,0,0,0,0,10,6,8,19,30,13,9,2,2,6,1,1,50,105,47,8,12,115,4,1,9,15,8,12,131,90,11,0,0,0,1,0,58
9,2,9,105,68,40,46,36,64,11,6,12,2,1,40,117,8,2,0,2,18,13,31,51,8,0,0,8,117,26,9,16,6,3,4,88,117,16,2,4,117,55,8,19,39,9,3,39,26,18,6,20,51,14,17,14,6,0,0,34,112,15,8,11,4,6,12,55,117,17,1,3,117,65,18,27,54,12,10,35,38,4,0,18,83,33,18,8,0,0,0,18,68,38,18,5,0,2,9,41,117,17,5,0,14,21,9,16,38,43,115,27,3,0,0,0,6,117,117,8,1,0,0,1,6,72,117,10
42,11,0,1,0,0,3,21,96,1,0,0,0,0,35,155,18,0,0,0,0,36,155,155,54,8,0,0,0,43,155,144,53,6,0,0,1,0,0,1,92,7,0,0,0,0,3,17,75,8,0,0,0,0,32,29,155,81,0,0,0,0,13,36,52,1,0,0,0,0,0,4,95,1,0,0,0,0,0,12,100,2,0,0,0,0,0,6,155,7,0,0,0,0,0,101,22,1,0,0,0,0,0,1,71,0,0,0,0,0,0,11,69,0,0,0,0,0,0,17,58,0,0,0,0,0,0,36
16,3,0,0,3,2,0,6,70,13,0,0,0,0,0,8,16,11,0,0,0,0,0,0,0,0,0,0,0,0,0,0,46,37,4,0,1,0,0,6,157,125,0,0,0,0,1,48,104,80,21,0,0,0,4,35,0,7,33,13,2,0,0,1,26,44,1,0,0,0,0,4,157,25,0,0,0,0,33,157,112,12,4,0,0,0,75,157,51,11,22,11,2,0,0,36,5,37,0,0,0,0,0,0,21,95,23,0,0,0,5,34,157,157,30,0,0,1,9,92,101,32,1,1,7,55,32,11
11,4,0,15,79,5,0,0,133,60,11,28,32,1,0,2,21,58,58,74,23,2,1,1,5,36,133,86,7,6,1,1,13,3,0,12,18,1,0,3,133,63,7,22,25,1,1,20,97,36,16,45,99,4,1,23,86,62,64,16,1,0,0,16,8,0,0,0,0,0,0,4,133,30,0,3,22,1,0,37,133,22,1,24,133,2,0,11,133,45,6,8,7,0,0,11,0,0,0,0,0,0,0,0,34,39,6,11,13,0,0,0,68,37,8,56,127,0,0,3,133,63,13,6,6,0,0,8
139,83,0,0,0,2,44,12,1,0,1,5,0,0,32,21,0,0,6,8,0,0,0,4,0,0,0,0,0,0,0,0,35,13,6,5,6,47,151,77,104,14,1,0,0,3,77,150,38,1,0,0,0,0,0,21,0,0,0,0,0,0,0,0,30,88,144,26,7,10,11,15,123,149,55,2,0,0,3,19,45,19,0,0,0,0,0,2,0,0,0,0,0,0,0,0,0,22,55,1,0,0,151,97,2,33,24,0,0,0,151,119,2,5,0,0,0,0,41,79,0,0,0,0,0,0,0,1
1,0,0,1,3,0,0,0,7,1,0,1,27,38,39,9,133,23,0,0,3,13,47,51,115,32,0,0,0,0,0,4,0,0,0,1,16,6,0,0,27,3,0,1,122,56,2,1,133,70,0,0,13,12,3,15,115,32,0,0,0,0,12,17,0,0,0,0,22,13,4,0,30,0,0,0,133,49,7,14,133,5,0,0,10,8,76,133,30,0,0,0,0,2,133,81,0,1,1,2,20,10,6,1,0,0,0,5,133,57,14,6,11,6,0,3,31,25,133,96,34,44,0,0,0,1,133,45
6,0,4,21,66,98,11,6,31,27,27,59,58,27,8,11,75,77,19,14,7,1,1,10,0,0,0,0,0,0,0,0,35,2,7,6,124,128,8,29,128,74,46,20,4,7,4,62,25,107,61,7,0,0,0,1,0,0,0,0,0,0,0,0,14,28,128,86,51,27,0,4,128,54,68,49,13,0,0,27,70,14,6,1,0,2,1,11,0,0,0,0,0,0,0,0,0,11,128,102,128,3,0,0,119,21,13,60,128,2,0,2,72,15,2,0,0,0,0,2,0,0,0,0,0,0,0,0
89,4,0,0,0,0,21,78,12,11,11,3,0,0,13,40,2,1,46,47,6,4,0,1,0,0,53,59,8,10,2,0,43,12,0,0,0,0,74,118,118,23,0,0,3,9,33,118,22,1,1,4,24,118,41,11,2,0,1,6,8,56,75,24,110,95,0,0,0,0,2,12,118,118,3,16,25,10,1,20,12,10,74,89,89,94,27,4,8,9,81,39,3,13,41,44,118,13,0,0,0,0,1,44,96,20,1,8,2,0,31,118,19,2,61,58,7,0,5,35,0,0,67,79,6,0,0,0
87,7,4,22,17,0,0,15,123,34,2,7,4,0,0,22,79,26,4,5,70,18,3,13,90,13,2,17,123,33,6,24,20,9,8,44,10,0,0,2,123,90,17,30,6,0,0,13,48,43,51,93,48,13,1,4,38,9,39,123,107,31,7,53,1,1,1,3,0,0,0,0,123,21,4,4,0,0,0,89,123,26,61,47,1,0,0,46,6,23,123,123,10,28,4,3,0,0,0,0,0,0,0,0,46,0,0,0,0,0,0,18,113,6,1,0,0,2,3,38,4,3,6,7,87,117,11,7
5,6,1,0,3,8,0,0,20,14,0,0,0,0,0,0,2,2,0,0,0,0,0,0,0,0,0,0,0,0,0,0,34,52,8,0,1,2,0,0,150,150,0,0,0,0,0,29,87,79,8,0,0,0,0,23,0,1,7,5,1,0,0,0,29,52,7,0,0,0,0,5,150,43,1,0,0,0,0,150,150,30,8,0,0,0,0,150,21,8,18,47,12,1,0,4,9,76,7,0,0,0,0,0,62,150,73,0,0,0,0,35,150,150,26,0,3,18,15,45,24,9,1,6,7,43,77,6
135,30,22,1,1,22,28,80,140,102,24,0,0,0,0,128,30,50,40,0,0,0,0,14,0,5,11,0,0,0,0,0,43,77,140,11,3,2,0,21,140,89,47,4,1,1,0,95,102,5,0,0,0,3,11,27,2,0,0,0,0,1,9,8,25,33,52,11,59,40,2,5,140,49,11,4,18,16,4,36,75,20,1,0,0,3,10,29,11,12,1,0,0,2,8,6,23,8,7,40,71,34,1,7,140,43,3,5,11,8,1,25,48,32,0,0,1,51,30,3,1,4,0,0,0,75,129,0
72,0,0,0,0,22,74,99,3,0,0,0,1,34,127,43,1,0,0,0,4,15,118,42,1,0,0,23,21,1,57,38,24,0,0,11,31,64,127,68,127,25,4,4,1,40,127,79,30,13,38,52,6,10,124,56,13,25,29,21,1,10,127,54,41,18,7,63,73,27,20,5,127,40,5,5,0,0,11,51,38,6,27,33,0,1,41,82,19,72,57,22,0,1,17,30,33,13,5,11,15,21,16,26,74,17,1,1,0,0,23,62,12,9,0,0,0,0,48,80,8,6,0,0,0,0,58,61
5,24,5,0,0,1,0,0,133,101,1,0,0,0,0,10,95,63,0,0,0,0,0,15,1,2,1,2,1,0,0,0,6,49,10,0,0,0,0,0,133,71,10,0,0,0,0,75,133,51,3,1,0,0,0,114,21,7,5,36,24,3,1,2,24,102,5,0,0,0,0,0,68,133,74,0,1,0,0,4,114,133,37,3,20,30,38,12,13,3,0,10,11,29,111,23,87,54,0,0,0,0,0,6,133,93,10,4,5,0,0,40,20,18,12,92,78,28,15,5,19,1,6,58,17,14,45,39
63,0,0,0,0,0,0,25,90,1,0,0,0,0,7,78,11,6,12,12,0,0,4,26,0,0,47,54,4,3,0,0,90,8,0,0,0,0,1,64,93,4,0,0,0,0,75,133,114,10,2,2,3,14,32,133,7,0,7,12,17,108,36,10,39,20,0,0,0,0,0,6,133,82,0,0,0,0,7,48,133,127,5,22,19,12,3,48,6,5,65,76,50,64,21,6,37,11,0,0,0,0,0,0,133,16,0,0,0,0,0,58,118,19,3,8,0,0,15,133,24,2,50,45,2,0,2,41
0,0,0,0,0,7,24,7,2,6,1,0,0,16,57,4,28,46,9,0,0,3,17,17,5,20,5,0,0,0,0,0,19,1,1,1,1,45,134,50,134,133,25,0,0,15,68,43,44,134,130,0,0,0,5,7,2,59,51,0,0,0,0,0,28,38,134,23,4,16,20,12,134,108,70,1,0,0,3,66,134,58,22,0,0,0,1,32,1,7,14,0,0,0,2,3,14,63,101,6,9,6,0,0,134,65,55,7,10,8,0,4,133,22,0,0,0,0,4,16,6,1,0,0,0,0,6,9
88,9,0,0,0,0,0,34,132,6,0,0,0,0,0,132,50,3,4,25,4,20,14,61,0,0,6,64,18,22,20,1,64,41,0,0,0,0,0,7,132,132,1,1,0,0,0,58,80,45,16,54,31,50,25,26,2,0,21,39,11,32,47,34,80,22,0,0,0,0,0,4,132,27,0,0,0,0,0,132,128,15,31,67,5,0,0,71,2,1,67,130,1,0,0,5,57,5,0,0,0,0,0,6,132,54,0,0,0,0,0,25,132,48,1,5,0,0,0,12,3,5,20,25,0,0,0,0
0,0,0,0,0,0,0,0,0,0,0,0,0,3,17,2,17,29,0,0,0,3,22,9,17,62,6,0,0,0,0,2,1,6,4,0,1,2,10,21,23,14,24,3,1,24,135,59,135,135,11,0,0,8,54,67,70,135,33,0,0,0,0,8,2,47,21,0,1,1,1,3,26,135,135,6,1,4,14,9,135,135,88,1,2,0,2,32,135,15,1,0,0,0,3,38,3,14,0,0,0,0,0,0,38,123,24,12,6,0,0,0,131,38,29,27,14,4,2,7,96,3,0,0,1,75,55,16
