0,0,0,0,75,6,0,0,2,0,0,0,6,0,0,0,0,0,0,0,0,0,0,0,0,0,0,0,0,0,0,0,1,0,0,6,255,47,0,0,56,9,0,4,75,2,0,0,23,2,0,0,0,0,0,0,0,0,0,0,26,4,0,0,0,0,0,23,255,38,0,0,47,4,0,13,87,1,0,7,31,0,0,0,1,0,0,7,0,0,0,3,49,10,0,0,0,0,0,8,255,40,0,0,26,0,0,2,78,8,1,13,25,0,0,0,0,0,6,15,3,2,2,6,44,38,5,4
56,8,0,1,45,64,26,94,132,2,11,29,4,4,5,132,37,25,34,34,2,0,0,8,11,4,0,0,0,0,0,2,62,31,22,73,132,29,5,41,132,70,13,7,8,5,2,132,72,4,3,5,17,5,0,17,9,7,2,0,1,0,0,1,47,46,69,122,62,11,6,8,132,130,42,8,2,2,22,73,51,5,0,0,10,3,6,72,15,3,0,0,0,0,0,3,33,0,1,4,30,63,25,24,21,1,0,0,2,10,60,97,89,0,0,0,0,0,3,128,19,0,0,0,0,0,0,9
112,50,0,5,20,2,0,15,113,25,0,0,11,40,26,55,83,0,2,20,17,13,13,95,38,16,14,32,12,1,0,8,124,76,3,12,29,0,0,0,72,44,9,28,124,50,8,28,124,25,5,7,17,15,6,119,43,8,10,14,4,1,0,10,124,32,5,32,19,0,0,3,80,39,50,102,106,9,2,4,124,124,41,14,8,1,4,30,40,8,0,0,8,3,1,15,124,6,2,26,18,6,2,25,46,3,5,8,18,56,23,20,30,7,4,0,0,4,31,80,42,1,0,0,0,0,0,43
26,7,1,13,39,3,1,10,131,56,0,6,13,2,1,32,64,12,0,0,30,52,24,68,66,1,5,15,4,4,5,101,56,14,14,54,41,1,0,8,131,57,4,21,31,0,0,11,58,27,13,57,131,28,4,29,131,31,7,6,11,6,2,98,8,4,20,114,46,0,0,0,131,12,9,43,15,0,0,25,82,26,44,112,67,7,2,11,81,80,33,12,3,1,11,29,3,2,10,119,32,0,0,0,122,3,6,41,19,3,1,45,60,1,1,5,25,48,15,35,7,1,1,0,3,11,35,40
29,1,0,0,40,40,1,25,113,9,0,1,5,2,1,29,20,2,1,41,119,35,11,11,12,2,5,18,36,23,45,78,42,8,0,0,32,39,7,18,129,13,0,1,15,13,8,78,27,2,2,21,129,91,6,6,2,1,7,18,129,119,25,5,40,24,1,3,23,15,3,2,129,74,1,8,21,6,0,10,21,6,50,82,115,29,2,1,0,1,29,54,129,62,5,0,30,5,0,1,8,14,9,19,129,21,2,7,2,0,1,46,11,6,24,32,72,5,0,5,1,2,13,81,129,16,0,0
0,0,0,0,120,62,0,0,12,47,2,5,79,17,0,0,33,95,6,0,0,0,0,0,120,55,1,0,0,0,0,1,2,0,0,0,120,120,0,1,81,54,1,1,35,23,2,10,47,58,15,0,0,0,6,7,120,52,2,0,0,2,2,4,4,2,35,32,120,70,1,1,81,28,60,2,4,10,5,41,66,59,33,0,0,3,24,31,120,80,7,4,1,2,1,5,2,5,120,59,35,4,0,0,19,56,120,9,3,0,0,2,21,120,120,0,0,0,0,3,21,83,36,0,0,0,0,0
0,0,0,2,6,15,53,29,0,0,0,3,11,17,54,11,0,0,0,1,5,32,17,5,0,0,0,7,30,75,24,0,0,0,0,0,36,85,113,29,10,0,0,0,0,56,134,63,104,11,8,7,3,7,67,127,16,7,15,134,69,23,1,1,0,0,0,0,35,134,33,3,82,30,0,0,0,52,59,23,134,71,1,0,0,2,8,37,43,8,4,64,17,22,4,3,7,8,0,0,3,97,18,13,134,101,0,0,0,2,6,24,134,114,0,0,2,7,0,1,12,2,0,0,11,66,8,2
9,29,19,4,1,3,4,3,18,21,10,11,17,1,3,2,19,42,22,42,45,0,0,0,16,38,11,0,0,0,0,0,47,13,5,1,11,89,58,29,119,24,11,9,1,11,33,63,20,22,74,51,4,0,0,1,1,11,22,12,14,11,5,4,36,50,7,6,53,55,52,37,140,91,3,0,0,3,7,42,58,10,18,17,37,30,0,5,1,0,3,9,77,119,34,19,10,9,2,2,2,3,140,140,79,26,0,0,0,0,130,140,31,4,0,0,74,66,19,95,2,0,0,0,128,111,18,7
5,12,9,27,29,25,23,5,10,32,16,4,2,4,4,4,16,15,8,10,8,1,3,3,11,22,18,30,17,0,0,0,64,15,0,5,37,51,56,30,57,14,4,0,18,92,43,30,95,15,5,3,1,20,34,67,26,12,45,22,2,0,0,4,98,18,0,2,48,46,51,76,42,34,5,7,71,54,78,40,136,71,2,1,3,5,18,54,59,8,6,4,19,10,1,14,7,0,1,4,89,64,136,69,4,3,4,3,4,9,136,131,46,19,0,0,0,0,136,136,37,5,0,0,22,19,34,136
19,39,41,12,6,8,4,3,56,116,19,3,1,4,7,38,13,48,17,7,7,23,8,7,0,0,3,15,8,45,42,0,6,11,22,18,100,72,13,10,126,30,4,3,13,28,22,111,51,3,0,18,79,56,10,23,0,0,0,33,105,126,81,0,5,13,10,45,124,11,1,1,126,71,11,12,12,4,4,38,59,4,0,40,62,0,0,10,0,0,0,96,126,9,0,0,1,1,0,7,113,29,5,3,126,10,0,1,19,17,12,62,81,3,0,10,36,0,0,10,0,0,0,32,126,1,0,0
59,20,13,0,0,1,25,101,59,7,0,0,1,0,37,86,18,4,9,11,17,2,0,11,0,0,7,15,77,66,3,0,70,26,20,13,17,4,7,44,123,68,7,3,2,1,10,47,32,26,17,17,46,52,7,11,0,0,6,53,123,123,4,0,59,65,66,13,12,2,0,22,76,40,10,13,51,40,66,112,57,2,3,43,43,13,30,123,0,0,20,123,56,20,0,3,1,32,77,33,31,0,0,0,31,16,19,119,89,12,6,20,92,13,8,16,5,5,21,123,14,0,3,66,8,0,3,52
38,79,15,29,31,10,0,0,48,63,24,20,9,13,4,10,91,64,8,0,0,0,0,40,22,7,0,0,6,9,0,9,12,39,68,73,14,22,6,2,52,120,68,14,7,13,13,28,26,120,53,9,4,7,5,4,5,8,2,13,14,22,7,0,8,14,17,22,103,97,14,6,120,88,10,3,15,35,24,62,37,12,5,8,59,88,60,11,0,0,0,10,24,120,120,4,18,18,8,11,82,35,6,11,120,74,7,4,13,3,2,15,11,4,0,17,120,28,6,0,0,0,0,5,120,120,58,0
148,148,0,0,0,0,0,2,148,135,0,0,0,0,4,40,41,20,0,0,0,0,7,27,12,1,0,0,0,0,0,6,148,137,0,0,0,0,0,21,138,16,0,0,0,0,59,148,100,7,0,0,0,0,39,148,19,1,0,0,0,0,0,14,60,37,0,0,0,0,0,3,97,37,0,0,0,0,7,42,148,94,0,0,0,0,1,33,25,9,0,0,0,0,0,1,0,0,0,0,0,0,0,0,7,5,0,0,0,0,0,0,25,17,0,0,0,0,0,0,2,1,0,0,0,0,0,0
0,148,126,0,0,0,0,0,36,148,101,0,0,0,0,2,45,148,109,0,0,0,0,4,1,144,72,0,0,0,0,0,1,42,19,0,0,0,0,0,129,95,14,0,0,0,0,38,148,81,5,0,0,0,0,85,22,14,3,0,0,0,0,7,0,3,1,0,0,0,0,0,23,148,64,0,0,0,0,3,91,148,31,0,0,0,0,10,19,13,0,0,0,0,0,1,0,0,0,0,0,0,0,0,0,30,14,0,0,0,0,0,0,31,12,0,0,0,0,0,2,1,0,0,0,0,0,1
3,10,13,33,43,87,31,7,14,25,7,2,14,48,84,46,8,1,0,0,1,5,81,124,13,1,0,0,1,9,37,91,15,14,5,16,39,68,23,13,20,9,0,0,110,109,29,33,84,11,0,0,11,25,29,124,36,2,0,0,10,34,16,124,2,3,1,14,83,63,52,27,51,5,0,0,104,124,30,18,124,33,0,0,10,18,3,18,53,8,0,1,36,13,5,31,0,0,61,73,81,33,14,4,50,20,69,65,30,42,12,4,124,62,19,1,0,2,1,12,40,52,7,5,58,7,1,3
0,0,1,29,89,86,4,0,30,8,0,56,78,46,70,16,88,43,40,2,0,8,39,32,98,18,14,0,0,0,10,99,6,3,2,58,64,6,0,6,59,10,2,118,118,0,0,1,118,42,29,17,15,2,0,15,53,28,19,9,15,6,10,39,39,13,31,66,18,0,0,12,12,10,82,118,77,0,0,0,118,46,67,42,9,0,0,19,56,69,33,14,11,5,7,15,88,43,37,41,0,0,0,1,0,3,118,93,0,0,0,0,9,37,118,46,10,0,0,0,10,30,23,15,76,36,15,13
0,0,0,10,129,21,5,3,117,10,0,4,32,2,11,50,129,62,50,27,3,1,2,24,2,3,25,128,47,1,0,0,0,1,8,59,129,16,2,0,118,26,29,28,38,0,0,29,129,38,6,11,1,0,0,74,28,4,13,129,31,0,0,2,0,12,94,27,64,37,8,0,20,111,129,14,10,2,4,8,127,129,36,0,0,0,1,20,30,6,6,34,0,0,0,13,0,10,66,29,5,2,0,0,13,33,62,22,7,8,13,20,32,53,14,0,0,0,2,34,15,11,1,0,0,0,0,12
13,9,122,61,14,17,122,73,30,22,67,12,2,1,122,122,122,4,2,0,0,0,19,122,27,0,0,0,0,0,6,40,0,12,122,75,23,3,0,0,21,15,67,58,111,25,6,18,122,20,4,2,8,8,5,116,77,0,0,0,0,0,16,58,1,2,9,13,26,38,23,4,6,37,70,55,101,18,1,1,122,122,40,8,5,1,0,14,57,6,0,0,0,0,24,37,22,12,14,2,1,3,4,16,8,27,67,6,1,1,1,7,8,41,26,0,0,0,3,5,4,1,0,0,0,0,18,11
34,181,181,181,15,8,12,29,98,181,181,0,0,0,1,55,108,149,36,0,2,1,0,31,14,2,3,12,53,7,0,4,3,24,143,25,0,0,0,1,13,61,65,0,0,0,0,0,60,20,4,0,1,0,0,8,7,0,0,7,49,3,0,3,7,8,9,14,4,0,0,1,6,7,9,3,0,0,0,0,35,3,0,0,0,0,1,14,4,0,1,6,21,5,1,5,0,1,1,1,7,7,2,0,0,2,5,1,1,6,5,1,19,12,2,0,0,2,10,12,6,8,12,5,1,12,40,2
23,25,4,5,6,1,0,0,15,9,13,130,41,0,0,0,1,47,146,146,51,13,4,0,8,146,146,18,2,2,5,4,33,6,1,1,12,0,0,0,45,7,8,13,1,3,1,4,115,82,98,16,0,0,0,4,84,125,75,0,0,0,0,0,19,7,0,0,10,1,10,5,50,1,0,0,1,5,15,12,146,9,0,0,0,0,0,3,145,8,0,0,0,0,0,0,1,2,0,0,4,14,37,7,57,2,0,0,0,0,23,34,146,5,0,0,0,0,0,14,114,5,0,0,0,0,0,1
41,32,13,1,6,0,44,66,46,5,0,23,105,2,0,20,132,2,0,5,12,0,0,15,15,0,0,0,0,0,0,1,87,87,29,0,2,1,39,59,73,16,1,18,109,21,0,19,132,4,1,4,19,5,0,7,24,0,0,0,0,0,0,0,87,12,6,0,4,12,132,132,102,7,6,44,50,12,4,88,132,19,5,15,11,6,1,22,28,0,0,0,0,0,0,2,132,0,0,8,28,5,14,111,132,0,0,2,46,21,5,63,132,0,0,1,23,13,3,39,30,0,0,0,0,0,0,4
4,8,13,0,0,8,57,54,5,1,14,0,0,24,44,11,18,2,4,0,0,2,18,22,1,1,2,6,18,11,4,1,147,30,3,0,0,3,12,147,27,0,0,1,1,5,4,13,72,14,1,2,2,0,0,7,3,4,2,8,39,3,0,0,116,140,17,0,0,1,22,22,36,4,0,0,0,6,6,6,99,22,0,2,8,2,0,2,4,3,0,2,52,39,12,0,9,13,3,0,0,2,147,147,23,5,0,0,0,3,147,147,74,24,1,7,35,10,32,85,1,1,0,39,130,147,56,1
4,0,0,1,68,86,18,14,130,5,4,1,4,14,15,103,52,3,18,23,29,16,0,14,0,0,20,37,72,19,0,0,27,3,0,12,129,72,3,6,130,30,0,1,9,9,2,19,82,10,0,0,88,41,0,3,0,0,0,2,60,119,9,0,15,12,78,96,71,2,0,0,130,68,65,14,4,1,1,30,52,8,3,16,98,19,3,22,0,0,0,53,130,49,4,0,5,7,97,25,0,0,4,21,16,52,126,12,2,0,2,12,6,11,16,32,77,18,1,2,2,5,2,28,84,44,0,0
0,1,0,1,16,1,0,0,50,2,0,0,8,2,0,1,166,18,1,0,0,0,0,1,19,8,8,9,3,0,0,0,6,0,0,0,17,7,2,26,58,2,0,0,10,13,4,12,166,11,1,0,0,0,0,23,39,9,10,11,14,43,3,2,36,2,1,0,4,22,16,47,73,22,0,0,4,16,11,17,166,30,0,0,1,16,2,11,35,0,0,0,91,166,16,7,9,1,2,11,16,33,18,17,123,6,0,0,0,7,10,56,166,17,0,2,69,54,2,8,6,0,10,45,166,166,23,1
0,0,2,0,0,33,54,2,2,1,1,0,0,20,90,31,0,0,0,0,5,117,27,7,0,0,0,1,72,117,34,0,29,1,0,5,56,89,74,44,117,3,0,2,29,41,68,87,25,6,0,3,92,117,8,17,4,11,3,70,117,66,2,0,86,45,30,57,56,2,0,12,117,79,43,38,33,2,0,2,28,30,49,80,85,9,0,0,9,31,51,117,95,0,0,0,6,43,46,23,1,6,30,6,5,50,60,16,0,11,49,3,1,13,49,33,0,5,72,1,0,5,55,51,4,5,43,2
2,0,0,0,92,9,0,1,53,13,0,21,68,13,2,17,6,7,71,98,58,43,24,1,63,53,57,8,1,5,36,37,4,0,0,2,116,5,0,1,96,11,0,18,84,11,0,16,8,1,70,87,67,51,29,2,44,45,102,10,1,5,37,37,5,1,0,7,116,8,0,0,113,11,0,8,82,21,0,4,9,0,15,32,78,81,50,6,9,10,21,9,2,10,66,104,2,1,0,5,93,6,0,0,51,6,0,4,77,76,6,11,2,0,3,14,60,116,116,0,5,0,2,6,1,54,116,57
5,116,116,9,0,0,7,5,115,116,56,6,10,0,3,14,87,19,2,18,46,3,0,21,61,0,0,0,0,0,0,19,5,37,104,71,2,2,12,14,102,75,34,4,15,0,14,37,85,8,0,24,105,2,0,21,107,0,0,1,1,0,0,24,0,6,43,39,40,62,81,1,54,49,28,2,5,8,103,77,71,8,0,33,85,4,2,39,116,0,0,4,9,1,0,27,0,8,38,69,65,35,23,0,38,52,34,3,5,23,101,61,55,11,3,23,43,5,11,62,94,3,2,8,8,2,0,17
104,23,5,3,2,0,2,131,50,26,54,18,4,2,8,102,8,21,20,11,4,7,16,14,10,11,21,10,0,0,3,7,62,131,59,1,1,2,4,31,60,44,20,5,6,8,32,83,67,35,17,0,1,7,25,27,21,71,35,0,0,0,0,4,20,84,12,1,1,74,131,28,94,29,11,3,6,21,85,80,131,54,14,0,0,0,0,16,45,40,23,4,2,0,0,16,19,0,0,0,5,104,67,33,131,9,2,0,0,2,21,131,87,20,9,3,9,20,14,40,19,0,0,2,4,17,39,114
29,0,0,0,5,32,1,11,6,2,0,0,2,81,50,8,22,3,0,0,0,3,35,38,6,0,0,0,14,30,1,9,67,3,0,1,63,107,4,10,101,30,0,1,20,106,26,18,54,30,2,0,7,6,7,32,8,0,2,11,56,33,4,25,43,15,2,54,117,23,0,0,98,10,5,33,47,26,21,79,21,2,0,0,25,62,47,88,0,0,4,12,13,55,117,75,4,6,0,12,101,67,0,0,1,0,0,7,81,117,56,57,0,0,0,0,19,117,115,113,0,0,0,0,20,117,117,58
29,13,4,25,46,43,9,15,152,96,2,0,0,0,2,62,51,30,1,1,0,19,36,22,0,0,1,1,0,14,50,3,53,3,2,0,3,47,30,21,152,21,0,0,0,0,1,63,90,34,40,23,1,4,5,11,5,0,13,40,7,1,4,4,32,30,121,4,0,1,1,1,152,87,30,0,0,0,0,27,152,34,15,23,0,0,0,11,3,3,18,92,10,0,0,0,0,22,152,9,0,0,0,0,49,152,151,2,0,0,0,0,54,57,5,1,0,0,0,0,1,1,10,19,0,0,0,0
50,8,0,0,0,0,9,16,139,46,0,0,0,4,6,26,46,20,3,4,25,105,26,13,15,3,0,0,3,29,62,112,76,9,0,0,0,0,0,7,139,10,0,0,17,12,3,20,35,0,0,0,139,139,17,9,0,0,0,1,27,43,77,104,79,12,0,0,0,0,0,4,139,14,0,3,31,4,0,5,24,1,0,40,139,16,0,1,0,1,6,22,52,3,3,3,35,43,52,0,0,0,0,1,139,48,26,5,10,0,0,18,16,10,19,90,103,0,0,4,0,37,118,32,22,0,0,0
20,0,0,0,2,66,97,52,64,0,0,13,33,14,17,94,2,0,0,39,136,44,18,2,0,0,0,4,33,34,22,0,49,0,1,0,0,4,13,43,136,2,0,6,31,0,0,77,24,1,0,38,136,1,0,3,0,0,0,9,72,3,0,0,32,26,78,61,0,0,0,5,136,109,14,11,21,0,0,7,26,13,3,64,136,0,0,0,0,0,0,22,83,3,0,0,2,21,102,126,10,2,0,0,49,118,39,18,23,9,2,4,4,10,9,41,136,24,0,0,0,0,29,26,65,5,0,0
6,8,0,6,30,11,29,24,18,53,14,0,0,0,30,23,5,36,9,0,0,0,17,15,1,2,0,0,0,0,0,2,3,0,1,3,4,26,142,71,20,3,0,0,0,1,142,138,102,5,0,0,0,0,88,142,23,1,0,0,0,0,0,11,1,1,11,63,69,10,41,7,134,35,1,3,6,1,62,45,142,90,0,0,0,0,7,42,37,8,0,0,0,0,0,1,0,2,23,135,58,0,0,0,101,118,31,25,2,0,0,0,142,95,0,0,0,0,0,4,14,2,0,0,0,0,0,4
0,0,1,17,41,127,30,0,128,9,0,5,16,34,11,85,147,19,12,3,0,6,8,69,4,3,20,24,2,6,10,2,0,6,40,25,47,62,13,0,136,48,66,1,0,10,5,36,147,52,15,2,0,0,0,74,27,7,27,61,1,0,0,4,0,39,147,50,6,0,0,0,15,126,147,0,0,0,0,1,102,147,90,0,0,0,0,6,21,12,4,6,0,0,0,1,3,33,67,1,0,0,0,0,0,20,71,0,0,0,0,0,0,15,23,0,0,0,0,0,0,2,0,0,0,0,0,0
0,0,4,14,1,0,132,106,22,14,8,37,18,12,84,64,92,33,4,3,1,2,3,25,17,1,0,4,19,22,4,14,23,3,0,0,0,0,95,80,132,41,0,0,1,1,68,110,117,12,0,0,6,10,5,35,35,0,0,0,101,66,6,17,63,4,0,0,0,0,5,14,132,21,0,0,0,1,2,70,122,3,0,0,9,13,7,49,52,1,1,21,132,22,0,3,41,37,2,1,0,0,0,2,121,41,4,3,0,0,3,79,132,28,0,0,0,1,6,67,43,10,10,63,44,0,0,0
65,0,0,0,0,0,0,11,155,0,0,0,0,0,0,49,90,1,0,0,45,24,0,12,96,10,0,0,8,3,0,0,75,10,5,0,0,0,0,4,155,21,0,0,1,3,0,14,119,3,0,0,50,47,5,20,95,4,0,0,4,5,24,43,26,90,155,0,0,0,0,0,155,117,79,2,1,6,3,17,45,15,35,20,27,59,16,29,9,23,47,1,1,4,59,66,3,87,110,0,0,0,7,2,10,71,86,2,0,0,6,3,6,51,75,15,2,0,0,0,0,31,90,2,0,0,0,0
2,119,95,0,3,25,11,0,1,55,63,7,13,71,69,5,7,13,16,24,61,46,79,13,13,22,11,32,49,7,5,5,4,16,9,0,78,119,42,20,78,60,43,5,36,107,85,11,17,45,119,25,19,47,66,9,23,40,14,36,23,18,23,23,9,6,49,65,57,54,27,17,119,19,8,39,48,22,0,43,44,7,13,49,110,57,8,15,42,3,2,15,16,18,27,39,4,9,32,56,74,21,15,5,119,0,1,38,91,15,1,39,56,0,0,24,119,24,0,16,9,4,4,4,28,16,18,13
10,1,40,77,27,10,42,24,15,37,61,18,0,59,84,5,31,129,75,6,1,24,27,5,0,25,83,42,21,5,3,0,3,0,87,75,21,4,2,56,27,17,85,68,72,20,0,9,117,53,13,7,8,4,5,52,5,15,25,62,40,4,4,4,41,0,2,9,13,2,4,138,17,5,29,106,51,8,0,35,138,40,9,33,14,0,0,20,32,18,18,42,36,0,0,6,97,0,0,0,0,0,0,138,74,0,1,18,40,0,0,138,90,0,0,16,53,0,0,43,49,0,0,10,24,0,0,25
0,86,101,0,1,18,22,13,1,39,34,0,34,106,38,10,8,22,21,4,11,86,118,6,4,11,36,10,12,26,85,11,0,1,28,20,3,59,58,37,24,3,13,25,80,118,37,29,118,66,31,9,29,39,12,10,12,19,59,27,35,51,14,7,2,11,81,66,17,7,4,4,27,8,51,118,115,17,4,3,118,3,0,29,59,8,0,18,22,1,0,35,94,31,2,4,2,3,2,5,12,34,55,13,13,2,1,12,116,83,27,8,118,0,0,3,60,21,1,22,18,0,0,4,87,38,1,3
10,5,6,12,25,15,5,3,111,6,3,3,1,0,1,65,53,0,0,111,60,0,3,73,19,0,0,111,64,0,23,95,5,47,61,41,9,7,3,3,38,15,30,54,24,0,15,66,111,19,3,34,17,3,17,111,33,4,1,111,111,25,9,10,12,14,11,47,54,12,6,13,27,38,72,62,29,6,7,17,72,49,37,14,28,74,74,21,13,80,27,9,51,98,76,8,7,1,1,5,35,71,46,13,28,9,7,6,25,12,64,99,24,50,24,21,67,42,17,25,33,111,63,5,1,8,7,22
3,10,65,55,18,6,3,4,34,6,32,113,130,15,2,2,130,7,0,19,50,8,0,3,16,1,0,28,85,32,3,3,4,4,2,5,15,44,84,27,39,2,1,12,130,130,31,9,130,2,0,3,72,30,1,14,13,0,0,5,115,69,2,3,4,17,21,17,20,15,19,8,35,13,18,78,119,36,7,2,130,24,3,18,59,13,5,10,12,5,3,36,117,26,4,1,9,33,32,17,5,16,50,30,12,9,28,78,64,76,29,10,79,12,6,21,26,36,21,35,7,11,4,24,29,35,32,9
12,1,1,10,128,93,22,6,128,0,0,3,62,25,1,20,39,0,0,6,128,69,1,4,6,5,4,2,24,25,15,11,13,6,9,52,111,46,10,2,128,23,3,20,51,14,2,13,47,1,2,46,128,35,2,4,30,33,11,15,17,8,2,1,5,14,48,116,70,49,17,5,128,24,10,38,36,36,20,44,23,5,4,41,69,82,58,17,22,45,12,11,6,4,10,19,2,1,10,16,29,113,75,15,88,6,6,18,20,45,18,95,28,26,9,70,44,25,29,26,35,73,15,4,2,1,3,9
16,4,0,1,24,106,16,0,62,74,37,15,38,43,14,6,10,24,31,19,101,106,13,5,97,67,13,2,6,68,7,10,91,24,0,1,4,84,39,16,94,31,2,8,32,94,47,19,59,70,100,34,60,78,13,13,46,32,90,81,25,9,8,24,77,18,36,19,6,2,3,48,54,14,21,53,26,15,2,40,89,33,29,28,6,10,24,69,5,11,37,48,75,58,41,23,17,101,89,12,5,2,2,5,14,17,48,31,38,12,1,6,62,42,28,10,9,5,5,14,15,83,106,10,2,7,6,9
16,4,0,1,48,63,15,19,114,24,1,2,39,60,8,59,31,9,0,3,23,69,25,38,48,8,0,4,21,22,14,28,22,12,1,4,114,51,2,1,114,92,9,13,51,23,6,39,25,25,11,53,69,40,19,19,56,19,3,6,5,11,19,29,18,15,8,1,109,114,13,12,83,35,29,2,10,30,48,114,10,6,30,19,39,114,97,38,20,5,38,6,1,16,104,86,28,54,23,10,97,23,5,7,25,59,75,10,7,32,28,28,20,19,114,25,5,15,39,25,1,3,114,13,0,3,44,19
1,2,2,90,110,1,1,0,72,113,2,34,73,5,0,0,66,113,11,14,20,1,0,0,34,13,2,51,104,1,0,0,2,1,0,34,113,27,17,17,113,113,3,30,89,18,1,19,56,56,5,6,38,51,17,16,30,17,3,41,75,14,10,12,8,3,0,3,83,98,17,15,113,22,2,2,42,63,10,106,35,8,3,15,34,84,30,51,31,2,1,3,15,39,26,39,10,6,0,8,113,29,0,1,113,68,6,8,37,9,4,31,31,25,11,54,62,28,11,14,22,8,3,9,11,12,22,14
27,43,107,45,0,0,27,38,1,1,56,91,20,13,92,41,60,75,35,42,34,24,49,9,42,103,111,3,0,0,0,20,28,3,18,39,8,9,100,57,13,4,24,68,45,88,111,26,111,92,2,16,21,27,15,53,54,46,12,0,0,0,13,44,66,7,6,67,40,4,6,60,43,37,9,52,90,22,29,8,92,59,46,14,0,3,26,88,8,3,21,11,0,0,69,111,37,19,18,5,32,18,3,19,52,32,34,21,76,14,6,21,44,25,60,18,0,0,9,48,0,3,49,22,0,0,14,38
96,161,185,47,2,0,0,2,142,55,17,14,0,0,0,10,6,3,98,185,0,0,0,0,0,0,185,185,0,0,0,1,14,21,25,62,47,0,0,1,142,41,7,14,9,0,0,11,17,11,16,22,8,2,0,2,0,0,28,55,1,0,0,0,4,4,2,31,35,9,0,0,80,11,4,15,11,8,5,46,19,2,0,3,11,14,7,22,0,0,0,0,2,1,0,0,0,3,1,11,31,10,0,0,45,26,1,5,17,10,2,15,21,8,0,0,0,0,0,6,0,0,0,0,0,0,0,0
3,25,144,99,58,9,2,0,98,149,67,20,13,0,0,0,38,118,51,1,0,0,0,0,28,30,8,23,29,0,0,0,14,3,8,25,149,6,0,0,149,34,0,3,46,1,0,4,77,24,7,8,4,3,1,4,43,2,0,12,27,0,0,12,15,0,0,0,149,15,0,2,149,1,0,0,45,4,0,22,77,1,0,3,9,14,4,13,41,0,0,3,12,1,1,25,13,0,0,3,149,3,0,0,149,2,0,1,36,0,0,6,71,4,4,22,6,0,0,3,19,0,0,9,5,0,0,23
5,2,27,12,85,50,34,39,139,53,58,3,0,0,16,72,46,71,122,41,12,40,2,1,24,28,41,45,14,28,3,4,37,4,1,20,144,29,4,13,144,47,1,3,5,3,4,34,74,30,6,11,80,77,8,6,45,42,19,4,12,30,2,4,30,8,10,33,82,33,0,1,144,22,3,2,5,23,16,36,102,41,6,4,37,69,57,29,55,59,31,19,15,4,2,4,18,7,10,36,37,22,4,4,144,22,4,4,6,12,7,22,124,57,2,1,7,14,8,12,48,19,0,1,6,13,4,5
0,6,22,30,36,49,10,0,48,142,120,64,58,78,42,5,141,142,39,3,2,2,17,10,10,39,53,57,106,0,0,1,0,36,35,9,0,1,0,0,75,62,74,16,0,0,0,0,142,38,3,0,3,0,0,12,27,1,0,29,142,0,0,3,0,7,6,0,0,0,0,0,73,8,1,0,0,0,0,3,142,1,0,0,1,0,0,25,35,1,0,34,137,0,0,3,0,2,2,0,0,0,0,0,39,5,0,0,0,0,0,3,142,0,0,0,0,0,0,21,39,0,0,15,88,0,0,5
136,4,1,1,1,0,1,75,59,6,5,32,85,35,2,13,22,80,16,15,35,17,1,2,43,35,21,8,0,0,0,15,136,2,1,0,0,3,7,136,89,4,1,10,44,125,53,70,136,62,11,10,15,26,19,41,35,22,18,28,23,4,0,2,136,11,9,3,1,2,3,60,115,19,1,5,40,46,20,53,136,43,0,1,5,11,5,32,33,4,0,1,13,17,4,9,85,11,7,8,12,8,4,46,95,20,4,1,1,7,13,46,136,26,1,1,0,3,4,41,22,6,3,3,0,7,9,13
118,119,5,0,0,0,0,4,85,77,0,0,51,11,0,0,40,38,1,3,42,8,0,0,25,22,1,0,55,18,0,0,125,63,0,0,0,0,0,14,80,19,0,0,67,40,0,2,88,31,0,0,25,17,0,6,15,8,0,0,92,100,0,1,125,125,0,1,7,0,0,0,34,17,0,6,90,16,0,1,74,1,0,1,27,34,3,24,5,2,0,0,125,125,2,4,125,61,0,1,16,5,0,0,6,9,3,3,65,22,0,0,15,7,4,1,59,78,0,7,19,28,0,0,117,125,0,0
140,77,0,1,13,7,0,0,54,13,0,7,10,13,4,4,74,2,0,0,44,8,0,13,1,0,0,12,140,25,0,1,140,108,3,8,5,0,0,0,34,13,3,44,43,0,0,7,78,4,0,6,62,8,0,23,1,0,0,26,140,41,0,0,140,86,0,4,6,0,0,0,31,7,0,25,96,6,0,0,99,10,0,12,63,3,0,2,3,0,0,51,140,20,0,0,129,15,0,0,9,1,0,8,23,0,0,0,87,16,0,4,76,0,0,0,58,14,0,13,2,0,0,0,140,62,1,1
139,45,0,1,4,8,5,19,63,7,0,2,21,26,3,10,103,14,0,1,5,1,0,3,72,3,0,1,139,13,0,0,139,24,1,0,0,2,4,64,48,6,2,3,2,25,23,35,139,5,0,0,0,1,6,25,80,0,0,0,139,23,0,4,139,81,4,1,0,0,0,8,43,35,21,29,7,3,3,6,107,24,4,1,1,0,2,35,39,1,0,0,139,42,5,29,139,13,1,1,0,0,2,26,47,10,7,27,54,10,8,10,66,8,0,2,14,4,9,44,31,10,0,4,139,36,3,11
0,0,152,74,3,0,47,2,5,29,152,37,1,2,75,15,24,105,152,22,1,0,68,23,2,13,152,47,2,0,68,8,0,1,21,20,29,43,4,1,45,10,39,12,15,30,8,15,152,43,50,15,19,1,1,28,38,25,68,37,43,0,0,1,6,4,2,17,57,38,8,4,60,27,7,8,7,6,5,12,152,36,2,5,16,0,0,8,50,7,0,13,43,0,0,1,3,3,2,20,80,4,3,2,37,9,0,0,6,3,16,45,152,10,0,1,10,0,0,55,30,0,0,5,38,1,0,12
33,17,6,4,7,4,1,13,48,24,3,0,0,1,3,13,76,28,1,0,0,0,1,9,13,6,3,3,0,2,3,4,28,57,9,2,0,0,0,3,38,35,1,0,0,3,1,5,122,26,1,1,0,0,0,3,14,9,4,10,12,1,0,2,15,6,0,0,0,0,137,61,21,2,0,0,0,2,137,71,96,4,0,0,0,0,101,92,14,2,1,4,22,12,90,20,0,0,127,8,0,0,137,46,0,3,120,5,0,0,137,83,1,5,80,3,0,0,137,124,0,1,41,3,0,4,137,39
28,7,0,1,97,13,0,0,137,18,0,0,72,14,0,7,112,17,9,0,0,0,24,30,0,4,15,0,0,0,33,8,42,4,0,0,128,24,0,0,137,68,1,0,79,13,1,14,86,51,43,0,0,1,31,18,0,11,37,0,0,0,37,7,45,3,0,0,137,46,0,6,137,10,0,0,57,25,12,94,51,6,3,1,1,17,137,45,1,1,3,0,0,5,137,20,37,6,0,0,137,28,0,1,137,34,0,0,45,10,1,12,30,8,6,16,4,6,14,4,2,4,4,4,2,3,18,8
0,0,11,23,11,36,115,55,65,14,5,2,23,115,59,24,115,32,2,0,1,4,31,115,21,6,0,0,0,0,34,81,8,0,8,37,49,115,35,11,115,74,43,4,11,30,18,44,32,33,115,35,0,0,38,95,0,6,50,16,0,0,75,115,18,33,11,78,94,46,9,6,115,115,37,6,5,7,6,43,31,18,86,27,0,0,20,68,0,7,88,26,0,0,14,37,0,9,1,3,4,0,0,0,4,51,31,4,0,0,0,0,0,4,84,23,0,0,2,10,0,0,69,24,0,0,6,21
0,2,59,8,0,1,115,40,2,3,15,20,42,115,115,17,87,35,13,2,23,54,26,99,18,9,31,0,0,0,115,90,0,0,103,27,8,20,58,4,18,5,27,70,95,115,28,21,115,78,33,6,12,27,20,106,16,27,115,4,0,0,38,37,0,0,103,35,2,5,11,0,15,15,35,115,63,29,3,4,115,115,31,16,8,4,4,35,7,30,97,0,0,0,18,21,0,0,0,0,0,0,0,0,0,0,0,0,0,0,0,0,0,1,1,0,0,0,0,0,0,0,5,0,0,0,0,0
10,11,8,0,0,0,43,111,16,48,25,2,0,0,5,25,0,5,37,34,9,1,2,2,0,0,5,38,68,70,63,6,123,18,0,0,1,2,45,123,110,16,3,1,7,8,61,96,36,3,11,30,9,1,36,76,8,1,86,123,83,29,17,6,123,122,4,3,4,6,3,4,109,35,0,1,24,27,19,14,123,36,0,1,2,1,4,28,25,4,17,23,1,0,0,2,87,84,6,4,13,34,25,8,34,5,1,1,6,48,85,104,80,5,0,0,0,0,4,123,19,0,0,0,1,0,0,23
0,0,0,0,8,46,9,0,1,0,0,0,42,120,21,7,37,0,0,0,2,18,30,90,18,0,0,0,2,17,7,44,0,0,2,7,17,53,32,0,11,3,4,22,100,82,3,7,134,18,4,3,7,9,3,34,40,2,0,0,11,36,8,16,0,2,9,23,7,17,71,0,2,11,31,79,31,14,54,5,39,63,29,9,6,67,44,9,11,4,0,0,12,134,134,4,2,2,2,0,0,20,121,7,14,2,0,1,1,6,88,32,4,1,0,0,134,134,38,13,6,0,0,0,134,134,134,11
152,152,40,1,1,0,0,3,126,56,42,16,6,1,0,1,1,25,117,20,9,1,1,2,1,65,114,1,0,1,2,1,46,152,152,2,8,3,0,0,16,72,37,9,39,62,28,9,33,22,40,2,2,11,40,85,10,24,31,0,0,4,14,22,24,42,16,16,27,1,0,0,6,5,3,61,123,18,4,3,127,58,4,14,13,3,5,21,36,70,20,0,0,0,0,3,10,31,10,32,11,0,0,0,0,6,31,100,38,0,0,0,55,98,31,18,3,0,0,0,26,48,1,0,0,0,0,0
48,35,0,0,1,12,151,35,151,80,0,0,0,0,50,67,82,27,1,0,0,0,0,8,20,0,0,1,1,0,0,5,103,119,1,1,3,0,0,1,151,62,0,0,0,1,1,13,78,11,1,3,4,15,20,12,8,0,0,0,0,1,26,29,104,53,1,0,0,0,3,35,151,40,3,1,0,4,4,26,52,18,37,14,7,41,41,15,15,38,15,0,0,2,33,23,44,135,71,0,0,0,2,28,142,151,33,0,0,0,0,7,23,42,48,31,5,3,1,0,1,14,13,10,8,6,6,4
23,5,0,6,30,11,8,12,142,40,4,6,2,1,2,42,26,9,13,101,142,2,0,5,0,8,34,108,142,10,0,0,22,11,30,42,54,6,1,7,142,45,8,5,2,1,2,54,59,4,1,85,112,15,7,14,1,3,86,142,89,14,2,1,6,24,98,103,22,4,0,0,136,55,23,27,4,0,9,32,25,5,0,8,37,52,44,25,38,17,21,36,48,59,10,10,14,6,14,20,25,57,50,16,19,33,25,8,4,4,15,12,8,21,13,21,29,1,4,5,14,53,19,19,28,1,0,0
0,0,1,0,0,0,128,132,26,12,2,0,0,0,31,92,16,7,5,19,23,12,4,6,1,2,19,8,4,5,12,18,31,6,15,10,0,0,115,141,141,14,0,0,0,0,31,141,83,3,16,22,3,0,1,22,1,3,53,18,0,0,0,1,36,65,141,74,0,0,1,10,141,141,37,1,0,0,0,17,71,21,11,4,0,0,6,26,12,6,14,1,0,0,0,25,1,29,141,37,0,0,1,1,49,138,43,2,0,0,0,0,12,18,23,9,0,0,3,3,8,10,16,2,0,0,0,9
0,0,0,0,3,4,4,0,2,1,0,1,145,68,2,0,145,30,0,2,74,33,2,7,49,5,0,0,0,0,0,0,0,0,0,0,15,47,36,1,18,1,0,0,145,145,28,10,145,25,0,1,34,40,7,25,44,5,0,0,0,0,0,0,1,2,1,0,75,47,6,1,63,5,0,0,145,119,6,4,145,30,0,0,17,14,2,7,34,3,0,0,0,0,0,0,3,4,5,7,83,18,0,1,61,21,11,30,145,35,0,0,145,54,4,1,5,1,0,0,16,3,1,0,0,0,0,0
0,0,0,39,110,6,1,0,70,0,0,64,135,17,19,51,135,0,0,1,3,5,3,79,60,0,0,0,1,2,1,15,0,0,0,38,64,0,0,0,66,3,2,135,135,0,0,12,135,27,9,15,12,0,0,42,65,36,11,0,0,0,0,3,0,0,0,13,17,0,0,0,21,10,7,135,135,0,0,2,135,52,12,35,29,0,0,33,44,32,9,0,0,0,0,5,0,0,0,2,3,0,0,0,2,0,0,64,118,0,0,2,135,7,1,40,63,1,1,50,69,1,0,0,0,0,0,12
3,5,12,5,30,64,62,26,4,2,3,7,4,55,101,33,0,2,3,5,8,87,86,13,1,0,0,2,12,23,66,34,23,0,0,10,128,72,40,33,128,45,30,25,9,14,48,67,16,15,37,128,49,25,13,9,22,23,20,21,4,1,10,41,21,14,40,58,128,13,2,2,128,104,38,20,8,0,0,34,70,21,57,128,20,0,0,5,3,51,128,53,1,0,0,0,2,16,102,36,15,6,0,1,70,110,49,6,0,0,0,10,39,19,13,17,0,0,0,10,0,2,44,14,1,0,0,0
12,19,54,11,46,5,1,9,33,29,14,10,58,45,109,64,41,2,2,17,55,12,48,56,26,4,1,45,127,3,2,14,58,12,0,14,107,12,0,9,72,11,5,38,127,40,22,35,127,39,13,13,44,6,9,91,13,27,62,58,94,0,0,1,54,14,39,67,84,4,1,3,17,66,127,75,100,10,0,2,86,127,105,14,10,1,0,10,8,18,74,39,21,3,1,6,48,10,26,18,3,7,67,32,19,13,68,30,17,0,3,15,6,14,16,15,7,1,1,5,3,6,4,14,14,17,4,2
0,0,1,8,80,71,19,2,21,11,17,25,17,24,48,56,42,64,23,5,10,12,1,18,26,40,1,0,18,25,0,0,2,0,3,13,91,126,58,25,77,63,33,13,10,10,34,90,63,58,2,0,24,33,0,11,54,79,0,0,12,12,0,0,52,16,0,0,126,126,40,36,126,72,0,0,4,8,23,99,69,61,4,5,21,16,3,5,41,73,0,0,0,1,0,0,92,84,0,0,126,55,0,0,126,126,0,0,1,6,6,1,79,59,0,0,1,4,7,3,14,17,0,0,0,0,0,0
148,148,49,8,1,0,0,3,148,30,2,1,0,0,0,1,0,1,6,2,0,1,1,0,0,1,8,1,0,0,1,1,148,129,36,4,0,1,13,96,148,20,0,0,3,4,0,16,0,0,0,0,2,7,10,1,0,0,0,0,0,0,17,5,148,148,61,3,0,0,5,50,130,35,0,2,9,1,0,9,0,0,0,2,13,7,4,0,0,0,0,0,0,2,12,1,90,39,8,0,0,0,10,148,53,9,0,0,7,15,1,47,0,0,0,0,9,77,39,2,2,0,0,0,0,12,58,33
57,0,0,0,0,0,0,13,156,33,10,1,1,0,0,27,18,33,93,51,2,0,0,0,4,48,102,32,1,0,0,1,70,4,2,1,0,0,0,1,156,36,3,0,0,2,2,11,68,32,56,10,1,47,51,5,2,12,53,5,1,51,100,9,41,35,55,0,0,0,0,0,156,51,10,3,4,11,5,21,50,5,36,41,33,117,60,12,13,29,68,18,2,53,96,10,6,50,156,1,0,0,7,12,114,93,66,5,1,0,0,6,27,11,62,38,5,0,1,7,0,15,84,24,1,0,0,0
11,0,0,0,0,2,47,90,134,26,0,0,0,0,3,134,88,35,14,2,0,0,2,44,10,21,22,3,0,0,2,6,28,10,1,0,0,0,1,17,134,116,0,0,0,0,1,91,134,54,0,0,12,27,29,39,4,4,1,0,3,8,38,78,22,2,0,0,0,2,1,14,134,18,0,0,0,0,5,134,60,5,0,0,11,60,84,134,2,0,0,0,4,34,117,82,5,4,0,0,1,0,0,1,128,71,0,0,0,0,0,34,84,31,2,6,25,28,13,28,6,0,0,5,28,25,40,20
4,0,0,0,8,27,100,43,62,3,0,0,0,0,18,126,15,0,0,0,3,32,6,13,4,0,0,0,0,17,25,11,19,5,30,25,2,17,130,68,130,16,3,0,2,2,31,130,62,1,0,4,42,79,9,25,46,4,0,0,3,22,15,23,14,28,130,125,0,0,1,3,130,130,87,12,4,0,0,9,51,21,1,35,98,25,3,5,18,0,0,5,20,39,60,46,2,7,60,19,0,0,66,32,12,63,46,3,11,5,13,39,2,8,0,5,130,64,1,1,0,0,0,6,61,83,49,7
1,4,6,18,10,8,131,49,20,22,5,2,0,3,86,86,13,2,0,0,1,14,37,33,44,7,0,0,0,0,3,56,47,2,0,0,0,0,102,74,131,23,0,0,0,6,46,101,38,9,0,0,4,58,51,48,32,0,0,0,0,3,32,129,105,5,0,0,0,0,0,5,131,9,0,0,16,28,6,22,18,1,0,0,76,131,67,32,2,0,0,0,4,15,130,131,79,10,0,0,0,0,0,1,131,7,0,4,38,5,0,2,7,0,2,30,131,22,3,1,0,4,17,9,15,4,27,28
2,10,14,0,2,59,83,7,75,29,8,0,0,5,72,85,51,73,8,0,0,0,4,20,10,41,34,0,0,0,0,2,20,4,0,43,44,29,14,2,123,86,0,0,0,2,11,32,94,82,5,0,0,4,32,36,34,24,16,2,4,0,2,21,15,2,1,88,123,0,0,2,123,7,1,4,3,1,50,115,117,12,0,0,0,9,123,120,120,13,0,1,7,1,5,45,1,0,0,54,123,4,0,0,21,1,0,13,9,0,11,24,123,62,0,0,0,0,16,20,117,42,0,6,10,0,0,2
0,0,0,2,0,0,130,130,23,6,2,8,14,8,82,106,88,34,2,2,2,2,2,19,24,4,0,4,13,21,4,9,31,3,0,0,0,0,46,68,130,37,0,0,0,0,29,104,130,12,0,0,0,0,1,37,22,0,0,0,65,93,10,14,73,10,0,0,0,0,1,10,130,22,0,0,0,0,0,61,123,6,0,0,4,0,0,59,26,2,1,29,130,48,1,1,29,84,11,1,0,0,0,0,116,67,17,1,0,0,0,42,130,49,0,1,1,0,0,32,18,10,13,91,48,2,1,0
1,5,24,38,5,8,62,69,0,2,40,90,64,46,16,15,8,46,118,125,59,5,0,0,1,15,127,127,16,2,0,0,13,16,27,35,19,29,25,27,22,12,20,20,75,45,12,12,127,103,35,11,13,11,1,12,34,37,104,127,10,1,0,3,41,22,4,0,7,22,11,27,22,24,62,53,51,17,4,5,127,31,26,29,9,2,0,66,73,13,2,21,32,3,0,28,37,82,16,0,0,3,0,15,24,57,31,17,27,81,4,4,124,69,10,16,17,30,4,21,46,31,2,11,4,4,0,10
1,0,2,3,34,118,19,3,35,10,6,6,17,87,29,57,27,7,8,27,32,64,30,32,40,10,5,20,16,17,10,36,10,6,6,118,89,61,3,1,118,71,21,61,31,17,7,20,60,25,18,114,88,26,11,15,90,22,6,21,43,10,6,20,11,2,1,66,118,31,0,1,118,16,2,23,100,16,5,60,56,6,3,37,118,23,6,28,86,10,5,9,53,12,5,30,4,2,9,56,117,21,0,0,42,57,57,36,41,6,2,15,15,26,71,52,39,6,3,8,21,61,75,14,9,1,1,5
14,18,1,4,49,32,48,13,50,23,1,3,29,23,57,56,18,10,3,5,30,36,76,39,65,21,2,0,4,11,39,58,52,30,1,5,79,46,5,4,114,67,5,6,65,24,3,16,61,47,8,16,114,38,5,7,114,114,0,0,15,4,2,13,30,25,16,25,84,44,5,6,114,34,28,14,35,44,20,65,75,19,4,6,85,114,20,49,114,45,1,0,9,11,2,98,23,17,13,14,33,22,4,23,22,40,44,35,33,13,11,20,12,114,72,29,36,16,2,5,50,113,53,13,16,7,1,23
9,20,19,3,3,3,30,19,4,1,11,19,63,87,28,3,89,22,35,27,26,37,6,12,14,14,53,65,25,2,0,0,14,18,17,5,14,22,20,29,24,1,6,15,139,139,18,14,139,9,1,3,33,48,12,48,34,2,1,11,107,55,0,1,3,8,25,24,31,15,16,5,35,17,14,105,139,43,4,2,139,54,8,24,40,13,2,8,27,1,2,13,139,55,1,1,10,7,58,45,3,1,1,1,9,8,37,139,64,1,0,0,119,28,7,37,35,13,17,19,9,1,3,16,68,33,14,4
8,4,12,20,53,109,9,9,11,8,16,47,34,20,12,10,29,22,15,71,16,5,6,10,97,55,9,34,6,0,0,5,50,20,6,8,13,109,32,60,33,14,14,44,42,97,60,48,98,21,6,22,30,44,24,79,51,8,2,14,20,22,13,79,109,69,14,61,48,8,1,10,62,38,24,109,109,17,5,9,109,43,9,33,73,11,4,19,31,64,16,15,50,9,5,30,97,10,2,10,78,17,3,35,49,5,3,19,109,33,7,25,101,11,8,9,66,16,5,30,106,41,14,4,26,11,2,18
9,4,0,9,32,72,86,13,39,65,2,7,68,65,10,3,64,76,3,4,73,39,7,11,32,44,7,9,50,25,24,21,22,25,13,57,74,17,10,1,64,36,12,14,86,112,12,7,112,62,5,3,40,69,13,37,55,41,6,6,112,99,12,15,42,15,8,9,45,68,13,34,34,42,51,33,112,51,6,15,69,49,84,44,43,37,18,36,58,32,21,11,43,108,19,30,46,8,3,5,12,29,8,51,44,18,17,12,9,16,6,31,27,55,43,26,37,18,15,22,7,112,112,14,20,3,0,1
68,0,0,1,65,47,7,114,51,0,0,3,71,22,12,120,87,2,0,3,88,22,13,105,50,1,3,32,48,11,7,46,22,3,18,38,64,29,16,55,120,22,12,15,23,9,16,120,107,89,61,29,44,11,5,25,78,36,3,13,5,0,0,9,29,15,46,85,9,5,6,9,120,40,26,42,2,0,0,39,96,34,20,1,0,0,4,58,30,17,6,2,0,0,8,16,47,9,8,26,22,29,16,67,38,7,7,26,32,25,28,81,21,10,3,0,0,0,80,120,12,16,7,0,0,0,94,65
0,0,24,24,46,92,26,6,45,35,23,9,37,78,14,9,138,138,0,0,0,2,5,38,22,62,1,1,0,0,6,7,17,3,30,31,23,21,20,42,37,12,45,33,117,59,15,33,138,28,0,0,9,14,12,138,69,12,5,10,0,0,5,19,35,9,11,6,24,16,28,63,52,31,19,40,138,19,5,14,138,65,12,8,11,3,2,25,55,3,0,0,1,12,43,24,62,78,6,6,26,22,23,7,34,69,21,12,73,6,0,0,138,98,21,2,1,0,0,3,23,10,23,12,7,11,6,2
10,1,3,3,10,83,78,34,34,38,0,0,1,73,102,14,61,129,0,0,0,5,15,25,36,87,2,0,0,0,2,4,17,17,16,8,50,108,13,2,129,129,2,0,0,11,12,23,64,129,0,0,0,0,1,11,10,24,0,1,0,0,20,7,7,9,55,35,60,38,7,6,129,26,4,1,15,22,17,129,129,23,3,2,0,0,0,61,5,3,9,20,1,0,5,3,7,4,5,16,126,24,7,10,129,50,7,9,34,13,4,24,129,18,0,0,0,1,12,27,2,0,3,5,0,2,42,11
72,9,0,23,79,6,0,28,72,6,4,6,27,15,7,106,22,2,3,4,6,6,25,114,4,5,8,0,0,9,64,26,57,26,13,69,82,7,0,15,114,82,39,61,29,6,1,42,78,46,65,89,16,2,6,55,53,51,48,1,1,1,19,40,51,19,17,71,29,3,3,60,114,27,9,57,50,6,8,97,44,6,9,47,101,34,23,81,27,6,4,10,30,12,69,114,43,0,0,1,25,9,9,114,49,4,2,6,92,18,11,79,68,5,3,28,33,7,7,61,23,19,24,42,19,2,6,23
1,2,3,17,20,0,0,0,2,9,5,50,77,0,0,0,4,25,15,100,46,0,0,0,11,0,0,70,47,1,2,13,2,0,0,12,43,8,7,4,8,6,2,21,51,46,10,8,39,21,8,60,44,5,1,23,2,1,9,146,100,0,0,3,4,0,0,26,41,9,31,16,10,4,1,35,46,21,10,2,59,16,1,10,19,33,28,13,2,1,6,53,70,112,60,0,1,0,0,1,10,25,151,48,1,0,0,7,11,17,151,78,4,0,0,1,34,151,137,17,1,4,9,5,35,151,151,1
48,34,9,71,35,0,0,0,69,23,14,123,90,0,0,2,123,18,3,11,45,13,1,17,0,8,5,4,33,42,3,0,27,8,2,98,96,9,6,4,45,2,0,29,123,35,7,11,123,14,7,24,43,10,2,33,2,22,35,31,19,7,0,0,0,3,8,123,123,16,10,1,25,12,19,75,88,30,12,2,123,22,5,32,30,1,0,10,12,3,6,32,32,0,0,1,0,1,6,123,123,0,0,0,4,3,12,83,116,0,0,1,118,1,0,12,49,2,0,51,20,0,0,10,36,1,0,10
0,0,0,11,71,46,2,0,38,24,2,3,17,27,8,7,155,66,1,3,6,0,0,3,46,24,6,16,23,0,0,0,0,5,6,33,145,10,1,0,78,14,0,2,44,11,12,55,155,35,0,0,9,1,0,47,52,5,0,3,34,7,1,11,4,9,11,48,155,5,0,0,131,17,0,6,83,5,2,19,155,50,0,3,9,0,0,15,29,5,1,11,50,8,1,8,4,3,1,26,155,14,1,0,101,25,17,36,56,1,0,7,155,25,0,0,8,3,1,9,18,1,1,5,50,33,3,0
1,1,1,0,11,3,2,8,0,0,5,1,8,2,3,10,0,0,3,67,129,129,2,1,40,28,34,86,86,129,36,43,0,1,1,2,15,7,2,1,12,1,0,1,2,4,8,13,26,10,17,129,121,8,0,4,46,99,100,129,129,15,0,0,0,1,5,0,14,8,1,0,23,6,7,0,0,1,1,2,64,8,1,5,129,15,0,4,99,51,3,12,129,14,0,0,0,1,2,0,8,2,3,1,19,7,3,0,0,0,1,3,42,19,1,9,129,4,0,0,82,42,1,9,119,3,0,0
1,1,6,12,43,37,0,0,19,2,2,1,1,1,0,3,2,0,0,0,0,0,0,0,0,0,0,0,0,0,0,0,24,2,9,20,33,82,25,18,138,11,1,2,9,32,13,26,37,2,0,0,25,47,8,4,0,0,0,0,5,2,0,0,88,19,0,0,1,108,63,19,138,35,0,0,16,82,63,29,19,2,11,13,46,104,94,69,4,17,57,18,16,3,0,8,91,107,2,2,9,15,10,6,48,29,1,4,96,138,30,7,22,2,4,1,19,138,138,138,43,14,32,5,0,0,14,138
81,0,0,0,0,1,65,125,70,0,0,19,51,5,6,116,3,1,1,51,124,5,1,2,82,9,1,3,4,0,0,22,125,55,27,10,0,1,26,90,125,23,1,9,23,3,4,98,16,8,5,76,114,4,1,4,59,67,6,12,7,0,0,2,53,116,125,43,1,0,0,0,125,81,47,12,4,0,0,12,30,20,9,99,59,0,0,3,63,49,9,27,8,0,1,2,1,2,50,19,6,31,10,5,45,54,28,8,0,1,4,14,17,23,10,96,24,0,0,0,25,6,5,38,8,1,5,6
0,0,1,0,0,0,108,106,0,2,2,0,0,3,69,63,0,1,0,0,0,15,80,11,1,1,0,0,0,1,58,26,12,2,1,20,4,1,118,122,104,7,0,0,4,5,49,122,18,3,1,4,52,48,54,19,50,16,1,1,5,9,44,47,34,44,55,120,4,0,4,14,122,122,17,8,3,1,2,32,23,34,48,35,44,9,7,3,28,77,25,3,4,1,6,5,6,35,91,97,0,0,0,0,50,100,30,10,14,45,26,3,2,7,14,8,7,82,122,6,1,7,4,0,0,5,122,66
52,17,1,0,0,30,133,133,123,4,0,0,0,1,59,132,30,0,0,0,1,2,6,23,0,0,0,6,0,0,3,10,109,133,133,11,0,9,35,55,133,37,14,4,0,0,4,34,63,3,0,0,11,22,20,10,1,0,0,0,6,8,15,46,13,66,94,55,9,1,0,0,133,47,28,14,2,25,34,21,27,1,0,0,1,52,95,73,15,3,16,5,3,3,6,63,2,8,15,18,16,11,9,5,4,4,9,51,31,40,39,6,5,0,3,16,7,37,59,95,15,1,3,0,0,0,11,133
0,0,0,0,30,54,7,0,43,0,0,1,153,126,10,27,153,0,0,0,17,13,4,79,15,0,0,0,1,0,0,4,0,0,0,9,106,19,0,0,62,4,3,40,153,30,1,14,153,13,3,6,35,3,0,63,38,1,1,0,0,0,0,4,1,0,0,10,86,14,0,0,20,23,29,137,153,5,0,1,153,92,29,29,14,1,0,13,42,4,1,0,0,1,1,2,5,0,0,1,63,11,0,0,9,7,8,32,63,22,4,4,98,41,10,8,6,4,5,32,23,3,0,0,1,8,4,5
0,0,13,47,49,6,0,0,2,1,53,108,41,28,5,4,21,11,121,121,10,6,4,15,1,0,121,121,10,0,0,0,0,0,0,8,58,41,0,0,23,4,4,16,121,104,10,15,121,15,22,14,29,30,9,54,10,0,26,46,101,80,2,2,0,0,3,58,47,21,2,0,13,24,82,85,60,10,2,3,100,92,73,21,48,7,0,5,7,9,14,30,121,38,1,1,0,0,1,11,18,54,26,0,15,9,18,6,1,4,43,39,17,20,21,12,52,48,7,29,6,6,5,16,92,104,35,23
132,132,18,0,0,0,5,30,57,96,27,0,0,0,16,60,32,25,30,21,0,0,0,9,13,41,22,9,0,0,0,0,52,33,8,0,3,18,49,109,132,6,0,0,0,0,18,132,119,20,8,0,0,0,0,6,2,12,10,0,0,0,0,0,47,81,13,4,12,37,18,28,132,132,2,0,0,0,1,48,109,39,1,0,0,0,5,3,0,4,5,0,0,0,4,1,33,132,27,14,8,3,32,23,53,132,5,0,0,1,117,57,15,14,0,0,0,2,86,56,4,0,0,0,0,0,15,32
153,14,0,7,4,1,27,74,102,21,1,0,0,0,52,125,30,4,5,5,28,1,0,19,4,0,0,6,52,12,14,7,43,1,0,35,34,0,25,74,153,29,0,0,0,0,37,98,108,16,3,23,35,0,0,8,2,5,25,27,62,0,0,0,29,9,43,153,27,0,0,4,153,59,12,13,0,0,0,39,130,10,11,25,7,1,13,20,2,7,61,19,3,0,3,5,10,8,24,88,53,64,3,4,153,68,9,13,6,8,5,28,68,12,4,3,0,3,35,22,30,7,1,3,1,0,5,13
1,0,0,15,11,84,30,0,1,0,3,4,12,129,53,3,20,6,11,4,4,62,65,124,44,4,0,0,0,0,5,129,8,0,0,0,3,129,71,8,93,34,34,6,6,64,55,23,32,87,129,12,3,5,1,13,67,121,42,0,0,0,0,31,31,11,0,2,16,76,11,5,129,53,4,0,0,1,1,32,129,71,41,0,0,0,0,22,17,62,25,0,0,0,5,7,40,91,0,1,15,12,0,0,62,129,27,0,0,0,0,2,63,84,16,1,0,0,0,3,8,5,4,9,2,2,8,10
28,28,14,12,4,2,4,16,84,65,7,3,1,21,33,24,3,7,16,10,22,126,54,1,0,0,2,7,69,137,36,0,42,20,9,4,0,0,4,24,78,51,40,17,3,13,23,32,5,13,76,112,54,35,22,1,0,1,8,137,137,57,5,0,88,50,14,33,3,0,0,2,137,27,15,33,9,1,0,23,38,5,11,67,108,8,2,11,1,1,3,137,137,1,1,5,43,19,4,15,11,15,8,26,38,4,2,8,7,20,17,54,16,0,0,1,65,53,18,43,13,0,0,94,42,13,12,45
8,12,24,45,6,14,35,9,17,53,58,21,2,29,30,0,20,42,50,34,6,9,9,3,27,17,17,48,26,1,0,5,24,10,29,72,13,1,3,136,99,70,30,52,9,0,0,3,15,27,27,92,41,2,2,7,11,22,12,31,53,18,6,16,136,1,1,7,2,0,2,136,115,11,4,13,11,2,8,99,24,2,1,44,136,18,13,33,1,0,0,5,88,36,19,33,136,23,0,0,0,0,1,136,102,19,6,0,0,5,49,136,7,21,18,17,49,39,53,33,0,0,5,26,41,17,8,3
37,49,11,14,4,0,1,5,64,62,28,17,4,0,5,11,9,16,42,87,40,15,35,4,0,0,7,22,145,100,40,0,41,78,10,28,16,7,6,7,133,56,10,23,23,8,3,9,30,11,7,39,144,24,1,3,0,0,2,85,145,5,0,1,40,8,0,2,11,27,25,33,70,5,0,1,11,36,30,78,27,1,0,5,54,103,22,39,18,1,0,145,145,1,2,20,18,10,11,3,6,30,25,31,10,9,36,3,4,29,55,56,14,2,39,9,9,50,40,48,31,1,4,83,83,1,3,67
2,0,0,3,13,60,36,33,23,0,1,70,32,5,25,113,2,2,22,135,83,2,9,15,86,135,83,119,10,0,2,63,14,2,13,32,18,26,22,42,25,2,8,41,28,7,62,127,83,24,48,93,25,3,57,74,12,116,135,51,29,20,0,0,10,2,9,35,18,5,26,45,36,23,27,29,32,9,31,28,135,38,16,5,2,13,17,41,20,10,17,5,30,126,15,8,8,8,25,26,12,3,5,6,20,10,13,11,6,6,18,17,41,12,5,1,0,5,20,52,36,33,43,16,5,20,10,21
17,9,2,2,25,31,12,4,42,34,2,4,32,18,18,20,80,52,0,1,20,13,27,28,55,26,0,0,23,76,44,14,26,14,17,16,35,23,4,9,60,24,15,12,31,57,20,27,128,76,5,1,26,40,6,33,19,15,0,0,128,128,15,5,27,22,14,7,7,4,3,14,27,108,85,24,18,7,3,10,50,112,91,48,48,25,5,15,5,10,74,128,128,120,1,2,18,50,24,13,8,0,0,1,36,56,28,21,7,2,35,42,3,14,17,29,10,17,119,42,0,3,69,96,11,23,80,3
14,1,3,17,25,14,40,20,72,29,17,6,0,0,8,39,115,52,35,16,1,2,6,60,31,17,54,107,35,0,0,16,30,7,64,115,19,2,7,11,115,44,36,52,0,0,1,24,115,24,39,57,8,7,3,70,67,1,0,30,75,15,17,88,33,9,44,115,15,5,16,26,113,25,26,84,40,19,25,57,37,3,4,16,29,66,37,68,6,0,0,2,31,38,78,115,11,1,2,25,69,25,41,45,22,0,0,32,95,22,24,57,32,2,1,12,42,36,50,90,4,32,15,4,29,50,60,14
0,0,0,3,112,98,10,2,24,0,0,3,39,74,14,30,23,23,19,11,46,63,7,23,26,18,22,9,3,23,33,38,5,2,4,36,125,34,5,5,125,16,8,21,64,26,12,50,18,14,24,86,19,3,6,16,8,9,21,28,5,3,43,45,2,3,4,109,125,17,0,0,89,32,9,50,73,13,19,49,48,52,40,58,6,1,12,37,0,4,58,125,5,1,8,4,0,3,10,16,125,111,0,0,36,92,50,15,62,25,3,5,60,69,29,24,4,7,62,33,1,3,49,57,2,8,115,24
8,16,41,25,56,17,1,1,10,43,33,33,103,50,1,0,29,117,17,11,39,36,2,1,67,63,6,3,14,16,3,9,45,8,12,5,15,117,47,23,106,58,28,23,52,87,29,20,33,93,43,61,94,26,1,2,72,92,46,37,10,8,2,19,37,1,0,5,21,117,38,21,117,9,0,2,7,53,23,56,117,46,10,15,31,58,17,31,69,61,27,38,22,37,13,21,21,33,14,40,22,13,2,4,106,102,28,11,3,12,5,20,80,75,26,7,7,21,7,13,44,14,5,14,33,37,11,26
0,0,0,0,29,54,6,0,31,45,0,0,102,102,0,0,82,116,0,0,17,15,0,0,2,4,0,1,25,18,0,0,2,0,0,0,38,126,52,2,126,69,0,0,40,87,17,24,62,50,0,0,13,29,7,9,0,0,1,4,31,32,9,0,16,10,1,2,57,122,43,8,92,16,0,1,10,32,51,126,17,2,0,0,12,25,37,126,6,14,2,2,16,20,16,7,25,17,10,13,42,33,3,10,15,7,4,23,122,43,40,66,9,0,0,3,23,21,126,126,2,3,0,0,5,26,126,62
0,0,0,0,1,47,62,22,0,5,1,0,0,104,87,5,0,77,31,0,0,120,33,0,0,120,54,0,1,37,8,0,8,11,5,0,5,101,117,31,74,116,10,0,0,51,90,28,14,120,42,0,0,28,12,2,0,35,13,0,2,30,7,0,28,32,13,3,15,54,29,13,120,32,2,0,3,20,29,120,46,12,1,0,0,31,29,35,0,2,1,3,6,40,22,6,10,5,10,9,98,107,28,20,120,0,0,0,21,39,34,120,45,6,6,0,0,9,32,108,1,7,7,3,11,59,7,5
39,78,48,10,38,32,19,4,28,83,117,66,52,9,2,3,117,97,14,11,6,0,0,13,46,25,19,32,0,0,1,14,81,108,11,1,11,39,46,16,109,76,53,27,38,41,50,25,75,67,74,72,7,0,0,40,23,0,0,11,1,0,4,114,12,34,25,22,57,32,9,3,117,69,20,10,8,11,11,56,63,9,9,117,12,0,0,66,10,0,0,107,13,0,0,80,5,26,12,7,11,2,0,0,42,28,6,0,0,0,0,40,43,0,0,15,1,0,0,117,9,0,0,106,13,0,0,35
1,0,0,8,59,58,3,0,19,6,0,3,4,2,0,1,1,0,0,0,0,0,0,0,0,0,0,0,0,0,0,0,22,1,0,4,21,65,73,20,142,21,0,1,3,15,17,26,33,4,0,0,2,36,13,7,0,0,0,0,0,1,0,0,113,30,0,0,0,30,88,28,142,17,0,0,0,57,119,48,13,2,7,6,21,102,116,49,1,7,25,7,9,7,0,1,70,119,5,3,25,40,5,4,17,7,0,0,37,142,142,30,48,6,6,2,1,51,142,142,53,27,38,4,0,0,0,101
9,15,9,14,41,33,43,50,81,62,7,1,0,0,35,146,47,13,0,0,0,0,27,53,32,0,0,1,35,2,0,11,50,3,0,16,146,35,24,37,146,27,3,1,3,1,13,78,120,39,21,5,0,0,1,13,51,10,0,7,21,0,0,2,44,55,9,33,145,17,1,4,146,87,3,2,2,0,0,42,121,27,6,1,0,0,2,46,41,16,2,3,1,0,0,2,12,79,25,62,39,0,0,1,111,126,30,2,0,0,0,16,88,79,2,0,0,0,0,7,35,17,0,0,0,0,0,0
11,2,0,1,4,58,71,12,6,0,0,0,0,15,121,91,2,0,0,0,3,34,56,22,5,0,0,0,2,15,30,24,16,3,0,6,128,128,58,17,128,11,0,2,19,42,87,128,72,2,0,1,36,51,35,32,50,6,0,4,17,15,20,24,21,26,22,116,128,15,4,8,128,128,29,28,20,2,0,3,85,16,0,7,68,5,1,6,71,8,3,9,8,1,6,23,46,26,26,44,14,1,43,69,26,117,39,12,11,5,0,1,7,13,1,4,58,48,8,5,12,0,0,0,3,17,40,61
4,0,0,0,25,106,125,37,47,5,1,2,3,14,54,87,23,23,12,12,6,6,2,8,1,3,15,48,41,15,2,0,35,8,9,83,125,71,50,89,125,56,8,7,2,2,12,125,56,46,19,25,5,18,28,10,0,2,26,34,9,3,9,7,38,105,61,63,57,17,43,22,125,125,61,13,13,21,25,25,36,5,0,3,11,71,125,49,24,0,0,3,4,2,28,84,30,108,18,0,9,33,25,14,23,27,8,9,21,26,58,52,22,21,37,24,18,13,8,13,42,19,18,4,1,0,2,34
1,3,26,90,69,3,2,5,68,85,44,45,19,3,7,49,21,25,21,120,120,20,13,10,20,37,70,40,50,53,120,40,0,2,32,106,62,8,0,0,20,33,31,21,33,38,40,28,93,27,86,104,55,5,20,45,10,45,120,120,24,4,1,1,1,3,6,23,95,50,8,0,10,39,96,39,41,14,3,4,120,106,37,5,1,3,4,18,22,5,23,49,21,29,10,7,1,39,18,1,2,33,19,1,1,37,68,3,0,6,40,17,4,41,17,0,2,15,27,5,2,1,0,0,23,43,26,4
5,0,0,0,10,31,114,62,34,3,2,1,15,18,47,114,2,1,2,4,49,80,38,14,12,7,1,0,0,6,44,35,10,15,91,114,43,31,81,40,114,64,27,11,7,10,41,114,28,10,19,42,39,36,20,19,38,48,14,4,1,1,7,24,8,8,49,76,63,114,22,8,114,37,14,11,15,33,18,61,41,6,3,19,55,80,55,34,77,11,1,1,1,3,19,61,10,12,8,51,94,56,12,3,104,29,3,5,9,12,86,54,31,12,7,38,51,18,104,32,60,16,3,2,0,0,22,52
26,0,0,0,0,1,47,140,43,5,7,6,7,52,88,118,16,17,43,18,8,25,50,79,10,18,35,20,63,45,20,49,64,1,1,1,0,0,4,41,140,45,19,3,0,0,4,60,41,61,140,15,0,19,26,10,9,49,104,16,3,5,15,30,41,48,63,7,0,0,0,1,140,91,16,1,1,5,5,32,53,22,47,16,11,61,52,26,48,31,18,2,3,10,25,54,15,61,85,7,2,8,15,18,96,140,27,0,0,0,1,11,21,50,80,10,1,0,0,0,6,52,53,3,0,0,0,0
143,3,0,9,7,2,10,85,112,19,1,0,0,0,11,139,27,7,7,5,25,2,0,16,4,0,0,2,35,14,17,10,45,0,1,47,47,0,9,88,149,11,0,0,0,0,11,137,108,11,4,22,28,0,0,10,4,10,28,34,43,0,0,1,32,13,38,149,36,0,0,3,149,57,14,10,0,0,0,16,135,8,12,17,1,0,6,21,3,7,59,17,1,0,1,3,11,8,14,75,75,43,1,3,149,53,7,9,5,6,1,16,77,16,4,0,0,0,11,29,25,8,2,3,0,0,1,8
2,0,0,11,18,20,18,33,40,0,0,0,0,6,67,128,78,25,40,10,7,26,35,61,9,44,68,11,12,9,14,30,0,0,3,128,41,0,0,0,100,20,16,8,0,0,1,29,128,39,22,2,2,19,11,65,20,30,43,4,3,36,42,33,0,3,33,128,85,3,1,2,29,105,114,31,6,7,11,13,128,128,32,2,1,3,3,22,17,50,75,4,2,4,2,2,0,9,19,86,80,14,2,1,64,12,13,59,72,30,26,33,128,56,3,0,0,0,7,71,19,32,26,2,6,1,1,9
5,0,0,0,4,50,55,16,4,0,0,0,0,18,72,53,0,0,0,0,0,25,53,12,0,0,0,0,0,2,40,23,15,1,0,2,112,107,37,19,112,8,0,1,26,35,46,112,27,3,1,5,93,112,56,38,55,13,1,1,6,18,51,112,10,21,55,88,112,16,0,2,112,112,53,28,25,3,6,8,24,40,67,110,102,19,8,5,56,112,55,11,6,3,1,16,0,4,29,34,4,43,45,0,4,30,25,6,0,50,112,14,18,8,19,19,1,6,79,56,29,28,14,1,0,0,2,18
0,0,0,0,9,86,59,12,2,7,14,25,71,112,37,6,145,99,18,9,12,18,2,12,79,43,1,0,0,11,45,25,0,0,1,1,58,145,67,11,31,4,8,9,7,14,116,94,145,86,16,4,1,0,9,52,26,29,17,4,3,3,18,12,0,0,0,11,65,75,4,2,125,3,0,0,0,2,9,29,145,36,1,4,10,0,0,17,23,10,7,13,24,3,3,7,0,0,1,46,88,1,0,0,106,30,1,1,1,0,0,2,145,59,2,4,4,0,0,3,17,15,29,20,14,0,1,2
1,116,91,2,3,25,29,6,9,73,40,1,2,13,50,53,1,7,17,10,38,70,11,7,1,1,1,4,21,20,7,3,20,5,11,15,125,125,68,32,125,5,1,8,20,32,89,125,42,9,3,46,66,42,8,13,7,11,4,19,13,8,5,5,39,29,45,125,125,7,1,5,125,125,68,46,24,1,1,11,54,22,18,51,81,0,0,2,4,14,51,17,14,0,0,2,2,25,68,51,2,0,0,0,7,102,86,23,1,0,0,0,1,12,39,47,9,0,0,0,0,10,68,4,0,0,0,0
2,125,125,3,8,45,6,1,13,64,90,46,18,27,7,9,59,51,30,18,2,1,10,125,25,8,32,8,6,5,34,125,19,20,20,80,62,64,5,6,36,6,5,12,70,34,15,27,120,36,14,23,48,12,12,59,74,22,4,29,54,14,49,114,5,1,2,48,85,79,11,7,34,16,2,15,67,31,13,20,125,36,1,21,30,19,32,33,80,41,9,40,35,16,38,46,0,2,21,37,28,53,14,2,20,19,36,24,15,25,16,7,24,56,22,3,8,63,50,11,21,72,77,1,2,14,34,59
4,3,5,0,2,20,58,72,2,3,14,17,5,24,38,34,12,12,6,9,3,22,41,19,31,62,12,0,0,0,10,26,13,31,95,18,8,11,44,88,14,5,10,7,32,105,118,60,127,63,0,0,2,51,88,39,121,102,4,0,0,0,3,12,1,5,36,8,18,23,81,83,26,2,4,39,119,70,22,18,127,34,0,7,13,8,6,111,124,24,1,0,0,0,4,33,2,1,13,13,5,4,17,50,7,3,4,25,55,10,16,38,127,29,9,12,28,2,1,63,107,4,2,0,0,5,30,45
0,0,1,8,63,8,0,0,13,2,3,15,73,14,0,2,115,35,14,1,3,1,0,5,15,11,32,14,30,9,0,0,1,0,0,14,44,21,1,0,24,1,0,40,117,2,0,3,129,7,0,2,12,2,0,9,29,4,0,0,55,33,0,1,2,0,0,1,9,36,129,29,13,3,1,14,75,61,129,13,113,6,0,3,8,18,99,81,17,1,0,0,24,88,79,25,0,6,15,9,7,75,129,29,14,15,29,3,1,59,129,55,18,4,0,0,0,14,129,129,24,4,1,1,0,40,113,59
1,0,0,0,0,0,7,14,13,2,3,16,13,5,20,34,1,1,3,37,13,1,1,0,2,0,14,34,3,0,1,2,36,19,12,25,40,6,11,33,126,86,27,25,2,1,15,67,23,21,29,126,28,0,0,2,3,0,0,40,12,0,1,3,13,126,81,18,21,20,0,0,126,104,90,48,1,0,0,59,56,5,5,126,55,0,0,87,0,0,0,126,69,3,0,1,49,126,21,7,0,1,0,23,11,18,30,126,23,0,0,21,30,0,0,70,25,0,2,126,3,0,0,78,126,23,6,25
11,37,18,0,2,30,36,10,35,18,0,0,0,7,58,69,5,3,1,0,0,3,15,11,0,0,0,0,0,0,0,0,12,4,5,0,67,152,78,21,152,11,2,0,3,30,84,152,67,13,17,2,0,1,2,10,0,0,0,0,0,0,0,0,46,17,12,23,152,68,3,4,152,76,6,1,9,8,3,15,127,12,6,4,0,0,0,1,0,0,0,0,0,0,0,0,10,38,114,78,66,5,5,9,151,124,50,6,3,1,2,24,89,8,3,0,0,0,0,29,1,1,1,0,0,0,0,0
17,0,0,1,6,29,63,130,31,2,0,0,0,0,28,130,9,3,0,7,23,17,14,12,5,20,45,54,20,4,2,4,70,10,8,105,23,6,6,130,130,21,1,0,3,4,1,130,48,3,0,1,49,70,12,17,72,19,5,0,3,13,11,51,25,54,101,130,14,0,0,3,130,130,49,9,12,10,1,9,35,25,4,6,66,57,2,4,115,82,1,0,3,4,1,6,3,21,51,47,6,5,1,0,2,47,59,37,25,0,0,0,7,47,37,23,23,2,0,0,64,73,6,0,0,0,0,0
4,9,18,5,2,4,44,44,3,9,26,99,70,13,13,6,54,123,107,71,9,0,0,14,70,89,4,0,1,0,0,12,83,2,1,3,2,2,48,123,52,5,3,5,70,44,19,52,120,48,11,2,6,8,12,88,46,21,0,0,5,1,0,25,123,100,81,65,3,2,1,83,99,43,8,15,93,30,3,22,123,68,3,1,10,3,1,12,53,28,1,1,3,0,0,2,11,62,76,42,6,2,0,0,13,54,34,50,24,0,0,0,89,92,9,1,0,0,0,2,31,29,0,0,0,0,0,0
1,1,0,0,2,44,26,0,7,0,0,0,3,30,46,35,2,0,0,0,0,3,60,53,0,0,0,0,0,28,23,7,0,0,0,0,10,58,79,20,11,1,0,0,67,125,125,34,101,4,0,0,6,43,125,125,15,0,0,0,1,25,78,43,14,4,2,11,50,39,46,38,35,37,26,82,125,79,19,23,125,119,21,16,25,16,9,33,58,12,0,1,16,11,10,15,26,11,0,3,37,109,104,62,87,62,38,39,18,1,33,78,24,100,38,9,29,17,0,0,15,3,0,1,21,26,22,35
28,1,0,9,30,17,7,34,2,7,55,72,83,59,35,28,32,70,107,30,10,2,15,47,73,22,11,4,2,1,4,61,36,7,7,25,57,19,1,21,30,8,7,102,122,77,47,72,122,51,32,19,10,3,19,122,49,80,46,3,0,0,0,3,15,19,15,45,30,0,0,9,21,63,122,122,61,0,0,4,117,122,122,34,3,0,0,8,43,56,13,5,0,0,0,2,9,47,42,11,2,0,0,1,10,60,67,6,0,0,0,0,0,29,82,10,0,0,0,0,10,27,30,8,0,0,0,0
1,0,0,0,11,86,114,47,7,0,0,8,22,39,35,62,16,3,12,12,3,4,19,54,4,6,15,4,11,56,23,5,37,7,17,88,106,57,54,108,114,22,9,19,5,0,8,114,14,2,1,36,43,22,36,24,5,4,3,8,22,58,69,9,15,21,70,114,24,20,37,15,114,92,43,17,2,4,18,49,26,8,26,84,43,3,1,8,7,19,80,45,38,21,6,3,11,1,3,15,69,110,87,34,114,2,1,1,1,13,53,114,29,3,10,7,0,2,14,63,1,1,22,20,98,41,6,7
8,10,15,13,13,17,19,5,8,14,37,32,20,45,9,2,2,14,19,25,40,115,13,0,11,52,64,63,28,25,6,1,2,18,77,32,41,7,1,2,10,7,12,32,121,121,37,13,115,50,76,17,23,62,31,37,28,121,121,4,1,3,1,0,2,2,5,8,50,22,12,13,7,13,49,121,121,16,1,4,121,121,77,40,10,1,1,14,102,76,34,0,0,0,0,0,9,3,1,3,10,26,9,9,23,33,72,33,8,1,2,9,18,114,94,5,0,0,0,1,22,39,3,0,1,4,0,0
0,5,1,0,19,32,2,0,0,0,0,0,19,108,100,4,6,0,0,2,22,34,110,32,5,20,12,14,22,7,4,4,0,0,0,0,51,94,106,1,12,2,1,6,119,119,82,32,119,24,2,2,10,19,60,119,45,31,10,11,2,1,1,7,4,13,7,0,11,119,119,19,21,80,54,25,89,42,59,23,119,119,48,9,9,5,15,22,38,17,4,7,1,4,57,31,74,44,16,0,2,13,20,78,20,95,27,0,1,17,23,26,15,34,18,3,9,16,27,29,22,9,11,2,4,7,28,31
4,7,14,4,9,53,38,19,5,2,27,65,13,10,57,27,10,36,124,39,4,3,18,10,81,76,30,0,0,0,1,24,46,16,5,15,29,59,35,51,82,81,17,3,2,7,26,40,15,34,72,8,7,20,21,12,67,32,12,0,0,2,9,39,80,13,3,9,29,47,47,45,124,25,3,2,3,4,9,72,29,12,33,34,29,34,20,20,78,44,21,6,1,3,12,40,40,4,1,4,12,8,124,124,75,5,0,0,0,8,119,124,13,6,18,9,0,31,124,86,13,28,13,1,0,3,123,101
3,34,40,8,5,11,0,0,113,126,12,0,0,0,0,6,120,126,5,0,0,0,0,18,11,51,30,12,0,0,0,0,3,80,126,25,5,0,0,2,77,92,78,28,24,1,2,40,126,28,0,0,0,0,1,101,55,15,2,1,0,0,1,9,24,31,34,31,23,1,1,20,28,28,16,84,73,6,9,11,126,43,2,3,4,4,66,113,39,1,0,0,0,0,34,104,11,26,14,17,11,2,3,7,6,9,31,88,77,9,9,6,30,39,75,35,13,8,52,61,105,32,5,0,0,0,9,60
0,0,0,0,0,6,0,0,0,0,0,0,0,43,40,1,1,2,2,2,17,58,37,6,1,57,34,11,33,33,1,0,0,0,0,0,26,66,30,1,6,3,3,25,90,109,103,23,109,31,6,5,6,17,82,97,38,73,18,1,1,0,1,9,7,0,0,16,54,93,109,61,47,23,64,83,60,17,32,77,109,99,68,19,4,12,16,31,32,6,0,0,0,3,22,65,17,22,44,109,48,11,10,25,108,63,41,9,12,35,6,43,7,6,12,0,16,109,100,20,0,0,0,0,0,16,109,96
17,6,0,1,33,29,6,15,13,0,0,5,136,136,8,15,136,35,0,0,9,21,7,62,74,19,0,0,1,4,6,14,5,6,1,5,67,42,24,3,37,4,1,38,136,65,1,2,136,46,0,4,20,5,7,35,56,17,0,0,1,37,41,16,0,0,1,1,25,104,52,7,19,10,6,15,104,112,44,11,136,29,5,4,7,3,15,66,30,9,3,2,0,10,26,22,0,1,7,5,98,77,16,2,10,0,0,0,42,66,60,28,136,3,0,0,0,0,13,116,48,5,8,8,3,0,0,14
18,0,0,0,0,6,111,84,32,1,3,11,22,45,15,62,3,5,13,13,23,60,111,27,42,19,8,0,0,0,39,71,111,32,4,0,0,0,37,101,111,18,6,40,33,20,2,81,11,33,101,98,43,39,43,16,85,95,34,1,0,0,15,46,39,111,87,0,0,0,0,2,84,98,37,20,25,21,1,5,15,18,33,59,54,79,59,32,85,44,11,1,0,1,20,71,62,79,28,0,0,0,0,1,2,21,51,33,12,0,0,0,6,27,50,104,34,4,1,2,44,66,17,2,0,0,0,3
0,0,0,0,7,45,32,3,1,1,3,17,66,95,57,11,74,25,6,8,10,20,64,64,29,48,17,1,1,1,1,8,6,2,2,36,77,91,76,43,67,18,42,52,39,16,38,94,75,81,68,24,7,16,20,24,30,9,0,0,0,3,21,58,12,18,53,111,49,4,4,17,86,79,66,23,25,54,5,23,10,4,8,0,22,111,111,28,1,0,0,0,0,20,111,111,37,10,18,7,4,7,3,13,1,6,21,31,111,81,1,0,0,0,0,37,105,111,28,5,0,0,0,3,2,9,87,61
7,14,9,0,0,4,112,39,8,4,0,0,0,12,94,44,21,0,0,0,0,0,15,59,4,0,1,0,0,0,0,3,13,40,24,0,0,22,131,90,23,28,26,11,0,2,131,131,131,14,3,1,0,0,40,131,30,1,0,0,0,0,0,10,6,130,131,5,0,2,3,3,18,108,131,57,0,0,6,11,131,131,74,9,0,0,2,17,31,22,9,0,0,0,0,0,8,19,78,5,0,0,4,24,18,34,75,6,0,0,1,6,9,54,53,1,0,0,0,0,1,15,9,0,0,0,0,0
2,1,27,130,24,0,6,20,130,13,36,43,1,0,10,130,125,6,8,1,0,0,3,126,15,12,11,1,0,0,2,15,1,2,50,130,35,0,0,0,63,22,84,130,69,0,0,27,130,58,8,4,5,0,1,101,52,35,0,0,0,0,0,9,3,18,21,73,18,0,0,1,5,47,123,130,63,0,0,1,68,130,81,7,2,0,0,3,16,35,0,0,0,0,0,0,3,19,9,13,0,0,0,0,0,8,52,43,0,0,0,0,0,21,26,13,0,0,0,0,0,1,0,2,0,0,0,0
10,5,1,0,0,0,118,78,11,2,3,13,12,7,62,66,7,3,10,49,26,3,2,3,2,6,10,11,10,1,1,2,24,6,4,0,0,0,118,109,118,10,0,0,2,5,46,118,47,3,5,18,32,74,66,31,11,7,34,14,6,6,41,62,23,85,118,0,0,0,1,4,118,118,50,8,10,9,3,7,31,16,37,103,79,61,47,21,81,64,55,19,3,5,32,84,18,79,109,6,0,0,0,0,7,40,65,36,38,24,5,0,25,21,31,43,42,47,52,45,57,56,31,4,0,0,2,26
7,0,0,0,111,139,9,13,139,36,0,0,9,25,8,75,122,30,0,0,0,1,5,25,2,0,0,0,3,21,32,5,25,1,0,37,139,54,1,4,139,51,0,4,18,5,3,36,126,37,0,0,1,33,34,17,1,1,2,2,8,76,28,4,19,8,5,20,139,72,7,2,139,29,5,5,15,3,9,65,56,8,1,0,0,29,61,49,2,2,6,4,3,17,31,17,4,2,2,3,24,70,69,19,139,12,2,1,0,0,20,103,67,14,7,6,2,0,1,16,0,0,5,12,3,3,9,3
71,4,2,11,53,19,16,49,135,9,1,1,2,2,13,135,15,2,8,0,0,40,72,22,0,3,12,3,8,31,65,0,64,80,14,13,12,3,9,12,135,135,15,1,1,1,4,47,35,60,129,0,0,8,21,17,0,19,117,28,14,3,9,1,45,78,55,24,3,2,1,6,135,99,10,0,0,0,1,81,62,25,29,0,0,0,47,74,0,2,27,12,18,20,59,10,54,30,15,2,1,10,11,89,68,58,8,0,0,0,15,80,40,14,17,1,0,0,33,105,0,0,28,19,4,4,54,18
6,9,13,22,51,4,0,0,8,4,17,43,74,7,0,0,64,72,53,6,3,0,0,0,8,18,73,46,17,3,0,0,4,1,0,6,58,20,4,1,25,1,0,25,120,4,0,1,132,12,0,1,10,3,0,4,28,5,1,3,46,31,0,1,0,0,0,1,9,32,132,35,14,1,0,9,62,66,132,20,102,4,0,1,7,18,92,88,13,1,0,0,16,63,80,24,0,0,13,9,10,51,132,21,7,4,12,1,0,44,132,74,7,0,0,0,0,8,132,132,15,0,0,0,0,19,124,75
44,10,8,8,2,9,39,123,74,33,0,0,1,22,47,123,38,33,0,0,36,123,31,8,75,123,4,0,8,17,0,0,8,1,34,36,3,0,5,58,15,4,4,11,23,47,123,123,123,44,0,0,3,57,123,123,123,69,0,0,0,0,11,95,0,0,0,3,1,0,0,0,17,23,0,3,22,22,13,5,123,115,11,0,1,4,9,70,30,10,12,3,0,0,52,123,0,0,0,0,0,0,0,0,0,0,0,0,0,0,0,0,0,4,4,0,0,0,0,0,0,1,11,8,0,0,4,8
0,0,0,0,0,0,0,0,0,0,0,0,3,5,2,0,15,91,6,2,42,29,2,0,36,122,49,13,4,3,3,11,0,0,0,0,0,0,0,0,15,5,19,16,1,5,27,21,122,122,14,3,4,9,24,61,55,100,67,25,0,0,6,37,0,0,0,2,2,0,0,0,10,68,115,101,8,0,2,4,119,122,122,35,0,0,4,58,22,5,62,38,0,0,52,122,1,1,0,1,9,4,0,0,63,122,18,13,16,3,0,0,28,122,115,38,0,0,0,0,0,0,98,119,1,0,4,5
10,9,2,0,0,0,63,128,13,17,16,8,20,3,11,82,1,0,2,14,62,13,9,8,10,0,0,1,3,1,11,55,59,22,18,3,0,0,52,128,128,26,0,3,7,4,21,128,17,2,3,37,67,8,18,10,12,13,12,9,12,0,2,14,45,120,128,35,0,0,0,7,128,128,24,12,39,39,38,15,50,16,13,20,32,39,94,100,30,53,47,8,1,0,0,17,0,22,93,49,37,12,2,0,18,34,29,33,66,47,41,14,66,113,73,27,17,6,7,27,38,59,13,0,0,0,0,4
1,15,13,12,67,11,0,0,16,20,5,20,56,9,0,1,154,108,5,6,7,2,0,5,48,11,0,0,0,0,0,0,0,0,0,0,57,77,19,2,61,12,1,4,15,17,13,5,154,47,1,1,0,0,0,2,42,3,0,0,0,0,0,0,2,0,0,0,1,57,79,37,81,2,0,0,0,18,63,60,154,7,0,0,0,0,1,67,33,0,0,0,0,0,0,5,0,0,0,2,3,35,154,45,21,0,0,0,0,19,154,154,121,0,0,0,0,0,10,154,9,0,0,0,0,0,0,25
0,0,1,0,0,0,6,6,61,17,29,6,0,0,16,67,20,9,80,71,5,0,2,13,0,0,9,76,60,18,2,0,4,4,5,5,2,4,2,4,133,100,15,7,2,3,6,53,46,38,42,42,18,6,21,25,0,0,4,68,133,59,4,0,8,5,0,1,11,15,2,5,133,51,10,1,6,12,26,100,19,12,35,14,11,18,133,44,0,0,6,23,133,133,35,0,28,22,1,1,9,2,5,9,89,133,49,1,3,0,3,17,2,20,126,21,20,5,14,4,0,3,18,65,133,40,2,0
2,5,1,1,5,105,51,5,5,0,1,3,5,86,91,33,18,0,0,0,0,7,33,62,0,0,0,0,0,0,0,0,74,35,6,10,23,37,56,43,23,6,7,27,130,129,50,39,130,14,2,3,13,31,51,130,25,1,0,0,0,0,0,1,74,51,11,6,29,11,2,45,29,35,37,92,130,55,8,16,130,119,34,20,14,5,2,21,66,6,0,0,0,0,0,4,9,21,40,28,22,9,1,5,41,49,60,58,65,46,8,16,96,130,18,1,0,1,1,9,32,41,0,0,1,3,0,1
28,12,10,102,45,9,23,48,128,50,4,2,0,0,18,62,56,70,15,0,0,1,2,5,27,18,6,1,9,5,0,23,19,22,27,128,59,0,0,1,128,128,15,17,6,0,0,20,49,101,39,2,0,0,0,3,4,11,30,23,14,4,0,2,5,9,20,128,107,0,0,2,128,31,6,60,47,0,0,55,122,38,25,5,1,1,1,13,0,30,49,10,1,0,0,0,0,13,14,112,79,0,0,0,104,95,37,80,41,0,0,0,93,72,18,1,0,0,0,0,1,16,22,2,0,0,0,0
1,0,0,0,0,6,29,11,1,0,0,0,7,96,51,4,33,0,0,0,1,41,106,75,41,0,0,0,1,1,5,41,2,0,1,1,8,21,43,17,14,0,0,0,103,141,30,12,141,19,0,0,11,69,39,57,93,5,0,0,0,10,39,30,1,0,0,0,17,64,65,7,46,3,0,0,141,141,16,6,141,19,0,0,18,13,15,47,32,1,0,0,0,25,66,23,0,0,0,2,37,109,31,0,47,0,0,1,46,141,38,42,141,4,1,0,1,3,8,74,16,3,4,6,0,2,19,9
0,0,2,128,78,4,4,0,71,54,33,128,28,0,0,6,128,112,8,0,0,0,0,5,11,42,30,3,0,0,0,2,0,21,31,73,27,0,1,0,56,10,14,128,121,0,0,16,128,43,6,10,7,0,0,50,21,25,25,6,1,1,1,2,3,67,29,30,16,0,0,0,17,24,22,128,128,0,0,1,128,115,21,36,13,0,0,6,34,38,35,2,0,0,0,0,6,35,18,17,4,0,0,0,1,13,54,121,37,0,0,0,26,106,67,20,2,0,0,0,7,22,6,4,2,0,0,0
91,19,0,0,0,4,27,86,39,53,20,46,25,13,23,35,1,44,120,120,47,5,1,0,74,120,100,22,0,0,0,12,49,3,0,0,0,0,17,110,120,87,6,0,2,5,37,120,40,120,120,19,3,2,1,7,9,10,83,120,8,0,0,11,13,3,0,0,0,0,0,3,120,29,0,0,0,0,0,90,80,18,4,2,0,0,0,120,4,0,2,59,7,0,0,12,0,0,0,0,0,0,0,0,7,0,0,0,0,0,0,26,28,0,0,0,0,0,0,120,3,0,0,0,0,0,0,14
5,7,0,0,21,96,24,0,14,5,0,0,10,60,117,37,5,1,0,0,26,50,60,19,10,0,0,9,117,74,12,27,3,1,0,2,117,90,7,4,105,32,2,5,37,44,19,43,18,8,3,9,73,87,21,8,0,1,21,50,117,117,10,8,4,8,18,58,116,14,2,2,113,72,38,35,32,10,4,18,18,49,98,41,73,33,0,2,0,48,117,106,37,16,1,0,0,4,19,28,2,0,0,0,4,74,87,21,0,0,0,0,1,69,68,13,10,18,2,0,0,18,35,15,19,49,26,0
45,0,0,0,75,109,14,41,137,0,0,0,1,5,21,128,9,1,2,2,0,12,53,17,66,3,0,0,0,0,11,42,53,6,8,58,92,97,17,61,137,24,7,3,0,2,5,137,56,19,29,22,3,5,3,6,96,26,5,2,0,0,0,7,20,38,102,137,33,4,0,3,137,137,56,19,1,4,2,22,65,11,2,4,7,45,11,14,86,6,0,0,0,3,3,20,0,5,37,57,40,35,1,0,33,52,46,9,4,7,4,28,20,30,28,5,5,12,2,9,45,59,7,0,0,0,0,2
16,13,15,1,3,37,25,62,66,11,11,2,2,3,9,133,15,2,0,6,4,9,37,95,1,14,12,6,5,17,7,1,133,31,21,5,8,4,37,133,50,10,9,6,54,26,19,109,133,43,1,0,1,1,9,112,20,75,19,0,0,0,1,2,133,133,133,41,24,3,16,93,98,100,20,4,22,8,31,63,93,67,10,0,0,0,0,7,9,7,0,0,0,0,0,0,2,42,72,49,61,13,2,0,23,78,18,1,2,0,1,2,1,4,0,0,0,0,0,0,0,0,0,0,0,0,0,0
1,0,2,10,7,70,48,7,13,4,1,2,2,37,75,58,17,7,0,0,0,0,8,27,0,0,0,0,0,0,0,0,23,13,10,8,45,136,99,24,136,88,14,1,1,40,82,96,65,73,42,22,0,0,0,13,1,6,4,3,0,0,0,0,15,53,136,46,44,59,1,1,136,119,100,9,1,2,1,65,100,25,31,26,0,0,0,109,16,39,17,5,0,0,0,14,0,9,106,55,20,5,1,0,17,26,83,17,3,17,24,8,47,13,7,0,0,6,33,106,37,4,0,0,0,0,1,91
16,7,0,0,0,18,52,41,9,0,0,0,34,132,53,19,124,0,0,0,9,52,46,129,19,0,0,0,0,8,69,50,16,17,19,26,30,68,11,2,29,5,13,70,92,132,30,28,132,27,7,9,10,34,23,117,69,18,7,1,0,0,22,31,0,4,99,68,20,19,8,0,14,25,83,132,82,21,4,2,132,130,53,48,8,3,5,11,78,27,5,1,0,2,7,10,0,0,3,5,19,16,9,0,0,4,19,35,35,13,5,0,14,41,44,10,3,0,0,1,17,55,16,0,0,0,1,1
1,2,0,0,9,79,17,2,0,0,2,7,10,65,34,7,3,0,0,1,1,20,49,38,4,0,0,0,0,0,3,10,0,0,1,39,44,56,10,5,11,3,3,6,44,123,82,20,123,42,7,1,3,63,87,83,39,38,19,9,0,0,1,11,0,4,20,49,123,119,0,0,13,50,123,34,99,123,6,4,123,96,94,7,4,10,5,62,60,21,22,13,0,0,1,80,0,8,91,68,47,21,0,0,0,28,123,50,16,4,0,0,10,23,80,19,8,16,13,6,27,11,6,0,0,9,28,59
85,0,0,0,9,97,70,94,71,0,0,0,1,11,79,107,17,0,0,0,1,11,48,65,4,0,0,0,13,41,13,14,120,2,0,0,15,94,29,120,104,6,3,0,0,0,95,100,120,6,0,0,1,3,31,83,13,0,0,0,33,39,6,9,120,115,36,55,21,18,8,41,120,58,18,5,0,1,9,15,120,48,2,2,3,1,1,14,11,3,0,8,43,8,1,3,46,85,52,37,10,1,1,2,66,56,14,0,0,3,10,9,82,34,9,1,1,1,3,15,3,0,3,3,12,6,6,5
151,151,0,0,0,0,78,151,151,69,0,0,0,0,8,65,2,2,0,0,0,0,3,2,0,0,0,0,0,0,0,0,151,151,25,0,0,0,0,69,151,60,0,0,0,0,13,118,22,20,1,0,0,8,24,10,0,0,0,0,0,0,0,0,49,151,78,0,0,13,10,5,86,55,0,0,0,10,97,61,7,1,0,0,0,12,63,22,0,0,0,0,0,0,0,0,3,18,6,0,0,24,11,2,0,0,0,0,0,8,17,1,0,0,0,0,0,0,1,0,0,0,0,0,0,0,0,0
7,3,13,90,12,0,3,22,2,26,126,147,32,0,0,3,4,147,147,136,2,0,0,0,89,147,147,55,0,0,0,0,19,1,1,5,0,0,2,26,92,57,129,49,0,0,0,19,21,147,147,21,0,0,0,2,9,39,107,9,0,0,0,2,3,0,0,0,0,0,0,0,71,14,5,0,0,0,0,21,21,8,18,11,0,0,0,17,0,0,0,0,0,0,0,0,0,0,0,0,0,0,0,0,0,0,0,0,0,0,0,0,0,0,0,0,0,0,0,0,0,0,0,0,0,0,0,0
74,0,0,0,0,5,110,153,37,0,0,0,0,10,110,153,7,0,0,0,15,77,22,29,0,0,0,0,0,2,0,0,153,53,2,0,0,1,25,153,153,33,0,0,3,2,15,99,44,3,0,6,48,20,3,14,0,0,0,0,0,0,0,0,153,153,22,3,0,0,0,12,153,71,2,0,1,1,1,23,30,6,3,4,16,10,6,14,0,0,0,0,0,0,0,0,20,49,4,1,0,0,0,0,37,59,4,0,0,0,0,1,2,5,7,3,0,0,0,0,0,0,0,0,0,0,0,0
