138,58,0,0,0,0,0,5,138,52,0,0,0,0,0,12,138,24,0,0,0,0,0,9,77,41,0,0,0,0,0,17,138,62,0,0,0,0,0,0,138,82,0,0,0,0,0,4,138,18,0,0,0,0,0,65,110,21,0,0,0,0,0,49,27,13,0,0,0,0,0,0,138,22,0,0,0,0,0,37,125,1,0,0,0,0,0,95,138,17,0,0,0,0,0,25,0,0,0,0,0,0,0,0,8,0,0,0,0,0,0,12,112,11,0,0,0,0,0,38,138,30,0,0,0,0,0,9
69,10,0,1,17,55,6,10,8,1,0,1,48,138,70,45,74,0,0,0,0,18,129,138,11,0,0,2,11,16,117,55,33,3,0,14,99,51,4,7,27,4,2,55,138,131,11,19,138,13,2,5,5,12,9,93,55,0,0,1,6,4,17,24,6,2,4,34,44,4,17,10,12,21,27,138,89,2,1,1,138,93,28,40,4,0,0,11,46,3,0,0,0,5,13,15,0,4,17,17,2,4,2,1,1,6,8,60,53,5,0,0,63,23,7,20,19,0,0,3,17,0,0,0,0,0,6,10
116,8,0,0,0,1,1,20,140,5,0,0,0,0,0,30,112,19,0,0,0,0,1,30,34,79,0,0,0,0,2,11,140,25,0,0,0,0,0,26,140,7,0,0,0,0,0,61,140,49,0,0,0,0,0,21,73,92,0,0,0,7,4,7,66,6,0,0,0,0,2,90,140,17,0,0,0,0,1,76,140,58,0,0,0,0,0,8,51,11,5,7,21,47,16,22,76,5,0,0,0,0,0,42,140,7,0,0,0,0,0,34,140,10,0,0,0,0,3,64,27,10,16,9,8,4,5,46
0,15,4,1,135,135,0,0,8,115,16,1,34,25,0,0,64,135,6,0,0,0,1,5,79,135,19,0,0,26,45,23,8,65,9,4,37,112,0,0,33,87,17,3,3,0,0,0,135,82,6,5,2,0,6,22,35,15,5,22,85,92,121,37,39,42,4,4,16,3,0,2,28,18,4,18,12,0,0,4,89,4,2,3,3,2,5,118,8,1,3,71,135,17,12,54,67,5,1,2,15,2,1,22,11,2,1,14,32,4,2,7,13,0,0,3,8,2,4,61,13,0,2,25,13,3,7,64
18,0,0,3,81,98,29,74,78,41,0,0,92,116,4,6,55,82,14,11,20,7,1,2,46,25,3,7,21,5,1,11,4,0,0,99,93,58,36,24,116,62,0,14,52,40,4,9,79,28,0,3,58,29,2,5,55,1,0,1,32,19,5,30,5,1,5,116,112,5,1,3,116,9,2,73,78,3,1,72,58,3,0,11,73,10,5,49,46,41,8,5,39,4,0,3,1,3,18,74,41,0,0,0,24,3,26,116,49,0,0,53,63,34,29,24,13,9,9,72,54,114,41,8,9,5,1,2
0,0,0,1,136,136,38,0,13,74,13,8,65,70,2,0,14,101,18,6,10,0,0,0,124,54,5,1,3,0,0,8,7,0,0,0,136,96,6,9,136,60,4,2,43,25,2,17,27,38,10,33,36,5,1,3,88,6,0,4,8,3,3,88,14,0,0,8,136,59,32,21,136,10,0,4,44,7,1,36,42,4,1,17,71,16,2,13,29,0,0,7,26,7,4,48,5,0,21,123,38,22,13,5,117,4,3,43,16,4,1,77,33,0,0,25,32,1,3,48,26,14,0,19,30,1,0,3
165,80,0,0,0,0,0,20,165,4,0,0,0,0,0,129,75,1,0,0,6,3,1,30,0,0,0,1,20,6,0,0,100,100,0,0,0,0,0,3,165,35,0,0,0,0,0,19,137,16,0,0,12,2,0,5,0,0,0,3,21,6,0,0,46,19,0,0,0,1,3,15,165,5,0,0,0,0,0,60,144,6,6,6,5,1,0,12,0,0,13,18,8,4,0,0,19,0,0,0,3,15,9,13,165,3,0,0,0,0,2,41,144,3,1,0,0,11,3,11,0,0,1,2,3,32,5,0
15,3,5,8,40,22,23,55,29,7,13,26,26,31,37,79,3,5,7,14,55,84,29,5,0,1,3,0,1,4,2,0,3,0,12,101,84,21,10,34,22,1,3,57,28,67,120,92,120,97,23,5,24,59,59,22,13,41,14,0,0,2,0,0,0,0,18,113,26,17,41,6,33,4,17,120,118,20,12,4,120,31,14,20,9,6,14,98,32,12,0,0,0,17,18,36,30,27,3,1,18,45,63,10,18,57,120,71,30,10,7,1,53,11,98,99,10,0,2,46,101,14,2,4,1,1,5,48
1,0,11,17,73,76,9,4,105,18,1,2,35,41,18,115,34,15,11,24,56,112,72,68,29,10,11,24,86,109,10,10,17,12,27,37,51,115,47,8,115,91,22,15,15,46,12,58,20,39,66,81,16,67,56,29,23,47,115,33,14,39,4,4,19,38,81,108,80,19,6,6,115,59,21,38,38,2,0,35,54,22,20,63,13,8,8,22,13,20,25,22,8,10,21,12,13,12,8,19,59,22,7,8,35,102,28,16,27,7,8,15,9,10,6,6,24,28,16,5,0,0,0,0,1,8,17,4
0,0,0,2,0,0,0,0,0,0,1,8,12,32,37,1,7,17,9,8,49,108,56,4,20,24,84,34,33,7,0,4,2,0,3,6,4,31,79,52,13,2,2,14,44,114,97,10,114,77,10,0,8,51,25,32,36,62,83,45,27,8,2,8,4,9,46,89,56,39,66,25,36,114,24,19,17,73,81,4,114,66,30,13,6,6,29,83,29,6,2,6,23,96,114,63,6,16,19,44,80,67,3,1,81,114,20,15,17,5,0,0,16,32,31,58,50,2,10,5,0,5,54,66,16,31,48,4
2,1,2,93,54,15,3,8,22,2,0,58,42,22,97,66,70,72,24,4,14,50,72,18,3,25,21,1,1,4,1,0,1,1,3,55,34,30,61,20,38,13,18,107,120,23,10,3,120,77,11,13,8,4,14,56,18,17,4,0,0,7,12,14,82,96,33,4,6,32,40,16,15,45,120,120,33,6,2,1,118,25,44,94,18,1,4,57,70,27,0,0,0,2,5,21,120,45,6,4,1,3,16,73,16,14,20,46,53,54,44,34,34,5,5,40,78,61,19,31,47,5,0,0,0,2,28,78
37,0,0,0,0,15,95,104,6,2,0,0,13,97,122,19,5,6,4,4,14,19,13,6,0,0,1,3,8,4,0,0,17,4,24,34,7,38,125,47,125,57,6,4,0,17,110,65,37,52,25,21,27,9,10,12,0,0,1,9,29,5,0,0,18,29,125,125,40,9,6,4,125,63,28,86,19,1,10,83,38,54,11,11,18,17,28,49,0,2,10,28,31,5,0,0,4,7,15,64,84,125,55,12,54,69,7,35,50,40,44,47,19,58,8,3,3,37,103,21,13,9,20,16,10,11,30,39
8,22,9,3,0,1,6,8,3,4,7,16,34,42,36,11,9,15,8,18,25,41,82,17,14,12,54,68,59,13,4,1,3,1,5,28,19,30,47,13,20,2,1,21,41,120,82,9,120,110,21,2,5,42,30,28,29,58,113,90,21,6,4,8,0,0,31,120,41,9,1,0,22,8,9,120,71,27,6,3,120,22,6,18,7,5,39,120,23,4,2,7,22,52,118,91,0,0,3,19,64,86,1,0,0,0,0,26,84,93,5,0,8,3,0,5,37,46,45,41,54,51,5,0,2,11,82,61
12,2,4,14,0,0,0,9,40,6,0,0,0,0,0,22,22,8,7,2,0,1,11,32,0,0,3,8,10,31,15,3,8,0,1,27,1,0,0,27,35,9,12,13,0,0,0,42,114,47,50,12,0,0,1,19,12,14,128,92,5,8,2,1,25,37,21,3,0,0,0,19,20,96,69,5,0,0,0,2,138,89,56,0,0,0,0,21,98,35,95,43,1,35,16,36,17,80,111,0,0,0,0,0,4,127,98,0,0,3,0,0,9,90,69,0,1,114,56,1,23,23,8,0,0,169,169,11
0,0,2,1,1,0,1,3,15,18,0,0,0,0,3,7,37,145,15,0,0,0,0,2,1,88,117,33,5,0,0,0,0,1,13,7,0,0,0,0,79,25,4,2,0,0,0,0,145,145,8,0,0,0,0,11,32,83,51,32,73,18,1,5,0,0,2,5,4,0,0,0,74,2,1,2,1,1,0,17,145,9,0,0,0,2,25,145,30,4,1,2,65,145,77,60,0,0,4,10,1,0,0,0,13,9,10,2,1,1,0,8,27,3,0,0,13,85,72,78,0,0,0,0,11,145,145,19
26,2,0,0,0,1,2,9,167,4,0,0,0,0,1,78,104,3,0,0,0,0,2,30,4,5,2,6,5,3,1,2,27,15,1,0,0,20,18,8,167,89,1,0,0,2,4,34,123,39,21,12,0,0,1,10,10,23,7,3,0,3,3,3,27,39,7,0,0,12,20,15,167,46,1,0,0,0,2,101,167,12,19,34,1,0,0,35,3,12,11,21,2,1,1,0,14,50,7,0,0,3,20,21,167,22,0,0,0,0,8,109,167,2,3,9,1,0,0,84,4,1,4,36,12,0,0,1
2,137,150,68,4,1,0,0,25,150,77,0,0,0,0,8,29,107,150,16,1,0,0,2,2,71,150,58,15,1,0,0,3,9,29,9,4,8,3,7,78,15,4,0,0,1,1,10,150,93,18,0,0,0,0,7,27,39,63,0,1,7,4,4,7,4,0,0,0,1,1,3,86,6,0,0,0,1,4,8,150,13,0,0,0,0,0,23,34,2,1,2,2,3,2,7,1,1,2,0,0,5,14,2,81,40,1,0,0,8,16,10,150,93,4,2,0,0,0,6,14,9,6,4,0,1,2,4
58,2,2,101,54,0,0,12,104,31,6,0,0,0,0,21,80,28,17,0,0,0,0,57,67,3,0,1,2,4,14,45,37,1,0,129,129,3,5,9,129,87,32,22,11,0,0,23,56,71,114,43,9,0,0,2,80,23,7,5,1,0,0,2,26,3,8,81,95,5,19,54,129,53,21,43,35,0,0,37,108,14,10,43,68,0,0,16,61,46,3,8,14,0,0,0,116,28,24,15,5,0,2,36,98,73,63,14,2,0,0,6,77,13,4,21,41,0,0,11,83,24,4,12,15,0,0,9
78,1,0,0,0,0,7,149,31,0,0,0,0,2,35,149,1,0,0,0,2,9,30,36,0,0,0,0,1,3,2,1,10,3,0,0,4,6,16,94,34,8,0,0,0,0,55,149,124,12,1,0,0,0,29,149,15,4,8,7,4,3,0,5,25,32,0,0,8,3,0,2,128,73,0,0,0,0,1,29,149,141,10,0,0,0,0,27,25,42,66,50,1,0,0,1,22,14,1,0,0,0,0,3,149,18,0,0,0,0,0,13,149,27,1,0,0,0,0,48,43,12,14,22,12,5,4,36
51,1,0,2,1,0,15,113,23,2,0,0,0,0,10,128,18,0,0,0,0,0,38,128,1,0,0,0,0,17,128,70,127,15,1,24,19,0,0,18,77,44,22,0,0,0,0,49,128,11,4,0,0,2,14,102,16,10,7,5,9,23,58,21,128,31,3,64,54,0,0,12,115,92,103,30,7,0,0,4,92,37,31,19,6,0,0,2,40,44,9,2,1,0,0,0,121,28,19,48,50,0,1,11,128,25,7,19,36,0,0,16,46,31,3,16,32,0,0,0,43,84,5,0,0,0,0,0
7,36,16,7,1,0,0,0,66,123,1,0,0,0,0,0,126,126,0,0,0,0,0,13,126,55,0,0,0,0,2,48,9,62,34,4,1,0,0,1,106,112,1,0,0,0,0,9,126,93,0,0,0,0,0,17,126,53,0,0,0,0,0,27,5,9,13,8,4,4,4,7,116,17,2,0,0,1,3,71,126,21,0,0,0,0,0,73,126,13,0,0,0,0,0,59,2,12,26,23,2,0,0,0,44,101,20,1,0,0,0,6,113,88,0,0,0,0,0,11,126,23,0,0,0,0,0,28
25,0,0,15,9,5,95,87,47,0,0,0,1,11,49,125,2,0,0,0,5,30,69,94,9,0,0,0,0,0,30,131,38,1,0,85,74,2,2,31,131,5,0,6,6,3,3,76,20,2,0,25,50,13,9,28,16,0,0,0,5,2,21,131,22,6,11,131,73,0,0,1,131,26,7,45,9,0,0,7,32,8,0,14,121,19,3,3,17,0,0,0,21,18,21,66,7,1,11,131,37,9,34,45,76,12,7,95,43,4,3,35,21,2,0,15,131,11,2,21,14,0,0,5,50,12,10,38
112,4,0,0,0,0,0,32,172,12,0,0,0,0,0,82,167,23,0,0,0,0,2,18,24,2,0,0,0,0,3,14,82,7,0,0,0,0,9,37,172,62,0,0,0,0,1,46,140,48,0,0,1,19,11,12,24,0,0,0,0,4,8,41,83,22,0,0,0,0,5,18,172,30,0,0,0,0,1,68,103,3,0,0,1,29,25,44,7,0,0,0,0,3,10,69,89,31,0,0,0,0,0,2,172,31,0,0,0,0,1,45,54,0,0,0,0,7,16,63,26,0,0,0,0,0,3,27
16,10,7,3,0,0,0,7,58,13,1,1,0,0,0,42,40,22,26,16,17,1,0,17,126,11,37,20,12,1,0,129,18,15,20,8,0,0,0,5,64,10,17,14,1,0,0,32,138,87,42,16,0,0,0,17,54,71,138,71,0,0,0,10,18,43,22,5,3,2,0,0,36,12,15,27,9,8,7,11,138,29,3,2,0,0,4,110,121,119,81,10,0,0,0,20,11,15,3,2,11,21,1,3,2,0,1,7,24,31,14,8,138,8,0,3,2,2,11,127,138,85,25,0,0,0,0,94
0,0,0,0,0,0,0,0,24,25,8,0,0,0,0,14,72,49,19,29,6,0,0,23,3,17,90,121,12,0,0,0,23,5,5,1,0,0,0,3,121,121,39,0,0,0,0,17,56,121,61,0,0,0,1,13,31,101,80,58,0,0,0,4,17,12,60,115,17,0,0,1,121,40,50,49,5,0,13,72,31,25,8,1,0,0,75,121,121,40,6,1,0,0,22,121,0,0,5,49,63,79,38,0,1,0,11,46,28,32,35,14,10,18,15,14,0,0,36,64,121,40,4,0,0,0,14,104
1,0,6,5,0,0,19,17,64,30,50,7,0,0,16,67,112,100,84,1,0,0,0,21,100,120,96,3,0,0,6,54,21,8,0,0,0,0,5,17,120,77,0,0,0,0,10,87,120,36,0,0,0,20,78,47,34,1,0,0,0,30,120,120,7,4,1,0,0,0,3,20,75,49,27,0,0,0,33,120,16,13,20,2,0,56,120,63,25,13,8,0,0,41,105,28,0,4,8,0,0,0,0,0,13,61,120,43,9,1,1,10,3,14,59,44,42,33,8,4,5,6,8,0,4,39,56,13
8,15,4,1,0,0,0,1,0,9,37,28,6,0,0,0,64,62,31,15,2,0,0,0,156,156,0,0,0,0,0,0,32,44,2,0,0,0,0,4,18,45,47,14,1,0,0,0,96,38,44,28,10,2,0,17,156,100,0,0,0,0,0,68,53,5,2,2,0,0,0,25,66,22,8,4,5,1,0,14,45,10,28,37,36,8,1,22,156,6,5,3,1,0,0,156,31,6,7,8,2,0,0,7,118,85,18,3,0,0,0,5,22,46,100,98,3,0,0,0,156,43,44,22,0,0,0,44
0,0,0,0,0,38,158,73,0,0,0,0,0,158,158,4,40,11,2,0,0,158,146,16,103,34,0,0,0,8,26,54,16,0,0,0,0,17,158,38,36,16,14,1,0,88,109,16,57,34,30,1,1,22,20,21,76,21,0,0,0,5,122,67,53,19,2,0,0,0,10,14,68,6,1,0,0,1,20,47,3,2,3,0,0,42,55,12,1,1,0,0,0,43,93,11,9,9,1,0,0,0,3,8,4,0,0,0,0,2,34,37,0,0,0,0,0,40,41,8,13,5,0,0,0,19,11,4
10,11,103,26,0,0,15,29,165,58,19,10,0,0,4,61,162,12,0,0,0,0,0,32,4,1,6,4,0,0,3,16,12,15,59,31,24,17,1,1,165,92,15,13,7,5,1,13,139,38,8,0,0,0,0,22,14,5,5,2,0,0,1,18,20,4,0,7,87,24,2,4,165,31,0,0,12,9,2,45,133,13,9,0,0,0,0,61,9,8,9,0,0,0,2,15,20,32,3,7,75,7,0,0,165,128,1,1,5,0,0,2,79,32,2,0,0,0,0,22,4,5,4,0,0,0,4,25
0,0,0,0,0,94,140,1,2,0,0,0,0,37,140,27,1,0,0,0,0,44,140,14,0,0,1,1,0,64,140,3,4,0,0,0,41,140,91,1,106,34,1,0,6,32,134,43,28,24,31,15,1,14,83,15,0,4,63,16,2,16,44,1,12,0,0,0,96,46,0,2,140,11,0,0,10,7,0,47,66,14,14,4,0,0,0,41,5,36,49,2,0,0,0,0,8,0,0,0,74,29,0,3,120,1,0,0,5,3,0,44,113,26,0,0,0,0,0,32,27,46,6,0,0,0,0,0
22,0,0,0,0,0,30,96,154,12,14,10,1,0,0,91,29,19,114,60,0,0,0,1,2,4,91,54,0,0,0,0,37,1,8,2,0,0,39,124,156,10,0,0,0,0,2,119,125,25,22,7,0,0,0,6,5,3,64,40,0,0,0,6,52,34,86,56,2,0,3,20,156,112,9,3,0,0,0,22,121,12,1,0,0,0,0,28,4,0,3,4,0,0,2,17,53,21,14,20,15,15,1,2,156,87,3,1,0,0,0,3,45,22,6,0,0,0,0,14,9,2,2,2,0,0,0,13
0,0,0,4,143,22,0,0,136,27,0,0,58,18,0,1,143,22,0,0,0,0,0,10,65,0,0,0,0,0,0,39,4,0,0,4,143,44,0,0,143,35,0,0,60,16,0,2,143,14,0,0,0,0,1,35,18,0,0,0,0,0,17,76,9,0,0,0,143,87,0,3,143,7,0,0,34,17,1,37,81,1,0,0,0,0,9,70,0,0,0,0,0,0,29,55,5,0,0,0,143,74,1,6,112,0,0,0,19,13,2,68,37,0,0,0,0,0,0,36,0,0,0,0,0,0,2,9
142,5,0,0,0,1,0,12,142,2,0,0,0,0,2,53,77,16,4,2,3,1,17,106,11,6,9,49,92,20,33,38,142,15,0,0,0,0,0,14,142,45,4,0,0,0,0,30,37,41,55,1,0,0,8,36,9,30,40,7,6,4,26,28,142,28,0,0,0,0,0,0,142,23,0,0,0,0,0,34,103,25,22,0,0,0,0,35,26,70,39,0,0,0,0,0,142,13,0,0,0,0,0,0,142,16,0,0,0,0,0,4,142,15,0,0,0,0,0,5,59,27,0,0,0,0,0,5
11,27,12,6,9,19,52,23,12,8,13,17,41,59,47,44,84,21,14,24,6,10,9,50,14,12,26,70,16,0,0,0,0,0,6,18,104,52,59,25,43,9,41,18,35,117,134,77,134,24,7,7,9,30,15,101,60,9,2,28,79,7,0,3,0,13,67,101,62,5,3,1,30,66,134,92,24,9,15,3,134,81,27,26,10,15,4,24,71,0,0,0,61,84,7,20,2,4,34,20,0,3,19,20,14,17,40,37,29,41,9,8,78,31,3,7,16,57,4,6,55,1,0,0,20,88,9,14
0,0,7,18,16,97,85,2,8,3,4,39,16,106,120,13,52,35,5,2,0,11,120,73,13,27,11,2,0,2,54,32,0,2,61,77,49,39,2,0,28,11,23,120,120,40,6,4,120,59,11,9,13,1,3,58,83,49,19,7,2,2,2,29,1,1,6,30,115,43,6,6,5,16,84,58,91,32,0,0,73,107,63,6,4,0,0,19,97,54,0,0,4,5,1,16,3,11,21,24,17,3,5,7,0,19,120,26,3,0,0,0,2,67,120,5,2,0,0,0,8,38,9,1,9,10,0,0
8,12,0,0,8,38,8,1,2,0,0,0,2,66,121,6,2,0,0,0,0,16,121,28,14,2,4,6,2,14,26,24,4,5,2,15,99,54,0,0,4,0,0,18,77,106,64,6,85,34,0,0,5,15,86,60,113,47,6,7,1,1,5,29,2,1,2,25,79,55,22,7,15,1,3,50,121,67,12,9,121,46,5,3,25,10,22,116,51,40,1,0,0,3,54,76,0,2,62,39,11,24,10,1,1,9,121,80,49,36,4,2,19,98,121,12,6,3,5,43,16,87,81,3,0,0,9,21
160,11,0,0,35,7,0,8,160,44,0,0,0,0,0,3,32,11,0,0,0,0,0,0,0,0,0,0,0,0,0,0,160,18,0,0,49,4,0,11,160,18,0,0,2,2,0,14,66,6,0,0,28,18,2,3,0,0,0,0,1,0,0,0,160,9,0,4,48,0,0,11,160,3,0,0,7,2,0,15,52,0,0,0,124,21,0,4,0,0,0,0,17,3,0,0,139,0,0,9,47,0,0,22,160,0,0,0,5,1,0,62,39,0,0,0,126,17,0,14,0,0,0,0,42,10,0,0
23,126,23,0,0,2,5,0,126,126,7,0,0,0,0,3,126,21,0,0,0,0,0,48,87,0,0,0,0,0,7,79,89,87,1,0,0,0,0,0,126,38,0,0,0,0,0,4,126,2,0,0,0,0,1,48,89,0,0,0,0,0,24,93,103,58,0,0,0,0,0,0,113,52,0,0,0,0,1,4,107,5,0,0,0,11,57,55,36,0,0,0,0,10,126,88,100,25,0,0,0,0,0,12,41,15,0,0,2,17,11,9,12,0,0,0,2,77,71,14,96,1,0,0,0,14,45,37
5,84,115,48,12,3,4,0,70,86,115,83,13,1,0,3,115,34,11,8,5,10,4,78,23,0,0,0,95,90,8,30,5,55,115,21,1,5,20,11,19,33,77,81,69,42,10,5,115,17,7,10,31,30,3,19,34,0,0,0,115,115,4,17,4,3,6,1,2,16,50,20,15,1,0,1,63,95,18,14,70,4,0,0,25,95,25,24,24,0,0,0,66,115,5,7,1,0,9,3,12,46,6,1,1,0,0,0,19,98,18,3,3,1,0,0,4,110,45,7,21,31,0,0,6,49,3,2
25,64,4,1,22,10,0,0,49,83,11,3,0,0,0,0,69,31,6,4,1,2,3,1,0,16,21,2,0,4,12,1,109,75,6,8,9,0,0,0,65,50,20,50,25,0,0,2,117,39,29,9,5,10,7,16,2,24,44,7,5,61,38,1,117,22,3,27,9,0,0,6,89,16,4,86,78,1,1,5,50,6,1,24,41,45,93,71,2,1,1,1,40,117,93,19,117,11,10,67,10,0,0,6,117,14,15,102,29,0,0,5,0,0,4,117,117,42,53,15,14,27,6,24,37,117,100,15
12,9,1,4,87,29,0,0,76,95,8,4,4,0,0,0,67,40,14,15,1,0,0,3,54,25,21,6,0,1,0,3,28,7,3,34,48,7,0,0,131,70,9,20,5,0,0,6,65,21,11,81,45,0,1,10,94,19,12,6,6,34,43,47,18,20,20,69,13,0,0,1,131,10,5,44,8,0,0,42,84,7,6,131,63,2,2,14,5,0,0,65,76,45,84,41,35,53,24,55,2,0,0,0,131,11,19,114,6,0,0,24,131,16,28,84,7,0,0,26,1,1,16,131,105,17,14,2
0,1,0,0,0,14,30,0,1,2,0,0,24,34,10,0,11,60,51,14,27,18,0,0,0,17,83,140,27,4,0,0,13,15,4,1,7,2,4,20,34,7,3,3,70,35,1,4,140,129,24,7,11,8,0,4,25,38,42,126,140,0,0,0,10,2,5,4,7,15,24,89,66,1,0,2,61,97,23,26,140,7,0,0,10,9,3,59,44,2,0,14,140,16,2,12,0,0,54,41,1,5,9,11,36,7,53,50,11,32,8,13,140,9,11,4,1,4,10,135,11,0,0,1,85,40,30,50
0,66,134,41,61,50,8,0,8,40,24,60,134,45,1,0,11,72,7,5,7,3,1,1,38,2,0,0,0,1,1,16,5,7,25,12,40,134,134,5,134,28,4,5,43,128,42,31,29,19,4,15,69,13,3,4,26,0,0,0,8,9,14,42,12,16,113,70,33,88,50,3,134,23,20,25,20,12,9,21,54,1,1,43,102,4,1,6,1,0,6,23,27,16,14,19,7,6,14,12,63,72,8,4,134,19,0,4,26,18,0,6,53,5,13,44,27,0,0,0,0,0,38,61,21,0,0,0
5,0,0,0,0,10,60,78,0,0,0,0,7,69,59,3,1,3,2,0,2,24,65,11,3,3,6,6,0,0,36,35,23,6,0,0,1,22,107,65,7,2,0,0,3,25,122,43,66,27,9,0,0,5,20,32,11,23,45,6,0,0,1,5,0,0,0,3,39,72,148,76,50,17,0,0,5,7,76,148,148,65,1,0,0,0,0,56,40,24,29,13,0,0,0,0,0,0,5,120,82,20,12,14,36,7,7,61,25,5,26,148,120,14,1,0,0,0,1,148,46,14,5,1,0,0,0,55
19,13,7,1,7,58,35,72,68,21,4,0,0,1,19,99,11,0,0,0,0,4,56,77,2,0,0,3,7,5,33,34,98,2,0,0,14,55,68,133,129,14,5,0,0,4,14,114,38,21,5,1,0,2,24,75,17,3,5,4,0,1,13,58,133,23,2,4,68,40,10,31,133,115,45,0,0,0,0,10,15,112,56,13,0,0,0,2,13,9,21,33,2,0,0,5,133,85,48,46,39,2,0,2,133,118,15,0,0,0,0,0,1,48,27,18,9,0,0,0,0,1,3,39,19,0,0,0
2,25,6,10,23,121,121,0,45,121,2,0,1,118,20,1,83,111,0,0,0,1,0,0,94,19,0,0,0,0,0,11,2,103,34,35,96,39,5,0,36,120,11,0,1,3,2,6,121,22,0,0,0,0,0,8,80,7,0,0,0,6,5,17,56,65,12,8,44,32,6,6,42,6,2,2,24,21,10,23,115,12,0,0,0,2,31,29,15,2,0,0,9,91,64,18,81,22,0,8,76,11,0,0,15,0,1,9,49,22,17,35,15,0,0,0,5,38,121,37,0,0,0,0,55,121,109,9
23,8,14,69,12,1,3,12,100,8,3,7,11,28,38,128,15,35,1,2,79,112,30,21,56,130,2,1,12,4,0,0,4,1,1,9,27,4,6,15,15,0,0,15,70,15,47,60,130,80,0,0,6,20,35,39,121,130,0,0,0,0,0,0,1,1,13,22,11,0,0,0,27,1,1,56,86,1,0,5,130,29,0,11,10,0,0,46,130,68,0,0,0,0,0,9,0,0,13,40,1,0,0,0,3,0,2,73,42,0,0,1,130,1,0,20,24,0,0,97,130,11,0,0,4,1,0,70
5,107,6,0,8,92,0,0,63,135,0,0,0,1,0,0,115,56,0,0,0,0,0,7,24,2,0,0,29,52,1,10,41,119,1,0,0,2,0,0,92,65,0,0,0,0,0,3,129,8,0,0,1,5,1,13,23,0,0,0,135,135,3,3,71,23,0,0,0,0,0,2,91,15,0,0,0,0,0,3,76,1,0,0,13,57,14,24,4,3,8,11,135,135,6,3,61,13,0,0,0,0,1,4,32,7,0,0,0,6,15,15,8,0,0,0,28,135,21,11,21,23,9,4,91,135,5,5
0,0,0,0,121,183,3,0,1,12,16,5,60,183,2,0,38,27,31,15,4,4,0,2,51,23,9,3,0,3,12,5,19,1,0,1,101,183,17,10,66,39,28,3,6,21,3,9,9,18,42,18,23,9,4,2,14,28,2,0,4,9,39,10,48,7,1,30,183,21,2,5,127,6,0,0,4,7,3,19,13,14,3,3,37,37,3,4,18,99,6,0,6,6,3,3,13,6,2,32,183,0,0,4,60,6,0,1,3,1,0,31,26,19,8,8,11,3,0,5,29,35,7,0,0,3,5,9
2,5,1,16,14,0,0,0,74,147,7,4,0,0,0,0,42,147,30,8,1,0,0,0,41,43,2,1,0,0,0,0,27,13,1,20,21,0,0,0,147,147,3,4,2,1,1,20,83,93,16,35,46,12,3,9,32,9,0,2,6,5,0,0,21,3,2,24,11,1,0,4,147,12,1,3,2,3,31,147,66,3,0,1,19,31,80,147,26,1,0,0,6,23,3,16,1,2,6,7,8,2,0,0,21,6,2,9,26,10,28,93,147,22,0,0,0,1,28,147,41,2,0,0,3,21,4,16
11,119,96,0,0,0,0,0,5,112,119,19,2,2,0,0,4,119,119,9,0,0,0,0,5,119,64,0,0,0,0,0,112,119,5,0,3,3,0,0,30,44,21,9,36,59,12,14,119,65,25,3,3,8,8,52,63,65,13,0,0,0,0,17,119,37,0,0,3,24,12,12,24,64,2,0,39,74,13,7,119,111,2,0,3,2,1,23,94,17,0,0,0,0,1,28,45,12,0,0,0,11,9,29,54,119,1,0,1,12,4,2,21,83,6,0,1,10,5,7,26,6,0,0,0,2,4,46
2,1,4,5,4,0,1,0,23,11,1,5,31,4,0,0,158,93,0,2,6,0,0,0,32,23,0,5,158,17,0,0,6,1,1,2,13,3,14,22,65,3,0,2,47,12,2,4,158,23,0,1,11,0,0,6,42,5,0,8,158,7,0,1,0,0,0,0,2,7,52,81,68,4,0,2,18,8,26,38,158,6,0,1,8,0,0,23,47,1,0,34,158,0,0,2,3,5,4,1,0,1,8,32,42,0,0,0,0,0,24,73,158,0,0,0,2,0,1,95,46,0,0,43,137,0,0,15
15,0,0,1,7,21,144,144,30,0,0,0,8,12,60,144,4,0,0,2,42,17,1,10,0,0,0,36,144,8,0,0,23,8,9,29,20,8,66,50,144,21,3,4,3,1,23,144,65,1,0,11,52,5,0,14,0,0,0,26,144,4,0,0,24,25,27,30,10,0,0,0,144,81,6,6,1,1,1,5,68,4,0,2,28,38,5,5,0,0,0,27,132,15,0,0,27,22,29,24,8,0,0,0,144,60,4,1,1,2,0,2,24,2,0,0,22,21,1,2,0,0,0,12,49,9,0,0
24,47,3,0,1,18,7,7,23,68,9,4,1,5,1,2,2,19,32,38,10,0,0,0,0,13,53,119,38,0,0,0,71,92,9,3,1,0,1,5,18,57,15,29,44,9,4,8,93,40,26,12,5,3,3,23,34,103,119,60,0,0,0,2,119,27,7,6,3,0,0,43,48,17,11,95,66,2,1,18,119,32,8,20,11,0,2,28,119,103,18,1,0,0,0,26,48,15,119,119,9,2,2,63,40,22,119,29,30,10,7,54,47,39,74,22,7,1,1,4,119,107,11,1,0,0,0,4
0,0,0,1,58,132,41,1,0,0,0,4,84,132,13,3,16,9,2,3,5,18,51,107,6,5,2,8,41,15,132,132,5,0,0,0,31,106,121,70,7,1,0,4,105,110,16,8,119,15,2,3,21,29,12,25,23,9,3,15,132,38,11,26,59,0,0,0,2,14,44,110,10,10,4,6,44,42,31,12,68,22,3,2,12,52,38,15,4,0,0,0,68,109,17,4,53,21,0,0,0,0,6,21,3,1,1,0,4,36,30,12,1,6,8,2,4,59,64,1,0,0,2,2,23,57,23,1
10,0,0,0,0,0,15,43,16,3,1,0,0,0,1,31,1,7,6,2,1,0,0,0,2,0,0,0,1,0,0,1,21,3,0,2,6,5,56,83,142,18,1,0,0,1,8,101,23,17,8,6,10,27,15,3,3,0,3,2,7,32,25,7,57,21,7,16,10,1,3,7,142,42,6,0,0,12,17,28,12,97,59,0,0,48,52,6,0,129,142,2,1,22,14,0,38,79,3,2,3,6,5,3,61,142,66,0,0,2,1,10,0,142,142,0,0,19,8,0,0,142,142,0,1,91,53,0
0,0,109,17,0,9,119,11,1,2,119,9,0,8,119,40,1,12,119,4,1,32,119,15,36,11,26,3,2,28,76,76,8,12,4,8,5,19,119,23,101,24,1,3,5,19,119,81,23,3,1,3,56,106,119,29,13,2,1,2,9,31,114,116,10,11,3,7,5,16,58,19,75,17,1,3,4,9,34,99,23,10,20,26,49,27,14,26,3,3,16,39,27,8,7,7,8,1,0,0,1,5,29,14,72,31,0,0,0,0,15,50,69,43,7,9,12,14,8,17,0,0,3,20,65,43,0,0
57,4,0,0,0,1,3,51,81,42,16,1,1,3,4,27,7,36,42,14,0,0,1,1,13,17,24,7,0,0,2,2,101,2,0,0,0,0,1,27,129,51,15,1,0,0,0,17,30,36,129,39,0,0,0,5,34,27,79,57,0,0,0,0,120,53,1,0,0,0,0,27,129,98,7,0,0,0,0,36,94,64,26,6,0,0,0,41,24,55,106,52,0,0,0,1,129,70,2,0,0,0,0,70,96,129,66,0,0,0,0,49,26,129,102,0,0,0,0,3,21,92,53,5,1,2,0,0
5,57,70,9,1,9,19,2,15,76,19,2,9,23,42,13,21,26,3,4,9,20,113,57,94,38,2,3,7,12,39,113,6,9,5,2,3,83,92,17,7,5,2,4,29,66,113,40,77,16,0,0,10,23,52,77,113,113,2,0,0,3,21,86,63,30,3,1,2,52,68,31,57,15,3,9,65,99,33,27,113,31,0,0,10,11,37,78,100,5,0,0,0,5,99,113,26,38,4,1,6,61,24,17,20,2,0,1,4,82,24,34,30,1,0,0,0,2,33,70,3,0,0,0,0,2,65,31
39,11,3,5,2,1,3,50,60,22,55,53,13,1,2,35,110,29,22,11,1,0,1,49,49,10,3,31,59,10,2,16,23,48,44,8,0,0,0,20,56,26,56,38,2,2,40,97,110,73,13,9,3,2,24,46,40,23,2,36,51,11,4,15,31,83,46,5,0,0,0,0,21,64,110,76,0,0,3,6,71,71,59,22,1,0,9,24,88,69,19,53,19,1,6,16,97,93,19,1,0,0,0,2,36,110,110,94,2,0,0,4,13,94,110,110,6,0,0,0,61,93,62,53,8,8,14,8
0,0,0,0,0,0,0,0,6,9,7,0,0,0,2,32,15,8,6,0,0,0,70,140,3,0,3,4,2,11,86,140,45,1,0,0,0,0,0,7,140,124,83,0,0,0,1,32,34,75,140,41,1,1,18,98,44,65,52,11,0,0,24,140,50,5,0,0,0,0,0,4,140,38,8,0,0,0,21,69,26,17,47,22,2,6,129,101,26,69,38,7,1,9,80,95,0,0,0,0,0,0,0,0,7,0,0,0,1,1,2,3,8,7,4,2,5,7,38,25,50,56,11,0,0,2,49,47
132,10,0,0,0,0,0,24,132,7,0,0,0,0,0,74,132,6,4,3,0,0,0,47,68,11,30,132,53,25,6,26,98,21,0,0,0,0,0,10,132,43,0,0,0,0,2,27,132,3,0,0,0,0,25,113,36,1,0,4,68,93,40,87,4,3,0,0,0,0,0,0,48,12,0,0,0,3,19,13,10,0,1,0,0,39,132,64,0,1,21,8,36,132,132,55,0,0,0,0,0,0,0,0,0,0,0,0,0,1,1,0,0,10,9,0,1,35,29,0,5,55,106,10,7,35,46,0
0,0,0,0,104,137,26,1,40,1,0,0,38,137,137,80,86,2,0,0,1,15,137,137,61,16,2,1,4,11,17,27,4,0,0,0,137,137,1,2,137,14,0,0,57,86,6,18,137,13,0,0,0,0,0,41,55,0,0,0,0,0,0,34,7,0,0,0,56,56,0,1,137,16,0,0,9,15,1,7,102,2,0,0,0,0,0,51,4,0,0,0,0,0,0,13,0,0,0,0,0,0,0,0,3,0,0,0,0,0,0,0,6,0,0,0,0,0,0,4,0,0,0,0,0,0,0,0
17,1,0,0,0,0,0,15,32,3,0,0,0,0,1,33,42,1,0,11,35,1,4,21,3,0,1,98,166,6,0,0,17,2,0,0,0,0,0,6,67,14,0,0,0,0,0,9,74,11,1,7,5,0,0,11,32,13,27,166,89,0,0,2,5,4,0,0,0,0,0,0,33,9,0,0,0,0,4,24,54,2,0,0,0,6,36,51,106,21,45,68,1,1,36,94,0,0,0,0,0,0,0,0,0,0,0,0,0,93,68,8,2,0,0,0,0,166,166,22,47,2,2,0,0,58,166,166
2,30,40,2,0,0,7,5,0,7,53,63,11,1,2,2,2,0,4,82,50,1,10,53,2,0,0,19,9,1,102,130,17,26,14,1,6,49,125,47,130,46,47,77,9,1,42,65,12,9,23,130,100,0,0,0,6,0,1,91,36,0,6,27,24,121,66,11,21,32,24,12,130,94,10,9,12,13,19,67,25,2,2,118,130,51,18,18,1,0,9,130,36,0,0,0,11,31,18,0,0,0,0,4,24,8,1,0,0,5,16,41,2,0,0,8,5,21,26,19,0,0,24,64,1,0,2,9
74,1,0,0,21,18,3,41,112,13,7,3,3,0,0,49,2,9,27,29,16,1,0,0,0,0,0,8,15,7,0,0,122,6,0,9,18,5,0,12,127,83,14,2,6,9,2,20,24,42,40,36,109,111,21,3,0,0,0,6,33,35,69,6,109,11,2,70,59,0,0,4,127,10,0,2,11,29,19,90,18,2,12,85,127,127,52,24,11,36,49,36,13,41,121,30,42,15,1,46,127,1,0,0,60,7,1,1,1,0,10,64,4,0,16,70,17,6,57,38,2,28,70,36,4,3,13,4
34,1,1,26,23,0,0,33,142,1,0,1,0,0,7,142,16,0,0,0,0,1,36,142,8,0,1,1,9,2,15,142,29,5,15,82,26,0,0,1,142,15,8,6,1,0,0,19,37,3,1,10,34,9,22,79,91,0,0,1,9,5,16,142,8,7,58,70,1,0,0,7,120,51,63,15,0,0,0,9,35,6,1,13,97,9,1,9,30,0,0,2,81,32,32,142,6,1,6,1,0,11,12,23,7,15,19,0,0,23,98,49,3,4,1,0,62,43,54,30,11,9,6,4,95,40,4,16
2,0,0,0,0,0,0,2,9,0,0,58,13,0,1,23,2,1,9,196,180,0,0,5,45,18,24,196,83,0,0,3,0,0,0,1,1,0,0,1,8,0,0,3,3,1,4,22,33,6,8,196,76,0,0,17,3,4,46,196,52,0,0,0,2,7,3,1,0,0,0,0,11,6,8,12,1,0,0,1,74,15,5,22,0,1,7,9,6,1,17,196,10,3,11,5,4,4,0,0,0,0,2,3,3,2,2,3,2,5,4,2,12,1,0,0,0,3,28,15,4,0,0,12,1,1,16,27
5,12,2,0,0,0,0,0,33,7,1,1,2,6,6,12,4,19,76,49,102,39,8,5,1,12,127,95,46,6,16,24,4,3,0,0,0,0,4,6,41,11,1,0,0,0,6,17,117,127,81,14,2,0,0,4,9,41,114,127,127,0,0,0,0,1,1,1,0,0,5,2,56,4,2,0,0,0,5,23,127,33,4,3,1,1,12,127,28,13,7,51,127,90,33,48,6,4,2,0,0,0,0,3,7,7,7,1,0,0,0,6,21,1,1,1,0,3,26,120,1,0,0,8,127,127,62,43
39,0,0,0,0,0,3,108,36,11,5,0,0,3,44,105,111,70,22,0,3,10,22,28,31,56,56,28,39,15,10,14,101,4,0,0,0,0,1,52,132,132,56,3,0,0,1,25,85,64,98,40,30,5,19,34,37,12,5,5,31,38,83,45,132,11,0,0,0,0,0,13,132,28,6,2,1,1,3,104,38,8,12,29,132,25,16,49,52,8,1,4,68,9,12,23,101,12,0,0,0,0,0,9,132,11,0,0,0,0,1,59,23,0,0,0,18,8,7,37,0,0,0,0,11,0,0,0
0,0,57,85,16,0,0,0,13,58,66,43,4,0,0,1,119,144,20,0,0,0,0,7,144,142,0,0,0,0,0,12,1,0,4,27,55,63,18,0,99,35,8,6,12,6,0,8,144,113,1,0,0,0,0,17,144,144,0,0,0,0,0,5,5,0,0,0,8,59,42,16,109,27,0,0,0,4,9,39,144,14,0,0,0,0,0,43,144,10,0,0,0,0,0,23,2,0,0,4,28,14,6,9,26,0,0,0,1,1,3,27,9,0,0,0,0,0,0,2,0,0,0,0,0,0,0,0
4,7,8,0,0,1,21,37,109,57,2,0,0,1,35,104,136,136,15,0,0,1,15,21,123,55,0,1,0,0,0,8,28,11,5,2,1,4,4,10,136,123,1,0,0,0,0,16,136,94,1,0,0,0,5,48,55,12,0,0,0,0,42,95,33,21,11,0,1,10,4,8,136,28,2,0,0,0,0,72,106,6,0,0,0,0,15,70,1,0,0,0,0,0,65,72,9,104,17,0,0,0,0,0,87,136,40,2,0,0,0,8,50,43,11,8,3,1,1,7,0,0,0,0,0,1,5,4
2,16,56,22,3,0,0,0,142,131,17,4,1,0,0,6,142,112,1,0,0,0,0,28,13,18,6,0,3,0,0,1,0,23,142,67,0,0,0,0,92,82,128,63,5,0,0,21,142,39,10,1,0,0,0,82,40,2,0,0,8,4,0,5,26,72,100,25,0,0,0,0,10,39,142,77,3,0,0,1,118,132,92,2,0,0,0,5,26,7,0,0,12,3,0,1,72,38,6,0,0,0,0,0,3,4,28,2,1,6,2,0,19,9,9,0,0,1,0,5,6,1,0,0,2,2,1,3
11,0,1,0,0,1,18,32,0,0,6,5,0,3,47,3,0,0,11,5,0,0,25,9,0,0,2,3,1,2,5,1,2,0,0,0,0,15,140,140,11,1,0,0,0,51,140,48,90,4,0,0,0,2,114,135,8,0,0,1,0,4,21,10,28,9,2,0,0,2,110,135,134,82,8,0,0,12,75,73,140,94,4,0,0,0,9,32,22,4,1,7,2,0,2,3,78,31,3,0,0,0,1,13,140,86,0,0,0,0,0,16,92,28,0,0,0,0,24,73,5,0,0,0,0,0,50,35
0,0,0,56,38,3,0,0,62,1,3,20,18,1,0,52,85,4,4,30,19,0,0,37,3,5,56,145,45,0,0,0,0,0,3,145,30,0,0,0,50,6,13,110,14,0,0,8,145,10,4,13,11,0,0,29,44,15,33,31,23,4,5,48,0,0,13,145,49,0,0,0,9,10,40,141,10,0,0,0,121,31,13,22,19,2,0,6,19,1,0,6,111,24,15,63,0,2,22,145,40,0,0,0,0,0,50,145,9,0,0,0,26,10,20,75,9,0,0,5,6,3,4,50,92,3,1,7
0,0,0,49,90,16,7,0,8,1,0,1,9,11,21,21,42,34,3,0,0,0,0,13,110,26,4,0,0,0,0,51,0,0,2,127,127,7,0,0,26,4,15,88,25,4,6,28,127,45,16,4,0,0,0,40,47,46,51,3,0,0,0,31,5,5,9,104,127,17,0,0,15,21,84,127,3,0,0,1,109,127,41,32,0,0,0,6,37,106,42,14,11,5,0,0,4,4,18,127,127,0,0,0,14,25,46,73,10,0,0,0,85,73,11,26,11,2,4,23,33,32,3,3,40,38,5,9
10,0,0,0,20,131,30,25,27,6,4,0,0,12,81,65,4,6,17,1,2,35,153,21,11,27,9,6,53,48,37,2,5,0,0,0,11,65,42,28,8,0,0,0,1,110,107,31,94,10,0,0,0,24,113,46,62,30,3,0,0,6,26,25,0,0,0,1,10,26,31,6,26,18,4,4,23,74,18,4,153,42,6,0,0,7,11,18,90,102,9,0,0,7,20,16,2,6,9,16,9,2,0,0,10,85,19,13,8,1,0,0,39,167,59,0,0,0,0,0,32,167,94,0,0,0,0,0
0,0,0,0,0,2,1,1,19,0,0,0,0,0,0,14,27,0,0,0,0,0,0,12,0,0,0,0,1,0,0,0,0,4,1,0,5,11,5,3,129,35,7,0,0,0,3,83,158,34,0,4,6,0,0,116,18,2,0,31,43,0,0,2,0,88,43,1,5,1,0,0,47,158,71,0,0,0,0,4,158,158,21,7,9,0,0,10,13,12,1,40,62,6,0,0,2,158,97,0,0,0,0,0,93,158,45,0,0,0,0,3,55,97,7,1,20,22,3,6,0,1,0,2,59,68,0,0
10,12,7,0,43,119,20,17,5,15,6,3,134,134,2,0,4,44,24,3,18,8,0,0,10,17,4,0,4,0,0,0,1,0,0,0,107,134,43,7,92,29,2,0,75,134,5,7,28,30,43,18,0,0,0,0,1,3,26,20,10,0,0,0,8,0,0,2,134,101,21,22,134,8,1,1,68,33,1,37,85,15,22,7,0,0,0,13,1,3,33,46,26,0,0,0,47,10,47,54,100,6,2,84,80,50,134,44,28,1,0,6,75,22,66,7,0,0,0,12,8,6,27,18,38,0,0,4
0,95,171,0,0,4,8,0,0,75,171,2,0,2,1,0,6,106,171,1,0,0,0,0,9,146,171,0,0,0,0,0,0,22,47,0,0,0,14,4,9,11,32,0,0,0,8,5,52,25,11,0,0,0,0,2,25,11,2,0,0,7,10,7,0,0,0,0,0,2,33,18,21,1,0,0,0,0,11,32,41,2,0,0,0,7,29,15,4,0,0,0,0,48,60,5,8,23,144,4,0,1,8,10,4,7,171,35,0,0,11,24,1,0,84,49,1,18,59,8,0,9,72,8,1,43,45,0
8,0,0,1,0,0,0,0,111,8,0,0,0,0,0,5,145,15,1,2,0,0,2,8,18,3,12,44,7,24,9,2,43,8,3,66,44,0,0,0,145,40,1,7,4,0,0,6,145,31,0,0,0,5,27,31,8,30,29,4,3,50,36,5,33,2,2,55,119,0,0,0,145,7,0,5,18,0,0,36,145,35,0,0,0,8,14,40,14,35,9,2,8,135,59,4,17,0,0,20,140,0,0,0,145,1,0,1,20,0,0,37,111,3,1,1,5,19,19,52,2,2,26,49,44,95,19,2
31,8,0,0,50,115,1,1,35,38,14,6,57,102,3,2,19,35,46,70,62,7,2,4,7,1,4,14,20,6,11,39,16,1,0,0,65,130,6,7,130,66,2,1,20,76,13,34,48,43,10,23,130,90,6,6,6,25,25,17,60,14,10,41,15,4,0,0,64,130,10,21,130,21,0,0,5,42,53,130,22,29,4,1,56,110,49,30,8,26,15,22,25,6,1,1,7,78,3,0,20,71,0,2,28,130,17,0,0,1,5,22,7,73,47,1,0,1,5,5,0,4,49,17,1,0,0,0
0,0,2,7,106,34,0,0,106,4,7,10,44,10,0,8,128,2,0,1,5,2,0,34,20,1,0,25,128,21,1,5,15,32,55,36,43,11,0,0,63,26,97,128,18,0,0,2,128,12,6,14,2,0,0,20,55,4,2,106,115,0,0,3,99,25,12,10,15,4,2,54,47,15,22,128,93,2,1,28,128,11,5,39,24,0,0,20,93,1,2,62,38,0,0,15,37,3,16,3,10,14,7,72,23,1,2,16,46,25,43,80,85,1,0,11,26,16,12,44,78,0,0,9,5,0,0,49
124,70,0,0,2,7,0,1,24,7,0,0,49,106,1,1,11,19,14,9,62,75,1,0,11,14,30,38,20,1,1,2,124,85,0,0,9,50,3,3,17,1,0,0,58,124,5,5,124,73,5,3,18,55,6,8,17,28,12,28,124,36,2,3,15,32,2,0,48,124,1,0,35,1,0,0,47,124,13,30,124,18,0,0,9,41,38,112,11,16,3,2,75,86,19,8,0,2,0,0,59,124,0,0,12,53,4,0,19,79,3,12,38,74,8,0,0,5,17,54,5,30,16,0,1,9,10,4
0,89,36,28,129,47,0,0,98,1,0,6,96,30,0,30,129,0,0,0,0,0,0,62,8,0,0,16,129,6,2,21,2,8,1,1,129,129,0,0,129,29,0,0,82,27,0,5,126,6,0,0,0,0,0,60,12,0,0,13,94,8,4,47,14,2,0,0,129,129,1,1,129,17,0,0,22,15,0,10,67,1,0,0,0,0,0,55,10,0,0,1,45,19,9,38,17,16,6,22,41,80,1,0,61,24,1,0,1,2,0,13,33,0,0,0,0,0,2,48,5,0,0,0,27,36,13,14
0,0,0,0,2,24,12,1,89,10,0,0,1,8,2,4,191,60,0,0,0,0,0,0,101,24,0,1,16,2,0,0,3,0,0,0,0,12,18,8,161,5,0,0,0,1,2,16,191,30,0,0,0,0,0,2,108,7,0,0,24,15,1,4,13,0,0,0,0,0,6,6,185,3,0,0,0,0,0,9,191,5,0,0,0,0,0,14,85,0,0,0,31,22,1,9,2,0,0,0,0,0,0,0,63,2,0,0,0,0,0,4,191,12,0,0,0,0,0,11,46,1,0,0,34,11,0,7
0,0,0,24,35,0,0,0,52,10,0,8,51,1,0,0,164,79,0,0,0,0,0,0,31,60,2,0,10,12,0,0,0,0,0,31,71,0,0,0,90,2,0,6,78,3,0,3,164,24,0,0,0,3,1,6,49,14,0,0,43,127,2,3,0,0,0,63,67,0,0,0,75,6,0,46,61,0,0,3,164,4,0,1,2,39,18,53,17,0,0,0,52,164,16,10,0,0,0,52,44,0,0,0,15,0,0,53,63,1,1,9,44,0,0,2,12,109,58,64,0,0,0,0,58,164,19,3
0,0,2,19,2,0,0,2,60,4,1,10,2,0,0,82,169,2,0,0,0,0,0,169,37,0,0,0,0,0,2,169,3,0,0,6,4,5,2,3,100,5,1,7,6,5,0,3,169,15,0,0,0,0,0,23,55,9,2,0,0,0,0,169,0,1,2,8,10,6,1,1,104,0,0,2,4,7,1,9,169,12,0,0,0,0,0,9,67,30,18,16,1,0,0,9,0,0,0,6,9,11,2,0,74,1,0,5,6,3,1,5,169,9,0,0,0,0,0,12,90,35,8,15,3,0,0,0
10,0,0,0,0,125,126,14,58,19,0,0,0,83,45,6,60,53,3,1,0,6,6,6,98,36,7,2,1,7,4,3,62,1,0,14,5,1,12,26,126,13,0,0,0,0,1,14,55,13,0,0,0,10,39,27,126,92,0,0,2,11,14,6,50,5,4,90,36,0,0,8,99,6,0,0,0,0,13,25,77,92,0,0,0,1,25,18,126,126,0,0,10,31,1,1,10,3,2,120,105,0,0,1,52,68,0,4,3,0,3,15,71,126,0,0,0,8,3,2,41,70,0,0,13,121,3,1
60,77,3,0,0,0,2,8,75,115,9,0,1,23,14,9,87,87,37,6,1,23,8,9,71,109,53,0,0,0,0,0,115,17,0,0,0,0,0,46,115,115,8,0,0,6,12,29,63,115,22,0,0,5,10,15,103,30,0,0,0,0,6,33,115,35,0,0,0,0,0,33,115,28,0,0,0,0,11,115,50,11,0,0,0,3,46,94,69,0,0,0,0,0,3,83,44,37,26,0,0,0,0,30,36,30,33,0,0,0,18,113,24,31,35,0,0,0,51,115,35,19,28,0,0,2,10,92
117,102,13,0,9,5,1,11,85,44,11,0,18,12,6,57,105,12,0,0,0,0,5,94,10,0,0,1,3,18,22,31,130,5,0,0,4,9,9,77,130,50,0,0,11,17,8,34,71,22,0,0,0,18,30,64,1,0,0,0,0,1,45,93,30,1,0,0,0,0,12,130,77,4,0,0,0,1,31,130,11,1,0,0,0,30,115,78,13,9,0,0,0,12,116,62,31,0,0,0,0,0,1,42,48,2,0,0,0,0,34,120,19,44,2,0,0,8,97,49,34,130,23,0,0,8,33,12
26,1,0,0,1,15,4,10,150,8,0,0,0,0,0,29,105,21,0,0,9,0,0,1,3,3,1,7,150,45,1,0,37,0,0,0,0,5,11,8,150,13,0,0,0,0,0,18,131,27,1,4,8,0,0,1,5,4,21,117,117,6,0,0,36,7,0,0,0,8,6,6,150,24,0,0,0,0,0,21,150,18,1,1,0,0,0,7,15,14,25,51,5,0,0,0,13,121,4,0,0,3,0,0,150,150,10,0,0,0,0,0,127,15,0,0,0,0,0,2,19,3,0,3,16,2,1,1
9,0,0,46,141,119,2,6,46,17,5,0,4,3,1,10,112,19,17,0,0,0,0,19,141,2,0,19,37,0,0,32,47,1,0,0,46,141,12,9,128,36,2,0,0,3,3,10,92,21,11,3,5,24,6,21,141,1,0,5,33,1,1,40,81,0,0,0,0,12,6,25,93,3,0,0,0,8,21,48,111,7,0,0,1,43,35,20,141,19,0,0,32,5,1,11,60,0,0,0,0,0,0,44,36,0,0,0,0,4,20,32,141,33,0,0,0,5,16,8,141,44,0,0,29,19,0,1
0,2,4,0,0,0,0,0,1,83,136,2,0,1,1,0,62,147,90,0,0,0,0,0,33,147,114,1,4,5,2,7,0,0,0,0,0,0,0,0,27,25,49,7,5,10,7,8,147,98,14,1,2,5,5,33,106,38,4,0,38,39,8,26,0,0,0,0,0,0,0,0,31,12,0,0,0,1,3,11,147,22,0,0,0,2,9,131,117,33,0,0,4,20,14,72,0,0,0,0,0,0,0,0,1,0,0,0,0,0,1,10,44,0,0,0,0,0,5,147,68,2,0,0,0,0,4,147
51,10,2,24,16,0,0,6,141,56,3,3,2,2,22,137,33,14,4,6,8,11,34,67,5,0,0,0,35,30,1,4,9,0,4,17,13,3,0,8,67,4,2,8,10,5,65,141,141,10,0,0,1,6,52,141,15,0,0,0,37,48,4,15,0,9,29,36,4,0,0,0,63,101,27,39,14,2,4,14,141,141,3,0,5,4,2,28,19,5,0,0,67,53,0,2,0,9,22,93,2,0,0,2,64,141,16,15,2,0,0,0,81,104,0,0,2,18,7,2,1,0,0,0,76,58,3,0
19,0,0,0,0,130,130,29,130,2,0,0,0,19,49,105,118,0,0,0,0,0,2,45,3,0,0,0,13,11,3,4,103,71,0,0,0,54,35,16,130,74,0,0,0,0,2,25,114,3,0,0,0,0,9,85,2,0,0,0,11,19,17,27,130,130,0,0,0,0,1,4,91,75,1,3,8,3,20,58,31,0,0,0,0,0,39,130,3,0,0,0,0,5,53,47,128,31,0,0,0,0,0,49,27,3,0,14,27,5,8,46,83,0,0,2,7,2,5,63,14,0,0,0,7,13,24,17
1,1,0,0,0,13,34,3,115,1,0,0,0,1,16,42,169,4,0,0,0,0,0,43,60,26,0,0,0,0,0,4,5,17,1,0,0,7,8,2,95,6,1,0,0,19,8,49,169,22,0,0,0,0,0,81,93,60,3,0,0,0,0,1,1,2,0,0,0,12,32,5,126,25,0,0,0,21,12,8,169,117,0,0,0,0,0,8,100,59,2,0,15,5,0,0,0,0,0,0,0,3,18,3,169,21,0,0,0,1,10,10,169,103,0,0,0,0,0,0,49,38,1,7,23,2,0,0
7,6,1,4,2,4,8,8,41,20,0,0,0,0,6,22,111,35,0,0,0,0,1,18,136,86,0,0,0,0,0,2,1,0,0,0,0,1,100,27,35,1,0,0,0,0,91,91,151,36,0,0,0,0,7,50,151,36,0,0,0,0,0,26,2,0,0,0,0,5,72,14,151,6,0,0,0,0,36,51,151,56,0,0,0,0,0,10,141,28,0,0,0,0,0,12,6,9,2,0,0,0,3,3,151,4,0,0,0,0,0,12,151,22,0,0,0,0,0,6,93,49,0,0,0,0,0,0
0,0,0,0,0,0,0,0,0,0,0,0,0,0,0,0,1,0,0,0,0,0,0,0,3,0,0,0,0,0,0,0,43,0,0,0,0,0,0,13,80,7,5,0,0,0,0,18,49,53,23,0,0,0,0,0,93,66,19,13,1,0,0,0,147,19,0,1,4,0,0,23,147,46,1,0,0,0,0,30,88,147,7,0,0,0,0,3,99,147,35,12,2,0,0,1,105,139,6,13,6,0,0,0,76,147,99,0,0,0,0,0,24,147,62,2,0,0,0,0,3,127,85,68,7,0,0,0
23,32,2,0,0,0,0,3,36,73,12,0,0,0,0,15,77,74,3,0,0,0,0,14,31,20,5,0,0,0,0,13,33,23,1,0,0,0,11,111,53,45,5,0,0,0,11,77,126,66,3,0,0,0,0,22,22,51,40,3,1,3,0,1,22,0,0,0,0,0,27,126,126,13,0,0,0,0,23,126,126,54,0,0,0,0,105,58,22,26,4,0,1,36,126,19,10,0,0,0,0,1,47,72,36,1,0,0,0,0,126,126,18,3,0,0,0,0,126,85,24,3,0,0,0,6,126,65
0,0,0,0,0,0,0,0,0,0,0,0,0,0,0,0,0,0,0,0,0,0,0,0,0,0,0,0,0,0,0,0,2,35,3,0,0,0,0,0,18,62,39,5,0,0,0,0,136,8,6,3,0,0,0,18,33,3,2,26,9,0,2,10,17,145,19,0,0,0,0,4,73,145,145,102,6,0,0,17,145,44,40,50,4,0,1,90,132,5,3,51,66,16,15,67,17,13,4,0,0,0,1,16,123,36,39,31,4,0,2,83,145,68,78,28,2,0,5,41,145,24,2,24,60,7,0,30
0,0,0,0,0,0,0,0,18,0,0,0,0,0,18,66,32,0,0,0,0,1,135,135,15,8,7,6,18,38,135,135,15,1,0,0,0,0,0,1,135,44,0,0,0,0,2,28,135,24,0,0,0,0,23,83,65,1,0,0,0,0,41,75,115,4,0,0,0,0,0,13,135,13,0,0,0,0,0,49,135,5,0,0,0,0,0,53,109,5,0,0,0,0,0,14,93,21,0,0,0,0,0,2,135,12,0,0,0,0,0,18,135,0,0,0,0,0,0,37,66,0,0,0,0,0,0,37
5,26,15,3,0,8,7,1,14,77,40,8,0,3,15,5,17,33,126,88,1,1,13,18,3,3,120,126,2,1,8,2,2,23,47,33,16,8,1,0,24,48,7,4,52,126,101,26,126,40,39,18,5,31,99,126,37,5,57,126,51,31,26,63,0,0,1,12,49,25,13,3,16,63,31,52,126,57,6,3,126,126,17,7,6,8,16,70,20,1,0,0,7,28,61,60,0,0,0,0,10,36,10,1,16,33,8,6,17,16,0,0,42,26,3,0,0,0,0,9,8,0,0,0,0,0,9,11
46,1,0,17,12,0,4,69,126,0,0,0,0,0,14,145,8,0,0,0,0,0,61,145,7,0,0,0,5,2,26,145,44,8,16,73,15,0,0,4,145,14,6,2,0,0,1,36,35,1,0,6,25,9,33,98,49,0,0,0,6,4,24,145,8,14,68,60,0,0,0,2,114,68,45,5,0,0,0,4,35,6,0,10,91,10,3,6,9,0,0,1,76,33,44,145,5,3,8,0,0,8,12,17,8,20,10,0,0,20,99,31,3,3,0,0,51,40,77,24,5,3,5,5,92,35,6,13
3,17,7,0,0,12,13,1,3,7,2,14,68,33,33,3,35,26,8,23,78,20,42,29,35,39,8,0,0,8,15,7,7,2,6,36,82,57,35,3,111,59,27,26,24,40,55,32,64,57,70,117,43,15,6,10,78,38,5,3,1,0,1,9,6,0,1,22,104,117,61,5,117,24,4,6,20,33,59,117,32,19,19,54,38,91,64,68,16,5,2,16,4,9,31,41,0,0,0,0,0,67,117,28,116,20,2,0,0,9,65,117,49,26,28,71,11,10,64,96,0,0,7,47,6,5,16,4
3,0,0,0,0,46,105,23,5,1,1,0,0,30,96,23,0,0,3,6,6,43,27,0,0,1,3,2,2,5,0,0,46,3,0,0,0,8,16,23,64,30,13,6,0,1,5,12,2,6,20,50,19,9,1,0,0,5,8,8,4,4,3,1,55,12,2,0,0,0,0,16,103,24,10,3,1,3,2,26,6,12,55,45,36,35,4,4,5,42,32,10,7,22,15,2,35,58,11,0,0,0,0,11,91,148,29,1,0,3,2,4,34,59,140,67,19,202,48,2,0,19,49,28,17,202,202,0
0,20,70,19,3,6,0,0,90,103,18,3,0,0,0,0,150,69,0,0,0,0,0,21,150,11,0,0,0,0,0,47,0,10,59,23,4,0,0,0,75,50,31,5,0,0,0,18,150,21,0,0,0,0,0,89,150,3,0,0,0,0,0,118,0,5,89,26,4,1,0,0,31,39,50,23,4,0,0,3,150,90,2,0,0,0,0,19,150,22,0,0,0,0,0,59,2,3,9,8,9,21,18,14,30,3,2,7,11,17,6,12,140,7,0,0,0,0,0,45,71,3,0,0,0,0,0,20
0,3,2,12,22,0,0,0,5,21,2,2,1,1,0,0,4,5,3,22,27,2,0,0,1,2,0,18,48,59,36,0,0,2,1,20,27,1,0,0,7,6,1,1,6,21,3,4,42,4,2,13,72,10,2,9,1,0,0,63,186,186,76,0,0,0,2,55,28,0,0,0,17,3,2,23,29,9,0,1,74,10,0,20,44,1,0,2,2,0,0,186,186,19,1,0,0,0,10,58,10,1,0,0,5,3,14,72,11,6,1,0,30,6,4,7,9,31,16,4,1,0,0,55,186,170,7,0
133,91,0,0,0,0,0,1,133,132,0,0,0,0,0,9,89,20,0,0,0,0,0,17,36,12,0,7,24,1,0,10,133,133,0,0,0,0,0,6,133,43,0,0,0,0,0,54,105,10,0,0,0,0,0,49,37,6,0,0,18,4,2,28,133,27,0,0,0,0,0,24,133,21,0,0,0,0,0,32,125,60,0,0,0,0,0,5,22,22,1,1,21,3,0,1,133,6,0,0,0,0,0,41,133,4,0,0,0,0,0,75,80,8,0,0,0,0,0,73,17,1,0,2,10,0,0,14
108,173,75,3,0,0,0,0,11,166,173,27,0,1,0,0,0,1,173,134,0,0,0,0,0,41,173,47,0,1,1,0,131,173,42,4,0,6,1,0,15,26,9,4,2,32,5,2,30,11,46,15,0,3,2,6,4,38,67,6,0,0,0,0,7,47,15,1,3,17,2,1,6,11,7,1,2,20,3,0,58,13,1,0,0,0,0,7,26,23,2,0,0,0,0,2,1,1,1,0,0,2,8,1,6,9,4,0,0,0,3,1,31,32,0,0,0,0,0,0,27,21,0,0,0,0,0,0
7,15,9,3,0,0,0,0,51,75,25,7,0,0,0,0,145,145,4,0,0,0,0,1,73,54,10,0,5,5,3,32,37,28,7,0,0,0,0,0,131,51,36,2,0,0,0,8,145,92,10,0,0,0,0,34,35,37,39,9,20,1,0,3,69,48,7,1,0,0,0,2,82,112,89,4,0,0,0,2,145,71,24,0,0,0,1,45,63,3,3,3,26,26,13,27,125,26,0,0,1,3,1,7,120,135,57,0,0,0,0,0,57,74,73,3,0,0,5,12,17,4,22,6,2,35,40,15
9,0,0,8,133,52,1,3,133,0,0,0,9,8,1,19,133,5,0,0,0,0,0,19,36,29,2,0,0,0,1,8,13,1,0,27,133,11,0,0,133,2,0,6,14,0,0,6,133,0,0,0,0,0,0,16,111,13,0,0,0,0,0,7,3,1,1,96,121,2,0,0,133,26,4,32,15,0,0,4,133,71,0,0,0,0,0,3,82,32,0,0,0,3,9,5,0,17,41,43,40,8,4,0,33,133,102,28,12,0,0,0,40,133,53,15,9,0,0,0,5,18,8,17,24,16,13,0
12,22,16,5,2,6,84,56,13,8,27,19,0,0,24,39,21,37,27,7,0,0,0,2,0,8,30,61,1,0,0,0,47,28,36,4,7,18,136,136,136,45,15,1,0,0,31,136,46,97,82,1,0,0,0,2,0,27,101,35,0,0,0,0,36,103,136,31,6,2,5,12,136,104,46,6,1,0,0,37,110,28,15,0,0,0,1,68,7,16,28,1,0,11,12,17,6,20,46,13,4,19,72,24,79,9,13,6,3,13,17,54,53,0,0,0,0,0,21,114,0,0,0,0,6,61,47,25
17,4,1,40,109,0,0,15,131,26,1,8,10,0,0,131,40,3,0,1,0,0,8,131,0,0,0,19,14,4,12,21,21,4,0,37,121,0,0,0,131,59,5,11,22,0,0,11,47,21,8,13,25,7,18,99,1,0,0,0,2,9,65,79,17,1,0,18,129,0,0,0,131,5,0,5,33,8,4,42,45,1,0,6,71,92,34,29,18,0,0,1,10,21,84,102,7,1,0,6,110,1,0,0,131,28,3,1,30,3,2,32,27,19,34,73,42,25,7,11,35,4,21,81,23,8,11,62
46,8,0,0,0,2,2,10,11,0,0,4,76,85,9,11,12,8,80,84,79,32,5,12,3,3,126,126,0,0,0,0,12,0,0,0,5,31,32,20,10,1,0,0,73,126,38,16,126,16,7,2,13,61,29,82,51,19,49,80,4,2,0,4,0,0,2,40,56,32,13,1,20,28,22,42,126,107,7,2,126,61,13,3,9,12,11,39,55,4,2,6,5,69,72,34,0,3,3,30,85,9,0,0,3,31,75,43,43,18,3,0,21,26,41,11,18,90,30,12,3,16,5,0,0,106,96,9
117,65,0,0,9,20,7,8,27,10,0,1,16,86,43,41,32,3,0,0,0,3,34,115,7,5,1,4,4,1,23,25,49,117,35,46,16,8,3,3,34,3,8,101,112,49,23,35,127,46,3,7,8,4,10,75,25,40,20,14,0,0,0,5,37,78,24,55,16,4,8,8,16,14,33,127,87,5,2,1,127,68,35,42,5,0,0,11,55,17,10,32,3,0,0,3,10,2,0,1,3,8,127,43,0,1,6,34,22,51,127,1,67,7,9,14,5,39,90,87,73,4,5,21,3,0,4,72
0,0,0,0,0,0,24,45,23,13,2,3,2,0,14,62,4,7,16,27,56,47,4,1,3,51,57,8,14,62,19,0,20,20,45,0,0,0,30,81,137,44,11,5,1,0,19,137,45,15,94,57,20,3,22,12,35,137,129,9,3,1,3,2,6,29,42,0,0,0,0,0,112,55,13,0,0,1,48,50,76,127,6,0,0,2,129,64,85,137,6,0,0,0,8,8,0,0,0,0,0,0,0,0,1,2,0,0,0,1,8,2,39,137,0,0,0,0,10,7,17,137,2,0,0,1,0,0
125,27,0,1,36,46,1,5,193,40,0,0,0,0,0,40,50,4,0,14,25,3,0,11,0,0,2,11,6,0,0,0,81,162,25,11,18,5,0,1,193,66,0,0,0,0,0,25,95,2,0,9,20,4,0,8,0,0,2,12,5,0,0,0,51,60,26,4,0,27,18,17,193,53,0,0,0,3,6,27,80,7,0,2,4,10,7,9,0,0,1,5,2,1,2,1,81,6,0,0,0,50,49,30,193,57,0,0,0,2,5,14,24,6,0,0,2,0,0,0,0,0,0,0,0,0,2,1
69,14,0,0,0,0,0,31,114,59,2,0,0,1,3,64,16,134,38,1,6,10,4,12,34,136,7,0,0,0,0,0,54,6,2,0,2,1,1,46,136,98,3,0,0,0,0,64,60,136,36,0,0,0,0,4,12,41,5,0,0,0,1,10,22,89,124,1,0,0,0,2,136,95,71,0,0,0,0,51,126,20,1,0,5,1,0,41,5,0,0,0,2,0,1,13,30,97,96,2,0,0,0,0,50,105,127,0,0,0,0,4,51,34,7,0,1,0,0,7,2,0,0,0,0,1,0,2
11,4,1,3,107,101,39,60,114,27,0,1,92,52,0,0,48,13,0,0,5,9,0,0,0,0,0,0,0,0,0,0,20,51,19,31,129,26,4,11,129,17,0,6,108,16,0,3,47,6,0,1,60,25,0,1,1,3,0,0,6,1,0,0,8,9,5,47,129,85,0,3,129,1,0,1,86,35,2,21,73,10,0,1,59,11,0,3,67,17,0,0,2,0,0,0,6,0,0,129,129,15,0,3,129,6,2,51,66,8,0,17,86,4,0,11,46,0,0,3,124,2,0,0,2,0,0,10
1,13,67,102,134,24,3,3,63,37,6,35,105,6,0,0,14,6,0,0,0,0,0,0,0,0,0,0,0,0,0,0,12,2,1,7,134,134,46,44,134,19,0,1,107,33,0,3,50,5,0,0,15,12,0,2,0,0,0,0,0,0,0,0,30,47,15,53,134,23,8,17,134,2,0,13,109,8,0,14,47,4,0,3,84,17,0,5,6,5,0,1,6,0,0,0,7,13,9,44,134,46,0,2,134,0,0,2,103,22,1,41,68,4,0,3,57,3,0,11,88,9,0,0,4,0,0,6
57,31,0,0,2,29,24,42,14,1,0,1,5,7,47,104,13,7,3,20,13,4,14,13,52,28,6,9,12,6,9,23,34,20,15,77,42,43,25,29,131,32,7,16,7,7,19,91,39,26,21,30,8,1,2,6,92,32,1,14,10,3,7,19,15,25,33,131,28,15,19,5,131,43,35,60,9,14,21,47,78,12,15,56,10,0,4,49,96,6,1,51,20,5,4,23,2,0,0,7,7,77,131,8,30,1,2,5,4,98,131,106,131,2,3,20,3,1,34,131,23,0,1,70,52,17,5,13
55,118,0,0,0,0,0,0,118,106,4,1,0,0,0,17,118,1,0,5,19,3,0,59,5,1,4,24,76,9,0,4,104,118,3,1,3,0,0,0,55,55,11,8,40,7,1,16,118,3,0,0,18,14,1,70,13,0,0,0,74,56,8,22,93,116,0,0,17,13,0,0,41,58,1,2,65,25,0,1,118,96,3,3,38,10,0,7,8,3,0,1,118,56,8,10,39,28,0,0,12,29,1,0,50,118,1,0,12,13,0,0,27,111,9,8,87,16,0,0,10,7,0,2,118,32,0,0
0,4,4,0,0,0,0,0,0,3,7,5,3,1,0,0,1,17,22,4,2,1,0,0,3,8,21,3,0,0,2,18,0,52,46,1,2,55,7,0,19,12,21,10,14,146,40,9,146,117,61,7,5,23,14,15,21,53,146,93,2,0,2,11,0,14,6,2,45,146,7,0,67,0,0,0,41,126,24,18,146,34,2,0,0,8,8,51,69,22,26,35,15,82,30,16,0,10,23,6,48,53,0,0,42,18,95,26,45,23,0,10,146,82,40,2,2,4,3,62,29,18,63,28,21,60,18,15
1,0,5,19,0,0,0,3,83,15,3,8,0,0,0,39,131,131,9,0,0,0,0,6,10,60,85,3,0,0,0,0,0,26,78,59,0,0,0,0,131,36,79,79,0,0,0,7,131,131,25,0,0,0,0,34,28,78,129,11,0,0,0,7,6,70,57,10,0,0,0,0,24,52,131,52,0,0,0,1,131,75,52,3,0,0,0,81,69,12,14,9,2,1,16,111,42,30,7,0,0,0,0,4,13,23,25,0,0,0,3,20,39,21,11,0,0,0,2,40,76,34,0,0,0,0,12,85
39,63,5,0,0,0,2,8,38,66,10,0,0,4,19,18,147,50,13,14,4,1,4,40,18,153,110,26,4,1,1,0,18,3,0,0,0,1,20,19,55,7,4,3,0,16,113,45,153,108,2,0,0,1,14,40,77,111,10,4,29,23,3,2,0,0,0,0,0,0,1,0,58,16,14,4,0,3,6,8,153,28,4,0,0,0,13,153,55,5,0,1,45,88,64,94,0,0,0,0,0,0,0,0,3,0,0,0,0,0,0,1,34,0,0,0,0,0,10,115,20,0,0,0,21,43,55,103
5,0,1,8,8,3,9,4,84,120,0,1,0,0,3,8,27,156,20,0,0,0,0,0,1,66,60,14,0,0,0,0,24,14,8,18,24,3,2,5,156,145,0,2,8,1,0,14,94,125,16,16,2,0,0,3,0,9,10,5,0,0,0,0,23,21,6,8,73,33,2,7,156,22,0,1,18,8,0,110,147,6,1,15,9,0,0,59,0,0,5,13,3,0,0,0,8,21,16,21,30,8,2,4,156,62,10,4,4,1,1,44,156,0,0,2,2,0,1,60,1,0,1,5,2,1,1,1
59,0,0,0,0,14,57,153,79,1,0,0,0,6,62,153,7,2,1,2,2,38,98,12,0,0,0,3,9,41,43,0,102,9,0,0,0,1,4,66,153,53,4,1,0,0,2,110,52,26,15,37,27,5,3,10,0,0,0,18,16,1,0,0,93,133,11,0,0,0,1,3,153,95,13,0,0,0,9,73,45,7,3,8,24,19,40,67,1,0,0,6,18,5,1,1,17,153,37,0,0,0,1,0,31,113,68,2,3,2,2,12,23,14,15,5,8,8,13,34,5,0,0,2,13,5,5,13
157,155,6,0,0,0,0,157,82,7,1,1,1,1,1,49,3,0,0,0,2,5,4,24,18,0,0,0,0,0,1,73,157,157,14,0,0,0,0,24,84,22,0,0,1,1,0,27,7,1,0,1,10,4,1,8,19,1,0,0,0,0,0,40,157,16,0,0,0,0,0,138,65,20,1,0,0,0,0,6,5,13,4,1,2,0,0,2,7,17,2,0,0,0,0,3,157,3,0,0,0,0,0,157,58,23,20,0,0,0,2,77,0,17,39,3,0,0,4,2,0,11,17,1,0,0,0,0
32,0,0,0,0,0,95,131,12,0,0,0,0,0,92,126,6,0,0,0,0,0,9,32,0,0,0,1,1,0,2,2,95,18,0,0,0,0,82,131,131,49,0,0,0,0,45,131,77,7,0,0,0,0,6,56,4,0,0,0,0,0,1,11,131,92,2,0,0,0,0,2,131,51,0,0,0,0,12,84,21,1,0,0,0,0,53,131,7,2,0,0,0,0,26,67,35,131,21,1,1,0,0,1,26,44,14,6,10,4,6,15,0,0,0,0,1,4,45,74,0,0,0,0,0,1,108,73
8,1,0,0,0,2,57,76,3,4,4,0,8,53,28,22,6,14,14,7,15,12,0,0,0,0,2,18,130,24,0,0,15,3,6,2,0,0,107,136,136,40,27,0,1,2,19,117,26,43,136,30,5,0,0,0,0,0,96,136,62,1,0,0,31,29,112,39,1,0,9,29,136,55,14,2,0,0,1,36,129,24,50,7,0,0,0,4,3,4,91,67,0,0,0,1,17,11,23,25,11,7,29,21,136,58,3,4,2,0,0,3,103,6,0,0,0,0,1,17,3,1,1,1,0,0,6,16
26,67,51,32,22,10,16,29,36,12,2,3,106,40,5,16,127,0,0,0,32,25,3,33,27,2,0,0,127,83,1,3,0,11,27,35,72,24,1,0,41,4,4,10,127,27,0,5,127,7,2,5,58,41,5,51,28,2,0,7,127,102,4,11,0,0,0,1,23,78,49,1,21,19,54,35,58,25,7,10,127,60,39,43,37,3,1,8,17,5,2,113,127,21,2,4,0,0,10,27,4,10,21,2,16,5,11,6,1,2,17,40,55,10,7,13,4,1,19,75,16,1,0,99,127,8,5,30
12,0,0,0,0,1,64,149,53,4,2,7,0,0,23,149,4,1,31,84,2,1,27,27,1,13,67,65,9,2,7,1,93,10,0,0,2,4,9,59,149,35,8,6,0,0,2,80,36,17,17,68,11,1,23,16,0,0,0,19,14,6,29,10,98,101,0,0,1,1,0,0,149,85,2,2,0,0,0,34,89,5,6,76,62,3,1,28,0,0,14,44,30,2,3,2,99,148,1,0,1,0,0,0,123,63,4,1,5,0,0,36,79,1,0,2,39,32,7,47,1,0,4,12,26,22,21,15
56,55,6,6,3,3,26,40,16,26,14,62,38,10,39,13,74,60,9,14,5,1,4,12,21,21,3,14,10,0,0,2,12,0,1,17,17,10,136,63,26,4,2,6,5,12,136,78,136,17,2,9,7,1,38,126,40,10,1,22,32,26,11,8,6,0,8,101,35,3,10,1,78,37,32,43,2,2,31,18,136,74,2,2,10,1,9,75,20,4,0,6,136,76,10,10,9,0,5,65,3,0,5,29,21,5,20,89,1,0,1,16,99,14,7,8,2,1,13,136,29,2,0,10,136,12,8,44
40,4,1,2,0,0,0,19,96,81,10,0,0,0,0,6,4,57,58,0,0,0,0,0,0,8,8,0,0,0,0,0,77,28,56,28,0,0,0,4,123,123,23,0,0,0,0,10,25,104,123,1,0,0,0,4,10,99,54,1,0,0,0,0,18,46,103,14,0,0,0,0,123,60,31,0,0,0,0,58,101,34,16,0,0,0,5,104,109,123,26,14,1,0,0,4,13,16,9,1,0,0,2,14,37,15,4,0,0,0,1,43,123,123,0,0,0,0,1,52,123,123,11,6,3,3,0,2
135,13,0,0,0,0,0,16,111,21,0,0,4,9,4,26,9,1,0,2,12,59,74,23,144,59,0,0,0,6,43,66,137,21,0,0,0,0,0,0,140,19,1,15,19,10,3,9,7,3,17,69,59,42,15,7,144,12,22,21,2,2,6,144,23,5,0,0,0,0,0,1,41,4,3,3,5,30,35,23,52,69,29,18,18,69,32,13,108,53,31,93,80,3,6,133,0,0,0,0,0,0,0,0,0,5,6,1,0,3,3,0,44,89,26,3,2,3,1,9,38,35,15,62,84,4,4,22
0,0,0,0,2,0,0,0,1,3,1,1,1,0,0,0,0,0,2,23,2,0,0,0,0,0,1,30,2,0,0,0,3,1,11,53,75,15,2,3,63,29,12,12,21,13,5,13,7,10,31,124,3,0,5,4,0,0,13,170,3,0,0,0,4,6,25,88,71,23,87,63,43,13,16,40,27,36,47,22,37,5,4,30,2,5,56,51,9,4,30,111,4,0,0,3,2,18,177,165,2,8,42,29,2,5,177,177,5,25,17,2,56,68,44,43,0,3,6,11,16,51,40,14,9,5,0,0
143,39,3,104,148,29,12,27,61,19,3,6,34,148,55,18,1,3,3,0,5,28,43,7,0,0,0,0,0,0,0,0,31,4,0,38,148,99,15,47,37,32,50,14,25,67,33,40,6,23,59,24,18,11,14,6,0,0,1,2,3,3,0,0,7,10,42,43,148,97,2,12,85,51,36,4,7,12,2,23,12,5,6,8,84,102,0,2,0,0,0,0,22,45,0,0,3,5,63,84,23,9,1,3,2,16,30,19,44,43,0,0,0,0,0,1,82,131,0,0,0,0,0,0,34,67,0,0
4,5,2,1,4,5,13,4,26,17,3,13,12,4,5,2,142,173,6,1,0,0,0,2,10,173,55,4,0,0,0,0,5,26,25,4,2,3,4,1,90,32,14,13,50,25,2,9,173,106,2,2,5,3,0,38,44,29,10,15,3,0,0,5,11,5,1,2,4,3,10,6,66,47,25,23,38,16,6,15,173,48,5,1,1,1,0,55,79,0,1,8,3,0,0,16,5,0,0,0,0,4,52,24,32,12,7,2,0,0,52,120,173,8,1,0,0,0,14,75,67,0,0,0,0,0,1,7
12,0,0,0,0,0,0,23,100,2,2,18,10,0,0,95,56,1,2,32,50,7,2,44,53,10,8,5,6,12,5,49,53,23,1,0,0,0,0,8,133,32,0,4,16,2,0,41,68,8,3,40,117,12,2,29,133,24,4,4,4,0,1,53,71,32,2,4,2,0,0,0,133,92,9,2,3,0,0,20,38,104,78,41,37,2,1,10,39,133,71,26,6,0,0,4,47,55,91,21,0,0,0,0,133,133,37,0,0,0,0,0,11,133,83,0,0,0,0,0,3,50,27,25,28,0,0,0
0,0,0,0,0,0,0,0,5,0,0,5,1,0,0,6,44,5,2,26,8,0,0,3,132,3,0,4,4,5,4,22,41,7,1,0,0,0,0,26,133,15,1,13,9,1,0,99,83,6,3,53,85,15,1,16,133,3,2,4,8,18,11,51,83,75,3,0,0,0,0,3,133,118,0,2,21,7,0,11,73,7,0,9,133,57,3,19,133,11,4,2,6,5,1,38,95,91,0,0,0,0,0,0,133,88,9,4,18,2,0,6,29,37,46,42,93,4,0,3,114,78,31,7,2,0,0,5
0,0,0,0,1,0,0,0,1,12,6,0,0,0,0,0,3,4,5,1,0,0,5,10,1,0,1,2,1,0,6,6,14,8,9,2,16,81,12,8,130,116,63,11,5,20,11,23,16,35,94,104,16,16,16,19,1,2,43,38,2,2,42,16,35,25,64,13,56,97,6,12,130,107,60,10,7,25,11,67,42,46,83,64,32,79,13,15,21,80,123,37,1,2,5,3,18,130,130,9,8,7,23,4,36,130,130,9,3,13,22,7,5,32,95,42,11,13,0,0,11,40,26,7,1,0,13,7
21,0,0,0,0,0,22,93,51,4,0,0,0,0,44,138,9,0,0,0,0,7,97,89,59,0,0,1,2,0,18,138,19,33,0,0,0,0,15,38,78,39,0,0,0,0,23,91,23,2,0,0,0,5,54,48,126,5,0,0,0,2,19,138,28,20,0,0,0,0,0,12,70,23,0,0,0,0,1,46,15,57,19,0,0,4,12,20,101,138,21,0,0,2,3,15,9,14,2,0,0,0,0,8,29,138,30,0,0,0,0,22,7,138,126,0,0,0,0,3,52,138,58,0,0,0,0,0
15,0,0,0,0,0,0,20,79,0,2,12,6,0,0,79,47,1,2,16,26,6,2,51,48,15,4,0,1,8,5,46,80,15,0,1,0,0,0,15,141,9,0,3,11,1,0,53,64,8,6,32,72,9,2,27,137,30,4,2,1,0,1,51,86,31,3,8,4,0,0,0,141,82,3,2,1,0,0,8,50,123,81,33,12,0,0,3,32,141,77,17,5,0,0,2,40,70,80,28,1,0,0,0,141,141,18,0,0,0,0,0,20,141,65,0,0,0,0,0,3,60,35,24,23,0,0,0
43,0,2,8,2,0,0,51,59,1,3,17,19,4,3,61,50,24,7,0,4,18,9,52,7,35,23,17,6,2,1,0,132,9,0,2,6,0,0,53,87,9,6,30,69,9,2,37,132,44,7,3,3,1,2,67,20,15,7,7,16,20,17,15,132,76,2,1,0,0,0,5,69,132,85,30,12,0,0,4,40,132,97,31,16,0,1,5,3,4,10,22,49,64,16,3,128,132,31,0,0,0,0,0,36,132,51,0,0,0,0,0,6,57,33,38,54,0,0,0,0,0,1,52,132,27,3,0
2,1,6,12,23,11,57,20,56,9,2,3,8,3,30,42,13,5,9,18,23,16,19,18,0,0,1,19,91,9,0,0,1,6,18,18,3,4,83,36,14,3,12,24,3,4,126,104,111,33,17,4,2,6,40,98,15,21,72,116,37,3,0,0,0,2,10,17,1,0,129,123,22,16,52,37,1,1,41,117,130,69,19,1,0,0,2,26,76,21,49,35,0,0,1,9,5,0,0,0,0,0,36,112,35,1,0,0,0,0,35,130,130,17,0,0,0,0,2,130,43,2,0,0,0,0,5,39
0,0,0,0,0,0,0,0,0,0,0,0,0,0,0,0,0,0,0,0,0,0,0,1,0,0,0,15,9,0,0,1,27,6,1,12,7,0,0,3,147,26,0,8,8,3,3,7,35,1,0,13,72,28,21,45,0,0,0,77,69,8,35,86,147,57,4,25,59,37,2,16,147,47,9,12,24,29,36,52,45,29,35,23,56,73,80,35,8,5,9,58,33,9,45,88,119,90,21,18,95,53,3,7,147,140,32,3,11,16,5,18,34,84,118,38,27,12,8,8,7,7,17,66,59,12,1,4
0,0,0,0,0,0,0,0,0,7,2,0,0,0,0,0,0,4,4,0,0,0,3,1,0,0,0,0,0,0,10,5,13,3,0,0,13,55,11,10,132,115,38,5,1,11,8,28,15,45,87,84,17,5,6,4,0,6,68,32,2,2,25,4,30,30,48,13,63,85,9,16,132,132,47,5,4,12,7,74,46,62,85,51,36,22,1,14,9,117,126,15,2,0,0,1,12,132,132,11,12,4,11,4,36,132,132,4,0,0,24,11,6,47,110,45,2,0,1,2,11,35,36,11,0,0,1,6
11,9,7,0,0,0,28,49,6,11,45,40,10,2,49,68,3,3,64,103,20,12,13,14,5,35,30,48,6,11,32,6,5,0,0,0,0,11,106,66,28,2,2,3,0,9,123,124,124,15,45,79,1,0,9,124,8,38,81,114,14,2,1,3,29,0,0,0,0,1,37,56,111,81,0,0,0,2,16,39,124,113,3,7,7,2,1,30,14,5,7,35,36,7,2,2,20,8,0,0,0,0,0,16,124,124,0,0,0,0,0,10,101,114,4,3,15,10,3,6,20,15,5,4,17,17,9,6
31,13,4,3,3,3,43,62,57,37,9,11,2,2,37,65,36,58,10,0,0,4,6,6,3,21,19,14,6,38,27,1,13,7,5,52,28,7,36,30,137,53,4,7,5,9,30,86,67,19,2,0,41,137,76,10,1,3,0,0,5,137,137,2,15,8,9,47,5,0,2,39,137,54,12,16,20,16,4,52,29,4,0,16,137,137,16,18,0,0,0,21,52,64,61,0,35,3,1,1,0,0,1,52,76,36,4,3,21,3,4,62,9,4,1,67,137,10,4,7,0,0,1,77,62,7,0,0
30,0,1,1,0,0,1,28,18,2,2,6,25,21,25,31,3,3,17,49,12,11,37,6,4,2,78,85,1,2,8,5,121,4,3,5,10,7,3,79,121,53,16,4,6,11,12,69,7,25,36,53,41,10,4,4,2,0,2,9,20,36,24,4,121,121,68,15,10,3,0,13,121,121,70,20,23,20,8,24,8,4,3,10,48,121,37,5,0,0,2,2,16,117,35,0,50,121,75,2,0,0,0,0,3,65,70,73,121,22,0,0,5,9,2,25,121,97,29,2,3,11,14,1,0,21,9,0
31,13,0,0,0,0,0,2,12,9,0,0,0,0,0,0,0,0,0,0,0,0,0,0,0,0,0,0,0,0,0,0,141,31,0,0,0,0,0,54,141,48,11,19,5,0,0,42,13,9,10,98,65,3,0,0,0,0,0,25,27,0,0,0,118,64,36,0,0,0,0,42,141,105,7,11,30,9,0,49,27,10,2,49,141,69,5,6,0,0,3,76,45,4,2,3,12,134,141,1,0,0,0,0,57,141,79,17,93,11,0,0,7,10,11,41,141,53,10,19,13,1,5,21,2,3,4,28
