5,0,0,2,132,2,0,0,132,1,0,2,87,0,0,4,43,0,0,0,2,0,0,1,0,0,0,0,4,1,0,0,5,1,1,19,132,1,0,0,132,15,6,19,97,3,7,11,44,0,0,0,0,8,74,13,0,0,0,0,2,4,49,7,0,1,13,56,67,0,0,0,39,28,49,59,105,72,16,3,9,5,1,0,49,119,132,41,34,10,1,0,0,1,132,88,0,0,1,11,20,4,0,0,2,3,3,11,132,103,0,0,16,44,9,8,104,52,11,6,132,38,3,4,18,0,10,20
0,0,0,0,0,6,43,37,0,0,0,1,11,49,58,4,0,0,0,1,2,14,120,25,0,0,0,0,0,0,101,29,1,0,2,16,2,4,120,120,33,3,24,28,36,51,94,120,7,3,120,56,10,16,111,18,0,0,120,32,0,0,120,32,22,23,26,41,14,6,53,43,120,96,10,4,1,0,17,85,47,17,60,11,0,0,0,2,0,0,82,20,0,0,1,1,17,40,120,80,11,1,5,1,120,111,14,5,1,0,0,1,16,6,0,0,0,0,2,3,0,0,0,0,0,0,2,1
2,2,7,15,16,20,26,9,4,10,6,71,73,13,7,5,76,120,8,17,7,0,2,6,30,56,0,0,0,0,0,1,2,4,26,18,25,27,21,31,18,4,5,8,58,101,23,15,133,25,2,2,1,7,10,34,41,9,0,0,0,0,0,0,0,0,0,0,5,70,133,60,101,11,0,0,14,121,133,56,133,63,0,0,0,2,5,20,30,11,0,0,0,0,0,0,2,56,38,2,0,18,111,7,128,133,40,0,0,4,48,32,133,112,2,0,0,0,0,5,7,6,0,0,0,0,0,0
80,0,0,0,16,12,0,46,5,3,0,0,113,125,25,11,119,20,0,0,12,28,36,102,34,1,0,0,0,4,12,21,44,0,0,0,22,15,11,128,26,8,0,1,128,59,12,27,128,42,0,1,24,13,8,32,27,2,0,4,12,105,83,13,9,0,8,1,2,4,21,128,40,2,1,0,63,50,56,59,128,31,10,12,17,11,3,13,10,7,88,85,30,48,10,1,1,8,112,27,0,0,2,10,34,16,70,40,0,4,17,13,128,46,12,2,0,0,6,9,23,8,48,17,0,0,18,7
0,0,0,0,30,93,15,0,5,21,25,17,110,105,6,2,12,123,123,34,16,8,2,5,1,13,123,123,29,0,1,4,6,0,1,33,37,123,68,4,123,39,13,8,9,60,31,28,49,65,32,30,16,5,18,23,22,23,10,96,35,2,8,23,6,3,25,123,41,34,7,1,123,37,40,57,3,3,3,25,64,21,35,25,3,0,17,41,6,25,14,12,34,28,6,9,11,0,4,22,11,102,45,26,54,26,34,18,15,5,10,48,8,4,4,10,32,17,62,45,4,0,1,5,18,21,104,30
95,3,0,22,88,0,0,1,99,0,0,68,153,0,0,27,153,0,0,1,6,0,0,70,18,0,0,0,0,0,0,3,53,31,2,18,65,0,0,0,69,7,7,122,153,0,0,12,153,27,6,15,22,0,0,70,40,1,0,0,0,0,0,9,1,12,5,17,20,0,0,0,10,26,90,153,104,0,0,0,115,153,92,28,5,0,0,6,22,18,0,0,0,0,0,1,0,0,1,3,0,0,0,0,0,1,23,19,0,0,0,0,1,17,24,2,0,0,0,0,1,3,0,0,0,0,0,0
0,0,0,0,0,3,1,0,0,0,0,0,0,18,21,1,0,0,0,0,0,2,23,18,1,0,0,0,0,0,0,4,0,0,0,0,24,16,1,0,10,0,0,0,100,149,89,25,119,4,0,0,6,28,91,143,24,0,0,0,0,0,2,14,0,0,0,0,74,20,0,0,66,13,0,0,149,124,6,8,149,71,0,0,22,15,6,28,34,5,0,0,4,33,17,3,0,0,0,0,96,26,0,0,98,25,0,0,149,65,0,0,149,69,0,0,13,6,0,0,13,4,0,0,79,105,11,2
6,48,151,0,0,0,8,6,0,32,151,4,1,2,12,0,4,29,151,23,1,1,0,0,2,44,151,12,8,0,0,0,4,5,10,0,0,0,17,32,5,3,12,0,0,0,1,4,24,5,2,0,0,0,0,0,8,1,2,2,7,0,0,1,46,0,0,0,18,41,82,151,41,5,0,0,0,0,0,54,22,3,0,0,0,0,0,0,12,0,0,0,2,0,0,0,151,2,0,0,36,151,108,151,151,4,0,0,0,0,0,121,9,11,0,0,0,0,0,0,5,7,1,0,0,0,0,0
7,2,3,3,3,42,123,9,44,11,2,17,37,24,123,51,40,91,43,64,48,3,4,6,44,87,13,20,13,1,0,7,17,2,21,31,63,41,22,2,123,48,3,3,9,9,9,18,56,32,23,19,31,56,15,26,49,7,5,5,2,10,14,87,27,0,1,2,41,99,0,4,123,17,0,0,4,8,4,66,36,16,10,60,85,51,20,38,21,4,2,27,27,14,60,123,17,18,1,0,1,15,0,1,123,123,1,0,0,0,0,13,38,70,23,123,27,0,0,2,14,51,59,119,22,0,6,17
29,115,35,3,4,10,12,4,21,49,25,9,12,25,65,15,23,49,97,25,24,7,5,4,4,17,108,28,19,23,6,1,7,17,49,21,115,83,9,4,115,39,0,2,30,55,36,43,73,65,2,13,15,4,23,17,9,21,28,51,35,32,12,5,3,5,59,85,115,33,0,1,115,64,112,37,25,14,9,27,39,8,4,13,12,31,92,63,3,1,6,9,2,115,63,30,5,2,53,31,7,0,1,2,0,9,81,60,53,5,0,0,2,2,9,60,79,89,43,4,1,1,20,12,4,115,50,2
42,34,4,0,0,0,90,120,25,1,0,0,2,5,33,64,2,3,8,12,18,6,25,13,3,13,21,35,30,6,0,1,40,120,49,25,6,3,8,33,34,12,9,26,62,70,120,56,120,9,1,3,7,19,102,120,24,1,5,4,2,12,14,8,14,32,56,29,20,11,11,25,25,32,31,86,120,34,6,5,120,67,14,20,32,34,48,38,17,0,0,0,5,120,120,6,31,16,3,1,17,42,59,25,16,24,34,17,52,50,32,19,10,32,30,9,49,120,18,3,0,4,13,0,26,94,33,0
0,0,0,0,8,35,4,0,40,1,0,0,2,50,49,58,36,1,0,0,0,2,11,46,3,0,0,0,0,0,2,11,5,0,0,0,57,129,5,3,129,24,0,0,15,129,33,54,102,12,0,0,9,54,32,44,45,0,0,0,0,3,7,39,31,8,4,21,129,129,1,2,129,26,4,5,19,53,37,51,102,23,1,0,4,79,101,51,129,17,0,0,0,1,6,26,6,9,17,116,89,5,0,0,59,36,18,21,6,4,4,11,101,115,2,0,1,7,5,4,73,51,0,0,0,1,1,0
0,0,0,0,0,1,55,4,0,0,0,1,1,7,72,3,0,0,2,13,35,17,47,4,0,0,1,6,39,18,11,0,9,16,82,26,6,2,49,4,13,0,17,46,116,49,132,17,97,27,16,11,20,31,121,55,3,7,24,66,31,42,31,1,27,14,29,19,37,0,0,0,49,0,5,36,164,6,1,3,164,28,11,12,58,3,1,11,29,9,16,106,108,0,0,0,17,2,0,0,34,7,13,3,38,0,0,3,164,15,2,2,164,1,0,1,50,1,0,21,38,1,0,44,82,1,3,4
94,1,2,3,32,2,0,44,42,1,0,11,164,2,0,1,164,22,1,1,46,0,0,0,38,8,15,3,13,2,0,0,113,1,0,0,25,9,16,104,55,3,1,7,164,36,11,12,164,8,1,2,53,0,4,25,41,0,0,0,25,14,25,18,30,43,33,1,3,6,21,61,20,30,121,58,93,28,15,10,120,47,128,18,13,0,17,45,7,1,44,5,9,17,82,29,41,17,10,0,0,0,2,7,32,16,47,5,0,0,1,12,1,7,72,5,0,0,0,1,0,1,57,6,0,0,1,0
0,0,0,0,115,49,0,0,117,44,0,0,78,29,0,0,95,39,1,10,22,0,0,0,3,0,0,13,117,8,0,0,7,0,0,0,100,105,37,4,117,45,0,0,43,26,1,17,81,23,0,5,28,3,13,21,8,0,0,7,117,14,2,0,5,2,109,60,13,36,24,2,86,10,94,29,5,6,18,68,14,0,27,11,8,15,117,89,14,2,1,4,111,75,36,5,0,0,79,32,0,0,0,0,0,0,117,51,0,0,1,1,0,0,108,77,12,2,13,6,22,5,12,55,64,16,7,0
2,0,0,6,14,12,25,13,53,0,0,0,18,12,54,53,184,2,0,0,0,0,9,127,52,10,0,0,0,0,1,13,74,1,0,0,9,13,9,54,89,1,0,0,26,9,0,4,184,13,0,0,0,0,0,16,95,14,0,0,0,0,0,1,180,29,0,0,4,4,2,13,94,3,0,1,22,13,1,7,184,13,0,0,0,0,0,6,96,5,0,0,0,0,0,0,44,20,0,0,1,7,16,5,73,0,0,2,11,19,6,14,184,7,0,0,0,0,0,38,69,2,0,0,0,0,0,4
116,14,0,0,2,2,2,21,35,3,0,0,17,6,0,0,174,30,0,0,1,0,0,0,93,16,0,0,0,0,0,0,87,33,0,0,2,6,8,4,63,3,0,0,13,23,3,6,174,37,0,0,0,0,0,4,98,14,0,0,0,0,0,0,7,5,0,0,1,6,26,7,71,1,0,3,7,18,12,13,174,16,0,0,0,1,1,32,88,5,0,0,0,0,0,3,2,0,1,3,6,38,174,65,91,4,0,0,0,17,113,102,174,40,0,0,0,0,2,17,56,10,0,0,0,0,1,1
1,0,1,10,14,25,55,8,36,2,0,0,0,2,48,90,16,2,0,1,26,9,22,39,4,1,2,10,54,5,1,0,10,0,6,90,146,18,27,7,146,54,5,3,37,9,37,79,47,97,65,7,3,1,15,32,2,13,54,83,9,1,0,0,18,0,0,57,146,0,0,1,146,14,0,6,76,0,0,39,113,27,16,2,0,0,0,84,2,2,19,61,0,0,0,26,10,0,0,35,146,21,14,2,146,0,0,7,75,2,0,22,81,0,0,0,0,0,1,65,0,0,0,2,0,0,14,71
0,0,0,20,93,0,0,0,87,0,0,60,157,0,0,21,157,0,0,1,9,0,0,70,23,0,0,0,0,0,0,6,0,0,0,19,82,0,0,0,60,7,7,109,157,0,0,14,157,30,7,13,26,0,0,75,55,2,0,0,0,0,0,8,0,0,0,14,33,1,0,0,9,26,98,157,108,0,0,0,122,157,98,29,6,0,0,4,31,15,0,0,0,0,0,1,0,0,4,5,1,0,0,0,0,2,34,15,0,0,0,0,0,19,27,1,0,0,0,0,1,3,1,0,0,0,0,0
0,0,0,0,3,3,0,0,0,0,0,0,0,18,24,2,0,0,0,0,0,2,31,18,0,0,0,0,0,0,4,8,0,0,0,0,29,21,0,0,10,0,0,0,106,155,96,28,120,5,0,0,6,27,99,155,28,4,0,0,0,0,1,14,0,0,0,0,89,21,0,0,63,15,0,0,155,106,7,8,155,74,0,0,25,11,6,30,47,11,0,0,0,0,0,1,0,0,0,0,104,26,0,0,97,23,0,0,155,61,0,0,155,73,0,0,7,1,0,0,21,5,0,0,0,0,0,1
125,125,2,0,0,0,1,36,99,48,2,0,0,6,20,70,31,45,37,22,2,4,5,7,0,1,11,95,33,6,7,0,76,125,27,2,0,0,0,7,57,93,43,21,0,0,0,16,90,24,5,8,1,0,0,39,6,2,1,97,43,0,0,1,107,44,8,3,6,20,104,125,72,27,61,38,0,0,4,86,30,67,27,3,0,0,1,2,3,5,0,16,46,13,1,0,125,61,19,27,37,23,38,85,125,24,5,0,0,0,21,109,1,5,3,0,0,17,54,8,0,0,0,0,12,64,27,0
0,1,2,6,28,23,0,0,0,37,107,52,73,12,0,0,0,112,129,11,9,1,0,0,70,129,105,0,0,0,0,4,8,10,3,1,11,15,13,12,57,113,79,5,0,2,12,54,13,58,129,31,4,0,0,2,29,67,66,8,1,0,0,3,8,20,19,13,50,68,27,18,129,129,18,5,6,19,32,113,67,37,27,48,33,0,0,6,21,47,21,12,7,0,0,0,9,92,84,21,15,4,0,0,97,129,34,4,1,0,0,11,16,22,20,24,3,0,0,5,2,21,29,6,1,0,0,0
12,11,16,14,8,27,42,14,161,19,3,2,0,7,22,64,144,1,0,0,0,0,0,21,3,0,0,0,0,0,0,1,20,3,1,15,13,42,50,8,161,42,0,1,0,3,19,44,161,25,0,0,0,0,0,6,3,0,0,0,0,0,0,1,21,6,4,55,22,1,0,0,161,17,3,6,0,0,0,59,161,4,0,0,0,0,0,46,3,0,0,0,0,0,0,2,5,1,1,37,55,2,0,0,161,3,1,1,0,0,0,99,136,0,0,0,0,0,0,149,10,0,0,0,0,0,0,11
2,2,0,48,105,0,0,0,37,86,0,1,1,0,0,0,86,127,0,0,0,0,0,0,19,44,0,0,0,0,0,0,11,4,0,21,127,9,0,0,127,127,0,1,6,0,0,10,96,127,0,0,0,0,0,6,2,8,0,0,0,0,0,0,12,0,0,21,127,6,0,3,127,11,0,0,6,0,0,127,104,6,0,0,0,0,0,125,3,0,0,0,0,0,0,7,0,0,0,48,127,1,0,1,51,0,0,1,15,1,1,80,127,0,0,0,0,0,0,127,21,0,0,0,0,0,0,7
1,0,0,19,128,23,3,0,11,1,0,18,94,49,106,11,128,52,1,2,1,5,84,29,32,27,29,83,35,4,4,4,1,0,0,56,128,16,4,0,47,5,1,128,128,6,2,1,128,50,1,12,7,0,4,23,37,15,11,14,1,3,5,15,3,5,0,9,24,41,70,4,19,8,13,128,108,7,8,2,128,34,31,57,17,0,18,68,59,18,11,0,0,0,19,75,16,9,1,0,0,2,15,35,20,15,43,53,7,0,1,27,9,44,109,39,19,13,3,4,26,24,22,1,14,22,56,34
4,2,0,10,42,29,6,0,3,8,11,33,43,41,75,30,29,12,4,3,9,12,65,105,2,0,0,18,71,9,6,12,3,1,2,20,34,23,9,6,22,0,1,50,136,132,13,10,136,9,2,1,24,34,19,62,18,4,15,20,21,19,15,11,30,2,1,4,28,136,11,22,51,9,4,6,91,136,1,2,136,58,6,1,6,13,1,4,32,37,67,33,1,2,0,0,10,12,47,85,27,51,3,2,24,41,79,107,14,28,0,0,136,136,14,2,0,0,0,0,28,28,4,2,8,13,0,0
2,14,28,5,1,6,8,1,34,4,9,8,3,7,12,70,20,12,7,0,0,8,83,129,1,2,2,1,129,126,44,24,0,0,1,11,2,22,43,1,44,7,2,0,0,17,25,30,129,53,32,14,5,0,5,37,8,24,31,84,129,48,4,7,0,5,72,129,7,4,11,1,42,33,45,24,3,1,1,3,129,39,8,12,2,0,2,28,29,16,59,129,58,31,16,10,0,0,24,78,22,31,91,6,12,4,20,35,31,22,5,2,102,10,4,1,1,4,14,76,13,6,6,20,74,126,60,34
5,2,0,0,1,55,22,12,17,33,29,6,0,3,1,5,29,5,23,26,1,0,0,95,13,0,0,7,12,2,30,147,25,1,0,0,0,3,16,48,147,64,29,26,1,0,1,31,20,19,31,147,51,0,1,9,22,0,0,28,24,2,30,87,34,4,4,22,4,1,3,12,147,17,3,9,1,0,0,39,89,9,6,147,73,0,0,11,10,0,0,147,73,4,5,16,20,12,5,34,4,0,0,0,147,35,1,2,0,0,0,13,106,2,4,59,9,0,0,34,3,0,11,147,25,1,0,1
4,40,16,34,42,11,12,3,5,15,112,132,66,27,7,3,5,11,132,132,3,13,11,3,2,5,132,118,0,1,2,0,0,0,0,1,10,27,119,22,29,11,12,7,15,34,51,48,105,19,91,40,0,0,2,67,7,4,132,129,0,0,0,0,6,8,10,5,0,1,25,9,69,32,1,3,0,4,17,10,132,77,1,0,0,0,0,13,14,11,16,8,0,0,1,0,2,28,29,25,28,4,0,0,93,50,1,8,10,1,0,0,111,53,0,0,0,20,17,3,3,1,0,0,0,19,84,8
4,9,10,8,1,1,8,2,96,41,0,2,0,0,3,4,64,27,2,0,0,2,7,2,0,1,8,3,0,1,11,1,9,25,16,18,52,14,0,0,126,34,0,2,10,10,2,10,37,8,0,0,30,117,99,7,0,0,0,0,2,30,126,60,12,10,0,0,75,44,1,4,106,45,0,5,18,9,1,25,14,4,1,119,126,91,29,5,13,7,26,93,74,73,126,82,14,7,0,1,85,36,21,28,82,45,2,3,2,3,16,87,10,9,23,126,34,0,0,2,6,10,96,126,18,1,1,2
0,0,0,0,6,8,95,38,0,1,29,72,65,12,13,15,36,13,40,49,53,8,0,8,94,1,0,0,11,5,0,34,44,25,13,5,3,11,131,131,84,14,2,25,28,5,28,131,24,2,3,93,73,6,0,5,76,0,0,4,16,20,8,36,49,131,131,15,3,4,14,37,123,131,57,10,7,0,0,38,16,14,3,71,131,0,0,2,6,0,0,8,34,10,15,18,3,61,87,0,0,0,0,0,0,44,32,2,6,1,1,0,0,2,1,48,112,1,0,0,1,15,12,28,31,0,0,0
57,0,5,11,1,0,19,126,2,0,0,0,0,0,75,83,3,0,0,0,0,0,22,42,0,0,0,0,0,0,0,2,6,0,13,52,60,28,22,100,15,6,4,3,5,46,126,126,126,15,1,0,0,8,80,126,24,0,0,0,0,0,0,15,1,1,3,126,65,11,2,5,59,90,46,42,19,21,21,23,126,126,21,0,0,2,6,32,37,10,0,0,0,0,0,4,0,0,0,87,54,0,0,0,84,17,3,86,53,0,2,52,121,39,1,0,1,0,3,122,10,6,0,0,0,0,0,10
0,0,0,0,27,95,2,0,21,14,0,0,41,109,68,12,128,128,2,1,16,9,11,10,46,57,3,0,0,0,0,4,0,23,15,6,26,128,8,0,39,31,37,54,36,41,15,44,128,75,10,3,1,1,6,118,64,15,0,0,0,0,0,11,26,128,63,11,8,32,5,1,7,86,128,128,8,1,2,4,82,128,108,10,0,0,1,14,19,31,0,0,0,0,0,0,24,128,22,1,0,0,0,0,0,18,47,11,0,0,0,0,0,23,19,0,0,0,0,0,0,2,0,0,0,0,0,0
0,0,0,1,52,15,0,0,21,8,3,19,136,122,15,12,136,33,3,4,11,11,8,20,4,0,0,0,0,0,0,0,0,0,0,5,72,41,13,0,42,12,4,57,136,63,8,11,136,24,1,5,12,4,3,33,6,0,0,0,0,0,0,0,0,0,1,3,63,136,91,4,55,8,1,0,108,125,80,17,136,22,0,0,9,4,1,15,7,0,0,0,0,0,0,0,1,4,50,119,101,52,16,4,41,18,42,50,24,12,23,25,136,23,2,0,1,0,0,42,5,0,0,0,0,0,0,0
214,53,0,0,28,36,35,96,61,8,0,0,0,0,0,6,3,1,0,0,0,0,0,0,0,0,0,0,0,0,0,0,214,151,0,0,27,7,0,1,64,4,0,0,0,0,0,5,7,0,0,0,0,0,0,0,0,0,0,0,0,0,0,0,214,147,0,0,5,1,0,0,34,14,2,0,0,0,0,0,7,0,0,0,0,0,0,0,0,0,0,0,0,0,0,0,214,89,1,0,0,0,0,0,4,10,4,0,0,0,0,0,0,1,0,0,0,0,0,0,0,0,0,0,0,0,0,0
61,78,44,29,5,21,20,10,18,30,100,99,24,21,2,3,18,19,100,53,3,4,19,42,35,32,45,14,0,0,23,93,13,65,79,31,15,6,1,0,18,21,15,21,117,117,13,14,117,22,61,23,15,39,17,55,28,49,89,11,0,0,3,4,0,0,21,2,19,25,93,0,18,19,41,37,117,62,19,2,117,51,41,11,15,6,22,41,15,3,26,0,0,3,98,15,0,2,117,1,0,4,25,0,0,6,117,16,8,7,5,0,6,26,117,2,0,0,4,5,0,8,110,0,0,0,17,1
0,0,0,0,0,46,53,0,3,0,0,1,3,89,117,4,17,29,14,0,0,56,115,9,0,43,54,0,0,29,46,0,0,30,68,18,8,44,52,0,24,6,21,70,117,63,46,28,117,47,12,4,14,13,20,86,21,29,27,0,2,22,33,8,0,17,30,10,16,33,23,0,17,21,21,117,117,30,52,4,117,79,17,30,22,12,47,30,18,4,0,2,100,99,76,13,0,0,12,41,52,63,31,1,0,1,54,45,20,42,117,9,21,8,9,13,17,21,117,34,26,28,15,14,55,24,58,25
56,2,0,0,8,49,18,7,18,0,0,0,3,36,71,71,17,0,0,7,18,0,2,27,23,0,0,27,82,0,0,9,36,1,0,0,78,113,19,60,115,24,0,0,39,62,34,70,75,2,0,1,5,40,101,41,12,0,0,8,62,53,83,13,28,2,3,0,28,48,51,93,115,41,9,11,22,30,14,14,20,7,57,71,30,106,115,11,19,34,64,12,2,29,115,36,27,19,68,40,1,1,12,15,115,76,22,11,1,0,14,19,13,15,115,73,4,1,11,18,3,30,115,33,9,0,0,1
15,8,60,9,3,8,28,38,115,31,26,9,4,5,14,21,19,24,115,32,5,5,19,17,7,36,78,34,13,0,0,5,13,23,87,34,13,6,8,22,61,22,25,53,27,30,111,38,115,16,6,4,0,4,110,114,38,4,3,24,21,0,0,16,19,65,29,20,14,10,4,16,12,10,26,115,53,28,15,4,115,35,11,30,14,7,12,79,61,3,0,5,5,0,0,25,11,3,2,3,11,9,93,46,0,1,10,17,62,100,94,7,115,0,0,4,41,85,49,115,107,0,0,0,0,0,0,54
61,43,13,12,3,3,11,10,7,18,25,71,25,18,12,7,8,17,15,24,110,24,11,4,38,37,31,8,33,1,11,15,80,3,0,2,12,22,56,69,14,3,10,9,45,113,44,27,113,40,69,17,26,39,22,36,14,33,113,22,37,10,5,5,55,113,59,0,1,8,67,113,14,101,113,17,17,34,18,8,109,108,113,7,4,3,0,8,22,17,8,40,113,13,3,2,4,113,113,0,0,0,0,0,0,55,61,0,0,3,1,0,0,16,38,1,0,27,14,0,0,8,6,28,40,48,14,0
0,0,0,0,6,5,9,0,7,0,0,0,121,23,2,0,121,9,0,0,86,15,0,2,63,17,0,0,86,38,0,1,0,2,14,0,1,22,121,1,18,0,9,12,84,121,75,1,121,5,0,2,65,49,3,6,104,36,0,0,72,36,0,1,28,46,116,9,2,4,38,2,21,3,71,106,84,21,16,0,121,7,0,16,54,36,0,14,121,52,0,0,32,24,0,1,80,10,9,3,11,1,0,6,8,0,4,14,121,11,0,2,56,5,0,1,51,26,3,17,121,42,0,0,5,9,0,0
1,0,0,0,21,134,62,11,42,21,0,0,0,67,56,35,54,113,9,0,0,3,4,3,9,25,26,9,8,3,2,5,26,1,0,59,134,84,16,20,134,60,0,4,3,5,10,56,84,94,3,0,2,6,10,16,7,5,10,5,15,8,9,18,15,8,34,134,98,0,0,0,134,52,77,47,4,0,2,60,50,14,10,1,2,8,36,85,9,1,1,3,4,43,58,15,0,1,59,108,6,0,0,0,7,20,134,56,0,0,0,3,7,19,121,23,1,2,4,11,6,14,43,57,4,13,11,2
55,16,12,57,102,50,4,12,115,69,2,1,0,6,54,47,115,47,0,0,0,0,8,17,2,3,0,0,0,0,0,0,17,10,8,63,115,29,0,0,115,106,2,2,2,8,3,15,76,49,0,0,1,76,59,24,29,3,0,0,0,5,27,41,11,0,5,100,113,9,0,2,115,3,6,15,3,28,18,86,73,64,0,0,11,115,44,37,90,46,0,0,2,8,44,37,9,6,24,76,31,12,32,12,26,28,30,98,5,5,8,26,55,115,15,26,9,12,13,12,10,11,19,54,17,20,83,30
0,0,0,0,10,113,31,1,24,3,0,0,0,44,104,49,6,5,7,18,20,62,37,23,14,3,9,19,9,22,28,68,16,0,0,0,91,127,11,6,127,36,2,0,2,24,15,27,31,57,26,35,8,3,9,8,10,16,26,67,16,5,4,6,23,0,0,2,91,127,59,64,127,7,0,0,2,4,16,120,44,7,1,3,13,25,38,29,7,1,1,8,29,84,23,16,15,1,32,127,95,24,15,50,121,24,28,17,0,1,24,127,24,36,11,1,5,19,74,70,11,23,62,11,16,41,10,6
0,2,34,65,51,13,0,0,5,36,139,133,15,0,0,0,19,114,139,70,1,0,0,0,0,94,139,37,14,0,0,0,0,1,80,43,10,13,6,0,25,15,46,61,40,22,3,3,123,29,18,5,9,1,0,20,9,2,8,27,96,1,0,2,0,0,3,2,3,91,120,0,53,9,0,2,18,72,66,17,137,37,0,0,9,5,1,7,9,2,0,0,101,27,0,0,2,14,18,0,0,27,53,1,98,42,8,0,0,5,16,20,83,29,0,0,9,27,7,21,1,0,0,0,42,81,8,0
1,1,6,30,43,59,44,6,28,39,20,28,8,13,48,81,39,38,32,3,0,0,1,62,1,1,49,12,0,0,0,0,1,3,20,64,57,73,74,3,37,7,24,19,19,105,54,88,139,6,2,0,1,8,10,139,24,2,12,1,0,0,0,5,0,1,0,0,2,78,139,0,101,83,0,0,1,78,76,12,139,133,0,0,0,3,3,15,29,6,0,0,0,0,0,0,5,74,27,0,0,2,15,4,48,139,17,0,0,0,4,1,68,139,0,0,0,0,0,0,6,4,0,0,0,0,0,0
0,0,4,7,0,1,129,83,9,0,1,1,0,0,129,129,30,1,0,0,1,10,84,129,15,6,2,0,3,15,15,28,2,29,35,24,2,0,5,4,55,16,64,57,0,0,32,48,129,15,7,3,0,0,18,119,81,21,2,0,0,0,6,43,28,118,67,75,4,0,0,0,18,41,129,113,0,0,0,0,129,51,52,20,0,0,2,21,66,13,1,0,2,15,68,62,5,20,61,110,3,0,0,0,2,6,35,72,2,0,0,0,5,6,18,31,2,1,2,4,8,3,10,20,14,19,26,18
7,0,0,0,3,6,31,32,1,0,0,6,113,62,33,17,14,13,62,35,89,34,6,19,11,7,93,119,1,1,0,6,5,0,0,10,79,69,119,13,108,15,7,25,27,28,119,49,54,59,80,94,37,5,7,21,49,65,46,66,2,10,4,7,21,1,1,119,119,19,10,4,119,14,5,34,11,3,10,62,52,27,38,19,2,0,3,44,6,20,10,20,58,57,18,5,6,2,8,88,46,18,13,3,68,34,56,72,9,0,2,47,62,22,8,2,3,5,26,72,8,1,9,61,38,8,35,13
16,22,1,0,0,0,47,79,17,12,0,0,0,1,107,119,74,0,0,0,0,0,23,139,19,0,0,0,0,1,2,20,18,43,30,29,9,20,17,3,27,18,49,27,7,48,126,51,139,30,10,1,0,1,29,135,62,1,0,0,1,11,12,14,0,46,139,68,7,3,0,0,11,38,139,101,4,8,8,4,139,139,113,9,0,0,1,11,29,24,13,7,2,3,1,1,0,6,58,19,0,0,0,0,0,14,72,24,0,0,0,0,0,59,35,2,0,0,0,0,0,8,7,1,0,0,0,0
0,0,0,2,2,18,15,0,0,0,1,13,11,15,54,1,14,6,2,2,0,1,28,25,5,0,0,0,0,0,0,9,0,0,0,0,21,139,67,0,10,0,0,1,29,139,139,28,113,7,0,0,2,12,139,139,33,2,0,0,0,0,1,60,0,0,0,1,118,116,16,9,46,21,7,53,122,54,28,17,139,77,5,10,9,4,11,39,77,21,0,0,0,0,0,14,0,0,0,0,68,81,15,17,22,22,7,22,16,4,22,42,139,64,7,5,1,0,1,55,68,18,0,0,0,0,0,10
0,0,0,0,4,2,3,1,2,1,0,0,65,25,0,1,34,10,0,0,13,7,1,6,3,0,0,0,0,0,0,0,0,0,0,0,4,9,97,111,8,2,1,2,61,46,8,16,63,14,0,0,8,5,0,5,2,0,0,0,0,0,0,0,45,4,0,0,3,39,163,163,95,20,11,6,15,7,20,163,27,46,12,1,1,0,0,1,0,0,0,0,0,0,0,0,128,163,63,4,18,49,50,122,163,147,10,0,0,0,1,91,35,13,1,0,0,0,0,1,0,0,0,0,0,0,0,0
0,0,0,0,4,0,0,0,29,9,3,25,126,28,1,4,161,41,2,6,14,5,1,7,45,4,2,0,0,0,0,0,0,0,0,0,7,0,0,0,51,2,0,0,161,33,4,17,161,14,0,0,23,8,3,53,58,1,0,0,0,0,0,2,0,0,0,0,8,0,0,0,56,15,2,32,161,5,0,4,161,48,1,6,24,0,0,51,48,2,0,0,0,0,0,19,0,0,0,0,5,1,0,0,16,0,0,28,146,52,4,12,132,0,0,5,18,12,17,161,33,0,0,0,0,0,7,119
0,1,8,4,14,136,55,4,55,3,7,0,0,36,108,118,67,5,29,5,0,0,1,45,1,2,33,10,23,6,0,0,14,14,9,15,121,136,32,11,136,76,7,3,7,33,42,83,136,20,0,0,0,0,0,22,3,0,0,11,49,7,0,1,13,33,39,29,63,42,1,1,136,85,24,4,1,2,3,75,136,6,0,0,0,0,0,83,9,3,3,18,6,0,0,2,18,13,6,3,8,14,3,3,116,49,5,2,3,16,11,37,136,48,0,0,0,0,0,18,12,5,1,1,0,0,0,0
2,0,1,50,95,15,12,34,37,30,10,6,5,4,112,120,120,28,0,0,0,0,20,111,10,0,0,0,0,0,0,2,4,3,3,106,120,0,1,0,120,120,28,29,28,1,7,17,120,120,3,0,0,0,0,11,10,3,0,0,0,0,0,0,3,0,0,60,87,0,0,0,120,21,3,50,67,1,0,100,120,22,0,0,0,0,0,60,2,1,0,0,0,0,0,0,0,0,0,16,35,0,0,0,115,21,5,37,76,3,3,36,120,9,0,0,0,0,0,46,4,0,0,0,0,0,0,1
60,0,0,0,22,58,30,97,80,0,0,1,19,54,46,87,15,4,5,9,23,90,101,31,71,7,2,0,6,15,26,80,20,9,58,14,4,15,43,96,115,43,34,14,9,20,25,39,21,46,115,50,11,34,37,19,72,43,80,29,7,1,8,35,18,28,104,39,10,10,6,9,86,30,35,44,25,14,68,75,115,17,40,8,2,1,46,115,30,3,15,58,49,0,0,12,21,55,14,18,13,9,11,16,24,9,11,90,68,24,15,14,115,15,4,9,7,8,8,82,33,1,0,27,34,0,0,10
4,5,6,52,99,17,27,8,91,32,7,49,27,2,13,30,59,78,3,0,0,18,81,43,65,39,0,0,1,7,14,32,6,15,40,47,47,27,9,8,44,108,70,55,28,11,6,26,24,109,43,54,47,13,32,41,29,23,2,8,8,21,61,113,10,25,13,9,68,79,30,15,113,113,34,10,18,14,6,52,39,30,21,113,58,8,4,10,39,80,34,73,16,3,11,41,81,113,11,1,3,12,40,39,22,113,27,1,5,11,0,0,7,32,4,13,39,67,0,0,18,103,6,10,13,9,0,0
36,12,8,58,102,41,3,18,118,60,2,2,0,1,14,93,118,46,0,0,0,0,4,26,6,4,0,0,0,0,1,2,22,12,6,61,118,13,0,0,118,107,2,3,3,4,5,20,91,47,0,0,0,45,78,33,29,1,0,0,1,3,29,51,17,1,4,103,118,6,0,2,118,4,6,17,3,13,25,96,75,35,0,0,0,81,69,47,107,23,0,0,2,6,39,47,5,6,18,79,33,15,19,4,23,32,37,80,3,1,5,22,53,114,17,19,5,4,10,13,13,9,16,41,15,16,74,29
1,2,69,59,43,120,116,9,120,27,44,20,0,12,94,120,120,2,0,0,0,0,1,119,1,0,0,0,0,0,5,18,7,33,120,120,16,3,0,0,106,40,93,120,10,0,0,27,120,19,4,5,0,0,0,90,17,0,0,0,0,0,5,17,27,21,7,20,13,12,26,9,22,44,43,106,40,8,10,4,116,118,27,10,0,0,0,4,20,8,0,0,0,0,0,1,15,12,21,6,6,15,28,23,52,61,31,3,1,5,13,8,12,36,7,0,0,0,7,5,14,6,0,0,0,0,1,2
2,55,111,1,0,6,27,2,2,23,126,47,20,17,22,0,56,103,52,19,9,4,12,3,10,50,116,0,0,0,3,0,4,20,43,2,0,9,126,17,14,5,32,18,21,95,126,9,126,16,3,4,9,23,16,28,52,8,6,0,0,0,0,2,2,18,126,11,1,3,31,2,17,8,126,103,36,12,24,2,126,25,12,22,13,2,2,7,55,0,0,0,0,0,0,5,4,6,18,2,1,4,115,30,5,0,9,20,66,74,70,7,117,1,0,4,23,19,21,76,21,0,0,0,0,0,65,34
0,16,42,124,124,2,2,0,31,124,86,46,37,0,0,0,24,124,9,0,0,14,2,0,4,28,16,0,0,21,27,11,7,7,10,29,42,50,47,26,65,59,13,8,7,11,12,34,27,36,0,0,26,85,4,3,29,76,5,0,4,41,17,5,41,40,8,24,124,45,20,19,124,75,11,5,23,18,18,78,32,32,21,46,41,32,2,9,96,96,4,2,3,8,4,3,68,29,0,1,124,77,9,5,124,88,11,7,13,4,0,16,23,18,28,103,3,0,0,14,32,13,9,23,8,29,18,12
0,0,2,2,102,52,1,0,62,25,15,8,32,35,11,34,32,44,13,5,34,65,3,10,12,49,35,25,25,39,0,0,3,0,0,0,127,81,3,1,127,34,1,3,57,62,11,29,69,22,2,30,98,9,1,7,85,37,3,4,13,1,5,33,21,6,0,1,127,127,34,10,127,29,1,1,42,36,13,82,38,1,0,18,81,32,17,58,13,0,3,24,25,12,57,75,29,41,84,82,70,87,21,14,89,55,38,15,7,9,9,55,11,0,1,18,8,2,14,110,0,0,26,60,5,1,19,20
13,5,0,0,41,43,0,0,88,77,2,0,5,14,2,2,21,60,52,10,0,3,5,0,0,0,26,57,40,25,4,0,22,12,17,24,46,13,2,6,134,40,5,4,4,5,3,9,33,9,1,0,6,67,47,10,0,0,0,13,133,108,46,6,24,24,60,67,1,0,0,12,50,14,46,48,4,10,11,20,5,0,3,9,52,134,56,10,0,0,0,7,53,134,134,6,19,1,5,11,0,0,12,67,0,0,30,37,24,14,26,20,0,0,5,19,134,134,24,0,35,0,0,0,45,134,134,27
1,10,57,43,7,0,0,1,5,0,3,27,16,0,1,45,16,1,3,37,25,2,4,43,13,7,16,56,17,3,1,3,2,0,4,25,38,15,13,18,14,0,0,21,84,34,5,7,101,14,1,5,21,11,1,14,8,2,2,14,95,121,37,7,4,0,0,0,11,126,128,27,38,2,0,0,18,64,128,94,112,17,0,0,53,23,17,58,5,3,0,10,128,128,25,5,5,16,16,12,26,74,61,18,40,28,8,0,0,2,40,125,24,0,0,0,13,19,87,128,6,7,7,56,128,33,25,7
6,1,3,5,15,23,38,20,2,0,0,1,58,68,72,29,8,8,34,39,108,73,4,2,5,9,66,117,5,11,10,0,5,0,0,24,117,80,62,10,117,21,9,15,25,29,109,66,44,70,90,58,26,6,2,5,15,64,55,117,4,12,5,1,8,3,4,108,117,19,11,2,117,34,17,53,27,1,1,44,87,24,35,9,15,4,0,46,9,11,10,30,61,60,26,14,11,3,16,34,18,9,19,25,37,28,83,45,15,6,3,17,48,9,6,6,19,17,77,60,5,1,5,51,41,18,81,19
30,85,29,26,64,43,3,0,132,132,23,1,2,4,1,13,27,57,72,30,24,32,3,7,15,18,23,80,31,9,14,4,33,57,50,91,63,0,0,0,132,58,5,3,2,2,3,22,57,39,45,35,22,20,14,16,22,42,17,45,34,22,3,3,26,6,7,132,85,0,0,0,132,20,8,13,1,7,22,45,50,15,8,2,1,20,66,69,11,4,1,0,23,104,26,18,2,1,43,132,11,0,0,0,29,47,132,55,0,1,1,13,17,48,51,38,23,17,8,9,15,44,18,33,23,63,19,3
8,49,57,25,11,14,9,6,3,38,23,47,122,23,5,0,50,122,23,23,89,2,7,16,61,122,0,0,1,3,4,23,17,3,3,0,1,96,103,17,48,24,51,35,63,49,45,32,30,105,65,24,34,21,19,20,13,14,0,0,7,11,42,120,19,110,49,6,5,46,122,13,104,83,18,5,6,39,26,28,17,3,4,3,26,110,17,11,31,18,10,8,2,7,12,42,0,98,122,18,10,7,4,0,1,21,22,30,80,34,3,0,10,1,5,8,17,30,5,7,86,7,8,9,0,0,0,27
23,7,8,0,0,3,6,25,36,4,0,3,25,34,28,79,10,54,8,14,123,122,14,6,39,123,15,14,15,13,9,30,22,7,14,43,4,4,6,5,104,30,8,37,21,6,3,14,38,75,44,109,63,16,5,4,75,108,17,16,5,8,1,2,8,8,38,40,20,11,9,1,64,23,30,14,25,23,8,30,25,12,10,24,80,101,61,107,44,20,2,2,38,33,20,123,18,21,85,3,1,4,15,33,6,23,102,26,92,3,0,2,7,6,16,30,123,33,13,69,25,19,21,4,17,12,31,123
6,9,16,42,12,36,8,2,29,13,5,8,24,37,57,28,10,55,77,21,26,9,2,3,3,28,90,17,25,9,1,0,8,1,3,18,38,126,15,3,126,29,2,1,3,79,36,39,67,36,22,1,3,48,46,16,6,4,9,36,29,15,27,26,9,6,89,126,41,48,1,0,126,34,40,54,5,13,16,37,47,29,26,6,17,62,44,47,28,33,18,4,31,62,17,31,0,0,33,96,22,0,0,0,6,5,13,113,99,21,24,14,19,10,7,11,14,23,115,121,2,7,6,0,32,126,126,18
5,24,16,26,14,13,28,9,25,17,126,51,14,18,6,8,35,55,126,29,0,1,0,5,59,67,29,0,0,0,0,12,12,20,9,2,1,5,38,15,126,23,10,2,0,7,13,18,35,13,42,4,0,25,92,6,1,12,11,0,0,28,119,4,8,63,18,12,32,5,0,1,90,8,3,14,35,29,10,21,9,2,10,73,90,126,126,16,9,5,13,13,4,52,126,46,4,20,3,16,88,14,3,4,87,22,7,20,31,11,6,45,19,11,81,126,37,7,3,4,8,9,122,122,2,2,7,11
6,14,37,29,15,19,71,39,3,4,18,22,19,7,50,46,6,9,6,42,36,10,7,2,35,46,5,9,10,2,2,2,1,10,69,56,12,80,47,7,27,9,79,31,2,15,51,54,14,11,95,74,8,4,2,3,26,14,24,15,36,50,24,12,30,26,8,7,36,133,80,22,133,97,9,2,1,22,61,92,50,18,42,38,49,31,0,3,6,1,17,22,133,133,5,9,55,48,19,8,19,43,1,4,133,100,4,0,0,0,0,4,27,9,4,35,67,17,0,0,1,2,115,81,91,34,0,0
1,6,114,18,0,2,30,42,117,23,46,9,0,0,31,132,132,4,0,0,0,0,2,110,7,0,0,0,0,0,0,3,1,59,132,78,7,1,3,1,100,40,123,132,26,0,0,11,132,19,5,4,0,0,0,66,27,0,0,0,0,0,0,9,3,23,20,23,26,20,45,12,20,20,27,87,64,14,9,6,132,54,13,8,1,2,1,19,36,3,0,0,0,0,0,4,1,12,45,22,16,21,7,3,7,6,12,14,61,89,10,17,96,6,1,0,3,14,9,125,22,0,0,0,0,0,0,42
0,0,0,0,106,88,1,0,45,2,1,7,60,52,30,60,136,0,0,0,0,0,3,106,20,0,0,0,0,0,0,6,0,0,0,4,136,112,2,0,64,4,1,6,32,39,6,14,136,5,0,0,0,0,0,39,49,0,0,0,0,0,0,4,0,0,2,107,136,17,0,0,79,10,3,26,38,26,12,15,136,43,0,0,0,0,1,9,46,5,0,0,0,0,0,0,0,0,0,109,103,2,0,0,80,63,29,75,97,16,7,12,136,81,2,0,0,0,7,9,17,2,0,0,0,0,16,9
3,23,41,39,47,32,13,1,53,105,71,24,18,10,0,10,76,93,111,3,0,0,0,18,8,94,111,1,0,0,0,0,3,59,97,46,67,31,3,2,90,80,86,30,26,21,6,23,83,111,39,0,0,0,15,16,9,14,12,0,0,4,27,0,3,5,60,31,109,55,12,1,111,68,87,15,33,12,7,35,27,31,59,0,0,4,73,26,0,4,58,0,0,11,76,0,0,3,111,12,3,2,1,0,2,37,111,4,0,0,0,0,0,21,111,0,0,0,1,0,0,6,93,0,0,0,0,0
109,111,3,4,25,6,6,16,95,111,0,0,0,0,18,62,17,10,0,0,8,19,0,14,7,19,0,1,25,52,0,0,106,59,19,22,8,0,16,58,111,51,2,0,0,1,40,111,51,12,0,0,18,71,15,27,30,97,0,0,13,33,0,0,63,111,57,43,14,4,1,7,47,37,24,81,28,12,49,103,85,81,3,2,2,24,46,77,44,98,0,0,0,2,0,0,60,111,13,26,11,6,0,3,13,60,33,111,39,8,1,4,63,111,14,6,0,0,0,6,12,30,0,0,0,0,0,0
15,20,21,15,3,4,18,22,9,0,9,13,12,14,46,125,10,0,8,21,0,3,23,122,3,1,19,30,0,0,3,17,21,9,14,22,20,50,23,6,22,10,12,20,94,133,51,50,133,28,4,1,9,36,38,133,42,4,7,5,0,0,0,24,0,0,67,97,42,39,13,0,13,69,133,62,44,77,7,2,133,133,133,20,4,6,3,36,22,2,5,10,0,0,15,88,0,6,45,27,0,0,0,0,0,37,107,3,0,0,0,0,0,16,67,37,0,0,0,1,0,0,25,64,0,0,5,23
47,42,7,8,42,15,15,19,19,10,1,7,45,39,72,18,16,7,3,14,39,39,27,25,44,9,3,2,6,6,7,42,54,24,1,4,87,86,26,24,113,42,3,10,89,50,6,16,77,20,3,28,113,20,5,10,113,42,13,7,9,1,2,18,9,13,113,59,17,48,23,15,88,19,105,50,27,38,13,35,85,18,6,28,112,76,11,11,113,31,3,1,3,1,0,29,1,8,88,29,0,0,0,0,0,2,98,90,62,3,0,0,74,37,7,70,113,6,0,0,84,63,23,7,0,0,0,2
6,0,0,3,114,39,14,5,114,1,0,1,50,10,20,113,21,0,0,0,1,6,114,55,0,0,0,0,7,24,114,14,4,2,1,36,114,28,5,2,114,57,10,20,71,9,13,46,33,35,10,53,80,21,107,27,35,63,30,26,14,16,90,24,4,0,1,39,114,22,13,5,114,14,4,18,85,9,2,53,98,26,6,25,114,25,3,19,114,50,14,15,57,20,1,12,9,4,5,40,41,11,9,5,37,32,23,37,23,4,2,16,37,40,65,13,19,7,2,13,36,19,34,15,26,15,3,12
4,9,15,45,29,34,30,10,56,30,8,4,8,12,10,47,40,18,1,4,31,34,2,5,72,62,9,1,0,5,5,3,51,25,6,37,106,22,18,14,131,39,10,9,44,10,12,61,59,41,70,47,10,2,0,7,61,17,11,7,9,44,26,13,73,11,9,20,131,57,13,26,131,29,3,4,52,15,0,37,56,11,31,28,1,2,14,67,1,1,12,27,131,131,15,5,25,12,39,101,88,17,4,3,131,91,16,16,20,4,0,5,14,16,46,25,3,4,16,25,0,0,6,30,131,86,12,3
134,116,11,1,0,1,0,7,34,25,0,0,19,40,10,3,57,50,11,0,1,13,25,11,4,21,49,29,17,7,6,1,64,35,12,4,7,9,13,45,48,6,5,7,61,23,3,17,134,35,4,1,5,12,5,20,13,9,8,8,50,91,25,5,82,5,1,25,44,17,25,80,102,42,70,20,9,1,2,41,59,19,64,23,14,17,6,22,2,0,2,7,98,134,36,5,93,2,0,37,101,12,1,35,134,11,12,3,0,0,7,101,1,1,29,20,38,14,32,27,0,0,2,22,134,134,10,0
0,3,128,138,34,14,3,0,0,114,138,22,3,11,3,0,6,138,138,0,0,0,1,2,1,86,138,0,0,0,1,1,12,21,119,38,3,2,1,1,11,42,138,26,20,2,0,0,69,70,43,1,1,0,0,2,9,14,24,0,0,1,5,1,47,7,0,0,4,13,12,10,12,1,0,1,30,44,22,6,50,0,0,0,2,12,68,27,4,0,0,0,0,45,104,4,10,3,3,0,2,41,69,10,0,6,20,2,0,67,97,2,5,40,18,1,0,19,120,10,1,49,62,0,0,26,53,0
0,0,0,13,148,61,0,0,148,60,0,15,93,19,1,0,137,47,0,0,0,0,0,0,1,1,0,0,41,6,0,0,12,0,0,0,34,148,8,3,148,38,0,0,16,50,9,13,128,25,0,0,0,0,3,10,0,0,0,0,63,10,2,0,29,3,0,40,68,82,2,1,148,26,0,2,3,4,1,23,83,7,2,1,0,0,24,43,0,0,0,0,46,24,20,8,10,36,40,46,59,0,0,0,148,144,19,3,2,0,0,2,31,22,12,13,1,0,4,7,0,0,1,13,40,16,6,2
61,33,46,22,9,12,22,57,4,2,10,66,37,13,32,12,2,3,13,21,9,13,60,15,4,9,7,8,9,47,44,2,16,7,19,31,121,43,43,28,121,26,43,33,33,17,39,89,20,21,115,121,17,5,0,0,10,121,121,36,6,7,2,1,29,29,56,38,121,46,42,18,121,115,72,25,35,6,1,36,77,28,29,61,48,0,0,5,38,64,52,12,1,1,6,24,64,121,61,23,3,1,4,7,28,51,60,36,17,2,8,16,20,5,6,20,13,2,12,47,7,0,6,22,5,6,18,23
38,28,124,38,15,1,0,10,31,21,26,25,41,21,48,30,16,7,25,51,24,7,26,25,1,3,35,49,8,7,3,1,38,23,7,13,42,30,46,13,29,4,5,26,124,59,36,36,124,39,30,15,17,8,13,78,27,17,66,103,18,0,0,0,37,17,0,0,4,49,115,81,47,70,124,56,70,20,19,13,124,124,79,18,10,1,1,13,40,10,4,23,33,0,1,5,67,124,73,0,0,0,14,38,45,124,52,32,7,0,0,1,10,16,24,37,23,3,10,15,9,0,4,10,5,1,11,48
25,72,27,37,84,60,5,0,133,133,18,1,1,3,2,3,27,75,73,21,14,7,0,3,5,11,23,64,24,7,18,6,35,54,45,125,72,0,0,0,133,78,7,2,1,0,1,9,56,36,35,18,12,6,4,13,4,35,18,60,28,14,1,1,23,10,12,133,86,0,0,0,133,28,13,16,0,0,9,52,34,11,7,0,1,12,37,90,5,4,1,1,10,97,31,16,1,2,47,133,11,0,0,0,20,49,133,47,0,0,0,6,9,30,48,42,21,13,7,11,10,45,19,22,17,43,16,3
3,0,0,0,138,61,0,1,138,49,1,0,54,22,0,19,86,60,0,0,0,0,0,4,0,4,0,0,0,0,0,0,15,2,0,0,138,138,2,1,138,30,0,0,25,26,2,14,136,13,0,0,0,0,0,4,0,0,0,0,0,0,0,0,21,9,2,45,137,56,0,2,138,30,1,2,4,3,0,29,127,6,0,0,0,0,0,21,1,0,0,0,0,0,0,0,9,20,36,123,72,0,0,1,115,138,31,10,3,0,0,5,60,37,0,0,0,0,0,3,1,0,0,0,0,0,0,0
0,0,0,0,7,101,56,0,6,4,0,0,0,63,133,15,7,11,3,2,1,25,129,25,7,1,8,14,6,67,51,16,14,0,0,0,104,133,34,6,133,73,4,0,4,50,80,43,44,81,38,11,8,3,13,15,17,16,58,54,6,5,1,3,27,12,12,81,133,53,0,1,133,42,9,6,4,4,0,73,75,20,12,9,8,1,4,81,17,20,10,8,16,8,12,5,1,8,48,133,31,0,0,0,50,26,48,77,0,0,0,29,54,4,4,2,0,2,18,106,7,8,2,3,8,12,33,21
27,0,0,9,140,49,3,24,140,0,0,0,3,2,1,118,56,0,0,0,0,0,0,18,0,0,0,0,0,0,0,0,22,4,4,140,140,12,0,11,140,31,8,23,18,5,4,62,103,1,0,0,0,1,35,30,1,0,0,0,0,0,5,9,10,12,32,140,64,14,9,23,125,102,62,63,18,42,25,11,60,38,12,1,5,43,119,69,50,13,0,0,0,0,12,45,24,3,3,11,10,46,39,41,8,16,15,6,8,37,29,24,24,79,29,1,3,8,38,28,22,19,0,0,0,20,75,10
10,8,5,10,25,84,106,6,17,2,4,38,67,70,13,27,134,10,0,0,1,0,2,30,86,6,0,0,0,0,0,0,104,34,12,38,30,9,17,21,48,15,16,106,134,6,1,17,134,20,6,8,19,0,0,37,96,1,0,0,0,0,0,21,60,61,22,8,17,3,1,24,22,35,117,77,71,4,0,9,130,61,95,31,10,0,0,36,90,0,0,0,0,0,0,63,15,23,6,0,3,14,71,126,22,13,35,6,1,0,8,83,18,1,21,38,41,0,0,9,90,0,0,4,7,0,0,35
8,0,0,9,101,27,24,13,22,1,0,1,8,16,92,76,3,0,3,73,31,37,44,10,10,28,39,71,18,21,12,7,8,2,0,4,121,103,12,3,121,43,0,5,44,32,37,59,46,17,1,10,107,62,31,16,33,7,2,23,53,26,17,17,8,5,2,16,121,75,0,1,121,65,23,12,27,18,12,64,40,18,82,24,66,72,16,32,46,11,25,33,63,26,4,23,14,17,7,23,54,23,0,0,86,121,49,9,3,0,0,1,6,31,121,34,5,0,0,0,11,7,58,103,66,2,0,0
2,1,9,28,22,29,23,42,9,3,0,1,49,87,29,26,27,22,15,26,9,5,17,38,23,88,47,44,5,1,3,1,0,2,9,102,91,11,1,0,27,0,0,49,117,52,18,30,123,67,3,0,5,5,10,50,28,92,7,0,0,8,16,15,0,0,0,46,123,55,0,0,76,8,1,24,123,123,4,10,123,31,0,1,9,16,4,16,28,5,8,9,16,39,28,33,0,0,0,44,123,15,4,1,36,73,53,88,102,16,0,2,110,123,18,2,2,1,0,4,7,16,53,15,5,1,0,4
1,7,7,3,9,45,13,7,9,18,7,8,51,76,11,8,28,63,17,5,26,45,7,8,15,25,20,6,16,14,23,93,2,3,6,2,14,123,79,11,80,20,23,13,18,39,62,65,30,64,63,38,13,23,6,2,9,52,23,13,44,111,17,2,33,45,4,3,123,123,39,15,123,123,5,2,7,21,30,62,62,28,20,62,30,11,1,1,5,73,44,72,44,47,4,0,60,68,9,17,91,40,0,8,123,123,2,0,1,2,1,50,25,24,0,6,12,44,2,8,15,83,7,10,10,13,0,0
8,3,1,2,61,75,19,19,27,23,44,56,16,10,16,27,71,126,67,56,4,1,2,4,83,55,1,0,0,0,0,7,9,0,1,53,87,53,19,25,126,56,1,2,13,9,18,70,54,117,6,0,0,14,22,25,55,20,0,0,0,0,5,35,26,2,2,49,126,80,2,8,126,17,1,3,27,23,4,38,56,8,20,14,26,46,30,46,35,2,13,1,0,1,19,126,11,29,30,99,126,16,1,2,122,126,27,13,7,2,0,9,17,40,57,11,4,1,2,7,6,7,66,13,0,0,5,23
43,129,16,0,0,12,21,6,26,73,114,2,0,3,28,33,18,91,129,10,0,0,0,3,14,99,35,0,0,0,0,0,21,63,23,54,28,32,27,9,129,51,2,15,7,13,34,60,85,113,12,0,0,0,0,6,0,51,23,0,0,0,0,0,14,9,35,129,14,0,0,4,129,27,12,84,10,0,0,39,129,20,1,0,0,0,2,68,4,5,1,0,0,3,20,5,12,2,5,33,18,3,2,15,46,8,9,62,22,13,9,19,74,2,0,0,1,48,64,75,1,0,0,0,2,114,129,15
9,8,29,13,11,14,31,9,48,12,12,4,3,4,36,55,17,34,9,0,0,0,5,38,1,8,8,8,0,0,0,1,28,7,25,12,17,16,17,22,25,3,7,10,61,90,38,54,125,5,0,0,1,9,19,125,16,0,0,1,0,0,0,6,9,1,1,10,23,120,115,32,115,36,1,0,15,125,84,32,125,91,0,0,0,5,4,18,18,5,0,0,0,0,0,0,0,7,125,125,39,46,45,1,86,125,125,12,1,24,31,13,96,124,3,0,0,0,0,1,2,2,0,0,0,0,0,0
31,8,13,9,14,17,87,35,19,45,48,56,84,18,24,11,94,115,23,8,12,21,15,51,15,15,21,21,99,115,9,9,17,51,115,38,27,11,55,17,39,28,27,9,24,47,32,19,55,17,6,5,6,23,32,65,24,31,61,46,42,20,18,33,0,7,78,35,74,54,2,0,22,2,7,16,89,76,8,11,115,26,14,10,1,3,2,35,54,48,84,41,2,0,3,23,4,8,15,84,63,10,0,2,5,0,1,103,104,32,12,16,63,1,1,1,7,13,54,115,63,15,17,1,0,0,11,115
15,6,0,0,0,0,119,119,2,0,0,0,0,0,72,118,0,0,0,0,1,3,53,27,0,0,0,0,49,88,4,3,57,119,69,12,0,0,24,97,17,9,16,33,18,14,119,119,108,9,0,2,5,6,119,119,23,0,1,7,119,53,4,19,59,64,54,23,2,1,0,6,13,28,50,119,44,12,9,5,119,66,21,23,6,5,21,41,22,3,10,27,79,20,34,20,35,12,10,2,3,20,22,49,11,12,10,17,14,53,43,19,13,15,9,5,13,22,14,19,19,3,4,1,2,8,19,25
8,58,113,17,6,1,0,0,1,11,110,120,51,8,0,0,120,120,39,53,14,1,0,1,106,30,0,0,0,0,0,0,21,15,3,16,15,21,16,62,13,7,11,31,83,120,14,12,120,67,9,5,9,19,10,48,82,15,0,0,0,0,0,8,15,26,15,17,9,12,16,28,20,50,120,47,32,36,6,6,114,120,95,2,1,5,14,15,51,16,0,0,0,1,33,15,9,22,4,1,0,5,19,11,53,23,14,2,4,12,16,21,8,20,15,6,12,77,120,7,1,1,1,0,0,21,120,41
34,1,2,16,11,9,35,128,27,14,4,3,13,29,44,124,17,79,9,1,1,4,65,27,3,24,13,27,18,10,16,4,14,7,33,128,77,4,11,99,128,50,21,19,6,1,5,128,93,49,4,0,0,1,7,27,26,18,13,17,41,12,1,10,4,10,78,128,37,8,7,1,116,94,98,63,12,8,4,22,87,20,0,0,0,4,8,43,44,13,2,5,77,60,5,18,11,0,3,17,27,34,38,24,5,1,6,22,41,33,5,16,82,13,1,6,8,1,4,81,22,12,4,31,122,17,2,17
0,0,22,50,44,40,4,0,5,5,15,63,30,10,3,1,14,17,17,18,9,17,9,12,6,35,32,15,11,16,15,15,1,0,0,43,97,82,13,5,60,14,27,25,22,30,22,43,12,10,30,65,106,33,20,22,8,11,16,12,17,30,56,81,18,13,1,2,127,127,8,7,127,78,6,11,18,37,14,41,44,22,122,127,56,2,1,3,2,5,127,127,17,16,11,13,7,79,48,50,107,27,0,0,90,127,15,1,2,1,0,0,17,29,35,10,0,0,0,0,0,0,60,51,0,0,0,0
1,7,5,0,15,83,17,1,21,18,10,2,24,50,21,23,9,28,26,18,28,11,14,19,16,114,5,2,12,23,27,4,6,2,0,16,107,125,33,6,127,37,5,4,33,52,35,77,77,57,38,69,18,1,0,8,26,127,19,9,4,0,0,0,12,15,7,27,127,71,19,6,127,82,16,9,34,2,0,43,127,69,3,4,2,1,1,43,29,60,1,0,0,0,0,0,62,87,28,19,37,43,46,54,59,127,50,1,1,0,0,8,69,119,10,0,0,0,0,4,6,11,0,0,0,0,0,0
24,0,3,56,101,14,38,138,54,0,0,24,24,5,29,138,8,0,2,77,33,5,10,9,26,5,5,10,3,7,19,16,35,22,34,138,138,10,6,39,138,68,24,24,4,1,2,120,49,5,2,62,44,1,0,12,1,0,4,69,89,27,29,11,8,12,12,74,102,50,8,0,138,50,11,18,13,0,3,34,51,2,2,18,31,11,8,34,0,5,33,62,64,11,0,0,9,11,4,18,38,27,7,4,40,9,8,12,7,4,22,64,56,15,10,2,4,5,13,102,11,29,75,13,5,2,0,4
0,0,2,11,128,32,4,0,124,25,1,10,97,45,37,83,81,10,0,0,1,6,14,41,3,0,0,0,0,2,6,11,1,0,0,13,128,81,2,1,128,70,3,21,127,44,5,23,112,24,0,0,52,24,11,20,51,0,0,0,13,14,6,25,7,8,6,13,128,128,19,4,128,72,10,10,50,59,10,50,74,6,0,0,62,40,9,34,24,0,0,0,12,29,44,49,5,49,19,13,45,36,11,1,51,128,24,8,17,7,0,0,12,11,0,3,56,21,3,4,8,17,6,8,9,5,10,11
43,12,1,2,6,3,0,9,7,2,1,16,84,66,4,4,43,36,13,4,11,22,5,11,7,30,74,18,11,20,15,3,50,5,1,5,28,8,0,22,26,3,1,43,134,118,20,30,134,51,15,6,14,21,16,78,32,61,55,1,0,0,0,0,58,10,21,29,13,0,0,15,42,14,13,134,134,4,1,10,134,58,13,49,38,1,2,67,52,8,0,0,0,0,0,16,23,5,11,46,17,0,0,8,26,6,4,71,134,1,1,12,117,10,10,53,105,4,4,134,71,4,0,0,0,0,1,62
0,0,0,1,10,1,0,0,8,4,1,35,141,27,2,2,141,65,3,19,81,12,4,26,52,9,0,0,19,14,15,18,0,0,0,0,17,34,29,1,25,4,0,9,141,141,10,12,141,27,0,6,50,53,11,68,52,2,0,0,54,25,6,27,3,3,2,0,20,48,104,27,18,60,29,40,141,100,16,3,141,141,24,13,24,12,2,18,19,6,0,2,60,21,6,14,6,9,9,4,16,33,19,8,29,90,18,5,12,15,3,7,22,83,7,1,19,13,1,2,3,2,0,3,44,30,7,8
44,19,7,26,35,0,0,0,30,23,7,55,152,21,0,2,152,152,10,22,65,7,0,10,43,57,16,0,0,0,0,0,23,20,25,32,45,4,0,0,54,13,6,35,152,94,3,14,152,40,4,9,49,21,4,63,50,5,0,0,0,0,0,5,0,1,12,17,18,0,0,0,15,25,47,152,145,7,0,1,152,131,55,39,13,1,1,12,36,4,0,0,0,0,19,10,0,0,0,0,0,0,0,0,0,1,4,5,0,0,0,0,4,11,6,1,0,0,0,1,1,0,0,0,0,0,11,3
0,0,13,4,1,0,0,0,0,0,1,2,4,12,6,1,0,0,0,0,0,1,5,5,0,0,0,0,0,0,0,0,0,0,17,9,35,5,0,0,14,1,1,10,149,135,54,37,146,9,0,0,14,26,47,149,18,0,0,0,0,1,10,15,0,0,0,3,54,8,0,0,51,25,4,46,149,48,4,8,149,109,3,11,49,13,6,32,43,4,0,0,17,19,26,32,0,0,0,0,48,74,18,0,83,10,0,8,149,149,11,23,149,26,0,1,29,21,6,42,40,0,0,0,38,19,6,25
5,0,0,0,3,44,82,10,0,0,0,0,2,16,127,87,3,0,0,0,0,0,25,86,1,0,0,0,0,0,0,3,3,5,5,40,45,45,32,1,20,6,2,52,124,43,127,120,127,20,1,1,4,3,41,127,34,1,0,0,0,0,0,16,2,10,24,25,34,20,25,1,22,89,122,95,126,11,4,6,127,127,48,8,4,1,1,22,34,14,0,0,0,0,0,1,14,38,74,15,2,1,1,9,0,72,127,8,0,0,0,0,4,78,38,0,0,0,0,0,1,4,0,0,0,0,0,0
0,0,0,0,0,1,0,0,0,0,0,0,4,34,17,3,5,0,0,0,0,8,22,32,2,0,0,0,0,0,0,2,0,0,0,0,18,20,26,0,19,2,1,4,141,141,50,25,141,11,0,1,17,51,57,141,38,0,0,0,0,0,0,9,14,5,4,1,10,21,141,68,38,23,18,63,141,58,73,48,141,67,16,23,23,7,2,46,49,1,0,0,0,0,1,23,93,42,37,10,1,7,47,45,23,12,14,17,9,10,42,54,86,7,3,6,3,11,76,87,21,0,0,0,0,8,141,77
8,70,132,45,14,2,2,5,4,16,59,64,31,4,7,13,8,22,67,57,20,16,25,12,2,46,132,67,95,20,17,2,0,0,24,75,38,0,0,0,25,6,3,108,132,28,23,40,132,58,76,31,22,8,15,94,19,67,132,7,0,0,0,0,0,0,0,15,25,0,0,0,18,32,47,132,132,1,1,3,132,132,50,40,17,0,0,12,30,11,1,0,0,0,0,0,0,0,0,2,1,0,0,0,0,4,19,37,5,0,0,0,4,26,20,7,0,0,0,0,1,1,0,0,0,0,0,0
0,0,19,129,55,7,0,0,11,14,45,102,102,60,23,4,55,66,76,26,20,6,6,43,61,17,51,129,59,0,0,30,0,0,0,66,59,0,0,0,60,25,13,129,129,6,4,6,129,100,83,64,5,0,1,40,33,35,92,126,16,0,0,13,0,0,0,12,12,0,0,0,9,10,72,129,63,0,0,1,100,81,98,36,2,0,0,18,18,13,26,9,0,0,0,1,0,0,0,0,0,0,0,0,0,0,11,10,0,0,0,0,0,3,13,2,0,0,0,0,0,0,0,0,0,0,0,0
12,0,0,0,0,1,14,26,0,0,0,0,0,14,11,6,0,0,0,0,0,1,8,11,0,0,0,0,0,0,0,0,98,2,0,0,20,27,49,118,27,0,0,0,82,129,65,69,107,7,0,0,5,23,49,129,15,1,0,0,0,0,0,7,74,6,0,1,59,63,81,108,103,27,6,6,61,129,92,57,129,89,0,0,5,18,7,29,20,6,0,0,0,0,0,0,31,20,2,5,98,44,25,36,112,81,57,16,6,15,18,67,129,71,8,0,0,0,0,4,6,1,0,0,0,0,0,0
5,7,92,92,19,20,4,2,39,20,36,23,15,6,4,47,38,7,16,124,85,5,1,49,97,14,47,124,56,6,7,72,6,2,1,98,112,31,11,2,71,87,55,19,18,9,9,11,58,48,99,71,0,0,0,26,22,12,34,124,69,1,3,26,5,3,6,124,102,0,0,0,124,48,33,60,18,0,0,36,70,25,59,58,0,0,0,21,5,30,64,70,4,0,0,1,0,0,14,59,17,0,0,0,21,35,86,40,3,0,0,2,29,23,9,0,0,0,0,2,0,1,3,0,0,0,0,0
2,1,1,3,29,123,122,21,70,4,1,1,1,20,123,123,24,0,0,0,0,0,0,26,0,0,0,0,0,0,0,0,8,19,56,79,123,101,26,10,123,112,50,16,4,10,27,102,104,5,0,0,0,0,6,40,0,0,0,0,0,0,0,0,11,23,16,23,70,32,3,3,83,58,52,12,2,2,38,66,51,26,18,1,0,0,48,123,2,1,0,0,0,0,0,6,106,53,8,9,34,41,10,15,43,78,123,8,0,0,3,3,19,63,88,1,0,0,2,11,1,3,1,0,0,0,0,0
0,0,0,0,1,38,26,1,19,0,0,0,0,24,59,39,11,0,0,0,0,0,0,6,0,0,0,0,0,0,0,0,10,5,0,1,89,118,21,3,118,30,0,0,11,55,53,74,52,1,0,0,0,50,118,42,5,0,0,0,0,2,43,52,11,22,14,20,95,62,3,0,102,54,7,5,24,84,35,17,39,44,25,24,68,118,118,62,118,81,9,2,1,7,54,118,0,6,28,42,49,31,3,0,9,70,27,7,32,83,48,5,50,95,78,37,19,17,5,6,93,103,10,1,0,0,0,9
30,6,1,60,87,16,17,67,46,5,2,20,25,26,24,43,31,0,1,17,9,7,42,121,26,0,0,0,0,0,2,73,32,7,11,38,85,68,18,25,121,19,30,56,15,7,14,89,54,31,99,121,6,1,7,52,121,45,24,6,0,0,0,45,8,17,68,121,120,25,14,15,121,121,72,36,19,13,17,75,51,43,87,56,0,0,0,1,19,29,35,7,0,0,0,0,0,9,56,75,8,0,0,0,12,89,74,16,0,0,0,0,3,9,0,0,0,0,0,0,0,0,0,0,0,0,0,0
