0,0,0,2,8,0,0,0,31,0,0,1,6,0,0,6,61,0,0,0,0,0,0,12,0,0,0,0,0,0,0,0,0,0,2,56,95,0,0,0,162,13,20,46,44,0,0,22,164,9,2,0,0,0,0,54,1,0,0,0,0,0,0,0,0,1,79,159,22,0,0,0,68,47,164,66,4,0,0,1,164,82,36,4,0,0,0,6,18,1,0,0,0,0,0,0,0,2,72,120,4,0,0,0,13,27,142,50,4,0,0,0,164,55,27,14,2,0,0,7,39,1,0,0,0,0,0,2
0,0,0,0,0,0,0,0,174,16,0,0,0,0,0,5,174,17,0,0,0,0,0,11,45,0,0,0,0,0,0,26,6,0,0,0,0,0,0,0,174,25,0,0,0,0,0,2,174,26,0,0,0,0,0,2,61,6,0,0,0,0,0,5,16,0,0,0,0,0,0,2,174,1,0,0,0,0,0,33,174,3,0,0,0,0,0,23,60,3,0,0,0,0,0,6,29,0,0,0,0,0,0,4,174,0,0,0,0,0,0,36,174,0,0,0,0,0,0,24,42,0,0,0,0,0,0,18
0,33,72,0,0,0,0,0,77,142,61,0,0,0,0,1,142,142,3,0,0,0,0,8,33,61,33,3,0,0,0,2,1,7,13,0,0,0,1,0,131,29,10,0,0,0,1,17,142,14,0,0,0,0,0,64,93,7,2,0,0,0,0,41,2,0,0,0,0,0,7,12,142,23,0,0,0,0,9,46,142,50,0,0,0,0,0,23,88,11,0,0,0,0,0,57,7,3,0,0,0,0,0,6,142,40,3,0,0,0,1,34,142,31,0,0,0,0,0,16,60,133,7,0,0,0,0,3
49,2,0,0,150,24,0,0,158,30,0,0,34,6,0,1,158,11,0,0,0,4,5,11,0,0,0,0,0,13,7,1,52,2,0,0,116,96,7,8,158,21,0,0,16,13,1,8,158,3,0,0,0,0,18,31,0,0,0,0,0,4,30,3,20,26,134,39,36,36,4,4,158,112,59,2,3,2,2,17,83,4,0,0,0,1,66,45,0,0,0,0,0,2,98,6,0,7,83,11,0,0,0,0,14,41,46,0,0,0,2,3,6,2,0,0,0,3,36,7,0,0,0,0,0,3,58,1
168,168,0,0,0,0,0,0,168,109,0,0,0,0,0,7,163,19,0,0,0,0,0,21,40,4,0,0,0,0,0,12,120,168,0,0,0,0,0,0,168,90,0,0,0,0,0,21,168,6,0,0,0,0,0,70,39,2,0,0,0,0,3,25,0,4,0,0,0,0,0,0,20,32,0,0,0,0,0,1,111,50,0,0,0,0,0,9,47,20,1,0,1,0,0,7,0,0,0,0,0,0,0,0,0,0,0,0,0,0,0,0,5,9,0,0,0,0,0,0,4,10,1,1,7,5,1,1
26,0,1,30,44,0,0,2,121,10,0,0,1,0,0,8,121,13,0,0,0,0,0,24,116,0,0,0,0,0,20,39,38,2,0,3,63,14,5,26,121,70,4,0,2,0,3,19,89,72,15,0,0,17,36,33,34,1,0,0,0,17,121,79,60,0,0,0,9,11,23,45,121,11,0,0,0,1,30,100,11,5,1,0,0,34,121,36,11,0,0,0,0,31,119,45,19,0,0,0,0,6,117,121,33,6,0,0,0,2,94,121,1,0,0,0,0,33,121,9,2,0,0,0,0,27,89,32
130,108,0,0,0,0,0,0,130,88,0,0,0,0,0,5,130,46,0,0,0,0,5,31,45,4,0,0,0,0,12,34,130,43,0,0,0,0,0,20,130,74,0,0,0,1,5,26,66,21,0,0,0,34,60,40,35,3,0,0,0,5,70,115,130,45,0,0,0,0,0,24,102,4,0,0,0,1,35,124,43,23,0,0,0,25,61,58,92,52,0,0,0,4,10,29,94,22,0,0,0,0,10,42,50,2,0,0,0,0,16,75,126,32,0,0,0,2,9,41,20,18,0,0,1,24,35,21
59,40,70,10,0,0,0,17,25,12,203,100,0,0,0,39,3,0,203,203,0,0,0,3,0,0,203,203,0,0,0,0,64,30,2,0,0,0,0,16,83,22,1,0,0,0,0,36,22,2,7,3,0,0,2,9,0,0,34,16,0,0,0,0,67,52,3,0,0,0,0,0,27,19,1,0,0,0,7,21,14,0,0,0,0,0,18,40,7,0,0,0,0,0,1,7,55,13,0,0,0,0,0,3,3,0,0,0,0,0,1,3,31,2,0,0,0,0,3,15,12,0,0,0,0,0,7,10
113,25,0,0,0,0,0,0,130,57,0,0,0,0,0,0,119,26,0,0,0,0,0,0,1,0,0,0,0,0,0,0,109,81,8,0,0,0,0,0,130,72,3,0,0,0,4,23,96,14,0,0,0,0,23,38,0,0,0,0,0,0,3,6,74,77,19,0,0,3,31,38,69,25,9,0,0,18,122,79,66,0,0,0,0,0,130,130,50,0,0,0,0,0,5,48,16,3,0,0,0,4,74,50,4,0,0,0,0,18,130,43,130,0,0,0,0,0,31,130,92,0,0,0,0,0,22,51
27,77,80,10,0,0,0,2,1,30,125,40,1,0,0,0,0,71,124,1,0,0,0,0,0,77,121,0,0,0,0,0,95,15,6,7,0,0,1,76,61,85,91,32,1,0,1,37,12,125,125,0,0,0,0,0,0,93,125,0,0,0,0,0,93,49,5,0,0,0,0,61,125,97,13,0,0,0,0,59,88,43,19,0,0,0,0,9,0,5,8,0,0,0,0,0,59,125,20,0,0,0,0,3,40,125,52,0,0,0,0,1,22,28,2,0,0,0,0,0,0,0,0,0,0,0,0,0
8,1,0,0,0,0,39,18,151,53,0,0,0,0,31,59,151,32,0,0,0,0,0,16,9,0,0,0,0,0,0,6,31,7,0,0,0,0,0,1,151,87,0,0,0,0,6,41,123,31,0,0,0,0,40,39,0,0,0,0,0,0,21,8,17,0,0,0,0,0,0,9,111,5,0,0,0,0,87,151,16,1,0,0,0,0,151,151,0,0,0,0,0,0,151,96,0,0,0,0,0,0,27,10,4,4,0,0,0,0,30,19,13,27,34,4,0,1,82,38,0,2,28,20,7,23,116,34
0,2,0,0,0,0,0,0,0,12,17,0,0,0,0,0,7,27,62,0,0,0,0,1,141,58,35,0,0,0,0,30,19,8,0,0,0,0,0,1,103,141,81,0,0,0,0,4,15,141,141,0,0,0,0,0,21,134,141,0,0,0,0,0,41,8,14,9,0,0,0,15,141,38,7,3,0,0,0,80,114,36,37,0,0,0,0,29,0,8,18,0,0,0,0,0,90,11,14,28,24,3,6,82,141,0,0,12,17,2,1,78,141,0,0,0,0,0,0,53,9,4,0,0,0,0,0,0
122,25,0,0,0,0,0,0,55,12,0,6,73,2,0,0,73,69,5,10,39,4,0,2,56,9,3,11,81,10,0,0,122,46,0,0,2,0,0,5,77,6,0,1,84,15,1,7,121,22,0,4,61,19,3,31,84,3,0,4,107,27,1,2,122,18,0,0,3,0,0,10,81,7,0,0,106,8,0,2,122,29,0,14,73,3,0,7,93,5,0,15,122,2,0,0,122,17,1,0,4,0,0,6,68,1,0,0,80,12,0,4,122,4,0,2,66,3,0,7,81,3,0,1,114,4,0,0
116,116,3,0,0,0,0,10,115,52,0,0,0,0,0,39,93,59,0,0,0,0,0,30,98,88,0,0,0,0,0,15,116,65,0,0,0,0,0,8,116,86,0,0,0,0,0,29,95,114,0,0,0,0,0,13,72,19,0,0,0,0,8,105,116,20,0,0,0,0,5,19,116,27,0,0,0,0,2,116,116,15,0,0,0,0,0,79,7,0,0,0,0,0,2,43,59,41,2,0,0,0,2,7,107,116,0,0,0,0,0,19,79,74,0,0,0,0,0,11,4,2,0,0,0,0,0,2
118,60,0,0,0,0,0,48,118,23,0,0,0,0,4,87,23,1,0,0,0,0,5,20,0,0,0,0,0,0,8,10,118,80,0,0,0,4,8,24,90,23,0,0,0,28,94,96,77,7,0,0,0,0,49,118,11,0,0,0,0,0,0,6,108,8,0,0,0,4,39,110,90,58,1,0,0,26,52,52,118,44,0,0,0,3,50,93,14,1,0,0,1,6,57,43,76,4,0,0,0,0,14,75,103,25,0,0,0,18,52,68,6,4,0,0,0,28,118,65,0,0,0,0,0,5,118,78
33,118,67,0,0,0,0,2,24,118,118,0,0,0,2,8,28,118,118,0,0,0,0,3,61,113,18,0,0,0,0,0,88,107,36,0,0,0,0,11,86,60,46,3,0,0,26,71,118,81,29,0,0,0,6,48,19,36,10,0,0,0,0,1,66,80,41,2,0,0,14,56,70,105,103,8,0,0,9,28,88,118,46,0,0,0,0,8,12,5,0,0,0,0,0,0,70,0,0,0,0,0,7,72,118,13,2,0,0,0,4,86,46,13,5,0,0,0,5,21,0,0,0,0,0,0,2,1
114,16,0,0,0,0,10,72,46,16,0,0,0,26,69,80,97,57,1,0,0,12,30,55,103,22,0,0,0,0,5,39,65,7,0,0,0,0,18,100,114,64,1,0,0,2,18,72,68,68,4,0,1,33,53,50,29,5,0,0,0,3,114,114,114,12,0,0,0,0,7,64,114,9,0,0,0,2,59,114,7,1,0,0,0,36,114,70,0,0,0,0,0,3,107,88,114,5,0,0,0,0,7,80,20,2,0,0,0,0,19,56,0,0,0,0,0,0,44,32,0,0,0,0,0,0,47,55
26,105,52,0,0,0,0,0,58,103,41,0,0,0,0,0,77,112,43,0,0,0,0,2,45,72,101,1,0,0,3,18,31,80,63,0,0,0,0,0,75,124,98,0,0,0,0,5,40,86,124,22,0,0,1,9,67,31,44,13,0,0,8,46,46,16,1,0,0,0,0,2,124,26,5,0,0,0,4,71,102,40,49,17,0,0,14,67,42,92,124,12,0,0,0,1,27,2,0,0,0,0,0,0,124,7,0,0,0,0,0,9,124,21,0,0,0,0,0,11,108,30,17,0,0,0,0,0
58,44,9,0,0,0,10,88,83,9,0,0,0,0,43,139,53,4,0,0,0,0,5,70,4,1,2,0,0,0,0,8,27,8,0,0,0,0,2,19,139,88,0,0,0,0,5,90,139,44,0,0,0,0,7,53,7,3,0,0,0,0,2,5,27,2,0,0,0,0,0,18,102,10,0,0,0,0,40,139,24,3,0,0,0,0,139,139,5,0,0,0,0,0,72,124,10,2,0,0,0,0,2,19,0,0,0,0,0,0,15,34,0,0,0,0,0,0,78,129,0,0,0,0,0,0,112,139
38,24,3,0,0,0,0,0,40,35,11,0,0,0,0,6,144,87,10,0,0,0,0,46,76,31,8,0,0,0,0,12,24,22,1,0,0,0,0,1,116,144,49,0,0,0,0,7,103,144,84,0,0,0,0,5,43,42,3,0,0,0,0,2,31,1,0,0,0,0,0,10,144,39,2,0,0,0,0,123,143,50,13,0,0,0,0,61,2,8,3,0,0,0,0,0,6,0,0,0,0,0,0,4,144,0,0,0,0,0,0,113,144,1,0,0,0,0,0,117,26,57,17,0,0,0,0,4
54,11,0,0,0,17,69,67,41,0,0,0,0,0,73,124,24,0,0,0,0,0,3,31,0,0,0,0,0,0,0,0,34,27,0,0,0,42,63,37,124,60,0,0,0,1,23,93,95,10,0,0,0,0,20,46,0,0,0,0,4,15,9,4,124,66,1,0,0,8,15,34,65,38,1,0,2,34,97,91,13,0,0,0,0,0,124,124,0,0,0,0,9,45,124,64,57,4,0,0,0,10,76,90,1,0,0,0,1,43,124,32,0,0,0,0,0,1,124,77,0,0,0,0,0,12,124,54
35,116,79,1,0,0,0,1,53,39,67,10,0,0,11,38,129,48,18,0,0,0,11,55,90,43,15,0,0,0,0,3,74,50,37,3,0,0,20,79,72,82,122,18,0,0,10,26,69,129,129,1,0,0,0,1,52,50,6,0,0,0,0,0,114,0,0,0,0,0,8,84,129,24,5,0,0,0,3,75,99,40,24,0,0,0,0,14,0,7,3,0,0,0,0,0,119,1,0,0,0,0,0,23,129,0,0,0,0,0,2,79,89,0,0,0,0,0,46,60,1,0,0,0,0,0,22,17
124,7,0,0,0,0,4,63,124,7,0,0,0,0,9,124,26,1,0,0,0,0,12,55,0,0,0,0,0,0,28,50,124,14,0,0,0,1,8,94,124,63,0,0,0,0,10,116,95,24,0,0,0,0,30,40,0,0,0,0,2,2,14,12,114,68,4,3,12,9,3,12,88,18,2,2,14,16,66,124,31,3,0,0,0,1,124,124,0,0,0,0,1,5,101,81,1,3,0,0,7,4,0,0,22,19,4,1,10,9,12,40,42,17,3,1,3,7,39,94,0,0,0,0,2,82,120,28
28,131,83,0,0,0,0,0,81,131,15,0,0,0,1,8,131,131,12,0,0,0,0,5,54,95,26,0,0,0,0,4,12,41,52,5,4,21,18,9,113,131,65,2,1,5,8,20,111,131,71,0,0,0,0,4,50,22,1,0,0,0,0,9,37,20,14,4,1,12,13,11,131,72,11,1,0,2,5,81,77,30,11,0,0,0,0,94,12,2,0,0,0,0,1,5,8,12,12,3,0,2,3,4,99,31,7,1,0,2,12,71,106,0,0,0,0,0,7,98,25,1,0,0,8,9,5,15
115,3,1,0,0,0,30,73,32,9,6,0,0,0,105,104,2,2,26,7,0,46,130,43,30,7,71,10,0,19,67,130,19,0,0,0,0,0,130,111,12,0,0,0,0,0,130,130,84,4,0,0,0,2,87,130,15,0,0,0,0,1,13,38,0,0,0,0,0,0,15,6,93,23,0,0,0,0,31,30,130,66,0,0,0,0,5,31,24,5,0,0,0,0,0,1,0,0,0,0,0,0,0,0,115,23,0,0,0,0,0,12,130,39,0,0,0,0,25,47,6,1,0,0,0,0,33,14
0,0,0,0,0,0,0,0,110,12,0,0,0,0,0,21,129,56,17,0,0,0,0,36,37,66,36,85,100,0,0,1,0,6,15,0,0,0,0,0,90,28,31,0,0,0,0,21,129,31,4,0,0,0,0,67,129,29,7,22,22,0,1,87,19,106,129,0,0,0,0,0,12,125,129,0,0,0,0,0,87,129,66,0,0,0,0,6,66,30,0,0,1,0,1,86,123,43,26,0,0,0,0,23,5,20,49,0,0,0,0,1,2,11,14,0,0,0,0,0,125,60,1,0,0,0,0,5
15,3,1,0,0,0,1,22,27,4,25,26,0,0,6,72,17,4,201,234,0,0,0,14,4,10,234,234,0,0,0,0,8,2,0,0,0,0,0,4,87,28,0,0,0,0,1,27,54,17,2,1,0,0,2,19,34,15,40,19,0,0,6,37,5,0,0,0,0,0,0,4,32,3,0,0,0,0,12,69,8,0,0,0,0,0,43,98,2,0,0,0,0,0,28,65,0,0,0,0,0,0,0,0,0,0,0,0,0,0,4,11,2,1,0,0,0,0,21,43,25,6,0,0,0,0,13,53
0,1,1,0,0,0,0,0,12,11,3,0,0,0,0,1,80,28,4,12,7,0,0,8,14,5,2,217,217,0,0,1,6,3,0,0,0,0,0,0,37,71,15,0,0,0,0,2,31,96,26,0,0,0,0,1,8,15,7,217,217,0,0,0,10,0,0,0,0,0,0,3,103,12,0,0,0,0,0,41,59,24,4,0,0,0,0,21,28,38,21,84,47,0,0,3,2,0,0,0,0,0,0,1,58,4,1,0,0,0,0,31,78,2,0,0,0,0,0,38,45,5,0,6,4,0,1,44
127,78,0,0,0,0,0,1,58,26,2,4,61,10,0,0,106,46,1,7,46,5,0,0,38,19,3,12,98,10,0,0,127,80,0,0,1,0,0,3,68,18,0,0,82,29,0,3,127,24,0,1,48,20,3,14,76,22,0,1,109,30,1,1,127,54,0,0,8,2,0,3,54,19,0,0,101,36,1,3,116,25,4,3,41,28,3,16,120,30,0,1,56,36,2,2,119,40,0,0,16,4,0,0,42,50,2,5,65,13,0,0,41,72,9,11,71,22,0,1,127,40,0,3,46,11,0,0
78,48,0,0,0,0,0,0,130,89,0,0,0,0,0,2,105,97,33,3,0,0,0,0,1,21,54,4,0,0,0,0,64,75,5,0,0,0,0,0,130,94,0,0,0,0,1,28,104,43,0,0,0,0,10,36,1,0,1,0,0,0,1,4,20,20,4,0,0,0,9,28,85,8,4,0,0,0,34,130,72,6,0,0,0,0,62,130,32,1,0,0,0,0,2,31,21,7,5,0,0,0,130,130,15,32,66,0,0,0,105,106,121,80,18,0,0,0,49,66,49,9,0,0,0,0,48,21
3,21,69,13,0,0,0,2,0,75,69,2,0,0,0,0,1,127,71,0,0,0,0,0,14,89,68,19,5,0,0,0,47,17,9,2,0,0,0,11,73,148,35,0,0,0,0,7,18,148,103,0,0,0,0,2,0,62,63,36,4,0,0,0,100,17,24,50,0,0,0,71,148,57,12,10,0,0,0,61,104,38,5,0,0,0,0,32,1,2,2,4,0,0,0,0,148,14,31,24,4,7,10,148,54,133,63,8,0,0,0,27,39,50,3,0,0,0,0,3,1,0,0,0,0,0,0,0
146,12,0,0,0,0,0,51,17,7,3,1,0,0,0,1,3,21,22,0,0,0,0,0,0,17,35,0,0,0,0,0,146,49,9,13,20,5,2,63,42,10,6,15,2,0,0,10,47,27,9,0,0,0,0,2,4,10,15,0,0,0,0,0,146,18,3,12,146,72,22,146,113,14,23,9,0,0,0,68,18,30,14,0,0,0,0,1,3,1,0,0,0,0,0,0,146,0,0,36,146,32,11,146,146,5,1,0,0,0,0,146,13,4,2,0,0,0,0,7,0,0,1,0,0,0,0,0
72,103,19,2,0,0,5,46,40,47,33,45,6,10,8,25,79,48,14,61,44,13,2,25,37,57,61,105,49,12,4,10,123,92,11,3,2,0,0,16,58,35,19,54,68,0,0,4,123,27,4,32,50,0,0,12,84,15,8,42,91,0,0,3,123,6,0,0,3,0,0,25,75,4,0,17,100,1,0,6,123,9,0,13,57,3,2,28,86,0,0,19,123,3,1,6,123,9,0,0,1,0,0,27,54,0,0,2,90,3,0,8,86,1,0,0,38,7,5,48,56,0,0,2,79,13,2,10
135,54,0,0,0,0,0,47,135,11,0,28,78,1,0,31,95,19,7,74,108,0,0,1,109,19,1,0,0,0,0,0,135,78,0,0,0,0,0,19,135,17,1,25,28,0,0,53,54,30,11,108,76,1,0,1,93,26,3,2,0,0,0,0,135,30,3,0,0,0,3,49,135,16,0,3,12,11,1,50,37,21,1,21,60,28,1,4,46,30,1,1,0,0,0,0,80,84,23,1,1,0,2,14,135,64,3,5,4,2,0,14,28,15,6,24,14,5,0,1,30,12,1,0,0,0,0,0
23,0,0,33,79,11,10,43,19,0,0,24,72,13,18,68,5,3,2,21,67,30,38,33,1,3,11,24,49,70,14,6,7,5,8,72,119,106,51,36,119,33,10,26,26,26,64,119,27,17,12,86,82,36,8,15,19,14,25,54,15,7,3,16,4,13,31,119,119,34,4,2,117,66,35,38,23,31,34,40,30,5,13,25,67,91,18,21,71,13,8,23,23,6,2,34,0,1,5,9,95,119,19,0,19,26,17,5,29,66,57,36,41,57,41,34,5,2,8,34,42,49,38,30,4,0,0,8
0,0,0,0,24,27,0,0,0,0,0,0,89,116,0,0,2,4,15,17,87,94,2,0,5,3,14,18,22,12,4,0,0,0,0,0,55,79,0,0,14,0,0,0,117,136,7,3,91,35,20,33,34,51,10,8,10,5,16,90,63,7,0,1,0,0,0,0,100,135,0,0,55,0,0,0,129,136,3,15,136,45,19,26,5,13,2,33,18,11,30,136,27,0,0,2,0,0,0,0,37,40,0,0,43,4,0,0,48,56,1,10,136,44,0,0,1,2,0,31,33,24,10,70,9,0,0,1
0,0,0,65,79,0,0,0,60,2,3,65,28,0,0,10,139,0,0,0,0,0,0,29,73,0,0,0,0,0,0,11,0,0,0,126,78,9,36,12,56,6,6,139,92,4,4,4,139,7,1,14,3,0,0,23,126,0,0,0,0,0,0,11,3,1,0,7,10,9,139,94,16,8,2,85,86,22,58,35,139,23,3,26,12,2,1,10,125,0,0,0,0,0,0,12,21,9,8,31,14,0,21,34,21,1,0,2,6,14,43,47,139,4,0,1,3,6,11,35,96,0,0,0,0,0,0,18
38,3,0,1,29,55,38,69,67,24,2,1,24,36,14,17,81,97,5,0,0,0,0,1,117,25,0,0,0,0,0,0,31,14,15,12,56,33,19,16,124,31,0,0,6,12,8,15,124,31,0,0,0,0,2,16,124,42,0,0,0,0,0,3,19,9,35,104,93,0,0,0,124,63,42,8,5,0,0,39,94,124,9,0,0,0,3,30,69,115,4,1,6,4,0,1,15,17,92,72,5,0,0,8,21,124,124,7,0,0,0,3,23,124,36,0,5,2,0,2,6,35,3,0,24,26,1,2
29,164,136,42,9,0,0,0,35,164,4,0,0,0,0,0,29,42,8,0,0,0,0,2,21,2,1,0,12,20,5,11,85,164,15,2,0,0,0,0,21,61,22,12,0,0,0,1,43,8,5,4,0,0,0,6,2,1,3,8,14,13,5,2,106,78,7,2,0,0,3,9,5,8,12,33,7,22,14,1,18,1,1,6,3,53,72,10,1,0,0,1,6,105,100,2,34,2,0,0,1,13,100,53,0,0,0,1,2,99,152,4,0,0,0,1,2,129,114,0,0,0,0,0,1,68,84,0
0,0,0,0,65,100,1,0,17,9,14,15,69,83,4,2,12,5,18,37,49,9,0,1,84,20,1,3,22,44,4,13,8,0,0,0,112,137,3,3,137,38,16,23,28,56,8,17,28,17,38,137,48,3,0,2,18,5,2,72,51,80,22,18,16,0,0,0,101,119,1,7,137,30,4,3,11,18,2,58,79,30,25,137,19,0,0,8,0,20,45,137,56,7,0,0,4,0,0,0,7,6,0,0,97,31,0,0,1,1,0,4,34,26,2,17,7,1,0,0,0,3,25,93,20,3,0,0
54,35,17,12,26,13,6,24,104,52,3,25,87,17,8,35,25,9,3,11,57,12,10,13,83,54,3,0,0,2,11,8,34,9,10,8,72,15,8,56,59,9,3,1,33,88,66,111,118,38,1,0,19,47,20,23,108,77,2,0,0,0,0,2,6,60,111,27,32,7,0,1,39,21,33,44,112,19,7,6,118,22,0,1,10,5,3,27,116,36,0,0,0,0,3,22,23,29,21,27,10,0,0,9,14,13,73,118,60,0,0,1,76,117,106,14,2,0,0,21,40,118,16,0,1,0,1,10
29,45,19,0,0,1,4,6,157,50,2,0,0,0,2,18,49,11,12,31,14,21,13,9,0,0,2,157,117,9,1,0,90,16,4,0,0,4,29,96,157,28,2,0,0,0,3,24,61,14,28,22,3,13,9,8,0,0,16,89,44,5,0,0,157,53,1,0,0,0,1,32,157,12,0,0,0,0,1,35,67,7,6,5,4,8,18,28,7,5,33,34,11,3,2,14,108,40,4,0,0,0,0,9,157,37,1,2,1,0,0,4,48,13,3,33,25,15,12,21,7,2,9,9,7,35,96,80
0,0,2,8,33,114,21,4,19,114,19,13,15,94,2,0,37,114,35,27,31,6,1,17,46,6,2,5,11,2,9,114,13,4,5,10,68,48,12,14,114,114,23,11,12,10,8,34,38,93,5,16,114,62,3,5,47,13,0,1,24,7,11,25,22,10,28,12,56,63,3,10,114,20,7,1,6,35,62,92,48,18,0,0,44,113,76,31,25,57,29,1,4,4,4,7,2,14,108,45,31,7,0,0,21,22,18,14,57,49,22,6,106,106,0,0,1,13,24,8,39,94,12,0,0,0,0,0
0,0,0,1,31,108,9,0,9,21,0,2,11,53,32,10,37,122,4,1,5,28,4,0,5,74,17,22,31,35,0,0,4,0,0,0,6,122,61,5,122,59,0,0,0,42,43,39,88,107,0,0,1,28,45,20,3,17,1,0,22,78,11,1,19,0,0,0,9,122,45,32,122,4,0,0,0,19,92,122,60,3,0,0,0,9,122,122,27,23,2,0,0,11,10,34,18,7,2,2,48,64,10,17,57,17,2,0,0,4,47,87,122,61,2,0,0,3,47,75,48,4,0,0,0,0,20,47
11,12,26,9,12,67,21,6,67,32,8,2,2,17,10,11,71,21,31,119,70,1,0,3,24,35,120,120,53,2,0,0,2,21,82,69,16,22,7,1,47,45,29,9,14,10,4,16,120,22,27,21,0,1,1,47,70,53,120,37,0,0,0,9,0,16,44,59,58,12,1,0,26,31,37,93,18,3,0,1,120,85,4,4,0,0,0,17,120,38,0,0,0,0,0,16,0,36,112,59,14,0,0,0,8,33,57,120,33,0,0,0,43,120,9,10,1,0,0,0,74,96,0,0,0,0,0,0
0,0,0,1,34,83,119,26,27,0,0,0,25,26,119,119,8,1,0,7,99,30,10,20,6,8,6,2,9,21,33,9,11,14,1,2,101,119,15,8,119,55,0,0,10,24,34,114,49,3,1,2,55,46,31,32,6,34,22,4,13,13,25,13,10,49,85,34,61,63,2,1,62,53,9,7,27,25,107,79,27,42,4,0,3,20,119,71,14,21,3,0,0,2,36,28,24,45,33,33,109,73,7,2,38,76,11,22,76,20,12,9,36,110,14,0,0,11,35,15,9,27,6,0,0,1,29,19
0,0,46,74,48,34,49,13,0,1,22,31,26,11,116,66,98,26,15,2,0,9,116,82,116,12,0,0,0,3,28,92,11,2,25,29,28,87,116,24,104,48,107,33,12,9,23,32,71,116,116,7,0,0,20,16,92,63,4,0,0,24,66,21,16,10,112,75,3,5,5,16,116,40,44,41,0,0,3,44,39,26,16,3,2,10,61,41,6,3,2,4,3,21,71,24,61,9,16,27,0,1,3,29,27,13,27,40,0,0,0,4,52,14,12,22,3,2,4,13,25,10,8,45,8,4,6,22
0,7,86,27,4,0,0,0,0,1,44,112,12,5,3,2,5,9,112,82,0,0,2,4,3,3,53,54,3,12,17,3,1,1,16,20,52,37,17,13,5,3,8,16,80,94,57,27,81,16,56,28,2,3,32,95,14,3,87,99,16,2,0,4,0,0,0,0,25,54,112,65,17,22,7,20,75,60,65,23,112,70,3,3,4,3,24,74,24,4,1,4,43,25,27,11,0,0,1,2,0,11,112,96,3,0,0,0,0,12,112,92,14,2,0,0,0,1,112,112,1,0,0,0,2,15,112,55
69,2,0,2,27,6,2,46,148,4,0,0,0,1,6,148,12,12,2,1,0,8,13,16,3,7,5,1,0,0,1,1,24,0,1,45,43,3,2,29,148,11,0,8,5,1,1,130,90,44,4,0,2,5,1,11,0,5,3,1,9,14,3,0,21,13,17,66,11,0,0,3,148,53,12,30,3,0,0,6,127,7,0,0,6,36,7,2,0,0,0,0,5,92,44,0,37,32,16,9,0,0,0,7,142,50,19,7,0,16,26,15,44,2,0,0,2,148,111,13,0,0,0,0,20,148,85,0
14,0,0,6,18,61,49,50,19,3,0,1,10,78,52,16,42,16,0,0,0,4,12,11,41,4,0,0,0,7,20,33,32,2,1,6,16,98,112,30,118,43,0,0,0,37,49,34,51,28,0,0,4,77,40,8,69,19,0,0,0,43,65,20,29,14,30,118,51,11,4,5,118,20,9,12,7,9,5,60,30,10,29,29,56,94,22,21,118,76,21,4,3,16,19,17,12,5,10,75,118,47,10,8,89,28,7,9,11,15,25,40,79,102,113,23,7,0,0,12,38,118,118,11,0,0,0,1
14,13,26,73,85,3,0,0,19,54,102,51,16,1,0,0,14,82,116,2,0,0,0,1,2,10,116,47,11,1,1,1,21,3,0,10,116,34,2,2,94,32,4,4,23,3,1,5,63,27,16,0,0,0,5,46,12,8,26,14,51,40,6,19,9,2,0,0,24,93,75,35,36,12,0,0,4,6,52,54,25,0,0,0,0,2,55,96,17,0,0,0,78,116,9,38,22,0,0,0,0,103,116,108,59,0,0,0,0,13,72,116,10,0,0,0,0,21,96,75,6,0,0,7,74,116,49,28
14,4,7,49,17,5,17,24,63,23,14,9,2,1,4,38,50,73,17,3,0,0,0,13,103,82,13,0,0,0,0,29,32,14,11,69,26,27,44,25,120,120,31,20,6,3,4,23,38,93,120,23,1,0,0,14,92,120,42,0,0,0,0,27,67,25,3,17,56,37,51,36,120,94,5,0,0,1,5,83,120,60,59,1,0,0,0,26,34,58,24,0,0,0,0,2,73,94,6,17,49,10,0,7,109,120,1,0,0,0,0,7,102,57,5,0,0,0,0,21,19,40,22,0,0,0,0,7
23,18,29,21,37,28,1,1,62,78,40,29,27,15,1,1,54,126,126,43,1,0,0,1,0,2,83,126,35,0,0,0,26,2,0,0,21,119,34,15,126,62,0,0,7,26,12,26,126,43,7,13,4,14,35,27,0,0,22,70,9,42,41,0,25,33,15,22,86,57,17,14,126,70,6,0,0,4,15,73,41,2,0,0,0,13,84,75,0,0,0,0,31,68,41,6,26,107,32,15,35,9,3,7,28,105,108,25,0,0,5,10,3,2,66,37,0,0,30,30,0,0,3,11,29,59,23,15
15,10,115,80,5,11,13,11,115,49,50,36,0,0,4,51,46,49,38,1,1,9,64,46,6,11,2,1,2,26,93,20,88,12,41,62,1,1,6,59,62,30,55,80,1,0,0,16,91,23,16,30,6,6,14,27,30,9,12,72,14,6,18,44,101,37,55,91,0,0,0,7,23,23,77,50,0,0,0,1,65,13,36,28,8,14,17,31,52,21,9,55,22,41,53,41,7,45,115,115,3,0,0,0,3,63,115,115,14,0,0,0,0,0,37,108,70,11,5,1,69,46,4,29,55,19,19,24
20,31,79,25,5,4,3,15,5,23,99,65,9,10,30,7,1,12,118,58,8,6,43,3,7,60,71,20,2,7,28,16,72,10,2,3,7,46,10,34,118,35,28,11,13,36,12,15,33,22,45,44,92,56,3,3,118,118,47,12,11,6,1,3,40,32,4,1,55,35,4,7,118,23,4,3,20,55,17,33,57,3,0,1,43,118,41,30,118,28,0,0,2,6,13,54,20,65,8,7,54,7,0,0,27,86,19,33,97,21,1,2,43,62,18,35,88,43,12,18,118,52,10,1,0,0,17,58
23,1,1,10,79,42,18,72,39,1,1,13,70,30,17,108,36,2,3,29,62,19,4,44,15,0,1,29,97,5,0,13,26,21,33,114,73,16,4,17,114,64,21,40,11,3,3,38,40,20,18,114,38,1,0,4,40,17,18,76,20,2,0,4,6,10,23,114,88,0,0,0,114,18,6,51,30,4,12,50,27,6,4,57,60,73,37,26,18,9,6,16,17,60,67,23,1,3,4,73,114,72,31,2,8,3,1,24,81,90,55,20,3,39,13,0,4,94,82,12,4,99,46,2,1,24,26,5
41,19,6,2,1,2,6,20,81,20,8,2,1,1,3,102,133,25,1,3,5,4,2,86,7,10,25,59,49,26,5,6,60,77,39,12,0,0,0,0,71,33,42,57,11,0,3,42,133,47,8,4,3,1,1,83,21,27,54,38,27,6,7,4,96,27,8,9,2,2,44,69,53,16,12,77,35,18,59,31,133,46,5,8,11,28,11,26,27,16,15,5,32,116,124,13,27,4,10,8,4,11,62,68,78,44,15,3,2,10,72,74,133,44,4,8,22,14,6,25,10,22,73,52,58,40,24,9
1,16,62,27,3,12,56,6,0,12,81,35,4,19,59,2,17,98,75,13,2,6,34,31,8,26,77,124,33,0,1,8,65,28,40,16,14,20,6,11,41,24,54,45,79,31,2,3,124,124,66,12,6,3,3,8,19,28,121,97,6,12,8,4,86,11,1,2,20,39,10,30,68,3,0,2,52,124,28,35,124,9,0,0,1,6,24,91,14,0,1,3,9,51,49,18,30,63,9,24,56,10,0,3,39,63,15,42,79,31,8,16,106,65,30,2,0,0,25,58,1,2,20,5,4,8,59,22
0,124,141,2,0,2,9,1,17,141,141,0,0,0,1,4,24,141,81,4,8,0,0,3,0,31,35,44,42,0,0,0,11,50,98,1,9,41,14,8,122,125,33,0,0,4,10,33,25,100,14,11,24,4,7,10,0,1,6,39,45,8,0,0,23,18,3,3,51,35,4,5,114,27,6,3,0,2,30,106,9,4,1,2,9,12,125,104,0,0,0,2,26,46,55,11,37,39,4,0,24,12,0,2,20,32,30,36,2,0,9,14,0,0,4,46,22,10,64,28,13,2,4,5,5,13,77,52
0,1,5,21,3,38,49,2,7,9,40,136,2,5,34,17,2,7,136,136,0,0,0,2,36,77,136,132,0,0,0,3,3,26,46,7,2,32,19,1,63,136,45,3,0,2,12,15,10,54,136,61,1,2,0,2,2,13,136,109,6,13,0,0,13,22,40,28,36,1,0,5,136,35,8,4,10,1,3,75,35,9,23,8,8,33,15,35,0,0,10,9,36,61,2,0,11,0,0,3,47,29,5,17,58,0,0,1,19,17,12,105,24,0,0,0,1,17,45,66,0,0,2,4,17,20,28,0
41,13,9,27,92,121,5,14,121,15,0,0,0,2,1,45,121,4,0,0,2,1,1,42,11,6,9,50,44,1,0,4,18,29,34,121,60,21,19,20,120,41,6,4,1,0,0,16,121,29,0,0,0,0,0,39,57,54,23,44,8,0,0,5,55,24,1,9,18,26,70,108,91,8,0,1,1,1,2,38,121,72,0,0,0,0,0,59,84,101,27,6,0,0,0,26,54,92,5,1,0,0,0,8,34,15,12,9,4,3,4,33,121,31,1,0,0,0,0,103,121,17,1,0,2,7,4,58
28,1,0,0,0,14,23,32,140,15,0,0,0,5,34,112,94,9,13,7,4,7,0,36,4,3,35,13,4,27,12,5,48,2,0,0,6,82,43,20,140,60,0,0,0,7,13,36,98,48,1,5,24,11,16,21,17,22,11,12,32,29,8,6,69,52,61,18,26,32,11,13,140,73,24,4,0,1,31,64,41,5,6,7,4,3,110,137,8,8,8,6,6,32,28,43,86,126,82,4,0,0,0,4,26,127,119,36,0,0,4,3,24,21,77,51,0,1,10,31,21,12,5,1,35,39,6,18
0,34,152,6,0,0,1,2,0,60,152,12,0,1,5,0,8,152,152,0,0,0,3,2,17,152,121,1,1,0,0,4,1,19,136,6,7,13,0,0,8,24,102,3,15,61,16,5,102,90,41,0,0,7,13,25,18,97,20,4,12,2,3,8,1,6,8,6,50,27,0,0,17,28,4,2,57,44,2,1,99,34,8,4,1,2,16,77,10,5,1,1,5,7,65,90,0,4,5,3,55,56,1,0,40,54,8,1,16,15,1,4,13,24,21,41,4,0,7,15,0,0,1,26,18,7,45,30
77,6,3,10,0,0,0,26,156,5,0,0,0,0,0,71,91,4,0,5,59,9,0,27,3,11,16,33,102,38,5,3,53,1,4,109,47,0,0,29,156,45,0,1,1,0,0,54,136,28,0,8,56,2,1,16,0,5,29,48,62,0,0,0,30,17,22,156,85,0,0,5,156,60,21,21,3,0,0,51,112,4,0,6,22,2,4,65,1,5,18,21,22,1,0,0,15,6,16,74,15,0,0,25,95,26,18,27,6,0,0,34,111,0,0,1,4,1,0,74,4,1,0,3,12,6,5,6
12,1,1,3,18,32,86,51,9,3,0,2,106,117,12,1,38,115,40,5,34,41,4,1,44,122,48,0,0,0,0,0,43,16,17,62,43,5,8,19,54,7,1,30,122,22,3,5,122,68,9,3,19,4,2,15,53,56,18,0,0,2,7,21,5,2,5,41,122,16,8,18,21,9,10,29,119,35,14,14,122,16,7,8,9,9,47,69,60,0,0,0,0,21,82,91,5,0,3,23,78,25,17,9,11,1,2,22,106,78,31,23,39,4,0,2,14,22,53,63,117,0,0,0,8,14,40,43
1,1,7,54,72,51,5,2,0,4,20,46,132,17,0,0,22,132,80,41,41,4,0,0,62,132,5,0,2,0,0,0,2,0,0,0,21,132,31,8,67,61,47,12,23,34,12,28,17,132,103,6,1,0,0,0,3,64,9,2,10,0,0,0,25,5,0,1,17,132,56,14,132,54,1,0,1,24,16,60,88,33,7,0,5,0,0,3,0,1,3,3,13,1,0,0,56,84,25,96,36,37,27,3,132,132,2,0,0,1,3,2,29,24,0,0,4,1,0,0,0,4,5,2,3,0,0,0
5,8,0,1,120,88,0,0,42,50,3,3,38,20,9,34,115,17,0,19,35,6,7,107,19,4,12,83,74,5,6,34,27,25,6,6,120,52,0,0,65,27,3,12,114,59,3,15,120,11,1,4,22,15,3,66,26,3,4,46,109,6,2,9,5,14,86,56,59,6,0,0,22,42,54,91,59,12,2,3,120,107,26,10,5,1,2,18,43,30,41,45,35,3,3,11,0,3,38,39,87,18,0,0,53,21,9,16,68,31,11,14,80,44,10,17,6,2,4,11,120,48,19,17,5,1,1,8
0,1,13,4,2,0,0,0,99,7,5,5,2,0,0,2,144,21,0,0,0,0,0,6,43,14,1,0,0,0,0,2,0,0,0,1,7,5,0,0,108,3,0,1,5,1,0,9,144,7,0,0,0,0,0,32,47,2,0,0,0,6,11,11,0,1,1,0,0,6,1,0,91,15,0,1,1,6,6,14,144,30,0,0,0,46,67,38,19,0,0,0,0,144,144,11,0,1,0,0,0,73,20,0,64,0,0,0,1,78,75,78,67,2,1,9,55,144,106,62,18,23,2,3,9,130,144,6
46,3,1,6,0,0,0,139,3,4,6,22,2,0,0,2,21,21,2,1,0,0,0,0,7,7,1,5,7,0,0,0,193,0,0,0,0,0,0,193,38,2,0,8,7,0,0,13,36,3,0,1,0,0,0,0,17,1,0,5,5,0,0,0,193,29,8,0,0,0,0,164,94,4,0,7,8,0,0,9,32,1,0,1,2,0,0,0,23,1,0,2,1,0,0,1,193,130,149,31,0,0,0,15,73,8,7,3,5,3,1,10,14,0,0,0,1,1,0,7,10,0,0,0,0,1,2,13
47,0,0,0,12,8,3,34,85,0,0,1,29,71,28,95,1,17,6,13,115,115,49,3,6,44,39,14,4,19,95,41,13,4,7,47,19,7,2,17,115,28,9,34,22,13,12,62,17,110,74,115,78,14,1,2,19,115,109,78,19,0,0,1,5,2,5,38,10,1,2,19,115,13,5,21,6,3,3,32,44,27,29,30,2,45,29,39,36,32,7,14,48,15,40,90,0,0,0,2,3,6,27,115,28,0,0,2,6,22,24,61,11,22,8,9,9,91,54,33,9,9,6,30,31,29,115,74
46,14,46,44,34,55,15,38,138,22,20,5,1,1,3,71,52,82,55,4,0,0,0,3,18,103,24,1,0,0,0,0,21,7,61,60,110,14,4,9,138,19,6,4,23,7,6,65,138,43,0,0,0,0,0,8,80,26,2,4,0,0,0,6,10,15,12,35,138,6,0,1,138,72,10,10,24,1,0,9,138,12,0,0,0,0,0,15,103,6,1,0,0,0,0,19,0,16,34,36,73,2,0,0,101,101,24,5,1,0,0,0,105,22,0,0,0,0,0,4,85,10,0,0,0,0,0,13
0,118,118,8,0,0,0,0,8,118,107,1,0,0,0,5,17,61,55,0,0,0,5,11,0,17,24,0,0,2,18,2,29,26,75,41,43,9,7,9,64,39,74,7,10,4,7,22,16,18,106,57,0,1,8,7,0,0,28,64,5,12,38,1,44,28,5,26,55,31,112,54,118,70,27,7,17,6,7,23,50,16,54,39,5,21,11,9,0,1,37,97,14,33,38,5,49,118,47,14,0,3,36,28,41,118,117,7,0,0,6,21,8,13,39,69,95,38,13,3,2,0,0,19,76,63,93,39
46,9,5,11,6,0,0,51,12,15,6,57,43,0,0,1,82,94,2,4,1,0,0,0,45,28,0,0,0,0,0,10,132,0,0,1,5,0,0,132,43,6,1,21,68,0,0,14,132,23,0,3,5,2,1,15,26,4,0,1,1,9,9,23,132,0,0,0,0,0,3,132,50,3,0,7,30,8,22,72,115,16,1,3,4,1,5,28,22,4,4,13,4,7,9,13,19,0,0,0,2,2,51,132,6,0,0,0,0,1,132,132,18,0,0,0,0,0,132,132,2,0,0,0,1,26,132,33
4,77,65,9,6,2,0,0,32,66,73,103,90,73,52,32,125,125,51,14,13,13,41,98,13,19,111,46,48,11,1,3,11,47,36,14,0,0,0,0,37,56,75,90,7,0,0,0,125,125,53,5,0,0,0,13,25,37,109,33,36,0,0,2,28,35,7,10,1,0,0,0,34,11,7,47,11,0,0,2,125,8,0,2,0,0,0,79,87,8,8,15,60,1,0,37,24,20,1,3,2,0,0,0,6,2,1,20,26,2,0,2,122,0,0,2,3,0,0,65,90,1,1,5,14,2,1,66
0,0,0,1,27,14,8,0,27,0,0,0,2,13,4,11,108,1,0,5,25,6,0,30,5,0,15,81,141,9,0,2,0,0,1,16,44,1,1,0,30,1,1,5,12,2,1,6,115,3,0,2,10,20,9,41,4,0,10,28,47,105,38,6,0,0,6,38,44,0,0,0,18,25,14,11,14,0,0,0,58,77,19,31,21,8,2,8,0,4,22,96,138,68,18,0,0,6,122,85,8,0,0,0,4,94,147,9,0,0,0,0,22,147,147,19,7,0,0,0,0,62,147,100,38,0,0,0
1,0,0,16,154,53,35,3,42,3,1,0,6,15,42,54,9,3,5,0,17,43,58,17,0,2,6,0,1,11,125,22,10,0,0,79,154,5,2,1,154,14,0,5,37,4,3,9,22,4,0,1,146,42,9,1,0,0,0,2,20,25,49,2,5,2,0,103,154,0,0,0,104,10,1,20,43,10,5,20,11,0,3,11,123,31,5,7,0,0,11,29,17,2,0,0,0,0,0,154,154,0,0,0,10,3,4,49,49,3,2,6,0,0,7,18,20,9,2,2,0,0,12,33,1,0,0,0
1,0,0,0,0,0,16,24,18,8,2,3,1,0,6,16,56,2,2,7,10,4,5,87,142,0,0,0,0,0,0,142,16,0,0,0,0,0,18,30,123,20,5,11,12,0,3,15,44,7,4,30,101,6,1,29,142,0,0,0,5,1,0,142,22,23,27,0,0,0,0,5,142,25,7,2,18,2,0,6,33,3,3,22,142,4,0,7,142,9,4,4,12,0,0,118,1,20,138,9,0,1,2,0,24,54,65,11,5,2,4,0,6,15,35,59,33,3,1,1,125,56,40,6,1,0,0,22
0,1,62,13,0,24,140,2,80,24,28,2,0,7,140,83,50,5,0,0,7,53,140,57,1,0,0,0,2,30,140,21,3,4,124,30,0,0,89,34,54,80,100,18,4,0,21,32,25,28,11,11,64,29,6,9,15,1,0,0,9,9,4,8,37,4,0,0,0,3,104,65,140,48,3,4,16,2,22,66,19,11,3,10,111,12,0,1,10,9,6,1,7,0,0,1,92,14,1,0,0,2,4,16,140,62,2,3,26,11,1,3,6,6,2,7,80,24,2,0,15,9,3,1,1,1,3,5
0,0,2,10,143,38,0,0,12,23,14,10,8,4,2,5,117,71,2,1,23,4,0,10,17,12,1,4,143,60,0,2,0,0,0,3,103,58,10,1,39,4,3,3,2,17,11,9,143,24,0,0,50,35,6,27,10,3,1,12,143,111,3,3,0,0,0,5,82,17,5,1,65,5,0,1,7,10,6,4,143,21,0,9,65,22,6,15,2,0,47,123,143,35,7,3,0,0,3,19,50,2,0,0,41,31,6,4,13,1,0,2,59,23,7,16,43,65,25,17,0,0,19,19,38,82,121,18
0,0,0,0,0,0,2,0,11,5,0,0,1,50,17,2,83,41,0,0,0,22,4,0,64,54,0,0,0,0,0,3,6,0,0,0,0,1,27,10,103,17,0,0,0,6,31,25,129,49,0,0,0,0,0,2,129,129,0,0,0,8,0,0,52,0,0,0,0,3,33,32,129,2,0,0,0,0,3,55,129,68,0,0,0,0,0,28,129,129,0,0,11,93,4,0,81,0,0,0,0,1,13,45,129,10,0,0,0,0,0,46,129,129,0,0,0,21,3,14,65,49,0,0,17,129,13,0
0,0,0,0,20,42,98,7,117,1,0,0,0,3,107,82,180,46,2,11,19,1,8,61,19,13,2,41,114,2,0,1,0,0,3,5,21,71,13,7,180,12,2,0,0,5,12,80,180,27,1,5,30,14,1,66,30,4,1,21,156,47,1,6,0,3,22,30,8,8,0,0,100,42,13,1,0,0,0,8,180,34,0,6,10,2,0,9,12,3,0,27,50,7,0,1,0,0,0,0,0,0,0,0,0,0,0,0,0,0,0,0,0,0,0,0,0,0,0,0,0,0,0,0,0,0,0,0
28,6,0,0,0,0,1,15,145,21,0,0,0,0,0,24,145,92,0,0,0,0,0,10,48,145,14,0,0,0,0,4,8,21,5,0,0,0,0,0,145,91,14,0,0,0,0,6,145,65,0,0,0,0,0,36,128,79,7,0,0,0,0,21,0,2,3,0,0,0,0,0,34,61,37,0,0,0,2,3,145,28,2,0,0,0,1,47,145,33,1,0,0,0,0,32,0,0,0,0,0,0,0,0,7,4,3,0,0,4,30,14,145,12,0,0,0,0,13,55,145,54,1,0,0,0,0,8
100,2,0,0,39,8,0,9,126,3,0,9,141,10,1,7,160,1,0,1,26,2,0,18,54,0,0,0,0,10,9,10,87,8,24,14,40,11,2,21,119,12,19,9,105,73,10,30,160,21,5,1,18,10,6,62,48,0,0,0,0,5,55,31,8,14,160,45,4,1,0,3,19,42,160,34,15,12,1,5,146,106,59,3,2,1,11,26,15,1,0,0,0,11,88,17,0,0,5,1,0,0,0,0,0,1,9,0,0,0,0,0,0,3,3,0,0,0,0,0,0,0,0,0,0,0,2,0
14,1,0,0,0,0,0,2,146,21,0,0,0,0,0,19,146,10,1,0,0,0,0,21,28,11,2,2,1,0,0,0,28,1,0,0,0,0,0,15,146,16,0,0,0,0,0,118,146,15,0,0,0,0,1,106,61,10,0,0,1,1,2,14,62,12,0,0,0,0,0,1,146,146,1,0,0,0,0,10,121,146,7,0,0,0,0,14,81,24,0,0,0,0,0,3,108,15,0,0,0,0,0,2,146,84,0,0,0,0,0,2,81,45,6,2,0,0,0,1,55,16,1,0,0,0,0,0
37,0,0,0,0,0,0,98,100,5,0,0,0,0,0,149,75,7,0,0,0,0,3,92,57,0,0,0,0,0,0,17,91,0,0,0,0,0,0,35,149,67,0,0,0,0,0,44,122,90,0,0,0,0,0,10,64,5,0,0,0,0,0,12,81,0,0,0,0,0,0,31,149,8,0,0,0,0,0,96,140,19,2,1,0,0,0,51,40,3,2,2,1,0,0,9,55,0,0,0,0,0,0,20,149,0,0,0,0,0,0,113,95,0,0,0,0,0,2,146,21,0,0,0,1,1,8,37
12,0,0,0,0,60,129,36,66,10,0,0,0,60,129,58,46,41,2,0,0,20,44,13,6,16,17,0,0,15,15,6,104,70,7,0,0,35,77,45,129,66,0,0,0,0,6,53,85,100,10,0,0,0,0,7,16,65,73,2,0,0,0,4,37,98,20,0,0,0,0,2,129,44,0,0,0,0,0,85,110,16,0,0,0,0,0,106,63,17,9,0,0,0,0,67,4,3,0,0,0,0,3,7,118,1,0,0,0,0,4,81,129,10,0,0,0,0,0,77,82,74,0,0,0,0,0,22
0,0,0,23,128,1,0,0,35,0,0,18,72,1,0,7,128,0,0,0,0,0,0,27,128,0,0,0,0,0,0,26,0,0,0,23,128,15,2,0,28,1,0,37,85,11,5,3,128,17,0,1,2,0,0,15,128,6,0,0,0,0,19,58,1,0,0,4,128,56,11,8,29,0,0,2,62,32,30,47,126,22,0,0,2,2,19,52,26,7,0,0,0,16,97,44,1,0,0,6,128,35,8,4,11,0,0,1,65,28,96,93,21,0,0,0,0,3,92,114,0,0,0,0,0,21,121,17
0,3,4,0,0,0,0,0,16,134,98,0,0,0,0,0,78,134,25,0,0,0,0,0,134,134,8,0,0,0,0,0,0,0,0,0,0,0,0,0,28,21,25,0,2,12,24,18,134,134,20,0,0,3,10,48,74,134,17,0,0,0,0,24,0,0,0,0,0,0,0,0,23,34,16,0,0,0,4,5,134,69,11,0,0,0,2,72,113,2,0,0,0,0,0,110,0,0,0,0,0,0,0,0,1,3,2,0,0,0,14,5,35,6,1,0,0,1,87,134,54,0,0,0,0,0,42,134
172,10,0,0,0,0,0,7,172,0,0,0,0,0,0,29,172,0,0,0,0,0,0,43,55,0,0,0,0,0,0,9,172,15,0,0,0,0,0,2,172,7,0,0,0,0,0,16,172,2,0,0,0,0,0,40,92,6,1,0,0,0,0,8,122,20,0,0,0,0,0,0,142,18,0,0,0,0,0,0,172,7,0,0,0,0,0,3,41,7,1,0,0,0,0,0,0,0,0,0,0,0,0,0,0,0,0,0,0,0,0,0,0,0,0,0,0,0,0,0,0,0,0,0,0,0,0,0
67,0,0,0,0,0,2,139,72,0,0,0,0,0,1,139,16,0,0,0,1,0,2,27,2,1,0,0,0,0,0,8,41,1,0,2,2,4,21,139,139,12,0,3,2,0,9,139,62,5,1,29,32,4,8,30,2,0,0,3,2,0,5,58,68,106,96,32,1,0,5,78,139,136,5,1,0,0,10,72,45,3,1,46,20,2,19,72,8,2,14,38,4,0,2,38,18,54,55,6,0,0,20,42,37,39,3,0,0,0,63,100,18,0,0,2,0,0,30,139,6,0,11,12,0,0,3,59
4,0,0,17,22,13,140,106,37,14,4,87,78,21,44,18,141,21,2,10,3,0,0,6,86,1,0,0,0,0,0,6,39,31,14,30,10,0,40,67,43,5,0,7,9,6,63,81,141,8,0,1,1,0,6,47,112,0,0,0,0,0,0,18,53,16,6,33,59,30,21,39,97,42,0,5,21,13,11,24,141,42,0,0,0,0,0,26,122,1,0,0,0,0,0,20,16,5,6,6,13,45,45,55,141,8,0,0,4,17,11,53,141,16,0,0,0,0,0,39,104,20,0,0,0,0,0,7
0,0,0,6,150,3,0,0,17,21,6,1,113,6,0,0,3,17,34,7,0,0,0,0,0,3,29,7,0,0,0,0,0,0,0,15,150,1,0,0,89,34,5,5,146,3,0,3,21,21,31,39,1,0,0,0,0,7,42,9,0,0,0,0,0,0,0,11,150,2,0,0,133,4,0,2,150,7,1,29,50,7,13,19,3,2,0,9,0,5,23,5,0,33,16,0,0,0,0,2,150,10,0,0,116,1,0,0,147,16,1,41,59,5,3,1,7,76,6,16,0,1,14,8,13,150,34,0
0,0,0,0,114,63,0,0,52,13,0,0,87,54,0,0,36,14,4,9,4,0,0,0,0,0,15,9,1,0,0,0,2,0,0,0,114,111,0,1,114,19,0,0,59,55,2,9,32,14,3,3,2,48,26,2,0,0,4,2,2,56,85,0,12,0,0,0,114,114,2,4,114,9,3,0,24,38,13,33,10,21,70,10,7,80,33,7,0,2,80,74,10,51,43,0,28,8,0,0,114,86,0,1,114,114,8,0,5,7,1,7,11,114,114,16,3,0,0,0,0,5,92,114,21,0,0,0
5,6,1,7,49,0,0,0,8,31,6,37,122,5,0,0,42,122,14,4,6,0,0,0,2,115,74,0,0,0,0,0,6,6,1,18,28,0,0,1,29,26,9,106,93,0,0,0,122,122,8,8,1,0,0,15,52,88,75,3,0,0,0,7,2,1,2,8,4,1,61,31,11,3,3,61,45,14,51,8,122,6,2,12,6,4,19,122,61,10,5,1,2,3,39,122,0,0,68,78,0,1,37,9,0,0,42,64,4,15,91,4,2,0,16,24,3,8,103,63,0,0,2,3,0,1,117,122
14,9,3,11,11,16,19,23,41,17,10,3,1,11,33,87,2,6,25,25,11,75,44,8,10,36,14,2,1,11,42,36,15,17,44,99,22,12,8,9,116,97,40,34,6,4,9,35,21,44,116,116,19,13,5,2,27,116,64,13,1,1,2,7,5,5,30,108,93,26,0,0,116,21,6,37,36,7,0,68,76,10,11,69,78,9,3,37,48,13,3,12,17,3,10,27,0,0,0,31,116,40,0,0,63,0,0,6,39,26,19,110,34,0,0,1,22,84,87,106,3,0,0,0,8,46,111,49
132,5,0,0,64,11,0,17,128,10,3,0,0,3,37,84,19,12,6,2,13,17,83,38,3,2,2,9,90,38,3,3,132,6,0,0,65,14,0,10,132,71,30,1,0,1,4,21,26,87,77,8,28,7,9,10,4,9,8,17,132,14,1,4,132,1,0,0,54,9,0,8,132,12,2,0,0,0,4,50,25,10,9,2,34,15,25,45,0,0,0,21,132,17,2,4,132,11,0,0,30,5,0,1,132,24,9,0,0,0,9,33,31,28,11,6,12,2,10,46,1,1,0,45,82,5,0,0
3,0,0,6,64,114,90,20,30,0,0,5,24,26,87,114,7,3,0,6,20,40,50,17,28,5,0,1,1,6,23,12,8,10,12,20,114,24,2,5,49,18,25,34,33,24,68,67,101,15,0,5,4,36,87,36,50,12,0,0,0,17,43,21,28,32,21,18,68,37,0,4,37,42,48,114,96,33,5,8,114,31,14,32,29,20,7,18,62,69,64,11,8,24,21,10,20,3,22,62,15,7,4,13,29,16,5,26,89,107,14,18,114,114,11,2,18,20,3,7,36,114,110,11,0,0,0,0
1,2,9,12,23,113,54,16,6,6,8,2,9,77,113,83,1,34,19,4,13,113,90,2,69,56,28,4,3,29,36,66,0,2,32,38,23,51,3,0,15,9,26,16,49,113,8,9,112,110,33,7,20,47,17,26,30,62,33,12,42,38,9,15,1,5,36,37,17,27,1,0,9,8,86,107,59,47,1,1,83,40,15,20,28,29,58,56,30,92,20,0,5,25,31,18,21,23,16,8,2,8,6,1,13,19,36,93,108,8,0,0,44,113,50,41,49,13,2,1,45,113,16,0,0,0,0,0
51,11,6,5,2,12,14,21,43,17,39,24,18,30,9,12,83,93,49,28,18,18,2,3,35,75,106,84,6,3,2,2,31,50,13,8,29,10,4,7,46,21,8,12,56,92,31,25,118,33,1,1,6,31,21,71,62,9,4,11,4,36,49,40,26,52,12,7,25,20,27,28,28,83,30,35,112,36,19,14,101,118,93,11,4,2,7,37,10,2,37,24,11,21,44,34,9,3,5,7,12,41,57,37,40,33,21,6,10,35,74,118,33,40,58,9,0,0,118,118,0,0,29,43,42,36,110,18
57,13,12,1,0,0,0,37,132,10,1,3,2,1,0,49,15,5,19,77,31,6,0,3,0,0,7,49,132,1,0,0,38,21,28,39,5,2,3,12,132,31,4,6,1,3,3,33,39,21,30,34,32,43,40,4,0,0,2,48,132,36,10,0,36,7,2,10,5,7,76,51,132,16,2,5,10,19,14,39,22,6,28,23,41,115,85,10,0,3,17,41,132,58,31,1,63,58,6,0,0,0,13,23,132,70,6,4,3,0,0,15,23,31,118,42,17,3,0,3,0,3,48,93,127,11,0,0
10,2,1,10,13,38,21,10,45,2,0,0,0,13,22,47,133,15,2,5,0,1,11,120,33,4,37,43,4,8,2,13,47,2,4,9,7,69,54,53,76,8,6,3,11,58,35,46,133,34,3,0,1,10,25,78,50,11,3,5,15,15,22,40,46,18,33,84,55,13,7,32,133,112,48,8,14,14,4,38,116,133,104,14,0,1,10,37,21,12,32,12,12,20,23,58,37,11,21,30,110,28,9,19,133,88,8,3,14,3,1,7,99,50,29,11,5,3,1,6,1,3,17,22,49,23,0,0
5,5,3,1,43,29,0,2,22,1,0,0,62,60,4,10,21,2,0,1,4,48,45,13,0,0,3,2,1,11,61,36,10,9,0,0,66,126,6,2,98,8,0,2,45,107,28,42,23,2,5,43,126,100,46,10,1,2,15,14,10,22,126,79,15,2,0,0,88,126,2,4,126,19,0,6,19,33,3,40,32,4,15,126,67,2,0,5,0,10,78,108,10,0,4,3,9,0,0,0,25,126,23,12,126,29,5,1,2,13,16,76,41,20,47,47,5,0,0,5,0,0,76,58,1,0,0,0
0,0,0,0,48,149,3,0,34,0,0,0,34,62,7,23,131,3,0,2,1,0,1,59,8,1,7,44,7,0,0,2,0,0,0,0,37,149,3,0,47,1,0,0,31,90,41,39,149,60,11,1,0,2,9,68,22,27,67,31,0,0,0,0,0,0,0,0,47,50,41,13,96,6,0,0,101,32,6,20,149,53,4,0,1,1,2,99,38,16,32,17,1,3,7,23,22,0,0,1,10,10,26,44,26,0,0,19,66,11,4,33,149,3,0,4,5,1,2,149,88,21,2,0,0,1,4,40
6,0,0,28,107,13,38,128,41,0,0,0,7,8,14,147,2,0,0,3,33,31,3,10,0,0,2,13,26,14,0,0,26,0,0,10,147,34,4,30,147,5,0,0,17,4,4,147,56,4,10,15,14,8,2,17,0,0,8,26,20,3,0,0,28,23,1,7,147,45,0,1,147,147,2,3,17,0,0,7,63,29,17,15,10,3,0,2,0,0,9,24,20,1,0,0,26,121,8,2,41,44,0,0,99,147,4,2,5,0,0,0,5,20,7,8,29,2,0,0,0,0,0,4,36,2,0,0
69,125,28,0,11,12,1,0,13,125,125,0,0,0,0,0,2,119,74,23,0,0,0,0,1,38,95,47,0,0,0,0,116,51,1,0,2,0,21,78,125,60,18,0,0,0,9,61,26,49,76,12,0,0,0,0,1,14,49,15,3,0,0,0,93,18,0,0,0,5,48,98,125,46,1,0,0,0,7,58,84,10,27,13,1,1,0,11,0,0,14,27,20,14,0,0,125,113,0,0,2,7,2,3,125,80,0,0,0,1,4,28,37,1,0,1,1,15,42,62,0,0,1,2,10,73,23,1
29,38,10,45,104,16,19,19,71,68,12,1,0,0,10,27,93,19,15,1,0,0,0,50,111,14,0,5,6,5,2,38,27,30,14,80,64,28,4,5,98,97,28,11,1,1,4,22,88,35,34,47,11,2,5,14,111,49,8,5,1,2,6,12,27,0,0,1,51,98,36,61,68,9,3,2,1,2,67,111,111,30,4,12,8,7,62,67,111,29,5,7,14,39,31,15,58,0,0,5,105,18,6,36,111,24,8,0,0,0,8,56,111,111,7,0,0,0,4,26,74,52,36,18,9,5,1,5
13,6,0,0,0,39,112,32,11,16,21,8,29,71,66,22,8,24,112,23,27,49,6,2,62,43,41,3,4,6,5,19,42,112,9,0,0,16,28,18,92,112,45,4,2,2,4,20,6,29,105,56,29,8,0,1,14,69,33,18,7,0,0,0,11,111,60,25,2,0,0,3,112,62,51,14,4,6,4,35,14,85,87,13,33,29,4,9,5,112,99,4,4,1,0,0,10,112,89,10,0,0,0,0,7,86,112,13,8,7,8,3,13,99,103,5,3,6,21,50,1,33,45,14,24,23,3,9
81,8,1,13,25,1,43,136,73,63,29,128,111,0,0,15,136,136,11,9,8,2,0,5,24,7,6,37,51,6,0,2,126,136,76,6,2,0,3,34,86,52,15,71,40,0,0,6,136,24,4,7,4,2,0,22,26,0,3,12,16,20,10,7,8,93,66,6,1,1,3,8,27,30,14,66,50,7,1,7,136,11,1,9,10,7,3,62,20,0,0,0,11,48,16,17,8,38,18,2,0,2,9,15,5,11,14,43,59,12,5,8,57,0,0,12,26,4,4,90,12,0,0,0,7,30,11,35
5,27,102,42,0,0,3,7,2,63,72,29,54,4,0,1,89,117,6,19,54,3,0,0,117,105,1,0,2,4,4,2,18,31,64,8,3,1,4,19,17,10,18,28,93,56,4,9,117,97,2,9,26,15,3,12,76,34,0,0,0,34,28,10,13,16,41,10,10,13,31,66,26,1,7,19,117,71,14,7,117,4,0,0,17,9,7,46,26,0,0,0,1,38,40,26,3,15,117,65,14,5,7,8,17,9,21,114,93,27,4,4,117,22,3,6,5,29,27,21,12,0,0,0,1,108,112,6
6,0,0,18,45,9,20,50,9,0,1,52,23,0,1,21,15,31,23,89,16,0,0,0,123,119,9,6,0,0,0,0,19,1,7,123,66,0,0,18,81,10,15,23,7,0,0,24,25,74,85,30,3,0,0,0,123,123,9,0,0,0,0,0,5,1,2,123,123,3,0,0,108,22,6,18,36,0,0,19,85,67,17,0,0,0,0,6,112,87,1,0,0,0,0,0,0,1,6,74,123,15,4,0,25,62,24,43,21,0,0,0,75,117,0,0,0,0,0,0,39,108,6,0,0,0,0,0
0,7,79,88,48,0,0,0,15,19,58,60,37,3,1,5,101,37,10,2,2,1,1,21,119,18,17,6,1,2,3,47,0,0,38,83,67,23,1,0,29,1,9,52,119,24,1,11,119,13,5,3,26,6,2,40,41,3,8,10,10,16,53,86,0,0,0,2,57,119,19,0,36,25,0,3,100,119,22,5,119,108,15,4,14,3,0,9,17,33,119,53,6,3,10,5,1,1,6,8,78,101,15,1,62,33,20,12,20,33,8,10,119,39,2,0,0,0,7,68,38,20,41,11,0,0,24,70
0,0,35,81,42,17,29,6,0,0,7,72,118,30,1,0,27,42,8,9,57,27,21,12,88,101,14,1,0,0,4,6,5,2,6,3,23,40,118,42,14,3,0,12,118,97,12,4,112,118,16,5,34,20,0,6,64,118,11,0,0,0,0,5,11,18,61,78,29,2,12,12,24,5,2,50,118,12,5,4,118,17,1,15,30,1,10,64,61,15,0,0,0,2,49,92,1,3,6,62,111,15,15,6,1,0,1,28,103,31,8,0,31,3,1,6,21,23,54,54,38,0,0,0,1,11,81,79
1,0,37,132,22,0,0,3,93,1,13,70,22,0,0,103,132,2,2,4,0,0,0,99,4,4,9,11,0,0,0,0,0,0,0,102,113,32,4,0,79,5,2,107,119,1,0,21,132,14,3,7,4,0,0,65,25,6,12,11,0,0,0,1,1,4,73,66,47,31,7,0,26,40,46,132,59,0,0,1,132,132,20,15,2,0,0,6,26,13,5,11,0,0,0,0,4,3,34,32,34,19,15,22,12,13,12,46,84,35,9,19,87,46,4,2,3,5,7,92,12,5,2,6,0,0,0,8
2,0,4,11,44,47,26,15,14,6,2,10,77,59,15,36,97,21,0,0,1,4,8,121,16,3,1,5,0,0,0,10,0,0,0,16,42,43,24,2,21,4,19,37,121,106,13,26,121,20,10,6,6,15,10,111,72,4,0,0,0,0,0,9,1,3,8,50,51,3,2,2,22,28,121,107,35,8,7,31,121,118,121,38,1,0,0,7,51,16,3,2,0,0,0,0,0,0,0,37,76,8,4,2,109,51,17,11,20,10,21,69,87,89,109,75,0,0,0,12,2,3,16,80,1,0,0,0
2,2,0,0,0,6,7,2,0,0,0,0,0,17,52,0,21,10,0,0,0,6,49,20,97,99,0,0,0,0,13,21,0,1,0,0,8,127,50,3,12,3,4,6,9,127,127,16,127,13,1,0,3,31,127,119,72,14,0,1,12,56,127,72,3,9,45,19,32,93,32,13,19,27,127,53,22,60,22,4,127,72,47,6,9,20,17,35,12,24,32,15,34,49,32,10,17,47,81,18,5,2,0,1,0,5,85,54,20,1,0,0,10,68,31,6,2,0,0,1,1,76,51,1,0,0,0,0
3,18,88,12,0,3,27,26,0,68,87,7,0,27,50,4,2,75,70,10,3,6,10,1,0,68,74,13,3,0,0,0,12,80,119,35,10,0,0,0,8,28,87,53,71,16,10,4,80,112,35,5,8,8,14,15,10,119,88,25,30,7,2,3,64,58,20,31,61,0,0,0,12,0,4,74,119,8,3,10,118,31,4,8,26,5,33,119,33,19,5,7,26,22,51,85,12,28,2,26,17,6,13,2,0,0,32,119,85,1,3,2,19,39,119,73,15,2,9,41,50,30,11,3,2,12,24,34
2,10,26,36,50,26,6,3,12,2,8,55,26,42,107,61,95,2,2,3,1,0,39,120,23,5,16,4,5,18,2,29,32,27,40,74,29,24,11,8,21,6,23,120,120,42,4,5,120,15,3,11,15,1,2,51,75,3,0,0,48,57,14,28,24,5,1,1,7,113,110,22,8,8,15,11,67,105,44,5,85,18,10,4,7,19,86,57,15,0,0,0,17,78,120,40,4,0,0,0,0,49,80,18,3,8,16,2,2,68,81,9,0,17,52,7,0,48,104,14,1,1,13,20,3,19,101,18
39,20,14,2,98,77,9,27,0,7,5,3,145,145,0,0,24,52,7,1,25,5,0,0,55,27,1,2,0,0,0,0,23,18,6,3,136,145,18,9,43,21,10,1,145,145,6,10,19,49,36,4,2,0,0,0,40,19,1,0,0,0,1,5,14,8,3,4,145,145,23,25,126,19,2,3,57,59,5,28,32,5,8,7,1,0,2,36,7,1,1,3,1,0,3,12,4,6,6,21,145,43,0,0,35,7,0,5,28,2,0,27,23,0,0,0,0,0,1,51,2,0,0,2,0,0,0,6
48,8,0,0,0,0,0,23,30,19,11,0,0,0,0,12,6,21,39,0,0,0,0,1,0,13,50,0,0,0,0,0,30,52,10,0,0,0,0,8,53,23,4,0,0,0,0,20,51,18,3,0,0,0,0,13,24,21,20,0,0,0,0,5,4,35,12,0,0,7,180,36,11,42,15,0,0,0,107,83,24,42,12,0,0,0,18,34,29,13,7,0,0,0,0,13,2,22,43,4,0,24,180,82,6,6,33,9,0,0,180,180,40,13,8,0,0,0,161,180,14,8,9,0,0,2,36,86
14,32,0,0,0,0,0,5,10,45,2,0,0,0,0,5,17,43,4,0,0,0,0,8,8,25,13,0,0,0,0,10,16,2,0,0,0,0,8,61,19,4,0,0,0,0,6,58,26,6,0,0,0,0,1,49,12,9,0,0,0,0,3,35,46,27,0,0,0,0,2,20,37,31,0,0,0,11,30,15,33,24,0,0,0,34,147,13,10,17,0,0,0,8,167,44,26,21,0,0,0,95,32,3,7,9,1,0,0,167,167,3,4,26,18,0,0,167,167,13,39,63,10,0,0,26,167,143
13,32,36,54,8,5,4,0,1,2,16,57,21,8,37,8,7,2,15,5,0,1,27,27,8,4,8,0,0,0,0,30,9,11,15,26,92,97,60,24,89,25,81,74,20,18,40,64,18,11,79,126,4,0,1,9,18,2,2,23,1,0,0,21,20,57,35,5,89,126,63,22,126,126,21,11,10,11,10,54,48,13,11,126,30,3,11,9,9,3,1,126,40,0,2,8,27,126,97,3,1,6,12,13,30,126,33,10,11,3,21,9,12,10,10,39,28,11,18,24,3,1,1,99,82,10,5,8
1,0,0,0,10,18,6,0,100,71,1,1,6,8,5,1,70,83,8,10,22,10,3,4,22,14,20,31,57,5,4,9,9,0,0,0,26,22,1,2,120,56,0,0,2,15,8,22,63,30,5,12,13,111,101,10,7,12,3,17,15,15,120,54,8,1,1,22,29,11,2,11,120,19,3,13,19,39,22,93,17,22,46,35,78,120,100,26,6,22,59,30,3,22,120,120,24,2,2,21,9,0,1,70,81,47,10,26,10,2,5,10,22,73,108,65,26,6,11,15,7,44,86,95,74,9,2,9
0,0,0,0,41,121,17,2,49,2,1,10,9,66,53,71,41,13,10,31,36,12,2,22,64,48,15,10,6,1,0,8,6,15,3,1,102,121,4,2,121,110,3,2,17,21,8,41,88,27,1,5,108,27,2,26,121,36,2,5,20,17,7,46,9,22,4,1,44,65,2,5,121,30,1,3,15,13,6,76,69,7,1,61,121,10,3,34,55,4,2,11,24,35,67,121,7,15,15,28,40,22,0,1,121,50,7,6,14,14,2,11,59,8,4,25,105,4,1,3,11,54,44,13,33,4,12,9
1,0,0,0,0,5,184,126,0,0,0,0,0,25,184,27,0,0,0,0,0,22,184,16,0,0,0,25,55,54,184,10,41,46,0,0,0,1,139,79,55,14,0,0,0,2,157,35,9,6,9,1,0,6,129,7,0,0,4,8,6,13,81,6,26,59,8,1,0,0,0,1,74,9,0,0,0,0,0,20,25,4,5,4,0,0,0,17,0,0,2,14,4,0,0,1,4,3,3,14,3,0,0,2,18,0,0,0,0,0,0,40,8,0,0,0,0,0,2,59,0,0,0,4,4,0,2,15
15,0,0,0,0,0,42,107,18,0,0,0,0,0,29,117,32,2,0,0,0,0,12,87,32,12,0,0,0,0,4,69,53,0,0,0,0,0,3,96,119,9,0,0,0,0,0,66,93,84,0,0,0,0,0,18,61,119,0,0,0,0,0,6,119,0,0,0,0,0,0,43,119,3,0,0,0,0,0,58,119,52,0,0,0,0,0,31,111,114,0,0,0,0,0,20,76,0,0,0,0,0,5,55,93,0,0,0,0,0,20,108,100,0,0,0,0,0,41,119,43,3,0,0,0,0,59,119
77,6,4,0,0,0,25,107,36,9,18,0,0,0,51,117,30,19,32,0,0,0,55,117,7,13,46,0,0,0,58,115,117,1,0,0,0,0,0,47,99,3,0,0,0,0,0,84,117,13,0,0,0,0,1,79,63,12,0,0,0,0,5,58,117,10,0,0,0,0,0,18,117,32,0,0,0,0,0,13,117,74,0,0,0,0,0,4,45,117,13,0,0,0,0,2,88,6,0,0,0,0,13,61,117,11,0,0,0,0,10,53,117,22,0,0,0,0,2,41,94,80,3,0,0,0,0,29
23,8,2,1,15,54,39,59,68,19,51,6,0,0,3,123,30,19,123,36,0,0,0,117,3,11,123,54,0,0,0,22,71,45,0,0,10,18,0,3,123,63,0,0,0,0,0,39,103,12,4,1,0,0,1,123,54,7,52,11,0,0,1,123,116,29,0,0,0,1,0,1,123,24,0,0,0,0,0,14,123,13,0,0,0,0,0,22,123,9,0,0,0,0,0,40,64,56,0,0,0,0,0,0,78,75,0,0,0,0,0,0,71,90,0,0,0,0,0,1,55,67,3,0,0,0,0,2
3,116,57,9,3,0,0,0,29,63,60,75,45,34,41,35,121,121,40,12,9,9,30,89,7,17,102,97,51,15,1,2,24,80,31,10,0,0,0,0,38,65,83,69,3,0,0,0,121,121,44,4,0,0,0,13,24,33,71,86,92,0,0,2,47,47,6,5,0,0,0,0,35,11,13,38,6,0,0,4,121,6,1,2,0,0,0,89,70,3,4,43,76,1,0,40,37,20,0,1,1,0,0,4,6,2,0,10,23,9,1,3,110,0,0,1,4,3,2,86,94,5,8,8,5,0,0,63
5,10,33,6,1,45,111,13,3,7,125,31,0,12,125,11,60,68,70,8,0,1,95,62,28,14,2,2,10,36,72,37,5,4,5,0,3,37,93,39,23,3,35,7,0,3,125,116,125,53,34,6,10,1,24,79,13,13,5,7,75,10,0,1,0,0,0,1,10,82,20,3,125,17,0,0,0,10,36,54,125,86,0,5,25,5,2,23,9,8,2,11,85,11,0,0,0,1,2,12,13,12,1,0,125,45,2,1,0,1,1,4,125,49,0,0,27,11,0,2,2,1,0,1,48,24,1,1
0,0,0,0,0,0,21,5,0,0,0,0,0,0,9,3,0,0,0,0,0,0,0,0,0,0,0,0,0,0,0,0,0,0,0,0,0,1,141,51,15,0,0,0,0,0,141,91,99,10,1,0,0,0,20,84,11,6,13,1,0,0,0,0,23,0,0,0,10,33,141,141,141,21,0,0,0,0,42,114,141,88,1,0,0,0,2,22,19,23,26,1,0,0,0,0,141,39,0,0,50,42,43,66,141,74,0,0,0,0,2,39,141,81,0,0,0,0,0,0,7,11,6,0,0,0,0,0
1,0,0,0,0,0,0,0,175,1,0,0,0,0,0,14,175,6,0,0,0,0,0,15,47,6,0,0,0,0,0,6,8,0,0,0,0,0,0,1,175,11,0,0,0,0,0,11,175,15,0,0,0,0,0,12,51,2,0,0,0,0,0,14,26,0,0,0,0,0,0,1,175,16,0,0,0,0,0,8,175,6,0,0,0,0,0,36,42,0,0,0,0,0,0,45,40,0,0,0,0,0,0,7,175,4,0,0,0,0,0,37,166,3,0,0,0,0,0,16,32,0,0,0,0,0,6,23
0,0,0,0,0,0,0,0,203,16,0,0,0,0,0,3,203,23,0,0,0,0,0,7,36,0,0,0,0,0,0,20,5,0,0,0,0,0,0,0,203,14,0,0,0,0,0,15,203,10,0,0,0,0,0,28,33,0,0,0,0,0,0,35,20,0,0,0,0,0,0,0,203,36,0,0,0,0,0,7,203,12,0,0,0,0,0,32,35,0,0,0,0,0,0,37,0,0,0,0,0,0,0,0,18,3,0,0,0,0,0,0,18,2,0,0,0,0,0,0,10,0,0,0,0,0,0,2
0,0,0,38,93,2,0,0,30,7,1,51,139,5,0,0,139,35,1,4,9,0,0,1,32,16,6,3,1,0,0,0,0,0,0,5,138,10,0,0,37,1,0,21,139,42,0,6,139,4,0,1,18,5,0,22,49,2,0,1,6,2,0,5,0,0,0,0,139,36,0,0,43,15,0,0,139,106,0,2,139,41,0,0,8,4,0,7,50,7,0,2,4,0,0,1,0,0,0,10,139,5,0,0,56,19,21,29,124,11,0,0,139,33,5,0,0,0,0,0,38,1,0,0,3,1,0,2
0,0,0,75,83,8,0,0,24,6,0,76,140,5,0,12,140,32,0,1,8,0,0,74,33,5,0,0,3,9,10,20,0,0,0,7,104,57,0,0,31,6,0,10,140,37,1,13,140,36,0,1,13,4,1,64,48,23,5,0,1,0,0,18,0,0,1,71,92,11,0,0,30,9,2,73,140,17,0,2,140,47,2,7,12,1,0,15,65,34,11,2,0,0,0,2,0,0,0,28,95,0,0,0,16,1,0,66,140,3,0,1,140,2,0,7,21,1,0,27,75,0,0,0,2,0,0,9
25,16,6,23,15,39,30,21,43,39,12,3,1,37,130,57,0,9,45,38,75,130,59,0,0,34,130,72,88,18,0,0,10,18,10,13,20,49,34,10,107,130,47,7,5,11,45,43,18,75,130,28,3,10,9,2,0,81,130,7,6,12,1,0,29,25,15,28,30,5,2,11,130,66,19,19,14,4,3,62,102,33,55,10,1,0,0,11,0,6,55,18,9,12,1,0,32,23,15,17,3,0,0,3,130,28,11,17,6,0,0,28,106,10,7,1,0,0,0,24,0,0,13,4,2,1,0,0
10,1,5,12,8,17,33,56,17,0,0,0,1,1,34,137,63,0,0,0,0,0,14,137,20,0,0,5,3,1,10,26,12,5,7,16,28,56,67,41,24,21,28,2,12,27,69,137,137,30,4,0,0,0,18,137,78,1,2,21,5,1,16,56,18,53,45,45,3,10,26,5,49,137,114,1,1,3,6,18,137,119,25,0,0,0,38,73,27,0,0,0,0,0,76,130,12,33,43,23,0,0,0,0,33,39,10,5,1,0,9,19,17,25,2,1,0,0,42,47,30,40,2,0,0,0,21,60
0,0,0,0,120,66,0,0,0,1,3,29,126,79,0,0,20,15,14,33,28,34,6,7,22,21,7,23,46,51,4,2,2,0,0,0,126,126,2,3,83,27,34,51,54,62,6,26,14,13,63,126,38,28,4,3,33,126,45,43,22,39,2,0,5,0,0,0,126,85,2,6,126,23,10,6,24,28,4,47,71,29,91,126,4,0,0,2,11,120,120,83,2,0,0,0,0,0,0,0,0,0,0,0,18,2,0,0,0,0,0,0,8,3,2,11,2,0,0,0,1,8,8,11,1,0,0,0
3,0,1,0,0,6,129,45,99,5,0,0,0,2,103,117,48,9,0,0,0,0,3,11,0,0,0,0,0,0,0,0,20,31,93,17,3,10,54,14,129,62,15,2,0,10,25,60,80,5,0,0,1,128,64,20,0,0,0,0,0,15,5,0,27,30,34,8,5,15,16,11,119,39,24,3,4,36,26,31,8,35,96,10,25,129,37,10,0,27,44,1,2,16,2,0,4,65,129,0,0,0,0,1,7,108,129,1,1,2,1,1,0,98,129,3,2,2,0,0,0,48,66,0,0,0,0,0
5,25,33,34,8,22,32,13,40,13,24,27,14,10,9,62,137,133,6,0,1,2,2,37,33,58,37,8,8,0,5,15,18,26,34,55,37,3,4,14,62,17,45,61,108,10,6,31,137,53,13,4,5,0,0,77,75,10,7,11,10,1,1,33,8,18,61,75,44,2,5,17,28,89,137,27,15,2,5,42,98,137,137,6,0,0,0,10,41,14,6,1,0,0,0,13,4,3,1,115,103,5,15,28,23,18,19,12,14,2,31,137,8,10,29,2,0,0,0,24,0,0,1,0,0,0,0,0
38,3,0,0,3,28,60,97,20,8,11,1,0,9,99,39,4,3,1,0,0,9,62,16,1,0,0,0,0,0,1,0,12,1,4,6,3,25,118,115,15,5,14,2,0,11,135,95,135,16,1,0,0,2,105,135,32,7,0,0,0,2,4,4,34,48,26,9,12,32,32,13,50,52,114,26,6,15,46,18,135,58,11,2,1,44,37,53,25,2,3,1,4,123,52,9,31,56,41,6,10,9,5,23,31,48,63,3,3,10,12,11,54,48,73,5,7,39,20,18,0,51,119,6,11,61,10,1
7,0,0,0,1,48,92,29,71,2,0,0,0,2,51,112,154,3,1,0,0,0,5,74,57,6,37,17,0,0,4,86,37,41,9,0,13,37,16,10,154,52,1,0,0,0,2,20,148,6,0,0,0,0,2,92,25,0,0,0,0,2,27,154,6,45,40,0,1,0,0,0,79,54,35,5,0,0,0,16,52,10,2,0,0,0,3,86,11,121,5,0,0,2,42,57,0,0,4,0,0,0,0,0,3,9,33,15,0,0,0,1,22,154,50,3,0,0,0,5,8,154,36,0,0,0,0,1
15,81,91,1,0,0,24,51,18,51,85,1,0,3,52,101,17,27,7,0,0,0,75,74,2,8,11,1,0,9,59,14,0,44,110,23,38,46,0,0,6,19,50,2,23,124,72,20,87,20,5,0,1,16,63,124,30,13,15,1,0,0,6,29,0,0,0,2,124,67,0,0,40,11,0,5,124,114,9,6,124,67,0,1,6,6,7,31,45,25,4,4,0,0,3,11,0,0,0,45,124,15,0,0,46,7,0,42,118,19,0,8,124,31,0,0,3,1,1,46,26,10,2,1,0,6,17,15
6,0,28,102,32,0,8,39,25,0,3,18,2,0,51,123,57,0,0,0,0,0,6,123,23,0,0,0,5,41,25,101,1,2,39,123,34,0,0,0,26,6,11,123,46,0,4,53,123,28,7,6,2,7,2,91,34,1,0,1,67,123,17,17,0,2,4,54,32,5,4,0,5,22,95,123,32,0,0,1,66,98,77,26,27,33,1,3,8,37,72,12,61,110,1,0,8,6,17,9,5,4,2,3,0,9,29,22,17,19,1,0,0,65,57,14,25,7,0,0,0,92,122,8,8,7,0,0
52,2,1,2,13,35,9,30,52,16,10,15,10,1,0,16,130,74,9,7,3,0,1,22,67,18,1,0,0,20,18,5,79,6,2,4,5,2,7,27,130,52,9,1,0,0,1,23,128,85,8,0,1,36,79,33,22,3,0,0,6,130,130,10,60,40,14,1,0,0,1,18,130,24,2,2,2,2,1,33,25,6,1,35,69,56,49,11,1,1,0,6,130,130,48,0,32,27,15,7,0,0,7,20,130,46,5,4,0,3,7,5,13,10,4,31,104,35,15,1,10,6,0,3,130,49,0,0
0,0,0,0,12,145,18,3,128,8,0,0,3,30,12,41,57,12,12,55,11,0,0,4,0,0,47,85,4,0,0,0,12,0,0,0,33,105,24,8,145,79,3,0,7,18,10,38,85,63,70,43,0,0,0,5,0,0,87,63,0,0,0,0,29,0,0,4,31,27,17,28,145,25,0,3,11,6,1,110,143,27,16,10,0,0,0,40,0,3,42,24,0,3,1,0,54,18,12,14,8,0,0,11,145,112,14,10,3,0,1,16,126,38,1,0,0,32,32,7,0,0,0,0,0,41,92,0
28,8,1,0,15,37,0,4,7,0,0,0,45,96,13,11,11,1,0,0,8,47,59,19,1,1,0,0,1,8,60,47,12,15,1,0,33,133,5,2,100,11,0,5,24,131,25,28,23,4,5,79,97,60,37,14,0,0,18,28,6,9,95,82,9,0,0,0,21,133,30,11,133,25,4,5,6,33,13,51,39,13,35,133,26,0,0,2,0,5,99,102,1,0,2,2,34,3,0,0,30,89,24,14,133,90,12,3,4,10,6,39,32,31,80,60,0,0,0,4,0,3,92,56,0,0,0,0
0,2,1,2,4,62,124,16,5,39,11,2,20,102,90,2,37,112,13,3,9,23,1,7,34,83,28,39,7,2,7,11,21,21,6,12,9,22,35,10,75,124,56,15,1,5,12,13,28,56,53,124,22,2,10,33,36,25,19,26,8,5,76,91,45,1,0,0,1,12,40,58,124,42,5,6,0,0,6,95,67,17,61,124,10,5,3,9,8,38,124,53,24,18,6,9,65,45,18,2,2,9,21,28,124,77,17,0,0,2,7,46,42,9,4,3,4,29,16,32,2,1,8,2,20,99,7,1
22,78,37,5,1,0,1,1,3,17,36,46,11,13,6,1,6,26,74,16,1,4,10,8,2,2,40,24,0,0,3,12,61,95,13,10,23,9,14,22,18,13,13,24,116,79,32,37,116,35,58,17,5,8,15,105,14,3,74,103,1,3,2,5,18,13,1,2,12,30,108,103,30,83,7,5,97,98,40,14,116,116,3,3,7,5,9,28,20,9,8,25,8,14,25,4,3,3,20,25,1,2,46,65,55,49,3,4,2,5,31,116,41,56,0,0,0,70,115,43,1,1,1,1,4,75,116,3
77,10,7,13,15,4,3,54,66,24,23,60,30,1,5,25,21,75,53,55,13,4,7,3,0,2,24,119,49,1,0,0,76,45,29,44,27,2,0,4,119,74,60,22,2,2,4,17,20,26,119,59,12,16,16,7,0,2,38,119,24,7,3,1,88,40,5,7,55,32,3,4,98,23,27,23,2,16,70,79,31,35,21,17,12,58,119,52,10,12,7,31,45,21,13,17,94,77,13,2,2,11,4,26,28,38,119,61,1,2,10,28,15,114,119,23,10,5,12,7,6,30,13,40,83,4,0,1
2,40,90,83,20,6,0,2,4,3,77,71,9,5,34,35,0,1,59,48,21,47,40,9,2,27,66,15,11,23,22,8,10,22,19,27,114,88,1,2,75,82,84,28,28,33,3,13,4,14,114,97,50,23,2,2,2,23,96,24,18,44,33,0,13,8,15,110,114,26,19,5,114,56,30,32,20,20,14,44,13,6,21,29,114,76,12,12,11,5,17,74,54,46,19,5,0,2,6,18,11,36,75,7,11,16,7,6,5,25,43,28,1,1,0,1,31,114,28,5,0,0,0,6,17,114,88,5
2,0,2,71,93,17,13,12,61,2,5,24,9,5,33,56,136,1,1,0,0,1,8,111,21,2,17,7,1,8,20,15,6,3,16,99,23,1,11,72,55,7,17,135,65,1,1,23,136,15,3,5,6,0,0,62,90,9,19,3,0,0,0,8,22,16,49,112,26,1,3,34,28,24,40,97,44,2,11,19,136,79,27,15,2,0,8,45,79,4,0,0,0,0,6,61,12,1,2,42,49,17,26,70,4,4,8,29,66,27,38,17,22,11,14,5,3,5,57,136,8,0,0,0,0,0,31,136
11,6,0,0,88,116,8,4,115,40,0,2,17,26,14,35,109,16,1,2,27,11,4,38,64,20,6,23,100,42,11,23,18,4,0,5,80,81,2,10,116,21,0,8,25,4,2,55,51,5,3,33,94,6,24,68,16,9,14,12,43,98,77,60,10,18,20,90,47,10,0,2,116,98,15,14,16,2,1,9,36,44,41,66,78,0,2,2,9,68,72,45,25,4,7,4,22,31,9,31,50,28,0,0,96,116,15,4,0,0,0,2,35,58,87,88,5,2,2,2,6,11,49,54,13,1,1,1
90,25,34,63,0,0,0,71,89,8,1,0,0,0,5,123,36,3,0,2,4,0,39,120,27,1,0,84,123,2,2,23,25,39,43,32,0,0,1,55,53,37,18,10,1,0,0,53,123,20,0,1,0,0,6,65,56,5,0,24,123,25,4,17,54,5,2,0,0,1,10,123,67,22,11,28,1,0,0,68,123,38,2,3,0,0,1,24,20,0,0,23,68,14,5,22,40,0,0,0,2,12,15,123,70,1,0,1,0,0,43,123,43,2,0,0,0,3,88,69,2,0,0,4,7,12,123,17
123,16,0,0,0,0,1,123,47,5,6,2,8,46,50,102,37,2,8,8,34,41,34,51,12,2,1,32,107,21,6,14,109,123,24,0,0,0,0,23,123,113,38,20,6,9,15,42,54,32,53,105,62,7,3,26,29,9,3,49,112,14,0,12,38,31,15,0,1,1,2,11,123,25,2,4,11,8,8,109,38,9,4,35,123,40,18,36,21,30,21,44,42,10,12,23,22,2,0,7,7,1,2,12,123,3,0,0,0,1,12,66,18,1,5,7,40,39,30,41,31,7,18,16,18,15,14,63
64,5,2,4,3,3,1,26,111,7,16,30,21,0,0,49,64,70,63,36,13,0,0,2,139,16,0,0,0,0,0,42,43,0,0,0,2,31,21,40,150,17,9,3,1,0,2,72,55,35,36,22,20,0,0,2,97,84,3,1,1,0,0,17,64,0,0,0,0,20,37,38,150,21,0,0,1,0,1,60,79,79,13,10,12,0,0,6,62,104,5,0,0,4,2,4,19,0,0,0,0,27,54,50,148,1,0,0,0,7,38,150,70,21,0,0,0,0,27,150,29,6,0,0,5,5,16,37
10,1,0,0,0,0,8,36,139,6,0,1,1,0,1,55,194,9,0,0,0,0,0,96,34,2,0,0,0,10,3,9,34,30,47,4,0,0,1,11,142,25,7,10,28,2,0,23,194,6,0,0,2,0,0,62,64,2,0,0,6,14,4,7,2,14,75,13,1,3,16,1,83,42,29,30,11,2,7,6,194,47,4,1,1,0,0,16,74,17,7,4,12,2,0,5,0,0,32,10,0,2,12,1,62,19,22,2,0,0,6,11,194,21,1,0,0,0,0,43,70,11,2,1,0,0,3,37
0,0,0,0,8,30,7,2,22,17,0,0,3,38,41,10,17,94,6,0,0,0,8,5,1,90,23,0,0,0,0,0,3,0,7,19,87,34,3,1,148,60,0,3,40,24,8,13,70,131,2,0,0,0,0,7,40,59,4,0,0,0,0,5,3,0,1,10,87,64,7,2,148,30,1,5,36,18,0,66,106,90,35,0,0,0,0,47,30,42,76,1,0,0,0,9,1,18,17,50,39,3,0,0,63,148,35,16,11,0,0,7,28,148,148,1,0,0,0,2,0,37,148,27,0,0,0,0
141,29,0,0,0,0,8,39,124,63,13,0,0,0,0,22,38,132,54,0,0,0,0,0,0,51,51,71,17,0,0,0,141,7,0,0,0,0,0,57,141,48,0,0,0,0,0,45,121,84,2,0,0,0,0,3,3,31,17,3,0,0,0,0,76,19,0,0,0,0,0,8,141,19,0,0,0,0,0,88,141,55,6,0,0,0,0,33,4,63,31,0,0,0,0,0,3,2,0,0,0,0,0,2,141,2,0,0,0,0,1,81,141,10,0,0,0,0,0,62,24,10,2,0,0,0,0,6
1,62,23,0,0,0,0,0,3,68,19,0,0,0,0,0,3,57,18,0,0,0,0,0,3,38,20,0,0,0,0,0,17,33,1,0,0,0,0,0,23,30,0,0,0,0,0,0,46,25,0,0,0,0,0,2,12,28,0,0,0,0,0,2,20,3,0,0,0,0,12,26,23,1,0,0,0,0,19,19,40,1,0,0,0,0,19,27,9,1,0,0,0,0,24,31,0,0,0,0,0,0,225,96,1,0,0,0,0,0,225,72,1,0,0,0,0,0,225,137,0,0,1,2,3,27,194,91
0,0,0,6,42,3,0,0,19,7,0,16,137,3,0,1,137,37,0,3,20,0,0,13,137,5,0,0,0,0,0,4,0,0,0,1,40,33,6,1,19,1,0,3,137,44,3,7,137,8,0,0,28,5,3,59,137,5,0,0,0,0,2,56,2,0,1,4,41,22,5,3,26,6,0,16,137,28,0,1,137,47,0,3,25,3,0,15,130,52,2,3,0,0,0,15,0,7,22,17,25,2,0,0,16,0,1,49,137,8,0,4,137,4,0,4,22,1,0,59,137,6,0,0,0,0,0,23
0,0,0,46,134,1,0,0,34,1,0,71,132,1,0,11,134,3,0,2,7,0,3,70,14,2,0,1,1,11,20,13,0,0,0,18,134,38,1,2,29,2,0,25,134,26,0,5,134,18,0,2,21,3,0,30,37,24,6,3,1,0,0,5,0,0,4,74,122,6,0,0,24,2,3,83,134,5,0,1,134,23,3,11,22,1,0,13,51,26,3,0,0,0,0,5,0,0,0,20,134,1,0,0,9,0,0,27,134,22,0,2,134,1,0,4,34,8,0,35,56,2,0,0,0,0,0,11
3,0,7,30,0,4,67,87,11,1,5,9,1,2,76,112,41,14,38,37,2,1,16,28,2,4,47,67,11,0,0,0,0,0,80,133,1,0,12,16,34,6,49,133,0,0,52,121,133,35,21,16,0,0,8,98,34,8,85,75,2,1,0,1,0,0,61,133,0,0,0,0,15,26,133,133,0,0,0,3,133,127,58,32,0,0,0,8,37,7,2,3,7,22,0,1,0,0,6,14,0,0,0,0,0,3,34,70,0,0,0,0,23,28,29,26,4,5,2,1,6,1,0,0,8,43,7,1
111,5,3,0,0,1,0,46,15,2,20,3,0,20,19,3,3,0,16,11,1,23,43,5,14,10,19,5,0,2,4,4,116,20,0,0,1,32,26,27,23,0,0,0,11,141,141,18,134,6,0,0,1,51,141,76,87,7,0,0,0,0,4,10,39,4,0,12,41,36,16,16,55,7,0,11,141,117,22,6,141,35,0,0,10,11,9,17,108,7,0,0,0,0,0,0,34,3,2,11,42,16,4,6,54,10,1,17,141,11,0,0,141,26,0,1,7,0,0,0,79,3,0,0,0,0,0,0
0,4,30,19,134,24,0,0,25,3,3,2,109,95,16,10,134,22,0,0,4,9,13,43,27,12,2,2,1,2,2,11,0,0,0,21,134,15,0,0,48,4,0,49,134,12,0,5,134,21,0,1,10,0,2,46,25,8,1,1,0,8,31,16,0,0,0,10,134,70,1,0,50,10,0,13,134,57,0,3,134,40,0,0,10,2,1,15,24,12,4,3,2,3,10,6,0,0,0,31,134,11,0,0,56,17,3,22,134,17,0,0,134,67,2,0,2,1,0,1,12,29,11,4,1,0,0,0
3,31,58,10,48,92,20,4,98,10,4,0,5,39,57,110,62,15,9,0,0,1,5,42,26,23,19,1,0,5,7,20,11,2,0,17,148,84,4,1,148,49,0,1,33,21,10,35,118,43,4,3,1,2,9,22,32,20,4,11,5,8,15,27,15,3,0,50,148,30,0,1,148,36,0,6,49,3,0,46,90,10,1,1,1,9,46,39,17,24,4,3,2,19,41,37,22,6,0,6,148,64,0,1,148,65,1,0,23,10,0,4,52,36,9,5,3,0,2,2,57,56,11,6,4,1,0,1
33,10,18,6,3,14,83,122,5,15,36,1,0,0,59,35,0,0,0,0,0,0,1,1,0,0,0,0,0,0,0,0,24,20,23,4,1,9,142,142,142,30,5,1,0,1,131,142,26,1,0,0,0,0,5,8,0,0,0,0,0,0,0,0,62,83,103,8,2,2,8,11,142,77,78,11,5,51,71,51,12,3,28,4,2,34,35,7,0,0,0,0,0,0,0,0,3,64,142,3,0,0,0,0,4,59,142,9,2,9,4,2,0,18,116,4,1,4,1,0,0,0,0,0,0,0,0,0
0,5,19,16,12,57,59,3,49,9,13,7,1,10,38,50,138,93,2,0,0,0,4,53,33,41,15,16,15,4,6,18,1,21,49,101,29,1,1,0,73,25,49,57,45,0,0,25,138,68,9,2,2,0,0,77,72,15,6,28,8,0,0,25,2,11,38,138,54,0,1,2,33,121,138,26,13,0,3,28,111,138,112,1,0,0,0,13,34,13,2,0,0,0,0,9,1,2,1,138,96,0,6,4,24,23,11,25,30,0,29,91,9,20,14,0,0,0,0,16,0,0,0,0,0,0,0,0
9,0,0,0,1,30,128,82,36,10,12,0,0,2,66,128,1,8,15,0,0,0,60,25,0,0,0,0,0,0,1,1,2,3,2,0,9,40,78,81,17,7,12,2,0,0,128,128,128,11,0,0,0,0,104,128,25,1,0,0,0,0,1,8,35,39,14,3,36,19,12,3,58,67,64,15,0,0,22,21,128,69,6,0,1,21,45,58,25,1,0,0,1,23,35,11,15,49,128,18,9,2,0,1,22,67,128,0,0,0,0,3,29,38,128,12,4,25,22,13,0,9,78,8,3,23,13,0
13,1,0,1,6,33,54,51,117,7,8,0,0,0,27,143,31,7,17,2,37,42,20,64,4,4,1,2,60,34,1,3,27,9,30,18,6,38,70,41,143,115,4,2,1,0,18,116,74,64,23,39,49,18,15,43,4,0,0,21,48,14,1,10,26,39,92,73,39,0,0,9,143,138,64,15,11,0,0,67,107,24,8,43,15,0,0,32,0,0,0,25,11,0,0,0,23,47,69,66,42,0,15,48,46,128,92,2,0,0,2,30,14,11,2,0,0,0,0,2,0,0,0,0,0,0,0,0
42,5,0,3,39,13,32,100,135,9,0,0,0,0,20,149,22,4,3,5,30,33,37,47,2,1,6,6,24,15,6,3,37,1,3,79,67,11,18,35,149,6,1,5,1,0,9,126,77,11,24,5,0,9,38,38,0,0,11,9,10,8,15,16,22,15,20,101,44,0,0,5,149,82,14,21,7,0,0,12,136,32,28,6,0,0,0,12,4,5,27,70,12,3,1,2,3,6,11,29,46,23,17,16,94,33,9,4,2,3,14,149,48,3,0,0,0,0,8,149,5,1,2,25,7,0,19,43
119,59,37,24,0,0,0,6,151,34,4,0,0,0,0,30,28,7,14,20,33,5,0,2,0,0,4,33,51,17,2,0,117,30,34,128,7,0,0,8,151,40,3,1,2,0,0,12,58,17,2,16,110,13,0,1,0,0,0,15,73,25,7,0,26,14,49,151,37,9,7,0,151,26,25,28,3,0,0,30,84,3,4,77,51,3,0,11,0,0,1,102,81,8,1,0,13,6,7,32,6,13,73,31,118,39,18,20,1,0,2,23,71,3,2,23,9,3,2,34,0,0,0,74,76,6,0,0
0,1,0,0,26,123,14,1,4,0,0,0,21,123,53,19,8,0,0,0,10,78,35,33,0,0,0,3,45,123,4,0,4,0,0,0,18,123,84,15,104,19,0,0,6,123,57,45,36,7,0,0,48,123,21,20,0,0,10,17,52,61,1,0,20,22,46,29,34,74,29,20,75,17,26,14,30,54,66,38,8,1,0,0,12,90,117,41,0,0,1,1,6,43,39,9,10,39,58,25,26,93,29,5,0,1,13,12,59,123,47,4,3,0,0,0,8,30,103,60,0,0,0,0,0,41,89,8
114,6,0,0,0,1,5,64,52,0,3,7,37,75,36,68,99,52,20,19,16,22,16,71,114,114,6,1,0,0,0,33,70,89,20,0,0,0,2,32,96,73,40,26,8,9,12,49,114,30,64,89,4,3,1,60,114,11,3,1,0,0,0,114,70,74,16,0,0,0,0,0,104,48,12,6,0,0,0,63,60,37,47,54,0,0,0,55,99,39,18,2,0,0,0,45,70,6,0,0,0,0,3,19,15,2,0,0,1,16,14,53,97,7,4,0,0,1,4,114,54,25,12,1,0,0,0,15
38,69,1,0,0,0,0,1,41,61,24,2,0,1,1,3,86,60,24,39,18,0,0,5,107,76,25,39,18,0,0,0,53,10,0,0,0,0,5,57,62,5,0,0,0,8,40,44,141,36,18,9,1,0,3,25,65,68,37,12,1,0,0,1,22,0,0,0,0,0,13,105,99,5,0,0,0,1,55,88,141,61,4,1,0,0,2,57,40,100,17,4,0,1,0,3,1,0,4,9,8,5,39,51,30,1,7,5,1,6,126,116,141,7,1,0,0,0,23,141,33,16,0,0,3,8,20,141
36,24,2,10,4,3,5,85,90,3,0,0,7,10,60,131,63,27,41,15,46,27,70,87,43,43,118,20,1,1,7,96,19,10,12,42,3,0,0,6,131,85,6,5,0,0,12,61,131,97,7,0,0,0,19,94,51,17,40,8,0,0,46,131,12,4,3,13,0,0,0,0,131,21,1,2,0,0,0,65,129,26,0,0,0,0,2,100,8,2,0,0,13,17,50,63,0,0,0,0,0,0,0,0,30,0,0,0,0,0,0,29,46,0,0,0,0,0,23,116,1,0,0,0,8,31,77,26
36,11,0,0,0,0,0,2,148,48,0,0,0,0,0,7,78,69,29,0,0,0,0,0,1,16,35,148,148,0,0,0,21,5,0,0,0,0,0,1,148,64,0,0,0,0,0,7,142,36,2,0,0,0,0,2,30,32,6,52,51,0,0,0,3,0,0,0,0,0,0,0,148,9,0,0,0,0,0,70,148,23,1,0,0,0,0,56,34,62,6,5,4,0,0,2,0,0,0,0,0,0,0,0,74,0,0,0,0,0,0,93,148,0,0,0,0,0,0,148,73,7,0,0,0,0,0,26
245,0,0,0,0,0,0,31,142,0,0,0,0,0,3,19,0,0,0,0,0,6,9,1,0,0,0,0,5,15,0,0,245,3,0,0,0,0,0,24,189,2,0,0,0,0,5,22,0,0,1,0,0,2,17,1,0,0,0,0,7,12,3,0,245,17,0,0,0,0,0,2,142,14,4,0,0,0,0,1,0,1,11,4,0,0,0,0,0,0,1,10,5,2,0,0,15,0,0,0,0,0,0,0,3,0,0,0,0,0,0,0,0,0,0,0,0,0,0,0,0,0,0,0,0,0,0,0
0,0,0,0,0,0,122,122,0,0,0,0,0,0,68,101,0,0,0,0,0,0,59,34,0,0,0,0,22,37,23,5,70,13,0,0,0,17,105,122,58,2,0,0,0,0,122,122,61,14,1,0,0,0,117,85,9,11,8,13,11,23,28,11,68,69,38,11,0,4,1,10,122,24,4,1,0,0,18,58,122,71,1,0,0,0,4,20,26,19,7,21,25,2,0,0,1,19,122,59,10,4,0,0,97,10,22,49,15,1,1,19,122,17,0,0,0,0,41,100,9,3,1,8,13,12,39,44
0,4,32,58,89,30,2,4,86,88,68,6,1,0,10,42,130,95,3,0,0,0,0,37,53,4,0,0,0,0,0,16,0,22,38,77,72,14,0,0,90,130,70,3,0,0,0,9,130,78,5,0,0,0,0,73,66,7,0,0,0,0,0,25,24,125,59,3,23,25,1,2,15,130,130,0,0,0,0,1,86,85,84,8,2,0,0,24,62,4,1,1,0,0,19,45,130,55,8,0,0,2,2,33,40,47,59,3,4,14,5,5,2,7,26,12,20,28,10,2,4,0,0,4,9,8,42,15
0,0,0,5,147,6,1,0,2,3,10,7,41,26,7,4,0,0,12,22,8,44,40,11,10,3,10,2,0,1,17,46,5,0,0,5,147,14,1,1,73,61,42,17,62,19,7,10,6,17,79,147,42,13,9,7,52,4,9,58,14,0,4,53,10,0,0,19,147,2,0,3,147,21,4,5,83,5,3,64,29,8,7,73,118,8,3,16,30,14,11,68,43,3,0,5,4,0,0,22,147,1,0,1,147,25,2,5,86,3,0,36,45,13,4,32,81,2,0,11,9,10,4,26,56,10,1,5
8,3,0,0,13,78,18,4,58,55,7,0,3,21,15,8,29,116,10,0,2,11,2,1,19,39,2,0,5,54,74,25,54,8,1,13,65,40,2,7,134,112,6,2,3,7,7,29,15,56,8,4,37,134,19,6,1,108,11,0,20,134,25,2,29,7,36,47,19,0,0,8,82,18,28,10,5,22,44,75,3,124,20,2,23,134,50,11,0,134,19,0,5,22,0,0,14,8,9,2,0,0,1,16,2,94,31,8,5,3,3,3,0,134,43,1,1,3,1,0,0,134,7,0,0,0,0,0
2,2,32,38,1,2,22,33,2,2,76,78,1,0,4,4,22,10,65,46,0,0,0,12,84,11,6,1,0,0,0,68,8,0,11,38,1,0,86,124,124,25,42,31,0,0,24,102,21,16,124,124,0,0,0,0,36,12,87,40,0,0,0,19,16,12,118,124,0,0,9,26,124,105,58,31,0,0,2,51,80,20,65,45,10,14,0,1,0,1,57,62,23,32,1,0,0,4,68,109,0,0,0,0,46,79,69,37,1,2,1,1,23,10,0,0,14,58,5,1,0,2,0,0,29,74,2,0
10,1,0,0,137,30,0,1,102,54,19,6,30,9,1,15,8,13,33,103,63,6,1,4,25,4,4,62,35,0,0,10,22,0,0,0,137,31,0,4,137,14,0,1,34,9,2,33,23,7,1,27,115,11,2,8,12,11,6,50,52,8,0,2,23,14,7,13,137,25,0,2,137,87,16,5,29,4,0,14,24,12,6,29,117,7,0,4,8,11,6,20,63,16,1,4,2,49,95,58,85,2,0,0,14,137,96,24,36,0,0,0,1,9,13,35,123,14,0,0,7,48,14,21,28,1,0,0
2,0,0,0,1,4,17,30,3,0,0,0,29,126,25,9,73,51,1,0,6,86,47,16,48,126,22,0,1,2,2,3,9,0,0,0,12,10,11,42,35,3,1,24,126,96,5,9,126,126,5,5,17,19,3,25,57,126,22,5,19,45,14,13,14,0,0,1,5,1,11,51,30,9,46,99,52,3,1,10,126,33,63,39,7,3,24,92,34,32,13,4,19,126,115,60,43,9,0,0,0,0,2,14,41,6,14,6,0,0,1,28,6,48,49,18,10,5,7,10,0,126,81,7,5,15,14,2
0,0,0,0,0,0,0,0,0,0,0,0,0,0,0,0,0,0,0,0,0,0,0,0,0,0,0,0,0,0,0,0,3,0,0,0,1,0,0,0,12,1,0,1,4,0,0,0,55,2,0,0,11,10,0,10,2,0,0,0,40,112,74,3,62,8,0,1,7,10,2,8,33,82,18,7,19,4,0,0,123,54,14,10,61,126,28,28,6,0,0,0,151,151,82,17,106,11,0,0,0,11,11,71,66,143,20,5,3,4,28,26,4,37,23,57,151,82,22,10,1,1,21,79,151,151,3,5
0,0,0,0,0,0,0,0,0,0,0,0,0,0,0,0,0,0,0,0,0,0,1,4,1,1,0,0,0,0,7,6,10,0,0,3,6,0,0,15,44,8,0,0,0,0,0,66,113,24,0,0,0,0,3,88,20,80,11,0,0,0,8,12,38,42,71,101,31,0,0,18,114,130,45,2,0,0,0,32,130,130,27,0,0,0,0,12,56,130,41,0,0,0,0,0,1,47,130,82,5,10,3,0,13,130,125,8,2,17,56,28,48,130,109,0,0,0,14,37,36,130,47,2,0,0,0,0
4,2,4,8,4,0,0,2,5,6,44,75,11,2,18,12,152,42,31,31,2,0,17,152,152,7,0,0,0,10,31,152,32,1,0,0,0,0,0,14,34,5,5,10,16,20,1,6,98,62,10,7,5,3,0,14,42,15,0,0,26,66,87,152,47,0,0,0,0,3,1,28,36,0,0,0,6,37,8,16,122,2,0,0,1,4,7,31,12,0,0,13,152,80,17,7,30,0,0,0,0,7,9,42,13,0,0,0,0,25,27,33,33,0,0,0,0,5,28,70,0,0,0,2,128,129,30,5
2,0,0,0,6,4,2,5,77,0,0,0,1,1,2,55,84,53,0,0,0,0,0,38,29,133,11,1,0,0,0,5,1,3,3,25,18,2,1,3,62,3,2,27,16,3,6,101,153,131,1,0,0,0,0,51,45,146,49,3,0,0,0,0,3,8,2,10,9,8,2,0,61,36,28,30,14,1,0,5,153,43,5,0,0,0,0,60,122,37,20,0,0,9,20,31,10,17,0,0,0,5,3,0,19,45,10,0,0,1,0,2,153,10,1,0,0,5,33,120,52,0,0,0,0,81,153,79
0,53,100,0,0,0,0,0,111,130,130,0,0,0,0,37,130,130,20,5,1,0,21,114,10,14,13,17,54,37,41,20,0,35,74,2,0,0,0,0,57,87,115,8,6,0,0,3,130,87,13,7,10,14,10,59,37,41,20,32,64,33,14,20,0,0,1,2,1,0,0,0,33,67,9,11,8,0,0,1,130,100,11,1,0,7,7,50,95,39,38,17,2,17,11,31,0,0,0,0,0,0,0,0,57,54,1,0,0,0,0,0,76,77,5,0,0,0,2,16,66,32,24,9,0,0,1,35
0,0,0,0,0,0,0,0,0,0,0,0,0,0,0,1,14,14,26,73,48,6,4,8,11,10,57,131,48,11,73,131,0,0,0,0,0,0,0,0,36,1,0,0,0,0,0,19,131,46,11,9,6,17,1,25,32,55,55,131,63,43,1,4,2,0,0,0,0,0,0,5,131,9,0,0,0,0,0,56,131,25,0,0,3,78,21,25,131,58,1,0,6,71,12,8,26,0,0,0,0,0,0,38,131,0,0,0,0,4,16,123,72,1,0,0,0,76,97,57,131,14,0,0,0,13,18,67
0,0,0,2,12,6,3,0,0,0,0,0,0,14,33,3,18,0,0,0,0,1,19,26,11,3,3,0,0,0,0,2,0,0,1,16,118,12,3,0,14,1,0,0,112,94,69,23,148,8,0,0,8,16,49,103,81,14,9,0,0,0,0,4,0,0,0,5,148,7,0,0,49,12,1,6,148,26,2,5,148,39,0,1,23,4,2,23,99,6,2,0,0,2,17,7,0,0,0,1,88,62,5,0,47,2,0,4,148,38,1,6,148,14,0,2,19,5,4,40,40,3,0,13,55,95,124,18
1,4,1,1,30,69,90,2,12,48,10,10,95,63,19,1,17,53,39,53,42,8,1,5,0,0,2,95,127,49,13,0,16,1,0,0,49,112,81,20,127,69,31,3,2,18,25,44,22,26,50,47,53,10,1,7,0,0,0,127,127,3,0,0,42,47,22,49,78,37,23,17,127,127,10,5,8,10,8,39,20,6,7,13,36,57,8,7,1,0,1,100,127,2,0,0,19,70,52,30,42,0,0,0,36,97,17,5,11,1,0,0,1,1,0,3,15,5,0,0,0,0,0,2,13,0,0,0
30,6,1,7,7,13,29,51,6,12,7,62,96,61,24,2,41,128,49,20,18,4,0,2,61,86,32,1,2,1,1,25,57,1,1,4,8,17,38,128,42,9,2,9,79,94,31,34,128,84,13,1,6,10,7,83,16,26,18,3,15,31,7,10,128,60,6,3,1,4,13,109,69,47,14,43,39,21,12,19,128,115,8,7,3,2,3,29,12,8,4,9,26,38,8,7,94,26,4,1,0,1,3,45,78,29,5,4,5,10,10,43,128,35,3,3,2,0,0,76,10,2,2,14,82,12,3,19
0,0,0,0,0,0,0,0,4,1,0,0,0,0,0,0,1,0,0,0,0,0,0,0,0,0,0,0,0,0,0,0,39,1,0,0,0,0,7,40,195,56,0,0,0,0,0,29,124,29,1,0,2,1,1,6,14,18,6,0,3,2,1,0,62,28,33,0,0,0,3,27,195,35,3,0,0,0,0,72,195,31,2,0,0,0,3,38,18,48,25,5,36,27,10,12,14,24,88,10,0,0,0,0,195,77,23,1,0,0,0,8,195,16,1,2,5,8,13,34,5,3,2,2,40,54,48,24
0,4,1,1,0,0,0,0,31,124,11,3,0,0,0,0,112,127,12,0,0,1,5,18,119,73,26,0,0,2,7,7,2,4,0,0,0,0,0,0,88,106,0,0,0,0,0,10,126,94,6,0,0,0,3,47,127,92,23,0,0,0,0,19,0,0,0,0,0,0,0,0,29,4,0,0,0,0,24,78,73,0,0,0,0,0,57,127,127,27,0,0,0,0,4,127,0,0,0,0,0,0,0,0,0,0,0,0,0,1,34,34,8,0,1,1,0,5,127,114,40,0,0,0,0,0,90,127
0,0,0,3,16,6,1,0,0,0,0,0,1,15,22,3,15,0,0,0,0,1,11,22,9,3,1,0,0,0,0,1,0,0,0,10,136,19,1,0,12,0,0,0,87,107,58,24,143,9,0,0,3,13,38,101,84,20,7,0,0,0,0,4,0,0,0,0,143,25,0,0,49,10,0,1,143,44,2,5,143,44,0,0,12,4,2,18,99,13,1,0,0,1,21,9,0,0,0,2,91,73,3,0,60,2,0,2,142,43,0,3,143,12,0,1,11,8,6,25,29,1,0,3,40,108,143,18
6,4,7,87,125,19,3,3,125,77,28,48,37,7,5,48,125,27,0,0,0,0,2,100,14,0,0,0,0,22,23,26,7,4,4,43,83,55,16,24,96,125,30,30,32,11,1,18,82,125,18,2,9,9,9,26,5,0,0,0,8,54,64,13,38,4,1,5,29,52,33,93,125,48,2,3,12,18,5,76,61,19,3,3,26,47,8,27,0,14,3,1,29,114,7,0,104,13,3,6,2,1,5,52,125,48,3,4,1,0,2,35,47,12,2,11,70,14,2,21,12,41,8,5,48,26,10,22
13,11,70,20,0,0,10,47,50,18,15,8,0,0,3,65,33,55,111,12,1,0,0,3,0,17,111,28,0,0,0,0,19,9,80,63,0,0,16,64,101,41,111,70,0,0,0,15,111,65,57,12,1,0,0,33,12,5,49,86,29,0,0,3,87,83,96,111,0,0,8,49,83,101,111,86,10,9,0,6,111,27,59,46,10,9,1,24,43,2,3,53,34,2,0,14,9,37,82,83,8,13,0,0,17,40,16,11,22,102,2,0,39,29,2,8,14,45,4,6,30,14,1,10,24,3,1,8
98,38,2,0,0,0,0,25,23,95,14,0,0,12,11,2,6,26,12,1,2,43,41,3,1,1,1,2,1,9,51,17,114,8,0,0,0,4,26,100,35,12,0,0,0,100,114,47,95,33,19,10,1,42,64,29,5,9,53,59,2,4,23,12,19,2,0,0,9,43,49,31,113,15,0,0,3,54,114,41,114,27,5,2,1,26,114,84,53,13,30,34,0,2,74,72,14,0,0,0,25,65,9,9,114,25,0,0,16,28,7,20,90,54,0,1,46,78,60,27,114,101,0,0,0,3,22,35
58,2,0,0,0,0,0,18,160,9,0,0,0,0,0,26,48,18,5,0,2,3,0,3,4,5,1,0,10,74,17,2,72,39,34,0,0,0,0,7,160,45,9,0,0,0,0,37,120,15,4,1,21,37,25,27,3,12,18,17,109,112,15,3,13,46,103,7,0,0,0,0,160,160,45,1,2,2,6,19,66,40,7,1,6,49,57,26,18,73,110,13,17,19,7,1,10,46,18,1,0,0,0,0,54,100,12,2,3,1,0,5,32,142,32,3,6,4,4,2,26,60,23,2,1,7,12,3
1,0,0,0,0,0,0,5,152,6,0,0,0,0,1,94,152,2,0,0,0,0,0,107,30,22,4,1,18,10,4,10,0,3,4,0,0,0,0,0,152,72,44,0,0,0,0,32,152,24,2,0,0,0,3,127,48,2,0,0,13,53,32,33,0,0,6,0,0,0,0,0,33,94,143,0,0,0,0,0,152,152,24,1,2,2,5,33,43,35,5,3,6,37,29,20,0,0,0,0,0,0,0,0,17,48,22,0,0,0,0,0,83,79,4,1,1,0,0,7,36,105,12,4,4,1,0,2
43,1,0,4,14,24,18,117,89,81,13,13,19,20,6,12,58,67,6,0,3,24,14,13,1,3,0,0,0,59,56,5,117,41,2,0,0,5,7,76,117,58,1,0,3,6,4,20,46,16,2,1,48,65,4,8,6,71,19,0,7,48,15,4,117,30,0,0,0,0,0,18,117,11,0,0,4,3,4,70,30,4,0,0,103,75,28,42,13,26,5,0,19,89,105,79,16,2,0,0,0,0,16,18,25,0,0,0,0,3,107,117,4,0,0,0,68,117,108,46,0,0,0,4,42,68,78,61
14,27,5,0,0,0,1,14,1,14,29,4,1,0,0,1,0,28,37,1,1,0,0,0,0,6,9,1,0,0,0,0,40,21,41,3,0,0,6,85,114,117,103,3,0,0,0,22,10,72,118,62,3,0,0,1,0,7,45,75,35,0,0,0,57,57,118,16,0,0,5,28,118,99,118,9,0,0,0,32,82,20,37,104,18,0,0,27,0,0,4,118,86,1,0,0,66,114,118,54,3,2,2,11,40,63,77,26,36,32,0,4,73,13,5,18,19,5,0,24,5,3,2,79,98,3,0,1
7,0,0,0,0,0,0,4,57,47,21,0,0,0,0,6,5,87,117,1,0,0,0,0,3,44,117,11,0,0,1,5,36,5,1,1,0,0,0,7,117,83,5,0,0,0,8,34,36,116,59,0,0,2,66,19,2,27,74,4,0,6,54,14,32,8,0,0,0,5,7,14,112,10,0,0,0,14,117,117,117,35,3,0,0,3,117,105,34,27,21,47,2,3,45,31,6,0,0,0,2,44,32,19,88,31,0,0,1,46,49,24,117,53,1,0,1,18,61,107,85,45,12,38,0,0,17,102
0,0,0,0,0,0,0,0,0,0,0,0,0,0,0,1,15,0,0,0,0,0,0,8,4,0,0,12,2,0,0,1,57,0,0,0,8,5,0,37,25,4,1,3,82,91,14,25,141,14,0,1,5,17,12,108,64,4,3,34,4,0,0,8,141,5,0,0,14,11,11,141,39,81,33,28,125,47,14,24,141,141,21,6,6,4,5,24,70,6,0,5,3,14,34,15,141,80,4,0,0,1,6,61,114,125,10,1,2,6,9,17,41,80,8,0,0,29,40,11,5,4,3,0,0,26,112,11
0,0,0,0,0,0,0,0,0,0,0,0,0,0,0,0,0,0,0,1,0,0,0,0,0,0,0,0,0,0,0,0,74,7,1,0,6,2,2,57,147,36,3,3,5,2,3,37,50,2,7,14,2,9,14,9,0,0,0,0,0,0,0,0,147,98,1,0,3,1,2,104,147,126,2,0,2,5,66,51,44,42,5,1,1,21,122,30,1,7,2,0,0,0,3,0,134,45,0,0,0,5,54,71,59,15,0,0,0,29,147,131,125,70,9,0,0,0,56,147,14,15,5,0,0,0,0,11
