107,0,0,0,0,34,62,52,18,0,0,0,0,124,124,32,29,2,0,0,0,124,124,16,48,22,0,0,0,20,19,8,24,2,0,0,0,124,124,22,124,24,0,0,0,104,124,50,108,28,0,0,0,6,16,30,69,4,0,0,0,0,0,54,14,4,0,0,0,12,7,4,124,17,0,0,0,3,4,70,39,4,0,0,0,0,3,124,44,0,0,0,0,0,0,73,0,0,0,0,0,0,0,0,1,0,0,0,0,0,0,17,0,0,0,0,0,0,3,124,4,0,0,0,0,0,6,124
0,0,0,0,0,0,0,0,78,5,0,0,0,0,0,7,150,33,0,0,0,0,0,15,150,36,0,0,0,0,0,14,25,1,0,0,0,0,0,1,150,40,0,0,0,0,0,5,150,26,0,0,0,0,0,30,139,2,0,0,0,0,6,85,90,16,2,2,0,0,0,2,150,21,0,0,0,0,0,19,150,2,0,0,0,0,0,60,81,0,0,0,1,9,19,62,71,5,6,18,10,7,24,30,150,2,0,0,0,0,0,33,150,0,0,0,0,0,2,41,22,0,0,0,4,65,30,46
0,0,0,0,0,0,0,0,0,6,14,0,0,0,0,0,41,1,15,5,0,0,0,4,145,2,0,0,0,0,0,14,14,8,0,0,0,0,0,0,76,113,86,16,1,0,0,5,42,23,93,140,41,0,0,3,145,3,1,13,6,0,0,21,27,1,0,0,0,0,0,3,145,33,7,7,10,1,0,45,60,11,9,70,145,31,0,12,145,1,0,9,37,7,0,32,16,0,0,0,0,0,0,2,145,6,0,2,8,1,0,30,59,4,1,80,145,17,0,8,145,1,0,22,34,3,0,34
27,2,0,0,0,0,0,8,89,16,0,0,0,0,0,5,118,6,0,0,0,0,0,22,63,0,0,0,0,0,0,27,96,12,0,0,0,0,0,34,99,13,0,0,0,0,0,22,119,3,0,0,0,0,0,40,42,0,0,0,0,4,22,53,136,38,0,0,0,0,0,99,64,40,0,0,0,0,0,8,70,12,0,0,0,7,25,25,7,0,0,0,0,98,81,14,108,0,0,0,0,0,0,189,23,2,0,0,0,6,34,131,3,0,0,0,0,104,99,12,7,11,0,0,0,189,91,0
139,10,0,0,0,0,0,14,125,13,0,0,0,0,0,33,76,3,0,0,0,0,0,51,11,0,0,2,4,2,8,19,139,8,0,0,0,0,0,16,139,2,0,0,0,0,0,49,88,7,0,0,0,0,1,60,12,2,0,0,0,1,20,30,139,14,0,0,0,0,0,10,139,36,0,0,0,0,8,17,71,40,0,0,0,8,49,16,9,8,0,0,0,39,103,5,78,18,0,0,0,1,98,35,39,6,0,0,0,9,139,46,7,2,0,0,0,58,139,17,0,4,3,0,0,118,139,1
20,1,0,0,0,0,0,0,138,14,0,3,4,0,0,3,42,6,1,58,129,13,0,0,138,4,0,11,30,2,0,6,33,2,0,0,0,0,0,0,138,38,0,0,12,4,0,10,43,11,0,6,138,69,0,3,138,21,0,1,36,13,0,8,34,2,0,0,0,0,0,1,138,25,0,2,18,8,0,39,41,8,0,9,138,37,0,12,138,49,0,0,25,3,0,0,32,1,0,0,0,0,0,1,138,24,0,4,13,3,2,26,34,7,0,23,138,19,2,7,138,15,0,2,18,1,0,0
43,4,0,25,136,0,0,14,111,14,4,24,41,5,0,46,1,0,0,46,136,7,0,1,0,0,0,1,10,0,0,0,34,0,0,22,136,7,0,9,136,9,2,22,41,5,0,41,13,3,2,81,136,7,0,2,0,0,0,5,24,0,0,0,30,3,0,24,136,13,0,1,136,23,1,8,40,3,0,13,23,2,0,37,136,5,0,2,0,0,0,6,46,0,0,0,11,0,0,51,134,0,0,5,121,5,0,6,34,2,1,90,19,1,0,35,136,2,1,19,0,0,0,10,49,0,0,0
36,1,1,59,135,10,0,7,149,3,0,4,16,1,2,76,25,8,6,0,0,0,30,33,1,7,11,0,0,0,30,4,41,1,0,9,149,18,1,10,149,37,1,1,31,2,0,22,66,75,46,0,0,0,1,5,0,30,59,0,0,0,0,0,42,6,0,60,149,5,1,13,149,6,0,15,40,0,0,47,136,22,4,0,0,0,0,14,2,9,4,0,0,0,0,0,28,3,0,28,110,31,7,25,149,0,0,9,50,10,0,45,149,1,0,0,0,0,0,24,1,0,0,0,0,0,0,1
5,23,188,33,0,0,0,1,9,17,188,136,0,0,1,5,5,48,188,28,0,0,5,8,0,9,188,41,0,0,12,9,12,6,13,24,1,0,0,5,44,15,44,5,0,0,0,56,55,20,100,2,0,0,0,29,6,8,119,14,0,0,0,0,3,4,5,4,0,4,6,2,47,35,3,0,0,1,5,16,96,37,0,0,0,0,0,5,16,10,3,0,0,0,0,2,7,0,0,0,14,83,38,20,137,49,15,2,2,22,28,65,40,41,28,7,4,10,6,0,5,2,0,0,3,17,23,5
0,0,10,32,13,21,26,2,0,0,6,163,34,6,32,2,20,56,100,163,67,2,2,0,163,163,57,34,4,0,0,3,0,0,0,1,51,31,9,0,7,1,1,29,37,35,47,17,59,22,132,163,4,5,14,40,56,55,132,113,8,3,0,7,0,0,0,0,27,66,11,0,19,30,2,3,35,34,10,3,95,45,1,6,5,7,3,17,4,1,7,40,20,12,2,3,0,9,5,2,22,20,1,0,10,69,11,1,1,1,0,0,20,31,6,1,0,0,0,1,1,0,1,15,2,0,0,0
98,65,33,0,0,0,0,4,74,118,85,1,0,0,0,3,102,133,46,1,0,0,0,0,21,27,38,68,10,0,1,3,133,14,0,0,0,0,0,22,133,133,12,0,0,0,0,23,53,133,30,0,0,0,0,2,25,93,19,13,1,0,0,0,64,0,0,0,0,0,0,16,133,21,0,0,0,0,0,55,93,56,6,0,0,0,1,24,79,133,1,0,0,1,0,0,0,0,0,0,0,0,0,0,28,5,0,0,0,0,0,0,49,84,0,0,0,0,0,1,60,133,0,0,6,23,0,0
0,0,0,0,138,66,0,0,76,6,0,0,102,37,3,23,64,2,0,0,0,1,32,101,0,0,0,0,1,17,138,72,2,0,0,0,138,65,0,0,112,19,0,0,103,19,1,6,37,5,0,0,6,32,33,17,20,6,17,8,4,17,32,27,8,0,0,0,138,138,21,2,124,7,0,0,57,26,2,13,23,4,0,3,48,32,6,11,66,20,3,1,3,3,4,48,13,0,0,0,20,117,126,50,95,3,0,1,7,11,7,74,15,1,1,38,30,3,0,13,34,8,0,13,4,0,4,55
39,71,34,4,0,4,58,37,10,21,80,37,2,1,35,42,14,41,85,90,19,9,1,5,39,77,21,5,8,4,2,5,44,15,15,39,48,73,124,70,124,48,15,12,8,13,87,124,53,8,19,32,34,3,2,22,4,9,10,5,15,17,8,14,19,79,93,74,22,5,1,2,124,124,73,17,3,1,1,17,66,56,40,19,6,0,0,8,0,7,45,70,41,8,0,0,9,116,27,1,0,0,4,5,13,124,59,0,0,1,12,10,7,93,41,1,0,5,34,2,0,11,24,70,22,25,32,1
87,121,42,1,0,0,7,22,4,37,121,73,5,0,7,11,14,66,57,53,22,24,17,3,63,35,7,7,7,20,30,20,91,32,4,13,25,40,101,79,115,21,18,19,5,11,83,121,28,15,53,101,27,6,1,10,25,86,54,21,9,7,2,5,14,62,74,93,36,18,10,8,121,121,54,22,8,6,9,47,49,16,11,23,32,6,1,7,4,5,7,7,9,26,6,11,3,76,80,5,0,0,0,3,22,101,90,1,0,0,0,1,9,32,58,34,9,0,0,0,1,0,10,43,59,23,3,1
8,104,139,3,0,0,0,0,15,139,139,28,0,0,0,0,0,7,139,128,4,0,0,0,0,3,139,17,2,5,9,0,9,13,50,9,24,37,24,19,112,41,21,9,1,4,15,60,15,7,27,85,49,4,0,1,0,0,35,52,82,48,41,2,11,34,76,67,49,24,9,8,120,132,43,6,4,3,6,25,17,9,5,28,67,13,1,1,1,3,76,70,39,7,5,8,0,22,70,20,1,2,0,0,1,43,33,1,5,12,7,0,0,2,6,23,59,32,5,0,8,15,18,10,11,14,15,28
40,2,0,0,0,0,0,0,196,67,0,0,0,0,0,0,74,63,2,1,21,22,1,0,12,27,11,1,9,23,12,2,60,0,0,0,0,0,0,0,196,20,0,0,2,0,0,4,107,31,5,7,58,27,0,1,60,58,17,2,7,5,0,5,58,0,0,0,0,0,0,0,196,4,0,0,3,2,2,16,109,16,5,9,31,26,19,39,59,37,12,3,0,0,2,27,43,0,0,0,0,0,0,0,196,8,0,5,4,0,0,3,112,9,1,51,52,8,5,19,117,11,0,4,2,0,1,29
22,2,0,0,150,12,0,0,150,24,0,0,14,1,0,2,66,8,0,1,90,37,1,1,79,36,0,1,24,18,4,8,33,0,0,0,150,18,0,2,150,2,0,0,15,2,0,17,78,9,6,16,116,16,0,4,116,51,5,5,21,3,0,0,34,7,0,6,150,13,0,0,150,36,1,1,8,0,0,1,65,36,46,26,19,0,0,0,28,45,42,7,3,1,0,1,17,24,10,36,101,4,0,1,150,85,4,2,1,0,0,15,36,40,8,0,0,2,13,10,2,9,17,3,0,2,20,9
4,13,125,64,0,0,0,1,55,59,74,61,0,0,3,56,33,61,80,9,0,13,69,51,6,33,94,25,1,38,47,1,0,3,91,125,12,0,0,0,36,30,52,125,43,0,0,3,125,45,43,11,2,0,0,28,15,11,66,41,3,2,5,7,0,0,66,125,37,0,0,0,8,8,15,125,125,0,0,0,80,21,6,15,6,0,8,29,12,0,0,0,0,2,26,25,0,0,4,70,82,32,2,1,0,0,4,125,125,28,0,0,2,1,24,62,6,0,9,14,0,0,18,14,0,0,28,27
0,0,4,24,20,3,0,0,3,0,3,55,15,3,0,12,61,10,0,6,4,2,2,49,63,125,21,0,0,0,0,4,12,2,6,7,14,8,12,33,5,0,2,12,65,71,7,3,125,29,0,1,7,20,10,30,125,59,3,0,0,0,0,59,6,1,27,13,9,17,70,125,23,0,0,1,66,106,57,34,125,21,0,0,4,12,10,78,125,3,0,0,0,0,3,125,0,2,67,90,43,13,14,16,9,0,1,36,84,64,55,47,49,0,0,0,3,6,37,125,108,0,0,0,0,0,37,125
0,2,4,21,46,27,4,0,25,0,0,10,81,13,17,53,111,0,0,0,2,0,17,137,10,1,0,0,2,20,75,51,1,1,0,14,38,29,4,1,37,1,0,18,126,6,0,4,137,2,0,1,9,1,4,66,18,0,0,0,17,91,23,31,3,2,0,11,20,75,34,3,31,13,0,5,72,45,31,5,134,74,19,2,7,2,2,12,8,35,84,23,18,30,5,6,15,28,1,0,0,101,72,15,51,137,18,0,0,14,30,14,74,137,95,1,0,0,0,0,0,90,137,17,0,0,0,0
24,39,55,125,26,0,0,0,125,108,74,14,2,0,1,14,26,24,125,91,2,3,6,6,8,64,95,53,2,1,1,0,12,9,13,114,125,2,0,0,125,46,9,16,14,0,0,21,62,4,5,14,4,4,24,26,27,28,33,18,3,2,6,9,1,5,7,125,125,4,0,0,44,23,9,50,7,0,13,52,11,0,0,1,0,0,63,79,24,0,0,0,0,0,25,63,0,0,3,61,125,64,1,0,1,2,50,111,6,0,4,7,0,0,55,60,0,0,28,38,5,13,29,5,0,0,33,55
0,0,0,13,45,73,14,0,100,27,1,22,54,88,2,10,127,65,21,3,0,1,0,24,6,23,86,11,3,0,0,0,1,0,1,29,76,22,2,7,64,10,4,78,98,2,3,47,127,28,3,3,1,0,0,92,42,14,7,3,27,3,0,1,0,1,37,118,24,7,5,8,42,36,18,91,43,10,17,17,127,121,10,7,1,0,0,23,32,7,0,1,30,6,0,3,0,0,94,127,9,0,0,0,30,15,127,127,16,4,3,10,107,34,42,20,5,1,0,53,23,27,28,8,9,1,0,18
0,4,52,47,4,8,10,0,3,9,96,73,4,22,12,4,35,66,103,21,0,5,8,15,6,70,110,40,1,0,0,0,1,3,9,12,16,29,24,0,28,4,8,24,92,131,40,21,131,26,22,9,8,31,28,92,52,40,60,9,0,0,0,16,14,38,50,30,15,1,0,0,24,29,123,131,97,13,0,1,131,88,39,36,13,3,0,10,73,13,1,0,0,0,0,14,49,29,28,26,11,1,1,46,10,9,57,60,117,21,4,20,131,22,8,17,55,8,0,8,39,18,16,1,0,0,0,1
4,0,0,0,0,5,33,14,140,18,0,0,0,3,10,19,123,25,5,0,0,0,5,16,2,6,5,4,24,14,2,1,28,4,0,0,0,1,14,13,140,75,0,1,0,0,2,11,117,37,2,8,2,5,5,24,16,7,2,3,45,83,5,11,45,9,0,0,0,0,2,26,140,11,0,0,0,0,14,140,48,4,1,5,1,51,140,82,25,4,0,0,11,140,70,22,13,9,2,0,0,0,40,40,35,4,0,0,0,1,54,114,8,15,3,5,8,80,140,45,47,89,8,0,1,38,80,48
141,14,8,3,13,45,37,104,133,35,75,15,0,0,0,40,29,83,43,0,0,0,0,9,2,10,0,1,3,2,0,0,141,108,59,55,23,9,2,19,141,29,0,0,0,0,0,24,59,2,0,0,0,0,0,47,3,0,0,2,7,1,0,9,141,41,37,67,88,7,0,7,141,60,18,0,0,0,0,3,25,13,21,3,0,0,0,20,10,0,0,1,4,1,0,24,141,1,0,0,131,24,2,18,141,29,15,1,0,0,0,6,3,6,26,21,11,0,0,0,5,2,3,5,3,1,0,6
2,0,8,82,14,14,9,14,21,0,4,13,3,3,6,128,86,0,0,0,0,0,1,128,124,3,0,2,15,2,1,63,0,0,1,58,29,38,13,0,27,3,1,14,41,62,20,41,128,10,0,0,1,6,9,122,128,1,0,0,4,9,11,83,0,0,2,64,52,17,6,0,24,52,59,50,77,15,1,3,128,92,23,2,1,1,1,8,118,22,1,4,4,2,1,7,0,48,20,11,22,13,6,0,1,108,121,32,11,1,0,0,114,29,41,37,7,0,0,8,106,9,1,3,2,0,0,17
9,4,0,0,0,0,0,5,17,1,2,5,0,0,0,13,2,0,14,56,2,0,1,4,0,0,3,128,36,6,0,0,6,9,0,0,0,0,0,0,11,1,0,0,0,0,0,15,7,1,0,2,14,8,3,11,0,0,0,19,114,203,7,0,3,0,0,0,0,0,3,7,15,2,0,0,0,0,0,6,19,6,0,0,67,19,0,0,0,0,0,0,203,203,2,0,4,0,0,0,0,0,1,4,22,6,0,0,0,0,0,2,12,3,0,0,106,43,0,0,0,0,0,3,203,203,0,0
100,98,6,0,0,0,0,0,49,56,5,0,0,0,0,17,123,27,9,13,0,0,0,110,41,3,74,123,6,2,12,66,93,48,1,0,0,0,0,0,87,61,0,0,0,0,1,10,74,41,0,0,0,0,6,57,89,12,0,2,56,12,12,82,81,15,0,0,0,0,2,13,41,2,0,0,0,0,22,62,74,6,0,0,0,0,35,83,123,33,0,0,123,39,0,11,28,1,0,0,0,0,19,74,25,4,0,0,0,0,13,38,123,56,0,0,0,0,3,14,123,42,0,0,123,92,1,4
0,67,21,0,0,0,0,0,0,74,47,1,0,0,0,0,3,40,47,4,0,0,0,0,64,76,37,22,16,0,0,0,20,51,7,0,0,0,0,5,24,70,15,0,0,0,0,3,13,64,71,0,0,0,0,1,91,109,16,11,14,0,0,1,39,14,1,0,0,0,0,14,65,26,1,0,0,0,0,32,56,62,8,0,0,0,0,13,85,60,7,3,3,14,7,13,4,59,33,1,0,0,0,0,13,126,50,0,0,0,0,2,11,157,29,0,0,94,28,0,3,49,13,0,0,228,228,0
14,10,8,17,28,20,14,5,78,7,1,14,19,17,9,117,38,2,0,3,12,14,117,117,17,26,15,18,20,19,82,71,12,0,0,1,10,90,117,17,117,33,0,0,5,24,35,51,49,21,0,0,6,18,48,30,60,0,0,0,1,5,36,72,76,14,0,0,2,60,41,25,117,14,0,0,0,30,103,68,8,1,0,0,0,17,117,91,12,0,0,0,0,2,117,83,26,2,0,0,0,4,26,49,12,5,4,1,3,85,95,29,21,32,30,2,1,20,95,91,33,15,16,4,0,0,53,59
22,38,26,1,0,0,1,14,55,26,53,2,0,0,17,103,87,12,6,0,0,7,20,95,8,22,8,11,9,29,34,15,71,40,26,1,0,0,3,92,79,89,126,3,0,0,0,38,28,67,126,16,0,2,8,25,43,126,57,3,1,9,9,6,97,49,13,47,22,1,3,61,126,51,8,0,0,0,0,45,53,24,41,9,0,0,11,24,126,91,10,1,1,10,13,33,44,45,29,43,60,16,0,0,126,53,2,0,0,0,0,15,43,79,43,0,0,0,1,7,80,97,28,19,5,7,4,14
64,0,0,0,0,0,0,8,164,15,4,10,0,0,0,17,19,24,20,39,1,0,0,0,24,48,5,0,0,0,0,0,80,3,0,0,0,0,0,3,164,105,23,9,0,0,0,13,33,59,91,118,3,0,0,2,0,79,55,10,0,0,0,0,75,0,0,0,0,0,0,8,164,19,2,2,0,0,1,95,91,35,40,58,9,1,4,45,2,64,113,11,0,0,0,0,37,0,0,0,0,0,0,6,164,1,0,0,0,0,2,68,134,28,2,0,0,2,59,46,7,22,14,0,0,1,83,23
7,22,37,11,21,29,76,19,28,17,16,5,3,8,84,100,92,39,11,2,0,7,107,114,82,20,5,5,0,0,0,35,13,17,40,22,9,4,7,25,26,22,32,30,22,16,10,8,114,114,29,2,1,4,13,47,110,60,7,9,7,6,13,37,20,13,1,0,1,6,39,42,53,114,51,8,10,14,16,8,114,39,68,41,4,0,17,92,55,1,0,4,3,5,44,114,13,92,18,0,0,7,7,4,55,85,16,4,0,24,35,77,14,9,31,58,45,40,25,83,100,2,3,11,24,20,4,89
29,17,1,0,0,0,0,21,140,36,0,0,0,0,0,28,140,43,0,0,0,0,0,5,117,11,0,0,0,0,0,0,63,40,0,0,0,0,0,1,140,51,0,0,0,0,0,26,140,10,0,0,0,0,0,32,140,9,0,0,0,0,0,4,82,3,0,0,0,0,0,33,140,45,0,0,0,0,0,27,140,31,0,0,0,0,7,75,123,3,0,0,0,0,15,94,54,1,0,0,0,0,0,10,140,26,0,0,0,0,0,7,56,12,0,0,0,0,5,38,140,6,0,0,0,0,5,47
147,11,0,0,0,0,0,33,101,38,0,0,0,0,0,9,147,55,0,0,0,0,0,27,147,13,0,0,0,0,0,29,147,5,0,0,0,0,0,109,147,3,0,0,0,0,0,54,147,68,0,0,0,0,0,41,147,29,0,0,0,0,15,117,147,10,0,0,0,0,0,3,79,4,0,0,0,0,0,4,147,24,0,0,0,0,0,3,70,7,0,0,0,0,2,23,0,0,0,0,0,0,0,0,0,0,0,0,0,0,0,0,0,0,0,0,0,0,0,0,0,0,0,0,0,0,0,0
77,24,6,5,1,1,3,7,85,78,15,0,0,0,8,26,97,64,17,0,0,0,7,19,121,58,123,70,19,3,4,2,128,35,5,0,0,0,0,3,83,23,2,0,0,0,6,64,128,37,0,0,0,0,3,43,128,18,0,0,0,0,0,4,128,4,0,0,0,0,0,5,74,35,0,0,0,0,0,7,128,29,0,0,0,0,0,44,128,1,0,0,0,0,0,32,110,0,0,0,0,0,0,66,74,6,0,0,0,0,0,29,128,22,0,0,0,0,0,31,127,7,0,0,0,0,9,62
33,0,0,0,0,0,43,104,10,1,0,0,0,13,120,93,18,7,0,0,6,15,120,81,21,48,120,120,120,39,53,5,28,4,3,4,4,11,53,61,93,50,5,0,0,6,67,52,84,71,6,0,0,1,20,33,120,41,25,2,0,0,1,56,77,11,6,3,1,0,0,36,120,28,3,0,0,0,4,48,60,12,0,0,0,0,28,83,120,3,0,0,0,0,0,62,94,5,0,0,0,0,0,64,48,20,0,0,0,0,2,21,55,4,0,0,0,0,11,45,91,1,0,0,0,0,0,85
109,71,3,0,0,0,0,9,66,41,1,0,0,0,0,5,1,125,17,0,0,0,0,0,0,125,18,0,0,0,0,0,42,69,7,1,3,3,4,17,125,93,2,0,0,0,0,21,47,125,15,0,0,0,0,4,4,125,20,0,0,0,0,0,18,45,66,9,5,2,1,5,125,33,24,6,0,0,0,69,125,50,0,0,0,0,0,66,68,97,5,2,2,1,5,13,16,56,41,8,0,0,0,0,30,33,58,32,0,0,0,10,125,20,12,4,0,7,11,77,68,5,1,4,6,125,123,49
38,4,0,0,0,0,0,0,126,36,0,0,0,0,11,25,44,33,15,1,0,0,47,38,2,7,43,5,0,0,21,18,38,4,0,0,0,0,0,5,116,9,2,6,4,5,100,94,118,64,8,1,0,1,126,104,20,52,48,0,0,0,27,41,43,25,1,0,0,0,0,0,73,52,39,61,19,2,9,7,126,77,29,13,4,0,7,111,32,36,41,2,1,5,53,70,103,46,2,0,0,0,0,0,102,103,126,41,2,0,0,2,32,71,126,20,0,0,1,21,14,28,58,25,3,7,24,20
0,0,0,0,0,0,1,7,48,5,0,0,0,0,1,25,156,63,27,7,6,1,0,43,25,12,31,64,137,10,0,7,0,0,0,0,0,1,6,24,75,2,0,0,0,6,5,15,156,15,0,0,13,8,1,32,46,1,0,7,156,70,1,8,0,0,0,0,0,0,9,49,88,6,0,0,0,2,7,33,156,25,1,6,9,3,0,30,31,8,3,77,156,26,0,5,1,0,0,0,0,0,6,32,52,0,0,0,0,0,9,54,156,4,0,1,8,5,1,70,36,2,0,9,156,68,1,8
149,46,0,0,0,0,0,10,149,91,0,0,0,0,0,8,149,103,0,0,0,0,0,4,67,36,0,0,0,0,0,0,149,104,0,0,0,0,0,1,149,51,0,0,0,0,0,64,149,25,0,0,0,0,0,89,100,14,0,0,0,0,0,8,82,42,0,0,0,0,0,0,116,39,0,0,0,0,0,12,149,90,0,0,0,0,0,15,84,19,0,0,0,0,0,5,0,0,0,0,0,0,0,0,4,2,0,0,0,0,0,0,23,12,0,0,0,0,0,0,12,5,0,0,0,0,0,0
128,21,0,0,0,0,0,16,109,41,20,0,0,0,1,18,50,50,24,0,0,0,1,5,84,38,1,2,1,0,0,0,128,9,0,0,0,0,0,47,122,2,0,0,0,0,13,113,128,26,0,0,0,0,6,42,103,53,6,0,0,0,0,0,128,5,0,0,0,0,0,28,128,19,0,0,0,0,0,43,128,71,0,0,0,0,0,7,113,56,3,0,0,0,0,0,124,14,0,0,0,0,0,16,128,43,0,0,0,0,0,11,128,60,0,0,0,0,0,3,83,25,0,0,0,0,0,0
0,0,2,14,6,0,0,0,59,1,1,7,2,2,1,3,173,3,0,0,0,0,0,10,124,3,0,0,114,15,0,4,0,0,2,7,2,50,32,0,68,1,0,2,3,44,42,30,173,6,0,0,0,0,4,39,132,2,0,0,132,55,8,16,0,4,15,0,0,46,41,0,102,51,10,0,0,17,19,8,173,42,0,0,0,3,5,24,56,5,21,11,43,96,20,21,0,6,30,1,0,0,0,0,80,29,10,0,0,0,0,7,173,18,1,0,0,0,9,57,30,16,36,7,3,22,56,19
1,1,0,0,0,3,2,0,2,25,21,1,0,2,2,0,0,6,56,31,11,1,0,0,24,3,21,20,8,0,0,10,15,2,0,0,0,3,8,3,130,106,42,3,1,0,0,7,20,39,130,68,8,3,1,4,8,9,130,78,0,0,0,4,19,0,0,0,0,2,11,8,130,10,1,1,8,0,3,72,70,7,12,11,95,23,18,53,17,8,58,14,7,10,99,104,2,0,0,0,3,57,19,10,130,0,0,0,5,65,63,130,88,0,0,6,130,39,11,86,0,0,0,0,76,73,130,49
6,0,0,0,0,1,19,36,4,0,0,0,0,26,25,12,130,9,0,0,2,9,18,46,42,4,0,0,35,27,6,12,29,6,11,7,10,40,32,55,26,4,0,1,14,145,130,32,145,8,0,0,8,42,57,112,53,0,0,0,86,106,12,11,2,2,11,16,95,69,10,1,55,57,27,31,79,88,15,6,145,87,6,2,6,46,15,45,23,0,0,0,53,145,12,11,1,0,8,20,28,28,27,27,22,38,57,32,12,1,0,8,70,29,7,3,5,43,26,38,1,0,0,8,20,102,27,7
0,81,88,2,0,0,0,0,10,90,126,22,1,0,0,0,70,133,29,1,0,0,0,0,22,95,29,1,0,0,0,0,19,133,94,13,9,4,20,24,28,25,78,72,114,18,10,7,133,45,3,3,13,1,0,5,46,27,2,5,2,0,0,0,6,8,5,82,21,10,52,35,29,0,0,11,76,76,47,22,133,23,0,0,11,8,1,16,47,24,5,13,13,0,0,0,1,0,1,133,15,0,1,2,18,0,0,124,45,17,6,9,133,2,0,8,6,2,1,48,63,1,0,8,21,0,0,7
2,20,126,103,15,8,1,1,17,94,119,16,2,2,2,8,6,19,70,79,18,0,0,0,9,34,91,68,15,0,0,0,5,2,6,35,85,67,7,7,126,19,10,19,17,20,10,44,28,7,17,33,46,13,5,23,18,8,62,34,2,2,3,49,3,4,6,105,63,5,0,0,126,29,9,33,33,4,0,5,28,1,0,2,126,89,23,30,30,0,0,4,12,26,29,126,0,0,0,12,65,24,4,0,73,4,0,5,51,5,1,2,19,0,0,5,126,65,13,14,52,0,0,2,63,33,24,126
0,0,0,119,29,10,24,13,68,0,0,20,33,51,20,16,149,26,1,1,2,1,0,13,17,9,2,13,27,1,0,0,2,0,0,149,45,0,0,2,73,4,4,149,83,4,1,15,149,9,2,9,5,0,0,39,41,1,1,9,44,1,0,2,30,0,1,113,24,0,0,37,18,19,23,149,60,0,0,0,149,81,24,38,4,0,0,4,51,4,0,2,55,2,0,2,84,0,0,16,4,0,0,86,1,4,11,127,19,0,0,7,65,49,20,38,4,0,0,1,22,5,0,3,58,7,1,3
28,0,0,0,0,0,0,6,129,12,2,0,0,0,6,118,14,3,4,2,0,0,55,129,7,3,7,1,0,0,45,83,37,4,0,0,0,0,0,1,129,112,32,7,0,2,2,24,21,32,71,93,22,25,37,43,0,2,17,28,17,6,109,85,34,6,17,2,0,0,0,3,129,22,7,3,1,12,9,88,37,44,66,27,30,88,13,25,0,70,129,14,13,9,3,0,21,24,31,17,12,0,0,1,129,52,6,11,10,0,5,25,54,104,58,1,0,12,61,13,0,46,60,0,0,14,103,0
7,0,0,15,137,5,1,1,133,1,0,2,35,2,2,19,78,4,0,0,0,0,1,13,137,0,0,0,0,0,0,24,6,0,0,22,137,0,0,0,137,11,0,8,55,0,0,2,91,7,1,2,1,0,0,8,137,0,0,0,0,0,0,47,2,0,0,30,137,0,0,0,137,8,0,14,60,0,0,7,72,3,0,1,6,4,0,15,137,6,0,0,0,0,0,52,0,0,0,19,130,0,0,0,106,12,0,8,54,0,0,0,55,8,2,12,14,2,0,8,137,14,1,2,1,0,0,23
2,4,5,1,0,1,31,9,8,14,26,1,0,0,41,22,0,1,35,21,24,20,30,1,0,1,25,7,22,6,0,0,20,4,5,14,39,23,18,12,155,95,78,8,3,4,20,29,17,32,155,98,6,7,12,1,6,43,155,24,4,3,1,8,26,4,4,58,58,26,2,6,155,29,11,10,6,3,0,44,109,13,34,99,80,1,0,8,12,14,23,31,61,15,15,54,12,4,3,34,63,29,0,1,155,14,3,4,2,1,0,7,131,2,0,37,79,0,0,2,3,1,0,34,120,9,9,6
34,0,0,0,0,0,1,81,149,24,3,3,4,3,1,62,34,12,6,27,149,44,2,7,0,0,0,2,58,27,0,0,50,0,0,0,0,0,2,109,149,28,0,2,18,7,2,56,50,9,0,6,149,87,2,6,0,0,0,0,45,55,9,0,61,0,0,0,0,0,0,20,149,10,0,0,19,46,11,65,23,2,0,0,134,149,21,11,0,0,0,0,10,63,55,3,3,0,0,0,0,0,0,0,38,0,0,0,15,44,4,18,2,0,0,0,54,149,37,16,0,0,0,0,0,13,44,49
0,0,0,0,0,0,0,0,8,1,0,0,0,0,0,0,68,19,0,0,0,0,0,0,118,31,0,0,0,0,0,2,40,3,0,0,0,0,0,3,157,15,0,0,0,0,0,12,157,69,0,0,0,0,0,5,157,55,0,0,0,0,0,2,67,15,0,0,0,0,0,1,157,20,0,0,0,0,0,22,157,4,0,0,0,0,0,51,157,4,0,0,0,0,0,51,5,1,0,0,0,0,0,0,156,8,0,0,0,0,0,12,157,0,0,0,0,0,0,41,140,0,0,0,0,0,0,42
5,1,0,0,0,0,11,13,61,8,0,0,0,0,128,128,39,2,0,0,0,4,128,128,5,0,0,0,0,20,104,62,45,11,0,0,0,0,0,8,128,62,0,0,0,0,3,29,110,17,0,0,0,0,6,75,18,0,0,0,0,0,37,95,95,1,0,0,0,0,0,65,128,8,0,0,0,0,5,101,23,1,0,0,0,0,64,99,0,0,0,0,0,1,109,47,126,0,0,0,0,0,0,73,128,0,0,0,0,0,1,95,12,0,0,0,0,0,29,55,0,0,0,0,0,1,54,14
59,12,0,0,0,2,5,15,135,39,4,0,0,1,2,22,33,14,12,27,91,55,8,17,0,0,0,8,69,30,0,0,79,1,0,0,0,0,0,62,135,67,9,9,9,3,1,30,20,19,10,36,135,57,3,4,0,0,0,3,63,37,0,0,68,1,0,0,0,0,1,122,135,30,1,3,31,16,2,59,23,5,1,9,135,106,2,5,0,0,0,0,33,42,4,0,107,4,0,0,0,0,0,34,135,35,0,1,39,46,6,23,7,2,0,1,135,135,10,1,0,0,0,0,6,40,28,0
26,58,24,0,0,0,0,0,138,103,5,10,41,2,0,10,16,12,3,74,138,3,0,2,0,0,5,66,32,0,0,0,52,39,2,0,0,0,0,0,138,51,2,14,37,4,1,22,20,7,4,135,138,8,1,5,0,0,14,132,29,0,0,0,59,19,0,0,0,0,0,8,138,31,1,5,14,12,8,62,12,4,1,51,138,43,8,14,0,0,0,72,67,0,0,0,60,15,0,0,0,0,0,7,131,40,4,11,8,4,7,34,9,8,4,50,121,30,8,6,0,6,3,16,62,14,0,0
36,40,18,1,0,0,0,0,41,33,62,65,23,0,0,0,138,33,2,11,5,0,0,0,37,21,1,0,0,0,0,0,138,18,1,1,2,0,0,0,107,16,6,35,138,29,0,1,138,17,0,6,28,7,0,4,52,9,0,0,0,0,0,5,138,12,0,1,3,0,0,0,111,11,1,44,138,18,0,1,138,6,0,8,31,4,1,31,33,2,0,0,0,0,18,33,138,8,0,0,4,2,0,9,81,8,0,2,138,38,0,8,138,56,4,0,22,6,0,8,14,27,32,0,0,0,4,8
43,4,4,112,144,0,0,1,144,12,3,12,12,0,0,13,47,17,12,20,0,0,0,0,0,0,6,55,0,0,0,0,21,1,3,119,144,0,0,0,144,10,4,29,41,0,0,14,95,22,13,14,0,0,0,2,0,0,10,60,0,0,0,0,5,1,4,112,144,2,0,0,144,47,16,56,62,0,0,11,123,35,10,4,0,0,0,5,0,3,17,43,0,0,0,0,0,5,62,59,33,2,1,0,35,108,107,49,12,0,0,0,23,72,27,0,0,0,0,0,0,4,16,26,2,0,0,0
65,25,2,0,0,0,0,8,48,25,1,0,0,0,0,2,77,29,3,0,0,0,0,2,20,63,11,0,0,0,0,0,111,24,1,0,0,0,0,17,64,9,1,0,0,0,0,13,132,15,0,0,0,0,0,16,86,30,0,0,0,0,0,0,33,41,7,4,5,32,40,6,32,20,4,0,0,10,119,61,132,22,0,0,0,0,11,48,86,21,0,0,0,0,0,6,6,0,0,4,132,132,71,5,113,1,0,4,45,86,132,132,132,20,0,0,0,0,72,132,36,4,0,0,0,0,35,49
62,24,2,0,0,0,0,4,61,72,3,0,0,0,0,3,120,10,0,1,0,0,0,123,68,3,15,85,15,4,14,123,123,6,0,0,0,0,0,17,117,18,0,0,0,0,0,4,64,7,0,0,0,0,2,49,73,0,0,1,3,3,21,123,123,9,0,0,0,0,25,78,86,8,0,0,0,0,12,27,15,0,0,0,0,0,28,49,54,0,0,0,0,0,5,98,123,9,6,1,0,0,123,123,71,9,0,0,0,0,123,123,43,7,0,0,0,0,6,24,47,6,0,0,0,0,0,17
67,85,0,0,0,0,0,4,36,57,0,0,0,0,0,12,125,25,0,0,0,0,0,36,125,11,2,36,66,19,13,95,86,33,0,0,0,0,15,125,36,10,0,0,0,0,3,64,125,20,0,0,0,0,0,49,125,42,10,34,28,11,11,75,125,125,22,0,0,0,4,86,42,70,2,0,0,0,0,7,116,40,0,0,0,0,0,31,83,3,1,4,7,27,69,125,38,24,4,0,0,0,4,125,56,18,0,0,0,0,0,66,44,16,0,0,0,2,4,13,8,2,0,0,0,40,23,13
16,0,0,0,0,0,0,0,136,16,0,0,14,6,0,11,61,8,0,2,136,46,0,5,136,43,2,0,10,3,0,7,24,1,0,0,0,0,0,0,136,23,0,3,23,5,0,17,92,15,0,15,136,18,0,6,136,55,2,0,7,0,0,0,26,3,0,0,0,0,0,0,136,28,1,3,20,13,3,23,103,8,0,10,116,58,4,9,136,21,0,0,3,1,0,0,27,2,0,0,0,0,0,2,136,22,2,10,23,6,5,20,88,11,1,30,89,21,4,3,136,15,0,0,0,0,0,2
123,5,0,0,2,0,0,12,101,8,0,15,135,15,0,12,147,42,2,2,26,1,0,0,21,25,23,0,0,0,0,0,131,12,0,0,1,1,0,16,117,10,1,19,118,46,4,20,147,5,0,3,23,8,0,3,43,3,0,0,0,0,0,0,121,10,0,1,1,1,4,27,108,11,2,42,103,38,19,24,147,5,0,7,18,6,1,18,40,0,0,0,0,6,9,7,16,0,0,0,0,0,16,34,41,0,0,0,10,38,62,40,147,0,0,0,2,7,20,101,11,1,0,0,0,41,74,27
3,6,6,32,8,0,1,2,92,120,39,29,3,0,0,0,25,76,19,120,120,0,0,0,12,20,58,120,118,38,9,5,45,8,1,2,0,0,2,49,120,79,1,4,5,4,7,19,43,20,7,85,108,44,18,5,1,14,99,107,31,24,9,0,103,21,1,0,0,0,0,37,120,3,0,0,3,37,61,84,12,1,0,2,21,114,120,42,6,4,2,10,17,25,26,43,15,34,11,0,0,14,7,2,12,1,0,0,4,23,52,27,3,0,1,3,7,39,51,24,1,0,0,1,0,2,56,74
92,0,0,0,0,0,16,133,149,0,0,0,0,0,0,149,24,5,0,0,0,0,0,6,2,2,0,0,0,0,0,0,98,10,0,0,0,0,0,44,149,6,0,0,0,0,0,128,79,14,14,1,0,0,0,8,0,0,17,3,0,0,0,0,53,109,14,0,0,0,0,13,149,149,1,0,0,0,0,10,100,22,6,0,0,0,0,0,0,0,14,2,0,0,0,0,2,149,115,0,0,0,0,0,39,149,20,0,0,0,0,0,17,19,0,0,0,0,0,1,0,0,0,0,0,0,1,1
4,0,0,0,0,0,87,143,26,8,1,0,0,0,7,143,4,9,2,0,0,0,0,9,0,1,0,0,0,0,1,0,50,2,0,0,0,0,24,143,143,7,0,0,0,0,2,143,61,1,0,0,0,0,1,31,2,1,0,0,0,0,0,1,100,73,0,0,0,0,5,7,143,143,0,0,0,0,0,7,71,22,0,0,0,0,0,3,1,0,0,0,0,0,0,3,129,143,0,0,0,0,0,0,143,143,0,0,0,0,0,0,8,8,0,0,0,0,0,3,0,0,0,0,0,0,1,2
107,0,0,0,0,1,8,73,2,0,2,13,26,4,4,29,0,0,0,74,112,4,0,0,0,3,9,108,47,0,0,0,112,11,6,4,10,35,30,91,85,19,8,18,12,11,25,112,14,2,2,112,73,0,0,3,0,1,29,112,26,0,0,0,68,112,75,8,7,8,12,20,75,94,75,11,5,3,9,24,15,9,17,51,62,5,4,2,3,6,38,56,35,3,0,1,19,33,10,3,9,85,112,69,69,17,17,7,0,4,52,112,34,56,66,28,4,1,0,9,2,13,102,77,30,16,0,0
4,19,29,0,0,1,19,12,32,54,48,0,0,0,6,10,157,157,12,0,0,0,1,3,63,65,9,14,1,0,0,0,8,47,40,1,1,2,11,9,105,30,11,5,10,1,1,38,157,73,0,0,0,0,0,31,62,27,19,14,0,0,0,0,4,44,37,5,16,15,0,0,117,20,7,6,42,35,4,13,157,34,0,0,0,0,2,64,73,13,8,0,0,0,2,40,1,13,16,44,37,8,0,0,74,32,17,26,38,17,2,16,137,28,3,0,0,0,14,157,91,17,0,0,0,0,7,119
0,8,20,22,14,2,0,0,79,57,8,0,0,0,0,0,133,47,1,0,0,0,0,21,62,17,15,0,0,2,9,30,0,3,133,133,8,0,0,0,60,38,103,64,0,0,0,3,133,29,8,3,0,0,11,81,33,1,1,1,0,31,103,56,0,0,86,133,33,0,0,0,5,15,83,133,12,0,0,0,47,105,56,27,2,0,5,19,6,17,79,42,0,10,39,9,0,0,2,133,43,0,0,0,1,3,5,113,89,0,0,0,61,35,9,14,13,0,0,2,20,8,23,19,0,0,1,4
0,0,13,114,29,9,0,0,52,1,3,66,39,5,5,29,44,2,0,0,1,19,45,35,2,5,0,0,6,24,32,3,0,0,0,8,24,124,57,1,9,0,0,11,55,124,64,26,61,32,0,0,0,16,72,62,26,109,13,0,0,3,13,4,0,0,0,0,0,124,124,4,47,1,0,0,0,78,97,30,124,47,0,0,0,3,6,36,117,124,1,0,0,0,0,1,1,1,2,0,0,7,49,11,46,4,0,0,0,1,16,45,124,54,0,0,0,0,0,66,124,124,0,0,0,0,0,4
5,5,43,118,65,0,0,0,146,96,2,14,14,0,0,0,84,53,0,0,2,25,17,6,28,6,7,2,0,5,11,17,15,2,1,21,146,7,0,0,146,36,0,3,50,4,0,4,93,16,0,1,63,54,10,10,104,28,0,0,2,6,7,17,20,0,0,0,146,14,0,6,146,3,0,1,48,4,0,19,90,33,19,18,60,4,0,4,76,37,4,1,2,4,5,4,20,6,2,15,146,8,1,12,146,53,3,6,24,0,0,2,52,50,37,6,1,0,3,2,7,19,28,5,1,1,3,3
4,0,1,1,27,37,16,18,112,5,8,1,3,7,12,101,38,14,38,12,0,0,2,41,14,61,24,2,0,9,9,7,16,9,0,0,41,43,3,1,128,32,0,0,4,6,6,37,38,3,2,0,0,14,79,111,15,20,7,1,5,40,77,77,18,75,22,0,8,16,14,4,57,49,35,16,3,14,16,11,9,61,33,5,2,50,67,19,65,128,23,0,0,3,27,43,8,128,128,8,0,0,0,0,0,37,128,97,1,1,0,0,0,128,128,16,1,2,0,0,4,128,75,5,2,0,0,0
25,19,1,0,0,0,26,27,1,2,2,1,12,13,36,6,1,8,27,37,38,15,4,0,53,60,62,19,2,1,0,2,8,2,0,0,0,1,139,77,31,3,0,0,0,6,139,66,139,116,47,3,1,5,22,31,23,136,139,3,0,0,0,0,53,55,0,0,0,0,23,21,86,49,6,0,0,0,18,23,139,42,4,0,0,0,1,73,74,40,24,1,3,6,3,24,58,21,0,0,0,0,0,11,43,20,4,0,0,0,0,17,139,4,4,0,0,0,0,139,77,0,0,3,22,12,3,112
4,10,18,89,94,12,1,4,49,85,34,15,16,4,2,17,3,16,18,14,49,22,1,0,0,2,10,30,44,33,2,0,18,0,0,10,149,58,5,10,149,9,2,21,39,13,4,45,32,17,11,113,73,2,0,0,20,56,61,39,7,0,0,2,33,1,0,24,149,5,1,3,149,7,1,12,35,0,0,5,71,9,11,149,15,0,0,1,36,24,23,71,2,0,5,40,28,3,0,11,149,8,0,1,149,1,0,1,31,1,0,15,69,3,7,21,1,0,3,8,1,1,26,73,6,1,6,7
48,5,10,6,5,8,17,76,40,0,8,17,22,115,66,115,55,52,57,30,23,117,99,22,117,76,17,0,1,8,25,47,18,3,0,1,10,74,21,31,117,23,21,20,7,12,13,82,40,60,107,60,6,2,0,4,60,50,13,2,0,3,26,56,37,66,0,0,6,49,3,1,117,74,1,1,0,1,6,42,53,19,37,26,0,0,7,70,12,88,64,3,0,15,42,11,18,65,36,18,2,4,5,4,30,20,6,3,1,10,75,38,35,23,7,0,0,5,54,117,8,20,45,11,7,62,76,24
18,13,30,15,2,10,73,16,85,7,10,6,2,3,55,117,38,0,6,13,21,117,86,109,61,35,23,11,11,117,117,29,33,12,10,6,7,25,23,17,30,2,3,4,15,76,34,73,117,15,40,37,18,33,25,102,45,77,100,43,8,12,3,7,2,6,0,0,11,58,38,9,61,63,0,0,10,82,6,6,117,62,4,4,0,2,3,46,33,19,42,28,0,0,3,36,6,43,66,1,1,13,28,18,34,98,30,9,2,10,7,5,48,26,1,1,0,9,70,54,27,15,7,0,0,7,44,117
1,0,2,5,0,26,131,11,1,12,17,5,0,103,131,0,0,60,44,0,0,123,74,0,1,102,72,0,3,35,23,0,9,0,0,0,0,13,116,20,106,126,19,0,0,21,60,12,19,131,106,0,1,5,5,2,0,63,51,2,41,38,0,0,13,0,0,0,0,5,38,27,131,20,0,0,0,1,8,78,100,22,6,2,8,2,0,30,11,11,3,4,86,31,0,1,18,0,0,0,0,0,17,26,131,3,0,0,0,0,3,55,89,4,0,0,5,32,21,35,16,1,0,0,31,74,19,13
3,0,0,0,4,4,137,137,0,0,0,0,0,16,137,49,4,0,1,1,0,6,137,75,19,0,0,0,0,5,99,137,45,1,0,5,19,9,36,110,73,21,14,5,0,11,73,49,26,16,46,23,5,10,60,36,79,3,2,1,3,16,37,137,83,32,0,36,62,3,1,59,124,49,3,0,1,2,8,33,8,3,7,7,13,56,29,11,47,3,0,1,7,39,24,75,77,45,0,6,44,24,20,37,34,33,1,0,3,11,54,28,1,6,0,0,12,69,16,2,70,47,0,0,2,23,2,5
1,0,0,0,3,37,22,5,3,5,4,0,0,112,72,9,0,20,33,15,9,112,67,0,0,35,99,41,35,106,9,0,14,4,2,2,7,112,105,18,102,83,34,1,2,87,79,36,15,94,89,26,50,35,6,4,11,112,75,26,16,2,0,0,32,44,70,35,22,75,26,18,112,70,19,2,1,10,32,76,64,62,3,1,26,50,35,31,46,42,2,5,19,7,3,3,56,12,24,14,0,0,0,22,16,52,36,7,0,3,15,14,41,97,4,0,0,28,63,8,6,11,1,0,3,60,95,0
4,0,0,2,2,9,123,106,14,3,1,0,0,0,101,123,2,3,8,0,0,0,112,73,0,0,13,15,0,0,70,53,33,24,62,31,7,5,24,38,123,86,23,0,0,0,20,73,23,44,108,23,0,1,39,32,0,0,69,51,2,2,77,47,8,14,77,41,5,0,0,0,123,32,22,11,1,0,0,51,123,49,74,10,0,0,0,40,4,18,123,72,0,0,0,0,0,10,71,23,1,0,0,0,64,21,83,17,0,0,0,17,123,24,6,0,0,0,0,39,34,15,25,10,1,0,0,4
29,26,1,0,0,0,0,8,25,5,2,1,0,1,7,12,4,12,31,45,2,1,8,6,1,5,105,192,192,28,0,0,21,26,0,0,0,0,0,2,28,8,1,0,0,0,0,4,30,22,4,1,4,0,0,2,3,8,2,20,192,181,0,0,32,1,0,0,0,0,0,18,31,2,0,0,0,0,0,3,63,4,0,1,3,0,0,0,11,3,10,192,192,28,0,0,27,25,3,0,0,0,0,2,18,14,4,1,1,1,0,0,57,1,0,0,0,0,0,0,32,6,17,82,9,0,0,0
9,0,0,3,23,12,7,27,1,0,0,3,95,56,24,13,35,22,0,0,24,69,35,14,98,76,0,0,3,5,0,0,11,0,0,0,9,69,84,100,12,0,0,0,66,137,55,14,137,46,0,0,3,38,47,49,118,61,0,0,0,2,3,2,1,0,0,0,1,43,137,75,37,24,7,4,33,123,47,8,137,38,4,1,3,6,3,41,94,5,0,0,0,2,8,35,19,21,0,0,0,10,50,13,51,92,9,3,0,1,9,7,137,30,11,7,1,0,0,48,92,0,0,0,0,0,1,52
9,4,0,0,0,0,0,0,10,2,0,0,0,0,0,4,6,0,1,3,17,3,0,9,0,0,0,8,205,165,7,0,8,0,0,0,0,0,0,3,5,0,0,0,0,0,2,9,18,0,0,0,41,2,0,5,1,0,0,13,205,48,0,0,3,0,0,0,0,0,1,10,11,3,0,0,0,0,0,4,20,4,0,0,43,11,0,0,0,0,0,35,205,45,0,0,7,8,0,0,0,0,0,2,6,10,2,0,0,0,0,0,6,1,0,0,43,97,1,0,0,0,0,4,205,205,2,0
41,0,0,0,30,41,18,95,83,2,3,0,0,0,7,138,25,7,18,8,3,1,7,61,6,10,17,14,6,3,6,5,73,3,0,0,59,43,11,47,138,5,0,0,0,0,0,115,100,9,0,0,0,0,11,65,37,57,5,0,2,3,16,16,94,39,0,0,15,17,18,6,138,82,0,0,0,0,0,3,111,105,2,0,0,5,2,4,26,70,2,0,0,31,32,18,63,138,18,0,0,2,7,6,110,138,2,0,0,3,0,0,45,75,1,0,2,89,15,1,2,3,0,0,0,79,54,20
26,80,129,91,29,5,0,1,113,129,129,2,0,0,0,29,97,94,7,0,0,0,2,65,60,8,2,3,2,2,17,49,108,19,17,0,0,0,0,0,129,81,12,0,0,0,0,3,70,107,4,0,0,0,0,5,66,24,2,0,0,0,0,8,120,0,0,0,0,0,0,10,129,3,0,0,0,0,0,40,99,10,0,0,0,0,0,70,65,5,0,0,0,0,0,12,72,0,0,0,0,0,0,51,129,5,0,0,0,0,0,16,96,63,6,0,0,0,0,14,45,35,10,2,3,2,0,3
14,21,1,0,0,4,18,32,127,45,0,0,0,4,3,20,127,8,2,20,4,15,96,127,1,0,18,127,121,115,111,38,42,51,2,0,0,0,2,43,60,28,2,0,0,0,4,57,60,16,27,14,7,23,51,61,4,8,127,84,38,77,58,8,62,3,4,3,0,0,2,96,87,25,0,0,0,0,1,47,111,45,9,1,0,0,0,29,28,11,72,13,0,0,3,73,31,33,15,30,21,3,0,13,113,46,0,0,0,0,0,18,79,8,0,0,0,0,0,10,35,1,0,0,0,0,3,27
111,36,0,0,0,0,0,5,147,31,0,0,0,0,0,11,147,34,0,0,0,0,0,8,147,39,1,0,0,0,0,34,147,26,0,0,0,0,0,12,147,31,0,0,0,0,0,73,147,35,0,0,0,0,0,63,147,102,9,0,0,0,0,16,45,8,0,0,0,0,0,0,63,8,0,0,0,0,0,9,147,29,0,0,0,0,0,6,134,137,22,4,2,0,0,0,0,0,0,0,0,0,0,0,0,0,0,0,0,0,0,0,0,0,0,0,0,0,0,0,0,0,0,0,0,0,0,0
24,10,0,0,0,0,2,8,25,12,3,20,1,0,4,7,21,19,44,241,39,0,0,2,0,0,68,241,93,1,0,0,11,36,9,1,0,0,0,0,41,21,26,5,0,0,0,7,91,17,15,59,1,0,0,32,7,0,68,241,11,0,0,3,49,28,6,9,14,0,0,3,27,38,65,14,0,0,0,0,52,24,31,7,0,0,2,9,9,5,14,30,13,1,10,8,22,64,7,4,10,1,0,0,26,50,17,6,0,0,0,0,5,31,56,12,0,0,0,1,4,87,81,0,0,0,2,1
7,45,19,0,0,11,44,12,40,33,18,11,9,13,20,77,85,4,6,12,19,23,7,53,69,0,0,0,0,1,1,23,31,1,0,0,0,21,80,57,114,11,6,8,3,8,15,56,114,28,20,23,7,14,5,12,102,4,0,0,0,15,17,10,114,8,0,0,0,0,6,73,114,29,0,0,4,17,10,19,92,4,2,3,7,42,39,59,63,3,0,1,62,113,33,38,114,59,1,0,0,0,4,25,113,20,0,0,27,68,16,21,56,0,0,0,29,105,97,114,49,5,1,3,57,96,104,60
42,7,6,5,0,0,0,10,143,21,4,44,58,0,0,35,7,2,2,103,143,0,0,1,3,0,2,11,4,2,6,47,31,10,24,26,0,0,0,2,143,44,8,38,39,0,0,16,31,9,5,143,143,0,0,2,0,0,17,57,15,0,0,0,14,9,24,19,0,0,0,1,143,27,6,9,22,1,0,64,52,5,1,99,143,2,0,19,0,0,16,49,43,0,0,0,2,4,41,11,0,0,0,0,143,15,14,7,6,1,5,34,64,5,0,60,143,28,16,23,0,0,4,28,47,4,0,0
10,0,0,0,0,0,2,29,151,40,6,2,7,5,1,7,64,18,15,29,148,60,3,3,5,2,0,2,20,11,23,21,32,1,0,0,0,0,2,60,151,41,0,4,26,9,1,19,51,10,0,15,151,83,4,3,1,0,0,0,22,14,17,19,50,1,1,1,0,0,1,40,151,3,0,0,41,36,4,49,30,1,0,1,151,151,10,13,0,0,0,0,7,14,12,48,43,3,1,15,14,1,0,5,151,8,0,0,50,22,3,23,10,0,0,1,151,56,3,6,0,0,0,0,4,2,2,29
33,7,0,0,8,32,10,12,59,0,0,0,20,39,20,43,43,18,3,2,43,57,23,25,27,12,1,0,4,6,13,26,10,0,0,0,41,121,69,32,29,4,0,0,17,78,126,110,126,29,1,0,9,33,78,63,43,19,1,1,31,29,1,1,0,0,0,0,20,73,126,29,52,35,1,0,13,33,80,71,126,43,0,0,1,6,97,126,22,2,0,0,12,44,122,32,0,0,0,0,0,0,16,4,3,0,0,0,0,0,27,38,6,0,0,0,0,0,126,106,0,0,0,0,0,3,126,62
48,2,0,0,0,0,0,6,129,10,0,0,0,0,50,102,49,31,12,0,0,0,61,91,11,22,29,0,0,0,9,25,36,20,1,0,0,0,0,3,107,47,44,22,0,1,29,49,129,82,23,2,0,0,22,99,15,43,34,0,0,2,46,43,119,53,2,0,0,0,0,0,129,129,129,14,0,0,1,6,58,86,129,10,0,1,9,37,18,33,65,16,2,4,36,30,129,13,0,0,0,0,0,2,129,26,18,0,0,0,12,44,2,4,39,6,0,1,46,26,13,11,17,7,0,1,18,15
53,67,56,9,0,0,0,6,6,12,122,91,12,0,0,0,28,122,122,81,24,0,0,0,10,31,9,70,122,7,7,4,85,28,0,0,0,0,0,9,39,4,5,0,0,0,0,2,9,8,10,7,11,0,0,3,2,3,5,122,122,1,1,1,53,67,103,3,0,0,0,30,24,10,74,31,1,0,0,1,17,11,3,6,1,0,0,4,14,22,24,99,57,18,2,6,20,104,122,22,7,3,26,29,0,3,122,122,122,32,2,1,10,1,1,20,35,10,5,11,10,2,0,12,77,38,9,18
36,37,5,0,0,11,33,25,134,23,4,0,0,0,20,134,57,13,11,5,2,25,134,134,14,15,33,8,1,12,134,134,24,134,19,0,0,0,0,0,87,74,35,2,0,0,0,35,130,26,1,0,0,1,12,49,29,33,1,0,0,0,24,22,59,103,7,0,0,0,0,0,19,81,45,5,0,0,0,1,102,79,7,0,0,0,0,6,51,82,2,0,0,0,0,1,24,97,4,0,0,0,0,0,6,98,22,0,0,0,0,0,30,42,31,1,0,0,0,4,93,27,5,0,0,0,0,19
32,9,0,0,20,107,35,53,87,43,0,0,0,1,53,131,41,14,1,0,0,4,44,131,59,2,0,0,0,0,1,95,104,36,0,0,0,3,3,5,131,75,3,0,0,0,0,9,85,87,18,0,0,0,0,25,102,40,1,0,0,0,1,38,91,59,1,0,0,0,0,2,131,15,0,0,0,0,0,50,131,33,1,0,0,0,0,50,87,70,1,0,0,0,0,1,66,9,0,0,0,0,1,23,131,12,0,0,0,0,0,20,131,53,0,0,0,0,0,7,76,42,0,0,0,0,0,0
103,40,0,0,0,0,0,8,106,51,1,0,0,0,0,5,131,7,0,0,0,0,0,50,81,17,1,0,0,0,0,32,131,31,0,0,0,0,0,15,114,10,0,0,0,0,0,16,131,11,0,0,0,0,0,32,131,51,0,0,0,0,0,9,104,3,0,0,0,0,6,89,131,15,0,0,0,0,4,60,131,51,0,0,0,0,0,7,131,38,0,0,0,0,0,17,47,6,0,0,0,0,0,13,131,35,0,0,0,0,0,8,131,39,0,0,0,0,0,5,131,10,0,0,0,0,0,28
0,1,0,0,208,208,1,0,4,0,0,0,49,111,32,30,20,6,0,0,0,1,52,93,8,2,0,0,0,4,29,47,1,0,0,0,208,208,6,4,29,4,0,0,4,21,5,7,98,17,0,0,0,0,0,13,32,23,3,0,0,0,1,10,26,0,0,0,54,111,6,27,41,21,0,0,0,0,0,7,90,9,0,0,0,0,0,18,43,5,0,0,0,0,0,27,61,0,0,0,3,9,1,19,58,7,0,0,0,0,0,4,45,1,0,0,0,0,0,12,51,2,0,0,0,0,0,15
4,0,0,0,0,10,31,25,94,15,0,0,0,6,28,39,74,26,3,3,5,23,6,11,10,3,20,41,0,6,7,30,15,5,1,1,18,126,117,25,135,21,0,0,1,34,84,104,103,1,0,0,30,135,34,23,4,0,1,2,2,35,75,135,27,48,25,23,61,55,8,2,135,109,7,1,2,44,35,34,35,1,0,0,17,135,57,11,0,0,0,0,1,38,64,112,18,19,38,15,4,0,0,23,35,18,9,11,10,43,31,21,0,0,0,14,16,92,54,15,0,0,0,1,0,3,22,56
12,5,8,6,0,0,5,13,8,8,8,2,5,3,27,19,14,27,49,10,5,5,17,21,0,4,68,24,26,7,1,0,3,9,64,93,4,1,0,2,69,12,8,42,55,25,9,13,159,93,87,33,8,3,5,21,11,28,159,71,28,3,5,6,2,10,35,69,33,32,26,1,75,10,5,83,125,29,2,2,159,20,2,19,20,0,0,11,39,3,2,56,139,7,9,5,1,5,22,22,35,38,23,1,51,15,4,30,76,30,2,0,159,42,1,6,10,0,0,0,40,9,4,46,121,0,0,0
1,0,0,9,98,21,2,2,39,0,0,0,19,12,5,35,107,0,0,0,0,0,1,25,154,0,0,0,4,0,0,32,6,0,0,2,154,31,1,3,132,2,0,0,41,14,3,26,132,2,0,0,0,0,0,14,154,0,0,0,2,0,0,38,5,2,1,38,154,2,0,0,135,26,4,19,43,0,0,1,114,3,0,0,0,0,0,7,154,0,0,0,1,0,0,34,0,1,2,38,68,1,0,0,33,26,7,27,21,0,0,1,58,2,0,0,0,0,0,12,154,0,0,0,0,0,0,31
18,23,0,0,19,151,6,1,19,33,5,0,7,151,27,2,37,89,62,0,0,29,12,9,13,68,130,1,0,0,2,15,23,26,6,2,37,151,29,5,114,151,43,3,1,43,6,6,37,95,87,61,4,2,7,20,69,47,34,6,1,4,8,49,21,49,23,15,13,35,12,5,151,44,12,2,0,3,7,95,41,14,41,36,1,14,45,53,7,20,21,4,0,15,28,1,5,1,1,15,18,10,7,5,75,0,0,0,3,3,7,102,14,0,0,0,0,8,45,70,0,0,0,0,0,5,10,0
4,40,21,7,2,6,0,1,4,97,61,12,0,9,19,3,7,55,28,0,0,1,15,17,7,35,2,0,0,0,0,0,0,36,68,35,28,11,0,0,12,18,2,11,70,122,74,22,122,30,1,1,5,25,64,122,36,71,1,0,0,0,0,7,1,20,44,115,122,8,0,0,23,9,13,122,122,28,3,5,122,64,25,47,9,5,3,85,79,45,0,0,0,0,0,27,4,1,1,11,122,109,18,17,10,5,32,69,22,11,8,21,59,81,99,34,0,0,0,23,46,47,4,0,0,0,0,10
6,0,0,5,135,19,6,26,135,12,2,3,88,7,0,10,103,43,12,5,13,8,3,7,55,14,0,0,0,0,1,16,27,4,1,11,135,26,11,52,135,78,7,13,71,5,1,14,79,85,44,2,0,0,12,17,17,26,26,1,0,0,2,12,21,4,0,5,27,91,56,21,135,20,1,5,14,33,32,135,94,29,9,0,0,4,41,71,44,25,11,2,0,0,4,24,9,7,1,0,18,55,44,32,135,67,1,0,8,14,8,35,120,81,6,0,0,1,4,8,26,40,2,0,0,3,19,8
2,2,1,11,17,37,36,4,3,0,0,8,9,10,55,69,34,27,3,0,12,36,25,28,135,66,2,0,1,2,2,11,2,2,0,11,17,8,32,31,33,3,0,20,32,23,5,23,135,135,10,0,1,2,2,17,55,135,8,0,8,9,1,0,1,1,40,21,13,18,53,58,68,2,0,2,16,64,57,67,135,36,0,0,0,1,1,113,59,20,2,2,31,7,0,21,0,0,34,36,107,70,12,1,16,0,0,3,55,77,50,123,135,0,0,0,0,0,15,135,92,5,0,0,7,2,0,48
79,0,0,0,0,0,0,152,141,0,0,0,0,0,0,152,17,0,0,0,0,0,1,27,0,0,0,0,0,0,0,0,81,5,1,3,2,0,0,43,152,5,0,0,0,0,0,131,101,0,0,0,0,0,0,25,0,0,0,0,0,0,0,0,70,54,2,12,13,0,0,0,152,142,0,0,0,0,0,4,97,17,0,0,0,0,0,1,0,0,0,0,0,0,0,0,62,104,49,36,8,0,0,0,152,152,2,0,0,0,0,0,19,13,0,0,0,0,0,0,0,0,0,0,0,0,0,0
1,0,37,40,36,1,11,19,55,6,10,81,138,0,0,4,138,12,1,5,21,9,4,23,79,11,0,1,8,9,8,17,0,0,0,4,40,19,40,98,49,2,0,25,138,11,8,30,138,29,9,7,32,0,0,35,54,64,25,3,2,0,1,3,33,3,0,0,7,25,38,66,43,9,3,36,131,31,14,39,138,41,4,13,19,6,9,73,39,26,10,0,0,3,34,41,35,10,0,0,0,10,53,26,11,0,0,1,22,121,49,18,138,2,0,0,6,26,24,135,74,31,5,0,0,2,10,29
46,1,0,0,0,0,2,128,157,0,0,0,0,0,0,157,41,0,0,0,0,0,0,28,0,0,0,0,0,0,0,0,70,8,3,37,4,0,0,10,157,10,0,0,0,0,0,52,131,1,0,0,0,0,0,14,0,0,0,0,0,0,0,0,34,29,96,129,10,0,0,0,157,116,47,1,0,0,0,4,117,14,0,0,0,0,1,7,0,0,0,0,0,0,0,0,9,42,157,32,0,0,0,0,28,120,108,0,0,0,0,0,17,20,1,0,0,1,3,0,0,0,0,0,0,1,1,0
44,12,0,0,0,3,63,31,8,1,0,0,0,6,126,29,63,13,2,1,2,8,71,45,83,103,26,0,0,0,0,17,23,9,0,0,0,4,113,38,75,18,0,0,0,2,69,31,126,13,0,0,0,0,14,70,126,8,0,0,0,2,1,126,69,42,0,0,0,0,2,5,89,42,2,0,0,0,0,14,59,98,31,0,0,0,0,28,44,30,56,16,0,0,2,126,51,69,1,0,0,0,0,0,25,126,51,0,0,0,0,1,6,126,101,2,0,0,0,0,0,38,101,90,0,0,0,5
2,0,0,0,0,11,125,83,10,2,3,0,0,0,113,125,2,3,12,1,0,0,117,53,0,0,13,32,2,1,82,34,39,23,44,12,3,7,44,50,125,65,8,0,0,0,22,79,31,54,101,14,0,0,34,20,0,1,107,38,0,0,53,25,12,18,106,22,0,0,0,0,125,38,24,4,0,0,0,45,125,57,57,3,0,0,0,44,14,25,125,39,0,0,0,0,0,14,81,14,0,0,0,0,52,34,91,4,0,0,0,9,125,19,5,0,0,0,0,44,51,9,14,4,0,1,3,18
2,48,58,5,0,38,37,2,148,102,16,0,0,2,12,15,148,56,0,0,0,0,0,23,21,10,0,0,4,0,0,0,8,31,85,9,1,0,2,13,115,36,40,12,16,1,1,31,148,9,0,0,0,0,0,75,42,0,0,2,3,0,0,4,14,15,12,2,1,0,15,61,73,134,18,4,11,2,5,19,148,148,5,0,0,0,0,16,42,4,0,3,1,0,1,6,8,49,105,8,5,0,0,5,54,76,19,8,21,11,23,78,81,45,1,0,0,0,9,148,14,1,0,0,0,0,7,40
44,0,0,0,5,1,14,123,104,1,0,0,1,2,1,87,30,1,0,0,24,66,21,9,0,0,0,0,2,20,57,71,123,6,0,0,10,10,4,64,123,12,0,0,8,10,1,52,28,1,0,0,98,123,13,5,0,0,0,0,9,46,81,50,106,110,27,9,8,3,1,6,123,55,0,0,16,44,11,17,6,0,0,0,84,123,14,5,1,0,0,0,6,63,56,27,44,74,26,15,5,0,0,0,29,36,1,3,88,37,1,0,0,0,0,0,106,123,28,2,0,0,0,0,0,73,77,8
129,46,8,0,0,0,0,45,126,4,0,5,25,2,1,66,1,0,0,23,129,29,9,2,14,1,1,6,38,42,39,22,94,79,20,0,0,0,0,2,129,45,7,19,9,0,0,12,13,9,7,129,129,1,0,1,16,6,13,123,48,2,0,7,35,66,50,10,0,0,0,0,129,43,5,7,3,0,0,24,46,3,5,129,53,0,0,10,0,0,59,129,9,0,0,0,1,21,119,32,0,0,0,0,65,62,50,3,0,0,0,4,55,18,7,47,15,0,0,3,0,3,46,63,8,0,0,0
125,11,0,0,4,30,24,29,117,31,3,0,1,0,4,117,12,0,0,0,1,0,98,125,7,0,0,0,0,0,76,111,125,67,0,0,0,6,6,15,125,21,5,8,2,0,2,20,23,6,14,25,5,1,21,65,94,17,1,0,0,0,8,123,88,125,7,0,0,0,0,0,82,66,13,1,0,0,0,14,15,69,38,9,4,1,1,8,82,125,7,0,0,0,0,13,4,107,29,0,0,2,27,3,19,61,26,0,0,0,26,27,35,56,42,4,2,4,4,25,94,33,5,1,1,2,1,27
62,26,0,0,0,0,0,16,43,38,0,0,0,4,19,22,61,44,0,0,0,0,10,36,52,14,0,0,0,0,0,8,43,24,3,3,3,5,6,36,25,8,8,31,47,129,126,71,129,33,5,4,4,21,81,129,77,50,11,0,0,0,0,12,20,77,12,11,3,1,0,0,15,59,129,129,48,29,8,7,129,129,112,23,4,5,5,34,129,30,6,0,6,4,0,18,35,57,0,0,0,0,0,0,26,85,43,6,0,0,0,0,23,94,63,1,0,0,0,1,58,30,2,2,17,6,1,13
1,0,0,0,0,15,131,104,66,2,0,0,0,1,54,131,25,8,16,6,0,4,13,9,78,33,6,2,0,1,4,14,38,22,19,8,1,1,44,90,131,71,0,0,0,0,14,131,87,25,8,14,10,4,3,16,23,2,1,4,7,2,11,35,63,100,12,5,1,1,4,12,131,78,10,2,2,1,5,131,56,3,0,1,5,8,18,131,2,0,0,1,9,4,2,3,50,57,4,0,0,7,39,59,43,20,10,4,13,23,25,96,131,3,1,0,1,5,5,127,11,0,0,0,2,25,39,17
10,0,0,0,145,132,0,3,69,0,0,0,5,3,0,19,22,0,0,0,0,0,3,31,13,1,0,0,0,0,3,14,16,0,0,0,145,112,0,3,96,0,0,0,1,1,0,15,44,15,0,0,0,0,0,11,20,35,29,5,0,0,0,6,25,0,0,0,122,72,2,6,104,21,0,0,0,0,0,9,46,145,2,0,0,0,0,2,8,145,79,33,16,16,2,0,23,14,0,2,46,14,0,1,94,145,0,0,0,0,0,1,31,145,4,0,3,40,6,0,4,57,3,2,12,145,33,1
10,58,2,0,200,223,13,0,17,2,0,0,61,223,10,8,40,15,0,0,0,5,1,2,47,14,0,0,0,0,0,3,17,0,0,0,50,223,124,17,89,9,0,0,4,36,4,9,57,14,0,0,0,0,0,4,68,5,0,0,0,0,0,6,64,5,0,0,0,10,25,21,85,8,0,0,0,0,0,10,57,6,0,0,0,0,0,17,72,13,0,0,0,0,0,1,3,0,0,0,0,0,0,0,9,1,0,0,0,0,0,0,20,5,0,0,0,0,0,1,29,6,0,0,0,0,0,0
9,24,33,18,11,21,37,16,63,129,43,2,1,5,28,79,28,103,48,5,2,0,3,18,0,5,30,30,31,2,0,0,18,32,27,9,11,17,28,39,44,103,32,0,0,0,104,129,120,45,7,4,18,0,39,84,10,5,4,14,124,7,0,1,23,6,0,0,69,29,13,14,129,23,0,0,1,1,25,58,129,54,0,1,34,2,3,18,14,4,0,3,129,10,0,0,24,12,0,1,63,6,0,0,129,35,0,0,0,0,0,0,129,51,0,0,41,4,0,0,4,1,0,0,108,12,0,0
57,5,2,10,7,0,0,11,127,0,0,0,0,0,0,75,127,0,0,22,43,0,0,72,1,0,0,46,104,0,0,0,22,9,7,35,8,0,0,3,124,23,1,0,0,0,0,55,127,20,0,10,21,0,0,93,13,0,0,62,127,0,0,4,2,33,33,32,6,0,0,0,36,127,44,1,0,0,2,6,125,127,5,1,5,21,31,10,12,3,0,18,99,75,26,1,5,27,11,0,0,0,26,10,18,67,12,0,0,1,127,52,8,21,0,0,0,59,127,23,0,0,0,0,3,76,75,3
0,0,0,0,0,0,0,0,56,43,2,0,0,0,0,1,103,94,48,3,0,11,19,31,135,135,36,3,2,1,91,125,3,0,0,0,0,0,0,0,108,20,0,0,0,5,4,12,51,8,8,11,27,67,56,47,37,28,71,21,6,10,135,135,4,0,0,0,0,0,0,3,40,2,0,0,0,5,28,52,62,110,7,5,6,25,33,17,53,135,135,34,9,0,3,5,0,0,0,0,0,0,0,0,7,2,0,0,0,0,4,7,107,86,0,0,0,0,2,5,93,77,2,8,9,0,1,46
4,1,0,0,24,139,105,22,52,2,0,0,0,25,74,139,7,0,0,0,0,0,0,11,0,0,0,0,0,0,0,0,25,13,4,38,85,87,17,10,139,57,4,2,1,3,8,54,40,15,7,15,3,2,7,9,0,0,0,0,0,0,0,0,33,2,3,139,130,1,0,7,139,10,0,9,7,2,34,74,45,13,0,5,8,9,71,56,2,1,0,0,12,4,1,2,5,0,2,139,139,0,2,9,58,5,0,66,44,3,15,112,70,36,0,0,9,15,53,68,2,2,0,0,30,50,30,0
27,41,0,0,0,0,65,33,53,30,0,0,0,0,19,72,48,10,0,0,0,0,0,27,45,3,0,0,0,0,0,26,34,94,48,0,0,2,114,53,114,77,12,0,1,2,34,114,46,1,0,0,14,43,61,51,17,0,0,0,1,5,71,114,11,114,108,0,0,0,13,9,91,82,26,1,5,3,3,15,24,10,47,65,70,43,26,19,28,43,61,20,6,7,54,86,24,17,1,0,0,1,88,59,108,53,2,0,0,0,9,32,61,82,114,45,2,0,0,2,3,20,93,96,28,10,5,1
51,16,0,0,1,3,0,1,132,91,0,0,15,19,0,2,109,125,31,0,0,0,0,1,2,6,54,3,0,0,1,6,52,10,0,0,3,3,19,57,132,85,0,0,6,8,20,50,123,47,2,0,0,5,59,19,10,4,8,0,0,1,28,24,53,11,0,0,0,0,11,42,132,36,0,0,0,0,36,127,56,12,0,0,0,18,132,65,98,27,1,0,0,2,47,55,77,44,0,0,0,0,0,0,129,103,1,0,0,0,1,5,62,36,5,1,0,0,5,8,132,30,2,0,0,0,0,20
8,1,0,0,10,25,75,47,60,7,1,11,103,21,18,26,133,55,2,1,5,0,2,35,23,33,4,0,0,0,1,15,39,2,1,7,8,19,79,60,46,2,0,2,14,99,78,61,133,21,0,0,1,8,16,133,74,35,2,1,0,0,5,25,2,0,0,14,23,38,83,31,109,60,0,1,2,36,61,51,133,133,0,0,2,5,4,18,46,21,0,0,2,6,37,23,2,0,0,12,21,25,44,16,133,38,0,2,6,13,11,88,133,87,0,3,12,2,0,61,15,18,1,4,12,4,4,4
0,0,0,3,15,45,27,2,3,0,0,3,9,9,54,53,31,32,0,0,0,23,37,27,129,72,0,0,0,1,3,11,0,0,0,4,15,9,42,27,36,4,0,6,26,20,12,18,137,137,0,0,0,0,1,12,56,137,1,0,3,2,1,0,0,0,25,22,15,18,49,32,63,1,0,0,8,40,73,76,137,34,0,0,0,0,1,110,72,24,1,1,15,3,0,21,0,0,16,31,99,92,14,0,18,0,0,0,36,80,58,128,137,0,0,0,0,0,7,137,101,4,1,0,1,0,0,52
28,68,4,0,0,3,17,34,4,29,29,14,34,8,10,11,12,123,43,11,14,5,0,0,5,123,104,8,0,0,0,0,52,19,0,0,0,0,43,100,123,92,32,3,3,1,17,47,51,123,64,2,0,0,2,11,10,53,17,32,4,0,0,3,51,110,81,2,0,0,0,2,123,49,44,13,0,0,3,74,77,20,2,0,0,0,26,110,20,4,0,9,3,0,4,41,17,92,123,12,1,0,6,15,23,14,64,118,27,3,7,39,80,6,0,19,7,0,3,119,43,12,0,0,0,0,10,30
36,0,1,1,0,0,9,150,150,0,0,0,0,0,1,150,29,0,0,0,0,0,0,25,0,0,0,0,0,0,0,0,75,7,8,61,4,0,0,23,150,9,0,0,0,0,0,80,122,0,0,0,0,0,0,19,0,0,0,0,0,0,0,0,28,36,103,146,8,0,0,0,150,145,50,2,0,0,0,1,115,17,0,0,0,0,0,6,0,0,0,0,0,0,0,0,13,48,129,26,0,0,0,0,19,112,90,0,0,0,0,0,14,19,1,0,0,1,2,1,0,0,0,0,0,0,1,0
11,0,0,0,0,19,24,59,114,55,1,0,0,0,17,58,49,105,80,2,3,3,18,7,0,7,82,13,21,16,9,0,75,2,0,0,0,2,5,59,129,78,0,0,0,0,6,46,101,49,7,1,8,30,50,25,0,0,5,21,58,38,15,4,62,17,39,12,0,0,0,39,129,32,13,0,0,0,50,129,38,68,9,0,0,9,129,109,6,42,42,6,15,14,38,22,3,26,127,16,0,0,0,1,14,129,83,0,0,0,3,13,24,129,31,0,0,0,4,11,3,59,56,2,0,0,1,1
146,7,0,0,2,13,5,34,146,20,0,0,0,0,1,41,128,24,0,0,0,0,0,56,48,31,30,25,24,30,19,37,146,4,0,0,0,0,0,41,146,17,0,0,0,0,0,27,146,40,0,0,0,0,0,1,146,56,14,3,0,0,0,0,146,3,0,0,0,0,0,34,146,3,0,0,0,0,0,28,146,11,0,0,0,0,0,11,146,10,0,0,0,0,0,15,15,0,0,0,0,0,0,0,34,0,0,0,0,0,0,1,37,1,0,0,0,0,0,0,44,1,0,0,0,0,0,3
24,30,20,6,3,7,24,25,72,120,27,3,2,5,27,55,64,118,34,6,2,0,0,19,1,7,30,31,25,1,0,0,12,29,16,4,11,21,16,20,71,80,17,1,1,4,39,132,132,53,6,4,18,0,7,108,11,4,5,15,120,5,0,1,16,8,0,0,66,29,5,5,132,43,0,0,6,5,10,51,132,80,0,0,34,4,0,18,11,5,0,2,121,17,0,0,13,14,0,2,63,7,0,0,132,71,0,0,2,0,0,0,132,75,0,0,47,10,0,0,2,1,0,0,91,21,0,0
49,2,1,11,14,1,0,26,124,0,0,0,0,0,0,124,105,0,0,39,55,0,0,74,0,0,0,51,81,0,0,0,22,9,12,51,12,0,0,3,124,23,2,1,0,0,0,80,124,17,0,17,27,0,0,104,10,0,0,71,124,1,0,2,1,17,24,33,3,0,0,0,62,124,28,3,0,0,5,11,124,121,0,1,6,31,49,15,10,1,0,13,85,106,31,1,1,8,4,0,0,0,2,1,19,42,5,0,0,0,119,42,14,10,0,0,0,39,124,40,0,0,0,0,0,64,67,3
43,0,0,1,26,2,0,41,91,0,0,2,57,4,1,64,102,0,0,0,2,3,4,87,0,0,0,0,1,1,0,0,54,0,0,2,28,2,1,54,75,4,0,6,90,4,1,51,132,18,1,6,42,7,3,89,3,1,0,7,63,15,1,1,49,2,1,17,40,1,0,34,85,22,3,15,40,2,2,28,132,66,4,6,40,132,47,33,4,2,1,4,74,132,93,17,14,11,70,59,24,4,0,2,27,12,12,6,33,26,12,11,13,0,0,19,112,132,66,22,40,3,0,15,60,132,55,27
1,0,0,0,2,53,147,43,37,11,3,1,3,9,30,83,11,5,8,28,11,11,6,18,0,0,26,38,3,3,8,12,40,2,4,28,1,1,128,123,147,64,19,11,1,0,18,124,39,35,36,118,35,2,7,14,1,0,19,35,6,1,11,43,50,49,71,122,4,0,2,9,147,104,21,5,1,0,2,68,65,7,19,123,35,4,13,79,2,1,84,121,4,0,2,19,1,13,24,14,0,0,0,0,41,33,8,0,0,0,1,18,9,0,2,2,0,0,8,49,4,3,36,27,0,0,0,7
1,0,0,0,0,0,0,0,15,5,4,19,6,0,0,0,0,1,4,47,38,33,2,0,0,9,33,10,11,35,6,0,31,17,14,5,0,0,0,0,135,80,33,51,3,0,0,3,20,22,122,135,21,0,0,0,0,110,135,27,1,0,0,0,20,26,21,4,0,0,0,0,135,47,14,6,0,0,0,88,87,15,135,83,0,6,27,89,0,70,135,11,0,41,63,1,3,2,0,0,0,0,0,0,65,4,0,0,0,0,0,65,32,0,1,0,0,14,104,129,0,0,0,0,0,62,119,2
19,0,0,0,0,13,8,28,16,0,0,0,1,35,57,39,16,10,7,8,8,8,13,35,23,47,17,6,5,4,2,20,14,0,0,0,6,66,15,38,123,10,0,0,6,73,15,25,53,4,0,0,0,28,28,42,55,2,0,0,7,9,13,71,33,1,0,0,2,101,35,37,134,10,0,0,3,44,15,26,51,0,0,0,14,72,43,31,117,1,0,1,10,12,38,46,60,3,0,0,0,44,130,116,111,7,0,0,36,47,37,65,7,0,0,0,109,134,134,68,16,0,0,0,2,43,134,101
40,11,0,0,0,45,17,11,49,12,0,0,0,2,9,24,32,13,4,0,0,0,5,43,19,14,10,6,19,20,5,20,107,31,0,0,0,21,7,10,33,8,0,0,1,45,31,14,96,7,0,0,0,7,17,49,31,2,0,1,32,44,6,13,84,21,0,0,2,25,22,14,26,3,0,0,7,69,89,44,132,17,0,0,0,4,49,65,20,3,0,2,80,46,53,7,18,3,0,0,62,92,47,50,2,0,0,0,78,147,147,126,12,0,0,0,0,9,147,147,3,1,0,0,11,56,147,47
131,26,0,0,0,0,65,110,60,10,0,0,0,0,114,102,33,10,8,0,0,0,8,43,6,4,16,0,0,0,2,18,118,84,3,0,0,0,25,46,131,85,1,0,0,0,27,46,84,59,51,0,0,0,1,12,7,24,44,0,0,0,0,7,64,87,25,6,0,0,0,0,131,29,13,5,0,0,0,60,131,17,15,0,0,3,22,54,1,7,21,0,0,4,34,13,54,16,7,4,0,13,20,25,89,11,6,3,0,15,47,110,51,1,0,0,0,10,111,116,0,0,1,0,0,8,112,36
0,0,0,0,8,122,47,0,36,2,0,0,0,74,122,98,26,1,0,0,0,3,54,97,4,0,0,0,0,1,21,36,11,1,0,0,122,122,14,2,122,52,0,0,2,32,25,42,69,16,0,0,5,48,42,50,19,0,0,0,0,7,20,122,13,1,11,47,122,26,0,5,107,24,14,4,2,2,10,112,40,22,3,0,4,29,28,56,34,13,0,0,0,2,3,45,0,1,113,122,26,0,0,0,12,62,122,22,0,0,0,9,18,43,111,24,0,0,0,8,14,15,14,15,0,0,2,6
17,91,16,0,0,55,82,11,122,122,33,0,0,0,47,80,122,26,0,0,0,0,7,85,4,0,0,1,5,1,0,10,122,122,26,9,1,2,5,21,60,119,26,0,0,14,76,44,122,20,0,0,0,2,32,109,51,6,0,3,3,0,0,13,43,46,87,101,5,0,3,13,42,60,30,1,0,6,27,18,122,36,3,0,0,0,4,22,67,4,0,1,1,0,0,5,1,6,14,92,86,1,0,0,25,37,26,9,3,0,0,6,122,43,2,0,0,0,0,22,48,3,0,0,1,0,0,15
11,4,0,0,0,0,0,0,147,94,0,0,0,0,0,0,147,72,1,0,0,0,0,14,40,18,16,6,0,8,8,14,40,9,0,0,0,0,0,0,147,99,0,1,0,0,0,5,122,36,1,9,9,4,11,48,15,0,0,0,1,65,82,43,51,9,0,0,0,0,0,1,147,24,0,0,0,0,0,78,96,4,0,17,71,21,9,52,6,0,0,13,41,67,58,22,46,42,0,0,0,0,0,0,147,112,2,0,0,0,0,15,134,22,7,47,25,1,0,16,7,4,34,117,29,4,1,5
107,147,49,0,0,2,20,30,147,33,0,0,0,0,23,147,32,0,0,4,6,0,2,40,0,0,2,13,14,5,0,0,49,49,13,0,0,23,109,51,147,31,0,0,0,2,37,105,138,19,0,2,2,0,0,15,0,0,2,16,7,0,0,0,40,76,37,1,0,2,9,9,147,57,5,0,0,0,0,28,147,6,0,1,1,0,0,14,0,0,0,5,8,0,0,0,29,44,34,7,1,0,0,6,147,65,4,1,0,0,0,38,100,7,0,0,0,0,0,42,0,0,0,0,8,2,0,1
66,0,0,0,0,0,2,120,22,0,5,36,15,3,9,117,6,5,81,81,16,6,2,10,11,59,66,5,0,0,2,23,117,1,0,0,0,0,0,55,120,25,2,1,0,0,0,109,77,28,60,16,0,0,0,51,8,45,98,4,0,0,0,0,120,3,0,0,0,0,0,28,120,114,8,0,0,0,0,47,58,120,19,0,0,0,0,16,11,86,35,1,0,0,0,0,46,0,0,0,0,0,0,35,120,13,0,0,0,0,4,120,110,36,2,0,0,0,1,110,34,40,4,0,0,0,0,16
29,0,2,2,30,55,37,121,13,0,0,0,2,5,42,121,0,0,0,0,5,7,27,13,1,3,0,0,5,6,5,1,81,2,0,0,9,84,94,121,76,4,0,0,0,0,84,121,55,8,0,0,0,0,68,121,33,26,0,0,1,1,15,16,121,121,9,0,0,7,21,21,121,92,0,0,0,0,3,34,121,66,0,0,0,0,1,34,49,22,0,0,0,5,14,25,21,80,14,0,0,1,82,38,111,21,0,0,0,0,23,83,109,5,0,0,0,0,24,53,6,0,0,0,5,17,33,25
16,28,19,4,2,5,48,115,124,75,1,0,0,11,85,87,124,30,0,0,0,2,7,38,3,1,0,0,0,6,9,4,14,107,124,13,0,0,1,14,115,124,45,0,0,0,0,19,124,26,2,0,0,0,1,109,14,0,0,0,0,4,6,23,78,97,33,0,0,0,0,30,27,124,94,0,0,0,0,0,73,118,41,0,0,0,0,15,20,15,14,0,0,2,2,19,68,86,0,0,0,0,5,74,43,90,4,0,0,0,1,23,25,42,18,0,0,0,6,16,8,47,45,0,0,22,28,8
10,3,0,0,0,0,0,0,111,78,1,0,0,0,0,1,133,64,5,1,0,0,0,17,47,9,24,65,5,0,0,4,35,7,0,0,0,0,0,0,133,133,9,0,0,0,0,9,68,133,88,0,0,0,0,5,36,69,46,8,0,0,0,1,41,6,0,0,0,0,0,2,133,52,1,0,0,0,0,97,133,67,30,0,0,0,0,53,14,60,65,0,0,0,0,0,52,24,0,0,0,0,0,0,133,133,13,0,0,0,0,9,120,121,19,0,0,0,0,11,46,27,8,0,0,0,0,4
0,0,0,0,7,112,33,4,24,14,0,0,0,11,42,56,111,56,0,0,0,0,7,18,26,27,1,2,4,0,0,0,5,0,0,10,19,55,51,16,139,80,0,0,0,5,21,48,97,120,0,0,0,0,0,8,14,9,0,1,3,7,8,10,19,2,0,7,19,120,112,34,139,21,0,0,0,15,24,139,130,38,4,0,0,0,0,12,1,8,14,5,0,1,1,1,20,55,139,30,1,21,36,5,139,139,40,0,0,1,3,14,73,60,6,1,0,0,0,0,0,4,10,1,0,0,0,0
112,40,0,0,0,0,0,5,125,75,0,0,0,0,4,27,125,22,0,0,0,0,4,41,59,20,10,0,0,0,4,18,125,70,0,0,0,0,0,0,125,83,3,0,0,0,3,12,108,24,5,0,0,4,25,73,48,0,0,0,0,3,71,95,125,46,0,0,0,0,0,8,103,19,0,0,5,22,35,36,19,0,0,0,1,38,117,76,85,23,3,0,0,0,53,96,125,21,0,0,0,0,0,25,60,5,3,25,37,22,9,17,49,5,11,22,15,19,25,37,125,17,1,0,0,0,5,70
46,14,3,0,0,7,42,43,65,3,0,0,0,1,75,122,3,2,3,1,0,7,122,35,0,0,0,0,5,38,122,13,30,0,0,2,9,35,91,52,122,57,5,0,0,1,37,113,33,40,34,25,38,15,39,18,0,0,2,16,93,48,37,3,49,19,54,70,17,7,6,16,122,82,19,0,0,0,8,118,38,59,41,14,34,16,22,54,0,2,105,81,42,12,0,0,3,33,101,46,0,0,0,0,45,122,43,1,0,0,0,6,18,110,38,0,0,0,1,5,0,4,65,22,0,0,1,1
136,86,36,1,0,0,2,40,66,101,39,4,0,0,1,15,5,25,94,57,8,0,0,0,0,0,13,111,67,0,0,0,136,76,21,1,0,0,9,96,136,80,9,3,0,0,5,62,27,33,30,60,40,0,0,2,0,2,55,103,64,0,0,0,33,48,39,11,32,21,5,20,136,38,1,2,7,2,4,97,80,12,6,27,93,2,0,9,4,11,41,16,9,0,0,0,24,10,2,15,49,8,0,1,136,78,0,2,15,1,0,3,63,17,0,1,92,10,0,0,10,12,1,0,5,1,0,0
129,1,1,15,29,2,1,100,139,0,0,30,53,0,0,139,6,0,0,56,122,4,2,6,0,0,0,0,4,1,4,19,82,39,22,48,19,0,0,21,139,64,4,12,26,8,9,100,43,1,0,53,139,55,13,10,0,0,0,2,19,9,7,14,18,34,11,4,0,0,12,13,115,54,2,0,3,26,139,121,10,0,0,0,36,134,139,17,0,0,0,0,4,11,6,1,0,0,0,0,0,0,3,1,4,0,0,0,0,0,48,37,0,0,0,0,0,2,22,8,0,0,0,0,0,0,0,0
132,27,0,0,0,0,33,103,38,2,0,0,0,29,109,84,5,0,0,0,1,36,106,86,1,0,2,3,2,16,132,63,35,38,31,3,0,0,132,119,28,6,32,27,1,10,132,114,132,32,11,13,1,8,75,125,15,11,31,47,3,4,8,7,32,56,47,7,0,0,1,2,29,32,90,75,0,0,10,10,132,72,22,14,0,0,2,26,32,10,63,56,0,0,0,6,0,0,0,0,0,0,0,0,0,0,0,0,0,0,0,0,5,1,0,0,0,0,0,0,1,0,2,1,0,0,0,0
0,0,0,0,5,124,30,2,34,9,0,0,0,14,41,50,111,47,0,0,0,0,2,17,25,26,1,2,4,0,0,0,5,0,0,0,22,90,41,16,138,44,0,0,0,5,20,61,132,92,0,0,0,0,0,4,17,8,1,1,2,6,4,5,17,5,4,4,9,101,110,29,138,33,0,0,0,8,24,120,138,42,2,0,0,0,0,10,2,8,16,2,0,0,0,0,12,59,138,47,3,11,15,3,138,138,60,0,0,0,1,8,69,79,7,0,0,0,0,0,0,4,12,1,0,0,0,0
74,19,0,0,0,0,0,3,123,123,1,0,0,0,0,16,33,63,6,0,0,0,0,1,11,20,1,0,0,0,0,0,123,123,0,0,0,0,0,3,123,95,0,0,0,0,0,37,46,51,11,0,0,0,8,15,15,13,5,1,0,0,5,3,123,102,2,2,1,1,11,24,123,28,0,1,1,1,19,123,30,7,1,0,9,19,114,67,2,0,0,0,2,35,123,23,23,80,70,23,1,1,3,3,110,95,39,11,2,0,3,13,22,17,24,66,38,22,21,3,0,0,18,86,37,56,78,3
1,0,0,0,0,0,0,0,134,9,0,0,0,0,0,89,134,16,0,0,0,0,0,113,30,25,1,0,0,0,3,8,8,1,0,0,0,0,0,0,134,44,0,0,0,0,1,21,134,16,0,0,0,0,27,132,30,4,0,0,3,16,75,70,20,2,0,0,0,0,0,0,134,24,1,1,0,2,6,26,94,15,15,6,2,8,56,102,97,17,7,9,11,6,18,73,26,10,0,0,0,0,0,0,134,130,9,0,0,0,0,2,38,106,102,6,0,0,0,4,67,101,19,1,0,0,0,7
79,32,2,0,3,7,29,55,6,6,5,0,0,2,82,96,17,13,4,2,0,0,17,44,1,2,3,11,3,0,0,0,5,19,19,98,76,23,30,10,21,8,3,59,73,56,138,138,138,25,3,3,3,4,87,138,31,1,2,14,9,0,0,10,0,0,6,138,36,1,3,2,26,63,129,138,67,11,9,11,138,138,55,15,3,1,5,34,18,1,0,0,0,0,0,1,2,0,2,9,0,1,4,13,1,4,45,36,0,0,0,2,0,5,12,1,0,0,0,0,0,0,0,0,0,0,0,0
83,16,0,0,0,0,0,4,121,22,0,0,0,0,1,63,81,3,0,0,0,2,25,99,2,2,0,0,0,35,74,7,121,23,0,0,0,0,0,2,121,26,7,0,0,0,13,92,102,15,3,2,2,4,21,121,9,4,20,40,28,51,37,6,121,116,1,0,0,0,0,0,61,121,89,0,0,0,0,5,92,121,40,1,0,0,0,7,14,37,66,40,2,0,0,0,121,100,0,0,0,0,0,4,65,112,40,0,0,0,2,18,12,76,28,0,0,0,2,8,6,9,3,1,0,2,1,1
10,0,0,0,0,0,0,8,141,15,0,0,0,0,4,141,81,43,28,15,14,45,38,115,10,54,135,31,19,45,26,13,10,1,0,0,0,0,0,0,141,128,0,0,0,0,0,46,141,141,15,1,0,0,17,58,8,28,62,3,3,7,16,11,3,0,0,0,0,0,0,1,141,11,0,0,0,0,8,141,52,10,0,0,0,0,79,141,0,0,0,0,1,5,74,65,0,0,0,0,0,0,0,0,4,0,0,0,0,0,0,19,1,0,0,0,0,0,1,19,0,0,0,0,0,0,2,4
