0,0,0,0,0,46,13,0,0,0,0,0,55,141,13,0,33,72,10,4,50,79,52,24,92,103,2,0,0,0,12,43,0,0,0,0,0,30,4,0,22,0,0,0,16,141,23,9,141,99,3,0,9,43,12,17,107,135,0,0,0,0,0,1,0,0,0,0,0,3,0,0,83,4,0,0,0,61,16,10,141,14,0,0,0,6,4,66,127,17,0,0,0,0,7,96,0,0,0,0,0,0,0,0,30,1,0,0,0,0,0,1,138,3,0,0,0,0,2,83,31,31,3,0,0,0,26,141
0,0,15,15,0,0,0,0,59,3,6,3,0,0,0,14,43,1,0,32,56,1,0,14,1,0,0,16,75,78,54,31,0,0,41,32,0,0,0,0,67,6,22,34,0,0,0,17,156,11,2,60,108,1,0,21,2,1,0,116,156,90,24,2,0,0,7,12,8,2,0,0,31,17,14,25,1,0,0,0,156,19,3,36,46,0,0,22,11,0,0,156,156,0,0,3,1,0,2,1,4,4,0,0,21,12,4,0,0,0,0,1,96,4,1,6,5,0,0,32,32,0,0,143,156,0,0,9
0,0,0,1,42,20,0,0,1,5,10,3,6,11,19,4,2,7,13,19,1,0,19,10,28,46,4,2,0,0,0,0,0,0,0,0,59,75,4,0,6,1,0,1,37,128,128,19,105,9,0,1,1,18,111,128,100,32,0,0,0,0,0,13,0,0,0,6,108,57,0,0,29,16,3,44,128,68,17,12,128,50,1,4,6,7,11,64,128,6,0,0,0,0,0,17,0,0,0,0,49,39,0,0,9,0,0,5,128,68,6,20,128,1,0,0,14,15,8,128,57,0,0,0,0,0,20,128
1,0,0,0,0,0,38,106,2,0,0,0,0,0,81,111,8,0,0,0,0,0,31,125,1,0,0,1,1,0,22,54,15,50,119,5,0,0,37,98,21,13,50,49,6,8,125,96,125,26,5,4,0,1,38,125,26,3,0,0,3,2,11,28,0,63,125,29,0,0,0,0,11,32,125,125,2,1,1,3,108,125,83,19,0,2,1,8,14,15,2,2,13,16,3,1,2,20,70,24,0,0,1,2,0,1,88,73,0,0,0,0,1,13,32,66,4,2,1,0,0,0,0,19,13,20,3,0
112,10,0,0,37,23,7,32,132,74,2,1,3,0,0,3,51,30,1,17,132,9,0,0,63,59,6,9,41,3,2,8,132,37,1,2,24,8,2,35,132,33,1,1,11,7,1,28,57,23,8,25,132,43,4,5,55,35,10,17,28,8,10,40,96,110,16,6,7,0,0,1,132,41,7,1,4,49,39,44,88,8,5,6,31,132,41,49,63,11,18,81,26,8,7,28,42,56,16,6,3,3,1,1,39,32,12,16,14,28,37,13,81,45,58,19,9,18,11,15,58,10,6,15,21,24,9,24
124,124,59,33,38,4,4,60,124,113,1,0,0,0,0,25,124,3,0,0,3,5,1,28,13,0,0,0,121,47,1,6,6,124,124,34,4,3,3,2,51,75,11,1,1,8,6,16,124,3,0,0,10,4,1,39,15,0,0,0,124,35,1,5,0,2,9,2,3,22,55,16,73,10,1,0,1,29,26,12,124,31,0,1,15,3,0,5,11,1,0,12,124,14,0,0,4,13,2,1,7,12,32,10,102,41,0,0,0,2,10,6,124,31,1,6,7,0,0,0,5,3,1,48,84,0,0,0
82,2,1,1,31,143,125,98,23,12,0,0,61,143,12,1,39,51,0,0,1,3,0,0,10,52,1,0,0,0,0,0,7,0,1,22,143,86,31,7,87,14,0,0,6,29,3,4,97,31,0,0,0,0,0,1,39,53,4,0,0,0,0,3,9,2,12,75,143,31,0,2,99,4,3,5,4,2,0,16,128,5,0,0,0,0,0,12,62,10,0,0,0,0,3,17,1,7,81,143,79,3,0,0,40,7,15,120,19,0,0,5,107,11,1,1,0,0,0,10,34,9,11,5,0,0,3,18
0,0,2,145,37,2,1,1,77,51,25,60,5,0,1,2,159,159,99,2,0,0,0,2,10,132,78,3,0,0,0,0,0,0,1,85,17,0,0,0,105,17,18,132,24,0,0,3,159,23,2,4,0,0,0,36,47,4,2,7,5,0,0,8,0,0,0,10,8,1,5,0,52,18,3,60,48,3,0,0,159,36,1,7,2,0,0,24,64,0,0,3,4,0,0,19,0,2,0,0,6,1,1,0,44,4,0,2,42,9,0,6,159,14,0,0,1,1,0,27,51,0,0,0,1,0,0,25
19,4,0,0,1,24,8,3,135,82,0,0,0,0,2,4,104,59,35,25,0,0,0,3,58,12,41,35,0,0,0,55,64,6,0,0,1,18,4,9,135,134,10,0,0,0,2,28,66,135,51,3,0,0,32,18,15,31,34,59,21,21,33,11,40,85,18,0,0,6,1,5,135,81,9,0,0,0,26,93,28,12,11,1,0,10,135,59,1,1,4,4,8,52,135,7,35,125,13,0,0,0,0,1,27,112,46,0,0,0,2,5,1,8,83,14,0,2,18,3,0,0,59,17,0,2,15,0
20,0,0,0,16,20,5,9,160,0,0,1,18,1,2,33,95,6,0,9,86,2,0,3,109,4,0,0,0,0,0,0,15,0,0,0,19,98,34,28,160,7,3,5,6,7,19,116,97,52,64,42,28,0,0,5,56,48,13,0,0,0,0,0,36,30,13,24,58,70,12,9,160,98,4,0,0,4,6,26,133,37,34,2,0,0,0,0,0,13,9,0,0,0,0,0,17,53,54,63,14,0,0,0,160,124,9,0,0,0,0,0,88,10,0,0,0,0,0,0,0,0,0,0,0,0,0,0
0,0,0,0,0,6,127,48,6,1,0,0,0,3,127,82,2,1,0,0,4,39,127,14,15,0,0,0,1,18,56,86,18,0,0,0,0,2,126,127,127,39,5,2,1,0,32,107,22,28,14,44,52,18,16,8,20,5,5,10,12,24,27,37,75,82,17,5,3,1,34,64,127,97,0,0,3,13,4,50,30,6,1,12,35,100,13,8,2,27,5,4,15,41,7,0,12,127,55,4,0,0,0,0,42,127,9,6,37,25,0,0,8,4,0,0,30,81,32,7,15,33,2,0,0,22,71,11
142,117,17,2,14,76,69,125,142,39,0,0,0,1,4,126,6,0,0,3,80,19,8,29,0,0,0,8,120,28,2,0,70,142,111,9,5,2,0,0,109,137,8,3,0,0,0,24,41,2,2,24,38,1,2,29,1,2,20,117,80,1,0,0,43,142,22,4,5,0,0,0,18,31,9,12,25,2,0,1,63,9,3,9,1,0,3,14,5,1,15,85,19,3,5,8,38,46,2,1,14,0,0,0,10,4,0,3,38,4,0,3,18,4,3,3,2,3,10,16,9,11,4,3,6,4,12,15
5,4,6,28,63,8,0,0,67,78,120,37,13,0,0,0,7,18,121,121,28,0,0,0,0,1,121,96,3,0,0,0,24,1,0,0,67,35,0,1,121,47,4,9,10,5,3,10,32,15,28,109,60,31,4,3,0,9,66,45,44,52,0,0,22,1,0,0,56,20,0,5,121,32,3,1,4,7,19,79,17,52,64,13,27,73,30,22,0,111,121,7,20,24,0,0,18,6,0,0,34,7,0,1,121,103,6,0,2,0,2,17,21,97,60,0,0,2,38,11,0,45,40,0,0,1,63,7
121,28,4,0,0,0,0,121,43,3,1,0,0,0,31,121,7,0,0,0,0,0,55,121,36,9,8,4,3,0,2,38,52,121,62,12,18,15,2,11,22,11,17,10,29,41,66,103,121,14,0,0,0,1,60,121,121,6,0,0,0,1,29,62,9,33,5,3,26,54,92,9,21,19,10,17,50,53,37,15,121,36,2,0,0,1,74,104,34,3,0,0,0,30,121,47,5,12,27,2,0,8,57,14,2,8,60,5,2,17,42,12,10,44,41,0,0,0,53,49,7,41,23,0,0,6,48,16
15,11,113,44,0,1,9,56,4,28,119,83,15,14,20,6,119,112,20,16,2,1,1,2,79,61,15,11,0,0,0,8,25,1,1,5,3,9,30,98,13,9,11,15,17,54,89,35,119,44,7,3,2,2,13,54,119,14,0,0,0,0,0,23,18,1,3,55,14,2,8,39,81,74,48,9,4,4,5,38,98,119,67,0,0,0,0,22,61,116,13,1,0,0,0,2,13,4,25,105,3,0,0,7,87,19,28,21,0,0,0,68,64,36,8,0,0,0,3,119,37,43,6,1,0,0,1,76
0,0,0,0,23,39,84,13,4,0,0,5,112,52,22,12,44,2,1,2,13,8,4,37,4,0,1,3,82,51,0,2,3,2,6,13,27,64,62,22,13,2,2,4,42,65,37,23,112,2,0,0,20,25,5,33,11,0,0,0,132,105,1,3,23,10,30,45,21,7,5,30,19,7,10,26,68,14,1,3,87,13,0,1,41,69,5,8,29,10,0,0,87,132,14,3,54,0,0,6,25,5,15,132,11,0,0,14,86,25,6,10,16,1,0,0,33,132,56,14,132,18,0,0,18,132,132,64
98,13,0,0,0,0,31,123,25,17,1,0,0,6,10,6,0,2,1,1,0,10,15,0,0,3,0,0,0,5,5,0,157,98,8,0,0,3,8,60,17,5,0,0,0,26,34,13,19,5,0,0,0,4,20,9,11,17,1,0,0,0,1,1,50,17,3,0,0,1,91,157,20,2,0,0,0,4,39,119,36,8,0,0,0,0,7,27,12,7,0,0,0,0,7,12,1,0,15,45,5,4,157,157,3,0,1,2,0,0,157,157,34,0,0,0,0,0,79,157,39,12,0,0,0,0,1,23
102,87,87,27,0,0,0,55,45,169,134,14,0,0,3,6,24,70,28,1,0,0,3,8,0,4,20,4,0,0,1,1,169,39,0,0,0,0,0,85,68,34,4,0,0,0,9,30,8,5,2,0,0,0,12,40,1,0,1,1,0,0,6,17,169,4,0,1,1,0,0,149,84,28,9,0,0,0,0,15,8,30,18,0,0,0,0,5,2,5,12,2,0,0,1,6,169,154,25,4,2,0,0,53,102,39,4,0,0,0,0,9,12,11,10,0,0,0,0,4,3,3,12,3,0,0,0,1
121,66,6,21,27,0,0,1,32,2,2,26,43,1,3,32,24,10,19,8,7,17,45,38,77,60,14,4,3,3,13,17,121,25,4,32,24,0,0,6,42,11,8,109,56,0,0,3,121,77,75,11,1,0,0,13,53,120,109,1,0,0,0,5,121,3,0,13,4,0,1,46,24,5,15,118,24,2,2,9,121,16,15,27,6,0,0,85,118,41,26,0,0,0,0,83,121,27,0,0,0,0,1,16,26,8,9,27,7,1,4,18,32,1,8,64,12,0,0,34,111,1,0,2,0,0,0,121
17,0,0,0,133,35,9,2,139,20,1,8,33,8,10,10,38,12,9,63,139,14,7,5,51,31,12,11,9,3,11,29,28,6,0,5,139,16,0,0,139,23,0,2,55,5,1,6,54,5,3,11,139,54,9,10,78,23,4,3,16,10,9,42,14,10,5,32,84,23,18,3,139,22,3,6,18,22,52,65,20,19,6,7,137,68,44,22,41,56,16,3,9,3,14,17,1,1,6,19,13,38,58,7,3,1,3,2,0,6,102,29,2,1,0,0,2,14,114,23,4,3,1,0,0,4,100,29
0,6,109,12,2,0,2,0,2,25,117,7,1,0,2,0,1,14,105,18,4,1,3,3,18,57,48,5,1,1,3,17,8,7,32,18,31,52,9,5,132,61,53,26,18,16,3,16,21,18,45,75,135,13,4,10,101,14,6,1,16,7,4,44,12,5,7,54,76,23,3,3,135,28,9,17,37,6,2,33,60,2,1,50,135,3,0,9,135,2,0,5,41,2,0,26,1,2,7,29,69,27,8,4,131,12,9,9,16,11,14,88,43,4,7,35,135,10,2,26,96,42,17,12,35,0,0,9
25,0,0,0,20,10,0,2,158,0,0,1,18,3,1,12,109,2,0,4,82,8,1,7,110,1,0,0,0,0,0,4,34,0,0,1,34,7,0,2,158,8,1,10,12,3,0,7,112,30,14,57,47,13,3,7,106,22,2,0,0,0,0,5,36,0,0,1,42,3,0,0,158,1,0,1,18,10,0,7,123,5,2,8,67,62,16,34,115,4,0,0,0,0,3,24,26,0,0,0,26,15,2,4,158,0,0,0,26,3,1,14,134,2,0,2,115,8,0,5,132,1,0,0,0,0,0,2
2,0,0,0,37,45,0,0,121,118,3,0,13,7,0,4,67,128,98,0,0,3,23,25,0,42,128,3,2,6,22,13,16,1,0,0,22,46,0,1,128,72,0,0,3,6,2,20,89,38,7,17,10,8,75,42,0,4,8,13,9,6,128,55,22,0,0,0,18,35,1,6,128,8,0,0,2,4,23,127,26,4,1,11,7,6,128,76,5,4,4,22,14,12,93,21,10,0,0,0,18,26,2,7,126,25,5,0,1,3,7,55,22,56,76,0,0,0,50,25,11,76,79,0,0,0,31,19
0,0,0,2,43,85,31,0,1,0,0,0,20,134,58,7,88,11,1,4,13,42,21,37,20,6,1,55,134,0,0,3,3,0,0,17,124,22,6,12,15,2,0,19,134,101,20,19,134,11,0,2,16,19,18,102,38,2,0,43,134,3,1,17,12,0,0,8,80,19,8,8,17,19,13,91,134,10,0,1,134,74,13,21,13,2,6,18,35,7,0,40,101,18,17,9,2,0,0,0,22,53,19,0,1,5,14,30,53,36,7,1,29,19,16,8,5,26,24,14,3,0,0,1,18,65,92,7
31,52,94,7,3,0,0,2,2,26,34,17,32,20,13,6,43,32,8,3,1,7,15,29,19,59,23,0,0,0,0,0,129,16,11,7,31,9,0,35,13,2,5,15,133,93,12,17,133,15,0,1,17,23,14,71,81,25,10,5,10,0,0,3,133,5,1,15,46,3,0,17,14,24,20,83,133,15,0,1,133,108,19,15,14,2,0,11,120,21,7,14,6,0,0,8,133,0,0,2,27,11,3,35,8,57,30,30,77,13,1,1,21,133,74,5,0,0,0,0,43,81,27,1,0,0,0,1
66,21,0,0,0,0,0,6,77,10,0,0,0,0,0,22,43,2,0,0,0,0,0,38,23,14,0,0,0,0,0,6,62,9,0,0,0,0,0,25,60,2,0,0,0,0,1,49,82,12,0,0,0,0,0,46,54,16,0,0,0,9,4,9,61,9,0,0,0,0,0,11,70,14,0,0,0,0,0,17,116,21,0,0,1,11,1,11,22,2,0,0,18,218,37,11,30,4,0,0,0,0,0,19,85,11,0,0,0,0,0,13,51,7,0,0,43,198,6,6,2,2,9,9,218,218,8,1
0,0,12,28,3,25,26,0,5,3,49,72,9,16,19,7,2,21,96,14,13,12,25,10,1,4,98,20,0,1,34,26,13,0,0,0,45,106,67,10,141,23,5,19,18,20,42,39,20,11,8,81,141,25,31,12,34,14,8,10,12,6,56,76,39,0,0,11,141,15,2,6,141,6,0,8,30,1,1,29,49,4,7,77,141,18,3,4,39,33,17,18,21,10,9,25,25,4,0,14,130,3,0,0,141,8,0,3,22,2,1,22,44,1,0,10,141,26,5,9,39,21,3,4,35,8,7,27
1,4,5,23,73,22,3,0,127,93,10,10,11,6,2,2,61,38,4,8,127,61,0,0,52,12,0,1,69,43,3,6,15,4,5,24,45,48,24,15,127,48,5,3,18,12,9,34,48,10,0,0,127,102,0,2,116,41,0,0,65,21,0,0,14,12,46,111,17,4,11,10,127,38,24,16,20,24,8,24,17,10,52,28,127,79,4,7,74,94,55,5,19,4,0,0,0,1,7,14,1,1,107,54,12,8,8,6,3,3,82,63,13,18,63,13,9,2,4,51,2,32,61,2,0,0,0,2
7,1,1,0,62,116,1,0,5,26,36,17,58,42,3,2,116,91,39,8,0,1,3,3,46,38,7,4,30,45,2,0,0,8,27,7,51,94,0,0,20,14,18,6,42,64,25,15,116,12,1,0,3,27,26,38,55,28,0,0,21,116,9,3,0,7,16,4,40,73,33,21,59,12,1,1,75,109,4,4,116,25,0,0,4,48,21,16,97,116,0,0,7,64,7,1,0,0,0,1,4,41,116,44,36,4,0,0,7,38,77,51,77,13,0,0,0,17,87,73,116,94,0,0,0,6,20,71
38,5,0,0,0,0,0,5,45,2,0,0,0,0,0,9,28,0,0,3,11,0,0,11,6,3,1,8,15,0,0,0,51,48,0,0,0,0,0,4,43,18,0,0,0,0,0,5,58,8,3,3,2,0,0,10,5,6,15,22,7,20,0,0,36,4,0,0,0,0,3,63,34,3,0,0,0,0,5,38,72,9,0,0,2,8,1,13,7,1,3,6,81,252,5,5,14,0,0,0,0,0,10,65,55,0,0,0,0,0,5,56,30,0,0,0,55,129,5,28,2,2,0,0,252,252,2,1
2,0,0,0,26,129,14,2,121,30,0,0,10,96,12,8,101,23,0,0,1,21,27,4,0,0,0,0,5,22,48,1,22,1,0,9,17,129,24,5,129,45,0,0,11,23,6,10,55,16,1,1,79,106,54,10,11,8,7,4,8,46,93,33,19,4,7,70,23,6,1,1,129,9,3,11,16,6,1,49,40,47,73,33,97,35,9,17,15,110,129,11,7,11,30,11,4,5,1,20,35,14,0,0,121,79,2,7,9,1,0,18,33,42,22,28,30,23,45,11,2,21,29,8,9,46,129,6
0,0,8,30,5,0,0,0,106,3,3,9,5,2,1,32,176,0,0,0,0,0,0,71,20,1,1,10,1,0,0,2,0,0,0,19,37,13,0,0,75,1,0,2,40,59,15,47,176,9,0,0,0,2,5,96,54,2,3,10,0,0,0,3,0,0,0,4,78,55,0,0,132,24,0,0,67,65,3,4,176,85,0,0,0,1,1,5,49,10,3,5,1,0,0,0,0,0,0,1,68,44,0,0,137,63,0,3,36,12,0,0,176,111,0,0,0,0,0,0,21,8,1,4,1,0,0,0
24,11,19,1,2,1,0,2,169,26,1,3,18,0,0,7,109,19,1,23,94,5,0,7,121,13,0,0,1,0,0,6,33,0,1,1,20,15,3,7,169,8,0,6,10,3,1,18,115,32,9,51,51,14,4,9,98,24,2,1,0,0,1,10,44,0,0,0,26,21,1,3,169,6,0,0,14,13,1,9,109,12,1,5,59,74,18,33,85,15,0,0,0,1,4,35,43,0,0,0,23,10,0,1,169,4,0,0,27,4,0,2,127,9,0,0,93,15,0,7,106,13,0,0,0,0,0,3
1,0,0,0,123,54,0,2,40,16,0,0,123,28,0,0,51,39,0,0,0,0,0,1,38,53,1,0,0,0,0,1,5,0,0,2,123,123,5,12,82,32,0,0,69,43,1,9,80,72,1,0,0,0,0,12,39,66,11,8,1,0,2,7,11,2,1,88,123,42,8,11,44,4,0,26,60,10,10,106,40,5,0,0,0,2,39,120,23,7,2,3,2,3,121,84,61,14,1,58,123,3,4,8,17,24,2,33,123,8,9,44,37,103,44,11,0,2,16,52,0,10,42,78,22,6,54,15
15,0,1,2,11,35,42,23,136,6,2,5,20,6,9,62,15,26,26,12,33,10,0,3,3,21,50,12,9,0,1,2,21,19,75,18,41,43,60,26,136,49,44,15,2,0,16,85,47,40,97,39,4,0,0,2,3,22,52,13,22,2,0,0,4,59,136,112,42,3,0,0,136,49,59,52,36,3,0,40,96,7,23,24,15,0,0,19,0,2,11,32,47,1,0,0,0,0,24,70,136,62,1,0,136,0,0,8,92,64,11,69,125,0,0,5,12,5,2,25,0,0,0,12,22,21,7,0
52,10,0,0,1,5,1,20,84,24,0,0,0,0,0,3,123,68,0,0,0,0,0,0,123,123,0,0,0,0,0,2,64,0,0,0,0,0,0,95,123,32,0,0,0,0,0,40,123,53,0,0,0,0,0,29,123,19,0,0,0,0,1,98,96,11,0,0,0,0,1,64,123,32,0,0,0,0,0,37,85,5,0,0,0,0,2,80,109,0,0,0,0,0,0,123,109,75,0,0,0,0,0,1,95,123,11,4,0,0,0,1,31,44,18,1,0,0,0,10,71,7,5,0,0,0,0,51
108,5,0,0,26,30,9,36,40,23,2,0,0,29,41,44,45,16,5,9,3,40,42,48,100,8,0,0,18,18,6,18,108,29,0,2,26,18,3,4,108,89,7,5,13,23,9,19,88,56,15,39,55,23,7,9,108,26,0,1,50,36,0,2,108,9,1,7,19,4,9,31,96,6,0,4,22,15,28,95,108,18,0,0,18,58,34,39,83,5,0,0,59,90,3,13,11,0,0,0,1,2,108,87,15,2,0,0,2,2,108,108,33,12,0,0,0,5,100,108,14,1,0,0,23,108,52,27
19,5,12,75,109,64,4,10,143,68,10,0,4,5,2,19,32,46,76,37,7,9,2,1,0,0,51,71,5,2,0,0,56,23,7,0,35,143,47,11,143,69,6,2,1,6,3,18,61,30,17,57,30,10,1,4,0,1,9,39,13,2,0,0,25,130,130,13,1,10,6,1,143,50,34,15,1,1,2,76,66,5,5,15,43,19,7,49,0,10,31,15,14,1,0,0,7,100,70,49,22,0,0,0,114,19,17,64,36,0,0,23,98,35,22,3,1,0,0,17,0,42,40,2,0,0,0,0
3,1,14,19,4,2,5,7,4,8,40,45,7,9,21,17,7,35,62,26,26,2,1,12,0,4,16,41,139,22,1,0,0,0,19,51,35,2,1,0,24,2,1,49,67,14,23,49,139,58,52,25,19,2,3,58,12,43,139,123,59,6,0,0,0,0,3,18,32,47,10,0,26,12,9,72,57,15,13,6,139,61,19,12,1,0,0,28,111,32,97,44,1,0,0,25,0,0,0,16,53,49,18,0,5,3,1,4,16,32,92,38,115,9,1,0,0,3,74,139,52,0,1,1,2,3,16,139
17,4,1,20,52,9,25,116,26,16,7,4,2,2,82,116,16,11,5,5,2,2,48,96,38,22,0,0,0,0,0,23,92,39,3,24,116,13,1,9,116,115,60,11,0,0,10,38,44,17,83,61,1,0,12,95,83,7,4,4,1,2,2,93,54,39,50,114,88,1,0,4,116,111,26,4,0,0,0,38,38,30,38,90,18,0,0,10,54,24,16,25,3,0,1,31,5,35,38,62,20,1,0,0,56,116,20,1,0,0,0,0,18,48,52,44,0,0,0,0,4,23,70,27,0,0,0,0
45,0,0,0,30,17,2,20,193,0,0,0,0,0,0,86,88,7,0,0,0,0,0,10,0,2,0,0,0,0,0,0,55,0,0,0,39,19,0,8,193,2,0,0,0,0,0,35,153,10,0,0,0,0,0,5,0,1,0,0,0,0,0,0,58,8,0,3,33,11,0,1,193,50,0,0,0,0,0,5,152,14,0,0,0,0,0,3,0,0,0,0,0,0,0,0,72,32,0,0,6,14,0,1,193,143,0,0,0,0,0,0,65,31,0,0,0,0,0,0,0,0,0,0,0,0,0,0
125,30,1,20,90,9,9,20,125,45,4,0,0,0,3,23,57,21,11,6,7,4,2,14,4,2,19,58,60,8,1,3,125,103,4,16,125,0,0,0,125,93,8,7,0,0,0,10,37,28,20,39,8,0,0,8,18,30,49,24,4,0,0,1,125,125,17,11,102,0,0,0,116,79,60,20,0,0,1,51,44,8,11,13,16,7,6,41,77,18,4,0,1,0,0,7,125,73,7,7,63,0,0,0,59,40,91,42,0,0,0,2,13,6,59,46,4,1,0,5,56,3,2,7,3,0,0,15
0,0,1,3,6,1,0,0,2,3,2,3,140,46,0,0,140,86,5,4,74,16,0,2,68,25,0,0,0,0,0,0,0,0,0,1,29,11,0,0,25,4,0,1,140,137,6,20,140,74,1,1,27,26,5,62,34,16,0,0,0,0,0,2,0,0,0,0,63,17,2,1,48,25,1,11,140,68,0,6,140,94,0,3,20,4,0,23,22,3,0,0,0,0,0,1,8,0,0,18,36,5,34,69,33,55,42,108,110,14,0,3,117,118,15,4,2,0,0,0,2,1,0,0,0,0,0,0
0,0,0,0,21,5,0,0,14,0,0,0,155,92,34,27,139,0,4,10,13,14,33,112,17,2,51,16,0,0,0,4,0,0,0,3,38,1,0,0,36,1,1,46,155,28,1,10,155,6,1,9,32,5,1,41,48,2,1,0,0,0,0,2,0,0,0,6,21,2,0,0,19,11,4,130,155,31,0,2,155,60,6,36,30,6,0,11,45,3,0,0,0,0,0,4,0,0,0,1,19,2,0,0,15,1,0,22,155,46,2,6,155,10,0,5,29,12,2,38,28,0,0,0,0,0,1,6
7,3,233,47,1,7,3,1,27,30,233,42,0,0,0,4,4,20,233,27,0,0,8,5,6,7,233,25,0,0,3,7,24,0,0,0,0,3,6,4,81,3,0,0,0,0,0,12,22,7,1,0,0,3,9,8,36,17,0,0,0,0,2,7,39,0,0,0,0,0,6,15,94,3,0,0,0,0,0,1,33,27,2,0,0,0,0,0,28,42,1,0,0,0,0,0,39,15,0,0,0,0,0,2,69,4,0,0,0,0,0,4,50,16,0,0,0,0,0,3,33,29,0,0,0,0,0,0
62,3,0,0,0,0,0,38,134,33,0,0,0,0,0,8,66,98,23,0,0,0,0,0,2,60,103,0,0,0,0,0,134,10,0,0,0,0,0,9,134,19,0,0,0,0,0,3,134,75,3,0,0,0,0,6,41,73,46,0,0,0,0,3,100,4,0,1,1,0,0,48,134,5,0,0,0,0,0,53,134,9,0,0,0,0,0,64,57,8,2,0,0,4,12,72,45,0,1,49,12,0,0,37,117,0,0,0,0,0,0,123,69,0,0,0,0,0,19,134,11,0,0,0,0,0,78,97
45,18,17,13,2,0,0,1,154,14,2,1,0,0,0,9,89,50,20,0,0,0,0,1,22,29,12,0,0,0,2,8,31,10,16,81,14,0,0,0,154,16,3,5,0,0,0,6,154,21,1,0,0,0,0,2,28,24,3,0,0,0,0,2,6,4,21,154,71,0,0,0,154,17,13,25,1,0,0,18,154,7,0,0,0,0,0,19,41,15,0,0,0,0,0,4,1,0,2,154,154,0,0,0,66,11,16,104,25,0,0,11,128,3,1,0,0,0,0,43,18,0,0,0,0,0,6,23
0,2,2,10,15,49,21,0,27,29,6,2,0,11,8,0,27,24,29,138,34,0,0,0,1,1,2,149,149,0,0,0,1,7,24,40,3,0,1,2,42,11,16,19,0,0,0,3,124,19,7,42,14,0,0,5,6,4,4,149,149,0,0,0,0,1,9,18,1,1,43,64,16,4,12,26,2,2,19,10,149,9,3,8,2,0,1,20,33,3,2,149,149,0,0,4,0,0,0,8,3,1,46,84,4,0,0,0,0,0,43,92,94,0,0,0,0,0,5,72,54,0,0,62,65,0,0,18
29,6,0,0,0,6,6,5,136,86,0,0,0,0,1,23,111,51,0,2,12,2,2,26,45,35,1,2,8,0,0,0,40,47,16,0,0,4,11,6,136,33,3,0,7,11,38,136,136,13,0,0,1,2,23,136,77,30,0,0,0,0,0,8,2,85,97,10,35,26,0,0,85,64,10,6,62,43,8,18,136,123,0,0,0,1,3,40,77,14,0,0,0,2,7,13,0,7,23,23,52,49,0,0,86,68,39,8,22,17,0,3,136,50,1,0,0,0,0,50,26,3,0,0,7,38,12,16
11,0,0,0,7,54,4,5,141,55,0,0,0,3,1,5,141,37,0,2,17,11,2,11,75,2,0,0,1,2,1,18,38,3,0,0,1,29,4,9,141,68,0,0,0,0,3,32,129,39,1,8,24,2,4,21,88,20,0,1,1,0,0,3,40,30,8,0,0,8,12,11,141,29,3,1,10,8,53,141,141,16,0,0,2,2,34,141,66,10,0,0,0,0,2,13,3,107,65,5,20,11,1,0,83,48,17,8,68,27,6,13,141,52,0,0,1,1,2,42,31,2,0,0,3,19,22,16
0,0,0,2,163,163,0,0,1,12,16,46,123,55,0,0,30,67,13,5,0,0,0,5,28,22,3,0,0,0,0,4,1,0,0,0,163,163,8,4,6,0,0,4,42,52,6,7,51,4,0,0,1,3,1,23,64,10,0,0,0,0,0,11,12,6,5,72,163,112,6,7,17,8,12,8,18,11,2,6,68,25,4,1,2,1,0,1,69,53,0,0,0,0,0,0,0,6,15,103,144,8,0,0,1,19,56,31,10,0,0,0,30,47,14,6,3,0,0,0,51,112,0,0,0,0,0,0
134,80,10,1,11,4,0,25,134,24,0,0,2,7,2,100,12,1,0,0,26,102,46,17,5,7,2,1,1,19,113,39,94,90,106,1,0,0,0,22,134,47,8,1,20,5,1,87,53,9,0,2,134,69,6,16,54,25,6,5,11,17,15,25,41,55,40,11,12,1,0,2,134,66,8,1,18,3,5,30,31,1,0,17,134,18,12,32,17,1,3,7,22,18,51,59,92,35,1,3,25,17,0,2,64,53,42,33,2,3,5,10,2,0,9,56,67,25,9,7,5,14,24,15,16,2,9,5
18,1,6,3,5,14,20,18,61,23,9,7,2,0,13,61,1,2,4,10,77,53,41,25,31,17,0,3,85,25,1,4,24,18,51,56,13,1,4,9,134,16,13,33,29,0,0,25,16,2,5,34,134,61,8,1,10,0,0,3,39,57,45,10,11,17,14,28,54,21,5,5,134,57,5,17,52,7,0,5,22,5,2,101,134,35,6,1,0,0,0,31,109,92,92,0,1,16,113,33,7,8,3,1,33,104,49,15,10,1,0,0,3,9,3,103,134,15,0,0,9,3,0,32,134,67,6,0
0,0,0,0,0,77,112,0,0,0,0,14,27,127,127,0,0,13,127,127,105,127,31,0,2,93,127,36,11,18,5,2,8,0,0,0,0,127,127,8,46,10,4,2,1,70,127,24,5,6,18,71,15,43,13,1,1,11,41,44,4,3,0,0,43,1,0,0,0,11,24,22,127,10,1,0,0,0,1,29,37,18,28,49,4,0,0,3,0,3,35,44,10,0,0,0,44,28,1,0,0,0,0,4,114,16,1,0,0,0,0,15,66,11,7,10,16,2,1,21,0,7,17,21,32,3,0,0
0,0,1,13,157,82,0,0,8,6,6,15,30,12,2,10,35,2,0,0,0,0,1,39,64,6,0,0,0,0,0,16,6,1,1,20,157,146,10,11,15,2,3,3,34,15,4,13,81,8,1,0,2,0,0,16,112,32,0,0,0,0,0,3,6,4,15,157,157,26,8,4,9,36,55,45,12,0,0,2,50,38,30,8,2,0,0,2,134,81,0,0,0,0,0,0,0,0,9,101,137,12,2,0,0,19,55,67,41,14,0,0,41,8,11,31,26,1,0,0,142,22,0,0,0,0,0,11
4,22,40,39,4,0,0,0,92,123,35,4,0,1,1,4,28,71,104,30,32,78,20,63,32,1,6,7,13,38,45,123,26,33,27,16,0,0,0,1,123,96,7,6,8,6,3,7,36,18,58,83,117,123,14,7,70,46,123,30,22,46,28,98,16,51,50,2,0,0,0,0,123,23,20,6,2,0,2,49,24,7,68,62,14,3,14,69,17,18,92,31,25,25,8,12,8,47,64,10,0,0,0,0,5,7,39,56,18,3,5,13,2,0,1,14,16,12,62,83,11,3,1,1,17,42,39,24
2,0,0,0,0,89,137,33,15,0,0,0,0,128,137,14,41,12,4,5,2,57,137,20,1,3,11,58,14,37,10,0,128,5,0,0,0,5,78,86,86,6,0,0,0,9,25,26,137,21,5,3,0,0,1,21,18,13,26,64,9,0,0,0,137,27,0,0,0,0,0,5,73,72,7,0,0,0,0,2,137,28,4,0,0,0,0,21,46,12,13,22,33,5,1,13,137,58,3,0,0,0,0,0,64,53,12,0,0,0,0,2,80,84,9,0,0,0,0,3,35,57,36,11,2,0,0,2
0,0,75,49,0,0,0,0,79,71,93,29,0,0,0,1,165,71,5,0,0,0,0,6,28,1,0,0,0,0,0,1,0,0,35,40,6,0,0,0,88,30,44,7,0,0,0,6,165,22,1,0,0,0,0,26,35,0,0,0,0,0,0,2,0,0,82,35,3,2,0,0,49,16,68,29,2,3,0,2,165,19,4,2,0,0,1,23,41,0,0,0,0,0,8,6,0,0,8,8,6,29,15,3,13,1,4,7,5,41,16,12,110,1,0,0,28,103,110,92,40,0,0,0,17,112,165,137
7,2,0,0,0,12,27,22,74,2,0,0,0,1,9,98,35,11,17,8,0,0,1,23,0,0,8,13,0,0,10,1,2,0,0,0,3,14,18,9,74,2,0,2,5,4,15,143,167,54,57,24,0,0,1,90,13,16,123,135,0,0,0,0,12,2,0,3,4,1,1,2,110,47,7,11,5,1,1,9,167,102,11,3,0,0,0,11,86,28,91,91,0,0,0,0,9,4,1,4,2,0,0,1,130,27,1,0,0,0,0,5,167,51,0,0,0,0,0,0,103,9,4,4,0,0,0,0
22,18,57,8,0,0,0,16,10,38,111,12,1,0,0,0,58,74,35,14,1,0,0,0,98,92,6,1,0,0,0,0,115,41,9,7,1,0,0,29,88,33,30,12,1,0,0,5,46,105,84,15,1,0,0,2,96,101,6,0,0,0,0,0,119,21,7,21,15,2,9,80,85,12,5,6,4,0,12,56,73,22,10,0,0,0,4,83,116,34,2,0,0,0,0,13,119,0,0,0,1,1,59,119,23,1,0,0,0,0,74,107,85,0,0,0,0,0,6,114,115,5,0,0,0,0,0,60
34,2,0,0,0,0,10,73,61,13,0,0,0,0,13,97,101,10,0,0,0,0,2,120,23,16,1,0,0,0,15,88,41,1,0,0,0,0,10,120,76,8,0,0,0,0,11,120,99,13,2,0,0,0,7,117,34,12,3,0,0,0,32,120,93,103,20,0,0,0,2,120,120,93,2,0,0,0,1,56,120,65,4,0,0,0,3,17,43,37,8,0,0,0,14,32,9,120,82,0,0,0,0,0,46,120,23,0,0,1,6,1,42,23,0,0,0,5,35,28,9,5,5,0,0,0,30,43
36,7,0,0,0,0,13,91,26,0,0,0,0,0,34,130,19,3,0,0,0,0,99,130,17,0,0,0,0,3,48,87,64,1,0,0,0,0,35,130,130,19,2,0,0,0,6,69,77,47,8,0,0,0,21,42,45,6,0,0,0,26,50,41,130,93,2,0,0,0,2,51,130,30,0,0,0,1,8,25,26,6,0,0,0,1,67,47,7,10,9,0,1,10,70,27,29,130,15,0,0,2,2,0,40,36,0,1,2,41,36,5,7,2,0,3,14,68,130,49,5,11,11,1,5,49,130,55
31,2,3,1,2,10,13,60,36,21,22,1,0,0,0,11,15,20,43,13,1,0,0,0,33,33,22,11,1,0,0,0,156,20,1,0,0,36,49,123,90,34,11,14,5,0,0,6,78,24,18,4,0,0,0,8,22,55,42,3,0,0,0,6,156,6,1,4,4,19,24,156,106,9,3,16,15,3,19,74,44,4,1,2,1,0,15,55,45,3,0,0,0,0,2,55,156,9,2,9,5,2,27,156,75,0,0,0,0,0,76,156,20,0,0,0,0,0,48,86,45,0,0,0,0,0,5,71
0,139,139,0,0,0,0,0,110,139,112,1,0,0,0,2,139,110,7,0,0,0,0,7,23,91,6,0,0,0,0,0,0,139,139,16,19,5,0,0,39,66,102,25,59,13,1,17,139,38,1,0,2,1,0,40,49,20,0,0,0,0,0,8,0,1,11,9,60,29,0,0,22,21,21,30,79,12,0,1,139,41,8,2,2,0,0,28,46,11,1,0,0,0,0,18,0,0,1,16,27,5,1,0,2,9,32,21,8,0,1,0,69,16,11,0,0,0,4,27,67,3,0,0,0,0,0,27
0,0,0,0,0,14,16,0,50,6,0,0,1,31,54,42,53,24,4,1,0,0,1,14,11,11,9,2,0,0,0,0,13,1,0,1,7,26,33,10,166,42,0,0,2,20,46,60,96,46,6,8,10,0,0,5,28,17,4,2,2,0,0,1,32,9,2,14,25,7,28,70,166,30,2,5,6,2,3,71,83,4,0,1,5,1,17,62,21,3,0,0,0,0,5,23,166,22,0,0,1,0,29,166,166,12,0,0,0,0,31,166,43,1,0,0,0,0,27,159,25,0,0,0,0,0,8,39
3,2,0,17,19,0,0,1,51,39,10,9,3,0,5,38,7,7,8,18,14,35,78,27,0,0,0,0,1,30,68,22,18,7,0,4,32,2,0,0,139,128,31,46,10,0,0,4,20,27,27,139,112,9,4,0,5,0,0,31,29,5,13,26,22,0,0,6,23,3,0,4,139,17,3,17,5,0,0,86,100,8,5,139,139,0,0,23,8,1,0,139,98,0,0,2,3,0,1,17,13,1,0,1,139,0,0,0,1,0,0,39,90,1,0,70,63,0,0,15,2,1,0,73,99,0,0,0
30,8,0,0,22,38,1,0,161,79,0,0,0,3,0,1,89,25,0,0,49,78,0,1,0,0,0,0,17,26,0,0,55,16,4,15,24,3,0,0,161,46,0,0,9,24,5,11,89,4,0,0,161,161,5,8,6,7,0,0,61,64,0,0,29,18,67,58,5,0,0,1,161,24,8,5,6,85,69,62,17,5,0,0,69,161,40,11,9,26,0,0,12,16,0,1,0,0,38,64,54,12,0,0,6,1,2,12,60,53,32,9,20,16,0,0,0,32,15,1,7,31,2,0,0,0,0,0
0,0,0,0,0,63,115,3,6,3,1,2,4,39,115,25,4,10,30,9,4,13,24,25,1,4,68,31,20,51,30,5,15,18,3,0,0,17,115,31,115,115,18,3,1,4,66,65,15,43,42,36,62,60,20,22,6,22,22,6,28,112,32,3,52,84,3,0,0,9,99,55,115,70,4,1,2,16,78,115,14,19,7,8,61,115,96,27,27,41,13,9,23,42,26,6,24,115,23,0,1,8,15,12,19,69,28,3,7,7,34,25,5,76,60,1,0,10,54,11,3,17,31,47,15,40,34,2
15,3,4,17,97,15,2,1,159,26,0,1,12,0,0,0,137,9,1,0,0,0,0,0,0,0,0,0,0,0,0,0,24,19,13,35,77,17,8,1,159,83,2,3,8,0,0,22,130,15,2,0,0,0,4,23,0,0,3,3,1,0,0,0,13,16,34,57,58,6,0,2,151,43,26,4,2,0,15,159,30,4,4,0,0,0,83,159,0,0,2,2,0,0,42,69,0,5,73,33,13,1,0,0,6,25,107,1,0,0,1,16,7,7,37,8,0,0,19,89,1,0,0,4,0,0,56,120
132,8,0,0,0,0,2,132,132,22,21,2,0,0,0,61,93,49,13,0,0,0,0,34,76,7,0,0,0,0,0,44,132,132,57,0,0,0,0,8,132,77,9,0,0,0,0,17,69,45,45,0,0,0,0,26,82,12,2,0,0,0,0,42,26,74,116,14,5,18,12,10,132,31,7,2,0,3,3,71,90,21,14,0,0,0,0,39,33,10,2,1,4,6,16,29,15,12,1,2,1,25,29,23,132,76,0,0,0,3,4,43,101,57,5,5,0,0,0,20,4,7,9,55,21,7,12,9
82,8,4,23,2,0,0,1,133,11,0,0,0,0,0,21,23,2,1,14,5,3,18,19,0,0,6,20,5,4,8,3,68,7,3,117,81,0,0,2,133,36,2,3,6,0,0,7,17,10,2,9,67,28,27,14,6,0,0,0,7,16,30,54,42,0,1,93,133,16,0,9,133,6,0,5,15,0,0,25,28,3,0,8,133,25,5,8,36,0,0,0,40,22,16,108,25,7,9,133,133,11,3,7,133,7,0,18,32,2,0,12,28,3,0,4,133,57,2,3,6,0,0,0,67,54,56,79
3,1,0,0,1,26,107,36,0,0,0,0,113,131,35,7,41,3,0,0,58,59,1,7,23,4,1,12,29,8,1,5,0,0,0,1,3,65,131,55,5,0,0,0,30,131,116,36,92,6,0,0,15,44,12,21,17,2,0,0,23,105,6,3,4,2,7,52,31,24,26,15,38,16,0,3,15,53,46,16,127,22,0,0,6,68,15,13,7,6,0,0,49,131,4,1,13,1,1,13,53,52,4,12,36,29,0,1,17,38,25,6,28,13,0,0,1,131,66,1,36,131,0,0,10,131,19,0
124,76,9,16,4,0,0,5,21,2,3,14,6,2,16,59,26,31,10,3,2,15,44,24,124,60,3,0,0,0,2,7,124,22,3,33,6,0,0,20,34,12,15,97,13,0,1,9,124,114,23,3,0,0,1,20,72,124,19,0,0,0,0,14,124,3,2,13,7,0,0,98,43,7,36,96,1,0,0,26,91,14,24,33,0,0,0,73,101,21,1,0,0,0,0,124,124,3,0,28,35,0,0,67,89,1,4,11,0,0,1,52,8,2,23,45,1,0,3,16,34,0,4,12,2,0,0,116
0,4,130,25,1,2,1,0,1,9,130,24,5,5,3,0,7,42,130,18,3,0,2,1,8,22,83,26,12,1,2,6,0,6,65,49,32,3,0,0,35,7,23,35,77,58,5,9,130,62,37,38,51,7,3,15,34,6,14,53,130,9,2,14,0,1,9,41,68,0,0,0,34,11,5,63,130,19,3,10,130,19,3,15,72,5,3,58,47,3,1,43,130,2,0,10,0,0,1,16,49,4,36,7,7,3,25,72,97,17,10,10,110,19,26,14,24,8,7,77,18,22,28,39,99,7,4,16
0,0,12,35,1,4,10,1,0,0,61,117,3,16,13,0,0,0,77,131,7,9,14,3,0,4,131,33,2,10,11,4,0,0,0,0,14,22,8,0,13,0,0,4,74,131,64,9,111,17,17,40,46,38,57,35,15,9,41,34,68,22,42,40,0,0,0,2,40,19,2,0,55,3,0,1,131,46,3,3,131,22,1,15,105,15,3,8,44,15,5,35,131,29,5,15,0,0,0,1,26,48,39,2,31,8,2,16,131,35,18,4,131,14,1,5,55,29,36,45,25,21,5,6,86,35,19,13
139,95,1,10,20,3,0,0,23,46,10,50,59,0,0,0,34,104,105,5,0,0,3,5,22,139,57,0,0,0,1,2,123,91,1,7,7,0,0,2,64,22,6,55,39,0,0,3,139,91,51,3,1,0,0,8,21,69,91,9,11,5,1,0,35,48,9,23,10,3,5,29,53,3,2,32,34,7,5,28,139,13,1,3,5,1,0,24,74,10,7,9,79,29,1,5,10,26,38,123,43,29,28,14,38,0,0,16,18,21,29,27,139,10,0,0,2,1,2,17,64,9,6,19,65,5,0,3
109,80,1,7,16,3,0,0,50,39,9,40,33,0,0,0,83,101,98,2,0,0,0,1,8,82,50,4,2,1,0,0,49,71,5,12,8,2,3,18,87,6,2,32,31,4,2,16,138,31,13,3,9,2,0,12,28,12,18,9,62,36,5,7,16,42,38,118,42,28,31,20,84,2,0,16,20,20,26,31,138,19,0,2,18,3,1,13,34,26,16,26,89,13,0,2,13,5,3,17,38,116,138,53,120,7,0,2,8,20,52,77,138,7,0,0,3,2,2,64,41,56,26,6,10,2,2,13
1,4,3,5,36,15,6,4,15,54,4,1,4,5,3,7,93,119,6,0,1,0,0,4,117,88,18,1,0,0,1,88,11,27,34,10,9,6,5,3,60,53,31,15,2,0,1,36,119,119,14,2,0,0,0,75,45,33,22,11,1,5,9,62,25,104,66,9,0,0,0,1,15,78,119,23,1,0,0,6,119,116,45,12,6,5,40,45,22,12,3,11,8,12,108,37,28,75,27,13,15,2,6,45,12,90,87,16,0,0,3,23,5,13,45,119,38,11,34,8,0,3,52,58,7,7,110,22
0,0,7,12,43,5,0,0,4,6,2,13,117,34,2,1,117,90,7,7,23,13,4,3,29,26,9,17,117,43,0,1,0,0,0,8,78,22,19,19,24,8,7,37,113,64,9,11,117,49,5,5,40,23,6,28,36,13,1,2,117,75,1,2,0,0,0,15,25,5,88,115,11,12,36,101,30,4,57,41,107,34,25,18,27,18,22,31,12,31,66,32,91,27,2,6,0,0,1,46,52,6,50,46,2,6,7,4,1,1,117,85,9,3,6,2,0,0,90,115,14,13,32,4,1,0,6,97
132,23,6,29,25,0,0,40,132,35,7,0,0,0,0,84,62,24,7,0,1,0,0,37,9,5,3,24,132,3,1,5,132,76,73,74,54,0,0,14,132,51,5,0,0,0,4,58,72,4,0,0,0,9,66,55,3,0,0,6,132,67,61,24,8,51,132,96,21,0,0,0,68,39,18,16,10,7,42,30,13,1,0,0,0,28,132,26,13,4,0,17,93,35,63,14,0,0,12,60,78,13,0,0,1,3,7,36,30,12,7,2,9,15,6,12,3,4,12,12,19,15,0,3,38,28,6,3
42,1,1,10,71,36,5,45,78,15,11,3,6,9,5,60,77,40,19,5,5,2,5,12,91,41,5,23,40,0,0,2,41,11,14,120,93,1,0,15,120,62,23,17,8,1,0,35,120,37,18,41,38,6,3,9,120,18,5,29,49,0,0,3,9,14,13,80,120,12,1,3,120,39,12,12,14,10,11,63,120,13,0,4,53,42,7,31,120,22,8,18,5,0,0,0,5,0,5,15,82,21,7,6,30,0,1,6,49,21,15,68,120,5,0,0,5,18,30,72,120,7,0,0,0,10,60,27
4,23,4,0,3,5,3,6,34,125,12,1,3,2,0,0,125,125,15,0,0,0,0,25,35,76,71,20,0,0,0,24,43,53,10,4,1,0,0,16,125,125,25,0,0,0,0,24,103,74,40,13,0,0,0,73,51,11,21,8,0,0,9,125,31,45,98,26,1,0,0,13,125,118,16,1,0,0,4,46,44,22,12,16,7,11,20,33,31,15,9,2,1,10,29,71,2,38,116,32,3,0,0,0,26,42,22,41,24,11,65,34,6,6,3,11,8,6,125,64,43,13,8,2,1,0,44,92
1,0,0,3,59,141,10,1,82,0,0,0,5,31,8,35,141,5,0,0,0,0,0,52,47,7,0,3,10,2,1,27,7,0,0,47,141,58,2,3,113,3,0,0,3,6,1,26,141,25,0,0,0,0,0,19,56,27,0,2,5,6,3,2,20,0,0,35,141,56,3,12,140,13,0,0,0,1,1,14,141,17,0,0,0,0,0,4,58,5,0,1,21,26,2,2,15,9,8,100,141,15,0,1,104,49,1,7,2,0,0,1,141,36,0,0,2,0,0,1,32,2,0,2,31,23,4,3
7,0,0,0,77,121,17,33,47,0,0,0,0,1,2,74,110,11,0,0,0,0,0,23,121,13,0,0,0,0,0,21,37,0,0,1,121,51,14,61,87,1,0,0,0,0,0,114,121,7,0,0,0,0,0,56,71,1,0,0,0,0,0,68,80,2,0,27,121,3,1,11,121,39,0,0,0,0,0,16,121,101,3,0,0,0,0,5,36,42,10,0,0,0,0,12,65,2,0,13,121,11,0,10,121,31,0,0,0,0,3,37,103,59,5,0,0,0,44,54,8,37,18,1,0,11,80,16
133,21,3,2,2,0,0,17,133,51,5,0,0,0,0,14,30,78,61,7,2,2,3,11,32,31,42,14,6,3,1,9,133,72,12,0,0,0,0,2,133,80,7,0,0,0,3,27,43,94,56,1,1,3,34,38,7,45,86,4,5,6,52,8,111,23,8,6,3,0,0,10,133,33,2,0,0,0,24,129,24,22,11,0,0,1,133,103,5,12,8,0,4,22,133,15,65,14,0,0,1,0,2,12,115,30,3,0,0,0,10,87,23,12,11,4,4,10,19,37,14,8,3,2,4,17,37,29
0,0,2,7,12,38,34,10,30,0,0,0,0,2,8,37,26,1,0,0,0,0,2,44,33,4,0,0,0,0,0,16,14,0,0,1,35,27,25,29,107,9,0,0,0,0,4,48,43,19,3,0,0,0,0,11,70,8,0,0,0,0,0,7,18,12,166,71,34,8,2,9,122,72,152,4,0,0,0,19,32,43,125,0,0,0,0,1,38,35,79,0,0,0,0,1,0,6,169,55,0,0,0,0,2,43,169,5,0,0,0,0,0,23,169,0,0,0,0,0,0,17,169,1,0,0,0,0
1,0,0,0,0,10,26,9,56,0,0,0,0,3,34,35,201,0,0,0,0,0,3,60,40,0,0,0,0,0,3,6,0,0,0,1,7,46,56,3,77,5,3,2,2,38,114,51,201,7,0,0,0,1,12,96,64,0,0,0,0,1,4,8,0,2,30,43,34,21,4,0,101,51,58,12,3,12,11,5,201,72,3,0,0,0,1,9,64,2,0,0,0,0,2,2,0,1,17,40,17,3,6,1,94,20,15,18,8,0,0,0,201,23,0,0,0,0,0,2,44,0,0,0,0,0,0,3
32,28,18,9,0,0,0,5,35,59,33,11,1,0,0,0,60,126,126,16,0,0,0,0,8,61,126,8,5,0,0,0,16,9,22,52,22,3,0,3,126,36,1,2,2,1,0,4,126,42,1,0,0,0,5,14,33,10,5,0,25,8,10,22,22,0,0,11,106,43,10,38,126,7,0,0,11,12,18,76,124,2,0,0,0,12,75,94,51,0,0,0,35,20,49,86,29,0,0,0,97,69,12,42,120,6,0,0,17,17,31,96,71,45,13,9,2,8,47,50,124,6,5,5,38,15,10,25
13,0,0,0,0,0,1,136,5,0,0,0,0,2,6,136,0,0,0,0,28,90,2,6,24,38,0,0,17,102,8,2,45,26,7,3,0,0,0,136,136,44,0,0,4,2,1,136,33,19,25,39,82,47,1,19,12,136,27,9,15,18,0,0,35,136,12,3,1,1,0,1,133,136,0,0,3,11,20,39,74,36,22,14,6,0,9,39,1,28,18,2,0,0,0,0,29,136,5,2,13,5,1,0,28,120,12,1,16,15,5,3,40,51,0,0,0,0,1,3,0,0,0,0,0,0,0,0
11,6,19,21,31,62,25,9,14,94,113,45,17,7,1,13,113,113,43,0,2,12,19,94,45,11,0,0,7,113,113,58,101,52,17,4,3,12,15,22,41,33,41,13,36,70,28,38,110,25,5,6,13,24,24,108,21,73,20,13,20,33,15,4,101,46,8,10,11,10,10,64,50,25,6,24,103,57,9,12,113,54,2,4,8,4,4,25,50,20,5,3,0,0,2,22,34,0,2,26,25,15,46,95,45,9,0,0,21,41,51,64,95,10,0,0,0,0,8,86,19,0,0,0,0,0,4,52
1,1,0,0,134,74,7,2,15,40,17,1,4,21,23,8,48,81,26,16,3,7,13,12,10,20,69,40,6,9,10,9,16,2,1,36,134,26,4,8,134,69,16,9,16,7,6,27,28,45,21,13,40,62,20,8,61,43,3,2,14,39,29,28,9,1,0,34,134,29,2,5,101,8,1,5,31,24,30,130,31,45,3,1,18,83,34,29,55,134,4,0,6,7,1,3,0,0,0,73,134,25,6,3,31,4,0,5,48,22,15,124,87,24,0,0,0,1,2,106,71,19,0,0,0,0,0,22
0,0,10,19,2,8,72,2,11,0,2,14,6,20,54,9,131,1,0,0,0,1,9,27,29,3,0,0,0,0,0,1,0,0,8,26,3,13,146,10,24,6,11,7,1,25,146,61,146,13,1,0,0,1,43,146,50,1,0,0,0,0,0,8,0,1,86,90,6,3,13,0,42,58,135,46,0,3,27,10,146,118,15,0,0,0,5,26,50,6,0,0,0,4,21,5,0,2,21,19,8,3,1,0,20,14,37,19,2,8,9,4,115,20,3,0,0,22,92,55,8,0,0,0,0,54,146,10
158,26,133,10,0,0,1,80,4,28,158,0,0,2,6,3,21,22,136,0,0,1,3,9,19,22,63,0,0,0,1,7,158,12,1,2,1,1,2,99,3,1,0,0,0,18,14,10,43,1,0,0,0,2,6,21,49,4,0,0,0,0,0,9,158,15,1,5,16,3,5,148,21,10,0,0,0,8,11,15,48,15,0,0,0,0,0,6,60,3,0,0,0,0,0,10,158,158,97,32,15,0,0,12,17,35,9,5,1,0,0,3,17,21,12,0,0,0,1,3,40,19,1,0,0,0,0,5
14,0,1,3,1,32,119,84,18,0,9,6,1,6,119,116,26,28,14,5,1,2,81,108,8,24,41,0,0,0,114,51,119,45,47,11,0,0,53,80,119,39,18,6,0,0,17,63,5,10,25,49,12,5,82,67,0,8,19,9,2,6,119,46,65,72,66,10,0,0,0,36,111,79,21,2,0,2,8,36,10,25,28,25,19,21,14,14,11,87,39,6,2,1,0,0,116,11,1,0,0,0,0,97,47,37,15,0,0,0,11,73,10,33,29,12,1,0,14,26,18,84,6,0,0,1,27,8
44,9,12,22,3,0,32,118,11,44,25,12,4,31,72,45,1,9,42,15,38,105,16,0,0,5,90,13,12,32,7,0,64,14,0,0,0,0,13,81,118,61,9,0,0,5,33,55,29,97,118,5,4,8,3,8,12,71,118,12,0,0,0,2,83,3,5,4,0,0,1,24,118,16,0,0,0,0,0,89,56,24,4,0,0,2,17,118,36,33,23,0,0,4,72,118,25,19,111,28,0,0,0,3,66,63,40,1,0,0,0,33,30,31,12,9,32,33,20,42,11,0,0,1,29,61,106,110
136,22,1,0,0,3,5,42,140,30,0,0,0,0,6,140,109,26,0,0,0,0,0,20,12,0,0,0,9,7,1,3,37,78,63,16,42,6,4,23,140,61,2,3,13,2,7,126,140,12,0,0,0,16,38,45,2,0,0,0,4,9,67,33,11,40,78,48,61,8,0,0,140,101,42,4,8,1,1,40,102,8,0,0,37,64,34,43,13,3,0,0,4,16,62,60,4,23,67,24,8,4,1,2,80,72,31,6,6,3,0,3,45,14,3,6,68,20,6,12,8,6,4,2,12,9,33,24
10,1,0,0,60,130,6,9,31,0,0,0,7,20,13,26,114,25,0,0,1,0,1,19,31,35,0,0,101,57,0,0,32,26,1,0,49,96,1,3,49,12,0,0,21,23,16,22,130,40,0,0,10,10,5,23,37,21,0,0,130,130,0,0,17,14,36,35,42,22,22,4,69,11,10,10,21,36,47,13,130,24,0,0,25,56,19,57,20,10,2,1,130,130,9,9,1,11,39,81,58,4,2,0,47,57,39,51,26,8,7,3,48,47,6,5,61,117,21,20,14,25,9,2,36,108,26,15
25,0,0,0,0,122,122,64,46,1,0,0,0,35,47,61,100,5,3,0,0,0,1,61,25,7,21,25,5,0,0,14,122,4,1,2,2,18,15,73,122,14,0,0,0,0,0,58,122,38,0,0,0,0,0,23,112,43,17,3,0,0,0,13,75,54,105,12,0,0,0,12,122,80,13,0,0,0,0,26,122,54,0,0,0,0,0,8,122,22,0,0,0,0,0,25,1,27,122,8,0,0,0,0,16,122,61,0,0,0,0,0,28,111,9,0,0,0,0,1,56,30,7,0,0,0,0,19
0,0,0,0,13,79,5,0,62,1,0,0,3,44,20,12,174,6,0,0,0,0,0,13,14,0,0,0,0,0,0,0,0,0,11,37,62,112,5,0,122,8,21,35,8,35,30,54,174,13,2,1,0,0,1,87,39,0,0,0,0,0,0,3,0,0,52,113,19,1,0,0,68,63,117,79,1,0,0,3,174,126,17,2,0,0,0,8,40,3,0,0,0,0,0,0,0,0,29,64,7,0,0,0,51,27,54,31,1,0,0,0,174,44,4,0,0,0,0,0,21,1,0,0,0,0,0,0
0,79,190,48,0,2,2,0,3,164,67,0,0,11,24,2,0,19,4,0,0,19,26,3,0,0,3,25,2,4,8,3,1,5,4,0,0,9,11,1,23,4,0,0,0,11,25,9,8,8,5,0,0,1,7,4,2,3,4,1,1,2,1,3,2,0,0,0,0,0,0,0,42,2,0,0,0,0,0,8,29,14,6,0,0,5,6,5,1,5,7,6,9,122,41,0,0,0,0,0,0,0,0,0,8,0,0,0,0,22,26,13,10,0,0,0,0,199,199,14,0,0,0,0,0,199,199,0
0,14,119,54,1,3,21,0,67,130,81,1,0,0,8,5,130,78,14,2,0,0,0,63,45,8,12,66,16,0,2,51,31,13,30,17,2,15,20,7,130,130,89,2,0,0,1,8,90,96,130,24,0,0,0,38,67,11,15,22,5,0,0,89,33,28,98,20,0,2,3,2,130,69,24,0,0,0,0,51,82,16,53,33,0,0,1,52,18,27,41,11,0,0,1,11,2,14,83,17,0,0,20,21,73,66,40,0,0,0,2,29,63,8,0,0,0,0,1,65,5,3,1,0,0,0,11,27
4,19,50,15,0,0,80,17,112,107,13,0,0,3,51,26,100,114,108,16,1,1,1,2,39,83,85,25,5,0,1,30,7,52,105,21,0,0,1,1,108,114,86,0,0,0,0,3,114,46,11,12,4,0,0,48,16,2,4,65,49,0,3,32,114,96,23,0,0,0,1,2,50,89,114,33,0,0,0,1,106,23,43,26,0,0,0,43,34,1,0,37,31,0,0,30,114,49,20,1,0,0,0,4,93,12,13,20,0,0,0,20,12,12,37,29,0,0,0,4,17,13,10,6,9,0,0,8
0,0,0,1,11,6,2,5,72,0,0,1,29,17,5,40,169,12,0,0,0,1,5,81,57,12,0,0,0,0,0,12,0,0,0,9,25,12,3,4,59,6,2,16,93,97,23,62,169,73,3,1,3,10,12,127,55,70,3,0,0,0,0,0,29,2,3,20,14,1,5,26,56,48,50,137,67,14,1,5,169,105,22,12,2,2,0,22,88,8,0,0,0,0,0,5,43,3,1,1,0,2,7,34,32,8,14,37,6,1,1,20,169,13,5,6,2,0,0,56,82,0,0,0,0,0,0,19
16,2,0,0,0,0,3,14,151,53,0,0,0,0,0,3,151,36,0,0,0,0,0,2,1,0,0,0,1,1,0,1,36,8,20,8,0,0,0,7,151,62,1,0,0,0,0,5,151,24,0,0,0,0,0,4,2,0,0,0,0,0,0,1,15,9,115,105,3,0,0,0,151,26,26,22,1,0,0,57,119,1,0,0,0,0,13,72,1,0,0,0,0,10,38,3,0,0,15,40,15,38,19,2,39,4,8,20,13,41,29,55,21,0,0,0,1,43,151,107,0,0,0,0,0,113,151,3
39,119,30,1,0,0,0,0,41,115,36,1,0,0,0,0,79,79,7,4,1,0,0,7,10,22,34,76,28,1,0,3,30,86,28,9,27,7,3,9,102,52,5,1,9,6,5,39,81,39,7,7,1,0,0,23,56,15,11,21,43,30,0,11,83,7,7,35,67,5,1,38,119,69,14,21,26,4,2,29,84,106,30,7,5,1,0,3,21,41,8,2,119,111,0,0,102,9,6,15,6,0,0,97,60,119,24,10,2,0,0,9,24,113,14,1,27,25,0,0,0,7,2,1,119,119,0,0
128,16,4,5,8,8,1,24,16,6,13,38,66,51,5,15,26,57,63,14,4,4,2,23,17,65,55,13,0,0,0,1,128,17,5,14,14,7,1,24,40,9,7,87,116,37,4,25,128,35,7,10,8,2,2,57,94,49,10,6,1,0,0,3,128,66,7,14,5,0,0,14,49,21,17,128,121,5,1,7,128,59,16,35,18,3,2,23,118,25,7,8,9,9,4,10,100,43,17,0,3,3,12,29,31,1,0,13,99,24,11,20,22,3,1,7,35,14,13,65,111,5,0,0,0,4,15,61
12,4,1,0,35,122,4,8,2,7,13,26,78,61,2,1,28,51,13,19,42,9,2,1,16,42,31,56,24,6,0,0,7,2,0,0,30,109,22,10,17,3,1,2,64,122,33,17,122,59,1,1,17,44,17,33,25,41,4,5,95,103,12,4,2,0,0,2,21,39,52,17,25,31,9,9,122,64,12,4,122,55,6,1,25,52,13,35,13,1,0,0,99,122,22,9,21,1,0,0,3,10,104,53,53,64,20,6,22,9,16,27,15,58,18,5,84,91,3,4,0,0,0,1,102,122,1,0
124,0,0,0,11,6,1,30,153,8,0,0,0,0,0,31,52,6,0,1,39,39,1,4,0,0,0,10,70,56,5,5,153,22,2,16,22,2,0,13,153,13,0,0,2,3,0,19,58,0,0,3,54,58,5,10,0,0,1,52,73,17,4,3,108,68,13,108,40,0,0,0,153,65,0,0,3,0,1,8,46,1,1,34,51,10,7,10,0,0,1,28,45,11,2,1,76,48,3,76,153,7,0,0,126,92,2,1,15,14,7,4,10,2,0,8,15,23,49,38,1,0,0,12,50,17,6,7
59,1,4,9,38,64,7,74,70,29,17,16,29,22,6,84,13,133,38,6,9,81,38,3,1,43,34,10,17,133,50,0,34,4,28,70,26,4,0,19,133,29,11,16,7,2,0,63,33,36,86,94,38,79,23,2,0,133,123,9,3,44,18,0,18,1,1,19,90,12,0,1,133,13,3,5,12,0,0,32,94,18,74,49,0,0,0,6,0,29,66,11,0,0,0,0,6,3,2,29,46,3,0,0,133,38,3,7,6,0,0,9,109,13,2,10,3,0,0,1,0,0,2,13,3,0,0,0
33,17,3,17,7,0,0,4,145,69,17,3,1,0,0,0,30,44,42,8,24,16,2,3,34,33,11,1,3,5,3,7,39,2,1,20,15,11,15,20,145,22,0,1,5,1,1,7,68,20,10,22,87,21,1,3,99,66,9,4,8,5,1,5,92,1,0,5,13,39,84,78,145,7,0,0,1,0,1,59,73,72,44,19,17,0,0,19,18,132,63,2,0,0,0,0,145,73,1,0,0,3,19,62,145,64,1,0,0,0,0,31,145,76,6,0,0,0,0,15,17,40,26,1,3,28,2,0
12,0,0,85,38,0,2,23,39,1,0,2,1,10,41,58,6,8,21,7,2,89,69,12,14,7,26,6,0,20,37,68,5,2,6,124,77,8,21,12,29,4,20,110,14,10,58,28,124,91,101,25,1,13,21,19,19,33,124,80,5,1,3,12,35,46,8,30,59,51,17,18,52,30,49,124,7,9,7,19,124,34,35,72,0,1,8,72,43,7,29,43,24,47,68,47,40,54,3,1,31,70,7,5,62,78,14,39,2,1,1,7,22,7,24,107,15,9,12,22,9,2,3,23,20,72,73,28
26,0,0,1,2,4,6,34,35,3,1,3,1,0,0,50,25,42,4,1,0,0,0,7,4,18,2,0,12,10,0,0,52,1,0,0,2,12,24,64,78,8,0,0,0,0,0,60,97,7,0,0,1,0,0,26,8,2,0,3,44,18,0,0,122,48,59,8,5,3,4,36,85,70,58,0,0,0,0,3,92,46,52,1,2,1,0,2,7,2,40,20,50,6,0,0,13,75,194,19,0,0,0,0,6,77,194,0,0,0,0,0,4,49,194,2,0,0,0,0,0,2,194,23,3,0,0,0
19,3,0,0,0,0,0,43,37,20,1,0,0,0,0,14,3,6,1,0,27,18,0,0,0,0,0,0,87,25,0,0,55,7,0,0,0,0,0,33,98,3,0,1,1,0,0,21,9,2,0,11,62,7,0,1,0,0,0,10,112,5,0,0,47,63,61,0,0,0,0,1,68,64,91,0,0,0,0,2,6,10,135,25,34,3,0,1,0,8,170,44,46,0,0,0,2,89,171,0,0,0,0,0,0,85,171,0,0,0,0,0,0,39,171,4,0,0,0,0,0,29,171,12,3,0,0,0
63,7,0,0,9,65,17,16,81,68,2,0,0,0,0,2,60,113,26,0,0,0,0,0,13,90,105,18,0,0,0,0,73,113,2,0,5,6,0,1,113,95,7,0,0,0,0,2,113,43,0,0,0,0,0,38,67,22,9,4,3,11,12,49,74,66,6,1,0,0,30,109,31,44,26,0,0,0,59,74,113,7,2,0,0,0,12,82,27,0,0,0,3,45,49,56,13,40,61,110,51,3,40,66,94,21,4,14,14,1,85,113,56,26,17,0,0,0,18,113,14,4,4,4,12,22,9,36
20,24,83,131,27,0,1,14,131,69,59,48,3,0,0,55,131,65,18,0,0,6,7,31,2,18,11,4,30,74,7,3,6,5,20,131,131,75,55,23,74,86,50,42,48,15,1,13,71,40,1,0,2,30,19,31,0,0,0,0,34,108,12,3,42,3,1,4,48,58,104,91,65,14,2,5,21,12,21,53,11,4,0,0,3,30,53,26,0,0,0,0,37,51,11,0,32,13,2,11,14,12,39,34,5,1,2,7,3,3,51,118,0,0,0,0,0,23,100,23,4,3,0,0,1,78,67,1
8,36,8,0,0,0,25,40,15,14,4,3,1,1,40,53,127,19,0,0,0,0,10,54,39,20,2,0,0,0,0,1,0,42,33,16,2,4,0,0,43,12,3,10,6,14,5,6,153,34,0,0,0,0,0,6,53,10,0,0,0,0,0,3,0,0,11,28,7,15,153,14,51,1,0,16,12,25,136,42,153,12,0,0,0,0,9,47,44,6,0,0,0,0,0,1,0,0,15,48,8,16,153,18,89,22,19,10,0,10,153,137,153,24,0,0,0,0,15,130,36,2,0,0,0,0,0,2
30,71,125,49,7,0,0,1,133,86,24,2,13,8,2,40,24,4,1,7,59,34,42,23,4,8,1,1,2,7,65,55,17,24,54,24,11,13,5,3,133,82,22,24,11,7,1,7,30,28,18,133,82,4,3,1,17,27,7,20,16,1,5,6,14,1,29,102,30,4,1,4,133,10,2,27,24,1,0,65,81,6,6,133,107,0,0,14,5,7,21,59,22,0,0,0,4,0,4,39,74,25,15,8,133,0,0,11,62,14,1,75,101,0,0,34,67,2,0,33,2,2,7,61,24,0,0,0
5,4,2,3,3,1,88,58,119,16,1,0,0,0,21,76,55,37,4,0,0,0,0,5,0,12,16,2,0,0,0,0,25,35,7,6,2,7,44,45,163,30,0,1,0,0,16,78,133,29,2,0,0,0,0,8,0,4,6,2,1,1,0,0,27,8,4,27,13,22,7,9,163,8,0,1,1,2,3,42,146,4,0,0,0,0,0,14,2,0,0,0,0,0,1,1,10,0,1,14,7,60,163,41,163,0,0,0,0,8,87,163,136,4,0,0,0,0,0,24,1,0,0,0,0,0,0,0
2,2,5,27,26,64,137,40,11,0,0,0,1,19,131,137,8,0,0,1,0,62,137,47,43,0,0,0,6,14,38,64,18,10,17,137,137,10,13,16,137,8,2,30,23,2,14,77,52,3,3,16,11,10,16,18,137,6,0,4,6,0,1,28,33,8,5,137,137,0,0,1,110,17,3,44,50,0,0,2,39,1,0,1,18,17,2,7,137,1,0,1,5,2,0,18,0,0,0,1,2,0,0,0,1,0,0,0,0,0,0,0,0,0,0,0,0,0,0,0,3,0,0,0,0,0,0,0
0,13,6,0,1,76,15,0,21,5,1,0,1,63,55,24,23,48,16,2,2,5,6,10,13,19,5,0,8,27,14,3,6,0,0,0,0,86,24,7,146,44,0,0,0,49,34,47,87,86,15,4,16,2,0,11,0,43,99,36,69,44,11,2,14,0,0,0,0,3,4,7,146,87,4,0,0,1,4,74,104,146,60,1,2,0,0,31,0,146,146,12,4,0,0,0,0,0,0,0,0,0,0,0,24,146,31,0,0,0,0,1,12,146,74,0,0,0,0,0,0,62,26,0,0,0,0,0
75,147,132,17,8,2,0,0,12,147,147,0,0,0,0,0,0,117,147,2,0,0,0,0,0,13,46,63,77,0,0,0,147,136,5,3,0,0,0,0,51,28,11,0,4,4,0,0,1,1,3,1,1,2,1,0,0,0,0,10,133,0,0,0,147,97,8,0,0,0,0,1,36,3,0,0,3,8,2,3,3,0,0,0,0,1,2,6,1,0,0,1,136,13,1,1,21,51,7,0,0,0,0,0,5,2,0,0,2,3,1,1,0,0,0,0,0,1,4,6,0,0,0,0,89,19,2,1
0,0,110,93,17,12,9,1,6,46,32,44,8,7,24,2,53,126,17,0,0,0,7,4,84,126,19,0,0,0,0,4,16,2,32,53,35,126,126,10,102,126,58,27,13,15,14,15,75,126,39,10,1,0,12,35,37,35,6,3,1,1,48,122,35,66,38,2,0,23,48,7,126,82,5,0,0,0,3,51,59,15,9,35,2,0,3,66,0,0,1,57,6,1,33,45,44,43,20,2,0,1,0,5,77,105,24,0,0,0,0,14,32,26,24,2,0,0,0,28,7,5,3,34,3,0,0,5
0,0,0,0,24,128,128,1,32,5,0,0,53,128,93,50,69,5,0,0,0,3,6,61,3,3,1,0,0,0,0,1,10,57,58,6,0,107,128,6,128,113,13,5,0,29,57,35,128,70,0,0,0,0,0,19,6,6,1,0,0,0,0,1,52,58,63,60,21,0,0,17,128,26,17,72,35,0,0,68,128,23,0,0,0,0,0,34,5,11,6,0,0,0,0,0,35,1,3,49,32,7,7,42,56,41,19,44,19,2,38,40,79,38,2,0,0,0,70,37,2,9,4,0,0,0,41,28
103,0,0,0,1,12,15,41,130,6,2,9,23,12,3,53,24,10,9,23,44,29,5,27,55,40,13,0,0,0,0,16,130,9,0,0,1,8,4,24,130,27,10,30,11,1,0,34,55,20,20,130,42,5,0,12,122,40,5,6,0,0,0,19,130,107,0,0,0,4,5,6,130,93,1,6,4,2,1,32,43,7,5,60,85,15,5,23,36,6,2,7,17,7,16,73,118,102,2,0,0,0,6,13,44,33,1,1,0,1,79,56,5,0,0,1,23,51,110,32,1,0,0,0,12,60,69,26
39,123,33,22,18,0,0,0,27,118,45,21,0,0,0,2,3,123,78,5,0,0,0,0,11,123,42,0,0,0,0,0,59,70,22,3,14,0,0,0,111,123,20,0,0,0,0,5,33,123,23,2,8,2,1,5,58,68,4,0,0,0,0,3,40,42,14,8,9,4,2,7,123,10,1,1,2,1,2,65,86,35,15,17,20,2,1,17,67,88,9,1,1,0,0,2,9,11,9,8,13,99,83,26,123,1,0,0,2,11,26,123,123,51,10,2,0,0,0,50,23,86,11,0,13,16,0,0
1,4,10,4,26,30,6,2,136,56,12,2,14,8,0,2,157,93,1,0,0,0,0,1,57,111,34,0,0,0,0,0,8,61,66,4,3,3,4,4,113,89,60,3,1,0,0,0,157,59,0,0,0,0,1,66,89,36,5,0,0,0,45,96,0,22,33,35,25,2,0,0,101,15,8,4,4,2,1,8,157,5,0,0,0,0,0,108,46,0,0,0,0,3,57,102,2,1,1,16,34,35,21,5,36,50,6,3,4,1,2,10,111,76,6,0,0,0,0,66,29,11,10,8,2,26,35,39
21,14,11,7,14,13,2,13,38,69,22,1,0,6,25,32,3,14,24,64,30,92,28,3,2,1,30,61,43,124,11,5,10,2,0,1,22,27,34,13,22,3,2,3,8,97,124,51,124,66,63,14,11,65,92,50,20,37,124,124,72,57,2,3,12,10,1,0,34,54,55,5,30,50,48,18,15,44,23,10,124,92,21,2,1,8,42,73,35,14,21,26,108,124,68,33,38,16,0,7,49,8,5,12,51,28,5,0,3,10,8,13,60,40,8,0,0,1,18,17,3,19,48,21,16,20,22,5
5,5,5,0,3,8,41,24,0,0,7,6,7,83,67,11,11,11,8,3,6,46,51,13,0,10,21,20,32,18,2,0,0,1,3,13,77,30,25,3,28,1,0,7,41,123,66,18,123,91,18,3,3,30,35,49,24,49,49,88,100,28,10,4,0,0,0,27,86,41,4,0,40,5,1,110,113,35,6,8,123,22,1,14,16,16,123,123,44,25,2,14,35,73,123,39,0,0,0,1,10,80,27,0,0,1,1,21,59,73,37,1,21,70,11,9,48,26,55,17,69,81,4,4,1,2,46,33
45,18,2,1,33,23,0,5,1,27,18,9,109,109,1,0,30,109,25,6,25,17,9,23,5,18,46,56,53,12,5,7,68,13,0,0,70,109,4,6,43,72,29,6,93,88,0,4,23,90,51,13,5,4,1,3,61,106,81,15,0,0,0,3,22,2,0,0,27,109,36,14,79,10,1,0,14,38,15,51,53,6,2,4,5,46,37,59,109,17,0,0,0,1,3,91,4,0,0,0,18,85,87,81,8,0,0,0,0,15,109,84,57,0,0,0,0,27,69,78,85,2,0,0,0,3,15,89
7,5,28,59,37,107,44,13,11,56,88,21,5,3,1,4,7,102,30,2,0,0,0,1,0,50,46,136,8,0,0,0,113,2,0,0,0,22,43,69,127,55,30,0,0,0,0,16,13,136,60,0,0,0,0,1,0,57,55,7,0,0,0,0,127,92,22,0,0,0,0,12,136,39,0,0,0,0,0,25,78,32,5,0,0,0,2,42,3,12,5,1,2,30,12,4,16,42,15,0,0,2,24,24,49,15,0,0,0,1,39,74,19,0,0,0,0,38,108,70,1,0,0,0,10,136,136,10
0,30,69,4,12,25,1,0,0,13,124,79,24,0,0,0,15,124,124,37,7,0,0,8,30,124,106,0,0,0,0,7,0,67,124,11,11,57,4,0,1,7,77,25,29,91,19,5,89,35,23,0,1,7,23,64,124,24,2,0,0,0,3,54,0,3,3,1,23,124,11,0,5,5,7,17,23,67,4,1,124,34,5,3,1,2,3,16,105,7,0,0,0,1,32,61,0,3,50,15,19,14,0,0,1,36,116,7,6,3,0,0,28,88,111,1,0,0,0,3,6,10,59,11,0,0,17,18
0,0,0,0,75,123,0,0,5,0,0,0,21,93,11,13,104,7,0,0,0,2,4,30,54,13,0,0,61,58,0,1,0,1,8,40,75,96,3,0,9,2,3,48,29,17,13,7,123,10,2,1,1,15,17,33,38,2,0,0,69,123,15,11,0,32,65,88,9,6,1,0,2,9,44,123,21,1,0,0,30,29,29,14,31,94,18,9,3,0,0,0,15,123,59,19,6,42,31,47,1,0,0,0,0,1,55,123,58,13,0,0,0,0,16,28,123,123,19,1,3,0,0,0,17,92,102,88
12,0,0,0,6,1,0,15,3,0,0,0,0,1,5,12,1,0,0,0,0,0,0,0,0,0,0,0,0,0,0,0,69,1,0,0,22,10,7,108,64,0,0,0,0,11,121,159,180,30,0,0,0,4,18,27,32,11,2,1,0,0,0,0,65,5,6,11,1,4,1,21,180,5,0,0,0,0,18,58,180,41,0,0,0,0,2,12,54,10,2,3,1,0,0,0,11,5,90,99,0,0,0,4,157,19,65,12,0,0,0,17,180,11,3,0,0,0,2,31,38,0,0,0,0,10,23,10
0,0,20,6,3,101,81,0,48,44,36,10,15,126,106,17,126,83,2,1,1,6,7,73,44,17,6,19,1,1,12,42,0,4,36,3,0,5,5,3,63,65,78,4,1,6,3,7,126,113,3,0,0,0,0,54,54,43,3,2,0,0,3,39,0,11,72,0,0,3,10,1,16,51,126,4,0,7,29,4,126,55,19,0,0,0,19,84,31,1,0,0,0,0,11,119,4,2,8,0,0,16,113,9,32,30,18,2,0,17,126,56,28,25,20,0,0,2,53,67,31,6,0,0,0,0,6,101
31,26,16,0,0,0,5,135,26,5,2,39,4,0,10,128,6,33,44,63,2,0,1,10,28,125,39,1,0,0,0,0,26,99,137,26,1,0,0,23,47,37,63,39,1,0,1,62,95,37,15,4,0,0,0,42,84,56,5,0,0,0,0,2,0,6,72,137,97,36,24,4,13,12,41,64,13,17,34,35,92,60,21,4,0,0,0,6,85,9,0,0,0,0,0,5,2,1,11,137,137,15,13,6,67,21,41,97,25,7,19,53,66,8,2,1,0,0,0,15,39,0,0,0,0,0,2,28
0,0,0,5,11,75,107,0,1,1,5,96,129,106,47,2,12,12,46,125,39,3,0,3,5,3,20,18,3,5,11,6,9,0,0,0,0,101,129,11,129,20,9,13,7,51,94,40,21,16,45,129,17,5,0,1,1,30,129,35,1,0,0,0,41,1,0,0,0,28,29,11,129,20,1,3,3,4,3,23,61,17,11,33,32,23,2,10,59,72,37,3,0,0,0,3,55,43,0,0,0,7,12,5,129,102,2,6,1,0,0,2,47,28,10,60,26,3,1,3,82,38,2,3,1,0,0,13
3,3,20,16,30,81,109,48,58,4,9,18,24,69,37,75,68,37,40,12,13,20,3,25,2,65,112,14,13,10,0,2,0,5,100,73,32,3,8,3,95,6,20,74,71,2,0,21,126,44,41,5,2,0,0,41,13,40,67,7,0,0,0,0,0,0,16,116,86,2,0,0,51,31,7,69,99,3,0,2,126,95,4,6,1,0,0,9,25,9,2,16,9,0,0,0,0,1,1,20,82,99,20,1,60,75,1,6,50,49,1,1,126,126,2,4,1,0,0,0,5,6,1,16,13,0,0,0
3,2,26,92,2,0,0,7,113,7,14,17,0,0,0,97,125,1,3,2,0,0,0,80,4,1,10,17,0,0,0,0,0,0,42,133,29,0,0,0,74,2,5,49,65,3,0,37,133,8,1,0,1,0,0,74,28,4,10,15,0,0,0,1,0,0,10,54,125,59,7,1,84,25,0,12,133,32,0,2,133,73,0,0,2,0,0,3,32,7,1,8,1,0,0,0,1,1,0,0,20,133,55,1,112,83,0,0,21,60,6,2,133,111,0,0,0,0,0,0,9,5,0,0,0,0,0,0
5,0,0,1,0,19,47,97,5,10,11,0,0,73,110,48,59,14,8,0,1,3,26,114,9,1,0,12,46,10,7,26,25,9,16,84,13,15,56,39,114,114,114,7,1,29,34,31,43,71,114,49,26,22,12,50,9,1,2,5,15,33,36,25,36,36,71,80,22,6,3,3,114,81,93,25,10,23,33,59,16,7,19,37,46,114,114,33,1,0,0,2,10,57,63,9,73,20,7,0,6,9,24,66,29,18,29,45,29,16,26,40,2,2,20,97,47,27,15,6,1,12,26,25,6,10,17,6
2,4,28,8,4,30,45,8,4,4,15,17,17,42,35,6,0,2,7,35,81,14,1,0,8,4,9,19,33,8,1,4,14,0,0,7,54,109,74,11,114,67,22,13,9,43,61,56,18,34,43,100,114,35,16,7,12,59,38,18,35,17,6,2,16,0,0,41,114,55,11,6,114,21,1,13,32,24,114,114,81,44,25,26,55,43,114,69,9,53,74,31,23,22,5,4,0,23,23,3,22,78,27,0,23,114,60,6,20,19,19,14,67,43,14,11,3,3,40,67,9,7,1,2,10,106,70,24
2,0,0,3,19,80,134,19,4,1,4,7,34,71,29,14,93,19,13,9,21,40,8,27,86,13,4,3,5,0,1,19,38,7,6,0,0,10,111,62,134,55,57,15,7,4,13,51,44,129,134,22,7,2,0,2,26,81,111,0,0,0,0,2,38,32,60,1,0,0,0,5,134,41,11,0,0,0,0,47,125,43,66,0,0,0,0,24,0,11,50,0,0,0,0,0,5,5,14,0,0,6,22,7,134,4,1,0,0,0,9,103,134,0,0,0,0,0,0,67,1,0,0,0,0,0,5,4
0,0,0,0,1,7,147,75,16,1,0,0,11,38,147,79,17,14,12,3,11,14,36,76,5,28,34,0,0,0,31,23,35,3,2,34,34,10,119,36,147,33,1,1,0,0,66,85,92,44,4,0,0,0,18,72,4,16,17,16,4,3,67,33,30,6,7,45,34,6,0,1,147,29,2,4,2,0,0,26,124,69,9,0,0,0,0,30,17,33,30,27,6,0,0,8,13,18,14,4,13,12,4,1,147,94,4,0,2,0,0,2,82,132,23,0,0,0,2,8,7,66,42,15,5,2,8,5
2,1,0,0,119,105,3,2,17,25,3,0,13,19,6,10,38,66,20,3,1,2,5,8,53,53,14,17,12,35,26,23,7,0,2,10,130,85,4,11,97,24,1,1,8,8,3,39,54,72,8,0,0,0,0,6,8,10,34,31,13,29,19,12,4,2,130,130,45,16,0,1,101,20,89,103,2,0,0,16,72,12,6,3,0,0,3,45,14,8,24,10,0,0,4,46,0,3,130,130,0,0,0,0,4,3,130,130,0,0,0,1,8,3,71,130,0,0,3,16,5,4,14,12,0,0,7,44
23,18,10,27,29,3,1,3,46,17,1,2,20,28,18,17,0,1,28,71,114,30,3,0,0,8,120,81,23,2,8,2,2,1,1,5,35,41,37,3,19,1,0,0,2,17,95,28,64,53,55,27,6,5,11,13,2,13,88,120,16,0,0,0,0,0,0,22,109,50,35,9,63,1,0,0,0,5,40,77,120,46,9,2,0,1,20,88,15,15,22,66,66,55,33,16,0,0,0,120,120,6,7,4,9,0,0,13,21,11,73,77,22,0,0,0,0,3,120,120,1,2,0,0,9,104,120,25
41,14,6,2,4,2,3,22,84,7,6,1,0,1,4,40,1,1,9,5,0,2,3,1,0,0,0,0,0,0,0,0,37,0,0,4,52,14,8,32,180,75,57,11,0,0,2,47,30,32,180,71,0,0,0,0,0,0,16,2,0,0,0,0,39,0,0,3,50,35,6,15,180,18,9,1,2,5,2,74,149,17,78,31,13,1,0,22,0,0,12,6,12,2,0,0,33,0,0,0,7,93,27,19,180,1,0,0,0,12,7,114,154,0,0,0,20,8,6,54,0,0,0,0,40,20,2,0
0,0,0,0,0,0,0,0,6,0,0,0,0,0,0,0,20,7,3,9,3,0,0,1,1,4,29,40,12,0,0,0,8,11,2,0,0,0,0,0,138,40,1,0,0,0,0,13,132,60,11,2,0,0,0,4,1,14,64,14,0,0,0,0,10,95,130,5,1,2,0,0,138,131,65,6,2,4,8,50,138,21,2,0,0,0,5,109,17,25,24,5,0,0,0,7,0,15,62,11,7,113,138,1,17,6,15,6,5,73,138,64,73,0,0,0,0,1,57,138,35,1,0,1,0,0,0,116
4,0,0,0,0,0,0,0,51,12,0,0,0,0,0,61,37,5,0,0,0,0,0,146,6,0,0,0,1,1,40,146,43,24,0,0,0,0,0,0,146,118,9,0,0,0,0,22,68,68,46,0,0,0,0,90,56,21,3,0,0,0,12,146,14,6,0,0,0,0,0,0,126,44,10,0,0,0,0,92,81,85,81,15,0,0,0,54,46,45,8,5,1,6,5,10,0,0,0,0,0,0,0,0,9,29,23,0,0,0,0,3,12,56,146,146,0,0,0,1,5,6,40,146,11,11,7,5
0,0,0,4,27,135,78,0,15,0,0,0,5,135,67,34,135,5,6,3,1,8,13,126,73,15,20,10,3,1,2,20,0,0,0,19,130,91,3,0,37,5,8,2,31,85,12,13,135,15,2,0,0,3,11,69,64,3,6,5,8,59,56,40,0,20,33,2,21,41,0,0,27,39,110,34,38,46,3,8,135,26,8,4,4,6,10,85,24,1,10,6,3,25,33,31,0,5,9,1,3,15,0,0,10,13,20,10,45,124,5,7,117,9,1,0,4,12,3,82,46,1,2,0,0,0,5,50
0,7,1,0,0,0,0,0,18,13,0,0,0,0,0,0,59,0,0,0,0,0,0,6,50,0,0,0,0,0,0,3,13,93,24,0,0,0,0,0,81,103,51,8,0,0,0,2,134,9,2,0,0,0,0,41,134,0,0,0,9,48,10,64,59,54,40,20,0,0,0,0,53,59,60,32,0,0,0,0,134,33,14,3,0,0,0,43,85,0,0,0,134,134,15,82,1,7,37,118,98,0,0,0,8,29,27,57,68,4,5,4,33,26,9,0,0,19,69,21,17,0,0,1,134,134,96,30
19,1,3,12,23,38,8,20,61,0,0,0,0,1,20,96,142,15,0,0,0,0,10,33,34,8,1,0,0,0,0,0,7,6,65,141,4,3,0,1,106,16,57,26,0,0,0,16,142,19,4,0,0,0,2,20,53,2,0,0,3,15,23,7,11,12,70,95,6,12,3,4,21,17,142,69,6,17,4,2,142,22,27,8,3,50,93,71,13,0,3,1,1,142,142,23,4,11,44,53,8,7,2,2,0,0,11,36,69,50,5,1,2,4,12,7,28,100,38,5,1,7,65,23,8,52,51,1
3,0,2,31,26,28,108,10,9,0,1,5,53,40,81,15,16,25,27,19,76,19,6,27,30,19,33,10,0,0,22,65,20,0,5,127,127,6,12,20,99,40,24,32,18,2,6,35,19,86,93,46,22,11,18,14,22,45,63,51,12,12,34,19,7,2,4,127,127,37,19,0,100,24,22,99,45,7,6,25,13,5,6,14,67,48,32,23,3,0,0,4,14,14,67,47,35,4,5,33,39,53,90,19,7,10,70,107,15,3,1,2,0,6,127,76,19,4,1,1,0,0,85,61,8,4,9,3
60,8,11,30,18,20,60,57,44,0,0,0,0,40,146,77,0,0,0,1,11,146,146,1,6,2,1,2,7,93,146,26,5,1,7,45,146,75,40,8,71,2,0,0,23,30,131,49,12,0,0,32,70,61,46,6,13,12,14,42,27,20,21,12,8,6,3,40,146,87,10,0,103,26,2,10,27,6,0,3,13,0,0,8,51,18,0,1,0,0,1,19,48,21,0,1,2,5,4,41,73,28,40,6,19,15,2,9,15,12,27,4,1,0,0,0,22,58,21,1,0,0,0,0,22,70,10,2
22,9,11,1,14,10,3,18,67,30,48,5,4,6,6,54,2,16,100,27,21,15,4,2,0,2,20,48,86,26,1,0,37,3,0,4,68,11,2,12,128,106,21,1,4,2,3,44,21,57,128,46,22,25,4,6,0,0,21,90,128,33,0,0,23,31,106,34,36,0,0,0,128,58,41,9,4,3,18,81,25,6,6,6,31,100,54,54,0,0,0,28,128,76,0,0,0,41,128,51,30,0,0,0,11,20,65,75,66,7,13,26,7,17,42,8,12,13,21,41,0,0,19,59,91,9,1,0
0,0,2,36,28,26,141,5,76,2,3,15,11,27,141,74,141,4,0,0,0,1,29,102,31,16,10,13,1,4,21,16,1,1,3,44,82,11,2,0,106,10,9,39,36,4,0,23,141,53,0,0,0,0,0,51,67,113,20,8,0,0,2,7,14,14,21,35,100,18,9,11,56,53,39,11,26,9,0,1,141,45,2,0,0,0,4,77,59,31,1,0,0,9,85,70,40,14,25,11,17,12,24,38,22,18,39,19,14,26,17,5,136,35,1,1,0,1,6,53,26,10,2,0,0,6,64,38
62,2,0,0,0,2,32,117,5,2,4,10,48,40,43,40,2,11,51,34,29,3,0,0,97,43,17,1,0,0,0,4,33,19,37,4,0,0,73,113,124,26,10,2,2,3,25,79,18,15,24,17,36,27,3,5,112,28,4,1,5,7,3,17,28,88,124,61,10,9,20,14,124,35,30,21,7,14,12,26,27,3,0,0,44,81,12,12,124,122,9,0,6,11,2,11,7,6,4,10,18,27,108,33,5,1,1,4,4,22,96,33,53,8,0,0,5,61,70,16,124,124,2,0,0,3,4,7
50,14,8,2,3,1,1,22,83,8,6,1,0,0,2,44,1,2,12,3,0,0,2,2,0,0,0,0,0,0,0,0,43,0,1,3,45,14,5,29,170,86,51,4,0,0,1,40,29,44,170,22,0,0,0,0,0,0,8,0,0,0,0,0,40,0,0,0,36,44,14,22,170,22,7,0,1,5,3,95,157,24,67,11,11,3,0,25,0,0,6,2,10,4,0,0,25,3,2,0,4,76,36,22,170,6,1,0,0,8,8,159,148,0,0,0,15,15,18,89,0,0,0,0,26,31,6,0
0,0,0,0,0,0,0,0,0,0,0,0,0,0,0,0,0,0,0,0,0,0,0,0,0,0,0,0,0,0,0,0,14,93,19,12,20,1,0,0,50,8,5,25,83,20,1,13,148,13,2,1,2,2,0,47,19,0,0,0,0,0,0,2,14,121,79,118,23,0,0,0,51,50,70,148,70,5,1,4,148,110,26,10,1,1,27,47,34,1,0,0,0,0,7,7,21,22,27,65,51,6,0,0,5,7,17,83,132,35,4,2,45,13,6,5,124,148,148,45,3,0,0,0,5,27,69,7
2,0,0,6,16,131,131,12,47,8,35,39,23,41,42,41,28,90,129,13,0,0,0,0,9,47,131,38,0,0,0,0,39,2,0,0,14,111,63,23,131,28,2,0,0,3,15,57,112,61,5,0,0,5,27,40,48,24,20,25,11,18,66,54,60,25,27,19,15,25,3,5,131,33,0,0,0,4,21,47,21,2,3,5,2,52,126,43,9,3,8,2,1,17,131,60,44,6,8,8,12,41,6,14,131,4,0,0,0,1,3,49,12,2,21,10,1,9,10,11,11,13,35,3,0,1,12,6
0,0,0,0,30,119,14,0,14,12,1,0,2,119,100,14,21,12,6,2,1,16,67,20,1,1,11,21,8,17,64,5,16,1,0,24,119,108,5,2,119,83,16,10,25,37,16,26,22,38,32,15,48,53,18,9,21,1,3,6,26,54,55,36,7,1,5,119,68,0,0,0,74,11,31,119,14,7,42,77,6,3,32,17,38,119,79,24,22,15,38,3,26,61,11,54,0,0,4,45,0,0,0,0,0,0,85,119,2,3,5,2,0,4,119,62,3,13,8,0,2,16,118,50,19,4,0,0
132,12,2,0,0,10,12,132,132,3,0,0,2,22,31,117,0,0,0,0,1,14,10,1,0,0,0,0,0,0,0,0,132,132,88,0,0,1,1,56,132,42,6,1,0,9,79,132,75,2,0,0,0,8,32,31,1,0,0,0,0,0,0,0,29,90,99,19,10,5,1,8,81,70,34,9,0,0,3,23,132,43,10,3,0,1,1,12,8,0,0,1,1,1,0,2,25,26,8,13,33,52,24,19,92,124,23,0,0,3,1,28,26,90,50,7,1,0,0,0,1,3,26,17,1,0,0,0
85,45,28,6,2,3,8,21,35,73,123,23,3,4,12,21,6,26,123,51,15,16,7,2,36,69,20,1,0,1,0,6,123,10,0,0,0,6,45,50,26,7,3,3,3,17,123,91,72,62,5,6,11,37,87,39,43,123,35,0,0,1,0,2,74,2,3,1,1,4,14,41,25,14,23,4,1,6,46,22,123,58,4,0,0,0,13,88,98,77,32,0,0,0,0,31,29,1,0,0,0,0,10,70,3,5,4,0,0,11,47,27,123,20,4,0,0,5,17,123,123,3,0,0,0,0,5,81
11,73,40,1,0,0,0,0,23,63,66,1,2,1,1,11,46,68,118,8,0,0,0,10,2,14,49,74,60,6,1,0,47,26,2,2,2,0,0,12,59,14,18,13,20,2,2,15,121,55,22,6,4,4,5,39,10,12,23,72,121,20,6,7,31,108,67,21,4,0,0,15,21,121,121,25,2,0,0,1,70,37,106,64,1,4,11,37,4,4,19,46,76,23,15,14,5,121,121,11,0,0,0,0,2,109,115,38,7,0,0,0,0,4,57,121,23,0,0,0,0,6,50,56,3,0,0,0
31,2,7,4,1,2,13,22,81,31,16,3,0,1,27,37,151,135,23,0,0,0,3,28,17,63,80,5,0,0,0,1,15,5,4,0,0,2,28,72,97,20,13,0,0,9,55,72,151,26,1,0,0,0,2,116,58,4,4,2,1,6,9,27,6,54,151,8,0,0,3,13,40,151,151,0,0,2,4,5,151,151,20,0,0,0,1,33,37,1,0,0,0,1,9,50,0,6,51,3,0,0,0,0,0,19,31,0,0,0,0,0,6,16,3,0,0,0,0,1,2,0,0,0,0,0,0,3
34,30,26,12,4,8,72,59,14,19,41,37,23,36,41,14,47,96,23,1,1,2,0,4,36,55,8,0,0,0,0,2,26,9,11,3,1,8,118,61,137,134,14,0,0,12,49,46,46,137,101,1,0,0,0,1,3,32,67,24,0,0,0,0,25,9,11,1,0,5,36,30,137,33,2,0,0,1,9,137,137,33,23,1,0,2,4,55,0,0,15,15,8,12,2,1,7,36,40,0,0,7,25,17,137,92,21,0,0,1,5,72,136,8,0,0,0,1,11,74,3,1,6,2,2,6,5,9
22,34,12,2,15,5,13,61,54,13,6,2,2,7,18,33,156,90,8,0,0,2,3,8,8,25,5,0,0,0,0,0,13,46,28,12,12,22,21,1,72,20,23,5,1,30,83,28,156,72,6,0,0,2,15,63,48,21,2,0,0,1,9,15,8,46,156,39,9,6,2,1,28,82,156,34,2,5,8,3,156,143,58,1,0,0,9,61,46,10,0,0,0,1,19,43,66,55,45,4,0,2,32,32,13,25,92,40,18,27,47,19,50,91,25,4,3,5,2,6,37,46,10,1,0,0,0,2
25,2,5,14,13,73,52,138,33,4,5,32,37,58,66,138,1,2,15,40,72,138,14,1,2,3,9,5,17,55,5,0,26,16,18,15,21,18,42,40,138,97,70,38,8,15,23,78,28,32,138,138,22,42,4,5,2,4,33,10,0,2,0,0,13,83,129,11,16,6,6,6,138,69,57,10,0,0,2,106,55,10,46,40,0,0,0,74,0,0,2,1,0,0,0,0,0,10,28,5,9,24,7,2,38,5,4,1,0,3,8,30,7,0,0,0,0,0,0,10,0,0,0,0,0,0,0,0
0,3,5,7,5,0,0,0,1,0,0,0,0,0,0,1,0,0,0,0,0,0,0,0,0,0,0,0,0,0,0,0,3,14,105,53,9,0,0,0,48,10,62,59,1,2,10,22,127,23,6,3,0,3,5,29,29,3,0,0,13,56,8,3,11,64,82,28,2,0,0,0,29,72,127,127,22,6,0,2,127,41,35,28,20,67,127,69,34,1,0,0,13,127,127,35,14,56,71,94,23,3,2,2,14,50,23,33,111,127,6,3,7,2,1,11,78,127,47,8,24,3,5,7,24,25,46,55
0,0,0,0,3,14,15,0,79,38,0,1,5,38,92,20,125,80,34,9,1,2,21,46,10,22,121,88,4,2,11,21,8,6,0,0,2,3,6,2,125,55,0,1,2,3,6,12,96,22,1,0,0,0,36,97,65,63,10,7,3,4,42,92,20,25,23,0,0,0,0,12,121,42,44,2,0,0,1,45,69,18,14,0,0,0,15,66,125,98,7,0,0,0,1,21,2,29,103,3,0,0,0,0,9,33,125,38,0,0,0,3,21,61,125,4,0,0,2,9,125,101,17,0,0,0,0,8
2,0,0,0,1,21,123,59,14,0,0,0,1,28,114,80,32,2,0,0,0,0,28,115,17,3,1,1,1,23,58,28,39,7,1,5,26,25,97,33,123,37,3,4,5,4,39,82,22,11,4,9,58,42,79,65,1,0,0,0,9,78,123,30,50,43,11,9,7,1,3,23,123,43,8,4,7,15,41,61,9,1,0,2,82,86,86,20,1,0,0,0,24,49,38,3,25,123,50,24,3,0,0,4,11,51,40,107,89,20,32,6,0,2,3,28,24,34,123,8,0,0,0,1,3,32,71,3
0,0,3,1,0,0,0,0,0,0,0,0,0,0,0,0,0,0,0,0,0,0,0,0,0,0,0,0,0,0,0,0,36,20,112,56,0,0,0,1,129,43,17,6,0,10,20,29,28,1,0,0,3,95,42,12,0,0,0,0,2,18,3,0,9,70,129,74,40,29,0,0,121,29,31,29,38,120,129,68,30,0,0,0,4,129,129,85,13,1,7,14,13,32,17,21,0,16,20,64,129,115,0,0,0,6,28,35,70,129,27,2,43,10,29,12,10,15,25,92,69,6,9,4,0,0,0,74
12,0,0,1,14,121,90,132,19,1,2,25,66,62,59,132,0,0,12,30,114,132,4,0,0,0,2,2,22,44,4,0,41,18,12,5,28,38,19,49,132,110,75,36,11,17,17,85,23,29,132,132,27,32,1,3,0,0,9,5,1,1,0,0,19,75,132,9,11,6,2,3,132,84,44,3,0,0,0,83,51,11,36,18,0,0,0,37,0,0,0,0,0,0,0,0,1,6,28,4,7,19,7,2,22,2,3,0,0,4,9,26,2,0,0,0,0,0,0,3,0,0,0,0,0,0,0,0
