7,0,0,0,0,0,0,3,107,14,0,0,0,0,0,10,138,11,0,0,0,0,0,12,138,23,0,0,0,0,0,2,53,0,0,0,0,0,0,17,138,7,0,0,0,0,0,34,138,3,0,0,0,0,0,27,138,1,0,0,0,0,0,17,117,1,0,0,0,0,0,35,138,25,0,0,0,0,0,14,138,15,0,0,0,0,0,17,138,2,0,0,0,0,0,16,102,3,0,0,0,0,0,25,138,0,0,0,0,0,0,49,138,0,0,0,0,0,0,34,138,1,0,0,0,0,0,12
67,11,0,0,0,0,0,0,142,14,0,0,0,0,0,5,142,11,0,0,0,0,0,10,142,13,0,0,0,0,0,2,72,11,0,0,0,0,0,1,142,8,0,0,0,0,0,8,142,3,0,0,0,0,0,17,142,8,0,0,0,0,0,10,65,0,0,0,0,0,0,6,142,5,0,0,0,0,0,10,142,15,0,0,0,0,0,6,142,1,0,0,0,0,0,18,42,0,0,0,0,0,0,5,142,0,0,0,0,0,0,18,142,0,0,0,0,0,0,21,142,0,0,0,0,0,0,17
91,8,0,0,0,0,0,2,130,18,0,0,0,0,0,1,130,17,0,0,0,0,0,1,127,19,0,0,0,0,0,0,130,3,0,0,0,0,0,9,130,5,0,0,0,0,0,12,130,9,0,0,0,0,0,14,130,23,0,0,0,0,0,0,130,17,0,0,0,0,0,0,130,20,0,0,0,0,0,1,130,13,0,0,0,0,0,4,130,12,0,0,0,0,0,6,111,10,0,0,0,0,0,2,130,13,0,0,0,0,0,2,130,5,0,0,0,0,0,5,130,1,0,0,0,0,0,10
102,12,0,0,0,0,0,5,128,28,0,0,0,0,0,0,128,33,0,0,0,0,0,0,126,21,0,0,0,0,0,0,128,13,0,0,0,0,0,10,128,33,0,0,0,0,0,2,128,37,0,0,0,0,0,6,128,28,0,0,0,0,0,2,128,21,0,0,0,0,0,1,128,5,0,0,0,0,0,12,128,1,0,0,0,0,0,33,128,5,0,0,0,0,0,13,111,1,0,0,0,0,0,15,128,1,0,0,0,0,0,14,128,3,0,0,0,0,0,10,128,7,0,0,0,0,0,3
108,15,0,0,0,0,0,0,125,22,0,0,0,0,0,0,125,18,0,0,0,0,0,0,125,8,0,0,0,0,0,8,125,7,0,0,0,0,0,9,125,9,0,0,0,0,0,12,125,9,0,0,0,0,0,7,125,23,0,0,0,0,0,0,120,26,7,0,0,0,0,11,125,34,3,0,0,0,0,11,125,19,1,0,0,0,0,7,125,12,0,0,0,0,0,7,21,84,71,0,0,0,16,29,43,110,85,0,0,0,12,32,51,119,71,0,0,0,9,24,61,93,32,0,0,0,2,13
115,24,0,0,0,0,0,0,125,20,0,0,0,0,0,0,125,7,0,0,0,0,0,5,125,6,0,0,0,0,0,2,125,20,0,0,0,0,0,7,125,29,0,0,0,0,0,2,125,16,0,0,0,0,0,8,125,2,0,0,0,0,0,12,93,84,42,0,0,0,0,5,125,56,20,0,0,0,0,13,125,32,8,0,0,0,0,21,125,18,0,0,0,0,0,5,20,44,37,0,0,0,8,105,30,88,51,0,0,0,4,76,40,104,65,0,0,0,1,38,54,92,37,0,0,0,0,7
115,5,0,0,0,0,0,11,127,9,0,0,0,0,0,11,127,15,0,0,0,0,0,1,120,19,0,0,0,0,0,1,127,16,0,0,0,0,0,3,127,25,0,0,0,0,0,4,127,16,0,0,0,0,0,3,127,10,0,0,0,0,0,6,127,3,0,0,0,0,0,17,127,5,0,0,0,0,0,27,127,2,0,0,0,0,0,35,127,1,0,0,0,0,0,14,120,0,0,0,0,0,0,14,127,0,0,0,0,0,0,36,127,0,0,0,0,0,0,42,120,0,0,0,0,0,0,29
17,5,0,0,0,0,1,4,17,2,0,0,0,0,2,18,18,1,0,0,0,0,4,31,12,0,0,0,0,0,4,33,16,1,5,64,0,0,0,0,33,5,0,0,0,0,0,1,36,5,0,0,0,0,0,2,33,0,0,0,0,0,0,7,3,0,8,255,7,0,0,0,23,1,6,71,0,0,0,3,30,0,0,0,0,0,0,8,35,0,0,0,0,0,0,4,0,0,0,255,18,0,0,0,3,0,8,255,8,0,0,0,18,6,10,44,0,0,0,1,22,22,9,0,0,0,0,1
109,21,0,0,0,0,0,2,129,11,0,0,0,0,0,2,129,9,0,0,0,0,0,1,125,14,0,0,0,0,0,0,129,1,0,0,0,0,0,29,129,7,0,0,0,0,0,13,129,16,0,0,0,0,0,1,129,5,0,0,0,0,0,4,129,8,0,0,0,0,0,10,129,6,0,0,0,0,0,14,129,10,0,0,0,0,0,9,129,9,0,0,0,0,0,5,124,4,0,0,0,0,0,10,129,5,0,0,0,0,0,17,129,0,0,0,0,0,0,21,115,0,0,0,0,0,0,23
114,15,0,0,0,0,0,0,128,32,0,0,0,0,0,0,128,38,0,0,0,0,0,0,110,24,0,0,0,0,0,1,128,19,0,0,0,0,0,0,128,25,0,0,0,0,0,1,128,20,0,0,0,0,0,2,128,18,0,0,0,0,0,0,128,14,0,0,0,0,0,2,128,8,0,0,0,0,0,14,128,5,0,0,0,0,0,19,128,5,0,0,0,0,0,8,122,2,0,0,0,0,0,17,128,3,0,0,0,0,0,7,128,7,0,0,0,0,0,6,126,3,0,0,0,0,0,4
123,5,0,0,0,0,0,3,131,13,0,0,0,0,0,0,131,23,0,0,0,0,0,0,131,17,0,0,0,0,0,0,131,9,0,0,0,0,0,6,131,4,0,0,0,0,0,10,131,21,0,0,0,0,0,2,131,28,0,0,0,0,0,0,116,26,8,0,0,0,0,11,131,23,0,0,0,0,0,5,131,5,0,0,0,0,0,16,131,12,0,0,0,0,0,5,30,72,40,0,0,0,0,41,58,91,46,0,0,0,0,17,110,69,22,0,0,0,0,10,121,27,3,0,0,0,0,6
122,5,0,0,0,0,0,1,132,16,0,0,0,0,0,0,132,13,0,0,0,0,0,0,132,6,0,0,0,0,0,0,132,1,0,0,0,0,0,12,132,13,0,0,0,0,0,6,132,23,0,0,0,0,0,0,132,5,0,0,0,0,0,2,132,19,2,0,0,0,0,5,132,5,0,0,0,0,0,24,132,7,0,0,0,0,0,12,132,4,0,0,0,0,0,5,36,70,34,0,0,0,0,26,84,80,26,0,0,0,0,16,125,51,7,0,0,0,0,11,96,27,2,0,0,0,0,15
85,5,0,0,0,0,0,1,128,11,0,0,0,0,0,0,122,5,0,0,0,0,0,4,95,0,0,0,0,0,0,21,122,4,0,0,0,0,0,3,133,11,0,0,0,0,0,0,133,3,0,0,0,0,0,6,126,3,0,0,0,0,0,7,119,0,0,0,0,0,0,15,133,3,0,0,0,0,0,16,133,23,0,0,0,0,0,6,96,88,9,0,0,0,0,0,81,10,0,0,0,0,0,15,120,16,0,0,0,0,0,21,130,55,1,0,0,1,4,16,129,133,25,0,0,0,2,9
0,0,0,0,0,0,0,0,10,0,0,0,0,0,0,5,80,8,0,0,0,0,0,6,122,27,0,0,0,0,0,0,41,0,0,0,0,0,0,7,144,5,0,0,0,0,0,36,144,14,0,0,0,0,0,21,144,38,0,0,0,0,0,0,144,8,0,0,0,0,0,9,144,20,0,0,0,0,0,12,144,26,0,0,0,0,0,5,144,17,0,0,0,0,0,6,144,8,0,0,0,0,0,8,144,1,0,0,0,0,0,24,144,1,0,0,0,0,0,25,144,1,0,0,0,0,0,27
101,5,0,0,0,5,14,60,46,26,1,0,0,23,50,53,30,8,1,5,21,15,13,40,0,0,0,1,123,75,7,4,96,20,0,0,0,0,2,34,128,63,11,3,0,1,3,33,37,26,24,36,67,7,0,6,2,1,0,14,128,41,0,0,86,6,0,0,0,0,3,79,128,24,2,1,0,0,0,46,80,11,18,79,81,2,1,13,5,1,1,99,128,15,0,0,40,2,0,0,0,1,8,72,101,5,0,0,0,0,2,128,32,0,0,19,21,2,7,128,2,1,4,128,71,2,2,7
17,0,0,0,0,0,0,2,113,8,0,0,0,0,0,4,134,34,0,0,0,0,0,0,111,33,0,0,0,0,0,0,119,3,0,0,0,0,0,8,134,9,0,0,0,0,0,3,134,16,0,0,0,0,0,9,134,18,0,0,0,0,0,4,134,1,0,0,0,0,0,21,134,8,0,0,0,0,0,5,134,2,0,0,0,0,0,20,134,4,0,0,0,0,0,10,134,0,0,0,0,0,0,15,134,0,0,0,0,0,0,26,134,0,0,0,0,0,0,38,126,0,0,0,0,0,0,33
36,1,0,0,0,0,0,4,132,15,0,0,0,0,0,5,132,26,0,0,0,0,0,0,111,25,0,0,0,0,0,0,132,4,0,0,0,0,0,7,132,28,0,0,0,0,0,5,132,29,0,0,0,0,0,2,132,18,0,0,0,0,0,0,132,1,0,0,0,0,0,7,132,1,0,0,0,0,0,25,132,3,0,0,0,0,0,16,132,5,0,0,0,0,0,1,125,0,0,0,0,0,0,18,132,0,0,0,0,0,0,41,132,0,0,0,0,0,0,37,113,0,0,0,0,0,0,27
111,41,45,18,0,0,13,100,21,2,2,35,70,39,97,64,3,36,82,84,62,11,6,2,6,84,83,2,0,0,0,1,13,42,111,59,7,0,4,7,38,6,16,87,24,5,36,18,111,55,78,13,2,1,5,14,9,21,111,35,1,0,8,3,1,11,34,44,50,23,24,28,22,5,3,69,95,23,2,3,111,11,3,6,4,2,57,49,7,1,9,5,0,1,93,46,8,0,0,0,6,41,78,104,1,0,0,0,21,106,60,3,7,0,0,0,1,33,108,55,3,0,0,0,0,0,53,89
20,18,1,4,12,0,1,7,33,3,0,30,150,14,1,4,150,2,0,4,22,3,0,15,24,0,0,0,0,0,0,0,23,0,0,0,13,1,20,60,43,0,0,7,150,24,2,12,150,2,0,1,34,5,0,9,36,0,0,0,0,0,0,0,39,12,8,0,5,1,69,150,56,7,1,19,150,14,4,59,150,16,0,7,28,3,0,17,36,0,0,0,0,0,0,1,41,92,93,0,2,0,4,28,52,41,5,7,149,12,0,16,150,6,0,1,31,5,0,27,34,0,0,0,0,0,0,1
3,3,16,25,1,0,7,8,20,9,3,0,0,0,11,12,44,107,52,10,0,0,3,3,1,19,68,112,15,0,0,0,0,1,63,132,24,0,0,0,58,12,33,71,19,1,0,8,132,92,21,11,2,0,0,27,36,19,25,132,132,6,0,5,0,0,10,117,109,0,0,0,20,23,53,115,38,0,0,1,132,51,23,6,1,0,0,36,59,0,1,85,100,1,0,20,0,0,11,57,70,0,0,0,2,3,43,80,9,0,0,0,130,21,10,16,0,0,0,12,66,1,0,16,23,0,0,8
22,1,0,0,1,12,41,52,128,84,0,0,3,26,37,11,61,78,5,3,34,78,5,11,7,9,18,52,47,34,5,12,85,10,0,1,7,5,2,29,128,88,1,10,18,3,1,7,59,36,26,79,107,32,6,27,22,71,42,20,14,6,6,33,128,9,0,0,0,0,0,78,128,14,0,4,3,0,3,100,38,17,39,56,17,1,19,88,2,45,48,6,0,0,6,13,128,3,1,0,0,0,0,97,103,0,0,0,0,0,2,87,9,0,0,0,0,0,33,128,1,0,0,0,0,1,37,73
0,0,41,130,3,1,9,3,26,34,23,77,1,0,0,6,16,80,109,2,0,0,0,0,0,24,130,6,0,0,0,0,21,7,18,105,12,6,40,70,62,20,9,130,52,0,0,17,130,72,62,12,4,0,0,13,9,16,128,34,0,0,0,0,33,10,25,15,12,20,48,53,70,4,0,63,130,28,5,44,130,51,5,9,30,5,0,4,33,18,40,27,0,0,0,0,27,9,4,2,11,11,29,24,70,43,4,3,50,48,8,24,130,130,2,0,10,6,0,0,11,23,16,1,0,0,0,0
75,19,1,14,15,3,38,32,128,67,12,3,1,0,8,37,128,16,5,2,0,6,13,58,20,3,0,1,1,8,61,35,128,55,8,48,66,6,1,7,128,115,32,1,3,2,0,21,58,54,29,3,29,48,13,5,47,31,0,0,7,68,31,15,97,54,11,13,17,11,1,4,128,50,3,0,8,6,2,45,34,12,10,14,66,56,5,14,26,7,1,0,19,128,21,4,64,31,16,2,0,0,0,2,111,7,0,0,0,1,4,51,5,0,1,6,57,83,13,20,0,0,0,2,128,128,5,0
70,15,5,0,0,12,43,142,142,4,3,2,1,1,6,112,28,5,22,46,10,6,8,33,2,0,17,137,52,13,2,4,101,44,45,12,13,13,6,30,142,26,3,13,4,0,0,43,72,17,6,58,27,6,2,27,13,7,16,79,48,20,3,6,48,97,25,6,20,19,6,8,142,100,5,3,3,0,0,31,71,73,41,26,21,1,1,5,6,34,48,80,2,0,1,0,58,68,23,18,3,2,0,2,142,115,4,4,0,3,2,4,33,29,14,0,0,17,30,10,1,4,5,9,1,16,28,11
34,136,9,0,0,0,0,0,180,93,1,1,0,0,0,0,98,23,4,5,2,0,0,0,77,9,0,0,0,0,0,0,43,48,7,0,0,0,22,22,180,37,6,0,0,0,1,30,87,84,54,1,0,0,0,0,29,41,5,0,0,0,0,0,51,0,0,0,0,0,54,66,180,6,0,0,0,0,4,56,121,19,7,0,0,1,23,39,9,7,1,0,0,0,1,17,62,15,7,0,0,0,5,72,180,24,1,0,2,2,3,43,92,2,0,0,7,11,35,49,44,0,0,0,0,0,1,26
15,25,0,0,0,0,0,0,19,34,0,0,2,42,9,1,86,20,0,0,0,37,35,30,81,40,0,1,1,3,6,8,37,19,0,0,6,5,0,0,29,9,0,0,77,151,9,5,151,36,0,0,9,64,19,25,89,11,0,0,0,11,14,11,38,7,0,0,35,28,0,1,65,1,0,0,151,151,4,15,151,12,0,0,8,17,2,47,57,1,0,0,1,10,7,18,14,0,0,0,72,32,0,3,55,0,0,0,151,103,4,28,151,0,0,0,2,4,2,119,37,0,0,0,0,7,14,39
12,103,28,0,0,10,15,6,7,38,12,5,2,30,34,6,39,35,17,9,1,6,8,26,50,73,37,10,0,0,0,12,14,14,3,0,6,32,7,11,35,3,0,0,8,73,32,14,141,141,38,0,0,2,10,31,44,105,141,8,0,0,0,12,0,2,1,1,31,32,6,0,57,8,3,10,35,27,4,12,141,38,3,0,0,0,12,141,42,21,38,3,0,0,45,141,0,0,0,0,4,20,72,4,3,0,0,1,4,11,42,14,9,0,0,0,0,3,54,141,0,0,0,0,0,4,141,141
20,10,4,15,18,7,45,96,112,12,11,2,5,1,14,135,21,21,70,6,1,0,0,3,0,4,25,11,27,36,0,0,40,69,9,60,135,25,3,15,135,42,0,10,42,3,8,87,91,18,19,5,7,65,37,14,0,0,8,15,90,135,7,0,16,40,9,13,90,84,9,1,135,65,5,5,15,4,53,68,24,0,0,0,0,88,135,30,0,0,6,13,31,91,43,0,2,4,6,6,4,14,14,7,6,4,2,0,0,1,60,20,0,0,0,0,0,10,105,5,0,0,0,0,0,27,63,0
6,19,26,65,58,7,0,0,34,52,7,6,48,16,4,3,6,93,24,24,118,60,0,0,14,118,25,21,40,11,0,0,1,2,23,49,57,37,21,1,26,10,3,23,80,86,76,16,118,118,28,19,45,37,25,27,14,50,28,63,110,24,2,3,1,0,3,60,73,41,49,17,24,18,14,83,67,21,24,18,118,78,18,22,14,16,10,47,22,10,7,33,73,57,7,12,0,0,7,118,77,1,1,2,19,7,4,43,40,7,16,27,118,50,13,8,1,0,1,55,21,27,69,68,8,0,0,2
0,1,60,27,14,6,0,0,13,21,14,10,11,17,9,5,8,60,50,3,0,2,2,2,0,7,75,20,2,3,5,2,2,7,43,55,125,39,0,2,125,68,1,3,68,58,9,30,43,72,27,2,25,125,33,11,28,8,25,1,1,33,58,88,4,1,3,85,125,19,4,1,125,11,15,72,88,33,9,70,28,3,5,13,80,125,24,38,54,6,8,2,3,13,33,97,1,0,3,67,48,13,19,2,9,6,66,125,18,2,1,5,1,6,85,89,22,6,2,3,26,42,83,7,0,0,4,7
3,1,0,0,0,45,112,7,1,0,3,11,6,37,124,27,21,6,1,8,2,4,97,124,26,10,2,1,14,18,7,92,13,5,9,4,7,77,59,23,117,22,41,73,10,11,29,45,65,5,30,124,36,3,24,124,72,1,2,3,4,37,46,124,10,23,92,67,9,8,2,2,124,70,27,31,19,9,1,12,51,12,13,92,124,22,1,6,39,11,5,8,5,15,25,32,0,7,94,64,11,21,1,0,20,45,34,10,9,63,15,0,4,2,2,3,45,62,6,0,1,8,12,2,6,11,8,0
7,1,0,22,105,16,6,7,63,60,33,15,18,2,5,9,46,51,17,15,28,49,15,7,5,12,7,35,42,40,6,0,21,4,1,68,126,10,0,4,126,77,13,13,9,0,0,13,25,40,60,126,33,4,0,0,5,63,95,51,7,2,0,0,15,2,2,84,126,3,0,2,126,16,4,29,21,0,0,64,99,23,82,61,0,0,0,20,0,34,126,23,0,0,0,0,4,0,9,100,49,3,0,2,126,5,3,77,25,0,0,43,126,19,29,3,0,0,0,34,2,8,44,12,10,3,0,0
3,1,3,8,68,35,14,4,123,17,5,5,8,1,0,27,123,115,3,0,0,0,0,47,37,89,60,0,0,0,11,27,52,12,13,9,29,36,19,25,88,16,17,27,10,0,1,47,123,35,2,1,0,0,0,123,48,8,0,0,0,3,50,106,38,49,57,18,9,11,2,7,52,64,62,22,1,0,2,20,123,123,15,1,0,2,8,40,28,20,6,1,1,57,40,17,15,5,1,2,3,28,15,21,80,103,20,0,0,0,5,40,48,123,119,0,0,1,6,31,3,30,123,2,1,18,14,6
0,0,0,0,64,35,36,30,15,0,0,1,138,57,2,10,121,2,0,0,16,4,1,91,27,4,0,2,22,5,4,45,17,0,0,0,56,35,25,80,18,0,0,1,138,88,4,9,138,31,0,0,23,11,1,34,69,44,1,5,20,4,1,12,37,2,0,0,26,73,30,54,26,3,0,1,138,138,5,2,138,18,0,1,14,5,1,17,61,11,2,0,9,17,19,13,9,3,1,2,25,69,55,10,22,18,4,10,40,40,8,2,138,102,3,0,0,1,1,11,23,110,67,1,0,2,5,7
0,0,1,15,107,129,8,0,7,2,0,18,132,33,3,3,86,51,17,3,5,2,3,7,24,40,25,21,20,11,3,2,2,17,14,42,58,25,4,0,23,3,1,84,132,2,0,4,132,75,5,6,11,0,0,10,40,39,34,92,16,0,0,0,21,9,3,13,66,12,0,8,15,3,1,81,132,8,0,1,132,12,2,23,19,0,0,43,114,17,34,39,0,0,0,15,24,1,5,20,18,6,0,21,2,0,8,132,64,3,0,0,132,5,2,56,27,0,0,28,132,17,15,2,0,0,0,16
1,0,0,0,0,2,82,171,20,0,0,0,0,0,37,171,6,0,6,6,0,0,19,73,0,0,23,18,0,0,11,16,38,0,0,0,0,11,43,76,171,22,3,0,0,0,9,144,59,22,23,30,0,0,19,48,0,0,5,14,0,0,35,56,76,0,0,0,0,1,0,11,171,7,1,0,0,0,0,22,131,12,29,39,0,0,0,15,0,0,31,85,1,0,5,9,53,0,0,0,0,0,0,8,171,0,0,0,0,0,0,28,116,0,0,0,0,0,0,42,1,0,3,18,9,0,1,11
19,27,14,27,16,0,0,0,10,13,3,66,143,0,0,0,143,143,6,14,35,0,0,0,44,47,40,47,1,0,0,0,0,21,24,21,18,0,0,0,33,16,6,55,143,0,0,0,143,111,3,8,30,0,0,27,44,20,8,10,21,21,1,10,0,19,20,13,27,3,4,1,31,10,3,34,143,7,0,0,143,16,0,4,26,0,1,87,42,0,0,0,34,53,7,55,0,15,104,13,12,7,12,2,7,12,66,123,97,11,1,0,84,28,16,21,9,0,0,25,32,0,1,7,24,37,7,34
4,4,1,11,28,9,0,1,78,126,2,2,1,0,0,0,126,126,0,0,0,1,0,0,16,30,3,3,5,5,0,0,27,6,0,0,22,40,12,17,126,121,0,0,0,0,4,58,118,86,0,0,0,1,11,42,20,24,0,0,5,9,3,5,41,62,0,0,14,60,15,15,120,59,8,3,0,0,25,126,22,2,0,2,0,0,110,126,13,4,0,0,10,37,87,110,51,103,0,0,2,10,3,2,13,31,7,7,1,0,14,10,0,0,2,10,22,24,49,58,0,0,0,0,17,57,126,77
1,0,3,3,4,68,54,4,10,31,12,0,1,19,23,6,0,77,92,2,3,3,1,0,0,119,122,0,0,0,0,0,14,50,75,0,0,12,48,11,122,122,46,0,0,0,5,14,24,122,122,0,0,0,0,3,0,112,104,0,0,1,3,0,6,39,68,7,4,0,0,8,122,37,17,7,6,0,0,84,122,46,11,0,0,0,0,64,3,22,21,0,0,4,7,2,8,1,0,0,2,6,9,16,66,0,0,2,7,27,25,79,122,7,1,0,0,7,31,122,4,6,5,0,0,69,95,9
3,0,0,13,28,23,19,8,50,16,0,0,2,10,18,61,15,105,1,0,0,21,11,8,3,55,6,3,17,5,0,0,11,0,0,88,112,11,6,6,135,69,0,9,11,3,5,27,52,135,7,3,10,0,0,2,0,10,3,2,61,23,0,0,6,0,0,118,133,0,0,0,135,9,1,40,37,0,0,54,117,9,1,2,27,5,0,39,0,0,0,0,99,81,0,0,1,0,0,57,94,0,0,2,104,0,0,46,72,0,0,49,108,0,0,0,16,55,7,74,0,0,0,0,73,135,1,0
6,5,2,2,87,84,7,11,82,76,7,2,8,8,7,98,35,33,0,0,1,6,3,38,0,0,0,0,36,48,1,0,14,0,0,0,69,139,10,14,139,12,0,0,4,15,10,89,109,4,0,0,3,21,6,30,0,0,0,0,67,106,1,0,43,4,0,0,33,101,51,13,139,31,0,0,1,6,4,18,90,7,0,0,25,38,4,10,0,0,0,1,118,128,0,0,66,29,6,2,1,11,23,12,139,67,0,0,0,1,2,26,36,12,0,0,47,50,5,5,0,0,0,8,127,44,0,0
45,0,0,0,0,0,0,8,158,2,0,0,0,0,0,65,135,0,0,0,11,7,4,42,3,0,0,2,25,13,10,5,58,15,0,0,0,0,0,5,158,68,0,0,0,0,14,45,123,8,0,0,0,27,126,52,0,0,0,0,2,72,149,1,36,6,0,0,0,0,4,28,97,13,0,0,0,1,129,142,12,1,0,0,0,44,158,34,1,0,0,0,0,63,158,5,5,0,0,0,0,0,6,20,4,0,0,0,0,0,21,31,5,0,0,0,0,1,32,23,6,0,0,0,0,0,10,17
8,19,4,0,0,0,0,0,4,26,39,5,0,0,0,0,0,6,62,11,0,0,0,0,0,15,52,0,0,0,0,0,22,32,3,0,0,0,0,0,128,139,100,10,0,0,0,4,15,58,154,48,0,0,0,0,0,99,154,0,0,0,0,0,30,23,4,0,0,0,0,1,154,31,12,0,0,0,0,65,132,53,106,4,0,0,0,39,6,46,98,0,0,0,13,9,7,19,4,0,0,0,0,0,154,5,1,0,0,0,0,74,154,0,0,0,0,0,2,94,12,4,2,0,0,4,26,16
44,8,0,9,10,0,0,0,50,42,9,63,40,0,0,0,159,103,4,3,0,0,0,3,34,26,18,18,2,0,0,0,53,14,0,4,3,0,0,0,73,10,2,33,38,0,0,3,159,14,0,2,2,0,0,17,75,13,14,16,1,0,0,1,42,8,0,0,1,0,0,3,50,21,18,14,25,0,0,3,159,36,10,1,1,0,0,16,101,17,11,1,0,0,3,13,42,8,0,0,0,0,0,0,81,152,66,1,0,0,0,0,86,159,159,1,0,0,0,5,31,32,159,15,0,0,5,10
24,0,0,0,0,0,0,2,157,2,0,0,0,0,0,22,157,16,7,1,2,0,0,50,16,4,12,10,22,0,0,3,29,0,0,0,0,0,0,4,157,3,0,0,0,0,0,21,157,4,0,0,2,1,1,69,31,0,0,0,21,12,8,14,31,2,0,0,0,0,0,5,145,43,0,0,0,0,1,18,157,52,0,0,0,3,73,65,13,0,0,0,1,44,152,14,21,4,0,0,0,0,3,6,39,5,0,0,0,0,14,57,34,3,0,0,0,5,157,77,1,0,0,0,0,27,157,8
0,0,0,0,0,78,86,2,0,0,0,0,0,94,130,19,0,0,0,0,1,110,118,3,6,0,0,2,3,49,53,7,9,8,10,11,24,130,130,21,130,31,7,7,6,57,130,130,36,3,2,32,25,24,26,20,29,0,0,1,1,1,4,28,6,24,130,98,25,46,5,1,130,104,63,18,3,2,2,37,49,4,1,37,52,6,8,42,23,0,0,6,14,1,1,30,0,0,48,73,1,0,0,0,10,7,48,63,0,0,1,21,9,12,37,5,11,6,11,41,5,3,26,8,9,3,3,11
50,89,0,0,2,6,4,1,1,3,0,0,2,36,63,11,4,0,0,0,4,6,42,51,1,0,0,1,26,6,1,3,21,16,0,0,46,30,0,0,19,0,0,0,118,152,62,29,152,4,0,0,6,29,53,139,27,0,0,5,32,2,0,8,16,1,0,4,113,17,0,0,69,20,0,2,152,78,2,4,152,61,0,1,18,9,2,12,34,2,0,0,25,13,0,1,16,0,0,5,117,6,0,1,68,19,1,22,152,14,0,0,152,35,0,2,6,0,0,1,19,0,0,5,20,3,0,0
87,49,9,2,0,0,0,26,73,32,110,23,0,0,0,14,5,59,117,12,0,0,0,0,0,74,74,1,0,0,0,0,27,117,5,0,0,0,0,1,117,93,20,0,0,0,0,21,115,44,117,15,0,0,0,32,10,39,117,29,0,0,0,4,8,117,19,0,0,0,0,0,22,117,29,0,0,0,0,2,107,114,6,0,0,0,0,28,96,35,57,6,0,0,0,29,0,85,18,0,0,0,0,0,1,117,21,0,0,0,0,0,8,117,6,0,0,0,0,0,45,100,5,0,0,0,0,5
180,0,0,0,0,0,0,113,8,0,0,0,4,3,0,5,4,6,4,1,1,0,0,1,0,3,24,6,1,1,0,0,180,0,0,0,0,0,0,180,43,2,4,1,4,1,0,18,25,12,3,0,0,0,0,1,5,5,9,0,0,0,5,1,180,1,0,0,0,0,0,161,127,20,24,2,0,0,0,25,5,7,22,14,1,0,1,1,1,0,0,5,3,7,13,1,180,3,0,0,0,0,0,49,180,11,4,3,0,0,0,11,0,1,6,30,1,0,0,0,0,0,4,32,3,1,0,0
21,1,0,0,0,0,0,5,137,9,0,0,0,0,0,11,137,11,0,0,0,0,0,4,137,14,0,0,0,0,0,4,48,6,0,0,0,0,0,1,137,30,0,0,0,0,0,4,137,20,0,0,0,0,0,8,137,6,0,0,0,0,0,13,50,0,0,0,0,0,0,12,137,5,0,0,0,0,0,33,137,13,0,0,0,0,0,29,137,29,0,0,0,0,0,7,49,9,0,0,0,0,0,17,137,76,0,0,0,0,0,6,112,137,0,0,0,0,3,11,89,108,0,0,0,0,14,23
69,21,0,0,0,0,0,0,141,27,0,0,0,0,0,0,141,30,0,0,0,0,0,0,141,22,0,0,0,0,0,0,59,21,0,0,0,0,0,0,141,38,0,0,0,0,0,2,141,33,0,0,0,0,0,6,141,28,0,0,0,0,0,5,37,6,0,0,0,0,0,3,141,10,0,0,0,0,0,29,141,5,0,0,0,0,0,36,141,1,0,0,0,0,0,33,14,6,0,0,0,0,0,0,141,32,0,0,0,0,0,7,141,17,0,0,0,0,0,10,141,0,0,0,0,0,0,18
100,7,0,0,0,0,0,1,130,6,0,0,0,0,0,1,130,8,0,0,0,0,0,0,130,9,0,0,0,0,0,0,130,1,0,0,0,0,0,11,130,5,0,0,0,0,0,6,130,6,0,0,0,0,0,1,130,5,0,0,0,0,0,3,130,0,0,0,0,0,0,16,130,2,0,0,0,0,0,14,130,6,0,0,0,0,0,15,130,0,0,0,0,0,0,15,101,0,0,0,0,0,0,14,130,0,0,0,0,0,0,27,130,0,0,0,0,0,0,44,130,0,0,0,0,0,0,23
103,11,0,0,0,0,0,0,130,30,0,0,0,0,0,1,130,29,0,0,0,0,0,0,125,19,0,0,0,0,0,0,130,8,0,0,0,0,0,0,130,6,0,0,0,0,0,12,130,9,0,0,0,0,0,8,130,19,0,0,0,0,0,0,130,1,0,0,0,0,0,8,130,7,0,0,0,0,0,5,130,12,0,0,0,0,0,4,130,7,0,0,0,0,0,4,96,15,1,0,0,0,0,5,130,16,0,0,0,0,0,8,130,13,0,0,0,0,0,17,130,8,0,0,0,0,0,12
118,6,0,0,0,0,0,2,130,6,0,0,0,0,0,20,130,12,0,0,0,0,0,49,82,39,2,0,0,0,0,31,130,1,0,0,0,0,0,8,130,10,0,0,0,0,0,4,130,13,0,0,0,0,0,6,130,1,0,0,0,0,0,32,130,0,0,0,0,0,0,12,130,0,0,0,0,0,0,17,130,1,0,0,0,0,0,17,130,0,0,0,0,0,0,14,116,0,0,0,0,0,0,14,130,0,0,0,0,0,0,29,130,0,0,0,0,0,0,39,111,0,0,0,0,0,0,25
80,0,0,0,0,0,0,7,133,12,0,0,0,0,0,3,133,39,0,0,0,0,0,0,109,29,0,0,0,0,0,0,133,2,0,0,0,0,0,4,133,5,0,0,0,0,0,1,133,6,0,0,0,0,0,5,133,14,0,0,0,0,0,2,133,0,0,0,0,0,0,17,133,5,0,0,0,0,0,9,133,1,0,0,0,0,0,11,133,0,0,0,0,0,0,20,96,36,0,0,0,0,0,8,133,21,0,0,0,0,0,18,133,9,0,0,0,0,0,16,117,3,0,0,0,0,0,19
1,0,0,0,0,0,0,0,36,2,0,0,0,0,0,2,111,9,0,0,0,0,0,7,129,18,0,0,0,0,0,5,78,1,0,0,0,0,0,17,139,22,0,0,0,0,0,6,139,22,0,0,0,0,0,2,139,19,0,0,0,0,0,1,139,0,0,0,0,0,0,32,139,3,0,0,0,0,0,37,139,2,0,0,0,0,0,25,139,1,0,0,0,0,0,17,139,0,0,0,0,0,0,30,139,0,0,0,0,0,0,36,139,0,0,0,0,0,0,52,129,0,0,0,0,0,0,43
26,0,0,0,0,0,3,71,138,2,0,0,0,0,3,157,25,2,0,0,0,0,31,79,12,0,0,0,0,0,10,80,40,0,0,0,0,4,18,26,159,27,3,5,0,0,2,32,56,18,8,59,15,1,8,30,24,0,0,8,2,0,3,103,40,0,0,0,0,6,20,23,159,8,2,2,0,0,0,60,118,14,12,125,13,0,0,7,22,0,2,75,14,0,0,37,19,0,0,0,0,1,15,20,159,0,0,0,0,0,0,102,153,5,6,38,4,0,0,50,2,0,1,106,38,0,0,7
117,23,0,0,0,0,0,0,130,40,0,0,0,0,0,0,130,37,0,0,0,0,0,0,99,38,0,0,0,0,0,0,130,7,0,0,0,0,0,2,130,13,0,0,0,0,0,3,130,21,0,0,0,0,0,0,130,23,0,0,0,0,0,0,130,5,0,0,0,0,0,7,130,2,0,0,0,0,0,15,130,3,0,0,0,0,0,7,130,11,0,0,0,0,0,3,77,49,0,0,0,0,0,15,128,44,0,0,0,0,0,6,130,16,0,0,0,0,0,9,130,4,0,0,0,0,0,12
0,0,0,0,0,10,112,5,21,0,0,0,0,1,72,85,93,0,0,3,20,10,3,72,85,6,0,5,29,17,2,12,2,8,91,6,0,9,59,6,41,9,35,18,0,0,21,94,128,12,3,4,28,5,2,98,128,24,4,7,40,7,0,5,0,11,128,25,0,2,39,4,27,21,85,87,4,11,22,4,128,89,33,13,4,1,1,5,52,85,57,11,5,0,0,0,0,0,0,0,0,2,128,82,37,1,1,5,2,16,128,74,128,26,2,0,0,1,4,34,42,21,10,0,0,0,0,0
0,0,0,0,49,23,0,0,7,1,0,0,124,21,0,0,135,36,0,0,20,3,0,2,34,14,0,0,71,45,0,2,0,0,0,5,59,33,0,0,20,1,0,2,127,41,0,2,135,11,0,0,14,21,3,13,22,0,0,0,110,135,4,6,0,0,0,28,78,4,0,0,20,4,1,16,135,11,0,1,104,7,0,3,20,135,19,17,3,0,0,0,102,135,4,2,0,0,0,12,57,33,3,0,1,0,0,41,88,22,2,1,5,1,0,5,72,135,12,3,0,0,3,10,42,118,0,0
0,0,0,0,52,58,15,0,4,1,0,0,29,107,40,1,59,62,1,0,1,21,38,21,16,27,4,15,47,11,31,10,0,0,0,4,127,11,0,0,36,1,0,11,128,18,3,4,128,55,0,1,8,2,1,8,21,17,1,6,128,27,0,1,0,0,0,1,108,17,0,0,41,1,0,11,128,9,0,3,128,3,0,1,10,7,2,31,18,0,0,0,128,128,3,9,0,0,0,12,68,12,0,0,23,0,0,12,116,11,0,6,128,0,0,1,14,34,5,40,6,0,0,0,128,128,3,6
21,0,0,0,0,0,0,6,102,9,0,0,0,0,0,8,133,35,0,0,0,0,0,0,114,39,0,0,0,0,0,0,133,6,0,0,0,0,0,10,133,19,0,0,0,0,0,5,133,24,0,0,0,0,0,2,133,19,0,0,0,0,0,2,133,2,0,0,0,0,0,13,133,3,0,0,0,0,0,24,133,1,0,0,0,0,0,26,133,1,0,0,0,0,0,25,119,0,0,0,0,0,0,37,133,0,0,0,0,0,0,48,133,0,0,0,0,0,0,48,119,0,0,0,0,0,0,35
28,0,0,1,24,11,53,152,126,0,0,0,0,1,59,163,14,0,0,2,5,49,109,109,0,0,0,4,45,128,29,2,73,9,0,11,67,1,2,25,163,8,0,0,0,0,0,79,73,1,0,9,26,12,16,14,0,0,0,10,46,15,4,0,58,39,6,16,50,0,0,0,163,62,0,0,0,0,0,2,83,4,0,6,24,9,0,2,0,0,0,15,39,6,0,0,56,23,2,7,36,2,1,11,163,68,0,0,0,0,0,3,37,8,0,0,25,9,0,0,0,0,0,0,25,16,0,0
32,0,0,5,24,27,6,16,144,0,0,0,0,0,0,75,80,0,0,0,0,0,14,125,15,12,0,0,0,14,87,51,49,0,0,0,33,31,7,25,144,4,0,0,0,0,0,38,108,23,0,0,0,0,14,42,65,112,0,0,1,4,18,17,65,0,0,6,50,11,1,19,144,3,0,0,0,0,0,35,144,68,0,0,0,0,0,4,102,93,4,16,17,4,0,3,29,6,34,85,28,0,0,6,144,23,11,4,0,0,0,28,144,19,0,0,0,0,0,15,84,6,3,8,1,0,0,53
0,0,0,0,0,0,68,134,0,0,0,0,0,5,79,134,51,11,0,0,0,2,13,39,24,15,4,5,11,7,0,0,1,4,57,0,0,0,17,68,38,14,31,0,0,0,48,134,134,22,0,0,1,0,8,134,40,6,0,0,41,50,0,1,0,6,134,1,0,0,2,3,59,71,118,2,0,0,0,14,134,116,6,0,7,10,2,27,24,6,0,0,79,112,7,3,3,2,6,0,0,0,20,33,46,10,5,0,0,0,1,41,85,10,0,0,2,27,48,92,3,0,0,0,37,119,30,8
115,19,13,3,4,2,8,104,138,9,11,4,0,0,1,90,11,40,44,32,9,0,0,6,0,4,107,72,3,0,0,0,91,65,13,9,36,8,0,14,138,45,4,0,0,0,0,53,59,70,20,4,0,6,20,7,0,5,36,22,5,42,23,2,70,75,32,40,10,3,0,0,138,37,4,0,0,5,4,30,57,2,0,0,2,69,67,22,1,0,1,4,10,85,79,17,11,12,133,138,0,0,0,1,99,7,50,54,0,6,12,50,14,2,12,5,5,104,42,21,12,16,11,1,0,42,38,18
17,57,10,11,26,16,0,0,133,100,5,0,0,0,0,2,87,56,13,0,0,2,11,5,0,11,18,15,1,9,16,3,25,46,48,108,7,0,0,0,133,61,6,4,0,2,3,11,66,10,0,0,0,42,60,19,0,0,0,1,3,45,81,18,4,2,72,133,4,0,0,0,86,9,49,108,1,7,17,31,12,1,10,9,1,88,71,17,14,11,9,1,0,30,66,25,0,0,32,133,15,31,10,1,1,1,119,133,3,3,6,4,0,4,133,102,1,9,5,0,5,16,100,40,0,1,3,1
44,1,16,18,0,0,2,50,145,0,0,0,2,6,4,128,15,0,1,7,55,76,10,17,20,16,12,4,12,22,10,40,37,0,15,28,24,47,9,11,145,10,3,3,3,4,2,42,55,16,67,62,32,3,0,3,7,73,101,19,7,1,0,4,59,9,0,0,3,62,30,13,145,27,1,0,0,2,1,23,121,29,53,8,0,0,0,20,3,53,68,6,23,12,0,1,87,17,1,0,0,7,33,25,145,10,0,0,0,0,3,110,71,3,0,0,0,4,8,145,8,6,2,0,12,133,39,21
7,3,3,36,93,9,3,1,103,21,0,43,109,0,0,2,136,59,37,39,1,0,0,3,0,12,128,52,2,0,0,0,17,3,3,43,67,4,1,11,97,7,5,130,94,0,0,7,136,40,26,10,1,0,0,17,19,20,116,21,3,0,0,0,15,29,28,33,6,0,0,1,36,12,11,136,61,0,0,1,136,21,6,25,8,0,0,64,47,6,9,6,30,12,2,31,2,20,26,5,0,0,0,1,3,9,12,105,51,0,0,0,86,2,1,47,32,0,0,98,28,0,0,0,17,14,14,101
3,16,2,8,99,67,3,4,97,15,0,2,123,67,2,5,110,18,0,0,0,2,19,16,0,0,0,0,53,17,18,3,7,0,0,0,84,125,22,22,125,9,0,0,36,102,10,22,78,3,0,0,0,10,42,34,0,0,0,0,50,29,24,25,36,17,0,0,63,125,16,11,125,84,0,0,12,26,3,12,35,29,3,1,20,31,20,29,5,37,39,24,42,18,18,26,62,82,2,0,4,65,8,1,89,95,11,3,5,11,4,5,77,89,6,3,17,15,1,4,61,122,92,52,4,0,0,16
126,47,0,0,7,27,8,17,11,1,0,0,68,125,10,11,107,21,1,1,8,17,8,69,26,5,0,0,17,30,3,14,40,7,0,0,2,36,113,101,29,1,0,0,27,126,85,15,126,9,0,0,3,16,8,32,41,1,0,0,53,61,2,6,0,7,20,4,1,6,58,23,66,8,11,7,2,21,53,18,126,24,0,0,2,9,19,70,19,2,0,1,68,64,25,9,0,1,5,2,0,18,92,12,9,0,2,3,2,14,126,32,30,0,0,0,0,6,126,126,1,0,0,0,5,26,126,58
118,104,0,0,1,5,0,2,25,13,1,3,92,76,0,0,16,118,34,15,82,34,0,0,36,118,4,0,4,3,0,0,118,84,0,0,2,47,22,28,19,3,1,0,35,118,18,14,118,60,10,2,8,15,8,42,21,27,1,0,10,38,2,6,17,1,1,0,0,35,118,82,70,15,0,0,5,105,69,15,118,44,0,0,1,11,5,16,15,1,0,0,25,110,4,3,1,2,13,8,1,2,34,14,118,38,1,2,1,3,21,21,111,42,0,0,8,25,13,18,1,0,0,0,71,81,3,0
0,5,27,0,0,0,0,0,97,49,15,0,0,0,0,4,163,51,0,0,3,0,0,13,40,3,1,9,135,8,0,1,0,17,24,0,3,11,0,0,92,23,8,0,3,37,15,39,163,15,0,0,3,3,3,91,52,1,1,6,114,32,1,11,0,16,36,6,17,21,0,0,57,133,70,5,10,28,3,6,163,95,3,0,1,8,19,78,32,0,0,0,63,105,34,24,0,78,71,2,1,0,0,0,4,57,79,9,11,1,0,2,22,13,5,3,11,7,54,73,1,2,4,0,4,52,97,20
31,22,0,0,0,0,0,24,58,27,0,0,0,0,0,24,156,79,1,0,0,0,0,41,156,156,6,0,0,0,8,148,79,7,0,0,0,0,0,9,108,11,0,0,0,0,0,9,138,4,0,0,0,0,0,90,104,6,0,0,0,0,76,156,83,9,0,0,0,0,0,0,116,6,0,0,0,0,0,2,104,6,0,0,0,0,0,5,75,4,0,0,0,0,8,58,64,4,0,0,0,0,0,2,85,9,0,0,0,0,0,2,79,3,0,0,0,0,0,3,70,1,0,0,0,0,0,3
93,2,0,0,0,0,0,32,133,6,0,0,0,0,0,25,133,7,0,0,0,0,0,30,133,3,0,0,0,0,20,133,133,9,0,0,0,0,0,0,133,6,0,0,0,0,0,7,133,3,0,0,0,0,0,14,133,1,0,0,0,0,1,27,133,3,0,0,0,0,0,5,133,9,0,0,0,0,0,9,133,10,0,0,0,0,0,9,133,1,0,0,0,0,0,13,28,1,0,0,0,0,0,2,98,1,0,0,0,0,0,13,117,0,0,0,0,0,0,36,92,0,0,0,0,0,0,30
51,24,1,9,6,0,0,0,7,7,6,72,56,18,1,2,98,32,5,13,12,6,2,9,15,5,0,45,137,3,0,0,55,14,0,0,17,5,0,1,18,0,0,4,137,97,7,12,137,4,0,1,21,25,8,44,32,1,0,15,137,8,0,1,33,12,0,0,38,5,0,0,47,12,0,3,137,68,0,2,137,48,0,0,25,10,0,6,28,3,0,0,137,22,0,0,25,6,0,9,32,1,0,0,22,43,37,66,125,12,0,0,98,94,15,3,11,7,0,0,7,2,0,0,137,80,0,0
122,31,0,0,26,7,0,3,23,0,0,3,122,77,30,26,127,0,0,1,12,11,19,81,7,0,0,6,37,2,1,5,132,1,0,7,42,0,0,36,51,3,0,47,132,5,0,4,132,5,0,8,26,1,0,33,20,0,0,8,46,4,0,4,132,0,0,6,19,0,0,70,23,10,6,105,132,0,0,4,132,46,8,28,17,0,1,20,25,2,0,7,50,2,1,7,132,0,0,1,2,1,1,126,24,1,1,31,88,6,1,25,30,8,2,10,38,10,18,69,14,0,0,0,26,4,4,50
2,7,5,0,1,99,66,1,24,47,6,2,15,96,28,2,61,81,26,1,2,2,0,1,127,23,1,1,4,0,0,13,15,7,26,10,4,65,42,2,127,102,20,4,1,15,6,10,52,74,64,28,0,0,0,2,127,29,3,3,0,0,0,13,36,20,27,12,13,69,122,53,127,44,3,3,3,15,9,58,80,10,14,46,5,0,0,33,77,7,8,12,0,0,0,34,127,127,8,11,1,8,65,71,119,127,4,0,0,1,1,5,40,28,17,4,0,0,0,16,18,8,6,2,0,0,0,7
1,0,0,0,0,22,135,4,50,25,0,0,0,7,135,74,70,49,0,0,0,0,61,89,13,6,0,0,0,1,20,25,34,4,0,0,0,1,26,11,135,125,0,0,0,0,11,21,111,135,0,0,0,0,0,6,5,13,1,1,1,0,0,0,36,2,0,0,0,0,0,10,135,11,0,0,0,0,0,135,135,9,0,0,0,0,0,89,5,2,1,1,0,0,0,1,6,4,0,0,0,0,0,2,131,1,0,0,0,0,0,97,135,0,0,0,0,0,0,135,14,0,0,0,0,3,0,9
46,0,0,0,0,0,0,24,150,0,0,0,0,0,0,29,105,4,3,5,75,45,7,23,19,125,27,10,47,16,0,0,69,0,0,0,0,0,0,24,150,2,0,0,0,0,0,19,107,18,4,3,20,23,5,16,99,68,3,2,7,5,1,1,80,32,0,0,0,0,0,15,150,93,0,0,0,0,0,12,123,43,6,2,1,0,0,23,56,59,1,2,4,2,3,7,94,150,1,0,0,0,1,7,66,150,12,11,17,0,0,8,115,4,0,0,3,0,0,34,35,4,0,0,0,2,5,26
79,130,14,28,32,0,0,10,130,2,0,4,9,0,0,66,83,9,0,0,0,1,4,52,19,16,19,10,6,4,2,2,63,66,8,63,130,0,0,1,130,10,0,10,38,0,0,17,130,25,0,0,0,0,0,5,55,9,1,2,24,21,1,1,46,12,2,17,130,33,1,5,130,35,3,5,54,2,0,18,130,30,0,0,0,0,0,4,41,11,0,14,73,11,0,0,8,23,99,47,52,29,1,3,39,130,95,5,9,2,0,1,46,116,46,0,0,0,2,1,7,32,19,29,39,1,3,0
30,0,0,0,12,26,8,26,77,15,3,0,0,0,29,114,4,6,27,1,0,4,127,37,0,12,28,0,0,10,127,1,94,4,0,0,1,40,23,49,127,126,31,0,0,0,0,22,14,55,127,16,3,4,5,5,2,56,127,5,1,2,10,3,122,103,1,0,1,10,2,12,127,67,3,0,0,0,1,70,42,10,18,7,18,35,18,60,1,5,8,2,13,56,69,7,20,127,5,0,0,0,0,0,48,46,0,0,1,5,15,36,13,0,0,0,6,39,99,47,0,0,0,0,7,95,47,0
31,22,0,0,0,75,103,34,85,32,0,0,0,58,58,26,106,65,0,0,0,8,2,6,12,10,0,3,38,90,1,0,32,0,0,12,19,16,30,13,125,78,0,0,0,5,14,46,52,86,0,0,2,125,34,11,4,15,0,0,19,125,3,0,11,0,0,32,54,1,1,13,83,3,0,6,8,6,92,125,18,3,0,0,0,112,125,72,31,100,4,0,4,55,12,8,0,0,2,52,28,0,0,0,0,0,0,41,34,5,22,18,21,1,0,1,10,8,52,109,79,34,1,0,0,0,21,125
0,0,0,0,2,52,28,0,1,13,11,0,0,33,54,1,30,13,32,0,0,12,18,17,102,34,31,22,0,0,0,76,22,18,0,0,0,42,34,4,92,125,83,3,0,6,8,6,14,46,125,77,0,0,0,5,58,26,85,32,0,0,0,58,53,108,20,1,0,1,11,8,125,72,17,3,0,0,0,112,34,11,52,85,0,0,3,125,2,6,106,65,0,0,0,8,21,125,78,33,1,0,0,0,12,9,32,100,4,0,4,54,3,0,4,15,0,0,20,125,1,0,12,9,0,3,38,91
6,3,5,0,0,0,96,129,108,5,0,0,0,1,36,129,45,7,1,2,37,49,5,10,16,0,0,0,8,22,14,48,24,47,117,0,0,0,9,51,129,92,16,0,5,11,8,101,71,6,0,0,86,129,18,21,78,2,0,0,8,34,17,70,27,19,25,0,0,0,13,47,120,27,4,0,2,26,48,115,17,1,0,2,39,129,58,40,114,2,0,0,2,14,11,119,15,26,29,0,0,1,3,8,24,21,5,1,0,2,10,23,1,1,14,31,5,14,8,6,13,0,2,24,3,1,23,65
1,11,34,14,13,17,11,5,47,0,5,6,11,25,19,79,143,9,1,0,0,0,0,96,43,21,8,0,0,0,1,2,0,0,4,84,56,8,3,0,90,3,3,56,25,10,9,26,143,6,1,0,0,3,6,49,48,6,5,1,0,57,53,17,0,0,0,31,31,39,86,2,84,24,3,49,26,39,33,5,143,78,4,9,8,12,6,18,24,9,15,19,21,70,33,12,7,2,1,0,0,20,137,30,143,82,0,0,0,15,39,17,143,132,24,16,2,0,0,2,5,15,103,44,11,4,0,0
0,0,10,74,18,7,2,0,60,2,13,37,4,2,2,49,141,1,0,1,2,10,6,117,11,1,1,4,18,76,13,16,0,0,3,48,18,48,30,0,55,2,10,37,22,65,23,12,141,25,7,5,3,4,2,30,30,28,77,37,16,7,1,3,0,0,0,0,1,108,141,5,113,6,0,0,0,46,75,33,141,30,2,0,0,0,1,45,70,33,46,3,2,9,5,30,15,24,9,0,0,23,42,16,94,66,23,0,0,0,16,28,141,10,3,0,0,0,3,130,37,0,0,0,0,75,65,79
4,34,58,34,36,13,0,1,8,14,14,25,35,15,8,26,3,7,20,18,3,7,86,105,0,0,5,23,7,50,129,58,3,11,5,25,95,41,17,6,22,11,6,41,66,30,39,20,94,24,40,30,2,5,28,39,19,8,57,129,27,3,12,23,8,1,0,31,21,22,76,12,6,12,20,98,37,34,83,8,114,55,17,8,1,2,63,50,34,4,6,53,47,40,65,21,0,0,0,1,2,77,129,2,3,10,3,4,3,47,129,15,4,3,2,8,7,6,129,82,1,0,0,0,2,50,129,39
36,3,1,0,1,9,34,145,45,3,18,18,0,0,26,180,11,2,69,55,0,0,5,45,7,8,65,14,0,0,1,25,36,0,0,1,5,75,34,38,180,26,3,0,0,1,14,133,78,19,19,32,2,0,16,54,1,0,18,13,2,0,27,52,68,2,0,6,11,16,4,4,180,18,1,0,0,0,0,14,123,6,8,39,18,2,1,25,3,1,7,38,19,1,8,18,68,20,0,7,18,6,1,4,180,69,0,0,0,0,0,11,80,2,0,0,6,3,6,37,0,0,2,8,22,4,4,3
31,0,0,4,66,9,5,56,65,10,4,2,2,2,2,45,71,41,22,0,0,0,32,104,6,27,33,6,2,14,78,31,73,2,0,0,56,38,6,26,121,111,34,0,0,0,0,37,23,121,121,0,0,0,17,30,7,87,65,12,1,2,24,15,69,45,5,0,10,22,3,5,121,59,4,0,0,2,13,65,26,24,21,1,0,25,121,45,7,21,9,0,0,2,121,49,74,61,4,0,0,3,5,19,87,121,55,1,0,2,9,17,4,37,121,5,1,15,34,8,5,72,84,0,0,1,22,11
68,51,5,0,0,21,47,60,67,13,1,0,6,86,56,23,97,38,3,0,4,38,6,13,14,4,0,0,10,102,11,7,8,1,2,2,2,6,68,47,115,44,0,0,0,11,46,49,80,22,0,0,39,115,18,14,73,32,0,0,29,102,12,10,2,0,9,42,3,4,94,47,54,3,0,4,0,1,109,115,24,8,0,1,27,45,106,115,86,96,2,2,22,28,4,7,0,0,7,65,33,29,9,4,23,1,0,25,20,2,22,60,80,3,0,0,0,1,26,115,72,20,0,0,7,90,54,55
52,33,1,0,11,11,2,20,5,1,0,0,68,78,7,10,78,0,0,0,6,16,8,53,18,1,0,0,56,14,0,6,92,0,0,0,24,24,4,44,17,0,0,1,125,108,7,14,125,4,0,0,12,18,6,49,36,1,0,0,57,34,7,5,84,0,0,0,21,29,48,59,24,9,1,15,122,46,27,4,125,32,1,5,20,15,1,6,22,0,0,0,99,125,23,2,4,0,0,0,0,7,125,71,21,2,0,1,6,12,103,98,108,9,0,0,21,41,21,64,4,0,0,2,125,125,5,1
65,11,0,0,0,0,0,5,99,5,0,0,0,0,8,154,29,1,0,0,0,0,134,154,0,0,0,0,15,116,154,154,74,13,0,0,0,0,0,0,100,12,0,0,0,0,0,13,74,4,0,0,0,0,27,137,28,0,0,0,1,24,129,137,66,2,0,0,0,0,0,2,105,2,0,0,0,0,0,6,97,2,0,0,0,0,0,8,73,0,0,0,0,0,0,13,11,1,0,0,0,0,0,0,54,2,0,0,0,0,0,5,64,0,0,0,0,0,0,17,46,0,0,0,0,0,0,19
2,0,0,1,2,5,129,129,11,0,0,14,25,55,129,129,3,2,4,11,78,95,24,6,2,4,2,11,85,17,0,1,28,8,6,20,8,5,32,28,129,27,6,6,1,6,33,99,39,18,51,17,5,12,7,7,4,11,21,60,74,0,0,0,38,13,7,5,0,0,0,0,129,23,5,1,0,0,0,23,102,22,27,8,2,0,0,10,9,5,13,49,86,0,0,0,43,10,0,0,0,0,0,1,113,129,9,0,0,0,0,6,63,115,107,7,1,0,0,4,2,5,65,105,38,0,0,0
108,15,0,0,0,0,0,2,147,13,0,0,0,0,0,2,147,5,0,0,0,0,0,103,75,0,0,0,0,0,88,147,127,17,0,0,0,0,0,0,147,20,0,0,0,0,0,1,147,12,0,0,0,0,0,4,146,3,0,0,0,0,4,46,39,5,0,0,0,0,0,0,135,6,0,0,0,0,0,9,147,1,0,0,0,0,0,23,142,0,0,0,0,0,0,22,0,0,0,0,0,0,0,0,12,0,0,0,0,0,0,0,63,1,0,0,0,0,0,8,87,0,0,0,0,0,0,21
31,0,0,0,0,0,0,0,135,18,0,0,0,0,0,3,151,118,30,0,0,0,0,6,13,25,82,34,13,0,0,0,38,0,0,0,0,0,0,2,151,3,0,0,0,0,0,8,151,5,0,0,0,0,1,32,40,1,1,8,33,10,5,9,40,1,0,0,0,0,0,3,151,22,0,0,0,0,0,17,151,17,0,0,0,1,59,88,17,0,0,0,6,39,151,21,24,1,0,0,0,0,0,10,39,1,0,0,0,0,5,61,25,0,0,0,0,0,132,102,0,0,0,0,0,14,151,14
0,0,0,0,0,0,0,0,13,0,0,0,0,0,0,2,38,0,0,0,0,0,0,9,3,0,0,0,0,0,0,0,0,45,80,1,0,0,0,0,131,49,133,9,0,0,0,19,165,25,10,0,0,0,0,82,47,0,0,0,0,0,0,9,0,165,165,2,0,0,0,0,28,88,165,95,0,0,0,0,165,143,80,18,0,0,0,10,61,5,0,0,0,0,0,3,0,62,56,1,0,0,0,1,1,12,49,29,1,2,1,1,57,53,25,7,0,0,0,7,26,4,0,0,0,0,0,2
109,8,0,0,0,0,0,0,131,8,0,0,0,0,0,1,131,12,0,0,0,0,0,5,111,31,0,0,0,0,0,4,131,1,0,0,0,0,0,2,131,4,0,0,0,0,0,0,131,13,0,0,0,0,0,0,131,7,0,0,0,0,0,4,131,0,0,0,0,0,0,14,131,0,0,0,0,0,0,11,131,1,0,0,0,0,0,13,131,0,0,0,0,0,0,12,99,0,0,0,0,0,0,20,131,0,0,0,0,0,0,30,131,0,0,0,0,0,0,31,121,0,0,0,0,0,0,25
123,123,7,6,1,0,0,13,123,5,0,2,0,0,0,77,63,7,3,0,2,3,6,42,5,6,11,22,17,7,1,0,100,120,19,49,50,0,0,1,123,3,1,12,20,0,0,25,123,14,0,0,1,1,0,8,20,4,2,10,35,39,7,3,86,33,6,23,118,14,0,3,123,52,6,8,45,1,0,11,123,46,2,2,3,0,0,2,16,10,2,35,99,20,3,4,14,27,123,58,24,7,0,1,23,123,94,12,6,0,0,0,23,111,27,2,0,0,2,0,2,18,16,59,35,3,2,0
8,77,51,2,2,1,0,0,9,45,16,4,17,12,1,2,44,36,8,0,5,8,24,106,29,45,24,0,0,0,62,119,0,21,46,13,24,9,0,0,15,10,4,1,50,74,1,2,102,124,18,0,6,15,5,23,28,124,94,0,0,0,10,24,1,0,0,3,63,38,5,8,28,1,0,0,79,71,4,21,124,50,3,0,2,5,23,124,22,34,24,0,0,1,124,89,0,0,0,0,11,115,26,2,26,0,0,0,14,124,32,27,124,58,7,0,0,3,13,72,23,47,87,2,0,1,45,21
1,4,62,56,11,1,9,5,49,31,57,27,0,0,5,23,125,125,69,18,0,0,4,18,125,125,13,0,0,30,74,26,0,11,41,23,18,32,18,3,35,57,59,22,0,6,18,27,118,75,12,5,4,4,46,64,72,17,0,0,3,44,125,75,4,5,3,29,52,69,18,8,125,46,3,5,2,10,19,59,64,29,7,37,36,3,6,5,123,8,0,16,43,7,20,48,2,29,15,33,56,9,0,0,78,125,10,4,1,0,0,0,25,42,11,35,40,0,0,0,11,0,0,42,72,2,8,37
70,11,0,0,1,28,123,123,6,0,0,6,32,61,123,67,6,15,5,3,8,32,59,24,3,8,2,0,0,10,100,34,98,48,0,0,14,29,24,12,91,9,0,1,4,18,50,51,20,5,7,37,39,57,35,20,7,28,23,14,7,19,61,31,43,26,1,6,51,13,16,26,118,61,17,2,9,3,1,18,25,31,65,47,6,0,0,18,9,51,64,27,3,0,0,6,55,36,4,0,3,3,43,99,123,123,69,8,2,0,2,11,6,78,123,123,18,0,0,0,6,3,41,98,9,0,0,12
7,0,0,0,43,138,6,2,138,10,0,0,4,70,20,26,45,2,0,0,9,32,34,25,34,0,0,5,4,7,13,26,19,18,25,2,13,138,1,1,138,40,8,3,5,5,4,19,48,9,1,17,42,11,7,13,62,36,8,2,1,0,1,25,3,36,57,13,7,31,8,0,39,7,10,7,9,33,60,66,40,8,0,4,9,8,101,83,138,137,18,1,0,0,5,19,0,7,11,6,35,74,27,0,2,57,33,0,2,33,28,5,36,138,78,0,0,0,18,27,138,138,27,1,2,0,0,7
0,0,6,58,32,18,25,21,0,3,18,53,20,3,46,33,3,32,42,2,1,0,125,93,36,41,21,0,0,0,109,130,7,0,1,10,6,4,39,85,52,59,45,19,16,6,16,17,7,92,130,2,1,14,8,2,33,66,42,0,0,2,14,30,18,4,37,130,0,0,5,15,130,31,12,6,0,3,7,38,20,32,26,2,3,38,15,11,13,58,18,0,0,5,11,15,1,5,120,130,3,0,0,0,30,108,130,51,0,0,0,3,6,45,130,66,7,0,0,1,8,27,16,19,11,3,0,0
0,0,1,11,7,2,51,40,1,1,8,3,8,27,45,30,7,0,0,5,25,63,9,9,132,0,0,0,0,3,3,79,6,1,0,121,47,0,10,11,39,17,4,11,6,5,17,21,8,4,3,34,53,8,1,3,132,1,0,1,5,0,0,43,2,0,2,132,100,0,0,1,61,32,19,53,19,0,0,15,15,23,72,75,33,0,0,1,132,75,58,19,3,0,0,3,0,0,22,132,41,0,0,0,6,95,132,91,7,0,0,0,2,74,132,16,0,0,0,0,7,87,132,6,0,0,0,0
0,0,0,0,37,129,83,12,5,0,0,0,1,18,129,129,2,0,0,0,0,15,129,82,37,0,0,0,0,2,92,112,4,2,0,0,129,103,4,4,69,13,0,0,8,13,18,55,30,0,0,0,38,49,60,35,129,0,0,0,3,4,19,122,7,8,3,2,114,30,0,0,48,25,10,5,4,8,5,10,21,0,2,11,34,37,4,7,129,0,0,0,3,1,0,71,1,30,24,37,40,4,0,0,5,48,33,22,1,1,3,5,5,1,10,94,7,4,1,2,129,3,3,15,0,0,0,41
73,48,19,1,0,3,1,48,102,29,31,4,0,0,0,88,23,25,100,103,0,0,0,2,33,17,53,134,7,0,0,2,32,3,8,26,34,20,8,23,134,14,0,1,0,2,6,69,80,37,5,10,0,6,35,21,6,9,15,126,35,11,23,16,44,14,2,31,41,23,40,5,134,63,5,8,4,10,14,19,36,13,9,8,4,38,100,36,3,15,3,6,16,28,73,35,119,57,2,0,0,7,47,25,134,130,33,17,2,3,3,6,7,21,72,43,18,29,6,2,36,105,9,6,8,9,3,2
8,23,110,22,21,9,5,15,25,74,124,4,0,0,0,28,1,34,82,19,11,3,0,0,0,1,7,20,124,43,0,0,14,6,16,26,45,15,9,18,124,27,10,4,1,5,4,48,18,10,22,15,60,123,4,3,0,16,34,20,124,124,0,0,6,3,70,100,5,10,6,6,62,6,9,24,4,18,53,57,6,1,5,13,55,124,56,10,0,18,67,22,36,44,6,0,0,1,112,124,31,6,1,2,0,0,23,124,110,35,18,4,0,0,0,2,14,37,63,0,0,0,1,0,1,32,33,0
68,40,0,0,0,0,3,46,37,15,7,1,0,21,127,117,5,4,8,5,0,76,127,5,10,21,30,4,8,62,33,15,30,70,0,0,0,1,3,8,68,103,39,19,2,0,8,17,9,16,41,120,28,7,9,3,18,9,23,20,6,16,26,48,46,11,0,0,9,61,25,31,127,13,3,5,3,14,19,75,18,3,22,87,31,31,13,7,2,3,42,46,49,112,4,1,46,0,0,0,73,98,17,47,127,0,0,0,2,13,18,127,6,0,0,0,23,75,26,23,0,0,1,2,93,127,3,0
14,0,1,3,4,7,11,40,11,25,30,7,2,0,5,13,11,26,44,9,0,0,5,7,6,23,33,2,0,0,25,20,35,3,1,16,7,4,8,34,141,130,41,4,0,0,3,28,20,67,141,57,4,0,0,1,11,85,141,23,0,0,0,2,32,11,0,3,3,18,92,38,141,66,5,3,0,0,10,105,107,25,23,90,41,0,0,15,74,21,15,35,11,0,0,27,43,141,0,0,1,4,13,5,141,141,7,2,1,0,0,8,63,32,7,54,11,0,0,7,44,11,15,51,4,0,0,4
11,18,62,20,1,0,0,8,4,14,18,53,6,0,0,0,8,61,127,25,1,0,0,0,0,8,127,67,6,0,0,0,2,3,39,22,17,39,22,3,65,18,7,26,35,22,4,1,127,125,75,1,0,0,0,3,18,31,127,71,127,4,0,0,8,5,3,1,15,57,22,8,70,11,9,8,5,11,6,14,127,6,0,0,1,2,23,120,27,3,0,4,127,85,55,31,27,33,22,4,6,5,2,24,13,25,17,20,51,11,3,14,51,0,0,1,16,12,39,125,2,0,0,0,46,127,76,22
43,7,2,1,1,8,26,119,64,12,25,15,0,0,14,176,18,5,69,39,0,0,3,39,13,10,39,5,0,0,0,33,36,0,1,2,7,78,35,41,176,20,1,0,0,3,14,140,91,18,16,21,4,0,9,43,1,2,22,6,2,0,16,45,75,6,0,7,34,19,3,3,176,33,0,0,0,0,0,13,125,6,3,29,19,2,3,22,5,0,2,22,14,1,5,23,60,49,35,41,25,3,0,0,176,125,5,0,0,0,0,9,61,7,3,1,3,2,14,34,0,1,2,6,22,6,5,4
10,0,0,3,52,12,21,54,82,21,6,0,0,2,7,63,63,72,44,0,0,1,28,92,3,27,55,12,4,36,59,11,54,0,0,0,56,50,13,36,125,113,11,0,0,0,1,52,43,125,43,0,0,0,31,39,6,50,73,14,1,3,47,16,73,25,0,0,12,31,7,12,125,60,4,0,0,1,12,71,34,39,33,0,0,17,125,49,16,52,16,0,0,1,99,44,77,25,0,0,0,2,6,35,125,114,17,0,0,0,35,65,9,69,91,0,0,2,78,34,5,68,37,0,0,1,29,17
22,47,118,49,7,0,0,2,14,71,118,56,2,0,1,4,10,79,75,58,6,0,0,1,4,12,22,59,66,41,8,3,91,28,14,84,48,0,0,10,118,27,26,81,15,0,0,21,48,47,31,105,40,5,2,18,23,9,6,118,118,3,1,17,44,19,10,66,15,1,0,13,91,24,20,60,16,0,0,3,60,6,4,47,118,11,3,31,78,8,2,66,118,4,1,37,45,2,1,8,12,4,0,20,28,7,9,34,2,0,0,6,23,20,35,61,36,5,0,1,26,27,25,14,118,89,0,1
123,123,1,0,20,16,1,0,79,44,1,0,39,53,37,39,39,4,0,0,8,20,10,30,5,0,0,0,34,16,1,10,123,44,1,5,52,10,1,12,106,73,6,14,81,23,2,12,52,17,0,0,38,57,10,29,25,3,0,0,48,15,4,31,123,22,5,1,10,35,43,52,77,8,0,2,24,54,38,92,60,2,0,0,87,80,13,42,72,2,0,0,31,66,17,34,6,4,5,4,9,30,52,16,30,0,0,2,3,18,123,96,37,2,0,0,28,27,110,79,42,1,0,1,101,123,25,29
109,9,0,0,0,0,0,0,131,18,0,0,0,0,0,0,126,48,0,0,0,0,0,0,74,58,0,0,0,0,0,0,131,5,0,0,0,0,0,0,131,13,0,0,0,0,0,0,131,10,0,0,0,0,0,1,131,21,0,0,0,0,0,2,131,0,0,0,0,0,0,12,131,1,0,0,0,0,0,13,131,0,0,0,0,0,0,14,131,4,0,0,0,0,0,6,99,0,0,0,0,0,0,26,131,0,0,0,0,0,0,37,131,0,0,0,0,0,0,36,131,40,0,0,0,0,0,9
19,0,0,0,0,0,2,50,155,13,0,0,0,0,0,74,84,6,0,0,0,0,0,79,24,1,1,2,1,0,0,31,39,0,0,0,0,0,10,48,155,37,2,2,0,0,0,27,89,25,8,20,6,0,0,28,72,3,0,1,1,0,0,39,51,16,2,0,0,0,14,28,155,67,2,1,0,0,0,35,90,44,41,25,14,0,0,9,50,71,15,3,0,0,0,6,13,155,155,0,0,0,1,2,83,155,95,0,0,0,0,0,15,87,110,12,0,0,0,0,1,30,31,5,0,0,0,0
57,2,0,0,0,0,0,14,127,81,0,0,0,0,0,2,59,89,28,35,10,14,1,0,0,2,17,135,80,19,0,0,95,3,0,0,0,0,0,35,135,108,0,0,4,1,0,14,45,67,5,4,64,84,2,2,0,80,59,25,39,57,1,0,79,0,0,0,0,0,0,63,135,6,0,0,6,3,0,105,57,66,15,14,62,20,1,24,11,135,25,5,32,15,0,0,51,0,0,0,0,0,0,43,135,3,0,0,0,0,0,72,127,32,0,0,1,0,0,21,29,18,4,12,27,4,0,0
13,0,0,3,42,23,53,101,85,14,0,0,1,5,34,138,6,5,0,0,75,103,43,40,0,0,0,5,105,39,0,0,26,3,0,12,138,21,8,29,138,10,0,1,7,3,13,138,54,0,0,3,43,46,25,36,0,0,0,11,81,12,0,0,29,14,1,52,138,2,0,0,138,68,1,4,8,0,0,1,68,7,0,2,44,10,0,0,0,0,0,7,72,7,0,0,14,69,4,10,83,39,0,0,114,138,2,1,6,1,0,0,16,10,0,0,36,19,0,0,0,0,0,0,43,19,0,0
1,0,0,94,69,7,17,12,85,0,2,26,8,1,18,123,76,0,0,8,7,0,1,104,1,0,0,25,30,0,0,1,0,1,24,123,46,0,0,0,79,5,8,123,27,0,0,42,123,9,0,4,4,0,0,95,16,1,0,16,39,0,0,4,0,11,57,83,65,10,0,0,49,25,3,97,123,27,0,1,123,87,1,6,8,0,0,4,17,6,0,5,45,1,0,0,0,1,8,10,118,87,0,0,53,78,7,3,99,68,0,0,112,93,0,0,7,3,0,0,2,2,0,0,36,9,0,0
3,0,0,0,0,0,0,0,9,10,0,0,1,46,11,0,42,25,1,0,0,53,63,17,56,72,8,2,3,1,8,10,27,0,0,0,7,5,0,3,27,1,0,0,103,146,15,6,146,47,0,0,13,81,34,31,94,39,0,0,2,18,39,18,50,0,0,0,28,3,0,11,51,2,0,14,146,43,1,9,146,12,0,2,37,13,23,106,31,1,0,0,1,85,81,37,34,0,0,1,14,0,0,26,9,0,0,77,146,3,2,16,29,0,0,43,47,4,58,146,10,0,0,0,0,10,69,124
1,5,127,66,0,0,10,29,69,3,42,53,4,0,13,127,84,0,0,21,6,0,0,90,0,0,0,42,20,0,0,0,8,67,104,71,11,0,0,0,57,6,38,127,127,0,0,34,127,13,0,15,21,0,0,94,11,1,0,25,21,0,0,2,8,93,35,31,35,0,0,0,21,39,17,127,127,1,0,0,127,127,10,23,25,0,0,4,9,5,0,7,12,0,0,0,14,10,11,7,50,18,2,9,2,39,28,34,127,17,0,0,12,71,13,5,11,7,0,0,0,0,0,0,5,1,0,0
21,26,52,8,0,0,5,5,117,90,16,0,0,2,21,43,110,18,0,0,0,56,117,80,117,5,0,0,6,34,33,62,10,14,36,14,24,21,11,13,100,23,6,6,2,6,17,54,56,2,3,34,18,15,51,91,83,1,0,2,5,47,117,117,12,11,9,55,53,13,4,6,117,69,8,11,2,1,2,21,25,20,15,111,22,1,5,8,0,0,0,73,62,20,88,31,3,17,58,117,11,0,0,0,71,68,18,21,0,0,8,9,14,10,6,31,17,10,29,9,0,0,0,63,117,9,2,0
2,0,0,0,1,67,145,86,4,0,0,0,0,0,49,145,0,0,0,0,0,0,16,41,0,0,0,0,0,0,0,0,34,16,0,0,7,87,38,60,47,4,0,0,0,9,105,145,134,7,0,0,0,0,59,145,17,1,0,0,0,0,2,12,17,27,21,10,9,15,4,2,133,41,0,2,5,36,23,21,145,90,0,0,0,5,7,32,30,4,0,0,1,24,21,8,1,5,15,38,26,2,0,2,145,70,3,22,16,3,1,0,145,57,1,0,2,9,3,5,17,11,4,1,4,19,9,5
3,124,57,7,29,45,13,0,59,124,49,0,0,1,2,7,46,61,124,60,0,0,0,15,33,14,124,118,0,0,0,23,26,124,60,13,9,0,0,0,53,46,36,18,26,5,3,26,124,22,12,4,1,1,3,55,24,16,41,102,6,1,9,8,30,34,1,3,4,16,89,15,62,24,1,13,35,20,65,17,124,57,10,5,2,2,20,20,11,9,8,9,5,8,60,30,9,26,10,4,6,35,70,10,124,85,1,0,0,1,37,31,98,75,25,13,4,12,28,21,34,43,17,12,7,15,10,5
21,15,5,15,16,6,20,22,3,0,2,18,62,28,42,27,60,35,32,19,10,4,16,39,29,83,121,6,0,5,7,19,4,1,0,1,13,20,129,80,35,1,0,0,47,90,72,38,129,76,0,0,2,7,8,55,46,81,18,3,0,2,32,39,5,1,1,10,64,20,34,46,85,16,0,0,0,17,27,67,129,78,7,0,0,1,21,61,26,67,23,0,0,0,53,48,5,6,10,47,41,5,3,5,39,10,5,4,3,19,31,47,57,18,2,0,3,16,129,129,19,15,6,0,0,5,129,129
39,7,1,0,0,6,19,91,81,28,24,6,0,0,7,161,28,13,53,11,0,0,0,33,17,11,16,13,0,0,0,18,33,0,0,1,8,62,35,45,161,14,1,0,0,3,12,133,95,15,15,10,4,0,6,29,4,7,11,1,0,0,6,36,69,18,5,17,42,12,2,3,161,55,0,0,0,0,0,11,110,5,1,16,16,2,4,21,4,0,0,6,11,3,6,32,23,63,161,66,9,0,0,0,161,161,53,1,0,0,0,5,36,30,34,2,3,2,5,19,0,2,26,23,13,6,6,5
73,15,0,0,0,0,0,0,109,31,0,0,0,0,0,0,114,39,0,0,0,0,0,0,73,46,0,0,0,0,0,0,113,5,0,0,0,0,0,2,131,15,0,0,0,0,0,1,131,24,0,0,0,0,0,0,120,58,2,0,0,0,0,0,106,0,0,0,0,0,0,18,131,0,0,0,0,0,0,26,131,32,0,0,0,0,0,12,131,131,11,1,0,1,0,0,68,0,0,0,0,0,0,30,104,0,0,0,0,0,0,47,131,35,0,0,0,0,0,31,131,131,2,1,9,12,0,3
61,0,0,0,0,0,0,24,84,1,0,0,0,0,0,30,57,24,12,26,34,0,0,8,11,6,17,130,115,2,0,3,59,0,0,0,0,0,0,50,131,6,0,0,0,0,0,50,131,98,22,22,5,2,0,4,11,22,56,131,51,9,0,0,36,0,0,0,0,0,0,72,131,3,0,0,0,0,0,100,131,41,1,3,19,4,0,61,16,77,29,22,53,15,0,3,14,0,0,0,0,0,0,66,57,0,0,0,0,0,0,127,131,1,0,1,2,0,0,131,79,39,4,6,6,0,0,29
22,6,5,3,30,24,4,16,126,54,0,0,0,2,20,97,28,36,0,0,0,15,94,29,3,3,0,0,44,88,22,2,30,1,0,0,22,126,22,30,126,40,4,0,0,7,21,110,35,71,27,0,1,37,53,22,3,14,1,0,87,126,15,2,44,92,6,1,27,71,5,5,126,92,0,0,0,9,25,46,24,7,3,0,1,126,93,24,0,0,0,0,36,126,20,0,4,126,34,1,3,6,0,0,16,58,0,0,5,36,9,3,0,0,0,0,18,91,16,1,0,0,0,0,31,55,0,0
18,38,13,10,10,6,9,7,121,5,1,2,4,1,3,56,39,6,9,12,4,5,41,31,2,30,30,34,21,8,10,1,38,6,0,1,4,32,100,22,121,49,5,1,1,4,17,34,51,38,26,10,5,11,24,16,99,121,28,6,2,9,11,20,55,63,28,2,2,10,15,11,121,37,19,0,0,1,35,106,65,17,5,1,3,20,71,67,78,9,0,0,1,68,121,77,51,105,121,2,0,0,0,2,10,82,121,9,0,0,2,12,17,46,112,49,29,12,5,8,2,0,2,32,58,94,43,2
0,0,3,22,40,51,9,1,35,25,2,1,7,11,9,25,44,121,18,0,0,0,1,18,16,63,28,7,0,0,0,2,0,0,0,25,109,56,31,24,52,4,0,0,1,24,45,96,133,37,13,0,0,1,6,120,31,26,19,3,0,0,0,8,2,6,31,124,133,2,3,7,91,48,44,32,19,15,13,14,133,89,3,1,2,1,2,15,23,6,1,2,6,2,2,24,0,1,122,116,29,0,0,0,17,71,133,74,1,0,0,0,71,128,73,1,0,0,0,2,5,6,36,23,5,3,2,7
15,9,0,0,0,0,0,0,90,36,0,0,0,0,0,0,105,36,0,0,0,0,0,11,119,86,2,0,0,0,6,32,27,4,0,0,0,0,0,0,140,15,0,0,0,0,0,1,146,22,0,0,0,0,0,0,146,146,8,0,0,0,0,2,30,0,0,0,0,0,0,5,143,0,0,0,0,0,0,14,146,1,0,0,0,0,0,18,146,16,0,0,0,0,22,135,23,0,0,0,0,0,0,4,98,0,0,0,0,0,0,24,86,0,0,0,0,0,0,59,49,0,0,0,0,0,31,146
0,8,25,43,66,3,0,0,27,30,34,8,16,18,3,11,122,25,0,0,1,3,10,76,43,6,0,0,15,45,35,25,0,1,2,54,89,34,6,0,26,5,2,3,54,122,21,27,122,17,0,0,1,23,27,122,38,11,0,0,27,122,38,24,0,1,19,15,53,122,78,0,25,108,44,6,65,102,5,2,122,111,4,0,3,33,27,31,10,0,0,0,23,122,42,10,0,6,91,26,5,16,12,0,0,66,88,2,2,22,7,0,3,31,4,0,6,78,7,0,0,0,0,0,31,83,1,0
5,0,0,0,0,21,10,2,20,5,0,0,0,34,69,22,52,64,21,0,0,0,10,19,35,69,37,2,2,0,0,14,21,1,0,0,57,104,7,3,118,51,0,0,20,80,40,39,118,94,3,0,1,4,61,45,10,11,6,2,9,20,50,34,14,0,0,14,118,58,3,11,118,8,0,5,47,25,18,118,49,4,0,0,1,1,118,118,1,0,0,0,6,14,118,62,14,2,12,90,87,1,0,9,55,12,56,106,45,1,3,86,84,13,17,2,5,4,7,101,2,0,1,4,53,33,29,14
30,2,0,1,74,86,6,10,117,65,0,0,1,14,8,53,30,58,9,0,0,1,27,90,22,11,11,4,2,9,14,24,40,17,21,117,108,12,0,5,117,35,11,12,3,3,3,37,18,4,1,1,4,21,35,117,21,2,0,0,0,8,40,117,5,15,80,117,38,0,0,0,47,19,48,109,22,12,5,12,14,2,0,3,32,83,26,36,48,35,0,0,0,5,38,100,14,28,41,77,28,0,0,0,0,0,6,117,117,25,0,0,15,2,0,11,65,57,18,15,115,59,0,0,0,1,8,72
65,7,0,0,0,0,23,126,56,29,8,2,4,31,82,124,5,21,64,45,30,47,7,3,2,16,38,110,14,2,0,0,126,14,0,0,0,0,0,6,126,126,29,13,4,2,3,28,23,50,60,86,71,19,6,7,1,9,33,86,19,9,5,2,122,0,0,0,0,0,0,36,126,11,1,2,3,10,75,126,15,4,2,11,49,88,126,64,1,3,4,9,15,62,56,12,37,0,0,0,0,0,0,34,24,0,0,0,0,0,18,89,5,0,0,0,0,1,41,63,0,0,1,5,4,6,14,17
0,0,0,0,0,1,5,0,5,6,10,2,0,0,10,7,8,55,93,18,0,0,0,0,6,40,115,115,18,0,0,0,19,0,0,0,11,62,32,10,115,44,3,0,1,24,47,51,63,100,32,0,0,2,28,35,30,34,32,57,80,43,44,45,34,0,0,12,100,69,8,28,115,10,0,3,14,17,44,115,17,4,0,0,1,13,115,95,32,7,2,2,8,37,115,52,31,12,42,87,51,2,1,18,65,27,108,65,11,2,5,72,17,4,16,21,35,37,44,33,100,4,0,1,10,9,52,95
1,52,18,0,1,34,46,2,10,26,10,0,0,4,80,46,20,7,1,0,0,0,5,35,0,0,0,0,0,0,0,0,32,71,9,16,74,96,43,6,84,117,74,0,0,5,42,32,35,75,112,31,3,0,2,21,1,2,12,52,37,0,0,0,25,92,27,60,90,7,10,6,117,76,11,0,0,0,10,73,85,42,63,34,1,1,2,38,9,22,65,117,91,24,3,3,11,12,1,6,54,75,38,12,117,46,11,0,0,4,20,81,78,23,12,4,6,19,39,94,11,8,5,16,67,117,61,16
63,29,43,51,6,2,1,5,45,6,19,38,18,4,15,70,62,28,18,27,25,8,17,69,2,7,21,133,82,3,0,0,133,62,25,61,31,0,0,14,39,11,18,133,133,20,12,38,133,65,20,22,10,5,5,90,44,19,21,133,99,0,0,2,87,118,8,26,10,0,0,0,12,22,29,133,69,1,0,3,133,83,22,24,4,0,0,12,26,11,1,46,23,0,0,0,0,0,0,0,0,0,0,0,0,0,0,0,0,0,0,0,0,0,0,0,0,0,0,0,0,0,0,0,0,0,0,0
50,6,0,0,0,1,0,4,6,0,0,0,0,10,3,1,0,0,0,0,0,0,0,0,0,0,0,0,0,0,0,0,135,43,0,0,12,40,10,28,20,4,0,0,86,135,49,15,99,6,0,0,6,33,31,43,10,0,0,0,0,0,1,2,115,26,3,7,26,66,36,67,32,41,11,22,135,135,20,9,135,115,7,4,15,37,15,40,29,2,0,0,8,135,80,10,26,27,6,21,40,18,12,17,26,13,3,33,81,31,5,19,88,22,1,0,21,78,26,80,1,0,0,0,100,135,32,3
110,0,0,0,0,0,0,25,73,8,14,3,0,1,8,37,51,10,15,8,2,1,14,91,14,9,24,100,48,1,6,23,122,0,0,0,0,0,0,110,134,45,57,28,2,0,0,81,47,14,47,125,55,5,14,69,134,28,29,59,7,1,5,89,68,55,12,0,0,0,0,61,134,122,14,14,1,0,0,67,68,33,37,134,34,0,0,7,121,22,15,38,4,0,0,22,3,31,11,0,0,0,0,0,33,46,4,0,0,0,0,0,5,3,1,3,0,0,0,0,0,0,0,0,0,0,0,0
0,0,0,0,0,0,0,0,11,0,0,0,0,0,0,0,8,0,0,0,0,0,0,0,0,0,0,0,0,0,0,0,7,0,0,0,0,0,0,0,144,25,0,0,1,15,7,19,98,9,0,0,21,144,40,16,33,1,0,0,1,28,14,9,58,44,0,0,0,0,0,0,144,99,1,3,21,48,25,58,80,42,5,12,141,144,43,30,144,69,2,1,10,75,40,32,72,36,0,0,0,0,0,4,104,57,2,5,39,30,15,36,34,15,2,15,110,60,11,32,56,17,0,0,31,144,49,51
