2,6,12,4,0,0,0,0,19,96,31,5,0,0,0,0,11,134,40,0,0,0,0,0,22,134,14,0,0,0,0,0,20,4,1,3,3,3,1,5,134,69,0,0,0,0,0,16,108,92,3,0,0,0,0,11,88,67,0,0,0,0,0,0,17,3,22,117,8,1,0,6,134,21,9,5,0,0,0,68,134,97,0,0,0,0,0,52,67,50,0,0,0,0,0,0,0,3,50,134,8,0,0,0,36,111,83,39,0,0,0,4,131,134,2,0,0,0,0,3,16,39,0,0,0,0,0,0
13,21,20,20,2,0,0,0,122,115,3,0,0,0,0,0,127,122,0,0,0,0,0,1,22,7,0,0,0,0,0,0,14,38,46,4,0,0,0,0,127,127,5,0,0,0,0,5,127,63,0,0,0,0,0,39,72,1,0,0,0,0,0,25,19,9,5,0,0,0,0,6,127,11,0,0,0,0,2,105,122,3,0,0,0,0,21,127,127,0,0,0,0,0,1,61,1,7,31,8,3,1,1,2,20,6,28,11,2,1,6,94,110,21,3,0,0,0,23,120,127,18,0,0,0,0,1,27
0,3,43,49,11,24,4,0,74,111,29,14,1,0,7,6,113,108,0,0,0,0,0,0,9,6,0,0,0,0,0,0,0,4,121,48,0,0,0,0,67,80,121,22,0,0,0,0,121,60,5,0,0,0,0,33,101,7,0,0,0,0,0,38,4,40,108,17,1,0,0,0,10,22,121,87,9,0,0,0,117,8,15,32,10,0,0,95,121,0,0,0,0,0,0,121,18,36,20,15,1,0,0,0,11,18,14,76,21,0,0,0,20,0,1,99,27,0,0,24,116,0,0,6,0,0,0,115
0,0,0,0,0,81,135,5,6,0,0,0,0,27,135,135,14,5,10,3,0,0,135,135,0,0,21,22,3,6,135,103,36,8,0,0,0,12,108,55,62,18,9,0,0,3,29,37,3,5,21,23,0,1,85,59,1,1,6,11,0,0,135,109,38,131,47,0,0,0,4,10,62,47,45,8,1,1,1,10,6,2,7,17,7,17,37,8,2,4,12,11,1,3,32,20,0,48,43,0,0,0,0,0,0,10,61,40,24,2,0,0,0,0,2,13,64,67,34,1,0,0,0,0,2,24,97,58
0,3,36,9,0,0,0,0,0,15,56,24,1,0,0,0,26,131,21,3,0,0,0,0,53,131,0,0,0,0,0,0,4,13,12,2,1,0,0,0,31,26,25,2,0,0,0,1,131,131,5,0,0,0,0,4,131,89,0,0,0,0,0,3,2,8,23,6,1,0,0,0,35,2,5,9,6,4,2,21,131,5,0,0,0,0,3,117,131,9,0,0,0,0,5,68,0,1,131,81,0,0,0,0,5,2,131,131,4,0,0,7,61,38,47,22,0,0,1,66,131,97,1,0,0,0,2,37
4,15,38,63,15,0,0,0,63,33,24,5,1,0,0,29,157,100,7,6,7,1,1,71,24,17,5,9,36,67,45,33,10,7,8,10,19,17,20,18,100,15,8,7,22,9,1,7,157,88,7,11,53,7,2,29,15,11,7,37,157,22,5,3,86,12,0,1,1,2,17,42,106,26,3,8,15,7,0,4,157,22,0,1,37,5,2,38,20,0,2,29,142,6,1,7,93,26,0,1,0,0,0,5,79,29,3,5,1,0,0,2,157,28,1,7,11,0,0,6,24,7,13,53,58,0,0,1
0,0,0,0,128,129,1,1,99,0,0,0,43,67,5,48,56,0,0,0,0,0,8,41,113,1,0,0,0,0,2,26,6,0,0,0,129,129,0,1,129,12,0,0,48,30,0,19,68,1,0,0,0,3,15,38,129,0,0,0,0,0,4,66,15,5,0,0,111,129,0,0,129,25,0,0,9,13,1,6,51,2,0,0,1,20,22,15,129,28,0,0,0,1,5,24,29,10,0,0,41,64,6,12,86,32,0,0,0,6,12,17,40,2,0,0,1,19,22,17,129,67,0,0,0,0,0,8
6,134,25,9,4,0,0,0,87,134,9,0,0,0,0,1,134,79,1,17,25,0,0,6,2,2,0,45,102,0,0,0,50,134,44,9,4,0,0,0,53,100,40,25,2,0,0,5,134,9,1,3,30,7,0,41,5,1,0,8,134,11,0,4,134,36,3,4,1,0,1,48,29,31,42,28,2,0,0,18,73,60,18,6,22,2,0,5,8,7,2,24,107,3,0,0,25,0,0,0,0,1,49,134,23,11,7,0,0,0,41,134,7,22,5,2,8,3,78,41,1,4,4,26,29,7,34,4
118,1,1,11,1,0,0,68,13,0,55,91,8,6,2,10,6,5,124,124,0,1,2,6,0,1,124,124,0,0,0,0,124,0,0,0,0,1,2,70,34,0,1,2,20,67,16,42,107,10,20,5,4,18,9,38,14,3,50,58,12,34,15,1,77,0,0,0,0,1,2,124,54,9,0,0,14,36,15,58,124,45,0,3,28,12,1,5,10,3,0,2,75,63,26,10,81,9,0,0,0,0,0,36,109,7,0,0,0,1,3,39,124,32,0,5,48,8,0,8,3,2,0,4,124,51,8,5
0,0,0,10,82,11,0,0,44,1,0,7,33,3,0,3,102,6,0,3,65,19,0,4,2,0,0,3,129,123,2,0,0,0,32,59,71,0,0,0,46,5,31,81,14,0,0,1,129,25,9,62,74,2,0,4,5,11,73,129,129,23,1,0,0,3,97,44,12,1,0,0,12,4,48,129,51,2,0,0,129,13,11,47,20,0,0,48,35,10,98,129,37,7,1,19,0,0,7,4,28,18,0,0,0,0,0,9,118,19,0,0,76,0,0,2,52,5,1,58,39,0,0,5,36,12,3,38
12,0,0,0,0,66,142,92,40,0,0,15,35,6,83,142,3,0,0,31,98,6,11,19,3,0,0,3,8,1,31,36,55,21,14,0,0,37,65,34,142,14,0,0,6,1,9,142,49,0,0,25,97,2,1,19,14,0,0,12,30,0,0,11,62,37,12,4,5,6,2,3,142,105,0,0,1,0,0,2,61,12,0,33,61,0,0,0,5,0,0,25,50,2,2,7,103,93,0,2,12,9,2,3,142,142,0,0,0,0,0,0,13,13,1,15,46,6,0,0,1,0,0,11,79,4,1,1
14,0,0,16,103,10,0,4,127,43,2,3,2,0,0,40,46,115,37,0,0,0,0,19,10,66,16,0,0,0,0,0,4,1,3,18,44,19,14,4,105,20,10,15,8,0,0,127,127,60,16,0,0,2,0,127,15,32,27,2,9,42,0,0,1,21,127,17,2,1,4,2,28,127,127,9,1,0,0,11,127,127,18,0,0,34,22,19,17,11,3,0,6,112,16,2,0,13,127,15,0,8,2,0,0,61,85,0,0,30,18,0,8,26,5,0,0,60,44,2,49,24,1,0,0,21,13,5
47,83,35,15,4,1,0,1,148,21,38,47,8,2,0,39,148,20,16,19,2,0,0,41,1,3,25,59,3,0,0,0,2,132,68,27,1,0,0,0,115,26,39,143,13,0,0,7,148,30,17,16,0,0,0,39,26,8,55,75,1,1,0,1,2,61,61,8,0,0,0,0,30,29,61,106,5,0,0,1,148,55,17,16,2,3,0,14,51,4,6,8,16,42,19,7,0,23,83,37,8,1,0,0,14,6,20,49,42,0,0,0,148,23,2,5,16,2,0,5,26,1,0,1,80,23,7,2
0,0,0,0,0,0,0,0,0,0,0,0,0,0,0,0,0,0,0,0,0,0,0,0,0,0,0,0,0,0,0,0,77,2,0,0,0,0,0,9,98,8,0,0,0,0,0,3,80,19,0,0,0,0,0,2,37,38,0,0,0,0,0,0,113,21,0,0,0,0,6,35,125,14,0,0,0,0,11,34,126,10,0,0,0,0,10,85,87,41,0,0,0,0,5,59,17,1,0,0,0,0,148,148,12,2,0,0,0,0,148,109,11,0,0,0,0,0,148,148,12,0,0,0,0,0,148,148
42,17,0,1,5,7,15,90,37,15,5,2,4,5,14,117,37,7,4,3,6,12,8,43,90,14,0,0,0,0,0,39,39,16,16,6,1,6,15,59,117,52,7,1,0,1,6,103,74,83,37,3,1,3,2,24,85,110,7,2,0,0,0,4,113,18,10,1,0,0,0,77,114,34,7,1,0,0,14,109,117,20,4,0,0,0,13,117,117,25,1,2,0,0,0,10,117,2,0,1,2,0,0,66,75,39,26,4,0,0,2,26,117,97,9,0,0,0,1,27,117,32,0,0,0,0,0,1
5,4,0,0,0,0,0,0,23,3,0,7,6,0,0,18,7,0,0,148,148,1,0,8,0,0,0,105,148,14,23,12,8,6,0,0,0,0,0,0,21,3,1,1,0,0,0,9,50,5,4,141,81,0,0,8,1,0,1,148,148,2,2,3,3,19,2,0,0,0,0,0,14,10,11,4,0,0,0,0,110,13,4,34,13,0,0,1,16,5,3,148,148,0,0,0,2,7,0,0,0,0,5,3,10,4,2,0,0,0,5,4,108,16,1,2,0,0,0,1,43,13,4,148,119,0,0,0
37,24,6,0,0,1,17,45,85,17,3,0,0,0,2,82,53,22,15,6,2,0,0,51,8,1,4,11,18,3,20,43,67,33,13,5,5,3,40,68,33,7,6,5,17,11,29,105,120,25,2,2,2,0,4,120,20,12,9,57,40,3,7,8,64,5,2,0,1,3,105,120,120,51,19,2,6,4,21,93,120,83,8,0,0,0,3,51,52,21,15,59,11,0,0,11,85,28,12,0,0,0,6,73,94,9,2,0,0,0,77,120,120,4,0,0,0,0,29,120,91,3,4,6,0,0,0,48
115,2,0,3,50,10,2,52,49,43,2,2,24,22,5,35,73,104,14,3,1,0,0,39,27,21,18,6,2,2,0,5,115,0,0,3,78,5,5,74,57,9,7,7,1,12,18,94,115,28,3,1,1,3,3,115,38,14,6,4,4,14,7,29,115,2,0,6,96,1,0,38,115,50,26,10,0,0,0,24,115,115,12,2,0,0,0,48,43,82,37,6,1,1,0,15,115,1,0,6,88,2,0,11,115,28,5,3,0,0,0,13,80,26,10,5,0,0,0,87,115,46,1,0,0,0,0,29
28,0,0,15,88,3,0,20,180,0,0,0,3,1,0,111,106,0,0,0,0,21,40,53,0,0,0,0,0,49,105,4,38,2,0,2,122,26,0,2,180,16,0,0,8,2,0,23,122,1,0,0,17,70,16,17,0,0,0,0,8,73,25,0,52,6,0,2,100,18,0,0,180,23,0,0,3,3,1,10,80,1,0,0,29,52,3,9,0,0,0,1,10,20,1,1,41,6,3,19,69,1,0,0,180,10,1,1,1,2,0,17,43,0,0,0,19,25,2,9,0,0,0,0,2,5,3,3
14,18,4,7,6,4,2,1,31,16,7,15,13,0,0,3,133,130,0,0,0,0,0,3,39,133,22,0,0,0,0,0,58,12,1,6,26,5,1,12,73,22,14,37,26,0,0,2,133,65,3,3,0,0,0,20,133,72,2,0,0,0,0,20,82,68,6,10,28,1,0,1,53,65,80,69,8,0,0,1,133,9,16,30,15,1,10,133,59,1,0,0,0,0,25,133,87,38,6,24,12,0,0,3,90,27,14,49,35,0,0,17,8,4,10,75,77,2,9,44,20,5,4,2,0,0,17,133
0,0,0,0,0,0,0,0,0,0,0,0,0,0,0,0,2,0,0,0,0,0,0,0,6,0,0,0,0,0,0,0,4,4,0,1,0,0,0,0,5,1,0,11,9,0,0,0,48,2,0,1,0,0,0,5,45,1,0,0,0,0,0,3,8,10,3,2,0,2,6,1,3,3,4,21,5,12,28,1,26,7,3,3,0,30,85,9,16,0,0,0,0,53,172,14,1,0,0,0,0,90,172,2,0,0,0,0,0,158,172,1,0,2,2,0,0,172,172,1,0,3,17,0,0,172,172,0
36,40,5,11,27,10,4,15,26,0,0,0,5,4,6,117,19,0,2,31,2,0,9,122,11,0,33,122,1,0,1,27,28,5,0,1,17,54,122,37,113,10,0,0,3,12,18,44,28,2,0,0,0,11,34,92,8,0,5,24,0,3,90,122,54,122,17,0,1,20,66,24,67,105,11,12,38,46,18,13,5,6,13,6,14,63,122,20,0,1,6,20,10,66,122,21,1,122,48,3,17,14,0,0,0,41,37,19,67,41,0,0,1,18,118,33,21,28,9,3,0,2,29,58,29,67,18,1
1,0,0,30,39,3,24,60,9,9,17,118,118,2,6,13,118,83,34,50,7,0,1,24,33,20,34,83,9,3,18,23,6,1,0,11,69,51,35,48,42,8,27,76,33,13,35,76,28,32,112,58,2,0,1,10,11,41,46,3,1,1,17,21,29,11,2,5,72,67,17,28,118,65,8,3,6,4,3,27,17,65,65,12,0,0,0,4,0,110,70,1,0,5,4,0,78,9,0,0,2,60,36,35,118,118,5,0,0,2,3,13,5,113,57,1,2,56,11,0,0,25,21,1,2,118,78,0
112,0,0,0,0,0,7,93,104,28,0,0,0,1,2,62,134,36,0,0,0,0,0,26,53,0,0,0,6,21,10,24,128,35,20,0,0,0,0,33,134,100,4,0,0,0,0,31,97,111,13,0,0,3,5,14,32,5,0,0,0,23,36,19,108,77,28,0,0,0,0,25,134,62,4,0,0,0,0,52,73,17,4,2,1,17,20,52,56,35,0,1,1,21,17,6,104,20,1,4,3,0,4,134,134,55,0,0,0,0,1,68,71,32,11,13,2,4,6,14,62,33,8,10,2,6,25,15
0,0,0,10,18,16,30,37,11,0,0,2,19,15,20,75,6,10,5,18,65,89,8,2,15,65,25,10,13,17,4,1,18,0,0,4,51,142,39,37,142,9,7,15,10,12,23,103,34,43,33,108,51,4,0,1,26,107,23,15,30,4,0,1,71,9,0,9,137,82,8,13,142,48,2,5,5,4,3,25,70,17,8,78,49,0,0,0,30,9,1,11,39,35,4,6,79,62,0,1,101,52,0,0,142,104,1,0,0,0,0,3,58,7,5,67,29,0,0,5,1,0,1,37,66,30,1,0
10,4,3,43,124,41,7,11,140,1,0,4,27,6,3,90,101,2,14,59,4,0,0,28,3,0,6,55,41,13,1,2,16,8,3,32,140,30,3,8,140,37,0,3,65,3,0,18,140,3,3,16,0,0,0,81,11,0,5,123,24,0,0,18,21,15,5,11,132,50,10,25,140,70,5,5,27,2,0,16,107,2,0,0,0,0,5,95,67,0,3,38,7,0,3,50,35,9,5,14,16,5,3,13,76,26,4,3,1,0,1,30,49,0,0,0,0,0,6,79,26,0,0,0,1,0,38,70
57,117,0,0,5,31,3,1,35,110,12,0,0,11,16,7,18,59,24,0,0,18,29,6,82,117,1,0,0,0,2,9,114,74,0,0,0,1,0,17,99,117,67,1,0,3,5,16,29,117,117,16,5,4,2,1,106,117,9,1,0,0,0,0,72,48,4,0,0,0,0,42,117,70,7,0,0,2,7,66,70,19,19,11,12,23,25,25,117,38,1,0,0,0,0,1,13,117,19,0,0,0,0,0,55,101,3,0,0,1,10,8,60,76,0,0,0,4,17,9,78,51,0,0,0,0,0,1
23,0,0,0,16,10,30,48,81,4,0,0,3,2,14,123,12,3,0,0,0,0,44,123,1,0,0,0,0,0,22,82,55,3,0,3,42,6,4,47,123,67,4,3,13,2,7,56,36,30,13,17,20,11,41,57,7,0,0,0,9,6,47,123,36,0,0,0,6,6,21,123,83,7,0,0,2,3,110,123,19,2,1,3,15,18,123,123,28,0,0,0,15,16,17,76,17,0,0,30,13,0,13,123,6,0,0,0,0,7,92,71,79,0,0,0,0,4,53,123,60,5,0,0,0,3,4,69
40,6,0,0,0,0,12,123,108,2,0,0,0,0,3,123,23,0,0,0,0,9,76,123,0,0,1,1,18,105,80,8,62,80,1,0,0,0,0,4,123,44,0,0,0,0,0,85,104,31,4,0,0,2,36,123,9,24,46,7,2,23,30,6,82,57,0,0,0,0,0,16,82,70,2,0,0,0,3,22,123,42,2,0,0,0,11,102,25,19,28,9,0,0,2,74,51,0,0,1,3,0,3,84,31,1,0,0,0,0,43,67,17,6,0,0,0,0,53,116,47,3,0,0,0,0,5,123
0,0,0,0,133,128,0,0,36,0,0,0,83,114,6,20,41,0,0,0,0,0,4,35,0,0,0,0,0,6,14,7,2,0,0,0,133,133,0,1,123,5,0,0,56,73,3,12,67,2,0,0,0,0,1,17,2,1,1,0,0,2,6,10,19,0,0,0,133,133,1,3,133,11,0,0,17,25,1,7,42,1,0,0,0,4,10,21,2,0,0,0,0,30,50,14,45,2,0,0,114,133,3,7,133,10,0,0,1,3,5,16,14,0,0,0,6,58,18,7,0,0,0,0,13,133,50,0
8,84,56,0,0,0,0,0,126,96,10,0,0,0,0,12,126,8,0,0,0,0,34,126,7,0,0,1,14,53,119,46,51,65,27,0,0,0,0,18,102,126,33,1,0,0,0,12,35,55,49,46,3,1,29,42,0,0,31,44,11,50,94,13,55,20,4,0,0,0,4,93,126,34,5,1,0,0,1,94,65,17,42,53,6,0,0,10,0,7,116,43,1,0,0,0,58,58,20,0,0,0,0,6,126,75,9,0,0,0,0,15,98,49,17,3,0,0,0,2,12,40,69,1,0,0,0,0
62,0,0,0,0,0,24,120,13,0,0,0,0,3,80,115,73,1,0,0,0,0,7,120,20,3,0,0,0,0,4,37,120,1,0,0,3,1,2,56,50,3,0,0,34,18,21,52,120,18,0,0,1,1,7,120,10,3,0,0,0,0,22,120,120,0,1,5,5,1,1,102,73,17,0,1,42,13,6,39,120,94,8,4,4,1,11,44,8,12,8,10,17,9,26,50,48,0,0,28,26,2,1,102,40,1,0,0,1,4,27,119,48,4,0,0,0,1,102,120,10,0,0,1,11,14,59,71
45,7,1,55,74,0,0,0,192,12,1,8,7,0,0,8,128,1,0,0,0,0,0,11,9,0,0,0,3,0,0,5,33,9,3,67,68,0,0,0,192,27,2,15,10,0,0,8,158,0,0,0,0,0,0,26,9,0,0,0,1,1,1,15,15,9,9,73,19,0,0,0,192,35,5,19,4,0,0,9,158,0,0,0,0,0,0,18,7,0,0,0,0,0,2,13,5,3,5,35,8,0,0,0,192,8,2,13,5,0,0,22,111,0,0,0,0,0,0,17,0,0,0,0,0,0,0,2
109,39,2,0,10,7,0,10,51,76,34,0,0,0,0,17,87,126,31,5,0,0,0,14,19,13,21,27,2,4,49,46,126,22,0,2,12,0,0,39,98,39,10,0,0,0,3,103,126,46,11,9,1,0,0,61,19,12,61,47,5,0,0,1,126,26,1,13,17,0,0,10,125,100,30,0,0,0,0,6,126,114,9,0,0,0,0,8,48,59,35,3,0,0,0,0,102,10,7,45,31,0,0,22,126,38,1,0,0,0,0,31,126,49,0,0,0,0,0,41,54,31,2,0,0,0,0,15
54,40,13,0,0,0,3,48,128,26,4,1,0,0,0,64,58,33,43,13,0,0,0,5,3,35,110,5,0,0,0,0,128,59,12,0,0,0,0,8,128,103,4,0,0,0,0,9,109,80,6,0,0,0,0,11,46,35,19,0,0,0,0,2,128,20,1,0,0,0,0,73,128,19,0,0,0,0,0,103,128,18,0,0,0,0,0,92,47,26,5,0,0,0,0,3,72,31,8,3,0,0,0,45,117,6,0,0,0,0,0,107,128,1,0,0,0,0,0,101,49,6,2,0,0,0,0,36
31,9,9,75,35,0,0,0,184,30,2,9,4,0,0,1,134,3,0,0,0,0,0,5,5,2,0,4,1,0,0,0,30,7,3,58,79,0,0,0,184,24,1,10,9,0,0,2,169,1,0,0,0,0,0,9,12,0,0,1,2,0,0,3,20,5,1,51,68,0,0,0,184,16,1,12,12,0,0,6,168,1,0,0,0,0,0,15,9,0,0,0,1,0,0,9,7,4,2,40,30,0,0,0,184,25,2,13,7,0,0,1,127,1,0,0,0,0,0,11,7,0,0,0,0,0,0,10
0,0,0,13,68,17,2,0,75,0,0,17,50,2,1,57,123,0,0,0,2,21,59,123,8,0,0,0,2,26,123,123,0,0,5,54,38,11,1,0,48,1,0,33,92,3,1,20,123,7,1,17,51,32,24,82,49,1,1,40,79,42,81,115,0,0,0,11,46,38,9,0,43,13,1,16,98,20,0,1,123,58,6,34,37,0,0,3,42,7,5,111,98,0,0,8,0,0,0,0,9,60,21,0,65,6,0,0,15,53,6,5,123,44,1,15,20,0,0,2,9,5,4,73,76,0,0,0
13,0,0,0,39,22,1,5,140,6,0,0,2,2,0,16,140,3,0,0,0,0,0,33,38,0,0,1,3,0,0,18,27,6,0,0,40,25,0,1,140,49,0,0,3,1,3,16,140,10,0,0,0,0,9,72,64,0,0,0,1,1,1,40,48,21,0,1,30,21,0,1,140,36,0,0,10,27,55,40,83,0,0,0,3,16,105,140,111,0,0,0,0,1,1,97,28,78,2,1,12,7,0,0,22,36,1,4,93,30,8,2,140,29,0,2,31,18,17,77,140,23,0,0,0,0,0,35
23,0,0,0,10,29,103,99,109,0,0,0,0,0,24,177,28,0,0,2,6,2,0,24,0,0,0,9,14,1,0,0,44,6,1,19,93,19,14,30,177,11,0,2,2,0,4,107,125,2,0,5,3,0,0,13,0,0,0,14,9,0,0,0,40,12,2,31,100,0,0,0,177,36,1,4,2,0,0,0,153,5,3,4,0,0,0,0,0,0,3,18,3,0,0,0,24,11,4,28,51,0,0,0,177,40,2,3,0,0,0,0,119,7,2,0,0,0,0,0,0,1,4,10,1,0,0,0
22,98,63,51,9,0,0,0,130,104,16,12,2,0,3,6,39,45,71,26,1,2,42,23,40,36,17,7,2,0,7,12,13,69,43,130,81,0,0,0,130,99,9,41,19,0,0,8,62,42,35,27,23,6,0,3,37,52,17,7,4,0,0,0,4,15,6,92,130,5,0,0,130,8,1,41,58,1,1,38,77,54,7,2,6,7,3,19,35,65,17,6,1,0,0,0,0,0,0,9,130,29,0,0,130,2,0,6,82,9,0,32,130,35,6,1,0,0,0,18,38,37,11,3,0,0,0,0
0,0,2,0,8,57,10,0,1,0,0,0,0,99,47,7,85,14,0,0,0,16,40,40,39,30,0,0,7,6,1,3,0,0,0,0,2,139,15,0,25,1,0,0,3,139,55,26,139,6,0,0,0,24,33,106,58,2,0,0,7,41,12,15,0,0,0,0,18,139,3,0,69,75,3,0,25,139,6,5,139,81,0,0,0,5,9,47,38,38,1,0,1,15,22,27,5,14,2,0,10,98,2,0,61,139,5,0,7,11,0,0,99,138,0,0,0,1,1,2,25,35,0,0,0,51,19,3
0,0,6,17,1,4,55,4,1,0,3,13,10,13,34,21,0,0,0,8,3,5,50,73,0,0,0,126,12,1,34,50,3,0,0,2,18,51,129,20,100,9,5,5,3,12,94,87,22,8,12,88,23,8,23,14,0,0,0,40,16,8,73,81,30,25,9,91,129,44,35,18,129,129,10,8,6,7,19,55,45,40,36,91,5,0,0,0,0,0,11,129,18,4,11,6,21,70,26,76,62,3,8,26,101,129,21,8,1,0,0,1,4,29,31,12,0,0,0,1,0,0,16,112,0,0,0,0
0,0,0,0,0,82,49,2,79,12,0,0,0,26,55,42,66,55,0,0,2,4,3,6,1,9,1,1,75,31,0,0,16,3,0,0,0,136,63,13,136,20,0,0,0,32,41,85,119,7,0,0,3,45,15,16,0,11,16,2,33,77,1,0,46,90,4,0,10,120,7,2,136,124,0,0,0,5,7,37,55,49,3,0,1,20,31,37,0,47,24,0,2,38,10,0,36,136,5,0,2,4,0,0,74,136,0,0,0,2,2,2,24,55,0,0,0,55,35,4,0,7,1,0,0,136,67,0
13,3,0,0,123,39,2,4,123,0,0,0,71,23,4,36,55,1,0,0,1,3,9,24,0,0,0,0,43,66,14,9,12,0,0,0,123,123,4,8,123,4,0,0,50,51,3,22,77,1,0,0,12,17,2,10,4,0,0,0,114,91,2,5,12,14,3,6,123,110,0,0,123,58,3,3,27,13,3,10,48,1,0,0,20,31,18,20,2,0,0,0,123,123,7,4,5,31,8,19,50,14,0,0,49,87,7,4,6,2,1,1,7,3,1,2,54,40,10,11,0,0,0,0,123,123,6,3
15,3,1,3,29,16,4,16,14,0,0,2,97,64,10,24,134,27,0,0,1,5,5,53,56,55,4,0,0,0,0,6,24,22,20,34,37,1,0,1,49,3,2,90,149,23,4,20,149,42,1,8,16,4,2,33,48,22,2,10,8,2,7,23,51,10,6,24,19,0,0,2,38,9,4,149,149,0,0,1,149,31,7,45,30,0,0,24,64,12,7,54,28,0,1,10,53,6,11,13,2,0,0,2,7,3,6,112,78,0,0,0,149,10,3,80,32,0,0,65,74,1,0,9,30,10,2,44
52,8,0,1,15,17,2,14,20,4,0,1,146,52,3,9,146,0,0,0,60,18,4,51,35,1,0,0,2,4,11,23,36,4,3,14,23,28,4,18,29,0,0,0,146,146,6,15,146,2,0,0,46,44,4,34,52,0,0,0,17,18,2,10,1,0,1,6,51,106,2,0,32,24,5,10,146,146,0,2,146,57,3,3,23,12,5,18,33,0,0,0,27,34,16,21,4,0,0,10,50,60,19,14,11,52,13,30,77,21,0,0,66,97,7,4,6,3,2,2,5,2,0,1,60,40,10,10
12,1,0,5,163,7,0,0,163,14,0,3,61,0,0,1,43,7,0,0,2,1,0,3,51,2,0,0,0,0,0,19,12,2,0,13,163,13,0,0,163,10,0,8,67,0,0,2,57,2,0,3,14,5,1,2,33,0,0,0,2,3,4,34,6,3,0,14,163,20,0,0,163,15,0,10,57,0,0,4,54,0,0,0,28,37,5,4,6,0,0,0,6,25,39,45,3,0,0,8,163,9,0,0,141,2,0,4,47,0,0,10,39,0,0,0,73,35,0,4,0,0,0,0,31,79,59,7
0,0,0,0,0,14,142,13,19,0,0,0,0,7,142,77,12,0,0,0,5,32,64,30,0,0,0,0,10,93,40,0,26,2,0,0,0,23,142,36,142,35,0,0,0,8,84,84,81,14,0,1,34,42,7,20,0,15,27,8,38,38,2,0,97,3,0,0,0,0,15,26,142,19,0,0,0,1,5,88,62,33,4,0,7,26,13,40,6,70,38,3,6,5,0,0,40,0,0,0,0,0,0,37,140,0,0,0,0,0,0,142,86,17,0,0,0,0,6,135,15,15,1,0,3,23,24,20
121,121,0,0,37,24,0,1,44,33,5,2,6,8,3,5,71,94,5,3,2,1,0,0,14,30,5,34,75,1,0,0,121,121,0,1,11,5,0,0,48,14,1,0,5,5,2,6,121,55,0,1,4,4,1,6,19,13,1,9,121,51,2,1,93,62,0,0,9,27,6,1,63,1,0,0,7,21,17,26,121,2,0,0,8,24,7,26,8,0,0,0,112,121,5,3,26,14,0,0,23,88,15,1,25,0,0,0,1,39,67,111,48,0,0,0,7,52,72,115,0,0,0,0,72,121,30,1
102,4,18,30,3,0,0,41,12,55,78,27,0,8,13,5,55,37,9,0,0,3,15,38,14,0,0,0,0,2,42,103,105,0,2,36,31,5,4,78,33,3,4,0,20,101,51,42,106,10,0,1,20,31,39,64,5,1,0,1,37,62,89,28,33,0,0,37,99,7,5,46,79,3,0,0,47,89,17,42,125,43,1,12,89,16,3,9,24,8,2,29,125,52,30,28,2,0,0,35,125,6,6,10,91,4,0,1,22,40,19,18,125,13,0,7,61,13,2,22,35,28,7,43,125,13,1,5
80,22,9,3,0,0,0,43,69,0,0,3,22,15,3,79,7,8,12,21,76,23,1,2,17,23,9,12,100,8,0,0,21,25,46,91,26,0,0,21,132,15,14,25,14,1,0,62,26,17,132,53,11,0,0,1,3,14,56,37,132,40,0,0,7,24,27,132,92,0,0,0,132,65,5,48,33,0,0,12,56,15,36,11,10,11,9,36,1,6,26,43,132,85,5,3,7,13,4,67,104,0,0,0,91,73,4,35,41,0,0,0,14,16,6,28,37,22,13,8,4,71,58,35,84,40,7,1
0,34,130,11,0,0,0,0,34,130,75,0,0,0,0,0,130,130,7,0,0,0,0,2,33,62,67,23,1,0,0,0,34,47,41,25,3,0,0,3,83,93,40,0,0,0,0,5,130,28,1,0,0,0,0,28,129,14,4,20,3,0,0,12,48,3,3,74,30,0,0,21,99,37,21,1,0,0,0,38,130,27,6,0,0,0,0,23,130,3,0,4,1,0,0,47,10,0,1,103,55,0,0,7,74,4,0,13,10,0,0,88,94,4,0,0,0,0,0,72,70,0,0,0,0,0,1,92
132,21,5,49,29,0,0,3,83,7,3,83,75,0,0,15,146,11,2,2,1,0,0,46,30,8,5,65,39,0,0,3,146,3,0,11,34,1,0,20,68,2,0,62,146,0,0,5,146,5,0,5,8,0,0,28,61,0,0,22,38,0,0,14,146,8,0,0,16,6,2,24,47,9,1,19,136,18,1,4,146,15,0,4,10,0,0,29,67,0,0,4,20,1,0,30,59,14,0,0,4,7,4,13,29,2,0,3,53,26,3,5,146,2,0,0,3,1,0,23,70,0,0,1,9,1,0,14
95,129,28,0,0,0,0,9,129,129,31,0,0,0,0,0,129,77,10,0,0,0,0,1,20,91,8,0,0,0,0,0,1,129,119,5,0,0,0,0,74,61,91,35,9,0,0,1,129,36,2,2,0,0,0,11,59,79,0,0,0,0,0,0,0,18,42,25,5,0,0,0,31,7,16,88,45,0,0,0,129,14,2,8,2,0,0,25,114,53,0,0,0,0,0,4,0,0,11,20,4,0,0,0,5,4,8,84,45,0,0,0,129,12,4,11,4,0,0,32,118,7,0,0,0,0,0,42
0,0,0,2,7,21,38,7,14,2,2,3,8,18,43,54,83,3,1,2,11,6,2,22,151,3,0,1,10,1,1,86,22,4,0,0,0,0,22,27,151,13,0,0,0,0,19,76,107,26,10,4,2,0,0,7,151,12,0,0,1,0,0,52,23,19,0,0,0,0,0,0,151,36,0,0,0,0,0,16,123,25,2,0,0,0,0,13,151,38,0,0,0,0,0,17,3,13,16,0,0,0,0,0,58,77,77,9,0,0,0,4,79,109,9,2,0,0,0,3,151,151,0,0,0,0,0,0
60,1,0,0,0,0,0,54,128,3,0,0,0,0,0,100,61,2,5,17,1,0,9,116,2,0,5,68,7,0,5,18,75,83,54,11,0,0,0,15,128,60,11,4,0,0,0,15,82,38,11,0,0,0,4,54,42,10,5,12,1,3,6,31,6,47,98,102,0,0,0,0,128,22,38,98,1,0,3,67,39,10,3,1,0,4,90,107,12,5,0,0,0,50,128,18,0,0,2,30,0,0,0,0,2,0,5,128,31,1,4,11,0,0,0,37,47,45,102,25,0,0,0,2,5,80,128,0
0,0,0,0,0,20,55,5,0,2,0,0,0,137,86,0,11,48,0,0,0,86,39,0,38,60,0,0,0,7,2,3,12,0,0,0,0,11,137,64,63,32,1,0,0,34,62,25,27,96,3,0,0,4,6,11,29,41,0,0,0,0,5,14,87,16,5,12,5,1,18,36,137,13,0,0,0,0,2,41,52,38,0,0,0,0,10,41,46,137,16,0,0,0,1,4,31,28,128,137,1,0,0,0,85,54,41,14,0,0,0,2,93,111,1,0,0,0,0,2,137,137,19,0,0,0,0,30
6,5,3,0,0,0,36,115,19,1,0,0,0,0,26,142,2,0,0,0,0,15,142,142,4,0,0,0,0,67,142,42,12,38,25,0,0,0,1,11,84,35,1,0,0,0,4,67,20,1,0,0,0,10,93,71,56,78,1,0,0,34,70,8,8,33,33,0,0,0,0,0,52,41,13,0,0,0,0,3,24,13,9,0,0,0,1,14,142,142,1,0,0,0,0,1,0,27,74,0,0,0,0,0,1,51,76,0,0,0,0,0,8,41,82,0,0,0,0,0,142,142,9,0,0,0,0,0
65,9,2,0,0,0,0,99,106,11,0,0,0,0,0,144,29,5,0,0,23,69,43,83,0,0,0,8,144,95,6,0,60,24,19,3,1,0,0,10,144,90,6,7,5,0,0,25,39,32,9,44,117,47,12,8,0,0,0,39,86,41,2,0,47,3,3,2,7,4,1,12,144,11,1,2,9,1,1,76,56,3,1,50,144,4,1,25,0,0,0,76,61,0,0,0,40,10,3,2,1,1,0,4,144,9,0,0,1,0,0,34,71,0,0,31,66,1,0,19,0,0,15,52,26,0,0,0
41,0,0,0,0,8,7,13,132,6,0,0,0,0,5,93,47,2,0,0,0,1,108,124,0,0,0,0,0,0,127,36,70,2,0,0,0,1,7,14,132,51,7,10,6,2,5,29,13,11,6,40,91,28,126,49,0,0,0,7,18,13,132,66,82,2,0,0,0,1,7,20,132,22,1,4,7,7,3,46,16,5,15,82,111,29,7,9,0,0,30,119,31,14,34,4,76,34,0,0,0,0,2,3,132,56,1,2,2,10,3,5,8,4,13,31,19,89,17,1,1,4,21,33,9,38,30,3
123,123,9,0,1,20,11,64,30,19,10,1,30,123,14,5,0,79,46,1,17,70,0,0,4,121,26,0,0,2,0,0,53,106,16,0,0,78,71,12,117,70,7,0,2,70,43,18,30,123,79,0,0,2,0,2,1,70,64,0,0,0,0,0,22,36,7,0,0,47,28,2,123,61,2,0,0,2,4,43,118,33,12,0,0,0,0,61,17,55,25,0,0,0,0,5,3,101,37,0,0,0,0,0,36,123,13,0,0,0,0,3,81,53,5,0,0,0,0,25,63,69,1,0,0,0,5,10
83,14,0,0,52,31,0,2,125,69,0,0,0,0,0,1,125,63,0,0,0,0,0,6,63,8,0,11,3,9,12,9,125,29,0,0,57,15,0,1,125,30,0,0,0,0,0,16,125,8,0,0,0,0,4,61,45,14,0,0,0,18,32,29,116,112,1,3,44,1,0,0,120,122,0,0,0,0,0,2,125,41,0,0,0,0,0,21,78,89,0,0,1,1,3,9,108,65,0,1,15,4,3,37,45,81,0,0,0,0,8,30,102,40,0,0,0,0,2,16,104,54,0,0,4,21,5,6
0,45,44,0,0,0,0,0,5,81,62,0,0,0,0,0,128,137,13,0,0,0,0,0,129,104,0,0,0,4,3,0,1,33,27,0,0,0,18,5,68,43,14,0,0,0,13,22,137,114,1,0,0,2,5,19,62,43,0,0,0,95,49,14,3,0,0,0,0,1,53,11,137,9,0,0,0,0,20,32,137,9,0,0,1,37,31,46,12,0,0,0,2,137,110,15,11,5,0,0,0,0,3,2,137,21,0,0,0,0,0,4,95,7,0,2,29,58,14,18,0,2,16,11,45,97,28,1
82,102,12,19,4,3,1,0,40,33,12,42,3,14,18,14,7,3,51,126,0,0,1,11,2,18,35,56,0,0,0,0,90,69,0,1,23,24,1,0,32,8,0,0,38,68,35,55,126,25,48,50,0,1,7,82,18,13,106,126,6,0,0,1,54,42,2,0,62,36,0,0,61,58,0,0,55,53,2,6,126,79,4,1,0,0,0,27,110,15,27,111,24,0,0,10,9,14,4,1,98,34,0,1,126,41,0,0,29,19,0,2,126,62,0,0,0,0,0,4,101,11,1,14,3,5,6,9
0,5,31,0,0,33,150,29,42,12,19,3,0,89,125,51,150,5,1,10,5,2,20,150,28,1,1,60,27,0,1,11,0,21,150,62,11,3,10,0,59,11,66,111,71,3,2,6,150,40,1,7,8,1,0,23,66,8,1,32,53,2,0,4,0,1,31,77,65,0,0,0,29,4,4,150,101,0,0,1,150,10,2,23,10,0,0,26,24,0,0,0,12,1,0,5,0,0,0,12,15,0,0,0,0,0,0,9,6,0,0,0,0,0,0,0,0,0,0,0,0,0,0,0,0,0,0,0
0,0,0,8,4,4,4,0,1,7,4,20,6,2,1,0,2,73,86,13,2,1,5,2,0,18,121,67,1,0,19,23,0,0,0,0,0,11,16,0,67,28,1,1,0,4,9,7,137,137,75,6,0,0,1,14,19,70,137,137,85,8,2,4,0,0,0,0,0,15,6,1,94,2,0,0,0,1,4,36,137,26,1,0,0,4,45,137,22,7,3,25,92,97,119,61,1,0,0,0,0,9,4,1,43,7,0,0,0,0,1,13,47,3,0,0,0,5,46,103,0,0,0,0,1,31,137,28
36,11,0,0,0,0,13,59,115,18,1,0,0,0,3,67,83,66,2,0,0,0,0,17,38,32,5,15,8,0,0,1,102,11,0,1,1,0,0,74,107,15,0,0,0,0,3,104,119,15,0,0,0,0,1,95,91,11,5,11,1,0,0,5,119,1,0,10,17,0,0,83,119,99,1,0,0,0,0,29,119,119,1,0,0,0,0,10,81,28,1,0,0,5,1,2,115,3,0,18,43,0,0,46,119,119,4,0,0,0,0,71,39,119,15,0,1,0,0,7,9,25,4,1,19,35,1,0
4,58,86,30,12,7,7,6,39,6,26,57,55,9,0,1,124,7,1,3,35,4,0,16,10,0,0,2,106,18,13,10,12,7,7,14,15,41,57,31,35,4,18,27,54,82,11,9,124,12,5,8,33,4,1,32,26,1,0,18,124,5,0,3,17,5,9,12,2,3,71,92,31,29,124,43,5,6,3,43,107,93,66,14,15,0,0,9,20,8,0,53,124,2,0,5,44,0,0,0,2,7,65,124,38,6,10,0,0,1,81,124,9,19,12,2,4,1,39,124,3,2,0,52,112,3,4,15
141,22,5,1,0,0,0,46,147,2,1,3,9,1,0,106,5,0,2,15,18,8,0,2,0,0,0,5,7,3,0,0,80,72,80,31,0,0,0,11,147,36,23,14,0,0,0,54,47,18,72,90,2,0,0,2,0,0,64,52,0,0,0,0,11,56,81,68,0,0,0,0,147,51,32,33,0,0,0,18,135,17,51,42,1,12,6,10,4,6,113,49,0,3,9,16,0,20,76,40,5,0,0,0,147,43,23,23,4,0,0,2,97,6,0,0,40,38,16,7,15,2,5,0,14,19,50,79
23,1,0,0,0,0,0,1,17,5,1,0,0,0,0,9,48,7,15,113,4,0,0,21,13,3,19,177,41,0,0,3,23,12,2,1,0,0,0,0,19,26,3,0,0,0,0,1,80,14,4,2,0,0,1,22,115,14,24,177,13,0,0,25,8,10,7,54,22,1,3,1,11,6,0,0,0,2,28,7,71,19,0,0,0,0,17,23,177,132,9,13,0,0,0,11,0,0,0,32,117,49,13,1,7,44,2,0,0,4,33,7,45,177,19,0,0,0,5,4,88,177,13,0,0,0,0,0
7,0,0,0,0,0,121,85,6,6,1,0,0,0,121,121,14,16,2,0,0,0,102,121,4,10,2,1,3,1,54,96,13,2,1,0,0,2,28,76,75,68,7,0,0,0,30,65,32,86,34,0,0,0,37,79,22,40,10,0,0,0,34,104,26,13,13,12,6,2,8,38,121,37,1,0,0,0,1,45,120,39,9,0,0,0,0,13,38,70,23,1,0,0,0,1,6,81,121,7,6,2,0,0,65,104,121,19,0,0,0,1,102,14,12,13,1,0,0,18,91,38,6,1,1,3,2,10
118,60,0,0,37,25,10,11,52,27,2,0,1,38,100,55,57,20,0,0,0,0,49,118,21,0,0,0,0,0,55,118,118,10,0,0,9,12,6,41,96,118,15,0,2,9,5,24,52,106,43,3,0,0,0,11,48,50,12,2,0,1,10,30,107,39,10,0,0,1,1,28,118,75,7,0,0,0,1,57,80,35,14,3,0,0,8,23,70,81,13,1,0,0,0,1,87,86,9,0,0,0,0,1,110,118,14,0,0,0,0,8,35,106,57,0,0,0,1,3,39,77,15,1,3,3,0,0
27,1,1,23,50,4,0,0,178,44,1,4,8,0,0,0,47,58,47,6,0,0,0,0,0,0,18,5,0,0,0,0,29,5,4,36,60,3,0,1,178,29,0,7,22,0,0,8,104,36,16,17,3,0,0,0,0,0,5,13,2,0,0,0,21,17,23,37,112,6,0,2,178,3,0,3,38,4,0,40,144,9,10,14,5,0,0,7,0,0,7,11,3,0,0,0,9,2,25,92,148,0,0,0,178,1,0,19,46,0,0,38,154,2,4,5,0,0,0,17,0,0,3,6,0,0,0,0
79,1,0,0,130,41,0,5,130,3,0,0,3,1,29,74,23,8,1,1,0,0,102,103,13,26,4,0,0,0,70,87,79,21,0,0,130,45,0,2,130,16,0,0,2,21,80,57,19,2,0,0,0,5,130,130,5,0,0,0,0,0,94,130,73,8,0,0,130,48,0,10,63,33,1,0,4,20,12,21,48,70,10,0,0,2,5,23,28,20,6,0,0,0,9,33,53,3,0,0,72,28,0,11,66,21,2,0,0,0,2,34,59,26,6,0,0,0,2,23,35,26,5,0,0,0,1,2
0,17,20,0,0,9,124,7,0,16,61,3,0,32,124,1,1,41,104,3,0,38,124,0,0,86,123,0,0,17,98,1,7,51,44,5,0,0,4,0,12,33,68,12,0,0,9,24,103,86,92,1,0,0,1,41,81,117,111,2,0,0,0,4,2,56,63,18,1,0,0,0,4,26,63,54,4,0,1,3,124,80,17,2,0,0,0,12,124,62,8,6,0,0,0,2,2,11,33,16,3,0,0,0,2,13,35,22,5,0,0,0,88,69,8,1,0,0,0,5,124,35,3,4,0,0,0,3
87,11,0,31,56,7,7,50,53,7,0,3,74,82,8,21,80,0,0,0,18,54,21,81,31,0,0,0,79,82,6,32,54,10,0,28,113,70,39,57,41,3,0,0,47,120,66,43,120,2,0,0,14,67,21,60,39,3,0,1,90,95,7,15,10,0,0,0,38,120,36,36,53,36,0,0,15,120,44,18,120,40,0,0,1,28,22,30,11,2,0,0,31,86,35,9,6,1,6,3,7,27,15,10,53,28,4,0,6,15,11,14,35,14,0,0,2,64,77,20,0,4,6,0,1,108,88,0
15,16,13,19,6,9,5,6,30,10,10,33,16,3,0,13,108,30,31,9,0,0,0,36,122,10,9,0,0,0,23,122,84,73,17,33,7,0,0,2,48,13,17,122,56,0,0,8,122,85,51,20,2,0,0,23,33,26,53,101,11,0,36,75,109,49,8,10,0,0,0,18,38,17,61,122,6,0,0,11,122,26,46,80,0,0,0,68,62,7,30,68,5,0,4,76,27,21,7,20,16,1,2,36,81,6,21,40,2,0,1,103,32,14,97,97,0,0,0,18,51,15,48,12,0,0,1,25
45,8,0,1,23,51,7,27,67,0,0,0,8,48,22,71,43,0,0,0,27,105,35,44,16,0,0,0,11,50,81,87,44,13,0,0,35,117,40,21,117,11,0,0,11,69,24,45,51,4,0,0,88,117,10,22,117,16,0,0,24,57,13,49,51,33,0,0,2,109,69,20,117,36,0,0,5,49,21,25,20,23,3,2,64,117,11,8,77,73,2,0,8,28,22,12,47,55,1,0,2,12,15,11,37,18,0,0,1,54,89,14,4,3,0,0,6,55,117,9,8,5,0,0,0,41,117,16
14,117,12,0,0,23,0,0,28,117,15,25,23,0,0,0,25,33,9,55,107,3,0,0,57,83,46,18,4,0,0,1,16,95,40,14,20,3,0,5,117,36,10,39,20,2,0,15,53,45,20,117,72,0,0,0,117,72,22,37,21,0,0,13,24,23,10,54,100,4,0,4,117,12,5,24,25,3,0,36,69,21,35,117,30,0,0,5,93,36,20,37,5,0,0,13,39,8,18,103,26,0,0,11,117,47,56,60,6,0,0,11,100,37,34,66,0,0,0,6,12,9,36,87,2,1,2,5
0,46,33,9,54,21,0,0,1,64,77,43,12,3,0,0,12,130,38,21,8,0,0,0,2,130,121,2,0,0,0,0,21,110,24,8,21,5,0,0,27,46,27,33,89,45,0,4,130,130,9,8,12,7,0,17,70,120,55,3,0,0,0,9,15,58,12,13,19,3,0,1,26,15,9,54,109,24,0,2,130,31,6,7,5,2,0,40,130,9,1,0,0,0,4,48,33,9,1,4,21,5,1,6,4,47,31,26,50,5,0,0,109,130,34,3,0,0,0,1,80,27,0,1,1,1,2,5
14,41,0,0,86,111,0,0,35,125,21,3,6,4,0,0,15,45,37,16,50,11,0,2,74,27,4,13,15,3,0,3,82,29,0,11,70,18,0,12,125,81,3,13,15,0,0,20,36,19,5,78,125,9,0,1,125,32,5,22,13,1,0,1,76,1,0,25,94,1,0,19,125,16,2,9,2,0,0,41,51,23,57,125,27,0,0,6,90,82,63,34,1,0,0,0,52,3,2,55,82,3,0,7,125,5,0,1,0,0,0,76,56,9,26,14,0,0,3,98,20,42,61,5,0,0,1,18
0,37,137,129,3,0,0,0,4,137,137,12,0,0,0,0,36,137,66,14,1,0,0,1,3,8,48,137,74,0,0,0,8,55,86,37,2,4,20,27,14,82,77,3,2,10,11,12,111,20,5,3,3,1,0,12,21,1,1,46,137,0,0,2,19,24,32,1,0,1,40,78,40,34,3,0,0,5,18,38,106,15,0,0,1,0,0,8,27,1,0,14,137,1,0,4,4,23,88,8,4,11,1,1,14,32,11,1,2,7,16,20,59,7,0,0,0,0,3,32,27,3,0,30,101,0,0,7
140,20,4,12,40,11,0,70,140,40,3,0,0,0,2,133,14,11,30,4,0,0,29,42,0,0,44,29,0,0,22,13,119,50,23,57,35,1,0,33,140,45,2,0,0,0,1,117,58,4,0,3,6,3,26,34,1,0,0,0,1,2,32,40,36,140,31,20,23,0,0,0,140,140,21,0,1,1,1,9,51,7,1,3,11,51,32,16,23,2,0,0,3,17,20,36,140,84,2,1,2,0,0,2,51,73,18,3,15,25,4,4,15,16,2,1,34,74,14,4,62,44,1,2,2,6,6,8
0,0,4,17,80,42,1,1,67,10,1,60,172,9,0,0,172,17,1,5,4,0,0,0,30,1,1,1,0,3,2,0,0,0,0,1,55,125,10,0,72,3,0,14,136,63,7,4,172,14,1,2,11,2,0,10,38,8,16,5,0,0,0,0,0,0,0,0,65,91,11,0,78,4,0,0,62,54,8,2,172,17,0,0,5,1,0,7,50,8,11,3,0,0,0,1,0,0,2,56,57,9,0,0,59,0,0,24,49,8,0,7,172,0,0,0,2,0,0,27,43,0,0,0,0,5,7,7
3,0,0,0,0,0,58,80,32,0,0,0,0,0,68,124,66,2,0,0,0,0,7,81,118,3,0,0,0,0,0,42,32,2,1,26,5,0,10,53,107,19,0,0,0,0,5,61,125,38,0,0,0,0,0,46,105,42,0,0,0,0,4,13,39,1,0,125,64,0,0,26,125,57,0,3,1,0,0,38,125,48,0,0,0,0,0,22,68,14,0,0,0,3,9,25,9,0,0,125,97,0,0,7,87,6,0,55,18,0,4,116,125,19,0,0,0,0,3,115,58,11,3,0,0,2,7,23
0,0,0,0,14,152,1,0,0,2,0,0,38,177,2,0,1,9,1,2,6,10,0,0,0,0,0,3,2,0,0,0,3,0,0,0,4,177,70,3,60,13,0,0,13,177,49,14,21,22,2,9,15,13,3,3,6,0,0,18,24,8,1,3,70,39,0,0,0,177,95,13,138,23,0,0,0,17,19,34,14,0,0,0,2,26,34,19,0,0,0,1,18,92,10,1,86,94,0,0,0,17,8,6,44,15,1,0,0,0,7,24,2,1,6,10,7,30,32,8,0,0,0,1,31,158,14,0
4,4,23,73,58,1,0,1,125,21,11,2,1,0,0,31,79,2,0,0,0,0,10,114,54,0,0,0,0,0,9,82,7,1,1,101,125,2,0,0,125,36,1,6,10,2,0,4,83,18,0,0,2,9,8,29,125,13,0,0,0,0,2,62,5,0,0,115,125,0,0,1,125,4,0,10,37,1,1,49,89,39,0,0,1,4,2,44,71,70,3,0,0,2,4,27,0,0,0,85,125,0,0,0,64,0,0,16,69,1,0,55,49,2,0,0,0,0,10,119,30,3,0,0,0,2,18,99
134,32,1,0,0,0,0,73,96,0,0,2,0,0,11,134,15,6,6,15,15,14,22,34,0,27,24,12,5,2,0,0,127,70,0,0,0,5,5,44,134,20,0,0,0,0,2,104,103,56,9,0,0,0,1,11,6,53,26,0,0,0,0,0,81,101,6,0,0,10,4,12,134,117,10,0,0,1,1,28,134,11,0,0,0,0,0,46,44,23,2,0,0,0,0,1,111,46,3,0,0,0,1,103,64,39,10,1,1,7,19,72,130,1,0,0,0,0,1,67,60,3,0,0,0,0,0,13
23,10,0,12,71,50,1,3,129,17,0,0,0,0,0,18,129,8,3,0,0,1,18,49,13,15,11,3,1,4,31,14,39,121,12,0,11,45,0,0,99,90,62,23,0,0,0,7,129,43,15,3,0,0,1,22,29,41,45,6,1,0,1,4,89,129,20,2,0,1,0,0,28,85,99,129,3,0,0,0,129,11,17,52,2,0,0,59,54,8,2,3,2,0,1,46,53,129,12,0,0,0,0,0,15,49,20,109,32,0,0,0,31,1,2,105,40,0,0,30,73,4,0,1,2,0,0,69
12,1,0,3,109,11,0,4,131,5,0,0,3,1,0,13,131,0,0,0,0,0,0,22,88,5,0,0,0,0,0,7,15,0,0,19,131,1,0,3,131,3,0,1,7,0,0,10,131,4,0,0,0,0,0,9,97,0,0,0,0,3,5,27,10,0,0,75,131,1,0,3,131,6,1,11,17,1,0,18,131,10,0,0,0,0,0,5,58,0,0,0,8,33,6,27,2,3,26,131,35,0,0,0,109,44,38,68,6,0,0,1,121,28,1,0,0,0,0,2,20,1,0,0,83,131,3,8
2,5,13,2,1,42,61,20,71,9,0,0,0,2,25,80,110,68,0,0,0,0,1,7,11,28,2,0,0,0,4,2,16,6,10,14,13,131,50,13,133,47,0,0,0,21,39,72,133,28,0,0,0,0,16,37,16,1,0,0,0,4,17,23,83,106,0,0,2,114,55,7,133,87,0,0,0,3,3,42,133,4,0,0,0,0,4,64,25,0,0,0,5,63,10,13,42,133,1,0,0,2,3,6,104,71,1,0,0,0,8,29,91,3,0,0,0,11,18,51,4,0,0,0,27,133,13,6
3,0,0,2,67,8,0,0,130,15,0,0,41,6,0,1,80,6,0,0,19,22,3,7,22,1,2,7,4,5,3,33,9,5,4,11,99,5,0,0,130,20,0,1,59,12,0,4,65,5,0,0,55,121,24,15,27,6,0,0,4,25,34,120,12,3,14,19,130,18,1,2,130,33,7,4,63,25,3,25,33,40,111,35,77,84,9,11,43,130,75,7,8,11,9,27,4,31,25,24,91,12,1,0,78,130,37,11,21,1,0,1,9,76,111,9,1,0,0,0,0,25,63,20,24,0,0,0
3,10,0,0,0,0,0,0,39,38,0,0,0,0,0,0,99,137,2,0,0,0,0,0,38,137,11,1,0,3,6,5,3,5,0,0,0,0,0,0,112,22,0,0,0,0,0,0,137,106,2,0,0,0,0,12,41,46,35,11,1,2,7,12,1,0,0,0,0,0,0,0,101,1,0,0,0,1,16,23,137,2,0,0,0,0,39,137,21,3,2,1,0,2,112,94,0,0,0,0,0,0,2,0,15,11,1,0,0,15,137,49,46,34,1,0,0,0,136,137,6,6,1,0,1,3,137,80
1,0,0,0,0,0,0,0,13,0,0,0,0,0,0,0,17,0,0,0,0,0,0,0,7,0,0,0,0,0,0,0,62,4,2,28,23,0,0,1,193,7,0,0,0,0,0,13,193,17,0,0,0,0,0,2,93,8,0,1,3,3,0,2,60,10,3,55,33,0,0,0,193,11,0,2,0,0,0,14,193,10,0,0,0,0,0,10,80,1,0,0,3,15,7,26,30,4,0,33,34,0,0,0,193,7,0,3,1,0,0,17,193,15,0,0,0,0,0,7,33,4,0,0,1,5,6,9
123,17,2,11,123,99,20,20,123,23,2,2,1,2,26,38,1,1,1,8,84,22,24,4,15,0,0,4,50,12,11,63,123,28,2,17,123,5,0,5,123,11,0,0,1,13,53,40,20,3,0,13,35,13,51,28,2,1,0,52,67,5,8,14,123,8,0,0,123,14,0,7,115,10,0,0,3,9,3,18,88,32,3,12,5,1,1,6,5,6,3,66,93,1,0,0,109,15,0,2,123,6,0,0,83,11,0,0,0,0,0,5,81,5,0,1,4,2,0,28,8,1,0,8,106,22,1,5
129,16,7,49,36,5,1,34,79,53,7,32,30,2,0,5,17,12,2,22,129,3,0,0,74,43,8,22,70,0,0,0,129,6,1,6,17,41,17,118,129,30,1,8,34,28,9,26,25,12,5,22,129,11,0,1,62,32,20,12,43,0,0,2,119,57,46,45,1,9,5,43,129,66,16,1,28,16,3,18,27,19,9,12,129,32,1,3,22,34,30,25,16,0,0,2,8,46,129,111,0,0,0,0,15,54,61,27,17,1,0,0,3,25,34,43,53,5,0,0,3,27,23,36,31,0,1,1
24,1,2,0,2,31,25,35,51,3,0,0,5,23,31,48,11,0,0,0,20,66,67,22,0,0,0,0,15,54,127,102,16,0,0,3,17,38,29,28,127,18,1,5,30,19,7,16,26,14,4,30,127,56,14,1,2,12,6,67,122,45,37,37,32,0,0,6,62,30,19,13,127,2,0,2,22,10,6,35,38,24,7,33,127,24,2,11,24,39,16,127,127,4,1,7,43,0,0,0,98,37,7,24,127,0,0,0,11,8,3,43,27,1,0,7,91,44,6,29,33,3,0,31,118,14,9,65
5,25,9,0,0,0,0,0,141,67,1,0,0,0,0,4,141,41,0,0,0,0,0,14,50,7,4,14,0,0,0,1,3,61,68,0,0,0,0,0,141,69,79,0,0,0,0,20,141,30,7,0,0,0,0,66,93,6,1,1,0,0,0,8,0,141,135,0,0,0,0,0,15,118,141,0,0,0,0,3,130,124,70,0,0,0,1,10,88,11,0,0,0,0,0,12,5,78,49,11,0,0,0,0,4,20,25,16,4,1,16,12,15,10,9,0,1,1,31,51,25,0,0,0,0,0,4,59
4,4,0,0,0,0,72,101,1,2,0,0,0,0,98,43,1,0,0,0,0,0,63,40,0,0,0,0,4,15,29,6,0,0,0,0,0,0,139,139,13,0,0,0,0,0,139,117,74,5,0,0,0,0,119,139,9,0,0,0,3,40,57,22,16,0,0,0,0,0,39,79,139,24,0,0,0,0,72,69,139,48,0,0,0,5,9,42,15,5,8,3,17,38,5,5,30,0,0,0,0,0,0,12,139,8,0,0,0,0,0,38,139,11,0,0,0,1,1,56,18,34,16,1,1,3,2,6
14,78,13,14,37,0,0,0,31,8,2,27,150,1,0,0,138,54,16,14,23,0,0,0,3,6,32,54,20,0,0,0,12,6,1,13,50,0,4,58,44,2,0,39,150,1,0,5,150,24,5,15,35,0,0,15,17,6,7,84,40,0,0,0,76,14,3,27,31,1,4,58,30,10,4,92,150,0,0,3,150,31,8,27,30,0,0,9,50,9,9,71,41,0,0,2,80,17,3,25,27,8,2,15,21,10,6,67,150,0,0,2,112,25,12,17,20,0,0,22,61,2,1,27,20,0,0,26
55,0,0,7,37,4,1,35,7,0,0,12,147,33,10,8,148,1,0,0,10,14,10,29,49,9,2,10,82,24,2,12,69,0,0,0,28,13,6,61,27,0,0,0,148,73,8,18,148,5,0,1,29,18,5,43,47,2,1,26,82,32,4,22,46,0,0,0,17,13,5,64,49,6,0,0,148,62,4,10,148,32,0,2,31,5,0,5,40,3,2,70,31,3,0,4,10,0,0,0,8,16,38,57,59,8,0,0,106,78,10,7,148,26,0,0,8,6,4,8,18,0,0,3,10,86,19,7
7,3,11,107,22,0,0,10,40,0,0,29,20,1,2,118,76,12,3,0,0,0,7,112,10,7,14,6,1,0,19,74,6,1,1,43,46,11,24,27,71,10,22,109,44,1,1,22,118,56,17,4,0,0,0,23,42,41,81,46,0,0,0,16,53,6,3,4,1,1,34,109,89,32,94,72,1,0,2,26,118,32,59,45,0,0,0,52,107,15,21,24,0,0,0,80,111,72,19,11,0,0,0,21,118,15,23,24,1,0,0,57,38,3,15,97,14,0,0,35,88,0,0,15,3,0,0,100
20,0,0,0,4,4,24,106,11,4,11,70,51,5,9,13,118,46,20,47,10,0,0,2,102,73,26,10,0,0,0,1,118,38,7,1,0,0,6,96,118,38,43,40,0,0,2,28,87,47,88,106,3,0,0,6,118,35,9,8,0,0,0,45,90,118,25,24,4,0,0,1,118,25,19,29,5,0,0,26,78,7,13,105,36,0,0,21,118,1,1,30,15,0,0,70,66,39,2,11,14,1,0,5,94,3,1,17,19,0,0,26,83,0,0,22,31,1,0,42,68,1,0,24,32,0,0,20
0,0,0,0,12,139,139,3,14,0,0,0,0,41,139,139,7,0,0,0,0,18,139,139,41,0,0,0,5,25,85,91,7,0,0,0,82,139,18,2,139,9,0,0,7,22,27,66,84,1,0,0,0,0,53,84,139,0,0,0,8,13,14,83,4,0,0,0,20,16,0,0,73,9,0,0,2,2,0,1,59,2,0,0,0,2,4,10,137,1,0,0,11,16,1,24,0,0,0,0,0,0,0,0,0,0,0,0,0,0,0,0,0,0,0,0,0,0,0,0,3,0,0,0,1,1,0,0
59,136,33,3,1,0,0,0,108,136,36,52,23,0,0,0,136,50,19,62,24,0,0,4,119,12,8,65,40,0,0,18,136,136,3,1,3,1,0,4,94,26,3,24,64,7,1,6,136,9,0,15,38,1,0,32,107,5,1,40,98,2,0,10,52,39,0,0,0,0,2,35,53,19,2,7,17,2,1,23,136,28,0,1,13,9,3,24,74,3,0,5,61,22,3,12,19,0,0,0,0,0,4,39,75,7,0,0,0,0,0,41,81,10,0,0,2,4,7,33,38,5,0,2,15,8,5,7
2,0,0,0,0,2,119,135,28,6,5,2,0,4,71,103,81,30,64,6,0,0,2,99,17,9,62,46,0,0,0,45,59,17,3,23,8,1,44,111,135,50,17,3,0,0,8,104,91,27,40,30,0,0,0,118,25,0,9,28,0,0,1,135,80,64,6,29,22,0,0,0,135,68,2,1,0,0,0,44,71,6,11,43,8,1,3,48,23,1,3,16,3,0,1,93,22,24,0,1,2,0,0,0,135,19,0,0,0,0,0,42,62,1,0,1,1,0,10,57,7,0,1,4,1,0,15,17
18,0,0,0,0,0,2,50,53,0,0,0,0,0,0,41,37,0,0,0,0,0,0,30,17,12,0,0,0,0,1,5,74,0,0,0,0,0,4,118,87,6,0,0,0,0,0,43,75,20,0,0,0,0,0,23,42,41,0,0,0,0,0,1,83,0,0,0,0,0,17,163,122,23,0,0,0,0,2,163,60,46,0,0,0,0,12,37,31,18,0,0,0,0,6,36,112,0,0,0,0,0,2,163,153,0,0,0,0,0,11,163,14,0,0,0,0,0,59,153,20,0,0,0,0,0,21,86
21,1,0,0,0,0,0,16,75,20,0,0,0,0,0,16,51,72,2,0,0,0,0,0,16,73,8,0,0,1,2,3,95,2,0,0,0,0,0,59,152,9,0,0,0,0,0,26,136,19,0,0,0,0,0,10,25,9,1,0,0,4,6,17,152,20,0,0,0,0,0,129,152,35,0,0,0,0,0,10,125,34,0,0,0,0,0,9,23,71,2,0,0,0,0,3,152,11,0,0,0,0,0,152,107,101,7,0,0,0,0,38,44,121,3,0,0,0,0,7,19,93,4,0,0,0,0,1
0,0,0,0,0,0,0,0,30,2,0,0,0,0,0,8,69,20,0,0,0,0,0,7,41,18,0,0,0,0,0,0,27,0,0,0,0,0,0,10,188,11,0,0,0,0,0,79,149,64,1,0,0,0,0,5,42,31,0,0,0,0,0,0,103,12,0,0,0,0,0,7,188,56,0,0,0,0,0,23,188,57,13,0,0,0,0,11,11,56,17,0,0,0,0,0,139,18,0,0,0,0,0,3,188,55,0,0,0,0,0,9,148,8,1,0,0,0,0,68,33,15,4,0,0,0,0,28
15,5,8,5,3,9,20,26,136,2,0,3,3,0,1,136,59,1,15,82,28,0,0,58,0,13,89,53,2,0,0,0,84,3,0,0,0,2,16,59,136,5,0,0,0,0,0,77,136,24,33,25,1,0,0,67,10,11,62,84,6,0,0,0,51,42,29,2,0,0,0,9,136,117,34,4,0,0,0,13,136,92,3,5,0,0,0,21,37,4,6,75,28,0,0,16,0,14,46,29,2,0,0,0,61,101,70,72,8,0,0,4,106,95,2,0,0,0,2,26,30,11,1,17,10,2,6,16
23,0,0,0,0,0,0,16,63,38,3,0,0,0,0,8,70,71,15,0,0,0,0,2,20,42,42,23,4,0,0,0,54,4,0,0,0,0,1,12,124,124,14,0,0,0,2,19,41,124,66,0,0,0,13,29,53,124,112,38,5,2,4,37,49,0,0,0,0,0,2,28,124,10,0,0,0,0,39,124,28,14,2,0,0,0,124,124,42,16,4,4,5,18,124,124,20,30,28,0,0,0,0,10,17,64,57,0,0,0,11,42,8,60,114,0,0,0,36,40,6,65,79,0,0,2,48,50
16,11,0,0,0,0,0,2,7,47,13,0,0,0,0,0,4,57,34,1,0,0,0,0,4,53,7,0,0,0,0,0,23,56,4,2,0,0,0,0,58,130,55,1,0,0,0,3,6,55,130,69,0,0,0,1,0,54,67,24,0,0,0,0,37,22,43,72,0,0,0,4,130,42,9,3,0,0,0,91,104,59,103,55,0,0,0,35,1,19,130,120,22,0,0,0,2,1,56,130,16,0,0,0,104,9,21,64,2,0,0,35,130,51,21,6,2,4,14,88,20,20,35,72,119,63,23,16
21,0,0,17,46,15,78,84,24,0,0,8,18,5,58,86,97,5,0,3,4,1,4,119,34,2,0,51,143,13,1,20,143,29,1,20,17,1,17,91,63,6,1,55,68,1,2,42,143,91,12,8,4,1,1,54,32,38,21,143,108,13,1,7,143,67,1,8,16,1,0,3,52,10,2,36,93,2,0,2,143,29,5,7,4,0,0,21,34,11,8,91,9,0,0,3,41,2,0,1,1,0,0,1,1,0,0,0,5,0,0,0,1,0,0,0,0,0,0,0,0,0,0,0,0,0,0,0
19,0,0,0,1,3,17,24,110,3,0,0,0,0,13,99,119,0,0,0,0,0,34,131,6,0,0,3,20,16,131,131,66,1,0,0,0,0,4,29,131,1,0,0,0,0,0,20,131,1,0,0,1,7,9,53,9,0,0,0,12,45,97,49,96,10,0,0,0,0,0,5,131,35,0,0,0,0,0,1,131,38,0,1,14,5,0,6,5,1,0,1,58,33,4,3,61,103,19,0,0,0,0,1,56,131,86,0,0,0,0,0,50,81,55,24,17,0,0,0,0,2,6,36,58,1,0,0
0,0,0,9,4,4,43,24,1,1,22,28,0,0,6,18,5,45,72,9,0,0,0,2,4,32,112,30,1,0,0,1,0,0,0,0,0,0,52,61,37,4,3,0,0,0,23,109,120,120,42,1,0,0,9,45,48,83,120,91,58,59,54,28,1,0,0,0,0,0,34,48,120,15,0,0,0,0,9,92,120,27,0,0,0,53,64,69,19,2,0,1,14,120,120,32,0,0,0,0,0,1,19,17,30,0,0,0,0,0,27,120,18,0,0,0,0,71,120,84,43,37,0,0,0,75,41,6
57,7,0,0,0,0,5,49,133,5,0,0,0,0,9,134,45,0,0,1,26,12,90,134,0,0,1,36,134,34,53,29,111,10,0,0,0,0,0,2,134,10,0,0,0,2,3,29,30,0,0,0,2,28,123,134,0,0,1,16,26,15,134,134,92,45,0,0,0,0,0,0,115,47,0,0,8,8,1,2,9,1,0,0,32,59,15,8,2,0,0,0,1,6,40,81,28,82,74,0,0,0,0,0,28,56,29,17,27,2,0,0,1,2,1,9,57,12,0,0,7,13,0,0,1,0,0,4
58,0,0,0,0,0,1,61,54,0,0,0,5,9,31,92,1,0,0,0,26,35,102,9,0,0,0,0,1,4,103,26,83,0,0,0,0,0,0,43,117,1,0,2,8,1,0,42,12,1,0,19,70,7,2,4,11,4,0,3,7,1,4,6,91,54,8,0,0,0,0,12,117,107,34,3,1,0,0,3,14,34,81,112,28,0,0,0,8,12,10,47,5,0,0,0,113,116,22,0,0,0,8,26,57,117,78,0,0,0,21,58,36,110,117,117,61,21,19,42,1,5,13,117,90,19,2,0
8,11,8,68,68,15,15,4,29,7,0,0,2,15,18,7,7,6,0,0,0,0,0,0,0,0,0,0,0,0,0,0,8,0,0,113,130,11,6,4,130,28,0,19,33,8,8,16,60,52,5,0,0,0,0,1,0,3,3,2,3,0,0,0,3,1,1,122,130,9,59,47,130,11,4,73,60,8,5,39,111,13,3,1,1,1,0,44,2,2,2,4,50,31,0,1,0,0,1,7,18,17,130,130,21,0,0,10,25,45,130,120,41,0,0,0,0,6,52,130,0,0,0,0,52,120,29,16
33,0,0,0,1,6,3,19,151,9,0,0,0,0,0,38,103,33,0,0,0,9,2,1,6,5,0,0,0,68,20,1,49,3,14,53,28,3,0,6,151,31,0,0,1,3,4,17,105,16,1,0,2,149,31,8,3,9,9,0,1,145,56,7,52,3,5,34,86,71,4,6,151,19,0,0,3,10,17,81,32,51,33,2,7,97,30,24,1,51,91,3,2,21,4,1,51,5,0,0,9,63,7,10,151,90,0,0,0,0,1,27,34,112,18,0,0,0,1,5,0,17,26,7,1,0,0,0
3,12,3,6,32,7,1,1,9,6,17,64,141,11,0,1,37,33,121,154,10,1,0,3,0,1,44,154,0,0,7,4,0,0,0,0,24,44,14,1,43,2,0,0,141,99,3,13,154,22,18,61,11,10,1,28,15,3,45,154,6,0,0,0,0,0,0,0,14,47,4,0,47,22,20,10,79,73,0,2,154,42,5,4,6,2,0,5,31,2,2,72,23,0,0,0,0,0,1,0,1,2,0,0,18,11,32,9,9,13,4,7,154,19,6,2,1,5,4,29,29,4,1,25,8,0,0,0
14,0,0,0,0,0,0,7,14,1,3,9,0,0,0,9,22,5,61,121,0,0,0,8,6,3,120,148,0,0,0,6,14,4,15,4,0,0,0,2,26,6,1,0,0,0,0,2,48,5,2,1,0,0,3,27,106,37,64,72,0,0,0,18,1,10,128,130,18,0,0,0,7,2,6,36,22,6,10,3,53,49,0,0,0,2,14,12,148,148,3,0,0,0,0,4,4,9,34,90,111,81,46,10,6,42,2,24,96,42,4,1,50,148,2,0,0,1,2,1,46,148,12,0,0,0,0,0
1,0,0,0,0,60,134,24,1,6,2,0,0,134,134,7,3,32,22,5,0,71,134,2,0,4,38,42,15,60,50,0,72,13,0,0,0,5,96,68,87,48,10,0,0,12,28,31,42,104,31,5,0,2,7,11,7,11,40,77,24,11,8,6,107,12,0,0,0,0,2,120,134,37,0,0,0,0,0,56,57,23,4,13,15,8,18,16,2,22,6,5,15,26,38,8,134,5,0,0,0,0,0,77,134,46,1,0,0,0,0,47,51,30,27,44,11,1,0,1,0,53,35,13,4,13,3,0
116,40,1,0,0,0,3,28,53,80,7,0,0,0,7,48,10,18,15,10,1,0,25,84,4,0,9,21,0,0,27,59,95,78,113,37,0,0,0,1,149,66,12,7,0,1,2,12,15,29,30,42,30,11,8,7,25,32,8,14,10,2,16,29,6,6,113,149,29,0,0,0,69,5,5,118,22,3,32,64,7,2,1,4,11,32,80,56,3,7,3,2,3,70,83,5,1,0,4,149,65,0,0,4,0,0,6,149,76,1,5,8,0,0,5,56,28,34,41,28,0,0,0,0,15,85,46,1
0,2,44,31,4,0,1,1,29,11,21,32,20,0,0,4,148,30,0,0,0,0,0,12,138,8,1,13,11,1,0,2,13,16,11,15,7,8,7,7,42,7,5,42,50,27,2,2,148,47,0,1,2,1,0,3,144,18,0,0,20,5,0,1,5,1,0,0,5,43,42,13,42,1,0,0,15,91,22,25,148,7,0,0,0,2,12,143,88,2,0,0,11,38,43,65,0,0,0,6,27,39,36,1,2,0,0,0,9,101,43,23,27,0,0,0,0,8,83,148,12,2,2,0,0,54,148,117
0,0,0,1,138,27,1,0,4,3,6,6,40,39,6,1,72,16,4,6,2,4,4,46,88,17,5,2,0,0,53,138,6,1,0,4,138,42,2,4,93,23,21,19,34,20,4,15,77,26,63,66,0,0,0,15,95,34,38,13,0,0,9,59,17,7,2,11,138,17,0,1,138,31,5,2,41,5,0,17,56,21,74,27,0,0,2,66,38,35,90,8,0,0,0,51,19,5,3,56,138,3,0,0,138,42,8,14,23,0,0,15,25,15,41,41,1,0,3,66,55,36,31,2,0,0,0,82
16,2,3,25,36,3,0,0,169,47,1,4,9,0,0,0,70,37,18,11,1,0,0,0,0,0,4,5,0,0,0,0,23,2,35,56,82,2,0,1,169,10,0,4,27,1,0,9,119,15,9,15,1,0,0,0,0,0,3,7,0,0,0,0,17,1,21,110,169,1,0,0,169,7,1,21,43,0,0,12,151,4,5,5,0,1,0,6,0,0,2,3,0,0,0,0,4,1,0,31,136,42,0,0,169,10,1,19,39,3,0,12,129,5,6,1,0,1,0,6,0,0,4,0,0,0,0,0
6,5,0,2,132,54,0,0,107,48,0,0,24,9,0,1,62,18,20,13,0,0,0,27,23,12,61,27,0,0,0,16,24,11,0,19,132,22,0,0,132,81,8,7,10,1,0,2,28,19,20,51,5,0,1,47,55,11,25,8,0,0,0,94,22,1,0,105,132,0,0,2,132,10,3,13,11,0,1,74,41,10,55,49,0,0,2,69,39,57,75,13,0,0,0,26,1,0,0,132,132,0,0,0,17,0,8,79,18,0,7,72,11,1,4,5,0,0,15,132,11,15,12,0,0,0,37,97
46,91,53,0,0,21,39,10,70,145,126,5,0,3,10,5,2,38,145,69,0,0,0,0,0,15,145,70,0,0,0,0,117,54,33,8,0,0,0,11,145,71,20,8,0,0,0,10,24,33,81,63,0,0,0,0,7,20,108,35,0,0,0,2,62,32,31,14,3,0,0,9,145,22,3,2,0,0,0,56,81,6,18,57,20,1,0,16,9,7,13,23,10,6,5,4,28,2,7,33,18,2,0,6,145,1,0,1,1,0,0,34,97,0,0,2,31,3,0,12,0,0,2,14,26,15,8,0
26,115,11,5,10,12,0,0,63,46,13,15,9,0,0,17,51,22,36,96,2,0,0,8,76,28,23,30,1,0,0,6,115,63,8,23,8,0,0,15,67,17,28,96,29,0,0,22,115,37,50,36,0,0,0,27,27,22,84,51,0,0,0,3,115,4,2,11,3,0,0,115,75,32,95,59,1,0,1,55,74,115,76,7,0,0,0,13,11,51,79,36,0,0,2,3,65,0,6,43,18,0,0,80,55,5,5,0,0,0,29,115,16,24,7,0,0,0,96,115,4,11,7,1,0,3,115,30
70,9,0,0,0,0,21,126,63,0,0,0,0,0,4,139,43,1,0,1,17,4,1,48,3,1,0,2,91,33,0,2,103,2,0,0,0,0,37,139,139,11,0,0,0,0,4,87,78,6,0,0,12,12,17,21,7,9,4,14,100,23,5,3,139,100,0,0,0,0,0,36,139,87,0,0,0,1,5,25,50,20,1,0,1,13,28,24,6,21,26,25,14,2,3,3,139,108,0,0,0,0,0,10,104,58,0,0,0,0,2,27,47,95,9,0,0,1,11,13,1,21,41,4,0,5,22,0
53,4,0,0,0,3,38,141,5,0,0,0,5,25,76,20,2,1,3,3,17,45,43,15,0,10,20,28,51,24,0,0,141,61,2,0,1,3,3,141,49,7,0,2,47,81,27,51,114,13,14,6,8,15,18,50,6,18,28,24,77,2,0,0,141,65,2,1,5,4,3,74,71,23,1,5,114,41,6,21,141,43,3,5,14,3,0,9,24,7,4,61,56,1,0,1,141,23,0,0,0,2,3,69,67,27,3,1,19,18,5,21,141,29,0,0,1,0,0,24,33,1,0,37,14,0,2,17
19,1,0,0,6,25,48,55,11,4,8,4,17,37,39,22,1,16,26,46,120,17,0,0,0,0,4,79,130,39,0,0,117,23,1,4,50,33,10,57,130,15,9,6,28,19,10,38,25,12,16,77,125,1,0,1,0,0,38,130,130,0,0,0,122,16,1,2,39,21,8,70,130,35,1,3,22,6,0,19,53,4,3,94,29,0,1,20,0,0,16,130,31,0,0,0,106,17,0,0,1,0,3,33,59,8,0,0,0,0,17,69,19,0,0,8,10,5,48,81,0,0,0,21,49,27,14,4
0,0,0,0,49,122,4,0,41,3,0,0,42,108,5,1,167,41,1,0,7,7,0,1,39,13,12,3,0,0,0,0,0,0,1,73,108,21,0,0,80,2,0,46,82,21,0,1,167,18,0,1,4,1,1,8,48,3,1,0,0,2,9,6,0,0,1,41,101,49,0,0,75,3,0,38,136,13,0,2,167,4,0,1,8,0,3,39,31,0,0,0,0,2,15,17,0,0,0,41,104,15,0,0,45,0,0,4,100,44,2,10,167,0,0,0,3,2,3,68,21,0,0,0,0,0,11,21
2,0,0,6,124,18,8,21,30,31,5,11,95,2,0,16,124,27,0,0,0,0,0,80,94,1,0,4,9,10,12,62,12,0,0,3,111,40,9,49,45,68,6,7,62,10,0,5,124,100,0,0,0,0,0,17,66,20,10,3,2,15,24,43,13,14,63,89,59,12,3,18,87,4,1,34,39,4,0,31,124,21,0,0,0,0,0,50,98,31,20,2,0,0,0,12,0,2,78,124,64,0,0,0,49,2,3,124,70,0,0,7,124,13,0,2,0,0,0,21,121,13,0,0,0,0,0,20
23,3,0,0,25,35,0,1,140,22,0,0,1,2,1,34,140,2,0,0,0,0,0,65,11,0,0,1,5,6,1,8,24,34,2,0,20,22,1,1,117,22,1,1,10,7,27,123,140,9,0,0,0,0,9,140,34,1,0,0,8,11,3,14,17,100,9,6,18,3,2,0,88,73,7,13,66,5,4,10,140,140,0,0,0,0,1,19,34,13,0,6,17,0,0,1,13,56,7,18,30,0,0,0,97,114,7,16,33,0,0,0,140,140,1,1,0,0,0,0,6,8,1,13,12,0,0,0
126,12,1,7,18,4,0,8,126,6,5,4,0,0,5,46,45,23,21,16,1,1,11,14,125,36,2,0,0,0,0,2,102,108,30,2,7,10,0,4,126,56,14,1,0,0,3,31,58,73,28,0,0,0,5,11,126,23,1,0,0,0,0,6,34,126,96,51,1,0,0,0,126,30,41,59,2,0,0,40,91,33,9,0,0,0,0,43,99,44,0,0,0,0,0,0,26,100,21,50,20,0,0,0,28,1,7,101,66,0,0,26,117,7,0,2,5,0,0,88,79,19,0,0,0,0,0,10
36,37,44,101,31,0,0,0,134,55,12,7,1,0,0,9,27,63,23,2,0,0,0,0,77,65,0,0,0,0,0,0,22,4,4,52,134,9,0,4,134,19,0,6,18,1,0,31,76,102,7,0,0,0,0,1,64,75,1,2,2,0,0,0,14,0,0,0,134,41,0,4,134,8,0,0,26,8,0,33,134,73,0,0,0,0,0,5,45,57,4,4,2,0,0,0,15,1,0,0,126,40,0,1,134,42,0,0,13,4,0,18,117,134,5,0,0,0,0,5,5,40,16,12,2,0,0,0
6,0,0,5,74,14,4,7,91,0,0,0,20,12,7,28,29,2,7,25,60,14,2,9,4,1,5,55,134,11,12,29,13,0,0,0,101,40,5,17,139,3,0,1,40,19,3,32,38,2,1,28,47,24,7,20,4,0,0,20,139,49,9,24,15,0,0,0,74,45,9,16,139,14,0,1,32,11,1,4,44,3,1,42,44,40,5,3,1,1,1,25,139,73,4,1,19,1,0,0,15,36,34,26,139,9,0,0,5,29,9,13,15,0,0,0,19,139,50,7,0,0,1,10,48,139,139,67
6,17,5,0,0,7,72,24,132,24,1,0,0,0,18,132,132,0,0,0,0,0,1,132,23,0,0,0,0,0,38,111,4,55,25,0,0,0,1,0,132,85,8,0,0,0,0,30,132,18,0,0,0,0,11,132,14,0,0,0,0,0,106,132,1,33,9,0,0,0,0,0,33,132,20,0,0,0,9,5,81,90,1,0,0,12,58,31,11,1,0,0,0,21,112,73,0,7,2,0,0,0,4,0,6,28,4,0,0,9,69,6,3,4,0,0,0,16,91,4,0,0,0,0,0,14,35,5
68,115,25,0,0,0,0,8,138,138,42,0,0,0,0,1,138,138,20,0,0,0,0,0,12,72,47,40,0,0,0,0,0,50,58,5,0,0,0,0,79,90,109,57,2,0,0,0,138,62,3,4,0,0,0,8,59,59,14,37,12,0,0,1,0,0,8,10,0,0,0,0,24,6,17,113,38,1,0,2,138,11,2,14,9,0,0,87,84,9,1,7,23,5,5,62,0,0,0,1,0,0,0,0,1,4,5,15,61,22,0,1,99,67,10,4,21,3,0,50,82,41,6,3,2,0,1,46
10,0,0,0,0,0,0,0,51,8,4,40,16,0,0,1,0,0,9,107,39,0,0,0,2,4,29,75,33,0,0,0,13,0,0,0,0,0,0,0,135,20,11,44,6,0,0,4,16,31,115,135,19,0,0,0,0,87,135,48,1,0,0,0,1,0,0,0,0,0,0,0,135,21,4,4,0,0,0,30,98,135,83,33,0,0,0,9,34,135,135,1,0,0,0,0,0,0,0,0,0,0,0,0,39,85,21,0,0,0,0,2,72,135,42,0,0,0,0,1,116,107,5,0,0,0,0,0
44,0,0,0,0,0,15,97,34,0,0,0,1,8,67,114,0,0,0,0,9,45,114,8,0,0,0,0,3,9,112,18,83,0,0,0,0,0,0,53,114,1,0,1,5,2,1,54,9,0,1,17,50,14,6,4,10,3,0,3,6,2,12,9,98,53,2,0,0,0,0,14,111,114,27,2,0,0,0,4,10,39,96,109,13,0,0,0,6,11,16,55,3,0,0,0,114,97,4,0,0,0,2,26,69,114,39,0,0,0,13,60,30,86,114,114,47,22,22,35,0,3,12,114,84,21,1,0
54,55,12,23,0,0,0,1,53,61,80,37,0,0,0,1,0,13,90,74,1,0,0,0,0,27,22,4,2,6,1,0,76,20,11,130,33,0,0,2,132,92,42,25,4,5,5,24,8,17,55,127,119,36,5,4,0,0,3,11,49,29,1,0,20,5,33,132,47,0,0,5,95,11,5,59,14,20,82,120,5,1,1,7,77,132,83,21,0,0,9,5,31,19,0,0,18,21,40,132,30,1,0,0,0,0,4,132,47,1,19,8,2,5,13,32,1,10,21,4,0,2,17,4,2,3,0,0
0,0,0,0,2,17,77,14,0,11,16,1,0,1,115,109,0,1,10,6,4,10,115,115,10,0,0,0,1,4,115,115,18,10,1,0,2,6,7,3,74,115,74,20,2,1,4,14,4,19,65,115,75,6,36,19,0,0,0,32,36,4,101,100,34,1,0,0,0,4,5,17,115,21,4,5,3,8,48,115,6,4,4,63,102,59,91,24,0,0,0,76,95,22,13,1,15,9,1,0,0,1,0,3,16,2,0,0,3,24,34,28,0,0,0,0,4,50,115,4,0,0,0,2,30,79,33,0
1,1,0,11,81,104,71,1,13,42,2,0,2,30,137,11,2,45,9,0,0,4,29,4,0,0,0,0,0,0,0,0,12,2,0,44,137,32,2,1,137,101,3,7,21,2,3,12,45,137,32,0,0,0,0,1,0,6,3,0,0,0,0,0,5,0,0,29,137,28,0,1,137,7,0,15,32,0,0,75,137,92,15,0,0,0,0,35,4,33,16,0,0,0,0,0,0,0,0,54,100,0,0,0,119,0,4,42,23,0,0,46,137,25,3,0,0,0,0,97,33,23,18,0,0,0,0,6
0,0,16,37,40,7,0,0,64,5,7,44,31,0,0,0,158,36,2,2,1,0,0,1,21,12,9,5,0,0,0,0,0,0,112,128,12,0,0,0,67,3,29,144,98,0,0,1,158,10,2,7,10,0,0,11,45,7,7,3,0,0,0,1,0,0,16,44,69,35,0,0,35,3,6,70,158,34,0,0,158,8,3,11,19,1,0,15,60,5,4,0,0,0,0,3,0,0,0,0,67,86,0,0,20,0,0,1,82,105,1,4,158,3,0,0,8,8,1,26,66,10,6,0,0,0,0,3
0,0,0,0,109,69,3,0,13,61,6,2,111,48,0,0,32,121,10,0,0,0,0,1,45,84,1,0,0,0,0,2,5,0,0,0,121,106,1,2,121,68,1,0,60,42,2,15,60,121,4,0,0,0,0,14,19,57,10,0,0,0,0,3,15,0,0,0,121,121,1,1,121,4,0,0,29,19,11,101,42,13,0,0,0,0,36,121,8,15,7,0,0,0,47,92,12,0,0,0,84,100,0,3,55,14,0,0,4,4,3,38,27,17,0,0,0,0,17,90,1,2,2,0,0,0,56,87
7,5,0,0,122,122,0,0,42,90,17,4,16,23,0,0,11,48,35,22,12,0,0,0,10,32,22,34,4,0,0,0,29,3,0,10,122,26,0,0,122,47,7,11,11,0,0,1,27,63,67,53,7,0,0,0,10,66,58,35,0,0,0,0,19,2,6,122,106,0,0,1,122,12,4,16,12,0,0,78,73,44,53,5,0,0,3,81,5,34,60,41,4,0,2,15,0,0,3,122,122,1,0,1,16,0,0,57,55,1,15,100,16,1,0,1,0,0,67,122,4,1,2,5,4,4,56,122
105,55,26,24,0,0,0,91,147,13,2,1,0,0,6,147,27,1,1,0,0,12,65,60,4,1,3,4,9,26,29,7,41,53,52,38,0,0,0,10,147,105,12,3,0,1,1,62,100,15,0,0,18,34,23,35,76,24,6,7,6,3,7,13,39,12,10,94,36,2,1,16,147,36,1,1,1,1,2,66,110,26,0,0,12,14,7,26,118,33,1,8,5,0,0,4,22,28,5,30,43,21,31,29,147,70,2,2,0,0,1,27,81,11,0,0,0,0,6,42,49,3,0,0,0,0,12,61
17,51,65,25,0,0,0,0,40,42,46,24,0,0,0,21,123,39,6,1,1,1,1,69,45,3,0,0,10,15,10,18,10,60,90,59,2,0,2,4,27,12,28,103,21,0,1,16,123,21,1,3,2,1,1,71,75,10,0,0,7,6,3,21,5,12,14,16,6,9,123,98,15,17,7,58,56,33,73,41,123,52,2,6,3,0,4,39,58,4,0,0,0,0,15,45,14,1,8,7,0,0,123,123,11,1,0,0,0,3,96,123,20,2,0,0,0,0,96,123,2,0,0,0,0,0,123,63
0,0,0,0,0,0,0,0,1,0,0,1,0,0,0,0,16,8,4,3,0,0,0,0,14,18,16,0,0,0,0,0,38,5,0,10,40,3,0,1,138,12,11,9,0,0,0,19,75,86,64,24,0,0,0,3,61,138,57,0,0,0,0,0,64,55,4,9,97,93,0,0,138,68,5,0,1,0,0,20,138,74,15,1,0,0,0,18,138,67,6,0,0,0,0,0,14,138,55,6,3,30,0,0,138,115,62,20,0,0,0,5,120,75,2,0,0,0,0,9,108,39,0,1,1,0,0,0
17,1,6,3,0,0,0,10,68,44,28,5,0,0,0,6,63,121,52,0,0,0,0,1,1,30,131,19,0,0,0,0,131,4,6,4,3,0,0,92,131,50,37,3,0,0,0,44,131,62,8,0,0,0,0,22,26,13,27,10,14,7,1,7,131,86,14,1,8,3,0,39,131,55,2,0,0,0,0,45,131,29,0,0,0,0,0,22,55,4,2,22,15,3,0,7,55,131,68,28,2,0,0,1,106,14,19,30,6,0,0,75,131,12,0,0,0,0,0,50,68,8,4,16,0,0,0,3
0,0,0,0,0,0,0,0,0,0,0,0,0,0,0,0,9,0,0,0,0,0,0,9,37,0,0,0,0,0,0,38,12,0,0,0,0,0,0,3,99,4,2,1,0,0,0,20,77,11,15,14,0,0,0,41,134,2,0,0,0,0,0,134,41,65,57,32,1,0,0,4,134,134,26,0,0,0,0,18,58,68,66,20,0,0,0,6,134,97,25,3,0,0,0,54,11,134,124,10,0,0,0,0,14,134,116,1,0,0,0,0,6,100,128,3,0,0,0,0,25,134,36,0,0,0,0,0
79,3,4,23,9,0,0,97,94,13,1,2,3,0,12,121,45,20,31,44,8,0,6,35,53,44,38,121,17,0,0,15,75,45,35,41,24,1,4,23,121,121,36,1,0,0,0,25,82,65,83,15,0,0,0,18,50,64,33,32,2,0,0,5,121,93,39,3,0,0,1,17,121,62,39,6,0,0,0,57,106,17,43,36,3,0,0,65,19,15,9,18,11,2,17,19,108,34,2,0,0,0,0,26,78,3,5,11,3,2,1,55,107,0,0,5,7,1,0,118,8,0,0,12,56,8,6,19
25,79,98,7,0,0,0,0,119,57,22,7,0,0,0,42,105,7,4,8,3,0,4,117,2,1,9,50,19,0,5,15,115,25,25,23,3,0,1,53,42,6,16,66,29,1,1,50,119,25,3,2,1,0,4,119,51,26,18,5,1,0,5,46,85,1,0,3,3,1,8,119,56,33,30,29,21,2,10,58,119,107,35,5,0,0,0,9,75,48,55,9,0,0,0,12,116,75,1,4,4,0,0,56,119,81,8,0,0,0,0,23,86,34,26,6,0,0,0,22,81,3,6,8,0,0,0,56
0,0,0,0,0,0,0,0,23,1,0,0,0,0,0,3,61,21,0,0,0,0,0,2,19,33,2,0,0,0,0,0,21,0,0,0,0,0,0,0,181,16,0,0,0,0,0,25,158,71,0,0,0,0,0,5,16,57,7,0,0,0,0,0,113,2,0,0,0,0,0,4,181,17,0,0,0,0,0,25,181,25,0,0,0,0,0,33,27,34,3,0,0,0,10,10,109,0,0,0,0,0,0,14,181,1,0,0,0,0,0,138,178,17,0,0,0,0,0,78,15,23,9,0,0,0,10,13
0,0,0,0,6,59,115,62,99,0,0,0,11,80,52,134,134,0,0,6,13,57,134,134,0,0,0,14,16,93,134,3,0,0,2,6,4,36,51,3,96,4,0,2,6,35,35,92,134,26,7,39,30,15,11,134,6,4,27,107,41,20,12,1,0,0,13,38,6,3,0,0,74,22,1,18,15,5,1,6,134,96,16,13,1,0,0,9,5,11,35,53,2,0,0,0,0,0,0,1,0,0,0,0,0,0,0,0,0,0,0,0,0,0,0,0,0,0,0,0,0,0,0,0,0,0,0,0
0,0,0,0,0,0,0,0,0,0,0,0,0,0,0,0,0,0,0,0,0,0,0,0,0,0,0,0,0,0,0,0,0,0,3,1,0,0,0,0,117,52,46,10,0,0,0,11,142,15,1,0,10,25,9,97,12,0,0,0,87,92,8,16,1,0,1,1,0,0,3,3,142,48,32,17,1,2,15,32,142,80,2,10,48,30,8,40,13,2,6,45,142,93,7,10,5,8,8,0,0,0,0,2,142,133,28,1,0,0,2,17,142,142,20,42,17,0,0,0,2,5,43,142,51,0,0,0
0,0,0,0,0,0,0,0,0,0,0,0,0,0,1,1,0,0,0,0,6,5,8,4,0,0,4,29,53,6,0,0,0,0,0,0,0,0,45,38,19,0,0,0,0,8,141,60,103,47,20,13,12,10,60,91,5,16,132,155,76,10,2,1,9,6,0,0,0,0,64,73,141,8,0,0,0,6,86,63,155,86,17,2,0,0,6,43,33,28,116,49,3,30,3,4,7,48,17,0,0,0,0,3,105,90,4,0,0,0,0,6,155,35,0,0,0,5,3,38,38,0,0,0,16,109,10,14
74,3,1,3,5,2,6,127,28,3,43,87,23,1,1,35,0,22,127,51,1,0,0,0,1,14,55,36,3,1,7,9,107,3,0,0,0,1,10,115,127,24,39,10,0,0,0,83,20,13,101,112,0,0,0,0,0,0,42,127,2,0,1,3,78,79,26,0,0,0,0,16,127,89,15,1,0,0,0,21,67,7,25,55,1,7,11,10,0,0,41,99,5,20,21,0,1,19,26,4,2,0,0,0,47,33,20,6,16,18,48,29,14,0,0,1,1,63,127,25,0,0,0,2,2,70,127,4
2,14,81,1,0,0,0,5,45,58,81,0,0,0,0,32,150,150,47,0,0,0,0,28,52,115,7,0,0,3,3,1,6,45,27,3,0,0,0,6,78,17,39,35,4,0,1,23,150,28,0,2,0,4,6,31,68,14,0,0,0,74,52,8,61,55,21,5,2,12,14,44,78,21,29,47,50,76,22,16,150,33,3,3,4,12,14,56,18,21,46,2,2,51,33,12,16,0,0,0,0,24,50,73,109,10,0,0,1,76,48,25,150,86,2,0,0,1,8,37,14,34,30,1,0,0,15,10
12,0,1,48,53,9,6,22,145,0,0,3,7,0,0,100,145,0,0,0,0,0,1,71,3,0,0,0,17,16,6,16,19,4,0,5,45,69,10,2,145,36,0,1,12,11,0,29,145,3,0,0,0,0,6,104,8,0,0,0,48,11,4,38,44,53,0,0,16,56,6,1,145,93,0,0,0,4,18,37,41,1,0,0,0,0,95,145,1,0,0,0,23,10,49,145,40,102,1,0,1,3,1,0,41,37,0,0,0,2,13,6,4,13,7,0,0,2,35,39,1,5,10,6,2,1,43,116
0,21,123,9,0,0,12,2,65,109,54,0,0,0,4,1,138,138,45,3,0,0,0,0,4,19,132,43,0,0,0,0,0,2,102,46,4,2,0,0,84,41,66,24,1,0,0,0,138,48,7,2,0,0,0,5,35,11,30,22,13,3,0,1,4,1,5,12,16,11,5,2,57,3,6,19,13,29,14,19,138,2,0,0,1,4,17,96,34,0,0,0,17,55,55,19,0,0,1,12,48,22,6,0,5,0,0,1,20,83,42,27,33,0,0,0,1,13,115,138,10,0,0,0,0,53,138,56
0,1,1,53,98,5,1,0,50,7,0,15,45,5,6,32,122,38,0,0,0,0,2,111,105,4,1,0,0,0,0,122,13,7,6,111,77,4,5,8,68,4,1,118,91,2,0,27,122,51,3,3,1,0,0,44,100,25,6,0,0,0,0,111,4,0,0,14,36,25,73,34,55,9,0,44,122,49,8,6,122,47,2,3,5,1,0,28,46,24,7,0,0,0,0,26,1,1,0,0,3,32,52,26,42,56,1,0,22,72,9,5,122,101,12,0,0,1,0,31,28,39,23,0,0,0,0,19
0,0,1,2,0,0,0,0,11,1,6,19,1,0,26,129,50,4,0,0,0,0,16,144,18,1,0,0,0,0,19,119,0,0,1,21,11,0,0,0,44,1,9,134,133,0,1,26,144,53,12,10,14,0,1,69,25,21,39,43,0,0,27,44,0,0,0,21,49,0,0,0,28,16,1,59,144,5,0,0,144,48,3,8,23,0,0,31,83,17,25,34,0,0,0,17,0,0,0,10,81,14,0,0,33,8,0,6,144,48,0,3,144,42,0,0,7,2,0,10,106,21,3,1,0,0,0,3
3,0,0,0,42,33,12,14,0,0,0,0,135,98,0,0,102,78,0,1,68,39,0,0,121,97,0,0,0,0,0,3,2,0,1,5,52,18,20,77,16,0,0,4,135,106,7,4,135,59,0,0,29,36,2,11,93,20,0,0,0,0,0,10,1,0,12,83,36,26,22,28,27,0,0,48,135,91,11,9,135,7,0,8,30,6,2,78,21,0,0,0,0,0,0,8,0,0,1,97,60,0,0,0,1,0,0,135,77,6,0,2,7,0,1,69,12,0,3,29,0,0,0,0,0,0,0,1
8,1,4,13,1,0,15,103,49,3,0,0,0,0,11,132,28,1,0,0,0,0,16,132,17,2,2,0,0,0,12,97,37,1,5,92,98,0,0,19,132,55,11,6,9,0,1,60,28,26,42,43,0,0,29,59,2,0,4,29,1,0,76,123,25,14,1,36,132,4,0,0,132,46,4,6,15,0,0,26,87,18,32,50,0,0,0,18,0,1,29,128,3,0,10,6,30,10,0,3,132,33,0,2,132,50,0,0,3,0,0,6,111,30,6,2,0,0,0,3,3,6,10,54,15,0,0,0
17,58,53,32,52,6,0,2,148,65,3,5,11,1,0,6,66,79,4,10,4,0,0,0,22,29,4,9,5,1,0,0,24,4,2,8,148,37,0,6,148,58,0,0,22,9,1,30,84,81,24,29,0,0,0,3,16,18,19,27,0,0,0,0,25,8,0,1,129,93,0,5,148,66,0,0,14,9,0,54,148,21,16,14,0,0,0,22,2,3,25,37,6,2,0,0,64,11,0,0,58,72,3,8,148,125,0,0,1,2,0,5,96,27,0,0,0,4,8,13,2,0,0,4,12,43,11,2
140,83,7,0,0,0,0,10,140,99,41,2,1,0,0,8,14,29,101,19,4,2,0,3,24,100,29,2,0,0,0,1,140,32,0,0,0,0,0,23,140,14,1,3,2,0,0,22,59,9,8,23,11,3,0,7,87,10,1,1,1,0,0,7,140,21,13,13,3,0,0,76,140,13,1,1,0,0,0,52,66,24,36,30,0,0,0,1,49,12,18,6,0,0,0,8,41,0,4,46,60,1,1,70,140,8,0,0,2,0,0,140,88,33,35,6,0,0,0,30,4,9,64,8,0,0,0,0
9,0,0,0,0,0,0,0,45,3,1,0,0,0,0,17,95,0,0,0,0,0,0,56,6,0,0,11,22,1,1,9,137,120,18,0,0,0,0,4,137,61,38,1,0,0,0,30,137,27,2,0,0,0,0,112,49,1,1,13,11,0,0,27,27,137,137,1,0,0,0,0,24,137,137,1,0,0,0,0,121,137,48,1,0,0,0,8,70,16,6,7,1,0,0,13,26,77,66,3,0,0,0,0,41,96,56,3,0,0,0,2,32,66,25,10,6,0,0,4,29,2,3,13,14,0,0,13
140,110,2,0,0,0,0,29,140,33,8,0,0,0,0,140,36,17,22,28,5,0,5,65,102,29,3,6,1,0,0,55,32,63,21,2,0,0,0,5,89,19,20,12,3,0,1,140,140,28,2,4,2,0,10,140,137,87,3,1,0,0,0,12,0,0,1,1,0,0,0,0,44,36,4,10,4,0,0,11,140,114,0,0,0,0,0,21,128,20,0,0,0,0,0,40,0,0,0,0,0,0,0,0,4,4,0,0,0,0,0,0,68,20,0,0,0,0,0,8,33,1,0,0,0,0,5,60
8,33,12,1,4,2,0,1,44,35,46,16,2,0,0,6,149,29,3,3,0,0,3,21,83,16,0,0,0,38,47,15,47,25,5,0,0,2,23,75,62,25,24,20,16,58,52,35,149,46,4,4,4,10,10,40,43,25,41,3,0,25,26,15,5,0,0,0,0,3,75,89,123,3,0,0,0,31,112,71,149,60,1,0,0,2,32,107,32,30,22,0,0,0,47,47,1,0,0,3,7,6,26,8,148,18,0,0,0,1,19,39,121,8,0,3,12,17,93,99,0,0,0,1,4,7,101,43
0,0,0,0,2,45,55,16,8,11,5,1,11,10,27,35,0,46,97,40,35,2,1,0,7,21,125,62,5,0,0,6,31,7,2,0,8,87,43,23,125,125,18,0,0,1,14,51,29,125,125,4,2,1,3,13,0,27,105,79,68,1,1,0,31,83,36,0,5,19,0,1,125,80,10,0,0,0,0,109,82,22,5,0,1,2,19,125,12,2,3,54,38,2,7,11,20,114,21,0,0,0,0,3,46,63,47,9,1,1,1,16,115,4,2,1,0,0,1,79,35,1,1,10,1,0,11,35
0,0,0,0,79,87,21,0,2,27,22,3,45,123,64,0,0,10,44,48,1,24,78,2,0,0,7,30,5,2,60,32,9,0,0,1,123,123,1,2,123,64,28,11,37,37,1,12,14,19,54,123,20,1,0,1,0,30,80,82,12,0,0,1,14,5,0,54,123,54,0,1,123,32,3,5,18,8,2,22,31,41,44,28,30,11,3,9,9,123,78,16,2,0,0,0,7,4,4,123,63,0,0,0,123,39,8,49,8,0,0,4,55,82,33,0,0,0,0,4,8,54,22,0,1,5,0,1
32,3,0,3,103,50,0,6,128,18,9,10,12,5,2,28,4,28,36,53,24,4,1,3,10,112,78,20,0,0,0,0,31,8,6,128,72,8,0,0,128,44,9,13,3,1,1,11,23,118,49,1,3,2,0,2,19,80,20,3,1,4,1,2,6,3,9,128,58,0,0,0,128,17,11,105,21,0,0,32,114,42,7,0,1,2,1,35,4,16,9,1,25,68,3,1,2,4,3,110,56,0,0,0,32,1,4,128,71,0,0,19,75,0,1,13,3,8,7,86,2,0,0,0,55,108,7,10
0,9,15,1,4,16,28,7,7,2,2,3,80,88,4,1,147,42,0,0,22,20,0,12,90,16,8,6,1,1,0,4,1,2,1,0,3,32,91,22,43,1,0,0,46,147,23,11,147,65,0,0,5,17,3,12,60,19,0,3,3,15,11,6,10,12,5,3,31,93,17,11,88,19,1,0,12,143,15,13,147,31,0,0,0,4,3,37,36,3,1,11,8,5,12,8,3,35,17,0,21,80,21,8,34,147,39,0,6,20,2,1,147,147,6,3,6,1,1,7,12,6,0,3,17,6,13,10
0,122,100,2,2,31,11,0,40,112,80,18,25,4,0,2,140,80,5,2,2,0,0,2,21,33,13,4,0,0,0,0,0,84,82,9,18,8,2,0,53,13,13,15,136,39,1,12,140,39,6,2,10,5,0,35,26,20,31,17,1,0,0,1,0,4,4,1,25,51,52,5,79,12,0,0,110,110,4,10,140,61,0,0,4,5,1,22,41,4,5,6,7,24,8,7,1,3,1,1,14,58,58,11,120,1,0,0,30,117,12,24,140,17,0,1,1,2,3,28,9,2,1,11,9,16,8,3
1,0,0,0,52,84,13,2,152,49,0,0,30,35,1,9,152,35,3,2,0,3,3,8,2,0,5,9,8,23,6,1,14,0,0,0,24,150,29,9,152,33,0,0,7,36,6,26,126,27,0,8,5,11,9,7,1,0,0,8,14,32,11,5,26,40,6,0,20,117,9,4,152,88,4,0,0,8,2,39,103,13,0,7,7,7,24,23,1,0,0,8,30,8,9,6,9,146,53,0,5,13,0,0,118,152,14,3,4,0,0,0,23,26,2,12,43,5,6,7,5,0,0,1,21,6,4,10
159,67,15,0,0,0,0,6,66,10,1,10,15,0,0,7,89,6,1,12,14,1,0,12,44,0,0,0,48,155,6,14,27,115,59,3,1,0,0,0,63,33,15,17,3,0,0,1,32,20,49,34,25,8,1,5,11,3,3,13,170,170,5,4,25,19,7,11,10,0,0,0,58,16,7,7,7,0,1,22,18,11,23,12,56,8,2,28,0,2,3,31,170,47,0,0,5,23,19,8,1,0,0,0,12,75,29,8,2,0,0,3,5,23,23,10,91,36,0,3,2,9,3,8,170,97,0,0
0,0,0,0,0,0,0,0,0,9,15,0,0,0,0,0,3,94,58,2,0,0,0,0,5,122,95,0,0,0,0,0,26,4,0,0,0,0,0,5,108,109,41,0,0,0,0,5,28,122,122,0,0,0,0,2,28,121,23,4,0,0,0,1,122,7,0,9,10,0,0,102,122,30,2,0,0,0,0,94,98,31,18,0,0,0,0,33,42,14,4,3,0,0,0,12,121,101,4,11,53,9,0,22,122,43,9,9,2,0,0,105,118,14,7,0,0,0,0,116,19,26,25,1,0,0,0,11
0,0,1,2,0,0,56,75,7,3,18,9,0,0,46,97,19,43,22,3,0,1,16,48,13,18,34,67,1,6,23,11,84,16,0,0,0,0,46,138,138,38,1,0,0,0,28,138,41,13,19,6,0,0,22,54,62,15,11,2,0,3,23,36,138,133,2,0,0,0,1,69,138,109,0,0,0,0,2,44,53,7,9,2,0,0,16,88,51,22,9,0,0,0,2,19,138,67,3,0,0,0,0,46,81,20,0,0,0,0,14,110,70,3,0,0,0,0,9,66,33,2,0,0,0,0,5,47
0,0,0,0,0,0,0,0,0,0,0,0,0,0,1,5,4,1,2,19,6,0,0,9,0,9,54,52,7,0,0,0,4,4,2,3,5,0,3,30,56,8,0,0,0,0,34,132,137,46,40,49,8,3,8,78,10,19,137,137,38,31,0,1,5,58,105,60,10,0,0,9,101,102,75,9,0,0,3,27,137,51,4,2,1,44,33,63,14,2,7,14,49,137,29,10,0,45,76,137,31,9,1,0,19,22,46,31,42,24,5,14,48,6,0,0,1,37,87,77,0,0,0,0,37,88,44,9
19,39,35,7,10,8,9,18,145,145,51,2,0,0,4,9,145,145,24,0,0,8,57,32,5,25,5,0,0,2,20,7,52,8,3,0,0,2,77,145,145,90,8,1,0,0,37,94,112,51,21,3,1,7,31,35,0,0,0,0,0,1,5,0,100,53,1,0,7,4,25,49,145,53,4,7,3,5,64,145,21,7,1,0,0,1,31,63,0,0,0,0,0,0,0,0,14,48,3,1,0,0,0,0,11,39,10,22,4,3,6,2,0,0,0,0,0,0,2,0,0,0,0,0,0,0,0,0
21,65,96,51,5,1,0,1,5,10,40,144,64,10,0,0,130,140,10,37,16,1,0,0,19,30,1,0,0,0,0,0,49,29,10,13,44,17,0,3,25,4,5,52,144,115,1,2,144,67,0,11,28,21,1,5,26,10,0,0,0,0,0,0,21,9,0,5,80,11,12,42,39,0,0,21,144,30,2,8,144,6,0,2,32,5,1,65,16,0,0,0,0,0,0,4,2,1,33,22,17,10,32,61,6,0,3,45,144,20,11,14,55,0,1,20,47,3,6,105,1,0,0,0,0,0,0,5
0,0,3,20,2,0,1,1,78,3,12,105,24,0,6,57,140,17,22,9,1,0,7,67,11,6,48,73,3,2,26,8,0,0,0,18,16,0,0,0,43,4,1,135,140,0,0,12,140,19,2,10,23,0,0,76,63,5,8,27,35,10,0,15,0,0,0,1,21,1,0,0,23,12,0,30,140,17,1,8,140,67,0,7,37,4,13,78,47,10,0,6,48,22,35,27,0,0,0,0,8,5,0,0,4,0,0,0,140,87,6,14,47,4,0,0,34,23,51,140,10,2,0,2,11,40,106,58
0,0,0,0,0,0,0,0,1,0,0,0,0,0,0,0,50,25,4,0,0,0,0,4,24,105,56,0,0,0,0,0,0,0,0,0,1,0,0,0,31,4,0,12,36,1,0,18,133,26,0,3,4,0,0,87,133,43,8,0,0,0,0,33,0,0,0,0,45,51,0,0,38,79,3,13,133,75,0,1,133,133,13,12,12,0,0,34,133,10,2,5,3,0,1,133,1,11,7,0,40,133,4,0,54,133,11,1,38,73,0,0,46,133,19,38,23,0,0,2,32,0,2,35,51,2,3,105
1,2,4,2,47,77,12,1,152,29,0,0,25,33,1,9,152,29,6,3,1,4,2,4,0,1,6,7,7,17,4,0,14,0,0,0,13,148,41,11,152,28,0,0,4,33,9,32,144,20,0,2,7,15,7,9,0,0,0,2,12,31,12,2,30,39,5,0,20,114,10,6,152,99,1,0,0,7,4,30,110,12,0,3,9,7,19,20,0,0,0,3,26,20,9,1,9,152,49,0,4,12,1,0,105,152,8,3,3,0,0,0,19,27,3,10,32,4,8,3,1,0,0,2,34,13,4,3
0,0,0,0,0,0,0,6,76,3,0,0,0,0,64,157,155,7,0,0,0,0,23,150,28,9,3,0,0,0,15,34,35,15,0,0,0,0,0,17,157,80,0,0,0,0,1,102,157,42,0,0,0,0,2,80,54,7,1,0,0,0,3,79,23,27,0,0,0,0,0,0,157,64,0,0,0,0,0,51,123,5,0,0,0,0,11,157,60,0,0,0,0,0,6,113,0,0,0,0,0,0,0,0,3,0,0,0,0,0,0,2,6,0,0,0,0,0,0,17,17,0,0,0,0,0,1,24
14,7,46,27,49,41,3,7,5,8,7,4,88,102,32,2,10,8,0,0,2,16,14,1,0,0,0,0,0,0,0,0,9,0,0,1,46,80,36,17,50,13,12,36,123,45,3,1,123,44,6,6,11,4,2,18,8,0,0,0,0,0,0,2,63,46,11,2,7,28,58,26,37,65,123,108,42,2,1,3,123,17,72,76,34,2,0,100,43,0,0,0,0,0,0,67,123,97,11,0,2,6,2,13,100,41,42,56,33,0,0,33,13,0,8,123,116,3,3,59,12,0,0,28,11,2,36,121
0,0,0,2,0,0,0,3,0,3,53,63,5,2,32,6,79,58,91,11,1,27,117,32,117,79,8,1,1,27,102,75,22,0,0,2,0,0,0,57,117,38,117,60,3,5,5,72,15,39,117,91,46,34,12,6,12,14,40,61,57,35,115,37,10,1,0,0,0,0,0,6,106,17,4,2,4,60,29,23,18,3,6,18,31,117,102,32,76,101,59,28,16,10,12,29,0,0,0,0,0,0,0,0,0,0,0,0,2,13,0,0,28,19,0,0,6,38,13,23,117,60,1,0,0,0,2,42
0,0,0,0,0,0,0,0,0,0,0,2,0,0,0,0,0,0,12,7,0,0,0,0,0,0,6,0,0,0,0,0,32,11,16,17,9,0,0,17,120,27,21,43,3,3,1,32,9,14,120,120,29,41,12,1,0,9,46,3,2,15,19,0,22,25,101,120,29,5,2,4,120,36,17,8,9,40,64,62,13,11,9,24,117,120,52,11,14,41,2,1,19,67,42,1,0,2,10,100,120,70,7,0,46,82,18,4,29,55,76,42,34,77,95,120,72,38,13,9,105,100,20,29,15,5,0,4
2,1,5,51,116,79,95,50,55,73,52,37,91,21,6,27,39,17,10,11,15,46,111,89,1,0,0,1,3,54,116,42,78,6,2,37,105,49,104,76,116,88,49,41,13,7,13,49,6,15,36,116,83,33,15,3,0,0,11,36,9,16,14,12,67,56,2,9,51,3,0,11,116,57,2,5,6,78,101,48,4,2,6,56,20,38,114,13,0,0,2,8,0,0,0,0,0,4,0,0,0,1,0,0,1,6,0,0,3,65,14,0,0,0,0,0,0,13,11,0,0,0,0,0,0,0,0,0
1,1,2,16,17,0,0,2,111,41,8,27,22,0,1,53,39,17,6,20,22,5,61,111,3,0,0,4,12,6,109,111,2,1,0,4,53,49,3,3,111,68,3,8,55,35,12,42,43,21,3,23,100,96,27,11,50,1,0,13,67,30,52,99,7,16,6,1,5,98,29,9,76,41,6,4,6,58,53,111,8,12,12,15,19,111,100,25,65,111,4,3,10,28,41,10,5,55,55,9,0,6,7,6,11,82,57,25,12,9,2,4,10,28,36,47,18,17,5,5,101,111,9,0,0,0,1,17
30,4,10,4,19,22,17,43,13,3,11,24,115,42,6,1,104,16,10,8,14,6,1,14,8,0,0,0,0,0,0,5,19,5,4,14,31,41,40,17,87,62,81,31,23,16,21,13,71,31,107,103,18,0,3,55,14,0,0,13,4,2,28,73,28,27,7,84,115,12,3,4,115,59,10,8,2,2,12,71,27,9,14,115,36,7,27,52,0,3,63,115,23,10,32,17,5,5,48,115,73,0,1,3,26,64,102,33,0,0,24,64,14,115,84,5,4,4,28,42,0,40,115,42,4,1,1,0
15,98,58,2,4,23,10,3,61,57,36,9,24,26,5,27,129,13,1,0,3,6,2,61,3,2,1,2,23,26,0,2,25,22,7,0,2,24,129,66,50,6,1,0,21,129,62,56,129,12,0,0,3,14,9,129,14,1,0,2,51,43,1,10,7,13,76,15,5,6,57,63,55,129,47,0,9,37,26,30,129,129,4,4,2,2,1,18,14,9,2,17,36,5,0,2,10,82,129,4,0,0,0,1,12,86,129,4,0,0,0,0,45,47,7,0,0,0,0,0,1,1,0,1,0,0,0,0
9,37,24,3,20,34,5,0,90,132,32,1,2,0,0,0,8,58,132,29,0,0,0,0,0,0,90,57,0,0,0,0,9,81,122,8,13,30,11,3,132,115,25,4,7,8,1,10,44,51,33,13,10,12,0,1,0,0,14,28,28,23,0,0,16,8,10,1,7,80,95,40,132,11,0,0,4,35,18,67,60,2,0,0,16,67,4,11,0,0,0,0,27,127,12,0,21,72,48,4,1,24,22,27,132,132,6,2,3,8,3,15,23,10,1,4,55,42,1,4,0,0,0,1,45,119,19,0
45,3,1,0,3,5,82,135,5,0,0,2,32,61,135,58,16,0,3,1,2,7,122,135,2,0,0,0,0,0,1,8,68,6,7,5,13,32,46,66,31,3,0,2,111,135,55,40,135,24,0,0,11,24,24,115,39,4,0,0,0,0,0,8,21,36,3,0,2,54,69,36,41,42,36,26,26,60,34,22,135,27,7,4,6,7,24,135,26,1,0,0,0,0,10,54,27,56,4,0,0,1,8,24,18,30,13,15,61,14,8,22,6,0,1,2,36,18,42,92,1,0,0,0,0,0,13,45
