0,0,0,0,0,1,9,2,19,0,0,0,0,1,52,93,158,23,0,0,0,0,4,66,88,32,0,0,0,0,0,0,0,0,0,0,0,0,3,0,54,12,8,2,1,3,36,78,158,28,2,0,0,0,2,92,120,10,0,1,2,0,0,5,0,0,0,0,0,0,0,0,24,60,59,2,0,1,2,3,158,117,31,0,0,1,12,52,84,1,0,0,1,4,10,69,0,0,0,0,0,0,0,0,0,5,7,0,0,13,29,0,17,10,5,0,0,38,158,95,5,0,0,0,0,6,158,158
2,1,0,4,2,0,0,0,16,0,0,22,19,0,0,18,125,5,0,0,1,0,0,60,40,27,21,8,1,0,0,6,38,121,15,26,16,0,0,0,30,13,13,108,125,1,0,14,125,29,6,7,15,0,0,43,100,37,2,0,0,0,2,9,7,104,14,12,17,18,42,2,5,16,38,111,102,40,33,0,125,64,38,19,5,10,81,38,43,1,0,0,0,0,125,74,1,4,5,0,0,29,125,5,0,3,5,10,12,73,83,3,0,1,18,15,10,56,125,6,0,4,34,4,0,11,125,21
0,0,118,121,3,0,1,0,2,5,121,115,8,4,5,9,17,32,110,13,0,1,4,17,4,5,55,28,3,5,26,10,0,0,15,47,56,39,1,0,6,1,29,50,121,121,37,16,103,29,74,7,3,17,35,63,18,15,121,35,0,12,8,1,0,0,0,0,80,105,11,1,35,10,0,4,121,104,6,5,121,32,1,1,13,21,20,40,22,3,4,2,3,121,95,9,3,0,0,4,59,14,2,2,13,1,0,8,87,6,0,1,52,1,0,0,5,8,3,12,1,0,0,0,4,41,15,1
0,0,0,0,0,125,52,0,0,0,0,0,0,125,108,7,2,0,1,26,37,125,28,6,0,36,13,16,16,43,3,0,0,0,0,0,0,125,116,0,26,0,0,0,0,76,109,51,91,21,27,45,8,1,8,45,6,62,89,45,3,0,0,0,10,4,0,0,0,96,79,13,109,52,0,0,0,5,32,34,125,66,11,3,0,0,0,7,35,24,69,35,0,0,0,0,22,99,0,0,0,16,9,3,54,125,8,0,0,0,0,1,104,96,6,0,0,0,0,1,60,7,7,14,3,0,0,7
27,1,0,0,3,49,58,19,91,38,0,0,0,1,2,6,38,127,36,0,0,0,0,0,2,109,35,0,0,0,0,0,104,2,0,0,7,3,5,25,148,13,0,0,0,0,0,12,148,104,18,0,0,0,0,0,16,82,53,0,0,0,0,0,70,0,0,0,16,1,0,60,148,0,0,0,0,0,0,74,148,26,0,0,0,0,0,19,54,40,12,0,0,0,0,0,36,0,0,9,21,1,0,37,148,0,0,0,0,0,0,91,148,2,0,0,0,0,0,95,70,10,0,0,0,0,0,18
118,45,0,0,0,0,0,0,39,15,0,2,55,6,0,0,73,61,2,3,28,6,0,0,24,13,2,6,75,20,0,0,118,38,0,0,3,1,0,1,55,9,0,0,71,24,0,3,118,15,0,1,43,14,0,12,41,2,0,0,94,36,1,8,93,9,0,0,4,11,5,24,49,3,0,0,40,72,15,23,115,14,0,1,41,59,7,38,19,0,0,0,71,114,33,30,16,0,0,0,0,39,118,43,15,0,0,0,3,103,118,84,31,0,0,0,24,118,44,118,0,0,0,0,21,118,118,6
4,0,0,9,128,13,6,16,95,0,0,4,19,1,0,147,55,0,1,65,49,0,0,76,61,5,7,84,32,0,0,20,8,1,1,15,50,19,23,39,82,3,1,37,28,0,0,72,154,28,13,33,3,0,0,82,32,28,70,140,3,0,0,0,69,36,6,18,9,0,3,14,84,23,5,57,45,0,0,1,154,74,8,5,1,0,0,4,45,35,85,35,0,0,0,0,67,41,5,17,15,0,0,0,66,11,3,42,56,0,0,0,154,10,0,2,1,0,0,9,62,5,7,0,0,0,3,14
20,1,0,9,24,5,3,33,18,10,23,55,29,9,2,10,121,6,12,30,2,0,0,78,73,0,0,0,0,0,9,121,42,2,0,86,45,0,0,13,121,31,29,58,2,0,0,10,42,9,21,121,27,0,0,51,57,0,1,6,2,0,5,121,25,2,1,106,103,1,0,3,121,14,7,26,8,0,0,24,51,14,66,121,23,0,0,10,62,15,90,69,2,0,0,30,8,6,17,102,30,0,0,2,93,6,9,65,7,0,2,51,54,8,33,20,0,0,8,121,7,4,85,73,0,0,0,38
0,0,0,0,89,106,4,4,88,0,0,0,13,31,13,119,34,0,0,8,115,36,8,53,45,15,2,15,82,16,0,1,3,1,0,11,119,41,0,1,119,30,0,0,35,21,6,36,58,4,0,0,40,119,16,24,88,11,0,0,28,75,6,15,15,0,0,2,119,119,4,7,119,8,0,0,11,53,21,47,28,8,0,0,22,119,16,8,105,86,1,0,4,26,2,3,13,24,9,1,50,80,1,3,39,24,7,3,13,21,10,21,51,21,0,0,24,43,4,1,119,65,0,0,10,8,0,0
1,0,10,25,50,1,0,2,9,2,1,27,107,4,1,13,88,18,24,7,5,2,1,39,12,3,24,69,42,24,0,1,2,0,0,8,64,3,0,1,23,1,0,19,124,8,0,3,124,22,0,0,26,10,1,12,22,2,0,1,124,98,1,1,0,0,0,3,27,76,4,0,35,0,0,10,117,124,11,12,124,4,0,0,43,28,6,31,12,0,0,0,124,99,0,3,0,0,0,0,77,105,1,0,43,6,0,0,50,124,16,25,124,7,0,0,29,35,12,71,10,11,0,2,124,64,2,3
1,0,0,17,28,10,44,64,0,0,2,38,54,10,18,20,58,1,2,23,3,0,2,118,120,12,29,17,0,0,0,55,4,0,1,121,79,4,24,23,69,11,7,25,9,3,18,33,75,9,8,67,15,0,0,18,121,7,4,3,0,0,0,87,2,1,1,121,116,0,0,0,120,14,6,65,23,0,0,6,55,11,15,78,26,0,0,6,121,5,7,18,3,0,0,84,0,0,0,121,66,0,0,1,63,27,13,121,40,0,0,0,67,56,66,51,1,0,0,0,64,28,80,40,0,0,0,11
0,8,28,122,67,16,38,16,31,129,52,67,25,27,44,10,87,60,4,0,0,15,57,92,46,2,2,0,0,0,0,31,13,2,1,6,19,119,129,48,129,56,33,5,7,45,108,75,107,108,103,2,1,8,14,29,62,13,3,0,0,1,12,33,27,74,87,39,40,59,38,16,129,123,26,0,0,1,10,50,84,25,31,6,0,0,0,11,5,3,3,2,0,2,5,4,0,17,30,18,2,0,0,0,9,19,6,0,0,0,0,0,3,0,0,0,0,0,0,0,0,0,0,0,0,0,0,0
11,20,2,4,115,108,20,33,97,133,3,5,51,57,0,0,110,133,10,0,1,1,0,0,5,19,13,1,0,0,0,0,17,6,1,3,36,36,56,40,133,133,2,4,14,5,4,40,68,72,1,3,13,5,3,17,14,30,1,0,1,1,0,0,15,6,5,1,3,5,7,13,108,12,2,0,0,0,18,133,21,8,0,1,3,1,47,133,16,18,1,0,0,0,2,56,32,6,3,0,0,1,73,99,8,6,3,0,1,0,35,61,1,0,0,0,5,3,31,133,2,0,0,0,0,0,21,133
39,15,2,0,0,1,10,32,26,27,17,2,16,112,54,48,0,129,116,3,8,71,46,0,0,129,129,36,2,15,10,0,20,11,7,4,1,4,6,9,124,129,32,1,2,5,7,14,17,129,122,1,2,6,1,2,0,59,45,6,0,3,2,0,49,10,13,4,0,0,0,43,129,34,4,0,0,0,0,94,89,28,17,1,4,8,2,37,1,21,24,0,0,1,1,0,83,27,0,0,0,4,2,43,129,0,0,0,0,6,2,72,129,12,5,0,0,0,0,46,1,5,10,2,1,0,0,0
127,81,17,11,0,0,5,90,130,13,0,0,0,0,4,130,40,3,0,0,0,1,9,43,34,8,2,2,0,0,0,8,30,40,58,80,0,0,5,51,130,113,12,1,0,0,3,130,116,22,0,0,0,0,12,47,52,3,0,0,0,0,1,22,16,26,65,39,0,0,0,1,130,56,10,1,0,0,2,101,128,39,0,0,0,0,16,94,43,29,0,0,0,0,0,4,10,2,7,14,7,12,17,15,126,22,0,1,1,1,0,24,130,37,0,0,0,0,5,68,10,8,0,0,0,0,0,4
0,0,23,134,15,0,0,0,25,59,113,57,5,0,0,6,134,134,32,0,0,0,0,19,129,35,0,0,0,0,0,4,0,0,7,89,49,0,0,0,75,34,20,59,39,0,1,35,134,123,7,0,0,0,0,67,77,26,0,0,0,1,2,14,0,0,7,70,31,0,0,0,33,102,79,60,11,0,0,4,134,134,20,0,0,0,0,18,51,33,1,0,0,0,0,11,2,4,3,21,11,4,4,5,70,68,10,5,1,0,0,3,102,76,1,0,0,0,1,30,24,26,1,0,0,0,1,9
54,2,0,0,22,65,12,27,56,4,0,0,26,71,16,36,108,16,0,0,18,45,7,7,43,13,3,13,23,0,0,0,106,15,0,6,43,16,3,13,70,7,0,0,57,132,12,17,146,29,0,0,10,34,13,16,48,14,5,9,35,13,0,0,38,15,0,3,42,53,38,15,76,3,0,0,33,146,46,23,146,21,0,0,3,16,7,18,35,2,0,0,67,99,5,2,5,1,2,17,28,73,34,7,115,35,4,22,15,62,31,13,146,52,0,0,12,29,2,7,10,0,0,0,55,146,4,1
25,0,0,0,0,0,6,145,89,0,0,0,0,0,0,145,34,0,0,0,0,1,2,40,0,0,0,0,0,9,7,2,100,22,21,2,0,0,4,145,145,13,0,0,0,0,0,145,106,5,0,0,0,1,2,19,0,0,0,1,28,22,5,1,64,132,74,4,0,0,0,7,145,145,4,0,0,0,0,11,95,13,0,0,0,1,0,7,0,0,2,7,35,6,0,0,88,35,5,8,4,0,0,46,145,57,0,0,0,0,0,45,38,8,0,0,0,1,2,12,3,10,6,3,2,1,0,0
0,0,47,134,0,0,6,13,134,55,38,39,0,0,16,59,134,91,13,24,8,0,0,20,12,11,38,114,30,0,0,5,0,0,36,134,13,0,0,0,112,59,83,105,0,0,0,2,134,49,14,23,0,0,0,31,26,6,10,134,37,0,0,7,0,0,17,63,9,0,0,0,24,17,65,79,0,0,0,1,134,33,15,5,0,0,0,39,56,1,1,31,97,21,1,21,0,0,45,27,0,0,0,0,1,8,62,29,0,0,0,0,79,33,18,3,0,1,4,16,26,0,0,1,55,33,24,20
26,46,10,1,2,124,43,3,3,1,5,1,5,127,108,11,31,1,4,5,4,24,39,42,25,4,42,49,0,0,0,11,18,1,0,0,0,127,127,19,107,4,0,0,0,61,73,40,108,3,0,0,0,0,5,45,73,2,2,1,0,0,0,40,127,22,0,0,1,45,103,52,127,56,0,0,0,0,3,9,86,18,0,0,0,0,0,16,113,7,0,0,0,0,0,20,127,62,0,0,4,1,0,3,115,98,14,0,0,0,0,0,21,63,27,0,0,0,0,0,45,45,6,0,0,0,0,2
0,0,0,0,0,0,0,0,0,0,2,1,0,3,49,6,3,3,10,2,0,1,37,33,1,3,6,24,2,0,0,1,0,0,0,0,0,0,0,0,26,1,0,0,0,17,140,64,140,5,0,0,0,3,99,140,31,2,8,1,0,0,7,14,0,0,0,0,0,0,0,0,140,93,0,0,0,5,42,24,140,107,0,0,0,19,53,56,27,0,0,0,0,10,108,77,0,5,1,0,0,0,0,0,79,140,16,2,5,2,0,0,88,91,10,14,39,140,60,11,82,32,7,1,1,38,79,98
67,1,0,0,1,39,38,62,154,1,0,0,0,2,4,83,33,0,0,3,11,34,92,70,6,0,0,0,0,3,69,154,122,44,20,4,1,4,4,13,154,35,3,4,2,1,0,15,39,15,7,49,61,10,3,10,25,11,3,7,7,0,2,85,71,8,16,15,39,15,2,19,154,21,1,0,2,1,0,64,56,22,63,39,38,1,0,10,4,16,62,35,6,0,0,2,52,33,2,2,46,20,0,4,154,124,0,0,0,0,0,9,64,68,48,13,8,3,0,0,0,0,30,51,33,3,0,0
0,0,4,2,0,0,68,14,0,0,0,9,53,13,42,4,10,27,5,12,63,7,5,1,30,51,1,0,0,2,0,0,0,0,0,0,0,0,142,59,13,0,0,0,7,21,142,56,124,37,2,1,8,11,66,69,19,49,2,0,26,63,2,1,0,0,0,0,0,8,55,8,76,15,0,0,2,6,60,22,142,50,0,2,5,10,12,29,19,4,0,15,94,142,12,5,1,0,0,0,0,8,142,48,139,9,0,0,0,0,63,93,142,48,2,8,20,5,0,10,3,2,3,52,103,45,2,0
1,0,0,5,80,45,0,0,43,45,0,0,7,11,1,4,136,60,0,0,0,0,0,9,64,5,0,0,0,0,0,5,7,0,0,56,121,2,0,11,67,14,2,6,7,0,0,38,154,18,0,0,0,0,0,70,74,3,0,0,0,1,1,19,53,0,2,66,72,1,4,161,41,34,10,32,9,0,0,5,161,49,0,0,0,0,0,12,69,7,0,0,1,3,1,8,161,5,1,19,4,0,7,161,29,5,5,44,9,0,5,85,141,8,0,1,0,0,0,16,53,16,4,1,0,0,0,4
4,76,159,0,0,0,0,1,3,70,159,39,3,1,0,1,5,73,159,33,0,0,0,0,14,159,159,0,0,0,0,0,2,76,87,5,10,8,0,0,17,14,56,12,53,47,2,7,133,38,64,3,6,7,2,17,12,23,51,4,34,12,4,2,0,6,13,7,44,33,0,0,30,10,4,19,56,54,0,1,159,19,1,1,5,2,0,4,25,1,0,9,93,7,1,3,0,0,0,4,6,1,0,0,10,9,17,35,6,0,0,0,110,28,8,4,0,0,0,1,17,3,3,30,37,2,0,1
19,19,33,16,2,10,28,19,119,44,4,0,0,0,1,62,35,10,2,6,6,0,0,36,0,0,0,22,67,9,0,0,61,37,0,0,0,17,57,51,116,37,2,0,0,0,1,119,101,10,0,2,5,0,0,89,9,1,0,5,119,30,0,2,119,108,4,0,0,1,8,65,57,119,19,0,0,0,2,27,117,63,0,0,8,1,0,10,11,2,0,3,119,14,0,0,119,22,0,0,0,0,11,119,96,28,0,0,0,0,11,117,71,18,0,0,6,5,1,32,2,0,0,2,117,35,1,3
82,102,5,0,0,2,30,22,53,44,0,0,0,0,73,39,35,19,4,6,1,0,43,33,61,46,5,2,0,0,0,10,44,21,16,24,35,48,111,45,118,66,6,0,0,1,72,88,57,104,46,0,0,0,4,15,72,42,11,0,0,0,0,10,25,30,118,110,26,7,3,3,118,118,54,4,0,0,0,49,109,61,14,0,0,0,0,52,32,49,7,0,3,7,0,1,0,13,118,63,0,0,0,0,9,118,103,4,0,0,0,0,24,113,31,0,1,0,0,1,12,10,6,1,14,35,2,0
48,31,38,19,49,48,36,45,118,52,95,33,0,0,3,42,28,38,118,53,0,0,0,4,26,33,85,7,14,6,4,29,11,118,118,50,16,0,0,1,105,80,118,51,1,0,0,14,99,31,62,8,2,3,0,18,4,8,59,14,80,58,0,1,1,96,82,39,7,0,0,0,5,22,71,117,22,0,0,0,35,56,75,27,9,6,1,4,2,1,37,69,62,40,1,0,0,8,46,30,2,0,2,2,0,26,75,43,4,0,0,0,0,45,84,23,1,0,0,0,0,0,56,103,3,0,0,0
50,22,73,10,3,9,5,34,20,21,116,33,0,2,2,6,104,64,33,6,0,0,1,6,58,29,2,3,0,0,0,8,116,5,0,0,0,10,25,80,38,2,8,4,0,42,75,34,70,18,5,1,0,8,27,86,53,4,0,0,0,0,0,87,116,14,0,0,0,40,76,42,87,18,0,0,0,53,116,81,99,102,6,0,0,1,7,38,67,46,3,0,0,0,0,22,23,15,21,32,41,82,56,21,116,30,19,4,3,24,51,116,102,26,1,0,0,0,18,116,53,20,0,0,0,0,2,39
73,30,5,8,4,19,38,22,160,41,4,6,2,9,16,42,160,34,7,5,0,0,0,8,4,3,19,44,1,1,7,2,54,21,5,36,15,16,30,9,160,61,0,2,1,3,10,20,160,21,0,0,0,0,0,51,42,7,14,28,0,0,0,12,57,16,3,22,26,59,15,11,160,42,0,1,2,7,8,37,112,2,0,0,0,5,38,148,51,2,2,1,0,0,0,48,69,46,4,9,16,22,12,5,160,89,0,0,6,12,7,18,12,2,0,0,9,23,33,36,2,0,0,0,0,0,0,10
0,0,0,2,30,56,16,0,0,0,6,23,74,85,34,3,25,4,17,10,6,17,54,110,86,8,9,1,1,0,5,98,9,2,1,3,49,108,66,26,80,18,64,53,27,10,28,55,31,30,110,89,2,0,0,7,110,41,42,6,0,0,0,52,11,43,110,54,69,19,4,7,110,98,103,9,0,1,2,25,74,26,107,40,0,0,0,7,9,22,110,16,6,3,0,3,0,78,107,33,2,0,0,0,9,33,98,70,7,0,0,0,61,24,20,14,0,0,0,7,13,5,14,5,25,33,1,1
8,0,0,0,5,110,69,12,67,2,0,0,4,53,56,53,92,4,10,4,0,5,14,41,9,6,18,9,1,10,25,12,21,2,1,4,54,114,41,11,114,25,0,0,0,11,37,47,89,8,0,0,0,37,86,34,43,30,0,0,0,15,39,24,16,27,56,83,50,12,0,1,109,51,26,10,23,55,43,20,69,4,2,3,8,78,114,106,114,30,1,0,0,1,12,114,0,6,54,58,3,0,0,0,0,7,52,103,51,19,3,0,42,52,104,40,16,17,10,32,91,62,9,0,0,0,2,81
151,15,1,3,0,2,7,35,87,8,5,18,5,32,34,25,151,0,0,0,0,2,5,68,62,1,2,1,0,0,2,53,151,36,3,6,1,3,4,37,88,13,7,39,33,47,10,26,151,10,0,1,4,9,14,98,36,0,0,0,2,9,44,109,151,117,6,2,2,7,16,22,83,30,9,20,29,49,23,16,151,44,0,1,9,10,9,35,10,0,0,0,11,14,17,12,47,22,3,0,0,6,64,40,99,14,0,0,2,23,45,22,58,3,0,0,0,0,5,33,0,0,0,0,0,0,0,1
123,6,0,0,0,3,28,123,81,0,0,0,0,0,52,123,0,0,0,2,14,39,100,49,0,0,0,24,118,81,9,0,123,123,22,3,0,0,3,62,103,10,0,0,0,0,85,98,27,2,0,0,5,18,109,67,2,0,4,24,61,54,12,3,123,66,5,1,0,0,5,81,77,23,1,1,0,0,17,28,90,26,1,0,2,1,5,14,5,13,24,15,15,3,0,1,73,123,35,7,1,0,0,4,33,72,36,5,0,0,0,5,36,64,37,0,0,0,0,4,3,33,29,2,0,0,0,0
14,69,128,89,16,0,0,2,19,116,128,55,11,1,0,2,14,128,128,31,3,0,0,0,58,128,19,0,0,0,0,0,0,13,74,53,16,3,0,0,26,58,75,4,0,0,0,6,128,97,45,0,0,0,0,16,128,79,3,0,0,0,1,7,0,15,42,99,14,0,0,0,5,35,99,7,0,0,1,1,94,38,29,0,0,4,12,26,74,4,0,0,0,7,67,77,0,1,11,56,19,0,0,0,0,4,14,32,11,4,4,0,1,2,2,6,17,43,34,10,0,0,0,0,8,28,108,28
52,0,0,0,0,0,87,118,0,0,0,1,19,78,118,65,0,0,0,25,118,118,15,0,0,0,63,85,78,16,0,0,59,4,0,0,0,0,118,101,45,4,0,1,13,33,118,93,2,0,7,52,118,97,16,3,0,2,66,41,21,12,2,0,89,30,0,0,0,0,19,27,118,35,2,1,6,4,3,15,4,22,51,35,34,6,0,1,0,30,118,18,4,3,0,0,47,81,44,3,0,0,0,7,54,77,40,0,0,0,0,5,3,55,55,6,0,0,0,0,0,9,50,19,7,7,0,0
8,10,0,0,0,7,45,18,1,0,0,0,1,41,62,9,0,0,0,2,40,71,48,0,0,0,0,3,40,83,60,2,4,2,0,0,0,16,117,27,38,7,0,0,3,15,54,36,6,4,1,9,104,43,3,1,0,0,11,20,89,40,1,1,28,20,3,0,0,0,45,42,116,113,21,5,3,0,4,39,9,25,109,102,50,8,0,0,0,0,102,94,64,8,0,0,113,27,0,0,0,0,43,97,117,117,27,1,0,0,0,14,7,54,117,99,0,0,0,0,0,0,59,117,87,1,0,0
44,8,2,0,0,0,20,73,41,11,1,0,0,3,28,62,146,67,1,0,0,3,15,14,93,103,7,0,0,0,0,0,112,13,0,0,0,1,8,38,71,1,0,0,0,28,54,50,155,29,0,0,0,2,13,42,140,23,0,0,0,0,0,35,29,11,2,2,0,1,18,49,93,59,0,0,0,17,30,27,155,40,0,0,0,0,1,21,125,0,0,0,0,0,0,47,5,66,47,6,1,0,0,2,38,144,33,0,0,0,0,1,155,52,5,0,0,0,0,20,78,1,0,0,0,0,0,43
4,0,0,0,0,5,20,65,2,0,0,0,44,68,14,10,18,26,17,57,49,24,0,0,0,5,79,120,69,0,0,0,5,0,0,0,0,11,43,67,19,3,0,0,13,52,57,22,120,57,20,12,5,8,5,20,16,18,120,120,0,0,3,11,8,0,0,0,0,25,109,20,40,19,0,0,1,11,72,79,100,18,0,0,8,8,28,104,50,4,7,8,0,0,18,102,0,0,0,6,35,100,114,16,80,1,0,1,2,9,89,120,65,2,1,2,24,17,10,116,64,1,1,1,2,1,2,120
46,132,62,1,0,0,0,0,94,132,6,0,0,0,0,16,132,81,9,2,0,0,0,17,33,32,90,35,0,0,0,3,132,92,8,1,0,0,0,0,105,41,10,22,1,0,0,29,132,9,1,1,0,0,0,70,87,5,1,0,0,0,0,50,132,67,15,1,0,0,0,6,105,37,15,25,1,0,0,11,132,64,4,2,0,0,0,10,88,5,0,0,0,0,0,35,31,26,40,11,0,1,7,7,90,15,3,0,0,0,1,40,120,18,0,0,0,0,0,15,75,21,0,0,0,0,0,2
111,5,2,4,0,0,0,47,101,3,0,0,0,0,0,55,87,11,2,0,0,0,0,50,53,9,1,0,0,0,0,30,108,45,8,9,0,0,0,7,116,13,0,0,0,0,0,35,138,4,0,0,0,0,0,38,105,3,0,0,0,0,0,14,99,17,1,0,0,0,0,33,115,17,0,0,0,0,0,10,138,19,0,0,0,1,8,17,61,2,0,0,0,19,73,30,109,1,0,0,0,0,10,54,84,4,0,0,0,16,45,23,30,2,0,0,1,138,138,24,2,0,0,0,1,138,138,9
19,131,30,7,8,0,0,2,39,131,22,0,0,0,1,7,131,103,6,0,0,0,0,11,120,10,3,0,0,0,0,22,22,46,29,6,2,28,41,19,131,71,4,0,0,0,22,49,120,91,10,0,1,0,0,8,131,5,0,0,0,0,5,34,64,33,1,0,0,24,36,12,131,20,1,0,0,0,3,46,131,51,6,0,1,0,0,17,73,20,0,0,0,1,10,15,50,33,1,0,0,6,19,33,131,6,1,0,0,10,13,89,122,24,1,0,0,0,4,73,9,5,0,0,0,2,27,18
10,0,0,0,0,44,94,20,0,0,0,0,0,51,122,12,1,0,0,0,25,30,47,18,2,1,6,3,19,11,3,16,17,1,0,5,15,50,126,99,26,0,0,0,0,17,126,121,104,17,6,0,1,2,35,83,14,19,53,19,6,1,0,0,40,21,63,90,23,8,11,33,102,101,20,1,0,0,14,66,126,126,1,0,0,0,1,14,34,42,27,5,0,0,0,0,1,14,126,78,1,0,0,0,17,126,101,4,0,0,0,3,24,126,8,0,0,4,3,2,14,21,0,0,0,3,13,5
0,0,0,99,107,9,9,21,67,1,0,21,15,1,9,142,94,4,2,0,0,0,2,101,4,1,6,14,13,24,11,4,0,0,0,142,75,3,2,0,78,6,6,142,43,0,0,88,142,41,10,8,0,0,0,116,26,23,70,28,6,1,0,0,0,0,0,60,22,20,42,0,25,32,44,142,34,4,5,2,142,119,34,25,0,0,0,6,57,20,20,2,1,0,0,3,1,3,2,27,9,6,8,1,13,46,27,15,1,0,2,2,79,65,23,3,0,0,0,4,40,1,0,0,3,6,0,11
65,0,0,0,0,0,1,104,104,4,0,0,0,0,11,109,108,9,0,0,0,0,4,126,40,0,0,0,0,0,11,126,101,9,11,14,0,0,0,45,126,27,0,0,0,0,1,40,126,29,0,0,0,1,14,50,90,11,0,0,0,0,1,55,58,47,37,103,6,0,0,1,126,61,6,0,2,9,8,20,37,1,0,0,3,44,60,121,31,1,0,0,0,0,18,126,9,37,54,76,6,2,2,1,12,61,27,4,33,27,7,1,19,1,0,1,32,45,11,34,19,2,0,0,0,0,11,126
0,0,0,0,10,141,24,6,14,0,0,0,6,110,75,42,6,0,0,2,10,26,44,15,5,9,36,37,17,4,2,1,13,0,0,0,107,146,31,12,146,8,2,1,13,74,38,66,59,11,18,27,2,3,6,9,60,17,12,4,0,0,0,7,34,4,0,3,146,71,0,1,146,23,1,1,24,7,0,9,115,21,39,37,0,0,0,3,38,17,49,21,0,0,0,3,17,19,6,32,133,11,2,1,146,93,4,7,8,0,0,0,108,46,10,2,0,0,0,0,4,17,45,4,0,0,0,0
20,0,0,0,0,0,19,105,10,0,0,0,0,15,47,26,21,1,0,0,0,8,34,50,16,1,0,0,0,0,1,18,77,0,0,0,0,8,57,117,12,0,0,0,0,64,149,35,131,2,0,0,0,12,59,106,39,0,0,0,0,0,15,44,25,8,2,5,6,23,68,28,85,41,0,0,0,32,78,16,149,38,0,0,0,2,45,48,18,0,0,0,0,0,123,43,3,6,3,31,36,30,21,1,56,35,1,1,0,44,149,22,20,8,0,0,0,81,149,14,0,0,0,0,0,12,149,27
70,7,7,10,2,13,30,45,65,18,14,10,3,8,12,14,57,83,109,6,0,0,0,4,7,132,62,0,0,0,0,0,146,30,41,43,0,0,0,17,71,19,78,78,0,0,0,12,146,44,14,2,0,0,0,26,47,42,20,0,0,0,0,5,146,48,15,8,0,0,0,11,31,45,146,59,0,0,0,0,75,85,136,7,0,0,0,6,44,35,18,2,0,0,0,5,146,95,0,0,0,0,0,0,62,54,28,0,0,0,0,0,5,37,59,0,0,0,0,0,0,14,24,4,0,0,0,0
11,0,0,0,0,0,139,139,34,1,0,0,0,0,33,139,26,3,0,0,0,0,1,30,4,2,0,3,0,1,0,2,139,130,28,5,1,2,58,139,139,66,13,0,0,0,3,90,52,26,24,3,0,0,0,23,6,1,4,2,1,2,2,6,64,139,114,15,0,0,0,3,105,71,53,50,1,0,10,52,24,3,10,8,1,4,35,125,2,1,3,2,4,27,28,10,52,89,7,3,0,0,0,0,9,6,7,71,9,0,1,4,14,3,3,36,8,1,13,49,25,8,0,0,4,15,16,15
14,2,1,0,0,2,20,24,27,3,0,0,0,6,19,20,13,10,6,3,2,12,15,7,1,3,6,11,16,13,7,1,8,16,46,3,3,51,20,6,22,4,2,0,0,100,96,32,134,9,2,5,19,12,29,69,14,2,3,20,61,20,3,8,25,4,10,2,8,134,133,17,134,56,0,0,0,65,107,39,134,70,2,13,5,1,4,17,23,9,6,110,29,0,0,1,110,79,0,0,18,134,26,11,134,88,0,0,0,0,3,7,134,66,0,1,0,0,0,0,17,7,1,50,20,0,0,0
44,9,0,0,0,0,12,21,12,17,2,0,0,15,23,6,1,2,5,5,5,17,49,14,0,2,5,2,4,53,54,2,28,6,3,0,0,51,97,31,114,24,10,2,5,13,62,65,20,16,20,26,72,40,5,3,13,17,18,6,13,14,5,8,84,45,0,0,0,75,137,49,137,87,1,9,21,9,26,54,46,12,3,60,137,51,4,7,40,3,2,7,6,7,8,38,137,137,0,0,0,0,10,12,137,137,4,15,5,0,0,0,17,18,6,137,84,0,0,0,6,0,1,42,24,0,4,11
2,0,2,4,21,42,26,17,80,0,0,2,38,43,6,11,145,21,1,0,0,0,0,16,25,12,15,16,0,0,0,0,0,14,145,85,5,14,7,1,79,6,57,145,9,17,6,22,145,17,4,8,0,0,0,69,58,4,3,4,2,2,0,10,12,62,86,54,12,2,0,0,23,19,43,145,122,2,0,0,145,76,9,27,14,0,0,8,64,4,0,0,3,12,1,5,14,9,0,1,14,26,25,7,10,8,3,30,135,30,8,1,144,37,4,11,17,1,1,5,32,1,0,0,3,52,9,4
23,0,0,0,0,0,36,127,68,4,0,0,0,0,30,148,5,3,6,1,0,0,97,88,1,3,1,0,0,0,60,52,44,30,14,1,0,0,3,15,148,93,17,0,0,0,3,57,40,47,132,23,0,0,24,31,0,2,63,36,1,0,39,37,19,56,58,17,0,0,0,1,148,27,14,12,0,0,0,69,142,19,60,14,0,0,0,27,0,0,48,80,14,1,0,0,1,29,37,32,13,0,0,0,148,8,5,28,16,0,0,40,148,3,0,0,1,1,0,30,1,0,0,4,31,25,0,0
0,0,0,0,12,8,4,2,1,1,0,2,125,40,0,0,26,92,10,8,47,7,0,0,11,70,34,11,0,0,0,0,14,0,0,0,23,13,14,32,15,1,0,0,131,69,0,2,131,46,0,0,16,12,0,5,30,23,9,1,0,4,11,2,47,19,1,0,38,22,1,9,19,0,0,0,131,108,19,14,120,5,0,0,7,31,131,70,12,1,0,0,0,96,131,8,4,10,4,0,18,131,7,0,0,0,0,0,40,131,62,6,4,0,0,0,0,49,131,41,23,17,0,0,0,45,128,17
0,48,70,35,12,1,0,0,39,130,123,9,0,0,0,0,130,130,3,0,3,0,0,2,20,19,0,3,37,25,10,0,0,130,130,12,9,1,0,0,29,77,130,87,64,0,0,0,130,24,5,10,10,0,0,16,29,1,15,38,40,1,0,3,0,67,37,10,18,2,1,0,12,4,4,57,130,7,0,0,130,5,0,12,23,1,0,8,55,5,16,8,0,0,0,2,0,0,0,0,9,23,42,2,4,0,0,2,93,86,7,5,130,0,0,0,13,13,3,36,59,0,0,0,0,0,0,5
35,111,63,26,2,0,0,4,117,53,9,2,0,0,22,82,35,1,2,4,0,0,56,117,29,0,0,0,0,1,4,42,12,28,83,117,7,0,0,0,117,107,30,36,2,0,4,18,83,31,29,102,5,0,8,75,80,8,2,2,4,8,6,54,4,2,10,117,79,0,1,2,83,18,6,55,49,1,21,117,43,26,18,45,6,1,24,117,53,27,6,6,6,0,0,16,1,0,1,70,56,0,4,15,11,47,52,116,38,0,2,20,40,61,46,6,0,0,2,55,45,12,4,1,1,0,0,24
0,0,15,120,120,1,0,0,14,90,90,51,10,0,0,0,120,120,15,2,0,0,2,61,51,3,0,0,0,0,3,57,3,2,2,70,120,12,0,1,58,120,35,36,44,4,0,9,78,74,32,56,55,0,2,35,120,20,0,1,2,0,1,31,9,3,6,19,120,32,1,5,120,40,15,11,42,9,3,86,67,54,26,47,54,1,1,32,68,48,7,2,5,7,8,4,1,7,38,66,62,1,0,0,45,34,86,37,6,0,0,11,79,40,12,4,0,0,0,11,4,14,2,0,26,8,0,0
1,74,76,7,3,55,13,0,57,27,99,66,18,5,1,10,133,10,6,7,3,0,27,133,10,0,0,0,0,10,133,73,50,59,31,4,6,16,22,57,19,9,22,30,96,98,13,7,133,13,0,3,14,13,6,50,49,30,4,0,0,0,28,35,25,0,3,13,2,19,76,86,41,4,0,0,17,104,49,5,133,15,0,0,1,7,1,5,95,49,13,0,0,0,0,1,4,2,1,103,46,0,9,8,42,20,0,0,0,3,7,1,133,8,0,0,0,0,0,16,128,10,2,0,0,0,0,14
41,3,0,0,12,36,66,121,146,1,0,0,0,0,4,146,38,0,0,2,8,2,0,27,0,1,5,6,2,0,0,0,45,73,80,29,19,12,2,18,146,78,14,0,0,0,0,82,117,2,0,0,0,1,5,32,2,6,1,0,0,0,1,1,10,67,90,63,10,0,0,0,146,137,21,3,0,0,6,60,82,2,0,0,0,0,12,120,26,6,0,0,0,0,0,7,27,62,10,44,39,1,0,4,42,84,26,45,24,0,2,18,145,11,2,14,10,0,1,37,32,1,0,0,0,1,12,7
0,1,3,1,51,90,1,0,40,0,0,0,20,125,52,37,99,2,0,0,0,1,9,41,32,10,0,0,0,0,0,2,2,2,0,1,125,125,1,0,125,43,1,0,49,89,17,24,125,29,0,0,0,0,0,26,45,26,0,0,3,3,0,0,2,4,3,11,125,101,0,0,82,32,5,11,35,16,29,69,125,21,0,0,0,1,14,125,57,15,0,0,30,19,0,3,6,6,4,9,56,57,3,1,24,84,29,28,24,9,9,9,125,125,6,1,0,1,3,17,24,21,0,0,80,36,0,0
0,0,1,7,6,36,117,1,38,3,3,4,2,17,166,48,172,20,10,0,0,0,23,76,43,18,55,16,0,0,0,0,0,0,8,59,13,6,3,0,94,14,20,38,3,3,5,4,172,16,1,0,0,0,0,10,95,8,4,13,1,0,0,2,0,0,1,47,15,17,9,0,64,8,3,36,6,10,15,10,172,7,0,1,0,0,2,75,92,2,0,3,1,0,4,42,0,0,13,13,7,50,40,0,23,5,19,7,3,28,63,23,172,18,2,0,0,1,9,94,109,23,3,0,0,0,0,18
45,1,4,15,46,6,2,41,58,19,8,8,11,3,7,20,56,2,0,0,0,0,0,16,1,0,0,0,0,0,0,0,189,1,9,16,7,0,0,189,29,19,28,22,1,0,0,10,56,10,2,0,0,0,0,16,7,0,0,0,0,0,0,1,189,0,0,0,0,0,0,189,104,14,31,7,0,0,0,64,16,27,16,0,0,0,0,0,3,1,0,0,0,0,0,0,189,0,0,0,0,0,0,189,92,3,2,0,0,0,0,26,0,2,3,0,0,0,0,0,0,0,0,0,0,0,0,0
0,0,0,0,0,114,64,8,46,2,0,0,0,130,64,30,130,5,0,0,0,5,10,44,14,1,0,3,12,6,8,9,8,0,0,0,1,130,48,12,130,25,0,0,0,79,24,35,130,14,0,0,0,0,71,60,3,0,0,0,0,3,130,20,62,18,0,0,15,130,20,15,130,22,0,0,0,8,34,44,18,0,0,0,0,10,130,30,2,0,0,0,0,1,130,33,71,51,40,20,8,27,2,5,49,20,3,3,0,17,39,9,0,0,0,0,0,41,83,2,47,15,0,0,0,13,55,29
3,0,0,0,0,4,24,5,2,0,1,1,0,23,57,7,49,2,0,0,0,3,24,42,22,2,0,0,0,0,0,3,0,0,0,1,8,88,140,5,22,1,0,2,12,154,154,44,154,7,0,0,0,12,75,154,55,0,0,0,0,0,0,14,0,0,9,67,47,40,15,0,73,38,7,81,76,49,23,9,154,100,3,3,1,2,5,24,67,6,0,0,0,0,0,3,0,0,4,19,63,25,0,0,79,16,1,22,83,12,0,0,154,30,0,1,0,0,0,3,44,2,0,0,0,0,0,0
11,4,41,17,1,1,15,46,1,3,26,54,53,17,9,2,65,86,11,25,28,4,0,1,33,21,0,0,1,2,1,3,41,9,1,0,0,6,47,109,24,1,1,6,21,135,66,25,135,46,2,4,7,28,12,28,65,11,0,0,23,21,7,12,12,19,21,24,24,17,10,18,88,17,0,4,64,127,12,16,135,39,0,0,0,10,6,28,33,1,0,0,60,78,23,21,46,2,3,20,54,9,18,135,81,90,12,12,91,15,1,2,135,100,4,6,2,2,3,6,4,2,3,26,135,81,16,4
0,0,0,0,0,115,145,5,2,0,0,0,0,88,145,24,0,0,1,0,0,109,145,2,0,0,1,0,0,13,26,0,13,1,2,20,33,123,121,15,145,12,2,1,1,10,104,71,32,19,36,1,0,11,23,6,0,3,14,0,0,1,1,0,15,2,5,75,61,1,0,0,145,16,4,10,5,0,0,18,86,31,37,2,0,0,0,3,0,3,32,1,0,0,0,0,2,6,13,94,22,0,0,0,142,44,12,27,3,0,0,0,103,51,21,0,0,0,0,0,0,17,33,0,0,0,0,0
58,1,2,21,17,109,135,49,113,21,20,0,0,18,38,48,2,16,32,0,0,2,1,0,0,0,0,0,0,0,0,0,67,5,16,126,34,2,0,19,135,29,16,7,0,0,0,59,42,60,67,0,0,0,0,1,0,8,6,0,0,0,0,0,16,27,51,135,5,0,0,0,135,29,25,51,1,0,0,22,135,94,14,0,0,0,0,9,1,45,5,0,0,0,0,0,3,48,41,109,4,0,0,0,123,28,45,108,3,0,0,6,135,83,6,0,0,0,0,10,8,58,6,0,0,0,0,1
3,0,0,0,5,50,49,19,136,15,0,0,0,9,14,41,55,43,23,0,0,0,0,0,0,0,5,0,0,0,0,0,21,2,9,24,5,49,125,42,142,13,1,0,0,4,25,95,129,17,3,0,0,2,0,3,0,0,1,0,0,1,0,0,18,27,142,142,5,7,10,9,142,142,142,16,0,0,2,22,93,29,12,3,1,2,0,4,0,0,1,1,0,0,0,0,0,2,133,59,0,0,0,0,4,46,142,15,0,0,0,0,3,15,52,20,0,0,0,0,0,0,6,2,0,0,0,0
27,61,13,7,6,17,7,5,22,27,65,112,7,3,6,8,0,11,76,54,3,0,0,0,0,0,0,0,0,0,0,0,35,19,21,86,74,20,5,5,128,128,33,17,11,3,3,15,15,44,48,58,63,0,0,1,0,0,0,0,1,0,0,0,49,7,12,128,128,0,0,28,128,24,4,40,29,0,0,93,61,6,2,93,105,0,0,29,0,0,0,9,4,0,0,0,82,0,1,105,88,3,0,70,128,8,6,68,44,4,0,34,112,1,0,23,75,38,0,18,0,0,0,4,26,20,0,0
100,0,0,13,22,2,2,103,39,1,2,57,61,12,1,20,107,1,1,5,35,11,1,26,2,0,0,2,70,24,0,0,119,4,1,15,42,4,1,56,70,1,0,2,114,55,4,29,119,9,1,13,59,12,2,41,8,1,1,59,119,5,0,1,119,4,1,8,44,28,5,54,72,9,1,6,96,36,10,27,119,34,2,18,21,6,14,25,14,4,5,119,76,19,32,5,119,28,0,0,17,31,4,20,53,9,0,1,36,55,19,27,103,17,14,14,11,25,34,46,1,2,45,25,14,45,100,4
0,0,63,51,10,18,16,19,1,9,121,39,0,0,1,10,0,16,121,41,0,0,0,0,2,36,41,4,0,0,0,0,7,3,2,1,36,101,55,118,91,22,23,2,1,1,19,121,29,21,57,5,12,10,8,18,76,51,27,7,0,1,4,49,46,119,3,1,33,64,14,21,121,121,2,1,1,1,5,50,38,32,48,50,24,5,3,12,43,4,41,42,2,1,10,121,34,121,46,5,4,3,1,1,53,82,23,8,0,0,13,31,71,40,52,25,1,2,34,64,2,4,85,97,0,0,36,42
6,3,15,79,71,34,2,2,57,53,20,25,21,14,3,21,13,18,17,40,99,6,0,2,30,62,6,3,15,4,2,2,20,0,0,1,130,118,3,8,130,6,0,1,40,34,5,46,57,9,1,23,130,3,0,5,117,47,2,6,23,1,0,0,31,7,0,0,130,89,1,7,130,34,0,0,27,20,1,10,55,12,1,20,107,37,2,3,95,46,0,6,15,8,0,0,41,29,0,2,92,64,7,5,124,74,0,0,16,40,1,2,53,19,0,0,21,87,8,6,68,28,0,0,28,36,1,2
13,2,0,0,87,49,0,3,126,17,0,0,30,18,1,14,26,13,1,4,126,46,0,0,119,96,0,4,55,14,0,0,23,2,0,0,87,101,7,4,126,22,0,2,41,16,2,14,35,32,6,38,126,25,1,2,126,126,6,11,27,1,0,0,20,14,9,5,18,60,6,2,114,16,1,0,8,25,34,52,24,16,4,15,65,89,39,35,103,60,3,3,5,3,14,111,2,6,7,2,3,29,22,6,3,4,1,0,3,30,104,33,10,1,0,2,21,27,57,32,43,2,0,0,0,1,17,90
0,1,17,90,42,2,0,0,21,27,58,31,10,1,0,2,3,30,104,32,4,4,1,0,3,29,21,6,2,6,7,2,5,3,15,111,102,59,3,3,65,89,39,35,24,16,3,16,8,25,34,52,114,16,1,0,19,60,6,2,20,14,9,5,27,1,0,0,126,126,6,11,126,24,1,2,35,32,6,39,41,16,2,14,126,21,0,2,88,100,7,4,23,2,0,0,55,13,0,0,120,96,0,4,126,45,0,0,26,13,1,4,30,18,1,14,126,17,0,0,87,49,0,4,13,2,0,0
13,0,0,5,125,10,1,16,125,9,0,3,64,6,0,44,73,2,0,11,56,40,2,20,88,6,0,4,20,14,2,8,29,1,0,11,125,62,11,51,125,40,2,9,65,20,2,13,78,13,0,0,85,75,3,8,125,36,0,4,28,16,2,9,50,7,0,0,25,125,21,25,125,37,0,0,13,44,14,37,59,17,1,2,45,51,24,22,125,51,1,8,13,4,19,18,74,34,0,0,6,65,11,7,106,78,1,1,35,37,3,1,78,32,1,0,23,48,18,19,58,23,19,27,13,19,40,17
10,0,0,17,90,46,10,34,93,1,0,3,28,20,7,79,29,2,0,6,38,32,11,28,72,2,0,3,4,11,15,43,27,0,0,0,57,97,15,38,125,15,0,1,27,28,4,28,55,7,0,3,85,42,10,19,123,32,18,9,8,11,7,32,24,8,1,4,29,38,12,27,125,33,1,6,22,7,0,20,83,28,6,42,125,8,0,4,125,103,9,4,7,1,0,2,18,49,7,14,28,0,0,0,125,125,15,15,6,0,0,0,28,74,57,113,21,0,0,0,103,112,16,7,0,0,0,0
11,25,19,6,2,5,11,10,57,95,2,0,5,25,33,30,4,32,23,7,65,123,14,3,0,123,73,2,18,69,0,0,24,2,1,0,0,7,51,123,24,4,0,0,5,39,82,49,115,97,50,6,17,26,29,20,22,123,90,2,6,35,1,4,39,0,4,11,3,5,20,123,71,31,2,0,4,12,13,123,123,46,1,0,0,0,5,66,38,13,2,0,27,84,32,58,28,6,11,34,20,5,1,41,123,19,0,0,0,0,0,101,81,10,0,0,0,0,4,31,12,3,0,0,4,13,30,24
68,0,0,16,17,0,0,86,157,0,0,0,0,0,0,157,101,0,0,0,0,0,0,68,15,0,0,1,6,0,0,8,70,2,1,58,48,0,0,16,157,6,0,1,0,0,0,58,157,19,0,0,0,0,0,12,28,3,0,0,2,0,1,7,33,18,14,42,83,0,0,3,157,97,10,3,2,0,0,31,157,68,0,0,0,0,0,5,10,28,2,0,0,0,0,1,7,74,34,11,21,2,0,0,61,157,30,0,0,0,0,0,47,53,0,0,0,0,0,1,4,5,0,0,0,0,0,0
37,0,0,7,59,7,6,88,60,3,10,71,32,0,0,91,141,20,25,44,8,0,0,77,90,5,1,2,0,0,0,30,39,8,4,27,30,8,13,37,141,35,31,30,1,0,0,66,105,102,139,36,0,0,0,5,68,53,7,0,0,0,0,5,56,42,14,48,14,0,0,2,141,23,10,24,5,0,0,35,123,31,30,0,0,0,13,42,2,15,3,0,0,2,7,10,22,93,64,56,9,0,0,0,137,54,84,44,2,2,3,14,71,11,1,0,0,11,42,57,14,5,0,0,0,3,14,34
10,19,8,15,72,23,0,0,17,113,13,15,55,14,0,0,46,50,14,41,71,1,0,0,122,63,1,1,1,0,0,7,27,16,3,18,122,11,0,3,122,77,11,40,43,3,0,13,54,48,22,122,77,0,0,0,122,89,4,4,0,0,0,4,25,9,0,35,122,7,0,3,122,7,2,21,30,2,0,24,74,16,10,110,78,0,0,7,106,27,2,10,9,0,0,49,22,2,1,54,81,0,0,11,122,19,4,24,22,0,0,7,66,3,0,50,69,2,2,7,47,0,1,23,18,0,0,41
0,0,0,0,57,45,4,0,56,24,0,0,78,43,1,2,76,35,2,5,32,71,2,1,25,8,2,13,41,94,8,7,4,0,0,0,25,121,43,4,121,18,0,0,18,77,31,30,55,14,0,0,95,121,4,4,97,51,0,0,27,81,3,6,31,26,0,0,36,121,24,6,121,47,0,0,8,66,46,29,30,50,2,2,79,121,21,6,78,121,1,0,8,27,5,1,48,21,4,0,1,34,37,14,25,49,2,0,0,55,97,12,61,99,4,0,2,32,29,6,20,45,1,0,3,56,11,2
28,11,3,25,27,5,16,19,134,13,7,35,6,0,0,18,135,39,37,6,0,0,0,21,21,59,58,3,0,0,0,1,49,46,13,81,56,0,0,0,117,38,31,72,12,0,0,8,135,16,7,5,0,0,6,69,26,7,3,0,0,0,27,48,20,91,51,127,47,0,0,0,32,119,135,77,0,0,0,0,135,56,69,25,4,12,14,21,43,11,0,0,0,12,36,53,3,37,51,54,5,4,5,1,3,60,47,14,5,35,15,1,3,5,24,17,35,116,22,10,40,8,0,0,2,19,20,91
59,40,14,60,52,0,0,5,131,39,1,3,3,0,0,56,94,11,0,0,0,0,0,23,12,6,0,0,0,0,0,3,51,35,28,131,50,0,0,6,131,90,14,30,3,0,0,25,119,30,0,0,0,0,0,15,15,0,0,0,0,0,0,12,106,9,14,131,25,0,0,37,119,22,9,84,31,0,0,90,78,3,0,0,0,0,0,131,11,0,0,0,0,1,3,18,131,4,1,31,20,0,0,46,22,1,4,114,56,2,1,27,46,0,2,10,2,0,14,131,4,0,0,0,0,25,71,38
50,2,2,18,8,0,4,116,117,33,0,0,0,1,34,106,17,108,20,0,0,3,17,6,0,68,65,0,0,1,0,0,73,23,25,74,7,0,0,6,142,81,3,1,0,0,0,15,72,142,12,0,0,0,0,1,0,79,31,0,0,0,0,0,42,17,32,100,4,0,0,2,142,13,7,20,2,0,0,69,142,49,1,0,0,0,0,40,5,51,8,0,0,0,0,0,38,2,3,35,20,0,1,18,140,2,2,26,18,0,0,56,142,4,0,0,0,0,0,94,26,14,3,0,0,0,0,4
15,12,14,2,7,37,34,77,13,8,38,5,0,11,57,65,5,5,21,25,4,5,36,23,20,20,11,6,1,4,3,5,44,0,0,0,20,92,49,126,31,0,0,0,0,68,133,121,133,7,1,0,0,13,75,128,30,5,3,0,15,28,3,11,57,4,0,0,8,61,23,25,129,27,0,0,0,89,75,36,133,89,0,0,1,2,8,22,31,14,8,7,22,6,0,1,20,4,1,6,11,50,12,9,133,88,0,1,3,30,8,7,133,105,1,0,0,0,0,0,10,25,8,3,1,0,0,0
0,0,2,8,18,11,15,9,5,0,0,7,79,18,1,2,82,10,0,0,9,2,0,4,30,22,2,0,0,0,0,0,23,12,9,1,11,25,45,64,14,2,0,17,82,47,9,19,139,11,0,3,5,6,5,28,57,16,2,1,0,0,0,0,19,31,24,4,25,88,97,47,13,7,9,57,37,11,77,141,128,28,14,20,3,0,0,20,64,6,2,0,0,0,0,13,0,1,0,0,125,154,148,60,28,0,2,3,30,31,78,154,56,9,6,3,0,0,1,154,36,2,0,0,0,0,7,31
8,0,0,27,89,26,1,2,40,1,0,1,10,38,7,16,95,3,0,0,3,31,7,16,36,4,0,4,58,22,0,0,2,0,0,24,124,50,5,1,20,2,0,2,15,94,42,12,124,7,0,0,2,32,13,27,39,0,0,0,86,120,2,4,1,1,2,9,124,84,3,1,32,5,2,12,33,49,11,12,124,17,0,4,22,22,4,39,17,1,0,34,118,124,1,4,0,1,7,81,124,5,0,0,11,1,4,18,94,39,7,25,111,0,0,6,14,10,6,124,17,0,1,96,109,29,2,23
31,1,0,0,0,0,19,55,43,5,0,0,0,1,6,20,76,4,0,0,0,0,1,32,29,6,2,28,1,0,0,18,133,3,0,0,0,0,1,40,50,4,2,4,3,10,12,21,128,6,0,0,0,1,3,35,32,0,0,0,0,0,1,32,84,1,0,0,0,0,25,151,47,23,12,7,1,0,7,85,80,67,4,0,0,0,3,15,18,6,0,0,0,29,8,5,2,0,0,1,2,7,151,151,8,3,0,0,0,0,140,151,13,10,0,0,0,1,151,151,0,0,0,0,0,77,86,21
66,8,8,67,30,0,0,36,140,5,0,1,1,0,6,131,140,39,0,0,1,0,4,30,48,25,0,0,0,0,0,0,38,20,8,110,74,0,0,4,140,24,3,6,2,2,9,81,140,12,0,0,0,0,2,88,64,6,0,0,0,0,0,15,15,22,7,27,120,9,0,4,90,74,12,4,6,2,2,10,140,63,0,0,0,0,2,29,53,0,0,0,0,0,21,41,2,32,10,15,74,1,0,0,63,42,14,6,15,1,0,9,136,15,0,0,0,0,21,82,4,0,0,0,0,0,89,45
0,6,37,40,4,14,62,5,9,37,53,4,0,0,29,24,15,39,23,18,16,0,0,3,0,5,64,136,42,3,0,2,19,14,23,12,18,136,136,56,136,51,11,1,0,8,107,136,54,61,14,1,0,12,50,39,6,14,36,77,8,0,9,32,15,119,136,31,21,39,10,7,136,136,105,3,8,14,8,24,23,8,1,1,15,66,91,47,5,0,0,4,0,0,17,52,0,25,54,1,0,0,0,0,0,16,14,0,0,0,0,0,0,0,0,0,0,0,0,0,0,0,0,0,0,0,0,0
46,9,0,0,0,2,2,21,20,6,0,0,0,19,35,25,8,0,0,8,38,34,49,40,0,0,1,16,39,32,7,1,37,39,7,0,28,30,0,1,6,3,0,1,100,136,119,28,114,7,1,5,10,30,136,136,48,2,3,9,4,0,2,27,0,7,9,20,96,23,0,0,13,25,14,109,136,66,9,6,136,110,12,17,13,9,11,43,90,8,0,0,0,0,0,5,1,2,3,24,31,14,19,7,4,15,33,136,68,0,6,5,114,106,43,34,2,0,0,0,30,12,0,0,0,0,0,0
2,0,0,4,5,19,42,3,0,0,11,27,9,14,75,7,0,10,55,12,0,0,30,22,9,21,17,3,0,0,0,2,10,2,1,3,25,135,31,2,9,4,9,11,12,135,135,44,133,21,5,1,0,4,118,135,50,36,12,1,0,0,4,19,0,3,86,65,79,85,2,0,11,60,135,50,18,40,18,8,135,135,110,3,2,4,8,31,50,21,1,0,4,32,61,26,0,3,66,29,4,0,0,0,0,23,111,0,0,0,0,0,0,37,44,0,1,1,0,0,0,2,1,0,4,14,8,3
0,0,0,8,76,46,13,0,1,0,1,5,56,49,101,107,27,2,7,1,1,2,33,131,34,0,0,0,1,12,6,22,0,0,0,44,114,1,0,0,19,8,10,80,131,39,24,56,131,38,8,5,7,7,13,131,63,3,0,2,25,31,5,13,0,0,0,45,39,0,0,0,8,33,131,131,101,3,2,3,121,131,131,19,4,1,0,6,31,20,2,17,46,4,0,0,1,0,0,2,1,0,3,6,52,18,45,18,2,1,10,45,13,22,57,35,5,0,0,1,0,3,10,20,11,2,1,0
3,13,16,0,0,0,0,2,21,9,1,0,0,0,0,15,29,1,0,14,62,0,0,17,0,0,0,142,212,0,0,0,8,1,0,0,0,0,4,20,27,2,0,0,0,0,0,10,48,1,0,6,37,0,0,14,2,0,0,148,212,0,0,1,17,20,0,0,0,0,0,5,24,26,0,0,0,0,0,1,22,24,3,3,12,0,0,4,1,1,1,123,212,0,0,1,11,8,0,0,0,0,4,5,33,24,0,0,0,0,0,2,15,25,4,2,2,0,0,0,0,2,2,77,212,0,0,0
0,1,90,50,0,0,0,0,0,41,181,13,0,0,0,0,1,48,175,6,3,0,0,0,0,7,52,51,188,28,4,0,6,3,17,1,0,0,0,4,14,16,19,0,0,0,0,3,30,17,12,2,24,3,0,3,1,1,3,5,188,71,0,0,12,3,0,0,0,0,0,11,21,5,0,0,0,0,0,3,40,4,0,0,44,10,0,1,1,0,0,0,188,99,0,0,5,12,2,0,0,0,0,1,9,20,2,0,0,0,0,0,15,6,1,0,61,13,0,0,0,0,0,0,188,84,0,0
0,0,0,0,0,24,27,5,4,2,21,6,0,15,55,73,0,0,62,12,9,87,75,10,2,3,56,3,1,22,120,14,9,0,0,0,11,120,49,18,120,5,1,6,6,34,55,120,25,8,51,91,56,77,38,13,8,69,104,14,4,14,59,16,52,61,23,26,44,120,36,16,120,120,3,1,0,5,9,23,36,46,31,30,4,2,2,6,1,46,90,4,0,1,2,0,8,100,115,63,15,4,0,0,24,120,19,0,0,8,13,4,15,34,0,0,0,2,44,15,2,9,3,0,0,14,55,4
0,0,0,25,73,2,0,0,21,10,1,19,51,8,0,1,89,30,3,48,12,0,0,5,7,26,109,127,29,0,0,0,0,0,3,69,31,0,0,0,26,5,3,122,33,0,0,2,127,17,2,9,2,0,0,13,21,3,7,30,75,59,0,1,0,7,8,26,3,5,3,0,5,2,4,112,44,36,14,1,98,17,4,20,14,14,15,34,24,5,0,12,127,89,0,5,0,2,1,0,0,104,106,0,0,0,0,4,10,127,127,6,69,0,0,1,5,49,71,127,29,0,4,62,127,17,3,43
41,135,135,0,0,0,0,0,45,135,13,5,46,32,2,0,1,6,67,74,135,37,0,0,0,1,135,58,14,2,0,0,33,92,40,0,4,20,1,13,9,18,2,1,33,116,6,3,80,30,78,32,18,25,4,6,12,11,135,72,0,0,0,1,111,5,0,0,5,75,11,29,30,1,0,0,22,108,10,5,135,7,0,0,1,5,0,12,25,1,5,1,0,0,9,10,105,5,0,0,30,52,3,6,27,48,2,0,2,25,6,2,91,50,0,0,0,0,0,4,13,1,0,0,0,0,2,3
46,11,6,0,0,1,30,51,134,0,0,0,0,0,1,109,118,0,0,1,8,3,1,65,4,0,0,22,84,8,0,1,97,4,2,7,5,0,11,19,134,8,0,0,0,0,0,85,134,7,0,4,3,0,0,75,23,1,0,44,80,0,0,1,69,58,40,12,28,1,0,0,134,99,15,0,0,0,0,6,134,77,1,1,0,0,0,6,27,11,6,61,39,0,0,0,22,77,105,11,4,3,2,17,54,83,102,1,0,2,3,5,134,42,5,0,0,0,1,33,19,5,3,23,15,0,0,18
3,3,6,50,74,12,9,31,64,30,7,8,1,0,12,122,27,5,0,0,0,2,54,122,14,0,0,0,0,0,21,66,9,5,3,15,34,31,54,11,118,80,5,4,4,5,4,33,75,24,0,0,32,44,41,70,122,14,0,0,0,2,16,92,26,2,0,0,1,8,101,66,122,18,0,0,2,6,11,122,93,68,4,2,25,27,6,17,122,84,0,0,0,0,2,7,81,33,0,0,6,6,5,13,122,66,2,2,1,0,8,16,122,52,2,1,0,0,10,16,93,46,3,5,0,0,1,1
1,4,6,23,70,93,14,0,87,62,7,5,5,22,43,28,107,42,0,0,0,0,25,46,25,11,7,9,0,0,18,25,0,3,26,107,50,2,0,0,34,34,27,46,46,28,53,34,114,29,2,2,1,4,67,114,74,73,9,0,0,0,5,18,0,9,39,77,14,0,0,0,6,14,106,114,48,8,4,3,114,114,77,16,1,1,3,21,114,64,4,0,0,0,0,18,3,40,57,12,0,0,0,0,0,11,114,65,0,0,0,0,6,109,114,11,0,0,0,0,15,96,19,0,1,1,0,0
0,11,35,27,20,8,22,2,2,15,29,104,96,11,11,1,18,117,74,31,10,0,1,10,39,48,23,27,3,0,0,2,0,0,0,1,53,86,100,3,10,4,1,12,28,97,117,23,93,37,3,5,3,6,49,117,51,46,18,13,2,0,1,15,0,0,0,6,117,69,5,0,50,4,0,0,64,51,33,20,117,48,0,0,0,2,43,117,41,24,2,0,0,19,87,58,0,0,0,29,117,4,0,0,6,0,18,16,56,5,3,11,14,1,28,14,0,1,88,97,2,10,16,1,0,5,117,77
0,0,0,0,1,21,117,9,3,0,0,0,0,6,117,72,94,4,0,0,0,0,54,92,27,4,0,7,31,24,21,11,4,14,7,0,20,17,44,7,31,21,54,7,0,0,56,50,117,24,9,4,1,9,27,87,16,1,1,10,25,90,104,13,90,114,18,1,23,14,0,1,37,114,117,63,0,0,0,1,46,117,89,41,4,5,4,6,1,8,15,117,86,36,17,1,117,94,3,7,12,1,0,5,70,53,43,30,3,0,0,15,0,15,45,47,20,16,4,0,0,2,30,59,28,27,4,0
10,0,0,0,4,29,98,102,30,1,0,0,0,0,30,117,28,4,3,0,0,0,4,117,14,5,19,5,0,0,0,78,52,22,55,69,17,18,22,54,117,49,21,2,0,0,4,88,46,31,41,2,0,1,6,66,35,7,1,0,0,2,14,117,22,54,117,99,0,0,0,0,117,56,82,29,7,11,13,25,30,6,7,2,4,41,105,77,29,3,0,0,15,33,35,79,19,36,41,18,6,12,0,0,1,3,35,33,84,90,3,0,4,0,0,11,48,72,46,70,6,0,0,0,2,59,93,84
0,0,0,1,11,76,64,0,7,16,13,0,0,25,85,24,76,29,17,1,2,14,24,121,11,9,30,71,33,62,11,8,31,4,0,20,59,12,9,18,124,124,64,1,8,3,5,12,62,124,124,9,1,0,0,10,19,32,41,51,21,21,0,0,63,37,4,60,63,1,0,9,124,31,6,22,15,0,0,77,91,67,57,14,1,0,2,52,0,33,124,21,9,5,0,0,23,21,17,59,12,0,0,0,124,35,27,47,8,0,0,14,124,85,12,0,0,1,2,32,4,21,39,1,3,34,13,4
6,0,0,2,31,95,34,18,9,2,0,9,44,30,27,7,23,64,46,0,1,7,28,6,57,62,68,1,0,1,5,34,83,52,5,12,102,48,21,35,83,23,1,30,107,5,1,15,127,97,37,3,9,2,0,30,34,57,112,18,1,0,0,16,68,107,11,21,68,3,0,0,44,36,6,111,63,0,0,0,127,46,2,27,9,0,0,44,86,92,33,5,0,0,0,24,39,50,25,12,6,0,0,0,12,20,62,61,12,0,0,0,127,65,58,29,4,0,0,8,114,44,5,0,0,4,9,35
1,0,0,1,1,34,36,36,29,9,2,1,0,0,2,42,44,46,1,0,0,0,0,1,19,41,0,0,0,0,0,0,26,2,0,0,0,3,28,92,124,21,0,0,0,0,4,53,68,38,0,0,0,0,28,28,23,31,0,0,0,0,36,27,129,44,2,0,0,0,14,116,76,37,20,1,0,0,18,58,10,5,14,8,16,41,128,38,2,0,0,0,3,98,129,37,108,129,14,0,0,0,0,8,45,124,53,12,14,0,0,3,1,12,31,40,129,101,5,0,0,2,11,24,88,129,106,4
0,0,2,3,4,33,85,14,12,4,10,5,1,31,80,18,125,10,0,0,0,4,14,36,125,30,0,0,0,0,0,9,11,14,3,1,32,73,55,10,107,46,0,0,0,3,45,36,125,24,0,0,0,0,8,42,125,20,0,0,0,0,0,39,7,18,11,21,31,26,20,6,42,19,0,0,0,6,59,116,68,1,0,0,0,4,71,125,125,0,0,0,0,0,3,125,0,0,6,87,93,15,9,2,26,1,2,16,13,9,27,79,42,2,0,0,0,8,49,84,125,2,0,0,0,0,3,125
2,0,0,0,29,88,75,6,0,0,0,0,0,18,129,35,56,6,5,4,2,3,51,86,45,35,84,11,0,0,0,5,12,2,0,15,129,53,27,21,32,7,5,7,5,21,50,45,129,8,1,1,0,1,9,65,129,22,10,0,0,0,0,25,31,16,3,99,129,1,0,1,70,46,47,30,7,1,0,2,129,28,22,8,0,0,0,47,99,0,0,0,0,0,23,129,12,5,3,118,129,0,0,0,69,15,15,26,11,0,0,12,30,30,55,6,0,0,0,26,8,29,60,0,0,0,25,67
0,0,2,29,42,65,20,5,14,2,1,1,7,13,29,74,7,8,23,8,4,7,14,27,2,3,29,45,5,2,27,48,12,2,1,11,26,117,117,20,22,5,5,21,20,35,70,112,101,21,9,4,1,0,42,117,45,12,18,71,8,15,17,24,48,105,34,1,2,23,32,17,49,95,88,64,5,0,3,11,117,52,56,29,2,2,2,32,42,11,2,28,62,64,34,16,48,117,78,2,0,0,0,5,35,111,117,17,0,0,0,0,16,25,117,33,0,0,0,5,11,29,66,97,22,2,0,4
7,6,14,13,2,6,122,92,20,9,2,1,12,32,109,122,63,12,1,0,7,25,34,30,18,4,1,0,0,0,2,7,8,50,122,49,1,0,1,6,38,50,54,31,45,14,15,33,122,34,5,4,7,7,10,58,26,9,8,27,12,4,8,10,0,36,114,122,18,0,0,0,9,63,57,110,82,1,0,0,77,122,59,7,4,2,4,10,29,36,11,27,72,8,2,6,0,0,9,122,45,0,0,0,10,36,32,122,40,3,1,0,14,42,16,3,27,61,58,33,2,5,1,1,59,37,42,61
0,0,0,2,45,51,19,0,0,3,6,7,45,18,24,4,9,63,51,70,95,5,4,0,59,120,32,17,6,0,0,0,4,0,0,0,2,99,120,34,84,23,14,2,4,7,38,78,34,108,78,14,1,0,0,1,28,106,14,4,1,9,4,1,62,37,20,5,1,19,97,88,120,78,1,0,0,0,8,62,92,36,2,0,0,10,14,8,14,7,0,0,0,82,49,5,26,107,120,19,0,0,0,3,106,120,8,0,0,7,15,15,16,9,0,0,2,84,46,5,8,1,0,0,1,78,47,7
5,8,2,109,136,42,0,0,72,90,22,36,35,4,0,0,26,62,79,136,10,1,0,0,68,73,31,8,5,12,13,15,5,4,1,129,136,2,0,0,136,53,3,41,86,7,2,14,41,16,25,31,24,94,40,7,11,8,15,3,15,125,67,18,1,0,1,5,47,4,0,0,52,10,12,7,37,10,6,45,9,1,0,15,136,74,20,19,40,10,1,10,77,76,41,24,0,0,0,0,0,0,0,0,2,2,9,8,10,1,1,2,1,2,4,17,95,30,6,4,6,15,34,45,64,14,3,1
9,1,1,1,2,4,50,105,39,10,16,4,0,0,19,87,21,5,27,99,6,2,5,14,0,0,3,100,22,3,33,15,44,20,35,43,8,2,18,43,124,46,6,1,1,2,5,58,42,13,3,17,35,77,53,15,0,0,0,41,49,79,104,0,17,40,101,53,0,0,0,0,101,35,51,17,3,3,1,31,21,13,11,90,95,44,12,16,0,0,8,120,52,51,63,0,6,38,124,13,0,0,0,0,7,26,124,23,0,0,0,0,6,37,99,118,8,0,0,0,0,0,40,124,11,0,0,0
7,0,0,0,0,32,23,9,0,0,0,0,0,77,117,9,8,0,0,0,0,6,76,97,8,1,0,0,0,7,27,28,0,0,0,0,37,125,26,1,14,4,1,1,31,125,125,35,125,18,1,0,0,8,70,125,41,20,17,0,0,4,20,27,0,3,6,64,119,43,0,0,25,55,49,62,83,45,7,5,125,92,10,0,0,1,3,36,79,7,5,0,0,0,0,42,10,9,18,112,12,0,0,3,4,25,115,123,5,0,0,0,70,68,46,6,0,0,0,6,42,4,0,0,0,0,16,35
8,8,2,3,25,9,0,1,0,0,0,2,65,80,14,3,110,4,0,0,4,24,19,24,78,7,0,10,6,0,0,1,5,2,0,0,22,81,53,4,18,0,0,0,94,137,16,12,137,20,0,0,4,27,14,37,94,7,0,1,1,0,1,7,0,0,0,0,3,89,137,24,82,3,0,0,25,137,43,14,137,20,0,0,1,8,5,64,41,2,0,0,0,0,17,65,18,14,0,0,0,13,108,48,79,15,0,0,0,23,41,27,75,1,0,0,0,0,66,137,3,0,0,0,0,0,46,137
9,28,10,8,32,9,1,2,96,5,0,7,44,19,1,21,99,3,0,0,0,0,0,18,0,0,0,0,0,0,0,0,5,3,1,0,41,43,24,56,129,3,0,0,52,50,4,57,160,11,0,0,0,0,0,112,11,1,0,0,0,0,0,1,7,0,0,0,5,33,61,92,160,61,0,0,8,43,21,17,160,160,0,0,0,2,1,16,29,12,0,0,0,6,3,0,6,0,1,9,12,3,31,43,160,36,0,0,0,0,9,60,160,66,0,2,9,12,2,7,6,2,2,9,21,43,6,0
18,0,0,0,6,123,97,39,17,8,0,0,0,123,91,15,48,65,2,0,0,38,47,14,39,45,11,13,5,2,6,6,1,0,0,0,50,123,100,14,39,5,0,0,0,34,50,120,123,47,0,0,0,0,5,83,69,95,16,4,0,0,0,3,6,1,6,38,63,26,3,5,110,24,2,5,0,0,3,24,123,50,0,0,0,0,0,64,92,42,9,9,1,0,0,70,1,12,24,62,20,1,0,0,63,69,6,19,7,0,0,0,121,69,0,0,0,0,0,26,119,9,0,0,0,0,0,57
7,0,0,4,35,77,46,19,143,27,0,1,11,22,17,36,62,29,13,10,5,0,0,3,0,7,39,37,3,0,2,4,15,1,0,2,81,139,86,42,143,13,0,0,0,3,30,123,116,38,4,0,0,0,0,5,1,6,8,14,10,8,2,0,31,55,38,78,133,29,17,13,143,132,9,1,0,0,6,35,128,8,0,0,0,0,8,18,0,0,0,9,7,1,3,3,18,38,48,41,36,21,7,22,142,76,16,0,0,0,7,45,39,13,6,0,0,0,46,56,7,4,2,0,1,2,13,26
6,13,0,0,1,89,15,0,1,0,0,0,19,131,70,4,0,1,15,36,112,116,8,1,22,69,44,13,11,14,8,15,6,3,0,0,18,131,26,3,105,19,3,3,2,101,69,31,25,39,64,56,16,4,3,4,13,131,84,7,0,0,0,0,38,16,0,0,39,131,6,9,131,26,0,0,0,7,4,64,91,41,11,3,0,0,0,44,55,59,9,1,0,0,0,21,20,1,0,0,13,34,46,55,65,1,0,0,0,0,40,124,131,40,2,0,0,0,0,53,22,28,22,12,0,0,1,13
2,83,66,11,0,0,0,0,136,17,33,22,2,0,0,90,142,0,0,0,1,0,0,141,11,0,0,3,66,21,0,6,0,21,108,69,3,0,0,0,93,9,26,103,25,0,0,14,142,7,1,5,2,0,0,71,38,0,0,31,76,8,0,8,0,0,48,73,19,6,2,0,32,26,34,138,19,8,6,1,142,78,13,14,0,0,0,9,50,4,0,21,27,0,0,2,0,0,1,23,85,38,7,0,23,8,3,7,15,39,53,45,142,31,2,1,0,0,3,58,27,2,0,3,14,0,0,4
14,0,0,27,103,15,53,83,10,3,1,1,14,62,119,72,3,0,0,0,8,37,82,42,9,1,0,0,0,0,53,50,7,5,1,105,119,5,12,9,61,47,15,27,22,3,46,29,3,6,11,44,34,11,55,26,0,0,0,1,6,1,84,56,4,2,4,54,119,26,11,8,48,11,33,50,38,14,25,23,3,31,44,19,34,56,41,7,1,45,107,0,7,6,5,8,8,3,3,5,39,28,18,35,9,15,65,46,19,33,103,31,12,119,119,22,1,7,88,105,4,92,119,0,0,0,14,39
33,26,7,4,6,4,26,42,10,11,4,3,9,22,135,47,5,4,4,4,0,33,135,13,16,42,7,0,0,22,135,24,120,92,8,17,70,70,10,26,35,19,42,14,29,53,36,12,22,28,56,60,14,22,48,2,132,135,19,6,1,3,17,27,23,86,13,81,135,15,1,3,45,7,3,12,43,14,35,51,47,43,4,8,11,36,35,9,95,43,2,0,0,0,7,54,0,6,1,15,135,3,0,0,9,24,1,6,58,0,6,6,63,103,0,0,0,0,4,1,18,49,15,5,0,0,0,1
0,0,0,7,3,1,113,66,0,4,6,9,8,5,117,87,12,4,35,117,42,13,117,79,18,73,94,104,9,3,5,14,4,5,3,86,6,0,2,0,34,48,37,16,3,2,18,9,31,13,43,28,25,15,23,58,47,57,10,12,7,7,14,30,2,1,6,117,16,1,0,0,34,8,24,70,7,15,13,23,70,21,3,15,36,70,19,10,117,106,9,10,2,3,0,2,2,26,21,21,12,3,0,0,1,37,104,109,14,3,1,0,88,44,23,117,35,10,4,1,117,68,3,4,1,0,0,0
0,108,133,2,4,5,27,4,12,30,45,44,133,45,6,1,133,28,4,16,41,8,0,4,34,9,35,26,4,0,0,0,4,3,2,0,4,25,133,64,26,4,4,14,105,133,49,24,133,14,3,3,18,29,6,39,64,3,2,0,0,0,0,1,7,40,129,3,2,3,10,22,15,51,133,91,42,16,5,9,133,65,53,36,8,1,0,8,61,2,0,0,0,0,0,5,0,13,89,1,0,2,2,1,0,15,53,36,31,1,1,1,53,47,18,30,18,0,0,0,26,10,0,0,0,0,0,0
188,188,0,0,0,0,0,9,47,32,1,0,0,0,0,1,16,2,0,0,0,0,0,4,0,0,0,4,0,0,0,0,188,31,0,0,0,0,19,188,43,10,1,0,4,5,2,5,13,2,0,0,0,1,2,18,3,0,0,0,0,0,0,2,188,144,0,0,0,0,4,72,56,3,3,5,5,2,0,7,18,12,2,1,0,0,0,2,5,1,0,0,0,0,0,0,188,78,0,0,0,0,0,18,60,6,4,1,0,0,0,5,6,7,3,0,0,0,0,0,2,1,0,0,0,0,0,0
0,0,0,0,0,23,124,1,2,1,0,0,0,20,124,17,6,3,0,0,0,3,80,43,1,1,0,0,1,13,21,6,12,14,53,55,9,72,124,16,124,96,24,2,0,10,124,73,44,85,52,0,0,0,26,33,5,20,24,0,0,2,7,5,4,14,95,124,78,22,2,1,124,54,29,9,12,17,9,98,105,16,14,2,3,4,1,51,9,6,7,2,2,3,3,5,2,0,4,28,124,46,4,4,124,1,5,10,17,21,8,62,124,0,0,4,1,0,0,41,7,5,2,4,1,0,1,1
5,1,7,1,1,8,34,56,10,2,3,13,17,55,22,13,122,7,1,2,2,8,5,49,19,0,0,0,108,20,2,10,25,28,10,6,5,5,16,36,22,2,1,8,45,60,15,18,130,5,0,0,4,10,5,70,22,0,0,6,130,53,9,17,32,12,7,6,4,1,130,130,30,16,3,32,59,7,12,46,130,44,2,5,5,1,0,10,26,5,3,40,127,10,1,6,130,130,22,0,0,0,38,130,98,23,1,2,3,1,5,69,85,11,0,0,0,0,2,47,11,0,0,2,98,22,8,27
134,153,57,0,0,0,51,47,29,82,74,1,0,1,13,32,2,40,50,0,0,2,8,2,0,14,39,7,2,0,1,0,167,55,15,0,1,2,3,167,29,16,33,6,12,17,8,17,36,18,14,1,1,2,6,17,7,5,7,12,23,1,0,0,167,1,0,0,0,2,2,141,95,7,7,28,10,3,1,17,44,25,6,5,1,0,0,5,10,2,0,13,15,1,0,1,167,8,2,18,10,0,0,132,119,1,1,4,1,10,17,33,6,3,1,1,0,4,33,20,1,0,0,0,2,12,18,10
0,0,0,2,140,17,0,0,31,47,1,3,101,4,0,0,58,117,0,0,0,0,0,0,13,46,1,0,0,0,0,0,2,0,0,0,140,112,1,2,114,50,0,0,66,29,2,17,86,72,0,0,0,0,3,17,9,14,1,0,0,0,16,6,6,8,24,42,140,116,2,5,123,70,53,7,21,22,3,50,51,37,25,0,0,0,8,53,3,21,14,0,0,0,21,10,0,12,104,104,77,1,0,0,6,79,140,13,1,0,0,0,4,33,111,26,3,0,0,0,2,28,29,5,1,0,0,0
3,0,20,71,37,10,0,3,0,9,182,182,73,68,6,0,5,175,182,50,12,49,16,2,1,176,182,0,0,5,1,0,19,5,11,11,5,3,2,13,9,8,72,26,10,22,8,13,68,43,85,2,1,3,4,43,6,13,45,12,9,20,3,3,13,26,11,10,5,0,0,1,7,13,33,40,7,3,2,2,80,51,11,6,0,0,0,11,13,15,25,9,1,2,3,3,5,4,1,2,7,3,4,14,1,2,5,4,0,8,15,4,19,6,1,0,0,1,5,31,5,1,0,0,0,8,8,11
13,8,18,83,20,40,7,6,127,18,18,33,1,0,1,61,115,69,17,0,0,0,0,14,2,21,4,0,0,0,0,0,32,76,56,49,0,0,0,0,118,36,105,115,0,0,0,14,127,63,8,4,0,0,0,32,38,85,1,0,0,0,0,0,44,127,26,7,0,0,0,0,16,49,127,127,0,0,0,0,127,45,58,39,0,0,0,39,83,25,0,0,0,0,5,78,38,91,4,0,0,0,2,4,7,17,31,27,1,0,7,13,11,3,20,64,28,1,3,29,11,0,0,4,9,1,16,127
0,0,0,3,8,0,0,0,1,0,0,11,64,12,0,0,24,38,3,2,16,3,0,0,4,12,7,8,0,0,0,0,0,0,2,24,27,1,0,0,13,1,0,13,132,41,2,5,132,33,2,0,11,10,3,17,27,18,36,15,0,0,6,9,0,0,1,18,52,81,2,0,36,5,0,8,124,132,61,34,132,29,0,1,11,9,13,30,18,3,2,2,5,13,52,41,0,0,0,0,132,132,7,1,132,10,0,0,72,132,105,132,132,37,3,11,6,4,73,76,4,13,22,17,9,6,50,21
11,14,22,6,1,0,0,10,2,5,15,88,82,1,0,0,20,128,38,40,25,0,0,0,6,96,72,0,0,0,0,0,43,0,0,0,2,4,2,55,21,5,2,13,75,44,2,6,128,88,7,6,13,5,0,7,33,37,26,0,0,0,0,5,33,0,0,0,1,16,24,128,47,3,0,0,21,101,38,28,128,26,3,0,1,6,3,32,26,3,2,0,0,0,3,24,9,0,3,20,3,11,128,128,128,44,0,0,0,29,128,97,128,128,44,2,0,0,1,8,2,7,22,2,0,0,0,1
0,0,0,0,0,0,0,0,4,2,17,5,0,0,47,95,26,7,7,1,0,43,81,127,8,3,0,0,2,127,98,21,4,0,0,0,0,0,0,2,95,26,95,25,3,3,6,37,24,17,87,47,82,77,33,76,12,46,19,10,50,127,26,7,17,18,0,0,0,0,0,1,127,89,5,3,25,40,2,20,27,35,15,16,106,127,3,4,4,36,33,21,104,56,0,0,5,29,3,0,0,0,0,0,27,83,7,2,64,39,0,1,16,74,15,7,81,40,0,1,32,45,6,4,111,69,0,1
0,0,4,34,27,19,23,4,1,8,11,135,135,31,2,0,135,135,25,50,33,1,0,0,113,62,0,0,0,0,0,0,0,0,0,7,43,28,30,10,21,4,4,38,135,121,9,7,135,96,10,15,17,19,7,17,42,18,0,0,0,0,0,0,12,2,0,0,27,22,109,83,42,6,0,7,135,49,12,9,135,10,0,3,21,3,1,19,4,0,0,0,0,0,0,0,54,69,27,10,13,1,18,35,13,8,2,20,135,5,1,5,15,0,0,1,16,1,0,6,0,0,0,0,0,0,0,0
8,14,16,25,74,15,0,2,11,30,17,36,110,14,0,0,13,114,39,50,55,7,0,0,108,62,18,51,22,0,0,0,31,34,4,15,80,16,0,2,50,29,4,32,127,11,0,5,127,61,20,79,39,3,0,14,90,73,34,118,21,0,0,3,35,16,2,13,65,4,2,20,52,13,4,89,127,1,0,14,127,25,5,43,39,0,0,9,71,10,4,77,63,0,0,17,25,0,0,6,71,13,2,32,41,4,3,53,55,11,7,44,124,21,5,27,22,10,19,55,24,1,0,27,40,20,30,29
64,13,12,17,30,3,0,24,25,7,14,55,124,47,3,14,77,21,9,24,48,15,4,40,41,24,3,31,52,0,0,1,76,0,0,8,75,34,10,60,51,1,0,0,124,89,5,33,124,5,0,7,61,24,3,48,63,14,2,21,50,12,1,4,56,0,0,0,57,94,33,112,62,11,0,2,124,103,23,55,124,38,0,1,36,41,5,13,77,22,0,1,22,46,6,9,39,0,0,0,32,68,33,50,85,29,0,0,5,86,49,25,97,21,0,0,8,28,22,22,77,43,0,4,14,11,12,12
30,18,2,20,115,8,0,2,117,34,9,51,39,3,0,5,90,68,25,92,30,0,0,7,106,47,0,0,0,0,0,15,45,9,3,62,107,1,0,19,117,46,5,41,45,1,2,11,82,8,2,69,91,4,3,29,97,1,0,2,2,0,12,91,33,3,1,19,31,32,22,43,65,13,2,12,19,26,47,115,13,0,0,16,36,40,66,59,12,0,0,1,3,9,54,74,3,1,0,0,12,61,71,6,1,0,1,0,2,29,117,60,0,0,0,0,0,3,117,107,0,0,0,0,0,19,113,13
0,0,0,3,97,38,1,0,22,4,0,27,142,21,0,0,142,18,0,4,20,2,0,8,25,7,3,9,31,1,0,4,0,0,2,13,62,50,1,0,30,0,0,5,142,89,2,10,142,3,0,0,21,12,2,33,44,7,1,8,10,0,0,2,0,0,1,7,75,142,7,0,44,20,0,0,122,142,1,3,142,54,0,0,8,6,0,8,49,12,1,5,4,0,0,0,0,0,4,35,109,33,4,0,77,24,11,15,105,19,0,1,142,43,1,0,0,0,0,4,30,3,0,0,1,5,6,8
3,13,4,9,89,44,4,4,82,36,20,21,6,16,7,7,136,64,1,0,0,0,0,14,50,28,0,0,0,0,0,5,20,68,16,33,83,1,0,0,72,65,46,99,12,0,0,6,136,24,6,11,1,0,0,70,101,4,0,0,0,0,0,22,62,35,9,52,54,0,0,17,89,42,66,127,4,0,0,25,136,45,37,57,1,0,0,36,88,3,0,0,0,0,0,60,35,2,1,68,66,0,0,22,136,5,9,38,5,0,0,80,34,4,8,98,18,0,0,38,24,0,0,8,1,0,8,113
83,52,5,4,57,26,0,1,46,67,28,104,75,0,0,0,106,117,16,28,21,0,0,0,69,82,0,0,0,0,0,0,117,104,3,14,60,2,0,0,88,57,9,52,117,0,0,0,117,92,6,13,22,0,0,11,52,28,0,0,0,0,0,2,105,59,4,10,21,9,10,56,47,15,1,20,117,22,22,26,117,2,0,7,21,3,5,68,45,0,0,0,0,0,32,44,16,0,0,0,0,9,35,103,4,0,0,0,8,22,48,66,15,0,0,0,2,8,27,79,2,0,0,0,0,0,105,55
0,0,87,74,5,0,0,0,1,3,24,99,32,0,0,0,5,19,38,51,7,0,0,0,0,3,25,115,25,0,0,0,0,0,10,24,51,3,0,0,18,2,3,36,118,12,0,3,115,31,23,26,38,17,1,7,13,10,13,72,88,53,3,4,0,0,0,0,42,67,0,0,33,1,0,0,118,118,10,13,118,7,0,0,71,78,8,26,60,6,0,0,100,118,5,11,0,0,0,0,64,118,1,0,51,1,0,0,43,118,27,41,79,1,0,0,54,87,26,67,66,44,0,0,58,59,1,2
0,0,0,8,117,98,17,10,6,0,0,0,10,46,117,67,137,0,0,0,0,12,54,83,38,13,5,3,5,2,0,9,0,0,0,0,135,137,16,9,41,3,2,3,13,54,34,29,137,13,0,0,0,8,8,25,87,28,1,0,0,0,0,2,10,13,2,27,126,21,3,6,45,47,40,34,11,6,1,3,137,18,8,10,0,0,0,67,100,4,0,0,0,0,0,46,18,21,5,45,56,0,0,0,48,58,35,57,5,0,0,4,127,18,36,48,1,0,0,36,115,2,0,0,0,0,0,41
2,0,0,0,29,69,66,53,150,8,0,0,0,17,79,78,122,21,7,3,4,3,1,20,3,54,9,1,1,1,0,0,20,12,8,9,24,47,20,17,150,59,3,3,1,12,9,17,150,56,2,0,0,0,0,6,10,39,3,0,0,0,0,0,27,73,40,50,20,1,0,0,150,34,16,32,3,0,0,64,150,8,0,0,0,0,0,64,22,3,0,0,0,0,0,10,62,50,29,57,9,0,0,13,134,34,54,83,2,0,0,20,150,9,1,1,0,0,0,58,13,0,0,0,0,0,0,23
0,3,63,67,0,0,0,0,118,36,32,26,0,0,0,27,176,11,0,0,0,0,0,57,37,4,1,0,0,0,0,8,0,0,20,41,0,0,20,23,64,42,36,29,0,0,1,4,176,26,0,0,0,0,0,27,54,6,0,0,0,0,0,7,7,0,0,1,0,0,67,176,73,6,2,2,0,0,9,65,149,7,0,0,0,0,0,35,21,3,0,0,0,0,0,5,39,0,0,0,0,0,50,176,123,0,0,0,0,0,1,176,21,0,0,0,0,0,0,23,0,0,0,0,0,0,0,0
0,3,47,61,38,10,13,7,0,5,122,122,14,15,25,2,74,122,77,92,6,7,7,19,105,64,9,1,0,0,0,50,0,0,15,77,47,24,23,8,5,3,8,35,76,122,122,13,122,42,7,11,7,38,90,81,112,60,0,0,0,0,1,32,0,0,11,122,67,3,0,2,8,13,16,122,122,36,12,4,122,39,11,11,3,5,9,20,37,11,0,0,0,0,0,2,0,0,0,13,4,0,0,3,0,0,0,16,5,0,0,0,0,0,0,0,0,0,0,0,0,0,0,0,0,0,0,0
0,0,0,0,0,0,0,0,0,1,1,0,0,48,107,2,4,2,0,0,2,91,107,17,12,10,1,0,3,25,31,18,0,0,0,0,0,0,0,0,12,4,7,19,15,71,123,27,123,25,5,3,2,21,108,109,44,20,2,0,56,108,31,8,0,0,0,0,0,0,0,0,10,16,123,113,11,5,2,3,123,67,96,60,15,22,16,20,16,2,4,52,90,123,59,7,0,0,0,0,0,0,0,0,0,2,39,64,6,0,0,0,0,20,123,92,11,1,0,0,0,5,40,123,64,15,2,0
40,0,0,0,2,19,85,60,0,0,0,1,14,86,79,10,2,1,0,7,13,78,80,7,4,3,0,0,0,4,9,3,34,13,0,0,0,4,123,99,123,43,6,20,10,23,107,84,23,44,48,123,40,33,19,7,38,122,24,8,0,2,5,4,53,74,92,0,1,1,10,61,123,116,37,4,2,0,0,91,50,42,25,48,24,2,0,16,59,70,11,3,1,1,0,3,2,86,123,5,0,0,0,0,17,99,79,8,3,3,8,5,14,28,14,7,2,0,7,21,16,14,2,0,0,0,6,11
18,19,8,77,56,0,0,2,131,48,2,1,0,0,0,36,131,2,0,0,0,0,29,131,7,0,0,0,0,13,131,42,6,43,18,93,78,0,0,0,79,72,18,21,4,0,0,36,131,20,1,1,0,0,41,131,6,17,16,0,0,15,128,32,8,23,11,54,59,0,0,3,29,55,36,57,3,0,0,2,131,131,11,7,0,0,0,11,15,87,60,0,0,0,1,2,23,10,3,15,20,0,0,7,38,26,14,28,7,0,0,1,131,52,3,6,1,0,0,0,35,43,15,0,0,0,0,0
8,0,0,15,43,1,0,5,23,3,0,51,139,0,0,5,139,5,0,3,10,0,0,49,72,22,0,0,0,0,0,10,37,1,0,10,36,4,2,21,17,1,0,28,139,10,0,6,139,26,0,1,32,5,0,44,136,10,0,0,0,0,0,21,55,0,0,0,29,20,5,53,23,1,0,5,139,66,2,8,139,16,0,2,31,8,1,47,120,4,0,0,0,0,0,28,47,0,0,4,23,12,3,56,14,1,2,70,127,45,1,11,134,3,2,15,13,5,0,90,92,1,0,0,0,0,0,82
0,0,0,94,87,1,0,0,15,6,1,92,122,3,3,19,130,43,1,13,12,0,2,72,20,12,4,58,45,0,0,3,0,0,0,35,117,2,0,0,33,8,1,56,139,11,0,3,139,56,2,8,21,1,0,9,29,18,5,56,51,0,0,0,0,0,0,25,133,8,0,0,30,4,0,49,139,21,0,1,139,7,0,7,18,1,0,36,37,3,2,21,34,1,0,13,0,0,0,12,73,22,0,0,8,0,0,58,139,4,0,2,139,0,0,7,28,3,0,57,48,1,0,5,6,0,0,19
0,0,0,1,93,114,0,0,4,25,35,19,83,61,2,4,40,18,29,27,6,2,1,93,109,8,5,1,0,0,0,110,3,0,0,20,114,71,0,1,70,79,29,24,31,14,0,12,32,31,31,114,56,0,0,9,114,13,3,15,5,0,0,74,3,4,0,41,114,29,1,3,114,65,2,8,32,9,2,61,47,22,6,88,94,1,0,12,68,26,5,19,15,0,0,21,19,19,1,1,114,56,0,0,92,114,3,3,19,3,0,0,12,31,8,18,103,2,0,0,26,42,12,5,13,0,0,0
0,0,0,1,77,89,5,0,40,33,0,0,3,24,19,6,48,56,0,0,0,43,32,5,4,11,1,0,4,117,27,0,15,0,0,1,117,91,7,6,117,20,0,0,15,31,11,17,29,16,0,2,96,117,40,2,28,112,2,1,8,74,36,2,31,0,0,10,117,48,4,9,116,2,0,0,9,40,61,58,22,39,9,2,57,91,25,5,116,117,6,1,5,1,0,0,1,2,4,34,117,8,6,4,22,73,17,5,13,9,44,28,25,117,31,0,0,4,7,4,34,117,12,0,0,0,0,0
6,31,25,12,18,91,19,7,19,6,63,14,2,13,15,58,19,14,127,22,0,0,0,20,10,61,127,5,0,0,0,2,34,0,0,0,3,127,84,61,105,7,0,0,0,4,11,106,86,12,1,0,0,0,0,66,33,9,1,0,0,0,0,16,127,0,0,10,30,52,40,103,127,64,0,0,0,0,0,40,71,81,0,0,0,0,0,6,35,39,0,0,0,0,0,2,115,0,0,26,87,12,7,94,127,21,0,0,0,0,1,123,46,45,13,1,0,0,0,5,28,51,2,0,0,0,0,1
13,2,2,40,58,12,5,13,127,8,0,1,3,0,1,50,127,1,0,0,0,0,0,41,105,0,0,0,0,0,0,35,16,0,0,2,27,70,37,30,127,28,0,0,1,6,6,41,127,24,0,0,0,0,0,24,127,0,0,0,0,0,0,52,22,13,55,84,8,15,6,5,127,44,21,4,0,1,1,27,127,15,1,0,0,0,0,38,127,6,0,0,0,0,1,60,1,38,115,52,0,0,0,0,40,112,127,7,0,0,0,2,35,107,82,0,0,0,0,4,33,60,36,0,0,0,2,11
45,2,2,0,6,61,33,84,71,2,6,2,0,1,53,99,3,3,14,4,0,0,76,83,21,5,3,2,0,0,50,99,56,14,48,33,22,9,2,27,130,22,15,3,2,0,0,69,31,38,75,35,0,0,3,5,28,130,52,8,0,0,6,19,29,28,17,55,108,0,0,1,130,49,3,5,7,0,0,20,105,120,13,7,0,0,0,12,16,130,22,0,0,0,0,0,12,22,6,18,74,7,0,0,130,57,3,2,1,0,0,14,130,125,0,0,0,0,0,4,13,48,1,0,0,0,0,0
146,0,0,0,0,5,57,157,71,0,0,0,2,31,5,29,16,4,0,0,2,28,3,3,44,4,0,0,0,0,0,5,157,6,1,0,5,14,17,150,147,2,0,0,11,15,1,36,28,34,0,0,2,5,0,0,31,23,0,0,0,0,0,0,157,99,19,1,2,0,0,53,157,10,1,0,2,0,0,58,35,40,0,0,0,0,0,0,14,9,0,0,0,2,2,0,127,76,9,0,0,3,14,59,157,42,0,0,0,0,0,59,32,25,0,0,0,0,0,2,2,3,0,5,4,2,1,0
2,148,148,0,0,0,0,0,1,123,148,2,0,0,0,0,11,148,148,1,0,0,2,1,46,148,55,0,0,0,0,0,14,148,108,3,5,0,0,0,14,49,135,15,37,9,0,3,97,68,69,2,8,2,0,9,12,24,20,5,29,9,4,8,1,21,6,2,13,2,0,0,14,10,8,13,58,9,0,1,137,25,4,5,7,1,0,5,21,6,5,35,35,3,0,2,0,0,0,0,0,0,0,0,1,4,2,1,1,0,0,0,35,25,2,1,1,0,0,0,8,3,1,11,20,17,2,0
0,0,0,0,7,49,11,1,18,7,1,0,0,19,43,63,52,20,11,0,0,0,27,96,17,15,10,0,0,12,2,7,0,0,0,0,1,57,143,39,32,1,0,0,15,143,95,54,143,8,0,0,1,16,42,112,42,4,0,0,1,22,6,5,34,12,0,0,0,14,87,136,76,71,37,7,23,57,24,34,143,71,11,1,3,5,1,15,38,15,0,0,2,4,0,2,46,123,42,0,0,1,2,15,57,115,37,0,0,1,11,12,143,76,12,0,0,0,5,32,35,23,0,0,0,0,0,3
0,0,0,0,0,0,115,87,6,1,3,0,0,0,52,115,4,3,10,3,0,5,72,64,0,0,20,15,0,3,50,23,19,8,16,3,0,2,44,85,115,18,1,0,0,1,17,115,29,4,0,0,8,49,88,49,0,0,0,0,2,34,115,54,18,60,115,54,0,0,0,4,83,47,40,19,27,20,39,19,7,1,0,2,34,110,115,12,12,14,7,4,34,115,115,22,3,23,45,60,9,2,0,0,0,4,23,62,97,22,2,0,5,10,31,86,86,32,55,9,27,89,30,7,8,9,17,9
0,0,1,10,31,70,16,4,0,1,13,52,116,76,1,0,24,75,21,13,28,8,0,2,105,104,0,0,0,0,0,0,5,0,0,1,15,60,116,28,46,18,68,47,40,18,34,21,9,116,116,31,2,0,0,0,37,116,11,0,1,0,0,0,67,17,8,15,28,67,74,33,116,21,6,1,0,0,25,107,83,60,33,7,0,0,4,39,52,89,7,3,11,3,0,1,14,10,23,90,32,5,10,14,116,32,12,9,5,3,21,105,116,72,0,0,0,0,0,17,42,22,0,0,21,25,0,1
0,0,3,6,32,115,41,1,0,0,0,0,9,41,80,21,12,2,0,0,0,5,34,78,6,8,7,41,52,48,14,5,2,7,22,70,66,115,72,14,17,15,23,29,15,34,115,60,115,20,1,3,2,4,37,115,89,21,18,71,8,0,0,14,0,10,76,115,47,1,0,0,14,52,104,115,24,4,2,5,115,115,34,21,3,1,1,21,115,22,9,8,0,0,0,11,0,1,14,62,54,14,2,0,2,8,19,46,34,86,29,5,52,27,9,5,3,18,32,77,68,11,2,0,0,3,34,40
3,0,5,7,11,35,114,28,23,14,78,10,2,6,75,75,14,18,97,4,0,0,73,103,1,1,29,12,0,0,73,109,66,21,14,13,5,13,69,38,120,26,7,0,0,0,12,66,53,15,36,3,0,2,51,30,1,1,34,28,1,2,67,26,20,63,120,19,6,0,0,0,79,47,37,12,30,27,52,19,8,0,0,0,2,21,120,58,0,0,0,0,0,45,120,20,7,30,73,36,36,0,0,0,0,0,12,99,120,21,9,1,0,0,15,44,29,38,75,27,3,5,38,22,9,84,109,9
0,0,12,56,93,25,15,0,0,1,30,77,115,15,4,0,87,52,62,11,6,8,3,24,99,20,1,0,11,10,12,39,5,0,0,4,24,111,115,14,42,21,92,50,36,12,25,24,13,85,115,16,9,0,0,0,92,67,16,25,80,5,1,6,57,16,0,0,15,63,35,33,115,43,7,0,0,0,5,35,60,30,44,12,31,1,0,7,85,81,11,24,87,2,0,0,67,4,1,4,54,22,13,85,115,11,0,0,0,0,0,85,88,13,0,1,28,17,1,6,83,79,1,2,33,11,0,0
2,0,0,1,23,108,52,17,65,37,13,3,3,6,21,65,61,57,6,0,1,26,6,10,3,1,0,10,25,82,11,1,35,28,21,15,18,120,106,46,120,41,2,0,0,4,23,109,61,1,0,0,9,120,19,20,0,0,0,0,8,116,55,13,15,77,120,83,11,6,2,3,110,113,56,10,2,7,14,15,15,0,0,6,48,120,27,8,10,4,2,10,54,120,62,9,0,2,59,39,11,11,0,0,0,4,34,31,34,10,0,0,0,0,2,32,85,14,1,0,6,5,14,88,51,12,2,1
0,0,4,7,18,51,33,0,3,7,6,2,1,37,123,24,10,4,0,0,0,5,79,99,0,0,0,0,8,75,30,10,6,0,0,11,123,99,39,14,87,32,45,5,16,44,84,56,29,56,84,7,8,13,46,68,2,2,3,2,40,83,30,11,12,5,5,77,123,25,5,6,123,94,21,36,40,2,1,34,47,32,30,55,55,57,3,2,0,0,0,21,50,71,40,4,7,23,26,31,38,15,6,5,71,123,42,23,7,1,0,0,13,31,17,107,69,18,1,0,0,0,2,123,62,8,14,4
40,29,14,112,20,6,6,7,91,63,3,1,0,0,8,82,57,134,3,0,0,1,75,79,24,144,21,0,0,1,29,11,14,6,43,144,8,0,0,2,96,30,31,76,3,0,0,52,144,117,3,0,0,0,0,52,131,98,7,0,0,5,1,9,0,0,2,46,4,0,0,0,24,25,25,48,2,0,0,3,144,82,5,0,0,0,0,14,128,10,0,0,5,83,11,13,0,0,0,0,0,0,0,0,0,0,0,0,0,0,0,0,14,6,0,0,0,0,0,0,9,1,0,0,11,65,3,2
15,0,0,0,0,5,120,71,5,0,0,8,13,7,104,82,1,2,9,18,24,19,13,8,4,20,12,1,13,36,75,15,23,32,120,29,7,20,120,54,120,25,11,2,3,2,53,120,34,1,0,4,33,47,16,18,3,2,5,96,110,59,57,5,11,25,116,65,97,12,7,15,120,120,20,16,38,6,2,20,36,27,22,58,27,8,1,1,38,29,37,113,17,3,1,3,29,25,7,9,25,7,22,56,58,120,13,6,6,0,0,32,4,12,15,28,24,5,0,3,34,4,6,10,20,13,5,26
133,4,1,14,86,21,0,81,133,0,0,0,9,35,8,60,3,15,15,8,46,52,3,1,3,72,39,5,6,3,0,0,133,92,44,133,47,0,0,21,133,37,1,0,2,41,36,54,60,14,4,0,2,20,16,36,22,19,2,0,2,4,7,12,32,86,81,132,15,0,1,1,41,70,50,10,2,7,3,4,45,34,11,1,2,41,18,13,9,1,0,0,2,71,133,15,4,10,29,22,2,1,6,15,1,16,30,17,21,8,0,0,0,3,3,4,53,133,12,1,17,42,7,2,18,103,56,24
14,2,0,0,0,129,129,32,81,56,1,0,0,29,64,23,24,52,60,32,13,15,16,5,7,73,129,17,6,8,6,4,89,10,0,1,2,17,34,78,129,105,3,0,0,0,0,45,54,120,48,7,0,0,0,4,21,47,53,0,0,0,0,0,111,72,7,19,3,0,0,2,129,60,0,0,0,0,0,71,114,18,11,6,0,0,0,44,12,8,2,0,2,5,2,1,36,87,18,16,3,1,2,5,129,88,0,0,0,0,0,10,120,7,0,0,0,0,3,24,2,0,0,0,4,4,13,2
0,0,3,11,85,24,0,0,29,1,0,0,135,106,0,5,144,40,0,0,13,19,1,7,40,15,0,0,5,10,0,0,0,0,0,14,144,26,0,0,61,2,0,21,144,75,0,12,144,9,0,2,13,9,1,38,40,1,0,0,11,38,4,6,0,0,0,86,116,1,1,0,29,28,19,144,132,2,0,1,144,78,15,19,5,5,7,17,29,2,0,0,1,23,21,16,0,0,0,32,25,4,32,12,2,18,26,121,39,2,5,1,28,62,32,16,0,1,1,1,13,13,9,2,0,4,3,3
16,60,33,1,0,25,20,2,1,6,17,39,14,61,58,2,1,5,20,82,114,81,13,0,2,105,82,62,59,88,9,0,14,3,2,0,0,114,114,8,114,61,9,0,0,82,111,33,22,48,76,114,27,13,15,8,0,70,114,66,8,18,4,0,15,16,37,10,9,57,29,6,114,24,12,5,2,8,18,95,28,9,7,12,6,28,86,61,0,1,8,7,14,107,24,0,11,3,3,19,13,13,27,20,114,16,0,1,1,7,7,18,36,23,12,9,2,4,10,13,0,0,16,36,15,17,3,0
125,92,42,22,0,0,3,125,106,11,0,0,0,1,9,125,15,1,0,0,0,63,53,28,0,0,0,0,1,109,52,0,105,97,51,124,29,0,0,41,125,70,7,2,3,3,4,93,30,5,1,32,51,68,29,15,9,10,3,10,7,31,23,2,28,37,87,125,45,0,1,22,125,117,51,8,2,0,0,33,26,15,6,65,48,1,0,1,4,27,15,32,10,0,0,0,4,28,39,33,28,2,1,3,30,46,22,7,18,9,21,39,3,8,4,9,41,41,22,7,7,11,4,4,6,6,6,10
23,8,4,9,16,5,25,51,0,0,45,116,66,7,26,4,0,3,143,143,50,3,3,1,0,27,143,143,67,10,0,0,2,0,0,4,16,23,63,20,14,0,4,13,4,15,143,38,113,32,98,59,3,0,25,47,11,56,143,26,1,0,0,0,0,0,0,36,58,14,4,0,54,13,4,26,13,10,17,10,143,38,3,0,0,0,2,16,43,13,13,15,13,0,0,1,0,0,2,15,23,46,5,0,40,5,4,10,7,21,15,15,143,12,0,0,0,0,1,34,42,4,0,3,21,2,0,5
0,0,0,51,52,13,1,0,109,17,7,25,8,6,4,9,182,18,0,0,0,0,0,23,50,6,3,13,22,1,0,6,0,0,6,29,36,88,9,0,95,10,12,13,8,35,32,47,182,18,0,0,0,0,1,95,87,10,1,10,34,2,0,13,0,0,56,123,20,9,0,0,69,47,86,59,8,4,3,5,182,82,7,0,0,0,0,7,107,17,2,18,23,0,0,0,0,0,2,24,26,0,0,0,28,4,6,13,15,0,0,0,182,7,0,0,0,0,0,1,50,3,0,2,13,0,0,0
62,15,12,3,1,21,49,68,7,0,1,11,14,83,88,17,0,0,0,2,6,27,1,0,0,0,0,0,0,0,0,0,143,15,8,3,4,87,93,143,80,19,6,10,7,45,100,49,9,1,1,24,19,19,4,4,0,0,0,0,0,0,0,0,143,143,46,5,2,14,7,80,52,41,11,2,2,17,44,49,13,71,36,5,18,22,19,19,0,11,12,0,1,0,0,0,39,111,57,2,1,8,3,2,11,143,59,1,2,16,18,8,13,127,18,0,0,72,87,6,0,10,5,0,0,86,73,0
6,8,49,72,145,17,5,6,133,145,135,145,145,8,0,7,145,145,27,3,0,0,0,19,3,2,0,0,0,0,0,0,5,3,7,22,145,88,36,10,145,83,5,11,91,21,0,22,94,13,0,0,0,0,0,38,0,0,0,0,0,0,0,0,5,0,0,0,12,28,4,2,92,9,0,0,5,9,0,12,16,0,0,0,0,0,0,5,0,0,0,0,0,0,0,0,0,0,0,0,0,0,0,0,0,0,0,0,0,0,0,0,0,0,0,0,0,0,0,0,0,0,0,0,0,0,0,0
0,0,0,0,0,0,0,0,7,0,0,0,0,0,4,21,18,2,1,0,0,50,55,32,27,16,6,2,18,69,16,3,6,4,0,0,0,0,0,0,128,21,0,0,0,2,13,45,72,6,0,0,0,23,103,77,65,29,4,5,25,34,42,45,27,25,0,1,48,13,0,0,128,77,9,24,24,34,22,7,15,0,2,46,32,71,128,125,98,7,0,2,0,1,61,128,44,88,3,4,74,54,3,4,44,128,46,85,12,3,0,0,5,0,20,128,29,7,7,24,100,2,6,60,4,0,3,128
13,1,9,28,15,6,13,58,4,8,37,58,30,21,7,15,0,23,13,2,7,3,0,0,0,0,0,0,0,0,0,0,15,0,0,0,7,22,55,94,128,102,53,5,16,21,23,68,22,131,125,43,14,1,0,1,0,2,9,33,12,0,0,0,99,25,9,1,6,20,18,96,131,131,26,1,1,1,1,49,127,40,20,78,19,0,0,10,0,0,16,114,25,0,0,0,131,84,14,2,0,3,2,14,131,131,28,0,0,0,0,14,36,45,1,14,6,0,4,4,0,0,0,38,14,0,0,0
105,21,6,7,0,0,2,150,85,1,0,0,0,0,1,150,17,0,0,0,2,17,20,43,11,0,0,0,2,8,16,25,41,22,53,94,0,0,1,72,150,43,9,1,0,0,0,150,118,6,8,8,9,9,3,31,27,21,13,5,4,4,2,8,14,25,55,101,0,0,0,1,150,88,18,8,0,0,0,4,150,18,5,1,0,0,0,6,7,13,13,0,0,0,0,0,17,12,11,19,0,0,4,62,150,66,7,2,0,0,0,1,92,12,0,0,0,0,0,0,2,0,0,0,0,0,0,0
0,0,0,1,29,128,8,0,36,1,2,1,10,79,61,105,55,6,3,0,0,0,66,112,5,7,10,1,0,0,57,65,5,14,23,13,44,106,0,0,70,15,49,53,20,13,2,25,128,28,12,3,1,0,0,39,28,96,55,2,0,0,1,5,65,59,12,8,29,18,0,1,42,35,20,74,73,0,0,0,128,48,3,7,3,0,0,6,116,128,4,0,0,0,0,1,15,98,14,5,26,4,0,0,11,27,13,17,62,4,0,0,128,106,3,1,1,0,0,0,121,69,0,0,0,0,0,0
1,106,66,0,0,22,52,15,31,55,66,0,0,1,36,82,38,79,26,0,0,0,0,17,4,14,1,1,6,3,1,3,17,21,2,0,0,80,112,18,137,39,0,0,0,4,39,96,130,18,0,0,0,0,0,14,6,4,2,2,1,0,0,1,45,44,2,0,0,5,27,125,137,47,1,0,0,0,1,86,137,3,0,0,0,0,0,34,8,1,0,0,0,1,0,0,22,6,19,9,0,0,18,137,90,0,0,0,0,0,5,137,104,0,0,0,0,0,2,137,4,0,0,0,0,5,18,13
0,85,124,28,4,5,0,0,6,124,111,0,0,0,3,3,14,103,84,0,0,0,2,7,3,112,29,0,0,1,0,1,0,31,124,12,3,72,27,0,8,43,32,1,0,58,106,30,93,26,20,0,0,1,36,95,35,20,4,0,0,0,0,9,2,1,0,0,2,118,123,26,44,45,2,0,0,33,48,38,124,41,0,0,0,0,4,29,51,6,0,0,0,0,0,3,4,10,9,5,22,13,60,65,27,10,6,2,0,0,20,124,105,4,0,0,0,0,2,124,42,0,0,0,0,0,0,37
30,143,143,13,0,0,0,8,54,143,28,7,14,6,0,1,5,10,65,56,41,3,0,0,0,1,134,50,1,0,0,0,84,31,10,0,0,5,53,143,36,17,4,0,4,39,9,34,56,11,20,3,2,8,2,10,6,2,51,12,0,0,2,3,143,10,0,0,3,31,44,143,126,16,0,0,0,13,5,43,60,27,0,0,0,1,1,3,6,0,0,0,0,0,7,4,143,84,3,0,1,4,0,49,143,27,0,0,0,0,0,34,22,17,0,1,1,2,2,0,0,0,0,0,1,4,14,3
29,0,0,0,0,0,29,152,27,0,0,0,0,0,15,137,14,0,1,1,0,0,9,24,0,0,3,8,2,4,9,2,136,11,0,0,0,0,13,152,152,15,0,0,0,0,15,152,59,3,6,4,0,2,14,31,2,5,8,5,5,7,13,8,152,38,0,0,0,0,1,56,152,103,1,0,0,0,1,18,45,8,7,3,0,0,22,55,2,4,9,8,1,0,4,29,152,54,0,0,0,0,0,3,152,44,4,1,0,0,0,21,12,6,12,7,0,0,2,10,1,0,0,0,0,0,0,9
0,0,0,0,4,54,19,0,14,5,1,0,0,18,45,56,51,21,15,0,0,0,13,100,16,20,17,0,0,6,2,9,0,0,0,0,0,45,138,36,28,1,0,0,1,102,124,57,138,5,0,0,0,6,32,134,52,2,0,0,0,10,8,11,40,20,1,0,0,8,90,113,79,89,18,1,2,38,30,32,138,82,3,0,0,2,2,11,52,19,0,0,0,1,0,1,34,135,42,0,0,0,1,7,64,138,24,0,0,0,0,1,138,82,5,0,0,0,0,4,39,25,0,0,0,0,0,0
3,0,0,0,0,3,120,106,3,0,0,8,15,8,107,93,0,0,5,21,22,25,13,9,6,15,7,1,6,37,62,15,26,16,83,39,7,15,120,68,120,15,7,2,0,1,55,120,33,1,0,4,31,56,15,29,0,0,4,66,114,88,60,4,12,21,97,102,48,4,8,7,120,120,22,20,12,0,0,4,36,35,26,54,18,8,0,1,7,30,54,120,28,3,0,0,24,22,7,9,14,4,16,70,69,120,12,5,2,0,0,29,6,19,17,31,26,6,0,3,28,9,10,13,14,10,5,25
14,0,0,0,0,110,116,28,95,34,1,0,0,14,42,26,18,60,69,17,6,8,6,3,3,84,119,7,2,2,0,0,106,2,0,0,0,14,42,82,136,72,0,0,0,0,0,31,56,136,21,0,0,0,0,2,14,62,31,0,0,0,0,0,136,46,6,7,0,0,0,7,136,27,0,0,0,0,0,62,135,26,3,0,0,0,0,45,15,11,0,0,1,3,1,2,47,84,18,10,0,0,0,1,136,66,0,0,0,0,0,11,136,4,0,0,0,0,0,34,8,0,0,0,1,4,9,8
24,0,0,0,5,19,29,138,29,7,4,3,4,1,12,138,15,13,2,0,0,0,36,37,0,0,0,0,0,0,27,14,34,17,45,50,8,20,22,65,138,53,17,3,0,0,11,138,41,22,21,47,18,4,71,47,35,23,2,7,3,1,56,52,8,17,138,138,8,0,0,0,138,66,48,27,3,1,0,20,102,13,7,37,74,30,0,12,99,30,2,7,10,6,0,4,2,1,11,70,74,20,3,2,138,63,12,24,11,10,4,12,54,24,6,40,46,3,0,0,60,29,5,9,5,0,0,2
0,0,0,0,7,0,0,0,0,1,0,0,3,0,0,0,0,0,0,0,0,0,0,0,0,0,0,0,0,0,0,0,2,0,0,3,57,19,0,1,51,27,2,0,16,8,1,4,9,13,16,0,0,0,0,3,0,0,2,0,3,1,0,0,15,0,0,1,45,156,57,43,104,4,0,0,3,12,28,89,14,4,7,0,1,7,19,55,0,0,1,1,18,50,9,4,14,3,0,0,96,156,156,156,33,2,0,0,0,3,156,156,3,0,0,0,0,10,156,156,2,0,0,0,4,49,77,64
15,14,20,18,4,6,9,17,63,21,2,0,0,1,2,42,3,0,0,0,0,0,0,2,0,0,0,0,0,0,0,0,7,1,6,2,2,16,153,99,153,13,0,0,0,6,48,122,37,6,0,0,0,0,0,3,0,0,0,0,0,0,0,0,11,22,153,91,1,3,62,36,153,153,153,22,0,1,22,71,61,39,11,0,0,0,0,3,0,0,0,0,0,0,0,0,0,4,153,41,0,0,0,1,3,81,153,12,0,0,0,0,1,19,29,0,0,0,0,0,0,0,0,0,0,0,0,0
0,7,85,38,12,2,0,0,24,132,114,21,7,1,0,1,47,132,96,0,0,0,0,4,4,121,68,0,0,0,0,0,1,20,132,50,2,0,0,3,72,47,58,72,7,0,0,18,132,52,3,1,0,0,0,69,29,9,2,0,0,0,6,17,20,2,6,30,4,0,0,122,24,42,23,82,12,0,0,4,132,111,8,3,0,0,0,11,26,12,5,1,0,1,6,8,132,0,0,1,0,0,0,132,48,59,11,9,1,0,0,11,49,84,2,0,0,0,0,0,4,10,7,0,0,0,0,0
0,0,12,2,0,1,1,0,0,6,91,109,28,8,2,0,0,3,197,197,50,0,0,0,4,30,197,159,0,0,0,2,2,0,3,3,8,16,22,4,35,24,22,10,10,19,33,23,5,30,113,68,1,3,10,3,1,5,175,75,0,0,0,0,3,8,35,31,17,7,2,2,50,30,29,16,17,13,21,16,36,8,1,1,2,6,42,24,24,11,17,10,0,0,1,4,1,1,15,5,2,15,81,24,8,1,7,6,27,39,36,9,88,18,0,0,5,7,3,8,18,26,0,0,0,0,0,0
7,0,0,26,39,16,45,78,44,0,0,1,5,3,114,115,27,14,18,54,57,9,28,50,47,89,36,27,10,1,1,18,4,3,69,115,37,0,2,6,100,24,85,35,0,0,3,45,115,61,25,3,2,0,1,33,24,64,51,19,10,9,2,2,0,0,76,115,14,1,1,0,14,15,109,115,23,12,2,1,115,26,15,11,8,17,64,71,35,2,0,1,3,35,91,51,0,0,2,94,31,11,6,0,0,0,5,43,83,66,7,0,4,3,24,28,47,45,61,39,37,4,8,1,0,2,49,93
67,28,3,0,0,0,1,13,31,19,11,0,0,7,48,27,2,5,15,14,2,2,49,44,0,0,6,120,68,3,3,8,23,1,0,1,5,20,32,63,12,3,2,12,43,122,122,38,122,12,1,2,3,26,122,122,26,5,6,23,24,10,16,35,82,16,7,12,7,7,26,79,31,34,78,122,66,42,9,7,122,94,46,31,6,6,7,43,77,14,10,3,3,0,0,27,110,66,13,6,0,0,2,18,50,25,32,65,54,6,4,7,26,9,14,30,66,26,32,71,41,0,0,0,3,2,10,122
6,36,62,67,6,6,10,3,1,19,101,99,15,28,11,2,25,85,47,4,0,3,7,12,4,14,45,28,4,1,0,1,15,17,9,14,14,50,104,52,10,5,19,54,56,123,89,32,123,45,16,6,2,16,48,123,38,25,58,18,5,0,0,2,12,83,116,20,7,5,8,12,7,28,123,123,33,19,4,5,123,123,122,25,1,1,2,17,36,48,13,9,29,5,0,0,1,14,46,5,4,3,8,11,5,10,43,23,16,11,9,3,12,53,31,2,0,15,54,10,0,9,1,0,14,65,61,0
0,0,139,119,3,0,0,0,46,39,139,130,15,0,0,3,139,48,16,13,10,1,0,25,43,12,8,41,29,1,0,4,1,0,32,79,42,0,0,4,24,7,12,98,139,27,4,15,139,30,5,10,14,9,4,58,47,18,26,34,2,0,0,3,19,0,0,12,50,6,7,44,12,24,20,111,139,9,1,2,139,98,20,22,11,1,0,12,65,10,8,0,0,0,2,5,28,13,6,4,10,5,6,15,1,19,20,49,54,5,1,0,45,74,14,7,2,1,2,3,18,2,0,0,1,2,34,13
0,0,26,17,14,3,1,0,0,1,4,6,46,76,11,2,46,4,0,0,1,35,29,37,17,6,4,4,8,8,8,14,0,0,0,1,46,18,15,5,10,2,0,5,137,137,20,14,137,19,1,1,13,35,26,69,58,15,8,30,28,2,0,2,13,0,0,0,53,27,19,47,19,15,4,25,137,68,6,11,137,51,4,9,17,6,5,61,55,2,0,12,5,0,8,43,46,8,0,3,65,16,3,24,6,1,0,4,137,96,36,26,37,2,0,0,7,18,126,137,8,0,0,0,0,0,134,131
10,0,0,0,1,12,34,140,29,4,0,0,0,0,12,140,14,3,0,0,0,0,52,44,1,0,0,0,0,0,31,22,56,23,56,44,8,13,20,90,140,41,11,3,0,0,7,140,46,17,10,36,20,6,54,35,58,20,0,2,1,0,27,40,16,25,140,140,7,0,0,0,140,77,41,20,4,1,0,14,90,14,4,30,61,11,0,9,107,23,1,3,5,1,0,2,3,2,13,68,90,13,1,2,140,47,9,14,16,8,2,14,51,23,13,42,14,0,0,0,41,27,8,6,0,0,0,2
37,65,34,4,3,3,14,10,20,6,1,1,6,27,22,20,7,0,1,4,4,10,5,31,20,1,2,1,1,1,3,27,6,2,3,9,68,87,55,26,135,12,13,7,3,24,55,120,33,11,47,80,1,0,1,8,34,2,10,18,0,0,0,33,38,42,4,9,135,135,13,13,135,135,4,1,13,21,13,53,90,33,42,83,0,0,0,1,4,1,30,113,0,0,0,7,27,127,17,8,78,64,1,3,135,135,2,0,1,0,1,20,50,20,3,7,0,0,0,2,0,0,15,52,0,0,0,0
138,12,3,2,0,0,33,138,26,9,9,31,8,9,110,37,75,16,0,2,0,0,51,60,12,11,2,0,0,0,7,11,138,51,28,7,2,0,0,81,104,12,10,55,83,8,1,27,138,18,1,7,11,1,0,18,33,15,2,0,0,0,0,2,138,64,39,30,12,4,1,23,130,27,17,78,35,1,0,10,134,48,18,24,5,0,0,8,28,2,0,0,0,0,4,15,138,23,6,16,48,12,4,42,137,15,17,18,0,0,0,14,10,33,24,7,0,0,0,0,7,4,1,0,0,0,0,2
1,0,0,2,122,61,8,1,99,23,8,5,74,10,1,8,79,74,18,4,0,0,0,9,35,48,11,0,0,1,17,26,6,2,1,7,122,103,14,10,122,17,1,5,49,34,9,23,99,30,0,0,0,33,86,34,22,14,4,0,0,122,122,15,2,3,4,36,112,25,3,1,58,17,6,16,26,25,62,31,10,14,78,20,13,101,122,17,0,55,122,11,6,110,122,1,0,0,0,4,18,8,0,0,2,4,1,0,3,9,7,2,1,11,43,4,0,0,1,0,0,24,73,1,0,0,0,0
1,0,0,0,0,0,5,7,4,0,1,2,3,20,97,39,13,13,5,3,2,8,105,115,25,11,1,0,0,0,101,114,5,2,2,6,4,0,0,4,63,40,47,24,8,10,18,22,9,14,123,48,2,6,44,54,2,2,77,27,2,2,100,50,0,0,0,6,69,17,2,2,123,26,11,8,73,31,11,84,68,31,99,57,2,0,0,10,0,2,66,75,25,10,0,0,0,0,0,17,123,10,0,0,123,7,1,11,123,17,3,94,123,18,30,37,8,0,0,39,9,37,53,60,12,0,0,0
0,1,5,1,7,16,10,0,33,29,13,2,3,1,1,8,72,7,0,0,0,1,6,60,3,1,4,7,6,30,16,13,15,109,73,14,10,24,37,9,31,29,56,55,89,12,10,35,134,28,5,3,10,5,8,105,28,17,41,56,16,28,7,7,2,83,78,44,56,2,0,0,30,12,10,105,134,3,0,3,134,55,4,20,24,0,0,24,104,78,80,39,2,0,0,3,0,1,3,14,107,42,3,0,6,1,0,41,108,25,15,3,134,4,0,16,43,3,0,80,134,29,9,0,0,0,0,55
0,0,1,1,110,131,43,3,50,4,3,2,11,35,130,92,132,70,6,1,0,1,26,45,46,63,30,0,0,0,0,2,3,11,9,5,135,64,0,0,124,36,46,12,16,6,2,31,135,53,1,0,0,0,0,34,54,27,0,0,1,1,4,7,23,37,3,3,135,38,0,0,65,72,39,28,2,0,0,0,135,36,5,1,0,0,10,74,27,1,0,0,0,1,36,90,70,20,0,0,38,40,2,2,51,67,16,5,0,0,0,0,42,91,18,0,0,0,5,16,24,14,13,0,0,0,10,43
6,7,3,49,83,43,1,1,24,10,9,45,90,30,5,23,84,19,4,0,0,0,0,25,15,3,0,0,0,0,0,0,4,1,2,28,41,111,58,21,44,58,56,48,50,35,15,19,119,119,53,0,0,0,0,3,113,38,0,0,2,1,0,0,9,2,1,12,62,119,41,26,119,16,3,0,2,23,21,119,119,90,11,0,0,0,0,14,80,39,1,5,8,2,0,0,9,15,8,44,119,26,4,4,119,113,5,5,9,3,2,28,119,66,0,0,0,1,11,33,33,8,1,2,0,0,1,33
5,8,0,0,41,68,0,1,0,0,0,0,77,125,40,1,0,7,17,34,125,56,14,0,72,93,44,23,35,7,1,3,0,0,0,0,52,61,0,0,6,0,0,3,115,125,100,11,108,58,47,15,42,37,67,43,22,94,125,63,13,4,1,7,0,0,0,0,4,1,0,0,13,24,5,19,85,15,4,3,125,125,10,8,11,4,4,37,48,40,16,19,22,57,10,28,0,0,0,0,0,0,0,0,2,17,0,0,0,0,0,0,28,125,4,1,1,40,29,3,4,38,23,4,20,125,38,1
30,118,22,1,9,38,18,4,0,26,13,1,41,87,1,0,0,0,0,0,1,6,0,0,0,0,0,0,0,0,0,0,33,73,7,31,50,51,8,8,11,4,4,51,118,118,6,11,86,14,4,4,11,13,4,30,9,2,0,0,0,0,0,0,11,6,3,15,25,88,96,62,33,33,50,60,116,72,40,16,118,118,93,11,6,0,0,7,94,65,1,0,0,0,0,0,10,8,4,10,74,104,42,20,118,23,7,0,2,29,30,72,118,118,31,0,0,0,0,4,67,67,1,2,7,4,0,0
33,99,33,54,48,16,7,9,91,114,40,59,51,27,51,63,112,66,4,10,61,18,7,57,35,63,31,43,114,21,1,1,56,28,9,19,57,103,26,70,114,99,21,22,29,43,15,51,61,55,14,31,21,20,10,9,7,39,53,34,22,4,4,7,42,61,74,39,40,27,7,21,114,94,44,15,15,14,16,39,42,3,2,1,2,48,35,40,12,1,6,4,4,4,12,46,20,38,45,21,22,5,9,25,27,16,19,11,69,68,52,42,97,19,25,15,2,11,29,64,22,5,29,28,0,0,0,22
96,95,6,0,1,20,65,39,32,4,26,41,30,18,39,56,21,76,93,40,20,18,11,40,31,71,18,5,0,0,6,115,120,65,27,63,6,8,25,69,120,15,7,29,5,6,7,51,17,6,18,79,18,14,9,25,20,4,20,18,1,0,7,120,100,120,47,120,34,0,0,3,120,27,16,120,31,0,0,13,45,34,43,35,0,0,0,8,3,4,39,13,0,0,0,2,20,49,6,89,26,0,0,0,13,33,68,120,30,0,0,1,12,42,20,1,0,0,0,1,0,0,0,0,0,0,0,0
0,0,0,0,1,0,0,0,43,6,2,6,81,28,7,31,167,51,54,14,5,6,4,45,3,9,79,90,6,0,0,0,0,0,0,2,15,2,0,0,78,2,0,27,171,39,3,40,171,34,12,9,41,7,1,113,50,40,61,82,4,0,0,3,0,0,0,0,11,12,0,0,50,26,2,2,171,83,0,3,171,133,3,0,28,2,0,15,49,91,39,7,0,0,0,0,0,0,0,0,0,0,0,0,1,1,0,0,0,0,0,0,10,8,0,0,0,0,0,0,1,10,2,0,0,0,0,0
0,0,0,0,120,119,21,7,52,35,4,3,91,34,2,2,79,108,15,0,0,0,0,5,68,48,1,0,0,0,6,53,4,1,0,4,109,120,16,11,120,24,0,3,39,43,9,21,112,54,0,0,0,12,82,45,26,31,1,0,0,45,120,23,1,1,1,13,120,27,2,0,47,10,1,6,25,18,40,53,11,4,45,21,11,80,120,31,0,13,120,16,3,93,120,5,0,0,0,0,10,5,0,0,2,2,1,0,1,3,3,5,1,3,39,10,2,1,0,0,0,15,114,7,0,0,0,0
0,0,0,0,0,0,13,5,2,0,2,2,1,16,121,25,16,11,4,1,0,4,117,121,17,4,0,0,0,0,121,108,4,5,2,1,0,0,2,4,41,52,48,9,1,7,27,18,9,24,121,19,0,3,41,39,2,2,56,38,5,4,86,25,0,1,1,4,36,8,1,1,121,29,11,4,47,19,11,86,88,47,112,48,0,0,0,17,0,7,87,105,12,0,0,0,0,0,0,17,97,5,0,0,121,3,0,19,121,15,3,99,121,21,24,25,0,0,0,62,9,52,62,45,1,0,0,0
3,4,2,2,5,3,0,2,43,44,49,14,4,5,12,16,6,9,101,42,1,0,26,45,0,0,13,32,13,3,100,42,9,0,0,3,99,22,3,9,140,40,21,6,55,22,7,61,46,29,82,126,8,0,0,1,0,13,140,90,26,0,0,0,13,5,0,2,140,64,0,3,140,80,4,2,94,21,0,37,109,67,49,53,6,0,0,3,11,113,132,17,0,0,0,0,3,4,0,0,19,20,0,0,83,67,1,0,9,4,0,0,22,57,26,1,0,0,0,0,6,36,11,0,0,1,1,0
11,1,2,25,33,26,32,69,98,1,0,1,0,2,19,121,12,0,0,0,3,22,121,45,0,0,0,0,1,58,121,4,20,17,23,121,43,18,4,12,121,55,12,18,13,4,4,48,28,6,5,31,108,60,41,6,5,5,15,9,14,53,82,18,13,12,15,32,64,62,18,26,121,68,14,11,12,9,6,72,48,19,72,114,59,2,0,7,2,14,121,40,7,2,0,2,5,19,39,47,21,21,10,5,84,105,21,6,1,5,20,69,44,35,46,9,0,0,0,28,3,10,101,3,0,0,1,1
9,7,29,65,36,15,5,8,16,10,15,24,35,53,27,14,73,101,15,7,9,14,8,8,14,50,4,2,26,37,10,3,0,0,4,20,22,40,124,28,39,51,72,35,22,8,23,36,51,127,73,19,11,1,0,1,4,10,10,83,79,27,2,0,38,37,7,0,0,4,127,113,127,71,3,0,0,0,34,109,88,45,22,15,1,0,0,4,1,3,41,119,4,0,0,0,25,127,104,0,0,0,5,10,118,127,20,0,0,0,0,3,38,39,0,0,0,0,2,3,2,1,7,11,0,0,4,7
18,18,16,54,28,18,11,4,48,15,26,99,23,5,8,36,117,23,5,7,16,5,7,52,3,1,3,17,55,52,40,2,27,19,7,27,41,30,31,41,31,14,14,50,81,68,18,34,117,39,8,17,14,3,5,82,17,7,73,95,49,4,0,3,8,33,85,65,36,14,14,19,15,45,64,72,35,18,10,12,117,117,24,5,0,2,13,65,32,32,62,13,0,0,0,18,0,1,33,28,16,54,102,5,2,2,7,13,27,117,93,10,74,5,0,0,0,33,100,117,83,1,0,0,0,0,0,84
47,52,5,0,21,73,10,10,11,11,10,7,71,114,75,20,64,29,22,10,7,15,45,62,35,30,76,49,0,0,8,48,14,7,3,4,86,114,30,11,97,77,54,13,32,57,23,26,34,69,62,50,62,21,25,26,114,72,17,11,13,8,21,93,21,19,15,54,114,40,2,4,114,63,26,14,10,23,22,41,86,69,22,22,26,48,41,18,60,114,21,11,12,3,3,3,29,34,21,20,33,30,12,15,26,71,81,39,8,6,1,6,61,66,39,25,7,10,10,17,37,15,1,2,1,0,20,23
74,27,20,17,20,9,36,67,37,20,22,20,59,24,31,92,43,14,3,1,4,22,37,115,16,18,5,0,1,15,36,40,26,11,46,88,39,9,53,96,115,86,36,7,14,8,25,73,36,65,33,64,53,22,29,25,80,6,4,50,52,25,49,115,8,10,98,115,36,1,0,1,78,26,30,34,42,17,68,77,25,4,2,50,34,2,70,115,44,1,8,96,72,2,1,48,0,0,1,115,50,0,0,0,0,0,0,59,56,8,13,11,8,0,0,2,2,0,9,50,1,0,0,3,5,0,0,4
0,0,0,21,114,66,0,0,69,27,14,33,114,59,9,12,114,45,20,8,13,28,30,32,45,79,31,22,27,19,16,7,3,0,1,10,101,114,18,4,50,96,76,43,50,18,9,16,35,76,94,67,13,16,13,9,101,88,18,6,2,6,15,18,16,4,0,0,19,43,10,8,114,58,7,2,6,15,7,42,38,23,21,22,56,114,21,22,78,42,12,5,4,22,26,60,1,1,0,0,0,0,0,0,28,26,0,0,5,29,3,0,37,87,9,3,50,112,5,3,91,114,14,13,3,7,2,6
34,32,19,16,12,26,47,60,54,30,50,27,8,8,66,112,40,25,64,112,112,3,2,32,112,107,22,23,21,0,0,0,56,91,26,46,25,24,16,45,112,108,27,46,19,21,25,64,65,49,34,64,57,5,4,18,62,63,26,16,7,1,16,18,76,46,26,16,15,31,14,89,112,46,35,8,14,29,15,66,43,8,8,6,1,15,41,45,11,6,15,4,3,1,10,23,52,69,32,15,7,4,3,45,31,26,39,13,76,31,26,33,112,28,24,3,10,13,29,63,21,15,48,15,0,0,0,11
65,61,21,18,11,0,0,30,43,19,10,41,54,31,6,21,4,25,146,146,81,119,40,0,0,44,146,98,35,72,27,0,9,90,30,35,61,1,0,0,45,31,12,30,39,13,6,11,146,63,141,31,3,2,1,16,10,22,146,141,10,0,0,0,0,31,35,29,18,0,0,0,20,8,6,48,24,0,0,1,139,10,2,5,1,0,0,4,12,10,24,10,0,0,0,0,0,0,0,0,0,0,0,0,0,0,0,0,0,0,0,0,0,0,0,0,0,0,0,0,0,0,0,0,0,0,0,0
0,0,0,0,1,1,0,0,3,0,0,0,26,18,3,8,28,0,0,0,5,4,5,64,6,7,2,12,15,0,0,8,4,0,0,0,5,60,40,29,15,2,0,1,70,142,60,33,142,20,0,0,6,43,42,142,56,40,7,6,2,4,2,12,0,0,0,2,9,62,38,4,34,40,25,41,68,142,22,7,142,87,9,3,2,13,39,66,52,12,1,0,0,99,137,27,0,0,1,2,1,2,0,0,6,9,11,19,8,49,39,4,34,16,4,0,0,34,142,47,1,4,10,5,2,121,142,10
53,96,7,8,17,4,0,0,39,26,3,2,5,12,23,12,44,28,1,0,0,3,8,12,4,11,6,0,0,0,0,0,37,147,60,47,14,1,0,0,31,22,34,147,107,30,27,25,147,66,13,12,7,6,14,63,57,35,26,4,0,0,0,8,108,147,34,54,11,0,0,0,11,21,87,147,70,1,0,1,147,70,116,77,3,0,0,41,33,2,2,1,0,0,0,29,55,46,0,2,10,6,18,12,0,1,26,51,36,6,6,2,1,3,71,39,1,0,0,2,0,0,2,2,0,0,0,0
31,39,12,27,44,21,11,4,17,19,4,39,95,33,17,5,85,73,6,13,15,3,1,5,41,16,0,0,0,0,0,0,3,6,11,23,94,45,31,5,24,9,8,29,73,97,56,31,120,39,1,3,7,11,12,86,117,15,5,1,0,0,5,39,7,6,14,32,70,69,21,26,41,59,16,44,89,56,18,16,120,120,7,7,18,19,22,39,27,0,0,0,3,15,120,120,3,2,15,70,41,28,59,19,56,120,46,24,15,19,12,13,33,87,25,68,65,24,7,0,6,2,25,49,26,22,61,35
0,0,26,37,20,113,92,1,26,5,12,7,0,15,34,9,18,0,0,0,0,0,0,3,0,0,0,0,0,0,0,0,3,6,141,141,12,4,1,0,65,13,49,141,35,1,2,31,141,23,4,8,2,0,0,61,33,0,0,0,0,0,0,6,49,12,37,91,17,2,1,33,16,49,56,141,87,4,0,2,141,141,47,29,1,0,0,14,88,29,0,0,0,0,0,20,35,43,6,8,22,6,0,8,3,73,32,31,62,10,0,0,6,141,42,3,0,0,0,0,17,54,4,0,0,0,0,0
0,0,0,0,5,10,0,0,0,0,0,0,18,83,59,1,0,0,0,0,0,15,144,31,5,2,0,0,6,10,79,19,0,0,0,0,7,27,0,0,7,0,0,0,54,144,87,11,144,36,1,0,2,54,144,83,48,82,13,0,2,10,37,19,0,0,0,0,3,17,0,0,40,10,1,1,74,144,12,12,144,45,1,0,8,16,11,71,80,22,3,1,36,52,13,27,0,0,0,0,0,1,0,0,15,1,28,44,9,21,5,19,144,14,18,13,1,1,3,144,46,8,2,4,18,19,14,77
43,33,1,0,0,0,4,4,19,7,0,0,0,0,3,4,1,2,0,0,0,0,0,0,0,0,0,0,0,0,0,0,67,121,59,118,39,13,20,26,155,94,13,21,10,5,14,70,62,49,14,0,0,0,0,6,0,0,0,0,0,0,0,0,43,108,144,155,30,1,0,3,155,102,155,139,7,0,0,48,55,9,5,0,0,0,0,22,0,0,0,0,0,0,0,0,22,15,22,61,21,10,99,44,1,5,91,49,3,1,10,10,0,0,3,1,0,0,0,0,0,0,0,0,0,0,0,0
95,85,119,84,0,0,1,18,41,39,77,61,12,27,15,23,6,35,71,23,4,32,34,23,6,44,75,7,2,15,20,18,3,27,119,35,21,4,4,8,6,14,69,61,119,81,15,8,119,78,78,19,10,21,18,32,27,78,98,3,0,0,0,2,4,0,0,3,36,35,70,85,17,14,3,6,119,99,15,10,119,44,2,2,15,6,4,46,48,5,1,1,0,0,5,59,6,3,6,16,37,21,19,33,19,5,0,0,44,63,15,22,52,16,5,1,1,8,88,47,7,0,5,1,0,1,83,43
0,30,108,12,5,3,17,0,15,22,49,39,39,6,2,1,81,54,26,22,6,2,1,4,35,19,58,33,2,2,3,38,0,3,47,84,34,0,0,0,27,5,8,81,121,21,2,9,121,40,18,11,10,6,2,32,31,17,64,34,2,5,12,5,0,0,2,19,34,48,23,3,10,15,16,74,121,83,42,3,121,43,14,11,7,22,94,55,16,0,0,2,18,121,121,30,1,7,3,2,4,72,71,2,4,26,24,15,15,114,66,5,14,36,26,18,6,15,77,26,5,13,7,89,121,71,60,14
0,0,12,54,45,8,5,3,44,12,22,31,22,17,8,14,102,41,39,8,1,1,8,61,8,36,92,6,5,3,0,7,0,0,8,24,31,82,142,22,22,3,10,17,14,142,142,41,142,15,0,0,0,25,70,142,71,4,1,2,10,6,3,40,0,0,26,142,73,64,99,0,61,21,10,51,6,91,103,10,142,56,0,0,0,5,11,26,55,4,0,0,1,0,0,4,0,0,10,63,0,0,0,0,1,1,2,14,0,0,0,0,2,0,0,0,0,0,0,0,0,0,0,0,0,0,0,0
0,0,0,0,0,66,34,0,7,1,0,0,0,54,134,57,13,5,0,0,5,12,72,48,4,0,0,0,4,12,13,12,11,0,0,0,0,134,49,5,134,55,0,0,0,89,108,83,85,59,2,0,2,31,51,37,6,0,0,0,5,46,61,11,25,3,34,42,1,20,8,8,134,48,32,20,0,13,8,102,62,12,7,7,15,68,38,48,3,3,7,3,3,40,51,23,1,2,107,84,0,0,0,0,52,117,134,55,0,0,0,11,15,43,96,56,16,11,5,7,6,25,73,20,4,13,10,7
4,0,0,12,131,15,0,5,59,2,1,2,21,8,36,115,4,0,1,2,37,100,72,27,0,0,0,1,28,23,0,0,9,0,0,5,131,131,86,24,131,59,35,12,25,32,75,124,28,24,80,131,44,45,40,10,0,0,17,43,18,12,0,0,25,0,0,1,131,125,63,31,131,25,5,5,7,17,43,91,53,13,48,89,38,0,0,0,0,0,38,19,1,0,0,0,0,0,0,0,0,0,0,0,0,0,0,0,0,0,0,0,0,0,0,0,0,0,0,0,0,0,0,0,0,0,0,0
