0,0,0,0,0,0,0,0,0,0,0,0,0,0,0,0,0,0,0,0,0,0,0,0,0,0,0,0,0,0,0,0,80,9,0,0,22,1,0,0,137,1,0,0,5,0,0,3,25,1,0,2,7,0,0,1,2,0,0,0,0,0,0,0,184,43,7,12,77,4,0,1,184,89,4,2,16,1,0,32,150,13,6,16,30,4,3,34,27,25,8,2,1,0,0,4,184,68,9,14,8,1,0,9,184,184,4,1,0,0,0,24,92,27,1,0,0,0,3,36,45,42,0,0,0,0,3,5
12,0,0,0,0,0,0,0,3,0,0,0,0,0,0,0,4,0,0,0,0,0,0,0,0,0,0,0,0,0,0,0,170,0,0,0,2,0,0,20,115,4,1,5,38,0,0,9,170,5,0,2,5,0,0,41,21,3,2,6,7,0,0,8,170,0,0,0,1,0,0,47,163,43,8,15,18,0,0,12,170,73,2,1,1,0,1,26,35,6,0,1,1,0,2,19,170,0,0,0,0,0,0,49,154,8,0,1,4,4,3,48,134,18,0,0,0,0,1,104,27,15,0,0,2,8,5,11
30,0,0,53,152,84,29,22,152,6,1,10,16,10,21,117,42,9,6,6,11,10,6,24,0,2,32,26,34,34,2,0,19,7,13,152,152,3,0,1,152,103,15,44,36,0,0,27,75,58,78,23,1,0,0,5,0,9,104,30,4,0,0,0,9,5,17,68,152,49,0,1,152,27,2,9,50,14,0,65,65,8,16,7,0,0,0,27,0,1,21,6,1,0,0,0,0,0,1,3,30,5,0,0,2,0,0,0,2,1,0,1,0,0,0,0,0,0,0,0,0,0,0,0,0,0,0,0
0,0,0,0,0,0,0,0,24,1,0,0,0,0,0,5,22,11,4,26,4,0,0,1,0,1,4,123,35,0,0,0,13,0,0,28,82,0,0,3,141,12,0,4,24,0,0,31,93,56,8,10,3,0,0,3,0,5,7,70,123,9,0,0,11,6,2,90,141,0,0,1,141,38,2,24,65,0,0,16,141,17,3,2,7,0,0,17,6,3,3,12,141,47,0,0,7,4,1,25,141,39,1,0,141,30,1,11,44,11,2,8,126,8,0,0,9,0,0,25,7,2,5,37,141,15,0,3
192,41,0,0,0,0,0,54,48,13,18,4,1,3,1,7,3,7,22,1,0,2,2,2,4,5,31,1,0,0,0,1,192,5,0,0,0,0,0,192,114,2,1,0,0,17,16,69,28,12,0,0,0,5,8,6,19,13,5,1,0,0,0,0,192,192,0,0,0,0,0,50,153,80,6,0,0,2,2,20,21,46,8,0,0,0,0,1,17,8,0,0,0,0,0,1,40,77,0,0,0,0,0,0,39,42,0,0,0,0,0,0,11,12,2,0,0,0,0,2,6,2,0,0,0,0,0,1
6,151,43,3,78,163,0,0,44,163,3,2,22,31,3,1,29,158,0,0,1,2,5,13,0,1,0,0,14,12,0,0,12,163,63,7,26,76,0,0,23,163,0,0,10,75,18,11,68,6,0,0,2,15,20,56,7,0,0,8,29,7,0,2,0,104,52,1,25,63,0,0,25,21,1,0,34,88,2,3,148,22,0,0,1,5,2,10,14,0,0,6,29,1,0,1,0,4,0,0,17,72,0,0,17,35,1,0,8,13,0,0,73,18,0,0,0,0,0,17,6,0,0,1,11,7,2,7
0,0,1,6,0,0,112,90,0,1,26,68,0,0,49,78,32,69,84,29,0,0,8,27,26,48,22,3,31,56,17,16,35,2,1,1,0,0,58,107,17,2,0,1,0,0,98,119,74,9,2,0,0,0,27,119,11,0,1,16,16,15,15,16,119,3,2,3,4,3,4,98,99,31,0,1,4,1,6,37,119,60,0,0,0,12,10,56,14,3,0,0,7,99,48,7,119,1,0,0,0,0,1,104,47,4,2,2,1,0,5,50,36,3,0,0,0,19,85,119,3,2,0,0,10,119,55,9
128,128,2,0,0,0,0,4,121,12,1,0,0,0,0,89,96,0,0,13,42,0,0,68,1,4,28,128,128,0,0,0,91,108,2,1,2,4,3,5,86,31,8,1,3,3,1,38,128,25,3,8,4,0,0,72,30,39,61,59,9,0,3,10,36,49,3,1,1,1,1,2,62,128,51,0,0,0,0,5,74,128,28,0,0,0,5,6,24,10,0,0,13,17,18,16,37,4,0,0,1,3,1,17,96,29,3,0,0,2,39,91,8,15,4,0,0,10,121,44,11,0,0,8,27,4,15,40
15,13,0,0,11,81,15,3,107,0,0,0,2,39,36,71,84,11,0,0,0,0,1,31,63,27,0,0,0,0,2,8,24,2,0,0,49,131,9,8,131,13,0,0,4,33,13,37,131,29,0,0,0,0,36,45,29,11,0,0,0,1,46,32,63,8,0,16,83,74,3,9,131,30,0,2,5,15,19,36,26,0,0,3,15,32,131,85,4,0,0,0,0,4,131,131,35,7,3,31,51,1,21,35,131,22,4,10,7,2,3,38,14,4,4,67,72,31,29,8,30,0,0,14,25,21,69,106
0,0,0,0,4,94,29,0,0,0,0,0,7,87,76,3,0,0,0,0,11,29,41,8,0,0,0,0,11,13,2,0,0,0,0,0,3,123,123,16,8,0,0,0,1,73,105,34,39,12,1,0,0,2,36,46,4,6,11,3,2,4,2,2,110,24,0,1,38,119,123,123,123,23,0,0,0,5,41,93,110,32,3,0,0,0,11,25,4,11,18,1,0,14,39,3,123,123,1,7,55,24,3,8,123,75,2,0,0,0,0,6,32,2,0,0,5,30,49,28,0,0,0,0,2,78,115,3
121,9,0,0,0,0,0,5,14,4,0,0,3,18,1,1,25,1,0,0,2,21,9,12,24,3,0,0,0,0,0,6,132,3,0,0,0,1,0,34,14,1,0,0,18,44,2,9,66,7,0,0,5,19,3,6,27,4,0,0,0,1,17,15,94,0,0,0,0,0,1,167,21,0,0,8,27,8,2,28,55,7,0,4,7,2,1,10,6,0,0,7,11,7,19,10,21,0,0,0,0,0,149,167,6,0,0,2,3,0,167,167,19,7,1,2,1,4,167,73,4,1,0,10,10,68,167,6
0,0,5,14,9,8,8,0,1,11,45,17,1,0,16,3,6,24,11,3,4,0,3,3,0,0,15,35,22,0,0,0,2,0,0,0,30,46,29,1,8,0,1,0,2,11,97,41,53,16,5,2,1,0,17,42,4,7,13,16,22,17,7,0,3,0,0,10,103,21,3,0,62,4,0,0,22,19,24,29,154,35,0,0,27,27,2,14,8,5,1,2,135,154,154,0,5,0,0,2,103,27,3,9,107,7,0,0,35,18,5,20,121,12,0,17,70,33,3,17,1,0,43,154,154,154,56,1
76,2,4,28,3,0,6,57,75,5,20,50,3,0,0,27,0,1,30,162,8,0,0,0,2,2,15,162,46,0,0,0,58,9,22,145,7,0,0,14,156,11,7,20,4,0,0,40,15,7,13,60,27,3,1,5,13,7,15,162,58,0,0,8,5,6,44,162,3,0,0,0,70,55,55,39,5,0,0,3,18,8,5,46,76,7,3,13,70,5,4,65,24,3,2,59,0,2,26,40,4,0,0,0,0,22,67,28,0,0,0,0,1,13,25,101,61,0,0,2,65,0,0,35,49,1,0,64
0,0,0,48,21,0,0,1,1,0,0,5,2,0,0,4,52,0,0,3,0,0,0,148,128,1,1,0,0,0,0,162,0,0,0,162,162,0,0,1,6,0,1,6,6,0,0,3,11,0,6,11,0,0,0,22,142,0,1,1,0,0,0,162,0,0,0,143,162,0,0,0,14,5,0,12,29,0,0,1,5,9,9,4,0,0,0,0,31,2,11,5,0,0,0,65,0,0,0,82,162,2,0,0,2,17,6,22,37,0,0,0,1,20,7,0,0,0,0,0,1,8,12,2,0,0,0,1
2,192,193,0,0,0,2,1,0,136,193,1,0,0,6,0,1,144,193,2,0,0,2,2,6,77,95,2,0,0,10,7,3,16,15,0,0,2,84,23,4,1,13,0,0,7,86,20,23,3,8,0,0,0,19,35,3,1,0,0,3,14,22,7,3,16,76,5,0,0,30,15,22,22,44,4,0,0,19,14,64,25,4,0,4,1,1,8,4,0,2,12,36,19,6,0,2,10,61,6,0,21,68,30,2,9,84,20,1,0,22,29,8,18,19,8,4,3,1,0,0,0,7,20,7,3,6,0
9,2,2,62,61,0,0,5,90,6,3,19,21,0,0,11,49,2,10,89,69,0,0,15,21,3,5,199,199,0,0,4,36,10,3,32,103,0,0,3,38,16,20,23,26,0,0,9,72,10,2,12,20,0,0,27,4,0,1,199,199,0,0,0,7,3,10,24,45,6,3,3,3,16,76,17,7,0,2,0,24,37,21,1,2,0,2,2,6,6,8,158,65,0,0,0,3,0,1,1,4,5,6,10,0,0,9,1,9,25,26,2,14,2,2,0,0,2,25,26,27,4,4,18,12,0,0,10
4,0,0,0,28,89,51,8,123,38,0,0,9,23,12,20,123,35,0,0,0,0,0,12,46,6,1,13,123,54,1,11,18,3,0,0,0,11,23,3,123,57,0,0,0,2,3,25,99,23,0,0,0,2,28,42,9,0,0,9,123,52,22,16,10,0,0,0,0,1,38,15,65,3,0,0,0,0,70,123,10,0,0,0,0,0,123,118,1,0,0,6,87,52,118,36,0,0,0,0,0,2,123,51,2,0,0,0,0,0,123,90,23,0,0,0,0,0,80,89,33,1,0,7,12,14,38,30
37,4,0,0,0,0,0,38,5,9,10,0,0,0,0,8,7,18,37,0,0,0,46,40,46,38,25,0,0,1,47,41,130,5,0,0,0,0,0,57,73,111,49,0,0,0,0,5,10,113,130,0,0,0,0,0,9,97,130,0,0,0,0,0,130,21,2,0,0,0,0,44,130,25,3,0,0,0,0,59,90,41,25,0,0,1,5,28,13,54,43,0,0,18,60,9,42,71,24,0,0,0,0,3,129,16,4,0,0,3,7,53,59,0,0,0,0,73,115,55,3,1,0,0,0,130,130,6
13,26,17,5,0,0,0,0,7,15,0,0,1,52,12,0,14,1,0,2,6,70,47,25,14,3,0,0,2,9,9,18,13,5,18,11,27,13,1,3,8,2,1,12,109,136,37,4,136,7,0,2,9,115,74,60,67,3,0,0,6,13,4,14,9,2,0,8,40,30,76,16,14,7,2,132,136,54,18,10,136,58,5,40,41,11,3,11,63,8,0,0,16,59,5,5,0,0,0,0,4,67,100,52,17,16,3,19,69,52,73,47,121,120,5,10,32,12,1,0,16,13,0,0,91,113,0,0
13,6,3,71,111,1,0,9,52,65,65,13,23,2,11,74,30,111,76,0,0,0,8,44,12,26,5,31,32,3,0,2,40,0,0,84,130,3,1,22,28,4,2,124,96,9,69,132,132,21,4,5,2,0,42,132,21,3,2,14,6,15,13,20,63,11,3,55,17,0,0,8,26,32,25,132,68,0,3,7,132,132,22,41,6,0,1,22,29,11,0,5,23,5,2,1,49,5,2,3,2,0,0,19,13,15,26,76,9,0,0,2,52,59,26,22,2,0,1,5,7,2,0,3,13,1,1,3
0,0,0,0,0,0,15,38,78,0,0,0,0,0,11,141,141,0,0,0,0,0,1,141,8,0,0,0,0,6,14,11,0,0,0,0,0,3,14,4,134,3,0,0,0,0,6,74,141,5,0,0,0,0,0,110,29,6,0,0,0,11,6,16,2,0,0,0,0,7,6,0,141,65,0,0,0,1,2,6,141,125,0,0,0,0,0,11,33,65,0,0,0,0,1,5,11,2,0,0,3,3,0,0,141,88,0,0,0,0,0,0,141,138,0,0,0,0,0,0,15,57,0,0,0,0,0,0
1,0,0,0,0,153,180,24,2,1,0,0,6,180,180,3,11,3,5,1,1,157,129,6,3,17,24,1,0,31,39,1,3,13,0,0,0,37,104,1,16,23,0,0,0,14,43,3,34,10,1,0,0,0,3,13,32,14,8,0,0,0,0,19,3,8,0,0,0,0,5,6,18,4,0,0,0,0,1,21,32,5,0,0,0,0,0,9,76,79,0,0,0,0,0,7,0,0,87,12,0,0,7,5,14,6,43,9,0,0,1,17,35,57,24,0,0,0,0,6,112,180,13,0,0,0,0,0
130,58,0,0,0,0,1,23,119,9,0,1,0,0,2,130,20,9,17,14,1,0,0,47,14,13,22,13,8,2,3,5,130,39,0,0,0,4,6,35,50,8,0,0,0,11,22,130,130,28,7,0,0,0,0,130,15,15,12,34,13,0,0,0,74,5,0,0,0,1,4,108,130,78,0,0,0,4,6,55,130,130,0,0,0,0,0,17,22,8,3,23,7,0,0,3,62,13,0,0,0,0,0,32,130,24,0,0,0,0,0,63,130,42,0,0,0,1,8,54,5,0,0,3,1,1,10,24
17,56,4,0,1,0,0,0,60,59,7,0,0,0,0,2,91,102,12,0,0,0,0,10,41,135,37,0,0,0,0,2,63,59,7,0,0,0,1,8,61,62,20,0,0,0,3,8,135,135,5,0,0,0,0,12,34,122,20,0,0,0,1,9,71,3,0,0,0,0,9,25,89,4,0,0,0,0,15,53,135,10,0,0,0,2,33,135,38,3,0,0,0,1,19,135,37,3,0,0,0,0,3,14,42,5,0,0,0,29,34,17,11,5,7,1,0,67,122,119,68,5,2,1,0,1,51,135
8,2,9,24,77,4,0,3,112,7,1,25,48,3,0,11,13,74,68,134,126,0,0,0,11,134,64,44,7,0,0,0,16,0,2,9,134,21,0,3,134,12,2,10,41,7,0,13,26,29,43,61,54,21,25,8,2,31,26,30,7,7,56,38,22,0,0,7,134,37,0,5,134,8,0,5,35,10,1,20,45,4,13,111,68,11,10,3,8,24,40,49,7,3,25,33,30,7,0,2,134,45,0,0,134,26,0,0,13,5,0,5,45,2,2,39,26,2,1,4,2,31,18,28,11,0,0,0
3,5,12,9,27,7,1,1,15,0,0,0,89,54,3,6,166,10,0,0,16,15,2,23,70,9,0,0,1,0,0,0,0,0,0,0,38,33,10,4,45,0,0,0,155,89,2,8,166,23,0,0,18,16,2,16,67,10,0,0,4,1,0,4,15,2,0,0,35,18,13,18,79,5,0,0,166,52,0,2,166,38,0,0,17,5,0,7,50,9,0,0,5,5,0,8,13,17,9,7,54,13,0,1,92,27,0,0,144,52,0,0,166,91,0,0,5,2,0,1,16,11,0,0,8,10,0,0
3,1,0,0,0,4,24,6,36,1,0,0,0,0,25,76,78,9,0,0,0,0,2,38,64,45,0,0,0,0,0,0,0,0,0,0,0,9,93,45,39,1,0,0,0,1,61,129,129,22,0,0,0,0,1,129,113,59,0,0,0,0,0,3,9,0,0,0,0,0,31,102,129,39,0,0,0,0,17,75,129,129,0,0,0,0,0,20,118,70,0,0,0,0,0,0,48,5,0,0,0,0,3,21,129,71,0,0,0,0,0,16,129,111,0,0,0,0,0,3,90,74,0,0,0,0,0,0
94,62,7,0,0,0,0,16,72,8,0,0,0,4,7,71,73,51,0,0,0,5,7,50,130,48,3,0,0,0,0,26,84,8,0,0,0,0,0,23,115,7,0,0,0,0,0,79,130,130,0,0,0,0,0,15,91,106,0,0,0,0,1,6,70,53,1,0,0,0,0,1,112,39,3,0,0,0,0,17,130,25,0,0,0,0,2,129,49,11,0,0,0,3,21,70,55,11,0,0,0,0,2,38,18,6,1,0,0,4,23,37,47,0,0,0,0,4,30,130,4,0,0,0,0,19,130,128
119,130,0,0,50,62,0,0,130,81,0,0,1,5,37,27,22,24,5,5,41,27,41,16,0,89,50,9,9,1,0,0,130,130,0,0,11,13,1,2,60,20,0,0,18,57,63,33,130,77,3,0,0,8,37,42,28,101,26,0,0,0,0,1,85,90,5,6,10,2,0,0,49,21,19,52,44,21,2,5,130,28,3,4,0,1,1,49,63,6,0,0,0,0,0,29,26,63,8,3,0,0,0,0,17,23,40,88,5,0,0,1,130,4,5,31,8,0,0,74,74,2,0,0,0,0,0,49
141,47,6,0,0,7,58,141,87,52,9,0,0,0,0,24,65,64,11,1,0,0,0,3,2,7,20,34,2,0,0,0,141,141,56,6,0,2,4,32,81,71,31,36,0,0,0,13,118,16,3,2,0,0,0,27,12,5,5,15,1,0,0,1,30,141,40,12,1,0,33,105,5,16,37,65,4,2,30,20,72,25,15,7,0,1,9,26,16,7,5,10,1,0,9,21,6,0,0,0,0,0,64,141,1,0,1,1,0,2,107,138,3,0,0,0,0,2,60,82,7,0,0,0,0,0,30,68
0,0,0,0,25,44,118,87,15,0,0,0,0,6,130,130,3,0,0,0,0,46,130,60,0,0,0,0,0,19,96,30,11,0,0,0,107,59,15,15,130,2,0,0,7,11,20,126,50,2,0,0,0,1,72,64,0,0,0,0,0,3,81,36,25,14,1,5,124,46,1,3,130,91,2,1,7,4,0,7,51,37,18,24,2,0,3,2,0,19,10,14,4,4,12,2,15,52,14,11,33,14,2,0,129,130,8,2,0,0,0,0,16,43,29,57,3,0,0,0,0,65,26,21,1,0,0,0
61,55,8,46,106,0,0,5,31,27,12,58,85,10,2,4,4,18,119,119,22,7,25,14,7,8,119,75,6,5,31,100,27,15,11,56,116,0,1,17,37,19,6,15,48,7,2,15,119,81,87,23,5,0,0,8,25,35,119,74,0,0,0,13,0,6,14,79,80,1,0,0,18,7,8,27,31,10,0,3,119,5,1,3,3,1,0,78,91,10,5,2,0,0,0,57,0,0,0,49,98,2,0,0,2,0,0,19,51,23,5,5,93,0,0,0,3,4,5,63,116,7,0,0,0,0,0,50
4,0,0,0,0,0,16,93,1,0,0,0,0,0,68,85,7,3,2,65,85,42,47,22,8,2,6,127,77,26,31,87,0,0,0,0,0,2,24,37,20,1,0,0,0,4,74,80,127,44,18,32,5,0,26,35,17,12,55,127,96,4,2,8,0,0,0,0,1,38,56,10,96,6,0,0,0,18,62,54,127,25,1,0,0,2,13,52,29,2,5,37,127,81,20,14,4,0,0,0,5,39,15,4,127,5,0,0,0,11,19,44,116,1,0,0,0,12,38,75,1,0,0,0,25,127,51,8
110,143,5,0,0,0,0,0,17,92,55,2,0,0,0,0,4,67,104,0,0,0,0,0,0,34,46,7,0,0,0,0,130,92,1,0,0,0,1,17,52,58,4,0,0,0,3,12,26,14,7,0,0,0,0,2,7,3,3,1,2,7,1,1,98,4,0,0,0,0,38,143,62,33,0,0,0,0,20,71,30,9,0,0,2,5,1,10,0,0,0,0,27,81,16,0,109,8,1,1,0,7,133,143,92,31,1,0,0,0,39,143,5,9,1,0,17,36,59,33,0,0,0,0,59,143,26,0
16,14,6,17,121,15,1,18,162,59,0,4,39,10,1,17,88,49,0,0,0,0,0,1,2,3,0,2,1,0,0,0,71,3,0,1,155,43,4,58,162,41,0,1,54,11,0,18,122,19,1,2,1,0,0,3,0,0,0,1,1,1,0,0,84,3,0,1,76,54,25,43,162,28,0,0,27,14,2,37,111,6,0,1,3,2,9,36,0,0,0,0,2,17,6,0,46,2,0,9,48,74,79,54,162,33,0,0,1,6,15,81,66,6,0,0,0,2,10,19,0,0,0,0,3,23,14,1
33,48,5,0,0,0,0,1,129,20,0,0,0,0,13,127,46,5,1,5,47,67,64,86,36,3,6,7,37,22,6,39,26,19,7,3,1,0,0,1,50,4,0,1,10,11,29,96,129,66,7,3,8,14,51,97,12,25,14,14,48,45,16,6,2,10,112,66,1,0,0,0,46,21,71,38,14,4,1,4,129,37,10,2,10,27,23,76,7,3,1,1,72,129,28,14,0,0,129,129,13,8,2,0,2,3,60,129,45,13,5,3,25,6,12,17,10,19,26,62,2,2,8,8,47,67,9,9
45,0,0,0,0,0,0,126,109,0,0,0,0,0,1,126,22,0,0,0,1,46,40,79,39,21,0,0,3,51,10,1,121,17,0,0,0,0,0,54,126,8,0,0,0,0,0,68,77,14,0,0,0,8,15,48,71,113,4,0,1,8,3,2,126,58,0,0,0,0,0,2,126,43,0,0,0,0,0,3,126,42,0,0,0,0,0,4,101,94,4,0,6,20,6,3,126,5,0,0,0,0,0,9,126,21,0,0,0,0,0,5,126,63,0,0,0,3,1,2,50,16,0,0,4,62,20,6
155,0,0,0,0,13,22,138,50,9,0,0,0,5,8,18,19,17,11,8,0,0,1,3,0,1,20,140,9,0,2,2,155,155,4,0,0,2,11,135,106,24,1,0,0,0,2,16,33,3,0,0,0,0,1,6,0,0,0,8,5,0,1,0,155,107,2,0,0,0,0,101,65,11,1,0,0,0,1,45,13,0,0,0,0,2,13,36,2,0,0,0,0,4,19,13,42,0,0,0,2,2,12,155,19,0,0,0,0,0,7,155,5,0,0,0,0,12,35,44,2,0,0,0,1,44,49,16
72,2,1,4,26,21,6,30,146,15,0,0,40,26,3,6,151,16,0,0,0,0,1,12,1,0,0,1,2,1,1,1,18,1,1,20,40,49,56,28,151,41,0,0,7,22,31,48,141,27,0,0,0,0,3,19,0,0,0,0,0,8,14,6,35,3,0,16,151,75,24,21,151,32,0,0,8,14,18,83,134,6,0,0,0,0,1,14,0,0,1,2,2,7,5,1,41,24,9,45,151,6,0,0,151,54,5,4,8,1,0,39,97,2,0,0,0,0,0,42,2,0,2,1,0,1,0,1
28,115,26,2,0,0,0,0,25,109,89,43,14,0,0,1,42,53,31,80,8,0,0,2,47,18,15,57,7,0,1,9,115,107,6,2,4,13,17,41,40,26,11,24,69,95,18,20,115,29,10,52,19,10,1,34,8,5,7,115,39,1,4,7,87,62,10,2,1,10,28,87,41,20,11,17,18,59,27,20,115,34,6,16,5,14,60,79,8,5,5,86,38,64,89,12,63,74,10,2,4,43,20,15,3,6,6,5,10,73,49,22,7,1,0,0,2,47,101,43,7,31,7,0,1,58,111,7
9,59,43,12,7,2,0,3,18,8,22,35,31,7,0,0,145,69,3,3,5,3,0,2,31,26,6,35,145,23,1,2,14,8,2,2,13,25,33,98,39,2,0,3,52,69,11,10,145,18,0,0,14,17,4,21,28,1,0,35,145,70,3,4,29,0,0,0,0,7,29,145,61,23,0,0,9,26,17,26,145,48,0,0,17,22,7,30,6,0,0,28,145,62,5,6,103,0,0,0,0,0,0,67,117,5,0,0,0,0,0,36,101,17,0,1,26,36,4,20,2,0,0,17,60,38,2,2
33,0,0,1,1,0,35,119,11,0,0,31,56,30,10,38,51,29,3,23,34,16,2,1,116,48,11,10,3,14,11,9,119,0,0,0,1,0,9,119,44,0,0,0,8,103,69,89,119,40,0,0,5,40,21,19,59,26,3,0,18,101,25,10,119,6,0,1,3,1,4,66,90,29,0,0,0,31,30,46,119,20,0,0,0,37,65,38,43,24,7,0,8,54,60,37,91,38,16,0,0,0,0,8,88,35,0,0,1,23,13,26,8,8,0,0,9,119,49,18,24,2,0,0,0,13,118,102
20,0,0,27,151,7,1,28,151,2,0,0,11,2,1,130,56,6,1,0,0,0,0,29,0,0,0,0,0,0,0,0,21,1,0,68,151,3,0,7,151,15,1,7,39,1,0,40,131,13,0,0,0,0,0,11,0,4,1,1,1,0,0,0,10,6,5,95,151,6,8,14,151,44,9,37,36,0,0,13,123,8,0,0,0,0,0,30,6,5,0,0,1,8,0,2,2,1,1,24,52,27,40,70,151,44,3,14,23,13,6,27,71,33,1,0,0,0,0,13,2,1,0,0,9,10,1,1
8,75,90,14,87,17,0,2,124,27,4,1,11,2,0,20,74,8,1,0,5,41,5,6,0,0,0,0,11,124,14,0,19,6,0,12,124,13,0,0,124,33,0,1,9,9,5,10,45,3,2,1,28,124,18,10,0,55,23,3,13,124,7,0,13,2,0,6,92,67,12,9,85,12,1,1,4,19,43,67,7,54,45,7,30,77,22,8,1,124,63,4,8,9,0,0,16,5,0,0,46,124,42,16,124,87,1,0,0,7,35,56,27,121,51,0,0,0,2,1,3,50,25,0,0,0,0,0
0,0,0,78,107,5,0,0,15,43,65,108,69,1,0,0,84,33,21,11,1,0,2,51,39,0,0,0,0,0,4,115,0,0,0,7,96,73,2,0,38,42,41,36,48,22,2,6,8,12,26,120,26,1,3,21,21,0,0,21,9,0,6,120,4,0,0,1,120,70,3,5,120,16,4,6,22,27,7,43,51,14,12,120,29,0,0,2,9,0,11,120,33,5,3,30,11,2,0,1,120,54,0,0,120,19,0,0,18,9,1,8,71,8,3,44,7,1,0,6,0,0,15,109,105,52,0,0
42,5,0,1,7,14,9,8,61,9,1,0,0,1,2,17,87,49,6,0,0,0,0,17,21,24,32,10,0,0,12,84,51,6,2,19,20,3,1,5,93,6,1,1,0,0,1,31,141,137,20,0,0,0,0,10,33,68,102,91,12,1,0,3,8,4,0,5,11,17,6,2,97,4,0,0,0,3,10,38,141,16,1,0,0,0,20,122,54,10,8,27,21,62,116,60,0,0,0,0,0,1,3,1,13,0,0,0,0,0,39,64,30,0,0,0,0,14,141,141,1,0,0,0,0,132,141,28
9,1,2,9,129,56,9,16,86,22,4,0,9,12,10,45,11,76,26,0,0,0,0,0,22,52,4,0,0,0,0,0,28,0,0,8,155,72,2,13,155,24,1,0,27,12,2,48,58,72,26,0,0,0,0,2,1,28,10,0,0,0,0,0,44,9,0,2,155,92,1,6,155,73,0,0,17,13,1,26,95,21,3,0,0,0,0,8,0,0,1,0,0,0,0,0,52,46,5,16,155,31,0,1,155,145,1,1,5,1,0,1,26,21,1,0,0,0,0,1,0,1,2,1,4,3,0,0
0,0,50,36,5,27,36,4,2,8,58,34,7,33,47,0,0,2,69,74,9,39,35,1,14,2,16,20,4,6,11,35,5,4,66,65,60,113,28,8,113,26,36,20,21,72,31,44,26,6,43,62,113,78,1,3,12,1,7,20,47,84,25,25,22,15,0,2,45,113,45,12,113,50,0,0,10,38,27,69,14,1,1,41,113,63,20,13,20,15,18,47,110,30,5,9,16,8,0,1,13,40,73,15,49,58,1,0,0,1,28,95,13,113,65,47,25,6,13,18,1,16,110,100,32,1,0,0
32,7,0,0,26,91,98,60,3,6,38,50,78,99,9,2,12,26,59,58,39,4,1,3,54,88,29,4,3,0,0,7,50,1,0,0,7,27,75,114,85,27,30,25,17,4,4,56,46,53,31,85,114,8,0,1,114,114,27,14,11,4,27,15,81,46,20,31,13,2,2,38,114,33,1,8,10,3,37,57,29,33,16,68,66,27,58,17,48,46,6,3,1,16,114,28,10,15,18,43,13,2,8,6,19,22,8,6,1,3,106,33,8,77,15,0,2,15,89,17,3,91,32,0,0,4,15,3
24,21,5,56,73,0,0,0,147,143,3,5,3,0,0,1,94,82,0,0,0,0,0,9,3,8,1,0,0,0,1,5,48,11,3,56,128,0,0,0,147,20,0,4,12,0,0,8,143,3,0,0,0,0,0,13,14,0,0,0,0,10,4,5,27,27,31,50,95,2,1,5,147,104,27,10,9,0,0,10,110,7,0,0,0,2,14,23,3,0,0,0,0,56,23,4,16,21,20,7,2,0,61,29,32,63,18,1,0,0,110,55,16,6,1,0,0,15,147,24,0,0,0,0,0,45,105,19
139,115,0,0,17,37,4,3,46,30,4,6,12,51,15,5,129,97,139,54,1,0,0,52,25,30,139,139,0,0,0,34,54,44,1,3,47,25,0,0,68,61,1,1,11,4,0,2,137,19,0,0,0,0,2,139,43,10,24,8,0,1,74,139,24,7,2,5,15,10,2,3,56,15,1,1,0,0,0,18,56,22,3,0,0,0,3,47,5,13,23,8,0,0,57,77,17,0,0,4,6,7,3,13,32,0,0,0,0,0,1,32,113,49,7,0,0,0,0,21,20,35,52,37,2,1,1,4
1,3,16,18,48,44,6,2,13,9,0,0,12,71,94,19,23,9,0,0,1,3,74,46,30,17,9,0,0,1,18,17,5,3,5,9,123,120,1,1,123,57,3,1,42,60,10,12,60,31,6,5,52,41,10,33,123,19,13,1,1,3,2,54,16,0,0,2,123,123,0,3,123,6,0,0,25,50,24,55,65,25,1,0,32,123,28,31,123,25,0,0,0,3,3,49,4,2,5,42,123,20,0,0,20,23,22,12,6,12,12,15,40,123,12,0,2,17,7,3,84,99,0,0,0,4,3,6
0,0,2,15,17,2,0,0,28,0,1,38,120,13,2,23,112,1,1,1,9,3,1,67,7,1,7,3,0,0,0,2,0,0,0,0,13,62,22,2,28,2,0,0,124,131,12,27,131,5,0,0,12,23,8,113,33,0,1,0,0,0,0,9,3,0,0,0,78,131,24,11,83,73,0,0,51,131,12,5,131,105,0,0,0,8,2,22,51,1,0,0,0,0,0,9,8,0,0,0,131,24,0,3,131,35,0,0,85,12,0,30,131,31,0,0,0,0,0,43,41,0,0,0,0,0,0,15
127,11,16,11,4,16,17,61,68,0,1,75,115,9,1,29,0,6,89,141,63,15,28,5,0,11,141,31,3,33,61,4,141,8,0,0,11,29,28,50,118,2,1,12,34,48,5,22,56,40,85,39,11,11,1,23,26,61,141,5,0,0,8,56,141,42,0,0,7,11,3,2,90,14,0,3,41,11,0,2,63,8,0,1,4,2,0,26,18,2,0,0,0,0,32,95,141,10,0,0,1,0,0,16,53,3,1,4,17,2,0,9,20,3,0,1,1,0,0,13,18,7,0,0,0,0,3,18
121,0,0,0,1,48,24,86,136,0,0,0,0,14,11,95,18,0,0,0,1,18,43,64,1,0,0,0,1,4,14,70,136,7,0,9,29,22,5,31,136,7,0,1,10,8,3,77,30,0,0,1,61,41,26,47,5,0,0,0,4,7,31,136,136,27,3,35,34,0,0,1,136,43,1,9,15,0,0,1,34,5,0,21,132,10,3,3,27,13,3,6,20,9,21,64,136,23,6,21,33,0,0,1,136,29,2,7,11,0,0,1,25,5,1,46,83,0,0,0,42,33,5,16,18,0,0,0
0,0,125,125,64,63,30,2,0,1,7,75,122,44,1,0,3,60,23,12,9,1,0,0,0,36,74,32,0,0,0,0,7,0,12,22,38,125,125,46,14,4,1,12,62,100,23,5,76,84,5,2,3,2,2,5,11,41,26,23,5,12,12,2,90,5,0,0,3,15,56,61,38,4,0,1,24,23,13,15,75,5,0,0,0,36,89,51,7,2,0,1,2,116,125,7,125,13,4,7,9,6,4,28,32,4,0,17,87,20,11,4,2,1,12,6,24,71,79,14,1,2,43,43,11,72,73,3
151,0,0,1,8,25,18,91,107,0,0,1,9,17,8,82,9,0,0,1,19,20,36,71,4,0,0,0,4,10,24,60,151,7,1,21,17,1,0,37,151,11,1,17,23,1,0,19,31,3,1,27,84,9,10,19,65,18,2,3,4,2,19,57,151,39,7,20,30,1,0,37,151,32,13,20,19,0,0,10,42,10,3,56,69,0,0,1,94,41,3,10,10,0,0,2,144,151,33,8,6,1,0,1,29,62,68,12,2,0,0,0,10,16,19,33,26,0,0,0,25,27,17,8,4,0,2,3
0,0,0,10,181,23,3,4,16,8,28,35,26,13,12,18,100,8,7,6,7,4,3,35,10,0,0,39,65,4,0,4,0,0,0,3,181,29,3,6,15,0,2,4,39,38,40,32,163,1,0,0,3,13,14,41,21,0,2,17,23,18,2,6,0,0,0,2,181,34,7,0,46,6,0,2,46,47,18,1,181,27,0,0,5,5,1,4,17,2,0,0,13,11,0,2,0,0,0,2,181,7,0,0,62,6,0,0,37,10,2,1,150,13,0,0,3,0,0,4,7,2,0,2,10,0,0,0
0,0,0,0,26,99,15,5,130,20,0,0,38,94,3,3,130,25,0,0,0,1,2,28,7,0,0,27,130,70,8,14,6,0,0,0,47,130,7,2,130,41,0,0,16,47,2,9,130,17,0,0,0,0,23,64,0,0,0,64,62,4,45,48,27,0,0,0,44,130,8,10,130,6,0,0,4,15,6,61,48,1,0,0,0,0,70,65,0,0,0,1,0,1,84,40,58,3,0,0,16,95,6,12,130,8,0,0,0,3,16,40,7,0,0,0,0,0,78,47,0,0,0,0,0,0,62,30
1,0,0,5,148,66,1,3,9,2,1,3,130,35,24,28,45,2,0,0,0,8,37,42,16,2,0,0,7,7,3,3,1,1,1,1,148,95,0,0,12,1,2,15,148,54,6,8,148,9,2,4,5,8,6,28,28,4,0,8,40,7,3,1,0,0,0,1,148,134,3,3,9,7,21,53,59,25,8,15,138,35,16,15,4,2,2,9,34,4,0,10,77,6,0,0,0,0,0,1,148,99,3,5,11,0,1,3,13,24,35,31,109,9,1,1,1,6,13,18,24,1,0,12,48,7,1,2
0,0,0,9,79,2,0,0,126,1,0,0,7,2,1,8,194,0,0,0,0,0,0,17,54,0,0,0,2,0,0,1,0,2,0,2,113,8,0,0,142,15,4,0,9,0,0,4,194,3,0,0,0,0,0,20,76,0,0,0,3,0,0,2,7,9,2,3,95,9,0,0,108,37,14,0,3,0,0,4,194,9,1,0,0,0,0,10,85,1,0,1,2,0,0,2,2,12,14,20,44,0,0,0,72,18,16,16,0,0,1,4,194,7,0,0,0,0,0,6,71,1,0,0,1,0,0,1
7,12,10,15,16,7,51,8,18,15,3,3,21,21,50,7,19,1,0,4,48,20,14,11,8,0,0,0,152,12,0,1,0,0,1,1,0,3,152,18,13,3,1,0,1,33,152,32,130,7,0,0,29,22,100,104,21,0,0,0,152,19,0,6,6,11,12,1,1,9,83,20,66,49,11,1,0,5,67,21,152,53,0,0,29,6,14,68,25,2,0,0,152,29,3,8,3,23,69,2,0,2,3,2,25,23,33,1,0,0,1,10,63,5,2,0,4,11,30,124,3,0,0,0,43,61,44,26
3,2,3,27,67,2,1,2,96,17,5,9,8,0,1,13,153,6,0,1,1,1,0,7,42,6,10,13,11,15,15,7,2,9,23,25,33,0,0,0,71,21,64,44,10,1,0,8,153,26,13,3,1,0,2,48,44,6,18,12,2,4,25,23,29,122,57,5,2,0,3,8,15,76,153,43,0,0,27,5,94,108,129,5,0,0,33,22,13,12,20,1,0,3,53,18,47,28,3,0,0,0,40,59,4,11,26,1,0,0,153,23,0,6,20,0,0,0,153,9,0,1,8,0,0,0,153,4
0,0,72,94,4,0,0,0,3,21,51,44,1,0,0,0,10,65,77,39,1,0,0,0,0,1,18,58,13,5,6,0,0,0,6,108,55,0,0,0,52,15,11,66,52,0,0,0,135,71,46,64,40,0,0,5,6,3,15,127,135,24,2,0,0,0,0,44,99,0,0,0,55,1,0,39,111,0,0,1,135,2,0,16,58,0,0,18,19,16,83,105,135,13,0,1,0,0,0,14,87,0,0,0,33,0,0,18,109,0,0,1,135,1,0,9,13,0,0,13,42,25,39,38,20,0,0,2
10,4,0,0,3,52,30,2,9,1,0,0,0,33,114,62,8,1,0,0,2,5,39,26,0,0,0,5,26,11,6,0,8,3,2,24,130,130,35,10,130,29,5,13,51,102,105,130,124,14,4,1,0,0,19,40,0,0,12,9,3,3,18,0,4,9,37,130,130,13,1,5,130,130,117,98,37,6,1,20,76,25,19,0,0,0,48,44,0,6,22,0,0,5,64,2,0,0,13,29,3,0,15,19,3,22,75,23,0,0,11,7,3,27,40,0,0,0,11,8,0,12,32,0,0,0,12,5
140,91,50,140,32,0,0,12,140,38,7,12,2,0,0,48,53,2,4,7,1,0,0,10,3,5,25,13,0,0,0,0,85,48,7,124,140,0,0,0,140,39,4,25,25,0,0,2,88,6,0,0,0,0,0,5,20,8,2,6,2,4,0,0,20,12,2,65,140,0,0,0,140,15,2,16,45,1,0,23,74,1,0,0,0,0,0,35,21,4,0,0,31,11,0,12,4,1,1,50,140,7,2,3,116,0,0,7,73,4,0,47,80,2,0,0,0,0,0,21,10,1,0,6,16,2,2,13
26,25,1,0,0,17,68,13,10,13,3,0,0,0,68,52,4,9,15,2,0,5,19,9,0,0,8,13,13,30,25,0,18,5,3,75,66,76,104,27,144,27,2,7,2,5,76,122,73,55,52,6,1,3,5,9,0,1,28,82,59,9,3,0,21,12,16,144,60,2,1,3,144,41,23,96,8,0,0,22,140,17,16,3,1,4,3,9,0,0,13,36,75,4,2,0,26,4,15,133,10,0,0,9,87,64,81,121,3,0,0,0,81,37,12,1,1,0,0,0,0,0,5,19,72,0,0,0
15,59,19,0,0,0,0,6,95,47,11,0,0,0,0,2,169,56,0,0,0,0,0,0,66,51,0,0,0,0,0,0,35,65,19,1,0,0,2,16,90,31,27,10,6,6,4,6,169,49,0,0,0,0,0,3,75,83,0,0,0,0,0,0,18,2,0,0,0,1,57,122,114,0,0,1,3,13,51,55,169,23,0,0,0,0,0,11,92,59,0,0,0,0,1,0,28,25,28,1,0,0,14,55,158,6,4,0,0,0,5,47,169,4,0,0,0,0,0,18,74,8,0,0,0,5,9,13
128,9,4,13,7,0,0,53,33,17,49,12,0,0,0,6,1,7,77,47,0,0,0,0,25,28,22,11,0,0,0,2,128,25,9,31,13,0,0,9,128,53,24,2,0,0,0,13,6,19,67,66,8,2,1,2,1,52,68,25,1,0,0,0,45,48,33,57,13,0,0,1,119,75,9,0,0,0,4,38,12,128,56,8,8,6,9,16,0,128,128,3,1,0,0,0,0,98,46,19,14,0,0,0,5,128,88,0,0,0,0,0,1,128,128,0,0,0,0,0,0,73,114,0,0,0,0,0
11,6,0,1,18,25,68,5,21,1,0,3,43,20,27,22,9,0,0,6,123,4,0,2,40,5,0,0,8,1,0,0,11,5,17,0,0,41,142,22,142,12,2,2,22,15,94,123,41,2,0,19,142,0,0,8,76,7,0,2,15,0,0,0,11,28,142,12,0,2,25,4,142,128,101,13,17,0,3,13,44,10,0,13,142,0,0,1,78,0,0,0,20,0,0,4,10,6,98,19,8,1,2,7,20,26,40,27,34,0,0,0,12,4,0,11,142,0,0,1,59,0,0,1,20,0,0,6
0,0,0,0,7,101,75,27,23,0,1,0,0,6,54,141,14,0,2,11,1,1,3,24,0,0,3,10,4,5,2,0,14,6,0,1,33,141,69,29,141,26,0,0,0,17,40,141,93,2,0,0,1,14,13,22,0,0,0,0,4,25,13,0,49,45,9,15,82,60,12,10,141,102,2,0,0,2,7,63,52,3,0,0,1,7,49,51,0,0,0,0,1,21,38,2,31,3,0,0,7,35,24,61,65,5,0,0,0,0,41,141,2,0,0,0,0,10,141,78,0,0,0,0,0,11,141,15
0,0,0,0,0,0,0,0,71,9,1,0,0,0,1,51,168,1,0,0,2,2,3,146,24,10,9,12,12,4,3,16,3,0,0,0,0,0,13,15,102,5,0,0,0,0,2,31,168,9,0,0,0,0,0,22,93,43,2,0,0,0,0,3,17,1,0,0,0,0,25,66,154,6,0,0,0,0,2,40,168,39,0,0,0,0,0,1,107,77,0,0,0,0,0,0,26,62,14,0,0,0,3,21,141,48,9,0,0,0,0,8,168,58,0,0,0,0,0,0,95,64,0,0,0,0,0,0
11,13,0,0,0,0,0,0,144,61,0,0,0,0,0,17,144,49,0,0,0,0,0,13,58,5,0,14,5,0,0,16,0,0,0,0,0,0,0,0,88,19,0,0,0,0,0,12,144,26,0,0,0,0,0,41,47,37,0,0,0,10,15,7,0,0,0,0,0,0,0,0,10,2,0,0,0,0,0,1,94,13,0,0,0,43,133,34,13,9,2,0,0,144,144,13,0,0,0,0,0,0,0,0,0,0,0,0,0,0,0,0,3,17,4,0,0,54,144,9,7,144,122,2,1,144,144,14
0,0,0,0,0,0,0,0,0,0,0,0,0,24,10,0,9,0,0,0,0,14,24,23,61,1,0,0,0,0,1,34,65,0,0,0,0,8,19,111,7,0,0,0,0,101,77,30,81,7,0,0,0,21,44,37,124,19,0,0,0,0,0,8,88,0,0,22,30,7,43,136,56,7,0,0,0,25,58,136,136,36,0,0,0,2,4,13,125,25,0,0,0,0,0,0,19,4,5,110,94,7,17,122,136,28,4,7,1,0,3,136,136,36,0,0,0,0,0,29,69,24,0,0,0,0,0,4
0,35,130,108,46,45,37,0,10,130,130,1,0,4,49,12,10,101,130,10,0,4,16,3,0,5,29,0,0,0,0,0,0,20,130,130,1,0,0,0,24,83,130,45,0,0,0,2,124,64,53,2,0,0,0,22,21,7,8,0,0,0,0,6,0,0,53,130,0,0,0,0,4,6,84,130,0,0,0,0,75,39,37,18,0,0,0,10,29,5,0,0,0,0,0,8,0,0,19,37,0,0,0,0,0,0,51,94,0,0,0,0,3,15,73,45,0,0,0,0,3,12,30,1,0,0,0,0
139,139,23,0,0,0,0,5,139,80,32,4,0,0,0,23,65,26,139,75,0,0,0,13,44,22,94,71,0,0,0,18,139,85,0,0,0,0,0,3,139,124,0,0,0,0,0,19,126,50,11,4,0,0,0,27,21,3,36,73,2,0,0,25,56,19,0,0,0,0,0,6,139,21,0,0,0,0,0,73,94,8,0,0,0,0,0,56,34,5,0,3,0,0,0,26,0,0,0,0,0,0,0,0,45,2,0,0,0,0,0,17,81,3,0,0,0,0,1,60,31,11,0,0,0,43,19,11
0,3,39,6,0,0,0,0,0,14,40,1,0,12,20,4,1,5,41,3,0,1,19,17,5,8,10,2,1,0,0,1,3,0,3,1,20,22,1,6,13,1,2,0,94,146,95,33,127,4,3,0,5,35,99,146,16,0,2,1,4,7,4,18,7,0,0,0,67,61,6,13,69,28,1,2,146,146,7,9,146,95,0,0,19,15,7,34,40,10,0,0,13,3,0,4,0,0,0,0,47,76,8,10,91,31,0,1,93,125,7,6,146,89,0,0,2,0,0,1,12,6,0,1,16,1,0,0
0,0,0,25,78,0,0,0,72,20,3,72,149,2,0,13,149,36,6,2,3,0,0,29,15,7,26,20,1,0,0,0,3,0,0,32,93,0,0,4,67,8,8,149,149,4,0,27,149,32,8,16,19,1,0,85,46,2,4,11,2,0,0,4,12,1,3,20,20,0,0,4,12,28,104,149,86,0,0,0,132,149,106,38,6,5,1,4,22,12,0,0,0,17,15,0,8,7,1,0,0,0,1,1,0,2,25,12,3,14,14,0,0,11,25,3,1,32,21,0,0,3,8,0,1,33,11,0
136,54,0,0,0,0,0,0,136,51,1,0,0,0,0,9,102,59,0,0,0,0,0,9,26,13,0,0,0,0,0,2,136,73,0,0,0,0,0,0,136,25,0,0,8,4,3,32,136,9,0,0,3,5,1,49,18,6,0,0,7,37,51,4,136,81,0,1,1,0,0,0,103,34,2,9,22,1,0,2,136,44,0,2,33,6,0,4,8,9,11,15,89,50,24,0,136,107,12,2,0,0,0,0,45,59,57,17,3,0,0,0,109,73,8,15,17,0,0,0,2,20,41,38,32,0,0,0
123,58,0,0,0,1,10,47,41,7,0,0,1,33,38,31,69,36,0,0,1,12,6,6,1,3,0,0,0,23,6,0,44,7,0,0,0,2,43,114,123,22,0,0,0,7,38,34,70,10,0,0,0,27,49,16,0,0,0,0,0,23,47,10,123,0,0,0,1,14,29,123,123,5,0,0,0,5,42,64,12,0,0,0,0,51,109,21,0,0,0,0,0,19,98,24,123,0,0,0,7,20,43,121,27,0,0,1,5,19,123,101,0,0,0,0,0,13,123,123,0,0,0,0,0,14,109,11
127,7,0,0,0,1,2,35,127,11,0,0,0,1,0,70,28,7,0,0,2,31,37,8,4,2,0,0,0,41,101,4,127,7,0,6,16,2,2,18,127,3,0,3,18,4,0,60,39,4,5,20,122,91,34,3,16,75,11,5,9,45,82,6,126,26,15,17,10,0,0,0,127,40,7,11,13,0,0,0,49,25,39,90,95,1,0,0,1,127,54,12,5,0,0,0,73,82,89,5,0,0,0,0,82,123,56,4,0,0,1,1,20,30,32,42,5,8,7,0,0,31,26,2,0,2,20,2
5,0,0,0,73,81,4,7,110,0,0,0,24,36,6,57,54,0,0,0,7,7,1,31,11,0,0,0,44,35,2,5,10,2,2,16,118,118,6,10,118,8,2,4,20,31,6,67,100,2,0,2,14,5,1,22,20,12,4,17,55,16,1,2,4,6,44,116,53,11,17,65,118,71,77,43,5,1,0,6,94,27,2,4,7,30,1,0,7,6,3,15,16,62,36,25,11,3,14,12,0,0,30,118,47,31,54,12,0,0,4,101,15,20,13,16,108,114,6,2,75,1,0,13,57,118,58,91
71,0,0,0,0,0,23,129,30,6,15,19,0,0,13,129,30,43,78,14,12,23,7,32,0,19,21,33,82,106,2,1,129,4,0,0,0,0,0,54,129,46,0,0,0,2,8,72,54,11,0,5,8,34,65,32,4,2,27,84,24,7,24,28,129,5,0,0,0,0,0,43,50,6,0,0,0,7,50,100,25,29,0,0,0,69,123,43,81,59,5,2,0,3,22,55,129,10,0,0,0,0,7,64,13,7,0,0,0,0,13,26,63,120,0,0,0,2,9,11,49,108,0,0,0,7,2,6
5,73,92,16,0,0,0,0,1,9,128,32,0,0,0,0,0,9,128,34,0,0,0,0,1,88,128,6,0,0,0,0,7,23,19,29,0,0,0,0,44,99,48,8,0,0,0,5,5,46,128,74,0,0,0,1,1,128,53,5,2,8,1,0,8,6,29,128,6,0,0,1,128,55,24,32,0,0,0,41,55,30,67,27,0,1,6,18,5,37,43,29,88,40,3,7,3,2,28,120,4,0,1,10,19,56,61,38,10,15,0,1,17,17,1,0,9,78,54,26,9,3,3,53,100,15,33,119
128,0,0,1,2,0,1,54,69,0,0,4,5,1,3,81,68,0,0,22,47,15,1,41,8,38,10,23,30,26,10,0,128,1,0,2,1,0,0,73,106,11,11,17,4,0,0,26,128,11,7,31,12,0,0,38,5,52,36,41,9,0,0,0,128,12,0,0,0,0,0,53,116,94,68,3,0,0,1,9,87,93,30,4,1,2,6,7,7,13,16,11,10,49,25,1,128,5,0,0,0,0,0,67,120,34,14,0,0,22,76,79,4,16,7,0,3,31,128,55,4,8,2,2,74,107,38,23
1,1,0,7,40,0,1,0,21,0,0,17,53,0,0,1,58,3,1,42,83,0,0,2,19,0,0,163,163,0,0,9,25,0,0,16,15,0,40,93,17,2,1,57,48,0,0,2,77,5,2,27,20,0,0,4,6,1,2,163,163,0,0,1,163,110,18,3,8,0,19,94,19,7,3,32,63,0,0,1,51,9,5,8,5,0,0,8,13,1,0,141,149,0,0,3,25,78,24,0,4,0,1,2,2,2,11,20,23,1,1,0,7,16,23,4,0,0,1,0,6,7,2,38,23,0,0,0
189,2,0,0,1,1,0,53,11,0,0,0,11,20,13,3,11,2,1,0,0,3,19,20,8,4,2,5,2,3,1,4,189,4,0,0,6,2,0,43,15,0,0,0,48,28,3,4,64,13,0,0,6,10,4,10,19,7,0,1,44,125,41,1,189,29,0,0,7,6,0,41,24,2,0,0,46,39,2,8,88,7,0,2,14,7,1,15,8,1,14,134,166,79,15,2,189,52,0,0,10,10,1,7,21,7,0,0,32,25,0,2,67,21,0,1,1,0,0,5,6,2,18,65,7,1,1,0
1,167,167,0,0,1,11,1,5,167,167,0,0,0,7,9,6,80,64,1,0,8,32,7,0,3,30,5,5,12,32,0,7,14,20,0,0,9,96,19,47,6,4,0,3,3,26,51,7,0,1,8,32,45,35,5,0,0,2,6,3,17,97,1,9,39,107,0,0,0,19,12,52,50,41,5,3,0,1,6,7,4,15,54,28,10,2,0,0,0,15,50,26,8,8,0,28,6,36,0,5,63,167,167,21,6,24,5,8,10,25,80,0,0,1,5,23,51,17,0,0,0,0,5,21,41,16,0
15,70,66,4,7,5,16,26,3,10,31,53,64,14,6,4,30,54,68,22,9,0,2,2,15,15,3,155,155,0,0,0,55,0,0,0,1,8,28,83,12,0,6,7,13,87,51,25,61,15,18,3,1,9,36,59,29,15,10,155,155,4,0,3,28,0,0,0,0,8,39,63,39,6,0,0,9,71,51,16,155,31,0,0,0,6,7,24,40,4,0,24,155,28,8,9,33,0,0,0,0,1,15,82,29,2,0,0,0,1,29,21,60,5,0,0,0,0,57,77,3,0,0,5,72,28,61,22
29,2,0,1,4,1,0,0,150,25,2,1,1,0,0,0,109,32,23,11,5,0,0,0,90,20,8,22,21,0,0,0,41,8,5,5,0,0,0,0,150,100,10,0,0,0,3,18,70,98,101,2,0,1,35,16,28,55,19,10,3,24,18,10,31,3,12,7,0,0,0,2,150,13,1,0,0,2,29,123,44,8,6,0,3,20,150,111,10,9,5,1,31,95,65,95,11,1,8,56,9,0,0,1,150,8,1,2,3,1,3,36,38,56,14,0,13,11,14,34,12,94,35,1,7,24,15,32
11,8,1,0,0,0,0,0,35,67,10,0,0,0,0,0,5,22,42,3,0,0,0,0,19,12,19,0,0,0,0,7,21,4,9,154,15,0,0,0,129,46,10,17,1,0,0,3,20,47,93,2,0,0,0,1,1,30,108,0,0,0,0,0,3,2,19,164,46,0,0,1,102,13,31,164,3,0,0,27,86,37,22,4,0,0,0,38,8,48,45,0,0,0,0,1,1,1,16,164,14,14,89,30,8,2,50,164,25,17,54,9,55,6,25,100,22,5,2,58,68,71,25,0,0,0,0,32
5,2,4,19,19,14,0,1,92,36,4,1,0,0,0,4,130,28,0,0,0,0,0,44,130,130,0,0,0,0,0,14,14,8,0,40,40,16,3,2,114,89,0,2,1,0,0,9,130,80,0,0,0,0,1,27,130,74,0,0,0,0,4,101,18,1,0,0,9,53,28,22,122,8,0,0,0,0,6,92,59,5,0,0,0,0,23,119,74,0,0,0,0,18,109,130,20,0,0,0,0,13,18,22,93,0,0,0,0,0,1,69,27,0,0,0,0,13,20,60,10,15,5,0,0,92,64,24
123,14,0,0,0,0,1,64,25,11,43,5,1,10,7,9,87,62,46,5,0,2,3,13,95,82,12,0,0,0,0,6,112,27,110,4,0,0,3,123,123,72,96,1,0,1,0,68,32,101,123,2,1,12,4,3,87,39,6,0,0,0,1,18,22,32,123,23,0,0,4,18,123,103,123,8,3,5,7,37,31,40,46,14,14,37,10,9,61,30,15,1,0,1,2,18,4,10,34,19,1,0,9,11,2,10,39,37,1,0,48,53,2,15,33,16,1,0,63,81,3,8,16,3,6,8,29,31
77,8,0,0,0,2,46,96,30,1,0,0,0,2,74,103,8,0,0,0,2,4,57,56,9,4,2,4,5,16,32,9,39,29,1,4,11,6,19,17,119,32,0,4,4,0,16,53,53,15,7,29,24,7,23,30,54,15,2,2,4,65,7,12,23,9,0,1,3,13,95,31,97,23,0,0,0,22,119,93,106,34,5,10,4,26,62,86,12,46,7,0,15,118,5,3,16,5,0,0,0,65,119,114,119,119,0,0,0,33,96,26,113,78,2,0,4,28,8,11,20,67,3,0,4,20,1,6
16,2,0,0,0,2,9,12,133,2,0,0,0,0,0,42,133,0,0,35,60,0,0,44,4,16,20,47,70,0,1,4,15,40,18,1,0,0,4,11,133,41,3,0,0,0,0,42,133,5,0,15,44,0,0,88,24,14,10,45,108,7,9,43,25,30,11,0,0,0,18,45,128,133,0,0,0,0,0,19,133,88,1,10,9,0,0,12,25,14,13,124,61,1,3,12,31,83,34,2,0,0,0,2,89,127,0,0,0,0,0,13,133,30,0,0,0,0,0,36,21,15,16,27,2,0,0,3
111,6,4,128,89,0,0,28,128,9,2,1,0,1,2,44,24,9,22,15,3,35,75,33,0,0,14,46,7,29,105,9,46,8,9,128,128,0,0,6,128,18,11,40,9,2,2,23,11,7,46,73,32,46,45,5,3,52,109,6,1,16,65,5,3,3,7,128,86,0,0,0,89,19,22,128,15,0,0,10,27,8,27,54,8,0,1,12,47,55,46,6,1,0,0,20,1,0,1,93,38,0,0,0,4,1,7,128,43,0,0,4,7,8,14,33,3,0,1,10,14,1,4,7,2,0,1,28
1,0,0,5,5,11,88,124,7,2,0,0,19,48,39,33,17,4,0,1,10,8,6,9,94,16,0,0,1,1,3,13,11,5,31,124,10,1,15,68,86,19,13,8,0,9,15,80,53,8,0,1,18,59,9,9,124,65,0,0,2,4,2,5,23,5,35,100,28,19,6,19,33,21,22,24,19,87,11,5,124,33,0,0,3,124,33,21,124,89,0,0,0,1,2,5,5,0,0,0,12,50,31,39,17,8,0,0,31,124,7,2,124,124,0,0,5,64,10,8,99,98,0,0,0,2,0,0
118,19,0,0,0,0,0,1,118,42,0,0,0,0,0,0,108,56,0,0,0,4,4,2,21,18,0,0,5,47,17,3,118,8,2,0,0,0,0,25,118,54,0,0,0,1,8,35,58,46,0,0,0,57,67,12,13,0,0,0,8,55,45,35,52,34,118,2,0,0,0,14,84,15,35,16,1,11,60,90,8,1,2,4,0,70,118,47,7,0,0,0,9,118,61,74,2,47,118,10,0,0,0,0,1,10,112,118,8,2,6,1,2,1,47,92,7,6,12,8,1,1,5,19,97,108,12,9
0,0,0,32,123,72,9,0,0,3,33,22,123,44,0,0,0,2,123,29,16,2,0,0,0,0,98,35,0,0,0,0,9,1,0,0,34,123,37,1,71,76,81,13,29,35,4,5,8,23,123,94,0,0,0,0,0,0,117,90,0,0,0,0,21,20,9,1,15,57,16,20,123,61,17,3,0,2,0,31,67,12,47,98,0,0,0,22,0,0,81,97,0,0,0,0,51,16,5,3,0,1,30,123,78,70,27,0,0,0,0,87,60,18,20,7,0,0,2,35,15,2,29,69,3,0,0,15
0,0,0,0,6,135,135,16,1,0,0,0,16,47,135,64,5,0,0,0,1,70,135,66,0,0,0,0,0,25,107,16,5,0,0,1,21,43,74,53,28,1,0,11,124,36,45,52,135,15,5,3,8,4,30,100,13,36,22,8,0,5,20,3,24,3,5,27,16,6,8,26,41,23,6,18,79,12,5,20,135,94,12,7,9,0,0,4,37,56,45,16,0,0,0,0,2,2,38,126,12,1,0,1,13,58,31,15,3,2,1,2,135,65,4,1,0,0,0,17,44,16,6,6,0,0,0,15
47,9,1,0,0,0,0,19,21,2,0,0,7,39,46,28,48,2,0,0,1,16,66,98,30,9,3,0,0,0,1,31,11,77,31,8,19,2,0,2,17,5,7,9,133,99,14,7,133,28,0,0,13,30,21,51,94,16,4,0,0,10,33,18,7,22,6,3,28,88,42,11,48,2,0,2,133,133,17,23,133,19,0,0,7,14,22,72,24,1,0,0,0,14,100,27,0,0,0,0,23,133,61,4,82,10,0,0,23,133,25,40,133,11,0,0,0,2,13,96,4,2,1,0,0,0,39,31
0,0,21,65,50,16,1,0,35,47,18,131,100,1,0,0,131,131,14,7,1,0,0,0,10,59,50,15,10,4,0,0,0,26,71,51,12,0,0,0,39,26,26,131,125,0,0,2,131,72,7,17,9,3,3,50,21,10,4,4,31,70,7,15,0,70,53,32,27,0,0,0,13,12,20,131,131,0,0,0,131,56,18,32,19,3,3,22,16,5,3,29,25,31,6,8,1,18,5,10,16,12,2,0,0,5,45,114,56,5,0,0,12,57,85,40,11,0,0,0,1,6,6,43,20,0,0,0
171,171,0,0,9,20,0,1,97,47,0,0,0,0,1,22,51,3,0,0,0,0,1,34,26,12,0,0,0,0,0,0,171,171,0,0,2,9,3,1,29,15,0,1,8,43,15,20,122,4,0,0,0,2,5,49,47,5,0,0,0,0,0,5,171,140,0,0,0,43,33,6,50,28,0,0,0,48,31,9,144,25,0,0,0,1,2,28,30,0,0,0,0,0,6,32,21,69,13,0,0,20,16,3,22,87,8,0,1,4,5,2,27,12,0,0,1,1,15,43,17,2,0,0,0,0,12,50
10,6,4,2,2,5,49,46,103,51,6,1,0,0,8,90,69,63,77,12,0,0,0,16,29,21,61,25,0,2,12,21,52,27,5,3,8,28,9,6,125,125,18,5,3,1,2,24,76,73,42,24,43,15,9,59,44,12,65,47,10,21,18,78,48,57,17,7,2,5,1,3,125,27,0,1,3,5,34,125,56,9,4,8,52,50,55,103,20,1,2,3,15,84,72,75,7,11,86,81,0,0,0,0,52,11,42,14,1,1,12,50,124,12,5,2,24,40,21,70,1,2,1,1,35,111,40,2
56,34,7,37,31,1,3,50,31,26,4,4,69,56,15,44,64,146,5,3,25,12,0,0,21,35,0,0,0,0,0,0,8,0,0,39,146,37,22,25,146,51,1,1,14,24,46,86,71,112,3,0,1,1,0,2,5,7,0,0,1,17,9,0,21,6,1,17,146,61,6,8,146,33,1,3,40,25,10,48,112,6,0,0,2,17,4,10,0,0,0,0,11,70,9,0,8,17,22,38,146,21,0,0,146,56,23,15,15,1,0,45,53,0,0,0,5,26,10,50,0,0,0,0,24,60,1,0
23,28,7,19,2,0,0,0,123,46,0,0,0,0,0,0,62,27,9,11,1,0,0,0,0,2,7,71,17,0,0,0,9,42,42,61,0,0,0,0,115,47,3,0,0,0,0,12,139,38,9,7,0,0,0,14,11,22,44,134,5,0,0,0,0,3,11,67,20,19,37,0,73,6,2,6,2,6,31,28,139,47,2,0,0,0,5,65,56,52,48,65,3,0,0,13,0,0,24,59,12,44,139,0,7,0,8,17,5,33,139,60,62,3,3,1,0,1,112,139,41,5,2,10,2,5,81,139
39,4,0,4,32,21,19,107,104,9,8,3,2,5,7,131,9,1,9,29,68,43,6,24,0,13,8,14,114,29,0,0,63,12,0,1,44,80,29,66,131,32,0,0,4,10,8,129,54,2,1,1,82,77,11,26,5,44,18,8,57,26,1,2,61,108,17,10,1,11,10,12,131,94,0,0,0,2,26,57,33,82,13,1,18,33,43,29,4,103,52,37,44,9,8,4,21,80,23,24,5,1,9,6,47,69,4,0,0,1,36,44,48,70,7,4,0,6,39,53,6,24,8,16,23,33,99,13
2,5,1,2,14,8,0,0,2,0,3,29,117,51,0,1,18,22,60,58,30,9,1,5,12,3,9,50,9,0,3,72,0,0,0,1,46,12,0,0,19,0,0,0,140,92,4,9,140,23,13,32,18,19,4,24,14,6,9,140,40,6,1,7,0,0,0,2,71,14,0,0,37,7,0,15,140,47,0,1,140,29,1,5,16,5,0,5,33,4,2,53,140,73,0,2,0,0,0,3,42,24,3,0,24,9,2,39,140,7,0,0,140,31,1,7,10,1,0,6,20,3,0,21,140,79,0,2
122,6,1,24,58,0,0,20,26,0,0,30,135,7,3,38,134,6,0,0,4,1,1,86,20,9,0,0,0,0,0,7,135,12,0,15,55,1,2,23,30,1,0,64,135,4,1,13,135,5,0,6,21,1,0,48,60,2,0,0,0,0,0,7,89,7,1,4,15,3,44,135,15,8,4,73,135,13,22,33,135,33,5,23,21,0,0,7,65,4,0,0,0,1,0,9,14,13,23,58,0,0,13,74,4,1,3,15,22,26,68,66,117,16,1,4,6,9,22,78,37,6,0,0,2,1,0,22
6,0,30,83,71,34,2,11,100,1,11,27,1,1,1,131,72,5,0,0,0,0,0,70,37,2,1,7,0,0,0,24,0,0,61,131,19,0,0,0,62,3,15,131,75,0,0,58,131,32,3,3,5,0,0,96,41,51,9,0,0,0,0,6,0,0,1,118,45,0,0,0,39,22,7,131,131,0,0,1,131,86,6,16,10,0,0,13,33,38,8,0,0,0,0,4,0,0,0,36,9,0,0,0,7,7,19,131,30,0,0,0,96,17,26,68,1,0,2,45,18,1,0,0,0,1,20,55
1,1,5,14,120,137,44,1,29,10,7,1,4,41,137,29,19,6,1,4,7,34,92,15,46,34,1,0,0,5,34,22,7,3,0,46,137,95,2,0,120,32,2,8,10,5,3,8,45,37,11,27,8,0,0,2,103,64,1,0,1,2,2,8,3,1,1,137,137,2,0,0,86,7,5,42,13,0,0,39,37,11,6,6,0,0,3,56,35,9,0,0,0,14,37,33,0,0,0,137,137,0,0,0,7,3,13,137,53,0,0,13,18,21,9,2,0,0,3,48,4,7,5,14,10,15,13,11
13,25,73,45,0,0,6,26,66,21,60,46,8,25,16,55,57,15,0,0,4,89,31,21,59,43,19,22,48,4,1,1,25,3,7,4,0,3,69,129,14,2,16,16,19,129,66,58,129,47,0,0,6,50,16,16,105,66,10,39,19,0,0,8,42,32,63,14,0,4,18,59,35,21,33,5,1,63,43,23,129,27,5,0,0,7,8,73,59,8,1,4,1,3,57,112,0,5,129,75,0,0,0,0,2,23,129,20,0,0,0,0,26,36,126,15,0,0,1,22,12,47,39,3,0,0,23,40
0,0,3,5,67,127,12,0,3,2,1,1,38,127,6,0,5,25,70,31,33,48,5,1,34,106,56,4,1,4,4,10,0,1,21,21,55,113,4,0,34,7,28,67,43,28,1,2,126,67,77,10,1,5,3,14,6,50,89,9,13,52,17,3,1,67,101,27,8,2,0,0,9,10,103,127,7,0,0,0,96,15,21,72,4,6,6,36,28,16,71,47,19,60,22,12,26,58,23,8,2,6,45,11,0,3,15,114,30,12,42,6,25,4,10,127,18,2,2,5,114,23,40,19,5,6,2,21
90,6,11,69,3,0,0,19,95,35,4,1,0,0,0,14,4,24,17,4,7,33,16,0,0,1,16,10,8,79,22,0,40,4,20,124,12,0,0,9,124,25,15,40,5,0,0,28,18,23,94,85,38,37,11,0,0,80,124,8,4,35,13,0,38,6,17,124,21,0,0,19,124,29,15,123,19,0,0,19,103,55,112,28,0,0,0,20,3,82,124,1,0,0,0,1,48,8,2,30,17,33,25,32,54,5,2,45,50,69,11,36,116,6,1,0,0,1,2,104,10,8,3,0,0,0,4,43
0,0,0,0,168,168,1,0,96,55,0,0,69,69,10,3,101,53,0,0,6,8,2,3,31,14,21,11,4,4,1,9,5,4,0,1,168,168,0,0,168,68,0,1,39,15,0,4,80,25,0,1,6,1,0,3,30,6,0,0,0,0,0,14,6,1,0,0,152,72,0,1,168,7,0,0,7,1,0,50,68,1,0,0,0,1,1,26,29,3,0,0,0,0,0,16,0,0,0,0,0,0,0,0,26,0,0,0,0,0,0,8,23,0,0,0,0,0,0,5,7,0,0,0,0,1,6,14
0,1,0,3,99,3,0,0,146,19,1,1,23,0,0,5,189,3,0,0,0,0,0,27,45,0,0,2,44,0,0,3,1,5,6,22,97,2,0,0,141,35,14,6,11,0,0,3,189,6,0,0,0,0,0,23,72,0,0,4,45,0,0,3,4,2,8,38,59,3,2,2,94,21,25,7,7,3,8,16,189,10,1,0,0,0,0,30,75,0,0,1,30,5,12,11,7,0,0,20,58,3,2,6,76,5,3,14,22,4,7,27,189,1,0,0,0,0,1,53,49,3,7,4,10,10,19,14
48,1,0,0,0,0,1,9,128,15,0,1,4,12,12,12,32,14,0,3,8,31,101,51,42,15,9,4,1,1,16,36,73,14,0,0,0,0,1,5,128,56,18,50,14,10,3,3,84,21,56,128,29,27,34,44,128,23,16,11,0,0,3,54,70,17,0,0,0,0,3,17,128,21,8,12,0,0,3,128,67,20,94,128,0,0,0,53,79,58,75,30,0,0,0,4,4,1,0,0,5,8,23,18,91,2,0,0,0,0,23,128,128,6,9,3,0,0,0,94,9,6,24,4,0,0,0,3
13,15,0,0,1,62,16,6,41,0,0,0,0,68,62,65,27,0,0,0,14,80,9,32,0,0,0,0,16,125,71,0,6,3,3,18,51,125,25,7,125,21,4,6,11,100,36,54,73,1,0,0,102,125,15,17,0,0,0,12,125,125,8,0,2,6,21,89,56,32,16,1,99,45,32,32,10,86,54,16,15,0,0,0,21,125,85,7,0,0,0,11,42,51,11,0,0,0,0,3,3,74,66,2,0,0,1,2,2,125,32,0,0,0,0,1,3,55,28,0,2,2,3,1,3,24,22,4
0,0,0,0,0,0,0,0,7,58,59,0,0,0,45,38,20,125,93,0,0,0,76,96,9,125,116,0,0,0,59,53,0,0,0,0,0,0,0,0,39,60,58,0,0,0,0,2,125,125,69,0,0,0,0,11,125,123,65,0,0,5,1,15,0,0,0,0,0,0,0,0,60,2,0,0,0,0,4,16,125,4,0,0,0,0,0,50,125,0,0,4,62,40,2,56,0,0,0,0,0,0,4,1,9,0,0,0,0,0,55,84,42,0,0,0,0,0,27,125,41,0,0,13,37,4,23,125
2,2,0,0,0,1,125,88,38,2,0,0,6,18,125,101,18,0,0,0,125,66,7,24,54,16,0,0,52,24,0,0,28,36,16,0,0,0,88,43,125,81,0,0,7,7,50,85,72,12,0,0,125,96,4,16,109,15,0,0,29,17,0,1,19,25,46,2,0,0,3,5,125,22,3,0,3,15,40,120,23,1,0,0,54,114,75,49,105,1,0,0,5,7,4,49,16,13,12,1,0,0,3,8,4,1,12,13,2,4,21,21,1,0,0,3,3,16,55,27,17,0,0,0,0,0,22,112
80,21,0,0,0,0,1,3,79,99,7,0,0,1,15,8,4,51,37,0,0,0,16,18,0,12,36,1,2,8,6,1,120,56,2,2,1,0,0,1,82,35,7,52,41,50,87,34,125,23,6,9,5,10,70,107,23,16,22,39,25,9,5,3,125,77,5,4,0,0,0,17,83,49,39,125,39,7,3,13,125,71,43,99,7,1,2,14,54,17,9,30,40,0,0,0,111,3,0,0,0,0,7,112,125,10,22,56,1,0,0,65,31,50,78,55,0,0,0,0,13,16,6,14,37,0,0,0
57,54,1,0,1,18,4,5,20,23,0,0,2,71,26,9,33,0,0,0,0,48,53,74,10,0,0,0,15,93,7,16,33,16,10,6,8,18,16,22,19,4,2,13,62,128,37,15,128,9,1,2,11,99,40,79,34,0,0,0,125,128,8,12,0,0,1,12,19,8,35,26,14,15,34,128,87,60,15,2,128,43,31,25,9,103,58,23,7,0,0,0,32,128,54,5,0,0,0,3,1,6,79,33,0,0,3,12,6,107,80,2,0,1,3,3,3,128,30,0,0,0,0,1,3,51,22,0
26,5,4,5,21,5,7,12,153,30,1,0,0,0,0,6,93,6,0,0,14,7,16,8,0,0,0,2,153,25,4,0,45,9,12,25,26,1,0,3,153,16,2,1,0,0,0,8,80,9,16,9,18,10,16,10,2,1,3,2,153,44,4,2,15,46,127,24,2,0,0,1,153,82,74,5,0,0,2,19,53,10,8,5,18,19,25,26,1,2,23,61,153,44,4,0,18,31,46,1,0,0,57,33,6,30,42,1,0,0,117,15,3,6,1,3,2,2,130,11,0,0,26,43,14,4,79,3
0,5,55,0,4,28,41,3,9,9,70,0,0,3,48,40,5,9,90,1,1,1,1,8,0,1,61,4,12,25,15,0,10,0,1,18,144,63,48,13,144,12,0,0,14,12,54,88,63,25,16,9,8,2,7,11,0,0,4,31,134,27,12,0,20,3,0,37,144,3,0,1,144,11,0,9,30,0,0,7,88,10,13,5,8,4,12,7,0,2,3,21,144,2,3,2,10,1,0,16,144,11,0,2,144,4,0,3,29,5,0,21,92,8,11,3,9,0,0,2,0,0,3,9,144,1,0,0
15,5,0,6,164,19,0,2,164,38,0,4,35,3,0,13,101,5,0,0,0,1,19,18,0,0,0,1,1,0,7,4,27,1,0,3,164,40,1,5,164,13,1,1,39,8,1,26,99,13,19,7,1,2,15,15,1,2,4,0,0,0,4,5,12,15,67,94,164,21,1,0,164,109,76,19,15,0,1,18,67,13,9,1,0,0,32,32,0,0,2,0,0,0,4,0,0,3,47,35,5,3,82,2,7,40,56,5,0,1,100,4,3,7,1,0,0,0,62,10,0,0,0,0,0,0,0,0
0,0,0,0,0,0,0,0,6,0,0,0,0,0,0,0,2,0,5,4,0,0,0,0,0,0,13,17,0,0,0,0,8,3,1,56,149,0,0,0,149,47,6,26,59,0,0,16,83,24,62,37,0,0,0,2,0,0,85,66,0,0,0,0,8,1,6,126,149,0,0,4,149,72,31,85,132,1,0,55,149,24,17,21,0,0,2,12,0,0,40,30,1,9,6,0,6,3,29,93,38,1,1,1,61,114,129,84,17,10,5,0,38,34,5,0,0,31,28,1,0,0,7,2,2,45,32,0
13,0,0,0,0,0,0,11,10,0,0,0,39,75,4,7,81,0,0,0,21,46,8,35,38,0,0,0,16,12,1,13,12,0,0,0,3,8,11,110,11,2,1,11,100,127,14,20,127,10,2,3,19,45,10,60,51,2,0,3,23,20,2,14,8,0,0,0,3,2,96,127,9,10,35,65,57,19,37,127,125,92,53,24,8,7,0,13,36,14,1,6,15,57,25,8,6,0,0,0,0,0,33,127,79,20,5,2,0,0,10,127,89,38,18,3,34,20,7,56,25,7,2,12,122,123,36,27
72,74,10,42,34,5,1,37,0,0,65,121,73,11,6,0,0,7,121,97,4,0,2,0,0,7,121,112,0,0,0,0,100,61,10,14,38,18,1,25,7,1,23,60,92,76,63,20,79,13,115,33,4,6,38,65,7,6,121,87,0,0,0,0,21,18,5,20,30,2,3,19,15,10,8,121,113,6,4,5,121,55,14,41,10,1,3,15,26,9,15,28,4,0,0,0,47,7,2,14,11,0,0,7,9,4,5,104,28,0,0,0,100,24,9,45,12,0,0,2,28,2,0,9,3,0,0,1
198,0,0,0,9,9,2,76,67,0,0,0,14,14,2,10,29,1,0,0,7,11,4,8,5,0,0,2,25,79,47,2,198,10,0,0,25,7,1,57,102,2,0,0,19,21,1,13,51,1,0,8,21,9,1,9,3,0,27,131,97,51,19,1,198,48,0,0,27,3,0,3,94,7,0,0,18,16,1,5,62,15,0,2,2,2,0,3,5,2,24,56,3,7,2,0,198,44,0,1,18,1,2,17,55,3,0,0,8,21,13,20,62,4,0,0,1,8,2,12,1,0,0,0,3,30,4,0
1,0,22,54,59,1,0,0,51,13,27,72,51,3,0,3,5,65,132,104,16,2,4,2,0,20,67,132,18,0,1,1,4,0,8,36,132,15,0,1,132,14,6,15,85,16,1,15,33,25,43,82,20,4,7,5,2,61,98,40,2,0,2,3,10,1,0,6,132,38,0,0,132,7,1,3,79,15,5,26,64,35,23,30,3,1,14,35,16,85,59,2,0,0,0,1,11,2,0,2,132,21,0,0,124,10,1,1,46,5,7,17,83,6,3,0,0,0,15,75,51,10,2,0,0,0,0,42
1,2,1,3,26,38,7,6,69,7,0,0,0,1,5,124,116,0,0,13,1,0,0,135,47,7,35,69,7,1,6,59,3,10,7,9,9,19,11,2,56,23,5,0,0,2,38,41,135,13,0,0,0,0,4,99,135,5,11,4,0,0,0,132,0,1,101,52,4,2,6,0,32,57,87,15,2,1,15,7,135,43,3,0,0,0,0,66,135,16,0,0,0,0,0,91,0,1,34,34,15,0,0,0,13,5,18,39,19,0,0,1,109,8,1,1,0,0,0,29,135,5,0,0,0,0,12,97
38,4,11,7,8,13,2,6,131,18,3,16,20,0,0,9,26,2,1,36,56,10,38,34,10,0,0,2,3,67,141,23,56,1,0,0,10,24,6,24,151,39,13,35,8,0,0,28,20,12,36,151,78,4,3,0,0,0,88,82,8,9,12,0,64,3,0,0,1,7,11,18,151,11,1,11,9,0,0,24,71,8,19,103,127,0,0,2,17,57,92,39,11,0,0,1,46,36,6,0,0,0,1,7,151,24,0,1,4,0,0,22,80,10,9,34,94,2,1,15,39,93,30,8,9,1,0,17
21,0,0,0,12,8,9,53,7,0,0,0,3,5,18,64,3,0,0,0,0,6,43,22,5,0,0,0,0,1,11,22,118,0,0,0,9,14,6,145,58,2,0,0,5,10,5,26,18,1,0,2,0,4,7,11,6,0,0,0,0,21,25,21,145,2,2,7,1,1,1,145,111,15,0,0,1,5,2,35,9,2,0,0,2,46,30,1,1,0,0,0,2,59,50,6,145,0,0,9,13,0,2,107,145,8,0,0,2,103,57,51,0,0,0,0,2,145,145,0,0,0,0,0,0,47,145,73
65,12,0,0,0,5,19,22,68,17,0,0,0,2,25,76,45,10,2,0,0,0,0,42,8,9,3,0,0,0,6,11,25,14,11,6,65,89,35,19,132,29,0,0,5,29,47,112,81,23,1,0,0,10,39,31,3,0,0,0,0,23,79,11,79,4,2,2,56,132,54,34,132,23,0,0,3,13,46,105,23,2,0,0,0,15,132,39,0,0,0,0,0,46,132,1,132,66,1,1,14,102,34,31,132,50,15,0,0,0,18,81,3,21,26,0,0,2,63,32,1,19,35,0,0,7,41,2
10,0,0,2,26,80,141,62,51,13,6,0,0,31,88,82,24,87,24,3,0,12,26,1,4,26,42,92,11,2,0,0,52,7,2,30,69,13,13,39,141,54,13,3,2,0,1,52,69,138,38,2,0,0,0,1,12,30,9,86,28,0,0,0,30,47,28,21,11,3,3,8,141,63,4,1,0,0,0,51,122,32,7,0,0,0,0,84,27,16,5,52,29,0,0,4,3,34,95,84,8,0,0,0,47,34,25,6,17,18,18,61,65,0,0,0,0,4,28,141,65,4,3,29,18,0,0,54
3,8,5,32,142,28,10,12,108,29,1,1,18,23,30,78,74,110,1,0,1,2,1,3,6,12,0,0,1,20,6,0,9,4,2,12,148,55,4,4,148,41,3,6,59,28,9,44,148,13,0,0,1,24,6,12,0,0,0,0,7,98,12,0,4,11,18,43,148,25,0,0,148,67,26,26,27,1,0,57,80,1,0,0,5,44,23,79,0,0,0,0,27,95,3,0,1,8,12,19,102,22,0,0,30,5,11,33,39,1,2,53,34,2,0,0,0,15,30,91,5,3,0,0,3,26,11,2
0,0,0,1,100,14,0,0,17,0,0,0,75,17,1,3,136,20,0,0,2,1,0,9,56,18,1,11,11,0,0,0,0,0,0,0,74,68,44,19,35,1,0,0,46,62,6,8,136,26,0,0,1,1,1,11,60,15,0,2,11,0,0,2,0,0,1,23,22,43,136,53,65,2,0,0,4,39,115,99,136,35,0,0,0,0,1,39,38,11,0,0,4,3,0,2,0,0,4,130,126,17,46,12,55,2,13,37,17,4,55,136,136,2,1,0,0,0,1,136,14,0,0,0,5,7,10,50
1,14,22,64,14,0,0,0,19,1,3,58,29,7,13,23,138,11,0,0,1,6,16,26,79,10,0,0,0,1,2,4,7,33,11,39,40,0,0,0,18,1,1,50,173,42,14,16,173,9,0,0,19,16,15,54,84,2,0,0,1,4,4,8,2,19,3,8,60,9,0,0,21,16,12,71,173,13,0,1,173,47,12,19,22,2,0,19,76,0,0,0,2,48,3,16,0,1,0,0,37,66,0,0,10,12,20,46,62,44,2,1,71,15,16,35,12,12,7,42,27,0,0,1,62,173,38,33
46,175,50,29,27,0,0,1,12,15,9,42,77,16,14,31,58,42,2,1,11,14,20,47,36,74,1,0,1,0,0,0,1,42,4,12,75,0,0,0,21,2,0,15,175,54,11,17,175,17,0,1,21,18,12,63,63,12,0,0,1,17,3,6,1,4,4,7,87,5,0,0,19,18,15,49,175,15,0,0,175,46,14,15,17,1,1,44,42,0,0,0,6,34,10,33,0,1,1,3,84,14,0,0,1,6,16,26,127,14,0,0,33,7,12,20,18,1,3,61,14,0,0,0,1,16,22,59
0,0,6,5,147,87,0,0,42,22,0,1,83,37,0,0,12,6,0,2,125,42,0,0,4,3,2,7,25,11,15,15,5,0,0,3,147,63,1,3,109,6,0,5,81,28,2,17,14,12,19,43,131,16,0,0,5,13,59,73,9,2,2,2,17,4,1,10,147,20,0,1,147,19,0,2,82,32,1,7,22,7,4,12,63,71,14,22,24,11,29,47,2,2,9,63,15,5,0,23,147,0,0,0,84,16,0,7,92,41,0,1,3,1,0,0,59,65,17,23,8,2,0,0,0,2,15,88
0,2,16,85,8,2,0,0,65,64,16,20,3,1,0,0,97,35,0,1,90,14,0,9,147,0,0,0,13,4,0,31,2,2,11,68,23,10,27,42,65,70,14,22,22,7,4,12,86,29,1,9,147,15,0,3,147,16,0,1,15,3,1,15,7,2,1,2,5,14,63,72,128,14,0,0,14,13,20,46,81,25,2,19,106,5,0,6,147,55,1,4,5,0,0,3,23,9,16,16,4,3,2,8,130,37,0,0,11,5,0,2,81,32,0,0,45,21,0,1,147,81,0,0,0,0,7,5
0,5,39,9,2,80,62,2,50,14,39,12,0,5,70,89,111,11,2,7,13,3,59,122,109,0,0,2,6,1,8,122,0,28,55,21,7,2,0,0,54,18,48,30,10,7,1,8,122,19,4,32,48,0,0,35,122,0,0,28,52,1,1,122,32,28,56,25,1,0,2,12,17,19,104,86,6,2,4,4,122,37,15,32,33,0,1,23,106,3,2,72,71,0,0,73,26,10,8,2,5,9,44,35,2,1,16,29,13,25,116,28,46,1,1,11,14,26,28,78,49,1,1,39,36,0,0,35
23,3,10,10,18,78,30,45,165,18,0,0,0,1,9,112,52,29,4,10,72,7,0,2,0,3,9,49,70,4,0,0,34,18,32,41,54,68,16,29,165,36,5,16,5,3,6,87,110,24,2,9,126,25,2,6,10,20,17,31,29,9,8,7,21,51,46,98,62,2,0,0,165,68,15,26,17,9,15,44,65,2,0,0,34,92,50,30,3,0,0,0,6,37,47,9,1,24,89,50,21,4,21,0,47,78,65,7,4,16,48,11,6,2,1,2,1,15,79,13,0,0,0,0,0,24,41,1
33,13,0,0,1,11,100,84,17,4,3,23,43,118,81,48,3,34,29,90,61,42,0,0,21,119,38,9,1,0,0,0,33,10,7,48,47,20,45,40,119,25,7,21,7,2,19,64,40,72,23,94,38,2,5,9,53,119,45,31,4,3,24,26,15,13,14,119,66,0,0,3,87,31,8,12,3,1,35,81,25,51,15,10,7,8,59,52,19,35,22,5,5,5,54,51,0,1,9,119,75,0,0,0,19,92,31,42,4,0,4,10,29,119,53,1,3,0,2,6,1,36,45,9,46,72,1,0
8,0,0,0,0,0,0,4,35,8,1,0,0,0,0,10,8,15,31,1,0,0,0,1,48,10,12,0,0,0,0,26,61,15,57,89,0,0,0,14,131,42,13,5,0,0,0,37,49,76,89,2,0,0,0,1,10,32,114,6,0,0,0,0,9,47,131,130,0,0,0,0,131,31,86,100,0,0,0,27,131,69,18,2,1,1,0,19,3,26,49,12,16,54,4,0,5,82,80,41,0,3,32,21,39,14,101,131,0,0,2,14,131,35,30,53,3,1,0,13,19,43,113,41,17,27,2,0
44,9,4,1,0,2,49,145,22,10,1,0,1,3,53,101,8,1,0,0,8,26,27,21,17,7,0,0,0,2,0,1,145,5,0,0,0,0,10,145,55,2,0,7,17,16,91,113,103,6,0,0,1,4,47,120,45,6,0,0,0,0,0,4,145,98,4,1,0,0,0,11,91,45,14,64,28,3,2,7,145,54,6,11,3,0,5,25,38,4,0,0,0,6,33,9,111,145,42,1,0,0,0,0,12,45,54,46,3,2,0,0,40,29,19,9,1,6,13,10,3,0,0,0,0,18,52,6
37,3,0,1,3,2,4,5,129,33,0,1,1,3,7,8,51,28,2,2,4,12,66,62,35,14,9,7,4,2,7,34,78,25,0,0,0,3,3,5,129,94,20,34,6,4,3,5,92,39,62,129,20,15,31,36,129,41,15,16,4,0,2,22,55,17,3,2,1,2,8,30,129,25,8,10,0,0,3,129,101,40,117,101,0,0,0,40,52,74,60,15,4,0,0,0,5,1,0,0,9,19,16,20,129,42,0,0,0,0,6,106,129,29,12,1,0,0,0,28,6,6,21,5,0,0,0,0
0,0,0,0,0,0,0,0,7,45,33,0,0,0,28,31,28,125,48,0,0,0,49,97,14,125,72,0,0,0,35,59,0,0,0,0,0,0,0,0,34,59,38,0,0,0,0,0,125,125,40,0,0,0,0,5,119,125,46,0,5,36,12,14,0,0,0,0,0,0,0,0,48,1,0,0,0,0,10,35,125,1,0,0,0,0,1,96,108,0,0,26,125,100,10,74,0,0,0,0,0,0,2,0,3,0,0,0,0,0,67,92,20,0,0,0,0,0,49,125,12,0,1,39,46,4,58,125
126,1,0,0,47,5,3,9,49,6,0,20,163,7,1,2,163,13,0,5,31,0,1,20,29,0,0,3,2,0,8,11,133,5,2,3,40,8,5,21,48,5,5,24,163,18,2,8,163,20,5,6,43,3,2,47,30,6,4,0,0,0,8,14,66,22,4,2,20,10,46,20,11,19,57,101,145,17,39,1,132,89,59,22,11,1,40,19,16,2,0,0,0,0,21,13,1,6,29,0,0,2,83,3,0,3,46,6,2,9,81,0,1,4,41,6,0,5,70,3,0,0,5,1,0,0,19,2
0,0,15,3,0,0,2,0,0,1,71,7,1,4,32,8,1,3,76,2,0,1,49,8,0,0,68,7,0,2,40,0,0,0,15,14,17,2,1,0,11,0,34,18,137,91,57,21,136,19,45,1,10,20,57,96,18,10,58,19,50,21,5,2,0,0,8,15,38,7,4,0,49,8,2,20,159,28,5,5,159,49,2,4,40,6,5,18,31,9,5,11,146,11,3,2,3,0,6,9,49,3,0,3,57,2,0,8,159,39,0,3,159,28,1,1,26,6,0,4,24,7,3,6,145,11,0,0
0,0,0,0,0,0,0,0,0,0,0,0,0,0,0,0,0,0,6,4,0,0,0,0,0,0,15,28,0,0,0,0,8,1,2,53,110,0,0,0,146,22,7,21,36,0,0,12,83,27,82,33,0,0,0,2,0,0,99,115,0,0,0,0,10,2,8,146,146,0,0,3,146,91,43,108,97,0,0,33,146,34,29,12,0,4,5,12,0,0,36,42,14,32,5,0,9,4,29,96,29,1,0,1,43,102,134,81,11,11,0,0,37,34,6,1,2,38,23,2,0,0,0,5,14,68,20,0
7,150,158,91,9,0,0,5,158,158,105,11,1,1,0,19,96,84,0,0,42,36,0,7,41,23,1,2,31,8,0,0,7,81,158,48,14,22,1,1,156,150,34,1,11,8,0,15,59,13,0,0,81,34,1,10,67,11,0,1,24,4,0,11,13,12,5,2,4,32,3,0,111,19,0,0,7,7,1,37,21,0,0,0,55,15,2,17,14,0,0,0,3,1,0,9,1,2,0,0,0,0,0,0,6,1,0,0,0,0,0,11,0,0,0,0,0,0,0,2,0,0,0,0,0,0,0,0
0,0,9,95,25,18,4,1,10,19,77,129,42,11,57,51,129,86,60,18,0,0,23,129,129,2,0,0,0,0,4,129,4,0,0,9,15,104,75,34,75,33,85,62,17,40,28,39,106,115,118,8,0,0,0,14,94,11,0,0,0,0,18,128,12,0,0,0,0,34,26,29,129,16,2,0,0,12,11,44,58,14,12,0,0,11,12,8,6,1,0,0,0,14,65,40,0,0,0,0,0,0,0,0,11,2,0,0,0,0,0,0,4,0,0,0,0,10,6,0,0,0,0,0,3,40,24,0
0,0,0,0,1,11,63,29,0,0,0,9,26,16,41,29,0,16,13,45,71,18,3,0,30,128,40,18,3,0,0,1,0,0,0,0,0,6,98,45,9,0,0,0,3,8,119,63,80,76,3,1,12,12,25,15,125,128,5,0,0,0,0,7,1,0,0,0,0,0,40,29,67,4,0,0,0,0,32,80,128,23,1,0,0,0,8,76,128,55,4,0,0,0,10,128,1,0,0,0,0,0,1,5,27,49,16,0,0,0,0,55,31,128,122,6,0,0,4,56,77,128,92,8,0,0,5,46
0,2,53,60,14,8,0,0,29,27,55,29,1,1,6,19,146,49,5,0,0,0,0,41,146,11,3,0,0,0,0,81,0,6,85,72,10,0,0,0,16,25,67,91,18,0,0,0,146,41,8,3,0,0,0,32,146,19,0,0,0,0,5,92,0,0,3,18,14,36,34,0,9,1,0,36,39,51,19,6,124,5,0,3,3,6,8,96,94,0,0,0,0,2,93,146,0,0,0,0,0,61,58,0,0,0,0,0,1,78,55,9,21,0,0,0,0,7,26,116,23,12,0,0,0,7,75,57
148,148,8,0,2,15,2,1,148,148,3,13,0,0,0,7,24,32,132,92,0,0,0,1,0,97,109,8,0,0,0,0,136,148,2,0,0,3,3,12,136,51,0,0,0,0,2,22,55,21,2,0,0,0,0,7,2,6,4,0,1,2,0,0,21,108,24,0,0,0,4,15,89,30,2,0,0,0,0,29,36,2,0,0,0,0,1,53,2,0,0,0,1,18,8,10,39,5,1,0,0,0,18,148,54,17,0,0,0,0,3,39,27,6,0,0,0,2,5,16,2,0,1,0,1,21,12,4
2,0,0,37,89,19,42,25,19,65,25,14,15,4,12,19,0,71,31,9,11,0,0,0,0,0,0,1,5,0,0,0,29,4,9,112,125,16,15,31,125,96,21,18,9,1,7,52,27,53,33,71,99,1,0,3,0,0,15,25,32,0,0,0,8,23,97,125,93,16,0,0,125,48,118,86,3,1,2,48,45,18,23,60,62,8,5,37,0,1,38,63,9,0,0,0,22,87,38,13,5,2,0,0,12,41,125,113,0,0,0,3,10,38,81,66,4,0,0,3,0,0,18,87,6,0,0,0
0,0,0,0,0,0,0,0,2,6,2,0,0,0,0,0,0,3,54,45,0,0,0,0,0,0,98,130,0,0,2,32,52,0,0,0,0,0,0,16,130,51,19,1,0,0,0,20,10,24,84,45,2,0,0,1,0,1,53,91,5,3,0,0,130,74,0,0,0,0,0,12,130,58,1,0,0,0,2,40,43,71,26,16,5,16,7,19,2,23,43,33,65,130,8,1,113,122,1,0,0,0,0,0,101,130,0,0,0,1,5,7,27,56,0,0,30,119,16,6,3,6,5,7,116,130,9,7
24,6,8,14,32,66,27,40,161,18,0,0,0,1,8,103,62,23,5,14,61,1,0,2,0,0,4,64,93,0,0,0,41,9,31,33,77,64,14,26,161,39,8,3,1,2,6,75,120,17,3,11,84,20,4,6,1,4,20,54,32,8,7,3,19,24,66,128,37,0,0,0,161,82,24,13,0,3,11,41,66,1,0,0,16,73,58,35,0,0,0,1,6,43,52,3,1,17,69,55,16,7,24,0,40,65,42,3,0,15,60,11,7,1,0,0,0,12,116,15,0,0,0,0,0,33,71,1
0,0,11,22,45,11,59,50,0,0,0,0,8,4,71,125,1,0,0,0,0,0,26,60,0,0,0,0,0,0,1,6,0,0,2,71,125,15,9,9,13,4,6,96,56,7,103,125,125,15,4,3,0,0,58,125,22,0,0,0,0,4,11,19,0,2,10,70,41,8,3,0,15,36,114,125,16,0,4,7,125,125,56,13,0,9,14,20,22,4,0,0,0,30,60,3,0,15,39,16,2,0,0,0,0,13,74,28,15,18,0,0,5,23,18,3,11,125,43,1,0,0,0,0,0,86,125,6
0,0,0,0,10,29,21,9,15,0,0,1,46,135,26,10,135,4,0,0,7,45,16,59,41,1,2,5,0,0,0,5,0,0,6,35,60,22,2,2,36,11,7,30,135,93,3,19,135,52,6,4,17,14,2,86,68,6,0,0,0,0,0,14,0,0,7,71,43,12,15,0,7,57,128,131,80,3,5,6,88,135,80,9,4,0,1,10,33,21,0,0,0,0,0,6,0,0,0,2,3,39,135,35,3,10,25,6,0,1,115,120,5,18,11,0,0,0,21,76,1,0,0,0,0,0,12,21
4,5,7,11,16,17,23,8,1,0,0,8,23,26,47,6,97,5,0,0,5,18,30,25,139,58,2,0,0,0,12,36,27,16,4,1,2,15,54,24,13,4,3,16,47,54,6,9,139,24,1,2,10,15,4,19,139,65,59,23,2,2,16,39,18,104,58,10,3,9,17,6,5,12,27,89,54,30,9,0,121,14,6,17,15,13,12,85,139,38,40,6,0,0,3,139,5,13,6,21,27,39,59,6,0,0,0,7,22,65,74,5,55,37,0,1,20,57,18,22,139,139,0,0,0,0,3,49
18,69,30,2,0,0,2,1,9,29,105,70,0,0,2,3,72,51,30,29,0,0,0,0,10,16,30,11,9,10,0,0,54,39,7,10,40,98,102,35,117,43,38,50,6,28,104,117,57,55,48,83,4,2,0,9,29,61,105,13,3,2,0,3,70,58,90,89,71,46,17,24,117,117,71,24,10,22,27,60,74,16,5,17,11,48,24,24,95,20,10,0,0,1,1,56,109,16,26,6,0,0,0,76,23,24,21,18,2,5,3,21,39,9,6,4,3,12,5,11,68,9,2,2,0,0,6,27
14,14,45,61,5,0,0,7,127,100,9,2,0,0,0,7,98,72,0,0,1,7,3,1,3,7,1,0,4,7,1,0,18,12,15,44,36,3,0,0,127,83,5,3,1,2,6,18,72,19,0,0,1,27,43,24,24,10,7,0,0,2,6,16,8,5,78,90,5,0,0,0,87,18,70,29,12,17,26,40,49,0,1,9,36,89,127,101,127,5,2,0,5,2,19,97,7,2,19,16,10,39,32,37,9,6,49,44,54,34,51,29,127,36,5,39,127,82,40,33,127,43,0,1,8,3,5,33
16,16,0,0,0,0,0,0,85,41,0,0,0,0,0,5,119,74,0,0,0,1,0,4,25,65,15,0,0,11,32,9,2,7,1,1,0,0,0,0,56,15,4,7,1,2,8,46,148,24,1,6,15,13,2,49,40,31,33,48,74,117,92,37,0,0,1,2,0,0,25,21,50,22,10,11,1,1,58,137,148,58,8,11,6,0,0,35,40,66,111,75,27,5,0,2,0,0,0,0,0,0,16,37,67,0,0,0,0,0,40,148,148,4,0,0,0,0,0,148,75,10,12,16,2,0,0,18
19,59,0,0,0,18,57,14,19,4,0,0,0,27,120,45,32,2,0,29,11,0,13,38,3,0,0,50,132,9,2,7,5,0,0,0,0,27,64,6,132,55,0,0,0,30,73,54,113,29,0,4,5,2,13,42,0,0,0,65,83,10,9,0,2,0,0,0,0,0,0,0,62,9,0,0,0,0,9,88,19,3,0,0,1,27,65,132,0,0,0,9,17,132,132,18,0,0,0,0,0,0,0,0,0,0,0,0,0,0,0,7,0,0,0,0,20,51,42,66,0,0,0,126,132,132,132,28
0,0,0,0,0,0,2,4,13,9,1,0,0,0,91,108,43,16,2,0,0,0,51,120,13,3,1,10,50,4,0,12,0,0,0,0,0,0,0,0,61,132,18,0,0,0,25,30,86,132,26,0,1,0,10,40,18,18,0,1,55,16,1,3,0,0,0,0,0,0,0,0,132,27,1,0,0,0,0,61,88,33,3,0,1,2,23,74,0,1,0,1,101,61,13,7,0,0,0,0,0,0,0,0,53,0,0,0,5,35,50,55,31,0,0,0,16,119,132,132,5,0,0,6,115,59,132,132
14,0,0,0,3,6,24,74,1,0,0,1,13,23,115,95,5,4,0,0,7,85,74,43,28,68,3,1,5,24,2,1,71,2,0,2,17,16,12,48,20,1,0,6,131,106,65,58,131,57,0,0,8,18,66,114,71,131,0,0,7,7,1,1,23,0,0,0,4,46,47,18,32,15,15,24,94,86,27,11,131,62,12,9,10,3,3,40,93,31,0,0,15,42,16,23,5,0,0,0,0,11,23,10,47,12,11,3,1,5,24,45,131,22,10,1,0,0,19,85,30,0,0,2,4,53,82,45
79,56,3,3,2,3,2,7,6,3,2,27,37,33,7,2,4,6,25,43,26,8,11,18,2,4,29,22,14,6,59,53,65,6,0,0,1,17,38,96,17,1,0,2,36,121,36,16,121,30,25,11,15,21,13,28,7,9,27,38,100,40,0,1,20,39,121,3,0,4,24,65,19,39,121,10,18,28,15,11,116,94,55,8,11,10,2,14,6,12,75,65,46,24,1,2,1,17,121,42,26,69,7,1,15,50,121,20,9,21,10,5,1,87,121,4,2,5,0,0,0,121,121,9,2,9,1,0
0,0,0,0,0,0,0,0,9,5,0,0,0,0,9,41,13,12,1,1,5,29,77,68,34,24,3,1,4,75,100,27,16,2,0,0,0,0,0,15,83,64,3,0,0,0,1,40,16,82,45,36,19,16,11,11,19,119,102,9,9,17,10,3,32,81,40,0,0,0,0,17,119,111,52,0,0,0,0,54,115,119,36,8,0,0,1,26,47,119,32,0,0,0,19,40,75,61,15,0,6,22,14,30,51,74,44,2,14,55,115,113,68,35,15,1,8,15,24,109,16,2,0,0,1,6,50,119
2,3,53,19,8,16,22,21,71,31,27,3,0,0,48,97,128,10,0,0,1,14,83,128,87,9,0,0,2,22,52,97,20,0,1,3,70,93,38,43,128,26,3,1,2,2,12,71,41,14,2,5,36,33,69,78,20,0,0,0,3,10,104,128,43,56,16,18,93,40,6,14,128,83,2,2,4,10,5,25,21,2,1,22,73,67,11,8,1,0,1,24,28,14,43,111,52,34,8,8,20,21,12,33,94,56,3,5,5,9,7,20,4,3,2,23,38,53,13,4,13,10,29,32,16,7,9,10
6,0,0,1,16,17,9,8,124,12,2,0,2,3,4,67,93,76,14,4,0,0,3,48,25,25,28,25,0,0,0,1,9,19,11,25,16,12,5,4,98,7,3,11,12,11,8,120,137,59,6,0,0,0,1,137,27,19,30,13,0,0,0,2,2,9,4,27,23,50,15,0,127,60,4,6,14,44,12,13,137,137,0,0,0,0,0,17,29,10,0,0,1,0,0,0,0,9,110,69,9,3,1,0,55,137,113,16,3,5,1,1,119,137,3,0,0,1,4,3,5,2,0,0,1,1,2,3
5,1,3,22,28,137,64,12,103,5,3,4,9,29,21,123,79,57,133,42,17,1,0,26,30,123,137,7,0,0,0,0,74,21,0,0,0,76,78,46,137,47,0,0,0,4,4,56,137,22,7,0,0,0,0,75,53,12,24,1,0,8,6,11,137,5,0,0,3,11,6,57,137,40,0,0,0,0,0,14,137,38,0,0,0,0,1,12,45,1,0,0,5,51,12,10,11,0,0,0,0,0,0,2,19,2,0,0,0,0,0,1,34,2,0,0,0,0,0,2,4,0,0,0,2,13,2,2
0,0,0,2,1,129,129,0,7,3,0,4,12,129,129,11,115,10,0,1,4,38,26,79,99,30,56,18,7,0,0,27,4,0,0,0,5,129,129,10,129,24,0,0,1,48,66,65,129,68,0,0,0,1,2,20,129,24,1,0,0,0,0,32,6,0,0,0,6,33,17,4,129,2,0,0,2,7,2,26,129,37,0,0,0,0,0,5,129,44,0,0,0,0,0,3,0,0,0,0,0,0,0,0,0,0,0,0,0,0,0,0,3,0,0,0,0,0,0,0,11,1,0,0,0,0,0,0
0,0,0,0,0,0,0,16,34,0,0,0,0,0,2,81,58,2,14,68,9,0,0,29,42,37,65,62,7,2,0,5,21,9,8,20,60,9,8,66,131,37,5,4,5,1,3,131,131,10,3,2,0,0,0,20,12,3,16,8,48,47,0,4,32,77,43,17,17,3,5,15,131,116,23,4,1,0,0,34,131,4,0,0,0,7,5,58,10,0,0,0,109,131,6,7,8,20,1,0,0,0,15,13,58,7,0,0,0,0,27,131,31,0,0,0,1,16,104,124,3,1,0,0,64,120,53,9
6,24,14,55,17,3,1,0,131,131,7,3,0,0,0,0,86,131,26,0,0,0,0,0,4,37,30,53,15,0,0,0,51,39,6,10,9,6,15,14,131,131,3,0,0,0,0,23,71,124,22,4,0,0,0,8,0,14,15,34,18,0,0,0,94,21,0,0,0,0,8,68,131,63,2,0,0,0,0,131,130,18,2,2,0,0,0,61,4,3,6,19,0,0,0,3,35,128,15,0,0,0,0,9,77,131,48,0,0,0,0,7,89,39,1,0,2,0,0,11,2,0,0,1,2,1,1,8
4,0,0,0,59,12,1,7,0,2,7,39,125,10,0,0,11,12,44,53,12,0,6,30,20,0,5,25,19,15,16,125,1,0,0,0,48,33,24,20,15,5,3,11,125,33,2,1,76,43,49,72,13,1,0,2,9,6,23,125,69,14,5,34,0,0,0,0,11,72,125,13,34,0,0,0,39,106,105,36,125,15,1,11,15,4,8,45,13,4,2,87,125,1,0,1,0,0,0,8,43,35,42,25,35,1,1,18,78,45,66,82,125,1,0,1,4,5,17,125,7,0,0,11,60,67,17,24
4,6,3,1,20,134,28,0,10,22,53,24,9,25,9,4,103,57,32,13,0,0,4,41,134,6,0,0,0,0,0,109,4,7,30,23,9,21,3,1,15,11,13,20,12,7,50,33,111,28,10,4,0,0,21,51,134,18,0,0,0,0,4,36,1,0,10,18,8,7,38,43,24,6,2,37,40,34,26,9,134,55,5,8,5,3,6,24,125,8,1,9,7,11,128,98,2,2,10,20,12,19,46,26,75,27,0,2,6,41,57,11,134,115,22,38,4,2,3,5,2,9,68,134,17,12,40,5
46,13,3,2,20,39,4,3,31,21,5,6,46,96,13,11,102,38,0,0,0,12,11,46,64,5,0,0,0,6,15,122,15,3,1,14,23,89,61,12,81,74,8,4,24,41,18,23,41,47,1,2,26,40,15,10,35,0,4,7,15,14,17,122,7,2,106,122,20,19,12,4,81,15,106,51,0,8,18,55,35,26,28,9,7,40,38,20,20,17,17,27,41,20,7,21,0,0,89,122,63,31,1,0,14,15,122,103,33,64,14,5,14,42,122,34,2,2,1,1,5,30,122,45,21,9,0,0
0,0,0,0,0,0,127,127,1,0,0,0,26,36,34,72,1,1,0,0,30,97,66,8,18,21,0,0,1,13,84,31,55,11,4,10,2,1,81,127,127,9,4,14,22,17,19,127,14,49,92,79,62,58,17,5,24,127,39,3,1,5,15,10,64,68,24,16,1,0,0,5,127,91,4,3,0,0,0,16,62,42,78,21,0,0,0,2,1,57,33,1,1,0,0,0,58,87,4,0,0,0,0,1,127,100,0,0,0,0,0,2,52,4,0,0,0,0,0,17,3,1,0,0,1,2,2,7
9,26,21,27,12,40,45,1,7,20,24,104,23,31,53,4,59,105,16,11,2,1,39,32,3,14,11,34,58,26,21,5,38,36,11,16,23,3,2,14,26,13,11,62,121,28,3,12,121,47,7,13,16,7,3,31,13,6,3,84,80,2,0,0,36,23,74,48,13,0,0,11,22,18,20,100,121,5,0,2,121,35,13,18,10,6,26,27,9,0,0,21,18,27,44,7,2,9,121,121,16,0,0,0,1,6,121,121,44,1,1,0,5,4,121,77,6,9,40,6,0,0,108,32,1,15,64,1
36,16,0,0,3,10,7,19,75,3,0,0,1,3,7,132,104,47,5,0,0,0,0,78,3,12,4,1,0,0,0,0,17,13,28,9,3,7,13,10,64,18,14,14,22,7,7,99,132,29,2,0,1,0,2,132,26,1,1,5,2,3,4,8,25,47,132,19,3,4,1,1,24,111,132,27,12,1,0,1,132,132,47,10,15,10,42,37,23,0,0,0,2,12,43,51,67,116,59,0,0,1,0,1,2,64,119,18,4,0,0,0,9,18,65,109,33,11,16,15,37,18,40,12,1,2,8,36
24,0,1,1,2,1,18,135,135,6,0,0,0,0,4,135,28,4,2,5,1,0,0,19,0,0,2,4,2,3,0,0,32,25,24,17,26,2,5,32,135,68,7,1,1,0,4,125,85,2,0,0,0,1,44,41,0,0,0,1,9,30,17,5,5,126,135,11,2,0,0,0,94,135,70,25,22,13,25,8,40,7,5,11,12,15,116,87,17,1,1,1,7,10,16,47,3,82,83,0,0,0,0,0,0,31,61,95,20,4,2,0,22,22,118,70,12,5,9,23,24,30,36,1,0,0,1,22
3,16,95,15,11,8,2,8,12,64,60,7,2,1,3,10,29,142,34,1,0,0,0,2,33,142,30,7,0,1,1,2,0,19,142,61,23,1,0,0,37,21,64,63,131,14,3,22,142,99,4,0,9,3,1,59,66,54,4,0,0,0,0,3,0,2,10,26,101,7,0,0,62,8,0,10,142,46,0,14,142,64,0,0,13,4,0,55,55,28,3,0,0,0,0,5,0,0,0,3,24,2,0,0,19,0,0,0,71,18,0,14,142,1,0,0,2,2,0,71,42,2,0,0,0,0,0,9
1,2,1,4,96,99,4,1,34,3,1,2,6,5,11,108,27,8,20,4,2,36,117,132,0,1,55,13,1,33,141,40,0,0,5,7,56,71,15,0,48,3,7,9,11,40,19,35,141,84,57,4,1,6,7,43,18,47,141,35,0,3,8,1,5,8,36,6,28,32,8,3,45,17,47,29,6,25,17,11,141,54,6,2,0,1,2,80,77,32,40,2,0,0,0,30,5,1,1,0,5,20,7,5,16,1,1,1,1,45,41,24,141,34,0,0,0,1,8,107,97,15,0,0,0,0,0,43
0,0,0,0,0,0,0,0,3,1,5,1,0,0,0,4,3,1,9,6,1,0,25,134,3,0,7,6,0,0,27,134,13,6,3,1,0,0,0,1,102,15,7,2,3,5,1,13,27,4,10,11,31,42,9,49,63,1,0,0,1,3,11,134,9,22,124,134,6,0,0,0,58,38,97,67,10,26,11,6,43,9,9,19,20,67,18,16,46,9,0,0,0,8,16,48,0,0,134,134,5,0,0,0,0,0,134,134,16,3,0,0,12,9,130,134,21,6,2,7,8,24,84,11,1,1,4,7
61,2,0,2,1,39,144,80,3,0,0,0,1,135,144,25,0,0,0,1,14,144,144,20,0,0,0,0,1,7,59,13,3,5,12,29,15,80,84,6,61,28,8,25,10,28,106,24,8,6,5,97,62,46,22,2,0,0,0,13,6,5,4,0,6,14,46,51,15,1,0,0,68,12,23,51,13,1,3,18,16,2,11,55,15,15,12,10,0,0,1,7,0,1,0,0,0,3,144,95,4,0,0,0,3,3,144,65,0,1,3,2,1,1,144,12,0,7,8,1,0,0,5,0,0,0,0,0
0,0,0,0,0,0,0,0,38,15,0,0,0,0,0,2,24,78,7,0,0,0,0,0,0,10,13,4,0,0,0,0,12,5,4,1,0,0,0,0,144,55,4,0,0,0,0,13,102,96,28,0,0,0,0,14,2,19,43,35,1,0,0,0,7,12,66,73,1,0,0,0,144,54,58,35,5,16,23,63,122,12,2,0,0,7,36,144,33,9,10,32,8,0,0,25,1,6,38,73,51,22,7,0,16,10,23,42,144,144,67,31,144,41,2,2,11,65,82,144,71,9,1,3,3,1,7,30
0,0,0,0,0,3,106,49,11,1,0,0,1,5,110,120,31,31,1,0,2,5,17,16,5,20,9,3,0,0,0,0,26,35,14,0,0,13,133,49,133,91,3,0,0,0,81,133,122,118,1,0,0,0,7,21,6,16,6,9,0,0,0,0,14,133,133,34,8,0,3,2,133,58,45,44,22,1,0,119,133,21,0,0,0,0,0,84,3,4,1,2,6,1,0,0,0,54,54,27,11,0,0,0,23,0,6,30,28,1,0,35,30,0,0,0,0,0,0,29,0,0,0,0,0,0,0,0
0,0,0,0,0,0,0,0,0,1,0,0,0,0,0,0,0,2,0,0,0,0,0,0,0,0,0,0,0,0,0,0,1,0,0,1,3,2,0,0,73,32,3,1,2,2,1,10,21,27,20,2,0,0,0,1,0,0,2,0,0,0,0,0,8,0,0,2,9,89,164,39,164,19,1,2,6,29,79,116,86,21,24,4,0,0,0,8,0,1,10,6,3,0,0,0,113,6,0,0,0,124,164,164,164,12,0,0,0,2,52,164,63,9,1,1,0,0,9,124,1,0,1,6,6,0,0,2
