87,20,3,6,7,2,25,107,121,2,0,0,2,40,57,121,59,21,1,0,6,95,121,51,121,13,0,0,0,2,34,121,33,59,74,19,10,2,5,29,53,26,62,59,2,13,61,99,121,76,9,5,6,21,27,43,121,35,0,0,0,0,2,86,0,4,19,6,0,0,0,0,5,10,68,118,0,0,0,2,121,68,34,29,0,0,0,14,101,23,4,0,0,0,1,47,0,0,0,0,0,0,0,0,0,0,1,2,0,0,0,0,31,28,2,2,0,0,0,0,30,67,26,0,0,0,0,0
0,0,0,0,83,107,15,0,0,0,0,0,39,106,38,4,0,0,0,0,0,47,109,15,0,0,0,0,0,1,10,1,0,0,4,21,32,126,126,4,9,1,2,3,14,126,126,15,77,7,0,0,1,45,72,36,2,0,0,0,0,0,1,0,0,1,55,126,69,54,21,3,34,5,30,67,109,78,25,18,126,14,0,2,11,11,9,51,1,0,0,0,0,0,0,0,0,0,3,22,33,126,55,0,6,4,3,14,109,126,27,24,24,10,2,1,6,18,25,90,0,0,0,0,0,0,0,0
10,10,1,0,0,12,40,14,125,18,0,0,0,0,15,109,153,23,14,7,0,0,0,153,77,68,29,13,19,15,1,20,20,8,1,6,13,14,24,42,116,26,1,0,0,0,13,96,153,28,0,0,0,0,0,153,153,12,4,7,59,31,15,129,16,19,4,21,21,4,4,9,54,66,6,0,0,0,2,18,153,76,0,0,0,0,0,27,77,7,0,0,14,23,34,58,0,0,0,0,0,0,0,0,0,0,0,0,0,0,0,0,0,0,0,0,0,0,0,0,0,0,0,0,0,0,0,0
0,0,0,0,10,14,0,0,3,0,0,0,18,5,0,0,19,0,0,0,1,0,0,0,1,0,0,0,0,0,0,0,0,0,0,49,89,26,0,0,64,0,0,31,177,14,0,2,177,5,0,2,20,2,0,6,38,4,0,0,6,1,0,0,0,0,0,60,122,2,0,0,70,3,0,49,177,1,0,0,177,10,2,8,25,0,0,7,47,15,5,4,1,0,0,0,0,0,0,9,122,41,0,0,43,1,0,11,177,31,0,1,177,13,2,3,19,0,0,13,49,17,8,0,0,0,0,1
6,0,0,17,136,6,0,3,71,20,0,2,25,0,0,43,111,20,0,0,0,0,0,56,101,6,0,0,0,0,0,25,9,0,0,8,136,10,1,2,136,29,0,1,47,1,0,8,135,57,0,0,0,0,0,6,135,19,0,0,0,0,0,18,9,0,0,2,136,7,1,3,136,1,0,0,57,2,0,27,119,4,0,0,0,0,0,44,104,0,0,0,0,0,0,57,7,0,0,2,136,3,0,1,129,6,0,1,45,0,0,20,68,13,0,0,0,0,0,41,91,13,0,0,0,0,0,24
72,68,2,0,0,0,0,2,134,46,1,0,0,0,0,8,139,27,0,0,0,0,44,139,19,0,0,0,0,0,139,139,103,29,2,0,0,0,0,20,139,50,1,0,0,1,6,13,86,13,0,0,0,11,92,67,16,0,0,0,0,0,44,139,91,10,0,0,0,0,4,45,73,3,0,0,1,28,34,53,35,1,0,0,2,49,101,51,45,0,0,0,0,0,25,134,18,9,5,4,3,1,13,40,17,5,5,2,3,18,30,53,60,13,1,0,4,15,12,22,37,1,0,0,0,0,6,43
6,35,22,12,10,4,2,0,4,38,79,12,0,0,0,0,0,9,116,26,1,0,0,0,0,0,57,95,6,0,0,0,29,33,19,4,5,3,2,18,45,38,69,6,0,0,1,25,5,9,103,71,2,0,0,0,0,0,72,71,5,0,0,0,8,17,74,22,0,0,1,8,105,58,44,2,0,0,0,24,62,60,92,37,0,0,0,3,5,123,153,68,0,0,0,0,4,51,33,1,0,0,0,0,16,136,60,0,0,0,0,0,29,140,35,1,0,0,0,0,161,161,44,5,0,0,0,0
17,57,17,0,0,3,21,23,113,90,1,0,0,0,6,46,126,48,0,0,0,0,1,25,126,3,0,0,0,0,7,126,44,78,10,0,0,0,0,2,126,51,1,0,0,0,0,18,126,11,0,0,0,1,6,79,66,0,0,3,8,24,35,103,40,20,8,5,0,0,0,4,126,72,0,0,0,0,0,5,126,105,3,0,0,0,0,20,25,52,34,42,14,7,3,12,10,43,37,8,0,0,0,0,76,113,4,0,0,0,0,7,92,52,0,0,0,0,0,13,126,87,16,5,0,0,0,14
26,68,6,0,0,0,0,1,12,113,42,0,0,0,0,6,20,148,42,0,0,0,0,6,148,72,8,0,0,0,0,148,37,28,0,0,0,4,38,37,38,31,2,0,0,0,42,120,124,37,2,0,0,0,4,103,148,20,0,0,0,0,0,116,16,41,13,0,0,6,22,18,77,93,4,0,0,0,11,36,148,43,0,0,0,0,0,32,86,6,0,0,0,2,10,44,25,53,6,0,0,0,0,0,57,37,1,0,0,0,0,8,115,7,0,0,0,0,0,49,34,2,0,1,2,8,10,38
20,2,0,0,0,0,7,36,66,18,0,0,0,0,0,16,138,85,0,0,0,0,0,54,131,11,0,0,1,1,65,138,84,6,0,0,0,2,11,33,106,17,12,6,1,0,1,39,138,63,9,9,4,0,0,43,30,21,9,57,50,6,39,127,105,58,6,0,0,0,0,2,116,79,65,8,3,2,0,6,138,40,28,5,9,10,25,100,19,4,5,38,39,18,44,60,36,39,5,0,0,0,0,16,76,16,5,1,8,16,15,77,14,1,3,1,26,41,30,64,12,0,0,0,0,4,50,74
118,5,0,0,0,0,0,20,75,7,0,0,0,0,5,68,97,0,0,0,0,0,145,153,27,0,0,0,0,0,153,153,138,44,0,0,0,0,0,9,85,35,0,0,0,0,0,6,153,2,0,0,0,0,2,20,54,0,0,0,0,2,45,57,135,13,0,0,0,0,0,43,66,17,0,0,0,0,0,29,107,4,0,0,0,11,17,31,8,0,0,0,0,36,76,37,111,2,0,0,0,0,0,30,44,0,0,0,0,0,3,58,21,0,0,0,3,27,19,41,14,1,0,0,4,35,23,20
21,0,0,0,0,0,1,36,1,0,0,1,3,9,9,16,20,2,2,5,4,5,17,176,172,16,0,0,0,0,1,176,29,1,0,0,0,0,0,29,31,7,3,2,1,0,1,15,38,38,22,10,1,0,0,8,176,176,2,0,0,0,2,105,51,4,0,0,0,0,0,3,46,4,0,0,0,0,0,13,52,10,2,0,0,0,0,32,176,24,0,0,0,0,15,176,29,9,0,0,0,0,1,4,16,0,0,0,0,0,5,21,39,5,0,0,0,0,0,26,81,17,0,0,0,0,4,54
49,14,0,0,0,0,0,11,120,79,0,0,0,0,0,32,104,13,1,1,3,2,54,172,41,0,0,0,9,4,30,172,69,18,16,5,1,0,1,20,172,56,9,10,6,0,1,25,25,17,9,62,64,7,27,111,58,4,2,6,5,1,29,172,60,51,47,5,4,5,1,6,99,22,14,3,9,11,27,106,11,4,5,31,38,19,48,53,18,7,5,7,3,12,40,75,30,4,1,0,7,18,14,48,18,0,0,0,14,26,19,57,12,0,0,0,0,3,52,60,0,0,0,0,0,17,41,5
0,0,0,69,59,13,0,0,92,1,0,39,39,3,0,15,173,8,0,0,0,0,0,34,31,6,0,0,0,0,0,0,0,0,0,108,67,0,0,0,85,5,1,102,76,0,0,3,173,8,0,4,2,0,0,19,56,3,0,0,0,0,0,1,0,0,0,38,77,0,0,0,53,5,2,90,106,0,0,1,173,13,1,7,10,0,0,5,54,2,0,0,0,0,0,0,0,0,0,135,53,3,0,0,34,0,0,20,128,1,0,2,173,4,0,3,18,0,0,10,37,1,0,0,0,0,0,0
10,37,7,4,1,0,0,0,19,67,37,0,0,0,0,0,126,142,71,1,0,0,0,11,59,132,142,6,0,0,1,20,25,69,18,10,3,3,2,4,58,46,21,5,22,21,3,14,142,44,2,0,0,3,1,47,122,20,5,0,0,6,7,46,51,9,0,0,2,5,6,26,64,17,5,5,24,19,6,15,142,31,1,0,1,31,11,37,95,5,0,0,1,92,56,87,9,2,0,0,0,0,3,20,40,3,1,0,0,0,11,31,142,11,7,11,13,34,12,58,104,66,24,20,21,75,27,33
9,0,0,0,82,73,5,8,132,0,0,0,20,16,6,47,44,2,0,0,117,11,0,8,90,25,0,0,9,2,0,4,33,0,0,0,132,78,2,7,132,5,0,0,23,8,1,16,76,14,0,2,132,3,0,1,124,48,0,0,26,4,0,0,54,0,0,0,132,53,1,7,132,2,0,0,17,3,0,17,75,36,3,12,90,2,0,3,93,54,0,0,51,15,0,0,56,3,0,0,101,27,0,3,132,20,0,1,4,0,0,2,51,47,7,10,14,0,0,0,34,30,0,0,78,26,0,0
55,1,0,0,0,0,2,10,185,0,0,0,0,0,0,30,107,1,0,0,0,0,4,13,0,0,0,0,0,8,12,4,57,4,2,2,3,2,3,11,185,13,0,0,0,0,0,21,143,9,2,10,4,0,1,2,0,0,0,3,7,15,6,1,44,109,39,4,1,0,0,0,185,158,39,0,0,0,1,27,116,4,0,4,12,6,4,53,0,10,5,3,22,11,1,1,127,70,11,0,0,0,1,38,65,62,20,0,0,0,17,77,45,2,0,0,1,3,8,125,10,19,3,0,2,1,0,12
0,0,0,0,1,22,41,18,13,0,0,2,3,18,60,47,7,0,0,71,44,2,2,12,2,0,4,129,16,0,0,3,17,0,0,0,46,131,21,17,148,4,0,0,10,61,35,73,61,10,6,19,20,1,0,8,0,10,17,110,14,0,0,0,58,5,0,0,135,148,9,14,148,27,0,0,9,33,8,24,77,19,3,6,6,0,0,0,5,17,5,18,28,2,0,0,114,14,0,0,138,133,3,8,148,64,0,0,1,4,1,4,45,17,2,0,0,0,0,0,4,4,0,0,33,13,0,0
4,18,20,1,0,0,0,0,137,57,1,0,0,0,0,4,173,173,2,0,0,0,0,8,25,59,8,7,0,0,0,6,5,9,49,8,0,0,0,0,173,21,33,7,0,0,0,16,173,18,4,0,0,0,0,45,42,8,15,19,1,0,0,4,24,12,11,1,0,0,0,10,120,40,24,7,0,0,0,8,173,33,1,0,0,0,5,31,48,1,2,8,3,8,44,15,7,45,19,0,0,0,0,2,75,56,18,0,0,0,0,2,173,26,0,0,0,0,12,47,11,0,0,0,0,8,70,19
64,21,27,5,0,0,0,2,187,77,3,0,0,0,0,24,86,43,16,13,0,0,0,8,2,0,12,36,3,3,16,7,55,26,37,11,0,0,0,8,187,60,7,2,0,0,1,20,146,8,8,22,6,5,30,14,0,0,0,31,42,23,30,2,47,63,29,0,0,0,0,4,187,67,2,0,0,0,12,53,63,1,0,0,0,13,147,46,0,0,0,3,16,47,88,0,55,47,4,0,0,0,0,5,162,94,0,0,0,0,2,9,20,4,0,0,0,5,25,7,0,0,0,0,0,14,25,0
9,12,11,2,0,0,0,1,115,94,14,13,2,1,0,1,46,139,77,71,14,19,9,3,88,139,6,0,0,3,3,4,24,7,9,8,2,0,0,0,139,103,14,6,0,0,0,10,72,129,102,31,0,0,0,3,16,63,6,0,6,10,0,0,16,9,43,11,4,0,0,2,139,68,19,1,1,0,0,73,122,27,11,0,3,3,0,35,0,2,0,0,15,23,0,0,25,24,90,15,47,35,10,9,139,139,21,0,1,7,7,15,45,48,0,0,7,4,0,1,0,0,0,7,23,14,0,0
61,20,13,2,7,55,31,24,79,73,68,10,22,42,6,13,125,28,2,7,60,40,9,40,100,26,3,11,82,39,3,5,125,73,7,1,4,6,5,24,61,39,31,12,83,27,7,18,125,19,5,40,36,11,7,44,84,28,10,63,46,4,0,13,125,26,0,0,4,3,1,26,64,10,2,12,101,24,3,15,125,22,1,15,45,4,0,20,71,3,0,22,124,8,0,18,125,18,0,0,0,0,0,23,41,14,5,32,30,0,0,2,120,18,3,8,18,8,2,29,51,3,1,11,75,16,1,10
0,0,0,0,0,4,1,0,90,9,0,0,0,5,4,26,112,40,0,0,0,12,3,4,6,6,0,0,0,97,25,0,12,0,0,0,0,25,56,13,121,15,0,0,0,17,33,42,102,15,0,0,4,120,37,9,0,4,23,6,15,121,24,0,34,71,116,3,0,5,38,10,121,121,47,0,0,4,13,24,24,18,77,9,15,67,18,10,0,58,117,7,10,22,0,0,2,57,121,2,0,0,82,30,9,97,82,0,0,0,81,41,2,28,114,2,0,0,64,29,0,32,88,0,0,0,22,17
36,0,0,72,53,0,0,21,139,0,0,1,3,0,0,79,84,3,0,3,5,0,0,15,0,0,0,19,69,0,0,0,26,4,3,136,139,0,0,6,139,23,3,17,15,0,0,32,139,3,0,0,4,4,0,12,0,0,0,8,67,8,0,0,14,6,5,103,116,4,5,43,139,33,10,37,21,0,0,12,139,4,1,2,10,3,0,14,0,0,0,5,40,15,2,0,6,0,0,10,24,11,57,139,123,6,3,8,10,4,20,57,108,1,0,1,13,7,2,38,1,0,0,1,32,18,3,4
2,1,1,103,84,0,0,0,115,10,5,38,16,0,0,14,115,2,0,0,0,0,0,26,28,2,0,0,39,43,0,4,0,0,0,95,42,1,17,16,56,11,13,111,30,0,1,9,115,7,1,2,3,6,0,22,26,0,0,0,104,115,1,2,0,0,0,8,11,8,115,47,19,5,3,38,28,14,95,33,115,13,1,3,24,25,6,23,9,0,0,0,115,115,1,1,0,0,0,11,35,14,37,5,53,1,0,1,24,16,94,86,115,0,0,0,42,46,8,71,3,0,0,0,115,115,3,3
58,11,9,51,24,2,1,15,137,5,0,0,0,4,11,122,21,6,0,3,47,38,11,19,5,10,0,0,84,54,0,0,42,2,1,20,120,28,6,19,137,26,0,0,11,10,5,71,72,25,3,2,88,107,1,7,19,113,8,2,52,63,0,0,43,14,4,34,82,30,3,11,137,30,2,5,10,11,6,47,45,68,13,7,50,60,8,20,7,137,19,3,8,4,0,0,46,9,3,47,35,1,0,8,137,12,1,8,14,1,1,53,91,105,2,0,1,2,2,13,6,52,2,0,1,11,5,0
19,22,3,1,3,2,0,0,4,5,0,2,98,60,1,1,23,8,11,97,69,26,2,3,12,2,4,126,106,4,5,12,9,13,1,0,23,16,0,0,15,0,0,0,128,128,5,5,128,16,3,24,48,38,8,16,20,5,9,128,128,0,0,1,7,2,0,0,67,38,0,0,38,3,0,0,128,96,1,1,128,10,0,2,25,9,2,27,22,13,30,101,41,0,0,7,1,0,0,0,69,48,1,0,22,0,0,0,128,46,0,4,128,7,0,0,6,1,0,34,57,32,4,9,7,0,0,6
0,0,0,71,109,1,0,0,63,3,0,62,41,0,0,23,135,2,0,0,0,0,0,45,25,4,1,8,14,0,0,1,4,0,3,59,52,11,16,13,43,2,2,133,128,0,0,14,135,10,0,7,11,0,0,46,47,1,0,3,15,3,0,6,23,0,0,7,8,7,81,135,34,9,5,105,132,3,3,56,135,31,6,25,18,0,0,7,47,2,0,1,12,8,0,3,15,0,2,37,13,4,27,135,18,2,1,13,27,9,46,135,127,6,2,7,8,2,13,52,37,1,0,1,18,11,2,13
0,0,0,1,1,8,72,54,0,0,0,41,43,8,102,72,90,28,5,40,27,6,19,12,73,15,0,0,54,113,1,2,0,0,0,6,13,6,18,5,15,1,0,7,68,42,130,85,130,12,0,1,15,30,65,130,42,3,0,0,130,130,4,9,0,0,0,0,1,0,0,0,41,18,0,0,33,12,4,9,130,68,0,0,59,82,5,27,28,1,0,0,130,130,7,8,0,0,0,0,0,0,0,0,1,1,0,0,0,0,0,0,12,11,0,0,43,61,0,0,39,4,0,0,67,103,2,3
108,124,4,8,2,0,0,10,43,22,6,69,71,0,0,2,124,37,6,25,17,4,0,12,39,18,9,55,33,8,0,2,124,23,0,2,3,8,10,67,44,7,1,22,117,91,17,25,124,22,3,14,32,14,3,59,40,5,4,36,99,16,3,12,124,24,1,0,0,30,28,47,24,55,68,11,24,76,21,6,124,63,19,4,20,21,6,34,44,11,1,10,109,62,5,9,124,39,0,0,0,2,4,33,44,48,22,6,37,14,2,3,91,12,6,9,24,12,6,31,36,15,6,45,39,5,0,4
92,50,29,4,0,0,2,32,124,8,0,0,0,0,0,87,68,0,0,0,0,0,1,33,3,0,0,10,6,0,2,15,89,78,8,0,0,0,2,5,124,48,3,0,0,0,6,29,88,2,0,0,0,5,59,34,13,0,0,0,0,0,12,39,124,40,3,0,0,0,7,29,83,34,2,0,0,7,100,49,28,0,0,0,0,8,124,113,37,0,0,0,0,0,37,120,39,0,0,0,0,1,61,88,4,0,0,0,0,7,124,47,11,0,0,0,0,33,117,92,63,13,0,0,0,22,121,110
34,30,65,4,0,0,6,46,133,26,3,0,0,0,0,117,133,0,0,0,0,0,0,117,26,0,0,0,0,0,0,26,53,42,34,6,0,8,21,13,133,64,5,0,0,0,0,30,133,5,0,0,0,0,0,74,51,0,0,0,0,3,16,20,133,38,0,0,0,1,6,12,100,89,11,0,0,0,0,3,133,34,0,0,0,3,40,48,20,0,0,0,0,16,116,41,133,3,0,3,1,0,0,44,70,21,1,0,0,2,25,44,21,5,0,0,0,18,113,32,7,0,0,0,0,8,81,73
0,0,0,1,116,80,9,2,0,6,37,14,116,97,6,0,32,23,53,5,2,10,14,35,71,14,4,0,0,0,13,116,4,0,1,4,116,76,8,9,47,47,86,27,61,19,1,5,8,40,116,79,3,0,0,0,9,82,66,9,0,0,4,15,6,1,5,90,97,27,1,1,116,17,3,23,28,6,1,26,28,62,35,41,8,0,1,10,6,116,57,7,0,0,0,0,1,0,18,116,61,0,0,0,97,57,7,71,38,0,0,7,38,113,50,0,0,0,0,2,18,91,21,5,0,0,0,0
8,1,0,0,68,119,18,22,54,4,0,0,1,1,12,119,17,2,0,0,0,0,42,119,28,0,0,0,0,0,32,83,37,1,0,1,6,75,33,41,119,53,1,0,0,1,10,65,23,29,4,0,2,27,42,61,20,3,0,0,0,10,111,98,39,12,85,55,10,4,2,21,95,30,51,5,0,11,38,71,4,33,33,5,1,59,112,10,10,119,22,0,0,17,67,10,0,5,119,53,1,0,0,0,4,18,119,29,6,6,1,1,5,59,109,27,3,4,2,0,66,119,14,0,0,0,0,0
6,0,0,0,122,135,5,5,135,12,0,0,11,41,9,16,135,22,0,0,0,0,0,3,85,0,0,0,0,0,0,13,23,0,0,0,127,135,3,6,135,21,0,0,3,10,2,10,135,11,0,0,0,0,0,16,103,5,0,0,0,0,0,9,40,8,0,0,20,39,1,2,135,35,0,0,0,1,0,10,135,3,0,0,0,0,0,44,116,19,0,0,1,0,0,4,6,4,0,0,0,0,0,0,64,23,0,0,0,0,0,9,135,1,0,0,0,0,0,41,116,3,0,1,3,0,0,9
31,0,0,1,42,12,26,24,138,5,0,0,0,0,4,70,68,14,5,0,0,0,0,22,2,7,4,5,91,30,0,0,54,5,0,4,81,7,0,7,138,24,0,0,0,0,0,31,126,14,0,0,4,4,4,28,3,1,0,0,138,50,2,2,22,91,21,8,42,11,0,0,138,125,3,0,0,0,0,19,78,26,1,0,4,2,6,49,2,6,3,9,138,13,2,3,0,100,127,8,2,0,0,0,14,138,70,0,0,0,0,0,14,83,27,3,13,5,0,1,1,26,9,10,114,21,0,0
0,0,0,73,91,16,0,0,7,15,1,24,98,43,15,12,72,25,6,1,0,3,11,45,21,3,11,37,8,0,1,21,2,1,0,8,117,62,0,0,58,110,20,4,108,53,0,3,31,72,76,44,0,0,0,11,7,0,6,30,3,0,14,48,3,1,0,70,117,3,0,1,117,24,4,48,99,1,0,65,95,19,42,73,0,0,0,45,1,0,9,117,7,0,2,6,4,0,0,60,79,0,0,2,51,0,0,93,117,0,0,56,117,1,2,9,4,0,0,117,13,0,2,92,11,0,0,10
2,3,13,73,28,4,0,0,97,130,16,15,5,0,0,0,75,130,25,5,3,0,0,2,61,9,1,1,1,1,0,10,14,1,2,30,113,33,0,2,130,88,0,2,19,7,3,38,99,49,3,7,31,22,13,26,60,0,0,2,9,5,2,30,8,1,4,3,79,80,1,7,119,22,10,0,11,7,35,130,46,20,2,0,4,26,99,130,68,10,0,0,1,4,9,74,1,9,61,15,14,15,9,8,13,100,78,1,1,0,11,29,41,130,37,0,0,0,13,53,55,53,4,0,0,0,4,21
37,12,6,23,29,2,5,43,2,19,48,91,54,7,1,0,24,100,67,13,6,3,2,5,6,13,10,84,137,2,0,0,116,63,16,17,8,0,0,10,28,15,23,83,115,1,0,3,109,44,24,25,31,0,0,5,4,3,7,102,137,0,0,0,64,5,3,27,22,2,1,48,27,4,9,60,103,7,2,26,132,11,11,36,32,0,0,17,14,0,0,117,137,0,0,5,22,0,0,39,75,0,3,27,67,6,14,38,13,1,1,33,28,3,9,45,32,0,0,20,10,0,0,34,123,1,0,17
140,24,0,2,4,0,0,13,53,6,0,13,57,7,2,17,43,2,0,4,53,12,8,53,53,4,1,14,78,7,0,3,140,31,0,0,6,2,0,59,60,3,0,0,131,44,5,19,116,14,2,14,33,13,7,47,43,5,2,38,71,4,0,9,140,60,0,0,2,11,20,30,36,5,0,0,74,75,40,22,140,19,0,2,28,21,11,50,13,1,0,4,91,80,18,14,140,7,0,4,20,37,29,22,18,9,6,5,10,57,100,31,86,7,0,2,9,12,21,92,6,3,6,34,73,58,12,5
151,18,0,0,0,0,0,10,143,10,0,0,0,0,0,57,65,0,0,0,0,0,2,118,19,14,1,0,2,2,2,16,151,41,0,0,0,0,0,29,98,36,2,4,22,3,2,24,151,6,0,0,1,1,1,60,77,7,0,0,0,1,9,16,151,12,0,0,1,0,0,45,88,22,6,12,31,1,0,15,136,26,2,1,1,0,17,45,24,0,0,0,0,4,86,36,151,0,0,0,0,0,0,92,35,2,1,1,0,0,19,120,7,1,0,0,0,0,57,41,0,0,0,0,0,0,62,35
28,1,0,0,7,59,16,20,70,1,0,2,26,48,6,34,1,2,7,14,62,133,11,1,61,13,6,1,9,33,8,29,14,0,0,1,26,19,57,78,101,8,8,26,25,11,16,90,10,7,87,123,62,26,1,1,22,16,47,26,40,26,6,13,66,0,0,14,105,20,22,77,133,13,2,6,6,0,1,50,32,4,6,48,133,20,0,1,17,9,3,10,110,44,0,1,71,0,0,15,133,15,4,54,133,12,0,0,7,1,0,60,32,4,1,6,133,47,0,2,20,23,14,4,51,37,1,0
1,0,1,15,31,49,49,17,22,0,0,0,5,22,87,75,37,0,0,0,0,2,22,83,5,0,0,1,2,7,21,14,29,4,0,0,6,101,119,45,119,27,0,0,1,23,72,66,75,9,0,0,0,57,75,43,69,1,0,0,0,9,37,54,82,68,3,7,2,5,29,8,119,36,0,0,0,56,70,34,65,1,0,0,0,82,119,86,119,2,0,0,0,2,6,65,18,69,7,5,1,33,11,1,13,11,0,0,0,119,45,8,68,23,0,0,0,25,27,100,119,15,0,0,0,0,1,97
70,1,2,17,5,0,0,53,14,2,28,115,15,2,1,7,115,66,30,44,1,2,2,4,115,95,34,0,0,3,12,28,80,26,24,15,3,0,0,41,115,37,77,59,0,0,0,30,69,55,115,106,0,0,0,5,106,54,17,2,0,0,11,40,12,60,115,23,1,0,0,1,115,58,97,15,0,0,0,21,65,35,96,43,0,0,0,14,16,83,78,4,0,0,0,0,1,18,115,13,0,0,0,0,11,17,115,43,0,0,0,1,46,47,37,2,0,0,0,2,9,16,14,0,0,0,1,3
143,175,0,0,0,0,0,0,63,175,5,0,0,0,0,0,19,69,7,0,0,0,0,3,11,8,0,1,3,6,5,7,175,175,0,0,0,0,0,0,120,80,2,0,0,0,0,7,12,16,5,5,15,14,3,4,1,0,0,1,6,20,34,7,175,85,0,0,0,0,0,12,89,7,0,0,0,1,3,60,10,0,0,3,16,26,12,18,0,0,0,6,19,53,10,1,103,14,0,0,0,0,0,27,44,1,0,0,0,1,25,45,4,0,0,0,1,39,65,8,0,3,1,1,7,90,14,0
22,0,0,26,24,1,5,81,0,0,14,124,120,4,5,5,10,24,124,75,10,0,0,1,59,32,47,7,0,0,0,58,25,1,0,0,2,30,124,77,57,4,27,65,27,10,79,85,12,9,90,124,17,0,0,2,55,64,30,26,8,0,0,0,43,36,1,3,19,50,72,19,124,94,3,5,0,1,19,53,50,21,11,119,53,0,0,1,75,67,12,47,23,0,0,0,67,30,7,59,20,0,0,3,124,55,0,0,0,0,0,22,41,16,14,45,13,0,0,3,9,62,36,25,7,3,0,0
18,7,9,63,111,0,0,5,75,9,0,7,50,11,2,35,50,23,5,27,94,11,0,1,58,26,3,11,93,10,0,0,11,1,0,23,126,6,1,6,126,16,4,19,33,4,2,26,48,18,11,79,59,2,0,5,53,7,0,8,126,13,0,9,12,5,1,29,126,8,0,0,126,18,2,9,33,6,5,26,32,2,0,7,106,28,8,18,34,2,0,5,126,12,1,17,2,2,30,98,112,1,0,0,23,19,125,23,10,3,9,21,6,24,126,6,15,26,12,7,14,34,60,41,99,5,0,1
16,0,0,25,159,2,0,10,159,5,0,1,17,1,0,32,81,9,0,0,4,0,0,2,0,0,0,0,26,2,0,0,20,0,0,37,159,0,0,3,159,5,0,4,48,0,0,19,113,2,0,0,6,2,0,3,0,0,0,0,31,9,0,0,16,3,0,33,159,0,0,0,159,20,0,10,59,0,0,3,108,4,0,0,8,2,0,5,0,0,0,0,35,14,0,0,10,1,0,16,159,2,0,2,159,20,0,8,51,0,0,0,79,9,0,1,12,1,0,0,0,0,0,0,38,8,0,0
19,93,15,0,0,0,0,0,123,91,2,0,0,0,0,0,123,88,77,1,0,0,0,3,10,33,123,7,0,0,0,0,13,78,28,3,0,0,0,0,123,82,0,0,0,0,0,7,123,13,0,0,0,0,0,74,57,15,18,9,0,0,0,58,5,42,72,60,0,0,0,0,87,102,11,0,0,0,0,2,123,20,0,0,0,0,0,71,65,0,0,0,0,0,0,121,0,5,123,102,0,0,0,0,20,32,123,28,0,0,0,2,40,37,67,0,0,0,0,20,51,25,24,0,0,0,0,46
19,0,0,3,47,98,65,94,114,2,0,0,0,0,9,134,39,22,2,0,0,0,0,5,2,10,8,2,0,0,0,0,53,11,45,134,68,17,5,30,134,23,12,15,0,0,0,86,104,10,0,0,0,0,0,8,8,2,0,0,1,9,2,1,7,21,83,134,44,0,0,0,134,84,20,48,17,0,1,5,81,8,0,0,0,3,22,23,1,0,0,0,0,61,23,3,0,8,17,37,49,20,8,0,31,57,14,15,12,58,70,3,10,4,0,0,0,64,134,8,0,0,0,0,3,99,134,5
0,1,141,46,0,0,2,0,0,4,141,90,0,0,2,0,2,21,141,141,0,0,18,16,3,5,141,141,5,5,40,39,0,3,39,11,0,7,30,2,18,6,55,13,1,5,28,16,110,45,88,18,0,0,2,19,7,8,120,141,46,0,0,0,1,11,38,9,0,3,34,8,32,4,22,29,15,14,14,3,141,19,1,3,2,0,0,4,19,4,1,32,63,0,0,0,0,2,36,4,0,2,48,13,28,17,26,0,2,11,26,9,141,30,3,0,0,0,0,1,15,4,0,21,15,0,0,0
4,1,0,0,0,0,0,0,51,38,2,0,0,0,0,0,7,27,13,3,0,0,0,0,0,9,18,13,0,0,0,0,7,1,0,0,0,0,0,0,112,10,1,0,0,0,0,3,28,21,12,2,0,0,0,0,8,40,42,2,0,0,0,0,6,0,0,0,0,1,0,1,123,1,0,0,0,1,0,13,55,72,1,0,0,0,0,2,34,250,73,0,0,0,0,0,4,0,0,0,0,1,1,4,112,30,0,0,0,0,1,21,67,250,1,0,0,0,0,2,17,250,35,0,0,0,0,0
69,2,1,0,6,1,0,11,151,1,0,0,0,1,4,65,35,0,0,0,10,20,48,22,0,0,0,1,42,49,39,6,61,2,0,0,2,3,1,9,151,4,0,5,5,3,3,52,44,3,6,64,46,35,79,22,0,0,16,44,32,141,91,9,57,13,1,0,0,0,0,5,151,52,1,3,0,0,0,4,71,22,54,105,11,1,1,0,0,0,149,148,10,14,4,0,75,27,0,0,0,0,2,15,151,113,0,0,0,0,0,20,42,29,13,3,0,0,0,6,0,1,32,28,0,0,0,0
0,0,0,0,1,9,63,40,40,3,0,0,2,10,19,35,115,12,0,0,0,0,2,104,158,2,0,0,0,0,5,158,64,18,0,0,0,0,52,68,125,37,0,0,0,0,10,31,83,38,0,0,0,0,3,54,82,1,0,0,0,0,46,146,100,57,7,0,0,1,6,21,80,17,0,0,0,1,34,85,37,8,0,0,0,0,47,98,19,3,0,0,0,8,95,32,11,24,11,1,10,14,11,3,4,0,0,0,4,9,65,49,4,0,0,0,0,0,128,72,0,0,0,0,0,15,149,7
8,2,0,77,114,0,0,1,53,22,10,12,17,0,0,48,114,21,8,0,0,0,0,91,96,8,0,0,0,0,0,21,5,9,4,114,114,0,0,0,71,114,63,43,31,0,0,5,105,85,102,3,0,1,0,25,99,11,0,0,0,0,0,47,5,1,1,71,114,8,20,19,114,16,6,31,93,2,0,45,55,12,16,12,16,18,10,33,54,1,0,3,5,4,8,96,0,0,21,17,45,18,88,59,112,7,4,16,47,10,11,23,83,9,6,40,23,2,0,17,52,0,0,32,27,0,1,61
23,3,0,0,0,0,0,7,19,22,8,0,0,0,0,2,7,32,14,0,0,0,0,0,18,56,1,0,0,0,1,1,30,1,0,0,0,0,0,8,83,19,5,0,0,0,0,6,17,46,27,0,0,0,0,0,15,35,6,4,1,0,4,3,23,4,0,0,0,0,0,11,102,24,1,0,0,0,0,27,38,114,90,0,0,0,0,6,3,164,160,3,0,0,0,0,12,32,4,0,0,0,0,0,98,164,9,0,0,0,0,2,86,164,164,0,0,0,0,0,0,164,164,2,0,0,0,0
115,53,5,0,0,0,0,15,115,18,0,0,0,0,0,57,115,8,0,0,0,0,2,88,88,39,3,0,0,0,2,61,51,115,30,0,0,0,0,20,115,107,12,0,0,0,0,9,115,13,0,0,0,0,2,77,115,1,0,0,0,0,6,115,103,16,2,0,0,0,0,115,105,16,0,0,0,0,4,55,34,1,0,0,0,0,25,88,58,8,0,0,0,0,10,108,69,59,25,0,0,0,0,47,74,19,1,0,0,1,10,73,33,34,2,0,0,2,19,26,103,61,6,0,0,0,0,16
69,14,0,0,0,0,0,42,99,27,0,0,0,0,0,26,40,23,19,21,35,4,0,4,4,27,127,46,48,8,0,3,95,5,0,0,0,0,0,40,127,3,0,0,0,0,0,92,127,116,21,3,0,2,1,25,23,76,118,16,30,38,2,0,69,33,0,0,0,0,0,3,127,27,1,0,0,0,0,19,127,34,0,0,0,13,20,37,77,56,2,1,16,60,29,10,56,33,2,0,0,0,1,27,83,83,14,0,0,0,0,8,127,33,9,3,0,2,3,15,127,127,22,4,0,3,5,3
5,3,0,0,1,17,7,3,64,9,0,0,0,5,1,20,65,6,0,0,0,0,28,178,3,0,0,0,0,0,178,178,11,0,0,0,1,6,7,12,107,8,0,0,0,1,1,5,44,2,0,0,0,1,24,38,12,4,0,0,0,0,46,123,27,2,0,0,0,0,10,27,97,12,0,0,0,0,1,6,15,4,1,5,3,7,19,7,95,163,0,0,0,1,12,20,52,6,2,0,0,0,0,16,74,14,0,0,0,0,0,7,27,30,2,6,5,0,0,1,178,178,1,0,0,0,0,0
0,0,1,1,4,5,97,39,2,4,5,2,0,3,83,50,5,4,3,1,0,4,94,90,15,19,2,0,0,0,128,128,0,0,0,0,11,44,81,27,10,0,0,0,0,13,128,61,97,31,0,0,0,2,104,100,42,18,1,1,3,12,26,68,0,0,0,0,20,106,46,1,76,2,0,0,1,24,90,55,128,51,0,0,0,0,9,69,24,18,3,18,20,9,16,29,0,0,4,49,61,25,9,1,97,13,15,16,10,8,22,47,128,2,0,0,0,0,3,128,14,0,1,2,0,0,10,94
6,0,0,0,1,44,59,33,31,0,0,0,0,0,22,117,117,23,0,0,0,0,11,31,86,20,1,3,2,3,7,7,33,44,54,9,14,25,17,16,96,50,51,0,0,0,1,44,123,41,10,0,0,0,0,31,87,30,2,5,6,2,0,9,5,123,123,4,1,0,0,0,13,109,123,25,0,0,0,0,94,101,113,24,0,0,0,9,108,85,7,7,2,0,0,7,17,116,9,0,0,0,0,0,24,44,26,12,3,17,12,5,29,55,35,14,1,5,8,21,123,123,15,18,1,0,0,3
104,46,5,0,0,0,0,18,114,56,45,0,0,0,0,30,22,65,114,0,0,0,0,3,0,70,105,2,0,0,0,0,62,114,9,0,0,0,0,5,114,95,8,0,0,0,0,41,114,42,32,0,0,0,0,51,21,74,52,0,1,5,0,1,114,110,3,0,0,0,0,4,65,114,16,0,0,0,0,7,114,113,3,0,0,0,0,12,57,23,5,1,34,60,5,4,102,17,0,0,0,0,0,21,114,17,0,0,0,0,0,51,114,38,0,0,0,0,0,26,25,26,37,29,48,12,0,2
6,0,0,0,0,0,81,112,4,0,0,0,0,0,193,139,3,0,0,0,7,4,193,186,12,0,0,0,0,0,193,193,37,22,0,0,0,0,7,29,41,22,0,0,1,2,10,29,18,1,0,0,21,21,7,16,56,0,0,0,1,1,9,70,31,12,0,0,0,0,7,47,10,8,0,0,0,2,34,37,3,0,0,0,7,16,27,21,40,0,0,0,1,2,4,50,34,9,0,0,0,0,2,35,5,2,0,0,2,12,24,17,0,0,0,0,0,6,48,31,27,0,0,0,0,1,13,40
20,73,13,0,0,0,0,0,8,31,50,10,0,0,0,0,67,34,10,4,0,0,0,2,215,7,0,0,0,0,0,89,32,29,9,1,0,0,1,3,42,20,22,7,0,0,0,4,23,39,33,4,0,1,6,4,215,9,0,0,0,1,3,157,41,5,0,0,0,0,5,29,48,9,1,0,0,1,8,18,7,26,5,0,0,3,33,11,215,38,3,0,0,2,7,79,50,19,1,0,0,0,0,9,20,44,2,0,0,0,1,11,7,105,6,0,0,0,1,1,166,75,7,0,0,0,0,23
37,30,19,1,0,0,0,0,142,25,1,0,0,0,0,16,106,21,2,0,2,12,7,17,0,2,2,14,142,26,2,0,43,25,17,4,1,0,0,4,142,87,1,0,0,0,0,12,76,33,1,1,10,12,5,12,0,0,0,12,142,15,1,0,62,7,10,20,5,1,0,16,142,11,2,3,1,1,1,99,68,17,13,13,13,7,2,34,0,0,3,21,142,27,0,0,53,5,2,6,10,5,1,17,142,15,1,3,6,3,1,52,142,48,26,35,10,0,0,28,0,1,8,92,142,4,0,1
45,118,6,0,0,0,0,0,18,119,30,3,0,0,0,0,119,25,14,4,0,0,0,16,119,8,0,0,0,0,0,30,119,99,0,0,0,0,0,3,95,88,52,12,0,0,0,5,55,35,97,35,0,0,0,4,119,31,7,0,0,0,0,26,119,23,16,13,0,0,0,20,119,21,5,1,0,0,0,30,65,58,62,14,0,0,0,7,51,119,40,0,0,0,0,0,31,25,88,100,0,0,0,0,119,36,14,7,0,0,0,6,89,25,3,0,0,0,2,62,69,68,10,0,0,0,0,74
197,0,0,0,0,0,0,69,16,0,0,0,2,8,8,19,0,0,0,11,51,7,2,0,0,0,0,20,58,1,0,0,197,0,0,0,0,0,0,138,40,1,0,0,0,1,10,21,0,1,0,7,32,6,7,0,0,0,0,23,79,1,0,0,197,0,0,0,0,0,0,148,71,5,0,0,0,0,0,17,3,8,1,9,14,2,1,0,0,0,0,29,81,1,0,0,197,0,0,0,0,0,0,127,100,5,0,0,0,0,0,23,2,2,0,1,9,7,1,0,0,0,1,24,37,2,0,0
31,0,0,0,0,46,33,43,3,0,0,0,3,111,85,7,145,16,0,0,2,31,28,25,99,15,0,0,0,0,0,1,15,0,0,0,0,88,117,29,40,1,0,0,0,145,96,25,145,21,0,0,0,10,25,48,55,5,0,0,0,0,0,0,0,0,0,0,0,34,145,9,134,11,0,0,0,57,102,31,145,27,0,0,0,1,3,10,6,0,0,0,0,0,0,0,0,0,0,0,3,35,44,5,145,1,0,0,0,17,38,75,96,2,0,0,0,0,0,16,0,0,0,0,0,0,0,0
38,0,0,63,147,9,3,19,147,9,2,9,15,1,1,73,42,8,12,17,11,0,0,5,0,0,4,43,32,0,0,0,21,5,7,147,143,0,0,1,147,25,6,53,31,0,0,24,90,2,0,1,26,6,0,4,0,1,1,14,27,3,0,0,3,3,11,85,143,11,0,0,147,14,3,36,71,9,0,18,90,1,0,6,20,2,0,5,3,4,3,12,9,0,0,0,3,0,1,13,147,22,0,0,147,2,0,2,74,15,0,11,77,2,0,2,10,5,0,2,8,8,3,3,2,2,1,2
42,105,8,0,0,0,0,0,86,112,12,0,0,0,0,1,40,111,65,0,0,0,0,1,40,40,39,0,0,0,1,9,40,112,19,0,0,0,0,1,112,75,11,0,0,0,0,19,112,57,37,0,0,0,0,39,31,58,112,0,0,0,0,4,111,22,1,0,0,0,0,37,70,112,10,0,0,0,0,5,112,103,8,0,0,0,0,28,112,27,17,0,0,0,0,41,108,66,0,0,0,0,0,8,112,102,1,0,0,0,0,3,43,104,12,0,0,0,0,4,73,70,3,0,0,0,0,6
18,0,0,7,73,2,0,8,35,0,0,30,153,1,0,10,153,0,0,1,12,0,0,55,42,8,14,9,3,0,0,7,13,2,0,5,65,4,0,6,26,1,0,39,153,2,0,7,153,6,0,5,30,0,0,52,115,13,7,1,0,0,1,22,8,2,0,7,46,0,0,3,18,6,0,59,153,0,0,1,153,29,1,13,32,0,0,19,86,2,0,0,0,0,17,41,12,0,0,4,22,0,0,5,5,0,0,36,153,4,1,4,106,1,0,5,51,8,5,132,34,0,0,0,0,2,16,66
0,1,21,32,25,0,0,0,18,7,4,100,152,7,0,0,156,20,2,13,15,1,0,5,48,1,0,1,10,1,0,1,0,0,10,33,87,9,0,0,27,0,0,6,156,70,1,4,156,5,0,0,22,12,1,14,60,2,0,2,8,2,0,0,0,0,0,5,124,23,8,2,42,3,0,14,156,21,0,1,156,18,0,2,18,2,0,1,49,7,0,2,12,5,0,0,4,1,0,2,73,7,6,6,34,3,0,13,156,7,0,0,156,18,0,2,14,0,0,2,35,6,0,5,27,1,0,0
14,58,5,0,0,0,0,0,79,117,3,0,0,0,0,0,117,99,0,0,0,0,0,4,53,46,1,1,4,3,3,17,104,102,0,0,0,0,0,2,117,117,13,0,0,0,0,5,62,117,67,0,0,0,0,6,31,68,50,0,1,1,2,16,54,117,6,0,0,0,0,0,117,54,3,0,0,0,0,54,117,66,36,0,0,0,0,71,32,80,85,0,0,0,0,13,68,25,1,0,0,0,0,34,69,95,1,0,0,0,0,11,117,73,1,0,0,0,0,44,89,20,5,0,0,0,0,58
0,0,0,0,0,0,0,1,16,10,0,0,0,0,1,21,143,13,0,0,0,0,0,212,201,0,0,0,0,0,0,212,9,2,0,0,0,0,0,5,58,10,0,0,0,0,0,34,98,18,0,0,0,0,0,52,118,2,0,0,0,0,0,212,30,18,0,0,0,0,0,0,53,56,0,0,0,0,0,2,72,29,0,0,0,0,0,12,31,1,0,0,0,0,2,94,44,25,0,0,0,0,0,0,51,43,0,0,0,0,0,1,19,36,5,0,0,0,0,3,10,12,6,0,0,0,0,10
7,3,0,0,92,11,0,0,35,0,0,1,163,54,6,36,163,0,0,0,12,7,6,141,19,0,0,0,0,0,10,24,4,0,0,2,115,17,9,7,45,3,1,36,163,11,1,14,163,11,1,6,34,1,1,78,68,1,0,0,0,0,0,13,0,0,0,0,36,51,95,5,16,20,18,85,163,39,18,0,163,73,19,26,14,0,0,16,46,1,0,0,0,0,0,4,0,0,0,0,0,13,36,0,1,2,3,9,11,16,29,1,19,8,4,3,1,1,6,23,2,0,0,0,0,0,0,2
0,0,0,0,2,0,0,0,0,0,2,23,27,11,3,2,9,10,24,4,2,4,4,8,0,5,30,0,0,0,0,0,0,0,0,1,44,7,0,0,16,0,0,8,166,109,18,19,166,45,21,0,16,28,21,62,27,43,118,6,0,0,0,0,0,0,0,12,85,6,0,0,49,7,1,34,166,28,1,3,166,59,2,4,37,5,1,9,78,34,20,10,4,0,0,0,0,0,12,30,45,0,0,0,31,23,6,94,166,0,0,0,166,103,4,13,18,0,0,0,50,16,0,0,9,6,0,0
0,0,0,0,0,0,0,0,0,0,0,0,0,0,0,0,0,0,0,0,0,0,0,0,0,0,0,0,0,0,0,0,7,0,0,6,89,28,2,0,103,5,0,2,21,1,0,4,16,3,1,9,54,10,0,1,0,0,0,13,51,16,0,0,6,9,88,129,116,12,0,0,129,63,88,56,23,0,0,13,32,31,38,106,63,5,0,4,0,0,44,92,33,8,0,0,13,37,129,129,49,0,0,6,4,41,129,129,10,0,0,0,1,25,129,125,1,0,0,0,0,2,106,126,1,0,0,0
78,2,0,0,0,0,0,31,190,52,0,0,0,0,0,59,75,42,17,0,0,7,8,11,0,13,40,0,1,12,5,0,52,0,0,0,0,0,0,29,190,43,0,0,0,0,0,76,124,85,54,0,0,0,1,5,0,18,63,1,0,1,0,0,26,1,0,0,0,0,0,2,190,13,0,0,0,0,0,27,159,7,2,0,1,2,26,41,0,0,1,0,0,8,27,12,1,0,0,0,0,0,0,0,190,15,0,0,0,0,0,6,122,10,1,23,16,5,14,9,0,0,0,20,9,6,51,28
44,21,7,7,0,1,24,28,134,28,0,0,0,0,13,68,108,1,0,0,0,2,11,134,134,41,13,4,3,6,30,134,33,44,11,11,0,0,0,1,101,41,7,0,0,0,0,34,134,9,0,0,0,0,0,61,134,25,4,0,0,0,0,105,1,15,4,0,0,0,0,0,18,76,39,0,0,0,0,1,96,52,3,0,1,27,36,43,108,3,0,0,0,7,37,134,0,0,0,0,0,0,0,0,1,13,2,0,0,9,4,0,5,20,2,0,2,109,30,7,134,44,1,0,0,18,18,82
17,2,0,0,0,0,18,49,153,13,0,0,0,0,4,46,81,15,5,0,2,7,3,14,0,10,10,1,5,11,1,0,71,8,0,0,0,0,14,81,153,74,0,0,0,0,2,26,101,40,6,0,2,20,3,9,0,21,18,0,8,29,0,0,68,2,0,0,0,0,0,87,153,20,0,0,0,0,0,153,106,60,19,0,0,9,4,48,0,72,45,0,0,3,0,0,4,0,0,0,0,0,0,20,153,1,0,0,0,0,0,153,153,36,6,0,0,0,5,108,1,11,8,0,1,4,14,3
0,0,0,22,21,0,0,2,42,1,0,14,19,0,0,3,72,1,0,70,134,0,0,5,0,0,0,140,140,0,0,0,9,0,0,19,16,0,0,65,36,2,2,41,22,0,0,3,113,3,1,28,109,0,0,9,2,0,0,74,140,0,0,0,50,0,0,5,1,0,0,140,17,6,5,38,6,0,1,42,95,15,4,24,59,0,0,2,6,0,0,104,140,0,0,0,66,4,15,30,0,0,0,140,53,1,0,1,0,0,1,122,80,4,0,9,13,0,0,12,10,1,0,62,80,0,0,0
75,6,0,0,10,2,0,45,137,2,0,0,0,0,0,50,62,0,0,0,0,0,40,168,17,0,0,0,0,0,168,168,107,47,0,0,10,1,0,4,168,40,0,0,0,0,0,8,107,19,0,0,0,0,0,12,78,0,0,0,0,0,31,69,138,10,0,0,5,1,0,13,159,7,0,0,0,0,0,34,78,4,0,0,0,0,1,41,25,0,0,0,0,13,33,27,64,14,0,0,1,0,0,6,95,25,0,0,0,0,0,10,27,6,0,0,0,0,7,35,6,2,2,0,0,9,13,19
0,0,0,0,0,0,0,0,0,0,0,0,0,0,0,0,0,0,0,0,0,0,0,0,0,0,0,0,0,0,0,0,0,1,37,11,0,0,0,0,20,2,7,26,4,0,0,1,90,2,0,17,85,0,0,7,3,0,0,104,197,0,0,0,0,0,51,41,1,0,0,0,14,8,20,81,5,0,0,0,128,16,5,30,84,0,0,4,10,0,0,197,197,0,0,0,1,0,2,15,6,0,0,15,3,1,1,35,28,0,0,0,82,3,1,14,27,0,0,4,16,0,0,170,197,0,0,1
106,26,0,0,0,0,2,27,61,15,0,0,0,0,40,67,96,0,0,0,0,0,28,140,22,0,0,0,1,12,77,140,73,5,0,0,0,2,28,77,32,1,0,0,0,22,137,72,140,8,0,0,0,1,26,116,44,0,0,0,45,44,17,26,12,7,0,0,4,31,48,15,129,15,0,0,0,15,62,34,140,53,0,0,0,0,3,16,35,3,0,17,63,16,3,6,1,1,0,0,18,42,13,7,140,4,0,0,0,2,9,43,140,6,0,0,0,0,9,49,9,0,1,7,4,1,26,23
9,7,1,0,0,0,0,11,21,17,7,0,0,0,0,7,163,35,4,0,0,0,0,8,192,15,0,0,0,0,0,48,9,22,2,0,0,0,0,4,47,23,0,0,0,0,0,4,145,8,0,0,0,0,0,31,192,0,0,0,0,0,0,128,14,13,0,0,0,0,0,0,41,12,0,0,0,0,0,3,68,2,0,0,0,0,4,33,192,0,0,0,0,0,0,109,7,20,1,0,0,0,0,0,14,24,0,0,0,0,0,0,30,55,10,3,0,0,0,3,192,111,3,0,0,0,0,33
20,6,0,0,0,0,0,2,149,0,0,0,0,0,0,54,149,0,0,0,0,0,0,83,15,0,0,0,0,4,8,8,13,9,1,0,0,0,0,1,141,21,3,1,0,0,1,37,149,16,0,0,0,0,0,82,37,1,1,4,13,4,1,9,16,15,1,0,0,0,0,0,116,149,7,0,0,0,0,9,149,127,0,0,0,0,1,83,28,2,0,1,6,2,6,77,29,16,0,0,0,0,0,0,113,31,0,0,0,0,0,69,54,11,0,0,0,5,10,149,13,0,0,0,1,11,37,129
128,11,0,0,0,0,0,60,84,3,0,0,0,5,17,93,78,6,1,0,0,0,5,95,7,11,9,1,5,5,0,1,114,1,0,0,2,3,5,75,71,5,3,2,7,73,59,108,128,14,1,0,1,8,18,128,38,1,0,0,33,25,0,7,66,1,0,0,0,0,5,55,128,96,52,7,8,15,6,39,128,128,26,1,1,1,0,9,38,4,0,13,46,7,0,1,43,9,4,0,0,0,0,15,128,38,7,0,0,0,0,116,84,82,7,0,0,0,0,61,6,5,0,5,21,0,0,2
52,14,3,20,30,14,1,9,148,32,2,5,10,10,2,23,19,109,30,4,20,25,2,6,2,114,13,0,1,6,1,0,82,10,1,15,44,6,0,8,148,44,1,3,18,2,0,19,66,101,6,0,0,8,14,7,0,12,1,0,4,126,14,0,56,13,2,7,43,9,0,9,148,5,0,1,19,3,1,50,73,5,0,0,14,51,21,39,0,8,15,6,83,148,6,1,34,13,1,9,57,3,0,2,148,20,0,3,23,2,0,16,74,17,9,35,65,40,0,4,0,39,105,49,81,80,0,0
76,25,14,5,12,10,2,21,91,26,5,33,54,24,1,9,156,37,3,2,7,14,4,32,9,94,32,5,24,30,2,4,125,18,2,6,24,10,1,10,115,15,4,38,76,6,0,11,156,73,1,1,7,1,0,25,41,131,10,0,0,4,7,3,97,20,4,12,9,3,0,9,107,6,0,5,85,21,0,15,156,17,0,0,9,1,2,51,51,9,0,0,2,22,28,32,54,35,4,14,9,0,0,0,58,14,2,11,92,8,0,9,156,13,0,0,9,2,0,45,51,11,1,8,46,55,2,14
0,0,0,0,0,0,0,0,50,9,0,0,0,0,0,14,57,53,0,0,0,4,3,2,5,14,0,0,0,27,34,0,9,0,0,0,0,0,14,13,123,20,0,0,0,6,15,38,68,21,0,0,2,123,51,5,0,2,13,2,2,123,123,0,46,49,58,2,0,0,30,34,123,66,29,2,2,23,26,49,13,21,94,14,24,123,28,6,0,57,123,8,7,52,16,0,9,66,98,4,0,0,99,60,22,94,71,1,0,1,102,69,3,43,123,3,1,1,63,51,1,38,108,0,0,0,22,15
0,0,0,34,32,8,0,0,0,1,57,64,9,2,1,1,1,1,107,143,1,0,0,2,0,0,17,160,72,0,0,0,0,0,0,1,17,24,7,5,3,1,2,8,28,16,8,9,32,3,10,29,4,1,4,26,3,0,2,160,91,0,0,0,6,2,5,5,2,2,14,160,5,4,8,50,18,3,6,11,59,20,4,11,3,0,1,6,8,4,2,82,41,0,0,1,49,0,0,0,0,0,46,160,11,0,1,7,4,8,151,120,15,2,0,2,1,9,154,46,4,0,0,19,2,2,99,57
92,21,5,24,15,2,0,9,98,27,10,55,31,4,0,9,142,27,1,1,1,5,5,69,13,2,0,0,40,73,8,12,142,19,4,7,25,28,3,35,105,7,3,26,100,32,3,28,142,20,0,0,12,15,3,77,34,15,3,1,75,92,1,8,87,40,23,4,11,12,2,21,95,22,5,32,70,33,2,16,142,37,2,4,11,15,4,37,18,99,28,6,31,36,3,7,71,9,2,3,21,9,1,9,80,12,3,31,43,2,0,9,142,35,1,3,10,0,0,24,44,92,5,0,0,3,4,3
45,1,0,1,12,24,25,65,11,16,6,23,69,77,39,20,27,135,23,3,7,46,78,13,75,135,8,0,7,15,1,0,103,16,15,12,4,4,7,29,78,30,11,58,67,7,0,9,135,135,14,7,5,2,1,16,32,76,4,0,24,60,4,6,75,16,10,40,20,3,0,14,90,18,15,58,29,3,0,18,135,8,3,13,9,3,4,115,42,0,0,0,55,44,7,36,47,10,5,7,31,34,7,23,93,7,2,12,50,13,2,33,135,4,0,5,37,11,2,48,72,13,3,2,39,35,2,15
10,0,5,20,47,140,7,8,91,7,12,9,16,83,11,33,140,0,0,0,0,0,0,78,46,0,0,0,14,4,1,12,34,10,27,110,66,15,0,6,55,9,36,59,77,32,2,21,140,6,0,0,4,4,2,62,63,0,0,0,9,19,15,15,69,8,1,13,140,46,0,0,57,30,1,5,138,69,0,1,140,34,0,0,3,3,2,43,35,1,3,3,7,23,18,26,37,15,6,8,130,47,0,0,23,64,53,12,45,22,0,0,88,35,10,2,1,0,1,68,51,20,6,4,1,0,1,41
122,60,0,0,10,14,0,1,39,7,0,1,20,31,7,32,36,11,1,5,73,28,2,13,122,51,0,0,10,8,1,2,120,50,0,0,11,44,39,17,100,32,0,1,18,46,11,20,59,17,2,10,71,42,8,16,122,12,0,0,9,49,28,61,35,10,5,5,7,33,98,36,114,16,0,1,10,32,30,89,13,6,6,9,51,122,59,32,16,40,29,1,2,54,122,85,36,32,25,29,8,3,2,7,100,45,2,10,24,8,1,7,22,63,24,37,72,22,3,1,27,122,108,2,0,2,10,4
19,0,0,29,40,4,17,46,6,0,7,94,67,4,9,20,16,59,38,44,25,14,15,7,15,48,19,114,114,0,0,3,28,18,7,14,114,78,25,48,114,36,34,53,12,1,10,53,34,49,65,110,27,0,0,4,48,38,16,108,78,0,0,7,41,114,103,20,42,46,0,1,103,48,51,52,7,1,2,40,30,5,15,82,48,3,4,37,56,7,16,52,21,0,0,21,114,55,31,41,17,0,0,16,13,6,20,114,57,1,1,16,40,2,10,35,18,2,3,69,12,2,12,34,21,2,2,17
156,66,0,0,16,82,5,5,156,72,0,0,0,0,0,3,156,29,0,0,0,0,0,26,73,1,0,0,0,0,1,50,112,51,0,0,0,0,0,4,156,52,0,0,0,0,0,13,142,40,2,4,5,0,0,10,121,11,0,0,0,0,7,27,11,0,0,0,0,0,0,0,156,8,0,0,0,0,0,50,86,7,1,1,0,0,15,100,21,3,0,0,0,0,44,60,0,0,0,0,0,0,0,0,8,0,0,0,0,0,1,20,7,0,0,0,0,0,31,144,12,0,0,0,0,0,14,86
92,0,0,4,11,6,2,83,37,0,0,77,31,2,13,85,3,6,52,132,43,3,6,3,42,37,66,17,0,0,0,32,56,1,2,64,30,1,6,59,38,1,0,3,5,28,132,104,84,11,36,52,10,6,56,59,29,29,49,75,4,0,0,0,5,1,30,132,27,2,2,5,58,18,19,98,17,24,30,15,132,46,5,9,0,1,7,32,36,32,35,57,3,0,0,2,0,0,17,132,6,0,0,1,19,4,14,132,20,0,0,2,132,7,4,31,4,0,0,57,69,28,17,3,13,6,0,15
44,13,1,0,0,9,133,26,5,3,1,3,3,6,133,32,45,0,0,0,0,3,71,105,7,0,0,0,70,49,4,10,49,20,4,7,9,6,17,6,46,11,4,15,77,14,22,18,133,14,0,0,11,6,5,48,31,7,0,0,133,117,0,3,42,5,0,2,24,19,6,27,60,7,1,12,85,14,3,19,133,12,0,2,25,29,3,24,30,25,0,0,133,133,2,5,49,5,0,0,18,28,11,17,46,6,0,10,44,34,9,18,73,1,0,1,20,64,63,79,51,77,0,0,67,119,17,5
44,122,51,10,15,5,0,0,57,122,87,0,0,0,0,0,45,58,4,70,21,2,2,0,0,22,77,122,18,1,1,0,122,112,5,0,1,7,15,112,98,41,9,1,5,7,16,38,29,7,0,6,31,41,33,10,6,2,19,29,4,8,25,48,96,117,62,0,0,0,6,89,122,83,5,1,4,0,6,41,20,6,0,51,105,14,7,10,33,0,0,21,34,6,10,99,76,89,26,0,0,0,0,46,61,60,5,0,1,2,1,15,3,5,1,28,48,48,5,2,27,24,3,25,38,27,1,10
74,41,0,0,0,0,0,0,124,124,14,1,0,0,0,4,15,75,71,6,3,4,0,0,5,124,60,0,0,0,0,0,124,122,0,0,0,0,0,0,124,60,0,0,0,0,0,11,124,62,22,0,0,0,0,31,45,77,43,0,0,0,0,26,86,124,58,3,0,0,0,0,63,82,11,0,0,0,0,1,124,12,0,0,0,0,0,53,51,1,0,0,0,0,2,113,0,36,124,52,2,2,0,0,5,25,105,26,0,0,0,0,47,37,36,2,0,0,0,4,34,20,8,0,0,0,0,31
2,3,1,58,114,0,0,0,114,79,3,16,26,0,0,0,32,42,30,25,11,3,0,0,5,38,22,9,4,50,12,0,8,2,3,62,125,0,0,0,125,51,2,11,57,7,6,14,39,30,20,6,16,125,17,5,0,4,9,7,14,125,32,0,4,4,9,57,125,10,0,0,101,10,8,21,87,29,46,51,11,55,49,11,9,125,64,12,0,32,70,93,17,55,1,0,0,19,7,5,65,111,14,0,1,82,68,10,37,17,5,3,5,83,50,7,6,16,7,3,7,58,57,46,3,0,1,2
29,0,0,1,100,27,4,19,34,2,5,3,44,12,48,115,3,0,2,3,8,11,115,121,0,0,1,1,9,6,46,27,15,4,2,7,114,21,3,10,91,50,51,33,63,11,13,14,9,11,67,122,3,0,63,78,0,0,2,34,2,1,102,96,8,1,1,3,67,90,66,6,122,15,7,8,30,28,11,70,44,5,16,122,38,15,3,17,0,0,1,122,35,3,18,9,11,0,0,17,85,40,27,6,122,0,0,0,7,12,9,60,49,0,0,6,26,39,17,17,0,0,1,53,37,9,28,8
0,0,0,36,126,26,1,0,66,0,0,24,68,9,3,28,141,0,0,2,7,2,0,61,10,0,0,23,41,14,11,4,8,4,1,16,74,43,12,9,59,1,0,30,141,6,1,28,141,7,0,4,10,2,0,74,35,2,1,51,57,1,0,3,9,21,62,74,49,4,1,3,49,29,5,77,141,0,0,1,141,101,3,9,9,0,0,7,32,11,6,35,17,0,0,1,0,0,15,80,58,5,21,5,21,58,35,89,76,0,0,0,123,141,14,4,1,0,0,0,7,11,8,26,5,0,0,0
9,1,0,0,0,0,2,21,55,23,0,0,0,0,1,19,168,168,1,0,0,0,0,2,43,55,25,66,8,2,2,0,1,0,0,0,0,0,6,22,137,10,0,0,0,0,3,60,168,68,0,0,0,0,0,58,61,18,9,13,0,0,0,5,7,1,0,0,0,0,3,7,168,28,0,0,0,0,0,9,168,66,0,0,0,0,0,10,62,6,0,0,0,1,1,7,12,5,0,0,0,0,0,1,168,13,0,0,0,0,0,10,168,13,0,0,0,0,0,34,36,1,0,0,1,0,1,16
5,0,0,0,0,1,157,32,157,17,1,0,0,2,92,102,120,23,2,0,0,0,8,28,2,2,2,1,10,5,4,8,39,1,0,0,0,1,16,12,157,57,0,0,2,1,2,15,125,22,0,0,25,31,31,31,40,7,2,3,5,3,13,39,47,1,0,0,0,0,0,9,157,4,0,0,4,2,0,63,108,5,1,16,64,19,7,39,45,7,1,4,3,1,39,81,22,4,0,0,0,0,0,9,157,1,0,0,0,0,0,102,116,3,22,51,12,0,3,51,3,5,61,38,1,0,17,34
0,0,16,41,27,3,61,12,2,11,75,113,34,6,36,2,62,55,34,121,47,2,4,0,103,59,11,6,0,0,0,0,0,0,0,1,0,0,155,90,12,0,1,17,9,10,155,67,125,53,23,30,9,6,78,83,36,43,6,1,2,1,1,5,6,0,0,0,0,0,31,29,103,11,0,0,0,1,65,34,155,57,0,0,6,8,17,36,37,5,1,1,8,10,22,38,7,0,0,0,0,0,2,13,118,3,0,0,0,0,0,15,155,10,0,4,22,9,1,36,39,6,2,8,18,8,17,43
4,13,2,0,0,0,0,0,104,24,2,0,0,0,0,2,156,8,0,0,5,5,0,15,16,0,1,7,50,66,43,5,1,22,43,0,0,0,0,1,100,32,66,0,0,0,0,8,156,28,10,0,8,30,8,59,13,1,3,16,75,137,20,8,0,104,156,0,0,2,12,1,17,63,156,5,0,0,9,7,70,95,133,42,17,19,4,10,2,5,114,67,36,86,12,1,19,38,40,1,8,18,27,3,28,41,49,1,0,0,16,13,7,12,31,17,2,1,4,2,0,3,66,25,8,6,0,0
47,6,0,0,0,0,0,13,52,7,0,0,0,0,0,26,36,17,19,8,6,1,0,7,39,74,53,8,5,1,0,2,41,14,0,0,0,0,0,4,72,8,0,0,0,0,0,22,115,14,3,0,0,2,3,22,167,103,7,1,2,6,4,4,32,4,0,0,0,0,0,27,60,24,0,0,0,0,0,28,103,44,0,0,0,0,1,14,167,167,0,0,0,0,1,1,14,0,0,0,0,0,1,35,17,1,0,0,0,0,4,88,167,82,0,0,0,0,1,77,167,167,2,0,0,0,0,5
4,0,0,0,0,1,5,9,32,0,0,0,0,0,1,16,14,3,0,0,0,1,18,21,153,120,0,0,0,0,9,27,10,0,0,0,0,0,7,26,49,0,0,0,0,0,0,15,66,29,1,0,0,0,1,2,189,189,0,0,0,0,0,0,16,22,8,0,0,0,0,10,46,14,5,0,0,0,0,14,153,32,0,0,0,0,0,3,189,122,0,1,4,2,0,0,4,34,16,0,0,0,0,0,8,23,15,0,0,0,1,2,145,26,0,0,0,0,0,2,189,31,0,4,2,0,0,0
2,1,0,1,12,31,68,19,101,0,0,0,0,3,53,120,90,0,0,0,0,1,10,44,0,0,0,0,8,35,16,5,28,0,0,0,76,145,65,24,145,13,0,0,0,9,39,87,125,2,0,0,0,10,51,34,1,2,1,1,5,39,36,3,86,39,16,14,94,75,7,8,145,85,2,0,0,1,3,15,77,15,0,0,0,5,20,20,16,15,2,0,3,20,5,4,27,62,42,11,6,0,0,1,145,118,7,0,0,0,0,5,38,54,2,0,1,9,0,1,4,15,1,0,18,145,3,0
76,18,5,0,0,0,0,84,105,5,0,0,0,0,0,123,91,2,0,0,0,0,1,123,27,0,0,0,0,0,19,123,65,58,18,0,0,0,0,34,123,94,2,0,0,0,2,53,123,44,0,0,0,0,2,74,34,0,0,0,0,0,27,83,83,15,19,0,0,0,2,67,60,15,1,0,0,0,43,123,55,11,0,0,0,0,31,123,25,3,0,0,0,1,30,84,10,11,123,21,0,0,0,5,31,39,93,14,0,0,5,18,79,99,11,0,0,0,1,38,58,63,0,0,0,0,2,23
65,83,14,5,0,0,0,0,35,68,65,19,0,0,0,0,120,103,9,0,0,0,0,0,120,81,6,0,0,0,0,0,64,69,15,34,1,0,0,4,98,117,59,1,0,0,0,17,73,120,66,0,0,0,0,1,120,80,2,0,0,0,0,4,21,21,22,99,17,0,0,7,120,58,18,1,0,0,0,53,120,76,14,0,0,0,0,19,94,42,1,0,0,0,0,24,2,21,61,74,2,0,2,2,52,85,90,2,0,0,0,2,101,37,11,0,0,0,1,24,48,24,3,0,0,0,1,34
159,20,0,1,81,25,1,6,137,13,0,3,10,6,0,1,8,30,10,9,6,2,0,1,2,43,16,54,6,0,0,0,159,56,0,3,95,6,0,1,127,28,0,4,43,9,1,3,93,33,1,0,7,4,1,7,16,40,13,10,0,0,0,0,159,20,0,1,56,23,1,17,118,13,0,16,79,0,0,3,117,4,0,2,16,0,0,50,40,7,9,2,0,0,0,23,159,29,8,8,29,7,0,38,103,4,1,49,47,0,0,13,20,0,0,24,31,1,4,75,34,0,1,0,0,0,0,105
42,115,3,0,0,0,0,0,74,115,14,0,0,0,0,0,53,47,16,2,7,6,1,8,4,10,50,13,14,20,14,4,115,98,1,0,0,0,0,7,115,115,43,0,0,0,0,13,18,115,115,1,0,0,0,1,0,76,115,6,0,0,0,0,96,92,0,0,0,0,0,6,115,82,1,0,0,0,0,27,115,70,28,0,0,0,0,20,12,70,33,0,1,15,7,1,115,67,0,0,0,0,0,3,86,97,0,0,0,0,0,8,115,56,0,0,1,1,0,5,21,7,8,11,36,48,9,4
11,0,0,5,17,7,10,18,9,11,14,146,111,42,19,2,152,55,21,51,17,7,2,5,77,2,0,0,2,4,1,4,24,0,0,11,43,5,1,41,14,1,0,34,152,99,34,15,152,7,1,5,19,26,22,50,74,1,0,0,0,23,8,6,31,0,0,12,32,1,0,26,37,10,0,51,152,6,1,7,152,52,1,12,43,4,1,10,46,3,0,0,7,35,4,3,21,1,0,4,31,3,0,4,38,3,0,6,152,12,0,4,152,22,2,4,34,2,0,6,21,5,14,16,6,6,0,0
6,10,0,0,8,4,8,13,15,3,0,0,146,50,3,4,146,37,0,1,62,11,0,1,40,9,0,1,22,2,0,1,2,38,7,2,39,6,0,0,37,5,2,6,146,91,1,5,146,18,1,5,41,18,1,18,41,4,0,15,38,0,0,7,0,15,10,4,83,10,0,0,21,30,27,36,146,28,1,5,146,97,38,13,13,1,0,16,41,3,1,36,35,0,0,6,0,2,0,1,105,18,0,0,41,11,4,2,146,85,25,75,117,45,28,4,1,3,7,94,12,5,6,19,20,0,0,1
35,72,9,1,0,0,0,3,122,75,0,0,0,0,0,3,122,82,6,0,0,0,0,2,52,122,9,0,0,0,0,0,39,122,7,0,0,0,0,0,78,107,23,0,0,0,0,3,122,14,2,0,0,0,0,39,122,25,0,0,0,0,0,48,122,72,2,0,0,0,0,4,53,62,67,1,0,0,0,3,122,72,32,0,0,0,0,14,122,31,0,0,0,0,0,40,91,21,23,10,0,0,0,7,116,22,7,0,0,0,0,10,57,109,14,0,0,0,0,15,51,108,3,0,0,0,0,5
5,6,0,0,0,3,4,3,26,5,0,0,0,0,0,3,22,2,0,0,0,0,0,2,20,4,0,1,1,0,0,2,70,8,0,0,0,0,0,88,23,13,0,0,0,0,0,1,23,3,0,0,1,2,0,6,34,5,1,2,3,0,0,8,215,0,0,0,0,0,0,215,28,1,0,0,0,0,0,24,19,8,2,2,6,5,1,7,40,15,0,1,3,1,0,7,215,0,0,0,0,0,0,215,62,0,0,0,0,0,0,215,17,8,3,1,0,1,2,12,18,7,0,0,5,56,7,13
139,22,0,0,0,0,0,14,139,16,0,0,0,0,0,68,48,10,0,0,0,0,7,89,7,2,0,0,0,5,31,51,139,39,0,0,0,0,0,15,139,71,0,0,0,2,1,25,37,19,0,0,2,44,41,32,2,0,0,0,0,8,72,90,139,6,0,0,0,0,0,38,139,12,0,0,4,9,4,50,15,7,6,10,41,102,26,16,37,49,12,1,2,15,29,58,139,6,0,0,0,0,0,27,134,9,0,0,3,1,2,59,17,69,27,17,23,4,3,12,17,139,46,2,0,0,0,0
52,17,0,0,0,0,0,10,110,89,0,0,0,0,0,12,112,53,0,0,0,0,0,19,120,30,1,0,0,0,0,41,112,0,0,0,0,0,0,49,123,5,0,0,0,0,0,88,123,53,0,0,0,0,0,27,114,81,0,0,0,0,0,9,99,55,1,0,0,0,0,12,123,66,0,0,0,0,0,15,123,41,0,0,0,0,0,15,115,10,0,0,0,0,0,55,51,93,1,0,0,0,0,2,109,116,0,0,0,0,0,1,118,66,0,0,0,0,0,4,74,15,0,0,0,0,0,15
19,0,0,0,0,0,0,23,80,2,0,0,0,0,6,135,23,0,0,0,0,0,166,199,0,0,0,0,0,0,199,199,67,6,0,0,0,0,0,5,131,34,0,0,0,0,0,16,48,23,0,0,0,0,7,46,16,3,0,0,0,5,74,99,80,12,0,0,0,0,0,3,125,17,0,0,0,0,0,27,29,8,0,0,0,1,9,44,10,0,0,0,0,4,17,27,68,5,0,0,0,0,0,8,90,15,0,0,0,2,0,13,12,5,0,0,4,25,17,12,14,4,0,0,0,2,15,35
0,0,0,1,39,6,0,0,139,9,1,2,30,5,0,24,143,11,5,2,1,0,0,30,3,4,8,77,143,0,0,0,4,5,0,0,62,41,0,0,117,41,2,0,21,9,0,15,143,17,3,1,0,0,0,41,22,10,7,69,143,6,1,4,41,11,0,0,31,55,2,10,101,55,7,0,1,3,0,9,143,31,0,0,0,1,0,27,25,3,0,27,143,10,2,7,54,9,0,0,7,40,14,40,105,9,3,0,0,0,0,44,143,8,2,0,0,0,0,68,37,9,10,41,86,1,0,10
0,0,0,0,0,0,0,0,63,31,0,0,0,0,0,3,127,116,0,0,0,0,0,6,82,98,6,0,0,0,0,12,8,3,0,0,0,0,0,3,127,94,0,0,0,0,0,12,127,79,0,0,0,0,0,34,127,47,2,0,0,0,0,82,26,0,0,0,0,0,0,31,127,10,0,0,0,0,0,118,127,24,0,0,0,0,0,90,127,57,0,0,0,0,0,24,33,24,0,0,0,0,0,19,127,33,0,0,0,0,0,44,127,27,0,0,0,0,0,27,127,5,0,0,0,0,0,51
4,2,0,0,122,13,0,0,23,0,0,0,152,60,8,36,152,0,0,0,7,7,5,152,29,0,0,0,0,0,7,40,2,0,0,2,152,22,8,5,32,3,1,32,152,14,1,13,152,10,1,5,24,2,1,81,89,0,0,0,0,0,0,21,0,0,0,1,51,73,73,4,12,16,13,72,152,41,7,0,152,62,14,21,11,0,0,14,56,0,0,0,0,0,0,6,0,0,0,0,1,26,30,0,1,2,3,8,17,28,15,1,25,9,3,3,1,0,4,24,3,0,0,0,0,0,0,3
0,0,0,1,3,0,0,0,0,0,1,22,35,12,2,2,13,18,15,4,3,5,3,7,1,15,26,0,0,0,0,0,0,0,0,1,60,6,0,0,12,0,0,5,157,98,14,15,157,51,10,0,12,23,15,51,38,72,95,4,0,0,0,0,0,0,0,16,117,4,0,0,35,7,1,40,157,25,1,3,157,61,1,5,25,4,1,9,107,48,18,9,2,0,0,0,0,0,6,48,62,0,0,0,19,21,7,107,157,0,0,0,157,108,6,14,11,0,0,0,74,22,0,0,7,3,0,0
0,0,0,0,0,0,0,0,35,0,0,0,0,0,0,9,31,2,0,0,0,0,0,8,1,3,1,0,0,0,1,0,41,1,0,0,0,0,0,1,203,20,0,0,0,0,0,20,191,14,0,0,0,0,0,8,1,7,1,0,0,0,0,0,82,13,0,0,0,0,0,2,203,9,0,0,0,0,0,27,203,4,0,0,0,0,0,10,5,4,0,0,0,0,0,0,48,22,0,0,0,0,0,1,203,5,0,0,0,0,0,67,191,0,0,0,0,0,0,44,5,2,0,0,0,0,0,0
0,0,0,0,0,0,0,0,9,7,0,0,0,0,0,9,127,15,0,0,0,0,0,55,127,14,0,0,0,0,0,60,2,0,0,0,0,0,0,6,60,71,1,0,0,0,0,25,114,127,4,0,0,0,0,6,127,127,0,0,0,0,0,2,19,9,2,0,0,0,0,20,127,31,0,0,0,0,0,81,127,66,0,0,0,0,0,72,127,72,0,0,0,0,0,66,35,32,5,0,0,0,0,3,127,95,3,0,0,0,0,6,107,32,11,0,0,0,0,80,100,7,0,0,0,0,0,127
0,6,5,6,5,55,28,0,10,0,11,122,17,56,42,17,11,2,24,179,33,1,12,31,39,21,68,179,15,1,72,179,0,0,0,2,2,8,2,0,39,5,6,11,4,7,6,19,105,12,30,169,1,0,0,23,19,15,114,179,4,0,1,3,0,0,0,0,0,0,0,0,8,16,17,1,0,0,0,0,93,48,19,3,0,0,0,4,28,7,27,138,1,0,0,7,0,0,0,0,0,0,0,0,0,0,1,0,0,0,0,0,14,8,7,0,0,0,0,6,16,1,4,5,0,0,0,30
29,0,0,0,0,1,76,74,141,52,0,0,0,0,13,54,141,30,0,0,0,0,22,84,68,2,0,0,0,0,110,124,141,3,0,0,0,1,10,39,141,61,0,0,1,3,0,24,55,42,0,0,14,65,49,25,141,10,0,0,0,13,77,73,92,23,0,0,1,0,0,4,141,25,0,0,2,11,5,26,27,7,1,0,34,96,15,17,141,16,1,0,2,10,11,89,0,0,0,0,0,0,0,0,4,0,0,0,0,0,0,0,0,3,0,0,2,4,0,0,15,7,0,0,0,0,3,25
27,55,14,0,0,0,0,1,131,84,3,0,0,0,0,9,131,12,0,0,5,15,37,46,0,0,0,3,19,68,31,0,19,50,23,0,0,2,18,14,131,89,1,0,0,0,5,33,93,14,0,0,0,14,78,43,0,0,0,0,12,64,68,0,34,78,8,1,6,12,36,24,131,55,22,4,0,3,37,64,13,6,26,1,0,24,131,30,0,5,30,0,0,48,121,2,9,131,43,3,2,0,0,0,3,53,131,23,0,1,3,1,0,19,131,6,0,2,11,1,0,15,129,1,0,1,3,0
0,1,13,58,65,0,0,0,35,1,0,49,138,4,0,4,138,5,0,1,5,0,0,19,37,10,2,0,1,1,0,2,0,0,0,19,96,26,34,4,36,1,0,32,138,21,2,5,138,7,0,2,14,2,0,19,54,7,3,1,1,0,0,1,0,0,0,0,14,38,138,72,31,8,1,5,94,73,100,29,138,44,1,2,8,1,1,16,48,23,8,2,0,0,0,0,7,0,0,0,15,27,57,38,25,1,0,2,19,32,77,138,134,16,0,0,0,0,3,138,27,10,5,4,0,0,10,63
0,0,0,0,0,0,0,0,14,3,0,0,0,0,0,0,170,122,0,0,0,0,0,0,31,95,12,7,2,0,0,0,0,0,0,0,0,0,0,0,104,8,0,0,3,0,0,0,180,92,2,0,0,0,0,3,43,36,24,11,1,0,0,0,0,0,0,0,6,7,0,0,117,1,0,0,21,17,0,11,180,13,2,0,0,0,0,89,73,23,37,2,0,0,0,13,0,0,0,0,15,29,0,0,56,4,0,0,8,17,0,10,180,1,0,0,0,0,0,169,124,19,7,0,0,0,0,80
2,0,0,7,118,7,0,0,118,5,0,2,33,1,0,34,89,1,0,0,0,0,10,58,40,1,0,0,0,0,14,75,2,3,2,32,118,5,0,0,118,31,2,9,43,5,4,21,64,7,0,0,0,39,62,44,108,0,0,0,0,20,30,66,1,0,0,12,118,79,3,2,40,4,0,4,28,39,48,57,76,24,0,0,0,74,62,26,112,15,0,0,0,118,56,27,0,0,1,26,118,38,2,0,28,22,0,2,43,58,59,17,105,76,0,0,34,48,24,13,58,17,0,0,79,118,32,15
24,7,2,45,7,0,24,110,30,12,6,0,0,0,54,112,12,1,2,1,1,2,73,112,4,0,0,2,4,3,56,42,33,31,27,112,12,0,1,23,74,64,57,17,0,0,1,19,6,6,52,86,3,3,50,42,0,0,24,21,0,0,81,81,112,9,25,103,3,0,1,112,100,31,52,70,0,0,0,15,39,29,83,74,0,0,0,3,0,2,112,80,0,0,3,3,112,32,62,38,0,0,0,57,53,26,106,66,0,0,0,15,12,66,80,12,0,0,0,0,0,6,59,37,5,2,0,0
1,0,19,44,40,39,8,1,40,38,27,6,1,8,10,10,122,64,2,0,0,0,0,12,111,3,0,0,0,0,0,18,6,3,27,122,66,23,4,1,122,54,2,25,12,3,4,19,122,62,0,0,0,0,13,56,54,3,0,0,0,0,18,107,1,0,12,69,122,60,1,0,48,3,0,12,64,26,24,102,19,1,0,0,0,1,85,122,19,1,0,0,0,0,73,122,0,0,0,18,122,115,2,0,23,6,6,6,32,46,19,65,20,13,4,0,0,10,49,54,93,60,0,0,0,3,35,32
0,0,0,52,119,45,3,0,3,13,4,19,114,54,38,8,10,37,26,27,7,2,14,15,63,96,27,12,0,0,0,11,3,0,0,6,52,120,76,2,41,95,17,6,65,65,5,5,19,120,85,0,0,0,0,1,18,120,38,0,0,0,0,0,43,11,1,3,7,85,86,20,120,27,0,0,0,7,6,57,120,53,10,0,0,0,0,69,88,75,5,0,0,0,0,17,30,21,39,50,6,2,1,5,46,19,13,3,0,0,13,62,120,27,5,0,0,0,1,103,120,18,0,0,0,0,0,15
26,1,0,0,0,36,15,14,59,0,0,0,4,81,18,31,55,9,0,0,11,78,22,37,21,10,0,0,24,91,28,7,62,13,0,0,6,26,21,12,52,7,0,0,91,141,20,18,141,8,0,3,16,68,24,74,32,4,0,36,141,33,1,4,96,40,0,0,35,9,5,5,51,17,1,20,141,54,1,3,141,45,1,8,26,9,1,14,40,4,1,56,140,2,1,3,49,11,0,2,22,5,3,40,19,17,10,51,121,7,1,3,141,43,8,11,6,0,0,10,26,9,11,23,22,2,1,5
0,0,0,42,87,14,1,0,26,0,0,28,75,20,27,66,74,2,7,23,27,0,2,70,16,3,3,25,77,0,0,5,19,2,3,60,55,0,2,41,39,3,1,124,124,5,4,43,124,12,1,16,42,1,1,98,15,21,13,33,73,0,0,2,75,0,0,11,21,1,2,124,23,21,14,124,124,1,1,15,124,116,21,60,29,0,0,4,20,30,9,38,40,0,0,0,124,57,2,1,0,0,0,68,35,36,13,68,31,1,0,11,66,73,15,45,16,0,0,0,6,18,17,55,12,0,0,0
0,0,0,10,35,103,26,0,2,3,0,23,77,76,14,0,14,118,56,17,43,12,0,0,20,118,90,1,0,0,0,0,0,0,0,2,10,114,64,9,46,13,15,11,12,102,30,7,118,118,12,0,1,8,2,49,53,76,21,0,0,1,0,21,7,1,6,54,27,14,12,49,67,53,56,13,3,2,0,38,118,118,36,0,0,0,0,37,80,49,1,1,7,2,0,17,3,6,60,118,2,0,0,6,67,115,70,17,0,0,0,15,81,115,21,0,0,0,0,1,26,37,1,1,7,7,0,0
28,2,0,0,0,0,39,88,4,1,0,0,1,5,46,56,1,0,0,0,4,38,86,17,1,0,0,0,1,7,108,40,16,0,0,2,5,14,121,100,121,6,3,12,10,5,41,121,21,10,37,113,68,68,50,7,26,87,42,18,4,12,71,44,44,74,13,32,25,7,15,19,121,121,4,5,0,0,1,33,63,20,76,107,5,3,0,1,1,64,103,29,0,2,3,1,79,69,8,27,17,2,0,10,116,117,0,0,0,0,5,26,30,5,2,6,12,16,4,16,0,1,5,9,10,14,28,18
67,7,0,0,0,2,87,116,74,0,1,1,0,0,16,119,16,2,15,29,13,0,2,22,1,3,17,58,97,1,0,0,76,29,4,1,0,5,65,78,119,17,0,0,0,0,27,119,87,13,1,2,8,3,2,19,0,0,3,21,90,54,8,3,22,119,119,2,0,6,28,12,119,119,43,0,0,0,3,30,45,5,0,0,7,5,23,58,0,0,0,20,119,34,14,8,0,81,95,1,0,12,48,1,2,36,33,3,2,36,89,2,3,1,0,0,0,15,98,43,1,0,0,45,56,2,18,43
0,6,120,120,1,0,0,0,14,82,120,56,4,9,4,1,60,119,32,1,0,3,5,6,11,15,12,8,3,1,0,1,5,7,42,13,20,20,6,14,7,4,54,23,90,120,37,18,120,19,7,3,6,30,39,88,27,23,13,1,0,0,0,2,24,17,0,14,39,11,5,11,12,16,18,120,118,36,3,4,120,95,20,35,8,4,4,19,38,18,3,0,0,7,13,3,5,6,0,5,5,8,120,13,1,4,4,40,24,55,111,1,27,25,6,9,3,14,120,29,5,1,0,0,0,60,120,13
1,118,94,3,3,1,0,0,20,118,30,2,7,6,23,33,13,41,18,2,9,0,22,53,8,15,10,16,49,4,0,3,2,77,56,29,49,2,0,0,8,7,10,65,118,38,73,52,118,18,4,8,6,4,57,118,38,9,18,16,6,15,9,9,1,7,1,17,37,9,3,0,7,17,39,118,101,5,2,4,118,93,43,35,8,61,38,20,22,3,0,0,1,106,118,17,0,0,0,0,5,23,9,1,1,1,5,27,39,9,2,1,1,4,5,21,118,111,17,0,4,10,3,17,48,100,96,16
41,0,0,30,9,1,16,85,6,5,45,121,22,3,18,15,72,51,61,23,0,0,0,29,94,27,0,0,3,18,2,21,19,1,6,51,5,5,52,56,121,17,19,17,2,3,45,54,52,54,70,37,0,0,0,1,50,34,5,0,60,102,1,2,8,4,30,121,4,1,1,1,121,20,13,49,1,0,1,31,96,35,39,9,30,12,0,16,2,8,10,6,121,121,0,0,0,0,4,121,11,0,0,0,65,2,5,121,18,0,0,37,78,4,1,7,40,53,24,80,2,18,41,15,108,64,3,0
108,133,28,2,8,9,4,14,14,70,133,7,0,0,18,31,1,51,133,1,0,0,6,11,1,58,99,0,0,4,2,0,93,105,1,0,0,0,17,36,12,6,3,0,3,3,89,117,40,4,6,0,0,1,37,120,3,0,1,0,5,74,8,9,24,31,1,0,3,8,4,8,48,32,1,1,21,25,8,14,129,59,0,0,3,34,4,27,8,9,0,0,29,133,2,3,22,9,0,0,5,11,9,10,67,41,0,0,10,13,8,12,49,37,1,0,10,133,13,5,0,103,11,0,23,133,0,0
1,41,134,1,0,0,1,3,37,54,134,2,0,0,0,8,60,40,134,95,13,0,0,13,33,1,23,134,61,0,0,44,8,17,12,1,0,6,17,6,43,16,15,4,1,10,21,17,134,18,3,21,3,0,1,41,15,1,7,134,23,0,0,4,11,50,63,0,0,6,15,9,10,91,124,0,0,2,19,5,75,87,22,0,0,0,11,9,12,1,2,41,0,0,12,9,14,20,31,9,0,0,85,52,1,13,33,6,0,1,134,32,2,7,9,1,0,0,134,27,0,0,1,0,0,0,134,35
12,0,0,5,91,81,26,13,133,2,1,4,8,18,14,90,18,0,1,65,34,30,14,12,0,10,17,84,37,6,14,2,18,0,0,17,133,37,3,9,133,3,0,6,34,5,2,65,50,2,0,37,83,31,22,6,0,3,7,23,30,47,69,10,12,12,23,81,123,9,1,1,133,101,7,18,39,1,0,12,57,17,11,96,63,2,0,0,0,0,76,128,32,18,12,1,8,31,29,77,62,5,21,16,75,133,29,18,6,0,0,0,10,20,9,51,23,3,0,0,1,1,34,26,13,15,23,5
0,0,0,0,0,52,66,6,75,0,0,0,0,6,23,67,121,0,0,0,0,0,0,92,10,0,0,10,9,1,5,33,21,1,0,0,0,7,67,46,122,16,0,0,0,0,8,36,91,2,0,0,0,3,35,121,7,0,0,0,1,4,23,122,101,7,0,0,0,0,49,122,122,52,5,9,8,5,5,22,9,2,1,10,41,85,94,53,32,0,0,0,2,19,62,122,70,3,0,0,0,0,5,50,86,34,11,28,18,0,0,7,2,2,4,68,122,40,11,13,104,6,1,7,33,15,15,122
34,119,55,14,44,109,8,5,54,126,12,2,24,19,1,1,49,60,5,0,8,9,0,1,4,22,19,26,33,0,0,0,126,126,51,6,10,12,9,13,25,41,14,3,94,40,0,4,126,17,1,1,13,9,0,8,17,7,2,18,51,2,0,0,82,126,7,13,80,25,0,0,35,0,0,1,93,80,5,2,126,11,0,0,9,4,0,2,23,3,0,3,85,13,0,0,27,13,0,13,126,15,0,6,39,0,0,4,102,48,33,40,126,12,0,0,3,0,3,26,16,3,0,4,94,3,0,0
2,0,0,0,0,30,54,28,0,0,0,0,0,28,79,35,13,0,0,0,0,1,61,139,39,0,0,0,0,0,19,151,4,0,0,0,2,12,55,79,7,1,0,2,25,64,60,16,151,20,0,0,1,6,36,66,84,16,0,2,6,11,17,56,8,0,0,0,2,1,28,151,14,6,4,11,26,9,29,66,151,17,3,3,1,0,4,46,57,2,1,11,9,4,16,51,0,0,0,0,0,0,36,145,6,0,0,0,0,0,45,151,55,0,0,0,0,0,42,117,10,0,0,0,0,0,87,71
92,52,0,0,0,0,0,2,126,46,0,0,0,0,0,16,118,71,5,0,0,0,0,24,29,80,16,0,0,2,0,4,126,12,0,0,0,0,0,55,126,34,0,0,0,0,0,23,126,39,0,0,0,0,0,25,106,11,3,3,8,5,0,14,126,36,0,0,0,0,0,23,126,22,0,0,0,0,0,23,126,7,0,0,0,0,0,76,117,10,4,1,0,0,0,65,104,58,0,0,0,0,0,9,126,37,0,0,0,0,0,17,107,7,0,0,0,0,0,25,126,4,0,0,0,0,0,38
0,0,0,3,1,0,0,0,3,12,2,1,0,0,0,0,0,4,2,0,0,0,0,0,0,0,0,0,0,0,0,0,5,0,0,30,92,9,2,5,132,81,19,13,48,11,5,42,33,50,57,80,15,0,0,1,0,0,0,51,65,14,1,2,4,1,6,129,132,2,0,1,132,43,11,92,86,3,1,30,123,11,10,61,51,1,0,4,2,1,5,132,126,7,1,2,0,0,17,89,103,5,2,0,132,22,5,55,106,7,0,7,97,8,5,11,12,0,0,2,1,14,26,116,10,0,0,0
0,0,0,0,0,0,0,0,39,12,0,0,0,0,0,24,129,18,0,0,0,0,0,64,129,14,0,0,0,0,0,30,10,1,0,0,0,0,0,13,112,69,0,0,0,0,0,27,129,129,0,0,0,0,0,8,129,72,0,0,0,0,0,9,40,16,1,0,0,0,0,20,129,27,0,0,0,0,0,65,129,23,0,0,0,0,0,122,129,12,0,0,0,0,0,129,59,24,1,0,0,0,0,5,129,57,0,0,0,0,0,11,98,43,0,0,0,0,0,53,111,14,0,0,0,0,0,73
2,12,4,0,0,0,0,0,61,30,3,0,0,0,0,4,177,22,0,0,0,0,0,68,177,10,0,0,0,0,43,177,0,2,1,0,0,0,0,0,27,16,3,0,0,3,14,18,177,12,0,0,0,0,3,73,162,1,0,0,0,0,108,177,0,0,0,0,0,0,0,0,15,24,11,0,0,1,4,2,116,28,4,0,0,0,12,65,33,0,0,0,0,0,60,125,0,0,0,0,0,0,0,0,0,1,2,0,0,1,0,0,10,15,4,0,0,4,8,27,50,26,3,0,0,0,3,43
77,8,0,0,0,0,0,60,77,1,0,0,0,1,27,135,7,6,0,0,15,89,65,99,19,84,0,0,19,56,1,0,93,53,0,0,0,1,1,17,66,15,0,2,13,24,34,67,135,90,1,0,1,16,40,87,24,135,10,0,0,5,0,0,57,18,0,0,1,0,9,69,44,10,4,18,21,7,18,47,135,46,3,3,1,0,2,70,67,37,15,3,0,0,0,21,0,0,0,0,0,0,8,28,4,0,0,0,0,0,45,95,135,0,0,0,0,0,18,135,113,10,1,1,0,0,0,85
20,9,4,120,56,0,0,0,120,52,37,35,5,0,0,0,10,65,66,19,2,0,2,8,5,29,25,1,0,0,1,11,11,6,6,120,71,0,0,0,120,56,15,63,22,0,0,2,36,20,14,81,64,6,14,35,29,6,9,10,10,2,11,120,4,2,5,120,55,0,0,0,120,17,6,96,46,0,0,53,55,2,1,116,86,0,0,37,51,0,0,72,50,0,1,87,14,1,1,54,30,0,0,5,42,0,0,113,95,0,0,42,65,0,0,27,42,1,0,71,17,1,3,79,46,0,0,10
75,25,10,19,122,42,0,1,137,33,2,1,6,2,4,41,55,9,0,0,1,3,21,56,20,39,4,3,5,16,15,9,24,37,104,50,59,7,0,0,137,92,25,8,2,0,0,23,90,59,6,0,0,0,1,11,75,38,5,1,0,0,0,9,5,14,65,74,91,3,0,2,137,14,4,14,43,4,0,71,114,15,0,0,0,1,5,38,69,7,0,0,0,0,2,14,1,0,8,91,137,3,0,0,137,0,0,24,73,0,0,29,137,9,0,0,0,0,0,14,52,8,0,0,0,0,0,3
135,29,0,0,20,14,1,8,34,4,0,8,81,25,1,3,22,2,17,105,20,5,1,7,1,0,4,74,56,7,1,0,135,70,0,0,19,12,0,1,33,2,0,0,121,46,2,7,116,4,4,17,60,12,1,21,12,18,8,36,135,18,0,1,135,42,0,0,16,18,1,4,27,9,0,0,88,59,1,1,135,21,0,12,45,4,0,2,38,13,4,51,135,3,0,11,135,5,0,0,15,18,3,19,30,9,0,0,36,26,0,0,99,12,0,5,10,0,0,2,23,0,0,57,133,1,0,12
33,0,0,16,29,0,0,61,7,0,0,20,83,2,0,0,78,13,1,10,18,1,0,0,12,7,2,75,132,0,0,0,97,0,0,21,27,1,0,126,27,0,0,30,132,3,0,14,132,18,1,7,23,1,0,1,23,6,0,41,132,0,0,0,132,0,0,7,24,27,6,86,70,1,1,57,84,1,4,33,132,7,2,23,23,0,0,13,30,2,0,51,132,0,0,2,62,5,2,3,7,7,7,64,23,0,0,12,15,3,50,110,68,6,1,12,9,1,12,40,25,1,1,49,132,0,1,7
12,0,0,23,74,14,24,85,125,3,0,24,72,15,5,39,66,1,0,0,107,33,0,14,38,38,0,0,29,19,0,0,9,2,0,2,26,55,50,35,125,48,0,2,27,45,24,30,94,24,1,7,125,19,0,10,87,74,1,3,33,6,0,0,38,8,3,3,10,15,43,53,125,28,3,2,6,4,5,125,48,16,2,13,73,7,16,110,96,49,2,5,48,12,0,0,97,10,1,0,0,1,6,108,37,5,0,0,0,3,5,83,62,6,0,0,2,1,4,125,56,15,0,1,56,14,2,40
0,4,19,3,46,87,18,3,7,1,1,2,10,54,56,56,25,0,0,15,36,105,16,19,128,0,0,0,1,6,3,45,10,0,0,9,128,54,10,12,128,5,1,7,53,31,18,69,55,5,2,46,105,18,0,7,128,2,0,2,9,1,1,38,36,11,6,28,128,17,0,16,128,97,11,16,84,12,1,14,43,21,25,22,103,18,0,1,128,27,13,2,5,0,0,20,21,42,32,62,68,1,0,4,16,126,56,48,28,0,0,0,2,21,51,36,27,0,0,0,48,13,17,11,9,0,0,10
0,0,0,77,90,10,0,0,1,3,5,93,76,10,0,0,30,117,35,21,21,2,1,4,74,117,9,11,2,0,0,3,0,0,0,7,78,117,4,0,24,7,3,10,51,117,6,7,117,109,7,2,5,6,1,44,66,61,2,2,2,4,1,20,0,0,2,32,116,99,9,1,40,29,10,9,10,35,11,17,117,90,2,0,0,0,0,31,90,30,0,4,8,1,0,14,0,0,46,117,34,1,2,5,29,49,107,62,1,0,0,7,90,117,15,0,0,0,0,1,34,38,1,2,8,1,0,0
0,15,14,4,2,27,46,2,0,10,12,1,0,8,99,27,0,1,6,42,6,7,35,35,0,0,47,68,10,25,8,0,1,0,1,2,0,120,125,29,13,0,0,0,0,48,125,76,90,5,0,0,5,12,82,125,11,1,0,1,46,94,20,8,3,23,73,63,2,22,36,11,52,44,48,42,11,23,30,18,125,86,6,1,25,21,5,24,33,22,4,4,111,109,2,3,1,49,117,51,0,0,0,0,6,55,125,50,1,4,1,0,32,85,61,14,36,15,1,0,5,42,54,25,57,15,0,0
2,81,127,5,1,15,26,4,12,117,84,10,14,35,16,17,100,40,17,21,33,38,9,7,74,56,13,0,0,0,20,20,7,7,31,2,16,83,65,41,17,7,4,3,20,127,62,44,127,19,0,0,8,73,16,18,82,8,0,0,1,1,10,13,109,17,1,1,86,73,22,38,79,16,4,30,97,48,7,14,127,20,0,5,15,8,4,14,55,1,0,0,0,2,10,26,82,100,23,15,74,22,0,2,45,32,22,16,73,33,0,0,127,43,7,1,5,2,1,13,29,11,1,0,0,1,5,18
4,7,0,0,6,121,9,3,9,60,5,0,2,84,30,3,61,121,3,0,0,33,19,7,55,62,0,0,16,1,0,2,10,3,5,2,5,97,102,15,121,108,2,1,0,43,73,28,63,121,0,0,0,14,33,9,8,25,0,0,15,8,46,15,34,105,46,34,37,21,29,16,121,14,11,22,33,9,10,106,67,10,0,0,0,22,67,63,15,0,0,0,5,11,41,52,9,45,4,4,66,84,23,9,121,0,0,2,50,55,8,115,91,0,0,0,0,0,6,76,8,0,0,0,3,4,8,19
0,0,0,1,12,5,110,73,0,0,9,87,67,16,58,18,30,37,21,116,39,4,6,2,83,71,11,16,2,0,0,2,0,0,0,0,0,0,136,136,13,0,0,10,5,6,136,136,114,53,15,28,10,6,62,77,35,72,7,4,13,7,0,3,4,0,0,0,0,0,13,30,126,14,0,0,0,0,29,54,136,44,0,0,0,0,5,48,37,3,0,5,22,5,1,38,10,8,0,0,0,0,2,7,136,6,0,0,0,0,0,10,136,11,5,2,0,0,0,23,20,4,9,5,5,0,1,47
11,8,0,0,0,0,0,1,135,8,0,0,0,0,0,9,135,0,0,0,3,10,5,42,11,0,0,0,10,51,72,6,3,31,22,0,0,0,0,0,119,55,36,0,0,0,0,9,135,29,6,1,16,26,7,73,7,2,4,5,70,116,28,8,0,135,135,0,0,0,0,0,16,135,135,0,0,0,0,0,54,119,121,27,8,8,2,10,1,13,120,60,27,32,1,1,4,71,63,10,16,0,0,0,19,77,27,0,2,3,1,0,7,26,28,5,0,13,30,1,0,0,34,13,9,17,30,1
31,16,2,0,0,0,0,0,145,61,0,0,0,0,0,0,101,21,0,0,0,2,14,4,0,5,1,0,0,8,25,1,46,30,5,0,0,0,0,0,145,38,0,0,1,6,2,11,78,2,0,0,25,92,87,15,0,0,0,0,1,51,145,9,16,65,145,0,0,0,0,0,145,93,84,9,6,16,5,16,25,5,30,29,50,145,20,10,1,57,48,3,4,56,54,2,5,59,91,0,0,0,0,0,4,44,90,27,3,2,5,1,0,5,109,70,16,14,1,0,0,39,81,7,10,27,5,0
121,73,2,0,0,0,0,43,76,101,4,2,9,16,20,27,134,12,0,0,0,4,20,134,30,0,0,0,31,25,10,30,10,28,4,3,10,2,0,0,24,21,6,7,121,138,42,32,138,7,0,0,8,35,47,138,49,0,0,0,7,47,29,51,0,0,0,0,0,0,0,0,35,35,1,0,34,40,2,3,138,117,0,0,5,12,4,24,61,10,0,0,22,138,10,14,0,0,0,0,0,0,0,0,2,3,0,0,0,0,0,0,59,18,0,0,1,28,25,21,37,12,0,0,40,138,32,13
29,65,41,1,0,0,0,0,101,111,3,0,0,0,0,0,145,56,0,0,0,0,0,15,145,19,0,0,0,0,0,39,5,17,79,11,0,0,0,0,84,53,68,17,0,0,0,9,145,48,4,0,0,0,0,47,137,19,0,0,0,0,0,75,0,0,6,3,0,0,0,0,8,20,73,23,0,0,0,1,91,112,25,1,0,0,0,15,145,145,0,0,0,0,0,12,0,0,0,0,0,0,0,0,2,1,2,0,0,0,0,1,70,19,1,0,0,0,0,36,145,100,0,0,0,0,0,55
32,5,0,0,0,0,0,2,128,74,0,0,0,0,0,3,128,128,0,0,0,0,0,4,128,48,0,0,0,0,0,4,85,61,0,0,0,0,0,0,128,55,0,0,0,0,0,20,128,24,0,0,0,0,0,82,128,12,0,0,0,0,0,75,84,70,32,0,0,0,0,0,128,62,3,0,0,0,0,8,128,36,0,0,0,0,0,46,108,2,0,0,0,0,0,96,6,22,65,0,0,0,0,0,46,28,68,4,0,0,0,10,95,24,11,0,0,0,0,65,66,13,0,0,0,0,0,57
0,0,0,0,0,0,0,0,3,2,0,0,0,0,0,0,0,0,0,0,0,0,0,0,0,0,0,0,0,0,0,0,9,0,0,11,19,0,0,4,135,58,12,12,17,1,1,30,36,33,30,103,41,0,0,1,13,1,0,68,71,1,0,8,4,1,3,123,46,0,0,1,135,40,20,127,41,0,0,33,134,11,14,132,45,0,0,9,16,11,55,135,59,0,0,6,0,0,1,85,81,5,1,0,135,10,6,84,134,2,0,19,135,14,11,11,0,0,0,15,10,19,78,92,0,0,0,0
0,0,0,0,0,0,0,0,5,0,0,0,0,0,1,8,29,2,4,5,22,0,1,18,2,1,1,60,224,0,0,0,0,0,0,0,0,0,0,0,24,0,0,0,0,0,0,4,101,2,0,4,19,0,0,13,6,1,0,96,224,0,0,0,0,0,0,0,0,0,0,0,26,6,0,0,1,0,0,3,117,9,0,2,11,0,0,2,13,1,0,70,224,0,0,0,1,0,0,0,0,0,0,5,46,2,0,0,0,0,1,22,85,3,0,1,4,0,0,12,13,0,0,62,224,1,0,2
56,30,0,0,0,0,1,16,140,10,0,0,0,0,0,109,80,1,0,0,0,5,48,140,10,20,0,0,20,74,61,72,35,21,0,0,0,0,3,8,140,40,0,0,0,0,2,33,112,18,0,1,8,9,30,90,140,93,1,0,0,5,21,62,6,0,0,0,0,0,0,0,56,6,0,0,0,0,10,63,57,5,0,2,5,2,44,126,140,15,0,0,0,0,6,140,0,0,0,0,0,0,0,0,0,0,0,0,0,0,1,2,2,0,0,0,0,0,20,52,98,0,0,0,0,0,7,140
95,12,0,0,0,0,3,83,38,12,0,0,2,32,51,131,6,113,2,0,9,55,13,3,8,92,5,0,0,1,0,0,52,22,0,1,5,4,7,37,131,94,2,0,2,2,10,51,43,131,24,0,0,0,1,3,1,68,11,0,0,0,0,0,15,2,0,0,0,0,14,92,131,17,0,0,0,0,4,131,126,40,14,1,0,0,0,35,7,74,10,1,4,5,5,1,1,0,0,0,0,0,2,15,131,0,0,0,0,0,1,131,131,26,3,0,0,1,2,131,5,17,5,4,25,23,7,7
3,8,63,104,128,28,8,6,79,81,89,35,5,3,8,32,131,77,2,2,0,0,1,25,23,4,1,56,61,0,0,3,2,15,94,99,32,1,0,1,49,22,66,107,89,1,0,8,131,23,2,3,4,0,0,65,52,5,2,22,82,1,0,11,0,0,3,21,85,6,2,1,21,18,7,48,131,2,0,1,131,44,4,7,4,0,2,31,42,1,0,3,52,66,23,33,0,0,0,1,29,28,61,36,9,6,1,8,53,21,22,3,55,9,1,1,1,17,35,32,3,0,0,0,17,131,44,16
14,0,0,23,97,11,3,9,78,0,0,1,4,2,26,65,16,0,0,1,2,20,58,32,3,3,1,20,34,27,67,8,1,0,0,22,119,53,9,4,17,2,1,7,28,48,119,90,110,17,21,11,7,19,75,116,19,52,73,19,9,14,23,7,1,0,15,114,119,27,0,1,35,23,44,119,34,18,11,11,119,60,12,6,2,1,3,77,34,12,23,9,11,10,4,25,7,0,7,97,47,0,0,16,7,1,9,69,119,19,0,7,108,3,1,2,15,6,1,119,74,2,0,11,4,0,0,52
0,7,5,0,0,21,122,20,1,0,6,32,6,13,88,65,0,1,39,44,23,73,20,5,2,13,32,2,1,26,41,21,14,3,5,6,0,51,122,33,122,10,0,0,12,16,78,122,40,4,0,0,111,122,16,20,50,13,0,1,22,34,23,25,16,46,122,59,0,4,10,3,122,122,66,14,25,8,1,9,32,45,54,48,117,40,0,2,34,50,21,18,26,10,0,0,0,22,122,15,1,27,15,0,9,55,76,18,9,28,17,3,2,23,79,63,12,1,0,0,0,6,26,57,13,0,0,0
2,0,0,0,1,13,43,62,5,11,3,2,21,49,48,29,7,27,3,0,18,123,109,6,0,1,0,0,6,96,123,4,10,0,0,0,25,51,49,35,100,2,0,10,43,51,56,73,16,4,9,74,123,107,31,7,2,59,41,13,16,24,82,10,36,7,5,19,68,11,1,10,123,47,10,26,39,5,1,7,42,21,110,123,70,0,0,0,0,120,123,32,4,0,0,0,13,45,34,16,7,2,0,3,49,73,30,10,2,8,25,6,28,28,42,8,0,1,47,41,0,14,66,4,0,15,27,12
24,0,0,0,0,0,0,12,81,11,0,0,0,0,0,13,167,92,4,2,0,0,0,3,40,22,21,34,11,21,35,14,14,0,0,0,0,0,0,29,152,6,0,0,0,0,0,41,167,82,6,2,0,0,0,6,47,31,62,67,5,0,0,0,17,1,0,0,0,0,0,16,167,4,0,0,0,0,0,16,167,9,0,0,0,0,0,35,70,2,2,5,12,5,1,14,14,3,0,0,0,0,0,4,97,0,0,0,0,0,0,42,167,0,0,0,0,0,0,167,36,0,0,0,3,10,14,74
44,22,1,0,27,36,22,29,9,2,9,11,86,107,30,55,73,18,119,26,2,2,8,108,23,10,129,80,0,0,0,3,39,15,4,7,33,10,37,83,43,5,3,92,129,22,8,34,129,22,3,11,4,0,2,65,87,12,10,10,0,0,0,8,52,23,15,6,2,2,13,69,28,18,15,119,55,9,10,31,129,48,13,26,7,2,0,37,77,0,0,2,0,0,0,62,8,23,129,0,0,0,3,22,7,14,108,26,7,10,10,17,65,25,25,22,3,2,0,16,52,2,0,0,0,0,0,70
11,5,0,0,0,0,1,13,99,19,0,0,0,0,0,16,172,72,0,0,0,0,0,11,86,10,0,1,17,3,0,31,23,25,0,0,0,0,0,2,160,26,0,0,0,0,0,3,172,60,6,0,0,0,0,6,56,34,20,3,5,2,9,19,34,2,0,0,0,0,0,23,146,10,0,0,0,0,0,21,172,10,1,0,1,8,13,100,31,8,9,7,8,58,109,39,21,0,0,0,0,0,0,29,75,0,0,0,0,0,0,50,172,17,6,3,1,3,2,69,44,27,93,34,9,18,12,12
47,22,1,0,0,0,0,0,142,61,0,0,0,0,0,1,123,22,0,0,0,1,18,9,1,3,0,0,0,8,38,2,63,40,9,0,0,0,0,0,142,40,0,0,0,3,3,15,80,1,0,0,6,90,85,22,0,0,0,0,0,54,142,1,16,89,142,0,0,0,0,0,142,113,71,8,3,9,4,12,22,4,23,30,43,119,16,10,1,41,41,4,7,48,49,1,0,69,98,0,0,0,0,0,1,47,95,24,1,1,5,0,0,2,89,81,15,6,2,0,0,27,79,13,10,14,3,0
0,0,4,5,66,38,1,0,64,31,1,3,66,47,8,19,47,29,2,6,12,1,0,13,29,0,0,10,10,0,0,25,4,0,0,1,133,90,1,1,133,31,0,2,83,64,9,35,78,16,2,31,70,6,3,12,37,0,0,6,18,5,7,79,11,7,0,1,133,65,0,0,133,36,1,2,66,14,0,64,98,5,1,78,61,2,1,47,21,0,0,81,52,3,6,83,4,4,0,1,133,46,1,0,133,11,0,1,18,20,9,43,133,2,0,18,9,23,18,30,4,0,0,85,35,15,21,12
6,2,10,18,64,76,14,23,26,13,136,77,16,4,4,52,7,4,136,136,0,0,0,1,0,0,136,136,2,0,0,0,28,2,0,33,117,40,12,39,136,24,11,6,5,2,3,85,68,17,66,45,0,0,0,4,0,0,95,136,0,0,0,0,28,15,10,88,55,4,4,17,136,44,9,21,7,0,0,27,75,2,0,5,2,0,0,36,0,0,1,13,5,0,0,0,8,9,60,22,7,8,7,15,77,23,14,13,2,2,0,24,60,1,0,0,0,0,0,70,4,0,0,3,5,0,0,5
45,0,0,0,0,0,0,4,30,4,0,0,0,0,3,24,85,16,0,0,0,0,4,38,188,75,0,0,0,0,2,25,68,0,0,0,0,0,0,7,55,36,0,0,0,0,0,6,142,44,0,0,0,0,0,4,188,60,3,0,0,0,0,5,58,0,0,0,0,0,0,26,74,4,0,0,0,0,0,43,135,13,0,0,0,0,0,27,188,12,1,0,0,4,8,96,37,0,0,0,0,0,0,32,47,0,0,0,0,0,0,52,69,0,0,0,0,0,0,69,188,12,3,1,0,1,2,86
6,1,0,0,0,0,0,0,91,19,0,0,0,0,0,2,118,43,0,0,0,0,0,0,40,45,7,0,0,0,0,0,51,14,0,0,0,0,0,1,135,53,0,0,0,0,0,4,154,22,0,0,0,0,0,6,148,81,1,0,0,0,0,2,74,26,0,0,0,0,0,1,136,9,0,0,0,0,0,25,118,2,0,0,0,0,0,58,154,154,0,0,0,0,0,18,23,26,13,0,0,0,0,0,68,10,3,0,0,0,0,18,90,10,0,0,0,0,0,40,154,154,0,0,0,0,0,11
16,0,0,0,0,0,38,137,29,4,11,35,6,0,38,137,5,3,30,137,90,2,13,37,44,73,70,61,20,7,12,21,72,27,0,0,0,0,3,48,137,122,12,0,0,0,10,101,36,54,48,58,53,9,7,33,0,11,28,61,86,32,21,1,66,68,1,0,0,0,0,0,137,41,2,0,0,1,7,87,44,9,8,10,43,79,35,52,0,7,23,25,74,35,1,0,39,41,0,0,0,0,0,8,107,55,2,0,0,0,4,48,20,51,32,0,0,23,25,27,0,44,51,2,2,8,1,0
6,32,4,0,0,74,44,0,1,7,0,0,2,120,70,2,8,33,7,1,4,43,43,6,0,11,19,56,40,2,1,0,5,0,0,0,30,120,120,17,104,52,2,0,0,53,66,50,33,120,30,0,0,1,3,3,0,28,34,40,75,6,0,0,15,54,48,11,71,57,16,12,120,112,47,6,3,2,8,52,76,29,4,2,2,7,9,85,4,7,2,3,96,120,5,8,26,120,45,1,1,4,3,0,7,78,68,57,12,4,5,4,16,3,10,37,19,60,22,53,1,0,0,0,45,120,19,9
27,0,0,2,65,22,16,29,44,0,0,1,0,5,49,72,3,2,3,40,77,22,55,8,0,0,0,76,121,3,1,0,6,4,3,49,105,58,32,23,121,45,15,8,2,8,49,98,27,36,67,26,40,12,22,8,0,2,6,63,121,3,0,0,8,5,4,113,121,10,0,4,121,33,5,14,20,5,0,72,68,8,8,13,66,10,0,27,0,0,0,12,121,11,0,0,4,2,17,50,112,10,1,6,107,64,39,17,15,4,1,21,75,22,0,8,48,22,3,8,1,1,28,59,119,11,1,1
134,76,0,0,0,3,13,20,134,10,0,0,0,4,5,36,82,19,0,3,14,1,1,12,33,4,0,18,131,1,0,3,134,63,0,0,0,0,0,68,97,2,0,0,0,0,22,134,134,9,0,0,14,0,5,51,35,10,3,27,123,1,0,1,64,20,0,0,0,0,0,63,134,67,0,0,0,0,4,72,134,35,0,0,10,4,1,27,15,7,1,6,68,19,3,2,6,15,0,0,0,1,0,0,49,36,2,0,2,28,20,38,108,3,0,0,1,14,14,93,2,3,0,0,14,85,11,6
32,7,0,0,0,0,3,24,147,50,0,0,0,0,4,35,128,28,0,2,31,9,0,12,1,1,0,16,147,53,8,1,65,18,0,0,0,0,0,1,147,59,0,0,0,0,1,9,95,37,0,6,24,9,26,14,2,1,0,38,147,55,8,2,68,1,0,0,0,0,0,24,147,11,2,0,0,2,7,60,52,14,37,10,10,29,83,32,1,4,29,81,118,59,21,5,28,0,0,0,0,0,0,42,147,11,3,0,0,0,0,81,87,23,68,15,4,1,0,24,0,2,38,74,37,2,0,0
9,23,14,20,36,41,9,3,46,40,6,15,11,16,16,23,26,48,20,9,17,32,14,6,0,0,4,7,43,97,18,0,23,8,0,3,128,70,11,7,128,41,0,5,38,22,17,47,35,11,0,12,115,125,34,6,0,0,0,0,25,128,34,0,14,10,15,58,115,61,11,9,128,77,10,17,34,9,2,50,36,11,1,50,128,17,0,6,0,0,0,10,91,33,6,0,7,15,17,66,51,8,1,2,103,100,11,16,27,8,1,1,13,11,0,13,128,92,0,0,0,0,0,1,59,50,0,0
86,1,0,9,77,18,1,46,25,5,1,40,123,52,31,43,104,31,12,6,6,6,35,70,3,7,12,58,123,5,4,0,123,12,0,25,41,2,1,92,42,10,7,115,123,5,0,15,123,35,8,12,26,1,0,52,23,3,3,28,123,4,0,4,75,112,16,6,21,5,1,17,12,20,28,76,123,19,3,8,111,79,25,15,13,18,9,36,28,7,18,39,81,47,10,8,35,20,7,3,10,25,20,14,1,1,9,14,60,42,6,4,34,8,10,7,10,9,7,34,53,18,6,13,13,17,5,8
13,23,10,6,49,39,20,27,12,23,14,29,37,15,4,5,29,35,4,11,12,6,11,16,12,37,21,7,6,2,9,14,126,60,8,2,18,9,8,42,14,20,11,20,108,116,28,12,118,46,4,9,12,24,30,52,29,28,8,5,27,82,30,7,126,47,0,0,34,15,10,12,34,8,0,9,126,82,11,13,126,39,0,8,39,11,6,55,23,5,0,24,126,67,12,4,90,18,22,15,11,12,14,17,15,18,26,105,90,42,7,7,126,95,14,17,19,3,1,30,19,10,1,39,126,13,0,2
0,1,0,0,23,78,0,0,46,31,0,0,27,133,11,3,51,59,0,0,5,11,5,6,16,8,1,17,55,1,0,3,8,1,0,0,44,133,25,7,133,60,0,1,22,73,12,21,74,30,0,3,62,16,5,17,44,0,0,15,45,3,1,16,47,12,1,0,4,133,133,58,133,8,0,0,1,13,42,133,48,1,0,0,26,21,59,66,54,1,0,1,19,9,3,20,26,34,30,12,31,72,30,16,67,3,0,0,0,29,35,133,78,0,0,0,0,0,26,133,57,4,1,0,5,1,1,38
94,14,3,1,15,4,10,35,19,6,3,9,81,45,11,12,90,8,0,2,14,17,10,35,5,2,0,4,59,102,3,1,124,8,0,1,23,7,3,23,31,2,2,18,124,33,4,16,124,14,2,14,37,6,1,56,13,2,0,58,124,17,0,2,124,10,6,6,4,3,2,57,17,18,31,114,57,10,2,7,124,80,18,30,22,3,0,7,18,9,0,27,124,30,0,0,89,1,1,0,0,0,9,124,11,4,3,18,24,15,47,64,45,15,2,6,14,47,43,15,5,0,0,0,96,124,14,2
142,79,0,0,0,0,23,36,142,114,0,0,1,0,3,29,46,19,9,21,86,3,0,1,1,7,21,142,142,12,0,0,66,35,0,0,0,0,0,2,142,72,0,0,2,2,2,31,64,19,4,9,65,61,5,5,3,76,43,27,122,119,1,0,9,3,0,0,0,0,0,1,142,15,0,0,0,6,28,76,24,42,15,2,13,74,37,28,0,142,67,4,15,27,0,0,0,0,0,0,0,0,0,0,7,0,0,0,0,0,14,24,5,12,0,0,0,0,5,10,0,8,1,0,0,0,0,0
0,0,0,0,0,0,0,0,4,0,0,0,0,0,0,0,6,0,0,0,0,1,0,0,0,0,0,0,0,24,4,0,35,24,2,0,0,0,0,0,148,37,0,0,0,0,4,15,119,5,0,0,0,49,62,20,13,6,0,0,0,96,39,5,40,148,83,0,0,0,0,0,148,148,48,5,0,5,24,44,56,8,11,12,2,56,148,49,69,5,0,0,0,20,46,67,6,148,117,0,0,8,13,3,11,123,88,10,3,53,70,5,7,8,22,25,22,46,43,13,56,6,4,0,1,7,11,66
12,10,0,0,0,0,0,0,130,66,0,0,0,0,0,32,130,32,6,11,87,29,8,43,29,2,2,16,47,23,34,65,9,3,0,0,0,0,0,0,130,23,0,0,0,0,0,89,130,14,0,43,69,7,2,129,89,13,7,78,63,4,2,21,0,6,1,0,0,0,0,0,111,130,6,0,0,0,0,6,130,123,2,19,23,4,1,16,24,16,11,55,60,6,1,8,1,4,0,0,0,0,0,0,70,130,2,0,0,0,0,0,71,96,37,5,7,4,1,5,1,10,74,20,21,4,0,1
0,0,0,0,0,0,0,0,1,0,0,4,1,0,1,2,0,0,104,89,1,0,1,0,0,2,131,125,0,0,0,0,25,44,1,0,0,1,0,0,61,42,2,6,2,14,53,45,45,10,118,128,12,2,28,39,3,10,131,131,78,2,2,1,3,17,1,0,0,8,8,0,84,22,0,0,0,40,79,64,131,45,1,13,19,0,6,30,6,4,1,126,131,3,1,0,0,0,0,0,0,0,2,0,131,33,0,0,0,1,23,40,131,24,0,5,7,0,0,15,6,1,4,71,51,4,0,0
1,0,0,0,0,0,0,0,18,32,2,0,0,0,0,0,4,40,88,17,0,0,0,0,0,3,105,129,1,0,0,0,30,19,0,0,0,0,0,0,129,129,8,3,1,0,0,11,47,105,72,24,36,10,21,19,8,6,53,129,30,8,35,32,29,11,0,0,0,0,0,2,129,25,0,1,2,0,0,129,63,5,2,66,105,15,18,126,59,3,5,67,28,7,23,75,3,0,0,0,0,0,0,0,76,8,0,0,0,0,0,87,129,12,1,31,7,0,2,129,35,9,13,74,16,0,1,15
24,120,120,0,0,0,0,0,120,120,27,3,2,0,34,47,36,8,0,0,0,10,91,45,10,19,1,0,0,7,22,4,5,43,108,3,2,13,120,20,21,25,35,9,10,22,61,39,120,12,2,0,0,2,16,53,49,13,0,0,2,3,0,11,4,58,108,13,3,28,86,20,15,47,84,19,1,6,50,47,120,45,16,7,0,1,6,12,51,11,0,0,7,26,0,3,1,1,5,1,0,45,120,45,6,1,2,2,0,3,116,120,60,4,0,1,0,1,28,120,19,1,1,7,14,16,3,38
25,4,0,0,0,0,0,0,128,115,0,0,0,0,0,8,117,109,1,1,14,53,4,14,38,23,2,2,13,48,13,8,79,9,0,0,0,0,0,1,128,117,1,2,2,0,0,15,78,73,14,35,78,56,3,7,67,80,11,7,49,52,4,2,27,2,0,0,0,0,0,2,128,9,0,0,1,1,6,116,44,32,12,19,24,16,71,99,8,49,12,4,56,128,50,6,0,0,0,0,0,0,0,0,5,0,0,0,0,0,2,13,3,0,0,0,0,23,120,33,0,0,0,0,1,113,127,3
0,0,0,0,0,1,42,88,13,2,2,0,25,56,80,114,9,5,5,9,22,31,36,8,25,16,1,1,6,7,27,27,56,2,0,0,0,0,11,72,137,23,1,0,10,6,22,123,74,9,3,5,89,63,8,20,78,10,0,2,38,54,7,25,104,2,0,0,0,0,0,32,137,17,1,5,12,5,0,41,81,29,14,59,99,29,1,12,85,41,7,19,109,17,0,7,52,0,0,0,0,0,0,33,137,3,0,3,1,0,6,137,33,18,9,35,13,11,50,75,18,23,4,4,65,117,34,6
