0,0,0,0,0,0,0,0,0,0,0,0,0,0,0,0,0,0,0,0,0,0,0,0,0,0,0,0,0,0,0,0,21,24,18,59,17,0,0,0,133,48,6,2,0,0,0,12,58,33,2,0,0,0,12,19,3,22,1,0,0,0,35,8,32,45,133,133,15,0,0,1,133,116,66,30,0,0,0,58,92,54,34,0,0,0,46,72,1,15,61,1,0,3,80,6,54,21,79,87,4,5,49,100,68,133,79,53,3,4,23,21,44,133,133,0,0,0,0,3,0,44,133,1,0,1,3,0
0,0,10,39,58,28,0,0,0,2,4,42,104,28,0,0,80,94,25,15,31,4,0,24,67,45,30,0,0,0,0,50,0,0,0,2,111,55,0,0,36,13,0,1,112,68,0,2,128,128,51,1,10,5,1,28,26,93,128,11,0,12,7,12,0,0,6,36,73,75,0,0,41,14,31,32,44,40,0,4,128,28,7,0,1,3,21,128,28,6,5,2,5,84,71,80,0,0,17,74,29,28,0,0,1,2,22,41,24,66,12,1,51,2,3,1,1,21,40,116,21,0,0,1,6,42,53,64
27,1,7,16,15,2,0,25,55,0,0,0,0,8,60,126,7,1,0,0,4,124,126,38,70,36,0,0,0,40,86,33,9,0,0,3,53,31,9,20,45,1,1,4,5,7,14,49,31,27,17,33,27,41,28,6,126,107,5,1,0,3,6,16,20,1,2,50,68,12,4,18,112,17,3,2,0,0,0,23,35,83,61,17,0,0,0,0,126,126,19,0,0,0,0,12,6,5,9,126,40,0,0,0,105,51,9,20,0,0,0,1,91,126,16,0,0,0,0,3,63,126,11,0,0,0,0,14
65,19,0,0,0,0,45,71,77,100,0,0,0,0,17,17,44,123,0,0,0,0,1,13,40,57,0,0,0,0,0,23,123,56,0,0,0,0,0,23,123,39,0,0,0,0,0,60,95,24,0,0,0,0,0,63,69,35,0,0,0,0,0,25,123,12,0,0,0,0,0,26,123,32,0,0,0,0,4,38,105,36,0,0,0,4,50,36,39,18,0,0,0,4,120,54,103,5,0,0,0,0,32,74,46,6,0,0,0,0,123,90,7,1,3,0,0,47,123,27,6,0,5,1,0,29,123,56
2,0,1,0,24,39,121,105,20,0,0,0,1,2,121,121,3,0,1,7,4,11,91,118,1,0,1,2,13,46,31,9,16,12,9,26,103,39,14,18,121,40,5,3,5,2,16,121,40,1,0,0,0,14,91,121,17,0,0,0,2,12,64,90,3,21,61,121,31,0,0,0,92,73,33,5,1,3,2,10,22,3,1,4,28,48,31,27,54,0,0,0,7,16,36,121,0,1,13,100,61,3,0,0,7,28,17,14,7,9,16,3,3,7,4,7,55,57,14,3,14,0,0,0,13,59,79,32
2,6,117,33,1,0,0,0,0,5,122,117,23,1,0,0,9,111,97,36,5,0,0,0,16,42,31,34,5,0,0,2,15,4,5,2,9,9,5,43,19,3,4,17,89,61,2,4,122,64,14,24,14,8,1,4,11,14,40,96,12,0,0,0,6,0,0,0,3,31,80,122,43,0,0,0,28,120,90,40,122,17,1,4,4,5,6,50,24,16,23,25,7,0,0,2,5,1,18,19,6,34,77,39,35,0,0,12,8,56,119,106,122,4,1,0,0,0,6,122,45,19,22,3,2,0,0,15
48,10,0,0,0,0,0,6,28,5,22,20,1,7,9,9,3,6,77,94,51,21,6,1,0,2,79,131,60,0,0,0,16,0,0,0,0,8,17,45,15,0,0,0,0,59,95,28,116,34,21,15,4,20,33,27,17,15,55,131,4,0,1,4,3,0,0,0,0,95,73,28,110,14,0,0,0,93,92,35,131,29,0,0,0,3,15,29,25,1,2,34,2,7,46,25,33,3,0,0,0,131,89,17,131,41,0,0,0,19,31,30,93,15,0,0,1,37,76,25,1,0,0,0,2,48,131,44
127,55,0,0,0,2,36,127,82,13,0,0,0,4,29,109,30,2,0,0,0,2,30,70,41,5,0,0,0,4,12,54,104,127,5,0,3,1,1,4,56,60,2,1,18,39,23,13,110,9,0,0,0,12,27,50,42,2,0,0,0,47,33,35,43,127,1,0,10,40,2,0,17,9,0,1,41,92,29,18,95,9,0,0,1,8,65,65,18,5,0,0,2,47,55,15,7,15,0,0,49,99,7,0,4,0,0,0,27,127,106,43,60,18,0,0,0,1,104,113,67,54,3,3,0,0,19,16
3,8,8,0,0,0,6,70,83,35,0,0,0,0,4,135,95,8,0,0,0,0,0,133,10,5,0,0,0,0,0,3,12,34,82,29,0,0,0,0,135,135,7,3,0,0,0,27,135,86,0,0,0,0,0,44,27,3,5,1,0,0,0,12,9,5,45,93,37,0,0,2,135,19,2,19,19,0,0,99,135,14,0,0,0,0,0,67,27,0,1,1,0,0,1,39,0,0,1,25,79,26,0,0,114,0,0,8,53,20,5,85,135,0,0,0,0,0,0,103,16,0,0,0,0,0,1,28
90,64,1,0,1,11,14,29,44,1,0,0,0,9,45,64,76,1,0,0,0,7,20,86,3,0,0,0,0,69,78,15,12,37,2,1,37,58,9,4,112,23,0,0,3,15,20,31,65,10,0,0,0,67,48,21,0,0,0,0,6,102,42,2,5,0,0,0,19,112,78,32,50,5,0,0,1,5,112,112,49,27,2,1,0,23,101,44,7,15,7,34,60,57,4,2,19,7,0,0,20,112,99,43,112,79,0,0,0,2,65,112,112,112,2,1,0,0,5,13,15,26,11,86,48,2,0,0
61,11,1,0,0,0,77,116,38,13,6,3,0,0,48,116,9,7,31,32,1,2,42,41,32,55,61,12,0,0,0,12,116,116,105,22,0,0,1,28,116,109,50,0,0,0,2,16,21,47,116,2,0,0,4,16,42,94,43,0,0,0,0,7,15,29,116,88,0,0,0,0,115,46,62,20,1,0,0,32,40,21,50,0,0,0,8,93,37,86,35,0,0,0,0,36,0,3,48,31,8,48,12,0,3,3,22,26,13,66,57,23,12,1,0,0,0,1,30,93,55,3,0,0,0,0,1,116
0,0,4,3,0,0,11,15,131,0,0,0,0,0,13,95,147,0,0,0,0,0,0,89,25,0,0,0,0,0,0,29,0,0,32,67,2,0,0,0,138,19,25,10,0,0,0,30,147,15,2,0,0,0,0,72,39,5,0,0,0,0,0,11,6,27,21,76,52,4,0,0,44,147,134,9,1,0,0,1,147,147,39,0,0,0,0,6,32,14,3,0,0,0,0,0,59,53,0,1,38,26,0,0,83,147,34,0,0,0,0,0,39,97,21,0,0,0,0,0,6,11,3,1,0,0,0,0
140,45,0,0,0,0,5,27,110,18,3,0,0,0,5,86,36,15,5,2,4,0,0,13,47,23,0,0,0,0,0,0,140,5,0,0,0,0,18,74,140,2,0,0,0,0,15,85,115,13,0,0,0,0,0,11,55,29,0,0,0,0,0,0,140,140,12,0,0,0,3,32,140,136,11,0,0,0,2,12,122,37,0,0,0,0,0,2,49,13,0,0,0,2,4,7,57,138,7,0,0,0,12,32,76,90,6,0,0,0,1,62,46,46,3,0,0,0,0,15,7,7,5,3,0,2,4,4
48,0,0,0,0,2,7,134,24,3,0,0,0,8,27,113,73,5,0,0,0,0,1,100,30,2,0,0,0,0,0,17,87,3,0,0,0,0,9,134,134,24,0,0,0,0,7,119,121,31,0,0,0,0,23,44,22,1,0,0,0,0,32,68,134,134,8,0,0,0,4,30,134,85,2,0,0,4,5,27,40,2,0,0,0,27,63,54,23,3,0,0,0,0,34,85,9,134,68,2,0,0,0,0,25,89,24,9,10,3,1,3,39,8,3,13,26,24,9,17,80,39,2,0,0,0,1,14
127,40,0,0,0,0,2,108,111,11,0,0,0,16,51,53,16,1,0,0,0,3,79,104,31,1,0,0,0,0,8,92,118,127,25,1,0,0,0,8,55,28,6,17,33,42,22,34,127,42,1,1,4,10,12,62,91,71,1,0,0,2,1,24,38,101,36,11,1,1,1,0,39,47,30,127,56,2,0,2,127,29,2,36,16,0,2,35,66,31,0,0,0,29,36,23,80,20,12,5,1,1,1,16,56,15,8,83,86,2,1,31,68,1,1,41,71,1,13,55,12,0,0,0,0,19,51,27
2,0,1,6,7,7,19,22,1,0,2,19,9,0,4,13,0,0,12,37,24,0,0,0,0,0,2,76,135,0,0,0,10,1,7,55,50,21,31,67,75,14,17,12,1,0,8,88,12,13,74,40,5,0,0,1,0,0,13,135,135,0,0,0,78,8,57,89,7,0,0,135,94,57,103,39,0,0,0,21,41,25,36,16,0,0,0,2,2,2,10,135,95,0,0,0,135,1,7,3,0,0,0,135,50,16,63,11,0,0,0,135,9,9,45,42,3,0,0,6,1,0,2,39,61,12,1,0
13,0,0,1,3,29,68,40,174,7,0,0,0,1,16,136,99,18,11,5,0,0,1,28,22,16,71,16,0,0,1,25,27,15,16,35,9,14,10,8,174,75,5,2,0,1,2,30,106,34,10,2,5,4,1,17,18,7,6,2,1,1,21,82,26,3,3,6,3,38,77,31,174,16,1,0,0,1,14,114,120,12,3,6,8,5,1,13,23,40,9,1,0,0,2,5,42,1,0,0,8,26,9,10,174,18,0,0,0,0,1,25,131,16,1,9,18,0,0,1,50,29,1,0,1,0,0,0
11,27,22,0,2,31,30,26,29,23,2,0,5,15,13,14,153,40,0,0,3,6,2,15,153,39,0,0,0,9,21,38,2,21,36,1,1,22,69,34,34,11,3,0,2,49,74,11,153,13,0,0,1,7,31,93,101,0,0,0,0,88,153,140,9,21,44,2,0,9,59,34,62,52,21,0,0,10,38,13,153,21,0,0,0,17,58,55,21,3,0,0,0,81,135,22,0,15,66,7,1,9,29,9,22,37,36,7,5,6,10,16,15,8,3,3,18,15,41,19,60,11,0,0,0,11,18,16
21,20,5,6,32,22,0,0,60,110,15,1,13,5,0,2,9,36,15,5,87,30,0,1,27,87,56,3,9,6,2,13,33,25,28,51,12,0,0,0,110,25,3,9,14,4,0,7,29,14,11,52,53,7,0,8,75,56,16,3,0,0,2,48,12,27,135,133,0,0,0,0,33,11,89,94,0,0,1,16,14,20,27,35,3,0,2,16,57,81,9,1,0,0,0,14,70,134,135,51,0,0,0,0,0,11,135,135,0,0,0,0,7,3,106,135,0,0,0,6,44,4,19,25,0,0,0,35
0,0,0,1,14,47,79,0,0,0,0,0,22,57,54,7,139,0,0,0,11,12,4,83,139,0,0,0,0,0,1,139,3,3,0,1,45,75,58,22,48,13,0,1,10,25,32,27,88,1,0,2,20,12,5,75,139,0,0,0,0,2,31,139,8,76,22,0,1,18,37,22,28,58,13,1,6,46,9,1,31,1,0,0,10,82,24,32,127,0,0,0,0,11,39,139,1,26,10,0,0,4,133,17,1,7,4,0,2,77,91,11,28,13,2,0,0,49,28,14,75,7,0,0,0,6,13,57
0,0,0,0,60,125,0,0,0,1,0,0,54,63,0,0,70,41,2,0,7,8,2,7,125,51,1,0,0,0,0,14,0,0,0,27,125,68,0,0,7,4,1,3,32,66,14,10,125,28,0,0,0,1,4,26,125,22,0,0,0,0,0,13,0,4,7,125,125,10,0,0,7,17,11,30,59,23,22,14,96,34,3,0,0,0,21,63,105,1,0,0,0,0,25,111,1,10,11,90,125,16,7,4,7,1,0,34,125,46,45,33,46,8,0,0,2,2,44,114,9,4,1,1,5,13,51,73
125,54,0,0,0,8,4,19,44,33,2,0,9,93,44,27,125,29,0,1,20,71,19,16,125,34,21,20,2,6,53,67,41,23,4,2,1,12,24,28,34,0,0,0,4,125,67,30,125,12,0,0,2,46,24,79,40,2,0,0,23,90,99,87,0,0,1,16,49,42,15,2,61,52,1,3,13,96,20,4,125,94,0,1,13,9,3,22,21,8,0,3,78,26,3,10,0,2,6,31,40,10,6,1,49,125,21,17,12,4,0,0,66,125,11,15,26,2,0,0,7,5,1,14,60,9,0,0
23,16,5,30,26,1,0,2,143,41,1,0,0,0,0,14,143,46,22,11,0,0,0,4,6,10,62,143,0,0,0,0,38,25,2,28,33,0,0,0,143,111,0,0,0,0,0,5,143,44,2,0,0,0,0,31,34,5,16,44,0,0,3,25,46,10,8,59,50,0,0,2,143,25,2,1,0,0,0,51,143,4,0,0,0,0,8,91,14,0,0,1,0,1,60,73,5,27,61,50,15,0,0,0,87,142,52,2,0,0,0,6,66,36,8,2,7,17,15,16,0,0,0,0,1,29,82,17
42,54,6,0,5,17,9,19,65,41,3,2,54,44,9,4,126,111,13,22,13,7,2,6,5,6,48,69,32,40,11,2,28,5,0,0,0,84,63,28,126,40,0,0,3,67,35,24,126,37,10,13,1,25,94,121,5,5,94,69,1,1,44,126,33,12,0,0,0,83,35,7,126,33,0,0,4,21,13,41,29,3,0,0,35,90,60,66,19,1,1,0,1,5,55,126,33,84,5,4,7,14,3,0,74,96,1,2,18,6,0,1,11,8,0,1,54,19,0,1,25,5,0,0,1,0,7,28
11,14,12,18,17,7,6,7,48,8,0,18,56,32,32,34,133,95,21,1,1,1,7,44,7,105,98,2,0,0,0,0,46,45,44,70,25,0,0,0,84,17,15,133,96,0,0,5,133,69,10,6,2,0,0,42,80,49,40,0,2,8,2,14,65,24,14,35,43,7,2,31,15,32,133,88,60,2,0,2,133,71,70,16,3,0,10,73,54,7,2,1,3,18,30,122,32,3,5,56,46,0,2,70,26,9,45,7,6,6,5,36,20,34,33,15,6,2,3,9,33,72,16,5,1,3,7,26
16,10,1,22,132,7,0,0,60,3,7,14,24,6,3,30,136,0,0,20,39,0,0,61,4,32,26,72,81,1,0,2,15,0,2,5,136,47,1,5,35,11,14,3,27,36,17,21,136,20,2,7,6,1,2,72,20,22,30,39,12,0,0,7,7,0,44,43,65,20,40,14,10,51,136,12,8,9,64,2,95,84,24,0,0,0,75,21,13,4,1,0,0,1,88,26,0,0,4,3,0,8,136,15,4,3,12,0,0,7,136,15,5,3,1,0,0,2,136,51,9,5,0,0,0,18,136,21
0,0,0,21,161,84,3,1,7,0,0,1,23,27,16,19,2,0,0,3,22,8,1,2,0,0,0,1,45,11,0,0,1,0,0,99,161,2,0,1,60,1,0,16,73,2,1,18,18,2,0,10,33,0,0,1,0,1,2,9,70,1,0,0,0,0,0,108,161,0,0,0,73,14,1,47,127,0,0,2,27,11,6,24,22,0,0,0,0,64,32,24,28,0,0,0,0,0,0,74,161,0,0,0,35,38,6,67,134,0,0,0,19,81,60,14,2,0,0,0,0,161,77,5,2,1,0,0
52,14,14,8,17,2,2,11,53,23,61,114,0,0,0,5,32,12,36,121,0,0,0,32,121,14,5,5,1,0,1,68,37,6,118,88,36,0,0,6,121,20,21,69,16,0,0,23,24,21,50,121,25,0,0,0,76,48,33,16,5,20,8,13,6,5,47,121,99,1,0,0,121,61,35,50,33,0,0,9,37,9,15,73,60,5,0,3,1,6,23,28,82,44,1,0,0,0,26,121,29,0,0,0,9,37,57,59,14,0,0,0,3,35,37,21,47,22,0,0,0,54,121,45,38,14,0,0
10,0,0,0,0,5,23,136,53,0,0,1,0,0,7,136,14,2,4,4,1,0,8,33,4,1,15,40,5,0,0,2,44,12,0,0,1,12,6,39,136,33,0,0,0,0,3,116,93,22,0,0,0,0,14,53,11,13,4,7,0,0,0,8,90,34,0,2,5,3,1,3,136,58,0,0,3,28,37,25,42,1,0,0,2,32,115,136,33,2,1,0,0,0,2,116,106,71,1,1,4,11,2,7,61,42,7,20,64,57,8,1,45,4,14,10,31,54,34,134,101,2,1,0,0,0,0,136
1,0,0,0,47,74,11,4,60,8,0,0,23,48,10,13,159,96,0,0,0,0,0,3,53,25,0,0,3,2,2,2,0,0,0,0,23,80,44,1,123,3,0,1,16,25,3,34,159,32,0,0,0,0,0,21,43,9,1,7,11,1,0,1,0,0,0,0,3,26,67,9,143,30,0,0,2,2,27,23,159,68,0,0,0,0,1,19,36,2,0,3,8,5,9,13,4,10,12,0,1,13,26,13,159,144,3,0,0,0,11,14,158,136,2,0,1,4,3,6,6,2,1,1,4,7,20,17
29,1,5,9,79,120,46,113,42,1,1,0,13,98,101,120,26,0,0,0,40,120,44,22,12,0,0,14,23,19,14,19,13,5,40,51,75,33,2,14,29,5,16,8,34,49,81,70,79,3,0,0,5,39,49,64,8,0,0,13,11,17,58,52,0,0,2,3,17,65,23,5,46,11,1,2,53,93,22,7,120,64,8,24,17,10,3,13,2,3,5,74,51,28,40,10,0,0,0,0,2,120,23,0,48,2,0,0,0,67,41,56,102,15,3,13,1,0,24,120,2,2,28,106,13,0,17,41
26,15,3,0,0,3,4,9,96,3,1,0,0,6,24,118,138,0,0,2,13,2,3,138,5,0,0,7,26,7,9,17,20,36,32,20,3,8,7,16,86,17,69,54,6,19,31,45,138,26,10,5,10,0,2,95,25,1,1,14,64,5,1,5,109,76,53,21,0,0,0,5,51,73,138,78,0,0,0,2,138,138,88,9,7,0,0,5,20,9,5,23,47,0,0,0,138,18,7,9,0,0,0,16,107,18,37,2,0,0,0,22,19,27,19,1,2,0,0,3,4,1,0,13,20,1,0,1
34,33,0,0,0,0,70,50,138,21,0,0,0,0,23,147,147,9,0,0,2,0,1,80,13,1,0,5,33,16,4,2,73,81,0,0,0,0,0,0,147,40,0,0,0,0,0,47,147,16,0,1,2,0,0,82,24,5,9,22,35,2,0,2,51,73,2,0,0,0,0,0,138,44,3,0,0,0,0,8,147,72,0,2,2,0,0,33,24,12,4,14,14,1,0,3,37,22,3,3,2,1,2,11,54,11,3,0,0,5,24,39,147,4,0,0,2,0,6,143,36,0,0,2,25,12,5,17
126,32,0,0,0,0,2,12,68,2,0,2,9,3,2,9,10,0,0,26,101,63,0,0,0,0,22,52,70,73,26,0,126,34,0,0,0,0,2,16,115,12,0,4,12,1,2,8,15,3,3,55,126,10,0,1,0,1,61,86,37,15,16,1,65,37,0,0,3,4,5,5,113,2,0,0,12,6,2,19,12,0,0,0,126,70,1,4,0,0,0,2,81,126,102,1,22,7,0,5,17,5,4,5,80,1,0,1,9,23,6,27,6,0,0,0,114,126,18,2,0,0,0,2,126,126,45,0
126,126,41,0,0,0,0,2,117,126,10,5,10,0,0,0,9,15,6,35,72,1,0,1,15,5,4,5,30,8,0,5,114,126,79,0,0,0,0,0,126,52,1,6,13,0,0,0,11,4,2,27,107,1,0,0,3,3,4,4,83,35,0,0,31,22,23,1,0,2,63,71,126,6,0,1,13,2,4,65,13,1,2,12,114,6,0,6,0,1,3,26,126,21,0,0,65,57,22,1,0,1,38,61,115,58,0,0,6,0,1,37,13,5,1,11,66,0,0,4,0,0,2,14,124,19,0,0
3,28,40,16,1,17,86,2,70,55,27,22,2,14,68,14,158,158,17,0,0,0,10,15,14,80,70,5,0,0,0,0,28,33,29,22,12,4,6,12,120,29,21,37,23,3,1,11,158,52,3,0,0,0,0,59,46,14,22,7,2,2,1,14,12,0,0,0,3,3,51,54,84,31,6,4,7,2,22,41,158,65,0,0,0,0,0,24,70,20,10,11,0,0,0,5,1,8,23,0,0,0,82,37,113,42,7,0,0,0,36,93,158,62,0,0,0,0,0,20,55,12,1,1,0,0,0,2
6,6,0,0,0,7,52,108,4,3,0,0,0,4,31,37,1,2,1,1,13,5,8,16,0,0,1,5,12,4,9,2,152,3,0,0,0,1,41,163,124,26,9,2,0,1,5,98,12,13,20,18,11,3,1,6,0,1,19,13,4,0,0,0,163,68,2,0,0,0,0,61,163,98,0,0,5,6,0,29,17,5,1,4,26,49,20,3,5,1,3,0,0,7,37,24,163,95,0,0,0,0,0,0,160,69,0,0,24,7,0,0,1,3,12,22,78,65,20,3,47,33,16,6,6,16,33,40
3,56,21,0,0,18,39,1,109,129,13,0,0,1,12,19,129,78,0,0,0,0,0,18,48,8,3,14,1,0,0,1,9,129,46,0,0,0,1,1,95,129,24,0,0,0,0,12,129,99,0,0,0,0,0,31,55,3,0,5,0,0,0,26,9,63,15,16,12,9,7,5,111,44,5,2,2,5,14,98,129,35,0,0,0,0,0,75,59,4,0,0,0,0,0,42,0,15,95,90,8,2,0,0,33,129,87,11,2,1,1,6,60,129,4,0,0,0,0,4,17,17,1,0,0,3,5,11
1,0,1,1,22,66,12,4,79,7,0,0,10,42,39,79,119,3,0,0,0,0,8,119,13,0,0,0,0,0,42,92,6,1,0,0,32,84,12,4,119,43,0,0,12,20,0,10,119,20,0,0,2,6,32,65,55,2,0,0,1,4,72,119,11,4,14,71,37,19,1,3,119,11,5,11,4,4,0,40,100,32,30,13,8,6,7,17,94,98,40,7,4,4,9,18,0,4,26,119,48,0,0,0,118,36,7,31,16,0,0,4,119,119,25,0,0,0,0,2,12,99,58,0,0,0,0,0
0,0,0,0,11,38,1,0,11,8,9,8,40,68,10,5,10,36,132,19,11,1,0,0,0,15,136,1,0,0,0,0,2,0,0,0,51,136,14,4,136,5,0,0,8,96,42,63,99,20,7,0,0,0,0,6,3,5,17,0,0,0,0,0,38,13,0,0,117,136,9,7,136,74,0,0,5,43,12,26,112,21,0,0,0,0,0,1,6,1,0,0,0,0,0,0,114,45,0,0,70,136,4,4,136,125,0,0,0,2,0,0,39,25,1,0,0,0,0,1,0,2,2,0,0,0,1,0
0,0,0,0,0,8,11,1,0,0,0,0,6,91,34,2,18,2,0,0,6,43,49,37,14,9,6,1,2,1,0,6,1,0,0,2,51,54,3,1,9,6,5,17,117,135,80,22,135,28,4,3,7,65,93,135,68,4,1,1,11,16,3,24,6,0,4,34,82,17,0,3,9,35,135,135,135,52,3,3,135,135,135,23,8,8,5,22,44,16,1,0,4,15,15,13,4,5,10,13,7,0,0,1,0,7,95,31,5,6,0,0,2,19,57,12,28,34,2,1,27,16,0,0,5,9,5,4
85,8,2,1,0,7,4,13,4,0,0,0,2,79,51,6,9,0,0,2,1,16,56,63,7,1,24,32,3,0,0,14,27,5,3,11,28,34,7,19,11,3,4,39,129,140,114,31,140,19,4,6,8,40,107,140,70,6,0,1,0,0,1,33,12,16,11,37,26,4,0,2,12,25,85,140,117,24,4,5,140,140,91,61,8,4,4,23,81,35,1,0,0,0,0,2,39,3,2,3,0,2,1,15,6,3,28,78,8,4,2,4,30,47,42,30,3,1,0,3,25,6,0,0,0,1,3,12
2,8,2,5,53,5,0,0,8,0,0,3,141,76,6,18,141,1,0,0,11,19,5,82,62,3,0,5,3,0,0,8,0,2,2,3,115,11,0,0,22,5,2,19,141,81,1,16,141,20,2,4,23,19,1,87,102,1,0,1,0,0,1,34,0,0,0,13,99,10,1,0,7,27,68,141,141,5,0,0,141,141,72,23,7,0,0,6,65,30,0,0,0,0,2,13,0,0,0,6,22,11,6,3,1,11,38,47,22,5,3,1,5,62,40,3,0,0,11,6,4,13,0,0,4,6,10,4
5,7,9,4,3,13,0,0,0,0,10,6,4,61,41,3,21,5,3,2,1,11,39,45,22,11,5,3,0,0,0,7,0,0,2,13,66,30,0,0,8,0,0,5,141,141,73,22,141,7,0,0,7,28,70,141,97,13,1,0,0,0,0,13,0,0,1,29,110,1,0,1,24,22,1,74,141,21,2,4,141,93,1,14,21,5,2,17,109,15,0,0,0,2,2,3,3,0,0,7,70,4,0,4,14,22,6,73,141,2,0,0,141,83,6,14,7,0,0,3,47,6,0,0,1,9,3,4
140,33,0,0,0,1,3,25,9,4,3,18,64,24,3,1,20,23,14,32,66,16,3,6,12,9,14,112,140,140,69,16,140,48,0,0,3,21,9,9,9,1,0,1,21,117,24,6,96,29,12,27,17,18,8,17,15,25,69,140,113,6,1,2,138,8,0,2,21,11,1,38,20,6,1,16,58,29,2,1,140,17,1,3,3,3,4,15,16,3,10,43,24,18,7,8,111,25,0,0,8,9,2,9,17,2,0,10,35,31,5,6,117,22,4,3,2,3,3,13,9,8,11,29,7,4,0,0
79,17,25,3,0,8,19,36,31,18,32,45,19,9,0,2,9,17,90,85,15,5,0,1,2,10,112,126,71,24,1,0,126,18,0,0,0,5,6,14,49,4,0,0,24,70,7,7,98,23,7,1,7,20,4,6,32,14,23,62,28,1,0,1,126,4,0,0,1,12,29,82,35,0,0,0,14,80,60,33,126,21,0,0,1,6,6,35,24,12,1,10,26,8,2,2,16,0,0,0,0,5,119,126,19,0,0,0,0,19,126,126,86,0,0,0,0,1,39,126,7,0,0,0,6,46,90,19
14,21,124,141,100,22,3,7,141,141,141,141,17,7,5,35,141,47,1,0,0,3,4,21,0,4,0,0,0,19,14,1,47,4,31,59,9,8,6,43,33,45,77,74,24,9,1,10,72,19,3,0,0,3,6,54,3,4,16,2,1,15,8,3,79,7,7,4,2,3,3,39,11,10,36,39,14,6,1,2,60,20,7,5,2,4,10,27,8,5,7,1,2,24,14,10,97,19,7,1,3,5,5,52,24,4,9,15,62,69,10,11,18,0,0,4,35,79,105,109,27,1,3,8,7,13,13,67
11,8,3,10,47,12,3,4,137,47,1,1,2,1,1,28,110,20,0,0,0,0,2,79,43,5,0,0,10,5,1,34,42,10,1,2,7,18,51,40,137,89,1,0,0,0,0,26,107,94,0,0,0,0,0,10,58,15,0,0,25,22,0,5,129,5,0,0,3,21,46,97,137,30,0,0,0,0,0,66,137,24,0,0,0,0,0,45,35,8,0,1,70,22,0,1,137,85,18,16,8,6,4,17,137,107,0,0,0,0,0,2,97,47,0,0,0,1,0,3,19,1,0,1,57,32,0,2
5,0,0,0,125,125,3,4,125,7,0,0,22,51,3,44,94,2,0,0,0,0,3,113,6,0,0,0,0,0,55,63,43,6,0,0,39,125,32,12,125,13,0,0,2,13,4,72,122,3,0,0,0,0,2,98,18,8,2,0,0,1,32,30,125,64,0,0,0,45,25,8,125,85,0,0,0,0,0,3,125,41,0,0,0,0,0,8,46,32,4,0,0,0,0,10,120,64,0,0,0,0,0,0,114,23,0,0,0,0,0,7,99,7,0,0,0,0,0,22,21,2,0,0,0,0,5,40
8,8,2,0,1,4,85,67,9,4,7,53,20,6,71,67,4,17,139,114,18,5,7,5,6,47,123,5,0,4,1,1,16,9,20,49,26,13,53,29,139,43,6,8,3,4,41,85,22,18,10,3,13,38,13,11,0,0,3,0,4,25,4,0,8,6,9,45,24,7,30,24,88,18,5,11,3,8,46,77,8,2,0,0,4,65,63,28,0,0,0,0,1,13,3,0,7,4,6,8,10,82,139,118,2,0,1,9,9,66,139,131,0,0,0,0,0,5,139,111,0,0,0,0,0,0,0,0
0,0,0,2,17,26,2,1,3,0,0,0,2,13,4,4,0,0,0,0,0,0,0,0,0,0,0,0,0,0,0,0,8,1,0,5,139,139,32,21,139,13,0,2,23,91,53,135,62,5,1,16,6,0,0,6,0,0,1,11,2,0,0,0,12,34,69,139,139,67,5,6,139,139,94,44,32,21,8,39,72,28,7,21,12,8,10,12,2,1,8,59,30,7,5,5,10,25,46,44,26,12,3,9,15,107,68,11,29,29,3,9,4,9,4,4,49,92,72,25,4,3,1,6,15,36,86,28
17,0,0,127,149,2,3,61,123,0,0,4,7,2,10,149,27,0,0,2,46,20,8,31,0,0,0,20,84,30,5,0,12,6,4,149,149,0,0,3,149,37,9,61,32,0,0,32,85,6,8,8,17,4,1,14,0,2,42,76,32,0,0,0,0,4,2,149,149,0,0,0,113,20,4,90,77,0,0,12,53,8,5,0,0,0,0,7,0,3,16,5,0,0,0,0,0,0,0,21,29,0,0,0,1,0,0,7,10,0,0,0,0,0,0,0,0,0,0,0,0,0,0,0,0,0,0,0
1,3,52,70,89,81,96,9,19,8,2,30,138,76,10,29,35,15,8,2,3,18,17,62,0,0,20,10,6,24,25,26,14,0,0,0,12,83,138,111,137,99,7,0,24,76,64,56,49,138,105,2,1,1,0,6,10,62,138,71,10,1,0,2,24,0,0,0,0,1,55,76,138,17,0,0,0,0,5,57,87,46,13,0,0,0,0,24,54,37,33,28,38,6,0,12,0,0,0,0,0,0,0,0,0,0,0,0,0,0,0,0,0,0,0,0,0,0,0,0,0,0,0,0,1,0,0,0
0,0,5,101,72,22,1,0,89,117,26,46,33,11,0,8,67,75,14,0,0,0,0,13,0,0,0,0,0,0,0,0,15,7,1,6,126,67,0,0,126,126,58,5,28,10,3,23,42,99,90,1,0,6,9,14,0,0,0,0,0,0,0,0,24,6,11,56,71,43,1,2,126,43,10,5,4,14,38,126,26,12,11,1,0,54,81,70,0,0,0,0,0,0,0,0,0,4,15,33,39,109,9,1,21,3,30,20,8,42,88,123,4,0,0,3,6,92,126,50,0,0,0,0,0,1,1,0
0,0,0,0,5,2,1,0,14,8,1,10,102,20,3,5,132,31,1,4,14,5,2,44,50,1,0,0,5,96,30,29,0,0,0,0,2,3,3,1,29,9,1,6,68,19,4,2,132,42,1,3,19,5,0,3,30,2,0,4,132,115,11,3,0,0,0,0,0,2,22,7,31,0,0,0,16,33,79,36,132,0,0,1,13,8,26,86,17,0,0,16,132,68,28,10,3,5,1,0,0,0,38,20,55,38,1,0,0,5,126,96,50,19,0,1,22,76,80,113,0,0,0,0,39,132,132,8
0,0,0,11,5,0,0,0,0,0,4,57,34,1,0,0,0,40,120,50,8,0,0,0,10,90,120,5,0,0,0,0,3,0,0,29,46,93,41,10,12,10,9,63,111,88,5,0,106,120,120,38,22,4,5,26,13,114,120,45,14,29,25,11,7,9,16,6,2,54,75,12,19,18,28,64,21,26,6,4,104,18,19,36,3,5,50,113,10,6,6,6,6,95,120,37,4,19,62,22,0,0,0,0,13,53,47,36,0,0,0,0,1,2,77,93,0,1,6,5,0,0,67,39,0,9,15,2
10,19,12,5,14,89,31,10,17,7,0,0,3,88,65,18,11,14,2,2,12,16,6,5,0,0,0,0,7,6,0,0,24,1,0,1,6,138,138,43,138,62,5,2,1,44,58,58,42,50,25,59,84,8,0,5,0,51,42,22,33,7,0,0,49,30,18,11,9,30,20,17,138,84,7,2,1,2,2,61,80,53,70,49,33,1,1,26,8,78,66,28,3,0,0,1,101,55,8,1,0,0,0,11,138,138,3,0,0,0,0,23,74,89,42,24,0,0,1,38,2,2,21,89,3,0,0,4
49,0,0,0,0,0,2,120,27,0,0,0,0,14,34,100,3,3,2,0,2,120,69,13,0,5,9,7,13,48,91,30,29,0,0,10,18,2,23,120,17,0,0,0,0,30,120,87,85,34,5,0,1,45,63,21,22,33,24,68,84,12,3,0,2,0,9,82,84,15,56,35,120,6,0,0,8,11,118,63,120,30,0,0,0,0,8,27,37,6,0,22,63,13,6,14,12,0,6,52,120,28,3,2,120,8,0,0,22,10,4,25,120,3,0,0,0,0,3,80,5,0,0,0,13,28,25,28
3,2,13,1,5,47,120,30,55,34,2,0,8,82,87,15,23,120,30,0,0,10,20,2,2,120,52,0,0,0,0,0,4,24,120,10,0,0,19,9,116,63,120,8,0,0,7,10,120,89,18,0,0,0,0,27,33,101,29,0,0,0,0,12,4,78,120,4,0,0,0,0,7,26,120,34,0,0,0,0,66,21,82,35,5,0,1,44,72,14,4,3,2,0,2,120,25,26,5,0,0,0,14,28,6,13,37,7,1,23,66,13,3,0,21,34,25,65,84,13,92,31,0,4,9,6,12,48
10,64,24,68,60,0,0,0,57,126,35,0,0,0,0,0,40,126,124,0,0,0,0,0,15,83,75,39,7,1,0,0,8,38,93,126,24,0,0,0,126,94,59,3,0,0,0,8,126,65,12,0,0,0,0,40,38,16,20,37,50,0,0,8,0,18,112,69,16,2,0,0,18,36,126,50,0,0,0,1,126,77,19,6,0,0,0,18,59,13,0,5,67,2,0,6,1,14,19,9,5,12,13,4,14,34,30,29,1,1,8,7,30,126,24,6,0,0,0,0,9,29,6,22,64,2,0,0
5,11,71,77,0,0,0,0,98,48,24,13,0,0,0,6,47,45,54,0,0,0,0,6,0,34,58,3,0,0,0,0,1,2,29,54,11,9,37,6,53,7,10,34,34,11,8,32,136,27,13,0,0,0,0,54,20,30,58,2,0,0,0,0,22,0,0,1,3,17,136,101,105,80,0,1,13,15,55,65,136,136,3,0,0,0,0,8,37,23,11,3,1,12,5,1,136,30,4,0,2,12,87,110,136,46,0,0,0,0,4,136,59,77,2,0,0,9,12,41,5,13,0,0,0,30,13,1
115,2,0,0,0,0,0,91,31,0,0,0,0,15,25,53,18,1,0,0,0,44,67,16,82,7,0,0,0,3,14,16,115,0,0,0,0,3,10,115,30,0,0,0,0,85,105,47,115,12,0,0,0,41,58,30,88,8,0,0,1,13,34,24,115,0,0,0,0,13,65,89,80,6,0,0,0,55,99,41,115,17,0,0,0,3,8,64,37,2,2,7,3,9,19,43,50,1,0,1,1,9,98,66,115,0,0,0,0,2,32,115,63,0,0,0,0,3,11,115,23,0,0,0,0,43,94,39
17,52,129,5,0,2,2,1,87,104,93,17,0,0,0,0,21,25,129,58,0,0,0,0,0,3,129,19,0,0,0,0,1,53,129,17,0,0,0,0,75,37,106,63,0,0,0,5,129,45,66,7,0,0,0,15,11,20,129,6,0,0,0,0,24,45,104,9,0,0,0,0,8,28,128,94,0,0,0,0,129,31,59,41,0,0,0,12,65,26,21,0,0,0,0,5,32,27,18,6,1,15,10,4,40,29,42,22,0,2,3,7,20,17,81,69,0,0,0,0,49,22,18,7,0,0,0,1
9,0,1,4,7,72,54,41,68,1,0,0,0,1,48,133,11,0,0,0,7,15,61,40,12,0,0,0,1,5,24,31,19,3,0,5,23,133,81,89,28,1,0,0,1,8,133,133,95,5,0,0,0,3,122,133,16,0,0,0,2,12,41,45,29,25,13,74,58,12,3,9,88,44,6,7,9,10,23,23,133,79,1,0,3,1,6,30,33,8,0,3,33,22,10,12,1,5,4,27,60,60,28,1,99,19,2,3,0,7,49,36,133,37,0,0,5,1,0,9,17,1,0,1,86,44,5,0
0,1,6,5,41,129,27,1,51,40,15,3,6,37,84,76,129,69,2,0,0,0,22,78,26,84,25,0,0,0,1,2,14,5,24,14,17,28,15,26,58,58,50,7,4,8,8,31,129,74,5,0,0,0,1,80,75,37,10,0,0,1,9,25,30,129,101,2,1,1,0,18,9,129,129,4,1,3,1,4,119,129,70,0,0,1,1,21,64,13,0,0,0,0,5,37,1,99,89,0,0,6,11,2,0,49,66,0,0,23,40,3,17,25,16,0,0,13,20,14,52,22,0,0,0,0,3,17
180,53,0,0,0,0,0,34,180,14,0,0,0,0,0,30,43,4,5,0,0,1,1,21,9,6,23,4,0,4,12,16,180,180,17,0,0,0,0,0,148,40,0,0,0,0,0,16,60,0,0,2,14,20,4,36,18,4,4,9,30,52,42,57,110,180,55,0,0,0,0,0,41,51,6,0,0,0,0,1,57,35,8,14,12,4,0,5,16,23,30,55,42,10,1,6,7,71,14,2,0,0,0,0,9,45,9,0,0,0,0,0,30,59,2,1,9,22,1,0,6,73,6,5,23,27,0,0
114,48,18,1,0,0,6,131,44,24,37,0,0,0,19,131,6,10,24,1,2,25,17,23,0,0,6,1,12,47,10,0,89,131,131,16,0,0,1,96,131,58,6,0,0,1,5,93,25,2,0,0,3,47,27,15,0,0,0,0,21,106,39,0,5,57,131,38,0,0,0,0,60,59,40,6,3,10,8,7,8,0,1,22,33,118,41,3,0,1,20,23,32,131,68,0,0,1,74,37,3,0,0,0,0,3,47,27,22,12,0,0,0,1,9,59,59,24,0,0,0,22,88,51,24,8,0,0
0,0,7,14,4,0,0,0,15,14,0,6,5,0,0,0,9,6,0,7,12,0,0,0,19,0,0,0,0,0,0,3,3,1,29,63,103,46,0,1,136,68,2,18,53,22,2,13,40,24,2,27,107,38,8,12,35,1,0,1,6,5,54,56,10,1,1,4,99,136,9,5,136,7,1,0,24,63,37,82,15,1,1,0,51,134,52,25,0,0,1,0,4,20,69,29,3,3,15,68,66,30,0,0,21,6,10,10,30,108,77,15,0,0,0,0,0,123,136,10,0,0,0,0,2,136,136,3
47,3,9,73,5,0,0,1,135,3,0,1,0,0,0,21,56,0,0,0,0,0,19,57,52,1,0,0,0,0,12,37,29,11,11,135,78,0,0,0,135,20,5,20,3,1,2,18,57,5,0,0,0,30,47,34,135,43,0,0,0,3,16,27,5,5,8,135,135,0,0,4,73,43,30,73,18,4,2,5,44,135,8,0,2,24,9,5,108,135,0,0,0,2,3,2,11,0,1,79,81,2,3,23,4,25,31,90,29,0,1,1,42,129,10,1,0,0,15,27,22,41,0,0,0,7,37,19
84,0,0,0,0,0,1,53,121,0,0,0,26,41,14,121,13,4,1,8,121,121,8,14,91,52,3,6,17,13,1,2,87,43,0,0,1,0,2,13,121,46,1,6,19,6,1,55,31,16,9,85,121,11,1,8,118,65,8,22,11,0,0,14,87,101,13,7,3,0,0,0,121,88,10,2,4,0,0,30,24,13,15,66,67,1,0,11,63,18,30,21,8,0,0,35,11,107,45,21,8,1,6,11,16,100,23,1,0,2,31,14,20,23,28,27,3,3,15,10,31,76,97,7,0,0,0,7
0,0,0,0,0,6,144,125,35,0,0,0,0,1,93,153,13,0,0,0,0,2,44,84,0,0,0,0,0,3,23,10,19,0,0,0,0,17,103,34,153,28,0,0,1,5,32,133,95,7,2,11,18,29,77,88,24,2,2,2,1,11,47,82,69,5,0,2,0,2,25,11,153,30,0,0,0,0,3,29,68,4,2,10,10,8,20,35,76,4,2,1,0,1,2,33,78,19,3,53,12,0,1,1,153,29,0,0,0,0,2,27,39,1,0,0,0,0,16,57,84,13,0,0,0,0,0,9
0,0,1,9,95,112,25,10,11,0,0,1,9,21,44,85,31,9,0,8,82,25,6,13,122,31,0,2,16,12,10,12,30,4,0,0,41,122,33,12,122,33,0,0,3,29,30,78,84,24,0,5,49,45,14,22,122,59,16,17,10,5,8,27,43,34,21,31,27,65,5,2,115,24,1,0,0,40,46,48,104,1,0,0,3,93,66,68,122,3,3,1,1,24,87,107,2,6,18,67,38,4,0,0,6,4,1,7,25,58,25,7,115,31,0,0,1,38,19,31,56,10,0,1,25,20,13,24
116,93,1,1,1,0,0,0,12,14,2,31,71,4,0,0,1,3,45,117,50,1,0,0,0,5,117,117,3,0,0,0,82,115,2,2,20,8,0,1,8,8,2,6,94,71,7,8,80,20,42,32,8,12,7,24,9,29,117,59,0,0,0,0,34,19,0,1,29,24,82,114,16,10,4,13,106,45,39,12,117,31,4,6,8,3,9,19,22,12,6,7,2,8,21,13,43,24,2,0,0,6,117,117,107,15,3,1,4,14,68,68,31,13,2,0,3,34,51,23,1,0,0,0,0,25,95,28
6,46,97,4,1,0,0,0,12,30,23,48,47,13,1,1,11,54,123,73,45,6,0,2,2,23,123,123,21,2,0,0,1,18,55,19,20,1,1,2,10,5,12,46,123,15,3,11,123,37,24,6,8,4,2,38,32,11,30,48,88,30,0,6,0,1,0,3,22,39,65,12,5,7,6,49,81,16,51,11,105,35,7,13,8,5,4,17,22,2,0,0,122,52,2,6,0,0,0,0,0,84,123,13,2,0,0,0,2,10,123,123,46,1,0,0,3,2,15,120,9,0,0,0,108,21,1,10
128,11,0,0,0,1,2,109,128,8,3,10,0,0,4,102,5,1,23,80,10,4,10,11,0,0,23,87,41,1,0,0,128,45,0,0,0,0,0,120,128,16,0,0,0,0,5,126,36,7,1,5,8,23,45,20,0,0,4,30,61,19,23,3,102,128,14,0,0,0,0,2,128,128,11,1,1,4,6,12,15,13,39,13,8,48,51,8,2,17,26,20,23,31,37,10,14,128,33,0,0,0,21,13,5,75,28,0,0,1,35,4,2,16,60,8,1,0,39,15,0,11,34,29,63,32,19,4
6,0,0,17,143,1,0,3,104,2,1,3,8,0,1,13,177,1,0,0,0,0,0,37,26,0,0,0,0,0,0,4,7,0,0,3,175,19,1,4,107,2,0,0,13,8,8,19,177,3,0,0,0,0,2,41,40,0,0,0,0,0,4,13,1,0,0,1,132,40,2,0,118,19,0,1,17,7,1,9,177,31,0,0,0,2,3,19,51,1,0,0,0,4,7,16,0,0,14,42,23,23,2,0,91,19,17,24,3,1,0,9,177,36,1,0,0,1,0,15,47,10,0,0,0,1,0,3
31,0,0,0,5,6,7,10,191,1,0,0,0,0,1,37,136,0,0,0,0,0,5,19,12,0,0,0,0,0,1,6,50,13,0,0,11,7,1,3,191,48,0,0,0,0,0,14,156,5,0,0,0,8,14,22,35,0,0,0,0,0,3,16,57,7,5,11,6,2,0,12,191,25,0,0,0,0,0,37,147,6,0,0,0,7,2,15,52,5,0,0,0,0,0,3,27,32,43,40,0,0,0,0,191,121,7,0,0,0,0,0,85,42,6,0,0,0,0,1,22,15,0,0,0,0,0,0
17,84,106,4,0,0,4,24,117,83,53,9,0,0,0,4,162,48,9,0,0,0,0,11,40,20,12,1,3,0,0,6,0,112,140,14,4,2,0,0,90,30,77,69,31,4,0,4,162,23,2,2,1,0,0,46,59,0,0,1,2,0,0,23,8,25,20,5,27,55,1,2,78,8,4,13,54,79,6,5,162,40,0,0,2,0,0,16,65,5,0,0,0,0,1,15,0,0,0,0,41,63,17,1,89,2,0,0,32,44,6,28,162,17,0,0,0,0,0,27,32,2,0,3,3,2,2,9
37,58,27,3,0,0,0,5,164,95,8,1,0,0,0,1,136,49,58,4,0,0,0,2,16,47,20,3,8,0,0,1,25,43,89,43,1,0,0,0,164,88,8,3,0,0,0,5,164,12,0,0,0,0,0,13,28,1,0,1,9,2,0,9,20,6,25,54,51,14,0,0,164,23,3,5,8,0,0,28,164,6,0,0,0,0,0,37,40,0,0,3,5,0,0,11,24,3,0,0,23,58,6,3,164,50,0,0,3,1,0,2,124,24,0,0,0,0,0,4,30,0,0,0,2,0,0,12
173,0,0,0,2,11,12,104,58,0,0,0,1,5,8,56,12,0,0,0,0,0,0,10,0,0,0,0,0,0,0,0,173,0,0,0,2,6,2,173,136,4,0,0,1,4,2,40,30,1,1,1,0,0,0,8,0,0,0,0,0,0,0,0,173,39,3,0,0,0,0,88,138,55,4,0,0,0,0,9,33,8,2,2,0,0,2,4,0,0,0,0,0,0,0,0,173,173,11,0,0,0,0,6,83,18,1,0,0,0,0,19,20,1,0,0,0,0,5,23,5,0,0,0,0,0,0,6
37,14,13,37,7,0,1,12,29,13,22,8,3,13,21,51,131,15,16,4,2,3,13,131,68,2,1,17,33,4,3,35,17,34,41,39,7,1,2,6,98,130,131,16,1,2,1,8,131,131,131,9,0,0,0,25,89,50,7,28,18,0,0,8,19,28,33,3,0,0,10,18,131,46,25,1,0,0,0,55,123,60,50,0,0,0,0,50,17,16,2,9,10,0,0,7,17,71,31,0,0,0,6,13,111,29,25,3,0,0,0,30,131,1,0,0,0,0,0,82,11,0,0,2,1,0,0,20
0,1,19,5,1,49,128,3,13,8,31,0,0,3,128,83,9,11,20,1,0,1,13,36,0,4,14,2,0,5,9,0,14,12,1,4,18,113,128,11,128,62,1,1,1,8,127,128,93,6,0,0,0,5,92,67,0,0,0,0,0,16,103,2,21,16,3,4,10,14,32,26,122,41,1,1,0,0,78,128,24,4,0,0,0,6,128,74,11,6,0,0,0,9,128,27,11,50,36,2,4,6,12,7,42,29,4,0,1,5,9,29,27,5,0,0,3,21,26,33,61,11,0,0,0,0,7,40
155,0,0,0,5,11,8,141,68,0,0,0,1,2,3,55,5,0,0,0,0,0,0,5,0,0,0,0,0,0,0,0,174,7,0,0,0,2,2,174,143,22,1,0,0,1,1,33,22,3,3,2,0,0,1,3,0,0,0,0,0,0,0,0,174,105,8,0,0,0,0,78,138,33,1,0,0,0,1,29,25,1,0,0,0,0,6,24,3,0,0,0,0,0,0,5,130,174,50,1,0,0,0,3,54,24,8,2,1,2,4,17,11,0,0,0,0,2,18,34,6,0,0,0,0,0,1,22
2,31,49,6,0,60,92,1,16,18,4,0,0,62,137,19,54,30,0,0,0,14,82,37,40,6,0,0,2,5,4,18,18,10,14,3,0,122,137,10,137,93,7,0,0,25,92,48,76,137,29,0,0,0,4,7,23,20,3,1,17,2,0,2,43,30,32,15,3,6,13,11,137,28,7,5,1,0,1,77,137,23,16,2,0,0,0,40,2,10,13,7,26,2,0,0,13,3,0,0,1,1,67,40,137,10,0,0,0,0,21,88,137,11,4,0,0,0,0,29,5,5,10,13,13,0,0,1
36,20,18,8,0,40,110,9,148,106,13,1,0,4,36,28,35,82,25,1,0,0,1,3,8,6,0,0,51,25,0,1,58,18,13,11,4,2,23,29,148,25,3,2,0,0,1,48,72,17,22,5,1,0,0,6,1,4,6,13,128,20,0,0,40,46,31,0,0,0,60,59,148,98,3,0,0,0,5,46,93,23,8,3,1,0,0,3,1,1,4,47,119,1,0,1,35,136,76,0,0,0,0,2,131,148,11,1,0,0,0,0,23,24,2,15,9,0,0,2,1,0,0,12,75,1,0,2
78,68,0,0,0,0,6,25,157,16,0,0,0,0,0,71,103,6,3,11,29,11,2,8,20,22,17,10,14,13,12,12,63,85,1,0,0,0,0,1,157,89,0,0,0,0,0,21,119,34,9,19,10,1,0,6,2,27,26,10,8,4,0,0,40,27,9,8,2,3,13,18,157,22,0,2,0,1,9,118,132,7,0,2,16,19,8,36,3,2,1,7,7,4,24,24,17,54,106,67,2,2,4,3,157,126,66,33,2,1,3,16,93,26,1,2,49,16,3,4,2,5,7,5,10,15,45,13
0,0,2,13,22,125,18,0,0,1,4,2,3,125,105,0,44,3,1,0,0,112,117,23,107,50,2,0,0,4,17,21,6,0,0,0,0,125,108,3,41,25,13,1,0,121,71,10,73,24,40,9,2,16,13,19,125,11,1,0,0,0,0,102,26,18,25,6,3,79,33,5,103,18,4,0,0,2,13,40,20,5,6,6,3,5,45,27,125,0,0,0,0,0,11,104,1,8,62,60,29,4,0,0,10,7,5,4,14,16,41,17,4,18,6,0,0,6,89,16,105,39,2,0,0,0,19,56
5,0,1,1,0,20,69,28,0,0,7,3,0,5,61,77,0,0,7,47,44,6,43,21,0,0,42,121,121,92,8,3,18,3,2,8,17,102,32,19,79,12,1,1,2,23,45,103,10,0,0,5,20,49,95,41,2,0,46,121,8,9,73,85,9,16,26,48,17,31,25,8,69,65,17,12,8,8,4,10,11,6,3,29,84,82,12,8,79,58,7,4,12,23,25,52,71,10,1,2,31,92,107,78,121,40,9,13,4,0,8,45,7,19,15,96,66,2,0,0,79,80,10,16,8,7,15,6
16,1,0,4,11,6,31,73,0,1,20,95,74,13,21,17,20,81,73,63,29,15,23,7,24,22,2,7,30,17,35,14,23,4,4,33,97,22,49,83,66,8,2,12,24,7,28,77,16,11,15,76,96,26,18,7,94,53,16,24,9,4,15,14,24,23,86,63,72,14,0,5,99,72,71,9,1,0,0,15,11,45,123,74,11,0,0,1,26,90,100,15,0,0,0,0,0,11,76,6,2,68,123,16,20,44,74,0,0,3,123,123,8,28,47,2,0,5,28,44,0,11,27,2,0,17,23,0
54,0,0,0,1,8,60,124,33,0,0,0,0,0,50,124,6,0,0,0,0,0,64,79,2,0,0,0,5,22,24,10,124,2,0,0,4,8,2,48,70,5,3,0,0,3,75,124,124,12,0,0,0,0,36,124,22,1,2,4,18,25,5,20,124,6,5,11,2,1,0,48,111,115,34,1,1,1,6,20,121,124,21,0,0,0,1,12,20,19,12,8,6,12,1,2,97,28,10,48,12,0,0,4,124,108,6,0,0,0,0,2,27,88,18,1,0,0,0,0,1,5,3,10,48,24,1,0
169,169,6,6,6,0,0,0,95,12,4,0,0,0,0,5,169,0,0,0,0,0,0,20,15,0,0,0,0,0,0,1,169,169,1,0,0,0,0,0,85,7,3,0,0,0,0,5,169,2,0,0,0,0,0,18,26,0,0,0,0,0,0,0,29,44,1,0,0,0,0,0,66,30,4,0,0,0,0,1,169,11,0,0,0,0,0,9,30,0,0,0,0,0,0,1,8,17,4,0,0,0,0,0,44,13,2,0,0,0,0,2,169,0,0,0,0,0,0,18,28,0,0,0,0,0,0,2
4,2,28,33,2,5,8,4,19,2,8,9,4,7,24,29,1,0,12,19,7,32,60,10,1,1,11,21,7,16,29,17,5,3,8,35,56,123,123,24,108,18,16,16,10,35,123,123,23,8,42,116,20,29,44,8,18,26,27,40,5,10,34,52,9,22,104,123,82,43,25,11,123,123,123,50,7,9,23,60,62,20,25,72,27,2,2,6,7,58,35,53,35,19,0,0,0,1,34,35,7,19,2,0,6,28,54,10,5,42,53,13,17,7,2,3,6,7,40,24,7,14,13,6,77,116,4,2
1,0,1,5,6,3,114,126,5,0,3,1,2,5,57,111,1,0,0,28,111,17,4,6,0,1,9,95,126,27,0,0,24,17,58,126,29,4,65,98,126,59,28,8,0,1,28,126,32,2,0,29,37,22,12,22,2,5,79,126,48,2,1,1,4,16,112,126,3,0,0,0,51,84,96,42,11,8,2,3,23,5,3,14,17,47,32,26,48,9,28,14,0,1,5,42,0,0,3,15,7,18,44,5,1,0,9,34,15,10,17,8,7,11,43,59,13,4,1,6,41,52,24,2,0,0,0,15
0,0,1,4,3,40,34,0,5,1,0,1,8,58,52,15,19,9,3,0,0,10,9,10,8,4,9,1,3,39,9,5,5,5,4,18,88,131,108,15,131,35,5,4,7,79,131,131,78,13,4,2,11,39,4,19,2,3,1,0,9,76,6,1,6,28,131,131,121,56,6,4,131,131,131,38,11,15,11,34,55,18,13,4,12,46,11,14,4,20,29,4,6,22,1,0,0,1,46,35,9,55,16,1,29,20,33,13,13,50,16,10,29,42,17,1,0,6,2,4,0,5,27,5,6,73,4,0
4,86,127,0,0,0,3,9,30,127,51,0,0,0,11,11,52,127,88,0,0,0,6,6,6,60,127,0,0,0,3,4,6,117,100,0,0,0,0,0,52,110,76,10,0,0,0,6,127,49,4,0,0,0,0,38,46,12,13,0,0,0,0,11,35,69,44,20,0,0,0,0,27,51,94,29,0,0,0,0,125,41,34,7,0,0,1,16,51,0,0,0,0,10,19,26,10,20,42,41,1,4,2,0,23,27,23,6,0,26,38,2,11,8,16,5,1,80,119,5,7,2,0,0,0,112,127,10
51,0,0,9,13,0,5,121,25,3,0,0,0,19,94,121,10,28,4,2,9,21,84,31,10,25,49,121,102,7,10,14,44,5,1,67,55,0,2,62,121,80,3,1,0,1,25,91,31,121,29,0,0,1,19,20,5,42,27,33,29,9,10,3,34,7,4,111,77,0,0,2,121,31,3,9,1,0,0,78,77,69,6,0,0,0,17,63,3,37,22,16,23,6,10,4,4,3,5,121,41,0,0,0,121,27,7,33,6,0,0,30,108,59,4,0,0,1,8,62,1,15,9,3,23,21,13,6
10,0,0,13,51,2,3,30,28,23,7,110,143,3,0,1,143,60,6,20,13,1,1,17,34,0,0,0,11,27,4,8,54,2,0,0,47,9,1,18,21,4,2,20,143,63,6,14,143,17,2,4,25,14,6,87,48,1,0,4,22,5,0,15,52,1,0,4,44,3,0,17,15,15,10,81,143,15,2,3,143,65,10,18,20,5,4,49,45,5,3,1,9,16,2,16,51,2,0,2,21,3,0,11,2,0,0,19,143,33,6,6,107,2,0,3,50,26,22,139,78,14,5,0,0,1,0,38
0,0,0,42,81,13,4,0,55,27,23,140,99,1,0,4,142,29,6,4,2,0,0,21,19,3,0,12,52,2,0,1,9,15,2,17,45,5,3,1,21,5,4,52,142,61,10,19,142,14,2,3,15,14,9,85,43,2,0,18,51,1,0,4,22,5,0,15,46,1,0,5,24,13,6,92,142,16,2,4,142,58,6,15,22,4,2,22,49,8,1,19,51,2,0,1,12,27,3,8,29,0,0,1,11,1,1,20,142,53,5,18,142,3,0,2,33,25,7,117,55,1,3,28,8,0,0,16
0,0,0,0,136,81,8,3,95,24,2,2,117,47,2,45,53,24,11,17,60,15,11,52,8,32,26,62,101,5,0,0,6,2,0,1,136,105,1,2,136,56,0,0,90,50,1,27,52,48,3,6,25,16,10,25,18,12,9,23,43,9,1,1,11,5,0,3,136,97,1,4,136,32,0,2,60,26,6,48,33,6,0,0,6,61,53,21,35,6,0,0,8,25,34,23,6,20,2,11,136,30,0,0,62,78,3,8,23,4,0,1,8,3,1,15,42,47,11,3,74,13,2,4,8,17,19,34
9,0,0,2,122,64,0,2,122,25,3,7,82,51,10,26,122,16,0,0,9,5,1,19,11,3,0,2,21,13,2,1,6,2,3,24,122,32,0,0,122,108,16,26,74,17,4,19,122,41,0,0,7,12,3,11,22,5,2,2,16,21,2,4,3,0,0,5,122,67,4,2,122,15,2,4,60,51,25,122,119,23,10,2,2,6,2,47,14,33,51,5,3,7,0,1,1,0,0,1,122,21,0,0,122,18,0,0,65,20,5,22,122,24,1,0,0,0,0,13,10,10,12,0,0,0,3,17
1,0,0,0,0,38,122,23,10,0,0,0,0,35,124,23,21,4,1,50,56,11,28,15,4,0,0,124,124,0,1,10,19,2,0,0,0,21,107,89,109,22,0,0,0,7,44,43,67,11,0,9,10,1,31,35,2,0,0,124,124,2,8,5,109,1,0,0,0,0,6,124,58,8,0,0,0,0,55,105,62,25,0,0,0,0,62,71,33,29,6,83,41,0,5,10,78,0,0,0,0,0,1,124,70,14,0,0,0,0,13,78,84,61,0,0,0,0,3,8,15,23,1,5,2,0,0,0
38,144,16,0,0,0,0,0,112,98,9,0,0,0,0,30,69,8,4,0,0,0,0,144,22,0,0,0,0,0,2,94,71,144,3,0,0,0,0,2,71,101,44,0,0,0,0,9,48,80,72,0,0,0,0,23,38,18,9,0,2,27,10,52,24,61,77,0,0,0,0,2,105,51,62,0,0,0,0,17,61,36,26,0,1,21,3,17,3,8,10,0,28,144,5,2,0,4,37,0,0,0,0,0,4,18,104,7,3,5,0,0,10,12,20,4,46,144,2,3,10,12,1,0,46,144,5,1
0,0,1,1,0,0,0,0,0,0,67,121,31,24,16,0,71,116,121,121,21,22,54,63,73,56,33,20,6,14,17,48,0,0,0,0,12,12,3,1,6,0,15,27,31,96,30,5,81,38,83,27,3,17,20,21,14,22,42,63,12,7,1,1,0,0,0,0,9,39,117,41,40,2,0,0,33,120,74,28,121,17,0,0,1,16,19,38,39,9,3,2,2,23,13,8,0,0,20,18,0,10,121,26,19,0,11,4,0,17,104,119,35,0,0,0,0,3,79,121,49,2,0,0,0,3,33,82
24,0,0,5,168,13,0,10,168,28,0,0,25,6,3,66,26,17,1,4,16,43,17,16,11,2,0,6,24,29,14,6,17,2,0,25,168,9,1,12,168,16,0,6,51,6,7,117,34,0,0,0,23,86,27,34,12,0,0,0,14,69,53,36,8,15,4,86,168,0,0,0,148,93,5,25,44,0,0,3,27,9,6,35,56,18,0,3,27,12,13,56,53,26,9,15,2,2,0,14,102,0,0,0,29,19,1,4,11,0,0,0,3,3,7,20,1,0,0,0,4,7,12,37,2,0,0,0
0,0,0,0,92,133,0,0,24,0,0,0,103,145,11,36,70,0,0,0,0,1,3,116,28,4,0,0,0,0,17,39,4,0,0,0,62,145,9,3,134,7,0,0,18,136,22,26,145,11,0,0,0,0,0,26,80,3,0,0,0,0,1,34,46,4,0,0,45,145,10,6,145,20,0,0,0,14,4,8,145,3,0,0,0,0,0,33,64,4,0,0,0,0,0,37,33,2,0,0,15,36,1,2,82,8,0,0,0,0,0,0,37,0,0,0,0,0,0,6,22,2,0,0,0,0,0,3
140,29,0,0,14,23,15,69,9,6,0,8,34,83,44,14,140,24,0,2,7,6,13,55,132,21,0,0,3,1,0,28,140,48,2,9,30,25,8,42,22,4,3,26,76,120,56,38,140,22,2,3,3,12,27,138,140,16,0,0,5,1,0,39,40,40,8,17,12,1,0,0,16,21,26,118,48,9,1,4,140,76,16,15,3,1,1,9,140,22,0,0,3,0,0,1,0,0,0,0,0,0,0,0,0,0,0,1,0,0,0,0,8,1,0,0,0,0,0,0,6,0,0,0,0,0,0,0
40,1,0,0,0,53,72,30,122,1,0,0,0,1,37,59,23,0,0,31,12,6,70,29,10,3,10,140,39,1,4,5,62,1,0,0,0,1,31,140,48,1,0,0,0,1,140,93,140,26,0,0,0,1,79,64,71,34,10,63,4,0,0,5,44,0,0,0,0,0,24,140,89,6,0,0,0,0,55,140,140,33,0,0,0,0,4,14,23,9,0,0,0,0,0,0,33,0,0,0,0,0,4,140,27,0,0,0,0,0,1,96,10,0,0,0,0,0,0,3,0,0,0,0,0,0,0,0
13,8,12,25,24,69,34,14,37,11,2,1,1,19,53,117,3,1,3,5,8,68,43,12,0,0,6,8,13,82,35,0,16,5,7,71,140,140,65,37,140,36,13,24,27,46,84,140,76,10,38,55,15,21,7,23,0,12,101,32,5,12,4,0,6,12,29,140,121,5,3,5,140,125,55,82,15,1,1,16,96,13,18,14,0,0,0,9,0,12,38,9,2,0,0,0,0,0,0,7,2,0,0,0,4,3,1,3,0,0,0,0,2,0,0,0,0,0,0,0,0,0,0,0,0,0,0,0
67,5,0,0,46,14,0,6,15,22,10,39,156,53,4,9,156,117,10,11,18,8,5,42,39,11,3,2,10,23,4,6,43,12,0,2,83,18,0,2,36,2,0,3,156,155,21,36,156,25,0,0,21,31,20,152,66,39,35,4,2,5,1,12,7,2,0,1,39,2,0,0,42,6,0,0,156,40,1,3,156,52,0,0,17,7,1,9,71,18,3,0,0,0,1,26,0,0,0,0,0,0,0,0,0,0,0,0,0,0,0,0,1,0,0,0,0,0,0,0,1,0,0,0,0,0,0,2
0,0,0,0,0,0,0,0,0,0,0,0,0,0,0,0,0,0,0,0,0,0,0,0,0,0,0,0,0,0,0,0,0,0,2,29,53,1,0,0,28,2,1,40,156,0,0,1,156,7,1,8,32,0,0,31,47,0,0,0,22,1,0,13,1,0,1,23,75,42,22,1,20,16,19,156,156,5,0,0,156,78,27,67,35,1,1,27,115,10,0,10,42,1,0,13,14,21,2,7,11,12,16,4,2,6,5,78,156,43,3,1,156,19,6,24,70,41,17,82,119,6,0,9,29,0,0,21
156,45,0,0,0,158,80,21,158,94,0,0,0,6,5,11,158,33,0,0,0,0,0,29,73,31,0,0,0,0,2,59,158,128,0,0,0,17,8,4,158,55,0,0,0,0,0,14,158,15,0,0,0,0,0,52,60,81,3,0,0,0,2,61,54,21,0,0,0,0,0,0,64,7,0,0,0,0,0,1,77,13,0,0,0,0,0,1,17,67,2,0,0,0,0,0,0,0,0,0,0,0,0,0,0,0,0,0,0,0,0,0,0,0,0,0,0,0,0,0,0,0,0,0,0,0,0,0
62,47,55,131,37,3,1,2,131,131,131,34,7,1,0,6,131,94,131,61,22,1,0,22,131,14,0,0,0,6,15,99,39,40,98,131,30,12,26,6,131,91,37,42,20,3,1,23,60,15,18,76,58,3,0,15,100,7,2,2,0,0,9,89,8,4,4,15,21,17,40,40,72,16,5,9,3,0,0,12,15,1,2,16,21,2,0,6,15,0,0,0,1,0,2,20,0,0,0,0,0,0,0,0,0,0,0,0,0,0,0,0,0,0,0,0,0,0,0,0,0,0,0,0,0,0,0,0
0,0,0,0,0,0,0,0,2,0,0,0,0,7,77,74,81,0,0,0,0,1,47,135,39,1,1,22,40,26,16,37,0,0,0,0,2,7,0,0,26,2,0,0,31,90,38,35,135,7,0,0,1,11,20,135,94,1,0,15,23,42,32,67,0,0,0,0,9,15,2,0,51,53,3,5,70,47,2,3,135,93,1,1,4,28,24,32,33,0,0,0,6,135,134,30,0,0,0,0,1,9,33,17,101,45,0,0,7,14,16,18,85,48,0,0,70,96,11,5,0,0,0,0,44,135,93,35
34,105,131,14,0,1,1,2,63,82,143,72,2,3,1,0,143,95,23,2,0,0,5,54,56,0,0,0,0,27,75,52,143,143,56,24,5,2,0,5,38,43,103,100,66,8,0,4,143,53,17,10,6,0,1,46,51,0,0,0,0,4,17,58,108,55,12,14,5,1,0,4,27,10,6,49,53,6,0,3,118,16,6,10,6,0,0,36,32,0,0,0,0,1,32,60,22,3,0,0,0,0,0,2,5,0,0,3,12,3,0,1,16,0,0,0,2,0,0,10,4,0,0,0,0,0,8,12
55,12,1,0,0,40,54,75,32,41,11,1,4,42,20,16,6,4,0,0,1,70,47,6,2,1,0,0,2,12,5,2,68,2,3,3,1,5,45,130,27,2,0,0,1,130,130,87,130,31,3,2,1,55,82,49,23,24,14,32,37,6,1,2,9,0,3,22,47,8,22,55,56,38,6,1,1,33,58,37,130,86,4,2,1,4,8,22,51,38,58,45,13,0,0,3,15,3,14,130,49,2,1,7,123,72,9,9,0,0,0,7,130,130,1,0,0,0,0,22,44,47,35,24,0,0,0,24
0,0,31,42,15,97,34,0,7,27,34,10,1,14,48,15,12,94,75,2,4,12,18,6,81,77,101,3,1,1,0,25,0,1,82,129,16,0,0,0,39,20,62,95,23,2,1,8,129,129,56,4,0,0,0,32,34,51,101,41,17,0,1,13,0,5,80,129,28,9,0,0,9,9,129,129,10,6,5,0,129,51,82,51,3,0,0,34,66,4,4,19,11,1,1,34,0,0,4,20,54,58,8,0,0,0,15,30,36,43,56,6,15,8,16,26,6,5,15,13,27,2,0,1,0,0,0,17
1,0,0,0,5,61,136,10,16,3,0,1,6,51,136,53,5,7,4,0,0,34,98,12,1,4,3,0,0,13,24,3,35,6,9,57,21,16,130,20,136,66,7,1,0,1,58,81,29,50,50,5,0,6,42,19,2,17,16,1,0,2,19,3,34,4,1,20,72,58,4,14,121,17,2,1,0,2,88,136,39,42,6,1,0,7,136,103,7,10,3,0,0,4,50,22,16,45,10,24,61,11,1,2,23,121,55,3,0,1,14,12,52,136,24,6,11,2,8,15,3,15,14,12,26,22,3,1
1,5,6,1,1,63,123,15,11,19,23,2,35,67,56,18,123,34,23,0,7,5,1,123,80,2,0,0,0,21,28,123,16,23,40,40,10,5,7,6,94,123,102,3,1,1,3,12,81,107,123,27,7,0,0,20,88,12,4,3,1,0,5,111,16,8,123,123,13,1,0,3,123,61,65,30,1,0,0,47,55,13,25,46,25,1,2,32,30,5,9,19,5,0,0,38,0,0,47,50,24,28,27,2,33,16,35,37,7,5,11,12,39,3,2,6,2,0,0,23,1,0,1,7,5,0,0,3
0,0,3,25,33,49,0,0,0,0,1,18,49,138,0,0,1,14,32,18,31,112,6,2,9,1,21,27,14,24,57,61,0,0,0,0,37,138,18,0,31,6,0,0,55,138,3,3,138,122,76,33,20,33,3,14,8,19,56,121,138,53,16,4,0,0,0,0,4,111,58,0,37,6,2,3,22,62,4,2,138,16,2,3,18,32,18,73,9,2,1,22,138,117,14,14,0,0,0,0,0,0,0,0,0,0,0,0,0,0,0,0,3,0,0,0,0,1,1,2,0,0,0,0,7,6,0,0
13,4,15,124,69,4,1,4,124,12,2,18,11,0,0,6,124,6,0,0,0,0,1,11,36,0,0,0,0,0,26,21,18,4,2,49,106,124,85,48,124,38,0,9,24,19,4,13,124,10,0,0,0,0,45,54,26,7,0,0,0,1,76,28,30,47,72,18,1,31,54,24,112,24,5,5,1,5,23,81,86,4,0,0,0,0,39,102,94,22,0,0,0,0,9,17,0,32,98,100,18,1,0,0,38,1,8,79,49,3,9,29,124,0,0,0,0,0,1,56,67,0,0,0,0,0,13,41
65,7,1,5,15,19,17,52,116,18,8,3,0,0,26,91,6,6,40,41,1,0,23,22,1,22,69,18,1,0,0,0,31,31,36,117,26,5,4,17,44,13,9,10,12,9,102,119,119,26,5,1,0,0,50,119,32,20,14,12,21,7,0,1,2,5,30,119,42,0,0,3,14,113,119,54,15,2,4,6,119,119,89,7,0,1,3,18,31,7,8,6,27,32,5,5,5,30,55,52,5,0,0,3,3,106,119,27,0,0,0,0,4,26,105,61,0,0,0,1,1,9,57,20,6,2,1,1
8,2,2,2,2,27,104,66,15,9,6,26,10,8,59,61,75,56,15,3,2,2,1,2,6,15,61,10,0,0,0,0,51,15,8,5,28,108,102,63,129,73,2,0,0,1,45,119,75,129,10,0,0,1,6,8,13,22,23,5,0,1,6,2,46,104,86,7,6,8,3,13,129,129,40,0,0,0,0,52,104,34,2,0,0,1,11,44,18,55,9,0,0,1,6,3,3,129,102,0,0,12,28,2,45,77,41,0,0,6,24,26,101,16,0,0,0,0,14,36,15,20,4,0,0,2,52,21
1,0,1,57,84,73,9,2,24,12,5,35,32,29,55,55,129,12,0,0,2,0,39,75,33,1,0,0,21,26,33,18,5,0,1,58,91,60,9,12,28,13,7,41,100,78,29,21,129,19,1,0,7,6,14,63,53,0,0,5,129,61,10,13,3,0,0,3,39,129,35,10,26,44,39,27,58,47,10,9,129,73,10,1,4,4,5,39,31,0,11,62,77,27,11,21,0,0,0,0,40,62,55,18,36,6,4,1,0,5,62,68,107,11,0,0,0,14,35,48,6,0,1,6,9,129,89,17
26,93,10,0,0,0,0,14,9,81,51,0,0,0,0,2,20,57,71,0,0,0,0,6,16,31,39,1,1,0,0,4,136,21,1,0,0,1,0,80,40,19,3,0,4,23,9,25,101,21,8,0,0,2,4,45,22,14,18,2,17,31,0,2,136,14,0,0,0,4,25,136,54,8,0,0,5,32,31,44,135,36,0,0,0,13,10,33,15,4,0,0,22,125,16,2,108,14,0,0,0,0,54,136,46,3,0,0,0,2,59,136,29,1,0,0,0,48,61,126,0,0,0,0,8,136,69,2
20,0,3,10,5,7,79,80,134,26,3,0,0,5,29,52,25,27,40,46,0,0,0,0,0,1,28,80,24,4,0,0,40,12,28,134,30,4,15,20,134,46,14,14,1,0,6,43,56,34,22,5,0,14,28,16,5,3,47,80,2,1,10,26,6,11,96,134,3,0,0,0,120,40,92,91,0,2,14,36,22,4,37,13,3,51,87,49,16,4,13,7,0,4,29,134,8,13,33,52,0,0,0,1,0,7,97,111,0,0,0,1,0,16,134,38,1,2,1,2,16,19,87,35,0,0,0,18
120,78,0,0,0,0,2,8,39,33,0,0,20,54,14,2,26,1,0,0,3,27,61,56,37,8,7,19,7,2,6,14,123,97,2,0,6,15,2,4,21,7,0,6,85,123,12,4,123,22,0,1,12,51,26,41,116,21,2,2,0,0,0,8,52,21,0,5,11,8,12,28,11,3,3,95,100,54,17,6,123,19,3,22,19,12,2,54,113,7,0,0,0,0,0,47,4,1,0,0,2,62,123,18,34,10,0,9,17,92,123,28,123,86,0,2,7,18,19,24,76,45,0,0,3,3,0,8
0,4,8,68,120,0,0,0,33,120,59,46,53,0,3,15,9,120,49,15,1,0,7,15,0,3,10,41,65,4,0,0,0,1,8,120,112,1,0,0,35,18,7,118,46,3,29,59,110,14,4,11,7,1,30,96,16,5,2,51,120,10,0,2,0,0,10,108,29,0,0,0,14,11,15,120,115,0,1,3,120,53,16,27,12,0,1,11,35,4,0,50,120,0,0,2,0,0,0,19,23,12,14,0,0,7,26,87,53,1,4,0,28,49,59,21,2,0,0,0,13,5,8,31,73,0,0,0
136,23,0,0,0,0,18,136,73,1,0,0,0,0,46,136,38,1,0,1,2,11,6,77,0,0,0,1,9,61,12,0,123,136,46,33,1,0,13,38,136,51,7,16,0,1,21,98,111,22,0,0,0,105,51,38,0,0,0,0,0,136,55,0,67,74,45,68,33,1,1,13,124,14,9,49,44,4,34,100,18,1,0,0,0,69,75,37,0,0,0,0,0,32,7,0,17,4,10,17,20,2,3,23,0,0,0,4,25,2,4,11,0,0,0,0,0,0,1,2,0,0,0,0,0,0,0,0
33,34,0,0,15,51,9,1,32,2,0,0,4,36,59,56,52,14,7,22,8,3,9,20,0,2,61,109,43,8,0,0,16,7,0,13,65,123,8,3,123,35,0,4,13,52,21,34,123,35,3,2,0,0,0,10,15,14,47,16,11,18,0,0,8,3,2,64,73,45,41,7,123,29,3,19,20,13,5,49,123,16,0,0,0,1,0,46,24,2,0,0,62,123,2,4,52,32,0,1,7,53,123,31,123,123,0,0,3,10,14,17,74,56,0,0,11,12,1,8,6,1,0,0,123,123,0,0
0,0,1,4,6,125,47,4,107,1,0,2,9,91,51,49,125,2,0,0,0,2,5,39,4,0,0,3,22,19,27,8,6,7,3,37,64,125,18,1,125,68,2,7,8,31,16,21,125,15,0,0,0,3,5,34,2,1,2,7,17,24,15,6,5,4,3,46,103,45,3,4,125,22,2,7,10,9,6,92,124,2,0,0,0,0,3,70,7,1,4,7,2,0,12,8,0,0,0,0,113,69,7,5,47,0,0,0,10,17,16,125,39,1,0,0,0,0,75,125,1,2,3,0,0,0,125,22
5,2,0,1,5,17,66,57,8,9,1,0,0,5,68,54,83,48,0,0,0,6,50,27,126,126,0,0,0,1,4,3,10,5,16,58,20,2,7,63,23,16,12,0,0,0,33,69,126,51,0,0,0,0,19,57,126,64,0,0,0,7,126,90,2,2,29,39,11,7,68,46,22,24,43,4,0,1,15,34,93,23,3,0,0,2,42,72,58,93,2,0,0,3,126,68,8,2,11,5,0,0,30,85,50,5,2,0,0,6,14,76,80,19,0,0,0,12,15,23,126,126,2,0,0,0,1,4
22,1,15,49,0,0,6,4,135,4,0,2,0,0,0,31,99,0,0,0,0,0,10,79,59,0,0,0,0,0,5,29,14,8,36,135,37,0,0,0,135,32,8,36,6,0,1,15,99,2,0,0,0,0,25,84,134,17,0,0,0,0,3,32,16,3,7,135,121,0,0,18,73,46,27,97,31,0,2,8,84,110,2,0,0,0,18,24,117,86,0,0,0,6,4,6,37,2,1,57,60,1,2,36,6,30,27,94,40,0,0,2,47,124,7,1,0,0,15,28,21,29,0,0,3,43,32,12
0,0,1,4,11,106,38,0,1,0,0,5,9,62,90,6,91,15,0,2,4,9,21,21,47,11,0,1,17,35,8,4,0,0,0,28,58,48,2,0,27,0,0,9,35,99,22,14,131,50,0,1,8,11,11,25,35,20,0,3,116,52,2,0,0,0,0,6,96,131,0,0,84,1,0,0,32,131,12,24,131,22,0,0,18,10,4,67,23,3,0,2,131,38,1,9,0,0,0,3,78,131,0,0,38,0,1,5,14,31,1,28,131,0,0,0,4,3,3,131,14,2,3,8,74,13,6,46
0,0,0,0,0,0,118,139,41,0,0,0,0,0,88,148,19,0,0,0,0,0,36,116,0,0,0,0,0,1,23,12,24,0,0,0,0,0,92,45,148,25,0,0,0,0,28,113,100,5,0,2,3,5,62,96,21,1,0,0,0,1,46,69,77,11,1,19,1,0,13,11,148,38,0,0,0,0,1,23,82,3,0,1,2,1,12,45,87,5,0,0,0,0,1,22,63,30,6,95,29,0,0,0,148,36,0,0,0,0,2,28,69,5,0,0,0,0,4,59,81,15,0,0,0,0,0,4
137,0,0,0,0,0,0,77,149,0,0,0,0,0,0,136,47,0,0,0,0,0,0,18,0,0,0,0,0,0,0,0,64,70,4,0,0,0,1,107,149,108,2,0,0,0,0,133,122,5,0,0,0,0,0,23,0,0,0,0,0,0,0,0,25,149,30,0,0,0,0,4,135,149,12,0,1,3,4,54,88,6,0,0,0,0,1,79,0,0,0,0,0,0,0,2,53,93,4,0,0,0,0,6,46,68,2,0,1,2,1,12,49,21,1,1,0,0,2,44,3,0,0,0,0,0,0,6
33,0,0,0,3,1,2,44,141,0,0,0,0,0,0,67,141,0,0,0,0,0,0,79,10,0,0,0,0,0,0,4,29,0,0,3,17,0,0,43,114,21,0,0,0,0,2,141,141,25,0,0,0,0,0,139,40,0,0,0,0,0,0,9,8,93,13,3,31,2,0,10,49,141,22,0,0,0,0,21,141,141,5,0,0,1,2,50,42,1,0,0,0,0,0,30,14,141,30,1,5,1,0,1,42,141,7,0,0,0,0,6,50,43,2,0,1,2,3,28,32,5,0,0,0,0,2,38
3,50,90,18,1,0,0,0,13,35,35,69,17,0,0,0,136,136,17,7,0,0,0,0,51,39,9,84,14,0,0,0,2,2,62,50,23,0,1,2,44,7,7,54,92,0,0,4,136,34,0,1,3,0,0,12,78,18,3,21,18,1,0,0,10,1,1,6,39,28,15,33,29,5,0,13,103,63,18,16,136,23,0,1,2,3,17,97,66,12,0,4,32,12,26,31,0,0,0,0,6,54,70,43,2,1,7,5,35,136,47,26,37,11,17,2,2,8,78,136,26,7,1,0,2,10,109,129
16,57,47,4,0,1,2,15,60,117,40,2,2,0,1,18,14,54,96,7,17,7,7,14,29,48,75,21,15,1,2,25,27,18,12,3,1,15,10,9,128,60,4,11,15,0,1,22,45,14,6,52,127,10,5,26,102,2,2,21,18,2,2,110,26,15,50,42,0,1,0,4,128,26,10,5,13,2,0,64,42,5,8,39,128,12,3,24,107,30,13,10,21,3,10,56,1,3,64,81,8,36,85,2,57,22,26,10,2,24,128,30,14,2,6,18,24,46,128,20,11,15,10,6,2,27,128,13
9,48,16,0,1,17,82,76,0,5,6,17,110,90,28,7,1,2,28,70,103,23,0,0,19,40,37,9,1,0,0,19,20,14,23,0,0,2,117,122,122,27,34,38,17,9,42,77,14,10,122,122,15,0,0,0,2,78,122,27,0,0,0,0,31,57,109,23,0,0,2,10,122,52,22,7,0,0,0,30,71,7,61,75,0,0,0,19,3,42,96,30,2,0,0,4,10,23,34,31,2,0,0,0,93,5,5,20,4,0,0,68,91,1,1,8,4,0,0,73,7,1,2,19,18,5,4,12
30,56,68,8,0,0,1,6,22,47,107,23,1,0,2,8,2,6,89,29,0,1,28,12,0,0,46,17,0,2,42,12,90,118,10,1,4,0,2,5,37,75,57,26,69,37,5,8,88,33,118,37,17,11,5,20,9,8,109,78,49,16,3,2,118,116,4,2,22,18,0,1,44,22,2,3,118,89,2,6,118,20,2,11,40,9,2,12,28,40,38,55,110,18,2,2,50,23,4,4,20,15,65,69,19,25,26,28,55,37,38,22,118,77,14,7,2,1,10,26,18,32,54,27,5,0,7,12
0,0,0,0,20,32,42,36,22,0,0,0,1,3,68,118,83,1,0,0,0,0,15,118,40,12,1,0,1,3,2,19,6,4,1,16,9,22,49,20,98,25,1,0,2,5,7,65,118,18,0,0,0,0,2,46,73,10,0,0,0,45,25,7,8,30,111,105,1,0,3,8,32,118,105,2,0,0,0,2,118,63,17,3,9,29,29,21,17,0,0,0,5,118,118,17,18,15,97,19,0,0,2,118,3,29,118,26,1,0,2,26,1,9,33,56,108,22,4,1,10,0,0,4,91,54,29,22
61,63,15,2,1,0,3,6,40,47,48,13,47,13,3,8,62,21,81,22,28,5,3,18,18,26,51,26,37,9,3,4,115,61,9,10,9,5,0,3,63,23,4,9,115,43,1,11,115,15,9,22,34,6,1,33,25,78,53,41,31,3,0,2,46,19,11,10,6,5,115,69,19,14,18,22,47,20,115,49,98,46,15,5,2,1,112,80,21,16,15,2,0,0,75,60,2,13,10,0,0,0,110,46,12,19,1,0,0,0,115,64,27,27,0,0,0,0,115,90,85,83,0,0,0,0,56,57
0,0,0,6,4,92,78,0,12,6,8,14,6,37,71,58,76,30,8,1,12,9,3,60,5,4,3,3,119,97,0,2,0,0,3,4,35,111,23,1,26,2,1,2,5,25,60,87,119,6,0,0,29,45,14,119,5,0,0,0,119,119,3,8,0,2,38,30,66,13,0,0,60,52,11,22,48,5,5,6,119,67,0,0,68,94,4,16,3,2,0,0,119,119,1,1,0,2,19,18,47,14,2,0,24,71,22,12,31,16,6,3,27,26,0,0,64,119,4,2,17,12,0,0,36,63,2,3
23,0,0,15,23,6,13,30,92,1,2,3,2,6,44,122,22,8,6,3,2,6,91,122,22,2,1,4,10,4,5,69,35,1,0,23,70,8,0,5,122,57,44,11,9,5,10,25,44,101,122,11,2,15,60,44,50,37,6,0,13,24,90,38,33,1,0,10,51,11,12,14,122,19,8,5,14,18,32,52,11,15,51,10,5,79,122,13,12,9,29,10,4,40,122,34,43,1,0,0,8,14,21,39,122,15,14,6,5,7,27,63,9,18,119,17,3,7,62,46,5,13,110,32,4,9,44,7
41,8,1,3,54,5,0,0,147,65,3,0,4,1,0,0,27,27,14,4,44,42,7,10,26,2,0,0,2,16,16,46,50,10,6,18,55,0,0,0,147,38,2,8,16,0,0,4,39,10,2,36,147,20,3,12,17,1,0,1,19,15,22,64,38,0,0,11,78,3,0,4,147,5,1,7,11,0,0,39,65,6,13,130,147,0,0,6,8,21,43,39,21,1,3,10,18,0,0,12,81,1,0,5,147,4,1,1,0,0,0,46,119,13,35,133,9,0,0,14,0,6,86,102,2,0,0,0
1,13,1,0,18,56,10,0,71,110,1,0,4,9,3,10,121,72,0,0,0,0,0,22,14,7,9,29,28,3,0,1,9,121,43,6,2,24,3,1,39,113,50,63,22,8,11,31,121,30,5,6,3,2,7,91,38,7,6,15,6,0,0,4,29,99,19,15,8,5,26,83,16,28,71,121,12,1,12,117,121,109,57,25,1,2,2,16,32,9,0,1,10,14,12,3,10,2,4,97,28,3,13,42,29,7,8,16,9,1,24,121,32,20,10,1,0,51,54,91,13,1,0,0,0,91,100,38
0,0,0,1,47,83,33,1,30,0,0,4,5,21,85,99,86,0,0,19,131,8,17,125,2,0,0,38,131,1,0,1,0,15,23,60,67,17,0,0,60,17,25,79,18,5,2,15,131,11,1,10,103,13,4,64,3,0,0,12,131,18,2,4,0,31,34,74,57,0,0,0,14,40,33,99,40,2,1,1,83,54,9,11,76,43,16,10,2,0,0,1,131,51,1,0,0,4,59,74,25,0,0,0,0,3,16,63,68,24,5,0,4,4,14,23,31,75,38,3,0,0,18,53,67,46,2,0
0,0,0,0,9,66,122,23,6,5,0,0,2,23,113,41,71,18,2,0,2,9,27,74,35,1,0,0,0,3,106,81,24,0,0,22,65,12,47,34,122,71,8,0,2,0,24,47,39,59,23,5,26,19,12,29,25,1,0,0,1,27,24,60,32,3,1,55,122,0,0,6,122,14,1,4,8,0,0,55,62,7,2,52,120,23,7,30,5,0,0,6,16,27,32,72,5,2,3,111,122,0,0,0,122,2,2,6,3,0,0,74,98,3,8,104,74,0,0,47,6,17,36,55,25,1,4,11
52,49,12,8,0,0,0,0,138,12,0,0,0,0,1,61,138,2,1,0,0,2,1,94,4,3,3,2,1,5,13,10,24,30,26,27,9,0,0,3,97,30,55,9,0,1,10,85,138,31,8,0,4,2,1,138,22,1,1,4,25,19,21,9,32,84,53,9,0,0,0,0,67,138,138,10,0,0,0,1,138,138,82,6,4,0,0,4,14,11,11,32,25,2,0,0,79,48,9,0,0,0,0,2,138,57,22,0,0,0,0,8,24,48,18,2,4,0,0,3,0,2,1,13,34,6,0,0
14,29,23,13,6,8,9,9,133,18,45,27,5,3,0,32,146,3,0,0,0,2,8,137,11,0,0,0,2,47,72,25,20,63,74,13,3,0,0,0,69,15,62,42,23,2,0,8,146,14,7,3,9,5,3,66,32,11,8,20,74,69,30,15,0,9,146,40,0,0,0,0,12,15,146,128,6,0,0,0,146,65,54,41,4,0,0,5,51,57,58,39,24,0,0,1,0,0,43,18,10,3,4,0,0,0,36,86,19,0,0,0,42,42,48,52,3,0,0,0,55,40,10,0,0,1,3,6
79,13,30,25,7,12,3,14,144,6,3,1,0,0,3,103,35,0,0,0,1,22,66,36,7,3,2,5,12,17,52,14,43,17,46,36,16,3,0,1,144,14,7,5,7,5,4,53,53,7,3,9,60,104,79,28,105,49,2,1,5,23,70,54,8,11,144,113,7,0,0,0,144,72,50,42,7,0,0,2,56,69,72,55,57,10,1,1,49,144,36,6,4,2,2,2,0,0,28,71,19,0,0,0,49,51,42,50,5,0,0,0,53,61,27,2,0,1,4,5,2,29,9,0,0,11,25,1
0,0,0,10,6,12,4,21,8,5,7,31,16,58,21,12,45,4,1,1,0,6,15,57,8,1,0,0,0,0,0,3,6,0,0,0,10,51,47,136,18,3,1,15,72,136,64,42,136,13,1,2,4,21,40,136,35,3,0,0,0,2,1,7,69,4,4,5,9,6,14,136,51,39,38,98,68,22,6,89,136,136,29,18,4,5,2,13,32,6,0,0,1,47,12,2,52,73,110,10,1,0,0,58,113,37,35,10,0,0,0,98,68,49,7,1,2,10,6,33,2,3,3,2,15,41,4,1
2,0,0,0,0,0,157,140,27,0,0,0,0,0,56,138,12,2,4,4,3,5,4,9,1,9,11,1,0,1,3,1,102,44,0,0,0,0,84,124,157,9,0,0,0,0,13,157,74,4,4,7,17,24,10,15,33,15,4,1,1,5,10,17,95,104,6,2,0,0,0,1,157,75,0,0,0,0,0,11,78,27,27,21,11,3,1,2,15,26,18,6,17,23,11,2,50,30,17,9,1,0,2,16,157,30,2,1,0,0,1,55,54,6,3,1,2,7,17,19,0,1,3,24,36,12,17,7
12,4,2,1,4,128,53,7,119,13,3,0,0,31,30,67,116,22,2,0,0,0,0,69,4,5,5,47,46,0,0,0,38,10,20,15,8,42,30,25,70,16,2,0,0,2,65,89,128,18,0,0,0,0,4,128,31,4,3,29,11,0,0,6,1,33,26,39,95,22,9,2,54,128,19,1,3,2,23,12,128,118,2,0,0,0,0,20,44,8,5,15,2,0,0,4,0,90,107,12,28,13,0,0,26,100,128,21,0,0,0,0,127,74,18,1,0,0,2,10,27,2,0,4,1,0,5,25
134,48,0,0,0,2,12,95,134,3,2,0,0,0,0,134,12,1,16,14,0,0,3,40,0,0,20,47,0,0,2,1,134,123,28,0,0,0,0,44,134,52,5,0,0,0,1,134,46,2,0,0,0,9,54,77,3,0,3,6,0,1,29,60,20,134,134,0,0,0,0,1,79,134,64,4,5,6,4,4,24,14,5,10,13,37,38,16,37,11,1,0,0,6,23,58,18,62,44,3,11,10,0,1,3,10,19,5,24,88,48,11,39,23,8,9,6,11,35,34,12,20,4,7,17,16,3,1
9,2,23,13,1,3,4,12,10,2,29,17,2,14,29,20,0,4,33,22,10,49,40,6,13,13,22,14,2,4,14,24,3,1,12,21,39,124,88,15,81,14,14,15,7,43,103,99,20,12,61,99,15,32,26,10,45,47,23,16,5,23,12,30,6,17,92,124,72,51,22,9,124,124,116,40,7,12,25,54,51,21,32,62,13,2,8,6,3,25,27,27,124,117,1,0,0,2,32,40,9,14,1,0,5,26,47,13,22,61,37,7,19,8,2,2,10,30,53,41,1,0,2,2,124,124,3,4
56,57,8,9,8,10,14,26,22,34,54,32,15,10,6,6,3,0,124,124,26,36,25,12,5,30,124,85,0,1,7,15,40,41,6,17,36,61,93,22,66,12,3,12,31,30,124,118,27,20,48,85,66,26,18,23,28,24,25,11,9,8,6,21,17,32,42,124,123,57,33,12,124,124,52,42,21,22,42,79,41,32,39,56,5,0,0,4,1,5,14,38,52,3,0,0,14,25,26,49,12,0,0,0,33,96,29,13,1,0,3,3,4,9,2,4,8,17,16,2,1,0,0,8,47,37,2,0
4,0,0,2,25,41,49,14,73,1,1,2,15,23,28,120,99,44,0,0,0,0,43,123,55,27,3,4,9,7,4,32,25,82,41,45,37,10,20,12,89,36,89,98,7,4,0,34,124,90,5,6,0,0,0,39,54,51,3,18,29,5,1,10,52,115,35,87,49,1,3,28,31,46,63,124,28,3,6,20,124,38,22,30,2,0,0,70,50,1,0,8,9,0,6,87,25,1,0,49,120,3,5,48,42,1,2,18,17,12,9,55,37,1,3,12,13,19,9,44,69,0,0,0,1,0,1,78
14,99,36,10,2,8,7,1,11,81,15,26,43,7,4,0,9,118,118,118,79,3,0,1,31,118,98,12,2,0,1,4,9,38,33,8,36,105,70,12,91,36,9,7,15,40,107,87,36,76,22,4,4,1,9,16,5,12,4,1,7,15,36,18,9,50,33,27,111,73,15,7,118,118,41,18,20,20,25,45,27,10,2,11,14,13,79,34,0,0,0,0,17,93,64,8,0,18,9,2,1,0,0,0,0,56,17,27,7,0,0,0,0,0,3,74,58,16,15,2,2,2,0,6,52,92,39,1
12,0,0,0,28,24,3,12,168,0,0,0,8,10,4,45,42,0,0,2,12,45,5,12,0,0,0,7,39,45,0,0,27,17,9,49,101,17,1,8,168,11,1,14,32,9,2,49,110,4,2,38,38,25,1,10,0,0,0,59,88,24,0,0,19,13,8,58,124,9,0,1,168,33,2,22,44,1,0,2,124,13,22,31,35,13,0,3,0,0,49,71,55,15,0,0,28,5,6,60,58,28,10,22,168,25,2,23,28,15,4,32,121,25,40,13,0,0,0,7,0,0,66,49,14,1,0,0
44,1,1,4,24,43,7,24,74,10,63,107,7,2,1,25,74,113,105,68,3,0,0,4,57,20,1,1,1,6,8,13,78,3,2,6,33,13,2,33,114,20,7,9,8,10,1,32,35,15,14,21,17,60,41,33,30,5,1,1,1,20,35,64,114,53,20,2,7,6,2,80,84,95,20,9,42,22,3,13,40,12,10,72,114,114,63,57,114,23,11,11,5,13,34,112,114,10,1,0,0,0,0,91,10,12,2,9,14,0,9,32,13,14,17,103,54,1,1,2,81,29,12,11,1,0,0,2
0,0,0,0,0,1,12,12,1,2,23,8,5,3,9,25,0,0,22,117,57,31,1,1,8,5,79,117,33,5,2,5,11,7,14,78,75,26,60,56,117,30,15,20,19,9,39,117,19,3,4,96,99,40,2,7,22,2,9,89,16,5,2,21,12,23,87,117,36,5,7,5,90,83,91,37,11,4,10,16,14,3,2,97,39,10,26,10,18,5,7,96,15,1,6,13,27,30,11,5,1,0,4,4,1,4,15,54,41,4,4,0,0,0,1,31,96,103,117,14,25,3,2,26,16,39,117,90
24,0,0,0,68,137,21,25,137,1,0,0,3,23,14,137,30,1,0,0,0,0,71,126,4,0,0,0,16,13,46,40,137,30,0,0,5,137,68,35,137,31,0,0,0,1,4,73,103,39,0,0,0,0,16,64,40,25,0,0,33,9,8,29,137,79,0,0,0,7,8,5,137,33,0,0,0,0,0,16,108,53,0,0,0,0,0,54,35,28,3,2,52,8,1,27,37,11,0,0,0,0,0,0,55,14,0,0,0,0,0,0,20,63,1,0,0,0,0,0,3,32,7,4,36,1,0,0
9,0,0,0,2,4,4,28,12,0,0,0,14,18,2,6,95,0,0,0,1,3,1,9,10,0,0,0,0,14,2,2,48,45,16,12,15,5,3,28,72,6,2,17,118,65,7,23,184,8,0,2,10,14,6,58,51,2,0,18,27,56,6,10,12,71,40,23,19,2,0,1,79,22,13,90,184,11,0,2,184,53,2,11,19,2,0,5,56,7,1,30,45,19,0,1,44,10,3,13,19,7,6,32,60,18,4,71,136,12,0,0,184,68,4,8,11,0,0,1,34,15,37,36,15,6,0,0
0,0,0,0,0,0,0,0,0,0,0,0,0,0,0,0,0,0,0,0,0,0,0,0,0,0,0,0,0,0,0,0,46,1,0,0,0,0,0,9,154,70,4,10,7,3,2,41,47,39,9,59,154,17,3,9,21,115,8,3,23,0,0,0,41,29,14,0,0,0,0,2,154,100,53,9,4,12,39,124,63,67,5,15,101,88,76,63,85,154,3,2,13,2,0,1,0,5,28,8,0,0,0,0,11,27,109,113,38,4,5,10,101,64,7,17,13,2,11,18,98,61,0,0,0,0,0,31
22,3,0,0,0,63,97,71,67,10,12,13,5,31,35,32,2,29,27,14,5,0,0,0,0,3,0,0,0,0,0,0,88,19,2,16,9,19,74,50,127,82,28,6,0,3,10,39,28,69,90,35,1,0,0,8,7,8,2,10,1,0,0,11,82,41,109,127,6,0,0,5,127,86,27,4,0,0,0,100,98,25,24,49,1,0,0,83,13,14,68,64,2,0,0,10,14,20,108,108,6,2,10,15,28,90,107,30,4,1,1,6,118,34,8,4,3,3,7,67,32,15,65,17,0,0,18,34
106,28,21,14,0,0,9,60,7,22,115,56,0,0,9,16,1,42,92,19,10,0,0,0,0,0,3,5,13,1,0,0,58,12,18,24,1,2,63,115,115,31,16,3,1,0,45,115,32,14,24,28,94,17,0,3,12,13,3,12,87,17,0,0,9,91,115,109,2,0,5,8,115,115,115,7,1,2,3,22,27,8,42,50,59,18,1,4,41,17,20,73,36,3,0,2,1,82,112,17,0,0,0,0,1,37,115,32,1,0,0,0,0,3,64,64,30,0,0,0,7,0,4,69,52,0,0,6
2,0,0,23,69,71,10,6,15,1,1,27,50,51,69,58,125,1,0,0,0,0,43,125,27,0,0,0,5,21,48,32,14,0,0,31,81,47,11,25,32,5,2,39,125,70,9,20,125,10,0,0,8,8,5,56,49,0,0,4,85,66,15,23,10,0,0,0,24,123,46,15,31,33,17,15,59,59,15,10,125,56,5,1,5,4,4,32,30,0,1,49,75,36,16,18,1,0,0,0,40,95,47,7,36,3,1,0,1,13,68,96,87,3,0,0,2,27,39,71,8,1,0,3,17,125,98,14
4,0,0,9,31,70,62,47,58,2,0,0,0,0,69,125,17,0,0,0,1,12,60,61,3,1,8,23,41,39,19,10,19,2,1,32,100,52,8,15,125,18,0,1,8,10,5,44,61,3,0,0,42,78,47,41,89,5,10,7,2,7,23,73,24,25,11,9,45,60,14,8,125,56,4,2,15,10,4,22,49,1,1,44,107,56,11,29,125,1,1,7,7,7,3,114,42,4,1,0,1,9,37,71,80,7,0,1,5,42,52,46,30,4,0,14,23,125,125,26,125,13,0,2,3,17,25,47
102,13,1,1,7,2,2,23,16,0,2,42,57,26,7,18,77,0,1,11,7,12,4,106,43,0,0,6,61,4,1,33,56,4,0,0,2,23,27,51,13,1,0,8,26,132,88,19,132,8,0,2,5,57,46,86,76,0,0,2,29,25,18,29,69,7,3,13,23,21,13,46,37,11,4,41,126,96,15,10,132,35,2,3,6,11,6,58,53,1,2,6,7,12,8,24,101,5,0,2,31,22,4,24,9,0,0,4,132,96,11,27,97,1,0,0,6,12,21,132,18,3,2,0,0,0,81,85
27,11,29,3,0,0,3,130,45,5,12,14,1,1,19,130,16,14,60,56,5,3,17,22,4,32,69,23,2,0,0,0,12,41,130,57,0,0,0,9,40,9,61,128,9,6,37,85,130,35,13,11,1,2,23,70,24,19,48,61,4,0,3,3,2,32,79,57,0,1,2,1,14,14,101,130,4,0,0,2,130,52,79,73,0,2,14,22,24,5,23,11,0,5,50,53,18,4,2,1,0,5,48,43,26,15,45,55,0,0,6,30,3,5,122,83,0,0,2,4,5,6,112,26,0,1,5,10
2,0,0,0,34,52,57,87,5,0,0,0,0,0,101,130,0,0,0,0,0,0,87,64,0,0,0,0,3,3,34,26,0,0,0,0,35,87,87,48,12,0,0,0,2,11,130,130,77,10,0,0,0,0,109,130,22,8,3,0,1,3,36,76,5,1,0,0,4,41,35,12,94,14,0,0,5,44,50,29,130,86,1,0,0,0,5,35,35,24,10,7,0,0,3,13,4,12,12,7,52,37,2,1,130,79,0,0,11,32,12,9,130,130,1,0,0,0,0,2,11,30,8,0,0,0,0,1
13,7,4,3,0,1,15,29,52,2,0,0,0,3,53,85,139,48,0,0,0,4,43,45,69,43,1,0,0,0,0,8,7,12,10,2,0,8,59,41,60,31,17,0,0,1,23,62,139,43,4,0,0,0,1,82,126,7,0,0,0,0,0,27,5,84,139,2,0,0,7,9,16,139,139,0,0,0,1,8,126,139,78,4,0,0,0,12,112,17,0,0,0,0,0,26,0,11,139,20,0,0,0,0,1,28,91,17,2,0,0,0,20,30,27,14,7,3,0,4,38,26,0,0,0,1,15,11
1,0,0,4,14,19,69,13,132,41,0,3,11,12,11,5,132,56,0,6,7,0,0,0,1,1,0,46,58,0,0,0,30,1,0,0,0,3,71,37,132,69,0,0,0,2,20,39,127,37,0,1,3,7,84,33,0,0,1,18,40,8,26,12,46,5,1,0,0,0,8,51,132,6,0,0,0,0,82,132,80,32,0,0,0,3,132,113,60,33,2,1,1,1,21,48,15,8,2,0,0,0,9,35,85,14,0,0,0,0,21,55,132,128,0,0,0,0,9,17,50,88,0,0,0,0,0,1
122,2,0,0,0,0,39,142,4,0,0,0,0,0,54,89,0,0,0,0,0,0,4,3,0,0,0,0,0,0,0,0,142,16,0,0,0,0,9,110,142,6,0,0,1,1,23,105,15,2,0,0,7,20,25,16,1,0,0,0,0,1,10,9,142,28,0,0,0,0,0,84,142,36,0,0,4,7,4,16,16,6,2,8,35,43,18,9,20,12,1,1,1,3,12,27,142,142,1,0,0,7,10,18,71,34,0,0,0,34,131,11,1,1,0,2,5,18,142,31,3,2,0,0,0,0,29,55
108,27,0,0,0,5,7,21,88,49,3,0,0,0,1,21,11,37,52,7,0,0,8,3,0,0,20,67,28,13,5,0,103,42,4,0,0,0,0,9,154,31,0,0,0,0,4,23,35,22,6,2,1,40,32,6,0,0,2,15,34,94,12,0,37,49,154,11,0,0,0,1,89,18,83,9,0,3,21,48,6,1,58,4,1,57,74,13,0,1,61,9,7,70,20,0,37,49,154,36,0,0,0,2,2,5,154,76,0,0,0,1,0,4,154,21,0,1,1,0,0,5,154,16,1,0,0,0
0,0,0,0,37,104,34,0,66,21,0,0,5,40,65,26,95,49,0,0,10,37,10,7,5,1,0,0,54,99,14,1,16,0,0,0,35,133,21,8,133,71,0,0,4,44,22,32,77,47,0,0,91,125,5,4,0,0,0,1,39,69,24,9,37,0,0,16,27,105,5,12,133,8,0,1,5,14,8,122,43,6,21,9,94,74,9,33,0,12,71,8,16,8,3,3,9,1,0,67,37,0,0,2,133,4,1,7,1,0,0,78,94,38,46,6,7,5,7,36,0,25,92,5,1,12,19,0
23,122,32,0,0,2,13,26,27,122,73,0,1,4,35,58,1,55,51,13,101,61,19,6,5,5,12,28,79,52,8,0,15,26,23,5,1,6,60,72,24,26,15,0,0,2,122,122,77,20,24,29,32,25,64,81,9,14,122,99,21,1,0,0,2,61,64,15,0,0,0,2,21,122,98,2,0,0,4,19,122,59,35,4,0,0,1,32,57,14,71,39,0,0,0,13,8,89,48,8,1,0,0,2,4,68,64,17,1,0,0,1,61,6,14,28,7,0,1,45,56,1,1,3,3,3,16,70
0,0,3,36,41,7,2,0,77,9,15,25,13,2,4,28,116,39,116,72,0,0,0,14,3,3,116,116,0,0,0,6,0,0,78,99,9,0,0,0,75,18,62,106,8,0,0,6,116,35,19,11,0,4,13,70,11,3,41,90,8,50,74,19,1,2,31,70,28,5,0,0,9,89,79,71,17,0,0,0,41,116,72,34,47,11,6,11,1,1,2,23,74,89,50,4,15,21,0,2,20,29,15,5,32,116,15,2,5,1,0,0,1,40,20,55,80,0,0,0,0,1,28,104,67,1,0,0
71,0,0,1,8,7,5,51,58,3,0,0,1,14,75,68,6,34,3,2,22,70,35,6,0,123,61,8,12,7,0,0,13,8,3,23,39,4,21,60,39,10,13,12,3,12,123,70,123,123,8,1,0,6,35,45,26,123,30,1,2,7,2,5,5,51,106,62,22,1,0,2,28,72,123,45,1,1,1,3,123,76,38,9,0,0,1,60,70,17,1,0,0,12,16,57,0,68,123,46,6,8,0,0,4,17,70,120,5,1,0,4,57,37,15,14,0,0,2,45,52,5,0,0,0,0,19,59
18,99,26,0,5,13,57,50,0,11,13,26,121,63,20,4,5,7,39,66,81,22,1,0,46,66,25,2,0,0,0,5,21,16,9,0,0,4,121,121,108,24,38,35,20,13,42,68,12,17,121,118,8,0,0,0,2,121,121,11,0,0,0,0,27,97,80,1,0,0,3,16,121,52,23,2,0,0,0,37,76,14,81,38,0,0,0,25,6,52,68,14,2,0,1,5,4,51,49,14,0,0,0,0,67,6,13,23,2,0,0,58,76,1,0,3,2,1,10,108,4,0,0,7,11,14,24,14
12,0,0,0,0,7,58,129,76,1,0,0,0,0,24,129,33,13,3,1,2,10,7,23,0,6,6,26,57,46,4,0,78,38,13,3,0,3,17,41,129,28,0,0,0,2,12,48,64,6,0,0,0,86,73,14,1,5,0,0,11,129,28,0,19,80,129,17,1,0,0,4,72,43,28,15,40,55,63,19,17,0,0,0,8,104,129,41,37,13,0,0,0,40,33,26,11,7,47,18,14,5,11,129,0,0,10,26,129,66,12,6,26,0,0,0,56,45,32,93,24,0,0,0,0,0,31,102
60,4,0,0,1,10,46,50,5,35,3,6,30,67,30,6,0,124,97,17,19,7,0,0,5,72,124,26,60,6,0,0,28,9,11,8,2,9,98,62,124,124,9,2,0,10,40,46,30,124,38,3,7,11,4,7,0,17,18,50,124,12,0,0,18,61,114,35,1,1,1,3,124,75,42,10,0,0,2,64,87,22,1,0,1,15,18,68,10,15,26,73,18,5,3,6,3,14,62,110,5,3,0,3,46,28,13,32,1,0,4,53,50,4,0,0,0,0,39,87,7,5,3,3,0,0,64,41
1,1,3,15,26,74,42,39,64,3,1,3,13,44,46,120,34,0,0,0,0,15,4,29,0,0,0,0,0,22,31,3,28,9,6,11,25,39,76,120,120,84,23,18,21,22,15,77,76,14,0,1,15,66,8,17,3,0,0,1,10,77,43,6,60,120,101,1,0,0,1,82,120,75,40,1,0,1,3,75,27,8,2,8,17,19,19,18,0,0,1,83,98,73,22,1,0,95,77,6,4,32,8,0,11,28,32,2,1,51,108,4,13,6,0,0,0,76,120,18,15,3,0,36,34,52,63,37
151,151,27,60,21,0,0,0,151,92,0,0,0,0,0,4,130,0,0,0,0,0,0,16,7,0,0,0,0,0,0,1,151,151,18,19,20,0,0,0,113,43,0,0,0,0,0,3,151,0,0,0,0,0,0,15,15,0,0,0,0,0,0,1,73,147,11,4,0,0,0,1,57,23,0,0,0,0,0,0,151,3,0,0,0,0,0,9,21,0,0,0,0,0,0,1,65,35,0,0,0,0,0,2,30,12,0,0,0,0,0,1,124,0,0,0,0,0,0,14,21,0,0,0,0,0,0,2
2,11,174,174,20,9,3,3,41,174,174,33,0,2,2,6,98,174,11,0,0,0,0,12,10,8,0,0,0,0,0,1,44,22,63,51,44,15,28,37,26,25,60,34,23,8,4,13,103,7,2,1,4,3,2,26,12,0,0,0,0,0,0,2,103,88,36,20,7,8,8,20,12,3,15,55,94,29,2,2,100,7,0,4,14,3,1,11,5,0,0,0,0,0,0,0,17,14,3,0,12,26,9,10,9,0,0,0,81,78,4,7,58,0,0,0,7,10,3,31,1,0,0,0,0,0,0,0
13,1,0,2,58,48,13,29,28,6,3,20,45,12,11,29,147,59,4,8,17,4,2,4,32,19,21,33,12,1,0,0,8,0,0,1,77,91,30,65,46,2,1,3,9,57,128,97,147,19,1,1,3,14,24,53,62,11,12,11,13,4,0,0,0,15,29,63,91,10,4,7,70,43,47,23,3,11,22,15,147,48,4,1,0,1,10,27,49,1,0,1,14,10,39,21,0,4,98,147,11,0,0,0,32,39,89,97,0,0,0,0,147,63,13,8,5,11,18,14,33,24,7,3,4,14,64,34
0,0,0,0,10,56,77,8,45,0,0,0,3,18,54,127,117,22,0,0,0,0,35,127,52,17,1,3,9,7,4,24,5,59,41,34,32,18,19,3,95,40,101,35,2,4,0,34,127,59,7,2,0,0,0,38,72,33,3,22,28,3,1,14,21,112,53,103,34,0,1,9,26,55,107,113,4,0,2,13,127,36,28,22,0,0,0,66,57,0,0,7,7,0,3,102,9,3,1,69,105,4,3,26,20,1,3,17,12,7,7,69,23,3,4,10,9,19,12,43,56,0,0,0,0,0,3,105
0,0,0,0,4,37,5,0,6,3,0,0,0,83,47,4,23,19,11,15,11,24,26,9,2,7,53,58,43,16,0,0,5,0,0,0,1,119,61,4,112,40,0,0,0,97,62,26,67,71,2,0,3,4,5,15,1,4,4,9,119,87,0,0,75,25,0,0,0,119,119,29,119,25,0,0,0,10,14,85,41,8,0,0,7,20,17,102,2,1,3,5,119,119,7,5,92,88,0,0,0,2,10,5,119,65,0,0,0,0,0,7,40,20,0,0,32,47,3,17,18,4,0,0,78,119,5,3
11,30,54,117,49,0,0,3,64,117,66,32,3,0,0,0,24,52,38,48,26,0,0,0,2,3,10,5,2,0,0,0,15,23,27,98,116,7,1,4,117,117,34,24,19,5,1,12,21,47,43,117,29,0,0,3,2,9,32,23,3,0,0,0,28,15,13,117,117,1,0,4,117,45,34,56,28,0,0,75,75,40,51,82,7,3,0,30,0,1,50,39,12,9,0,0,3,14,105,93,19,0,0,0,25,61,117,91,5,0,0,3,31,54,18,19,32,35,0,1,0,8,6,7,31,44,0,0
0,2,81,59,7,21,39,1,10,13,122,77,9,18,23,9,136,95,26,10,2,2,2,44,100,19,0,0,0,0,0,10,0,1,7,25,22,56,136,9,37,8,16,15,7,39,136,38,136,27,3,2,2,11,19,47,87,6,0,0,0,0,6,52,0,20,20,125,56,10,7,2,36,98,106,14,1,1,20,9,136,50,23,1,0,0,14,52,84,1,0,0,0,0,25,87,2,13,9,30,18,18,3,1,16,46,23,11,0,0,0,0,54,10,6,3,0,0,0,28,116,10,0,0,0,0,0,24
1,0,45,53,11,19,54,8,140,99,27,20,6,10,8,9,140,79,0,0,0,0,0,2,39,10,0,0,0,0,0,0,17,10,14,0,1,18,125,42,140,36,2,0,1,10,27,36,140,12,0,0,0,0,8,66,37,3,0,0,0,0,1,41,14,78,117,8,0,0,4,3,140,90,31,2,0,0,4,30,97,3,0,0,0,0,40,117,93,4,0,0,0,0,4,59,9,38,22,9,0,0,0,0,72,18,8,3,0,0,0,21,115,9,0,0,0,0,2,42,117,25,0,0,0,0,0,2
17,0,0,2,2,3,29,103,0,0,24,21,2,27,64,8,0,0,41,51,6,22,77,1,2,2,53,35,3,33,70,2,11,0,0,11,29,10,106,104,96,25,10,11,2,16,89,72,13,13,25,111,47,27,53,1,0,0,42,93,23,65,94,0,24,14,10,62,72,4,10,19,120,88,9,10,2,0,2,51,61,26,59,120,8,0,0,2,0,1,120,120,1,0,0,0,4,90,88,19,14,2,2,2,70,120,44,2,0,0,0,0,31,27,16,17,0,0,1,7,2,12,54,24,0,0,0,1
121,10,6,4,3,1,2,123,32,50,55,4,3,13,14,28,1,25,48,66,12,8,4,0,13,7,9,55,17,0,0,9,123,14,18,22,1,0,0,88,123,69,17,0,0,6,9,85,15,71,62,59,33,5,2,1,0,1,88,88,36,2,0,3,34,43,123,56,0,0,0,6,123,123,107,0,0,0,0,29,68,31,56,38,4,0,0,3,0,0,105,38,11,12,5,0,0,4,123,41,0,0,0,0,5,45,117,11,0,0,0,0,10,32,18,3,13,9,0,0,0,1,1,4,58,54,10,0
125,15,1,0,0,0,12,90,99,0,0,0,0,0,49,125,2,0,2,4,1,0,108,107,0,0,4,73,15,2,48,28,64,6,0,0,4,6,8,106,125,16,1,1,0,0,14,125,26,10,3,18,14,5,93,81,0,0,0,5,10,8,125,91,66,84,33,27,8,2,2,28,125,95,3,0,0,0,0,19,43,6,1,27,47,15,6,8,3,0,0,18,79,17,26,18,18,81,35,21,4,10,16,42,33,100,6,0,0,0,25,41,5,5,1,2,26,66,25,5,9,1,0,2,34,58,16,4
18,3,1,1,23,26,10,72,60,0,0,7,29,4,5,123,4,0,5,123,123,5,1,11,8,105,51,79,33,0,0,5,20,11,0,0,22,70,19,21,123,25,1,1,6,6,4,99,44,7,59,80,86,3,0,12,13,71,117,68,16,0,1,13,28,108,21,0,1,14,9,9,123,89,33,1,0,0,1,17,77,19,34,12,0,1,14,13,10,13,83,35,0,0,3,20,48,40,6,11,4,1,4,40,37,28,10,5,3,24,64,91,39,5,0,0,0,33,123,81,53,3,0,0,0,0,6,46
4,2,4,11,42,32,26,36,133,55,3,13,14,3,12,16,55,26,17,73,54,0,0,0,3,69,34,80,91,2,0,0,13,7,15,15,44,45,80,54,133,30,5,0,1,4,47,69,103,14,12,32,59,11,9,11,10,112,28,37,46,2,0,0,11,21,131,133,18,1,2,1,133,95,48,18,0,1,21,33,83,42,12,3,9,7,61,64,19,58,8,2,3,0,0,2,1,6,50,91,4,1,23,30,15,101,73,30,1,0,3,4,28,91,35,1,0,1,13,13,11,15,0,0,0,0,3,10
3,4,11,0,4,16,129,95,20,6,19,0,0,3,107,129,7,2,15,24,6,21,53,22,13,18,63,33,7,12,10,9,35,31,67,39,47,33,69,49,129,72,20,5,3,1,26,129,73,20,2,17,39,22,23,52,35,4,13,20,11,7,9,37,16,46,89,89,73,3,3,20,129,48,37,19,3,3,6,84,78,5,0,38,73,4,2,67,67,2,2,7,11,0,1,52,6,1,0,50,114,7,9,30,63,1,0,5,4,15,21,89,76,0,0,9,33,1,1,65,29,0,0,4,19,1,2,33
0,0,0,0,0,0,0,0,4,0,0,1,1,0,0,1,10,0,0,0,0,0,0,8,0,0,0,0,2,2,0,1,0,0,0,0,0,0,0,0,53,3,0,39,61,0,0,30,138,27,1,4,8,4,11,138,19,16,16,52,105,42,16,31,0,0,0,3,2,0,0,0,43,39,8,130,103,0,0,3,138,138,11,21,11,0,0,23,31,64,39,90,66,54,16,5,0,0,0,2,6,0,0,0,30,15,6,69,134,1,0,7,138,77,5,10,22,10,25,82,18,17,14,33,138,138,65,23
0,0,0,0,0,0,0,0,0,0,3,1,0,0,0,0,4,3,4,0,1,4,15,28,2,14,23,24,35,19,17,9,37,6,0,0,0,0,0,10,93,30,39,6,0,0,7,13,20,70,97,9,0,1,19,34,8,98,93,1,4,7,9,7,90,59,0,0,0,0,32,47,107,35,3,0,0,72,115,48,115,40,14,0,0,23,95,115,105,84,37,0,0,0,0,9,61,29,1,0,0,1,105,115,31,115,24,0,0,42,93,31,115,115,4,0,0,9,17,51,108,11,0,0,0,18,46,48
114,114,46,12,0,0,0,0,16,35,95,39,0,0,0,0,0,11,25,1,0,0,0,0,0,0,0,0,0,0,0,0,104,40,38,89,10,0,0,57,109,42,114,24,3,0,0,81,7,18,78,23,46,2,0,0,0,1,0,0,4,0,0,0,22,52,114,114,2,0,0,19,111,114,114,28,9,0,0,41,25,32,25,87,86,1,0,1,27,30,4,6,5,1,5,9,38,73,108,9,0,0,3,21,1,32,114,60,16,0,0,0,5,4,15,114,72,0,1,3,14,4,4,33,33,27,30,17
6,0,0,0,0,43,55,18,33,4,0,0,1,34,47,47,55,8,0,0,2,29,44,28,62,0,0,0,2,19,27,41,10,2,0,4,19,78,97,15,117,11,0,0,2,22,42,72,55,3,0,0,27,101,48,30,117,18,0,0,2,16,24,37,29,24,22,41,69,9,4,1,117,49,7,1,14,45,8,13,55,7,0,0,44,117,21,46,117,19,0,0,1,4,9,117,5,20,117,62,6,0,0,0,17,13,117,98,20,18,3,4,22,104,102,49,35,34,2,5,48,117,30,9,18,3,2,21
4,0,0,0,35,115,103,9,20,3,2,16,15,100,115,17,2,1,1,27,41,72,62,37,17,5,0,0,0,1,24,86,29,5,18,58,115,65,12,13,115,20,14,43,17,3,7,26,15,20,19,115,79,0,0,6,54,115,17,11,2,0,1,17,5,6,91,115,30,2,0,1,115,36,31,84,16,0,0,12,33,32,57,115,12,0,0,5,36,93,40,22,1,0,0,0,23,3,13,83,19,0,0,28,24,60,36,110,22,0,0,1,21,50,25,51,16,0,0,1,35,16,8,29,13,0,0,6
2,0,0,0,0,60,54,15,37,0,0,0,0,36,49,65,34,1,0,0,12,56,46,35,98,2,0,0,4,18,22,40,6,3,0,25,49,57,34,5,117,16,0,2,8,25,23,40,58,1,0,0,53,108,15,36,117,3,0,0,4,12,11,113,5,11,87,73,47,0,0,0,76,37,116,31,14,14,3,9,27,43,54,40,71,72,7,15,86,117,21,6,11,5,5,54,0,57,110,12,0,0,0,0,0,21,117,50,1,0,0,0,1,61,117,70,5,0,0,0,5,114,63,30,26,0,0,0
0,0,0,0,7,91,60,0,0,0,0,0,4,114,114,2,0,0,0,1,17,114,114,11,2,0,0,0,1,29,46,39,5,0,0,5,114,114,48,13,77,8,4,18,19,65,106,38,11,6,4,69,78,43,33,22,31,30,3,4,6,1,15,82,6,3,52,109,100,24,3,6,114,29,33,70,15,1,0,11,39,19,27,114,51,0,0,3,37,114,30,25,3,0,0,1,9,3,41,77,15,0,1,20,34,38,25,112,34,0,0,3,28,48,35,53,8,0,0,2,23,41,22,22,5,0,0,1
19,0,0,0,16,48,19,30,68,8,0,0,20,50,22,48,68,4,0,0,0,4,28,99,8,2,5,33,43,46,18,19,16,2,0,0,2,56,88,28,114,48,0,0,4,26,20,26,85,10,0,0,5,35,45,44,95,5,6,21,32,26,5,34,99,11,0,0,0,24,87,69,90,9,0,0,8,66,82,58,114,26,0,0,2,42,104,60,114,8,0,0,71,77,5,19,114,63,2,1,3,23,9,10,62,9,0,0,15,114,26,25,114,46,0,0,2,16,12,61,40,7,0,8,98,50,5,16
17,5,63,69,2,1,1,58,53,51,110,46,0,0,0,9,110,41,25,2,0,0,0,28,29,26,35,0,0,0,3,30,45,29,90,21,0,0,2,110,102,44,80,17,0,0,2,63,26,26,92,67,0,0,0,21,24,22,42,16,0,0,14,75,7,29,110,89,0,0,3,9,97,53,110,45,0,0,0,21,42,34,82,26,0,0,1,28,13,86,102,15,0,0,0,1,6,5,23,8,0,1,94,110,4,8,109,17,0,0,43,99,8,25,89,10,5,23,19,18,26,37,8,0,0,8,16,43
44,31,28,31,5,28,29,26,59,57,5,1,0,7,40,71,8,3,0,0,22,106,47,11,40,0,0,0,8,27,19,52,68,8,0,0,0,44,80,54,122,16,3,3,2,8,36,72,4,6,4,29,64,67,36,10,22,27,3,4,16,10,19,82,42,122,70,0,0,1,3,3,97,54,122,4,1,9,7,16,3,23,122,18,39,39,6,3,8,122,73,4,12,3,0,1,30,122,122,7,0,0,0,0,12,47,122,13,1,15,12,1,0,10,122,21,3,24,32,0,0,43,61,6,16,39,25,0
0,0,0,0,139,71,0,0,49,51,2,3,115,35,0,0,38,31,6,14,7,3,5,25,97,11,0,0,0,0,2,50,7,0,0,0,139,112,0,1,139,54,9,11,78,29,2,8,36,53,46,60,7,11,10,12,69,80,8,0,0,1,6,20,12,0,0,0,139,107,0,4,139,4,0,0,40,28,39,70,45,6,2,4,3,43,89,57,36,12,1,1,0,4,31,74,4,4,4,21,139,29,0,0,25,34,15,7,18,4,11,16,65,40,17,0,0,3,14,8,59,16,5,2,2,4,3,7
13,92,96,14,7,1,0,0,92,111,19,0,1,6,2,27,103,5,0,2,42,20,2,68,1,0,0,5,113,113,40,4,24,23,27,0,0,8,58,47,33,15,4,0,2,67,45,42,113,8,0,5,59,14,8,113,6,13,27,79,113,25,2,5,50,24,1,0,1,13,63,61,50,109,21,0,0,18,28,15,113,103,14,12,11,1,1,12,11,21,75,91,32,0,0,2,85,42,23,11,0,2,1,6,61,58,6,0,0,10,30,35,57,35,4,0,0,3,83,81,38,7,22,10,0,0,7,33
3,160,160,116,12,0,0,0,157,160,160,4,0,0,0,2,110,68,4,0,0,0,0,35,2,0,0,0,0,0,0,9,14,89,160,34,6,11,21,13,41,87,100,11,3,8,24,26,16,19,23,31,21,1,2,19,3,0,0,1,4,1,6,20,29,10,17,23,9,8,12,51,91,59,24,12,6,6,16,27,21,4,2,27,78,7,7,8,0,0,0,18,24,3,10,14,53,2,1,6,9,1,1,84,33,9,3,3,5,6,12,29,11,1,2,17,10,3,9,16,0,0,1,23,5,0,0,0
0,0,44,57,5,19,61,3,0,10,102,39,8,27,51,5,2,12,69,32,58,50,6,3,14,92,104,21,40,43,0,0,0,0,0,11,58,52,80,5,17,3,3,27,25,58,119,50,119,42,72,15,7,9,27,92,22,111,119,6,1,0,0,0,0,0,0,13,55,51,75,12,51,59,17,49,24,9,45,35,119,119,10,4,0,0,1,23,46,30,3,0,0,0,0,0,1,7,33,27,50,12,7,4,110,108,31,3,0,0,8,16,119,85,0,0,0,0,0,8,9,7,0,0,0,0,0,0
1,1,23,38,32,15,8,4,132,46,18,10,0,0,2,26,69,28,7,45,98,1,0,5,1,32,34,44,71,2,0,0,14,0,4,4,13,35,87,45,132,83,4,5,2,0,17,41,64,43,17,64,78,0,0,5,0,8,54,57,51,1,0,0,53,5,5,3,16,40,39,56,132,34,0,0,0,0,3,132,79,37,20,50,18,0,1,41,0,10,21,86,49,0,0,0,21,42,132,58,0,4,5,8,132,132,44,1,0,0,0,13,77,77,10,16,6,2,0,1,0,2,13,63,25,7,0,0
0,0,3,22,20,75,60,0,25,5,42,44,12,52,26,33,68,34,99,36,2,1,1,23,41,9,8,12,30,86,56,26,0,0,8,56,59,60,31,0,73,8,26,15,6,35,26,79,121,23,20,28,13,0,0,74,7,11,13,102,121,22,2,0,0,0,12,44,59,49,34,9,64,30,47,34,6,3,25,15,121,105,7,16,24,0,0,8,9,16,34,74,121,0,0,0,1,0,0,0,36,73,71,17,121,9,0,0,1,5,68,95,121,48,1,12,13,0,1,57,5,4,21,63,35,0,0,3
3,1,0,0,109,131,66,9,40,2,0,0,2,16,126,131,35,0,1,2,0,0,30,131,0,0,3,43,9,3,59,30,16,17,0,3,131,47,1,1,75,36,13,3,7,3,1,54,131,14,2,0,0,0,9,131,22,0,0,0,16,15,62,29,47,16,1,1,131,32,2,9,66,54,48,9,1,4,17,21,104,53,11,1,0,5,17,43,18,2,0,0,17,62,23,10,21,0,0,2,131,31,4,33,37,5,1,0,0,8,71,71,57,3,0,0,1,5,29,72,5,1,0,2,23,40,21,10
0,2,1,12,81,4,0,0,50,24,2,7,12,0,0,0,12,8,5,17,52,1,0,0,3,44,14,7,9,0,0,0,8,2,1,13,114,112,29,17,133,63,6,17,12,10,20,49,41,70,70,133,89,1,0,1,15,133,83,25,11,0,0,0,16,15,48,133,99,40,16,12,133,83,48,27,3,3,8,62,83,81,34,34,7,0,0,26,27,95,14,1,0,0,0,0,8,6,37,66,7,5,62,61,43,98,66,16,0,1,10,32,53,52,2,0,0,0,12,36,25,9,0,0,0,0,0,7
23,1,0,0,1,3,55,71,76,1,0,0,0,0,16,81,40,0,0,0,87,61,8,37,0,1,3,11,119,104,15,3,48,18,20,40,9,6,26,37,119,16,1,0,2,9,23,84,52,3,0,1,78,119,11,18,3,10,35,51,93,56,3,5,6,16,119,119,11,2,4,2,92,53,62,22,32,27,25,19,13,3,10,12,119,87,23,14,55,29,32,9,11,11,6,20,0,0,36,69,46,0,0,0,0,1,15,70,119,50,35,20,36,15,23,17,25,15,35,84,33,40,88,6,1,0,0,8
2,4,46,95,34,32,40,13,86,39,53,11,1,3,31,121,32,3,1,0,6,58,121,85,0,0,0,0,0,18,121,35,13,3,13,26,25,76,28,24,102,37,38,23,14,6,7,56,14,14,23,92,91,57,42,11,5,14,21,30,24,19,89,27,16,7,15,39,33,29,22,12,121,47,10,20,8,0,4,30,29,14,48,121,48,0,0,0,0,13,83,90,13,0,0,0,16,0,0,0,12,66,54,40,121,12,1,4,0,0,12,121,48,12,23,85,7,0,0,19,0,16,42,61,7,0,0,0
19,27,19,7,1,15,44,59,20,6,0,0,4,61,120,89,11,0,0,0,0,2,39,120,0,0,0,0,0,0,0,0,5,1,0,0,13,49,59,100,46,7,2,10,115,120,77,92,120,17,1,2,9,9,24,120,3,0,0,0,0,0,0,0,16,81,43,12,13,16,14,23,41,109,50,77,67,11,6,14,120,120,18,8,5,0,0,13,8,2,0,0,0,0,0,0,0,42,64,8,23,67,2,0,37,32,15,17,16,68,42,75,118,42,3,0,0,0,4,100,6,0,0,0,0,0,0,3
18,11,2,0,99,114,38,26,114,8,1,0,0,2,26,114,38,0,0,28,34,5,40,114,16,22,39,82,38,6,13,11,35,51,18,0,83,58,2,21,114,86,16,0,0,1,6,47,55,10,0,0,1,36,67,70,49,10,13,7,1,5,34,97,44,25,11,4,31,23,12,92,87,29,4,0,3,12,28,94,24,4,1,1,6,57,76,52,46,2,0,0,3,41,41,90,10,86,114,23,6,0,0,3,24,50,114,34,6,4,1,3,8,33,100,25,11,9,4,9,11,21,27,16,43,29,5,16
2,6,46,63,32,16,1,0,140,5,39,46,25,13,0,47,140,0,0,0,0,0,0,79,1,0,0,0,0,0,0,0,5,16,28,95,74,11,0,0,92,14,22,83,67,36,2,31,140,34,6,2,2,1,0,101,15,0,0,0,0,0,0,3,4,17,99,112,7,0,8,28,18,66,140,140,8,0,0,2,140,140,86,3,0,0,0,5,17,6,0,0,0,0,0,0,61,7,7,8,0,0,14,80,20,17,44,12,0,0,1,16,10,31,21,1,6,2,0,1,0,0,0,0,2,2,1,0
0,0,0,2,38,11,0,0,1,1,0,7,88,10,0,0,35,21,1,7,21,2,0,0,4,19,12,22,22,0,0,0,5,0,0,16,46,14,22,41,14,4,4,51,122,98,13,13,122,47,14,28,21,21,12,41,29,109,86,69,20,0,0,1,67,0,0,12,13,2,42,122,11,14,45,122,82,15,58,44,122,118,66,35,4,2,4,25,71,67,13,2,0,0,1,11,103,24,2,0,0,12,21,67,27,2,4,3,2,28,74,96,34,26,10,1,0,29,86,99,34,6,0,0,0,8,54,122
0,0,0,0,5,39,34,1,0,0,7,46,50,72,31,2,0,3,46,83,109,20,22,5,0,7,46,43,80,8,0,0,48,6,0,0,7,48,119,73,14,3,2,3,86,119,68,37,104,17,12,57,40,35,56,93,9,8,32,98,93,35,0,0,47,17,0,0,4,60,17,19,25,77,41,17,64,117,12,9,119,119,35,15,14,6,3,19,23,6,4,93,119,12,0,1,1,0,0,0,0,5,0,0,29,68,4,0,0,5,1,0,26,77,9,1,1,0,0,0,3,9,27,96,32,0,0,0
5,0,0,2,44,67,38,34,0,0,7,56,116,116,61,8,52,22,19,18,6,9,66,116,25,2,0,0,0,7,83,97,11,12,4,4,51,94,22,15,6,2,6,37,72,116,21,7,89,51,24,22,12,12,10,31,16,10,7,43,42,37,77,21,0,0,1,4,40,101,99,12,14,5,2,20,63,62,46,16,116,47,6,18,6,3,7,30,22,13,27,116,20,0,0,0,2,0,41,29,5,36,66,36,18,4,18,14,4,80,62,42,116,27,5,2,0,3,12,99,51,16,23,69,1,0,0,7
38,91,38,1,0,0,1,16,115,103,11,0,5,11,3,34,26,15,7,10,38,115,45,11,4,32,21,1,2,38,51,6,57,27,8,17,6,1,9,60,115,58,7,5,5,2,3,62,27,69,115,56,34,16,2,9,2,83,99,46,27,7,1,1,25,18,17,43,30,28,35,21,115,63,7,1,0,3,52,115,115,84,52,2,0,0,0,36,1,19,84,52,6,0,0,0,1,25,115,81,18,12,7,2,68,115,82,4,0,2,8,16,62,58,1,0,0,0,0,2,0,3,4,0,0,0,0,0
2,0,0,0,0,89,117,21,27,0,1,0,0,8,91,120,4,1,1,0,0,30,20,16,0,0,0,0,0,20,1,0,39,39,21,2,1,120,94,25,120,59,3,0,2,11,32,116,45,2,0,0,21,120,29,17,3,13,4,0,2,92,24,2,80,99,30,1,0,4,6,13,120,81,6,0,6,7,9,73,34,35,35,36,81,74,16,27,13,120,45,21,15,18,12,4,28,15,18,42,7,2,13,26,107,11,2,1,0,0,23,74,79,46,43,13,2,0,8,59,10,67,64,17,2,0,0,1
49,8,5,23,91,36,11,41,58,14,84,80,14,41,54,33,2,34,142,30,0,17,52,8,0,3,7,0,0,0,1,0,50,11,31,9,51,126,62,78,142,58,91,34,2,6,12,142,27,18,142,68,20,6,0,1,0,0,9,3,1,1,0,0,15,48,142,24,7,24,15,11,142,142,107,3,4,5,3,36,39,7,5,15,52,41,2,3,0,0,0,0,5,6,0,0,0,0,18,0,0,0,0,0,0,3,4,0,0,0,0,0,0,0,0,0,0,0,0,0,0,0,0,0,0,0,0,0
87,51,2,10,34,3,1,8,104,62,8,2,0,1,26,12,5,12,27,32,2,1,30,10,0,0,1,2,0,0,0,0,31,52,9,12,17,25,78,17,42,19,1,5,12,115,131,55,92,5,1,3,2,14,131,131,2,0,0,0,0,0,1,3,1,10,93,64,8,17,35,4,56,16,28,104,86,49,38,11,131,59,4,8,7,4,10,31,5,0,0,0,0,0,0,0,14,3,55,71,26,17,7,12,36,43,95,131,48,0,0,2,131,128,45,15,4,0,0,0,0,0,0,0,0,0,0,0
7,14,19,3,45,75,26,18,30,3,1,8,93,77,11,13,83,20,24,48,10,12,17,23,1,6,74,59,4,11,44,4,0,1,40,54,94,129,52,0,36,11,59,21,26,99,94,44,129,58,40,21,1,5,12,104,24,13,104,72,7,1,0,1,0,0,128,125,39,10,2,0,10,31,129,75,4,7,6,4,129,129,92,6,1,3,2,13,28,12,7,15,26,34,2,1,0,0,0,0,0,0,0,0,0,0,3,0,0,0,0,0,1,3,2,0,0,0,0,0,0,0,0,0,1,4,0,0
18,27,118,114,123,44,1,11,45,58,123,23,9,6,29,90,17,57,48,5,1,2,103,121,4,10,2,0,0,0,11,31,0,8,123,123,62,48,14,14,31,18,113,49,123,123,13,13,123,91,35,5,8,23,12,32,9,13,2,0,0,0,0,0,0,0,0,0,42,45,13,11,41,13,0,6,123,68,2,3,123,24,0,2,8,5,1,11,3,0,0,0,0,0,0,0,0,0,0,0,0,0,0,0,0,0,0,0,0,0,0,0,3,0,0,0,0,0,0,0,0,0,0,0,0,0,0,0
