98,35,0,0,0,0,0,0,139,23,0,0,0,0,0,0,139,24,0,0,0,0,0,8,116,15,0,0,0,0,0,17,54,8,0,0,0,0,0,0,139,13,0,0,0,0,0,2,139,31,0,0,0,0,0,1,139,32,0,0,0,0,0,0,11,1,0,0,0,0,0,0,139,4,0,0,0,0,0,20,139,14,0,0,0,0,0,16,139,89,8,0,0,0,0,0,0,0,0,0,0,0,0,0,74,6,0,0,0,0,0,3,139,19,0,0,0,0,0,9,139,139,18,0,1,15,2,3
2,0,0,0,0,2,60,87,20,4,1,5,17,3,26,80,1,1,1,25,88,7,2,2,0,0,0,6,64,33,1,0,41,4,3,2,1,5,19,65,124,47,25,19,2,0,5,64,25,19,73,124,37,1,0,1,1,9,74,124,65,11,0,0,20,54,124,18,1,2,2,5,124,81,56,10,0,1,18,44,55,7,37,79,8,52,78,27,22,20,87,86,3,27,61,9,0,10,64,8,2,41,43,0,13,15,17,2,0,27,97,18,3,0,0,0,0,67,124,14,116,45,0,0,0,37,64,21
28,41,12,0,0,0,0,1,63,9,2,2,1,0,0,24,19,4,4,157,157,4,0,10,1,19,37,157,157,16,26,11,1,14,73,14,0,0,0,0,47,18,36,3,0,0,0,6,91,15,6,138,52,0,0,15,2,25,80,157,106,0,0,2,3,3,46,16,0,0,2,3,7,15,82,17,0,0,0,0,47,46,31,11,4,0,0,14,7,24,30,157,37,0,0,4,15,39,15,0,0,0,3,8,5,56,59,3,0,0,0,0,2,88,60,0,0,0,0,0,1,43,31,46,5,1,0,0
18,134,56,3,0,0,0,0,0,69,92,15,0,0,0,0,5,122,26,0,0,0,0,0,1,32,50,19,1,0,0,0,32,71,9,3,0,3,102,60,23,17,23,15,2,5,28,30,72,74,14,0,0,0,0,3,7,26,39,26,0,0,0,0,134,12,0,0,0,15,134,134,134,19,1,0,0,0,11,73,134,20,1,0,0,0,2,27,19,8,8,18,1,0,15,22,134,134,42,0,0,2,10,33,134,70,9,0,0,4,7,14,23,7,3,0,0,3,28,39,1,0,0,0,0,0,52,40
10,0,0,0,0,0,0,6,31,4,0,0,0,0,3,13,106,74,3,18,33,2,0,2,9,20,5,44,156,54,0,1,8,0,0,0,0,0,5,5,83,3,0,0,0,0,7,8,156,41,1,26,44,0,0,1,19,18,9,156,156,0,0,0,2,0,0,0,0,3,20,5,94,0,0,0,0,0,7,23,156,3,0,6,28,1,0,23,25,1,0,55,156,10,0,3,0,0,0,0,0,1,14,10,53,0,0,0,0,0,2,36,156,0,0,0,14,5,2,91,15,0,0,0,156,26,3,16
17,0,0,0,0,3,14,18,102,28,0,0,0,0,0,5,102,17,0,0,0,0,0,24,49,0,0,0,1,1,1,36,26,0,0,0,0,0,33,63,146,25,0,0,0,0,3,42,75,20,0,0,0,8,10,18,97,1,0,0,0,0,1,19,28,109,77,0,0,0,33,23,146,104,54,5,1,5,5,22,65,14,18,8,3,25,21,26,112,19,4,0,0,0,1,26,0,113,146,5,0,0,0,0,3,44,146,39,1,0,0,0,10,42,146,33,2,2,0,1,22,76,143,0,0,0,0,1
11,3,1,13,23,7,2,5,142,38,1,1,3,3,2,25,71,15,0,2,142,37,0,3,0,0,0,5,111,18,0,0,20,1,0,2,21,87,39,16,142,12,0,0,6,29,14,74,84,0,0,0,142,94,1,12,0,0,2,3,78,26,0,0,36,75,9,36,60,40,12,2,142,142,1,0,6,31,9,17,33,2,0,1,83,124,8,9,0,0,2,9,28,10,0,0,19,127,27,21,24,1,0,0,36,109,1,0,26,33,0,0,0,0,0,0,39,43,0,0,0,0,0,2,11,4,0,0
9,14,9,10,21,10,54,77,7,12,7,17,63,24,19,6,10,61,18,1,9,20,1,0,7,50,6,1,15,55,1,0,8,1,0,4,9,10,103,100,120,33,7,0,6,14,48,77,21,49,28,3,21,38,0,2,1,5,0,0,75,130,1,0,23,38,15,25,14,2,4,7,130,92,4,0,1,10,6,26,24,3,0,0,44,130,11,6,0,0,0,0,130,130,1,0,45,38,2,2,1,3,0,0,69,35,0,0,4,25,6,5,1,0,0,0,128,130,2,0,0,1,6,16,130,130,0,0
97,36,0,0,0,0,0,24,64,33,0,0,0,0,3,40,102,23,1,0,0,0,0,41,44,30,29,17,0,0,0,1,124,0,0,0,0,0,0,111,124,43,0,0,0,0,1,47,124,100,0,0,0,0,0,3,58,88,4,0,0,0,0,0,124,0,0,0,0,0,0,74,124,4,0,0,0,0,0,85,124,29,0,0,0,0,0,59,66,41,0,0,0,0,2,35,124,0,0,0,0,0,0,54,124,0,0,0,0,0,0,73,124,0,0,0,0,0,4,77,53,1,0,0,0,0,8,84
0,62,82,2,12,63,0,0,37,122,80,0,0,4,2,3,84,68,22,87,138,0,0,5,138,64,24,34,50,0,0,15,0,41,53,1,1,26,27,0,38,24,31,1,1,49,49,32,138,55,80,57,18,1,10,52,64,138,111,26,5,0,0,0,1,4,46,9,1,18,16,0,39,43,89,7,2,18,9,5,138,61,13,0,0,0,1,12,51,9,5,0,0,0,0,1,6,5,11,0,0,3,11,3,17,12,18,0,0,12,38,20,138,9,2,0,0,0,8,68,46,0,0,0,0,0,0,9
51,24,2,0,6,23,4,4,50,22,8,26,15,20,19,10,14,11,64,124,20,5,8,8,0,1,78,123,2,1,2,0,81,84,0,0,17,21,1,1,48,21,0,1,91,68,13,23,124,35,52,24,5,11,8,64,35,15,124,124,0,0,0,6,46,98,2,2,35,28,0,0,46,53,1,1,120,73,0,3,124,90,1,0,5,2,3,50,54,3,11,31,0,0,10,91,13,31,0,0,30,87,8,1,40,124,1,0,29,42,0,0,58,56,0,0,0,9,18,25,61,7,0,0,0,11,12,56
98,45,22,81,96,8,0,0,168,107,4,0,0,0,0,0,90,15,0,0,0,0,4,3,5,3,0,0,0,0,4,3,43,50,113,168,13,0,0,0,168,79,33,6,2,3,0,21,82,3,0,0,20,43,33,26,7,4,1,0,0,11,71,26,10,14,39,61,32,0,0,0,168,55,21,22,10,8,0,11,91,16,4,1,59,48,5,11,36,23,30,18,3,7,14,11,13,15,4,26,20,1,2,3,95,83,10,14,7,8,2,7,74,28,8,21,20,26,2,7,35,15,20,14,7,13,10,2
53,8,1,25,120,7,0,2,120,25,0,9,63,3,0,8,46,3,0,0,53,44,24,34,16,0,0,0,65,48,34,104,63,6,0,1,96,92,6,20,120,33,0,3,49,17,0,9,45,6,3,32,120,27,2,9,53,13,4,9,87,17,4,25,53,39,13,3,22,53,5,14,81,40,2,1,5,37,39,86,22,5,14,60,35,2,16,105,9,18,16,22,91,27,0,1,66,19,10,7,40,33,0,6,22,3,0,0,31,117,43,61,92,0,0,2,2,17,20,120,2,0,0,2,59,120,15,10
0,0,0,0,0,26,71,7,30,9,0,0,0,3,32,44,17,12,0,0,31,16,0,3,0,0,0,0,66,46,6,2,16,3,0,0,0,87,137,41,137,10,0,1,0,5,65,137,57,7,1,15,76,21,0,8,0,0,6,24,104,29,1,1,25,114,115,0,0,15,35,8,137,137,31,1,1,0,3,23,77,21,4,63,63,0,0,0,0,5,63,57,26,1,0,0,0,110,137,0,0,0,0,0,55,137,47,0,0,0,0,0,27,13,1,19,41,0,0,0,3,9,18,11,12,0,0,0
32,0,0,13,35,7,1,21,71,2,2,14,17,4,2,37,48,4,4,16,13,2,2,21,23,0,0,24,69,0,0,8,40,1,0,1,25,28,30,34,144,19,18,23,6,2,0,30,37,24,59,69,4,0,0,1,12,10,10,55,59,0,0,2,75,5,0,1,4,6,26,42,144,28,3,3,0,0,0,18,75,19,53,61,5,0,0,2,0,13,75,75,13,1,1,0,45,2,0,0,5,54,144,144,144,12,0,0,0,0,132,144,48,8,12,1,0,13,99,86,0,2,16,9,2,54,114,0
51,59,30,21,21,0,0,0,80,117,10,8,2,0,2,6,3,13,16,117,79,0,1,7,12,76,35,49,19,4,0,0,117,29,0,6,47,14,1,7,99,27,0,1,21,29,18,24,57,2,8,67,26,7,11,55,5,21,19,52,75,38,2,0,117,56,3,5,18,34,6,12,89,41,13,55,65,8,1,4,116,43,3,6,57,10,1,11,45,20,0,1,117,38,0,1,117,117,6,8,1,1,1,2,48,54,37,117,25,0,0,0,26,34,23,28,74,8,0,0,69,1,0,4,117,23,0,7
1,6,11,1,4,133,21,3,32,5,0,0,1,123,49,27,28,28,0,1,4,13,17,7,14,21,12,13,0,0,1,1,36,1,0,0,0,133,133,53,133,27,0,0,0,18,26,100,38,62,2,0,0,21,24,11,27,16,4,1,0,6,26,22,98,133,23,0,0,58,39,20,133,115,12,0,0,0,6,45,28,85,46,2,3,24,19,23,23,41,36,4,7,13,14,6,3,133,108,15,8,0,0,0,62,97,40,29,21,0,0,3,55,76,15,2,11,22,1,6,7,52,31,5,12,14,1,0
3,16,10,7,8,42,54,2,11,11,1,0,0,67,98,14,25,27,0,0,0,9,37,22,34,24,1,0,4,4,2,6,15,2,0,3,18,120,120,17,120,25,0,0,0,32,106,78,76,77,0,0,0,0,32,38,13,19,0,0,3,8,35,11,31,42,120,105,46,47,29,9,120,67,74,15,0,3,48,60,26,10,21,4,0,1,120,120,11,2,1,0,0,6,76,71,0,6,120,39,6,0,0,0,1,10,120,35,0,0,2,1,7,13,120,27,0,0,6,14,12,5,26,16,0,0,3,37
2,9,1,2,46,123,84,2,45,41,1,0,10,106,48,7,123,68,7,0,0,2,2,9,18,33,26,11,21,0,0,0,2,65,72,33,123,59,5,0,39,78,28,21,49,29,10,11,123,10,0,1,4,8,6,31,52,5,0,2,41,27,5,5,0,47,106,73,65,7,4,0,24,18,24,123,116,8,0,1,123,25,7,11,3,3,24,46,44,16,0,0,9,37,31,24,0,7,12,12,22,80,123,1,1,2,5,48,45,44,103,14,35,12,3,10,11,12,35,30,83,67,0,0,0,0,4,12
10,3,0,1,13,9,32,82,5,0,0,0,4,34,89,111,10,1,0,2,2,74,111,102,18,1,0,0,2,25,62,106,20,6,2,6,45,21,33,54,94,68,23,23,22,18,24,65,76,42,34,93,28,32,28,37,110,25,0,4,53,26,11,47,111,29,12,22,17,5,7,29,111,27,15,37,12,1,1,71,51,8,6,56,111,5,4,64,60,4,1,20,55,2,5,90,105,6,3,9,7,7,23,111,27,3,5,43,16,2,44,81,15,2,4,20,24,4,48,64,20,11,7,14,8,1,32,35
34,19,13,1,5,34,25,13,117,32,4,0,0,9,17,45,117,13,1,0,0,0,14,78,17,10,10,1,0,0,0,17,12,117,78,17,22,10,1,0,60,31,43,28,63,17,52,70,117,14,2,0,2,1,57,117,101,1,0,0,0,0,0,37,46,62,6,3,18,89,10,2,18,113,64,11,70,63,5,3,117,117,48,1,2,12,32,30,71,3,0,0,0,0,30,102,34,29,5,6,21,45,4,6,56,90,7,0,5,67,11,3,29,35,9,0,1,76,72,13,30,18,7,3,2,3,32,100
28,5,5,14,130,5,0,0,130,27,3,3,26,9,2,8,27,91,18,1,3,34,25,4,3,29,47,15,22,56,29,3,26,1,4,118,130,0,0,1,130,9,1,8,32,1,0,18,47,64,18,12,14,41,21,5,8,91,57,4,1,35,49,1,10,9,5,93,130,111,2,1,130,70,7,17,37,3,0,10,59,37,15,10,11,39,12,10,28,42,16,3,5,67,49,3,11,28,20,35,59,103,3,0,51,126,11,1,3,2,0,0,13,38,41,43,13,7,1,0,43,63,50,29,7,6,2,1
2,0,0,0,0,50,113,90,8,0,0,0,0,20,110,113,3,0,0,0,0,40,112,55,1,1,2,7,0,12,113,27,30,37,28,55,13,45,49,44,113,54,6,30,15,22,35,113,55,11,0,0,65,112,56,54,33,15,7,7,10,20,65,58,77,27,14,46,66,3,1,39,113,21,2,32,78,3,3,71,48,3,0,29,113,22,7,52,65,16,0,7,14,4,32,86,29,1,1,14,28,4,14,74,33,9,10,32,38,3,14,55,28,5,5,41,46,4,13,44,21,44,29,29,12,1,22,29
0,3,8,9,4,88,131,0,13,42,4,0,0,43,131,19,45,48,0,0,0,6,57,35,21,26,1,4,30,6,11,10,0,3,12,27,53,32,9,0,24,24,5,2,25,44,98,55,131,51,0,0,0,1,31,110,42,39,6,16,45,1,0,1,0,0,0,12,103,18,2,0,60,10,0,17,117,29,14,27,131,62,0,1,2,3,20,131,30,20,6,11,20,12,50,28,6,2,1,15,37,17,12,8,6,0,0,82,88,12,5,24,33,0,0,29,9,2,37,131,8,0,0,0,0,9,116,126
41,14,0,0,0,0,2,39,106,22,0,0,0,0,0,30,132,6,0,0,0,0,0,31,105,7,0,0,0,4,6,21,128,23,0,0,0,0,0,15,100,29,0,0,0,0,0,18,152,3,0,0,0,2,2,29,59,0,0,0,1,141,45,25,127,27,0,0,0,0,0,9,96,50,0,0,0,0,0,8,85,25,0,0,1,83,18,19,7,1,0,0,36,152,20,7,71,38,0,0,0,0,0,0,78,27,0,0,1,27,7,4,6,5,0,0,32,152,12,2,12,55,0,0,43,152,2,0
0,1,0,0,22,55,4,1,18,0,0,0,6,31,30,111,42,0,0,1,3,0,2,120,2,2,3,10,10,1,0,7,0,0,0,0,29,124,0,0,24,2,0,0,17,124,47,78,124,6,0,0,0,5,19,124,31,1,0,3,1,0,1,28,0,0,0,0,33,124,0,0,77,84,0,0,23,124,5,8,124,103,0,0,0,5,10,49,56,4,2,1,0,0,4,55,9,16,10,18,37,107,0,0,104,124,3,0,3,28,1,0,56,55,0,0,6,68,30,32,67,1,0,0,0,7,18,111
9,0,0,1,76,44,27,51,37,0,5,36,49,39,8,65,8,6,38,72,58,31,2,6,65,28,23,53,24,1,1,14,15,1,0,0,13,83,73,83,118,23,22,32,18,46,15,79,36,24,118,95,18,8,4,15,9,117,118,15,13,3,2,1,38,64,27,8,6,20,11,25,118,63,19,6,2,9,13,92,38,13,87,20,0,0,69,118,0,21,75,2,0,0,28,36,6,28,10,0,0,0,0,4,16,6,2,0,0,0,11,57,0,0,0,0,0,0,90,116,0,0,0,0,0,0,87,118
22,17,35,1,0,0,16,86,40,18,3,0,0,0,10,89,125,19,0,0,0,0,1,58,125,19,0,0,0,0,0,30,77,2,0,0,0,0,2,112,125,45,0,0,0,0,0,38,125,42,0,0,0,0,0,31,125,0,0,0,0,2,2,42,101,71,0,0,0,0,0,19,125,25,0,0,0,0,0,35,125,40,0,0,0,0,0,24,114,15,0,0,3,66,14,31,76,62,0,0,0,0,0,1,125,56,0,0,0,0,0,1,117,40,0,0,1,19,5,3,14,9,0,0,36,125,12,4
2,1,3,0,2,153,153,21,7,1,0,0,2,153,129,20,16,22,0,0,0,24,19,5,23,44,3,0,0,0,3,5,92,0,0,0,0,11,71,61,108,21,0,0,0,1,8,30,32,83,5,0,0,0,0,2,43,70,1,0,0,0,0,0,153,3,0,0,0,0,0,11,148,8,0,0,0,0,0,32,112,34,0,0,0,0,0,20,42,74,0,0,0,0,0,0,126,9,1,0,0,0,0,9,112,15,0,0,0,0,0,13,139,11,0,0,0,0,0,6,71,31,0,0,0,0,1,1
28,9,5,6,12,11,15,130,4,3,27,46,30,31,10,8,2,4,54,135,0,1,3,3,0,0,23,135,6,1,5,2,50,76,50,4,3,4,2,34,51,30,75,25,8,3,2,14,4,8,70,64,37,7,2,1,0,0,12,135,15,11,15,1,12,23,15,6,11,12,6,7,87,35,4,3,7,14,19,20,7,1,1,13,127,51,22,3,1,1,0,12,62,43,62,11,2,5,2,2,1,18,135,64,7,9,0,0,3,110,135,23,0,0,0,1,26,88,135,31,20,23,3,7,36,76,119,27
39,54,102,31,20,19,3,7,33,77,138,37,0,0,0,0,4,90,138,34,5,7,0,0,1,23,138,96,3,4,2,1,51,41,64,16,0,1,0,15,124,60,22,3,7,1,1,11,7,15,24,17,82,40,4,3,10,12,9,9,12,22,13,7,26,8,11,1,0,0,11,138,35,7,2,0,4,8,70,70,8,3,1,12,56,32,67,28,2,5,2,20,43,70,61,5,16,0,5,4,0,0,11,138,2,2,4,4,2,4,37,138,32,36,10,12,7,3,22,39,7,8,9,138,44,16,10,4
75,128,1,1,3,0,0,0,26,104,16,22,29,0,0,0,1,20,89,52,48,4,1,1,1,7,24,128,128,20,18,32,103,128,0,0,1,2,1,6,65,59,41,8,2,1,4,12,2,24,115,45,22,6,9,1,0,1,13,128,128,15,0,0,51,56,22,19,8,5,2,6,85,21,8,3,2,17,39,37,4,4,7,13,12,35,91,24,1,0,3,123,128,17,15,12,13,21,28,14,21,59,5,0,24,4,6,3,13,67,65,63,21,4,12,8,3,7,13,39,4,3,2,23,83,14,3,6
21,5,0,0,0,9,141,84,33,0,0,0,0,6,71,128,15,0,0,0,4,11,5,28,0,0,0,6,38,8,1,0,37,61,57,0,0,0,127,106,141,41,3,0,0,0,35,138,68,1,0,0,0,13,29,31,0,0,0,1,36,11,28,5,45,34,44,0,0,0,54,84,141,50,4,1,0,1,4,27,50,10,6,19,6,22,31,8,4,9,3,4,7,6,33,12,63,1,0,0,0,3,67,141,141,14,1,2,0,0,7,141,31,8,7,25,15,29,15,19,1,5,3,3,2,40,45,0
42,9,11,14,60,84,79,81,123,40,4,0,0,0,12,123,36,20,13,2,0,0,10,34,13,5,35,56,2,0,0,5,41,77,123,109,88,10,4,14,123,123,38,1,0,0,2,56,87,15,4,5,3,3,6,33,36,1,2,4,2,4,5,24,0,22,123,123,26,1,0,0,64,41,36,54,35,7,13,103,78,38,1,0,2,5,11,76,34,16,0,0,0,0,0,7,1,0,8,65,11,0,0,0,17,37,83,108,17,1,0,8,43,95,24,1,0,0,0,7,6,13,0,0,0,0,0,0
33,86,34,17,2,0,6,6,119,48,11,33,11,2,1,42,124,43,103,27,0,0,0,23,1,24,124,80,0,0,0,0,124,93,14,17,4,0,5,10,116,33,26,114,27,0,0,14,124,41,21,5,0,0,2,71,21,14,32,5,1,0,5,17,85,124,47,1,0,0,0,5,22,104,124,25,5,0,0,2,77,124,54,2,0,0,0,12,15,34,0,0,0,1,3,4,21,124,41,2,3,4,4,9,7,31,45,3,8,8,4,13,14,21,10,0,0,0,2,18,1,1,0,0,1,8,12,4
10,19,14,11,0,2,4,0,134,134,3,1,0,0,1,1,63,44,2,19,77,19,0,0,1,1,2,11,134,134,1,0,34,26,23,5,0,0,0,0,134,118,2,1,8,3,0,10,49,33,2,6,134,70,0,3,0,20,39,44,134,42,0,0,31,10,12,4,0,0,0,2,134,9,0,0,10,14,10,89,33,12,5,2,134,118,14,29,1,91,48,10,40,19,0,0,9,2,1,4,1,0,0,2,69,3,0,0,0,5,12,71,33,21,3,1,15,27,20,30,19,40,7,2,4,2,4,13
43,47,71,32,0,0,0,6,113,112,32,5,0,0,0,3,104,38,15,4,0,0,2,68,32,55,94,14,0,0,0,19,19,53,57,4,0,9,40,15,105,89,31,20,1,2,9,17,85,22,33,84,3,1,2,84,114,23,15,2,0,0,2,114,19,40,60,1,0,11,65,23,114,55,11,4,0,2,10,39,60,34,40,73,1,0,0,21,93,84,32,10,0,0,0,48,21,15,34,5,4,25,34,33,114,99,4,0,0,0,3,40,34,114,37,2,1,0,0,6,7,86,26,0,0,0,2,6
5,76,137,7,6,66,66,15,19,118,137,6,0,10,49,38,26,137,79,3,12,14,20,9,18,18,24,42,44,70,91,19,24,30,36,1,10,106,34,25,137,42,25,4,0,4,16,81,32,19,21,66,17,9,7,4,18,44,57,48,11,5,3,2,53,8,0,7,38,27,0,17,137,21,0,1,0,0,0,46,73,12,22,47,1,0,0,11,13,83,26,12,0,0,0,0,28,2,1,81,23,0,0,6,137,2,1,3,0,0,0,60,86,4,4,1,0,0,1,44,27,27,4,0,0,1,3,18
78,76,2,3,0,7,33,26,14,12,27,32,2,1,21,24,9,9,10,3,1,0,1,3,0,0,0,0,0,1,5,3,49,26,5,2,7,73,115,80,115,20,3,1,0,2,37,98,11,5,7,6,11,40,9,3,0,0,1,1,7,34,61,4,71,113,102,17,16,40,25,47,115,69,7,0,4,11,12,46,11,2,2,4,25,106,37,12,6,8,6,5,53,109,74,13,33,16,14,10,4,3,18,62,14,3,0,0,2,29,115,76,1,0,2,12,68,115,90,31,45,34,7,6,19,115,109,112
0,0,0,0,0,0,0,0,0,0,0,0,0,0,0,0,0,0,0,16,38,0,0,0,0,0,0,28,141,19,0,0,6,0,0,0,0,2,3,3,88,43,4,4,4,2,1,11,13,19,8,74,139,11,0,1,0,0,0,141,141,5,0,0,26,0,0,0,0,64,68,33,141,11,0,1,8,13,18,114,28,4,1,33,121,43,2,11,1,0,0,40,141,104,0,0,53,6,3,1,1,33,29,12,141,6,1,2,1,0,3,42,51,5,4,64,80,2,0,4,0,3,9,76,141,25,0,0
40,0,0,0,0,8,12,43,8,0,0,0,27,96,18,17,125,0,0,2,5,15,6,61,35,0,0,45,95,3,1,18,7,0,0,2,4,18,40,42,16,3,0,11,57,125,46,32,125,15,0,0,4,15,20,125,46,2,0,18,70,3,4,45,9,1,0,2,6,30,60,32,55,16,2,18,78,122,43,27,125,64,1,2,8,5,4,74,73,15,1,12,26,4,1,30,1,0,0,0,11,47,125,62,78,3,0,0,14,80,67,70,125,4,0,0,0,1,2,125,51,0,0,0,4,4,2,45
7,1,0,0,0,2,22,29,6,4,1,3,26,29,27,19,39,21,1,1,38,61,39,22,118,28,0,0,0,0,4,24,3,0,0,0,0,11,115,118,13,1,0,0,13,104,118,37,118,95,3,1,23,32,29,25,94,77,0,0,0,0,0,13,26,11,7,13,33,37,118,118,90,37,0,0,0,42,57,108,118,41,0,0,0,4,3,37,117,11,0,0,0,1,1,27,50,101,27,27,22,12,12,16,92,106,4,0,0,0,3,20,86,50,0,0,0,0,0,3,29,3,0,0,0,0,0,2
58,62,0,0,0,45,10,5,148,82,0,0,0,0,0,2,148,11,1,19,16,0,0,10,4,1,45,148,148,4,0,0,58,148,4,0,0,2,1,0,82,105,9,0,0,0,0,14,148,10,0,1,2,1,1,62,9,0,8,69,138,23,3,9,77,108,1,0,0,0,0,0,26,78,17,0,0,0,0,3,113,50,2,0,1,0,1,16,14,3,0,49,64,1,0,3,35,36,0,0,0,0,7,20,21,24,2,0,0,2,33,17,67,26,1,0,0,1,8,29,9,6,3,11,22,2,0,5
0,0,0,0,23,94,50,0,45,9,1,0,64,119,20,24,120,9,0,0,1,3,3,74,17,1,2,5,14,16,3,15,13,0,0,0,69,120,80,7,120,104,15,0,6,64,40,30,110,98,27,0,0,6,9,44,58,11,14,12,2,1,10,42,37,13,15,26,120,65,6,4,120,42,7,0,0,4,10,75,43,24,12,1,0,16,53,59,13,3,4,4,4,12,82,76,3,15,88,84,57,6,7,1,95,78,63,6,0,0,0,6,47,71,32,6,0,0,1,3,0,5,49,38,13,13,10,1
1,0,0,0,7,82,109,8,83,0,0,0,2,12,44,86,99,16,0,0,0,0,0,20,23,9,1,0,0,0,0,13,28,11,5,9,32,109,85,31,125,31,1,0,0,6,34,88,125,20,0,0,0,0,3,43,24,14,10,1,0,3,4,14,19,50,125,60,20,7,1,2,125,113,48,2,0,0,7,29,53,15,4,0,0,0,42,125,13,5,5,2,1,23,55,75,6,17,76,12,0,0,0,2,4,43,125,3,0,0,1,2,9,125,88,0,0,0,4,14,5,38,109,17,0,4,10,9
7,4,0,0,30,75,18,7,124,4,0,0,41,111,16,41,101,5,4,8,0,3,7,37,2,7,10,9,0,4,15,6,7,2,1,0,39,124,94,9,124,31,1,0,36,72,11,28,124,7,0,0,3,30,14,21,0,0,0,0,3,33,53,26,93,80,22,0,2,81,105,20,124,124,54,0,1,14,8,28,87,20,11,27,16,17,5,22,1,2,28,38,22,17,15,16,124,76,17,2,1,5,7,24,60,33,24,1,1,5,46,58,45,11,9,17,1,3,60,102,1,2,52,32,0,0,26,41
38,48,45,109,26,7,5,12,124,128,17,0,0,0,0,8,63,128,28,0,0,0,0,0,12,59,103,39,0,0,0,0,4,35,96,128,4,0,0,0,87,83,42,23,0,0,0,24,128,69,1,0,0,0,0,45,67,61,29,21,0,0,0,6,0,0,27,103,7,0,0,0,32,25,31,85,0,0,0,3,128,69,5,2,0,0,0,17,115,16,2,3,0,0,0,25,0,0,13,47,11,4,0,0,16,23,15,57,10,2,0,0,128,90,7,2,0,0,0,2,63,39,1,0,0,0,0,4
15,2,0,0,1,14,71,35,63,39,1,1,0,2,10,10,21,23,9,1,0,5,3,1,0,0,8,3,1,14,4,0,34,4,5,2,3,8,34,142,142,47,14,0,0,0,9,131,34,38,142,7,0,0,0,2,0,0,142,15,1,1,0,0,31,39,56,6,7,56,33,39,142,142,12,0,0,2,9,89,97,36,33,1,0,0,3,3,0,3,49,2,0,0,9,0,5,107,142,4,0,3,1,0,74,142,72,1,0,0,2,1,19,14,6,5,0,8,25,3,0,1,4,2,0,7,45,1
51,5,9,84,49,5,2,17,127,67,7,2,3,0,0,35,45,127,28,6,1,0,0,0,0,10,36,68,7,0,0,0,23,17,17,67,68,9,4,8,127,79,11,12,6,0,0,37,127,38,1,7,1,0,0,19,1,2,13,36,5,0,0,1,3,13,21,48,19,37,5,2,127,38,11,7,3,23,22,127,113,24,0,0,0,0,0,109,8,29,15,3,1,1,0,7,0,0,0,1,10,127,104,5,127,5,0,0,1,50,41,103,127,69,0,0,0,0,0,25,9,31,7,2,7,3,0,0
53,0,0,2,12,1,1,73,5,5,2,27,69,1,0,3,97,57,3,6,7,0,0,0,43,16,0,1,120,13,0,0,120,7,2,1,4,2,0,60,35,2,0,11,60,27,2,16,120,41,1,2,5,4,1,4,31,17,2,39,120,3,0,0,47,2,1,0,4,14,21,90,35,0,0,0,33,56,40,70,120,13,0,0,3,7,13,81,29,5,0,22,115,11,0,9,0,0,0,0,34,83,60,76,10,14,2,0,1,101,120,117,120,53,2,0,0,22,38,120,41,5,0,0,73,38,2,31
9,17,1,0,0,0,0,0,19,18,10,1,0,0,3,2,16,9,3,0,0,0,5,14,29,0,0,0,0,0,0,15,20,14,0,0,0,0,2,6,10,8,0,0,12,9,8,3,34,2,0,0,1,2,9,20,36,1,0,0,0,0,0,19,47,1,0,0,1,4,6,26,13,2,0,1,25,12,3,5,35,5,0,0,2,28,54,10,22,2,0,0,0,15,159,30,29,4,0,0,0,4,1,4,5,0,0,0,32,121,15,1,0,0,0,12,75,221,221,1,0,0,0,8,11,216,221,27
0,0,0,0,0,4,134,36,1,0,0,0,3,17,134,74,0,0,0,0,11,112,74,11,0,0,0,0,2,42,17,2,67,43,10,0,0,2,134,87,125,25,0,0,0,0,86,124,26,0,0,0,0,13,48,52,0,0,0,0,0,3,16,16,26,104,134,22,0,0,0,0,68,95,90,7,0,0,0,2,24,7,20,6,0,0,2,21,0,0,1,1,0,0,14,17,0,3,134,30,0,0,0,0,0,7,134,53,0,0,0,0,0,1,116,76,0,0,0,0,0,0,54,43,0,0,2,2
10,10,8,0,0,0,0,6,4,26,7,0,0,0,0,1,18,36,7,1,0,0,2,2,15,14,13,0,0,0,5,11,6,0,0,0,0,3,16,23,62,15,0,0,1,3,13,22,18,16,1,0,19,18,8,4,40,9,0,0,1,3,9,15,10,2,0,0,0,5,9,5,98,18,0,0,1,10,9,12,17,5,0,0,17,50,41,3,30,12,0,0,1,30,164,25,0,0,0,0,0,0,0,0,8,6,0,0,4,29,4,0,0,0,0,26,136,222,152,0,0,0,0,47,86,222,222,43
6,0,0,0,0,0,0,1,67,1,0,0,0,0,0,21,131,0,0,0,0,0,0,131,56,0,0,0,0,0,0,106,35,32,29,26,0,0,0,1,131,50,2,0,0,0,0,10,131,8,0,0,0,0,0,131,131,0,0,0,0,0,0,131,8,23,126,53,0,0,0,0,106,59,55,3,0,0,0,5,82,12,5,0,0,0,0,52,131,1,0,0,0,0,0,131,2,12,72,12,0,0,0,0,4,29,107,7,0,0,0,0,8,18,70,4,0,0,0,2,57,8,18,1,0,0,0,69
41,10,94,69,0,0,75,85,146,32,8,4,0,0,11,82,35,29,7,0,0,0,0,0,0,0,0,0,0,0,0,0,31,8,92,146,121,26,0,1,146,30,8,20,38,1,0,19,91,27,14,2,0,0,8,8,0,0,1,1,1,1,0,0,7,36,22,15,88,128,3,0,146,91,26,8,24,5,18,28,58,2,0,0,0,7,82,90,3,0,0,0,1,12,36,28,0,77,59,17,15,12,0,0,10,41,26,4,24,33,11,5,10,0,0,0,4,51,88,56,52,0,0,0,0,23,62,78
4,0,0,0,8,37,55,105,40,0,0,13,41,4,33,126,3,0,0,57,82,0,0,2,0,0,0,19,4,0,0,0,23,5,9,34,50,65,40,37,126,23,6,24,23,12,25,126,42,3,1,126,101,1,0,5,0,0,1,82,12,0,0,0,14,62,126,99,21,2,0,1,126,122,85,38,9,9,3,12,42,4,0,34,102,34,4,5,0,0,0,59,28,0,0,0,45,126,64,59,12,0,0,0,11,18,43,100,44,3,1,1,2,0,0,29,27,9,1,1,0,0,0,43,12,0,0,0
28,9,40,39,8,0,0,11,26,41,92,63,14,3,1,1,178,149,18,2,0,0,0,1,69,17,0,0,0,0,0,0,64,14,16,7,1,26,33,36,61,10,28,14,3,75,50,27,178,44,4,0,0,1,7,31,64,7,0,0,0,0,0,0,3,3,2,0,0,58,52,4,141,6,0,0,0,58,43,19,178,46,0,0,0,0,2,10,48,6,0,0,0,0,0,0,0,0,0,0,0,34,11,0,132,8,0,0,0,19,14,13,178,37,0,0,0,0,0,2,22,3,0,0,0,0,0,0
0,0,0,0,19,77,37,11,7,0,0,0,7,40,52,123,31,0,0,5,32,4,26,117,1,0,0,23,65,1,0,1,0,0,1,15,91,53,4,0,31,4,3,23,46,77,57,52,123,15,2,16,22,8,25,123,22,2,0,79,84,0,0,2,0,15,22,48,84,1,0,0,26,57,123,123,35,7,1,2,123,119,49,24,10,8,3,12,27,3,0,33,84,21,2,2,22,80,12,24,33,0,0,0,22,116,106,91,12,0,0,0,23,29,34,63,21,6,2,3,2,0,0,13,28,14,1,1
0,0,0,0,0,4,60,50,7,1,1,11,34,4,21,33,0,0,1,21,68,23,3,0,125,39,0,2,19,23,5,12,19,10,14,5,6,12,26,46,128,35,25,23,4,0,5,50,11,12,76,128,33,7,4,2,128,128,54,33,12,2,0,0,7,35,128,15,2,9,9,2,95,43,38,4,0,17,51,27,39,7,20,25,4,63,95,23,128,128,17,5,0,5,13,17,0,0,11,1,0,31,52,0,0,0,1,0,0,45,70,1,101,32,0,0,0,29,57,11,128,122,0,0,0,0,2,4
7,0,0,0,2,115,81,12,20,0,0,0,30,36,55,50,97,4,0,0,44,17,4,6,104,2,0,0,0,0,0,16,90,4,0,0,1,115,59,30,96,3,0,1,6,47,56,47,115,4,0,0,3,23,25,34,115,3,0,0,0,0,0,17,78,78,115,26,3,17,7,6,47,53,112,19,9,10,5,4,107,113,57,1,0,2,2,8,90,70,5,0,0,0,0,4,5,21,115,15,0,0,0,9,9,43,115,2,0,0,0,0,2,86,115,1,0,0,0,0,2,43,16,3,1,0,0,0
0,0,0,0,9,34,58,1,71,0,0,0,12,33,57,99,171,0,0,0,0,0,1,133,23,0,0,0,0,0,0,6,0,0,1,39,37,12,2,0,104,9,9,27,50,11,2,33,171,13,2,0,0,0,0,79,60,0,0,0,0,0,0,4,26,10,46,36,7,1,5,26,46,43,134,47,11,9,3,6,171,64,19,1,0,2,2,41,68,0,0,0,0,0,0,7,56,21,13,1,0,10,12,51,15,2,19,5,6,84,27,22,171,2,1,0,0,13,10,99,77,0,0,0,0,0,0,14
1,3,7,106,21,0,0,0,41,49,42,62,9,0,0,0,73,107,135,31,0,0,0,1,11,9,40,57,8,1,0,3,2,4,3,66,32,1,0,0,95,21,12,90,25,0,0,0,135,56,29,51,13,0,0,6,9,5,14,135,93,0,0,0,0,0,1,33,25,0,0,0,50,8,3,54,33,0,0,5,135,9,2,14,22,0,0,79,31,1,0,64,135,0,0,12,0,0,0,13,22,11,0,0,4,0,0,19,31,51,10,6,135,1,0,1,16,29,13,135,44,0,0,8,127,16,2,46
2,0,0,0,3,15,66,12,166,27,0,0,2,5,20,33,152,21,0,0,0,0,0,4,4,0,0,0,0,0,0,0,19,0,0,0,6,36,88,44,166,26,0,0,0,2,17,93,164,23,0,0,0,0,0,2,2,0,0,0,0,0,0,0,45,5,0,6,40,26,3,11,166,57,0,0,1,2,1,38,159,19,0,0,0,0,0,2,1,0,0,0,0,0,0,0,32,40,51,43,17,1,0,0,166,153,9,1,0,0,0,0,70,23,0,0,0,0,0,0,0,0,0,0,0,0,0,0
1,18,33,39,37,14,0,2,7,38,34,13,3,1,1,5,29,27,8,2,7,6,10,12,58,11,3,0,0,0,4,11,1,0,0,1,26,22,6,3,8,1,0,0,1,1,13,22,53,22,1,1,2,0,3,7,43,12,1,1,4,9,8,4,0,0,1,3,6,18,23,5,18,0,0,0,0,3,28,26,73,8,0,0,0,3,53,35,32,23,19,4,4,1,14,28,3,2,2,5,15,46,9,5,2,0,0,0,6,194,148,11,6,0,0,0,0,194,194,108,15,7,2,0,0,12,194,194
21,10,6,99,127,66,29,21,8,20,20,13,20,5,5,7,22,17,20,95,31,0,0,9,4,16,54,127,81,6,12,2,46,3,0,1,34,90,127,127,36,2,0,0,5,8,19,52,53,5,0,8,9,3,1,36,2,2,19,78,103,12,0,3,127,117,9,0,0,0,17,83,110,27,0,0,0,0,0,27,42,40,0,0,16,11,5,8,1,1,0,1,111,35,0,0,49,25,1,0,0,0,1,127,39,3,0,0,0,0,22,111,8,3,0,0,4,25,98,30,0,0,0,0,37,58,22,2
0,0,2,44,52,41,129,39,17,20,11,36,48,18,71,47,8,17,8,23,54,13,12,3,8,55,7,1,12,22,0,0,3,13,15,8,2,3,129,46,14,3,1,10,12,13,129,126,119,33,8,2,11,16,56,80,11,28,9,2,82,127,1,2,0,12,17,20,12,9,1,0,44,42,12,37,22,7,9,10,129,66,2,0,11,29,8,29,9,0,0,1,129,129,3,4,2,1,0,1,7,32,5,1,66,37,0,1,3,9,2,1,73,22,0,0,30,45,6,7,0,0,0,4,129,129,1,0
31,1,2,11,54,39,28,125,130,2,0,11,45,13,16,130,6,0,0,46,87,5,1,5,0,0,1,16,11,0,0,0,37,24,91,130,26,10,0,7,130,54,22,24,13,0,0,40,40,0,0,41,118,0,0,4,0,0,0,10,30,0,0,0,15,20,58,130,58,2,1,9,130,31,12,41,26,0,0,16,53,1,0,18,130,1,0,7,0,0,0,4,41,6,3,0,6,0,0,20,58,14,17,44,101,9,2,18,36,6,1,14,51,1,0,14,108,22,0,10,0,0,0,2,43,122,64,0
0,2,46,52,45,27,0,0,117,29,58,81,30,12,3,44,126,18,4,17,32,1,0,49,1,0,0,26,63,0,0,0,32,49,89,52,6,0,0,12,52,33,82,126,50,0,0,4,126,25,7,17,36,0,0,22,7,0,0,17,111,1,0,1,34,6,2,5,7,4,11,91,18,5,3,61,115,19,18,39,126,10,2,19,37,2,0,23,17,0,0,17,124,37,5,4,1,0,0,0,0,10,12,26,1,0,0,1,14,56,77,24,58,0,0,1,16,22,44,96,14,0,0,2,126,126,17,27
29,105,116,0,0,0,0,0,34,105,14,11,83,17,0,0,3,15,74,62,60,7,0,0,0,11,116,30,2,0,0,0,74,54,1,0,5,3,0,0,43,17,0,0,97,90,2,3,96,52,14,20,30,23,2,4,4,11,13,55,46,0,0,0,84,37,0,0,25,22,0,0,33,5,0,0,116,116,18,30,116,19,1,7,19,25,28,113,8,4,2,24,74,31,19,12,61,23,3,12,79,25,0,0,21,13,2,19,116,116,20,44,50,21,2,0,0,9,41,116,18,3,0,0,3,14,33,37
2,1,20,41,41,41,76,36,44,25,101,19,1,1,41,115,112,76,40,0,0,9,92,115,29,1,0,0,0,0,115,115,19,2,1,115,114,5,7,17,115,11,2,32,17,2,8,74,56,9,1,15,51,25,70,49,52,11,0,1,5,7,94,115,10,6,7,115,49,3,0,1,115,28,19,98,20,0,0,7,56,18,3,16,47,2,0,6,41,20,1,2,12,6,3,6,26,8,5,39,17,0,0,8,26,8,9,91,28,0,0,7,23,13,5,6,6,1,0,6,10,8,1,3,8,2,2,3
6,9,0,0,8,21,7,2,94,7,0,1,19,16,3,12,74,7,0,14,79,11,6,33,129,10,12,2,5,1,8,120,12,11,1,1,25,38,17,7,132,24,0,1,23,34,7,18,93,30,0,13,131,17,0,2,127,25,0,1,11,8,13,39,38,20,1,0,61,132,14,17,132,5,0,0,14,64,23,79,88,31,1,0,33,57,10,15,62,24,1,5,34,20,4,10,87,8,0,4,93,132,7,11,132,39,3,0,7,22,5,18,33,15,5,0,7,36,27,36,31,2,2,11,13,5,10,63
17,8,1,0,37,52,3,5,93,1,0,0,15,30,7,46,32,6,1,0,5,13,7,16,10,1,2,7,12,3,3,18,17,4,5,38,109,51,8,8,121,10,3,8,27,17,1,20,30,3,0,0,42,54,21,29,16,0,0,0,4,40,33,66,20,5,41,109,30,3,27,80,90,43,56,30,29,11,10,19,14,2,1,2,121,121,47,34,21,14,0,0,11,73,121,105,12,1,64,121,6,1,10,21,7,2,24,108,37,8,44,86,3,11,39,84,121,45,19,27,51,121,54,21,19,12,16,28
36,4,11,17,24,74,98,68,78,10,64,34,0,3,38,102,3,12,61,45,7,17,105,72,2,2,40,35,3,4,113,102,84,56,113,49,48,30,12,25,113,39,25,14,15,6,3,42,15,1,9,56,95,40,54,30,54,10,47,22,7,3,27,101,20,92,91,48,2,0,0,0,85,41,39,37,8,0,0,6,25,5,2,106,113,2,0,6,113,23,3,33,24,1,1,15,27,20,9,17,0,0,2,6,6,9,23,32,11,1,1,3,13,11,6,55,29,2,0,0,44,15,7,43,17,0,0,2
1,0,0,6,64,31,52,37,36,3,0,0,1,3,43,93,34,7,2,1,1,0,12,47,8,0,0,1,6,2,14,21,22,0,0,18,148,28,18,29,148,25,7,1,9,4,12,84,40,22,56,21,0,0,18,33,0,1,45,10,0,0,38,27,32,3,0,52,148,0,0,1,148,13,2,7,18,0,0,19,111,35,43,12,0,0,0,5,4,45,109,18,0,0,0,0,7,10,63,110,132,0,0,0,148,116,77,18,8,0,0,6,91,74,1,0,0,0,1,5,12,28,3,2,1,7,8,6
2,0,14,12,2,19,103,125,1,3,38,42,1,0,17,125,2,2,53,48,1,0,1,11,0,0,23,59,36,4,0,0,67,63,13,4,14,14,36,125,112,21,1,0,0,0,13,125,104,25,26,10,0,0,2,71,20,20,69,114,3,0,0,0,98,69,17,5,8,1,0,11,125,36,0,0,0,0,0,36,125,75,0,0,0,0,0,39,36,39,8,15,0,0,1,9,29,35,11,1,0,2,9,19,62,9,0,0,0,9,17,78,77,5,0,0,0,3,48,125,13,3,0,0,0,0,50,114
0,0,0,0,15,84,10,2,39,22,0,0,8,45,31,42,75,85,5,0,0,0,8,49,18,23,5,0,3,13,16,42,10,2,0,0,60,94,8,6,128,128,1,0,10,37,8,28,71,128,22,4,15,5,1,11,0,12,12,26,52,52,4,0,19,0,0,0,128,21,3,6,128,21,0,0,25,5,3,128,58,17,3,5,11,4,61,128,0,0,9,41,42,14,39,13,15,1,0,1,98,27,0,1,128,6,0,0,20,6,9,39,27,0,0,0,0,22,120,72,0,0,0,0,5,18,128,62
21,18,0,0,0,0,0,0,30,25,0,0,0,0,8,8,151,132,0,0,0,0,1,5,98,79,0,4,24,6,1,0,9,6,0,0,0,28,46,3,65,8,0,0,0,29,99,38,151,57,0,0,0,2,17,53,66,16,0,0,14,27,48,13,0,40,23,0,0,46,44,0,66,132,46,0,0,15,26,8,151,51,3,0,0,9,18,79,22,0,0,0,5,103,116,26,0,87,54,0,0,1,0,0,13,62,34,0,0,0,0,2,113,10,1,0,7,7,5,60,14,0,0,0,105,107,22,14
17,15,0,0,1,69,77,49,15,4,7,39,41,21,37,111,13,128,80,78,33,0,0,3,30,128,20,5,5,3,1,4,14,6,9,41,19,46,51,37,128,78,9,6,10,18,12,95,70,110,50,12,9,0,1,23,35,28,2,1,4,13,11,49,12,8,15,128,41,3,0,1,128,41,5,17,8,0,0,102,55,9,2,6,7,1,11,128,16,5,1,1,5,3,5,31,7,12,0,13,53,46,4,1,62,77,2,3,9,2,0,19,23,12,1,0,9,13,42,101,1,0,0,0,3,3,52,123
5,19,6,114,95,0,0,0,16,76,43,9,1,0,0,0,0,6,101,31,0,0,0,0,0,0,73,28,0,0,0,0,11,8,3,125,125,0,0,0,97,69,25,20,12,0,0,4,10,17,100,56,0,0,0,0,0,0,76,49,0,0,0,0,3,0,1,125,125,0,0,0,125,9,4,41,56,0,0,32,74,16,43,37,0,0,0,9,0,0,40,70,1,0,0,0,0,0,0,119,125,0,0,0,104,6,0,74,95,0,0,10,122,12,5,15,0,0,0,11,1,1,4,59,3,0,0,0
23,0,0,38,140,0,0,5,126,3,0,4,7,0,0,20,12,2,1,39,12,0,0,0,0,0,1,47,11,0,0,0,17,0,0,60,140,0,0,3,140,5,1,8,24,0,0,23,35,7,7,43,7,0,0,1,0,0,4,55,7,0,0,0,8,1,20,107,140,0,0,0,140,34,15,32,37,0,0,10,60,24,19,43,0,0,0,1,0,0,11,67,4,0,0,0,9,18,140,140,19,0,0,1,38,56,140,140,4,0,0,0,18,30,62,89,3,0,0,0,0,0,3,55,12,0,0,0
0,13,38,2,1,24,27,2,105,26,12,1,0,9,16,33,68,19,5,1,1,3,1,4,19,15,4,0,0,2,18,10,7,0,0,0,0,103,138,21,138,5,0,0,0,16,54,104,109,9,0,1,6,22,7,7,2,1,0,0,1,26,25,14,32,137,35,0,0,69,130,17,138,138,7,0,0,3,22,45,80,15,2,9,15,6,1,3,1,5,6,9,36,49,5,2,28,138,68,6,8,13,28,23,138,121,7,1,0,0,7,39,23,13,14,13,5,0,1,0,0,11,22,25,23,4,1,1
41,0,0,0,0,3,93,141,47,1,0,0,0,0,0,54,49,9,1,0,0,0,0,8,88,48,17,3,0,0,0,6,141,141,75,3,0,4,124,141,141,30,0,0,0,0,0,68,76,2,0,0,0,0,0,31,121,2,0,0,0,0,0,40,80,141,141,1,0,0,1,9,79,68,1,0,0,0,0,8,76,18,0,0,0,0,0,6,98,9,0,0,0,0,0,14,14,7,5,0,0,0,0,26,44,4,0,0,0,0,0,17,62,3,0,0,0,0,0,15,41,2,0,0,0,6,10,19
5,2,3,3,78,49,35,22,37,1,0,0,5,12,35,94,29,5,8,20,2,7,14,26,16,2,34,137,4,0,0,4,25,1,0,21,137,10,2,9,137,12,4,4,26,3,2,36,57,52,31,3,1,0,0,4,16,19,8,27,21,5,0,0,15,5,13,128,137,0,0,0,137,14,6,34,23,0,0,22,108,62,9,0,0,0,0,18,9,46,26,61,34,16,0,0,0,0,18,137,31,0,0,0,67,21,36,129,9,0,0,14,137,27,5,0,0,13,6,27,23,13,3,6,28,137,20,7
82,33,5,0,0,6,17,59,92,57,39,0,0,0,1,78,117,88,4,0,0,0,4,43,17,2,0,0,8,14,8,10,61,39,11,1,10,17,27,61,135,63,1,0,0,0,6,108,88,73,3,5,6,4,17,14,2,1,0,3,17,16,17,14,47,90,15,6,17,19,13,10,135,133,8,0,0,3,21,61,49,4,0,1,2,28,135,36,0,0,0,1,4,21,135,28,62,62,34,17,3,0,1,22,60,65,3,0,0,10,42,57,3,1,0,0,2,89,70,9,0,0,0,0,25,83,86,13
7,122,57,4,1,23,30,4,122,122,10,0,0,2,12,42,66,25,7,5,1,0,1,6,0,2,15,19,16,2,1,0,10,59,78,66,53,30,27,14,122,73,16,7,1,9,24,64,116,11,12,4,0,0,10,28,0,1,17,10,20,12,9,3,21,95,122,122,23,1,4,12,122,50,55,117,13,1,2,26,58,6,1,0,0,1,35,64,4,0,0,0,7,50,23,13,0,27,68,71,90,31,0,0,6,10,18,75,76,58,44,28,18,8,4,0,1,25,36,44,3,0,0,0,1,106,37,2
0,59,137,15,6,9,2,0,6,137,137,1,1,1,2,6,6,74,70,4,2,2,2,8,4,12,15,103,137,12,2,6,2,0,11,6,19,98,22,10,83,13,10,1,1,11,19,53,20,16,63,14,6,2,1,5,1,3,15,31,137,24,1,3,20,1,0,0,30,113,10,10,137,20,1,0,1,11,7,30,61,23,25,11,4,0,0,2,0,2,25,137,117,3,0,0,38,50,0,0,3,76,5,3,137,55,0,0,0,1,2,26,59,5,1,2,0,0,1,40,3,1,13,45,8,1,3,2
0,0,0,0,16,55,39,0,24,0,0,0,6,28,92,63,24,0,0,0,0,0,7,41,0,0,0,0,0,1,8,2,1,0,0,0,42,138,68,10,138,39,0,0,25,41,39,66,104,15,0,0,0,2,3,18,0,0,0,0,0,5,9,1,30,28,13,13,58,138,115,59,138,121,4,0,0,7,39,138,90,37,7,14,3,2,0,8,0,0,0,5,4,5,3,0,38,138,102,37,32,18,3,12,102,138,25,0,0,0,1,5,15,42,8,27,21,2,1,0,0,0,0,14,20,0,0,0
0,0,0,0,0,0,0,0,1,0,0,0,0,0,1,1,27,9,1,3,6,0,1,3,3,3,1,33,142,5,0,0,0,0,0,0,0,5,30,1,31,1,0,0,0,43,119,28,163,21,1,6,23,15,30,75,20,5,1,37,163,67,0,3,0,0,25,6,1,13,33,0,84,30,27,6,1,22,46,8,163,63,3,12,29,2,5,16,28,13,12,68,163,33,0,0,0,0,49,9,0,0,0,0,44,20,44,4,0,0,0,3,163,20,2,1,24,8,6,97,24,22,10,22,162,25,7,22
0,0,0,8,37,33,1,0,18,0,0,17,44,42,40,61,26,1,1,0,1,2,16,100,3,1,9,7,2,1,0,2,0,0,0,14,86,17,3,8,14,5,3,31,131,125,61,38,131,24,5,4,7,19,61,131,56,5,13,18,2,1,1,11,9,0,0,5,42,70,35,28,14,27,30,72,131,96,30,11,131,104,27,16,8,4,15,69,72,11,1,1,0,1,2,15,4,2,8,9,27,47,26,10,7,2,2,26,96,72,38,17,131,10,1,2,7,8,26,131,63,2,0,0,0,0,4,58
0,2,8,18,129,93,25,1,130,119,29,20,43,33,30,48,130,61,4,6,2,1,1,16,0,1,4,26,6,1,0,0,9,3,7,11,51,88,70,28,130,101,24,10,5,3,21,77,109,47,4,0,0,0,1,8,1,5,10,12,6,1,1,1,33,37,18,17,127,38,12,11,130,98,5,0,2,2,6,42,93,8,1,0,0,0,0,59,2,1,2,3,17,7,4,15,10,106,58,8,23,13,0,0,98,127,18,0,0,0,0,5,25,3,0,0,0,0,1,48,1,0,0,0,6,12,18,22
2,0,0,0,119,54,4,6,113,2,0,0,13,13,5,88,107,2,0,0,0,0,0,130,10,0,7,24,5,0,7,74,13,0,0,0,130,94,1,6,130,27,0,0,12,17,2,22,130,28,0,0,0,0,0,36,62,5,0,0,0,0,1,70,28,1,0,0,128,117,3,10,130,7,0,0,4,8,2,48,130,11,0,0,0,0,1,22,38,7,0,0,0,4,18,27,16,40,17,3,46,50,0,1,130,67,2,0,0,0,0,20,81,1,0,0,0,3,28,49,5,0,0,0,0,29,68,23
31,8,7,8,1,3,60,75,10,7,47,14,1,1,66,88,4,7,24,18,31,21,14,18,0,0,2,19,21,32,34,8,6,12,36,69,39,31,39,21,110,20,5,14,10,27,49,107,33,2,0,2,29,110,46,39,12,1,5,17,9,28,58,68,10,25,49,110,110,38,5,3,110,104,55,32,57,43,9,18,19,37,32,14,105,110,7,10,52,51,24,9,2,8,7,49,3,13,57,78,16,2,3,0,1,42,87,75,76,5,7,0,7,91,59,57,62,2,0,0,17,110,55,28,0,0,0,0
1,3,7,4,42,59,42,40,6,8,1,1,27,85,55,111,20,2,0,6,38,103,111,94,16,0,0,8,22,43,55,70,6,0,0,2,74,85,57,21,111,4,2,30,57,43,15,107,61,24,24,111,95,31,28,39,43,27,21,7,11,27,77,48,6,7,43,59,50,23,10,2,111,73,38,30,8,9,1,15,43,27,107,111,29,4,4,3,3,79,111,26,5,12,20,4,1,8,49,23,14,15,13,6,36,51,34,3,0,1,18,30,21,13,21,6,4,29,14,32,2,6,20,7,6,53,32,4
3,55,118,75,29,11,3,1,24,118,118,30,0,0,4,20,8,118,118,18,0,0,23,28,11,118,43,0,0,0,12,10,7,12,58,98,49,17,4,3,118,89,40,14,10,5,2,20,19,97,60,9,30,15,13,6,23,22,5,0,2,6,26,52,12,21,18,11,59,72,82,32,118,60,16,5,23,14,6,57,60,14,5,52,91,12,3,7,67,28,5,15,12,5,6,16,9,72,94,19,6,10,34,18,62,104,44,1,1,1,27,24,24,13,3,33,23,24,17,10,30,39,7,13,4,3,1,5
0,0,0,0,0,120,103,1,0,1,1,0,42,123,123,3,0,7,13,10,48,68,6,1,0,1,6,102,114,3,1,0,20,0,0,0,1,123,98,16,83,25,10,0,0,36,63,21,7,25,57,12,1,6,1,1,0,5,46,113,26,0,0,0,103,1,0,0,1,69,87,91,123,22,1,0,0,0,0,32,40,29,20,6,0,0,0,8,3,54,71,7,0,0,0,0,123,47,15,4,2,14,35,66,123,24,0,0,0,0,8,77,45,27,1,0,0,1,26,44,27,39,14,0,0,0,6,43
7,0,0,0,0,8,109,119,0,0,0,0,2,119,119,17,44,0,0,0,1,67,37,35,63,7,2,0,0,0,1,11,7,7,3,0,0,5,119,119,12,6,5,5,6,92,119,57,119,11,1,0,0,20,59,99,103,16,0,0,0,0,0,20,8,21,37,5,0,0,6,20,15,40,119,57,8,18,12,13,119,89,61,4,1,2,3,41,50,18,11,0,0,1,16,91,0,0,2,1,0,0,0,0,0,16,52,9,0,0,0,0,4,75,119,0,0,0,0,2,6,82,85,2,0,0,2,7
4,0,0,0,13,76,26,7,99,6,0,0,17,102,22,46,82,16,11,11,0,1,6,28,11,13,11,7,0,1,9,11,7,1,0,0,17,126,99,4,126,14,0,0,13,83,18,38,123,2,0,0,2,28,31,30,0,0,0,0,1,17,61,43,99,73,3,0,5,89,109,23,126,126,9,0,0,10,9,22,85,14,12,32,18,21,7,16,7,6,31,27,11,13,21,30,126,89,21,8,5,6,3,13,76,43,9,2,0,1,19,78,31,6,12,18,1,2,68,116,5,4,55,21,1,0,15,47
0,1,3,17,61,11,0,0,13,21,12,42,79,28,0,0,141,133,9,5,3,2,0,0,86,26,0,0,0,0,0,0,0,0,0,9,63,62,6,0,54,5,1,10,78,62,7,12,141,41,0,0,0,2,3,20,76,11,0,0,0,0,0,8,0,0,0,25,50,32,3,0,50,13,6,50,61,17,2,5,141,16,2,2,3,19,97,141,52,0,0,0,0,1,51,141,0,0,0,8,19,18,16,0,2,1,3,20,56,25,2,1,73,10,1,1,98,74,63,55,141,22,0,0,2,4,23,91
16,4,4,2,4,6,8,40,45,36,0,0,0,0,22,70,37,63,0,0,2,4,6,36,5,8,1,0,13,24,1,2,1,0,1,1,24,109,66,15,29,4,0,1,8,42,144,144,131,11,0,0,2,4,51,144,15,28,7,1,10,8,1,10,5,30,25,7,34,103,22,2,64,121,10,14,48,19,26,19,144,144,1,0,1,1,4,50,36,28,1,1,16,10,0,2,10,29,31,11,36,5,0,0,65,144,8,4,19,1,0,0,70,144,0,0,0,7,0,0,5,6,0,0,4,23,1,0
0,3,4,4,3,55,52,4,43,3,1,1,1,13,36,66,49,55,25,0,0,0,1,32,1,60,55,0,0,1,0,0,2,8,24,10,6,66,94,14,40,15,5,1,11,20,100,131,131,41,4,0,0,1,16,131,21,12,7,0,1,19,9,8,0,38,75,17,19,32,0,0,24,131,131,5,16,21,3,7,131,131,31,0,0,1,1,18,14,17,25,2,2,11,4,2,5,131,99,0,2,4,0,0,0,131,130,0,0,1,3,0,0,73,20,0,0,8,10,0,0,3,3,3,12,30,7,0
0,0,0,0,6,17,9,2,7,8,0,3,38,27,1,0,24,27,6,92,81,3,1,1,1,0,0,186,186,2,2,7,11,0,0,1,11,2,4,31,15,2,0,8,45,1,0,4,65,7,0,21,52,0,0,14,2,0,0,95,186,5,0,1,22,0,0,2,5,0,1,60,15,4,1,16,25,1,0,13,70,14,1,11,37,0,0,2,3,1,0,130,186,2,0,0,19,1,1,7,7,0,1,22,18,0,0,1,7,8,12,27,53,2,0,5,10,2,4,26,4,0,9,164,142,0,0,2
41,16,32,18,2,2,50,82,110,6,1,0,0,0,17,123,29,0,0,0,2,27,42,40,0,3,3,0,11,103,65,0,20,12,85,73,46,16,1,3,123,20,3,6,10,5,1,24,65,6,0,0,48,78,2,4,28,67,15,2,35,71,2,0,12,6,3,11,95,68,8,2,123,38,1,2,20,13,2,19,51,28,5,4,81,50,1,4,64,123,5,2,26,31,0,0,11,5,1,3,44,52,16,14,113,26,1,1,3,15,29,74,63,83,3,1,11,22,13,12,19,100,4,1,123,121,0,0
9,27,14,17,37,36,14,13,26,55,11,5,13,15,30,52,17,64,8,4,15,7,3,6,7,12,1,2,14,12,0,1,15,9,4,5,129,139,38,26,139,36,1,0,4,23,49,115,50,59,7,0,17,50,17,7,3,2,0,2,23,33,19,7,29,19,26,102,139,38,0,2,139,55,16,6,4,5,4,41,51,4,0,5,46,53,24,31,25,8,0,6,12,22,29,17,4,8,139,139,21,0,0,0,56,48,139,62,0,0,1,13,11,12,72,68,15,26,20,12,2,0,41,36,6,35,49,12
0,0,3,33,28,25,5,0,0,0,2,4,28,51,38,8,1,0,0,0,16,38,6,4,4,10,7,2,4,8,1,1,4,1,0,6,111,135,46,6,135,9,0,0,12,135,135,123,51,4,2,10,14,24,11,28,49,20,2,1,2,2,1,5,12,30,63,43,135,135,7,3,135,135,51,16,21,31,12,26,100,20,11,26,5,0,0,8,48,19,4,7,4,0,0,0,0,34,119,77,31,11,0,0,38,54,87,41,6,0,0,4,47,13,1,2,3,1,1,31,20,35,4,1,1,0,1,1
3,0,0,0,8,14,141,86,40,0,0,0,29,4,48,141,5,0,0,3,141,13,1,10,36,5,0,7,76,1,0,0,33,5,0,12,77,16,25,40,141,17,0,0,22,8,5,124,42,0,0,0,141,45,0,12,50,5,0,4,78,4,0,0,30,55,41,64,67,2,0,2,141,100,6,0,14,40,6,12,22,1,0,2,141,117,4,4,56,4,0,6,46,4,0,0,10,15,35,36,17,16,1,3,37,18,4,2,14,32,14,18,0,0,0,6,63,35,2,0,46,3,0,7,26,0,0,0
0,3,17,79,160,0,0,0,65,85,53,25,20,0,0,12,95,18,0,0,0,0,52,160,2,0,0,0,2,55,124,140,4,1,0,2,160,9,0,0,81,13,0,1,35,0,0,1,83,3,0,0,0,0,3,29,24,0,0,0,15,29,26,43,4,0,0,0,160,15,0,0,88,0,0,0,30,2,0,6,79,14,2,0,0,0,0,5,11,15,15,16,9,14,7,6,3,0,0,0,160,13,0,1,62,2,0,0,22,2,0,16,90,67,4,1,2,0,0,6,12,35,15,21,51,25,5,2
0,0,0,0,0,1,3,0,0,0,0,0,0,27,68,10,0,1,0,0,3,84,129,5,2,3,2,1,13,44,70,19,0,0,0,3,12,17,10,1,6,0,0,0,71,129,84,5,92,57,15,0,7,71,109,17,16,50,86,20,0,6,20,14,0,0,0,5,30,97,34,2,25,0,0,4,129,74,26,7,129,24,2,2,30,7,2,33,78,21,34,23,0,0,0,19,10,0,0,0,1,129,129,54,22,0,0,0,26,54,98,79,129,0,0,0,8,11,10,82,91,0,0,0,0,0,0,43
0,0,0,120,102,0,0,0,22,38,33,113,66,0,0,3,33,115,120,54,1,0,0,4,47,120,28,3,0,0,0,2,0,0,0,99,82,5,8,3,41,6,2,120,120,3,0,17,120,53,11,6,8,0,0,39,39,29,3,0,0,0,2,10,0,1,2,9,34,56,91,11,8,71,41,43,120,57,9,1,79,120,55,8,5,0,0,5,10,22,12,0,0,0,0,1,2,20,41,30,3,14,16,1,7,120,73,2,2,10,2,0,0,76,61,5,0,0,0,0,0,2,5,0,0,0,0,0
0,0,0,0,0,14,35,6,1,2,1,0,13,70,130,9,5,3,11,15,40,40,55,33,9,11,74,27,3,0,0,14,7,0,0,1,73,107,53,4,132,70,33,3,25,79,121,17,32,50,109,46,0,7,27,45,54,44,32,5,0,0,0,34,26,0,0,1,77,106,108,56,132,18,4,2,38,17,10,63,80,18,40,31,0,0,0,29,13,41,21,3,0,0,0,3,84,39,35,1,1,38,72,84,132,66,13,0,0,8,17,63,95,26,2,0,0,0,0,15,7,3,1,0,0,0,0,6
117,2,0,0,0,16,13,33,51,9,0,0,0,9,31,17,5,0,0,0,0,2,29,54,0,0,0,0,0,16,16,9,126,20,0,0,0,8,8,29,28,0,0,0,8,120,80,38,72,10,0,0,0,16,51,126,14,3,0,0,0,9,9,22,31,42,50,19,24,18,3,4,58,8,1,18,69,118,14,27,126,64,0,0,1,12,27,56,16,12,0,0,0,67,59,4,0,8,76,67,36,1,0,0,22,0,3,126,126,12,11,41,46,3,2,15,20,37,126,107,0,1,7,2,0,126,126,2
3,101,113,51,25,11,32,6,50,91,16,0,0,1,37,54,67,1,0,0,0,0,6,113,41,1,4,20,3,0,0,63,15,7,3,21,65,40,47,21,113,18,1,0,0,2,20,46,70,1,0,0,4,14,16,75,113,0,0,1,1,0,1,113,20,49,83,67,40,3,1,16,66,68,49,10,19,34,23,7,64,1,0,0,1,32,56,41,113,1,0,0,0,0,1,65,44,37,64,9,20,8,2,60,2,10,87,48,90,74,24,7,59,62,93,3,1,16,39,49,113,47,48,0,0,0,0,37
1,0,0,0,0,0,0,1,53,0,0,0,0,0,0,17,133,5,0,0,0,0,0,12,106,8,0,0,0,0,0,0,73,0,0,0,0,0,0,35,146,3,0,0,0,0,0,36,146,30,0,0,0,0,0,2,113,35,0,0,0,0,0,0,146,8,0,0,0,0,0,45,146,13,0,0,0,0,0,22,146,22,0,0,0,0,0,4,116,38,0,0,0,0,0,0,146,33,0,0,0,0,0,30,146,30,0,0,0,0,0,50,146,13,0,0,0,0,0,54,78,12,0,0,0,0,0,44
48,21,17,0,0,0,23,63,135,42,8,0,0,0,1,45,145,13,1,0,0,0,0,28,26,5,1,12,34,0,0,2,101,136,3,0,0,0,1,10,107,49,0,0,0,7,7,38,145,14,0,0,0,0,1,52,54,13,4,33,50,1,0,0,27,54,8,1,0,4,59,25,110,30,0,0,0,11,35,25,145,72,0,0,0,0,0,6,59,14,5,25,18,10,0,1,46,12,1,0,0,2,53,56,145,128,0,0,0,0,6,14,145,98,0,0,0,2,0,1,22,4,0,0,7,16,1,2
12,30,2,0,0,1,44,11,3,9,8,17,5,5,41,4,83,10,2,5,3,4,19,35,20,0,0,2,149,40,2,10,18,31,0,0,0,2,5,7,8,4,2,6,14,20,2,2,97,6,0,2,6,6,1,9,15,0,0,5,156,28,1,5,4,1,0,0,0,3,22,28,7,2,0,1,5,7,12,21,47,4,0,0,2,84,50,14,3,0,0,3,78,156,156,3,6,1,0,0,0,3,5,7,0,0,0,0,8,19,20,19,0,0,0,8,156,156,42,4,0,2,2,15,122,156,156,0
120,6,0,0,0,4,10,24,135,2,0,0,5,2,0,35,5,0,0,0,13,6,2,7,5,0,0,4,4,3,4,31,135,34,3,0,0,0,4,29,135,10,0,0,1,0,0,34,17,2,0,4,20,10,2,6,2,0,0,3,37,12,12,26,62,97,135,18,0,0,0,8,91,101,135,11,1,0,0,8,15,18,88,70,32,6,1,3,6,5,26,43,69,7,3,9,0,4,135,23,0,0,0,0,0,22,135,15,0,0,0,0,0,3,135,115,25,0,0,0,0,1,52,103,73,29,6,0
0,0,1,3,12,26,44,1,2,0,0,2,92,97,27,5,94,0,0,0,16,25,9,49,29,0,0,0,45,15,0,8,0,0,0,40,69,35,20,18,9,4,6,62,98,127,67,20,127,28,5,5,6,26,31,110,50,8,4,20,43,7,0,15,31,15,3,50,25,5,8,46,7,21,67,127,66,20,8,3,112,127,70,32,4,2,6,23,31,33,30,16,3,12,30,9,13,43,75,5,1,13,13,10,0,44,127,22,9,22,12,0,5,85,127,5,2,1,2,7,1,62,127,0,0,2,8,3
73,33,8,6,0,2,4,18,4,1,11,32,11,24,47,55,1,1,0,4,9,8,97,118,0,0,0,0,0,0,53,118,10,42,8,0,23,51,3,2,7,2,2,8,60,118,99,19,118,19,9,4,7,28,81,118,32,9,29,17,1,2,33,118,0,7,9,4,53,103,0,0,8,39,118,64,78,69,5,4,118,118,70,19,5,5,5,21,50,14,9,9,32,31,18,5,2,45,36,6,13,18,1,0,3,81,96,33,1,0,0,0,24,55,57,33,4,0,0,0,12,12,1,19,84,6,2,1
5,0,0,8,88,15,13,43,44,0,0,0,7,4,30,130,2,0,0,0,7,15,97,55,0,0,5,130,130,12,18,17,12,2,2,19,120,20,1,5,130,11,3,10,37,5,5,40,17,0,0,3,83,38,68,50,2,0,13,75,22,7,45,130,3,7,28,47,20,3,1,14,58,47,41,28,17,7,2,3,8,1,0,14,130,29,9,8,40,0,0,1,52,13,17,130,38,9,5,2,0,0,12,130,3,21,18,20,15,13,12,16,0,0,0,28,130,18,3,0,60,0,0,1,90,15,3,52
108,12,4,50,45,0,0,5,129,15,3,0,0,0,1,38,11,11,11,18,4,25,19,18,0,0,13,129,32,8,5,2,60,12,19,129,35,0,0,4,129,24,8,7,9,1,1,23,15,6,1,4,63,46,40,28,23,4,2,11,3,6,28,48,15,6,53,129,2,0,17,64,87,36,71,46,14,0,0,6,34,5,6,53,129,8,2,10,121,17,1,8,14,1,1,23,129,9,17,18,0,0,12,129,12,17,103,44,1,0,0,0,5,3,39,129,32,0,0,0,74,12,17,56,4,0,0,11
24,112,112,39,11,9,3,6,62,112,43,5,7,2,3,15,40,54,2,6,10,6,24,52,49,13,3,2,2,1,1,26,23,23,39,51,76,88,18,18,112,55,5,25,18,11,5,85,67,23,21,62,20,9,6,20,96,16,1,0,1,0,0,18,10,71,57,81,73,74,28,4,86,101,6,2,2,20,112,60,28,4,3,10,9,48,70,65,65,3,0,0,2,4,16,97,0,1,27,92,64,59,12,0,40,35,39,47,7,20,66,34,55,32,17,13,11,17,19,37,79,6,8,7,6,11,16,81
22,121,121,1,0,4,31,47,34,121,56,0,0,0,33,35,42,121,14,7,2,0,6,27,28,36,20,15,5,0,0,3,112,112,54,12,11,7,1,29,46,105,32,20,41,14,17,25,98,16,2,4,5,5,18,90,61,29,6,2,5,7,0,9,121,99,11,3,10,23,13,45,103,31,12,78,38,9,6,18,121,61,12,25,7,3,1,12,64,14,0,3,6,2,0,4,30,77,15,2,1,10,91,51,29,12,1,5,5,31,75,68,61,9,1,2,2,14,25,86,40,4,0,0,1,4,2,23
18,5,24,121,105,1,2,9,119,15,0,7,7,0,1,48,23,16,0,0,3,18,13,19,0,0,0,11,29,26,15,1,5,2,1,85,128,12,3,6,128,15,1,9,54,19,10,74,34,1,0,0,7,127,53,23,4,3,1,1,1,51,101,24,3,6,7,128,128,1,0,0,73,46,17,68,70,29,4,5,12,20,11,6,57,117,11,3,21,85,16,6,4,13,16,9,0,0,0,71,128,1,0,0,5,5,3,45,128,35,5,2,10,66,25,7,17,10,2,1,3,68,15,2,5,10,1,0
12,6,5,27,45,6,8,20,40,6,1,3,5,4,46,133,0,0,0,1,7,9,133,133,0,0,0,0,0,0,24,133,8,0,0,3,86,44,7,15,90,7,3,25,20,11,12,48,24,7,19,111,57,12,49,133,20,3,9,7,1,0,61,133,10,11,6,15,101,22,7,5,133,68,9,15,8,2,1,17,31,20,66,132,8,0,0,2,4,3,38,107,16,1,28,49,1,54,42,4,9,7,9,0,55,98,18,1,0,0,1,4,25,19,15,17,15,0,0,4,0,0,16,63,36,0,0,0
0,5,5,6,34,132,1,0,2,6,1,0,17,167,22,1,15,14,0,5,11,167,22,3,5,2,3,86,78,3,1,0,1,0,0,0,73,167,88,5,71,24,0,0,36,167,20,12,34,47,6,2,1,8,7,11,2,2,3,41,44,3,0,0,7,0,0,0,49,163,112,29,113,13,1,1,22,38,9,46,44,10,2,3,1,0,22,62,10,2,0,12,54,3,0,6,18,12,10,5,11,11,7,18,66,38,9,7,9,9,30,22,62,29,4,6,3,3,20,27,16,8,0,6,34,21,2,2
12,0,2,10,1,8,24,36,6,2,75,136,11,5,37,52,8,89,136,68,22,3,6,29,6,21,27,136,46,0,0,23,3,0,0,8,29,76,69,20,136,9,2,8,11,34,71,101,53,14,55,78,20,2,3,24,23,12,41,64,14,0,0,26,8,13,18,80,88,23,7,4,136,99,25,26,18,9,7,30,74,9,28,13,0,0,7,37,0,2,34,25,3,11,12,6,8,18,18,22,7,1,0,0,46,64,21,7,0,0,4,13,9,2,0,0,3,34,32,45,0,0,0,0,9,136,136,9
4,3,13,12,27,158,28,2,162,32,6,1,3,17,2,5,162,43,0,0,0,0,0,7,78,4,0,1,0,0,8,17,2,14,100,46,4,5,1,0,155,48,75,24,0,0,0,6,162,16,1,0,0,0,0,50,82,0,0,0,0,5,12,24,3,25,44,10,0,0,0,0,36,49,111,21,0,0,0,0,162,50,12,0,0,0,7,62,42,0,0,0,0,17,79,54,0,1,1,0,0,0,0,0,4,13,13,0,0,0,0,1,31,10,2,0,0,0,46,48,2,0,0,0,0,22,138,29
50,87,64,0,0,0,7,61,116,116,8,0,0,0,33,104,50,88,15,27,7,6,84,60,15,8,14,72,22,15,116,94,4,79,116,7,0,0,0,1,82,116,76,5,0,0,0,6,116,41,10,21,10,0,0,28,15,4,7,81,116,9,7,11,25,11,44,4,0,0,0,45,15,20,88,11,0,0,22,22,72,28,17,1,5,0,29,40,12,0,0,67,116,13,18,23,9,11,26,14,0,0,3,12,7,1,4,15,6,15,66,22,14,1,0,0,0,14,101,38,2,17,4,8,15,57,64,15
0,0,12,28,50,16,0,0,2,42,17,22,29,5,0,0,0,60,21,20,71,1,0,0,0,0,5,123,123,0,0,0,7,0,0,1,42,81,52,32,84,45,7,3,8,12,4,21,13,27,11,27,123,4,0,0,0,9,76,100,66,1,0,0,123,23,13,1,3,31,65,123,123,36,19,2,3,2,1,18,37,27,62,49,36,0,0,2,0,58,123,21,6,2,0,0,123,104,63,9,2,1,1,48,106,30,5,1,0,0,2,62,42,58,28,1,0,31,42,7,0,21,33,2,2,69,91,1
1,0,1,8,3,28,155,6,70,9,0,0,0,44,155,46,152,14,0,0,0,7,66,66,18,0,0,0,0,1,5,21,8,7,144,155,20,10,30,5,155,58,26,46,6,0,15,32,135,17,0,0,0,0,15,63,3,0,0,0,0,0,1,8,0,1,57,155,136,8,0,0,44,13,13,57,78,18,32,55,14,0,0,0,0,0,57,52,0,0,0,0,0,0,0,0,0,0,0,0,3,1,0,0,0,0,0,0,3,3,9,5,0,0,0,0,0,0,10,2,0,0,0,0,0,0,0,0
0,0,16,35,21,11,69,10,6,0,1,5,26,56,132,30,125,0,0,0,0,4,48,132,33,1,7,1,0,0,9,30,0,0,19,103,74,8,0,0,24,7,7,116,132,90,35,33,132,27,5,7,4,9,25,132,43,0,0,0,0,0,56,65,0,0,2,70,18,0,0,0,10,31,79,132,62,3,1,3,132,132,76,43,6,8,9,13,16,2,0,0,1,9,35,46,0,0,0,2,0,0,0,0,0,1,21,43,5,2,0,0,0,9,25,45,26,10,4,0,11,14,12,19,9,7,8,15
0,0,2,45,32,0,0,0,4,7,17,29,32,12,8,2,44,24,11,3,0,3,12,22,5,3,4,2,0,0,0,2,0,0,0,60,67,43,0,0,7,2,4,18,76,129,78,17,129,10,2,1,3,40,92,129,51,3,0,0,0,0,0,12,0,0,0,19,129,129,0,0,15,37,52,51,129,129,8,5,129,126,35,11,6,9,8,24,73,6,0,0,0,0,0,3,0,0,8,98,76,10,0,0,8,37,67,121,16,2,0,2,88,76,18,9,0,0,0,28,23,3,0,0,0,0,0,8
0,0,0,0,0,17,42,1,0,1,0,0,11,71,130,4,7,3,9,15,36,40,49,22,14,16,75,21,3,0,0,7,6,0,0,0,50,128,51,2,127,57,19,0,12,63,110,19,39,57,102,16,0,4,22,25,56,54,29,1,0,0,0,11,19,0,0,0,37,112,130,49,130,18,4,0,12,16,15,77,99,24,50,11,0,0,0,23,15,44,17,1,0,0,0,2,57,67,44,0,0,16,72,94,130,96,14,0,0,0,11,64,107,34,2,0,0,0,0,11,9,3,1,0,0,0,0,6
22,11,0,4,32,21,22,47,15,17,0,0,0,0,63,60,7,1,0,0,0,0,16,32,2,5,4,3,0,0,0,0,0,0,2,68,61,27,24,26,14,1,0,5,16,46,125,117,125,10,0,0,0,0,41,125,23,8,4,3,0,0,0,4,0,0,1,59,125,51,7,0,120,43,6,22,82,84,64,53,125,80,0,0,0,0,5,54,28,5,6,10,0,0,2,30,0,0,10,95,109,1,0,0,62,125,86,93,56,5,5,8,89,67,2,0,0,0,11,57,5,0,0,0,0,0,13,86
42,23,56,13,2,6,18,48,139,72,31,0,0,0,0,26,139,33,3,2,2,0,0,25,12,4,1,15,30,0,0,0,91,99,20,5,1,1,5,17,139,36,0,0,0,0,4,42,139,11,1,3,1,0,0,44,33,8,14,45,25,0,0,0,19,30,19,9,7,25,53,34,139,40,0,0,0,0,22,53,139,65,0,0,0,0,0,6,38,7,8,12,3,6,1,4,31,25,103,67,11,18,28,24,139,129,30,1,0,0,2,14,139,70,0,0,0,1,0,1,14,1,0,0,1,12,3,4
0,0,20,73,24,1,0,0,35,12,15,25,23,7,2,9,129,66,1,0,0,0,0,16,18,64,2,0,0,0,0,0,0,0,5,113,103,1,0,0,39,6,12,65,89,11,3,19,129,28,5,2,1,1,0,58,60,29,4,0,0,0,0,5,0,0,6,74,42,11,20,3,8,24,95,129,15,16,25,5,115,129,49,8,0,1,15,29,47,28,9,5,1,4,5,9,4,0,0,2,23,25,23,9,1,2,6,7,87,129,129,34,73,19,4,0,6,24,126,129,28,6,7,5,0,0,10,76
0,0,1,35,109,0,0,0,86,0,0,72,150,0,0,22,150,0,0,2,7,0,0,67,16,0,0,7,19,0,0,3,0,0,6,38,83,0,0,0,58,6,9,150,150,0,0,11,150,27,9,19,19,0,0,62,40,1,0,6,18,0,0,7,0,0,15,38,16,1,6,7,7,16,79,150,83,14,3,0,96,129,108,41,4,3,7,10,19,17,18,11,5,0,0,3,4,8,4,3,11,7,5,6,0,0,6,18,67,57,16,2,10,8,13,5,11,18,46,59,26,6,11,2,0,0,3,39
12,1,0,0,1,3,9,30,0,0,0,32,27,10,28,9,17,35,35,51,18,3,9,7,42,58,10,0,0,0,0,0,16,7,0,0,19,19,1,1,11,0,0,2,72,132,92,39,127,21,17,5,3,19,62,132,28,22,12,8,1,0,2,15,8,4,0,0,78,46,0,0,74,28,0,0,132,132,6,10,132,100,0,0,8,12,5,41,40,6,0,4,1,0,4,26,2,1,0,0,115,67,0,0,122,66,0,0,132,78,0,0,132,106,0,0,0,0,0,0,10,3,0,0,0,0,4,4
0,0,10,39,73,12,0,0,16,0,0,27,110,45,62,56,69,12,6,0,1,1,27,104,5,12,27,1,0,0,25,25,0,1,21,59,73,0,0,0,63,7,9,137,137,13,6,33,137,72,22,20,13,1,2,69,41,60,77,18,0,1,6,5,0,8,6,27,25,0,0,0,11,39,137,137,79,0,0,0,122,137,137,57,5,0,1,7,38,16,8,10,1,7,26,12,12,32,4,2,1,0,1,1,12,37,48,16,4,4,14,6,0,4,45,51,15,5,3,0,3,1,14,27,8,2,0,1
4,0,11,16,25,14,3,7,18,1,4,4,3,11,18,48,34,10,8,5,0,2,18,51,0,1,7,21,5,13,7,2,7,0,7,9,16,51,55,47,15,0,2,3,78,142,112,55,120,6,0,0,4,30,124,142,15,1,0,2,2,30,46,23,0,0,1,31,37,41,60,23,77,34,5,21,142,142,21,12,142,103,2,1,14,16,8,42,44,10,0,0,0,0,4,8,0,0,0,37,53,14,0,0,39,58,38,89,68,8,0,0,142,91,11,4,1,0,3,17,14,2,0,0,0,0,9,24
0,0,0,0,60,80,20,13,60,3,0,0,21,52,47,132,37,6,7,12,1,3,2,26,0,0,6,10,1,4,6,0,9,2,1,1,89,135,36,38,135,68,2,1,54,64,17,74,135,32,19,18,0,0,0,11,2,7,44,32,1,1,1,6,10,12,12,38,135,64,12,11,135,82,9,6,27,21,6,69,133,9,2,1,5,14,12,56,2,2,3,5,10,33,31,41,1,48,27,66,84,0,0,0,88,135,22,6,5,0,0,7,37,7,0,0,1,18,25,36,0,0,0,0,14,67,32,21
26,7,18,13,7,2,2,24,3,5,6,4,65,62,5,4,78,1,1,10,19,30,11,81,41,5,101,114,13,0,0,29,49,8,8,2,7,22,33,97,12,0,0,1,98,114,19,7,114,7,0,0,16,29,5,27,92,2,2,6,0,0,2,49,10,10,40,103,44,37,37,17,20,8,20,28,30,106,38,12,114,16,2,2,3,6,26,74,26,2,7,0,0,2,68,78,0,0,27,85,15,3,1,0,1,0,114,109,1,5,7,7,16,63,114,46,0,0,21,54,10,106,114,19,0,1,19,18
0,0,9,4,36,98,57,0,2,5,17,2,0,55,121,0,18,42,3,0,0,18,121,68,5,7,5,15,23,118,92,69,0,24,88,35,62,103,27,0,23,11,73,87,49,11,33,2,121,79,16,9,7,1,8,11,19,32,79,90,14,19,7,5,0,32,97,51,5,3,1,0,12,5,16,121,81,0,0,0,121,15,8,46,14,0,0,36,56,11,11,11,4,10,13,30,0,0,18,45,2,2,34,5,0,0,18,121,23,4,37,3,58,17,47,94,6,0,4,10,47,9,8,10,22,7,5,8
10,0,0,0,12,25,48,80,11,5,0,1,126,135,22,18,135,37,1,0,19,23,14,72,52,12,13,13,0,0,0,3,15,2,20,33,23,31,22,35,36,9,2,12,113,135,23,28,135,37,1,1,9,10,6,82,76,7,4,3,3,4,3,23,0,1,21,66,74,3,3,1,24,72,33,66,135,7,0,4,135,135,13,3,3,1,0,32,47,2,0,0,2,11,18,50,0,5,21,50,31,0,1,0,4,91,36,65,32,0,0,0,34,100,19,2,0,0,0,5,9,1,1,2,2,18,17,12
5,10,4,17,105,33,11,2,135,29,9,8,45,45,47,53,135,7,0,1,4,2,3,62,4,0,1,13,7,2,0,1,2,26,57,128,119,0,0,0,124,44,109,73,36,0,0,20,135,45,10,1,0,1,1,87,16,21,4,4,1,1,1,5,12,38,91,106,4,0,0,0,14,45,135,135,1,1,0,1,87,135,70,7,0,2,9,7,6,23,1,0,0,5,16,1,5,15,4,3,1,8,10,1,0,3,21,18,6,25,7,0,0,9,11,8,3,16,32,1,0,0,0,2,0,3,37,9
3,16,3,0,0,1,3,1,4,2,0,1,1,3,17,21,0,0,0,11,22,1,9,14,3,6,0,7,34,1,0,0,0,2,6,2,1,77,127,0,7,0,1,0,1,127,127,36,68,4,0,6,7,10,95,127,14,9,5,25,14,0,0,9,3,5,17,29,47,127,127,15,91,38,19,0,0,61,127,46,127,104,2,0,0,3,15,47,32,17,8,19,3,0,0,3,2,22,86,57,36,5,3,4,45,120,113,0,0,0,4,22,127,94,9,0,0,0,17,38,10,3,0,3,2,0,18,30
6,1,0,0,21,66,110,37,140,5,0,0,0,9,88,140,63,1,2,19,14,2,0,30,2,5,13,22,7,0,0,0,17,21,17,15,107,37,5,2,140,78,7,0,0,3,4,30,137,10,0,1,7,6,0,10,2,1,0,15,11,1,0,0,10,13,86,103,42,1,0,0,140,58,30,11,0,0,0,40,115,24,0,0,1,2,1,29,4,11,7,11,2,0,0,0,0,3,98,140,0,0,0,0,51,130,105,29,0,0,1,1,32,70,5,0,0,0,5,2,0,8,3,1,0,3,6,0
2,0,0,0,0,0,0,0,90,11,0,0,0,0,0,16,111,82,51,9,0,0,0,2,9,21,139,38,1,0,0,0,38,20,4,6,6,0,0,2,139,94,2,1,0,0,0,32,139,68,1,0,0,0,0,24,59,14,17,0,0,2,3,11,34,24,39,70,57,0,0,2,139,77,34,4,2,0,0,94,136,15,1,0,0,0,0,139,31,0,0,0,1,38,23,64,1,39,79,76,24,0,0,0,17,76,113,5,0,0,0,5,47,14,16,4,4,2,15,76,9,0,0,0,0,59,88,49
28,29,8,28,15,1,25,17,10,0,1,26,26,7,81,125,6,1,8,23,9,26,125,115,1,2,12,11,1,4,125,125,51,11,2,13,50,2,2,9,25,2,1,30,125,19,12,42,125,26,49,42,8,5,7,64,11,14,125,82,1,1,29,31,6,2,0,2,15,15,60,33,16,56,12,36,83,29,19,4,125,117,13,7,3,0,1,16,42,16,31,43,8,0,3,17,53,25,5,3,1,8,74,56,22,114,15,1,1,7,9,2,22,50,9,2,1,8,38,20,6,0,0,3,5,10,65,83
2,0,1,7,78,78,15,5,45,19,20,4,11,52,22,10,5,8,68,60,10,6,1,0,24,24,44,30,1,0,1,10,11,9,15,38,86,22,22,38,133,35,9,22,26,5,1,11,24,5,8,21,46,27,9,2,0,0,8,15,14,11,30,6,5,9,133,133,12,0,0,7,51,8,56,126,17,8,5,34,10,0,5,15,60,112,15,12,0,0,0,1,16,78,104,13,0,0,57,132,0,0,0,0,2,0,133,133,2,1,0,1,0,0,87,133,42,36,1,0,0,0,10,92,45,43,23,0
0,0,0,0,0,24,110,124,0,0,0,0,0,88,108,3,0,0,0,1,10,61,107,2,124,5,0,1,4,10,60,75,104,38,21,7,2,10,69,130,23,7,5,8,8,46,92,37,41,14,16,11,12,16,41,32,130,97,26,10,6,3,3,14,63,130,130,27,1,0,0,16,18,32,66,56,15,9,2,5,46,24,24,7,2,23,29,24,130,29,4,0,0,3,23,54,0,3,28,4,0,0,0,0,0,0,6,8,7,4,0,0,3,0,0,1,1,22,8,3,124,6,0,0,0,3,5,13
0,0,0,3,29,4,0,0,1,17,66,131,131,27,1,0,72,131,102,36,20,6,2,10,111,118,0,0,0,0,0,26,0,0,0,0,6,8,7,4,2,5,18,32,67,55,15,9,92,37,23,7,5,8,8,47,106,3,0,0,0,0,0,90,8,3,3,0,0,1,2,22,29,23,45,24,24,6,2,23,41,32,41,14,16,11,12,16,106,3,0,0,0,1,11,61,5,13,121,5,0,0,0,3,23,55,131,27,4,0,0,3,3,14,131,96,26,10,5,3,59,76,127,5,0,1,4,10
3,2,2,5,18,117,125,10,16,3,1,0,8,56,125,45,0,0,0,16,32,115,125,1,0,0,0,5,2,10,18,0,3,7,22,66,61,16,6,2,19,9,11,11,34,37,47,21,27,6,9,29,20,17,31,22,2,2,7,13,0,0,0,0,0,0,4,125,51,0,0,0,3,5,11,80,77,23,9,2,74,33,13,9,4,15,34,49,20,11,5,0,0,0,0,14,0,0,0,85,57,10,1,2,0,0,1,42,125,125,25,1,125,10,2,3,26,108,115,125,109,1,0,0,0,0,1,51
2,0,0,0,3,8,121,79,34,0,0,0,0,0,56,135,31,10,2,0,0,0,0,19,0,6,5,3,0,0,0,0,29,0,0,2,47,92,82,48,135,17,0,0,0,2,31,135,129,14,5,2,0,0,0,23,1,3,8,8,0,0,0,1,77,61,36,81,110,36,14,16,135,109,6,0,0,0,3,41,72,4,1,0,0,0,12,122,5,4,12,4,0,0,4,48,7,51,79,97,25,1,0,0,50,64,15,1,2,3,9,45,11,0,0,0,0,0,17,107,8,0,0,0,0,0,9,112
60,145,142,28,10,2,1,6,119,145,22,2,1,0,0,8,10,35,10,14,11,0,0,0,0,1,7,10,17,5,0,0,145,40,6,0,0,0,1,27,145,10,1,4,1,0,0,47,38,14,32,36,12,0,0,1,5,47,75,16,7,1,0,1,101,32,8,4,4,7,15,49,145,49,0,0,0,0,0,16,57,12,15,5,0,1,5,12,21,27,17,1,0,0,3,45,46,81,145,65,2,2,3,6,122,108,78,11,0,0,0,0,17,6,5,11,8,16,10,9,3,0,0,0,2,5,16,57
63,8,0,1,11,11,43,51,28,22,2,3,15,20,32,13,14,39,38,15,2,2,2,0,2,12,48,44,12,3,0,0,29,20,4,0,4,84,146,94,146,61,3,0,1,8,112,146,58,47,17,14,21,3,1,7,0,1,5,18,49,3,0,0,24,146,146,16,16,54,62,13,146,146,46,0,0,1,16,64,46,6,1,3,18,13,47,58,0,0,2,4,23,9,6,5,29,110,64,2,0,0,0,0,15,51,16,0,0,0,1,7,10,6,1,0,0,1,13,23,9,1,0,0,4,45,6,11
5,0,0,1,4,4,60,83,4,1,0,0,0,4,81,61,46,11,11,2,1,2,17,72,56,29,53,1,0,0,1,20,49,1,1,66,86,34,68,116,122,83,35,2,0,0,26,104,58,84,98,6,0,0,6,37,90,49,4,3,5,1,3,14,60,40,104,122,83,2,2,29,122,122,96,23,1,1,6,51,49,28,34,8,0,4,23,44,32,15,1,1,4,4,28,36,17,46,94,40,2,1,3,2,6,42,106,43,8,4,4,0,9,2,19,29,19,5,2,14,8,0,0,2,20,16,28,25
0,0,1,38,50,21,9,3,30,10,4,44,42,19,2,3,113,28,2,1,0,0,11,58,11,9,1,1,10,11,14,43,2,0,0,1,29,113,59,12,79,7,0,0,17,78,38,33,36,5,0,0,24,95,70,72,45,0,1,1,2,11,49,113,10,20,49,77,78,50,14,8,105,92,50,27,30,21,12,20,23,20,49,61,113,75,9,15,107,59,39,5,5,9,7,113,0,6,82,44,3,0,0,0,2,34,113,25,3,0,0,0,0,11,113,60,11,0,0,0,7,93,113,4,0,0,0,1
0,0,0,0,0,40,34,1,0,0,0,0,15,84,66,7,8,1,0,3,31,107,113,39,22,4,8,8,8,25,43,50,6,1,1,14,39,113,83,20,74,3,1,18,39,44,73,103,45,53,26,95,88,30,16,23,100,108,21,5,0,0,3,25,8,9,94,113,37,26,2,4,113,78,96,50,8,2,2,18,47,32,18,63,39,0,1,6,71,34,4,1,1,0,12,54,3,2,58,64,2,6,6,4,5,22,113,56,5,0,0,1,2,3,23,100,71,4,4,6,4,2,12,14,22,12,40,42
0,1,19,13,6,31,79,8,15,16,38,29,15,13,18,27,27,96,112,4,1,0,0,15,2,77,96,15,1,0,1,2,3,6,1,0,0,6,101,60,34,29,17,0,0,2,43,112,112,35,10,0,0,0,4,98,16,12,9,4,4,5,35,15,112,50,6,11,5,3,45,112,71,112,98,2,0,3,15,32,112,74,27,2,2,1,7,29,12,4,2,16,15,5,16,6,112,109,112,76,5,0,1,73,80,41,35,7,0,7,16,36,24,3,7,4,1,5,23,74,1,0,0,1,11,29,74,16
32,54,4,0,3,27,52,18,104,78,11,1,1,6,19,68,28,25,65,6,3,34,15,17,52,22,27,15,5,12,6,16,24,42,24,42,54,112,54,14,127,40,9,4,2,29,53,124,83,14,12,20,14,26,7,18,50,11,4,4,8,24,18,45,6,16,127,127,33,11,1,0,127,86,127,47,6,3,6,21,72,8,6,8,11,88,33,26,60,13,1,7,13,63,24,27,0,0,45,23,1,0,0,0,6,7,72,87,78,9,10,4,23,8,2,35,21,67,50,9,96,38,0,0,0,14,6,18
0,0,28,30,0,0,0,0,16,27,21,22,0,0,0,5,108,95,2,0,15,7,0,7,13,9,4,23,132,68,0,0,0,5,16,40,3,0,0,0,41,25,16,30,2,0,0,2,125,38,1,5,19,6,2,31,4,1,22,85,70,22,2,4,3,5,2,30,10,0,0,0,21,8,4,27,9,10,4,3,61,5,0,0,1,81,132,30,3,0,2,9,13,132,132,6,2,6,7,28,6,0,0,0,0,0,1,30,82,62,4,0,0,0,47,53,97,132,132,2,0,4,92,49,13,132,132,1
31,2,4,6,8,14,3,19,37,12,4,3,3,12,7,21,18,0,0,6,67,72,19,45,0,0,6,28,153,153,6,0,86,5,7,8,6,10,3,23,8,4,5,5,18,75,17,14,57,3,4,61,81,31,18,46,3,11,153,153,153,52,0,0,30,6,7,8,11,48,35,28,48,11,0,0,8,110,22,7,153,27,4,15,0,3,2,11,23,8,84,125,3,0,0,2,1,0,6,66,30,20,13,0,61,14,10,20,1,15,7,18,65,13,5,0,0,0,7,65,12,0,1,7,9,10,12,41
1,7,2,0,3,31,18,16,0,0,5,29,72,116,36,11,9,16,109,114,63,46,44,44,54,116,56,7,0,0,57,92,1,0,0,1,16,45,35,5,9,3,5,9,63,56,17,15,116,53,110,37,2,4,7,41,72,116,98,5,0,0,0,23,11,5,7,0,3,31,77,40,14,74,41,4,24,29,26,5,116,81,25,2,1,1,0,28,116,7,0,0,0,0,0,82,77,17,25,38,2,2,10,63,53,77,46,2,0,0,0,33,16,28,38,13,0,0,0,6,93,9,4,1,0,0,4,43
33,2,1,1,5,52,28,26,35,6,0,0,9,109,20,11,122,22,6,49,21,4,5,15,8,9,126,126,55,0,0,0,6,1,1,35,27,68,53,6,123,42,0,1,0,45,17,14,126,38,1,2,0,0,1,40,28,3,16,61,10,5,1,15,4,1,21,126,11,4,2,1,74,44,82,44,0,0,1,46,37,18,57,20,0,0,13,126,7,0,1,6,15,29,38,80,0,0,6,9,0,0,0,0,2,48,126,17,0,0,0,0,1,24,126,126,0,0,1,6,1,1,41,126,6,6,17,23
0,18,60,22,1,0,0,0,50,36,47,31,2,3,2,8,123,56,37,1,0,0,1,33,8,8,71,54,5,1,0,1,0,4,19,5,6,33,24,0,22,10,10,17,23,123,41,32,123,28,3,0,0,15,28,123,48,4,5,9,24,122,11,11,0,0,1,29,29,32,30,1,16,60,66,26,27,46,38,13,123,102,21,1,0,58,123,35,16,5,19,4,6,123,98,9,2,7,5,18,49,66,28,3,2,36,46,0,0,17,72,8,1,64,95,1,0,35,82,3,0,58,123,5,1,32,18,0
0,0,0,0,0,0,0,0,14,0,0,0,0,0,0,3,43,9,3,23,2,0,0,2,11,6,8,151,77,0,0,14,51,0,0,0,0,0,0,11,151,7,0,0,0,0,0,20,147,52,1,0,0,0,0,3,19,51,28,135,15,1,2,0,122,3,0,0,0,0,0,17,151,3,0,0,0,0,1,45,151,80,3,0,2,7,20,44,26,62,17,5,36,66,29,16,19,2,0,0,0,0,0,0,135,15,4,10,8,11,14,15,80,12,9,15,12,27,124,133,60,21,1,0,10,30,45,63
0,0,0,1,3,4,85,80,3,2,0,0,0,7,98,57,59,21,10,1,0,1,13,75,64,36,26,0,0,0,2,21,18,0,1,65,79,35,71,79,125,59,10,3,1,1,32,125,82,119,46,0,0,0,3,29,85,38,1,1,3,1,4,14,21,22,91,125,53,3,3,15,125,125,125,37,2,0,1,47,65,37,26,5,0,0,8,45,22,5,0,0,2,10,38,50,13,35,72,41,0,0,0,1,8,69,125,22,3,4,4,2,2,7,29,33,25,8,1,4,2,0,1,5,19,16,18,18
8,3,2,15,24,40,93,39,33,25,2,3,26,45,84,25,79,114,37,12,8,3,5,29,14,53,126,23,1,7,5,7,7,20,68,126,49,19,15,4,50,45,39,55,47,63,63,38,126,27,5,4,3,18,45,126,60,7,5,6,4,18,12,25,0,0,17,58,5,0,0,0,10,20,126,126,45,15,3,2,126,95,126,48,9,9,11,21,53,6,2,4,6,65,35,18,0,0,0,0,0,0,0,0,0,0,41,20,1,0,0,0,4,7,57,66,64,11,8,2,38,9,7,21,18,35,27,7
35,25,4,1,9,26,57,26,94,76,29,5,2,4,13,60,28,40,99,10,1,14,10,16,22,21,24,111,62,25,2,8,31,27,45,84,48,47,33,22,118,39,18,9,4,14,27,102,62,6,6,9,6,29,17,28,23,1,3,44,118,118,23,32,4,12,118,116,13,1,0,0,110,62,118,59,29,14,16,13,58,8,1,3,9,90,54,21,75,23,30,109,58,17,10,15,0,0,7,4,0,0,0,0,0,0,14,49,48,7,3,0,52,21,38,36,15,15,11,8,65,17,24,13,1,3,6,42
10,6,0,0,0,43,64,8,9,1,2,14,17,16,85,51,15,19,11,13,9,0,2,6,4,4,3,38,23,2,2,1,18,17,7,8,31,132,132,21,132,45,3,0,0,31,119,132,80,14,15,24,6,1,4,23,4,8,4,19,7,14,7,0,23,75,64,58,75,40,21,12,132,117,11,0,0,1,20,132,39,2,0,4,4,11,67,132,0,0,0,3,27,96,36,12,6,4,3,24,46,11,3,9,69,21,0,2,5,1,11,96,21,13,0,0,0,2,43,111,9,4,2,9,28,28,20,26
0,0,0,0,14,12,0,0,10,35,4,4,88,61,0,0,40,30,5,9,20,13,15,30,37,6,0,0,8,17,15,17,5,0,0,0,34,74,3,2,130,89,23,33,49,70,6,12,49,50,122,130,30,7,4,10,25,10,27,48,31,49,10,10,24,14,5,0,8,92,20,8,130,37,10,5,4,38,11,86,68,9,54,84,23,56,41,38,1,1,19,93,90,76,13,3,6,24,6,0,0,2,2,0,97,37,4,0,0,6,26,45,16,0,0,0,1,130,130,32,26,7,1,0,5,97,98,47
0,0,0,0,0,0,2,6,46,3,2,1,0,0,15,130,24,5,10,36,16,5,5,18,10,15,7,9,4,4,13,12,5,7,4,24,25,1,5,10,140,78,9,24,17,2,20,140,140,13,11,37,14,25,35,32,3,11,11,17,51,140,62,0,9,11,3,16,72,47,0,0,140,63,7,14,21,5,44,106,42,3,0,0,4,39,140,77,0,0,6,27,140,140,70,1,4,35,7,3,39,52,0,0,40,22,5,4,10,9,13,29,32,12,0,0,6,18,27,19,0,0,2,8,65,40,7,0
0,0,0,0,0,0,0,0,1,0,0,0,27,47,0,0,32,74,11,12,75,93,2,0,28,42,21,44,36,17,7,13,0,0,0,0,0,0,1,0,34,1,0,0,26,155,28,10,155,106,23,30,20,79,12,26,48,42,118,155,22,3,1,4,1,1,0,0,0,1,3,1,57,62,25,1,2,70,29,8,155,60,10,1,0,12,23,90,52,2,12,37,17,80,96,44,0,0,0,0,0,0,0,0,5,24,6,0,0,0,0,0,54,23,2,0,0,12,43,37,5,0,0,0,0,107,155,18
2,4,5,0,22,77,19,2,8,52,61,46,117,81,6,2,22,117,45,15,19,8,0,0,1,9,1,15,20,2,0,0,27,1,0,0,13,117,63,18,117,56,29,18,5,30,13,20,11,22,26,83,47,2,0,1,1,1,1,14,31,25,15,3,73,88,65,27,50,83,26,22,117,51,16,5,3,4,5,43,19,4,2,24,97,48,6,17,0,0,0,20,117,60,20,2,3,64,117,53,11,0,0,0,20,90,111,29,1,0,0,2,3,19,27,117,66,20,0,1,2,2,0,34,100,57,0,0
5,8,30,33,7,11,46,17,44,104,103,21,1,0,3,20,8,57,118,118,9,2,3,2,65,118,118,100,6,1,2,2,95,28,0,3,3,9,87,105,118,72,2,0,0,1,7,58,34,9,10,14,9,17,33,13,2,12,17,19,25,12,24,7,118,118,108,53,6,4,6,41,93,53,18,8,6,8,22,48,13,6,3,3,9,50,118,33,33,16,8,6,10,5,43,32,12,61,73,12,3,8,5,5,2,13,22,19,54,26,7,2,15,47,18,6,14,16,10,5,21,25,5,0,0,0,1,4
13,9,1,0,0,29,64,7,9,3,3,12,16,13,90,43,6,21,12,14,18,2,3,7,2,5,4,25,36,18,15,4,15,18,9,14,74,129,129,17,129,66,5,1,1,25,129,129,72,20,13,16,6,4,4,22,0,1,6,54,30,15,7,0,26,33,20,39,107,46,8,10,129,80,8,2,2,1,7,129,38,4,0,3,5,52,59,129,0,0,0,2,12,97,86,6,21,5,0,2,31,44,15,14,104,32,0,0,2,1,2,69,47,15,2,6,7,15,21,68,1,1,2,29,58,46,24,3
0,0,0,0,0,0,0,0,0,0,7,9,0,0,0,0,0,3,14,10,0,0,0,0,0,0,0,0,0,0,0,0,9,3,2,1,0,0,0,0,120,56,104,43,1,4,3,14,13,32,120,117,36,37,4,4,0,1,6,7,7,6,3,0,15,13,45,59,3,1,0,7,120,61,69,46,31,53,82,69,36,21,43,33,53,120,82,64,26,78,120,36,11,12,4,6,16,10,17,20,22,10,1,16,16,7,66,63,120,74,28,21,57,17,52,23,7,11,53,120,120,59,58,12,3,5,38,120
0,0,0,0,0,0,0,0,32,11,12,7,6,0,0,11,119,10,10,6,16,60,67,119,52,28,6,15,100,119,71,25,15,3,0,0,0,0,0,8,119,67,58,36,5,6,11,46,31,20,73,115,103,86,30,20,89,25,40,23,51,89,30,25,14,6,0,0,0,0,0,2,119,22,2,4,3,36,112,54,82,30,25,38,59,97,119,61,62,59,119,37,18,15,7,12,0,0,0,0,0,0,0,0,0,0,0,0,0,2,5,0,38,19,0,0,0,4,12,10,19,12,1,1,1,21,8,7
58,39,1,0,0,1,3,10,62,21,7,85,73,8,2,37,35,53,26,82,82,19,14,35,25,29,46,124,33,6,1,17,12,3,1,0,1,18,38,32,124,13,14,38,53,16,38,124,69,107,124,124,86,16,10,29,94,124,78,75,0,0,3,31,9,23,14,1,1,4,3,4,124,124,36,6,1,2,4,32,85,67,93,43,17,0,0,5,22,21,13,8,9,0,5,48,0,6,5,0,0,0,0,0,11,54,14,0,0,0,0,0,5,12,1,1,1,0,0,0,0,0,0,0,0,0,0,0
124,16,2,1,6,38,60,124,44,19,2,2,20,112,124,120,30,14,0,7,53,124,91,95,0,0,0,5,20,100,78,3,94,60,8,1,4,30,52,40,124,73,5,4,18,39,67,74,57,50,7,63,124,74,14,14,0,0,5,35,30,18,5,0,12,3,0,0,0,24,15,6,124,15,0,0,1,46,30,38,28,1,0,3,15,124,60,9,0,0,0,1,1,5,4,0,0,0,0,0,0,0,0,0,0,0,0,0,0,3,0,0,0,0,0,0,0,15,3,0,0,0,0,0,0,0,0,0
