2,6,1,0,14,92,67,9,96,23,0,0,21,57,18,17,162,158,0,0,0,0,0,20,36,61,3,0,0,0,0,6,50,0,0,0,13,162,134,104,162,3,0,0,0,6,26,124,162,39,0,0,0,0,0,73,75,51,5,0,0,0,2,3,19,0,0,0,1,10,3,13,68,5,0,0,0,0,0,14,162,41,0,0,0,0,0,5,37,11,0,0,0,2,10,2,0,0,0,0,0,0,0,0,0,0,0,0,0,0,0,0,0,0,0,0,0,0,0,0,0,0,0,0,0,0,0,0
0,0,15,46,12,9,1,0,121,0,0,17,15,9,1,11,215,0,0,0,0,0,0,29,59,1,0,0,0,0,0,1,0,0,17,20,13,88,79,0,129,8,18,8,10,59,57,37,215,10,1,0,0,0,4,64,85,1,0,0,0,0,0,3,0,0,136,18,0,16,23,0,67,37,123,13,0,9,10,5,215,54,10,0,0,0,0,8,54,3,0,0,0,0,0,0,0,0,3,0,0,0,0,0,0,0,2,0,0,0,0,0,2,0,0,0,0,0,0,0,0,0,0,0,0,0,0,0
0,0,0,0,0,0,0,0,27,9,13,9,0,0,0,1,20,13,153,153,9,0,0,0,0,1,153,153,20,0,0,0,21,1,0,0,0,0,0,6,153,13,0,0,0,1,1,31,47,11,1,28,31,43,5,5,0,1,6,117,112,19,0,0,81,48,0,0,0,0,0,2,153,58,0,0,0,4,8,15,17,0,0,0,13,56,23,7,10,12,0,5,77,77,1,0,108,76,0,0,0,0,2,5,58,60,1,2,2,9,13,2,3,1,0,0,13,115,13,0,70,29,0,0,21,96,12,1
3,0,0,0,0,0,0,2,35,0,0,0,4,1,1,46,5,0,0,5,36,7,1,6,0,0,0,17,74,5,0,0,36,31,80,33,0,0,0,11,144,118,61,12,1,0,0,115,57,8,2,26,45,1,0,12,0,0,0,29,68,0,0,0,4,26,144,144,0,0,0,0,144,98,69,35,0,0,0,62,47,4,0,16,30,9,12,60,0,0,1,49,22,3,5,1,0,0,144,144,12,0,0,0,16,0,35,144,67,0,0,34,13,0,0,11,8,11,52,69,0,0,0,5,2,8,64,25
13,3,6,11,4,2,1,6,141,25,0,0,0,1,0,51,141,15,0,0,0,0,5,30,3,5,1,0,0,3,19,3,24,5,4,23,48,5,0,0,141,105,0,0,4,0,0,8,141,54,0,0,0,0,4,13,7,19,8,0,0,0,8,2,23,0,0,1,65,30,4,9,141,10,0,0,2,2,1,141,139,13,0,0,0,0,0,101,21,19,6,0,0,0,0,0,7,0,0,0,13,59,64,57,92,0,0,0,0,1,8,141,141,1,0,0,0,0,0,140,25,1,0,0,0,5,4,7
2,0,0,0,138,129,0,1,138,22,0,0,81,42,0,3,138,11,0,0,0,14,27,35,4,0,0,0,0,76,56,7,7,2,0,0,138,128,0,0,138,31,0,0,54,19,1,15,104,3,0,0,0,33,71,47,0,0,0,0,0,38,68,19,15,4,0,0,138,92,0,0,138,23,0,0,23,6,10,20,26,0,0,0,0,24,84,23,0,0,0,0,0,6,45,42,18,7,0,0,84,60,0,0,79,15,0,0,3,4,8,9,4,0,0,0,0,11,25,10,2,0,0,0,0,0,8,35
24,49,17,27,23,11,17,18,55,85,8,0,0,0,0,16,12,20,8,0,0,0,1,14,1,3,8,1,0,0,2,1,110,1,0,0,1,6,56,155,110,6,0,0,0,0,0,72,35,18,0,0,0,0,0,21,3,34,8,0,0,0,0,1,155,0,0,0,0,0,2,155,155,41,0,0,0,0,0,84,35,65,0,0,0,0,0,2,8,33,3,0,0,11,1,0,123,0,0,0,0,1,8,155,155,4,0,0,0,0,0,155,50,15,0,0,0,5,11,67,2,6,0,0,0,36,14,0
15,22,4,19,41,6,0,0,97,116,5,3,2,0,0,8,127,134,36,17,1,0,0,4,6,21,44,103,11,0,0,3,32,53,3,1,25,17,0,0,123,43,1,0,0,0,8,27,134,43,3,9,6,15,14,62,17,5,10,62,39,50,27,13,20,100,14,1,3,1,1,2,28,134,99,0,0,0,3,3,100,134,41,7,2,11,10,26,17,3,13,52,9,31,22,19,11,134,53,0,0,0,0,0,2,134,88,9,0,0,0,0,0,44,43,6,0,0,0,0,3,7,17,58,3,0,0,0
123,6,13,20,0,0,0,85,80,5,4,4,0,1,9,53,3,0,2,8,3,2,28,55,32,0,0,0,0,0,8,113,92,19,50,123,0,0,0,12,123,42,28,25,0,0,0,17,13,9,20,123,34,3,8,10,70,0,0,23,7,1,5,91,13,11,80,123,0,0,0,1,123,34,34,47,1,0,0,24,61,7,11,123,20,0,0,22,18,0,0,123,38,2,7,43,7,1,14,59,16,1,4,55,34,4,6,61,37,1,1,38,39,1,1,33,3,0,1,116,3,0,0,123,70,2,3,16
30,5,0,2,25,39,1,1,122,106,14,0,2,2,0,10,40,109,115,0,0,0,0,6,2,26,122,16,0,0,0,0,48,31,51,12,18,28,0,3,122,59,19,0,0,0,0,74,122,50,6,0,0,0,0,68,40,27,55,15,0,1,7,7,3,67,122,6,0,0,0,0,34,122,122,1,0,0,0,6,122,91,8,0,0,1,6,34,26,4,2,0,0,9,52,25,5,122,98,7,0,0,0,0,4,20,116,77,15,0,0,1,31,15,11,20,4,0,3,44,13,15,2,3,3,3,7,20
38,93,112,42,79,23,2,17,112,88,30,10,6,0,3,89,29,1,1,4,2,5,64,73,9,0,1,8,3,4,64,106,112,58,108,37,20,1,0,112,42,17,29,95,88,1,0,27,112,25,12,24,8,1,0,35,7,6,13,67,42,5,9,20,112,55,23,5,9,3,24,82,27,7,2,56,90,27,32,30,112,39,4,15,18,8,23,56,14,11,25,35,54,9,13,14,5,2,0,0,0,11,30,44,5,3,2,0,5,27,58,37,49,10,2,0,1,9,37,77,73,29,4,0,0,2,10,30
0,1,9,21,19,45,43,45,120,26,0,0,7,58,43,37,120,27,0,0,7,33,65,34,3,0,0,0,4,77,97,22,6,10,6,28,114,73,4,3,120,68,2,9,29,26,7,24,110,16,1,1,72,91,27,25,31,11,6,47,26,49,34,19,3,42,57,57,57,18,0,0,94,17,57,65,2,13,29,71,120,16,13,11,16,69,56,50,79,11,8,65,25,35,13,12,0,13,62,22,4,0,0,0,0,4,102,64,1,0,2,2,75,72,47,59,3,1,4,2,45,35,29,60,14,14,3,0
1,25,66,41,14,3,0,0,2,14,24,49,20,3,4,2,18,52,30,1,0,0,1,2,3,18,26,5,0,0,0,0,9,17,16,23,44,94,61,8,76,104,70,17,30,22,20,37,18,65,136,48,0,0,0,1,2,8,96,72,9,0,0,0,7,5,27,136,32,42,38,12,136,87,26,53,4,8,21,80,105,25,49,40,8,2,0,5,0,0,17,89,92,14,0,0,11,4,20,136,22,0,0,27,120,106,39,82,10,0,0,0,54,16,0,1,26,25,1,1,4,4,1,7,74,73,4,0
30,70,20,3,3,12,9,2,3,10,25,35,47,40,14,2,13,66,63,16,13,2,1,2,3,28,94,12,0,0,0,0,14,32,32,87,24,35,20,2,27,7,9,85,29,82,75,35,149,64,31,6,2,3,13,73,23,13,82,41,2,0,0,1,20,11,39,146,5,0,7,80,19,25,50,149,13,3,2,5,149,104,31,34,0,0,0,14,35,6,1,5,16,12,0,1,108,0,0,15,2,0,17,149,13,5,9,108,41,0,0,36,71,35,12,28,12,1,0,1,14,1,0,0,31,23,0,1
58,1,0,4,13,5,0,14,62,1,0,48,153,7,0,7,153,0,0,6,19,1,0,29,28,0,0,0,0,0,0,2,80,5,0,2,12,7,0,18,72,3,2,33,153,51,0,13,153,5,2,6,32,11,0,28,49,0,0,0,0,0,0,2,61,43,6,6,4,0,0,1,52,27,13,119,127,14,0,4,153,39,9,30,25,8,1,29,56,0,0,0,0,0,0,3,45,32,5,0,2,0,0,0,39,8,1,8,153,28,0,6,153,1,0,2,55,19,1,54,56,0,0,0,0,0,0,5
4,1,0,0,0,3,6,3,4,22,21,2,2,3,0,0,17,25,48,20,3,5,2,3,56,121,18,1,0,0,0,6,21,13,0,0,0,0,0,1,96,110,32,8,4,2,0,9,23,38,52,74,76,43,9,10,79,47,7,6,12,23,54,122,17,6,0,0,0,9,5,9,122,33,6,4,10,14,6,69,24,22,122,51,103,84,7,12,38,31,122,26,18,27,29,76,35,23,0,0,0,12,30,20,122,75,6,1,0,5,10,45,54,58,122,11,1,7,95,66,1,9,122,22,0,1,85,28
3,0,0,3,3,39,77,33,85,3,0,3,12,26,30,70,16,6,3,15,56,91,31,4,14,26,13,46,41,63,22,29,31,9,1,22,77,24,26,32,120,54,4,16,24,16,11,44,45,21,9,62,120,50,16,20,33,23,13,41,65,65,25,36,51,57,22,30,120,4,0,7,81,33,47,30,5,23,53,86,7,6,64,14,44,120,70,35,12,90,73,13,42,63,26,22,8,64,30,28,51,0,0,0,8,30,84,36,0,0,2,0,2,26,120,26,0,3,2,0,24,120,74,2,0,0,0,1
22,18,1,3,15,6,0,0,130,54,0,0,0,0,0,0,85,43,7,6,1,0,0,0,60,11,4,12,18,8,17,115,50,11,0,7,19,1,0,4,144,16,0,0,0,0,0,8,144,23,4,8,8,0,0,3,9,5,3,32,144,33,24,24,50,0,0,33,39,0,0,11,144,3,0,0,0,0,0,15,144,9,0,1,10,0,0,2,17,1,0,27,144,5,0,0,24,1,0,56,77,0,0,2,144,1,0,0,0,0,0,22,144,3,0,1,4,0,0,17,16,1,0,39,144,0,0,0
34,4,0,26,105,0,0,0,176,28,2,6,5,0,0,1,40,12,4,70,28,0,0,0,0,0,4,81,35,0,2,2,41,3,0,20,144,1,0,1,176,29,2,5,7,0,0,8,67,15,5,66,47,0,0,0,0,0,16,77,34,0,0,0,37,1,0,11,144,18,0,2,176,8,0,2,8,1,0,22,94,6,9,52,27,0,0,4,0,0,34,69,7,0,0,0,27,2,0,2,93,15,0,0,176,14,1,1,3,0,0,8,93,18,23,31,4,0,0,0,0,0,7,33,35,1,0,0
26,26,1,2,4,0,0,0,44,6,1,4,30,23,11,56,133,11,3,0,0,3,5,140,8,1,4,4,3,4,2,12,32,23,0,0,24,10,0,0,48,3,0,0,149,104,13,42,149,7,0,0,10,16,9,149,44,0,0,0,0,2,4,22,23,12,0,0,62,22,0,0,69,52,3,6,149,64,0,2,149,99,1,1,7,3,0,11,66,2,0,0,0,0,1,7,13,5,0,2,82,17,0,0,67,67,5,8,85,14,0,0,149,55,0,0,0,0,0,8,43,1,0,0,0,0,1,11
15,1,1,50,67,0,0,9,72,0,0,44,77,0,0,48,116,2,1,19,8,0,0,50,10,1,1,116,100,0,0,0,31,0,0,27,47,5,43,47,56,5,2,88,116,6,9,25,116,23,2,8,5,0,0,60,31,10,7,109,83,0,0,4,23,50,11,0,4,3,93,91,24,84,41,32,36,8,22,22,116,116,24,6,1,1,21,26,28,29,13,44,45,26,29,22,7,106,53,0,0,0,0,2,10,61,17,0,7,23,8,2,7,14,3,0,6,67,114,37,1,0,0,0,7,49,116,50
12,15,3,1,0,0,3,2,23,8,0,0,2,21,27,19,15,1,0,8,25,42,46,31,0,0,0,12,37,65,134,32,6,11,17,4,12,4,0,0,26,2,0,1,63,75,12,16,143,14,0,57,53,19,9,38,12,4,0,143,143,30,44,21,10,4,9,7,49,20,0,5,66,6,0,1,112,81,1,4,143,30,0,9,38,9,2,16,19,6,0,62,143,11,0,2,12,11,0,2,89,47,0,0,84,30,0,0,67,57,0,2,134,44,0,2,28,6,1,10,12,2,0,5,143,17,0,2
19,48,32,12,4,8,38,42,10,36,36,62,21,38,20,13,65,115,9,7,1,3,11,48,16,28,5,14,11,2,0,6,5,48,69,37,19,62,23,3,13,24,19,32,22,99,54,18,85,51,3,4,3,12,12,115,17,13,2,5,31,24,4,33,0,0,0,2,61,115,68,6,21,7,1,2,4,59,115,74,115,43,0,0,0,3,9,107,27,17,1,31,29,4,6,46,0,4,46,31,115,114,38,9,21,39,90,9,3,12,78,115,68,33,19,1,0,0,9,115,21,12,1,5,1,0,11,99
0,0,0,4,8,10,30,50,3,2,16,41,9,5,22,34,11,31,84,48,5,1,0,2,4,16,30,45,31,13,0,0,4,0,0,0,23,99,27,18,144,22,10,1,2,21,35,86,41,22,64,39,6,0,0,4,0,0,27,85,42,18,1,0,23,2,0,0,7,144,35,16,144,35,0,0,0,28,19,64,91,28,19,16,3,1,0,2,1,6,28,61,67,67,1,0,43,43,46,79,25,58,7,2,144,144,8,2,0,5,3,5,64,29,1,0,24,12,0,1,3,4,0,0,144,141,6,0
84,3,2,106,101,0,0,17,124,1,0,6,5,3,7,80,2,0,19,39,11,26,16,6,0,3,16,42,46,9,3,0,38,4,7,124,124,1,3,24,124,14,7,37,12,2,3,69,17,1,0,6,32,27,13,9,0,0,0,7,20,26,11,2,49,22,15,116,46,4,62,124,70,77,69,80,13,0,0,7,13,22,19,32,64,2,0,0,0,19,44,26,22,11,2,0,88,124,73,3,0,0,9,76,21,52,50,23,2,0,3,6,1,64,93,53,13,0,0,0,0,54,83,74,43,0,0,0
101,66,61,2,0,10,1,3,154,24,2,1,3,0,0,62,55,0,0,18,52,6,0,16,0,0,2,137,154,1,0,0,34,72,99,1,0,0,0,0,154,94,9,0,0,0,8,39,75,1,0,1,22,21,45,27,0,0,0,98,98,13,21,1,42,40,13,0,0,0,1,10,106,37,1,0,0,0,95,84,37,3,0,0,0,7,154,86,5,0,0,9,17,32,65,15,17,20,18,1,0,0,0,3,17,26,8,2,0,0,18,13,49,19,0,0,0,13,33,36,12,0,0,4,12,34,51,33
10,0,0,2,4,31,64,84,128,1,0,0,0,2,18,128,58,2,0,0,0,7,18,38,13,4,4,1,3,0,6,23,22,25,52,80,18,18,11,16,128,89,16,5,1,1,8,93,77,31,2,0,0,7,31,54,54,19,0,1,6,1,7,27,6,7,85,87,21,0,0,2,75,38,81,13,1,0,22,105,22,30,31,0,0,0,105,125,20,16,9,0,2,1,41,115,0,2,128,48,0,0,0,0,1,21,128,16,0,0,0,3,3,57,128,1,0,0,2,8,8,42,75,0,0,0,1,12
50,29,23,7,3,1,1,11,100,10,5,19,22,0,1,33,91,65,15,31,25,0,0,6,21,20,6,85,83,0,0,1,27,1,8,9,27,86,14,28,149,57,20,2,1,6,7,71,50,121,65,13,15,0,0,1,7,16,3,47,149,14,7,2,42,29,22,4,5,70,9,3,149,36,3,0,0,2,0,34,108,11,8,17,34,2,0,14,0,0,0,61,149,5,0,0,8,29,86,6,0,0,0,0,149,54,16,0,0,0,0,17,97,2,0,2,17,7,2,20,0,0,0,57,78,3,1,0
4,0,0,0,2,76,76,18,138,6,0,0,5,14,16,32,89,6,0,0,121,19,0,2,52,3,0,0,49,26,0,2,34,32,8,1,2,27,54,41,138,41,1,1,15,5,13,37,103,20,0,1,138,30,1,4,50,7,0,1,103,25,0,1,73,36,5,3,19,23,2,10,138,73,3,4,12,22,9,64,73,10,1,2,76,73,14,27,38,7,0,2,100,35,3,3,90,16,0,3,10,1,6,43,138,79,6,13,31,16,2,5,18,6,2,11,66,61,31,25,10,1,0,2,43,66,31,18
11,0,0,0,0,3,82,55,35,0,0,0,0,0,32,130,29,2,0,0,0,1,10,79,1,11,7,6,4,3,3,1,14,8,2,7,22,23,97,50,37,9,2,3,0,0,93,130,130,15,0,0,0,0,10,130,40,26,4,0,0,0,0,5,13,42,91,99,20,4,5,7,54,124,55,18,0,0,5,16,130,130,3,1,0,0,0,25,44,21,1,1,2,1,0,7,0,4,67,130,2,0,0,0,20,130,74,24,0,0,0,0,66,130,5,7,1,0,0,0,6,18,9,15,4,0,0,1
1,15,63,15,0,5,4,3,113,33,13,4,0,0,2,5,151,11,0,4,2,0,0,7,12,3,1,35,32,0,0,0,1,4,47,63,2,0,8,19,95,11,26,69,1,0,0,10,151,13,3,4,0,0,0,23,26,5,3,48,29,0,0,0,0,0,1,59,61,8,39,62,40,15,12,43,8,3,46,117,151,31,5,4,0,0,1,33,43,5,2,39,19,0,0,1,0,0,0,33,140,28,21,10,12,1,0,15,69,13,72,151,151,3,0,0,0,0,12,151,57,2,3,20,5,0,0,24
45,24,3,1,13,17,5,9,126,24,2,2,10,11,6,61,63,5,0,2,68,37,8,26,28,1,0,6,69,18,2,3,67,5,0,4,13,7,7,63,126,65,5,11,17,7,4,26,41,14,5,21,87,53,25,21,13,2,0,4,46,57,37,20,113,9,0,0,0,1,12,102,126,31,2,1,20,25,9,37,33,66,43,6,111,85,8,8,9,43,38,39,39,5,6,6,126,115,5,0,0,0,0,50,120,126,42,3,5,4,1,4,18,113,65,12,18,7,2,3,0,20,55,63,38,0,1,0
5,0,0,12,46,6,13,85,101,26,0,0,0,0,5,92,98,83,7,1,1,1,0,9,5,10,7,2,8,17,1,2,28,5,8,134,56,0,1,19,134,84,5,11,0,0,0,39,105,67,0,0,5,33,5,12,0,1,1,0,14,71,0,0,8,3,12,134,13,0,0,1,134,14,23,121,0,0,4,117,38,2,0,1,0,34,61,134,19,24,5,0,2,35,14,9,3,0,3,69,0,0,0,20,4,0,15,134,2,0,0,23,12,2,3,71,3,0,28,104,81,9,0,0,0,1,8,55
1,5,4,1,23,129,37,2,65,2,0,0,1,51,94,66,46,2,0,0,0,2,8,32,11,0,0,0,5,5,3,14,11,0,1,32,139,94,9,3,142,25,0,5,26,15,12,25,95,21,0,2,14,4,2,5,0,0,0,0,8,25,17,10,9,0,16,86,142,10,0,2,142,2,0,9,72,6,1,42,107,2,0,1,39,6,0,14,0,0,0,0,33,40,3,0,6,0,4,12,134,142,18,6,142,0,0,0,43,45,5,49,114,0,0,0,37,3,0,10,0,0,0,0,56,22,0,0
88,7,7,84,75,4,0,9,134,46,4,0,0,0,0,11,59,22,9,19,23,0,1,36,5,2,9,134,134,0,1,8,38,17,23,134,53,4,0,1,134,91,29,32,0,0,0,4,33,39,54,45,4,0,0,3,6,15,53,134,50,0,0,1,15,3,9,115,15,10,5,33,134,23,22,86,5,0,0,40,72,5,9,68,9,0,0,54,15,7,9,57,16,0,0,18,9,0,0,6,9,5,7,73,17,2,7,36,6,4,13,51,27,0,1,13,3,7,13,122,10,0,0,66,17,0,1,42
3,11,71,2,0,2,20,7,0,6,115,22,11,12,36,4,43,29,119,56,6,0,5,17,66,9,6,17,2,0,1,119,1,9,32,2,5,18,128,24,12,3,31,3,14,47,128,44,65,8,31,28,28,6,55,115,23,0,2,16,45,11,10,77,1,10,20,4,14,62,58,5,96,10,0,2,43,118,28,18,128,67,3,23,31,5,6,28,4,4,1,51,99,12,9,14,0,1,2,11,19,55,32,0,121,27,12,2,9,46,6,4,128,18,0,4,24,13,2,20,4,1,0,12,117,44,1,2
45,1,3,58,32,0,0,33,20,1,0,45,94,2,4,5,132,10,1,1,6,0,2,15,51,8,11,0,1,3,2,6,72,3,0,3,44,6,6,125,34,0,0,7,132,16,3,12,132,6,0,0,12,2,0,14,58,6,0,0,5,56,3,11,21,11,5,12,22,8,22,94,45,4,0,0,89,47,41,39,132,47,0,0,14,23,2,6,36,30,8,2,47,132,1,2,1,3,51,97,28,3,13,7,39,80,64,34,11,17,37,20,111,85,3,1,13,89,42,7,32,132,5,0,19,85,15,2
0,0,17,11,2,45,86,1,7,1,25,46,20,37,84,17,16,12,70,117,7,3,3,3,2,1,27,117,10,0,1,6,7,9,9,23,44,117,117,11,117,38,6,3,2,19,106,82,76,12,3,9,4,17,39,23,0,0,3,96,37,43,15,0,15,8,8,22,23,22,116,73,89,33,7,3,0,0,27,87,19,10,1,0,0,12,96,56,2,4,2,4,8,41,25,3,117,12,2,0,0,0,56,117,102,41,8,0,0,0,19,65,7,42,17,0,0,28,44,18,2,7,2,1,2,95,57,2
6,0,2,23,1,1,15,99,3,0,4,111,8,1,5,39,0,4,10,71,84,47,13,7,91,114,28,25,37,23,10,27,20,12,0,0,1,27,54,96,102,18,0,46,15,1,4,114,16,31,27,114,64,4,0,1,104,114,37,18,9,0,0,0,19,114,52,0,1,5,18,8,77,110,26,3,13,38,9,12,57,25,1,9,35,48,8,1,114,66,0,2,12,0,0,0,2,114,28,1,13,30,4,0,1,10,10,2,46,93,9,2,100,16,0,0,2,21,11,24,95,41,0,0,8,6,14,18
15,2,0,3,14,12,6,9,25,0,0,4,71,101,117,40,137,0,0,0,4,10,67,133,14,0,0,0,0,0,0,7,3,0,0,3,33,5,7,21,54,5,0,34,153,15,3,9,153,9,0,5,22,1,2,36,42,0,0,0,0,0,0,2,10,0,0,1,16,0,7,102,33,13,3,60,153,0,0,15,153,29,3,14,18,0,0,36,52,0,0,0,0,0,0,5,22,0,0,4,5,1,2,129,27,0,0,21,105,22,2,48,153,0,0,4,29,7,1,40,56,0,0,0,0,0,0,5
7,1,1,1,9,37,23,11,60,51,0,0,0,0,49,34,55,99,0,0,0,16,33,18,20,35,2,0,0,43,48,9,15,3,14,17,31,43,18,16,65,29,20,7,4,7,120,103,120,54,25,1,0,15,94,104,24,120,62,1,0,20,15,4,32,16,43,40,20,11,16,21,34,48,120,18,3,4,29,26,120,109,49,1,0,0,8,54,55,31,11,0,0,0,22,47,17,9,120,120,2,0,0,5,20,42,120,28,0,0,12,33,66,105,48,0,0,0,1,33,36,31,5,0,0,0,1,15
8,13,11,12,114,75,4,5,20,17,7,7,21,20,33,20,34,27,30,4,8,6,28,28,40,5,9,1,0,0,0,11,19,31,28,45,114,12,0,0,47,24,23,85,109,8,8,20,114,76,78,15,6,1,2,34,43,21,107,34,0,0,0,10,21,34,36,114,50,0,0,0,17,110,114,96,36,0,0,1,83,114,114,67,11,0,2,23,24,8,51,34,4,0,8,80,0,13,41,81,7,0,0,2,24,79,62,8,0,0,0,1,20,25,45,105,6,0,0,5,9,8,71,81,2,0,2,27
24,41,15,6,2,0,0,1,117,42,0,0,0,0,23,20,18,2,0,0,0,0,33,26,0,0,0,0,0,0,4,3,16,5,0,2,14,14,7,7,34,5,0,0,47,121,144,59,109,5,0,0,2,14,144,144,24,0,0,0,0,0,1,23,7,0,0,0,52,18,4,16,59,20,0,1,144,100,17,12,144,93,0,0,14,8,12,49,46,8,0,0,0,0,0,3,24,0,0,0,60,12,0,33,69,48,7,20,144,26,0,1,144,111,2,1,2,0,0,0,13,4,0,0,0,0,0,0
8,55,5,0,0,1,15,0,6,10,3,0,0,3,31,9,8,14,38,5,2,5,9,10,0,3,89,33,6,1,0,0,0,7,17,8,2,49,153,0,17,14,34,2,0,29,153,52,153,49,32,0,0,1,49,134,34,23,101,1,0,0,0,2,0,18,153,31,3,16,27,0,14,79,153,4,0,5,32,8,153,153,100,0,0,0,3,20,43,18,2,0,0,0,0,2,0,4,79,0,0,0,0,0,0,9,82,0,0,0,0,0,0,23,22,0,0,0,0,0,1,2,0,0,0,0,0,0
10,2,9,5,0,0,8,23,28,19,27,18,2,5,14,7,134,134,7,1,2,1,0,4,51,24,0,0,41,44,1,1,5,3,3,2,15,43,72,15,87,7,0,0,0,9,96,57,134,29,0,0,6,29,13,101,25,4,0,0,32,134,39,20,9,21,34,80,71,41,33,13,115,134,18,3,0,2,23,32,134,124,0,3,29,22,6,29,21,33,17,27,68,65,13,9,5,23,42,67,9,3,4,2,68,134,25,4,0,0,0,2,43,39,0,1,5,17,16,7,26,41,7,8,9,10,4,0
0,0,0,6,89,10,0,0,58,10,0,19,141,17,0,2,128,34,33,25,11,0,0,6,9,13,120,46,0,0,1,6,0,0,0,8,104,27,5,0,56,2,0,35,141,7,0,3,141,36,15,5,17,0,0,11,13,18,43,27,3,1,1,1,0,0,0,0,22,101,71,0,41,2,0,7,138,105,26,7,141,21,4,3,15,6,4,36,29,9,15,27,14,38,8,8,0,0,0,5,44,71,20,0,22,4,8,10,31,87,31,23,141,10,6,0,1,5,8,114,44,11,16,40,14,20,5,24
0,44,6,0,3,75,59,0,1,6,1,2,46,71,113,5,35,0,0,4,64,44,32,83,47,4,0,0,0,11,46,65,6,0,0,0,31,113,88,35,69,33,6,16,26,16,58,39,22,30,8,58,113,11,18,35,85,37,9,7,3,1,23,85,66,39,20,2,26,113,49,45,113,40,12,2,9,6,35,94,40,70,10,28,81,16,19,15,44,103,36,58,7,0,3,9,14,113,96,5,10,13,0,1,21,66,67,11,23,41,3,8,63,20,3,1,5,38,24,64,62,22,3,13,22,7,4,49
39,8,0,6,26,35,7,34,3,12,16,47,101,56,5,2,13,64,18,11,9,22,42,11,14,19,0,0,3,102,111,10,11,0,3,25,30,93,35,54,96,23,13,12,20,94,17,16,12,9,21,66,111,52,21,2,7,75,32,27,83,81,76,3,7,3,21,83,96,30,4,1,111,21,12,35,20,27,10,23,19,11,49,55,79,44,7,8,9,111,96,56,19,1,0,0,0,4,38,68,57,2,0,0,59,88,40,43,34,1,0,1,11,43,111,19,1,6,3,1,4,88,67,4,0,28,11,0
0,6,40,35,9,35,36,4,5,22,21,10,2,3,50,27,8,8,42,71,3,0,13,15,23,16,61,30,9,2,0,4,0,0,0,1,6,113,149,24,23,3,2,1,1,48,149,85,149,28,20,4,5,6,59,130,20,12,38,24,67,23,0,0,1,1,26,13,12,37,23,6,73,43,69,17,3,24,45,13,149,77,6,0,20,9,6,25,31,3,0,0,94,51,1,2,9,5,10,2,1,8,20,30,59,8,13,4,1,20,44,34,149,19,0,0,20,27,9,98,17,2,0,1,56,105,23,19
50,0,0,0,0,0,12,143,95,0,0,0,0,0,2,143,33,0,0,0,0,0,1,143,1,0,0,0,0,38,22,31,103,15,43,10,0,0,0,36,143,12,0,0,0,0,0,61,90,15,4,0,0,0,5,126,6,0,0,20,61,126,44,65,36,37,41,56,29,0,0,2,143,79,3,2,0,0,0,11,88,13,8,6,1,1,6,13,1,0,1,52,30,12,11,11,25,36,14,69,27,0,0,0,108,68,3,1,0,6,23,15,22,2,0,0,0,4,112,32,0,0,0,2,2,6,87,9
119,119,21,0,0,0,3,52,91,16,2,0,0,0,9,92,119,9,3,0,0,0,0,97,49,17,14,0,0,1,7,45,17,88,81,2,0,0,9,6,93,28,5,0,0,0,0,16,119,4,0,0,0,0,0,59,56,2,0,0,0,13,33,70,8,1,5,0,0,1,66,105,89,41,2,0,0,0,3,46,119,71,0,0,0,0,0,23,32,101,3,0,0,5,15,28,85,19,1,0,0,4,24,83,119,89,0,0,0,0,0,30,67,119,2,0,0,0,0,3,17,119,2,0,0,0,6,5
0,0,33,94,18,17,0,0,1,17,41,25,16,64,10,5,57,25,3,0,1,18,20,103,24,19,8,0,6,41,28,62,0,0,0,6,54,129,15,0,15,1,0,2,11,129,62,12,129,7,0,0,0,24,18,69,43,3,0,17,50,40,18,35,1,0,0,0,117,129,12,2,70,15,0,0,10,75,45,40,129,39,0,0,0,1,8,74,39,10,0,17,20,4,13,24,0,0,0,0,123,109,6,5,17,1,0,0,12,19,46,95,23,0,0,0,0,0,42,129,7,0,0,0,1,2,54,122
5,2,1,2,23,90,54,16,5,10,23,42,17,11,5,6,43,114,14,14,0,0,6,20,28,114,53,6,0,2,6,11,96,20,11,10,8,41,92,114,98,27,11,18,7,2,0,47,114,114,6,5,1,0,1,56,43,43,3,0,0,26,47,52,87,109,76,29,5,3,5,21,112,76,36,8,0,0,1,23,65,16,23,7,2,3,8,64,10,0,0,0,5,101,97,63,23,14,11,13,22,17,24,35,114,12,8,4,2,1,8,79,13,2,10,14,36,11,2,3,0,0,0,1,114,94,22,1
9,0,0,2,12,117,114,42,73,7,7,11,4,10,34,115,98,55,12,16,3,0,0,21,103,50,0,0,0,5,17,74,25,34,87,79,29,48,27,23,117,117,39,6,1,2,9,78,76,33,47,5,1,0,0,27,31,5,4,1,5,21,40,99,1,18,73,53,20,7,4,2,90,55,20,5,12,17,46,111,106,10,24,9,5,0,3,91,2,2,7,14,79,19,7,2,2,2,5,24,30,6,5,12,58,29,45,38,23,10,12,27,117,24,12,7,1,0,0,54,18,5,23,75,43,1,0,2
30,6,0,0,0,0,9,50,1,0,2,1,0,47,37,18,11,7,3,0,0,115,72,5,19,22,0,0,0,20,32,8,19,4,0,1,1,27,42,58,12,1,0,0,16,136,89,18,136,59,0,0,1,112,73,29,38,50,0,0,4,17,4,4,4,2,5,20,46,101,20,29,41,13,1,0,58,136,33,33,136,27,0,0,3,12,9,98,27,2,0,0,10,19,24,38,0,0,1,28,136,47,3,0,31,3,15,51,80,51,18,59,136,5,4,1,0,0,2,136,29,0,0,0,2,6,18,56
0,0,38,36,15,53,60,7,92,17,30,6,0,9,50,137,99,17,20,3,2,5,21,72,1,25,58,29,15,9,19,1,0,3,137,117,4,1,0,0,77,24,108,137,17,1,0,30,137,42,14,9,2,0,0,64,24,37,50,20,3,0,0,0,13,32,75,32,0,0,0,5,20,17,75,137,32,0,0,2,137,85,22,68,13,0,0,5,49,31,22,2,0,2,1,0,48,6,1,0,0,0,2,40,13,6,5,49,48,0,0,4,105,60,9,35,23,0,0,0,30,9,0,0,0,13,3,0
20,10,2,27,16,1,0,0,193,114,2,3,1,0,0,10,129,45,1,0,5,59,12,18,4,0,0,0,4,43,9,19,49,5,0,5,44,6,0,0,193,32,0,0,2,0,0,11,128,6,0,2,28,27,3,12,11,0,0,1,6,10,1,6,61,6,0,0,27,15,1,2,193,25,0,0,1,0,0,28,115,2,0,8,32,1,0,17,12,7,0,4,18,4,2,6,68,16,0,0,4,7,53,50,193,53,0,0,0,0,0,22,93,4,3,3,16,0,0,23,7,41,7,4,19,2,0,0
0,0,1,4,13,29,120,33,3,1,13,26,11,13,42,21,7,31,42,23,5,0,0,2,17,76,14,0,0,0,1,15,22,29,13,2,1,5,120,117,120,40,11,0,0,0,48,120,30,63,57,3,0,0,0,3,21,62,13,1,0,0,0,7,19,120,120,34,4,1,10,12,120,120,22,0,0,10,20,33,49,14,7,2,0,21,119,60,20,16,10,11,32,29,32,70,10,21,28,14,13,22,5,7,26,18,5,0,3,111,62,14,41,1,0,0,0,49,110,63,120,9,12,17,12,7,17,85
24,38,2,0,0,0,0,6,35,6,1,1,1,2,10,50,29,26,8,0,0,0,8,45,0,3,6,3,27,15,4,3,20,27,8,5,13,7,37,35,15,8,9,23,89,52,54,62,120,31,5,5,5,8,33,120,14,9,4,6,82,49,2,7,27,0,0,0,4,38,120,120,86,22,56,50,48,14,30,120,120,82,52,20,7,9,10,45,18,9,3,6,120,107,11,15,37,0,0,0,0,8,18,85,118,3,9,2,0,0,2,120,45,6,22,16,13,9,5,92,0,0,1,3,120,74,5,5
1,1,29,23,0,0,15,6,7,19,112,66,2,1,2,1,58,146,146,10,0,0,0,0,12,146,146,1,3,1,0,0,0,5,26,5,1,0,0,0,70,22,6,8,5,0,0,1,146,139,1,0,0,0,0,16,65,51,7,1,20,20,3,9,0,0,13,24,1,0,0,0,66,7,9,19,3,0,0,6,146,5,0,0,0,0,0,121,54,0,0,0,13,19,7,60,0,0,7,32,1,0,0,0,12,0,5,17,9,0,0,5,143,0,0,0,1,0,0,116,81,0,0,1,4,1,0,75
89,70,16,2,0,0,2,8,7,6,12,21,5,9,8,3,10,6,4,7,2,4,13,20,1,4,18,7,0,0,8,12,5,24,22,8,7,71,89,2,6,0,0,0,1,73,139,14,46,4,0,0,0,12,45,51,7,1,0,0,4,7,23,15,2,0,0,0,0,126,139,35,126,12,0,0,0,19,139,129,139,53,0,1,0,1,6,17,6,4,1,10,19,9,0,0,60,13,0,0,0,58,139,56,139,87,0,0,0,0,21,87,123,44,0,0,2,6,0,3,2,1,0,1,18,54,0,1
100,64,110,47,0,0,0,23,139,70,10,0,0,0,0,68,139,5,2,13,21,7,7,70,2,5,70,94,35,3,1,1,6,48,139,139,0,0,0,0,129,134,139,27,0,0,0,8,139,19,7,1,0,0,1,51,11,3,11,9,9,18,6,8,1,2,76,46,0,0,1,11,6,13,121,72,0,1,1,0,49,50,45,6,0,0,0,10,10,17,11,9,4,9,3,4,0,0,0,1,0,2,13,60,3,0,5,4,0,7,19,10,21,23,8,1,0,0,2,4,4,12,1,3,17,14,1,0
3,0,0,0,1,94,128,17,78,6,0,0,0,28,128,81,62,62,30,0,0,6,13,35,3,39,66,0,0,1,20,8,28,80,128,51,29,47,106,33,128,113,86,7,0,0,18,70,83,19,3,0,0,0,22,109,48,28,0,0,0,0,48,35,0,36,128,42,16,28,5,0,7,48,126,53,10,10,2,0,26,74,22,5,0,0,0,7,79,77,0,0,0,0,1,8,0,0,2,7,28,57,42,0,9,5,7,5,2,15,46,25,22,68,15,1,0,0,0,7,32,41,2,0,0,0,0,3
73,14,0,8,29,2,5,16,39,5,0,0,13,61,23,15,5,0,0,0,6,30,26,103,4,0,0,0,0,8,28,64,12,0,0,0,54,52,86,51,12,1,0,0,0,44,125,71,37,5,0,0,0,14,25,61,35,0,0,0,0,0,2,83,16,2,0,0,125,125,71,30,125,86,6,1,4,18,79,118,49,67,17,5,4,1,2,13,33,5,0,0,3,14,26,30,31,57,76,75,125,39,4,4,125,125,34,14,15,6,3,9,17,28,15,28,40,3,0,0,0,1,1,2,81,90,27,2
80,62,4,5,75,48,15,24,72,50,9,19,8,0,1,11,14,45,32,7,2,0,2,11,1,7,37,20,4,6,7,10,115,115,6,5,38,35,5,37,53,71,9,27,51,7,2,7,115,91,35,21,7,0,0,9,15,14,45,105,56,0,0,3,115,6,13,35,21,9,25,115,64,7,1,1,23,20,69,115,115,6,0,1,3,2,5,86,20,1,0,24,103,23,15,44,16,14,115,80,1,0,6,39,73,100,92,7,0,0,16,68,39,23,3,2,3,1,5,43,1,0,0,0,14,13,11,32
0,0,0,0,0,28,32,2,0,0,0,0,9,17,37,9,0,6,8,3,39,45,13,0,6,47,10,3,7,15,11,1,0,0,0,2,12,23,19,1,8,1,1,8,5,13,52,8,51,56,30,4,9,7,11,4,4,57,80,13,5,0,0,0,1,17,8,2,4,18,3,0,10,6,8,21,17,77,40,8,110,20,3,1,3,19,70,136,23,23,34,2,0,0,43,55,0,9,3,0,0,144,134,0,0,1,1,0,3,150,150,8,3,0,0,0,0,51,150,150,1,0,0,0,0,3,150,147
57,23,0,0,1,62,12,3,3,22,9,2,45,118,21,1,48,118,28,4,21,42,14,13,20,31,6,9,8,0,0,3,35,5,0,3,81,118,12,6,118,115,12,2,16,90,28,17,32,118,48,8,27,14,1,4,4,48,23,7,25,4,0,0,23,3,4,84,106,21,2,18,118,19,6,52,21,4,4,118,63,22,1,0,11,29,19,86,71,85,9,3,5,5,0,1,56,16,25,76,4,0,0,12,29,29,107,118,1,0,0,32,70,71,30,2,0,0,1,34,74,15,0,0,1,4,4,24
0,0,0,0,0,30,104,27,34,0,0,0,0,0,29,105,48,1,0,0,0,0,0,31,13,0,0,0,0,0,0,18,59,17,0,0,28,129,130,103,130,14,0,0,0,0,39,130,101,1,0,0,0,0,1,55,19,2,0,0,0,0,2,26,115,130,34,23,38,32,7,12,130,130,0,0,0,0,0,9,107,51,2,0,0,0,0,5,19,16,1,0,0,6,5,4,42,93,60,33,1,0,0,0,130,114,0,0,0,0,0,3,36,33,1,0,0,6,9,9,0,1,0,0,2,16,14,1
0,0,0,5,12,57,84,2,0,0,6,39,19,14,97,31,4,2,33,114,34,0,6,16,0,0,9,116,64,0,0,0,1,4,63,91,30,21,24,1,16,2,25,116,25,2,58,68,116,10,10,44,13,0,7,87,10,1,3,116,116,0,0,0,26,8,23,30,24,8,1,7,25,18,14,116,116,31,1,5,116,75,4,19,16,1,0,8,14,7,1,99,116,0,0,0,8,0,0,0,28,20,4,18,35,9,2,10,109,67,4,11,116,30,2,2,4,4,1,12,10,5,3,42,69,0,0,0
127,68,0,0,0,0,0,0,63,19,0,0,4,49,8,5,2,15,5,2,54,127,11,1,45,68,7,2,10,24,13,15,127,38,0,0,4,7,0,7,40,6,0,0,57,127,13,5,100,98,12,2,16,92,20,9,16,109,26,6,18,5,0,1,127,6,0,0,8,7,2,41,28,2,2,62,127,42,3,18,127,22,3,27,17,8,5,98,32,16,2,1,11,20,11,47,127,13,0,0,0,1,5,34,51,11,23,81,10,0,1,22,28,19,73,92,2,0,0,42,50,38,15,1,0,0,2,32
0,9,12,2,9,15,0,0,15,7,1,2,28,29,0,1,154,151,0,0,2,3,0,12,51,96,31,5,1,0,0,7,0,0,0,0,3,68,16,0,80,5,0,0,7,75,11,14,175,108,0,0,0,1,1,9,64,50,8,10,14,1,0,0,0,0,0,0,0,51,22,0,122,0,0,0,0,44,16,21,175,20,0,0,0,0,0,53,75,14,4,13,31,3,0,8,0,0,0,0,0,5,1,0,54,0,0,0,0,3,3,30,175,0,0,0,0,0,0,161,70,0,0,1,29,6,5,59
23,1,4,27,3,0,1,42,126,6,0,0,0,0,5,53,164,54,0,0,0,0,0,19,35,36,3,0,0,0,0,0,11,3,9,76,10,0,0,3,153,6,4,8,0,0,0,58,164,23,0,0,0,0,0,73,50,25,4,0,0,0,6,9,4,3,13,55,17,0,0,0,151,37,4,27,27,1,0,7,164,94,0,0,0,0,0,19,45,15,2,0,0,0,9,12,6,7,2,5,32,38,5,0,112,6,0,2,35,28,14,53,164,16,0,0,0,0,0,137,48,18,2,0,0,0,0,12
13,0,0,0,0,0,44,97,156,8,0,0,0,1,39,147,109,33,6,0,0,0,2,17,17,21,15,0,0,0,0,0,72,2,0,1,0,0,2,53,160,51,0,0,0,0,0,26,145,83,2,0,0,0,0,2,10,27,9,0,0,0,0,0,53,4,6,13,0,0,0,28,160,13,0,0,0,0,0,85,160,28,2,0,0,0,2,26,2,16,7,0,0,4,11,2,33,9,4,28,20,0,0,1,160,85,0,0,0,0,0,9,139,28,0,0,0,0,4,16,2,6,7,0,0,3,11,3
3,14,25,0,0,0,86,34,1,24,62,0,0,3,124,19,3,65,116,0,0,9,124,3,1,91,124,0,0,1,124,7,12,44,23,0,0,0,0,4,35,45,48,0,0,0,0,16,104,85,70,0,0,0,0,53,77,100,90,0,0,0,0,92,16,10,0,0,0,0,10,32,57,40,0,0,0,0,0,13,115,68,0,0,0,0,0,19,78,40,5,0,0,0,0,68,11,59,12,0,0,0,1,4,40,111,0,0,0,0,0,0,33,124,8,0,0,0,0,0,10,124,65,0,0,0,0,0
0,8,63,50,7,0,0,0,15,24,33,123,116,2,0,0,123,116,16,51,35,1,0,0,13,9,3,123,75,4,0,0,0,1,3,34,42,6,2,7,18,6,2,21,123,51,0,0,123,27,2,8,48,23,2,11,28,10,2,16,66,34,3,6,3,0,0,4,40,22,20,86,13,2,1,18,123,35,2,1,80,4,1,6,19,88,26,28,62,2,0,0,8,86,30,66,20,0,0,0,10,15,42,123,1,0,0,8,44,36,26,17,3,0,0,4,80,122,11,8,96,0,0,0,14,49,14,81
66,61,13,86,41,0,0,0,106,67,5,1,0,0,0,11,48,34,39,33,0,0,0,13,19,17,84,128,0,0,0,1,24,102,31,94,40,0,0,0,38,75,18,38,60,2,2,14,128,15,1,2,10,1,1,38,43,11,26,52,0,0,0,15,59,35,7,22,34,7,3,15,50,22,3,47,128,7,1,9,128,17,0,4,33,6,4,49,33,2,0,1,0,4,11,45,59,1,0,0,4,2,13,128,30,0,0,3,128,46,11,36,63,0,0,0,80,36,36,128,8,0,0,0,0,34,98,62
0,0,0,0,0,0,27,43,10,1,0,0,0,0,39,65,12,2,0,0,0,1,28,44,7,2,0,0,0,0,9,23,8,0,0,0,1,2,14,46,78,14,0,0,0,0,2,36,40,55,3,0,0,0,0,8,9,36,17,0,0,0,0,2,17,10,15,2,5,1,2,15,108,47,19,0,0,0,0,38,76,127,41,0,0,0,0,7,2,96,128,0,0,0,0,0,1,100,154,1,0,0,0,0,13,154,154,0,0,0,0,1,9,154,154,0,0,0,0,0,0,114,154,0,0,0,0,0
5,42,33,58,27,19,0,0,123,105,23,7,1,0,0,18,110,7,0,0,1,10,9,69,16,2,0,2,8,83,18,10,6,70,29,3,15,23,1,0,54,38,10,4,14,7,2,33,128,49,14,6,3,4,2,60,23,27,57,60,24,28,4,3,33,39,17,6,16,18,3,5,49,5,4,11,43,43,8,31,128,50,5,1,1,24,82,106,16,16,18,20,24,128,103,12,5,21,34,27,25,7,2,2,3,0,2,26,96,75,29,18,8,0,0,0,4,59,128,70,0,0,0,0,2,128,128,4
45,51,4,6,44,12,0,0,46,41,0,1,39,14,0,0,80,92,1,1,11,2,0,0,1,8,5,4,63,20,0,0,29,10,0,0,26,109,141,33,141,45,0,0,13,26,56,74,88,50,2,1,16,18,4,7,0,18,38,11,36,13,0,0,67,25,3,31,28,69,128,47,141,80,0,0,1,5,32,117,97,32,1,0,1,9,2,14,4,23,9,1,19,41,1,0,65,51,32,62,49,26,1,21,141,69,9,2,4,2,0,68,89,7,0,0,1,45,9,26,33,9,0,0,4,73,12,7
56,5,1,8,14,1,2,43,19,3,1,26,33,0,0,0,129,18,0,1,1,0,0,0,28,10,1,11,37,0,0,0,129,40,4,16,19,0,0,3,28,4,1,20,80,1,0,0,129,36,0,0,5,0,0,1,33,13,3,13,48,2,0,0,129,12,1,6,29,33,26,32,25,0,0,7,77,105,66,29,129,6,0,0,3,6,24,103,30,11,2,2,15,13,2,12,78,0,0,2,9,102,129,47,52,8,2,11,7,129,126,53,129,11,0,0,0,4,26,129,51,8,0,0,0,2,0,32
90,0,0,0,0,14,64,97,1,0,1,0,2,121,114,11,1,34,11,1,12,121,8,0,21,121,3,0,0,9,1,0,43,0,0,0,0,9,85,121,44,25,9,0,0,39,54,19,24,113,40,1,2,7,0,0,73,121,4,1,1,0,0,0,114,3,0,0,0,0,5,40,121,7,0,0,0,0,1,51,121,36,2,0,0,0,0,29,121,60,0,2,5,0,0,1,55,8,2,0,0,0,0,20,67,0,0,0,0,0,0,74,121,2,0,0,0,0,0,49,121,20,0,1,5,1,0,7
17,8,2,0,4,6,30,51,43,11,1,3,9,9,30,56,43,23,16,17,17,3,6,40,0,11,36,100,56,10,4,0,29,20,3,0,0,1,8,17,58,48,20,0,0,0,8,18,117,49,9,1,0,5,21,42,11,22,17,67,45,66,46,6,39,117,59,10,2,1,1,9,14,90,117,52,5,0,0,2,29,4,27,84,42,29,80,38,1,0,10,25,27,117,117,6,117,49,32,14,7,12,10,102,56,21,51,46,49,1,0,25,8,11,48,110,117,10,3,1,7,16,117,117,26,26,6,1
22,6,7,12,8,33,50,53,14,1,0,2,9,40,40,25,50,40,8,0,0,5,24,67,6,38,95,32,23,36,15,9,29,5,0,0,15,22,17,8,31,6,3,0,5,11,23,40,120,107,6,0,0,0,15,59,41,85,78,42,0,0,31,35,14,3,1,0,6,16,3,5,56,81,36,8,5,3,1,9,101,55,46,45,41,22,106,88,48,82,25,6,4,8,120,120,9,1,0,3,9,7,2,6,79,19,5,4,3,1,7,93,48,97,61,56,44,9,17,76,22,120,81,5,3,101,88,16
1,5,16,15,22,17,2,1,35,34,14,0,0,0,1,2,60,54,1,0,0,0,0,0,28,87,3,0,0,0,0,0,2,8,25,23,24,23,27,18,29,70,35,0,0,0,3,28,40,142,15,0,0,0,0,1,29,142,4,0,0,10,3,1,37,5,0,0,16,49,66,71,142,24,0,0,0,0,5,86,142,46,0,0,0,12,11,24,35,30,0,0,0,142,84,18,100,62,1,7,22,8,3,11,116,97,0,0,0,13,10,6,46,22,0,0,0,142,59,7,1,7,2,0,0,142,87,2
10,0,0,0,0,6,25,32,0,0,6,9,9,25,45,13,13,13,40,9,0,0,10,17,2,13,42,7,1,0,0,0,32,5,0,6,22,26,23,25,24,3,0,27,125,72,101,67,152,24,7,5,11,4,40,149,26,12,17,21,60,7,6,3,99,30,0,6,38,22,2,4,77,31,2,38,152,31,4,9,152,98,0,5,33,3,2,27,36,12,9,19,80,4,0,1,50,52,1,1,50,16,0,0,98,16,0,1,152,51,0,0,152,43,0,0,9,3,0,5,12,11,8,4,10,5,1,1
1,1,0,6,134,11,1,0,134,42,0,1,134,11,0,0,107,36,0,0,27,61,3,3,20,30,0,0,31,77,2,0,13,3,0,2,134,71,0,1,134,45,0,1,129,45,1,13,77,31,1,2,110,48,1,3,48,73,1,1,28,19,0,0,15,1,11,75,134,32,2,5,134,43,54,62,70,14,1,40,56,31,14,17,75,19,1,16,30,39,3,2,7,3,5,2,1,0,10,34,28,15,23,5,12,36,76,36,5,0,3,3,5,18,31,34,12,0,0,0,0,4,6,11,9,8,3,0
8,16,59,66,23,41,6,4,3,22,33,15,9,58,38,2,0,1,0,5,9,79,111,1,0,0,0,2,3,66,120,0,24,0,0,1,120,90,10,14,84,17,15,28,44,56,31,16,8,6,54,120,39,53,30,0,0,0,60,120,52,50,62,0,34,0,0,6,120,18,1,20,120,7,3,9,66,2,0,14,33,2,19,72,86,8,0,5,0,0,26,114,120,8,0,0,52,1,1,40,76,1,0,37,115,7,1,25,38,0,0,11,25,0,5,26,17,9,5,8,0,0,9,76,66,3,0,0
84,118,46,40,9,0,0,11,88,118,17,0,0,0,0,18,46,39,8,4,1,3,0,10,2,5,7,6,5,32,7,1,93,23,66,118,1,0,0,24,118,66,19,5,0,6,3,37,21,52,9,0,5,118,12,2,19,49,0,0,3,109,18,1,8,8,57,118,3,0,0,0,81,26,54,50,7,33,18,18,7,90,33,5,5,118,25,5,12,118,24,1,9,36,4,0,3,0,6,12,0,3,23,19,36,18,76,45,4,3,10,34,3,101,118,14,10,24,0,0,0,40,19,1,33,118,0,0
9,86,66,9,4,4,0,0,49,110,3,0,0,13,33,12,53,17,10,12,0,8,40,52,58,94,23,6,0,0,0,4,1,20,46,18,44,45,10,0,12,11,9,9,11,120,119,17,120,18,3,0,0,19,64,99,120,19,0,0,0,0,0,23,0,1,35,118,52,20,1,0,6,36,117,103,23,33,12,2,120,120,41,2,0,2,6,22,120,9,0,0,0,0,15,60,6,0,16,58,25,0,1,14,4,29,26,79,34,0,1,1,27,74,8,2,5,20,19,9,17,3,4,2,4,20,82,78
0,0,0,0,15,120,52,2,5,0,0,0,0,78,120,51,62,0,0,0,0,1,27,109,33,7,1,0,0,0,0,9,0,0,0,48,120,82,14,0,21,5,3,31,22,29,68,70,120,14,1,0,0,0,10,120,82,4,0,0,0,0,2,24,0,0,0,104,120,0,0,0,27,41,32,110,30,2,2,5,120,106,10,2,0,0,1,37,64,16,0,0,0,0,4,36,0,0,17,110,27,0,0,0,10,8,95,110,5,0,0,1,51,20,66,14,0,0,3,63,26,10,12,0,0,0,5,85
1,1,1,1,6,58,27,11,20,0,0,0,0,12,59,128,13,0,0,0,0,11,45,62,28,0,0,0,1,0,4,62,8,1,0,71,72,93,16,4,128,21,0,4,5,22,27,62,54,4,0,0,8,36,22,46,43,0,0,0,0,7,17,112,6,5,14,128,73,3,0,0,117,28,37,83,11,10,12,22,17,1,0,2,12,92,83,27,4,0,0,0,0,12,128,104,0,0,6,97,106,37,4,4,2,3,35,128,34,9,7,3,0,0,5,108,84,46,22,1,1,9,20,14,10,16,86,13
34,13,0,0,4,28,100,56,127,16,0,0,0,0,17,115,53,6,0,0,2,13,35,48,40,11,5,12,15,1,0,2,66,127,5,9,20,12,18,17,96,92,0,0,0,12,30,42,127,18,0,0,0,0,12,43,57,6,0,2,27,10,1,3,38,52,8,24,27,20,72,32,83,10,0,0,0,17,93,87,127,27,0,0,0,3,25,51,19,6,0,7,17,6,63,27,0,0,1,17,123,71,52,18,40,0,1,1,1,10,64,127,55,0,0,0,1,17,63,127,18,15,1,1,3,21,82,51
9,0,0,0,18,130,65,33,81,17,2,0,0,3,22,114,32,74,11,0,0,0,12,37,25,89,9,0,0,0,0,7,59,1,2,34,61,44,19,28,130,57,0,0,0,0,3,51,99,130,10,0,0,0,5,35,11,81,21,0,0,4,1,17,46,38,46,58,27,2,2,9,130,116,29,5,1,0,2,37,93,18,8,2,1,5,44,111,52,4,1,0,11,13,7,90,92,87,53,6,0,0,0,1,30,126,72,4,0,0,0,0,30,66,51,3,0,1,2,7,37,27,16,1,17,15,3,19
11,6,0,1,85,115,2,0,29,0,0,4,40,115,56,45,120,35,0,0,0,0,12,72,29,98,6,0,0,0,3,9,7,2,0,11,100,120,24,10,65,9,11,64,60,21,6,24,120,45,4,2,0,0,4,64,59,36,2,0,0,1,23,79,42,9,10,19,55,76,20,19,97,88,73,31,7,2,2,11,94,120,61,4,0,0,2,12,39,43,30,2,1,3,13,35,12,16,120,69,19,0,0,0,111,69,60,12,0,0,0,7,48,39,27,5,0,0,0,21,26,27,13,0,0,1,2,10
24,10,7,123,111,0,0,4,123,123,15,104,34,0,7,61,59,57,5,0,1,56,43,45,0,10,41,4,6,70,13,0,47,2,1,100,41,0,0,19,61,7,6,123,106,0,5,103,123,49,11,10,4,8,27,121,19,36,63,2,1,31,17,2,45,26,8,13,9,0,0,3,13,38,52,123,76,0,0,3,109,123,45,28,15,7,5,9,10,3,1,2,21,39,23,2,29,10,7,10,0,0,0,9,5,12,22,29,4,3,2,7,5,22,17,4,21,33,8,6,4,3,4,4,41,29,1,2
15,44,45,2,0,0,0,1,9,34,14,3,2,7,15,5,7,28,26,7,7,8,32,10,22,3,3,6,15,3,1,4,1,7,56,9,7,20,44,28,12,7,15,10,67,149,69,11,121,12,0,0,7,46,104,91,27,1,0,0,8,15,10,24,1,14,73,14,9,18,42,26,50,2,18,77,149,89,14,7,149,28,0,5,47,17,5,20,19,3,0,0,20,57,12,4,1,8,37,6,8,109,75,3,69,1,9,21,118,149,63,20,149,5,0,0,33,35,8,31,14,4,0,0,55,44,0,1
13,0,1,0,0,1,74,128,28,2,0,0,4,22,75,128,63,32,1,1,3,8,22,36,27,10,1,13,11,4,12,17,25,26,62,17,2,1,26,56,128,69,7,0,0,0,12,100,78,37,4,0,0,0,8,41,9,3,0,0,2,10,32,26,13,17,22,25,43,13,39,66,102,47,4,0,0,0,18,128,34,25,13,0,0,3,70,103,1,3,30,7,2,30,108,3,6,45,57,80,17,2,3,9,45,128,41,1,0,0,1,25,18,128,128,0,0,1,6,9,0,36,128,16,1,4,9,1
123,123,7,18,1,3,9,45,33,44,5,1,4,88,27,14,0,15,41,5,15,106,8,0,0,12,101,19,9,31,19,0,89,7,6,123,24,1,21,123,109,37,11,2,1,26,48,123,20,72,93,2,2,32,10,2,0,15,68,8,6,80,16,0,21,22,24,123,72,0,0,24,123,109,23,24,6,4,5,49,31,9,1,1,13,63,33,7,0,0,1,10,47,85,12,0,2,22,42,55,8,0,0,1,14,82,38,12,22,12,2,2,2,5,6,5,36,14,2,1,0,0,1,7,59,43,9,2
65,10,0,0,43,64,22,9,117,53,10,8,5,7,2,10,1,4,8,32,45,48,8,0,0,0,0,15,55,85,18,0,113,26,26,9,13,31,19,29,117,23,8,19,10,10,3,37,8,9,32,113,65,75,15,2,1,9,31,96,112,58,8,1,26,108,117,12,2,0,0,0,117,86,41,11,0,0,0,12,27,14,49,116,18,19,0,2,0,4,41,96,117,48,0,0,30,77,51,10,3,5,2,4,29,61,30,11,9,8,0,0,4,10,0,3,58,80,0,0,0,0,11,16,79,81,1,0
2,1,5,11,64,51,25,15,21,4,19,22,7,14,51,49,23,4,4,8,17,22,94,50,1,0,1,5,16,60,99,9,9,2,0,71,122,33,22,16,122,43,6,24,33,13,41,65,35,18,12,122,81,13,20,4,14,12,24,33,19,12,31,11,24,7,8,122,122,0,0,10,122,31,25,82,28,0,0,43,91,8,17,122,22,0,0,35,1,18,73,85,12,0,0,0,13,6,7,70,19,2,15,41,44,5,20,122,10,0,1,27,61,1,2,32,17,21,70,80,2,2,12,32,18,12,67,31
7,38,12,0,0,4,59,35,68,55,13,12,7,3,13,56,29,59,26,52,35,7,1,2,27,109,25,37,118,18,0,0,7,118,69,2,1,11,11,4,20,78,42,3,17,74,16,4,117,63,1,2,5,19,13,13,44,42,4,22,118,54,3,4,10,40,12,0,0,46,98,8,28,25,21,0,5,92,48,8,109,22,4,2,9,14,50,57,11,3,12,46,84,28,73,52,0,50,118,0,0,5,20,1,4,72,118,9,4,3,4,0,5,22,33,33,118,23,16,7,1,0,0,1,29,21,59,94
0,28,58,15,6,4,2,0,15,11,20,36,96,14,2,6,133,53,2,5,15,8,4,42,45,8,1,23,21,49,42,11,0,1,12,20,29,12,3,0,29,19,5,52,131,2,0,0,133,88,5,13,16,1,0,15,46,13,4,63,105,37,4,5,3,0,0,0,11,29,29,17,25,2,0,5,94,40,9,13,133,3,0,2,14,4,4,87,53,0,0,30,133,39,1,24,1,0,0,0,2,37,101,38,2,0,0,0,11,124,64,34,80,0,0,0,1,11,28,133,50,0,0,56,77,2,1,111
1,5,17,15,4,13,49,9,135,96,10,3,0,1,46,54,135,54,6,5,22,30,1,12,0,2,6,10,66,36,0,0,22,8,15,7,0,3,45,26,135,125,8,2,0,5,9,39,101,39,0,0,34,118,21,11,13,7,4,0,25,46,11,13,58,42,7,9,14,21,68,42,135,67,0,1,7,21,17,84,48,17,6,7,29,135,57,35,54,14,3,2,6,12,17,49,41,122,44,29,6,1,1,2,98,114,0,2,8,5,6,5,24,58,20,14,21,10,5,2,15,34,16,11,6,6,6,9
0,2,7,1,0,80,83,0,19,0,8,5,1,20,113,89,125,0,0,0,0,0,10,134,15,0,0,0,0,21,28,30,0,47,59,14,8,24,10,0,35,7,26,40,84,16,10,35,134,18,1,3,7,9,7,134,37,4,1,25,24,85,46,21,0,16,35,35,19,0,0,0,36,22,9,96,120,3,0,2,134,76,7,15,9,1,0,27,55,14,8,90,81,20,3,9,0,0,1,7,21,17,6,2,16,2,1,33,88,3,1,3,134,4,0,6,11,1,0,73,55,0,0,15,101,13,0,37
5,0,2,1,0,6,112,39,132,1,0,0,0,0,17,96,76,1,0,0,0,0,1,38,5,8,2,0,4,5,11,11,27,2,22,26,34,18,28,26,132,4,0,1,2,4,8,83,79,0,0,0,0,20,49,37,0,0,0,0,0,33,109,24,40,43,7,22,110,19,1,3,132,132,5,11,12,10,6,12,29,9,2,36,53,74,113,6,2,0,1,7,6,64,132,29,67,30,2,10,57,5,0,0,132,64,3,9,21,13,0,3,8,4,5,50,126,66,8,2,9,4,38,47,17,18,27,14
0,0,0,0,9,54,37,10,8,8,4,3,20,92,37,12,44,6,1,0,0,4,13,68,108,2,1,0,0,0,0,112,16,3,3,10,22,76,86,29,54,26,9,4,11,11,17,29,21,16,4,1,21,13,7,26,121,9,0,0,0,2,4,94,19,27,121,107,17,9,3,6,65,85,121,12,3,0,0,9,23,14,114,63,37,10,0,5,121,68,37,6,2,1,0,9,5,19,96,36,2,6,15,14,16,79,121,11,0,0,12,57,1,11,121,63,0,0,12,15,18,59,121,19,9,3,3,2
1,0,0,0,0,59,124,2,0,0,0,2,3,81,124,11,12,3,1,2,1,7,124,89,103,21,6,5,0,0,34,83,2,0,0,11,29,44,46,10,9,2,13,15,5,20,23,22,65,72,38,21,1,4,32,15,124,124,2,0,4,9,4,15,4,3,16,97,53,10,4,5,12,4,7,9,19,29,70,30,124,33,4,1,0,1,49,68,124,48,0,0,6,57,21,32,0,0,1,41,69,17,1,0,10,31,29,63,72,30,25,9,124,124,10,1,0,1,13,29,72,29,3,6,23,39,15,18
0,0,18,54,2,0,0,0,25,28,14,29,4,0,0,0,167,167,65,7,0,1,0,1,21,102,167,4,3,18,4,4,0,0,1,47,26,4,0,0,96,18,2,28,27,0,0,0,167,48,0,0,0,4,3,25,37,4,0,0,6,39,9,14,0,0,0,2,22,33,12,0,107,2,0,1,36,11,0,3,167,2,0,0,2,0,0,27,38,0,0,3,15,3,0,7,0,0,0,0,1,22,127,3,87,5,0,0,4,11,66,44,167,11,0,0,0,0,0,32,38,8,3,3,7,0,0,11
10,3,0,1,3,1,0,2,36,23,5,6,0,0,0,0,1,5,5,27,15,9,3,0,0,0,0,0,7,37,69,7,49,23,8,19,9,1,1,3,122,91,15,20,16,4,3,19,18,19,17,85,122,47,6,5,0,1,8,122,122,81,90,25,33,7,4,38,34,0,0,11,114,8,3,5,12,28,72,122,15,4,3,7,98,122,80,36,11,15,13,95,122,122,18,10,16,15,4,9,18,23,7,5,10,22,22,32,41,18,23,13,1,0,1,10,46,72,45,11,29,67,22,20,61,122,18,5
81,73,10,4,20,38,25,34,57,50,31,5,0,1,4,23,20,9,21,15,18,29,19,30,18,13,2,9,11,4,1,24,125,125,17,14,16,11,11,51,109,125,79,39,11,2,2,8,12,23,70,125,114,2,2,7,13,0,0,11,38,9,8,49,125,47,51,14,3,4,30,125,125,32,5,6,14,11,17,122,18,3,3,32,125,48,17,35,5,1,1,6,67,9,6,11,32,78,125,10,0,0,0,10,27,27,8,0,0,2,4,34,0,0,0,0,26,13,6,13,1,0,0,0,9,0,0,0
0,0,1,4,4,1,2,8,3,0,10,49,0,0,1,7,2,1,28,152,6,0,0,0,0,0,2,101,35,1,4,0,14,1,3,2,0,0,0,33,16,4,8,2,0,0,0,5,32,7,10,57,36,14,1,5,0,0,0,84,152,75,6,0,50,23,1,0,0,0,0,13,13,30,28,2,2,0,0,0,10,7,12,5,97,151,2,3,0,0,0,0,152,152,9,0,30,45,0,0,0,0,0,0,18,37,6,2,14,7,0,0,0,3,4,5,152,141,0,0,0,0,0,0,152,152,1,0
161,0,0,0,0,0,0,161,44,1,0,5,30,14,3,27,0,0,0,14,68,9,0,0,0,0,4,30,33,7,1,0,161,29,0,0,0,0,0,111,109,8,0,4,9,29,11,39,0,0,0,12,17,25,6,0,0,0,20,42,6,2,3,0,161,95,0,0,0,0,0,51,95,13,2,22,11,3,19,63,0,0,2,24,11,5,14,1,0,0,8,3,0,1,5,1,64,51,3,0,0,0,5,80,11,0,0,0,1,1,113,161,0,0,0,3,2,2,156,47,0,0,3,0,0,0,93,21
126,126,24,4,0,0,1,25,40,18,13,9,1,3,6,15,68,19,0,0,0,0,0,9,39,6,0,0,0,7,3,7,46,126,58,26,29,7,0,0,13,10,21,43,77,14,4,16,98,37,2,1,4,1,3,41,30,40,12,16,47,13,3,3,41,42,3,5,98,126,24,6,48,13,4,11,62,83,59,48,126,41,7,5,5,2,4,32,43,25,6,10,66,31,14,24,42,28,2,2,126,126,13,15,126,126,18,10,34,35,18,31,37,99,58,14,1,0,2,13,7,14,48,46,12,12,10,17
22,24,7,0,3,108,40,15,11,119,77,1,4,21,4,5,17,119,94,0,0,0,3,4,11,119,61,0,0,0,0,0,119,21,0,0,0,6,38,119,52,34,6,0,0,0,74,112,119,48,3,0,0,0,25,40,60,51,4,0,0,1,25,21,94,119,77,6,0,0,2,49,114,60,5,0,0,0,13,51,119,25,0,0,0,0,5,52,37,2,0,0,0,1,28,83,4,19,43,13,8,10,13,6,62,86,6,0,0,0,1,6,86,37,0,0,0,0,3,14,8,4,2,9,30,19,42,35
6,1,0,0,0,0,0,0,149,94,0,0,0,0,0,0,139,98,0,0,8,43,3,3,9,11,1,0,16,89,27,9,26,1,0,0,0,0,0,5,149,59,0,0,1,5,1,13,121,26,0,0,31,149,18,10,46,96,18,3,17,62,9,8,50,1,0,0,0,0,0,13,149,9,0,0,6,5,1,55,95,7,14,55,77,47,4,34,109,32,12,14,4,6,5,73,42,3,0,0,0,0,0,1,149,14,0,0,0,0,0,20,58,17,46,41,2,0,0,16,26,33,65,20,0,0,0,13
27,5,10,39,125,125,36,9,119,32,7,4,13,11,8,31,39,34,74,10,0,4,13,22,31,6,21,15,0,0,18,116,76,24,3,18,24,108,22,7,125,17,0,0,0,1,0,49,125,22,21,13,0,0,0,45,26,6,30,80,0,0,0,14,44,27,10,45,19,0,0,2,125,56,0,0,0,0,0,9,125,61,0,0,0,0,0,12,46,16,10,28,13,13,1,3,9,8,110,107,2,0,0,2,89,99,72,6,0,0,0,6,79,106,6,0,0,0,0,0,16,18,0,1,47,62,6,0
34,3,0,0,24,58,3,12,104,2,0,0,53,120,14,22,120,1,0,0,0,12,14,39,3,3,0,0,3,28,22,6,44,0,0,0,86,120,7,31,120,22,0,0,68,120,11,17,113,5,0,0,0,36,73,31,33,10,0,0,0,41,62,10,60,1,0,0,112,120,4,13,120,14,0,0,30,41,38,46,39,1,0,0,0,32,110,46,120,12,0,0,0,7,16,21,33,1,0,0,52,89,3,7,46,1,0,0,4,4,31,43,28,0,0,0,0,0,26,87,82,0,0,0,0,3,5,71
111,41,0,0,0,23,29,15,48,26,0,0,0,183,54,9,70,55,0,0,0,104,9,19,56,31,0,0,0,0,37,66,64,12,8,28,0,19,56,37,40,22,0,0,0,54,36,10,41,18,0,0,0,3,7,45,67,1,0,0,0,0,7,72,10,5,79,183,0,0,5,7,42,11,25,54,1,1,6,12,26,1,0,0,0,3,22,27,111,2,0,0,0,0,0,34,0,0,60,183,0,0,0,0,0,1,48,183,4,1,1,0,21,44,23,63,2,2,3,3,45,47,11,0,0,0,0,6
27,18,5,28,123,90,35,8,123,79,0,0,3,2,23,60,85,59,5,6,5,4,35,63,0,2,10,36,21,8,14,7,29,79,17,2,9,33,22,4,90,29,12,13,2,0,45,123,109,22,1,0,0,2,87,123,27,33,32,7,3,4,28,36,41,86,14,6,0,0,0,0,31,31,31,70,7,0,4,9,123,57,5,5,0,0,2,58,123,53,53,23,5,6,3,58,26,75,7,3,2,0,0,0,18,17,7,35,42,0,0,0,123,49,1,4,4,0,0,40,108,60,5,2,2,6,5,68
2,20,90,7,0,0,0,6,7,24,78,23,2,13,39,27,34,122,94,4,1,24,22,11,65,112,74,1,0,0,6,67,0,27,91,16,14,1,0,0,35,22,34,31,51,6,0,9,122,122,27,1,2,1,0,62,68,66,64,7,7,7,5,29,0,11,21,9,31,50,0,0,17,122,55,11,35,10,0,1,93,122,91,11,1,0,0,21,59,14,13,10,7,8,8,43,0,46,89,2,5,15,0,0,67,122,61,0,0,0,0,0,54,122,57,44,26,5,8,4,7,2,12,59,30,7,1,3
56,24,3,10,4,0,9,105,94,51,7,0,0,1,18,137,10,11,17,11,8,5,20,43,2,1,4,16,34,6,4,9,103,85,8,20,11,0,0,5,137,137,35,10,0,0,0,19,23,41,102,106,10,5,1,8,0,1,66,81,24,5,2,1,89,83,4,2,10,0,0,5,137,102,8,3,1,5,6,66,53,15,23,39,17,41,21,31,29,12,66,51,1,1,1,7,16,137,25,0,1,0,0,0,26,137,65,1,0,0,0,1,13,24,50,39,2,2,1,3,44,7,11,14,1,0,0,8
41,1,0,4,14,2,6,91,24,4,1,23,31,0,0,1,130,22,1,2,1,0,0,0,17,8,2,23,45,0,0,0,130,28,2,7,6,0,0,26,37,10,2,25,53,0,0,0,130,33,0,2,5,0,0,0,24,11,7,22,48,0,0,0,130,13,1,3,10,19,21,63,32,3,0,7,55,101,65,35,130,7,0,0,3,6,20,104,25,11,8,7,12,3,1,11,97,0,0,0,0,50,91,119,36,0,0,7,6,130,126,64,130,0,0,0,0,3,20,130,53,4,0,0,3,7,1,33
41,23,2,8,74,18,0,0,188,90,0,0,0,0,0,2,188,52,8,3,0,0,0,1,0,2,13,18,13,2,0,0,82,20,1,2,18,11,0,1,188,77,0,0,0,0,0,8,188,44,5,2,0,0,0,10,1,2,6,21,42,1,0,1,54,1,0,0,1,0,0,2,188,7,0,0,0,0,0,27,184,2,0,0,0,0,2,54,2,0,0,1,52,11,3,11,0,0,0,0,0,0,0,0,23,1,0,0,0,0,0,0,28,1,0,0,0,0,0,7,4,0,0,0,36,2,0,3
0,0,0,11,23,0,0,0,2,6,2,0,0,0,0,0,0,1,2,2,0,0,0,0,0,0,0,0,0,0,0,0,19,3,0,43,130,3,0,4,122,117,40,13,4,2,0,9,10,41,100,90,13,20,4,1,3,16,13,3,1,22,37,1,30,0,0,90,130,4,1,13,130,21,4,9,26,19,4,79,45,11,15,23,91,130,22,16,15,9,11,63,28,66,53,2,12,0,0,130,130,0,0,5,130,0,0,52,64,7,1,84,76,6,1,10,119,26,1,18,58,8,5,51,33,1,0,2
40,42,43,12,3,18,72,14,9,26,84,5,0,6,96,67,4,10,79,57,4,5,14,31,1,37,43,16,2,2,4,1,20,6,11,130,118,60,91,24,130,16,7,11,2,9,73,110,76,3,1,0,0,4,13,37,1,8,10,1,0,2,5,3,8,8,47,130,59,2,1,3,130,78,96,110,3,0,0,3,75,74,17,0,0,0,0,4,2,67,36,8,2,4,0,0,2,0,5,59,21,29,53,20,2,22,45,61,21,52,30,5,36,70,27,3,0,14,53,86,15,32,23,51,23,10,3,22
2,2,14,59,72,66,35,4,43,45,15,18,5,8,23,18,56,66,5,3,5,6,1,11,2,0,0,2,7,5,4,2,32,6,11,16,30,118,118,61,118,43,1,0,2,4,30,66,56,28,1,0,32,78,25,5,0,0,0,0,5,33,102,20,35,43,87,75,21,21,26,27,118,84,19,0,3,2,11,54,32,3,6,12,118,60,24,21,13,54,36,13,44,34,78,30,22,22,6,3,1,10,80,102,44,59,3,0,0,0,44,104,22,78,41,14,27,8,23,25,5,118,118,13,10,1,2,5
0,0,0,0,3,12,23,4,6,0,1,2,10,53,57,22,64,19,32,13,1,5,17,48,4,6,25,72,26,4,0,0,5,1,5,20,46,30,1,7,31,5,6,25,68,128,21,31,128,21,6,4,4,17,15,95,40,4,7,20,128,52,0,2,7,0,5,41,30,6,44,92,24,23,72,128,46,28,20,13,128,69,27,16,5,21,18,34,27,1,0,3,128,122,21,7,29,17,2,3,8,20,101,115,26,3,3,8,7,71,64,69,75,2,1,1,9,47,28,82,2,0,0,3,68,74,17,4
12,1,3,13,55,114,6,6,83,44,0,0,27,106,2,1,90,83,8,7,4,1,0,3,10,53,36,16,13,1,0,1,19,4,1,32,116,70,4,28,116,40,1,7,17,22,1,8,96,15,3,0,0,0,32,54,67,30,10,1,0,0,22,42,35,17,16,116,81,1,1,24,110,21,12,80,15,0,0,16,65,23,0,0,0,0,15,30,116,89,0,0,0,4,8,13,20,12,12,116,101,5,7,41,33,12,11,116,47,0,1,17,95,59,1,6,0,1,0,5,68,53,0,0,0,102,17,4
3,1,1,9,12,8,14,21,6,3,5,15,22,24,12,14,83,65,4,4,0,0,2,11,20,21,1,8,32,0,0,0,59,0,0,1,19,23,24,100,39,1,0,1,71,68,17,42,143,28,0,2,3,3,4,59,23,9,1,21,46,0,0,0,120,0,0,15,52,19,9,143,90,13,0,13,122,10,1,27,143,56,0,3,7,0,0,7,21,7,0,21,42,0,0,0,143,10,1,7,54,59,16,143,143,4,0,1,57,26,3,51,143,22,0,1,4,1,0,5,11,3,0,12,43,1,0,0
2,0,0,0,1,12,143,73,46,15,15,1,0,0,29,127,17,8,56,10,0,0,0,26,2,7,60,17,6,0,0,2,56,38,23,17,7,28,143,91,143,40,2,0,0,0,24,143,80,30,3,0,1,1,2,23,5,6,5,9,5,1,8,10,22,95,143,77,4,2,2,2,143,143,69,1,0,0,3,18,69,10,1,0,3,19,54,30,0,0,0,0,0,13,57,26,0,5,92,41,4,0,0,0,8,28,42,20,13,8,4,3,5,1,0,4,20,35,71,28,5,0,0,0,2,15,39,44
51,28,16,0,0,0,12,99,5,10,24,5,1,27,80,25,37,14,42,9,4,7,36,57,32,5,7,21,6,8,26,88,19,30,36,57,17,24,21,26,37,2,0,1,6,134,73,25,137,22,1,8,21,21,25,55,24,8,1,12,79,23,30,33,0,0,2,137,50,13,6,0,44,34,51,125,28,39,9,3,137,35,10,2,17,29,17,52,58,41,0,1,69,61,9,10,0,0,4,127,15,2,27,22,2,7,73,137,15,0,2,3,24,17,25,79,25,14,37,38,88,82,3,0,2,19,21,13
4,9,17,3,1,19,62,19,28,12,44,11,2,8,46,56,47,9,11,12,6,7,22,103,5,4,35,73,19,56,42,48,13,1,0,0,4,108,61,17,126,20,1,5,8,29,34,64,46,11,1,19,101,25,28,36,42,26,15,18,19,35,46,46,20,21,31,95,27,40,10,2,126,43,12,2,7,19,11,42,65,25,0,3,104,86,12,20,126,126,11,3,11,5,1,4,1,7,63,126,9,0,1,1,29,16,26,70,25,12,34,39,86,79,2,1,6,35,34,22,103,81,0,0,0,27,31,6
2,0,0,0,3,19,45,37,65,76,3,1,14,21,8,5,35,90,6,3,34,57,6,1,3,2,1,8,28,34,63,22,35,4,2,2,1,10,92,64,128,26,0,0,16,12,13,51,41,10,0,0,107,128,28,16,21,6,4,16,13,33,35,62,46,62,41,39,8,3,9,9,128,118,3,2,46,10,0,20,39,33,4,21,128,80,9,11,78,101,8,15,34,14,12,33,42,19,23,38,11,4,38,14,99,48,3,12,32,1,11,76,32,31,9,91,125,1,0,6,81,67,8,36,31,0,0,2
13,1,7,16,93,16,9,60,56,0,5,47,22,10,6,116,4,3,12,76,121,45,11,8,11,2,3,3,17,17,50,54,35,4,3,12,126,70,11,41,126,11,3,14,50,18,5,84,26,1,3,90,126,57,1,4,3,17,31,31,35,29,32,15,16,19,51,63,44,13,5,9,126,98,33,22,24,1,0,6,35,11,10,98,126,5,0,0,1,38,88,54,22,0,0,0,15,14,43,19,16,5,8,13,85,58,16,2,22,18,2,9,19,9,1,3,118,72,2,3,29,24,13,4,7,3,0,2
35,19,21,6,2,1,15,68,1,4,57,34,22,36,74,52,1,9,40,39,68,111,12,1,0,9,99,45,76,52,0,0,54,4,4,14,13,11,30,73,24,1,1,36,57,20,65,27,121,45,80,29,14,9,15,22,13,46,127,29,2,0,0,1,127,6,1,5,12,13,8,112,66,2,0,23,113,26,9,34,127,17,2,1,11,10,4,11,49,22,18,0,0,52,54,45,34,26,49,28,3,3,10,27,59,10,8,11,17,32,45,27,127,19,1,0,6,39,15,17,23,124,13,1,13,84,22,12
7,2,10,9,7,26,56,25,122,0,0,1,3,3,18,122,22,0,0,0,1,50,78,33,0,0,0,16,49,52,77,3,13,11,24,49,52,2,0,3,122,55,4,19,27,6,4,33,30,8,6,38,88,81,47,8,30,7,16,10,9,33,70,30,10,2,1,15,48,25,15,4,122,15,1,9,32,10,4,73,31,1,3,38,122,54,21,22,31,4,12,13,31,30,82,47,1,0,0,0,4,64,89,15,59,1,0,1,4,28,37,122,44,0,0,95,122,7,4,100,99,12,12,85,63,8,11,28
12,28,51,10,9,92,30,10,3,9,112,61,13,66,93,5,56,55,38,14,4,9,70,46,49,13,6,2,6,13,40,33,83,48,56,5,9,56,28,19,8,5,80,36,26,112,68,7,98,61,45,16,7,20,32,23,42,38,50,20,18,21,14,11,14,17,5,6,69,69,13,3,32,8,2,4,79,109,38,28,112,23,3,1,5,22,26,82,12,5,3,7,56,112,57,18,3,16,13,35,112,47,3,2,46,15,23,25,69,57,22,40,86,6,2,5,6,6,7,85,13,12,35,62,64,35,6,8
7,6,12,12,15,31,48,47,56,12,8,4,4,7,46,111,42,8,10,35,23,5,13,60,16,22,97,111,42,14,14,2,3,20,111,47,7,5,4,2,42,35,79,54,6,2,8,47,111,16,5,7,9,26,14,86,67,5,3,11,58,111,12,26,63,23,33,10,1,6,35,84,30,29,97,111,19,8,4,18,58,29,26,62,41,73,13,10,90,71,8,14,28,111,17,13,111,53,14,34,3,1,9,60,42,19,15,36,27,34,16,30,12,17,21,54,33,23,4,18,30,111,36,25,18,10,0,0
0,0,1,24,22,18,108,59,7,13,55,78,16,12,35,19,50,73,39,9,0,0,0,4,38,62,24,3,0,0,0,4,16,20,30,46,38,15,109,81,109,51,11,1,0,2,57,109,42,82,20,0,0,1,14,22,57,36,1,0,0,3,6,26,7,38,91,109,26,19,10,3,92,72,24,1,0,36,78,30,57,7,0,0,0,12,109,109,76,38,2,0,2,17,14,49,0,1,2,6,14,67,76,4,13,7,1,0,5,86,67,16,107,5,0,0,0,7,21,109,102,14,0,0,17,36,5,69
2,0,0,0,0,0,0,6,63,2,3,0,0,0,9,156,14,8,14,4,1,26,28,38,0,15,16,1,1,16,14,2,38,16,1,0,0,0,0,5,156,134,3,0,0,0,2,108,83,85,52,8,2,5,9,30,0,28,24,8,28,68,2,0,32,16,13,43,7,0,0,0,156,54,10,17,2,0,0,95,139,13,9,11,9,2,4,92,0,0,21,70,48,29,7,3,6,4,2,95,62,0,0,0,156,25,3,34,23,0,1,22,114,0,0,0,0,7,42,89,0,0,4,8,5,51,61,10
72,8,3,0,0,0,22,161,59,19,11,2,5,3,37,160,29,47,15,1,2,1,2,22,2,5,15,8,2,1,5,7,63,6,19,17,0,0,3,84,161,19,0,0,0,0,7,113,112,58,10,0,0,1,0,5,0,4,18,12,6,20,0,0,51,12,15,39,3,3,0,5,161,25,2,3,0,0,0,32,146,15,3,2,1,4,1,11,0,0,8,24,14,24,0,0,18,6,0,4,16,68,23,20,161,4,0,0,1,11,17,153,111,6,1,0,1,6,0,36,0,0,3,6,2,20,5,0
44,7,1,34,61,27,13,64,29,11,9,0,0,6,124,94,70,8,3,0,0,1,45,129,43,12,6,1,3,1,43,129,105,10,0,1,18,52,13,21,98,43,35,2,0,0,2,16,44,15,39,20,0,0,5,82,129,3,1,1,0,0,10,125,111,33,2,2,0,1,0,5,129,33,3,1,0,0,0,13,49,16,26,40,2,1,0,3,129,8,6,11,2,1,0,40,56,49,35,11,0,0,0,0,90,87,2,0,0,0,0,0,25,20,1,4,22,53,8,2,103,1,0,2,7,36,26,107
0,0,0,0,1,62,115,0,27,0,0,0,0,24,122,41,145,0,0,0,1,1,15,95,41,0,0,0,43,23,0,7,0,0,0,43,20,17,15,0,71,3,0,13,9,6,30,39,145,20,0,0,8,6,1,37,71,6,0,0,137,90,1,7,0,0,10,98,15,0,0,0,72,15,19,77,7,0,1,10,145,26,2,2,12,28,45,107,57,32,0,0,95,103,33,18,0,0,9,51,13,11,1,0,5,7,21,60,15,4,0,5,24,13,48,25,3,6,59,76,102,88,7,0,2,16,36,21
4,9,3,11,63,126,100,12,126,80,1,0,18,28,14,45,126,94,4,1,0,0,7,62,6,14,8,26,24,6,7,9,12,94,18,1,0,11,25,7,95,47,17,10,0,1,1,90,126,25,0,0,0,0,12,126,22,16,10,8,9,3,21,49,8,115,22,9,1,0,0,0,36,39,32,53,5,0,0,9,126,109,5,1,0,0,0,28,74,66,60,25,1,1,0,12,1,59,16,8,11,0,0,0,24,33,6,23,29,0,0,0,126,98,1,0,0,0,0,19,86,33,11,7,1,5,3,25
12,0,0,2,2,6,35,19,129,5,0,0,0,0,5,41,93,2,0,0,72,53,1,9,50,7,0,0,32,24,1,2,30,7,5,40,11,2,4,7,129,42,2,2,4,8,7,35,84,21,0,0,128,119,9,11,129,64,0,0,27,23,0,2,10,3,14,68,9,1,0,2,97,9,12,18,4,11,65,120,80,68,1,0,27,72,79,47,117,101,0,0,3,2,0,3,1,34,26,15,10,7,0,0,5,40,120,40,1,0,8,8,114,117,39,9,0,0,7,11,40,46,0,0,0,3,5,7
1,1,45,67,0,0,0,3,7,14,51,42,4,0,0,0,15,35,105,74,0,0,0,0,0,3,71,127,2,0,0,0,1,0,10,51,12,2,38,129,36,4,3,52,55,1,4,14,129,33,21,37,7,0,0,8,6,21,29,129,37,0,0,0,61,0,0,5,9,1,41,129,88,7,4,29,31,2,8,77,129,16,4,18,10,0,0,3,23,28,22,67,38,0,0,0,129,0,0,8,23,11,12,83,129,9,2,10,15,37,36,72,129,3,0,6,8,21,28,99,32,8,19,18,6,1,0,20
64,0,0,7,115,26,15,51,130,7,0,6,71,11,2,23,102,2,0,4,24,4,3,33,0,0,0,53,130,4,1,1,35,5,10,2,18,54,130,80,130,34,1,0,13,26,24,31,97,21,0,1,6,9,9,16,3,0,0,121,130,2,3,5,21,81,128,5,0,0,16,4,130,80,77,2,0,0,4,38,76,17,1,0,0,9,12,44,15,8,0,51,50,7,5,3,59,87,40,1,0,0,0,1,19,27,59,20,6,10,2,5,48,17,2,1,1,13,17,27,5,3,0,3,10,44,25,14
3,2,4,13,59,35,7,0,117,34,0,0,18,7,0,28,100,33,1,2,12,3,1,28,21,36,0,2,13,3,0,0,16,2,1,1,14,50,120,43,124,83,0,0,2,6,24,45,72,66,2,3,16,16,31,15,50,73,0,2,7,2,1,3,60,15,13,24,51,17,33,36,124,9,1,1,0,4,81,124,121,5,0,0,1,15,124,99,124,25,0,1,1,0,4,22,14,13,75,73,15,0,0,2,47,57,68,13,0,1,10,27,124,46,23,9,0,1,12,18,124,13,0,0,0,4,7,11
33,33,0,0,0,0,9,14,32,12,1,0,0,0,15,41,33,7,11,25,17,25,11,27,0,0,2,71,140,88,2,0,13,33,16,0,0,0,2,3,64,110,26,5,0,0,0,13,14,28,55,86,19,22,7,8,1,7,108,141,69,46,1,0,60,34,25,7,0,0,8,12,95,60,40,9,1,0,16,39,37,16,21,63,15,0,7,14,16,19,54,69,3,0,2,4,35,9,11,10,28,59,115,28,7,19,34,7,5,22,141,127,5,4,6,8,0,0,141,89,2,4,7,4,0,0,141,73
0,0,2,65,122,68,12,4,47,26,3,13,11,8,12,33,58,34,0,0,1,4,2,11,13,2,0,0,1,2,4,11,18,7,5,16,76,122,70,25,122,35,2,1,4,17,38,62,51,22,0,0,17,81,48,6,10,2,0,0,1,16,86,47,23,27,22,44,53,55,65,35,122,58,9,2,6,7,9,79,27,24,43,23,87,69,25,20,31,122,61,7,8,12,34,30,39,86,10,0,0,11,69,58,91,109,2,0,0,0,5,78,46,87,51,8,5,2,22,35,5,92,64,2,1,20,67,9
66,23,0,0,13,22,0,1,29,39,20,11,2,0,0,2,112,89,8,2,0,1,0,1,54,12,0,0,108,110,2,3,109,4,0,1,5,6,2,25,47,10,3,0,0,0,19,53,136,15,0,0,10,17,4,27,26,1,0,0,136,136,2,4,54,5,14,25,1,0,0,18,91,17,0,0,0,0,5,27,126,18,0,0,29,88,9,14,4,7,10,22,136,136,2,1,10,5,34,63,4,0,0,1,76,22,10,10,2,11,2,4,27,4,0,0,40,136,12,5,6,7,6,7,41,125,16,19
0,0,15,124,49,2,0,0,92,26,27,61,9,1,0,21,116,35,12,34,4,0,0,11,3,36,53,72,12,2,3,2,1,1,8,68,89,1,0,0,49,12,19,55,67,26,4,16,126,57,11,16,12,4,2,32,21,20,14,83,126,15,13,8,0,0,0,39,60,24,27,0,30,30,27,61,74,21,12,5,126,51,11,6,7,1,5,45,30,4,9,94,83,8,14,22,4,0,0,1,18,126,126,34,84,9,4,4,5,18,79,125,71,17,1,0,1,1,9,48,3,0,0,5,13,31,52,31
6,4,0,7,7,6,23,18,6,4,6,24,20,23,7,7,82,71,6,3,0,1,2,6,19,24,2,10,28,0,0,0,38,0,0,2,16,30,52,131,42,1,0,0,42,74,21,45,142,28,0,2,3,4,5,45,24,11,2,27,41,0,0,0,75,0,0,19,73,49,24,142,108,10,0,4,60,18,7,87,142,53,0,4,6,1,0,6,23,9,1,22,49,2,0,0,135,24,4,14,89,90,20,95,142,16,1,0,4,8,10,83,142,22,0,2,3,0,0,7,15,4,0,9,67,6,0,0
2,0,1,2,4,22,136,53,41,17,44,8,1,0,26,111,18,13,121,8,0,0,0,10,0,12,59,37,13,0,0,0,47,33,43,31,11,39,136,93,136,44,5,0,0,0,23,136,90,11,1,0,0,1,10,19,2,1,5,27,7,1,14,6,16,70,136,85,3,1,0,2,136,136,77,3,0,2,8,17,46,4,0,0,0,14,98,28,0,0,0,0,0,10,90,21,0,4,69,33,1,0,1,1,2,14,52,46,16,7,4,1,3,1,23,33,20,21,50,25,2,2,10,6,5,25,40,24
0,0,0,4,118,35,2,0,8,29,37,6,60,35,35,8,9,18,67,12,2,0,46,99,1,0,7,16,20,41,118,42,2,0,0,1,97,108,19,1,103,54,14,3,43,19,4,12,21,26,44,37,59,17,0,1,0,0,2,16,118,88,12,0,7,5,6,7,27,116,23,6,118,37,7,3,5,19,9,45,52,12,17,76,72,17,0,5,0,0,5,118,118,40,0,0,33,38,24,9,10,6,20,42,65,118,42,1,0,0,0,1,28,43,17,39,41,9,0,0,0,0,4,96,118,12,0,0
0,3,4,6,15,19,19,0,4,3,0,5,123,47,5,0,36,46,41,8,37,9,6,7,3,7,30,23,41,17,27,22,0,0,0,0,16,111,38,0,18,4,2,3,45,123,32,10,123,26,6,9,21,18,6,37,9,4,10,66,111,29,0,1,0,0,0,0,10,121,118,17,40,53,30,14,21,33,38,52,103,123,36,7,3,2,0,8,14,17,16,76,87,10,0,0,17,0,0,0,7,108,123,62,123,20,3,0,0,2,43,123,75,44,10,0,4,6,19,17,0,4,0,12,85,17,16,2
94,55,18,11,5,28,20,44,0,3,55,89,21,68,62,2,30,38,37,30,3,8,80,67,30,12,3,4,0,0,33,79,106,82,28,6,6,40,14,16,6,3,37,51,23,116,57,7,75,64,42,24,4,19,27,18,39,49,46,14,3,7,8,10,4,13,11,3,68,112,7,0,47,2,0,0,41,116,40,31,116,23,3,1,2,26,25,64,18,9,9,6,13,116,88,20,0,1,14,34,116,52,1,0,69,11,11,18,57,39,15,30,111,4,2,7,14,16,10,56,11,20,30,44,58,75,21,5
1,0,24,38,19,21,15,15,78,13,14,14,3,7,39,115,76,4,1,8,14,9,5,92,5,2,16,103,89,57,33,6,11,8,87,84,3,2,8,12,56,29,88,105,0,0,0,22,115,23,7,11,2,9,6,62,39,9,30,90,33,50,16,9,115,38,27,15,1,3,13,56,28,20,56,115,31,15,3,4,64,31,16,32,29,71,48,14,84,45,1,1,3,81,63,23,74,115,36,22,4,3,2,6,11,8,11,44,42,45,7,4,1,44,57,45,44,24,5,0,29,115,34,6,16,32,6,1
15,4,24,25,3,4,134,134,119,3,1,0,0,0,22,134,25,0,0,0,0,7,31,85,0,0,0,0,0,1,4,0,24,22,124,125,2,1,8,27,134,76,30,16,0,1,9,99,59,2,0,7,32,66,99,72,7,0,0,3,5,10,23,26,95,58,32,46,12,5,12,50,50,30,30,30,24,10,52,35,10,0,6,13,25,19,134,42,21,3,0,4,6,8,47,71,70,49,1,2,12,20,31,18,0,2,18,11,27,44,46,3,12,14,10,12,18,33,65,9,50,75,3,0,4,3,17,20
3,6,42,61,14,49,37,2,27,38,38,32,4,11,61,51,50,21,10,8,0,0,32,74,62,30,58,13,0,0,2,12,13,4,15,18,22,110,38,7,103,50,29,15,4,27,27,24,56,48,42,14,5,36,41,22,79,23,2,0,0,2,71,91,40,3,2,5,59,108,24,26,110,8,0,2,10,40,27,72,27,16,6,14,41,110,110,30,110,73,1,0,0,10,96,92,26,11,18,22,66,15,1,8,101,32,16,13,10,5,2,33,26,59,107,71,35,18,2,2,80,86,24,4,6,24,14,7
0,0,14,73,79,33,3,0,4,5,71,78,12,10,10,9,96,19,29,25,1,1,8,84,67,6,5,38,21,11,2,36,15,1,4,34,57,110,55,30,100,27,71,56,2,4,20,51,47,26,67,110,14,5,2,10,83,18,5,6,8,68,44,23,27,46,29,110,73,14,6,11,110,110,35,32,9,10,6,29,13,9,18,64,56,49,8,5,14,74,46,32,35,39,17,3,2,65,63,74,23,0,0,0,3,110,77,72,9,1,0,0,0,22,45,107,18,12,3,0,0,58,51,7,8,37,14,0
0,1,7,20,31,101,37,0,7,2,3,12,38,46,63,9,18,26,25,10,9,2,5,9,1,6,20,25,14,6,4,1,11,0,0,0,70,122,56,13,122,12,0,0,2,24,62,44,42,16,7,1,24,67,102,14,0,0,4,12,18,56,122,6,39,6,1,38,122,35,4,12,122,50,4,10,14,5,1,23,20,11,3,75,122,51,23,3,0,3,6,24,39,36,77,5,15,39,32,122,74,0,0,0,87,122,22,16,14,1,0,0,5,16,9,112,121,3,0,0,0,15,50,68,29,1,0,0
1,0,0,0,0,0,0,0,17,0,0,0,0,0,0,5,68,4,3,2,0,0,0,22,24,4,9,71,69,13,2,10,120,33,0,0,0,0,0,10,156,40,0,0,0,0,0,31,122,27,6,3,0,0,9,65,23,1,2,18,52,78,49,51,156,70,0,0,0,0,0,75,156,104,0,0,0,0,0,39,92,16,5,6,4,10,4,14,5,4,4,18,48,18,12,13,156,124,1,0,0,0,0,29,156,73,0,0,0,0,1,81,38,9,0,0,3,15,12,44,7,8,1,6,27,7,3,9
33,27,24,4,2,10,51,29,92,19,13,1,1,7,42,56,36,11,7,0,0,6,110,45,10,2,4,0,0,1,28,28,69,17,16,4,18,39,18,63,41,15,13,10,68,112,80,36,112,17,1,2,7,45,112,79,47,5,0,0,3,43,75,71,45,4,4,11,34,26,17,108,51,38,68,52,59,42,11,55,112,94,77,28,24,24,7,18,56,19,24,27,60,78,39,39,15,54,38,31,40,1,0,16,93,112,48,2,0,0,0,21,23,43,70,52,5,0,0,0,10,12,75,52,19,1,0,1
0,0,0,6,14,20,115,74,10,6,27,60,15,11,55,46,27,86,52,13,0,0,0,1,37,88,16,1,0,0,0,0,22,21,33,62,40,16,90,68,115,54,9,0,0,0,33,110,67,84,15,0,0,0,6,33,58,57,2,0,0,0,2,21,6,29,63,107,22,23,15,0,81,58,19,1,0,16,80,51,59,3,0,0,0,0,79,115,87,13,0,0,0,4,7,63,0,0,0,4,9,67,86,1,11,2,0,0,0,47,93,24,115,1,0,0,0,1,22,115,115,8,0,0,6,33,7,52
79,13,8,1,0,3,28,41,35,10,7,0,0,3,98,45,8,2,6,0,0,1,38,31,14,2,3,42,22,0,0,13,26,9,9,4,42,115,77,24,115,17,0,0,2,30,115,83,60,9,0,0,0,31,78,77,27,0,0,5,1,1,20,103,29,30,55,47,58,48,11,23,115,86,52,15,17,26,11,21,58,15,11,17,62,115,75,59,115,14,3,0,1,5,25,115,74,74,43,6,0,0,0,14,13,37,67,59,10,2,0,0,20,23,86,63,33,6,0,1,115,27,15,4,2,0,0,23
60,15,0,0,1,50,81,40,50,0,0,0,0,9,62,135,31,0,0,28,11,0,3,66,0,0,2,135,22,0,3,1,35,17,14,25,84,135,63,34,135,54,9,4,7,22,48,135,125,2,0,0,0,7,16,54,0,0,0,3,1,6,12,2,9,27,119,98,41,6,0,0,135,105,48,14,4,0,0,19,107,3,0,0,0,4,4,26,0,0,0,0,0,1,0,0,0,0,40,66,71,9,0,1,105,3,5,6,32,12,2,58,47,0,0,0,0,0,0,23,0,0,0,0,0,0,0,0
0,0,0,0,0,0,0,0,44,1,1,0,0,0,4,106,19,9,7,1,2,17,22,52,0,10,12,0,2,15,15,4,19,4,0,0,0,0,0,0,166,79,0,0,0,0,0,71,133,93,35,4,3,1,5,30,0,17,23,11,57,68,0,0,33,14,6,8,0,0,0,0,166,47,6,5,0,0,0,76,166,16,6,7,9,0,4,93,0,0,8,86,69,23,8,2,5,6,5,64,28,0,0,0,166,28,8,34,11,0,1,36,125,0,0,0,0,2,53,122,0,0,1,9,5,60,72,11
133,33,0,0,2,5,27,65,79,50,1,2,0,0,25,38,32,53,8,19,20,0,0,1,0,6,47,35,27,0,0,0,105,35,31,7,2,0,35,109,133,32,4,0,0,0,40,101,92,16,7,16,3,2,9,10,3,21,26,29,11,0,0,0,27,86,90,4,0,0,0,2,133,77,22,0,0,1,6,28,70,4,0,0,0,11,53,69,23,12,4,10,1,0,20,51,16,48,19,6,8,9,4,2,43,12,3,1,14,67,100,40,11,0,0,0,0,104,133,62,2,0,0,0,0,3,133,133
78,0,0,2,0,8,19,120,96,0,0,2,98,17,9,111,120,0,0,1,59,9,2,44,48,0,0,28,114,2,0,14,49,6,40,33,0,0,3,51,74,10,13,2,18,34,110,120,120,18,1,0,14,21,31,39,61,3,0,33,71,3,4,15,2,16,44,46,13,1,0,1,28,120,98,7,0,0,16,12,120,102,62,1,0,0,4,26,56,6,0,10,11,5,7,23,1,64,90,9,6,1,0,0,38,120,58,6,1,1,0,1,19,27,26,4,7,20,9,7,13,2,0,0,1,18,46,16
0,0,6,39,28,22,72,125,8,0,1,1,1,9,90,125,4,0,10,7,20,17,38,59,0,0,14,12,47,52,11,1,31,20,1,13,43,125,107,46,125,82,0,0,2,13,41,125,47,35,5,12,23,23,25,51,0,0,1,18,37,58,8,1,34,78,34,4,0,7,15,11,125,68,6,2,0,0,0,102,62,30,12,18,23,3,6,54,0,0,3,36,61,15,0,0,6,43,35,20,5,0,0,0,125,123,8,5,0,0,0,4,76,64,48,33,2,0,0,2,0,1,37,103,29,6,0,0
5,1,1,15,89,43,13,3,153,67,9,15,37,4,0,0,44,38,38,77,5,0,0,0,48,31,15,7,3,0,3,38,35,3,0,2,80,49,13,23,153,52,4,4,23,11,0,7,76,30,16,83,69,0,0,1,3,0,1,33,49,4,9,30,34,8,6,32,86,57,5,7,153,13,0,0,13,15,2,55,97,5,1,22,86,24,2,19,0,4,15,69,59,4,0,0,57,53,0,3,21,58,64,34,153,153,2,1,2,6,1,10,38,62,11,3,14,24,2,7,0,51,36,38,36,3,0,0
12,0,0,0,21,58,13,37,13,23,1,0,74,102,2,0,18,62,16,16,17,5,0,0,113,113,4,2,8,8,0,1,9,2,0,0,44,97,8,12,96,36,2,0,24,59,2,7,69,101,30,7,0,0,0,6,113,100,3,0,35,54,2,5,8,2,3,28,108,38,0,2,113,8,4,7,14,10,1,42,113,15,0,0,0,0,1,68,91,7,0,0,113,113,6,18,0,0,19,108,23,0,0,0,41,12,33,56,2,0,0,8,113,17,2,0,1,25,6,16,24,1,0,3,98,113,12,7
73,9,9,41,30,2,1,17,100,24,30,83,7,0,0,11,10,45,119,85,5,0,2,3,21,26,105,24,1,1,12,43,37,12,20,100,48,1,0,6,119,52,22,25,12,1,0,19,28,25,46,90,93,13,13,17,49,17,51,16,4,3,9,41,15,11,6,51,80,21,20,6,119,40,7,16,13,1,5,43,47,12,18,117,80,13,18,26,37,62,30,24,5,2,3,9,59,2,1,3,12,66,119,112,119,8,1,0,1,3,13,73,9,0,1,5,17,52,62,32,75,13,8,5,7,16,22,62
2,4,14,69,106,14,2,0,15,1,1,12,49,21,23,80,18,14,4,10,21,10,12,57,49,43,3,2,5,32,8,8,1,1,0,14,122,124,22,0,17,3,2,26,74,92,41,36,89,5,0,0,0,9,37,104,23,3,0,0,6,89,28,21,0,1,0,0,78,124,47,0,93,41,1,0,15,124,81,31,124,46,1,1,3,24,14,22,15,4,0,0,21,97,12,7,3,31,21,35,124,46,2,0,61,124,58,10,23,21,10,7,30,68,42,51,9,10,8,2,4,27,31,32,11,20,1,0
36,17,4,8,10,4,31,87,52,26,1,1,31,119,29,26,36,34,3,2,37,119,20,8,34,38,80,62,15,2,2,2,119,6,0,0,3,28,39,95,34,1,0,0,50,119,31,31,119,44,1,0,11,39,14,42,70,47,5,2,0,14,9,8,119,99,24,23,9,27,11,18,26,42,28,36,56,106,8,7,119,104,4,0,4,7,2,26,46,10,0,0,23,47,14,19,18,98,46,44,7,13,34,8,9,30,119,79,6,3,13,26,31,58,45,33,5,2,10,10,12,14,3,3,18,24,18,6
1,4,14,16,9,24,64,22,4,8,25,13,25,101,105,8,20,15,4,34,86,57,90,19,54,43,23,120,120,18,0,4,12,14,13,30,56,6,6,7,27,2,3,62,120,34,14,9,120,28,9,45,18,3,9,27,26,31,65,120,34,0,0,1,47,23,12,43,19,0,0,12,7,7,21,120,82,0,0,1,120,53,23,39,13,1,0,13,55,38,59,71,28,3,2,2,36,30,1,5,12,5,6,11,0,1,2,51,105,17,12,0,120,35,8,21,36,4,2,13,98,16,6,52,56,3,3,11
48,12,6,1,12,40,55,112,4,0,0,4,25,104,68,13,104,0,0,0,1,13,43,79,34,0,0,0,0,21,43,33,35,18,23,32,23,24,18,29,21,3,8,16,52,105,21,11,128,12,1,5,9,18,14,52,25,3,1,19,18,31,65,14,70,1,0,10,23,25,44,76,23,11,13,61,57,54,20,13,128,54,10,19,8,9,6,47,30,11,12,81,27,0,0,2,60,18,0,9,47,50,65,32,6,0,0,8,38,75,128,112,128,4,1,5,13,25,17,128,77,4,7,64,29,1,0,20
0,0,8,15,5,43,54,2,0,0,13,8,8,25,75,15,41,47,4,10,16,9,12,9,48,28,0,0,2,25,35,20,0,0,20,20,10,86,94,4,18,4,25,8,0,23,122,71,122,21,1,1,13,26,25,81,20,8,0,2,27,92,27,21,0,0,97,86,14,26,9,0,24,24,98,62,6,19,32,11,122,63,10,23,27,7,19,53,15,46,18,45,48,16,7,12,0,0,5,16,51,104,36,0,2,1,9,33,21,105,122,8,20,6,6,15,8,30,122,122,12,17,5,11,4,13,122,102
43,34,18,25,16,6,21,30,94,57,10,0,0,0,2,55,43,73,29,3,0,0,2,6,2,7,57,65,2,0,4,2,36,8,17,7,2,6,70,47,125,17,0,0,0,5,11,86,80,11,0,0,0,56,95,35,21,0,2,4,3,8,56,70,24,36,125,62,1,0,1,3,125,70,39,7,24,52,12,11,63,14,0,1,38,125,79,36,125,37,0,0,0,8,25,69,8,10,46,21,5,7,14,11,1,13,48,35,71,35,2,0,35,125,72,22,50,29,0,0,92,125,10,0,0,0,0,0
14,0,0,5,38,64,94,91,45,3,2,6,0,1,39,139,38,37,67,29,1,0,3,32,8,75,111,10,1,0,0,0,70,36,1,1,17,67,28,29,139,48,5,0,0,0,6,139,139,52,7,0,0,0,0,108,24,42,21,5,6,2,0,0,60,121,25,13,1,2,1,0,128,83,11,0,1,8,7,17,139,78,1,0,0,0,1,18,28,16,3,10,28,15,0,0,2,38,22,8,1,1,0,0,47,10,1,0,5,20,12,25,139,5,0,0,0,1,2,26,11,1,0,6,12,7,0,0
51,0,0,0,0,6,92,47,128,14,0,0,0,2,30,71,72,5,0,0,0,1,9,79,5,0,0,6,38,62,8,11,116,2,0,3,0,0,13,46,128,28,0,0,0,0,3,62,90,19,0,0,0,24,55,40,5,0,0,7,78,128,39,5,90,36,40,77,3,0,0,5,128,21,2,0,0,0,14,59,24,11,2,1,10,33,73,26,0,0,1,4,60,128,37,0,6,12,54,128,38,1,0,0,81,16,11,22,6,0,0,13,58,16,1,1,56,32,2,7,1,7,3,2,128,107,1,0
55,6,2,9,22,27,20,44,142,14,17,9,19,4,4,88,11,8,22,17,92,63,25,3,1,2,1,3,12,126,96,9,47,37,9,14,53,35,12,18,142,5,0,7,62,19,1,77,59,12,20,37,142,46,6,5,4,9,34,112,107,38,34,14,9,0,0,0,5,18,6,2,142,7,0,0,25,9,0,2,58,26,6,22,142,2,0,0,22,27,31,142,140,0,0,0,0,0,0,0,0,0,0,0,0,0,0,0,0,0,0,0,2,1,0,0,2,0,0,0,2,5,13,27,11,0,0,0
40,2,0,20,126,21,1,1,55,1,0,2,33,30,4,8,126,20,9,13,4,0,0,14,3,2,5,36,23,1,2,5,51,1,0,68,126,33,29,41,56,2,0,27,62,33,7,22,126,8,0,3,7,3,1,66,8,8,10,30,27,3,0,5,14,2,7,7,27,67,126,110,119,32,0,3,20,50,79,56,126,100,1,0,0,1,0,24,9,73,15,8,6,1,0,2,5,4,59,59,1,0,27,13,126,25,21,17,1,0,11,88,126,41,0,0,0,0,0,108,41,45,9,13,4,0,0,2
29,5,0,1,12,59,69,20,31,15,2,10,53,34,63,30,122,48,3,13,18,1,4,15,14,18,13,37,38,4,5,5,22,9,7,39,122,122,84,24,122,29,6,9,13,37,89,122,122,4,0,0,4,16,34,42,53,11,6,5,8,20,43,34,5,15,60,116,81,4,0,0,122,122,113,33,7,1,0,8,66,35,11,7,23,12,7,9,122,8,1,4,30,11,4,12,0,0,10,2,0,0,0,0,3,26,45,1,0,0,1,2,9,24,9,4,23,38,18,8,122,29,0,1,24,24,2,4
99,10,0,0,0,15,44,82,54,21,1,5,19,27,41,22,20,15,3,22,84,21,28,5,88,58,7,14,19,0,0,2,113,87,16,3,11,12,9,31,45,9,3,15,92,122,122,40,122,19,2,4,15,47,122,122,103,17,0,4,7,8,24,32,1,22,7,10,20,1,0,0,15,26,61,122,122,33,6,5,122,122,77,32,11,6,7,26,59,12,4,3,13,14,16,11,0,0,0,0,0,0,0,0,0,2,27,14,1,0,0,0,13,47,67,5,0,0,2,2,15,22,9,5,26,27,9,5
20,68,86,120,30,6,0,0,120,120,22,3,0,0,0,0,73,81,0,0,2,6,3,4,6,1,0,6,45,51,7,3,12,17,31,89,84,3,3,3,120,68,12,10,6,0,0,10,55,19,0,1,20,13,1,8,0,0,0,5,74,105,1,0,12,2,4,30,31,9,30,70,90,37,8,13,12,7,3,63,46,77,37,9,9,4,2,33,0,12,50,120,120,35,0,0,62,61,17,2,2,3,12,48,42,120,35,1,3,3,12,32,31,120,25,1,0,0,35,21,1,16,44,120,6,0,21,18
19,5,0,0,54,90,53,45,141,21,0,0,2,7,30,96,68,19,3,22,45,8,0,0,15,15,2,9,16,4,0,2,62,52,23,57,118,65,14,16,141,124,7,4,10,5,5,50,78,15,0,2,107,31,5,10,63,14,1,1,13,9,1,3,24,51,95,93,9,0,0,1,141,51,57,11,1,2,23,110,38,3,1,1,33,37,90,71,94,26,0,0,5,5,4,8,17,32,26,34,14,0,3,3,4,30,65,29,0,0,3,6,46,16,29,26,0,0,16,19,107,37,2,0,0,0,0,9
58,16,0,1,1,2,28,39,23,4,0,0,6,64,114,39,30,29,6,0,3,49,114,31,12,28,22,9,1,4,30,47,40,13,6,16,9,4,16,114,21,6,21,42,32,58,50,22,114,66,15,3,3,10,19,45,43,51,50,48,0,0,12,37,61,114,74,26,2,0,1,57,25,39,114,82,9,2,1,13,89,48,83,44,17,13,35,34,95,89,14,6,2,5,43,90,5,17,50,93,6,2,4,4,43,23,24,28,1,0,0,21,29,94,110,36,10,2,0,1,21,114,61,2,1,0,0,1
43,26,1,0,9,12,9,32,37,22,0,3,51,76,41,23,21,9,6,12,42,54,113,115,33,4,0,0,0,1,24,115,8,0,2,41,66,30,54,59,12,1,2,7,28,110,115,43,115,39,13,14,24,31,54,55,51,20,1,0,0,16,57,59,0,0,15,115,112,19,18,0,21,27,36,76,43,29,29,5,115,46,8,5,3,19,36,45,39,27,0,0,3,33,28,22,0,0,0,15,47,41,65,5,6,13,7,18,50,49,22,2,36,13,2,0,33,115,72,66,115,49,1,1,1,2,23,61
0,0,0,0,0,0,0,0,0,0,0,0,0,0,6,5,0,0,0,0,0,0,8,6,0,0,0,0,0,0,0,0,0,0,1,17,7,2,0,0,13,1,0,7,38,37,113,64,105,5,0,0,1,3,95,129,6,0,0,0,0,0,0,1,0,0,4,130,73,1,0,2,41,30,59,130,110,18,13,10,130,117,29,10,5,9,8,35,33,20,0,0,6,40,0,3,5,0,3,122,68,32,3,13,4,22,121,130,33,29,16,6,40,130,72,7,41,60,9,10,6,14,5,3,79,130,3,0
10,13,0,0,47,124,2,0,0,0,0,0,40,68,6,0,0,0,0,0,0,0,2,1,0,0,0,0,0,0,0,0,1,1,0,7,128,128,26,7,20,13,19,9,78,128,61,24,128,28,8,0,0,6,24,52,14,0,0,0,0,0,0,0,24,8,35,108,123,24,13,17,11,114,128,88,54,24,6,4,107,128,87,0,0,1,1,10,8,0,0,0,0,0,0,0,16,6,22,27,3,13,128,26,0,18,91,26,1,2,128,40,0,11,15,0,0,0,2,2,0,0,0,0,0,0,0,0
126,58,25,21,39,28,10,37,126,23,0,0,35,16,12,47,58,9,0,0,38,20,6,8,40,16,4,9,6,0,1,3,77,73,126,38,2,0,0,17,102,27,28,4,5,14,71,123,126,21,1,0,5,14,37,38,66,37,12,23,6,0,0,0,26,43,73,18,0,0,3,14,13,38,126,32,0,0,3,8,126,95,31,3,0,0,1,12,89,45,11,20,2,0,0,6,126,26,8,1,1,1,3,23,23,23,51,20,14,41,16,0,36,34,14,1,0,18,97,56,29,6,1,3,0,0,42,126
0,0,0,0,0,0,0,0,28,11,16,17,0,0,0,19,109,18,6,1,1,0,0,109,26,1,5,38,32,0,1,42,2,1,1,12,20,16,28,9,87,71,107,46,5,9,33,45,109,103,104,11,2,4,3,44,59,7,6,4,0,1,5,104,6,17,87,109,48,11,11,7,109,101,109,38,7,8,23,43,30,12,23,28,17,59,87,25,50,0,1,2,1,10,44,92,2,26,107,40,2,0,0,1,2,30,81,48,33,21,1,0,3,0,6,65,101,67,20,7,29,2,3,7,11,20,54,100
0,6,25,2,0,26,110,2,5,6,8,0,0,50,111,16,2,2,0,1,14,58,111,9,0,0,1,4,29,73,64,1,13,11,1,0,0,20,111,27,111,41,3,1,0,9,111,109,29,23,14,22,103,34,29,14,0,14,53,55,55,47,36,2,8,22,5,0,2,1,3,3,93,57,15,10,40,50,100,66,111,73,17,6,23,21,95,94,18,56,78,80,10,0,0,3,0,0,0,0,1,0,0,0,12,45,66,24,29,14,5,5,111,111,42,4,2,2,4,23,47,49,26,16,2,0,0,14
69,19,20,7,0,19,103,38,7,11,74,17,0,21,120,43,2,4,6,0,0,0,26,28,0,0,0,0,0,0,0,0,39,4,4,9,9,62,120,36,120,103,26,5,0,14,80,57,16,36,63,62,1,0,9,24,0,0,3,2,0,0,0,0,45,46,114,58,9,9,4,8,120,83,65,24,1,1,15,120,93,120,61,31,0,0,4,73,0,23,21,2,0,0,0,0,35,48,58,29,0,0,0,2,31,120,120,22,0,0,1,6,30,120,32,0,0,0,0,3,0,13,6,0,0,0,0,0
38,115,134,62,19,0,1,9,29,120,130,12,10,12,12,13,20,52,99,7,2,7,3,3,1,4,6,0,0,0,0,0,134,124,110,16,63,20,0,7,49,18,51,20,134,134,14,20,134,52,14,1,6,25,11,39,4,3,1,0,0,0,0,0,93,24,0,5,86,9,0,0,74,5,0,5,134,46,1,5,134,20,0,0,10,5,1,8,0,0,0,0,0,0,0,0,0,0,0,0,0,0,0,0,2,0,0,0,1,0,0,0,7,1,0,0,0,0,0,0,0,0,0,0,0,0,0,0
0,0,0,0,0,0,0,0,0,0,0,0,5,1,0,0,26,1,0,0,18,10,16,18,26,0,0,0,0,43,92,85,7,16,16,0,0,0,0,0,118,57,13,6,32,4,1,41,37,1,0,50,118,50,59,26,44,2,1,12,20,70,118,54,4,118,112,0,0,4,3,0,118,118,68,2,6,37,55,23,23,1,0,41,118,118,76,11,33,6,3,25,50,96,39,36,0,23,16,0,0,39,45,0,23,6,6,0,0,77,118,55,15,3,10,20,47,75,47,25,32,37,55,40,33,75,13,6
0,0,0,0,0,0,0,0,3,119,120,1,0,3,5,1,6,127,127,100,3,0,9,4,32,127,97,47,2,0,0,0,0,0,0,0,1,1,0,0,9,25,33,9,49,127,69,23,127,75,54,28,7,33,83,114,53,127,127,22,32,10,0,1,0,0,0,1,2,0,0,0,16,10,4,59,88,36,6,6,127,54,5,13,11,8,6,24,92,25,6,8,95,11,0,0,0,0,0,0,0,0,0,0,0,0,0,0,0,0,0,0,0,0,0,0,0,0,0,0,0,0,0,0,2,0,0,0
