2,6,75,111,0,0,0,0,141,45,36,15,0,0,0,25,141,15,10,53,32,0,0,36,1,0,1,129,123,0,0,0,0,0,63,103,0,0,0,0,141,62,102,45,0,0,0,11,141,18,3,7,38,0,1,67,10,0,0,64,141,0,0,4,0,0,5,5,0,0,0,0,24,27,48,12,0,0,0,0,141,61,10,7,15,0,0,14,18,5,0,86,131,0,0,2,0,0,0,0,0,0,0,0,0,1,0,0,0,0,0,0,14,14,0,3,1,0,0,0,2,3,1,67,36,0,0,0
0,0,0,0,1,2,0,0,21,0,0,0,1,2,0,4,8,0,0,0,37,12,0,2,0,0,0,0,40,34,0,0,4,0,0,0,34,96,6,1,127,14,0,0,20,43,4,17,59,3,0,0,125,107,1,5,0,0,0,0,89,127,1,0,17,2,0,5,127,56,2,3,127,18,0,0,35,40,5,18,37,1,0,0,127,127,3,5,0,0,0,0,93,127,2,0,14,14,2,19,123,9,0,0,127,52,2,5,30,50,4,4,8,1,0,0,102,127,7,1,0,15,21,9,82,39,2,0
12,3,0,1,64,142,19,14,94,7,0,0,6,42,14,53,142,11,0,13,8,0,0,35,47,5,2,93,65,0,0,6,31,1,1,110,142,39,4,14,142,23,0,7,10,3,2,36,142,39,0,1,0,0,0,25,65,2,1,63,39,0,0,17,17,5,4,142,142,0,0,0,142,30,5,38,33,0,0,17,142,10,0,0,0,0,0,28,20,0,0,1,0,0,0,10,0,3,4,22,33,0,0,0,56,53,14,16,13,0,0,0,24,9,0,0,0,0,0,0,0,0,0,0,0,0,0,0
8,7,0,0,62,127,7,3,123,70,1,0,11,12,0,7,102,29,2,35,62,1,0,5,33,0,0,36,69,3,2,36,59,1,0,0,4,81,29,55,127,10,0,0,0,0,0,50,127,10,2,43,31,0,0,23,35,8,3,119,92,0,0,3,127,7,0,5,18,7,3,36,127,63,0,0,0,0,0,9,127,24,0,11,8,0,0,18,31,4,1,96,76,0,0,5,127,13,2,30,32,0,0,4,127,17,0,0,0,0,0,16,99,4,0,0,0,0,0,31,16,0,0,10,3,0,0,7
24,0,0,0,0,27,16,27,136,0,0,0,8,1,2,105,17,0,0,10,86,11,1,10,20,1,0,2,78,39,1,2,38,6,3,5,8,24,13,18,136,16,0,1,4,2,2,65,63,2,0,16,117,14,0,6,24,17,2,18,118,9,0,0,16,48,136,34,4,0,0,0,136,128,74,5,4,9,4,12,40,4,2,14,51,118,13,9,15,7,1,7,31,48,14,11,12,25,136,20,6,9,4,15,20,55,125,44,3,1,0,16,1,2,35,136,29,19,1,1,8,7,18,60,10,10,6,6
1,0,0,0,0,10,17,2,99,58,0,0,0,2,6,8,92,70,0,0,0,11,13,18,18,1,0,0,4,21,17,49,15,0,0,0,0,58,61,13,138,26,0,0,1,17,26,41,69,13,0,0,15,133,60,23,2,0,0,0,3,71,138,78,71,3,0,0,0,49,44,12,138,13,0,0,12,70,29,34,14,0,0,0,23,138,114,10,0,0,0,0,0,66,138,8,84,2,0,0,0,3,3,6,129,4,0,0,46,79,6,20,0,0,0,0,57,114,6,0,0,0,0,0,0,11,16,0
37,4,20,22,0,0,1,75,19,4,38,127,0,0,0,15,55,29,18,61,0,0,0,0,73,23,0,0,0,0,0,0,85,3,0,0,0,0,0,71,127,26,36,106,0,0,0,61,28,31,73,127,0,0,0,0,40,37,15,17,0,0,0,0,74,89,0,0,0,0,0,3,127,112,12,10,0,0,0,23,49,13,23,127,16,0,0,15,3,6,11,105,31,0,0,0,127,101,1,0,0,0,0,7,73,127,57,1,0,0,0,9,21,26,41,40,12,0,0,3,0,3,4,109,68,0,0,0
1,15,22,0,0,0,0,1,77,53,10,0,0,0,0,23,168,141,20,0,0,0,0,31,74,79,48,3,0,0,0,10,1,15,21,0,0,0,9,7,139,37,8,0,0,0,4,22,168,85,9,1,1,2,0,12,46,26,23,11,29,18,6,17,1,0,0,0,0,0,10,7,168,5,0,0,0,0,4,23,168,12,0,0,0,2,2,48,37,18,18,6,19,14,4,15,3,3,0,0,0,0,0,2,131,34,0,0,0,0,0,5,168,87,0,0,0,0,0,25,44,57,10,0,1,6,0,3
21,3,0,0,4,136,61,20,85,4,0,0,0,10,30,48,24,0,0,0,0,2,46,104,26,0,0,0,0,0,57,136,50,37,5,3,9,28,2,3,131,30,1,3,6,1,1,9,36,33,1,5,38,10,26,16,79,136,72,6,1,0,15,52,59,22,1,1,0,1,2,1,113,5,0,0,8,6,2,18,121,22,0,0,47,19,2,42,136,108,72,28,24,11,9,136,23,12,0,0,0,0,2,21,33,1,0,0,1,7,8,38,17,0,0,0,12,42,12,37,100,0,0,0,14,28,23,136
126,4,3,2,0,0,15,114,8,1,20,12,0,0,36,93,4,1,9,6,0,0,79,131,0,0,1,2,0,0,131,131,44,3,0,0,0,0,29,131,17,1,0,0,0,0,83,131,64,6,2,3,0,0,22,131,10,1,8,12,0,0,13,24,100,28,0,0,0,0,3,86,111,33,0,0,0,0,4,39,131,56,0,0,0,0,2,53,16,5,0,1,0,0,0,9,64,76,0,0,0,0,0,0,43,9,0,0,0,0,2,45,61,8,0,0,0,0,14,131,29,6,1,0,0,0,2,45
133,92,4,0,0,0,0,7,133,49,2,0,0,0,0,51,105,12,1,18,10,0,0,52,133,11,2,15,6,0,0,95,62,116,38,0,0,0,0,3,114,45,7,0,0,0,0,42,133,24,1,3,2,0,0,76,133,2,0,7,6,0,0,113,25,48,19,0,0,0,0,1,63,133,48,0,0,0,0,3,69,133,28,0,0,0,0,4,41,7,0,10,12,0,0,30,44,25,23,0,0,0,0,4,133,59,8,0,0,0,0,18,25,21,6,0,0,0,0,2,5,0,0,6,9,0,0,3
33,46,3,0,0,0,0,5,97,21,0,0,0,0,0,51,118,15,11,6,0,0,0,98,164,4,2,35,42,0,0,164,46,5,0,0,0,0,0,47,62,10,0,0,0,0,0,61,124,18,0,0,0,0,1,99,164,2,0,2,3,0,5,164,59,26,2,0,0,0,0,29,71,96,3,0,0,0,0,10,100,78,1,3,1,0,1,18,97,6,1,13,4,0,3,92,25,56,16,0,0,0,0,1,74,36,1,0,0,0,0,13,53,5,0,0,0,0,0,47,35,1,0,7,1,0,0,28
25,1,0,0,0,0,0,66,39,5,2,0,0,0,1,105,77,1,0,8,2,0,7,177,41,0,0,177,37,0,6,177,24,11,0,0,0,0,0,35,97,28,0,0,0,0,1,53,41,6,2,11,1,0,9,116,146,0,1,17,1,0,0,177,70,32,0,0,0,0,0,14,67,29,0,0,0,0,0,37,22,2,2,10,0,0,0,49,53,0,1,3,0,0,1,172,36,28,1,0,0,0,0,10,27,9,0,0,0,0,0,25,24,9,0,0,0,0,0,44,9,2,0,3,0,0,0,23
17,15,3,0,0,0,0,0,19,43,6,0,0,0,0,0,168,22,0,0,0,0,0,45,168,0,0,45,84,0,0,51,25,30,4,0,0,0,0,0,29,64,5,0,0,0,0,0,168,22,7,3,0,0,0,45,168,0,0,37,58,0,0,88,23,13,3,0,0,0,0,2,74,13,1,0,0,0,0,9,131,10,9,8,1,0,0,19,168,2,0,5,48,1,0,90,16,2,0,0,0,0,0,3,66,3,0,0,0,0,0,12,79,7,3,0,0,0,0,13,168,2,0,2,22,0,0,74
0,0,4,45,3,0,0,0,74,8,3,12,1,0,0,2,140,69,27,27,1,0,0,7,5,16,125,110,3,0,0,0,0,0,2,25,21,14,1,3,102,10,6,16,7,11,1,3,140,104,20,0,0,0,6,47,22,36,106,30,18,26,30,21,0,0,5,20,4,1,32,42,61,17,22,20,1,2,37,24,140,15,1,0,0,1,109,140,12,0,0,0,6,69,140,35,0,0,0,0,0,0,31,11,2,0,0,0,0,0,60,21,5,0,0,0,0,2,139,57,0,0,0,0,0,30,140,4
2,1,0,0,0,64,139,1,18,20,0,0,0,27,85,7,72,137,0,0,0,3,22,7,19,126,30,10,0,0,1,1,11,5,0,0,0,0,1,6,91,31,0,0,0,0,0,12,139,139,2,0,0,0,0,4,32,128,26,8,0,0,0,0,4,0,0,0,0,0,2,12,117,0,0,0,0,0,0,30,139,16,1,0,0,0,0,80,116,64,11,3,0,0,0,22,3,0,0,0,0,0,0,2,46,0,0,0,0,0,0,33,139,0,0,0,0,0,0,124,139,21,0,0,0,0,0,46
29,9,0,0,0,0,0,2,103,37,0,0,0,0,2,19,16,6,0,0,0,0,4,11,59,34,0,0,0,0,0,0,17,1,0,0,0,0,1,16,40,2,0,0,0,0,34,114,48,4,0,0,0,0,20,85,173,109,0,0,0,0,0,4,0,0,0,0,0,0,0,2,56,22,0,0,0,0,5,19,143,55,0,0,0,0,1,15,173,173,0,0,0,0,0,0,2,1,0,0,0,0,0,0,74,43,0,0,0,0,0,0,121,71,0,0,0,0,0,0,173,173,0,0,0,0,0,0
0,0,0,0,0,0,0,0,20,27,2,0,0,0,0,1,21,100,33,0,0,0,0,1,0,60,35,0,0,0,0,0,0,1,0,0,0,0,0,0,58,21,3,0,0,0,0,17,113,37,3,0,0,0,0,35,10,8,3,0,0,0,0,3,0,48,29,0,0,0,0,0,10,123,59,0,0,0,0,1,41,108,27,0,0,0,0,4,6,121,68,0,0,0,0,0,0,84,51,0,0,0,0,0,0,143,92,0,0,0,0,0,0,180,180,0,0,0,0,0,0,180,180,0,0,0,0,0
5,3,0,0,0,0,0,0,139,91,0,0,0,0,0,0,139,94,0,0,0,0,0,0,9,6,0,0,0,0,0,0,25,8,0,0,0,0,0,1,139,99,0,0,0,0,2,31,115,49,0,0,0,0,10,40,30,18,0,0,0,0,1,4,16,1,0,0,0,0,0,9,93,5,0,0,0,0,40,139,83,5,0,0,0,0,68,139,139,71,0,0,0,0,2,32,0,0,0,0,0,0,0,1,34,14,0,0,0,0,8,24,139,81,0,0,0,0,5,40,139,139,0,0,0,0,0,3
0,1,0,0,0,0,0,0,0,25,11,0,0,0,0,0,0,97,59,0,0,0,0,0,0,139,85,0,0,0,0,0,13,9,0,0,0,0,0,1,77,140,30,0,0,0,0,8,18,140,108,0,0,0,0,2,0,90,55,0,0,0,0,0,19,13,4,0,0,0,0,5,140,67,5,0,0,0,0,66,109,41,6,0,0,0,0,33,1,15,8,0,0,0,0,0,1,112,65,0,0,0,0,0,40,140,66,0,0,0,0,3,38,140,59,0,0,0,0,3,0,140,140,0,0,0,0,0
23,2,0,0,9,3,0,0,150,31,0,0,0,1,0,4,75,14,0,0,52,56,1,5,0,30,10,4,61,41,0,0,41,7,0,0,4,2,0,0,150,23,0,0,3,2,0,6,69,19,3,6,72,37,0,6,6,150,29,5,17,6,0,0,45,4,0,0,0,0,0,5,150,6,0,1,3,0,0,34,85,85,10,17,29,0,0,7,50,150,7,1,0,0,0,0,24,0,0,0,0,0,0,8,150,1,0,0,0,0,0,46,150,122,3,1,0,0,0,15,67,150,11,0,0,0,0,0
33,3,0,0,23,58,0,1,154,9,0,0,0,1,0,25,121,0,0,0,35,67,11,34,0,0,0,0,146,71,0,0,59,21,0,0,4,17,0,0,154,52,0,0,0,0,1,14,95,2,0,0,32,71,10,27,0,0,0,2,154,31,0,0,102,8,0,0,0,1,0,2,154,15,0,0,0,3,5,34,40,0,0,0,3,74,37,23,0,0,0,0,101,64,15,0,78,14,0,0,0,0,0,0,154,5,0,0,0,2,8,42,9,0,0,0,0,53,41,18,0,0,0,0,26,117,16,0
19,2,0,0,36,94,2,4,121,1,0,0,0,1,1,36,145,50,0,0,0,0,0,14,18,88,20,0,0,0,0,0,18,19,3,0,7,15,0,6,140,19,0,0,0,0,0,17,148,33,0,0,0,0,0,11,82,115,6,0,0,0,0,0,19,2,0,0,0,0,1,38,136,15,0,0,0,0,0,25,148,12,0,0,0,0,0,14,148,71,0,0,0,0,0,4,12,0,0,2,0,0,0,13,125,1,0,0,0,0,0,42,148,2,0,0,0,0,0,54,148,12,0,0,0,0,0,41
20,0,0,0,0,0,0,71,143,5,0,0,0,0,0,143,114,6,0,0,0,0,0,94,11,0,0,0,0,0,1,31,38,8,0,0,0,0,0,4,143,86,0,0,0,0,0,33,143,43,0,0,0,0,2,30,4,0,0,0,0,0,3,12,41,2,0,0,0,0,0,9,143,16,0,0,0,0,0,143,90,4,0,0,0,0,5,143,2,0,0,0,0,0,4,14,4,0,0,0,0,0,0,9,71,0,0,0,0,0,0,135,143,0,0,0,0,0,0,143,14,0,0,0,0,0,0,12
25,10,1,0,1,1,1,1,131,91,0,0,3,5,0,1,48,29,0,0,40,105,17,3,0,0,0,0,9,55,68,11,80,11,0,0,1,4,3,6,131,51,1,10,20,5,0,8,32,6,18,108,125,79,12,3,3,4,36,37,7,22,55,13,95,29,0,0,0,1,0,5,131,40,1,8,2,0,0,30,59,9,52,131,13,0,0,7,0,13,131,131,0,0,0,0,53,108,0,0,0,0,0,0,119,131,0,0,0,0,0,0,31,42,12,8,0,1,1,1,1,5,60,20,1,4,3,2
36,1,0,0,9,27,21,60,52,44,2,0,1,0,1,24,8,119,20,0,0,0,0,0,0,85,28,0,0,0,0,0,86,1,0,0,1,6,2,54,138,29,0,0,0,0,0,47,82,138,10,0,0,0,0,1,3,118,58,0,0,0,0,0,62,16,0,0,0,0,0,22,138,4,0,0,0,0,0,66,138,74,0,0,0,0,0,21,55,138,35,0,0,0,0,0,36,1,0,0,0,0,0,43,138,0,0,0,0,0,0,58,138,8,0,0,0,0,0,82,138,55,2,0,0,0,0,18
39,1,0,0,0,0,0,1,184,16,0,0,0,0,0,2,140,4,0,0,3,7,12,17,0,0,2,7,54,32,5,0,56,8,0,0,0,0,0,0,184,21,0,0,0,1,2,8,122,2,0,0,1,67,61,17,0,0,1,5,19,71,114,0,70,7,0,0,0,0,0,1,184,27,2,0,1,6,5,15,51,15,51,10,11,85,32,12,0,4,64,58,7,46,55,0,69,4,0,0,0,0,0,0,184,34,3,0,0,0,0,0,37,23,34,5,34,33,6,0,0,2,19,20,19,57,70,0
130,65,0,0,0,0,0,8,130,5,0,0,0,0,0,62,107,12,0,0,0,0,0,16,31,7,0,0,0,0,0,0,130,37,12,0,0,0,0,32,94,28,43,3,0,0,0,51,130,19,2,0,0,0,0,42,29,13,0,0,0,0,0,0,130,9,7,0,0,0,0,130,102,51,80,7,0,0,0,44,112,95,18,0,0,0,0,2,19,13,0,0,0,0,0,0,130,0,0,0,0,0,0,130,130,11,4,0,0,0,0,128,66,26,2,0,0,0,0,17,6,3,0,0,0,0,0,0
41,37,5,0,0,0,0,0,42,46,75,2,0,0,0,4,14,43,125,20,0,0,2,5,0,1,124,94,9,7,2,0,56,40,0,0,0,0,0,2,125,49,5,0,0,0,0,27,125,64,81,8,0,0,0,42,38,24,125,106,0,0,0,14,62,66,0,0,0,0,0,0,71,125,5,0,0,0,0,2,125,62,0,0,0,0,0,31,125,9,15,3,0,0,0,58,97,7,0,0,0,0,0,9,117,18,0,0,0,0,0,12,125,14,0,0,0,0,0,11,125,16,0,0,0,0,0,5
33,3,0,0,12,82,76,51,69,3,0,4,60,30,19,64,103,6,21,7,45,28,4,63,58,10,95,40,0,0,0,14,125,28,0,0,18,49,10,15,114,15,0,0,19,125,32,26,125,14,0,0,15,68,14,33,97,7,1,0,2,4,39,45,76,4,0,0,2,43,35,37,76,17,0,0,3,125,42,16,125,20,0,0,1,13,25,68,27,0,0,0,12,29,103,52,12,6,0,0,0,24,34,15,94,39,0,0,0,16,13,6,48,9,0,0,3,18,35,36,0,0,0,0,9,77,125,11
40,14,1,1,1,0,0,7,4,3,1,2,11,15,42,62,9,8,0,0,0,4,119,127,53,7,0,0,0,0,31,127,72,6,1,3,8,0,0,34,20,3,1,30,91,24,8,7,127,96,9,4,8,7,15,28,127,127,32,0,0,0,1,64,43,9,17,5,1,0,0,50,32,4,7,85,32,0,0,38,127,29,11,38,5,0,2,58,127,64,8,0,0,0,9,127,15,28,67,18,0,0,0,4,14,7,75,42,1,1,5,25,11,3,11,32,12,23,20,32,18,0,0,1,2,9,106,127
29,0,0,0,0,0,13,142,46,5,3,0,0,0,1,103,53,23,4,0,0,0,0,10,117,5,0,0,0,0,0,61,142,0,0,0,0,0,0,83,142,17,0,0,0,0,0,64,66,26,2,0,0,1,6,14,95,0,0,0,0,0,2,59,142,0,0,0,0,0,0,55,142,10,2,2,0,0,0,56,42,7,3,19,14,10,28,15,25,0,0,1,3,2,25,107,89,0,1,0,0,0,1,126,142,3,1,1,0,0,1,142,49,2,3,37,42,2,4,40,16,3,1,16,20,2,7,29
2,24,7,0,0,0,0,1,2,55,33,0,0,0,0,0,3,62,109,5,0,0,0,0,0,6,118,30,0,0,0,0,13,75,18,0,0,0,0,0,48,65,23,1,0,0,0,1,143,138,66,2,0,0,0,2,26,62,143,87,0,0,0,0,17,56,9,2,8,35,5,0,46,3,5,2,4,32,32,43,143,19,1,0,0,0,1,100,143,63,50,32,0,0,0,12,10,21,2,2,49,58,4,0,17,61,43,3,4,23,19,25,143,27,26,3,0,0,0,81,143,34,5,2,0,0,0,19
0,0,0,0,0,0,2,16,2,0,0,0,0,0,8,31,21,1,0,0,0,0,11,16,215,21,0,0,0,0,0,28,2,1,0,1,0,0,0,1,17,16,1,1,0,0,1,8,32,6,2,7,4,0,2,13,215,1,0,0,0,0,0,105,1,0,8,45,0,0,0,0,11,2,0,2,0,0,3,24,12,4,1,3,2,0,4,26,158,18,0,0,0,0,0,81,0,0,170,215,0,0,0,0,0,0,22,116,0,0,1,4,12,1,2,3,0,0,2,25,152,43,0,0,0,0,0,11
0,0,0,3,6,0,0,0,9,3,1,0,0,0,0,4,31,2,0,0,0,0,0,20,12,4,0,0,0,0,0,16,2,1,0,21,37,0,0,0,13,26,9,0,0,0,0,1,15,16,11,2,6,1,1,8,52,125,0,0,0,0,0,7,3,0,0,97,170,0,0,1,35,4,0,1,2,0,0,16,34,34,6,3,9,2,0,3,170,170,0,0,0,0,0,0,0,0,0,170,170,0,0,0,30,11,1,3,2,0,0,8,52,124,14,0,0,0,0,2,170,170,4,0,0,0,0,0
56,10,4,42,34,0,0,22,122,18,0,2,5,26,24,122,3,2,0,4,27,100,97,15,1,0,0,4,28,32,75,9,29,1,0,37,72,13,0,8,122,16,4,15,17,10,5,51,20,10,11,67,122,37,28,6,22,53,28,14,29,12,52,18,27,9,9,20,79,39,1,2,122,33,6,8,17,9,1,13,35,78,64,46,87,24,0,2,2,122,103,18,57,10,0,0,4,25,66,60,16,0,0,0,106,88,31,4,0,0,0,4,57,72,35,13,3,2,0,5,2,37,14,7,110,85,0,0
136,42,0,0,0,0,0,0,74,29,0,0,0,0,0,2,118,86,0,0,0,0,0,1,75,133,0,0,0,0,0,0,136,9,0,0,0,0,0,14,93,4,0,0,0,0,5,26,136,45,0,0,0,0,0,17,132,56,0,0,0,0,11,27,136,2,0,0,0,0,0,42,110,9,0,0,0,0,3,17,136,16,0,0,0,0,1,37,45,1,0,0,0,3,57,58,136,4,0,0,0,0,0,53,99,16,0,0,0,0,0,3,136,4,0,0,0,0,5,54,8,0,0,0,0,17,48,30
64,6,0,0,0,0,0,0,198,18,0,0,0,0,0,6,119,29,0,0,0,0,0,1,38,11,0,0,0,0,2,15,84,11,0,0,0,0,0,0,198,29,0,0,0,0,0,9,144,28,0,0,0,0,0,3,6,1,0,0,0,4,13,13,77,4,0,0,0,0,0,10,198,6,0,0,0,0,0,45,149,7,0,0,2,2,0,9,0,0,0,0,10,13,4,2,51,6,0,0,0,0,0,4,198,4,0,0,0,0,0,31,129,6,2,5,5,0,0,15,0,0,1,10,16,4,0,0
4,0,0,0,0,0,0,1,19,1,0,1,3,0,0,4,177,3,1,2,4,0,0,88,197,0,0,3,20,24,10,197,6,1,0,0,0,0,0,0,32,16,4,1,0,0,0,1,86,15,11,5,2,0,0,31,197,2,0,0,0,0,1,197,6,0,0,0,0,0,0,1,53,3,0,0,0,0,0,10,17,1,1,6,25,2,4,20,86,0,0,0,7,2,10,197,2,0,0,0,0,0,0,0,34,0,0,0,0,0,0,14,11,0,0,3,26,5,3,8,2,0,0,1,18,3,2,35
70,1,0,30,34,0,0,11,195,7,1,1,1,0,0,49,44,31,15,0,0,0,0,2,0,15,36,4,0,0,0,0,53,1,0,48,57,0,0,4,195,12,1,4,4,0,0,43,103,54,21,0,0,0,0,3,0,41,30,1,0,0,0,0,27,4,2,44,54,0,0,0,195,25,2,8,6,0,0,12,153,63,11,0,0,0,0,1,0,51,20,0,0,0,0,0,12,7,6,47,17,0,0,0,195,49,3,10,2,0,0,0,133,63,12,0,0,0,0,0,1,51,19,0,0,0,0,0
77,3,6,48,4,0,0,11,197,5,0,0,0,0,0,52,53,20,6,0,0,0,0,3,1,2,9,6,0,0,0,0,52,1,0,49,48,0,0,5,197,11,0,3,5,0,0,40,107,35,25,0,0,0,0,2,0,10,39,14,0,0,0,0,35,2,0,41,74,0,0,0,197,14,0,5,8,0,0,9,150,47,19,0,0,0,0,1,0,31,39,2,0,0,0,0,18,2,1,32,59,0,0,0,197,30,1,6,8,0,0,0,140,49,17,0,0,0,0,0,0,34,24,0,0,0,0,0
1,0,0,0,0,0,0,0,25,9,0,0,0,0,0,0,13,5,0,0,0,0,0,0,1,2,1,0,0,0,0,0,8,2,0,0,0,0,0,0,92,24,0,0,0,0,1,11,44,11,0,0,0,0,19,17,33,17,4,2,0,0,28,25,4,2,14,7,0,0,0,2,27,1,4,3,0,0,22,46,4,2,3,0,0,4,103,27,43,37,6,0,0,5,70,39,0,34,197,20,0,0,0,0,0,51,197,21,0,0,3,2,0,145,197,1,0,0,12,2,8,197,197,0,0,0,3,1
0,0,3,20,24,1,0,0,0,2,4,0,1,0,0,0,0,2,14,0,0,0,0,0,0,0,3,0,0,0,0,0,3,1,0,56,102,2,0,0,25,40,21,0,2,0,0,0,3,28,85,0,0,0,0,0,0,3,20,0,0,0,0,0,5,0,0,218,218,0,0,0,75,9,1,8,5,0,0,27,36,20,22,0,0,0,0,14,0,3,12,0,0,0,0,0,0,0,3,218,218,0,0,0,26,7,33,147,20,0,0,20,59,57,39,4,1,0,0,21,3,11,49,10,3,0,0,0
14,15,4,1,0,0,0,7,50,51,19,0,0,0,0,29,26,13,3,0,0,0,0,5,0,0,0,0,0,0,0,0,4,1,5,50,13,0,1,11,162,9,0,2,1,0,0,107,174,11,0,0,0,0,0,49,6,0,0,0,0,0,0,0,0,0,0,87,59,0,0,0,174,42,1,14,6,0,0,7,174,99,0,0,0,0,0,6,45,9,0,0,0,0,0,0,0,0,0,88,56,0,0,0,174,67,3,31,12,0,0,0,174,124,0,0,0,0,0,0,36,15,0,0,0,0,0,0
44,4,0,0,0,0,0,2,134,22,0,0,0,0,0,6,115,23,0,0,0,0,0,7,3,0,0,0,0,0,0,0,123,15,0,0,0,0,0,3,134,13,0,0,0,0,0,31,134,8,0,0,0,8,3,46,16,0,0,0,1,25,5,6,107,0,0,0,0,0,0,27,134,28,0,0,0,0,0,32,134,65,0,0,41,38,1,6,5,0,0,0,57,134,20,3,54,0,0,0,0,0,0,31,134,16,0,0,0,0,0,31,134,28,0,0,108,67,2,8,0,0,0,0,120,134,34,21
0,0,0,118,63,0,1,1,40,30,21,111,21,0,0,1,142,94,8,12,27,0,0,5,15,8,1,26,142,3,0,1,1,0,0,80,41,2,26,55,60,8,3,107,100,0,1,7,142,21,1,8,50,2,0,23,21,1,0,23,142,4,0,4,10,2,22,43,12,2,10,52,29,17,11,63,69,8,9,13,142,29,7,11,20,19,33,39,9,0,0,7,142,64,22,8,0,0,17,62,36,2,5,8,5,24,48,17,20,7,7,4,10,11,58,24,5,14,33,11,0,0,9,11,99,42,18,1
1,1,56,19,3,4,127,40,7,7,41,50,57,23,38,14,30,57,82,104,11,1,0,0,0,5,32,127,43,0,0,0,5,32,97,4,2,7,56,26,39,24,23,8,16,13,27,25,127,67,13,27,9,1,1,17,13,9,16,127,79,1,0,1,7,45,30,3,6,60,17,1,20,74,70,8,7,13,4,2,124,26,26,3,6,24,39,65,16,1,7,36,34,27,21,38,3,77,28,0,3,11,0,0,5,58,10,1,28,127,2,0,6,2,4,1,12,127,91,80,31,6,4,0,2,6,29,127
125,5,0,0,0,0,0,54,44,3,0,0,0,0,0,19,26,41,0,0,0,0,0,1,16,119,5,0,0,0,0,0,125,12,0,0,0,0,0,57,70,6,0,0,0,0,0,27,111,83,0,0,0,1,3,5,45,102,1,0,0,39,51,8,125,0,0,0,0,0,0,125,104,1,0,0,0,1,6,73,92,13,0,0,0,51,95,42,14,3,0,0,0,125,125,12,125,0,0,0,0,0,0,81,84,0,0,0,0,38,38,69,4,0,0,0,0,90,102,10,34,1,0,0,0,30,39,9
4,4,0,1,0,0,0,0,13,7,0,0,8,4,0,0,120,42,0,0,4,2,0,0,162,65,0,0,0,0,0,3,13,39,14,11,5,0,2,2,32,32,2,4,42,13,0,1,162,22,0,0,8,5,0,12,162,41,0,0,0,0,0,27,34,18,7,2,4,2,11,90,21,11,3,11,62,10,3,10,162,6,0,2,6,0,0,40,162,69,0,0,0,0,0,35,20,0,0,0,0,1,35,162,7,0,0,1,10,6,28,79,86,1,0,0,1,0,5,52,162,19,0,0,0,1,2,58
19,0,0,0,0,0,3,140,42,9,0,0,0,0,19,140,95,14,3,30,13,0,4,70,11,0,0,114,98,0,0,2,59,28,5,0,0,0,0,35,140,96,4,0,0,0,0,48,104,87,14,3,9,4,6,19,14,0,0,33,140,15,8,8,43,15,3,0,0,0,5,20,140,14,0,0,0,0,0,86,80,17,11,3,14,11,7,35,0,6,11,40,119,14,7,4,25,0,0,0,0,0,2,9,140,9,0,0,0,0,0,60,132,35,7,1,3,4,0,23,1,9,12,32,47,30,2,1
3,11,15,0,0,4,21,20,23,11,67,28,0,0,5,61,24,12,97,94,0,0,0,8,97,21,24,13,0,0,0,1,1,0,0,0,1,11,15,13,93,5,4,1,0,0,4,128,128,32,96,71,0,0,0,66,25,25,115,121,0,0,0,1,5,1,0,0,2,1,0,0,128,66,0,0,0,0,0,8,128,128,11,4,0,0,0,17,32,35,41,121,6,0,0,2,6,1,0,0,1,0,0,0,128,18,0,0,0,0,0,43,128,68,6,0,0,0,0,105,31,36,37,28,3,0,0,21
75,1,0,0,0,0,0,42,51,3,0,0,2,2,1,9,0,4,5,2,4,1,0,0,0,3,1,0,0,0,0,0,154,0,0,0,0,0,0,154,119,12,6,2,1,1,1,29,6,16,31,6,6,15,1,0,1,34,6,0,0,14,4,0,154,0,0,0,0,0,0,154,154,8,0,0,0,3,2,45,12,22,3,1,8,27,4,3,23,104,1,0,0,4,1,0,154,5,0,0,0,0,0,137,154,6,0,0,0,0,0,68,38,41,0,0,0,1,0,7,35,154,7,0,0,0,0,0
15,0,0,0,0,0,0,2,158,11,0,0,0,0,0,29,158,8,0,0,0,0,0,19,13,5,0,0,0,3,1,3,27,5,0,0,0,0,0,2,158,88,0,0,0,0,0,12,158,51,0,0,0,0,0,10,31,40,0,0,0,0,0,3,27,0,0,0,0,0,0,8,158,9,0,0,0,0,0,86,158,8,0,0,0,0,0,49,86,66,0,0,0,2,12,12,16,0,0,0,0,0,0,1,158,0,0,0,0,0,0,30,157,0,0,0,0,13,35,37,27,4,0,0,0,31,128,27
0,0,0,0,0,0,0,2,70,30,0,0,0,0,0,1,166,151,0,0,0,0,0,0,76,47,0,0,0,0,0,1,0,0,0,0,0,0,0,3,159,7,0,0,0,0,0,11,166,31,0,0,0,0,0,35,82,15,0,0,0,0,0,11,2,0,0,0,0,0,0,0,165,18,0,0,0,0,0,2,166,37,0,0,0,0,1,12,97,12,0,0,0,1,19,21,2,0,0,0,0,0,0,0,157,13,0,0,0,0,0,1,166,15,0,0,0,5,25,33,15,0,0,0,0,26,104,18
0,0,102,48,0,0,1,3,22,53,85,40,0,0,0,0,123,108,4,0,0,0,7,16,33,23,3,0,0,8,78,37,28,2,24,12,0,0,30,99,53,11,31,63,55,0,0,16,123,54,17,6,9,0,2,10,18,30,45,20,34,8,14,7,123,0,0,0,0,0,5,88,117,3,1,48,62,0,0,29,123,20,3,16,17,0,0,29,72,10,6,30,123,6,1,10,123,19,6,0,0,0,0,9,118,6,0,12,42,1,0,18,123,2,0,8,23,0,0,25,72,0,0,5,123,27,1,17
10,10,2,4,2,14,129,65,40,69,8,0,0,0,140,140,9,22,15,23,24,48,140,89,48,48,13,17,12,11,140,131,10,0,0,0,2,2,44,21,37,5,0,0,0,0,92,62,13,6,0,0,0,0,140,66,5,0,0,0,0,0,135,109,18,0,0,0,8,2,0,5,70,5,0,0,0,0,0,7,20,12,3,0,0,0,0,8,17,63,3,0,0,0,1,14,15,8,0,0,5,0,0,0,43,55,2,0,0,0,0,0,5,101,38,0,0,0,0,0,11,140,27,0,0,0,10,5
0,2,4,0,0,7,28,0,2,11,7,0,0,4,7,1,145,29,4,0,0,0,0,21,118,68,51,62,4,4,1,11,0,10,56,5,0,0,0,0,0,34,48,0,0,0,0,0,158,29,24,1,0,0,0,14,158,67,51,65,6,6,7,74,0,2,41,91,0,0,0,0,0,16,20,14,0,0,0,0,117,24,12,2,0,0,0,12,158,12,4,6,7,19,18,124,7,2,21,132,2,0,0,3,0,7,37,90,1,0,0,0,64,29,11,6,0,0,0,1,158,102,29,6,1,0,0,11
5,3,3,0,0,0,23,51,28,11,28,3,0,0,2,75,20,41,110,45,0,0,0,6,0,5,86,126,2,0,0,0,8,17,6,0,0,0,1,10,126,16,0,0,0,0,0,54,126,101,53,5,0,0,0,32,12,26,89,126,46,6,0,4,9,10,15,3,0,1,1,1,126,42,2,0,0,0,1,8,126,30,2,1,0,13,71,95,16,2,3,19,40,126,126,35,6,18,22,15,5,13,10,1,39,13,4,3,1,11,50,24,23,4,0,0,0,53,126,30,2,3,1,0,0,74,125,4
34,6,1,0,0,2,1,10,146,20,0,0,0,0,1,51,67,2,0,0,22,59,19,26,0,0,0,70,133,32,3,0,59,14,2,1,0,0,0,0,146,40,0,0,5,6,0,3,58,6,0,0,52,121,24,3,0,0,0,9,33,99,49,3,63,1,0,2,6,3,2,11,146,3,0,4,14,5,0,38,43,1,26,86,119,73,10,8,6,13,67,32,10,35,36,5,36,0,0,0,15,9,2,17,146,3,0,2,0,0,0,82,89,9,65,79,7,0,0,29,1,17,146,53,0,0,0,0
0,1,4,1,1,16,62,33,49,4,2,0,0,0,77,138,138,13,0,3,5,0,18,118,18,6,0,75,138,0,0,7,6,5,11,11,5,2,2,2,120,13,7,0,0,1,3,38,138,23,0,0,1,4,4,63,27,8,0,31,138,33,8,8,1,1,2,25,21,0,0,1,118,40,1,0,0,1,1,5,138,61,0,0,5,22,7,20,10,0,0,8,58,84,28,5,0,0,0,24,39,1,0,0,138,18,0,0,1,0,0,3,138,24,0,7,37,44,1,4,1,0,5,11,30,85,49,1
63,6,0,0,0,0,0,0,173,33,0,0,0,0,0,0,173,8,0,0,0,5,6,18,1,0,0,1,41,32,5,3,95,15,0,0,0,0,0,0,173,37,0,0,0,0,1,8,136,3,0,0,0,33,57,28,0,0,0,0,12,72,90,1,117,16,0,0,0,0,0,0,173,34,0,0,0,1,3,16,51,4,20,8,6,55,41,18,0,0,20,39,11,53,52,0,115,13,0,0,0,0,0,0,173,57,2,0,0,0,0,0,26,21,32,7,15,19,1,0,0,0,17,28,11,45,25,0
29,9,0,0,0,0,0,0,151,113,0,0,0,0,0,0,142,61,1,0,0,0,0,5,96,17,0,0,0,0,0,3,64,2,0,0,0,0,0,3,151,56,4,0,0,0,0,11,100,75,47,1,0,0,0,3,114,53,4,0,0,0,0,2,45,0,0,0,0,0,0,7,151,7,0,0,0,0,0,57,151,69,33,0,0,0,0,13,30,83,7,0,0,0,0,0,22,29,0,0,0,0,0,1,151,108,0,0,0,0,0,11,151,36,0,0,0,0,0,7,28,12,0,0,0,0,0,1
14,0,0,85,64,4,2,31,128,2,0,2,2,0,1,128,99,0,0,0,0,8,110,128,0,0,0,0,0,57,123,2,12,10,4,28,108,56,6,1,128,58,3,5,6,1,5,30,101,5,0,0,0,39,121,44,0,0,0,0,0,25,128,2,23,12,3,1,6,29,15,6,128,16,1,0,0,9,40,62,17,0,0,0,0,40,128,31,0,0,0,0,0,25,116,5,7,7,1,0,0,26,7,10,17,0,0,0,0,6,44,45,0,0,0,0,0,6,81,29,0,0,0,0,0,18,68,7
0,1,4,4,58,77,2,1,49,2,2,1,3,3,2,15,150,27,0,0,0,0,0,6,122,7,0,0,0,3,4,18,0,0,4,23,41,32,32,21,66,4,1,1,14,19,13,30,150,11,0,0,0,0,0,40,100,2,0,0,1,46,15,19,0,2,70,150,20,3,8,11,43,62,118,15,1,7,7,9,150,55,9,0,0,1,7,46,39,0,0,0,12,104,31,32,0,0,62,150,76,21,3,0,3,12,135,75,16,13,2,0,29,12,15,19,12,11,17,36,2,0,0,0,4,88,48,16
3,24,11,19,12,0,0,0,89,32,17,7,0,0,0,3,95,57,57,17,0,0,0,4,1,6,89,99,1,0,0,0,32,46,21,63,10,0,0,0,80,34,29,86,9,0,0,10,122,35,13,8,0,0,0,39,24,7,20,76,18,12,4,4,37,26,29,122,5,0,0,2,54,41,61,81,4,1,4,13,100,68,36,10,0,43,44,15,15,0,0,4,6,122,112,8,3,2,15,75,12,55,29,1,12,4,12,18,5,109,103,14,1,4,4,0,0,122,122,2,0,0,0,0,0,122,88,0
16,0,0,0,6,105,89,10,144,7,0,0,1,11,7,45,121,6,0,0,0,0,1,24,144,84,0,0,0,0,2,26,42,4,0,0,0,3,7,5,144,50,0,0,0,0,0,9,128,24,0,0,0,1,1,13,144,6,0,0,0,0,15,109,55,1,0,0,0,0,1,10,144,8,0,0,0,0,0,64,87,2,0,0,0,4,7,48,53,0,0,0,0,1,8,92,24,0,0,0,0,0,0,10,144,0,0,0,0,0,0,108,72,0,0,0,0,2,5,94,11,8,2,0,0,2,8,38
23,0,0,0,0,0,3,60,61,13,0,0,0,0,0,22,15,34,30,1,0,0,0,2,7,43,50,0,0,0,0,0,37,0,0,0,1,4,7,81,98,2,0,0,0,0,0,95,133,58,11,0,0,0,0,18,21,89,75,0,0,0,0,0,50,0,0,0,0,14,74,133,133,32,0,0,0,0,0,58,133,52,0,0,0,0,0,5,106,47,16,1,0,0,0,5,133,20,0,0,2,15,69,133,133,31,0,0,0,0,0,48,133,20,0,0,0,0,0,15,133,32,0,0,0,0,0,15
22,0,0,0,2,13,14,59,28,1,0,0,0,0,32,102,9,13,0,0,0,4,72,17,3,6,1,3,7,6,58,11,36,0,0,1,19,17,8,55,128,22,0,0,0,0,1,56,36,56,21,4,1,1,1,4,6,24,42,7,5,2,0,0,62,0,0,0,10,34,45,68,128,16,0,0,0,0,0,60,125,99,42,1,0,0,0,10,5,47,128,8,0,0,0,0,128,27,0,0,0,16,91,128,128,128,0,0,0,0,0,21,128,128,7,0,0,0,0,0,22,70,92,12,0,0,0,0
0,7,3,0,0,0,0,0,34,44,5,0,0,0,0,0,95,144,61,3,0,0,0,0,4,33,140,82,3,0,0,0,1,9,1,0,0,0,0,0,137,21,0,0,0,0,0,2,144,67,5,5,3,0,0,1,31,14,11,56,60,8,0,0,0,2,28,23,0,0,0,0,128,6,9,3,0,0,0,14,144,11,0,1,2,2,19,127,24,2,1,11,84,41,41,35,0,0,104,96,0,0,0,0,20,9,132,34,0,0,0,8,43,8,42,11,0,0,36,118,1,0,5,4,6,9,96,85
0,14,122,29,0,0,0,0,0,0,122,92,3,0,0,0,0,0,72,100,1,0,0,0,0,0,17,36,0,0,0,0,13,7,48,78,45,5,0,3,9,2,35,56,84,46,6,9,78,26,117,100,3,5,4,18,6,5,88,122,0,0,0,0,29,1,2,32,79,25,52,43,8,9,77,53,70,23,19,13,122,43,56,23,1,1,2,19,52,10,34,122,4,0,2,15,4,3,19,1,3,12,122,47,1,2,18,11,2,5,113,75,34,15,13,6,0,0,54,108,20,2,0,10,4,3,39,52
53,40,0,0,0,0,0,0,117,117,0,0,0,5,14,8,36,48,1,2,18,54,55,8,0,0,0,1,61,67,20,3,117,51,0,0,0,0,0,2,117,43,2,3,4,46,85,30,70,8,1,1,11,53,112,35,18,5,0,1,117,52,11,8,117,44,0,0,0,0,0,6,74,46,72,19,7,14,9,6,68,59,92,14,11,6,6,13,16,11,10,40,117,15,1,6,117,4,0,0,0,0,0,40,117,52,19,0,0,0,1,24,9,73,54,9,10,39,21,2,1,6,10,34,116,88,13,3
17,0,0,0,0,0,0,2,5,0,0,0,7,22,3,3,31,27,4,3,5,9,1,1,11,22,32,131,7,0,0,3,97,3,0,0,0,10,15,23,28,0,0,0,4,130,48,19,148,63,1,0,3,27,13,17,48,44,16,52,66,119,3,2,25,0,0,0,0,41,64,33,72,1,0,0,0,97,64,34,148,16,0,0,0,68,49,66,17,2,0,0,32,148,39,9,0,0,0,0,0,38,55,6,40,0,0,0,0,21,32,59,35,0,0,0,3,148,78,60,0,0,0,0,2,148,42,4
0,0,0,0,128,137,11,0,31,0,0,0,101,137,8,17,34,0,0,0,0,3,13,35,57,0,0,0,0,0,7,9,2,0,0,0,137,137,4,0,108,7,0,0,64,82,3,7,67,7,0,0,0,0,0,10,89,8,0,0,0,0,0,2,15,0,0,0,137,137,1,1,137,6,0,0,20,19,1,8,66,1,0,0,0,0,0,16,92,1,0,0,0,0,0,6,17,0,0,0,137,90,2,10,98,0,0,0,2,3,0,36,54,0,0,0,0,0,0,18,46,0,0,0,0,0,0,27
1,0,0,0,0,0,0,0,18,23,0,0,0,0,0,0,32,35,11,0,0,1,0,2,210,136,1,0,0,0,0,6,5,2,0,0,0,0,0,0,45,20,0,0,0,2,1,4,52,7,0,0,9,23,4,21,210,49,0,0,0,1,1,172,4,0,0,0,0,0,0,2,16,1,0,0,0,4,14,23,18,0,0,0,4,29,15,14,210,0,0,0,0,1,0,210,0,0,0,0,0,0,0,0,0,0,0,0,0,0,4,2,4,0,0,0,0,1,4,3,82,0,0,0,0,0,0,122
0,0,0,1,14,1,0,0,11,0,0,0,52,36,4,4,27,2,0,0,2,8,3,5,0,0,0,0,0,0,0,0,9,0,0,3,119,34,3,24,70,8,2,5,138,94,4,22,138,20,1,1,13,11,4,66,6,0,0,0,0,1,1,3,24,3,0,4,116,53,6,35,28,138,62,30,138,38,0,2,138,138,40,5,29,90,13,18,10,1,0,0,4,57,16,4,10,33,12,14,41,31,4,5,29,138,23,4,30,89,7,4,7,49,13,1,54,138,4,0,20,8,0,0,5,63,34,5
27,2,0,0,0,0,0,2,156,34,0,0,0,0,0,2,156,35,0,0,0,0,0,4,44,82,3,0,0,0,1,4,48,7,0,0,0,0,0,0,156,50,0,0,0,0,2,11,156,15,0,0,0,2,65,54,44,23,0,0,0,1,156,62,64,16,0,0,0,0,0,0,156,26,0,0,0,0,12,45,47,2,0,0,0,8,128,51,25,16,0,0,0,1,119,26,55,45,0,0,0,0,0,0,135,62,0,0,0,0,0,6,45,28,0,0,0,0,3,7,45,80,0,0,0,0,0,0
20,4,5,66,18,0,0,9,78,24,5,56,15,0,0,0,133,97,2,0,0,0,0,0,12,61,55,4,0,0,0,0,74,2,2,35,9,0,0,66,70,20,12,107,22,0,0,5,133,58,3,3,0,0,0,7,70,82,31,2,0,0,0,1,41,0,1,4,0,0,3,133,26,5,5,45,11,1,20,101,133,8,3,7,1,0,2,71,133,27,1,0,0,2,1,39,1,0,34,76,0,0,4,39,1,0,0,11,1,0,37,133,52,0,0,0,0,0,42,133,62,1,0,0,0,16,32,133
1,0,0,0,0,0,0,0,101,39,0,0,0,0,0,8,180,140,0,0,0,0,0,39,125,17,0,0,0,0,0,25,1,0,0,0,0,0,0,1,180,19,0,0,0,0,0,25,180,55,0,0,0,0,0,88,48,5,0,0,0,0,0,17,1,2,1,0,0,0,0,0,180,64,0,0,0,0,0,4,180,55,0,0,0,0,0,16,7,0,0,0,0,0,0,2,8,5,0,0,0,0,0,0,138,62,0,0,0,0,0,1,65,20,0,0,0,0,0,0,0,0,0,0,0,0,0,0
19,117,9,0,0,0,0,0,28,117,28,0,0,2,7,31,75,106,38,0,0,0,1,63,9,13,57,25,1,0,0,6,27,117,37,17,1,0,0,0,34,22,22,58,12,6,11,34,117,18,4,2,0,2,8,92,27,0,0,5,1,16,66,23,0,65,84,45,4,11,5,0,8,20,88,91,2,21,23,0,68,47,28,4,0,84,70,9,5,0,0,0,0,114,117,4,0,1,6,7,5,117,85,0,0,0,5,4,1,91,117,0,0,1,2,0,0,117,104,0,0,2,13,2,1,63,44,0
40,1,0,0,0,0,0,0,168,0,0,0,0,2,5,33,67,0,0,7,19,75,48,25,0,0,0,25,45,83,28,0,52,0,0,0,0,0,0,0,168,13,1,1,1,1,2,15,65,11,8,37,47,56,14,7,0,0,2,44,53,61,15,0,42,0,3,0,0,0,0,4,168,8,2,2,1,0,0,36,105,14,63,94,36,18,1,6,0,0,88,115,24,23,3,0,12,4,106,31,0,0,0,1,168,19,32,9,0,0,0,47,112,7,18,14,2,23,41,44,0,0,16,35,32,101,18,0
0,0,82,53,7,1,0,0,0,7,52,43,6,0,0,0,2,8,9,23,19,10,5,2,76,20,2,1,0,2,4,16,1,0,13,25,24,99,45,6,30,16,28,33,12,16,14,21,7,29,45,122,11,0,0,0,46,97,47,16,0,0,0,4,7,0,0,4,5,81,54,20,122,53,7,3,1,3,14,77,57,95,122,107,0,0,0,3,50,93,102,62,0,0,0,0,8,30,44,11,6,2,0,1,122,122,22,2,1,0,0,4,74,122,98,41,0,0,0,0,14,23,106,108,11,19,0,0
15,0,0,0,1,113,63,38,80,0,0,0,0,14,106,76,133,3,0,0,0,4,52,96,31,4,19,13,0,3,131,81,13,12,4,3,3,22,43,26,133,32,0,0,0,3,38,46,85,3,0,0,1,78,133,86,2,0,0,0,0,70,133,48,22,23,9,5,1,0,7,12,66,26,5,3,2,13,15,26,4,1,8,33,47,128,37,6,8,13,5,9,10,44,47,13,34,0,0,0,0,0,8,24,82,27,16,5,0,0,0,18,10,12,70,116,11,2,0,1,2,2,51,93,2,0,0,0
65,0,0,0,0,0,0,40,51,0,0,1,1,11,73,116,27,1,2,8,5,41,117,91,67,0,0,0,4,36,107,117,56,0,0,0,0,0,4,74,10,0,0,1,0,1,23,92,31,26,11,13,3,2,16,68,18,73,81,7,2,22,58,50,52,0,0,0,0,0,1,117,54,8,0,0,0,0,5,43,117,47,0,0,0,0,1,37,117,117,57,0,0,0,0,75,90,0,1,0,0,0,0,29,97,2,0,0,0,0,0,20,96,0,0,0,0,0,0,57,117,0,0,0,0,0,0,116
80,62,0,0,0,0,0,0,60,53,0,0,0,0,0,3,108,53,1,0,0,0,4,35,81,79,27,0,0,0,19,118,105,67,0,0,0,0,0,0,67,18,3,0,0,0,0,16,92,11,1,3,11,5,8,32,118,44,1,3,8,5,28,118,23,112,2,0,0,0,0,0,23,99,17,0,0,0,0,1,38,87,83,15,3,0,0,6,98,31,32,40,7,1,19,74,27,32,0,0,0,2,1,1,63,118,1,0,0,0,0,0,89,118,85,26,0,0,0,0,14,31,118,118,5,1,12,11
64,0,0,0,0,6,11,78,6,2,6,17,23,54,50,27,49,80,15,8,4,11,42,63,140,87,0,0,0,10,58,76,33,0,0,0,0,0,9,77,25,4,5,7,2,0,44,80,132,86,19,5,0,0,6,35,45,30,13,35,32,99,76,30,20,4,0,0,0,0,2,32,103,4,0,0,0,0,6,38,140,75,17,4,0,0,0,27,55,45,67,140,31,10,1,2,19,17,0,0,0,0,0,3,76,12,0,0,0,0,0,9,140,19,0,0,0,0,0,29,140,37,22,84,1,0,0,4
1,0,0,0,0,49,26,4,75,10,0,0,0,31,40,20,144,32,0,0,0,0,8,54,144,26,0,0,0,62,114,79,9,1,0,0,0,73,14,2,144,61,0,0,0,14,7,15,144,27,0,0,0,19,126,107,25,0,0,0,0,127,144,67,21,0,0,0,0,34,7,11,105,6,0,0,0,4,12,68,14,1,0,4,12,65,104,30,11,8,2,3,3,30,96,63,15,0,0,0,0,6,2,7,44,0,0,0,0,0,3,49,5,1,4,10,9,5,12,29,19,46,17,7,2,1,2,8
4,4,1,0,0,3,1,1,23,24,2,0,0,0,0,6,64,18,0,0,0,0,0,23,141,74,0,0,0,0,1,18,19,5,0,0,0,0,0,29,39,50,3,0,0,0,0,9,60,63,2,0,0,0,0,0,158,112,0,0,0,0,0,0,28,0,0,0,0,0,8,62,81,3,0,0,0,0,0,46,119,53,0,0,0,0,0,20,158,158,0,0,0,0,0,0,51,0,0,0,2,6,23,91,52,0,0,0,0,0,1,68,158,37,0,0,0,0,0,42,158,158,0,0,0,1,12,18
16,13,22,11,59,29,3,4,63,43,0,0,41,35,4,5,121,53,0,0,0,0,0,6,51,25,0,0,0,0,0,2,6,2,15,12,85,127,59,5,129,23,0,0,28,26,6,16,128,27,0,0,0,0,0,18,104,129,0,0,0,0,0,8,30,1,0,0,1,71,88,11,129,16,0,0,0,7,7,27,129,22,0,0,0,0,0,20,129,129,0,0,0,0,29,90,50,3,0,0,0,0,2,5,129,23,0,0,0,0,0,11,81,5,0,0,0,0,0,36,51,0,0,1,2,4,49,98
0,0,3,114,45,0,0,0,91,47,12,111,30,0,1,45,78,42,2,8,20,72,35,75,1,8,9,32,82,62,25,1,0,0,9,106,72,0,0,0,35,4,4,114,114,1,0,24,114,38,23,29,24,8,4,57,8,72,82,54,101,11,3,0,0,0,1,70,74,0,0,0,7,17,42,114,98,0,0,0,114,93,44,19,3,0,1,17,37,31,14,13,114,48,7,17,0,0,0,24,56,8,0,0,0,1,8,64,30,0,0,0,15,8,15,23,0,0,1,11,7,1,0,31,77,12,6,15
120,120,5,4,5,2,0,0,16,22,6,15,44,18,5,3,23,0,0,0,3,5,7,34,39,13,2,0,0,0,0,8,98,103,1,1,7,26,89,29,8,5,1,2,82,120,59,18,110,8,0,0,5,25,39,85,103,17,0,0,0,0,0,7,50,39,51,8,11,10,49,25,45,16,8,17,120,55,11,12,120,32,0,0,14,7,3,23,113,16,0,0,0,0,0,27,28,50,50,9,14,47,40,10,29,6,11,26,120,115,25,19,120,1,0,0,7,6,3,61,120,27,0,0,0,0,0,35
6,14,4,0,0,0,0,0,59,121,46,2,0,0,0,0,8,49,121,107,4,0,0,0,0,0,44,113,5,0,0,0,37,14,13,13,0,0,0,0,121,99,7,3,3,2,2,21,49,31,24,65,85,44,5,8,4,9,16,118,44,29,1,0,17,7,107,105,0,0,0,0,121,16,48,23,1,3,28,116,16,1,8,20,42,39,64,110,26,66,34,38,14,11,1,14,0,0,77,65,0,0,0,0,1,1,74,117,0,0,3,9,13,5,16,62,5,0,12,85,63,25,7,3,0,0,1,71
6,6,0,0,0,0,0,0,126,83,0,0,0,0,5,9,118,65,0,0,5,28,92,34,9,2,0,0,70,78,33,12,23,10,0,0,0,0,0,2,126,61,9,1,0,1,5,15,72,74,78,8,6,9,37,22,29,19,17,34,126,17,4,10,18,0,0,0,0,1,2,8,126,15,2,0,0,0,5,111,106,68,38,4,4,72,84,61,7,10,14,23,89,126,48,11,2,0,0,0,0,0,0,2,34,0,0,0,0,0,26,93,12,0,0,0,0,69,126,73,6,0,0,0,0,93,51,6
1,2,0,0,0,0,0,0,11,20,1,0,0,0,0,0,134,136,3,1,0,0,5,7,87,89,6,2,2,7,84,47,3,1,0,0,0,0,0,2,80,14,0,0,0,1,3,4,136,136,28,4,0,0,2,6,41,73,125,22,24,13,16,10,0,0,0,1,0,0,0,0,68,0,0,0,0,0,1,22,136,29,3,0,0,5,84,136,26,28,28,5,18,133,136,40,0,0,31,108,0,0,0,0,4,0,2,7,0,0,1,8,7,0,0,0,0,2,66,79,1,0,0,0,0,35,117,20
8,0,0,0,116,134,13,5,41,1,0,0,10,71,25,50,134,7,0,0,0,0,8,20,80,3,0,0,3,17,4,8,63,4,0,0,134,134,4,5,134,11,0,0,1,5,1,11,134,18,0,0,0,0,0,6,58,1,0,0,16,46,5,11,106,1,0,0,73,82,3,29,134,2,0,0,0,0,0,25,134,2,0,0,0,2,4,41,21,0,0,0,19,65,11,14,67,0,0,0,35,24,3,83,67,0,0,0,0,0,0,105,38,0,0,0,0,1,8,96,2,0,0,0,6,44,19,18
3,20,36,4,0,0,0,0,161,28,16,4,0,0,0,12,128,7,0,0,0,0,0,10,0,0,0,0,0,0,0,0,0,29,60,7,0,0,0,0,191,16,45,21,0,0,0,28,191,20,1,0,0,0,0,52,25,7,2,0,0,0,0,0,1,76,61,13,0,0,0,0,118,55,72,56,0,0,0,2,191,71,7,2,0,0,0,16,61,13,8,7,0,0,0,2,3,91,43,39,4,0,0,0,45,33,27,68,10,0,0,0,164,27,1,0,0,0,0,11,11,0,0,0,0,0,0,2
0,0,0,0,0,0,0,0,0,3,1,25,24,2,5,0,73,129,5,18,13,3,21,33,97,90,7,0,8,27,4,15,0,0,0,0,0,0,0,0,23,9,0,15,84,38,0,2,129,129,2,9,23,21,3,6,28,54,1,0,42,129,15,1,0,0,0,0,11,7,0,0,43,0,0,0,101,83,2,19,129,7,0,0,29,30,11,111,8,0,0,7,129,129,10,12,0,0,0,0,26,17,0,0,9,0,0,0,87,67,3,19,52,0,0,0,6,19,29,129,1,0,0,2,129,116,24,24
0,0,2,5,1,3,1,0,0,0,39,48,7,18,14,0,11,34,52,38,4,3,6,11,2,22,30,59,140,16,3,5,0,0,1,1,0,3,6,0,10,1,18,17,3,54,145,27,127,52,30,12,10,9,65,95,17,26,17,18,145,67,1,5,0,0,0,0,0,0,0,0,43,18,11,57,11,15,26,11,145,64,3,10,26,18,10,48,19,5,0,9,145,106,1,4,0,0,0,0,0,0,0,0,13,1,2,31,56,0,0,7,119,4,0,12,54,10,11,135,6,0,0,87,145,36,11,26
3,20,114,16,0,0,0,0,91,104,100,0,0,0,0,6,41,90,129,8,0,0,0,1,0,11,129,19,0,0,0,0,1,2,129,78,0,0,0,0,129,38,104,35,0,0,0,14,129,60,63,42,0,0,0,25,8,4,45,129,7,0,0,0,0,0,70,40,0,0,0,0,22,25,129,60,0,0,0,1,129,62,39,16,1,0,0,20,46,6,6,129,33,0,0,4,0,0,0,0,0,0,0,0,0,1,3,0,0,0,0,0,24,13,3,0,0,0,0,0,13,6,4,46,10,0,0,0
3,2,20,7,2,0,0,2,112,18,5,0,0,0,0,78,158,44,2,6,4,0,0,81,29,10,2,50,114,9,1,5,0,3,30,15,12,13,3,0,155,17,5,2,2,1,0,16,158,39,0,3,7,2,0,22,31,9,13,58,140,17,1,1,0,0,0,0,5,23,9,0,158,13,1,0,1,3,1,11,158,28,0,1,1,17,18,57,20,3,9,20,23,70,38,16,1,20,41,5,0,3,2,1,62,73,54,0,0,0,1,7,158,26,9,0,0,3,9,81,21,3,6,26,12,14,16,25
1,55,7,0,0,0,0,0,6,121,58,0,0,0,0,0,19,121,110,0,0,0,0,1,1,39,121,27,0,0,0,0,1,121,73,4,0,0,0,0,33,106,44,31,1,0,0,13,121,63,19,2,0,0,2,39,24,10,38,32,5,4,15,10,0,69,114,23,7,22,25,0,9,18,49,81,7,20,40,1,78,29,12,5,0,29,101,24,7,0,0,0,1,19,121,20,0,1,2,1,3,87,119,0,0,0,1,2,2,45,121,0,0,2,8,1,1,63,121,0,0,0,10,5,0,18,108,13
5,0,0,0,0,4,19,2,166,9,0,0,0,0,4,25,166,43,0,0,0,0,0,16,103,26,0,0,0,0,0,1,4,0,0,0,0,0,0,1,166,7,0,0,0,0,0,60,166,32,0,0,0,0,0,81,82,24,0,0,0,0,0,4,4,1,0,0,0,0,0,0,166,49,0,0,0,0,0,7,166,76,0,0,0,0,0,17,31,2,0,0,0,0,0,2,4,1,0,0,0,0,0,0,166,15,0,0,0,0,0,9,153,6,0,0,0,0,0,15,0,0,0,0,0,0,0,0
29,55,45,9,0,0,0,0,31,50,32,70,15,9,8,2,13,50,29,75,17,6,2,0,55,133,15,0,0,0,0,0,10,16,20,4,0,29,140,5,22,10,1,5,9,83,140,19,140,42,2,8,11,29,64,36,114,81,1,0,0,0,0,0,0,0,0,0,0,27,140,0,87,5,0,0,0,24,101,17,140,34,0,0,0,1,11,23,140,19,0,0,0,0,0,3,0,0,0,0,0,0,1,0,68,1,0,0,0,0,0,18,140,22,0,0,0,0,0,54,86,26,0,0,0,0,0,3
0,0,0,0,0,0,0,0,99,2,0,0,0,0,0,1,142,15,3,8,11,3,1,6,4,2,11,35,51,24,1,0,0,10,133,8,0,0,0,0,88,14,104,22,0,0,0,3,142,26,20,12,2,2,6,31,14,4,30,77,26,42,14,7,0,11,142,64,0,0,0,0,11,13,142,92,0,0,0,0,81,34,108,57,4,9,16,25,4,0,1,26,24,100,34,8,0,0,49,36,0,0,0,0,0,0,118,46,0,0,0,0,0,0,74,137,3,0,0,0,0,0,20,142,28,3,0,0
12,54,3,0,0,0,0,0,34,93,23,0,0,0,0,3,13,67,120,5,0,0,0,2,0,5,120,34,0,0,0,0,37,23,1,0,0,0,0,1,104,34,2,0,0,0,1,71,120,64,67,4,0,0,0,69,23,20,120,61,3,10,0,0,7,41,45,6,0,0,0,0,88,57,14,9,0,0,1,29,120,89,0,0,0,11,38,64,36,10,5,6,4,120,69,7,3,85,61,37,0,0,0,0,20,7,55,120,8,0,9,40,29,13,44,17,0,12,120,101,2,28,53,0,0,79,97,6
21,37,10,2,5,5,16,20,0,5,4,2,15,9,5,0,0,0,0,0,0,0,0,0,0,0,0,0,0,0,0,0,24,7,1,0,4,10,152,127,133,93,7,2,15,18,50,45,19,52,19,15,0,0,0,0,0,0,2,0,0,0,0,0,128,0,0,0,0,0,35,89,152,22,2,0,0,0,4,98,135,46,60,22,0,0,0,18,6,24,18,1,0,0,0,0,107,10,0,0,0,0,0,17,152,0,0,0,0,0,0,136,150,6,1,0,0,0,12,134,20,7,0,0,0,0,11,38
111,20,3,0,0,0,0,1,136,81,25,0,0,0,0,1,18,98,49,4,0,0,0,0,4,14,26,9,0,0,0,0,101,56,16,1,0,0,0,0,136,85,33,8,0,0,0,13,33,56,72,46,5,1,2,5,2,10,5,1,0,0,0,0,24,136,136,0,0,0,0,0,136,136,99,17,0,1,13,41,27,3,10,24,7,8,36,26,0,0,0,0,0,0,0,0,0,136,136,2,2,0,0,0,1,75,136,58,18,7,1,0,0,0,11,23,1,1,2,0,0,0,0,0,0,0,0,0
10,142,28,0,0,0,0,0,47,142,5,0,0,0,0,0,40,142,1,0,0,0,0,13,41,48,3,0,0,0,6,46,16,142,142,2,2,6,7,12,11,142,54,10,18,26,9,3,47,10,0,0,1,3,2,27,16,3,0,0,0,0,15,55,32,37,15,2,3,59,93,70,46,11,3,1,8,62,103,49,76,48,1,0,0,1,2,11,9,26,25,3,0,0,0,1,16,42,4,5,28,93,25,5,92,142,0,0,0,12,19,21,41,138,4,0,0,0,0,1,1,42,56,5,0,0,0,0
83,0,0,0,0,0,0,54,151,1,0,0,0,0,2,140,19,2,1,6,5,3,19,24,16,2,0,0,0,1,7,42,65,2,0,0,0,0,0,17,151,39,1,3,2,2,3,69,70,21,4,22,83,55,19,12,36,0,0,0,20,29,38,98,71,3,0,0,0,0,0,3,151,18,0,0,0,6,37,89,40,19,4,20,82,64,77,37,65,1,1,30,59,16,10,83,32,2,0,0,0,0,0,7,151,17,0,0,0,0,5,92,64,87,18,24,26,33,19,38,10,4,6,38,87,77,12,46
3,3,30,25,0,0,0,0,28,8,6,2,0,0,0,2,8,0,0,0,0,0,0,1,0,0,0,0,0,0,0,0,0,0,115,148,0,0,0,0,117,11,49,102,0,0,0,15,168,5,2,2,0,0,0,20,10,0,0,0,0,0,0,0,0,0,30,138,10,0,0,0,69,15,17,168,30,0,0,1,168,56,6,13,2,0,0,7,64,33,17,0,0,0,0,0,0,2,4,75,50,0,0,0,32,16,1,72,59,0,0,0,168,121,3,11,5,0,0,0,67,83,48,0,0,0,0,0
4,80,123,0,0,0,0,0,65,127,91,0,0,0,0,3,25,127,127,3,0,0,0,1,0,39,127,13,0,0,0,0,4,22,127,9,0,0,0,0,127,64,82,3,0,0,0,18,127,68,56,15,0,0,0,28,12,8,73,122,0,0,0,1,0,0,127,11,0,0,0,0,21,38,127,12,0,0,0,1,127,62,27,2,0,0,0,17,57,12,24,96,0,0,0,4,0,0,0,0,0,0,0,0,0,0,3,0,0,0,0,0,11,5,1,0,0,0,0,0,9,3,3,9,0,0,0,0
4,1,2,0,5,11,3,7,143,29,5,0,0,0,1,36,91,69,74,28,0,0,0,8,46,9,32,47,0,0,0,3,4,0,14,11,6,5,0,1,147,11,4,2,0,0,0,64,147,38,17,25,3,0,0,85,36,11,17,103,53,1,0,4,0,0,33,26,7,9,2,0,147,43,10,6,2,1,0,6,147,110,0,3,14,1,0,10,27,16,4,27,147,24,3,3,1,0,2,2,5,21,7,0,147,34,1,0,1,3,0,2,147,57,0,2,10,8,9,17,10,5,19,38,63,17,13,4
3,0,0,0,0,37,63,0,87,6,0,0,0,5,45,36,88,6,0,1,3,14,140,140,18,10,1,0,0,0,140,140,8,1,0,3,0,0,0,0,83,17,2,7,2,2,2,5,10,8,7,57,17,11,33,9,20,64,11,9,1,0,57,35,5,1,12,15,0,0,0,0,102,9,6,5,0,0,0,19,43,41,21,75,7,0,0,7,25,140,61,44,7,0,0,0,0,0,6,5,0,0,21,4,37,3,4,1,0,0,14,36,100,56,6,12,0,0,8,105,134,140,88,82,14,18,43,72
1,4,0,55,86,0,0,0,17,72,15,2,1,0,0,0,3,39,39,15,5,9,0,0,0,1,10,6,7,26,1,0,23,18,1,77,128,8,0,0,128,128,89,26,8,3,2,16,10,37,127,128,65,34,3,4,0,0,18,85,22,15,1,0,25,2,0,33,128,27,2,11,128,29,6,9,24,30,42,128,14,6,8,34,100,128,51,44,0,0,4,21,23,48,26,0,8,0,0,1,82,37,3,10,15,0,0,0,24,14,16,122,5,1,6,10,31,38,22,62,2,6,36,15,7,8,8,1
3,5,45,98,83,11,0,0,1,4,1,68,121,0,0,0,11,61,15,3,3,0,0,0,1,25,28,11,3,6,0,0,7,6,18,41,121,103,10,3,23,17,1,65,121,24,0,1,121,121,69,28,12,6,4,20,5,21,69,121,47,32,3,3,3,0,0,0,24,121,55,8,24,1,0,18,121,41,5,15,121,16,3,5,23,34,36,121,5,2,3,16,53,121,33,23,31,0,0,0,2,46,32,15,11,0,0,0,69,50,3,10,13,0,0,0,14,12,8,85,7,1,8,9,16,16,8,36
73,0,0,0,0,4,0,15,145,17,1,0,0,0,23,97,12,14,3,1,88,67,36,39,21,24,6,2,67,43,0,0,53,0,0,0,0,0,0,17,145,48,4,2,12,0,0,34,38,32,9,11,145,56,0,2,65,4,0,1,48,24,1,21,46,0,0,0,0,0,0,5,145,7,0,6,16,0,0,62,64,3,4,133,145,12,0,14,29,7,18,56,30,6,2,13,13,0,0,0,0,0,0,5,145,0,0,1,0,0,1,132,60,0,1,46,69,34,9,67,0,0,7,34,60,29,1,0
10,0,0,0,0,8,4,37,47,8,0,0,0,3,10,55,94,35,10,19,8,13,19,24,18,0,5,39,14,30,135,108,19,2,0,0,0,2,1,12,135,6,0,0,0,0,0,23,135,61,33,53,3,0,0,5,20,11,36,135,14,2,1,8,12,0,0,0,0,1,7,35,135,3,0,0,0,0,0,46,135,20,4,5,0,7,41,63,19,5,7,107,53,42,112,14,1,0,0,2,10,6,12,43,40,0,0,0,0,0,4,112,58,0,0,0,0,38,102,115,3,0,0,0,5,63,135,13
81,72,1,0,0,0,0,2,55,67,18,5,13,17,10,17,51,15,0,1,14,44,29,17,79,49,1,0,0,0,2,7,94,16,1,0,0,0,30,84,33,15,10,4,16,68,132,53,132,26,0,1,14,33,24,19,132,132,2,0,0,0,0,13,2,0,4,59,0,0,18,31,70,3,0,1,0,7,68,30,132,21,0,0,0,1,7,29,132,30,0,0,0,0,23,132,0,0,17,132,0,0,0,0,61,4,10,68,0,0,0,8,132,9,0,0,0,0,0,43,76,30,1,0,0,0,3,47
0,1,0,0,18,128,0,0,0,16,21,0,5,77,0,0,0,4,41,11,0,1,0,0,0,0,4,9,0,0,0,0,12,14,3,0,7,96,0,0,104,128,72,8,1,2,0,8,11,31,128,128,13,1,0,2,0,2,61,128,0,0,0,0,12,20,128,6,0,2,0,0,128,43,81,8,2,2,12,69,38,23,38,39,23,10,38,61,20,19,66,128,2,0,1,20,0,48,128,8,0,0,0,0,5,18,128,44,0,0,2,5,15,14,119,41,0,0,9,23,23,18,26,15,1,1,2,24
7,12,0,0,0,0,0,0,102,127,0,0,0,0,0,6,72,109,1,1,4,37,27,21,43,7,0,0,2,24,18,25,48,11,0,0,0,0,0,5,127,112,11,1,0,3,11,34,39,31,19,12,49,67,37,23,127,28,0,0,10,17,8,14,22,0,12,46,0,0,0,18,75,7,1,1,0,12,108,127,73,2,1,1,12,86,127,45,127,11,0,0,1,5,7,40,0,0,59,127,0,0,0,1,0,0,27,102,0,0,15,13,98,0,2,5,0,1,14,29,127,0,0,0,0,0,0,67
17,31,11,0,0,0,0,7,113,89,9,0,0,0,0,37,142,21,8,0,0,0,0,53,19,0,0,0,0,0,0,7,64,13,4,1,5,7,3,23,159,137,46,6,0,0,0,36,86,64,96,55,1,0,0,6,33,7,2,3,0,0,0,1,51,9,23,22,5,3,0,10,159,58,8,4,0,0,0,62,130,41,28,83,91,8,2,8,7,3,3,10,24,8,8,4,34,10,8,12,11,16,1,0,159,76,1,1,2,0,1,7,108,27,16,46,106,12,8,8,0,9,43,21,22,4,3,1
83,5,7,4,3,3,1,34,176,45,31,18,2,0,0,72,48,20,37,64,38,4,3,4,5,0,0,0,2,1,2,1,71,10,23,21,9,9,0,5,176,47,2,7,13,0,1,25,87,21,30,79,151,12,6,5,0,10,30,11,9,3,4,1,59,41,20,5,14,15,1,2,176,48,3,1,2,3,10,65,62,6,18,26,26,27,50,55,4,9,19,4,0,1,13,35,18,34,14,1,1,0,32,68,159,30,2,0,0,0,9,137,52,0,4,15,31,13,20,64,1,0,5,13,6,4,40,46
11,0,0,0,12,16,13,100,29,11,39,16,12,21,11,73,69,143,90,9,1,3,3,5,143,143,2,0,5,4,9,15,6,0,52,26,5,2,0,28,79,20,40,6,0,0,0,143,143,131,38,0,0,0,0,94,143,80,1,0,7,16,19,26,0,0,38,16,0,0,0,0,37,43,53,9,0,0,0,11,143,108,3,0,0,0,0,16,114,23,3,27,33,20,6,14,0,0,0,0,0,0,0,0,0,0,0,0,0,0,0,0,5,3,0,0,0,0,0,0,4,3,1,10,3,0,0,0
13,2,0,0,1,5,0,0,154,81,1,0,2,0,0,3,68,52,5,4,65,84,8,20,23,21,11,5,30,77,4,1,37,5,0,0,0,1,0,0,154,85,0,4,21,3,0,8,69,27,2,50,154,61,0,3,71,11,3,13,22,27,10,11,44,0,0,0,0,0,0,1,154,4,0,3,10,9,4,53,52,2,2,52,145,67,6,19,6,2,2,17,30,45,14,3,17,11,119,7,0,0,0,0,154,42,50,6,2,2,1,11,50,9,7,84,74,38,3,5,0,0,0,30,51,21,0,0
24,25,12,41,8,1,3,1,83,2,3,47,12,1,10,69,98,2,6,46,71,9,5,72,0,0,10,130,83,2,0,0,43,13,3,22,13,9,45,22,75,2,1,42,58,30,17,21,130,42,37,15,8,3,1,38,13,16,61,130,102,9,0,1,6,0,0,0,0,9,104,27,93,32,0,0,8,29,43,14,130,35,1,0,1,13,25,68,18,3,2,16,106,130,32,19,8,0,0,0,0,0,13,30,56,8,0,0,0,0,5,71,34,4,0,0,0,25,79,97,0,0,0,0,5,130,59,10
25,11,0,0,0,0,1,5,67,26,1,0,0,0,2,67,62,23,4,47,109,4,7,43,0,0,0,54,129,2,1,0,13,87,9,4,3,0,0,0,53,39,11,13,31,5,7,42,129,24,3,34,117,6,2,89,3,0,0,50,129,8,0,1,33,54,4,4,12,5,15,41,53,43,4,18,85,19,9,10,129,63,2,6,104,41,4,19,3,0,0,8,129,39,0,0,12,13,1,0,1,5,24,48,66,129,5,0,7,18,17,9,47,81,28,63,80,23,3,2,0,3,2,32,129,12,0,0
96,0,0,0,0,0,0,11,137,1,0,4,18,14,5,55,4,0,1,30,101,47,3,5,2,0,1,7,16,29,7,1,84,17,38,0,0,0,0,6,137,24,11,15,7,4,1,24,15,5,8,115,81,25,1,2,0,0,0,38,49,16,0,0,13,31,137,16,0,0,0,0,112,65,137,32,5,10,5,12,12,2,7,60,85,92,7,6,0,0,2,23,49,31,0,0,0,0,137,25,0,0,0,0,0,3,136,110,6,0,0,0,0,0,19,137,67,3,0,0,0,0,1,55,49,2,0,0
5,4,0,0,0,0,8,12,26,35,0,0,0,0,2,19,101,88,9,1,1,0,0,57,45,12,4,1,6,8,49,117,11,28,6,0,0,0,0,1,75,52,5,0,0,0,0,21,117,93,11,2,23,16,4,66,7,10,6,4,117,114,74,38,1,54,59,5,7,2,0,0,58,66,26,3,7,5,3,16,102,114,11,9,75,21,1,23,2,2,2,4,117,99,5,3,6,18,20,6,38,29,4,9,91,73,3,2,28,20,3,16,117,54,3,4,117,83,0,7,0,0,0,1,117,86,0,0
4,7,20,0,0,0,0,6,52,33,8,0,0,0,0,34,140,101,3,0,0,0,0,47,17,41,10,0,0,0,0,1,11,21,4,0,0,0,0,17,103,59,15,0,0,0,0,9,140,88,4,0,0,0,0,53,62,35,9,0,0,0,0,35,42,50,11,0,0,0,0,1,92,133,66,2,4,6,1,8,105,37,33,6,16,44,34,139,30,0,0,0,0,1,22,140,36,60,26,1,0,1,0,2,78,56,14,3,27,67,6,14,3,1,2,1,53,140,56,60,0,0,0,0,0,7,76,140
3,29,28,15,4,0,0,0,120,21,12,13,5,1,0,31,164,91,33,10,6,0,0,33,12,16,18,14,15,2,0,0,37,65,72,69,38,15,13,17,130,17,25,59,49,12,0,7,164,32,4,20,17,1,3,39,26,8,30,50,37,4,6,11,17,5,2,12,52,42,103,51,79,46,8,6,36,23,33,56,164,35,1,1,1,3,11,139,26,2,6,8,5,10,52,55,0,3,13,12,39,9,18,8,24,18,16,0,0,0,21,68,121,4,0,0,0,0,2,120,19,0,1,8,3,2,6,18
4,3,0,0,0,1,12,2,17,1,0,0,0,0,0,0,16,0,0,0,0,0,0,0,0,0,0,0,0,0,0,0,6,10,0,0,1,5,0,0,160,3,0,0,0,4,0,15,186,21,0,0,0,0,0,17,33,39,2,0,0,0,0,0,2,2,0,1,2,13,0,0,186,5,0,0,0,4,1,10,186,50,0,0,0,0,1,75,104,108,5,0,0,0,8,83,0,1,20,18,2,3,0,0,116,31,19,4,0,0,0,9,186,36,0,0,0,0,2,135,76,10,0,0,0,0,9,111
14,41,11,2,7,45,15,5,6,37,39,96,25,1,2,1,17,81,33,27,6,0,0,1,1,19,98,19,3,2,4,1,78,34,6,1,0,5,20,65,47,30,21,47,63,92,60,38,137,137,48,11,18,16,2,10,12,73,137,53,47,25,0,1,10,2,0,0,0,11,49,30,74,0,0,0,1,63,67,32,137,37,2,0,4,16,12,97,31,16,8,8,94,137,15,25,1,2,0,0,3,5,6,2,71,0,0,0,3,7,1,6,137,23,0,4,22,4,1,22,31,8,1,14,101,40,2,8
0,0,0,0,0,0,0,0,1,1,0,0,4,3,2,0,6,39,49,12,18,3,1,0,3,42,90,16,0,0,0,0,0,0,0,0,0,0,0,0,38,5,1,3,16,13,8,8,133,133,53,4,1,3,4,16,35,74,133,133,0,0,0,2,0,0,0,0,2,10,4,0,33,19,7,6,17,18,22,41,133,49,8,1,0,0,19,133,100,33,66,81,14,31,130,133,0,2,4,2,18,24,2,0,15,48,18,1,8,21,19,50,41,83,46,19,3,2,44,119,3,3,17,45,22,37,133,71
23,18,0,0,0,0,1,3,98,22,1,0,0,0,0,37,82,15,2,23,94,6,4,40,0,0,0,37,134,15,7,0,16,96,13,3,1,0,0,0,63,39,17,13,22,1,1,25,134,18,1,23,101,8,0,53,2,0,0,37,134,14,0,1,41,36,4,2,6,5,14,55,50,52,4,13,49,17,12,10,132,61,2,6,106,39,1,13,1,0,0,1,134,55,0,0,30,24,0,0,0,1,12,44,65,134,5,0,1,6,11,10,24,75,21,49,133,25,2,2,0,3,4,15,134,13,0,0
16,0,0,0,0,3,11,25,58,13,1,1,0,0,12,86,53,4,7,49,8,1,20,120,11,0,2,120,118,0,3,44,49,5,0,0,0,0,3,16,120,60,11,17,3,1,3,14,91,12,13,59,22,8,11,81,109,14,15,115,84,1,3,56,33,0,0,0,0,3,7,56,74,7,0,2,2,5,76,105,120,9,0,11,18,34,75,35,120,37,18,37,26,24,15,35,1,0,0,0,0,11,18,37,7,0,0,0,0,0,35,86,87,4,0,0,0,0,22,93,62,2,0,0,3,65,95,78
0,0,0,0,0,28,84,1,3,0,0,0,0,64,154,23,19,1,0,0,0,12,154,154,29,0,0,0,0,0,108,154,13,0,0,0,0,33,65,14,75,19,0,0,0,29,78,23,53,11,0,0,0,2,42,56,123,0,0,0,0,0,26,154,62,0,0,0,0,0,6,41,108,4,0,0,0,0,12,54,22,2,0,0,0,6,44,28,90,16,0,0,0,0,6,85,63,0,0,0,0,0,0,16,85,0,0,0,0,0,5,36,45,8,0,0,0,0,6,25,102,87,6,3,0,0,0,3
4,18,27,46,29,18,4,1,11,60,50,22,3,0,2,6,3,13,92,19,1,0,3,1,1,2,9,11,5,4,2,0,44,26,22,31,17,33,49,36,135,135,81,21,13,16,8,17,11,50,135,97,101,39,1,2,0,0,8,53,100,15,2,0,57,0,0,0,0,24,64,35,135,24,2,1,16,30,15,90,29,10,12,19,135,130,9,18,1,1,15,84,69,15,0,0,57,0,0,0,3,5,1,7,135,8,0,10,28,3,0,38,26,3,1,34,103,24,6,12,2,0,2,11,44,55,7,4
1,2,65,44,5,4,28,16,0,7,133,35,5,3,15,3,1,46,142,18,0,0,2,3,4,123,131,0,0,0,0,0,0,1,19,4,0,1,142,92,28,5,36,6,1,6,142,84,142,120,63,4,0,0,37,85,31,108,89,0,0,0,0,0,0,0,1,7,0,0,41,11,142,15,0,0,0,0,58,35,142,36,0,0,0,0,4,26,19,7,0,0,0,0,0,0,0,0,5,7,0,0,0,1,43,6,2,2,0,0,0,3,29,1,0,0,0,0,0,3,0,0,0,0,0,0,0,0
0,0,0,0,0,0,2,1,0,0,0,0,0,0,141,49,7,0,0,0,0,0,141,141,94,0,0,0,0,0,52,141,15,0,0,0,0,0,4,11,86,13,0,0,0,0,62,51,71,13,0,0,0,0,46,87,141,0,0,0,0,0,8,141,61,11,0,0,0,0,0,2,141,16,0,0,0,0,0,18,55,15,0,0,0,0,8,48,141,22,0,0,0,0,0,72,60,19,0,0,0,0,0,1,75,11,0,0,0,0,2,25,90,86,1,0,0,0,0,12,73,94,19,8,4,0,0,13
0,0,0,0,0,0,0,0,86,9,0,0,0,0,0,17,142,32,0,0,0,0,3,126,102,8,0,0,38,104,73,120,1,2,5,3,0,0,0,0,141,23,12,3,0,0,0,11,142,81,1,1,3,0,1,23,75,37,2,15,142,57,6,8,0,0,1,0,0,0,0,0,43,18,5,1,0,0,0,3,142,17,0,0,2,7,59,114,35,10,3,25,136,80,122,47,0,0,0,0,0,0,0,0,0,0,0,0,0,0,0,0,1,0,0,0,0,1,25,14,37,65,1,0,0,9,56,13
