0,0,0,0,0,0,50,18,0,0,0,0,0,0,32,10,0,0,0,0,0,0,6,3,0,0,0,0,0,0,0,0,0,0,0,0,0,0,145,91,15,0,0,0,0,0,145,138,90,9,3,2,1,0,80,131,6,2,21,10,0,0,0,2,3,0,0,0,0,0,55,85,108,15,0,0,0,0,51,66,145,71,4,1,0,0,6,40,15,10,28,6,0,0,0,1,86,9,0,0,0,0,58,144,127,2,0,0,0,0,31,98,145,10,0,0,0,0,0,124,16,2,1,0,0,0,0,22
143,52,2,0,0,0,0,15,143,12,0,0,0,0,0,30,143,0,0,0,0,0,0,51,0,0,0,0,0,0,0,0,103,69,10,0,0,0,0,3,123,44,36,0,0,0,0,17,143,34,6,0,0,0,0,62,8,0,0,0,0,0,0,1,24,143,111,0,0,0,0,0,18,143,143,1,0,0,0,0,91,121,86,4,7,1,0,5,7,1,0,0,1,0,0,0,13,143,36,0,0,0,0,0,3,33,44,5,6,0,0,0,0,2,12,13,36,1,0,0,0,0,0,1,7,0,0,0
6,13,80,64,0,0,0,1,27,84,75,80,0,0,0,0,42,106,84,39,12,0,0,0,52,19,15,23,38,88,32,19,69,18,10,20,0,0,0,33,58,31,26,100,10,0,0,4,114,38,6,59,45,0,0,7,1,1,15,114,114,62,7,1,96,30,11,2,0,0,0,29,72,11,2,66,24,0,0,9,109,14,4,27,29,2,3,35,4,18,56,113,77,2,2,5,24,42,63,3,0,0,0,1,42,78,85,22,9,0,0,4,17,89,114,12,5,0,0,5,1,68,114,7,3,0,0,1
0,0,0,0,129,129,0,0,68,32,0,0,42,97,17,7,77,122,5,0,0,1,2,7,92,84,1,0,0,0,0,10,4,1,0,0,129,67,0,0,129,45,0,1,62,15,0,6,111,23,0,0,0,1,10,56,86,2,0,0,0,0,7,105,8,1,0,4,129,61,0,1,129,6,0,2,37,12,1,20,47,0,0,0,0,17,23,47,20,0,0,0,0,0,19,129,2,2,12,66,112,18,0,0,82,24,21,35,9,2,0,2,19,1,0,0,13,20,7,8,0,0,0,0,1,5,23,66
150,115,0,0,0,0,0,12,118,150,0,0,0,0,0,19,25,13,0,0,0,0,7,30,0,0,0,0,0,0,1,0,150,15,0,0,0,0,1,52,150,19,0,0,0,0,1,77,49,7,0,0,0,1,13,91,3,1,0,0,0,2,4,4,150,84,0,0,0,0,0,3,142,108,25,0,0,0,0,5,50,81,10,0,1,1,0,6,4,7,3,4,5,3,0,0,150,89,0,0,0,0,0,0,115,61,13,0,0,0,0,0,7,22,5,0,0,5,4,3,0,0,0,0,3,8,1,0
7,0,0,0,1,20,127,58,6,2,2,0,4,14,21,26,0,1,4,4,0,0,0,0,0,0,0,0,1,0,0,0,56,6,0,0,0,0,112,152,152,17,4,3,1,0,11,97,19,7,8,21,30,1,0,1,0,0,0,1,6,0,0,0,152,77,0,0,0,0,2,152,152,94,0,0,1,3,4,22,19,0,0,2,30,21,7,7,0,0,0,0,6,0,0,0,152,10,0,0,0,0,0,152,97,18,1,0,0,0,2,150,3,1,2,5,3,4,4,7,0,0,0,0,2,0,0,0
47,0,0,0,60,17,0,6,153,2,0,1,15,4,0,22,42,2,5,39,144,26,1,6,16,31,22,11,12,4,7,20,69,3,0,0,84,12,0,0,153,10,0,0,24,10,0,10,47,2,1,3,153,98,10,7,13,21,8,1,10,21,40,50,70,17,4,21,72,4,0,0,153,28,0,0,39,15,0,7,30,1,3,4,153,83,6,14,13,15,9,5,8,6,24,61,24,32,21,51,19,0,0,0,149,43,3,0,36,17,4,10,9,0,2,5,132,48,4,11,16,11,11,9,3,1,5,26
6,3,0,0,27,45,33,37,20,0,0,0,8,38,126,126,4,0,0,0,2,94,126,34,57,1,0,0,0,14,78,126,7,2,0,8,126,65,5,10,126,13,0,6,63,40,17,91,56,9,10,14,7,21,13,19,119,39,6,2,1,3,3,28,12,5,0,34,126,18,0,3,126,42,1,22,65,4,1,6,71,5,3,3,0,7,22,19,118,14,1,0,0,0,2,16,9,3,0,1,87,41,1,3,110,21,0,1,29,8,3,11,49,1,0,0,0,9,14,17,100,0,0,0,0,0,0,19
117,41,3,16,124,25,1,6,126,33,4,8,2,3,5,11,45,47,15,11,2,3,3,3,126,40,0,0,0,0,0,45,124,56,1,10,86,28,0,2,115,21,0,0,0,9,31,22,126,15,0,0,0,2,12,19,126,14,0,0,0,0,0,12,88,30,0,0,24,14,7,22,70,8,0,0,0,8,23,37,126,13,0,0,0,0,1,18,126,0,0,0,0,0,0,28,11,0,0,0,5,22,53,41,39,0,0,0,0,1,41,126,77,1,0,0,0,0,26,111,126,0,0,0,0,0,1,51
0,0,0,0,0,0,58,29,27,36,0,0,0,0,43,46,40,154,18,0,0,1,10,9,24,47,30,0,0,0,3,3,19,1,0,0,0,0,53,28,159,152,1,0,0,0,13,42,59,159,40,5,7,0,0,3,5,24,38,0,1,0,0,8,16,0,0,0,0,24,46,24,159,16,0,0,0,3,16,151,151,10,1,13,22,0,0,28,5,0,0,6,6,0,0,18,22,2,0,0,0,29,31,5,159,28,0,0,0,3,6,31,159,5,0,4,8,3,0,9,3,0,0,14,6,0,0,2
193,9,1,0,0,0,0,76,72,10,7,3,0,0,0,20,16,1,4,17,7,0,0,11,0,0,9,53,30,10,3,1,193,67,2,2,0,0,1,22,86,19,8,26,20,0,0,5,53,12,5,4,2,0,1,14,3,6,13,44,24,8,3,0,193,193,2,4,2,0,0,0,47,26,3,46,50,0,0,0,29,3,1,8,10,13,27,18,1,0,0,1,26,40,61,3,193,99,0,1,4,0,0,1,17,5,0,20,71,9,0,1,0,0,0,7,21,48,14,0,0,0,0,0,4,33,31,0
26,62,43,11,0,0,0,0,1,23,68,13,0,0,0,0,40,40,19,0,0,0,0,3,29,17,0,0,32,34,0,1,25,40,22,8,2,4,3,11,5,4,23,24,34,23,2,1,81,14,1,1,7,18,3,5,21,6,0,0,65,166,5,2,33,3,0,0,3,6,10,39,8,0,0,0,46,24,3,4,47,2,0,0,63,116,6,11,3,0,0,0,166,166,7,1,30,3,0,0,5,0,0,8,6,0,0,0,52,10,2,3,2,0,0,0,166,166,9,7,0,0,2,7,166,166,2,0
22,163,163,1,0,0,0,1,128,163,98,0,0,0,0,2,163,67,0,0,0,0,0,1,31,0,0,0,0,0,0,0,0,139,163,0,0,0,0,2,26,84,48,0,0,1,1,3,146,8,0,0,0,0,0,4,39,0,0,0,0,0,0,0,0,1,1,0,0,0,3,12,33,1,0,0,0,1,3,8,151,6,0,0,0,0,0,2,34,2,0,0,0,0,0,0,0,0,0,0,0,0,5,14,30,0,0,0,0,0,2,15,127,0,0,0,0,0,0,5,27,0,0,0,0,0,0,0
9,115,121,5,0,0,0,0,20,85,79,41,6,0,0,0,87,102,121,18,0,0,0,6,7,10,121,81,0,0,0,6,29,30,33,8,17,2,7,11,43,22,11,26,49,3,0,3,121,11,1,3,8,0,1,23,13,1,10,10,1,5,28,43,18,4,0,0,5,4,121,121,34,5,0,1,36,20,68,102,121,4,0,0,5,8,10,36,5,3,2,0,0,29,30,6,57,28,1,1,4,0,29,72,27,14,3,4,24,16,75,121,66,2,4,0,1,8,54,121,3,11,20,0,0,18,109,17
1,124,130,0,0,0,0,0,9,130,129,2,0,0,0,0,18,130,49,14,1,0,0,0,17,15,35,37,5,0,0,1,29,103,54,3,1,0,0,2,19,36,59,24,19,0,0,3,60,32,7,10,7,0,0,15,9,3,2,38,39,0,0,1,43,4,0,0,1,0,41,96,17,1,0,9,33,11,48,25,66,13,1,4,8,4,16,48,6,2,1,12,66,8,3,8,3,0,0,0,0,0,130,130,0,0,0,0,2,9,130,105,4,0,0,0,1,3,130,130,0,0,0,0,15,18,114,55
0,15,129,11,0,4,7,0,12,100,129,0,0,1,5,0,12,75,129,5,0,0,0,0,0,87,129,5,0,0,0,0,0,4,129,89,0,0,0,0,64,71,115,26,0,0,0,6,129,69,96,4,0,0,0,41,8,17,111,28,0,0,0,5,0,0,113,123,0,0,0,0,9,14,129,90,0,0,0,1,73,72,71,7,0,0,0,13,15,18,10,3,1,5,3,2,0,0,9,26,3,2,6,5,0,0,36,37,7,4,1,0,1,11,37,7,1,0,0,0,1,2,2,9,13,9,2,0
127,3,0,0,0,0,0,127,79,20,0,0,0,7,8,17,7,1,2,7,2,2,18,18,3,10,10,7,1,0,0,2,127,0,0,0,0,0,13,100,80,2,0,0,0,61,127,66,76,4,0,0,0,15,70,72,39,6,1,1,0,0,0,11,127,0,0,1,5,1,17,127,104,12,0,0,0,13,78,80,127,63,0,0,0,1,9,15,46,36,6,4,1,0,0,0,127,3,0,8,12,0,0,40,127,48,0,0,0,0,0,14,127,99,0,0,0,0,0,0,18,28,2,1,4,5,0,0
0,0,0,48,129,66,0,0,22,74,19,84,129,15,0,0,58,110,6,3,29,10,0,0,61,41,0,0,22,10,0,0,2,0,0,1,129,129,3,2,119,39,2,3,70,80,8,25,51,41,0,1,53,33,1,3,84,57,0,0,13,15,1,1,4,13,14,49,129,57,1,1,105,72,26,17,43,31,9,19,75,9,0,2,22,55,24,29,69,16,0,0,4,41,7,15,0,8,46,91,100,21,17,4,1,31,71,52,70,16,2,1,49,25,7,21,45,13,5,16,28,5,0,0,2,23,6,11
119,9,0,2,10,1,0,36,136,15,0,0,0,0,0,86,72,49,0,0,0,0,0,10,14,13,0,1,3,0,0,2,136,25,0,4,12,1,0,7,136,61,0,0,0,0,5,21,89,29,0,0,0,18,56,18,6,0,0,0,0,4,36,38,136,3,0,0,24,7,2,39,136,8,0,0,0,0,40,131,36,5,0,0,0,18,136,68,74,18,0,0,0,2,38,51,136,5,0,2,27,1,0,8,111,5,0,0,0,0,6,41,95,60,0,0,0,0,11,19,77,79,0,0,0,0,0,1
1,1,2,3,130,56,3,0,11,6,3,21,69,5,0,1,130,49,0,3,9,1,0,7,130,56,0,0,0,1,5,11,23,1,0,0,52,84,10,3,39,2,0,3,130,29,2,8,130,21,0,0,13,7,2,45,112,16,0,0,0,3,72,90,53,1,0,0,52,15,0,2,58,10,0,2,130,10,0,1,130,31,0,1,15,1,0,16,87,42,0,0,0,0,13,35,40,16,1,4,41,3,0,0,46,21,2,18,108,2,0,0,130,89,0,1,4,0,0,0,68,130,0,0,0,0,0,0
0,0,0,1,36,122,36,0,9,0,0,0,4,112,109,23,15,1,11,16,17,32,43,49,2,2,10,11,41,52,8,2,10,1,0,0,5,122,93,8,122,12,0,0,0,81,76,58,46,8,0,0,0,122,40,24,40,17,0,0,1,74,28,10,51,62,0,0,18,122,11,3,122,64,0,0,4,66,31,23,47,56,0,0,0,122,45,9,57,72,0,0,0,9,6,3,53,114,0,0,10,34,0,0,20,61,0,0,25,69,2,0,49,122,0,0,2,15,2,0,12,24,0,0,0,2,3,0
19,0,0,40,62,1,0,28,31,0,1,93,66,0,0,31,128,5,4,67,31,0,0,66,128,29,0,0,0,0,0,28,17,0,0,92,86,0,0,7,126,20,21,76,23,0,0,21,105,47,84,128,12,0,0,11,128,39,8,1,0,0,0,27,5,2,2,85,54,0,0,0,128,18,10,57,22,0,0,19,76,34,63,78,2,0,0,7,128,80,24,6,0,0,0,12,2,2,2,34,13,0,0,0,72,14,14,50,11,0,0,8,87,21,22,3,0,11,8,33,20,27,12,0,2,24,42,54
1,1,2,3,130,56,3,0,11,6,3,21,69,5,0,1,130,49,0,3,9,1,0,7,130,56,0,0,0,1,5,11,23,1,0,0,52,84,10,3,39,2,0,3,130,29,2,8,130,21,0,0,13,7,2,45,112,16,0,0,0,3,72,90,53,1,0,0,52,15,0,2,58,10,0,2,130,10,0,1,130,31,0,1,15,1,0,16,87,42,0,0,0,0,13,35,40,16,1,4,41,3,0,0,46,21,2,18,108,2,0,0,130,89,0,1,4,0,0,0,68,130,0,0,0,0,0,0
34,6,2,0,0,0,0,1,110,0,0,0,0,0,0,13,159,2,0,0,0,0,0,14,159,7,0,0,0,0,0,5,26,6,5,2,0,0,0,1,147,1,0,0,0,0,0,5,159,5,0,0,0,0,0,19,159,6,0,0,0,0,25,159,14,13,9,1,0,0,0,0,133,13,0,0,0,0,0,0,129,24,0,0,0,0,0,18,87,12,0,0,0,2,42,159,11,7,3,0,0,0,1,6,92,10,0,0,0,0,0,0,117,12,0,0,0,0,0,1,54,7,0,0,2,1,1,11
12,0,0,0,2,2,38,155,82,0,0,5,1,0,7,155,18,1,12,40,3,0,0,12,25,11,13,7,0,0,0,2,53,1,2,6,1,2,27,81,155,5,0,0,0,0,0,116,108,5,10,19,0,0,0,12,8,13,13,10,1,0,0,0,36,68,155,57,0,0,3,24,155,155,44,0,0,0,0,14,118,11,1,7,2,0,0,12,9,6,3,9,3,0,0,0,1,36,155,18,0,0,0,1,26,84,71,8,2,0,0,4,40,5,0,1,0,0,0,38,3,1,2,2,0,0,1,10
26,4,79,58,0,0,0,43,59,53,77,12,0,0,0,9,98,34,9,14,0,0,0,5,2,4,28,92,2,0,0,0,159,6,25,18,0,0,0,159,24,16,41,50,3,0,0,2,126,21,5,3,0,0,0,13,19,11,32,24,0,2,14,13,159,53,1,3,0,0,0,159,34,5,17,45,3,0,0,54,49,19,15,8,1,3,4,12,7,0,0,0,4,25,53,12,144,126,24,7,1,0,0,75,21,0,2,2,0,0,16,159,0,3,4,1,6,5,39,39,0,0,0,1,21,18,12,1
0,0,2,0,0,1,2,0,0,0,0,0,0,2,1,0,0,0,0,0,0,0,0,0,0,0,0,0,0,0,0,0,0,1,10,8,66,67,37,0,16,1,0,0,12,143,54,19,143,11,1,5,2,28,17,69,21,4,4,65,10,0,0,2,0,0,0,2,143,136,3,0,62,38,1,3,101,143,10,6,143,81,2,5,3,10,5,40,54,9,6,91,34,18,7,17,0,0,0,12,143,54,0,0,57,65,10,23,64,8,0,0,143,67,0,0,0,12,18,25,18,0,0,0,7,95,64,21
53,146,1,0,2,0,0,0,121,146,37,0,0,0,0,13,70,103,39,0,0,0,0,17,58,7,0,0,0,0,0,34,123,146,14,7,2,0,0,0,56,143,26,54,36,2,3,36,122,14,1,3,3,0,1,64,48,3,0,0,0,0,0,27,127,146,6,9,9,2,7,8,16,34,13,90,100,4,3,5,113,55,6,15,8,0,0,8,30,2,0,0,0,0,2,19,40,35,0,0,1,7,25,28,22,7,1,15,56,2,4,14,46,24,1,5,8,0,0,0,10,3,0,0,0,0,1,6
0,0,0,3,38,7,0,0,0,0,1,4,11,29,1,0,21,9,0,0,6,49,5,2,16,11,1,4,38,14,0,1,0,0,0,1,48,12,0,0,5,0,0,1,60,105,8,3,112,24,1,1,6,40,15,15,21,14,8,30,22,52,13,1,0,0,0,1,54,49,3,0,10,3,0,23,99,52,7,3,100,10,0,7,13,109,93,30,10,2,0,2,3,136,136,5,0,0,0,0,27,136,105,3,0,0,0,5,18,136,136,7,1,0,0,1,5,136,136,3,0,2,0,0,0,136,65,0
0,0,0,0,13,3,0,0,0,0,0,1,9,4,0,0,25,8,0,2,7,2,0,0,193,71,0,0,0,0,0,2,0,0,0,0,17,5,0,0,0,0,0,1,7,6,0,0,65,14,0,2,4,4,1,2,193,99,0,2,1,0,0,2,0,0,0,0,3,19,5,0,0,0,0,0,1,24,9,0,86,1,0,0,0,13,8,16,193,21,1,2,0,0,0,65,0,26,157,10,1,5,2,0,0,2,142,77,1,7,3,0,31,11,91,16,0,4,3,13,193,45,32,0,0,0,0,112
0,0,0,0,27,180,92,0,13,1,0,0,17,102,14,2,20,1,0,0,0,0,0,5,5,0,0,0,0,0,1,13,6,2,18,20,23,87,7,0,29,5,1,1,0,2,1,0,12,0,0,0,0,0,1,7,1,0,0,0,0,0,1,18,1,1,180,180,2,1,0,0,9,2,42,159,1,0,0,1,3,0,0,7,0,0,5,7,2,0,0,0,0,0,2,10,0,0,73,180,8,8,28,5,0,0,31,180,5,1,2,1,0,0,2,180,4,0,2,2,7,1,0,5,0,0,0,5
19,157,27,0,0,74,86,3,82,168,16,0,0,5,22,5,86,168,1,0,0,0,0,9,13,49,4,2,0,0,0,8,6,168,116,0,0,1,1,0,52,168,79,1,0,0,0,3,131,29,0,0,0,0,0,48,30,0,0,0,0,0,0,36,64,127,12,0,0,0,0,8,16,22,33,6,0,0,0,6,94,11,4,0,0,0,0,15,47,0,0,0,0,0,0,28,41,1,0,0,0,0,0,52,6,1,2,0,0,0,0,58,40,3,0,0,0,0,0,29,28,0,0,0,0,0,3,27
0,0,115,66,3,8,14,0,0,0,129,129,2,4,9,0,0,0,80,129,0,0,0,0,0,0,19,75,0,0,1,0,26,4,1,1,2,27,81,20,13,3,8,28,20,30,38,12,40,8,75,129,1,4,10,14,2,2,117,129,0,0,0,0,72,5,0,0,2,11,87,71,32,4,0,0,25,32,62,50,129,18,8,6,1,2,2,19,18,5,54,98,0,0,1,6,13,2,1,5,20,25,77,46,61,2,0,0,0,1,46,129,122,0,0,0,0,0,9,82,11,0,1,1,0,0,21,33
13,0,1,5,1,0,33,127,117,46,6,7,1,3,2,61,44,13,0,0,10,107,20,9,8,6,0,0,1,51,78,24,95,26,0,0,0,0,11,66,127,21,0,1,12,4,0,65,36,11,4,20,109,55,2,6,21,99,19,4,9,16,7,3,57,127,6,0,0,0,10,15,127,64,3,1,5,1,48,41,25,15,13,32,43,5,62,33,43,53,14,5,1,2,33,15,18,21,18,0,0,0,94,67,7,10,25,0,0,0,127,51,3,14,18,0,0,0,127,88,4,17,15,0,0,7,127,41
1,2,5,91,44,3,16,59,123,90,16,53,12,0,0,2,123,45,0,0,0,10,6,6,2,1,0,0,0,10,23,14,17,1,2,11,3,0,34,123,123,80,11,15,2,4,2,63,72,24,0,0,4,117,38,12,6,2,0,0,0,56,117,39,110,24,0,0,0,0,11,80,123,26,0,1,15,9,0,66,28,12,4,11,99,96,9,6,19,89,21,2,7,27,22,11,52,123,8,0,0,0,6,9,123,52,2,1,9,2,25,28,19,20,13,30,53,4,24,16,36,64,15,3,1,0,9,8
51,26,42,104,11,8,16,5,130,26,5,2,0,0,0,41,130,1,0,0,1,0,0,31,26,0,0,1,38,2,0,0,54,4,6,17,7,16,109,65,130,8,1,0,0,0,2,83,130,5,0,0,1,0,0,15,35,0,0,6,47,0,0,0,128,14,7,1,0,0,4,37,130,49,0,0,0,0,0,14,130,17,0,0,0,0,0,24,32,0,0,7,32,22,2,7,128,13,1,0,0,0,1,63,130,13,0,0,0,0,18,57,63,2,0,0,0,3,15,127,9,0,0,2,23,130,35,36
118,2,1,0,0,0,1,70,54,14,24,7,1,2,11,51,118,29,7,0,0,0,0,63,69,35,4,0,0,0,0,6,118,30,69,5,0,0,0,51,118,74,72,3,0,0,0,32,100,118,69,0,0,0,0,8,102,44,2,0,0,2,11,13,38,45,118,8,0,0,8,16,118,67,66,1,0,0,0,26,106,46,20,0,3,1,0,29,12,11,3,0,60,74,44,11,95,56,14,1,0,3,13,24,61,52,70,6,0,0,5,10,67,12,12,2,8,7,2,29,5,0,0,0,118,82,2,4
1,0,0,1,119,107,4,3,107,8,5,3,16,43,12,106,50,4,19,103,58,3,3,78,13,18,59,73,63,2,4,24,16,7,0,0,119,110,0,0,119,50,0,0,12,12,0,18,83,10,0,12,39,4,5,62,5,0,0,74,119,6,17,52,35,2,0,7,119,36,0,1,119,8,0,0,1,0,0,19,64,1,0,1,3,0,1,37,1,0,0,80,119,5,5,10,16,0,0,12,119,13,0,3,107,0,0,1,3,0,0,41,49,0,0,0,0,0,1,34,2,0,0,25,40,5,2,5
0,0,0,5,18,25,135,135,49,11,1,6,42,47,119,70,48,60,5,0,1,2,1,4,1,10,12,4,3,19,5,0,18,9,37,113,13,2,52,41,135,65,2,13,2,0,37,79,101,50,5,10,20,6,1,9,0,0,0,3,44,52,7,0,26,10,17,65,61,49,45,32,135,26,1,11,15,7,1,101,65,5,0,3,20,24,30,119,0,0,0,1,63,78,7,0,45,4,0,7,5,17,43,24,120,6,0,0,0,2,3,64,20,0,0,0,0,14,65,107,0,0,0,0,6,81,42,2
0,0,0,32,82,50,3,0,1,0,0,10,114,24,0,0,68,84,1,1,21,4,0,2,51,121,28,1,1,8,8,3,0,0,0,0,17,112,80,4,15,0,0,0,53,121,13,8,121,30,0,0,4,25,20,34,70,28,0,0,1,73,121,31,0,0,0,0,2,33,114,29,39,25,0,0,21,90,28,4,121,42,1,1,28,28,12,14,35,8,0,1,45,78,54,19,2,53,48,0,2,7,44,9,13,121,85,0,0,5,12,1,25,121,51,49,55,1,0,0,23,88,7,33,62,4,0,0
18,86,0,0,0,0,0,0,20,63,0,0,0,0,0,1,37,66,0,0,0,0,0,0,44,135,0,0,0,0,0,0,37,19,0,0,0,0,4,23,41,7,0,0,0,0,7,36,135,60,0,0,0,0,0,7,135,132,0,0,0,0,0,0,5,0,0,0,0,0,45,135,61,6,0,0,0,0,9,87,135,12,0,0,0,0,0,51,135,25,0,0,0,0,0,40,26,0,0,0,0,0,15,135,16,0,0,0,0,0,11,135,67,0,0,0,0,0,11,135,79,0,0,0,0,0,34,135
120,123,12,2,4,6,3,9,34,123,118,14,3,1,0,0,0,34,122,11,1,0,0,0,0,6,76,37,3,0,0,0,123,123,0,0,1,1,5,40,57,36,8,8,6,14,41,44,32,36,27,6,2,3,4,5,1,11,33,40,27,0,0,0,91,97,33,0,0,0,1,28,78,19,20,2,0,0,11,40,108,28,3,1,1,0,0,23,8,9,7,22,61,2,0,3,3,123,123,10,0,3,5,2,12,19,123,114,30,36,6,3,37,1,10,23,22,41,40,98,16,2,11,23,10,2,14,65
2,1,17,81,62,14,56,21,19,13,97,74,1,0,1,49,15,6,23,25,0,0,35,84,0,0,0,0,0,7,97,21,29,13,41,90,17,2,38,51,127,60,100,83,3,0,2,41,12,9,50,127,59,0,6,6,0,0,0,32,22,13,27,5,10,15,72,127,16,0,0,0,127,43,33,26,9,4,6,52,25,2,2,94,127,27,12,29,0,0,0,27,127,27,0,0,0,0,8,56,27,29,49,1,13,3,9,21,8,11,28,19,2,0,0,6,106,40,19,14,0,0,0,34,123,8,0,0
3,27,39,1,0,0,0,0,57,127,10,0,0,0,0,0,20,111,29,17,10,0,0,0,2,4,22,72,6,0,0,0,37,14,13,27,3,0,0,2,127,127,7,3,6,9,2,15,29,56,17,20,88,87,10,10,47,11,12,12,10,14,7,27,23,1,1,74,39,2,2,10,127,7,0,3,18,50,24,127,24,2,0,2,60,127,55,61,127,8,0,0,1,10,15,93,0,0,0,18,104,33,4,3,50,1,0,4,49,16,12,116,49,7,7,65,62,25,9,47,127,44,3,12,2,0,1,26
8,3,3,3,2,3,5,3,106,49,0,0,0,0,1,13,84,116,23,3,0,0,0,4,3,22,112,37,0,0,0,0,19,8,0,0,1,14,7,6,140,18,0,0,0,0,0,44,140,64,10,4,0,0,0,24,24,31,40,36,15,2,2,5,6,69,16,0,0,2,0,0,95,88,3,0,0,0,0,8,140,41,7,6,1,0,0,87,65,20,15,64,140,28,9,33,0,67,46,0,0,0,0,0,11,26,54,7,0,0,0,9,83,1,11,9,0,1,12,140,22,0,0,11,108,50,69,140
1,20,24,18,17,8,0,0,2,87,63,2,0,0,0,0,11,131,86,0,0,0,0,0,7,131,82,0,0,0,0,0,2,74,21,4,11,5,2,0,25,89,7,0,0,5,11,8,131,116,9,0,0,0,0,5,76,131,42,0,0,0,0,0,5,16,4,0,1,23,56,10,43,3,0,0,0,18,65,60,131,22,0,0,0,0,1,57,131,35,0,0,0,0,0,10,10,0,0,0,18,67,38,33,36,0,0,0,1,26,88,105,131,23,0,0,0,0,3,127,93,48,10,5,6,2,4,30
4,133,133,1,2,25,7,9,6,133,133,2,0,0,0,1,22,51,52,26,2,1,1,2,8,4,26,133,8,0,2,4,71,47,28,0,0,0,14,102,89,28,15,10,4,0,2,21,8,5,8,45,45,9,13,7,3,1,1,23,27,21,29,30,73,117,88,2,0,0,0,11,84,53,45,5,1,0,0,8,15,5,8,91,39,0,0,4,0,0,0,52,54,16,5,5,0,36,133,65,1,0,0,0,1,18,133,62,0,0,0,0,1,3,51,99,32,0,0,0,0,0,0,40,108,1,0,0
26,44,11,1,0,0,0,1,121,46,0,0,0,0,0,11,65,5,0,0,0,2,12,133,21,0,0,0,0,0,23,133,26,34,23,38,14,0,0,3,133,12,3,8,6,5,0,12,16,0,0,0,24,51,47,45,2,0,0,0,0,17,133,133,42,6,4,17,11,15,10,35,46,17,4,5,7,21,19,21,5,0,0,9,74,99,14,2,0,0,0,7,55,108,94,21,46,0,0,0,8,56,103,94,1,0,0,0,2,34,133,31,0,0,0,19,38,18,133,38,0,1,3,53,77,33,101,8
5,1,1,0,0,0,21,104,68,2,0,0,0,0,7,131,105,0,0,0,0,0,0,131,105,0,0,0,0,0,3,131,10,32,73,1,0,0,4,14,131,75,9,0,0,0,3,44,113,5,0,0,0,0,37,131,33,0,0,0,0,0,38,131,1,14,52,7,1,13,10,1,33,27,6,0,0,8,73,29,8,0,0,0,0,5,131,49,2,0,0,0,0,0,101,131,0,0,0,0,0,41,38,1,0,0,0,0,0,33,72,1,0,0,0,0,0,8,96,8,11,0,0,0,0,0,31,96
23,0,0,1,9,2,3,36,0,0,5,53,65,2,1,3,30,43,23,32,21,0,0,0,67,128,2,0,0,0,0,0,33,1,0,0,0,0,2,75,48,25,52,32,6,0,0,17,9,109,133,27,1,0,0,0,36,133,23,0,0,0,0,0,60,0,0,0,0,0,0,46,133,17,6,0,0,0,0,57,99,133,44,0,0,0,0,5,9,133,33,0,0,0,0,0,37,29,0,0,0,0,0,8,133,91,0,0,0,0,0,16,133,133,0,0,0,0,0,2,56,133,15,0,0,0,0,1
10,0,0,0,0,5,31,17,12,5,6,14,3,10,15,5,2,8,4,17,4,4,16,2,8,89,1,0,0,0,9,5,35,4,1,2,3,2,1,3,75,18,16,19,0,0,0,6,12,60,48,54,0,0,0,0,45,158,7,0,0,0,0,0,15,8,8,2,0,0,0,2,98,27,5,1,0,0,0,26,112,99,32,11,0,0,0,12,158,158,5,0,0,0,4,34,9,30,2,0,0,0,0,0,50,158,36,3,0,0,0,1,67,90,107,117,10,0,0,30,158,20,1,22,6,0,8,158
0,0,0,0,108,129,2,0,39,1,0,0,99,129,5,7,129,4,0,0,0,5,1,8,55,0,0,0,0,0,0,19,1,0,0,0,129,129,0,0,105,14,0,0,76,85,1,3,129,8,0,0,0,0,0,26,36,0,0,0,0,0,0,53,6,0,0,0,129,129,0,0,124,12,0,0,34,21,0,7,74,1,0,0,0,0,0,61,10,0,0,0,0,0,0,82,9,0,0,0,122,83,3,7,88,0,0,0,8,8,1,35,19,0,0,0,0,0,2,50,1,0,0,0,0,0,2,67
0,2,45,52,1,10,26,22,15,55,98,35,0,0,10,21,41,103,104,34,14,6,15,58,2,4,18,83,115,85,51,13,16,29,74,20,18,17,27,41,38,21,17,27,36,22,59,99,122,54,28,37,7,0,10,122,29,10,15,96,40,0,0,1,35,18,53,16,34,34,14,72,64,40,11,33,106,70,11,34,122,85,1,1,2,1,2,36,14,1,0,0,0,0,0,0,60,61,122,39,20,9,4,23,11,1,49,103,66,29,11,26,14,2,0,2,1,1,3,19,0,0,0,0,0,0,0,0
2,1,0,0,0,0,0,0,47,10,0,0,0,0,0,0,39,9,0,0,0,0,0,0,5,0,0,0,0,0,1,6,27,24,0,0,0,0,0,0,151,151,0,0,0,0,0,13,151,92,17,4,0,0,0,7,1,3,12,26,15,3,2,3,8,4,0,0,0,0,0,2,151,27,0,0,0,0,0,151,151,19,10,4,0,0,0,122,7,3,18,66,10,0,0,2,0,0,0,0,0,0,0,0,120,0,0,0,0,0,3,127,151,0,0,0,0,0,30,151,8,1,5,10,1,2,80,52
3,0,0,0,0,0,59,86,99,19,0,0,0,0,59,141,89,30,6,3,0,0,4,46,0,1,15,12,0,0,0,0,43,0,0,0,0,0,11,123,151,76,0,0,0,0,1,40,145,73,8,2,0,0,0,6,0,3,28,11,0,0,0,0,119,19,0,0,0,0,1,46,151,15,0,0,0,0,0,73,151,5,0,0,0,0,0,56,7,4,2,0,1,0,0,1,88,40,0,0,0,0,0,2,151,49,0,0,0,0,0,13,151,1,0,0,0,0,0,27,13,0,0,0,1,2,0,3
8,9,15,21,19,3,4,2,87,0,1,35,40,7,20,68,134,0,0,0,0,0,0,78,37,0,0,0,0,0,0,7,0,3,58,112,19,0,0,0,77,3,6,88,117,0,0,27,134,7,0,2,6,0,0,84,47,0,0,0,0,0,0,19,0,1,13,101,124,15,0,0,42,49,9,41,134,21,0,1,134,119,3,4,6,0,1,7,29,6,0,0,0,0,4,5,1,1,8,28,134,19,2,4,12,123,54,25,50,9,0,0,55,134,17,2,0,0,1,0,3,1,3,1,0,1,3,0
0,0,0,0,1,48,104,2,17,1,0,0,0,16,90,34,52,15,0,0,0,0,6,22,14,49,0,0,0,0,0,0,10,0,0,0,0,24,138,60,138,21,0,0,0,0,28,67,116,82,0,0,0,0,0,6,17,112,2,0,0,0,0,0,51,0,0,0,0,8,67,133,138,7,0,0,0,0,1,128,138,81,0,0,0,0,0,10,28,90,3,0,0,0,0,0,88,7,0,0,0,3,7,30,138,36,0,0,0,0,0,22,138,68,0,0,0,0,0,5,22,22,0,0,0,2,2,2
1,0,0,0,0,0,48,120,9,0,0,0,0,0,31,94,99,33,0,0,0,0,25,79,38,20,7,4,0,0,0,13,118,33,0,0,5,8,46,132,106,11,0,0,0,0,5,104,132,50,0,0,0,0,0,33,50,21,6,1,0,0,0,7,132,119,0,0,2,5,1,4,127,55,0,0,0,0,0,7,132,32,0,0,0,0,0,26,75,1,0,0,0,0,0,14,118,48,0,0,0,0,13,44,105,30,0,0,0,0,5,50,132,23,0,0,0,0,0,20,66,0,0,0,0,0,0,12
0,1,5,31,12,14,9,1,5,9,2,5,4,13,32,10,1,0,0,0,2,15,50,16,3,1,0,0,0,0,33,26,0,0,0,2,5,101,136,1,7,1,0,0,1,37,136,27,55,14,0,0,0,10,62,51,26,50,0,0,0,0,2,7,1,0,0,0,0,77,136,39,121,8,0,0,0,5,108,136,136,94,0,0,0,0,5,25,23,134,6,0,0,0,0,0,18,1,0,0,0,31,47,34,136,21,0,0,0,0,11,104,136,96,0,0,0,0,0,12,27,94,5,0,0,0,0,0
58,16,2,0,0,0,2,68,133,10,0,0,0,0,0,133,83,0,0,0,1,8,9,118,11,3,2,3,6,27,7,7,38,133,133,1,0,0,0,5,133,130,72,2,0,0,0,22,133,16,6,0,0,0,1,70,32,7,5,5,1,2,4,18,0,58,133,34,0,0,0,0,7,50,133,51,0,0,0,0,53,51,64,11,0,0,0,12,50,12,2,0,0,0,2,15,0,0,80,69,0,0,0,0,0,0,57,118,1,0,0,0,0,4,39,57,0,0,0,0,27,16,6,6,0,0,0,0
59,5,2,0,0,0,0,43,24,0,0,0,0,2,25,104,69,9,0,0,0,3,26,37,78,26,0,0,0,0,0,2,20,18,35,35,4,0,0,3,27,4,2,9,59,24,45,71,148,30,0,0,4,3,21,89,92,44,0,0,0,0,0,0,0,2,40,148,23,0,0,0,64,7,8,55,148,7,1,5,148,43,0,4,17,1,0,9,93,22,0,0,0,0,0,0,0,0,4,74,115,39,0,0,49,41,5,18,148,39,0,0,148,113,1,1,10,1,0,0,46,10,0,0,0,0,0,6
150,0,0,0,0,0,7,159,51,0,0,0,4,21,3,22,0,0,0,0,11,43,0,0,0,0,0,1,16,14,0,0,178,14,0,0,0,0,7,178,107,2,0,2,7,21,3,32,0,0,2,4,10,26,0,0,0,0,5,6,6,3,0,0,178,150,0,0,0,0,0,14,113,30,15,13,2,1,0,2,0,0,29,25,2,0,0,0,0,0,28,7,0,0,0,0,178,135,0,0,0,0,0,0,63,37,18,6,0,0,0,0,0,0,31,22,0,0,0,0,0,5,36,5,0,0,0,0
23,14,2,0,0,0,1,16,102,19,0,0,0,0,0,59,104,77,4,0,0,0,0,10,22,115,7,0,0,0,0,0,26,13,1,0,0,29,81,24,127,74,0,0,0,0,13,41,127,125,0,0,0,0,0,13,61,80,0,0,0,0,0,0,30,87,48,2,1,23,26,11,127,40,3,0,0,0,6,127,127,28,0,0,0,0,0,127,79,28,0,0,0,2,2,2,8,36,28,3,1,0,0,1,53,109,33,3,1,0,3,33,127,127,0,0,0,0,0,26,36,14,0,0,0,7,4,1
4,0,0,0,8,69,83,49,88,0,0,0,6,13,34,146,15,0,0,0,106,119,10,25,26,15,2,0,16,38,16,4,35,0,0,0,78,51,11,15,146,8,0,0,19,10,6,65,51,4,2,16,146,46,1,11,64,34,5,4,16,7,0,15,61,5,0,0,108,23,0,0,146,26,0,0,20,17,0,6,41,4,2,10,115,89,9,11,24,22,4,3,5,7,15,50,54,19,3,18,69,6,0,0,146,36,0,0,30,24,0,5,15,1,0,0,87,82,6,13,32,3,0,0,1,4,6,51
39,21,0,0,3,14,1,14,155,20,0,0,0,0,0,155,144,1,0,0,0,0,0,115,14,1,1,3,0,0,0,10,35,112,6,0,0,1,0,0,155,58,3,0,0,0,0,54,155,11,1,2,0,0,0,81,31,4,2,9,1,0,0,6,3,104,52,0,0,0,0,0,98,78,35,0,0,0,0,3,155,69,1,2,0,0,0,7,34,6,1,19,18,2,0,1,0,14,62,3,0,0,0,0,65,49,28,1,0,0,0,0,155,27,0,0,0,0,0,15,29,0,0,9,11,0,0,6
0,0,0,1,8,6,43,6,39,5,0,0,0,0,47,44,145,144,8,0,0,0,5,24,11,86,36,0,0,0,0,1,0,0,0,0,11,50,32,0,97,3,0,0,0,20,60,53,167,37,1,1,1,0,3,67,33,9,3,5,9,0,0,6,0,2,3,0,0,45,46,0,156,56,4,0,0,15,30,12,167,71,0,0,0,0,0,14,34,1,0,9,6,0,0,4,0,34,63,4,1,1,2,0,98,154,34,0,0,0,0,0,167,101,0,0,0,0,0,4,26,3,0,2,4,0,0,3
13,27,13,3,4,0,5,69,39,10,0,0,0,0,24,130,27,3,0,0,2,6,32,130,55,13,0,0,3,7,12,30,15,16,10,9,33,21,5,9,113,82,1,0,3,3,1,31,39,24,2,0,12,29,29,130,130,1,0,0,0,1,11,130,51,2,0,0,45,66,20,37,130,10,0,0,5,26,9,56,14,2,0,0,30,130,30,36,44,0,0,0,1,26,111,130,74,29,0,0,39,21,0,3,108,36,0,0,30,25,2,9,1,0,0,0,65,111,4,1,0,0,0,0,24,62,65,26
20,47,15,0,2,8,6,4,99,68,36,0,0,0,0,11,147,11,1,0,0,2,6,55,7,18,5,0,1,19,11,7,60,102,5,0,0,7,18,6,46,35,20,1,0,31,50,21,147,52,0,0,0,2,6,52,31,96,8,0,0,0,2,6,9,17,2,0,0,60,71,4,93,3,0,0,0,35,103,65,147,82,0,0,0,0,3,72,28,37,2,5,0,0,6,11,0,0,0,0,0,80,45,0,35,0,0,0,0,33,68,95,130,3,0,0,0,1,30,147,20,1,3,11,0,0,1,146
164,164,10,0,3,0,1,15,34,64,57,3,12,0,0,5,18,15,79,18,0,0,0,5,0,11,106,41,2,1,1,0,164,164,0,1,6,0,0,4,40,7,0,11,31,0,0,7,97,31,3,1,1,0,0,10,14,39,25,5,25,49,2,1,164,139,0,0,1,0,0,5,27,6,1,15,26,1,0,2,99,8,0,2,3,5,5,21,10,2,0,1,88,129,11,10,51,75,3,0,2,0,0,0,15,6,0,1,25,7,2,2,32,5,0,0,5,5,8,19,1,0,7,36,88,29,4,2
2,0,0,0,15,68,142,67,25,1,0,0,0,10,69,142,5,14,16,3,24,43,12,13,18,95,13,2,10,6,2,1,42,5,4,68,112,50,30,59,142,29,3,1,0,0,7,139,63,62,38,1,2,4,2,9,5,37,18,1,5,21,12,2,23,23,59,142,62,0,0,0,142,83,37,25,0,0,0,21,86,9,2,0,2,7,4,48,13,15,11,2,5,10,1,1,0,3,70,142,11,0,0,0,40,65,62,69,4,0,0,4,37,17,11,1,0,0,0,32,39,8,0,0,0,0,0,5
26,126,52,21,1,0,1,4,126,126,4,0,0,0,0,28,70,19,0,0,0,0,43,115,0,0,0,0,0,10,57,40,126,37,9,0,0,3,22,106,126,85,6,0,0,0,0,38,25,32,32,5,0,0,14,43,0,0,9,11,0,0,42,61,126,60,1,3,5,3,4,36,126,62,1,0,0,0,0,32,25,10,15,5,0,3,11,42,0,0,8,20,13,57,28,8,126,42,0,0,1,2,2,57,123,47,2,0,0,1,9,33,4,4,3,4,8,85,25,11,0,0,0,0,4,126,62,3
7,6,0,0,0,12,130,12,3,2,0,0,0,15,99,34,1,12,1,0,0,38,17,3,0,17,0,0,0,8,3,0,16,3,0,0,5,94,144,45,144,13,0,0,0,3,122,144,58,27,4,0,0,17,8,16,0,11,7,1,2,52,9,0,45,111,3,1,26,41,12,6,144,144,3,0,0,1,3,22,66,37,33,2,2,13,4,5,0,9,52,8,12,17,0,0,97,144,0,0,1,8,1,10,76,144,6,0,0,0,2,39,10,41,26,1,6,3,0,7,0,3,16,9,29,22,0,0
5,2,27,171,75,17,0,2,4,53,171,171,11,0,0,0,89,171,171,33,0,0,0,0,40,117,7,16,9,0,0,0,57,2,4,7,30,37,5,23,37,11,49,65,61,0,0,3,131,81,35,10,9,0,0,5,27,24,8,9,4,0,1,4,100,0,0,1,12,26,3,25,61,2,0,26,67,0,0,5,108,3,0,5,11,0,0,27,21,1,1,0,0,4,12,22,18,0,0,0,1,2,0,2,9,0,0,2,8,0,0,0,8,0,0,0,1,0,0,2,1,0,0,0,0,0,1,2
93,5,0,0,0,0,0,1,131,2,0,0,0,0,0,3,113,3,0,0,0,0,0,4,12,2,0,0,0,0,0,2,133,2,0,0,0,0,0,44,143,4,0,0,0,0,0,10,145,3,0,0,0,0,0,19,17,0,0,0,4,4,1,2,157,0,0,0,0,0,0,157,136,15,0,0,0,0,0,28,120,15,0,0,0,0,3,23,14,0,0,0,5,14,10,8,157,5,0,0,0,0,0,157,97,4,0,0,0,0,0,78,27,0,0,0,0,0,19,84,8,0,0,0,0,6,36,22
38,24,2,2,0,0,0,0,54,13,0,0,0,0,0,5,123,0,0,0,0,0,0,28,144,2,0,15,13,0,0,25,31,16,32,117,10,0,0,0,44,14,1,1,0,0,0,2,144,1,0,0,0,0,0,18,144,0,0,1,3,10,23,112,6,13,22,144,144,0,0,0,21,16,4,20,21,0,0,2,118,7,0,0,0,0,0,5,79,3,0,2,11,12,18,59,7,7,4,105,144,144,86,6,28,2,0,8,58,19,9,17,84,9,0,0,0,0,0,2,51,6,0,1,1,0,0,10
102,24,0,0,0,0,0,0,120,15,0,0,0,0,0,2,143,4,0,0,0,0,0,6,143,20,4,6,0,0,0,1,105,58,0,0,0,0,0,0,108,34,0,0,0,0,0,1,143,9,0,0,0,0,0,14,143,15,0,0,0,0,0,22,78,45,15,10,0,0,0,2,66,40,0,0,0,0,0,1,143,5,0,0,0,0,0,38,143,0,0,0,0,0,0,62,32,37,76,143,6,0,0,1,46,19,3,14,1,0,0,0,94,6,0,0,0,0,0,12,143,0,0,0,0,0,0,45
87,7,0,0,0,0,0,7,100,12,0,0,0,0,0,4,88,3,0,0,0,0,0,25,90,0,0,0,0,0,0,43,65,51,29,3,0,0,0,1,108,25,2,0,0,0,0,7,64,15,0,0,0,0,0,14,74,0,0,0,0,0,0,64,45,65,100,36,8,7,15,35,62,28,95,80,0,0,0,13,53,13,4,7,0,0,0,8,60,4,0,0,0,0,0,29,68,146,146,125,23,4,6,20,25,107,146,146,12,0,0,1,18,9,15,146,19,0,0,1,28,10,0,0,0,0,0,6
16,141,53,1,2,0,0,2,49,141,13,0,2,2,3,11,36,33,2,8,19,2,4,27,22,21,2,6,8,0,0,1,122,119,34,1,2,0,1,141,29,44,15,16,33,5,1,27,93,8,4,3,5,1,1,12,12,7,3,1,3,2,1,6,141,16,1,2,0,0,9,141,141,22,20,39,7,0,0,50,57,39,15,13,5,0,0,0,6,2,0,9,21,4,3,8,141,141,98,17,0,0,0,11,133,53,8,11,1,0,0,2,13,31,9,10,2,0,0,1,3,3,3,36,19,0,0,1
7,0,0,0,24,166,28,9,166,19,0,0,10,78,15,43,93,28,0,0,0,0,0,3,6,8,0,0,0,0,0,0,30,4,2,17,23,166,17,6,166,8,1,2,0,7,3,35,156,4,0,0,0,0,0,6,10,8,0,0,0,0,0,0,22,15,11,21,9,4,2,0,166,41,3,3,0,0,0,3,165,7,0,0,0,0,0,3,12,8,0,0,0,0,0,0,22,13,5,2,3,5,0,1,166,97,0,0,0,0,0,0,77,35,0,0,0,0,0,0,14,2,0,0,0,0,0,1
39,6,4,4,1,0,5,129,24,11,7,14,14,3,5,29,0,0,0,11,16,10,49,33,2,0,0,0,0,0,38,124,88,17,34,23,2,0,0,126,126,15,9,26,9,0,0,102,8,4,32,129,20,3,8,3,15,1,18,59,4,1,14,66,58,45,129,18,0,0,1,82,129,72,37,3,0,0,0,14,59,26,75,68,0,0,2,7,5,4,104,126,1,3,3,3,129,8,20,4,0,0,0,129,54,19,30,11,0,0,0,19,47,8,4,1,1,13,25,27,0,0,9,13,2,24,37,1
0,0,0,0,73,145,0,0,28,20,0,0,133,154,4,7,81,40,0,0,2,11,3,16,8,6,0,0,0,0,0,0,2,0,0,0,42,154,26,4,144,34,0,0,35,149,14,27,85,50,0,0,0,0,0,1,6,9,0,0,0,0,0,0,16,2,0,7,14,154,32,6,154,5,0,1,1,22,7,37,117,5,0,0,0,0,0,4,7,7,0,0,0,0,0,0,12,8,5,14,9,8,3,0,154,23,2,3,0,0,0,2,101,4,0,0,0,0,0,1,6,5,0,0,0,0,0,0
125,146,7,1,5,7,14,34,97,15,2,12,32,5,16,103,57,57,11,22,29,1,0,3,53,18,0,0,0,0,0,12,32,48,15,31,81,14,4,22,146,9,6,6,7,3,2,61,57,27,22,8,13,5,4,9,42,7,0,0,1,2,5,39,116,16,39,110,31,0,0,71,146,81,37,29,3,0,0,5,68,16,3,22,66,12,5,4,19,0,0,4,21,9,15,78,146,49,39,41,0,0,0,20,41,112,49,25,0,0,0,0,18,41,15,87,42,0,0,0,23,1,1,56,45,2,2,20
50,31,0,0,0,18,29,10,70,27,0,0,0,0,0,30,85,9,0,0,0,0,0,22,137,8,0,0,0,0,0,7,42,5,0,11,18,0,0,28,87,2,0,0,0,0,0,58,141,24,0,0,0,0,0,26,154,20,0,0,0,0,0,6,33,35,2,120,111,0,0,6,95,31,0,0,0,0,0,6,154,22,0,0,0,0,0,5,136,10,0,0,0,0,0,13,9,10,35,154,154,0,0,1,48,36,34,20,0,0,0,1,134,46,2,0,0,0,0,1,77,20,0,0,0,0,0,4
0,0,0,79,39,0,0,0,63,39,14,149,54,0,0,0,173,156,5,4,0,0,0,0,40,35,18,6,3,0,0,0,0,0,0,14,42,0,0,0,93,9,3,56,150,0,0,4,173,23,1,4,8,0,0,25,61,3,0,1,13,0,0,4,0,0,0,8,23,0,0,0,48,20,19,85,63,0,0,0,173,36,11,12,3,0,3,33,61,0,0,0,7,20,30,17,0,0,0,1,6,1,0,0,11,10,11,17,2,0,0,1,115,22,14,2,0,3,28,65,12,1,16,6,3,72,114,23
52,10,1,6,2,0,0,1,203,74,0,0,0,0,1,26,86,18,1,1,0,0,12,88,9,0,0,0,0,0,8,65,76,3,0,7,5,0,0,1,203,46,10,3,0,0,0,17,91,33,50,51,1,0,7,38,46,4,5,5,0,0,2,48,70,3,0,5,8,0,0,0,203,9,2,1,0,0,2,35,107,7,14,37,5,4,28,37,21,5,8,18,1,0,2,16,51,10,1,8,4,0,0,0,203,29,0,0,0,0,1,15,64,3,0,4,5,6,24,40,7,2,1,2,0,0,5,60
73,0,0,0,0,6,11,50,22,10,3,6,36,53,39,25,130,144,15,16,12,8,11,20,19,34,49,100,40,40,12,6,12,0,0,0,5,15,21,43,83,11,2,6,8,33,61,69,170,88,8,9,0,0,2,40,39,24,66,96,4,0,0,0,0,0,0,0,3,14,10,9,107,27,4,6,3,2,8,48,170,40,0,0,0,0,0,79,53,2,1,7,31,12,0,8,0,0,0,0,4,12,2,0,44,0,0,0,0,2,6,49,170,0,0,0,0,0,0,130,70,0,0,0,56,17,0,15
68,133,50,68,73,1,0,11,133,70,2,2,1,0,0,19,133,2,0,4,24,0,0,40,14,0,0,93,133,0,0,4,43,78,15,33,74,6,1,8,122,73,3,1,0,0,0,21,133,1,0,2,10,0,0,31,28,0,2,131,133,1,0,4,43,37,15,9,10,2,1,5,74,38,0,0,0,0,0,11,133,26,0,0,2,0,0,10,26,1,12,49,34,2,1,4,21,9,2,5,30,14,5,11,78,4,0,0,2,3,4,59,133,12,0,0,0,2,3,18,13,1,4,3,0,19,31,7
55,137,85,4,2,0,0,7,113,137,52,0,0,0,0,3,99,43,1,4,25,0,0,14,2,0,0,19,137,3,0,0,102,75,17,26,38,0,0,7,137,53,0,0,0,0,0,7,134,1,0,0,27,0,0,18,7,0,0,23,137,0,0,1,34,92,10,9,17,1,0,1,105,23,0,0,0,0,0,12,137,7,0,1,19,0,0,4,8,0,0,62,137,0,0,0,13,28,2,1,1,0,0,1,66,23,0,0,0,0,0,2,100,9,0,0,7,1,0,2,4,0,1,52,59,2,0,0
4,3,28,12,8,2,22,21,69,1,5,2,0,1,10,77,137,0,0,0,0,0,0,84,48,0,0,5,1,0,0,12,19,22,137,73,2,0,2,18,84,11,72,130,1,0,1,14,137,9,5,5,0,0,0,23,71,2,0,0,0,6,8,8,18,5,13,18,1,2,49,121,16,12,33,120,13,3,59,58,137,35,18,18,1,3,5,33,46,0,0,0,5,76,35,18,0,0,0,0,0,14,74,32,9,0,0,1,0,0,105,115,114,5,1,1,3,5,12,133,23,6,1,10,40,48,5,14
109,15,8,0,0,0,1,32,94,51,1,0,0,0,1,19,81,87,0,0,0,0,1,8,70,79,0,0,0,0,0,0,56,73,65,0,0,0,0,12,109,106,3,0,0,0,0,23,96,109,0,0,0,0,0,14,77,83,0,0,1,2,2,4,16,15,8,0,0,0,14,109,86,29,1,0,0,0,13,109,109,19,0,0,0,2,3,99,49,5,0,0,6,58,95,37,30,28,4,0,0,0,4,109,109,47,1,0,0,0,0,89,97,30,0,1,9,3,2,48,4,0,0,23,109,63,38,7
0,0,0,0,0,132,102,0,38,10,0,1,3,132,123,19,17,8,0,18,132,59,19,7,0,0,0,29,89,33,10,0,12,0,0,0,9,132,70,4,132,59,1,4,11,41,32,22,47,28,2,33,132,20,1,3,0,0,6,70,106,1,0,0,21,1,1,14,45,34,4,10,132,7,0,1,14,22,20,113,26,2,3,9,108,97,22,27,0,7,40,38,29,4,0,0,12,29,8,6,25,11,9,16,52,92,25,1,8,3,5,37,8,18,32,10,4,11,7,10,1,6,21,14,2,0,0,0
114,5,1,1,2,1,3,114,29,48,9,28,55,9,11,48,36,110,7,7,12,8,0,0,1,4,0,0,19,51,0,0,106,82,5,0,0,0,1,68,114,72,3,1,6,6,7,62,28,50,5,4,68,96,5,3,0,4,3,0,11,114,21,0,24,114,35,2,0,0,0,0,114,44,14,1,6,12,5,41,24,12,40,19,95,96,8,17,0,101,95,5,13,36,7,0,1,55,98,0,0,0,0,0,15,91,67,0,0,0,0,2,3,67,93,11,6,2,0,1,2,114,67,1,0,0,0,0
24,0,2,2,98,53,21,126,26,1,13,101,41,13,47,126,1,14,13,87,68,16,14,3,7,34,16,2,0,0,0,1,0,0,4,28,126,26,11,43,7,1,9,26,14,15,126,126,86,26,2,6,22,24,85,74,18,32,10,2,4,12,1,0,1,1,10,109,126,6,8,6,30,10,25,68,22,15,35,25,126,34,2,9,5,3,8,55,22,7,0,1,29,39,7,13,0,0,0,87,126,16,8,3,35,1,0,27,32,14,39,24,88,0,0,0,0,2,16,83,3,0,0,0,4,44,44,28
0,0,0,0,20,129,49,1,8,1,0,2,20,129,77,1,129,120,0,0,2,27,54,10,51,88,5,6,95,51,4,4,39,6,1,1,7,128,57,27,50,14,10,10,71,44,10,13,129,61,4,0,9,25,27,65,33,12,1,5,66,129,33,19,23,68,25,0,4,12,5,14,19,129,109,3,12,16,6,8,57,90,103,6,2,5,9,21,2,3,25,36,7,20,9,5,56,48,6,1,0,0,0,11,41,66,15,0,0,2,24,27,1,7,23,3,0,7,39,14,0,0,6,19,8,4,8,6
3,1,0,0,0,0,105,62,63,0,0,0,0,0,90,113,90,14,0,0,0,0,24,90,54,20,1,1,1,1,23,65,6,49,48,0,0,0,2,11,113,54,51,0,0,0,1,45,113,43,4,0,0,0,0,49,102,103,0,0,0,0,0,1,13,79,54,0,0,0,4,15,27,101,111,0,0,0,3,31,113,110,27,0,0,0,5,30,113,60,0,0,0,0,1,56,6,3,0,3,7,8,51,37,9,6,1,0,0,0,49,113,22,10,1,0,0,0,27,113,78,18,0,0,0,0,5,104
2,68,75,0,0,22,71,5,2,130,130,0,0,28,23,0,34,130,106,0,0,1,3,1,98,130,33,0,0,0,0,4,24,105,81,0,0,0,0,0,60,94,43,0,0,0,0,2,130,74,8,0,0,0,0,5,130,21,0,0,0,0,0,50,65,8,0,0,0,0,0,1,82,1,0,0,0,0,0,14,130,1,0,0,0,0,0,45,103,0,0,0,0,0,4,92,35,3,0,0,0,0,2,9,19,0,0,0,0,0,7,39,42,0,0,0,0,0,5,105,18,0,0,0,0,3,50,92
0,0,3,17,118,22,0,0,44,49,7,4,67,21,0,0,32,33,19,17,2,1,5,7,70,85,5,0,0,0,0,6,9,2,2,14,129,18,0,0,129,71,11,16,69,9,1,10,52,20,14,56,73,9,2,16,129,17,1,1,4,1,5,56,9,6,1,31,129,11,0,0,123,30,5,7,50,15,17,48,43,11,1,11,59,70,24,20,117,39,0,0,4,2,2,44,12,33,3,70,129,0,0,0,28,103,58,80,21,2,2,1,23,47,48,70,7,10,2,0,65,129,7,0,0,1,1,0
22,45,3,1,80,56,0,0,30,45,18,20,2,2,9,8,63,105,8,1,0,0,5,17,12,110,31,0,0,0,0,1,106,109,12,10,64,25,0,1,43,48,27,64,74,5,1,8,125,108,10,2,7,1,2,20,33,68,36,2,1,2,6,7,125,39,4,5,32,20,18,38,61,14,2,16,108,82,26,19,125,22,0,0,10,4,5,66,46,9,2,0,0,2,20,59,13,58,44,72,18,8,8,6,36,70,13,24,11,31,11,2,85,125,12,0,0,0,0,8,20,122,91,10,7,8,1,8
82,3,0,1,0,0,0,53,127,45,12,1,0,0,0,18,3,18,32,61,48,0,0,0,0,31,16,33,127,3,0,0,107,29,4,8,1,0,0,6,127,62,10,3,2,1,0,14,25,35,36,51,127,16,1,3,0,127,87,31,90,1,0,0,35,98,59,9,2,0,0,0,127,78,15,0,2,5,4,45,31,87,58,10,46,27,7,19,0,103,51,4,7,12,2,0,1,52,83,11,0,0,0,0,88,119,24,3,0,4,2,4,28,67,23,2,7,74,20,2,0,3,3,0,1,49,54,0
0,0,80,18,0,0,0,0,3,32,66,7,0,0,0,0,41,118,13,0,0,0,0,0,10,102,36,18,3,0,0,0,0,0,73,103,0,0,0,0,43,26,25,69,4,0,0,1,118,118,8,3,5,13,5,19,19,43,15,13,38,67,15,11,0,0,61,118,41,5,0,0,25,1,2,96,98,12,2,17,118,5,0,2,16,57,42,118,37,1,0,1,15,118,63,52,0,0,8,22,64,118,33,0,1,0,0,6,102,112,19,5,64,21,3,5,28,25,12,71,65,37,32,36,15,13,5,15
0,0,0,0,0,0,0,0,56,1,1,0,0,0,0,14,29,3,49,10,0,0,0,6,0,0,67,20,0,0,0,0,12,15,31,16,0,0,0,0,139,67,22,6,0,0,10,38,109,7,6,0,0,0,80,38,1,3,19,2,0,0,55,19,2,8,65,90,64,38,0,0,83,43,37,33,49,69,134,70,32,48,0,0,0,0,139,91,23,63,1,0,0,0,139,71,0,1,1,4,139,69,0,0,16,90,6,5,89,59,19,4,48,139,1,0,0,0,15,11,49,87,1,0,0,1,7,19
0,0,0,0,5,15,136,20,0,0,6,13,97,58,32,7,0,2,22,11,15,1,0,0,0,0,0,0,0,0,0,0,15,1,17,39,4,15,136,55,117,56,104,36,60,33,59,57,12,96,136,24,12,0,0,0,0,29,40,1,7,0,0,0,16,6,86,135,0,0,0,3,136,49,39,42,0,0,0,35,114,40,65,2,4,0,0,11,0,7,14,6,63,1,0,0,6,19,66,55,0,0,0,0,135,34,56,77,0,0,0,3,120,12,2,4,9,0,0,2,0,0,0,3,65,7,0,0
2,55,37,0,0,65,99,0,5,124,78,0,0,28,42,2,11,124,124,0,0,5,13,0,14,124,91,0,0,0,2,0,9,124,91,0,0,2,6,25,36,101,41,0,0,0,0,7,109,45,14,0,0,0,0,14,75,18,2,0,0,0,0,3,7,5,2,0,0,0,46,124,50,7,0,0,0,0,5,103,124,15,0,0,0,0,0,8,65,3,0,0,0,0,1,10,19,0,0,0,0,0,7,124,83,0,0,0,0,0,0,124,89,1,0,0,0,0,3,75,20,0,0,0,0,0,22,26
1,0,0,0,4,130,130,7,17,0,0,3,61,101,130,54,2,0,0,47,130,17,4,2,0,1,4,43,47,8,0,0,21,5,0,0,22,130,26,8,130,18,1,6,13,21,19,44,23,5,1,55,130,20,1,3,1,3,12,28,71,8,1,0,22,39,5,23,48,35,3,4,130,33,0,0,7,19,12,42,15,1,0,0,113,93,19,10,14,31,5,2,36,25,7,0,4,25,62,27,59,1,3,5,23,35,112,23,3,17,14,32,1,4,61,49,13,59,24,3,100,68,15,6,6,9,4,18
7,2,2,3,1,0,131,66,4,1,1,1,7,69,131,22,8,39,72,22,20,38,11,2,0,44,131,9,0,0,0,0,0,9,50,10,1,0,1,1,17,4,25,40,2,0,2,20,131,67,7,2,0,0,0,17,36,131,69,0,0,0,0,0,0,22,95,10,1,6,3,0,5,6,44,92,11,18,2,0,131,26,10,16,4,7,3,57,131,131,12,0,0,0,0,71,0,3,9,1,1,45,65,1,0,0,1,6,12,61,41,3,31,0,0,3,10,22,8,72,131,10,0,0,0,0,0,131
8,28,9,0,4,48,24,3,15,115,32,0,0,8,19,5,21,129,27,0,0,0,4,2,25,115,10,0,0,0,0,0,58,46,3,0,0,1,4,3,94,54,7,0,0,0,0,46,129,83,2,0,0,0,0,35,38,129,7,0,0,0,0,0,20,31,0,0,0,23,37,4,129,13,0,0,0,6,41,58,129,95,0,0,0,0,0,21,103,108,0,0,0,0,0,1,1,28,20,1,1,40,32,2,114,55,14,0,0,6,17,46,129,18,0,0,0,0,0,128,129,24,0,0,0,0,0,18
91,0,0,0,0,0,20,141,81,0,0,0,0,0,12,141,13,0,0,0,8,15,1,16,0,0,1,3,11,5,0,0,64,27,1,0,0,0,38,141,141,18,0,0,0,0,18,141,78,4,8,4,3,3,0,21,0,1,18,4,1,0,0,0,86,97,1,0,0,0,0,2,141,121,0,0,0,0,0,5,111,29,15,2,0,0,0,1,0,5,28,2,0,0,0,0,125,77,0,0,0,0,0,3,141,141,0,0,0,0,1,9,38,31,3,0,0,0,3,6,0,1,6,0,0,0,0,0
34,2,0,0,0,7,14,50,133,1,0,0,0,0,5,103,133,5,0,0,0,0,1,47,16,0,0,0,1,13,1,4,31,30,2,0,7,57,24,25,114,22,1,0,0,1,24,133,133,10,0,0,0,0,8,133,28,1,0,1,3,12,1,10,37,69,2,0,2,11,1,2,84,133,6,0,0,0,2,17,133,129,1,0,0,0,0,18,30,12,11,7,0,0,0,1,87,43,0,0,0,0,0,12,94,133,0,0,0,0,0,0,109,133,1,0,0,0,0,0,7,11,10,3,0,0,0,0
167,27,0,0,1,4,1,128,167,2,0,0,0,0,0,167,41,3,4,9,1,0,0,16,1,0,4,35,37,13,2,1,102,134,17,0,0,0,0,12,167,43,2,0,0,0,0,68,103,10,4,12,14,8,4,8,0,0,0,4,43,42,6,1,26,86,77,1,0,0,0,0,167,67,7,0,0,0,0,21,112,3,0,17,17,1,0,17,0,0,0,3,8,6,0,0,5,32,65,5,0,0,0,0,91,39,10,0,0,0,0,8,19,0,0,0,0,0,0,5,0,0,0,0,0,0,0,0
0,0,11,5,6,47,24,1,81,32,11,7,9,6,25,9,134,132,89,25,0,0,0,3,2,11,105,137,5,0,0,0,0,21,78,16,7,29,15,0,123,29,43,22,6,6,7,10,137,34,6,4,0,0,0,46,20,8,33,86,9,2,0,3,25,49,12,1,2,76,58,10,67,125,25,1,2,6,15,10,137,55,8,0,0,0,4,36,37,49,17,4,4,7,4,11,11,95,21,0,0,23,17,1,41,38,2,0,0,21,88,32,137,61,0,0,0,0,18,55,40,65,5,0,0,0,1,11
0,42,9,2,12,7,0,0,2,4,4,17,35,20,3,1,114,81,2,6,11,5,7,24,128,101,1,0,0,0,0,4,0,21,2,1,46,47,0,0,27,3,0,0,55,93,15,14,128,100,0,0,4,15,10,54,106,95,0,0,0,10,25,28,1,1,0,0,23,65,103,36,36,51,9,6,81,47,11,10,128,59,2,1,3,5,46,96,28,1,0,0,0,52,128,85,93,5,2,11,14,24,90,128,78,56,11,2,5,5,6,40,14,34,12,2,4,11,29,9,6,8,6,12,17,14,48,8
17,140,35,0,1,0,0,1,63,140,9,0,0,0,0,7,38,38,4,8,6,0,0,18,20,19,3,4,2,0,0,1,140,129,19,0,0,0,0,140,33,60,15,11,13,0,0,30,78,11,2,1,1,0,0,13,13,9,1,0,1,1,1,5,140,12,1,1,0,0,4,140,140,25,23,13,3,0,0,58,43,44,17,6,2,0,0,0,6,4,1,9,14,3,2,6,140,140,87,14,0,0,0,14,140,70,11,1,0,0,0,2,8,33,12,5,0,0,0,0,1,4,3,33,13,0,0,1
0,0,0,0,0,6,0,0,2,0,0,0,0,2,0,1,0,0,0,0,0,0,0,0,0,0,0,0,0,0,0,0,5,2,3,3,57,88,5,3,116,9,1,6,5,26,8,22,16,3,9,48,14,6,2,1,1,0,4,16,70,5,0,0,11,11,3,9,103,45,0,0,120,28,2,3,7,22,35,20,12,0,1,10,12,69,71,24,4,0,0,5,93,167,69,17,1,5,3,5,21,34,10,1,10,8,1,1,14,123,45,16,8,0,0,0,72,175,68,63,5,0,0,0,94,175,175,92
5,0,0,0,26,219,65,23,1,0,0,0,34,219,12,0,17,9,0,0,1,140,14,2,28,7,2,15,0,1,2,1,0,0,0,0,19,219,64,0,17,6,0,0,2,215,9,1,32,15,0,0,0,4,0,4,38,2,0,0,0,0,0,10,11,2,2,9,1,105,49,3,29,1,0,0,0,6,1,15,19,0,0,0,0,0,0,24,33,0,0,0,0,0,0,16,3,1,3,122,25,0,0,1,10,0,0,2,1,0,0,15,18,0,0,0,0,0,0,19,33,0,0,0,0,0,0,8
36,45,12,0,1,3,5,9,114,122,36,0,0,0,13,28,10,46,122,45,14,19,37,25,2,0,103,49,41,52,6,4,57,107,32,1,3,3,1,14,61,45,9,1,20,36,77,55,62,15,9,12,19,38,109,99,10,36,54,38,60,86,9,5,51,3,0,0,3,6,10,91,32,6,1,4,46,49,32,35,122,52,22,10,5,3,7,58,34,46,122,38,4,0,0,6,2,0,0,0,1,4,18,39,12,0,0,0,2,40,50,37,122,2,0,0,0,2,8,122,81,3,10,5,6,0,0,66
31,17,9,122,122,0,0,0,122,73,21,36,13,4,2,0,25,23,40,50,7,12,24,38,84,24,34,3,0,0,3,52,10,8,12,122,121,18,13,0,122,84,23,62,38,6,1,12,35,33,44,84,52,38,13,9,60,28,9,5,4,20,91,37,7,4,1,12,39,71,122,25,90,8,1,7,22,35,65,122,17,1,5,14,80,76,67,55,1,2,21,23,24,26,63,14,11,29,13,0,0,1,30,16,7,1,1,2,3,7,35,44,30,0,3,5,3,9,49,89,1,0,8,10,7,43,30,8
70,117,22,14,42,1,0,0,13,43,117,66,0,1,6,3,4,70,117,42,2,1,1,3,3,19,57,81,18,47,15,1,83,117,15,26,21,1,0,0,22,24,30,54,20,12,26,31,100,27,73,29,1,0,6,56,14,8,117,117,2,0,0,0,78,112,16,22,17,10,1,4,11,28,28,100,40,27,9,8,102,93,15,10,1,0,15,31,22,18,16,8,0,1,32,6,51,8,0,0,9,33,27,61,2,2,3,9,31,76,40,23,11,7,2,2,2,9,113,74,1,0,0,0,0,14,117,11
21,5,4,10,19,18,14,51,16,6,0,0,39,106,20,34,131,25,14,2,26,52,6,23,35,18,83,47,0,0,0,5,7,5,19,23,16,16,68,28,24,3,3,0,74,136,21,22,136,9,0,0,13,44,9,74,53,1,2,0,0,0,11,62,1,0,0,0,3,35,136,116,82,6,0,0,54,136,48,32,136,44,0,0,4,13,2,28,36,4,0,0,0,0,17,41,5,6,5,3,6,17,28,43,127,6,0,0,4,43,37,23,136,4,0,0,0,0,7,86,5,0,0,0,0,0,51,40
6,0,0,3,1,2,46,113,111,36,6,11,3,2,12,84,74,21,0,0,2,36,57,20,6,4,0,2,23,21,53,32,41,31,3,9,3,2,19,40,119,49,0,0,3,2,9,73,53,35,8,11,23,31,26,25,21,66,20,17,6,7,15,23,36,35,46,1,1,4,12,49,65,43,51,0,0,0,92,119,18,36,35,2,1,0,119,117,13,28,26,5,1,4,90,78,8,92,116,0,0,0,0,2,6,82,119,0,0,0,7,9,7,109,119,0,0,0,9,14,4,54,94,16,21,2,6,7
13,13,4,67,35,0,1,13,18,31,53,13,7,8,4,9,107,95,31,2,0,0,0,3,45,37,43,12,30,31,1,2,28,19,17,122,49,0,0,1,122,93,112,24,4,0,0,9,20,122,122,2,0,6,10,9,15,73,116,7,2,1,7,31,10,2,14,122,79,0,0,1,122,28,15,82,20,1,0,25,58,25,44,32,7,16,17,18,61,18,19,12,1,2,15,64,0,1,34,108,13,0,0,0,84,14,16,122,23,1,0,9,98,21,30,23,18,4,1,19,12,8,15,16,31,21,29,6
8,4,7,2,34,80,15,20,137,1,0,0,34,96,13,49,137,4,3,0,0,0,5,72,0,0,13,12,0,1,13,21,6,0,1,0,48,137,74,47,137,35,0,0,30,76,5,27,137,20,0,0,0,0,6,55,2,0,0,0,0,6,34,40,37,1,0,0,7,70,68,52,137,11,0,0,3,21,9,63,78,3,0,0,0,0,47,97,0,0,0,0,0,15,82,11,61,15,1,5,29,13,8,3,137,17,0,0,0,0,2,64,14,0,0,0,0,0,47,119,0,0,0,0,0,20,70,18
5,7,3,71,18,0,0,6,71,0,0,65,36,0,0,29,137,0,0,1,1,0,0,86,39,0,6,7,0,0,0,15,45,4,4,37,17,0,0,64,53,6,3,106,93,0,0,7,137,10,2,8,6,0,0,73,82,0,0,0,1,0,0,48,38,8,14,11,3,13,71,82,22,16,14,101,30,5,52,62,137,52,11,17,3,0,2,22,137,9,0,0,5,2,0,16,28,0,0,0,0,9,121,98,92,8,0,1,1,1,46,97,137,34,0,0,0,0,2,17,99,23,0,0,10,3,0,0
9,3,11,7,8,9,23,31,28,12,0,4,18,18,26,31,143,70,0,0,0,0,0,58,143,28,0,0,4,2,0,20,0,14,40,51,42,2,2,0,63,5,5,25,57,6,6,37,143,63,1,0,0,0,0,64,124,59,5,1,8,2,0,13,1,10,8,25,94,41,1,1,54,19,25,24,47,14,1,21,143,92,6,1,0,0,0,22,94,92,12,5,38,3,0,2,24,13,27,56,22,13,6,11,44,29,25,124,22,1,0,16,143,128,1,2,0,0,0,12,87,36,0,3,57,3,0,1
47,29,8,1,7,1,5,24,74,75,2,0,0,0,6,44,24,132,37,0,0,0,0,3,0,31,98,36,0,0,0,0,35,69,41,34,16,0,0,2,132,132,9,3,4,0,0,12,43,132,48,0,0,0,2,8,7,40,56,40,2,0,0,1,61,17,6,24,70,42,13,18,132,14,0,2,15,6,2,86,85,22,4,0,0,0,14,99,36,10,6,14,1,0,9,40,29,37,17,29,9,35,14,8,132,132,5,0,1,3,0,16,43,132,86,15,14,11,1,19,6,9,27,21,57,65,50,24
81,8,12,39,50,0,0,22,115,5,2,0,0,0,8,45,17,21,21,2,0,0,5,17,6,49,73,3,0,0,0,0,53,2,5,77,100,0,0,11,96,5,2,3,4,0,43,74,115,71,0,0,0,0,15,41,47,115,20,1,0,0,0,1,26,8,6,82,115,0,0,2,89,61,30,19,18,0,4,14,115,39,9,12,3,0,3,112,55,35,0,0,0,0,24,74,21,2,5,102,115,0,0,4,106,25,11,38,45,9,7,55,65,3,3,27,41,18,6,95,105,56,3,0,0,0,12,84
1,14,43,35,9,0,0,0,24,0,3,24,57,16,6,17,136,0,0,0,5,6,3,76,28,0,0,1,13,9,1,10,1,17,22,41,81,24,0,0,34,6,5,15,136,93,3,12,136,16,2,0,9,14,4,66,54,2,1,0,1,0,1,14,0,5,80,43,112,53,0,0,15,28,136,69,83,46,0,1,131,33,45,32,57,27,76,76,14,0,0,0,0,1,23,28,0,2,109,18,6,4,12,0,0,7,117,79,80,4,7,0,0,0,7,84,136,18,15,2,0,0,0,0,0,0,3,0
3,34,20,1,2,26,19,2,46,57,33,6,2,1,0,0,92,52,9,18,6,0,0,2,1,1,2,71,56,0,0,0,0,92,122,30,1,0,0,0,29,24,76,99,13,0,0,0,122,9,3,10,10,2,0,9,6,0,0,17,113,29,0,1,0,7,88,77,56,40,6,0,5,2,9,78,114,46,4,1,46,7,3,8,16,20,15,29,2,53,53,8,67,52,5,3,0,0,0,5,24,122,122,0,8,34,0,0,23,122,87,6,23,122,32,0,2,15,22,20,1,122,122,3,2,3,1,0
11,69,10,0,0,3,118,36,5,26,17,9,7,7,118,32,0,4,27,23,17,64,118,1,0,3,75,47,7,50,118,2,31,118,11,0,2,4,0,0,7,25,14,8,37,48,1,1,51,74,40,12,11,10,1,2,14,75,118,43,0,0,0,0,57,15,0,0,12,35,5,5,17,0,0,0,34,108,12,20,118,21,0,0,0,5,29,94,66,42,18,1,0,0,36,116,12,0,0,0,2,61,78,17,4,1,0,0,5,72,45,20,6,0,4,3,1,6,113,66,6,1,2,0,0,0,118,118
41,10,1,0,1,2,0,12,134,6,1,0,0,0,19,111,24,1,1,0,0,0,102,129,1,0,0,0,1,30,58,41,51,3,0,0,0,0,0,25,134,75,38,5,0,0,9,44,12,22,127,64,0,0,66,72,1,2,56,24,0,10,75,91,58,1,0,0,0,0,0,7,134,21,8,1,0,0,0,42,93,30,91,40,0,0,0,9,1,27,134,61,0,0,1,3,47,7,0,0,0,0,0,3,134,54,0,0,0,0,0,4,101,88,4,0,0,0,0,1,2,89,20,3,0,0,0,0
98,63,3,0,0,0,0,22,20,52,14,2,7,4,0,3,60,41,0,0,0,0,0,1,17,11,0,0,0,0,0,1,143,4,0,0,0,1,3,143,54,3,0,0,6,28,22,60,143,25,0,0,0,2,2,24,85,15,0,0,0,0,0,15,143,84,24,0,0,0,1,105,143,16,0,0,0,4,9,59,143,50,0,0,0,0,0,5,72,32,0,0,0,0,0,1,33,70,138,31,0,0,0,1,118,37,16,3,0,0,0,9,143,12,0,0,0,0,0,15,58,3,0,0,0,0,0,10
90,34,15,0,0,1,4,74,106,2,2,8,1,0,7,121,52,37,34,14,1,0,1,54,54,17,3,0,0,0,0,40,28,49,25,0,0,28,58,33,121,58,2,0,0,0,16,106,100,4,0,0,0,4,73,64,51,0,0,0,0,0,30,87,14,104,60,0,0,7,30,12,61,75,16,0,0,6,101,52,35,42,14,0,0,7,121,71,121,28,2,0,0,1,24,65,20,46,5,0,0,1,22,14,37,94,34,0,0,2,14,4,25,121,77,0,0,0,5,6,48,121,27,0,0,0,0,1
45,11,17,39,7,0,0,4,24,7,21,123,26,0,1,26,44,66,42,32,6,0,0,29,11,123,70,15,1,0,0,0,22,6,36,66,9,0,0,10,97,37,96,76,4,0,0,16,21,123,123,17,0,0,0,0,21,123,37,9,17,16,1,0,7,4,57,123,23,0,0,0,123,41,27,56,8,0,0,29,96,69,54,0,0,0,0,24,7,61,31,34,14,2,0,0,0,0,34,123,12,0,0,0,22,69,123,55,2,0,0,3,41,108,47,0,0,0,0,5,5,71,23,1,0,0,0,0
94,18,0,0,0,0,48,117,11,5,8,3,0,1,117,117,12,7,3,1,0,0,54,117,3,0,0,0,0,27,45,34,56,90,4,0,2,4,11,60,37,17,0,0,4,40,85,117,113,5,0,0,0,12,65,117,15,2,0,0,0,113,86,41,3,78,35,13,47,35,0,0,54,93,2,1,30,83,10,9,117,70,0,0,2,45,36,32,45,58,0,0,1,51,50,10,0,9,12,20,88,30,2,1,22,84,10,4,15,22,24,5,45,22,0,0,1,29,36,14,70,25,0,0,0,3,3,27
0,9,17,31,119,45,2,0,10,110,42,2,2,7,10,5,17,119,101,1,0,0,4,13,5,23,117,80,4,2,5,16,0,9,39,88,119,12,0,0,72,92,54,8,0,0,0,2,119,117,44,1,0,0,0,37,34,31,83,119,32,0,0,23,0,0,47,60,40,26,12,0,17,26,93,10,0,5,26,5,119,25,7,0,0,0,4,63,98,3,10,20,10,0,1,54,0,1,21,10,6,42,30,0,5,20,51,1,0,8,54,10,100,66,12,0,0,0,8,35,93,25,0,0,0,0,3,14
86,0,0,0,0,0,6,143,79,0,0,0,0,0,3,143,8,0,0,0,10,14,2,17,0,0,4,7,12,3,0,0,72,16,0,0,0,1,15,143,143,10,0,0,0,0,6,143,72,6,9,2,2,2,0,23,0,3,23,3,1,0,0,0,124,86,0,0,0,0,0,5,143,118,0,0,0,0,0,8,105,39,15,0,0,0,0,1,0,8,27,0,0,0,0,0,143,53,0,0,0,0,3,15,143,98,0,0,0,0,18,51,40,22,2,0,0,0,16,32,0,1,3,0,0,0,3,4
19,68,87,10,1,2,12,33,19,90,49,0,0,0,2,12,2,34,82,0,0,0,1,1,43,79,32,0,0,0,0,1,11,26,42,4,24,60,100,35,125,66,54,0,0,4,56,115,30,69,125,0,0,0,0,2,6,91,91,1,0,0,0,0,28,47,98,117,69,37,26,17,125,125,68,10,2,3,14,63,108,36,28,1,0,0,0,2,0,4,13,11,4,0,0,0,75,41,84,24,0,0,0,8,53,99,58,2,0,0,0,6,51,8,0,0,0,0,0,1,0,0,0,5,1,0,0,0
0,0,0,0,0,0,0,0,1,1,0,0,0,0,0,0,9,2,0,10,67,1,0,5,0,0,0,37,180,34,1,0,6,4,0,0,0,0,0,0,111,28,0,0,0,0,0,8,40,30,5,12,80,4,2,11,0,0,0,169,180,10,0,0,17,58,30,0,0,0,0,0,163,81,10,0,0,0,0,43,37,15,3,13,24,1,10,57,0,0,0,180,180,0,0,1,28,60,33,2,0,0,5,12,20,99,34,0,0,1,12,14,15,39,24,8,0,0,5,17,0,0,8,82,10,1,0,0
3,0,0,0,0,18,19,12,68,5,0,0,0,2,6,37,122,40,0,0,0,0,6,18,67,23,0,0,0,0,15,28,19,1,0,0,4,89,52,25,122,9,0,0,4,16,20,55,64,5,0,0,27,106,122,56,39,0,0,0,1,13,122,122,49,69,31,34,38,51,18,11,122,78,2,4,25,14,7,18,11,9,44,78,122,99,37,9,122,111,54,15,10,15,47,93,5,40,43,30,5,0,1,1,18,30,3,2,3,0,10,12,2,9,43,41,12,0,14,10,30,73,46,5,0,0,22,38
0,4,18,1,1,5,5,1,1,5,18,6,13,2,5,6,2,1,3,12,100,64,23,8,36,12,1,2,9,19,42,68,7,3,13,16,64,114,69,26,97,12,6,17,19,10,47,105,15,17,17,114,114,8,0,3,55,92,21,25,13,2,1,6,11,43,114,114,94,32,8,7,114,114,114,25,8,2,4,24,16,19,20,114,60,0,0,0,11,31,28,37,3,0,0,0,0,14,114,52,2,0,0,0,0,33,113,61,55,0,0,0,0,1,4,64,82,0,0,0,2,6,7,26,16,0,0,0
6,4,1,27,20,37,32,2,2,0,0,12,13,7,27,16,1,0,2,32,13,0,0,1,1,0,0,8,6,1,12,17,21,16,15,10,32,142,142,49,142,40,9,3,0,13,120,142,43,12,19,84,12,0,0,8,0,0,0,51,16,0,0,0,23,79,142,78,42,62,25,11,142,142,65,6,1,1,15,70,47,5,2,41,19,2,20,80,0,0,0,62,37,1,3,3,1,13,74,42,13,0,0,0,13,20,75,62,12,2,19,48,18,6,31,11,2,1,25,99,0,0,1,9,16,11,26,11
2,0,0,0,0,158,158,1,22,14,0,0,0,158,123,3,20,16,14,104,37,25,22,1,37,123,77,118,17,0,0,1,33,2,0,1,0,72,58,11,76,12,0,0,0,3,3,9,96,18,12,18,0,0,0,1,43,44,72,41,0,0,1,9,36,2,0,18,15,0,0,11,97,4,0,0,0,0,0,11,132,5,0,0,0,0,0,5,87,23,23,5,0,0,0,5,13,8,7,119,45,0,0,0,74,16,2,1,0,0,0,0,87,5,0,0,0,0,0,6,113,3,0,0,0,0,0,20
0,0,0,11,5,0,0,0,11,12,1,4,3,0,0,0,22,138,76,3,0,0,0,0,0,138,138,1,0,0,0,0,0,0,3,138,28,0,0,0,75,18,17,119,11,1,0,4,138,138,24,2,0,0,0,16,36,100,68,14,6,0,0,3,0,0,7,87,3,0,0,0,26,13,54,138,2,0,0,1,138,24,17,29,0,0,0,110,81,3,1,5,18,13,4,72,0,0,0,13,5,0,0,0,0,0,3,49,9,0,0,0,73,14,11,35,3,0,0,49,55,5,3,0,5,32,25,86
5,1,1,3,9,52,48,25,89,4,0,0,2,119,33,30,129,24,24,13,0,2,2,34,2,1,48,123,9,2,2,8,7,0,0,0,0,60,129,84,129,36,0,0,0,67,41,19,129,19,0,0,0,0,9,60,2,0,0,6,21,44,31,29,55,11,2,2,10,8,45,34,129,21,0,0,0,2,12,70,59,2,0,0,0,1,61,107,0,0,0,0,26,105,68,10,67,33,0,0,9,11,3,1,109,18,0,0,0,0,3,74,6,0,0,0,0,4,65,100,0,0,0,0,30,104,47,5
32,56,3,17,5,0,0,8,37,1,1,37,16,0,0,5,144,0,0,1,0,0,0,15,15,1,6,5,0,0,0,0,135,37,6,23,11,0,0,76,82,6,2,91,74,0,0,11,144,8,1,6,4,0,0,51,62,1,8,6,5,4,0,14,58,36,11,2,2,0,90,78,47,22,9,59,34,2,33,73,144,57,6,10,2,0,0,17,83,5,0,0,14,15,0,10,45,11,0,0,0,0,120,115,144,21,0,0,0,0,24,105,144,64,0,0,0,1,1,7,40,13,0,0,20,37,5,1
12,3,0,0,0,9,32,35,21,6,16,26,8,10,27,51,64,70,39,86,5,0,0,22,125,111,3,2,4,0,0,3,7,3,2,3,1,8,82,41,31,6,1,5,3,8,71,125,125,68,9,11,1,1,6,115,83,55,1,0,2,7,55,40,10,4,47,12,1,4,21,27,87,48,29,7,5,6,16,28,125,60,4,0,0,2,12,101,35,37,9,3,1,7,29,64,3,40,106,11,0,0,1,0,23,86,125,3,0,0,1,8,30,45,125,2,0,0,9,74,17,40,70,6,3,1,16,77
64,35,6,0,0,0,0,1,11,22,70,8,0,2,2,4,26,56,102,3,0,0,0,14,88,110,13,0,0,0,0,29,68,19,9,2,0,4,9,22,37,8,4,0,1,37,36,48,125,61,28,0,0,0,4,63,100,125,13,0,0,0,0,2,3,2,28,37,40,9,9,7,92,43,0,1,14,16,23,21,125,125,0,0,0,0,0,18,125,101,0,0,1,9,11,8,1,4,5,13,69,46,0,0,125,121,4,3,15,6,0,1,125,125,4,0,0,0,0,0,43,42,1,0,30,63,7,2
16,1,0,4,29,12,5,14,15,6,6,18,5,0,0,22,55,106,10,9,2,0,0,2,58,119,24,10,1,0,0,2,26,6,1,0,2,8,18,40,54,6,1,0,0,0,3,67,119,115,3,0,0,0,0,19,116,119,1,2,4,6,5,19,31,8,4,2,13,58,36,41,119,37,0,0,0,0,4,33,119,17,0,0,0,1,18,98,43,5,0,0,0,20,90,119,50,0,0,0,5,96,41,105,119,16,0,0,0,0,23,119,17,4,0,0,2,49,87,31,2,0,0,0,1,48,119,61
0,0,0,0,0,124,124,2,0,0,0,0,14,124,124,7,0,0,0,5,90,104,8,1,0,0,3,19,49,36,2,0,3,1,0,4,59,124,55,2,57,5,0,1,7,36,48,26,9,0,0,15,96,14,3,3,0,0,3,30,56,11,0,0,7,5,9,27,124,15,0,0,56,12,13,4,4,12,7,13,7,7,1,4,39,54,6,3,22,119,67,24,25,8,0,0,0,30,124,38,39,3,0,0,3,7,124,104,13,2,1,1,18,12,13,65,26,14,3,6,124,124,20,1,1,3,5,56
27,20,27,91,94,13,5,16,21,5,1,1,2,5,84,96,3,1,1,3,5,67,133,30,120,9,0,0,0,20,41,77,12,3,0,13,133,130,23,6,52,38,5,7,8,3,5,8,7,11,6,30,60,6,5,5,133,36,0,1,7,1,1,71,51,7,0,0,2,21,23,46,84,5,0,3,5,0,0,47,16,54,43,36,38,0,0,6,28,133,39,4,2,0,0,2,30,9,0,0,0,5,22,38,97,22,0,0,0,0,0,39,106,133,34,2,0,0,0,4,9,133,50,0,0,0,0,0
0,0,0,0,0,0,0,0,0,2,1,0,0,0,0,0,0,12,17,0,0,0,0,0,0,0,1,0,0,0,0,0,19,3,1,0,0,0,0,4,139,38,4,0,0,0,0,24,54,86,54,0,0,0,1,5,4,27,5,0,0,0,0,0,44,59,139,108,0,0,0,4,139,137,70,7,0,0,0,35,139,65,1,0,0,0,6,31,71,89,0,0,0,0,0,0,1,10,139,139,7,2,15,18,53,88,107,71,5,1,1,0,135,121,2,0,0,0,0,1,46,56,0,0,0,2,0,0
0,0,0,0,4,34,19,1,9,0,0,0,0,23,119,40,9,0,0,0,3,42,50,29,0,0,0,1,46,51,16,0,11,0,0,0,89,119,23,4,119,48,0,0,7,69,84,66,54,22,0,0,5,119,37,31,0,0,0,0,15,110,83,5,15,0,0,27,119,94,1,9,105,9,0,6,18,21,67,119,12,2,0,0,2,119,119,56,7,0,2,11,13,51,35,25,0,0,0,31,119,10,0,0,0,1,5,30,70,14,54,51,24,35,8,1,0,10,79,66,43,52,27,7,0,0,5,22
48,10,2,0,0,0,0,45,40,1,0,0,0,0,3,37,57,3,0,0,0,0,0,5,14,2,0,0,0,0,0,1,23,50,90,4,0,0,0,4,51,22,17,2,0,0,0,10,83,3,0,0,0,0,0,7,17,1,0,0,3,7,0,2,0,3,51,20,2,8,36,3,7,6,19,17,4,39,61,3,42,3,0,0,0,6,100,54,10,0,0,0,14,94,33,24,0,0,0,0,0,48,156,24,0,0,0,0,0,156,156,6,0,0,0,0,0,49,156,156,0,0,0,2,70,156,156,104
2,11,45,40,46,31,13,7,33,112,57,7,2,6,25,42,28,120,43,0,0,0,4,14,18,99,71,0,0,0,0,0,13,11,30,13,7,6,0,4,22,51,45,31,47,84,81,50,125,102,31,3,2,9,44,125,48,81,68,2,0,0,0,3,25,2,2,4,3,1,0,9,67,89,125,84,37,15,5,15,125,125,94,11,2,2,3,29,75,13,1,1,0,0,0,7,22,0,0,0,0,0,0,12,125,20,12,0,0,0,0,64,61,26,10,0,0,0,0,60,41,0,0,0,0,0,0,20
6,26,104,39,47,29,4,2,63,49,62,12,0,1,10,38,8,4,16,11,5,4,24,40,0,0,2,15,13,11,5,0,8,7,39,26,15,11,0,1,75,95,135,19,1,1,1,7,11,30,135,101,0,0,4,8,0,0,65,99,50,13,4,0,17,6,26,9,18,22,1,2,135,43,19,3,0,1,0,44,100,31,116,77,0,0,0,22,1,10,87,135,43,1,0,0,20,12,10,5,15,35,6,3,135,17,0,0,0,4,19,68,135,26,6,0,0,0,2,86,13,16,23,98,11,0,3,14
4,15,13,14,4,0,0,0,86,129,50,10,3,0,0,1,124,129,12,0,0,0,6,20,13,39,2,1,7,34,24,15,18,12,5,7,27,24,2,5,129,69,0,1,3,6,11,39,109,40,0,0,0,47,108,31,1,0,0,0,11,129,129,12,36,6,0,0,19,52,60,38,129,11,0,0,2,12,69,107,18,1,0,1,0,75,129,36,2,0,0,8,17,57,121,11,92,28,39,32,9,9,22,51,59,24,11,5,0,1,7,15,21,9,25,18,0,3,13,5,17,7,22,29,3,2,10,6
63,2,0,0,4,39,126,79,34,0,0,0,0,5,130,130,8,0,0,0,0,0,57,66,0,0,0,0,0,0,46,11,24,21,32,54,95,88,74,28,130,111,28,10,6,13,73,130,95,5,0,0,0,8,73,77,0,0,0,0,0,17,85,6,8,22,41,41,16,1,12,7,80,88,31,5,0,0,68,76,22,3,0,0,0,4,130,77,0,0,0,0,0,11,128,10,0,0,0,0,0,0,13,4,0,0,0,0,0,0,33,11,0,0,0,0,0,2,66,16,0,0,0,0,0,0,37,7
9,0,2,15,9,14,11,10,3,0,0,0,6,68,47,36,70,0,0,0,5,20,35,126,19,0,0,5,52,126,126,59,0,1,4,15,45,85,19,0,13,5,4,23,86,126,41,28,126,21,2,6,19,40,37,126,36,13,43,108,124,52,12,26,0,26,55,25,15,24,3,0,9,33,107,126,65,21,2,2,126,126,65,25,5,3,3,17,30,7,14,22,4,4,20,12,2,12,12,2,0,2,29,6,0,3,29,35,5,16,29,0,3,17,20,7,1,4,15,3,1,0,0,0,0,0,18,4
21,1,0,0,0,0,0,1,35,8,2,3,2,0,0,2,19,25,88,134,88,38,12,3,137,137,131,50,21,16,24,48,25,0,0,0,0,0,0,5,111,9,0,0,0,0,0,4,137,97,122,39,0,0,0,3,51,137,137,17,0,0,0,4,24,0,0,0,0,0,0,16,129,0,0,0,0,0,0,10,137,6,0,0,0,0,0,50,97,9,1,0,0,0,0,56,8,0,0,0,0,0,0,2,35,0,0,0,0,0,0,3,91,0,0,0,0,0,0,21,33,0,0,0,0,0,0,23
2,2,33,57,26,6,0,0,40,1,1,6,7,4,1,13,11,2,35,73,110,78,11,10,28,83,115,56,37,41,46,63,5,1,6,23,84,105,3,1,53,6,0,1,7,10,2,3,38,15,38,31,7,1,0,5,13,60,115,31,49,93,69,19,22,1,0,11,106,63,11,24,67,3,0,0,0,0,0,12,54,3,1,1,2,0,0,12,64,53,115,115,87,46,16,10,41,0,0,3,115,83,23,114,65,0,0,0,0,0,0,66,54,0,0,0,0,0,0,17,115,43,46,7,0,0,0,39
0,0,3,76,108,21,5,1,46,14,0,6,14,14,17,40,65,133,6,0,0,0,0,11,24,133,3,0,0,0,0,0,0,0,24,133,129,1,0,0,79,13,60,133,14,1,1,47,133,83,11,5,0,0,0,77,46,41,2,1,0,0,0,2,0,0,38,126,27,7,4,0,10,28,133,133,6,3,1,1,116,133,81,18,0,0,0,6,25,29,4,5,0,0,0,2,0,0,0,4,17,32,14,0,0,2,12,15,6,20,21,2,10,13,11,1,0,0,1,4,4,0,0,0,0,0,0,2
0,0,0,0,0,14,23,3,5,3,0,0,0,8,44,14,0,0,0,0,1,17,33,6,0,0,0,0,0,1,1,0,0,0,0,0,0,35,139,46,10,0,0,0,3,139,139,30,101,8,1,0,0,24,123,132,15,5,6,19,6,2,1,9,0,0,0,0,8,54,122,53,80,24,0,1,15,139,61,14,139,75,1,0,0,9,12,36,51,20,18,35,1,0,0,2,0,5,17,17,23,10,2,0,49,139,40,10,10,13,1,0,139,139,2,0,0,0,0,2,21,30,7,8,5,5,0,0
5,14,13,17,5,9,7,12,129,0,1,12,4,3,2,90,134,10,2,16,22,0,0,54,5,2,1,59,116,0,0,0,6,34,19,42,23,1,0,0,121,13,31,50,21,0,0,34,134,21,4,13,12,0,0,70,29,3,1,111,127,0,0,2,7,5,5,7,5,15,46,24,54,38,62,26,2,1,25,67,134,73,11,3,2,1,15,37,27,2,0,43,103,18,23,11,1,0,0,0,0,17,72,22,94,2,0,0,0,4,39,116,133,6,0,0,0,0,24,106,13,7,4,14,17,12,28,23
0,0,0,0,0,7,56,4,31,11,10,7,2,17,104,34,50,45,2,0,0,0,4,15,24,78,25,1,0,0,0,0,21,1,0,0,1,65,61,10,128,52,0,0,0,6,51,54,97,115,6,0,0,0,5,28,99,127,11,0,0,0,2,32,65,9,0,0,0,17,17,5,128,53,10,1,0,0,4,84,43,10,11,3,0,0,75,128,58,2,0,0,0,0,56,128,84,30,0,0,0,0,0,0,128,128,38,5,0,0,0,4,9,26,124,53,0,0,13,27,35,4,37,26,0,1,20,55
62,14,0,0,0,1,13,55,137,4,0,0,8,14,15,111,17,0,0,3,44,123,114,16,1,0,0,0,2,63,126,1,51,15,11,29,7,2,8,34,137,9,1,14,23,2,1,77,35,5,1,65,137,16,5,3,13,8,0,7,14,3,7,1,27,24,22,37,9,0,19,19,137,77,15,15,12,1,2,25,56,10,2,101,137,6,3,4,8,9,7,33,24,0,0,0,41,7,3,0,0,1,55,63,137,23,1,0,1,2,9,108,19,1,0,29,71,24,13,27,2,1,3,31,29,13,0,0
27,27,1,0,0,0,17,44,31,18,8,1,0,0,23,42,19,32,75,32,1,1,43,30,2,66,65,5,0,0,29,17,25,44,11,0,0,0,8,31,85,28,34,2,0,0,6,75,130,78,61,7,0,0,0,48,18,99,73,5,12,4,0,0,41,45,16,5,3,1,1,18,75,130,63,1,0,0,0,10,130,130,55,0,0,0,0,8,24,130,79,3,5,1,0,0,28,122,6,4,15,8,1,6,91,130,5,0,0,1,4,6,46,130,43,0,0,1,22,47,4,86,47,0,0,0,18,20
33,14,6,1,2,12,25,36,0,6,40,23,22,27,16,5,29,26,39,7,0,0,0,0,29,2,0,0,0,0,0,2,20,15,10,7,3,3,6,6,64,83,107,14,3,3,3,7,127,77,127,16,0,0,0,10,127,27,9,5,0,0,0,20,16,32,81,31,7,1,0,0,126,48,34,12,1,0,0,40,91,46,45,17,3,0,0,43,127,12,5,7,3,0,0,113,21,59,80,30,3,1,0,1,56,120,64,63,5,0,0,1,49,127,62,94,34,0,0,7,93,2,29,58,26,1,1,112
0,0,0,0,0,0,16,5,8,4,0,0,0,1,130,50,6,8,1,0,0,52,130,34,10,25,19,1,1,105,130,1,43,16,3,0,0,0,13,21,130,37,0,0,0,2,107,80,47,21,3,0,0,32,103,48,55,103,58,1,1,14,37,98,31,24,21,34,24,13,4,6,96,19,2,1,2,5,65,85,34,15,2,0,0,29,127,57,64,57,7,0,0,0,46,130,11,2,0,5,17,29,30,18,13,11,6,3,3,3,18,16,101,34,8,0,0,0,14,27,105,51,5,0,0,0,13,50
0,0,0,0,0,0,0,0,0,0,1,2,0,0,10,1,27,15,16,8,1,6,35,38,39,12,1,0,3,15,22,23,0,0,0,0,0,1,2,0,17,0,0,0,0,18,128,40,129,48,3,3,1,3,96,89,72,129,6,0,0,0,0,5,0,0,0,0,0,4,22,3,129,14,0,0,0,28,75,27,129,63,0,0,0,0,12,92,113,77,0,0,0,0,16,129,5,1,0,0,2,2,3,1,129,96,0,0,0,0,3,3,129,129,61,8,0,0,4,41,21,7,52,19,0,0,21,129
28,4,5,11,6,0,4,63,99,4,0,0,0,0,24,91,142,39,0,0,0,0,3,29,29,13,0,1,15,3,0,0,22,0,0,10,50,11,3,21,142,7,0,0,0,0,0,79,142,24,0,0,0,0,0,65,34,4,5,9,23,4,0,6,20,0,0,1,19,48,53,39,142,52,0,0,0,0,10,81,142,118,1,0,0,0,1,50,23,18,22,5,0,0,0,3,26,29,20,26,22,14,14,15,109,33,8,8,7,9,43,128,142,26,1,0,0,0,13,142,20,2,4,0,0,0,3,52
69,7,4,1,0,0,3,72,132,1,0,6,20,20,14,122,8,1,0,20,72,93,65,7,6,7,2,2,4,31,43,1,54,39,26,21,0,0,6,18,132,44,7,25,23,0,0,32,35,7,4,118,132,1,0,1,19,18,4,16,7,0,0,0,49,14,3,2,0,0,69,83,132,31,2,3,9,4,7,127,26,2,1,61,120,22,6,27,9,4,3,28,26,8,0,1,37,117,30,0,0,0,11,19,118,132,26,2,4,2,1,52,16,18,10,9,75,60,3,16,13,2,0,0,15,24,2,3
0,0,0,0,0,3,0,0,0,0,0,0,0,0,0,0,0,0,0,0,0,0,0,0,0,0,0,0,0,0,0,0,8,8,0,0,0,129,50,3,131,49,0,0,0,23,2,17,131,29,0,0,0,0,0,11,92,3,0,0,4,4,0,1,15,7,0,0,0,38,77,42,113,25,0,0,0,3,58,131,131,18,0,0,0,0,8,131,131,7,0,0,3,51,46,17,15,0,0,0,0,11,56,32,109,2,0,0,0,1,20,102,131,0,0,0,2,9,17,131,28,0,0,1,21,129,110,30
5,0,0,0,0,0,4,7,105,8,0,0,0,0,8,63,57,21,5,0,0,0,19,101,71,39,8,8,1,0,15,68,26,2,0,0,0,0,0,2,118,69,8,0,0,0,0,15,50,111,118,0,0,0,7,30,118,118,104,0,0,0,4,32,14,0,0,0,0,0,0,0,118,13,0,0,0,0,0,45,118,80,32,0,0,0,18,118,61,118,91,3,3,15,72,118,0,0,0,0,0,0,0,0,3,0,0,0,0,0,0,2,8,0,0,0,0,0,24,59,5,0,0,0,0,13,118,118
0,0,0,34,108,69,0,0,20,13,1,15,104,39,1,5,68,96,63,47,12,1,0,7,5,13,26,106,80,5,0,0,0,0,0,32,108,96,2,0,50,8,3,23,128,118,15,39,128,47,8,32,17,9,7,97,29,26,36,128,85,2,0,3,0,0,13,113,39,36,1,0,27,41,88,128,38,48,2,4,128,101,20,4,3,3,0,16,19,5,10,25,14,5,0,2,0,0,3,20,0,0,0,0,0,1,11,25,0,0,0,0,1,2,1,0,0,0,0,0,0,0,0,0,0,0,0,0
40,17,0,0,0,12,9,2,0,0,0,0,0,31,31,1,2,0,0,0,0,4,15,8,0,0,0,0,0,0,0,0,20,4,0,0,0,71,136,13,17,1,0,0,0,136,136,33,136,17,1,0,1,21,64,109,20,14,3,0,18,84,4,1,1,4,0,4,28,53,136,3,73,56,7,0,1,63,81,12,136,70,0,0,6,28,20,44,26,4,2,3,136,136,14,4,3,14,3,19,44,1,0,0,45,37,3,0,0,6,8,26,82,10,0,0,1,36,73,98,3,13,4,5,48,99,32,3
0,0,0,0,0,0,0,0,11,102,80,11,0,0,0,0,5,52,111,114,13,0,0,0,26,83,38,18,3,0,0,0,9,1,0,0,0,0,0,0,131,131,41,29,1,0,1,20,29,69,131,131,20,2,3,8,12,92,131,47,3,0,1,0,11,4,6,0,0,0,0,0,131,58,34,4,1,1,13,130,36,23,38,50,9,7,76,119,3,26,82,12,1,37,83,17,0,2,21,0,0,0,0,0,10,36,113,13,1,0,0,6,6,10,23,7,3,6,17,27,0,0,5,5,2,21,30,11
30,9,0,0,0,1,14,60,92,11,2,5,1,0,8,121,46,2,15,100,10,1,3,65,4,1,10,48,17,1,0,1,52,7,0,0,0,1,32,56,60,11,1,0,0,7,91,121,106,20,1,13,13,2,21,121,11,6,2,29,91,14,6,12,11,0,0,0,0,2,71,91,115,52,0,0,0,4,47,61,121,77,1,2,3,25,65,83,18,10,2,9,73,121,70,17,10,0,0,0,0,0,12,76,45,5,0,0,0,0,23,121,20,2,0,0,0,25,106,70,0,0,0,0,0,64,50,2
39,17,0,0,0,1,6,15,80,42,10,0,0,0,3,37,123,14,3,23,20,3,1,42,9,4,3,62,45,4,1,1,41,4,0,0,0,0,19,100,64,27,3,0,0,0,59,107,123,31,1,5,11,2,6,123,15,3,1,35,72,18,2,15,93,13,0,0,0,0,6,82,104,123,5,0,0,0,11,51,123,123,5,3,10,18,39,55,12,15,3,5,65,91,30,14,54,0,0,0,0,0,0,55,61,12,0,0,0,0,23,115,22,10,0,0,1,27,123,64,13,0,0,0,5,75,96,26
7,1,0,0,0,2,16,28,33,7,0,0,0,0,35,56,122,4,0,0,0,0,2,122,92,0,0,2,14,44,42,89,23,3,0,0,0,3,14,24,82,69,5,0,0,0,3,21,122,58,20,0,0,0,2,43,122,25,2,33,41,5,0,22,32,0,0,0,0,0,17,102,59,12,1,0,0,0,41,122,122,31,3,0,0,0,36,122,122,18,0,12,27,5,3,68,61,1,0,0,0,0,4,61,92,68,6,0,0,0,8,45,95,122,11,0,0,0,5,34,76,98,7,3,19,19,7,25
146,1,1,1,0,0,25,105,45,0,0,0,0,0,1,68,4,0,0,0,0,0,0,1,0,0,0,0,0,0,0,0,101,4,8,29,18,3,1,144,163,9,0,0,0,0,1,143,74,10,1,4,8,1,0,2,0,0,1,1,0,0,0,0,107,0,0,7,29,50,26,59,163,31,0,0,0,0,0,55,98,23,33,15,6,0,0,3,0,1,23,6,0,0,0,0,77,14,8,6,6,15,11,46,163,14,0,0,0,0,0,163,72,9,11,2,0,0,1,79,0,0,6,2,0,0,0,0
0,0,0,1,101,133,0,0,3,19,49,23,83,60,2,2,8,13,31,25,19,4,4,13,19,30,4,11,17,2,6,59,7,2,0,18,133,68,1,4,116,82,59,45,31,11,2,25,18,54,58,133,89,0,0,1,33,133,28,15,9,0,0,2,10,7,12,63,125,87,3,7,133,56,13,24,20,17,4,51,67,39,48,133,34,0,0,3,28,127,32,17,1,0,0,0,1,4,15,79,10,1,0,0,42,28,11,10,1,0,0,0,10,1,0,2,1,0,0,0,0,0,0,0,0,0,0,0
25,9,0,0,0,32,81,9,13,0,0,0,0,18,53,25,6,1,0,0,0,5,0,2,0,0,0,0,0,1,0,0,16,9,0,0,5,69,130,16,130,32,0,0,3,43,95,82,55,7,1,0,49,130,26,11,46,7,1,0,4,57,31,35,28,27,3,7,24,10,19,12,130,33,0,0,5,45,65,108,20,57,23,8,89,130,43,14,74,130,64,3,8,15,7,22,4,18,13,11,15,12,6,7,20,107,49,2,1,6,25,47,19,130,75,0,1,8,10,3,32,129,34,0,0,0,0,0
0,0,0,0,6,14,17,2,25,1,0,33,63,17,29,19,156,5,0,6,8,1,0,40,17,2,0,0,0,0,0,0,0,0,0,2,47,146,92,34,49,2,1,12,33,58,151,40,156,72,0,2,5,7,13,25,67,35,7,1,0,0,0,0,8,0,3,10,12,31,66,156,79,5,5,27,15,27,33,55,156,28,0,0,0,1,6,92,49,12,6,1,0,0,0,10,17,0,0,0,0,3,47,156,11,0,0,0,4,60,70,85,27,0,0,0,0,3,8,39,1,0,0,0,0,0,0,1
0,0,0,0,0,0,0,0,0,0,0,0,0,0,0,0,0,0,0,0,0,0,0,0,0,0,0,0,0,0,0,0,0,0,0,0,0,0,0,0,62,2,0,0,0,0,1,56,152,15,0,0,0,0,5,75,18,1,0,0,0,0,9,16,16,3,0,0,0,0,0,1,152,108,0,0,0,0,0,38,152,100,0,0,0,2,37,115,49,3,0,0,0,9,73,152,13,6,0,0,0,0,0,0,152,100,0,0,0,0,0,20,132,123,21,0,0,3,6,55,34,152,113,0,0,5,10,41
