189,104,0,2,34,0,0,0,130,30,0,0,6,5,1,0,0,0,0,0,2,2,1,0,2,0,0,0,0,0,0,0,189,159,1,1,27,1,0,2,150,25,0,0,2,16,25,11,11,0,0,0,0,3,11,15,12,1,0,0,3,3,1,2,189,129,0,0,8,2,0,0,75,16,0,0,6,5,4,2,31,1,0,0,0,5,8,8,4,0,0,0,2,38,22,2,189,86,0,0,1,3,0,0,26,5,0,0,3,8,10,6,7,0,0,0,4,21,13,6,0,0,0,0,15,38,12,0
9,37,29,6,0,0,3,8,0,2,44,23,0,1,8,18,18,14,46,19,0,0,11,47,12,4,109,68,0,0,12,28,12,6,3,1,0,2,41,69,4,2,10,8,0,11,42,16,35,19,11,2,0,0,5,16,18,29,9,0,0,0,6,6,11,0,0,0,0,0,86,162,38,19,4,0,0,1,18,90,39,19,2,0,0,1,23,23,50,23,3,0,0,0,7,39,2,0,0,2,2,2,162,162,10,1,0,0,0,1,162,162,1,0,0,0,0,2,162,141,5,0,0,0,0,0,40,122
59,11,2,0,0,0,0,22,53,48,15,0,0,0,0,16,18,100,15,1,0,0,0,0,15,15,13,3,0,0,0,7,54,14,0,0,0,0,0,36,176,54,0,0,0,0,0,19,61,73,23,7,0,0,0,3,1,12,38,16,0,0,0,0,35,1,0,0,0,0,17,176,176,9,0,0,0,0,0,104,83,6,1,1,0,0,0,65,3,3,9,2,0,0,0,9,29,0,0,0,0,0,30,176,125,0,0,0,0,0,0,176,42,0,0,0,0,0,2,140,12,0,0,0,0,0,1,47
23,0,0,17,143,0,0,2,143,0,0,1,23,0,0,10,114,1,0,0,0,0,0,5,32,0,0,0,0,0,0,1,37,1,0,30,143,0,0,6,143,2,0,2,39,0,0,11,143,18,0,0,0,0,0,1,31,5,0,0,0,0,0,0,41,10,3,44,143,4,1,19,143,7,0,13,44,0,0,8,143,3,0,0,0,0,0,5,26,1,0,0,0,0,0,1,8,22,20,124,96,0,0,1,143,18,4,50,36,0,0,1,128,1,0,0,0,0,0,4,19,3,0,0,0,0,0,0
18,2,2,18,152,0,0,1,152,0,0,2,28,0,0,19,93,3,0,0,0,0,0,14,6,4,4,0,0,0,0,1,17,2,0,31,152,0,0,0,152,10,0,5,43,0,0,8,131,20,0,0,0,0,0,3,17,14,3,0,0,0,0,0,13,2,0,33,152,0,0,0,152,7,0,8,50,0,0,15,143,3,0,0,0,0,0,13,16,2,0,0,0,0,0,15,7,2,0,27,152,0,0,0,152,5,0,8,43,0,0,8,121,4,0,0,0,0,0,8,7,5,1,0,0,0,0,5
1,0,0,112,83,0,0,2,74,0,0,44,32,0,0,107,36,0,0,3,26,65,17,72,0,0,20,23,32,115,68,0,0,0,0,83,94,1,0,0,32,1,0,115,115,0,1,47,99,33,31,18,22,16,10,76,2,12,115,46,20,13,0,0,0,0,0,25,65,3,0,0,16,6,3,115,106,0,0,1,115,53,17,35,14,0,1,69,24,22,79,11,3,14,6,37,0,0,0,16,23,1,0,0,0,0,0,82,61,0,0,0,18,0,0,59,67,2,16,107,9,0,0,5,15,32,34,115
6,29,51,8,5,2,19,31,8,9,10,107,133,18,6,4,133,16,1,26,38,3,0,1,69,3,0,0,0,0,0,0,10,2,0,0,1,7,94,133,14,1,0,6,100,133,49,30,133,7,0,2,32,39,4,25,89,11,0,0,0,0,0,2,33,100,72,9,8,2,13,54,34,21,10,35,133,40,8,8,133,32,0,2,20,7,0,5,69,38,0,0,0,0,0,0,0,27,50,12,29,0,0,0,27,4,3,12,133,5,0,0,133,6,0,0,20,0,0,1,64,8,0,0,0,0,0,5
5,0,0,0,131,23,0,0,131,13,0,0,33,6,0,0,86,4,0,0,0,0,1,7,5,1,0,0,0,0,2,4,12,1,0,0,131,25,0,0,131,24,0,0,33,5,3,7,65,6,0,0,0,29,57,14,1,0,0,0,0,3,71,42,15,6,0,2,131,38,0,1,131,37,5,5,24,17,10,24,16,2,6,40,32,116,88,13,2,0,3,30,13,32,131,62,19,34,3,10,106,7,0,0,50,131,40,25,6,1,0,1,0,4,63,131,15,6,0,0,3,0,58,131,8,5,11,10
5,0,0,0,162,40,0,0,162,18,0,0,55,10,0,2,94,5,0,0,7,8,1,5,2,0,0,0,4,5,2,4,14,0,0,0,162,78,0,3,162,7,0,0,44,16,0,11,95,1,0,0,7,16,2,11,1,0,0,0,2,10,6,8,26,1,0,0,162,44,0,1,162,15,0,0,36,8,0,5,76,2,0,0,8,15,2,12,1,0,0,0,1,4,8,9,31,1,0,0,162,42,0,1,162,21,0,0,19,5,0,1,44,3,0,0,15,6,2,4,0,0,0,0,0,0,10,6
9,237,84,0,0,72,29,0,13,237,71,0,0,10,27,1,27,134,12,0,0,18,46,7,13,15,0,0,0,12,9,3,10,237,67,0,0,20,30,2,48,82,4,0,0,16,56,13,49,13,0,0,0,5,36,28,6,3,0,0,0,22,49,17,31,26,3,0,0,29,20,13,45,10,0,0,0,2,12,34,5,2,0,0,0,20,55,18,7,1,0,0,0,8,38,34,18,1,0,0,0,0,1,29,14,0,0,0,0,0,2,46,3,11,1,0,0,13,12,4,4,6,0,0,0,75,33,3
1,29,18,2,0,0,0,1,20,13,31,26,3,0,0,29,29,2,10,237,66,0,0,20,29,0,10,237,82,0,0,73,2,46,14,0,0,0,0,0,12,35,45,10,0,0,0,2,56,13,48,82,3,0,0,16,27,1,14,237,69,0,0,10,12,5,3,11,1,0,0,13,55,18,5,2,0,0,0,20,36,28,49,13,0,0,0,5,46,7,27,133,12,0,0,18,33,3,4,6,0,0,0,75,38,34,7,1,0,0,0,8,49,17,6,2,0,0,0,23,9,3,13,15,0,0,0,13
0,0,0,0,22,1,0,0,21,4,0,7,172,14,0,1,172,26,0,5,40,3,0,3,40,2,0,0,0,0,0,0,0,0,0,0,35,1,0,0,33,2,0,2,172,32,4,5,172,14,0,2,37,8,4,15,43,1,0,0,0,0,0,0,0,0,0,0,41,2,0,1,48,3,0,0,172,16,0,0,172,17,0,0,40,2,0,2,39,1,0,0,0,0,0,1,0,0,0,0,33,3,0,1,43,5,0,5,172,10,0,0,172,13,0,1,25,0,0,3,24,0,0,0,0,0,0,7
0,0,1,10,32,0,0,0,41,0,0,15,172,4,0,4,172,1,0,1,27,2,0,16,22,1,0,1,0,0,0,0,0,0,0,4,42,0,0,0,47,0,0,15,172,1,0,2,172,2,0,2,41,0,0,15,36,0,0,1,0,0,0,1,0,0,0,3,37,0,0,0,32,5,3,34,172,5,0,2,172,14,4,8,38,2,0,11,40,0,0,0,0,0,0,1,0,0,0,1,27,0,0,0,23,1,0,10,172,11,0,5,172,4,0,2,36,4,1,18,35,0,0,0,0,0,0,0
2,2,4,8,62,70,23,18,57,9,7,0,1,10,26,132,43,11,14,0,0,0,0,27,3,9,11,0,0,0,0,0,12,2,0,0,132,132,15,16,132,11,0,0,8,28,19,103,131,29,0,0,0,0,0,9,5,5,3,0,0,0,2,0,13,90,11,0,118,123,1,1,132,132,10,0,5,5,1,16,122,13,0,0,0,2,6,32,1,0,0,0,0,2,10,3,5,132,46,1,11,20,2,0,34,115,7,0,0,19,29,14,20,3,0,0,0,8,58,110,3,0,0,0,0,0,6,37
37,160,160,16,0,0,2,7,21,160,52,1,0,0,2,6,1,39,30,7,0,0,0,2,1,2,13,28,3,0,0,4,160,50,10,0,0,0,22,151,53,19,1,0,0,0,6,27,11,3,1,3,0,0,1,20,1,0,3,23,1,0,0,2,160,121,24,6,0,0,5,73,44,9,0,0,0,0,6,43,23,13,0,0,0,0,0,8,2,1,0,2,0,0,0,0,49,18,5,1,0,1,73,160,11,0,0,0,0,0,39,160,20,0,0,0,0,0,1,74,1,1,0,0,0,0,1,5
0,1,0,0,33,56,25,32,0,0,0,0,0,46,130,42,32,13,0,2,12,43,117,15,49,26,0,1,13,9,4,4,0,0,0,0,33,119,22,3,24,0,0,4,31,89,108,21,134,72,0,0,2,15,39,35,46,52,9,17,13,3,0,1,0,0,0,44,58,37,0,0,43,9,7,33,67,16,1,4,134,34,5,7,5,2,3,31,44,14,13,9,8,40,12,11,0,10,116,34,32,31,0,0,7,82,134,13,8,6,0,0,87,134,134,2,0,0,1,17,10,55,121,5,2,7,3,6
8,0,2,109,30,3,10,16,92,1,0,17,6,1,13,75,17,4,0,6,65,43,19,13,50,45,3,8,19,18,26,13,2,0,6,92,49,65,44,3,126,17,2,33,35,19,14,29,49,14,0,8,101,34,0,7,120,56,3,8,19,8,0,2,29,2,0,0,6,126,126,24,126,36,2,3,8,24,37,52,51,45,26,53,61,5,1,3,71,76,8,8,12,27,18,3,68,1,0,16,29,85,44,62,126,30,3,2,1,3,6,123,30,17,20,22,27,49,11,9,5,24,35,5,7,81,70,3
18,18,18,3,0,0,4,19,66,3,3,5,3,11,34,43,159,1,0,0,0,1,5,89,40,10,3,0,0,0,2,11,17,37,106,37,0,0,0,8,80,8,33,135,14,2,1,11,159,8,1,8,1,0,0,28,100,4,0,0,0,0,0,5,64,6,17,14,1,0,0,103,40,14,18,159,32,0,1,24,159,41,10,35,5,0,0,10,109,3,0,0,0,0,0,5,71,0,0,0,0,0,5,83,22,3,1,12,6,21,56,50,159,15,2,6,2,6,19,46,86,1,0,0,0,0,0,5
4,0,0,2,61,121,21,3,48,5,1,6,9,26,51,19,4,1,0,19,55,25,42,3,24,1,0,0,8,4,48,49,16,0,0,11,121,27,0,4,121,3,0,5,24,2,0,12,18,1,0,21,121,1,0,0,97,4,0,1,33,3,0,5,11,10,13,15,121,22,0,1,121,70,32,8,18,1,0,6,19,11,51,82,116,0,0,0,93,14,44,31,24,1,0,0,2,74,88,37,42,0,0,0,9,121,121,5,0,0,0,0,1,18,121,95,4,0,0,0,14,14,121,94,3,0,0,0
3,0,0,0,31,25,108,98,8,0,0,0,0,6,118,118,0,0,0,0,4,103,118,14,23,0,0,0,4,80,118,24,24,3,0,0,98,25,19,20,118,8,0,0,14,8,33,71,18,1,0,0,118,83,48,10,118,30,0,0,12,18,29,15,34,7,1,6,69,12,0,0,118,9,0,0,20,4,0,8,25,4,0,2,118,15,0,2,118,49,0,1,14,0,0,1,10,6,54,52,12,1,0,0,53,23,43,5,7,3,1,12,8,31,50,21,51,9,0,3,80,113,19,1,3,0,0,1
0,5,13,10,12,14,10,0,31,20,19,5,0,2,20,15,158,45,3,0,0,0,0,46,158,1,0,0,0,0,0,114,5,5,0,0,5,75,15,2,95,11,0,0,0,7,18,37,158,5,0,0,0,0,0,70,158,0,0,0,0,0,0,155,6,14,11,15,13,16,1,2,82,80,0,0,0,0,0,6,158,61,0,0,0,0,0,16,158,6,0,0,0,0,0,62,0,28,12,5,15,3,0,0,25,81,2,0,0,0,0,0,75,36,0,0,0,0,0,0,73,3,0,0,0,0,0,6
47,0,0,0,0,14,29,131,3,0,0,0,0,36,87,29,2,0,0,0,0,1,52,46,0,0,0,0,0,19,51,4,130,104,104,12,0,5,39,131,94,21,11,4,0,15,63,63,18,9,1,1,11,32,47,29,0,0,0,0,8,77,66,2,7,49,131,131,0,0,0,2,46,12,33,131,20,7,31,27,6,1,0,6,11,56,106,17,2,0,0,1,6,25,27,14,0,0,10,127,1,0,0,0,0,0,2,131,42,3,4,0,6,2,5,131,23,7,27,9,20,1,2,5,0,0,9,22
0,0,0,0,9,127,1,0,0,2,7,47,131,131,0,0,38,131,130,105,106,13,0,5,28,131,49,0,0,0,0,13,4,0,0,0,1,131,44,3,31,26,46,12,32,131,21,7,62,63,94,22,11,4,0,14,87,29,3,0,0,0,0,36,27,9,7,2,5,131,23,6,106,18,6,1,0,6,11,55,47,29,18,9,1,1,11,32,52,46,2,0,0,0,0,1,9,21,20,1,2,5,0,0,27,14,2,0,0,1,6,25,67,2,0,0,0,0,8,76,51,4,0,0,0,0,0,19
0,0,9,15,61,83,15,0,1,6,35,15,24,37,81,9,0,4,46,12,5,43,90,7,1,17,21,0,0,2,76,41,5,0,0,5,120,126,28,5,92,8,2,9,14,44,74,31,11,3,1,35,99,35,53,4,37,2,0,1,21,8,71,66,15,0,0,15,126,34,0,3,126,3,0,5,31,3,0,16,33,2,0,26,126,1,0,0,103,4,0,1,54,4,0,4,8,11,16,18,126,22,0,0,126,82,41,7,17,1,0,5,24,17,61,86,105,0,0,0,71,14,56,42,27,1,0,0
15,4,0,0,117,43,13,14,119,17,0,0,6,4,30,78,24,2,0,0,92,93,68,19,89,25,0,0,16,35,62,18,33,11,2,8,90,27,0,0,119,27,0,0,16,6,0,4,33,5,0,0,119,38,0,2,119,78,1,0,27,3,0,0,15,10,81,95,19,2,0,0,95,35,66,11,11,8,1,15,14,37,66,30,95,24,1,4,119,119,30,3,8,0,0,1,0,1,42,32,2,12,48,6,4,25,85,10,0,1,46,26,30,51,89,21,3,2,17,11,29,119,32,0,0,0,3,6
124,20,0,0,0,0,4,124,19,1,0,0,1,108,33,63,23,4,0,0,2,110,32,11,43,26,0,0,0,4,2,5,66,70,4,1,19,35,36,79,13,0,0,0,2,91,124,103,124,13,0,0,0,38,35,31,88,17,0,0,0,0,0,2,31,10,0,0,37,124,25,20,124,31,0,0,3,22,45,55,124,43,0,0,0,0,4,13,82,2,0,0,0,0,0,16,28,23,8,5,35,66,2,3,124,74,1,0,0,3,1,5,124,66,0,0,0,0,0,0,47,6,0,0,0,0,0,8
63,150,85,21,11,0,0,2,150,60,4,1,0,0,0,92,112,4,0,0,0,0,0,90,5,0,0,0,6,18,5,14,58,83,30,30,45,22,3,4,150,69,2,4,5,0,0,14,131,8,0,0,0,0,13,86,0,0,0,0,6,37,37,43,65,43,0,0,8,30,9,8,150,47,0,0,0,0,1,32,64,0,0,0,0,14,53,61,0,0,0,0,0,67,94,13,19,131,20,1,0,0,0,0,65,75,8,1,0,6,10,10,15,1,0,0,0,41,74,13,0,0,0,0,0,38,56,0
27,0,0,0,0,0,2,31,37,3,2,8,4,2,1,25,33,0,0,13,12,1,0,107,4,0,0,84,71,0,0,19,80,0,0,0,0,0,2,122,106,22,9,32,6,0,0,13,13,4,4,84,35,6,1,93,8,0,0,46,31,3,4,122,122,0,0,0,3,1,0,122,122,7,1,10,1,0,0,42,20,2,2,122,43,1,0,13,0,0,0,91,31,1,18,120,122,0,0,0,1,2,0,93,122,0,0,0,0,0,0,122,29,1,0,41,5,0,0,28,1,0,0,122,26,0,2,11
51,11,3,46,83,0,0,0,130,5,0,18,30,0,0,9,40,0,0,0,42,20,1,4,0,0,0,0,130,58,0,0,61,17,2,28,118,0,0,0,130,16,2,16,56,4,1,5,42,0,0,0,53,104,2,4,0,0,0,0,130,130,0,0,41,16,1,7,120,3,0,0,82,11,2,5,54,22,8,14,11,0,0,0,81,130,8,6,1,4,0,0,130,108,0,0,14,7,0,2,86,13,0,0,9,3,1,3,39,27,2,3,0,0,0,5,82,43,1,0,5,4,1,35,130,10,0,0
27,0,0,42,91,0,0,39,66,1,0,67,117,0,0,14,120,0,0,1,11,4,0,51,6,0,0,2,42,17,1,5,39,0,0,39,57,5,1,120,47,5,2,120,120,2,1,20,120,7,1,11,23,3,0,19,19,0,0,0,68,24,4,11,14,0,0,99,75,1,5,120,33,5,4,82,77,1,7,118,120,23,7,29,30,2,0,7,28,2,0,2,101,16,0,5,8,1,3,120,64,0,0,17,89,21,21,63,17,0,0,58,46,43,25,13,16,0,0,1,10,13,3,13,68,0,0,0
26,32,0,0,18,24,2,1,43,40,0,0,18,44,9,4,10,0,0,2,40,68,31,25,87,0,0,1,32,41,13,60,34,71,3,4,21,7,0,0,29,23,0,0,105,111,4,7,114,7,1,36,84,34,6,26,120,3,2,48,85,5,0,32,14,57,4,3,47,20,0,0,49,5,0,0,120,120,2,4,120,23,4,28,52,11,1,5,117,9,2,65,106,0,0,8,14,16,0,0,87,31,0,2,65,10,0,0,120,62,0,1,120,35,0,6,33,1,0,0,53,8,2,25,103,0,0,3
16,56,70,2,0,0,0,25,3,10,124,40,2,1,2,4,14,49,124,78,0,0,0,0,40,60,124,56,8,0,0,1,48,47,26,2,0,0,6,65,28,13,33,14,2,9,43,30,124,63,42,15,9,12,10,45,12,9,35,58,124,65,9,9,3,81,124,15,1,4,1,0,9,28,124,58,7,11,7,2,69,54,20,2,2,116,23,16,4,1,0,0,44,124,18,4,0,8,24,4,5,75,31,0,5,1,7,11,19,72,43,9,3,3,2,2,64,124,20,2,20,20,0,0,4,72,18,4
25,0,3,5,0,0,22,120,26,14,42,13,0,0,0,43,11,24,107,28,0,0,0,2,6,32,66,7,0,0,0,0,120,18,67,96,0,0,1,107,120,84,13,0,0,0,0,55,25,106,78,2,0,0,0,2,0,13,105,10,0,0,0,0,44,33,120,120,0,0,0,10,120,72,120,34,0,0,0,22,93,45,24,0,0,0,0,25,27,23,30,1,0,0,0,2,55,45,69,25,0,0,5,61,4,13,120,58,0,0,15,9,20,40,102,10,0,0,5,6,14,18,18,0,0,0,0,1
2,0,0,2,10,24,40,103,35,22,18,27,9,0,4,89,100,44,6,1,1,20,16,14,8,2,0,1,66,128,12,2,27,5,2,33,42,14,15,46,129,19,3,4,4,0,3,100,50,11,2,18,49,79,31,9,4,20,11,8,20,108,27,1,26,12,4,39,43,3,0,1,129,25,4,7,3,0,0,26,84,21,50,129,47,9,1,14,7,21,33,82,32,22,7,2,9,5,11,8,29,25,3,6,129,18,8,0,1,1,2,106,52,8,15,27,18,54,71,123,0,0,4,30,61,129,47,0
26,9,22,21,2,0,0,9,147,96,0,1,0,0,0,6,109,119,8,0,0,0,0,0,1,9,30,1,0,2,2,0,31,8,10,30,53,1,0,0,147,58,0,1,10,1,2,12,125,39,1,0,0,25,52,16,0,2,4,0,0,52,83,0,28,7,7,73,85,0,0,0,147,34,2,7,12,1,12,50,48,17,12,0,0,38,99,38,0,28,27,0,0,31,55,0,22,15,1,39,89,22,0,0,147,147,13,4,9,1,0,3,12,91,84,0,0,0,3,2,0,56,73,0,0,2,2,0
2,15,21,6,1,26,94,7,72,10,18,13,2,26,31,40,158,18,0,1,2,0,0,29,34,15,1,6,23,2,0,0,3,30,38,10,2,1,34,29,86,17,32,37,17,5,8,8,158,42,2,4,3,0,0,2,41,30,6,21,12,0,0,0,4,2,0,0,0,3,151,144,98,1,0,0,7,10,74,116,158,9,0,0,3,2,2,58,53,12,0,2,10,5,1,9,15,59,47,0,0,0,17,42,116,47,18,0,0,0,11,68,158,14,0,0,0,0,0,69,67,9,0,0,0,0,0,15
75,3,0,0,79,60,6,14,32,7,1,0,19,23,9,45,16,5,5,37,36,1,1,13,0,0,15,138,138,0,0,0,87,6,0,0,138,66,3,7,138,2,0,0,37,25,5,52,36,0,0,2,21,10,5,10,0,0,0,93,138,8,2,0,46,28,3,9,138,35,0,1,138,75,2,5,32,6,0,5,34,7,0,8,34,16,1,0,0,0,0,63,138,16,1,0,3,39,18,39,113,2,0,0,24,99,32,10,5,0,0,0,8,12,9,33,29,0,0,0,0,0,5,58,63,1,0,0
1,0,1,3,139,84,3,0,33,32,8,0,37,68,37,9,15,56,20,0,0,0,26,33,87,21,3,0,0,0,4,40,16,0,0,17,139,48,1,1,139,53,15,13,64,19,3,9,35,54,33,52,3,0,2,11,89,80,5,1,0,0,0,5,13,2,0,79,139,0,0,0,139,20,3,32,68,0,0,32,67,68,17,27,5,0,1,20,48,97,12,1,0,0,0,0,1,2,16,98,134,0,0,0,84,82,48,54,31,0,0,1,76,66,2,0,0,0,0,1,47,42,2,0,0,0,0,0
6,2,0,2,113,55,1,2,66,76,13,0,23,11,13,32,46,74,44,1,0,0,9,27,123,8,4,0,0,0,1,111,20,5,2,88,114,9,0,0,126,102,19,17,21,0,0,3,40,55,73,44,18,0,0,1,47,8,9,10,8,0,13,47,7,5,10,126,66,0,0,0,126,15,5,58,26,0,0,49,96,6,17,47,34,0,0,26,0,15,72,28,12,0,4,6,0,3,5,88,62,0,0,0,120,0,0,67,67,0,0,55,126,15,18,6,0,0,0,60,9,32,71,5,0,0,0,0
0,0,0,0,158,84,0,0,68,0,0,0,102,57,2,27,158,1,1,0,0,1,1,71,41,12,4,0,0,0,2,13,0,0,0,10,158,38,0,0,85,2,0,42,136,9,0,12,158,5,0,3,4,0,0,38,93,15,0,0,0,0,0,5,0,0,0,19,158,10,0,0,46,17,8,86,77,0,0,0,158,42,5,10,2,0,0,3,74,6,0,0,0,3,3,5,0,0,0,2,38,1,0,0,8,5,3,17,11,0,0,0,99,17,2,2,0,0,0,0,20,1,0,0,1,1,0,1
34,0,0,0,13,11,0,17,148,0,0,0,0,0,0,93,69,0,0,0,3,11,12,29,0,0,0,0,1,6,28,5,49,6,0,0,5,20,5,5,148,31,0,0,0,1,4,31,109,2,0,0,2,45,56,20,0,0,0,0,1,73,97,0,78,36,0,0,0,4,12,9,148,60,3,0,0,6,26,39,23,1,10,7,3,94,123,23,0,0,17,8,1,83,94,0,36,148,19,0,0,1,1,1,31,126,104,2,0,1,2,2,0,2,136,25,1,6,3,1,0,0,115,23,0,1,0,0
146,118,0,0,0,0,0,0,146,75,0,0,0,0,0,2,93,28,14,4,0,0,0,12,9,8,16,93,73,0,0,0,146,146,0,0,0,0,0,0,123,83,1,0,0,0,0,9,137,6,1,0,0,0,0,46,34,4,5,56,70,8,11,32,146,55,0,1,0,0,0,3,82,56,15,0,0,0,0,0,65,21,6,0,0,0,1,26,11,1,0,5,28,10,18,38,146,67,0,2,2,0,0,0,58,58,11,0,0,0,0,0,4,33,21,0,0,0,0,1,2,11,15,8,3,0,1,6
134,48,0,0,67,67,2,4,134,37,0,0,0,0,9,19,89,12,0,0,0,0,6,20,109,23,0,0,0,2,6,8,134,28,0,0,15,42,5,31,125,6,0,0,0,2,53,67,134,11,0,0,0,0,13,38,82,4,0,0,0,32,20,15,134,111,5,0,0,3,1,24,120,51,0,0,0,0,18,46,134,32,0,0,0,1,15,42,24,1,0,0,0,63,40,16,13,112,26,0,0,2,8,4,41,62,1,0,0,0,27,27,31,12,0,0,0,1,44,72,13,81,7,0,0,17,46,12
0,0,0,0,0,11,120,7,5,0,0,0,0,15,120,11,37,5,0,0,0,3,51,30,20,9,2,7,10,1,4,6,0,0,0,0,0,4,120,16,13,1,0,0,0,4,111,48,110,13,0,0,0,0,9,77,62,19,3,12,4,0,0,3,1,0,0,0,0,44,120,26,117,18,0,0,0,1,98,120,120,118,0,0,0,0,1,21,38,46,1,1,9,11,0,1,11,120,42,0,0,52,104,17,120,120,28,0,0,1,24,53,120,54,0,0,0,0,3,35,6,6,0,0,6,32,14,15
1,0,0,1,81,131,23,2,73,0,0,0,11,56,93,101,36,1,0,0,0,5,50,54,19,2,0,0,0,1,26,25,11,0,0,0,146,71,3,2,146,9,0,0,59,20,4,22,107,18,3,0,0,0,3,10,54,20,2,0,0,0,1,4,22,1,0,0,146,70,2,3,146,9,0,0,43,10,0,10,95,2,0,0,0,0,12,27,65,2,0,0,0,0,4,25,27,0,0,0,146,102,4,11,146,1,0,0,10,10,3,53,46,0,0,0,0,6,29,37,64,0,0,0,0,1,7,33
140,46,0,0,43,56,26,38,83,29,3,0,0,0,27,37,87,43,0,0,0,0,14,34,69,42,1,1,0,0,0,6,140,86,0,0,32,18,1,5,95,27,4,0,0,0,9,23,140,68,0,0,0,0,1,7,59,39,1,0,0,15,22,8,140,29,0,0,2,5,16,37,111,3,0,0,0,2,38,59,140,9,0,0,0,8,9,23,23,0,0,0,0,66,61,15,140,24,0,0,0,0,13,49,140,25,0,0,0,0,18,36,107,7,0,0,0,29,23,26,22,19,0,0,0,73,21,3
55,5,2,62,23,0,0,4,132,6,0,0,0,0,0,17,121,27,0,0,0,0,0,2,83,26,1,0,0,0,0,2,20,5,8,132,50,0,0,1,132,9,5,22,1,0,0,10,132,12,0,0,0,0,0,2,121,8,0,0,0,0,0,7,1,0,3,132,78,0,0,0,94,16,15,118,24,0,0,2,132,4,0,0,0,0,0,7,118,10,0,0,0,0,0,1,2,0,0,97,46,0,1,8,21,4,7,132,70,0,0,0,132,7,2,8,2,0,0,3,93,12,0,0,0,0,0,1
32,7,0,0,0,1,4,32,28,4,2,1,12,46,18,13,191,116,2,0,1,9,3,6,43,83,38,19,6,0,0,0,23,37,5,1,9,3,0,6,85,5,0,1,68,44,3,9,191,78,1,0,4,8,3,13,58,54,9,2,21,20,17,8,0,19,14,16,41,5,0,0,98,8,1,9,97,19,0,6,191,13,0,1,4,10,8,79,45,1,0,0,21,26,26,53,0,0,10,62,43,0,0,0,52,15,7,32,58,4,0,3,191,26,1,0,3,4,1,36,49,3,0,0,7,14,10,31
11,8,19,18,0,1,0,2,42,72,161,23,0,0,0,2,2,37,163,54,0,0,0,0,2,15,163,106,0,0,0,0,25,1,0,0,0,20,11,15,163,48,11,2,0,0,2,32,37,41,46,47,4,0,0,1,33,28,35,9,1,0,0,23,27,0,0,0,3,32,16,16,163,20,2,1,0,1,3,48,94,22,13,97,15,0,0,2,4,0,3,62,6,0,1,33,40,10,0,0,4,21,2,2,163,91,0,0,0,0,0,4,74,32,11,40,0,0,3,5,0,0,9,110,1,0,0,2
5,1,0,0,5,129,41,1,105,42,0,0,0,47,23,25,129,17,0,0,0,0,5,80,34,0,0,0,0,0,26,64,22,14,7,13,28,50,4,1,129,62,1,0,0,1,1,11,125,21,0,0,0,0,12,97,4,0,0,0,0,0,37,129,13,22,42,7,3,10,2,1,88,22,26,5,0,0,14,48,16,1,4,2,0,0,81,120,0,2,0,0,0,0,80,105,0,44,129,7,0,0,0,0,1,22,129,28,0,0,2,2,0,24,129,10,0,0,14,18,0,54,129,0,0,0,14,26
2,0,8,12,0,0,24,75,59,1,0,2,4,2,16,83,203,4,0,0,0,0,0,17,64,0,0,0,8,15,1,5,1,0,9,35,3,0,0,7,117,3,6,14,0,0,0,65,203,11,0,0,0,0,0,23,65,0,0,0,16,28,2,5,0,8,17,22,13,1,0,0,133,11,2,11,10,6,2,8,203,17,0,0,0,1,2,24,42,0,0,0,13,36,9,15,0,7,8,16,55,7,0,0,110,0,0,3,42,25,9,32,203,1,0,0,0,0,4,60,23,6,0,0,1,10,14,18
17,64,160,38,0,0,0,2,173,173,62,2,0,0,0,7,93,29,0,0,5,7,0,2,1,7,15,6,6,2,0,0,55,18,4,0,0,1,13,22,173,21,1,0,0,0,3,42,103,12,4,13,1,0,0,3,14,9,4,2,0,0,1,3,40,36,17,4,0,1,3,2,173,36,1,0,0,0,0,9,140,8,9,23,1,0,0,3,2,1,6,16,3,1,1,1,15,48,17,3,0,0,0,0,173,30,0,0,0,0,0,22,131,2,1,8,1,0,0,23,0,0,5,23,3,0,0,0
19,0,0,5,104,142,90,60,71,0,0,0,0,5,47,148,7,0,0,0,1,15,26,28,0,0,0,0,2,31,17,2,55,7,1,77,148,8,2,17,148,8,0,2,2,0,0,72,62,6,2,6,5,5,4,16,0,0,1,21,21,17,4,0,25,20,7,99,148,0,0,0,148,43,3,5,3,0,0,2,94,17,10,8,1,0,0,0,0,0,9,40,18,3,0,0,4,13,8,73,148,0,0,0,122,37,6,7,2,0,0,10,68,5,1,0,1,13,11,23,0,0,0,2,12,48,12,0
15,0,0,20,32,0,0,10,171,0,0,1,2,0,0,66,43,0,0,0,0,7,10,24,0,0,0,0,0,1,0,0,11,2,0,16,49,3,0,0,171,11,0,3,9,0,2,34,44,11,4,0,6,38,20,31,0,26,7,0,2,10,0,0,10,6,0,7,40,5,0,0,138,57,1,1,5,0,0,5,33,171,25,0,2,4,1,7,0,171,37,0,0,0,0,0,4,57,11,3,12,2,1,0,35,171,31,0,0,0,0,0,5,171,52,0,0,0,0,0,3,171,13,0,0,0,3,0
0,0,0,6,73,9,2,2,44,0,0,5,47,6,9,153,127,1,0,0,0,0,0,153,7,0,0,0,0,0,0,5,0,0,0,10,60,14,2,0,90,1,0,25,104,1,0,22,153,11,0,0,2,0,2,61,43,5,0,0,0,1,7,10,2,0,0,7,34,14,1,2,78,27,0,13,98,15,0,0,153,41,0,1,3,8,14,43,21,3,5,0,3,43,33,21,0,0,0,5,39,15,2,0,62,60,2,5,41,9,0,0,134,137,25,0,0,3,2,7,4,153,110,0,4,12,2,2
18,1,0,8,153,24,0,3,73,11,0,0,5,3,0,12,8,6,5,6,3,0,1,5,0,0,5,11,1,1,17,21,17,0,0,61,153,3,0,3,115,5,0,7,7,0,0,19,30,22,11,2,0,0,0,2,0,5,23,27,0,0,0,0,3,1,3,153,84,0,0,0,86,12,15,94,10,0,0,6,56,20,9,0,0,0,0,2,8,23,18,3,0,0,0,0,0,1,89,153,20,0,0,0,10,13,153,153,5,0,0,0,18,67,153,10,0,0,0,0,3,29,153,5,0,0,0,0
0,0,0,0,149,131,0,0,44,5,0,0,149,77,0,1,149,5,0,0,1,0,1,20,45,0,0,0,0,2,21,28,0,0,0,0,116,149,9,0,56,1,0,0,49,92,18,14,149,3,0,0,0,12,4,24,41,0,0,0,0,31,24,43,17,1,0,0,15,149,31,12,97,16,0,0,0,12,17,16,149,17,0,0,0,22,21,36,43,0,0,0,1,31,14,33,34,0,0,0,0,19,13,54,64,5,0,0,0,0,4,53,40,2,0,0,0,2,32,73,37,0,0,0,0,2,8,50
10,5,26,11,4,25,25,15,140,5,1,1,1,7,13,66,110,13,2,1,0,0,0,28,5,1,3,17,11,20,2,6,17,2,2,2,1,76,123,21,140,17,0,0,0,19,31,86,140,2,0,0,0,0,4,43,6,0,0,2,57,41,8,15,24,25,106,69,1,8,13,0,140,89,19,6,0,1,1,9,112,4,0,0,1,4,8,37,1,0,0,2,29,85,19,12,2,9,103,137,0,0,0,0,128,71,38,32,0,0,0,1,68,24,3,10,20,7,0,3,0,0,0,17,78,90,9,0
38,2,2,0,0,0,0,3,160,15,0,0,0,0,0,10,156,7,0,0,0,0,0,43,33,0,0,0,0,0,0,77,57,9,23,33,9,0,0,6,160,13,0,0,1,0,0,14,135,9,0,0,0,6,14,31,7,0,0,0,0,2,27,104,37,22,26,115,65,2,2,4,160,51,4,10,5,1,4,22,71,2,0,0,1,48,74,28,27,0,0,0,0,13,59,71,26,83,17,23,36,10,26,46,81,160,63,24,6,1,1,2,12,12,38,78,25,34,21,7,45,1,8,9,0,5,15,48
1,0,0,0,6,1,0,0,10,6,1,0,0,0,0,0,1,6,6,3,0,0,0,0,8,14,0,2,0,0,0,0,22,2,0,0,141,93,0,2,141,86,13,2,16,6,0,13,18,45,38,36,51,5,0,3,50,93,2,6,11,1,0,0,19,2,98,68,101,89,1,9,141,57,89,12,5,7,4,104,34,57,55,11,58,21,6,28,50,120,13,3,8,1,6,4,1,12,141,68,3,0,0,0,19,69,141,22,0,0,0,5,5,45,141,40,5,0,0,2,4,18,29,55,31,6,9,3
81,70,3,0,0,0,0,12,27,99,47,0,0,0,0,2,11,129,95,0,0,0,0,0,3,129,108,0,0,0,0,0,129,7,0,0,0,0,0,129,129,27,2,0,0,0,0,81,129,129,21,0,0,0,0,8,58,106,50,1,0,1,1,2,95,0,0,0,0,0,0,129,129,11,0,0,0,0,0,73,129,34,0,0,0,0,0,4,82,3,0,0,1,16,6,8,1,0,0,0,0,0,0,0,6,0,0,0,0,0,0,0,10,1,0,0,0,0,0,0,3,0,0,0,0,2,0,0
0,0,0,0,0,0,0,0,0,0,0,0,0,0,0,0,0,0,0,0,0,0,0,0,0,0,0,0,0,0,0,0,27,2,0,45,65,0,0,1,168,10,1,3,2,0,0,17,46,17,10,0,0,0,0,1,0,0,0,0,0,0,0,0,44,4,0,160,168,0,0,2,168,15,0,17,20,0,0,36,158,59,7,0,0,0,0,4,0,2,0,0,0,0,0,0,11,0,0,112,168,0,0,2,168,2,0,24,50,0,0,67,168,38,0,0,0,0,0,28,3,5,0,0,0,0,0,0
189,0,0,0,35,2,0,44,114,0,0,0,1,4,3,25,13,1,0,5,11,3,1,6,0,0,0,2,52,28,1,0,189,17,0,2,48,0,0,8,160,7,0,0,8,6,6,13,4,0,0,0,9,19,23,24,0,0,0,0,71,39,2,0,189,3,0,0,49,3,0,21,155,2,0,0,27,11,1,8,12,6,0,2,18,6,4,5,0,0,0,2,75,7,0,0,189,0,0,0,38,4,0,23,130,0,0,0,20,7,0,10,25,2,0,1,19,1,0,1,0,0,0,1,67,7,0,0
31,0,0,44,145,0,0,2,145,3,0,6,18,0,0,22,58,34,1,0,0,0,0,2,1,20,19,2,0,0,0,0,20,2,1,72,145,0,0,0,145,12,0,18,38,0,0,12,118,46,1,0,0,0,0,2,5,14,9,6,0,0,0,0,8,2,1,57,145,0,0,0,145,2,0,19,66,0,0,24,145,13,0,0,0,0,0,7,8,10,6,1,0,0,0,0,2,1,1,35,142,0,0,0,145,4,0,18,76,0,0,15,145,13,0,0,0,0,0,7,7,16,2,0,0,0,0,0
25,2,0,37,151,0,0,0,151,4,0,7,32,0,0,17,74,3,0,0,0,0,0,16,5,1,0,1,4,4,2,7,20,3,0,44,151,0,0,0,151,5,0,12,52,0,0,12,102,24,0,0,0,0,0,5,4,17,11,4,0,0,0,1,10,2,1,49,151,0,0,0,151,7,0,18,68,0,0,14,129,48,2,0,0,0,0,3,2,31,23,3,0,0,0,0,3,2,2,44,142,0,0,0,151,13,0,22,66,0,0,4,134,30,0,0,0,0,0,1,7,9,4,4,0,0,0,0
21,1,0,43,147,0,0,0,147,8,0,6,17,0,0,8,102,15,0,0,0,0,0,1,7,5,2,1,0,0,0,0,18,0,0,36,147,0,0,0,147,3,0,6,38,0,0,12,143,19,0,0,0,0,0,2,8,17,4,0,0,0,0,0,10,3,1,48,147,0,0,0,147,16,0,13,48,0,0,8,147,21,0,0,0,0,0,4,7,24,3,0,0,0,0,0,4,2,2,48,144,0,0,0,147,25,0,17,40,0,0,2,129,32,0,0,0,0,0,1,3,12,2,2,1,0,0,0
0,0,41,37,0,0,44,64,11,32,135,21,0,0,24,53,93,151,87,0,0,0,0,10,56,124,5,4,0,0,0,0,0,0,52,98,0,0,19,29,61,9,33,39,0,0,37,130,151,55,2,0,0,0,1,74,69,25,4,5,0,0,0,0,0,0,40,73,0,0,0,0,47,46,88,74,0,0,0,6,151,110,14,1,0,0,0,12,71,10,0,0,0,0,0,0,0,0,4,17,2,0,0,0,50,21,13,14,0,0,0,0,151,44,1,0,0,0,0,3,36,4,0,0,0,2,4,3
52,0,0,0,0,7,22,127,109,0,0,0,9,4,4,127,19,1,0,0,104,22,1,8,86,11,0,0,13,2,0,0,127,68,4,1,0,0,2,50,127,31,1,0,13,1,0,33,52,4,0,0,127,12,0,4,111,20,0,0,11,1,0,0,36,127,68,7,0,0,0,1,125,91,85,4,11,2,0,11,46,14,5,19,110,10,0,4,111,24,0,1,6,0,0,0,20,119,34,1,0,0,8,33,4,34,70,12,10,2,7,18,14,12,10,53,73,6,1,0,69,19,1,3,3,0,0,0
6,59,58,25,14,7,7,5,3,14,49,53,38,27,12,11,27,48,63,0,0,3,8,39,6,33,63,0,0,0,0,1,36,9,3,2,53,30,10,72,17,2,0,3,123,123,19,26,123,10,0,0,6,19,16,93,39,8,2,0,0,0,1,4,28,8,0,0,25,40,122,123,23,87,16,1,112,110,27,16,123,104,2,0,5,6,12,32,27,1,0,0,0,0,13,40,51,123,46,1,2,4,28,72,10,113,31,1,6,36,26,8,13,40,17,1,1,53,71,29,20,8,8,0,0,5,40,99
10,44,36,22,11,63,23,1,14,77,10,1,32,68,3,1,25,30,80,48,81,109,2,1,1,10,128,105,38,21,0,0,1,20,92,61,17,1,0,0,20,14,14,62,128,66,1,3,128,41,39,13,26,28,1,26,52,15,107,123,4,0,0,9,0,1,9,21,19,0,0,0,7,6,18,128,128,1,0,0,128,45,36,60,14,1,3,21,84,4,4,14,9,30,31,34,0,0,0,1,6,11,2,0,0,0,7,48,23,52,11,0,9,14,22,30,14,75,27,7,9,32,8,0,1,25,72,22
42,1,0,0,0,4,54,121,104,45,0,2,0,0,13,128,45,56,33,35,1,0,5,26,6,3,39,53,13,2,1,16,110,35,128,39,0,2,21,44,128,78,12,2,0,0,5,41,65,58,2,2,0,30,59,12,2,1,4,20,35,41,52,4,11,17,128,128,6,8,4,3,119,39,85,54,0,5,33,35,18,11,27,14,0,56,128,21,34,57,10,1,0,17,63,19,7,2,9,46,20,23,19,13,1,1,39,41,1,2,21,43,10,42,91,21,0,3,7,12,7,90,34,0,0,0,0,0
0,0,4,15,13,10,8,10,5,8,15,12,10,2,0,0,10,8,30,24,6,0,0,0,1,0,5,164,164,0,0,0,51,1,0,0,2,6,30,164,14,3,5,2,2,2,0,6,24,4,1,3,2,0,0,3,2,0,0,164,164,0,0,0,164,43,0,0,0,0,1,100,51,6,13,1,0,0,0,19,9,13,9,0,0,0,0,0,2,3,0,81,164,0,0,0,86,19,0,0,0,1,19,104,39,1,1,0,0,0,3,133,4,2,3,0,0,0,0,15,1,0,0,23,52,0,0,0
4,25,14,0,0,0,0,0,9,25,32,82,0,0,0,0,6,6,62,195,0,0,0,7,23,0,18,195,0,0,0,195,20,10,3,0,0,0,0,7,39,29,16,0,0,0,0,5,12,24,30,113,0,0,0,0,3,2,12,195,2,0,0,12,26,10,1,0,0,0,0,76,50,12,0,0,0,0,0,23,17,10,6,1,0,0,0,27,6,41,19,104,0,0,0,0,35,0,0,0,0,0,0,195,33,2,0,0,0,0,0,69,51,15,0,0,0,0,0,17,39,47,4,0,0,0,0,3
0,0,0,0,4,41,109,24,44,10,0,5,14,44,91,21,48,21,2,5,20,12,2,4,23,47,3,2,12,10,0,0,11,0,0,4,34,85,64,10,134,35,1,1,5,18,37,47,67,42,15,21,12,17,8,5,10,36,8,4,5,26,44,3,10,26,61,29,58,6,0,0,134,129,74,6,5,1,1,27,54,59,120,13,11,27,9,15,0,34,134,7,3,17,34,0,0,80,134,9,6,0,0,0,9,134,134,0,0,0,0,0,3,72,111,0,0,0,0,0,0,17,88,0,0,1,2,0
5,6,1,12,17,5,2,2,54,19,9,45,26,12,5,10,157,30,3,2,0,0,1,25,102,0,0,0,0,0,0,6,4,4,10,10,16,2,1,3,67,10,10,29,29,10,1,10,157,15,2,1,0,0,0,22,138,0,0,0,0,0,0,5,0,5,91,46,2,0,0,0,37,14,64,71,14,9,1,3,157,21,7,7,1,2,1,32,136,0,0,0,0,0,0,19,0,0,17,63,22,2,0,0,5,0,10,51,67,48,9,11,101,1,0,5,25,35,97,157,52,0,0,0,0,1,106,153
73,24,20,47,21,120,36,18,46,117,153,114,2,0,3,6,8,147,153,29,15,3,8,4,1,3,12,60,38,5,2,1,153,45,0,0,0,21,30,42,68,23,1,0,2,5,14,14,18,4,3,8,10,3,19,18,4,4,34,76,26,1,0,0,153,57,0,0,0,0,1,31,60,4,0,0,3,5,3,25,69,15,1,0,0,0,0,3,40,29,42,16,0,0,0,0,152,96,6,2,0,0,0,8,62,5,1,1,0,0,0,20,65,11,0,0,0,0,0,1,71,15,1,0,0,0,0,10
5,20,20,2,3,19,73,24,21,12,2,0,0,0,51,62,2,1,7,5,3,24,43,14,7,4,3,0,1,11,15,27,26,0,0,20,74,23,50,28,146,53,25,3,3,1,23,72,35,36,146,42,1,2,5,2,4,33,146,5,0,0,1,2,37,9,40,74,103,0,0,4,146,39,29,9,7,0,0,42,121,15,64,7,0,0,5,27,0,6,79,1,0,0,2,4,4,27,146,100,7,0,0,0,108,57,146,68,4,0,0,15,61,12,3,2,0,0,12,53,4,0,0,0,0,0,6,25
0,0,0,0,0,0,0,0,11,15,0,0,0,0,0,0,8,145,28,0,0,0,0,0,0,145,55,0,0,0,0,0,14,5,1,0,0,0,0,0,145,64,1,0,0,0,0,17,134,145,3,0,0,0,0,14,5,46,2,0,4,9,0,2,25,44,33,45,2,0,0,2,145,129,23,10,0,0,0,64,145,9,0,0,0,0,2,145,4,0,0,0,8,13,16,30,83,42,19,25,2,0,0,18,73,107,20,8,2,1,0,18,124,3,1,1,0,0,2,100,10,0,0,0,0,17,28,33
35,4,0,0,8,12,13,19,86,13,2,2,1,1,8,22,56,43,107,61,3,0,0,1,0,9,126,126,0,0,0,0,79,5,0,0,2,2,2,48,126,16,0,0,0,0,0,3,126,58,13,0,0,0,0,6,29,89,104,22,0,0,0,1,126,10,1,3,0,0,0,50,126,39,0,0,0,0,0,6,126,14,0,0,0,0,0,69,97,31,4,0,0,0,0,78,126,31,3,13,2,0,0,6,67,91,11,0,0,0,0,0,105,31,6,0,0,0,0,29,112,0,0,0,0,0,0,62
23,16,23,25,2,2,64,62,113,63,2,0,0,0,32,66,80,38,30,32,6,5,38,30,1,0,11,110,25,4,12,5,41,45,83,27,0,0,5,75,113,103,16,0,0,1,3,17,64,15,0,0,8,15,49,30,39,21,7,45,14,2,12,13,113,84,22,8,1,0,3,108,60,7,2,3,2,8,39,96,68,4,0,0,1,21,69,78,110,14,4,25,10,0,0,42,21,113,70,113,18,0,0,1,6,4,13,108,20,3,27,32,79,10,4,1,0,3,22,50,113,1,1,4,0,0,0,52
2,1,0,0,0,14,106,25,1,2,5,4,10,94,54,4,2,0,18,30,30,99,9,4,10,0,3,11,7,9,11,22,44,2,0,0,0,2,126,109,126,60,41,10,3,9,40,62,8,21,112,126,16,9,9,4,1,0,15,126,14,3,11,8,126,65,9,0,0,0,23,50,126,37,3,0,1,6,38,69,23,6,7,37,13,31,112,40,11,4,26,126,10,2,6,10,84,77,32,0,0,0,0,16,115,17,0,0,4,10,13,25,66,10,0,0,8,15,22,28,55,19,9,35,10,0,0,11
6,0,0,0,1,8,26,41,4,0,0,0,6,90,58,20,62,0,0,0,1,29,35,113,4,0,0,0,53,116,39,20,30,2,0,0,19,11,4,27,28,1,0,4,110,83,11,16,131,4,0,2,45,41,12,58,10,0,0,16,107,117,38,19,56,11,0,6,20,0,0,14,31,12,4,61,130,4,0,1,131,40,4,21,98,3,0,2,36,1,1,17,131,35,13,53,79,2,0,6,4,0,3,83,9,11,8,54,30,3,2,2,94,58,10,30,53,0,0,0,20,4,1,67,131,6,2,22
77,73,23,1,0,0,0,2,16,41,56,7,0,0,0,0,144,58,3,0,0,0,0,0,96,19,0,0,0,0,0,2,152,15,5,1,0,0,0,65,40,28,34,22,0,0,0,1,134,44,4,1,0,0,0,24,74,13,0,0,1,21,19,36,152,19,0,0,0,0,0,76,73,9,8,32,7,6,1,7,30,1,1,7,5,12,25,57,6,0,0,0,7,152,85,48,152,56,0,0,0,0,4,19,31,1,0,1,5,30,57,28,0,0,0,0,8,72,53,3,0,0,0,0,107,152,19,1
0,0,0,0,10,25,115,25,2,0,0,8,21,52,81,30,55,3,3,10,5,8,41,115,40,5,25,28,23,19,2,40,21,13,55,30,2,4,115,70,115,12,6,17,4,4,30,89,63,7,10,38,17,1,1,61,62,11,16,11,10,16,29,115,12,21,71,69,13,2,0,0,115,106,46,10,1,0,0,5,20,78,109,11,19,2,1,8,14,88,92,3,2,3,7,26,0,32,115,23,0,0,0,0,4,115,115,1,0,0,0,0,0,76,112,6,3,0,0,0,0,20,48,9,3,3,2,0
70,4,0,0,0,1,49,144,129,0,0,0,0,0,0,144,64,1,1,1,0,0,0,25,5,1,2,4,1,1,0,3,141,60,11,1,0,0,5,35,144,19,0,0,0,0,0,66,127,4,0,0,0,0,3,22,3,0,0,1,2,14,14,6,101,101,35,4,0,0,0,18,144,83,0,0,0,0,0,6,116,15,3,6,4,1,3,6,0,0,0,3,8,16,19,1,144,51,5,0,0,0,0,14,144,38,0,0,0,0,0,3,96,20,4,10,23,3,1,7,0,0,0,4,41,21,2,0
37,19,24,14,0,0,3,43,3,4,95,127,4,2,11,18,0,0,92,132,14,1,1,0,0,0,119,132,18,2,0,0,55,0,0,0,0,0,8,132,16,1,2,9,3,4,37,71,10,9,37,62,4,4,10,5,0,2,128,118,0,0,0,0,82,1,7,7,0,0,0,132,68,7,0,0,0,0,0,100,46,16,3,0,0,0,1,10,4,3,20,12,1,4,4,3,30,3,60,132,0,0,0,119,56,1,7,15,0,0,0,132,40,7,0,0,0,0,0,86,6,13,15,4,0,1,0,2
151,123,9,0,0,0,0,1,151,25,0,0,0,0,0,14,44,7,3,6,5,3,6,5,0,0,0,1,5,16,22,0,151,84,1,0,0,0,0,1,151,57,2,0,0,0,0,5,58,27,11,30,44,3,0,2,0,0,0,5,50,30,6,0,151,63,9,0,0,0,0,0,151,18,0,0,0,0,1,39,64,3,0,4,66,27,9,32,0,0,0,0,91,51,0,0,16,68,93,8,0,0,0,0,135,42,16,0,0,0,4,22,27,0,0,0,14,40,46,26,0,0,0,0,69,105,7,0
3,0,0,0,60,86,29,25,92,21,0,0,91,112,12,13,124,35,0,0,0,1,7,30,49,25,0,0,0,0,5,15,21,1,0,0,81,124,13,16,124,38,0,0,56,78,3,10,124,26,0,0,0,0,2,31,107,20,0,0,0,0,1,10,31,13,0,0,20,124,57,12,124,23,0,0,5,32,6,37,120,4,0,0,0,0,7,69,110,2,0,0,0,6,9,19,13,115,20,6,9,27,11,1,81,114,7,0,0,0,0,8,90,26,0,0,0,0,2,29,35,7,0,0,0,7,27,30
108,25,0,0,9,16,1,8,67,13,0,0,0,0,0,16,63,21,0,0,0,2,10,7,44,22,3,1,0,3,16,9,119,21,0,0,0,3,2,27,110,9,0,0,0,0,3,30,43,4,0,0,0,23,30,13,144,97,0,0,0,9,17,11,38,53,8,0,0,0,1,11,55,19,1,0,0,0,14,45,31,133,4,0,0,12,32,14,144,144,0,0,0,1,1,3,2,6,144,40,0,0,1,7,8,92,144,21,0,0,2,13,33,144,43,1,0,0,5,20,41,144,1,0,0,0,9,27
22,2,0,0,0,2,15,26,6,5,2,1,2,8,40,11,3,0,0,8,32,13,15,4,1,0,1,73,129,75,13,0,19,0,0,0,26,73,98,68,26,1,0,0,0,4,118,76,59,8,0,5,8,2,26,42,13,10,76,129,129,16,2,1,129,5,0,0,102,67,12,23,129,16,0,0,0,0,8,35,126,28,0,0,0,2,7,17,82,34,29,18,0,6,14,15,129,1,0,0,49,47,4,30,104,0,0,0,0,0,8,58,74,0,0,0,0,19,15,32,129,28,0,0,0,21,21,22
139,21,0,1,9,1,0,1,128,9,0,0,0,1,7,30,2,2,9,38,117,24,6,11,0,8,38,147,147,47,0,0,131,46,10,9,2,0,0,3,114,13,0,0,0,1,13,24,87,35,36,49,14,0,2,15,6,7,53,147,113,0,0,1,59,39,27,8,0,0,0,3,75,51,0,0,0,0,6,17,111,23,1,3,4,0,13,49,13,0,7,124,60,3,24,22,13,9,19,8,0,0,0,4,22,8,2,2,2,0,26,40,9,1,0,0,0,20,65,50,0,0,0,4,4,16,112,40
1,0,4,11,76,31,4,13,63,2,1,5,2,1,8,113,104,65,3,0,0,0,3,48,19,46,23,0,0,0,3,32,0,33,77,66,17,11,0,0,93,16,64,111,1,0,2,41,128,80,16,2,0,0,0,53,38,54,62,1,0,0,0,8,0,118,102,24,0,0,0,0,13,58,128,111,0,0,0,0,128,128,114,6,0,0,0,9,52,19,4,1,0,1,2,18,0,108,47,0,0,0,0,0,0,32,105,10,0,0,0,0,1,20,82,11,0,0,0,0,7,22,23,2,0,0,0,0
7,16,5,0,0,8,17,21,59,24,2,0,0,0,1,39,110,21,0,0,0,0,0,11,59,26,1,2,1,0,0,3,54,76,36,2,0,0,1,8,45,42,34,11,0,0,0,5,134,13,0,0,0,0,0,32,52,3,0,0,0,45,20,35,131,22,9,4,0,0,2,58,18,10,16,27,7,9,8,12,80,25,1,1,0,38,13,14,14,1,0,0,0,170,59,11,63,35,9,0,0,3,6,41,11,1,1,0,1,67,56,23,18,1,0,0,0,170,170,13,0,0,0,0,0,170,170,9
3,8,4,6,49,5,1,4,88,0,0,3,89,23,5,45,142,0,0,0,0,1,2,126,34,4,0,0,0,7,23,37,5,7,4,15,47,3,2,7,82,13,10,67,142,8,1,28,142,33,5,4,4,1,5,142,31,1,0,1,1,29,60,45,5,32,19,18,4,0,0,0,16,111,142,94,19,0,0,0,132,142,61,6,0,1,1,9,18,7,0,1,1,7,14,6,3,107,17,1,0,0,0,0,1,117,39,1,0,0,0,0,0,32,14,2,2,6,2,0,0,0,0,1,7,19,11,0
42,8,0,0,2,65,37,5,138,29,0,0,0,4,1,4,138,53,28,5,0,0,0,3,3,16,84,15,0,0,0,0,82,79,2,3,23,5,3,8,138,94,14,0,0,0,0,11,138,22,8,1,0,0,0,44,38,11,34,23,5,0,0,5,36,138,52,10,15,0,0,0,29,120,138,19,0,0,0,1,138,43,24,2,0,0,0,15,71,8,10,4,0,2,4,11,6,138,76,14,0,0,0,0,1,23,75,102,3,0,0,0,71,26,22,27,0,0,0,4,46,1,0,0,8,12,8,11
26,19,9,30,3,2,5,42,77,80,1,0,3,2,3,12,82,13,0,0,0,0,2,30,16,1,0,1,8,4,0,3,20,80,50,101,24,6,0,1,34,73,9,5,33,67,13,18,139,9,0,0,3,11,10,52,31,4,0,4,19,5,0,1,0,11,32,28,32,139,13,2,79,11,3,0,19,139,48,29,139,63,1,2,6,9,5,15,17,12,3,8,15,13,8,0,1,0,0,0,14,139,62,22,139,6,0,0,0,66,60,137,139,33,0,3,7,12,54,61,6,7,4,6,11,18,49,24
21,50,73,130,15,0,0,0,130,129,14,3,0,1,1,4,71,13,9,4,0,20,45,28,17,23,10,2,0,2,30,65,18,25,19,130,78,0,0,0,130,67,10,13,13,10,2,9,30,1,0,2,83,93,77,39,0,0,0,1,5,18,130,90,4,4,10,130,71,0,0,0,81,24,27,46,20,5,4,15,10,1,3,38,130,22,12,8,0,2,40,35,20,8,56,8,1,0,4,74,17,0,0,2,1,5,37,78,11,0,0,0,1,1,6,51,111,1,0,1,20,6,29,11,23,1,0,14
44,1,1,22,14,4,10,22,70,0,0,0,1,2,14,77,2,0,0,0,2,8,53,86,10,0,1,3,1,0,6,84,22,6,24,2,2,6,55,38,138,10,9,10,10,2,5,65,15,2,3,30,85,22,32,49,45,0,0,0,7,5,15,138,7,43,138,34,0,0,2,6,111,83,88,31,17,0,0,13,19,12,3,27,138,32,8,6,27,0,0,0,44,33,39,138,2,11,78,66,10,10,2,1,1,31,61,40,28,7,9,2,0,5,5,22,138,47,3,0,0,0,0,0,94,76,97,66
0,1,12,54,44,0,0,0,20,5,3,40,134,0,0,0,150,95,0,2,11,0,0,0,75,39,0,0,0,0,0,4,0,0,1,18,63,29,1,0,49,2,0,21,150,28,0,1,150,27,0,1,21,3,0,15,76,14,0,0,1,1,0,17,0,0,0,0,17,56,82,8,44,7,1,35,136,29,19,3,150,12,1,9,16,1,0,50,51,0,0,0,1,0,3,95,0,4,8,0,3,19,118,32,23,4,12,8,18,8,95,44,150,9,2,4,8,4,12,45,29,1,0,1,7,7,31,98
0,0,0,0,0,0,36,43,15,6,0,0,0,2,20,29,9,43,15,0,0,1,3,1,8,116,29,0,0,0,0,0,19,0,0,5,17,4,12,42,122,16,0,0,0,0,2,33,81,71,3,0,0,0,0,7,113,143,6,0,0,0,0,0,37,9,1,1,21,15,1,6,128,4,0,0,0,0,0,55,143,135,0,0,0,0,0,41,143,143,0,0,0,0,0,0,10,16,1,0,0,2,0,5,79,30,0,0,0,0,0,34,143,143,0,0,0,0,0,12,81,125,0,0,0,0,0,0
37,93,136,10,0,0,32,97,56,136,16,0,0,0,8,36,0,7,1,0,0,0,0,0,0,0,0,0,0,0,0,0,57,47,70,14,19,6,1,23,136,136,31,2,7,2,0,43,16,40,22,6,61,18,0,1,0,0,0,0,2,0,0,0,48,34,32,73,27,1,0,6,136,97,8,2,21,16,3,31,35,23,31,37,136,46,3,6,2,50,19,7,5,0,0,0,6,52,106,62,4,5,5,0,57,106,22,1,4,14,31,9,49,108,32,11,13,7,5,6,50,136,13,1,0,0,1,1
3,1,4,11,155,4,0,0,155,52,0,3,91,2,0,0,136,18,0,0,0,0,0,5,0,0,0,0,0,0,0,0,11,1,3,6,155,14,0,0,155,27,0,0,91,5,0,6,109,4,0,0,0,0,9,21,0,0,0,0,0,0,0,0,18,0,0,2,155,26,0,0,155,12,0,0,69,11,4,17,55,0,0,0,0,13,20,15,0,0,0,0,0,0,0,0,14,0,0,2,155,26,0,4,155,0,0,0,37,15,4,41,17,0,0,0,0,20,10,10,0,0,0,0,0,0,0,0
7,26,26,60,59,47,44,36,145,9,3,24,31,23,3,24,99,15,1,0,0,0,0,4,4,5,6,8,12,0,0,0,28,38,39,30,56,53,46,56,145,11,0,10,34,28,4,27,133,33,1,0,0,0,0,2,4,4,5,7,8,0,0,0,9,16,50,69,145,0,0,0,145,4,0,18,82,0,0,19,145,19,3,0,0,0,0,7,2,9,13,5,5,0,0,0,2,0,0,40,145,0,0,0,145,5,0,19,84,0,0,8,145,7,0,0,0,0,0,12,5,3,2,4,6,2,1,4
32,0,0,5,122,65,26,62,135,0,0,2,35,10,4,32,114,3,0,0,0,0,0,7,8,2,0,2,5,0,0,0,135,9,0,15,119,2,1,64,135,3,0,9,56,0,0,11,135,5,0,0,0,0,0,3,14,0,0,2,8,0,0,0,82,110,62,79,54,1,0,10,135,22,8,62,39,0,0,4,135,4,0,0,0,0,0,5,12,3,2,1,3,0,0,1,5,24,25,37,41,37,49,51,131,9,3,31,45,36,6,17,130,12,0,0,0,0,0,5,9,8,5,4,1,0,0,0
3,5,12,13,2,5,6,1,15,20,5,0,0,0,2,3,4,10,2,0,0,0,0,0,0,0,0,0,0,0,0,0,1,4,19,52,26,0,0,0,75,20,5,6,2,0,0,5,149,56,0,0,0,0,0,8,11,2,0,0,0,0,0,1,1,9,12,24,53,26,0,0,38,32,44,20,16,5,6,10,149,7,3,9,20,15,46,149,42,0,0,0,0,0,1,111,2,28,147,11,3,12,0,0,3,86,128,90,30,4,2,0,23,2,21,149,128,26,45,149,94,0,0,21,8,1,4,149
4,0,0,0,88,54,1,0,33,4,0,0,67,59,10,29,21,3,0,26,14,2,1,13,8,4,4,17,7,0,1,10,3,1,0,1,136,109,11,1,99,48,1,2,75,52,10,31,38,15,0,4,11,30,8,12,13,10,3,8,6,9,9,16,36,1,0,0,37,136,136,79,136,14,0,0,14,24,39,132,25,6,12,13,16,32,8,21,16,1,9,12,2,5,6,32,136,99,0,0,15,49,121,69,136,123,3,0,0,0,5,54,37,41,13,11,0,0,0,6,3,1,8,42,7,0,0,4
5,11,12,20,59,23,4,2,2,8,63,38,18,16,36,28,74,130,34,5,0,0,44,78,36,100,43,6,0,0,8,19,0,3,40,130,78,14,9,2,36,15,74,74,8,6,46,57,130,130,23,3,0,0,4,51,44,61,30,4,0,0,2,11,0,3,81,130,9,0,0,0,17,23,130,130,5,0,1,4,130,82,84,12,0,0,7,48,27,2,3,2,0,0,54,76,2,4,8,19,5,0,0,0,0,5,50,55,8,0,0,0,4,28,65,8,0,0,2,5,3,7,27,21,0,0,13,16
56,47,86,14,0,0,0,12,53,35,19,1,0,7,34,78,18,13,2,0,0,1,40,83,4,0,3,0,5,0,0,12,3,5,47,24,21,3,0,1,15,6,11,33,131,131,94,54,131,22,3,5,10,36,100,131,71,6,0,1,6,0,0,29,2,4,2,10,29,9,8,0,12,26,65,131,131,32,5,5,131,131,66,40,11,7,3,37,101,12,0,1,6,0,0,15,0,0,0,0,6,25,14,0,0,1,15,22,10,42,13,2,112,11,15,8,3,20,7,36,95,1,0,0,5,0,0,18
0,0,0,0,6,112,135,23,33,0,0,1,21,135,98,56,135,11,0,0,0,5,21,116,45,19,0,0,0,0,0,11,37,0,0,9,38,32,98,84,98,8,3,35,73,39,14,44,135,29,1,2,1,0,0,86,57,12,0,0,0,1,4,28,47,32,46,39,37,0,0,24,55,106,47,21,14,0,1,17,135,125,11,2,0,0,8,40,36,5,0,0,1,16,40,25,1,16,54,31,20,14,5,0,20,50,15,1,1,8,31,30,58,40,1,0,0,0,15,85,12,23,2,1,2,3,28,20
46,0,0,20,54,112,31,72,130,5,0,1,0,0,5,130,64,7,0,0,0,2,5,47,0,0,0,0,0,34,26,2,49,33,16,49,32,2,3,51,130,94,13,10,2,0,2,101,104,6,0,0,0,19,45,62,0,0,0,14,55,129,40,2,35,107,39,4,2,8,16,16,108,75,8,0,0,1,39,116,56,25,0,0,0,8,84,76,8,22,17,49,30,15,14,3,4,31,22,22,23,23,14,3,49,130,4,0,0,2,15,28,67,101,0,0,0,0,1,11,10,22,4,1,0,0,0,2
1,0,6,24,45,72,26,3,21,8,7,6,17,38,69,39,59,23,24,3,0,4,34,56,3,16,65,4,0,8,14,9,39,13,5,16,132,40,13,15,86,18,36,64,76,11,11,21,132,58,48,8,3,0,2,41,21,24,124,3,0,0,1,11,19,132,114,54,67,1,0,1,21,105,132,101,10,0,0,0,132,61,132,58,7,0,1,26,25,3,2,0,0,0,12,47,59,59,30,13,6,0,0,8,17,23,39,31,19,0,0,1,2,1,15,57,79,2,3,2,4,0,0,2,10,2,25,13
85,1,0,5,6,7,3,44,78,0,0,0,4,21,17,32,2,2,1,1,22,46,21,3,0,13,24,3,19,7,2,0,43,1,0,7,31,42,57,29,48,4,1,0,2,93,132,53,132,50,6,0,1,36,112,64,22,78,63,1,1,0,0,1,5,3,12,32,77,49,31,9,33,70,62,14,15,41,91,13,132,64,8,0,0,3,29,132,49,20,6,0,0,6,29,57,13,28,32,60,19,2,0,2,1,27,109,51,18,24,31,4,67,72,90,1,0,5,28,132,41,33,7,0,0,10,40,84
82,9,0,0,1,43,108,115,134,0,0,0,0,19,54,113,51,0,0,0,0,0,2,37,22,2,1,0,0,0,0,7,106,41,23,29,39,44,20,25,134,32,5,0,0,2,6,42,103,10,0,0,0,0,0,30,32,3,0,0,0,0,0,10,24,77,134,46,9,0,0,0,134,109,101,11,11,4,4,25,62,7,1,0,2,2,12,96,39,6,0,0,0,0,0,19,37,48,51,2,3,6,1,7,16,18,29,11,56,83,11,13,9,3,0,0,11,20,31,129,9,0,0,0,0,0,32,121
14,3,11,26,15,2,31,125,16,5,22,78,15,2,11,48,64,34,23,9,0,0,1,33,11,31,56,2,0,0,0,0,56,13,44,34,5,19,33,78,125,34,54,26,0,0,2,59,39,71,125,16,0,0,0,1,18,60,30,0,0,0,0,0,22,31,125,57,2,10,25,26,125,121,125,1,0,0,1,32,40,30,65,8,0,0,1,9,2,17,25,3,0,0,2,6,7,7,57,5,0,0,125,125,6,34,78,0,0,0,125,83,1,8,41,11,0,0,102,27,0,0,17,9,0,0,20,10
36,12,78,44,1,0,0,4,152,17,5,13,0,5,16,88,24,50,13,0,0,49,50,21,2,51,16,2,8,16,15,1,10,7,58,89,42,31,1,1,152,97,7,32,22,12,4,34,54,128,29,0,1,29,11,9,2,27,11,1,9,40,14,2,16,1,1,3,27,152,14,13,152,10,0,0,9,42,16,107,69,7,0,0,0,45,39,35,0,0,0,0,15,94,33,1,21,2,0,14,44,97,9,11,152,18,0,0,2,6,6,48,72,2,0,0,3,39,9,9,0,0,0,0,53,67,5,0
138,127,11,0,0,0,2,23,68,31,10,40,21,3,28,43,3,4,13,127,66,3,5,5,2,34,54,37,13,1,2,2,85,34,2,1,0,0,32,85,133,36,4,9,3,0,26,63,24,21,24,108,60,0,0,2,9,32,56,20,6,1,2,1,47,9,11,54,14,0,29,78,138,19,2,5,1,0,8,62,71,13,9,134,32,0,0,1,5,2,9,81,13,6,5,2,24,16,52,138,5,0,0,0,138,31,15,22,0,0,1,16,71,5,1,32,22,22,12,13,0,0,6,53,25,51,11,0
3,38,57,57,4,2,3,0,3,32,74,129,20,6,3,1,5,129,126,100,10,2,0,0,8,129,36,0,0,0,0,0,2,9,7,19,10,46,116,8,13,19,15,25,13,65,129,17,129,61,18,19,9,22,22,23,28,53,11,1,0,0,0,0,1,5,2,14,52,57,50,5,29,18,11,0,0,12,78,40,129,34,3,0,0,1,6,23,39,48,7,0,0,0,0,0,4,7,0,4,73,119,34,8,50,26,2,0,0,11,59,91,129,13,0,0,0,0,2,63,62,16,2,0,0,0,0,5
29,2,1,4,5,0,12,47,151,83,0,0,0,0,0,13,151,71,4,1,0,1,0,1,1,1,11,6,3,11,3,0,47,21,54,17,7,0,0,8,151,86,4,1,0,0,2,19,119,60,8,1,0,31,37,12,0,4,11,5,1,42,53,1,16,6,93,104,8,0,0,0,151,35,7,31,4,0,9,75,65,58,21,0,0,36,72,47,1,68,35,1,2,23,29,1,6,4,18,56,48,51,3,1,151,102,4,18,20,12,2,10,51,114,33,0,0,13,7,5,0,23,18,1,3,33,7,1
42,8,0,0,0,33,126,30,132,115,3,0,0,11,41,16,63,100,84,73,2,3,10,9,0,0,53,132,10,10,7,1,52,79,56,5,1,5,2,11,132,62,5,0,0,0,5,22,100,11,2,7,0,16,97,41,0,0,14,94,7,17,124,12,24,46,35,31,7,0,0,3,118,21,9,4,0,2,35,96,30,9,0,0,0,29,122,43,4,3,4,12,10,30,82,14,6,16,50,39,0,0,0,0,9,34,72,19,0,0,4,18,23,72,23,6,2,1,6,10,4,5,3,15,47,39,2,0
83,25,16,142,67,0,0,0,142,32,2,7,1,0,0,7,89,11,0,1,1,0,1,29,6,1,0,62,64,3,3,11,31,9,6,142,134,0,0,1,142,19,4,36,20,0,0,18,100,51,0,0,0,0,0,4,5,20,9,34,14,0,0,2,4,2,1,85,118,0,0,0,142,16,4,56,47,0,0,18,142,34,3,0,0,0,0,9,6,11,5,10,3,1,1,1,0,0,0,32,35,0,0,0,121,38,6,46,39,0,0,1,131,54,9,3,0,0,0,0,0,4,10,24,9,0,0,0
103,28,22,141,20,0,0,0,141,33,2,1,0,0,0,0,121,34,4,3,0,0,0,7,8,6,8,69,28,1,0,2,31,16,17,141,66,0,0,0,141,34,9,31,5,0,0,3,141,9,0,0,0,0,0,20,21,1,1,25,22,2,3,24,4,6,5,141,72,0,0,0,141,14,6,80,37,0,0,15,141,20,0,0,0,0,0,11,13,21,2,3,2,0,0,5,0,0,0,39,47,0,0,0,81,7,3,71,62,0,0,6,141,10,0,0,0,0,0,15,14,16,1,0,0,0,0,0
37,0,1,2,0,0,6,23,51,25,59,26,0,0,5,19,77,93,148,5,0,0,0,10,8,35,148,17,0,0,0,9,42,0,0,0,0,2,5,50,96,1,0,0,0,16,24,56,148,36,17,10,0,0,1,46,18,13,32,61,0,0,1,16,29,0,0,0,0,2,8,72,142,33,0,0,0,13,18,25,148,65,2,1,0,0,4,22,23,3,11,42,4,2,20,21,25,38,22,0,0,0,3,25,121,135,23,0,0,0,6,13,143,55,1,1,0,2,72,38,2,0,0,0,0,1,116,34
0,0,0,0,0,36,143,9,38,1,0,1,2,15,71,63,24,5,8,62,16,0,1,7,0,11,37,49,6,0,0,0,21,1,0,0,0,33,143,63,143,14,0,0,0,0,41,119,83,15,3,18,17,22,3,8,0,0,3,26,28,18,1,0,64,143,34,0,0,41,92,33,143,143,9,0,0,0,7,40,44,9,0,0,12,41,10,14,0,0,0,0,12,59,8,0,6,143,86,0,0,0,0,0,9,136,25,1,3,7,2,1,1,6,2,2,21,68,1,0,2,0,0,0,5,73,10,2
6,0,0,0,0,3,50,47,15,1,0,0,2,2,28,26,7,1,11,101,123,13,0,3,0,0,120,123,107,44,31,8,87,4,0,0,1,3,9,30,86,15,0,0,0,0,3,16,46,25,30,48,6,0,4,9,28,57,123,123,3,0,0,1,96,1,0,0,0,0,0,36,76,2,0,0,0,2,10,31,123,23,0,0,0,4,25,29,123,100,33,11,0,0,0,3,68,7,0,0,0,0,0,27,40,8,0,0,0,2,15,33,123,123,0,0,0,3,10,6,123,105,7,18,1,0,0,3
56,0,0,0,12,3,0,63,1,0,0,0,49,14,1,3,21,7,1,1,3,3,1,7,2,3,1,30,44,0,0,0,143,0,0,0,8,5,2,143,19,0,0,0,69,25,3,21,78,19,1,2,9,4,0,2,5,5,1,25,41,7,1,0,143,0,0,0,1,1,3,143,52,1,0,0,20,20,17,101,68,4,0,0,4,48,38,16,3,0,0,1,11,138,93,1,113,0,0,5,13,2,4,143,68,0,0,0,0,10,31,143,4,0,0,1,6,143,61,15,0,0,2,6,6,111,46,0
9,17,10,8,26,3,0,3,85,0,1,7,68,20,4,36,148,0,0,0,0,1,1,110,48,3,0,0,0,4,18,42,11,8,6,11,36,4,1,8,82,13,12,49,126,14,2,27,148,30,4,3,3,1,5,141,41,0,0,0,1,29,75,57,0,40,30,17,4,0,0,0,16,112,148,75,17,0,0,0,146,148,58,4,0,0,2,13,22,7,0,0,3,14,19,10,0,110,31,1,0,0,0,0,0,116,55,0,0,0,0,0,1,38,18,3,5,6,1,0,0,0,0,1,7,21,14,0
0,5,30,86,18,1,1,1,14,42,19,29,4,3,1,4,48,22,0,0,0,3,2,14,25,2,0,0,3,2,0,2,4,0,3,24,20,37,25,14,8,9,14,17,11,103,37,7,102,28,0,0,1,19,14,16,26,11,0,1,7,3,0,0,8,0,0,0,0,132,76,19,61,2,0,0,0,120,109,98,132,30,0,0,1,3,40,78,14,10,0,0,4,5,20,19,0,0,0,0,0,132,117,7,16,2,0,0,0,48,132,132,77,14,0,0,0,0,132,132,88,15,0,0,0,0,27,75
33,8,0,0,1,134,47,8,119,32,3,0,0,23,27,63,17,10,11,1,0,0,74,88,31,10,2,2,4,6,21,69,134,14,0,0,0,79,31,15,134,65,23,0,0,0,0,10,26,68,110,5,0,0,1,5,39,81,14,8,18,1,0,8,128,134,15,3,7,2,1,3,134,59,16,0,0,0,0,34,96,30,37,8,0,0,1,13,20,40,10,12,16,3,5,4,9,134,93,18,1,0,0,0,79,51,65,27,0,0,0,5,78,8,2,0,3,8,14,20,2,2,0,0,5,26,53,8
14,0,0,5,16,22,8,14,17,4,0,2,28,16,1,7,72,2,0,0,0,0,0,59,155,59,0,0,0,0,0,30,3,0,0,1,3,17,27,19,12,8,0,0,2,9,9,11,95,10,0,0,0,0,3,32,155,120,0,0,0,0,0,8,0,0,24,43,8,1,18,8,2,11,33,6,0,0,39,22,119,104,11,0,0,0,11,29,155,155,0,0,0,0,0,1,2,8,72,51,17,0,0,0,0,32,141,16,0,0,1,0,43,153,45,0,0,0,0,0,155,89,0,0,0,0,0,0
4,0,0,2,56,121,1,2,29,4,0,0,1,9,4,17,7,4,1,0,0,8,40,21,7,12,1,0,2,23,18,2,5,0,2,57,97,4,0,4,42,4,1,5,7,0,0,17,8,18,20,1,0,1,6,1,10,88,11,0,0,1,2,0,1,0,19,126,42,0,0,0,30,25,84,67,4,0,0,5,17,113,98,0,0,0,0,0,15,152,124,0,0,0,0,0,0,3,34,26,0,0,0,0,0,89,152,35,0,0,0,0,0,152,152,0,0,0,0,0,0,134,152,0,0,0,0,0
36,5,2,80,157,0,0,0,157,17,0,18,38,0,0,10,68,32,13,12,11,0,0,0,17,1,4,72,157,0,0,4,21,13,10,119,157,0,0,0,157,37,0,47,61,0,0,8,112,38,9,14,7,0,0,2,4,0,2,78,157,0,1,3,8,8,4,59,95,0,0,0,157,4,0,27,52,0,0,18,58,3,1,3,0,0,0,5,0,0,0,19,60,0,0,0,0,0,0,0,0,0,0,0,0,0,0,0,0,0,0,0,0,0,0,0,0,0,0,0,0,0,0,0,0,0,0,0
36,3,0,65,118,0,0,4,138,8,0,8,14,0,0,32,38,26,13,4,2,0,0,4,6,3,9,60,92,0,0,0,18,3,3,94,131,0,0,1,138,18,0,27,36,0,0,18,95,51,17,3,0,0,0,1,1,4,14,76,97,0,0,0,5,4,3,80,112,0,0,0,138,6,0,41,66,0,0,22,138,25,5,0,0,0,0,8,1,7,9,49,81,0,0,0,1,8,7,56,63,0,0,0,138,8,1,57,65,0,0,8,138,21,2,1,0,0,0,5,1,4,4,29,44,0,0,0
3,7,1,5,19,4,3,10,8,22,15,0,0,0,24,28,63,28,21,6,4,14,25,24,124,124,61,4,3,6,0,11,21,15,2,32,57,3,1,8,78,69,49,10,0,0,0,11,77,51,56,61,0,0,0,7,124,88,2,1,0,0,0,7,35,0,0,52,124,5,1,11,124,7,3,5,1,0,3,58,89,76,22,41,1,0,5,33,124,124,3,0,1,0,0,0,14,3,2,64,124,0,0,2,55,6,1,4,7,3,31,64,124,33,0,0,0,1,32,95,124,42,0,0,5,3,0,2
60,1,0,0,0,6,28,132,6,1,9,30,92,89,40,37,25,73,126,61,52,39,36,16,31,60,28,19,3,1,8,12,132,26,1,0,0,2,49,132,132,6,4,3,3,16,80,124,57,30,51,7,1,0,0,9,2,11,23,28,4,0,0,1,89,65,39,27,7,4,20,34,132,93,1,0,0,0,6,32,84,8,0,0,0,0,0,7,29,13,11,4,0,0,0,0,18,61,130,29,2,3,0,0,103,77,18,1,1,2,1,20,47,16,0,0,0,0,0,6,31,8,0,0,0,0,0,2
26,3,1,1,28,49,8,71,134,9,2,0,0,0,2,120,72,15,20,47,44,2,1,11,23,25,83,114,49,2,0,0,33,4,14,32,40,18,6,18,161,33,1,2,5,4,4,47,78,26,3,18,52,13,9,7,53,30,4,10,34,8,4,2,30,2,3,22,142,14,0,3,161,11,1,3,11,1,0,41,120,20,24,75,35,2,1,9,6,43,33,27,7,2,1,0,14,3,1,6,54,31,12,3,161,8,1,1,2,1,0,67,135,3,14,24,1,0,0,58,0,4,23,30,2,0,0,0
14,3,5,15,73,38,104,118,44,2,0,0,3,14,110,118,39,5,7,5,7,22,59,69,20,12,7,1,0,0,0,16,40,28,61,66,37,47,38,33,108,36,18,9,2,7,51,86,118,11,2,1,0,2,33,92,66,0,0,0,0,0,0,25,12,44,112,118,59,24,0,1,27,100,118,26,2,1,0,2,118,94,65,5,4,2,3,13,53,2,0,0,0,1,6,49,18,45,20,6,64,31,0,0,31,88,39,1,4,3,0,0,6,23,23,3,27,46,6,5,1,0,0,0,4,15,31,67
28,121,52,7,29,15,17,37,0,28,20,12,120,60,6,2,1,2,29,121,52,14,2,4,10,1,24,121,71,20,6,14,16,2,0,0,9,21,121,121,9,1,0,0,46,104,118,52,87,16,20,22,3,14,14,51,20,12,97,121,5,0,0,9,81,7,4,8,13,9,48,86,73,61,0,0,0,12,51,53,104,51,0,0,0,2,9,43,19,3,12,14,0,0,39,79,28,8,79,33,2,0,0,19,71,31,22,7,0,0,0,91,34,19,1,0,0,0,6,38,2,5,6,0,0,0,21,20
10,4,31,59,32,3,6,10,20,74,159,47,16,5,9,6,3,40,159,20,0,2,3,4,3,26,159,20,0,0,0,1,38,2,3,0,0,0,8,60,159,46,39,3,0,0,4,42,33,30,92,28,1,0,1,22,3,5,70,8,0,0,3,27,53,40,11,0,0,0,3,52,159,53,7,1,0,0,26,37,30,2,5,17,3,3,91,34,0,0,2,5,1,0,15,7,11,145,131,3,0,0,0,1,25,44,97,54,1,1,21,9,2,2,61,27,0,1,69,22,0,0,5,0,0,0,11,6
6,36,77,67,11,0,0,0,40,53,36,7,0,0,0,6,98,121,55,7,9,0,0,3,5,33,25,26,152,107,0,0,0,1,37,58,15,0,0,0,55,6,21,42,12,0,0,4,152,20,2,5,24,4,1,26,18,9,27,152,152,39,1,5,6,2,43,73,2,0,0,4,24,15,29,113,12,0,0,0,152,33,12,9,2,0,0,21,53,8,39,152,25,2,11,20,12,0,1,17,3,1,7,58,1,5,28,44,3,0,8,2,39,19,19,3,0,0,11,16,14,0,0,5,12,44,78,27
57,0,0,0,1,7,23,67,7,2,0,0,1,19,34,15,38,21,0,0,0,4,5,4,45,22,0,0,0,0,0,1,38,22,6,0,0,0,111,91,100,27,2,0,0,1,47,71,52,31,6,0,0,0,1,5,44,3,0,0,0,41,16,12,12,129,59,0,0,0,15,13,115,84,30,0,0,4,4,18,32,7,2,0,0,70,65,17,3,0,0,0,0,129,115,5,17,97,66,1,0,0,0,0,6,49,58,31,95,78,10,0,9,1,0,6,89,129,129,31,5,0,0,0,0,129,129,35
0,2,4,13,87,98,34,1,9,0,0,0,13,98,115,33,1,0,0,0,0,29,49,26,1,0,0,0,0,0,20,48,1,1,8,128,154,19,4,1,86,14,1,31,82,12,17,32,19,2,0,2,23,20,19,19,56,5,0,0,1,2,9,44,0,1,1,92,154,0,0,0,27,6,0,27,138,6,15,21,16,3,0,0,10,31,18,11,123,21,0,0,1,2,0,6,0,2,1,40,154,0,0,0,0,0,7,51,128,3,7,8,16,11,9,6,0,1,6,23,116,126,0,0,0,0,0,3
14,71,18,0,0,0,119,119,61,80,15,0,0,0,90,67,49,26,0,0,0,0,0,3,0,0,0,0,0,0,0,0,4,119,119,10,0,0,0,2,75,113,86,43,0,0,0,12,119,36,7,7,9,0,0,40,28,47,9,8,8,0,0,1,3,119,73,25,0,0,0,1,10,28,119,86,3,5,0,1,88,54,35,5,3,17,24,32,119,51,3,1,0,0,5,34,12,17,11,2,0,4,16,41,1,2,31,9,30,109,15,7,15,1,4,4,24,119,64,62,54,0,0,0,0,0,9,71
0,0,0,0,0,0,3,4,21,0,0,0,0,1,41,96,97,71,19,0,0,3,17,45,14,54,92,10,3,2,1,1,0,0,0,0,0,0,0,0,43,11,23,3,0,0,50,82,131,42,9,0,0,3,14,117,55,13,14,7,7,74,30,15,0,0,0,0,0,0,0,0,17,36,131,71,0,0,3,5,131,131,116,43,13,14,5,17,20,4,2,26,49,131,61,7,0,0,0,0,0,0,0,0,0,1,50,131,7,0,0,0,1,19,71,131,54,5,1,0,0,1,28,131,46,14,6,5
1,0,0,0,66,4,0,0,75,8,0,0,37,1,0,0,59,77,21,1,0,0,22,17,7,78,78,1,0,0,66,12,2,0,0,0,58,19,0,0,95,3,0,2,38,15,3,5,41,9,35,59,69,134,183,33,4,5,139,27,9,50,183,23,2,0,0,0,21,17,0,1,61,2,2,5,15,9,0,4,8,6,164,110,47,28,10,0,0,5,183,46,6,13,55,0,0,0,0,0,0,0,0,0,0,0,0,0,0,0,0,0,0,0,0,0,0,0,0,0,0,0,1,0,0,0,0,0
0,0,0,0,0,0,0,0,0,0,0,0,0,0,0,0,0,0,0,0,0,0,0,0,0,0,0,0,0,0,0,0,5,13,46,0,0,9,180,38,46,26,8,0,9,7,161,104,15,8,0,5,61,2,2,5,22,17,0,1,2,0,0,0,9,57,180,16,3,5,153,25,70,137,180,31,40,8,38,59,38,13,3,5,96,2,0,2,60,17,0,0,3,0,0,0,0,0,77,11,7,78,72,1,0,0,25,18,59,77,21,1,35,0,0,1,77,7,0,0,69,3,0,0,1,0,0,0
46,0,5,166,27,0,0,166,64,1,3,26,1,0,0,166,3,0,0,0,0,0,0,14,0,0,0,0,0,0,0,0,7,3,29,166,64,10,20,36,147,87,110,166,16,6,1,162,32,12,1,0,0,24,4,28,0,0,0,0,0,1,0,0,0,0,4,29,19,44,78,29,3,21,35,36,16,85,15,0,2,29,21,0,2,65,5,0,0,9,11,0,0,3,0,0,0,6,0,0,0,47,12,1,0,58,9,0,0,41,8,0,0,53,22,0,0,4,0,0,0,3,5,0,0,0,0,0
0,0,0,0,0,15,64,18,22,48,15,4,28,144,54,7,68,144,38,1,8,48,3,6,9,144,13,0,0,6,2,1,15,27,4,0,0,1,29,19,105,47,22,1,1,4,14,30,144,47,2,0,0,0,0,55,41,5,0,0,38,48,3,5,61,27,4,11,8,0,0,28,83,57,52,2,0,0,0,27,144,54,7,0,1,0,0,7,52,4,0,12,143,24,0,0,28,0,0,59,37,0,0,37,55,5,1,0,0,0,30,117,144,10,0,0,0,0,6,76,40,1,0,18,91,6,0,3
70,0,0,0,9,25,48,54,56,3,1,0,2,19,82,80,5,6,35,6,22,34,7,4,11,29,41,2,3,3,0,0,21,7,5,27,27,49,82,42,126,77,5,1,0,1,71,117,69,74,121,3,0,0,8,17,0,30,126,0,0,0,7,1,17,14,126,126,13,0,0,1,126,93,92,16,0,0,2,71,75,26,10,0,0,0,71,87,1,3,8,0,0,2,77,20,25,15,110,36,0,0,0,7,12,55,120,23,2,0,0,2,11,33,16,0,0,0,7,12,1,4,2,1,3,8,10,5
19,0,3,47,88,54,4,19,182,43,0,1,5,1,1,54,82,33,6,20,43,15,0,3,21,29,53,121,20,2,0,1,41,4,0,25,153,43,9,5,182,57,2,8,19,3,0,4,95,39,47,61,25,6,0,1,12,24,30,26,5,1,1,2,46,6,0,7,36,56,27,7,182,19,1,2,3,2,0,60,143,8,36,41,0,0,0,29,0,1,31,59,4,0,0,0,15,4,1,22,6,3,1,0,134,5,0,0,0,0,0,17,42,0,0,2,0,0,0,11,0,0,0,5,0,0,0,0
11,16,12,9,11,2,4,11,12,23,65,50,6,9,3,1,122,68,24,27,5,5,1,6,50,30,9,0,0,2,11,11,62,16,0,0,1,12,8,29,38,8,3,4,12,122,53,15,122,40,1,4,4,29,25,35,36,19,5,0,0,37,37,8,19,16,5,6,21,81,36,1,46,5,0,0,28,122,82,34,122,23,0,0,1,14,81,122,17,2,5,3,11,77,37,22,0,0,9,56,110,40,18,0,6,4,13,57,53,68,77,24,122,90,5,7,7,9,85,122,70,71,75,13,2,5,11,25
126,59,6,0,0,7,25,52,93,16,9,43,12,4,2,31,1,21,85,56,15,6,2,1,7,83,77,2,0,1,9,9,60,105,114,126,0,0,0,23,126,29,27,49,1,2,2,43,15,10,20,65,35,30,9,4,5,6,2,1,11,16,33,41,32,30,77,126,3,0,0,3,58,19,55,126,32,21,24,14,7,0,2,40,36,126,65,9,6,4,0,1,6,27,49,44,56,29,5,14,14,5,0,3,3,11,36,126,47,7,1,0,0,3,25,126,38,17,7,1,8,45,19,33,2,1,9,9
0,0,0,0,0,0,0,0,0,0,0,0,4,0,0,0,5,0,0,0,0,0,0,1,1,0,0,0,0,0,0,0,11,9,1,6,27,11,2,3,22,2,0,21,142,7,0,6,142,6,0,2,15,3,0,29,52,0,0,0,0,0,6,37,24,8,0,3,16,59,117,35,28,8,0,23,139,99,126,21,142,41,0,5,16,5,12,51,42,5,0,1,2,5,14,26,5,0,0,0,5,124,142,24,9,0,0,0,5,98,142,86,122,2,0,0,0,3,34,142,27,1,1,3,12,17,7,84
0,0,0,0,20,98,2,0,1,0,0,0,1,17,9,5,3,0,0,0,0,0,0,1,0,0,0,0,0,0,0,0,0,0,0,1,114,176,8,0,75,4,3,5,13,52,39,54,176,25,0,0,0,2,3,29,28,3,0,0,2,9,3,3,0,5,5,10,109,93,0,0,134,18,19,16,21,4,0,11,176,19,0,0,1,2,7,58,41,11,0,1,9,11,40,25,0,5,25,48,17,5,0,0,61,49,72,29,19,2,0,6,176,49,16,2,1,7,32,69,8,0,0,0,1,28,148,26
80,88,27,1,0,0,1,11,137,73,0,0,0,0,0,76,54,30,0,0,0,0,20,160,3,7,3,0,0,1,81,63,41,34,100,161,0,0,0,0,161,63,4,12,0,0,0,7,78,115,4,0,0,0,0,8,5,75,36,2,0,0,7,8,6,2,56,161,17,0,0,0,139,9,12,88,8,0,0,33,125,31,0,0,0,0,0,28,26,49,12,3,4,0,0,0,0,0,0,21,2,0,0,0,3,0,0,5,1,0,0,1,6,0,0,0,0,0,0,1,2,0,0,0,0,0,0,0
0,0,0,7,14,20,8,6,6,6,7,20,13,15,10,10,101,88,37,24,24,0,1,7,13,14,27,64,136,6,3,2,0,1,3,18,25,18,7,1,24,6,5,18,65,46,44,46,136,25,2,5,32,3,16,96,23,1,1,67,136,17,0,2,0,0,2,42,30,3,0,0,18,78,67,62,47,7,2,5,136,136,35,7,31,5,1,14,15,6,0,14,136,48,1,0,2,4,4,20,3,0,0,9,33,113,18,10,0,5,2,1,15,81,7,0,9,136,15,0,3,55,7,4,70,136,13,0
44,0,0,0,22,43,92,48,13,0,0,0,27,54,74,52,16,4,4,1,0,0,4,32,4,0,1,1,0,0,0,25,15,11,4,9,67,129,129,26,129,33,1,0,0,31,129,121,94,9,7,4,0,4,45,40,2,0,5,9,0,0,9,31,23,53,45,103,51,25,7,1,129,129,18,5,2,7,13,24,46,9,15,24,13,42,103,76,11,2,4,4,0,1,35,129,12,47,56,48,1,1,4,3,20,129,39,4,0,0,0,0,5,16,31,46,20,2,0,3,5,2,6,6,31,11,22,48
12,60,9,9,81,72,0,0,25,13,17,38,106,110,7,28,124,31,51,26,1,1,1,45,12,7,68,137,11,3,0,0,10,11,0,7,130,137,4,0,58,0,0,36,137,45,4,11,137,28,3,5,8,0,0,16,23,19,27,23,11,1,0,0,0,1,2,4,70,137,34,0,64,1,0,5,60,65,23,5,137,14,6,2,4,1,0,35,38,9,41,24,0,0,0,5,0,20,62,39,12,30,14,0,24,0,3,30,10,11,3,3,124,0,0,0,0,0,0,27,19,0,1,4,0,0,0,5
0,28,102,10,16,71,21,3,4,26,51,7,9,21,47,62,1,3,6,5,43,15,9,12,0,0,1,8,7,4,15,25,8,4,2,2,90,129,43,12,129,19,0,0,7,63,77,129,49,0,0,1,87,29,8,25,0,0,0,0,13,14,29,29,14,46,36,51,129,75,2,1,129,129,23,8,6,19,12,17,32,3,2,9,29,102,50,8,4,0,0,0,4,75,70,22,5,29,43,20,25,16,46,70,24,88,58,16,5,2,15,47,1,4,23,67,129,38,10,4,21,13,22,7,33,51,27,18
5,136,136,5,0,49,98,5,7,58,136,37,46,82,63,11,47,7,8,16,60,12,2,3,24,0,0,0,0,0,0,1,42,32,9,6,46,136,136,59,90,11,0,3,13,56,124,66,74,0,0,13,47,6,3,6,52,0,0,0,0,0,0,2,53,107,61,37,60,37,11,16,136,51,5,3,3,0,1,11,78,5,2,23,34,0,0,2,67,0,0,0,1,0,0,3,36,47,38,16,3,0,0,1,81,21,12,20,5,0,0,0,57,9,4,25,21,0,0,0,62,2,1,2,2,0,0,1
87,32,2,13,126,73,7,1,55,36,16,22,63,55,41,27,73,10,0,2,0,0,3,29,19,1,0,16,4,0,0,9,62,7,2,9,53,100,126,109,38,60,35,18,21,9,3,13,44,25,20,14,0,0,0,13,36,4,1,17,1,0,0,11,126,126,3,0,0,5,104,126,105,31,6,2,0,0,1,33,36,7,7,34,1,0,0,7,52,5,3,14,0,0,0,6,126,113,14,16,6,3,36,126,93,5,2,0,0,0,4,122,48,2,3,11,0,0,0,17,26,2,5,13,0,0,0,3
2,0,23,38,96,119,19,9,24,49,119,83,62,19,3,7,119,119,35,2,0,1,1,21,22,27,21,51,13,1,0,0,36,15,9,12,12,32,32,75,24,11,23,41,94,58,20,32,119,29,4,3,7,11,12,99,44,7,1,6,8,51,14,10,42,62,17,7,2,0,0,8,31,35,51,112,47,3,0,6,119,90,40,21,5,47,23,14,27,1,0,0,0,100,54,29,19,14,21,0,0,0,1,20,19,8,19,6,7,21,5,8,5,8,12,11,69,119,51,5,77,2,1,4,8,77,71,72
9,19,10,2,2,36,86,27,51,8,4,2,2,4,23,78,5,1,19,22,13,28,15,3,0,2,13,46,27,10,25,4,28,12,49,70,30,87,114,55,123,37,21,13,6,7,33,123,40,5,15,100,80,83,41,10,19,11,32,38,14,26,85,70,9,15,102,83,4,0,0,0,123,83,111,32,0,0,0,10,94,15,66,123,14,0,0,11,9,13,123,123,14,2,1,6,0,0,2,0,0,0,0,0,16,9,20,3,0,0,0,1,75,8,9,7,0,0,7,23,5,1,11,61,20,12,21,5
26,21,31,59,27,2,0,2,88,112,54,38,14,36,38,6,53,14,0,0,0,88,98,28,7,0,0,0,0,13,12,7,14,6,12,5,14,49,23,7,17,10,11,24,106,133,133,15,133,11,1,5,8,87,133,108,25,0,0,0,0,0,0,8,7,2,2,19,26,30,44,23,22,19,48,133,133,61,14,11,133,59,61,61,12,8,8,13,4,0,0,0,0,0,0,0,6,0,0,2,7,14,32,33,20,33,80,50,15,2,16,31,1,9,79,17,0,0,0,0,0,0,0,0,0,0,0,0
0,9,11,15,28,19,2,0,12,64,39,12,8,16,51,14,41,36,13,3,1,4,21,26,8,13,22,13,9,13,0,0,0,0,1,7,46,85,9,0,13,7,16,59,47,134,134,50,134,27,8,10,4,14,102,134,43,6,9,22,29,56,32,16,0,0,0,4,4,4,0,0,13,19,105,134,22,20,12,7,134,134,113,74,4,2,7,32,75,20,23,134,67,32,16,5,0,0,0,0,0,0,0,0,0,0,12,10,0,0,0,0,55,30,51,20,0,0,0,0,76,15,25,58,2,0,0,4
0,0,0,0,0,0,2,7,1,0,0,0,0,4,38,83,0,0,0,0,3,11,25,17,0,0,0,0,0,0,0,0,36,2,1,1,33,133,42,60,133,19,2,9,10,22,58,133,19,9,11,86,73,29,24,16,0,2,6,8,1,0,0,0,56,96,133,118,82,121,12,15,133,133,90,10,5,7,6,30,25,25,34,69,43,11,2,6,9,27,14,7,1,0,7,7,6,28,133,57,4,25,35,30,4,62,103,15,6,10,3,10,1,3,23,61,32,5,3,5,3,2,0,7,24,35,44,9
0,0,0,0,0,0,0,0,36,20,1,0,0,6,14,13,31,31,18,21,11,3,5,11,0,0,4,7,3,1,8,16,2,0,0,0,0,5,2,1,128,92,0,1,8,21,6,19,71,60,4,14,115,85,15,9,4,0,2,2,11,24,32,50,11,0,4,3,0,4,23,22,128,14,1,2,11,9,22,128,64,7,8,109,128,50,8,81,44,17,12,35,17,11,11,39,6,1,70,123,2,0,2,7,71,2,44,94,1,0,4,128,35,1,5,44,31,78,91,128,14,3,4,19,21,71,109,82
0,0,0,15,18,0,0,0,14,7,1,37,30,0,0,8,89,76,1,0,0,1,3,14,21,70,15,0,3,34,12,0,0,0,0,24,61,15,22,14,33,8,1,84,116,3,0,2,116,44,0,5,13,4,0,9,31,10,2,7,70,49,10,3,1,0,0,1,12,11,116,86,12,2,0,36,80,82,90,14,105,4,0,7,11,43,116,116,25,4,2,5,28,23,57,54,30,12,4,0,5,9,57,55,2,0,4,21,63,116,88,9,73,51,19,17,24,78,116,90,116,26,0,0,0,0,25,81
10,4,11,12,5,10,26,31,53,21,18,3,0,14,37,56,88,7,1,0,0,27,37,86,0,5,13,1,1,85,48,3,6,4,42,96,42,17,4,7,26,8,15,48,59,88,83,99,122,52,23,3,1,12,35,122,22,63,115,1,1,13,10,4,0,2,6,84,56,17,18,1,22,74,122,122,42,10,3,6,122,122,117,6,0,0,3,26,38,21,18,3,2,19,48,22,11,48,2,0,3,11,33,9,19,122,34,1,2,2,0,0,4,50,56,1,0,0,0,0,1,6,16,16,3,3,2,1
0,11,78,76,21,30,16,0,134,134,48,14,4,11,10,33,80,65,0,0,0,6,24,54,2,7,0,0,0,1,1,0,0,5,64,41,29,6,0,0,56,28,30,21,35,24,40,73,134,47,1,0,0,3,32,123,54,43,0,0,0,8,7,11,5,1,1,26,31,38,33,10,38,31,48,39,27,10,25,28,134,51,17,1,0,9,20,66,40,3,2,0,0,111,71,27,12,8,43,93,23,17,17,10,16,8,25,37,34,55,52,45,92,12,5,5,9,43,84,134,41,46,61,1,2,49,25,36
0,0,0,0,0,0,0,0,0,0,0,0,0,0,0,0,0,0,0,0,0,0,0,0,0,0,0,0,0,0,0,0,9,1,0,0,52,142,16,0,142,18,0,0,17,67,5,9,29,2,0,0,0,0,5,8,1,0,0,0,0,0,0,0,18,28,70,41,60,142,23,0,142,92,44,8,14,33,37,100,142,5,0,0,0,2,73,142,57,3,0,0,12,41,10,33,6,28,95,29,3,0,0,3,16,30,53,50,22,7,18,23,142,16,8,9,4,4,38,142,46,7,1,0,20,87,51,95
1,0,1,11,21,124,111,38,6,0,0,0,1,34,127,102,0,0,0,0,0,14,127,9,0,0,0,0,0,0,0,0,11,11,12,50,127,127,66,22,127,66,18,25,23,38,116,121,28,13,20,30,3,16,45,9,0,0,0,0,0,0,0,0,12,21,15,28,83,127,19,3,127,45,28,19,10,14,36,54,27,4,4,6,1,18,94,30,0,0,0,0,0,0,0,0,56,23,9,1,11,19,18,52,12,13,21,17,76,68,34,12,1,4,19,13,22,37,84,16,0,0,0,0,0,0,0,0
19,14,44,19,7,21,30,34,2,9,28,14,20,126,38,5,8,1,0,1,1,25,24,5,0,0,0,0,0,0,0,0,6,13,140,96,17,22,38,20,67,9,49,148,113,148,53,26,148,35,0,16,9,26,27,38,3,0,0,0,0,0,0,0,4,12,148,148,1,0,0,0,27,7,128,148,45,1,0,2,148,11,0,33,7,0,0,8,2,0,0,0,0,0,0,0,4,2,11,14,0,0,0,0,0,0,1,0,0,0,0,0,0,0,0,0,0,0,0,0,0,0,0,0,0,0,0,0
0,0,1,6,4,71,34,0,0,1,7,29,98,129,90,2,80,73,9,12,73,129,105,81,46,31,5,6,0,1,72,90,7,2,7,58,6,74,129,13,87,27,16,14,9,129,129,45,79,67,28,8,21,60,64,50,29,16,3,3,0,3,49,48,8,7,15,122,9,0,12,4,117,32,12,32,10,16,13,25,11,2,35,41,67,86,47,16,0,0,11,9,3,6,30,11,0,0,0,0,0,0,0,0,0,0,0,0,0,0,0,0,0,0,16,7,1,1,0,0,0,0,4,1,0,0,0,0
0,0,0,0,0,0,0,0,0,0,0,3,2,0,0,0,0,4,0,6,7,11,83,6,0,7,0,0,0,3,37,2,1,0,0,0,0,21,11,5,45,8,9,44,10,15,16,35,46,100,54,127,35,19,67,7,116,127,12,2,0,3,27,3,4,16,6,0,0,17,13,6,91,112,54,29,14,20,18,41,127,52,17,52,48,30,10,35,127,102,2,1,0,5,23,64,0,4,2,0,0,0,0,0,0,42,49,48,34,6,5,0,76,79,95,108,93,9,11,41,127,127,52,10,1,6,18,68
