65,33,71,140,26,0,0,7,140,140,59,35,0,0,0,8,110,15,0,0,1,22,14,23,0,0,0,0,28,34,33,8,140,17,48,115,16,0,0,140,46,36,41,77,31,0,0,28,89,14,7,15,6,9,5,50,2,2,11,30,65,40,6,4,140,2,0,19,27,0,0,140,23,6,1,49,61,0,0,2,119,21,3,7,12,1,0,2,5,2,2,10,135,45,0,0,7,0,0,0,0,0,0,2,0,0,0,0,1,0,0,0,4,0,0,0,0,0,0,0,0,0,0,0,9,2,0,0
8,5,0,0,0,0,0,0,108,64,0,0,0,0,0,0,134,68,0,0,0,0,0,0,134,45,2,5,3,0,0,0,26,11,0,0,0,0,0,0,134,64,0,0,0,0,0,15,134,50,0,0,0,0,4,35,134,18,1,0,0,4,59,91,14,14,0,0,0,0,0,1,76,9,0,0,0,0,23,94,32,1,0,0,1,47,93,134,16,0,0,0,3,134,134,122,0,0,0,0,0,0,0,0,0,0,0,0,0,0,5,9,0,0,0,0,3,39,25,24,25,0,0,0,10,134,76,45
0,163,163,0,0,0,0,0,0,123,163,87,1,1,0,0,0,18,163,104,0,0,0,0,0,1,5,0,0,0,0,0,0,82,157,0,0,25,60,0,8,22,107,30,8,48,55,3,101,57,76,17,3,5,5,10,12,5,3,0,0,0,0,1,0,3,41,1,0,21,34,0,8,20,41,0,0,17,34,3,127,19,4,0,0,1,11,53,32,0,0,0,0,0,0,14,0,0,10,0,0,27,37,1,1,1,3,0,0,16,38,4,91,0,0,0,0,1,13,51,57,0,0,0,0,0,0,21
0,0,0,0,2,6,1,1,0,0,0,0,14,83,8,1,21,0,0,0,4,34,20,35,9,0,0,0,103,54,1,8,0,0,0,0,16,39,7,6,8,0,0,0,73,123,11,8,105,3,0,0,10,37,18,59,14,0,0,0,123,108,2,8,0,0,0,0,25,123,3,1,50,6,0,0,60,123,7,8,123,36,0,0,30,23,2,9,13,2,0,0,123,110,0,0,0,0,0,0,26,123,13,1,116,20,0,0,15,91,20,21,123,35,0,0,58,31,0,1,17,2,0,0,123,105,0,1
63,1,7,71,61,0,0,44,68,25,18,119,74,0,0,0,129,41,1,1,0,0,0,0,40,13,1,0,0,0,1,3,129,0,0,29,29,0,0,93,47,10,6,129,102,0,0,4,129,16,3,11,3,0,0,17,54,9,8,1,0,0,0,3,129,0,0,9,8,0,0,129,43,7,16,129,40,0,0,16,129,43,22,38,2,0,0,8,71,7,1,0,0,0,0,2,129,1,0,17,12,0,0,91,96,6,16,41,0,0,0,40,36,32,25,30,1,0,0,1,32,7,0,0,0,0,0,4
184,0,0,0,0,0,0,34,135,1,0,5,35,7,2,9,24,7,0,3,25,3,0,0,7,2,0,4,35,0,0,0,184,2,0,0,0,0,0,55,161,0,0,0,17,22,8,35,43,10,0,1,13,10,0,0,7,3,0,7,47,0,0,0,184,16,0,1,0,0,0,15,184,15,3,9,8,5,1,14,53,10,0,5,10,2,0,0,6,1,0,4,51,1,0,0,184,20,1,4,1,0,0,7,135,4,0,0,2,11,10,20,55,4,0,1,7,3,2,3,4,1,0,2,48,1,0,0
131,11,2,42,74,0,0,9,164,1,0,0,0,1,1,45,55,1,0,1,18,14,3,10,17,4,0,2,14,0,0,0,90,12,4,86,114,0,0,2,164,12,0,1,0,0,0,25,85,8,1,7,8,6,1,8,25,5,0,2,18,0,0,0,52,10,3,104,153,0,0,0,164,20,1,5,1,1,1,15,86,3,0,1,3,10,9,17,31,2,0,1,20,0,0,1,21,11,3,87,135,0,0,0,164,46,3,9,4,0,1,18,72,9,0,0,0,0,4,19,32,0,0,0,18,1,0,1
189,104,1,1,3,0,0,0,61,36,15,82,39,0,0,0,26,133,47,48,13,0,0,0,35,79,0,0,0,0,0,0,189,64,0,0,2,0,0,3,86,11,3,17,54,12,0,5,78,52,6,7,11,2,0,6,18,15,0,0,0,2,3,5,189,100,0,0,2,0,0,1,61,11,0,1,58,8,0,2,96,0,0,0,8,1,1,13,11,0,0,0,0,2,15,10,189,52,0,0,3,1,0,0,28,4,0,0,40,11,0,1,65,8,0,0,4,1,0,5,7,3,4,1,0,1,2,1
135,9,0,11,132,8,0,16,135,0,0,2,21,2,4,81,28,0,1,0,0,16,53,34,0,3,5,6,41,29,63,9,135,6,0,9,135,18,1,12,135,17,0,2,35,6,1,53,66,18,22,5,1,5,6,17,8,46,33,21,32,6,9,6,135,6,1,8,123,19,0,18,135,35,1,4,24,2,0,16,58,16,9,5,3,1,25,38,6,7,1,2,16,19,62,28,135,6,1,10,68,10,1,10,135,14,0,1,14,3,1,36,47,14,7,11,33,18,5,18,0,0,0,2,30,34,26,2
0,0,0,0,0,0,1,5,9,9,0,0,0,0,0,2,37,111,0,0,0,0,0,0,49,130,0,0,31,67,0,0,7,0,0,0,0,0,0,6,51,16,0,0,0,0,0,1,149,96,0,0,2,18,5,13,37,36,0,0,136,149,6,4,15,0,0,0,0,0,0,3,46,0,0,0,0,0,1,19,84,2,0,0,25,100,38,72,4,0,0,0,149,149,13,6,8,0,0,0,0,0,0,3,3,0,0,0,1,15,9,10,1,0,0,0,50,149,28,13,0,0,2,8,149,149,2,0
11,0,0,0,0,0,197,102,3,0,0,0,0,0,197,145,0,0,0,0,0,0,197,129,0,0,0,0,0,0,197,97,49,0,0,0,0,0,1,24,53,3,0,0,0,0,7,32,12,2,1,0,0,0,34,21,0,0,1,0,0,0,58,13,63,10,0,0,0,0,0,5,64,10,0,0,0,0,0,3,23,11,6,0,0,0,0,2,0,2,18,2,0,0,0,0,18,55,3,0,0,0,0,0,15,60,23,0,0,0,0,0,11,45,78,0,0,0,0,0,0,4,96,6,0,0,0,0
47,7,0,0,6,8,43,71,171,1,0,0,0,1,24,115,57,14,0,0,0,0,4,14,2,5,3,3,0,0,1,0,65,5,0,5,54,11,2,16,171,5,0,1,5,2,1,65,127,25,2,0,0,0,0,6,0,5,5,7,0,0,0,0,54,2,0,5,28,16,32,25,171,21,0,1,3,1,2,19,141,44,19,6,0,0,0,1,0,1,7,17,1,0,0,0,26,0,0,0,0,4,55,55,171,20,0,0,0,0,2,117,160,57,45,52,4,0,0,12,0,0,6,60,16,0,0,0
46,15,2,0,0,0,3,41,138,11,0,0,0,3,55,162,93,2,0,0,0,6,64,116,31,4,0,0,2,15,30,47,66,40,3,0,1,0,0,1,108,26,0,0,34,20,17,44,162,13,0,0,2,3,10,75,47,23,2,0,0,0,1,3,75,4,0,0,1,1,10,22,122,14,0,4,55,17,19,20,162,65,1,1,4,1,0,7,46,24,7,3,0,0,0,0,7,0,0,1,1,7,53,26,104,3,0,0,2,6,57,75,162,74,13,5,0,0,0,35,22,25,24,43,6,0,0,0
76,57,8,42,123,2,0,3,123,41,3,4,19,37,5,18,123,12,0,0,11,14,1,6,32,3,0,0,64,24,0,0,42,104,17,27,104,4,0,1,58,61,10,17,72,33,1,9,123,6,0,1,19,13,0,23,25,0,0,0,91,47,0,5,27,56,5,10,49,28,13,5,59,12,0,0,77,122,6,13,123,10,0,0,8,18,3,19,11,0,0,3,123,53,2,2,3,3,14,31,40,48,36,5,77,0,0,13,27,94,28,27,123,0,0,0,0,10,11,50,2,0,0,3,54,123,17,4
0,0,0,0,166,166,26,0,4,0,0,0,24,79,166,30,3,0,0,0,0,0,166,49,0,0,0,0,0,0,166,41,0,0,0,0,166,84,0,0,30,0,0,0,61,15,2,5,27,1,0,0,0,0,5,9,15,0,0,0,0,0,7,8,0,0,0,0,166,77,0,0,35,1,0,0,42,8,0,1,29,1,0,0,0,0,0,2,16,0,0,0,0,0,0,4,0,1,0,2,166,39,0,0,21,15,0,1,19,2,0,0,10,13,3,0,0,0,0,0,7,6,2,0,0,0,0,1
8,0,0,0,0,0,32,160,70,0,0,0,0,0,7,160,50,1,0,0,0,0,1,73,2,0,2,0,1,4,2,3,68,0,0,0,0,0,2,128,160,6,0,0,0,0,0,129,160,11,0,0,0,0,0,20,16,7,7,0,0,0,0,0,71,27,0,0,0,0,0,12,160,106,0,0,0,0,0,12,160,14,0,0,0,0,0,11,28,3,0,0,0,0,0,8,5,19,0,0,0,0,0,0,73,155,2,0,0,0,0,0,67,25,0,0,0,0,0,12,19,0,0,0,0,0,0,19
1,6,19,68,43,24,6,1,47,113,30,7,0,0,1,1,113,113,2,0,0,0,0,6,52,68,9,0,0,0,3,25,37,8,6,2,9,55,62,31,113,71,2,0,0,0,6,42,113,41,0,0,0,0,26,70,26,0,0,0,0,0,26,113,30,24,113,42,0,3,8,10,80,15,20,11,0,0,33,103,34,21,0,0,0,0,96,113,75,21,0,0,0,0,17,93,0,0,77,113,5,3,5,0,3,19,105,66,0,0,3,7,29,113,42,1,0,0,3,11,49,113,0,0,0,0,1,4
1,2,5,103,86,0,5,26,30,43,14,11,3,4,32,83,8,18,50,39,28,15,10,8,14,12,105,31,6,1,0,37,6,10,11,65,119,2,0,0,67,119,49,13,5,0,0,5,15,107,119,6,0,0,0,1,1,86,119,12,0,0,0,0,10,3,18,84,94,0,0,2,119,36,32,13,3,0,0,37,119,60,24,0,0,0,0,30,71,87,41,2,0,0,0,0,31,3,65,84,5,0,0,32,22,35,119,20,0,0,0,3,90,88,25,0,0,0,0,6,84,41,0,0,0,0,0,0
34,3,10,126,61,0,0,3,0,62,152,152,35,0,0,0,2,152,152,1,0,0,0,0,1,122,77,0,0,0,0,0,35,0,1,17,17,3,8,35,5,14,39,45,21,2,1,2,40,41,18,1,0,0,0,8,10,10,3,0,0,1,2,6,30,0,0,0,1,0,6,49,14,2,1,12,10,14,10,8,23,3,0,2,0,4,38,15,5,0,0,0,0,10,50,9,15,0,0,0,0,11,36,45,7,0,0,0,1,152,129,12,0,0,0,0,0,56,152,46,0,0,0,0,0,5,152,70
14,57,77,6,0,0,0,1,46,104,60,14,1,0,5,21,4,74,81,27,2,1,3,2,1,34,50,67,14,6,2,0,10,3,6,9,6,4,2,6,57,10,3,3,4,6,55,119,125,65,18,24,22,7,22,52,9,20,12,37,84,85,34,2,0,0,0,0,11,17,3,0,99,3,0,0,12,15,8,18,148,51,5,33,49,0,1,12,31,31,10,119,148,12,4,0,0,0,0,0,12,10,2,0,105,9,0,0,14,8,0,3,148,51,3,19,25,0,0,1,29,18,12,140,114,0,0,0
1,0,0,8,122,72,9,1,5,12,6,1,44,72,122,8,3,8,21,6,0,30,122,22,2,2,2,1,1,4,118,41,10,0,0,8,122,75,14,31,90,62,17,6,103,30,5,8,12,25,53,46,19,16,5,3,0,2,9,9,31,18,9,1,7,0,3,32,122,64,13,19,99,10,2,1,60,23,15,56,10,5,11,9,17,86,41,17,0,11,23,1,14,27,17,0,5,14,5,73,122,23,0,0,36,122,79,13,26,6,2,5,1,33,122,39,2,7,3,1,0,56,122,2,0,0,0,0
0,0,4,53,6,7,115,85,0,0,28,130,14,7,61,44,2,43,67,69,14,7,7,3,1,13,25,37,52,26,6,1,5,3,2,91,48,9,56,41,85,19,3,21,15,9,79,109,15,4,3,25,87,39,17,10,0,0,0,5,69,58,9,0,2,3,6,130,23,0,0,0,43,13,5,100,20,10,53,36,5,0,0,3,33,69,130,10,0,0,0,2,36,66,34,0,0,0,34,130,2,0,0,0,0,0,13,130,34,5,8,0,0,0,0,127,48,26,70,0,0,0,0,8,15,52,82,0
0,0,0,0,48,129,0,0,0,0,3,3,21,129,12,0,96,47,5,2,3,73,33,11,112,56,0,0,21,85,3,6,6,0,0,0,43,129,13,4,49,33,51,10,10,105,10,12,96,99,81,10,4,25,14,11,50,21,0,3,62,129,12,7,46,0,0,0,6,129,35,28,123,9,5,0,0,6,32,80,15,8,13,2,2,29,93,38,7,2,4,55,61,46,14,12,65,0,0,0,0,27,16,50,41,0,0,0,0,3,31,75,4,0,0,0,0,9,71,44,4,0,0,7,16,35,67,30
0,0,0,0,65,56,0,0,6,0,0,0,70,90,5,10,116,3,0,0,10,22,10,98,17,0,0,0,116,106,5,19,0,0,0,0,102,111,0,0,26,3,3,2,62,116,10,9,116,12,1,0,28,37,9,28,19,1,0,0,116,106,0,3,2,1,0,0,116,116,1,1,36,47,51,7,33,52,3,8,116,42,25,2,28,42,13,21,3,1,4,30,107,60,3,3,9,0,0,0,74,116,7,15,49,9,5,0,1,11,21,69,5,5,5,1,3,38,52,19,4,1,7,37,21,19,19,15
0,1,40,102,0,0,0,0,139,72,16,17,0,0,0,2,139,98,0,0,0,0,0,11,19,9,0,0,0,0,0,1,0,0,86,139,0,0,0,0,139,42,90,118,0,0,0,14,139,25,6,1,0,0,0,72,17,0,0,0,0,0,0,5,0,0,53,136,0,0,0,0,17,40,139,139,0,0,0,0,121,112,46,5,0,0,0,7,7,1,0,0,0,0,0,0,0,0,9,18,0,0,0,0,0,18,53,26,0,0,0,0,1,41,23,0,0,0,0,0,0,0,0,0,0,0,0,0
7,17,8,61,121,0,0,0,108,93,4,6,2,0,0,0,127,72,0,0,0,0,0,0,46,17,0,0,0,0,0,0,7,14,14,127,105,7,1,1,127,67,6,19,15,4,2,18,127,38,0,0,0,0,0,6,54,1,0,0,0,0,0,9,10,7,6,86,127,45,1,4,127,25,8,21,48,18,3,44,127,3,0,0,0,0,0,20,49,0,0,0,0,0,0,14,4,6,9,127,109,1,0,0,78,36,22,84,31,0,0,1,116,5,0,0,0,0,0,9,32,0,0,0,0,0,0,15
9,28,19,133,133,31,0,0,133,133,18,24,12,4,0,2,133,47,0,0,0,0,0,0,63,9,0,0,0,0,0,0,11,12,6,63,133,107,3,0,133,88,6,12,18,3,0,5,117,44,0,0,0,0,0,15,56,5,0,0,0,0,0,19,18,4,0,1,84,133,3,1,133,9,0,0,4,2,0,42,78,2,0,0,0,0,0,78,49,0,0,0,0,0,0,40,17,1,0,0,11,30,5,8,92,3,0,0,0,0,0,18,68,0,0,0,0,0,0,54,35,0,0,0,0,0,0,46
6,0,0,0,0,1,53,146,39,0,0,1,3,0,15,146,6,0,3,11,7,0,7,65,0,0,1,1,0,0,3,3,4,0,0,0,0,0,1,23,59,3,0,0,0,0,0,146,146,12,4,4,0,0,0,146,10,1,2,1,0,0,0,3,1,1,1,1,0,0,0,0,132,91,0,0,0,0,0,20,146,146,0,0,0,0,0,28,10,3,0,0,0,0,0,0,4,4,17,37,0,0,0,0,146,121,2,2,0,0,0,0,144,106,0,0,0,0,0,1,0,0,0,0,0,0,0,0
11,0,0,0,52,133,7,2,133,13,0,0,3,45,19,22,113,38,3,0,0,0,6,59,16,37,36,1,0,0,30,55,26,5,0,4,88,77,0,0,133,24,0,0,3,2,1,6,133,31,2,0,0,4,48,65,22,25,29,2,0,3,133,51,13,18,25,41,35,5,0,0,133,56,12,3,1,2,5,15,27,2,6,14,9,58,83,25,3,7,11,4,1,28,133,24,0,22,123,17,1,0,0,0,12,82,102,6,0,0,0,0,1,9,84,67,7,9,2,0,1,28,100,19,1,4,4,2
6,1,0,33,123,21,6,12,123,10,1,6,8,4,6,75,123,28,16,5,0,0,0,20,33,37,14,24,16,0,0,2,3,7,7,83,109,25,8,0,123,77,13,26,7,1,1,11,123,47,0,0,0,0,0,10,61,42,8,13,3,0,0,3,1,1,1,8,14,43,123,13,74,11,2,3,2,6,54,123,123,22,0,0,0,0,0,88,96,63,7,4,0,0,0,13,10,20,28,3,0,2,59,16,113,28,3,0,0,0,12,57,123,1,0,0,0,0,0,91,90,0,0,0,0,1,7,73
123,37,0,0,0,0,0,2,107,72,8,0,0,0,0,4,16,27,69,44,0,0,0,2,0,14,83,44,0,0,0,0,130,6,0,0,0,0,0,49,130,12,0,0,0,0,0,42,103,18,19,11,5,0,0,29,4,3,26,28,50,25,1,0,130,0,0,0,0,0,0,105,130,24,0,0,0,0,0,35,127,37,0,2,11,8,7,16,3,2,0,3,122,49,3,0,92,0,0,0,0,0,1,130,87,1,0,0,0,0,10,130,29,1,0,0,1,18,73,95,0,0,0,0,34,76,24,3
38,0,0,0,0,12,7,42,174,0,0,0,0,0,0,174,56,0,0,4,6,8,2,33,20,0,0,0,0,0,1,9,44,2,0,0,0,0,0,5,174,21,0,0,0,0,0,32,133,3,0,0,11,13,1,19,35,0,0,0,0,0,0,10,38,26,7,0,0,0,0,2,174,78,4,0,0,0,0,19,122,15,1,12,17,4,0,11,8,0,0,1,1,0,0,10,3,174,104,0,0,0,0,0,80,174,62,0,0,0,0,0,27,30,1,4,0,0,0,0,0,0,0,0,0,0,0,0
0,4,5,2,1,144,62,0,107,12,8,6,0,27,37,10,144,60,73,38,0,0,1,11,3,3,114,144,6,0,0,0,0,11,19,7,2,7,1,0,120,17,8,12,2,0,0,8,144,13,5,4,0,1,10,97,12,1,11,50,40,54,27,21,0,7,22,16,3,0,0,0,91,33,15,9,2,0,0,1,144,110,22,1,0,0,4,24,8,17,88,47,17,28,12,6,0,4,12,7,3,0,0,0,89,40,12,9,3,0,0,0,144,100,13,0,0,0,1,2,10,12,65,9,0,1,13,2
56,0,0,2,0,0,4,65,158,4,0,0,0,0,0,44,68,4,1,6,60,9,0,1,0,0,0,1,60,19,0,0,62,1,1,58,5,0,0,38,158,2,0,0,1,0,0,59,95,0,0,0,96,23,0,3,0,0,0,0,72,35,0,0,34,23,20,130,10,0,0,1,158,99,10,9,4,1,0,5,75,10,0,0,108,35,0,1,0,0,0,0,63,40,0,0,4,47,114,43,1,0,0,0,87,158,34,5,14,0,0,0,13,15,1,3,130,29,0,0,0,0,0,1,36,37,2,0
130,83,0,0,0,0,0,0,135,72,0,0,0,0,0,0,121,72,0,0,0,0,0,0,46,42,6,0,0,0,0,3,114,89,0,0,0,0,0,3,135,35,0,0,0,0,0,2,135,17,0,0,0,0,0,8,64,4,0,0,0,0,9,29,135,9,0,0,0,0,0,61,135,19,0,0,0,0,0,14,135,12,0,0,0,0,0,31,29,1,0,0,0,0,9,31,135,1,0,0,0,0,0,114,135,25,0,0,0,0,0,34,91,44,1,0,0,0,0,9,18,22,7,0,0,0,0,3
155,12,2,16,17,0,17,93,97,3,0,0,0,0,47,100,52,10,0,0,4,8,1,10,0,0,0,2,46,19,0,0,144,25,8,29,24,9,17,81,155,2,0,0,0,0,19,93,104,2,0,0,12,13,0,8,1,1,3,14,22,8,0,0,155,5,0,0,13,47,15,87,155,36,0,0,0,0,0,17,90,11,0,1,10,3,0,1,1,0,0,0,2,0,0,0,155,5,0,1,21,24,4,78,155,16,0,0,0,0,0,13,18,3,0,0,0,0,0,0,0,0,0,0,0,0,0,0
49,94,71,4,0,0,0,0,127,45,5,0,0,0,0,9,121,17,25,95,8,0,0,9,64,19,73,127,17,0,0,30,5,83,127,2,0,0,0,0,127,93,88,0,0,0,0,12,127,19,9,6,0,0,0,51,30,34,60,44,0,0,0,4,57,101,39,0,0,0,0,2,16,72,127,7,0,1,0,0,94,44,27,3,0,2,9,23,61,19,0,0,0,0,7,45,106,52,2,0,0,0,0,1,19,17,8,3,13,37,3,0,5,2,2,1,3,49,58,31,43,0,0,0,0,0,18,99
0,0,0,0,37,75,21,4,13,25,9,8,32,18,1,3,60,94,2,0,0,0,0,7,45,83,4,0,0,0,0,2,0,0,0,0,2,31,87,40,35,7,0,0,1,6,24,45,123,29,0,0,0,0,0,51,83,22,0,0,0,0,2,57,22,0,0,0,0,0,72,132,112,16,0,0,0,0,17,82,110,49,0,0,0,0,27,40,32,9,0,0,0,22,45,40,20,0,0,0,0,0,71,132,32,1,0,0,0,0,132,132,13,1,0,0,0,0,132,132,0,0,0,0,0,85,132,40
15,68,100,2,0,0,0,13,108,95,29,0,0,0,0,24,164,57,0,0,0,0,0,2,41,17,0,0,0,2,0,0,1,35,65,18,12,9,10,3,84,48,20,0,0,0,16,32,164,51,1,0,0,0,0,11,36,14,3,6,14,3,0,0,0,0,0,1,16,62,46,16,145,1,0,0,0,0,20,59,164,36,1,1,2,0,0,7,29,12,2,10,47,8,0,0,1,0,0,0,2,44,62,37,161,0,0,0,0,0,11,108,164,29,3,7,2,0,0,19,24,10,4,42,54,1,0,0
0,0,1,28,27,101,90,0,40,1,2,1,0,47,89,35,133,0,0,0,0,1,7,55,62,1,0,0,0,20,23,38,0,0,22,133,75,12,4,0,60,12,58,70,1,2,4,13,133,17,7,1,0,0,7,53,51,59,0,0,0,16,38,24,0,0,11,104,84,67,12,0,8,15,132,94,7,1,1,4,79,133,65,9,0,0,1,7,39,133,3,0,0,0,3,3,6,0,0,0,2,37,56,22,33,36,14,3,0,1,5,25,39,133,20,2,0,0,0,1,8,95,6,0,0,0,1,0
0,0,5,47,23,22,19,15,0,0,0,14,18,16,86,75,1,0,0,0,0,1,95,117,2,0,1,1,0,0,44,79,0,0,0,2,7,110,117,0,5,0,0,4,10,114,117,16,70,0,0,0,0,11,91,111,14,0,0,0,1,8,94,105,0,0,0,43,45,77,55,0,56,21,0,4,5,46,63,12,117,63,7,2,0,3,8,18,14,4,4,10,20,24,12,6,0,1,4,117,54,1,0,0,55,117,19,40,12,1,0,1,45,117,65,27,0,0,0,0,0,5,26,105,30,2,0,0
6,0,0,0,54,26,25,48,110,41,0,1,62,16,1,3,70,36,0,0,0,0,0,3,1,1,0,2,6,2,0,1,53,0,0,0,11,43,54,154,154,16,0,0,9,34,15,24,87,18,6,0,0,0,1,5,1,4,5,9,3,0,0,1,109,0,0,15,37,4,8,154,154,9,0,0,0,1,2,102,108,12,3,0,0,0,0,5,1,2,5,7,0,0,0,0,152,5,1,66,96,0,1,94,154,10,0,0,0,0,0,60,86,5,0,0,0,0,10,8,1,0,0,0,0,0,6,5
138,44,4,0,0,0,0,2,138,5,0,0,0,0,0,4,138,5,0,0,0,0,0,4,61,20,4,0,0,0,0,0,138,89,63,10,0,0,0,2,138,29,1,0,0,0,0,4,138,12,0,0,0,0,0,4,105,12,0,0,0,0,0,2,11,51,138,32,0,0,0,0,129,67,26,1,0,0,0,12,138,4,0,0,0,0,0,84,64,2,0,0,0,0,4,72,0,2,82,39,0,0,0,0,10,13,72,23,0,0,0,3,27,5,22,5,0,0,1,70,7,0,1,0,0,0,15,116
1,2,2,9,23,83,120,5,33,0,0,0,1,19,128,128,88,5,3,2,0,0,8,128,13,10,6,50,11,0,0,7,8,11,85,128,54,19,8,6,71,18,103,98,3,5,7,78,128,45,10,3,0,0,0,87,42,33,8,21,9,0,4,11,43,9,58,75,0,0,0,13,13,27,128,128,0,0,0,3,128,98,85,21,0,0,3,21,20,2,3,1,2,1,21,57,40,9,0,0,0,0,0,13,6,8,17,10,0,0,0,4,1,8,37,6,0,0,0,1,1,2,19,4,0,0,2,10
23,73,1,0,0,1,8,11,2,12,3,2,38,29,20,7,16,0,0,0,27,22,9,10,12,0,0,0,0,2,1,7,7,7,0,0,5,97,49,12,9,0,0,0,8,136,136,25,108,8,0,0,4,29,99,104,25,1,0,0,1,2,4,14,1,0,0,10,115,136,9,1,82,9,0,4,30,136,46,18,136,66,0,0,1,12,16,34,22,7,0,0,1,14,18,4,1,0,1,115,117,11,0,1,63,71,44,83,34,23,3,8,136,81,6,0,0,20,17,17,3,0,0,0,0,47,58,1
6,82,189,17,0,0,0,0,6,16,189,129,0,0,0,5,0,63,189,49,0,0,0,0,0,133,189,0,0,0,0,0,36,30,8,0,0,0,0,6,29,8,29,6,0,0,0,43,60,35,83,7,0,0,0,19,8,25,83,4,8,3,0,2,19,11,13,0,0,0,1,19,39,39,1,0,0,0,0,14,93,28,0,0,0,0,1,14,17,1,0,4,8,6,4,7,1,18,61,13,1,0,0,1,9,48,12,2,3,3,2,1,13,8,0,0,8,14,27,38,2,0,0,0,0,117,65,23
11,18,2,4,68,99,12,2,28,39,5,5,57,29,2,3,77,89,2,4,29,13,17,12,67,124,28,3,3,27,8,5,6,14,65,62,36,43,5,0,36,26,15,16,57,62,3,3,137,73,0,1,20,26,16,37,47,27,0,0,2,137,75,22,6,21,67,55,83,43,2,2,20,12,9,32,137,50,0,1,115,20,2,3,11,21,11,28,3,0,8,15,19,65,21,6,4,1,132,137,93,57,2,2,8,32,13,35,62,32,0,1,23,73,14,7,2,0,0,2,0,4,20,42,8,4,0,0
13,0,0,9,145,19,0,4,148,0,0,3,36,4,1,45,17,0,0,4,95,26,1,8,0,0,0,148,148,6,0,0,9,1,0,14,134,33,0,1,148,10,1,9,41,3,0,23,35,2,0,21,97,6,0,4,0,0,0,132,148,0,0,0,4,2,3,44,50,12,1,3,134,25,8,31,17,2,0,8,30,1,0,2,79,25,1,6,0,0,0,76,143,5,0,0,15,8,4,10,12,5,1,3,30,21,9,14,8,3,1,4,9,2,0,0,55,15,0,1,0,0,0,20,30,2,0,0
56,3,1,0,0,0,1,44,13,3,1,0,0,0,0,2,31,3,0,1,1,0,0,1,3,3,1,5,5,1,0,1,169,0,0,0,0,0,0,169,16,1,0,0,0,0,1,14,52,5,0,1,4,0,0,2,5,1,0,3,27,10,5,6,169,0,0,0,0,0,0,169,65,1,0,0,0,0,0,66,60,9,0,3,5,0,0,3,6,2,0,14,68,4,2,6,169,0,0,0,0,0,0,169,169,0,0,0,0,0,0,155,48,0,0,0,2,0,0,22,8,0,0,16,64,1,0,4
26,12,3,91,143,5,0,1,113,22,0,15,40,4,0,8,44,33,0,0,0,0,0,0,0,0,0,0,0,0,0,0,15,14,14,18,149,85,1,5,149,8,0,1,70,36,2,33,109,27,0,0,0,0,0,2,3,1,0,0,0,0,0,0,15,6,7,23,149,120,0,1,149,35,3,7,42,17,1,14,127,12,2,0,0,0,0,8,1,2,9,3,0,0,0,0,2,9,28,102,149,24,0,0,87,80,41,28,6,0,0,1,85,17,2,0,0,0,0,14,8,6,20,2,0,0,0,2
0,0,0,0,3,0,0,0,2,0,0,1,25,19,0,0,81,32,0,0,3,8,0,2,44,20,0,0,3,64,14,5,0,0,0,0,11,9,0,0,13,0,0,0,43,52,3,5,140,12,0,0,7,9,2,9,25,2,0,2,140,140,6,2,0,0,0,0,2,22,58,0,37,1,0,0,11,61,92,42,140,11,0,1,9,2,2,24,15,0,0,71,140,15,0,2,0,0,0,0,0,2,140,46,97,0,0,0,0,4,140,140,140,0,0,0,0,0,1,113,8,0,0,64,88,0,0,14
20,37,5,0,67,73,0,0,120,93,2,0,3,30,36,19,150,39,0,0,0,17,45,44,25,12,0,0,0,0,0,0,40,67,14,0,30,41,9,13,77,29,5,0,18,150,42,28,150,12,0,0,0,33,23,79,22,1,0,0,0,0,0,2,20,3,0,0,15,76,80,45,147,28,0,6,29,150,32,12,150,57,0,0,0,7,3,23,2,0,0,0,0,0,0,0,4,11,8,4,8,16,19,3,103,23,3,18,24,5,3,13,132,12,0,0,0,0,0,38,0,0,0,0,0,0,0,0
9,35,19,11,2,1,0,0,109,10,14,14,8,3,1,54,56,0,0,0,0,0,0,48,0,0,0,0,0,0,0,0,17,50,51,25,8,0,0,4,42,10,23,94,68,5,3,53,125,17,5,7,2,0,1,74,0,0,0,0,0,0,0,0,54,9,9,10,1,0,17,78,25,29,97,122,11,0,6,48,115,112,67,24,0,0,0,4,7,3,0,0,0,0,0,0,9,13,159,127,1,3,40,71,39,12,159,106,0,0,17,159,36,34,37,9,2,18,34,56,0,2,3,0,1,10,7,0
0,0,0,0,1,112,18,0,40,16,0,0,3,117,28,7,71,31,0,0,43,79,4,6,40,30,0,0,72,117,0,0,6,0,0,0,0,89,48,15,117,42,0,0,5,59,53,64,60,33,0,0,117,117,2,3,117,96,0,0,43,80,1,1,3,0,0,0,0,0,2,3,95,2,0,0,8,29,11,29,35,53,15,5,111,117,9,7,117,112,5,0,14,66,32,4,0,0,0,0,0,0,0,0,0,0,0,0,0,1,0,0,1,26,14,3,10,4,0,0,6,23,6,14,115,76,15,0
1,0,0,0,1,3,0,6,0,0,0,0,0,1,0,0,0,0,0,0,0,0,0,0,0,0,0,0,0,0,0,0,56,20,2,7,83,51,5,32,139,27,8,23,26,20,4,22,14,25,28,139,51,0,0,0,23,54,15,12,1,0,0,0,41,45,7,53,139,4,0,2,139,12,2,24,68,2,0,18,65,41,23,131,139,0,0,2,107,139,15,16,6,0,0,0,14,7,1,44,139,0,0,0,139,6,0,16,54,0,0,7,72,23,5,47,79,0,0,1,89,63,3,5,3,0,0,0
31,0,0,0,0,0,0,56,3,0,0,0,2,8,1,8,1,0,0,0,0,1,0,0,0,0,0,0,0,0,0,0,141,104,16,4,4,1,0,107,56,20,2,7,105,63,6,24,141,27,7,16,19,17,4,17,9,13,17,98,41,0,0,0,66,141,25,12,20,0,0,0,42,31,7,49,141,5,0,2,141,16,2,15,46,1,0,8,38,20,14,84,116,0,0,1,69,87,3,9,32,0,0,0,22,5,1,39,141,0,0,0,141,9,0,9,35,0,0,1,40,13,2,27,64,0,0,0
2,0,0,0,122,80,0,1,11,0,0,0,0,2,1,2,5,0,0,0,0,2,1,1,13,0,0,0,0,0,0,0,9,2,0,14,186,45,0,0,41,3,0,2,2,2,0,2,82,1,0,8,9,6,2,8,186,13,0,0,0,0,0,15,5,1,0,46,186,0,0,0,38,4,0,2,3,0,0,1,89,2,0,10,16,0,0,5,186,23,0,0,0,0,0,20,1,1,0,54,186,0,0,0,21,12,1,3,3,0,0,0,54,4,1,12,11,0,0,2,186,10,0,0,0,0,0,30
0,0,0,0,2,12,10,2,0,0,0,0,43,119,4,0,45,1,0,0,17,69,19,31,26,0,0,0,74,58,3,17,0,0,0,0,15,99,1,0,9,0,0,0,43,128,8,4,128,20,0,0,14,50,9,14,34,6,0,0,128,89,0,1,0,0,0,0,17,128,4,0,58,2,0,0,13,128,75,58,128,32,0,0,29,23,9,49,19,4,0,0,128,120,0,1,0,0,0,0,0,8,1,0,43,0,0,0,0,20,30,50,123,2,0,0,27,32,12,83,14,14,3,3,128,82,4,3
1,1,15,24,0,0,0,0,31,34,40,27,0,0,0,0,120,15,1,0,0,0,0,8,40,0,0,0,0,0,0,7,64,13,56,106,5,0,0,65,55,53,112,129,18,0,0,3,129,30,9,9,0,0,0,22,94,3,0,0,0,0,0,11,129,0,1,21,6,0,0,129,32,4,7,129,39,0,0,35,129,12,10,53,6,0,0,34,106,6,1,0,0,0,0,29,90,0,1,49,11,0,0,120,79,0,3,50,8,0,0,115,49,17,34,67,4,0,0,10,93,11,4,0,0,0,0,17
17,7,2,37,34,0,0,0,128,16,0,1,0,0,0,3,128,2,0,21,70,0,0,7,2,1,0,30,113,0,0,0,14,4,1,40,63,2,0,1,128,11,0,4,4,0,0,7,128,2,0,22,63,0,0,16,10,4,0,47,128,0,0,0,8,2,0,4,29,22,43,23,113,23,0,1,3,2,36,51,128,8,0,10,41,4,15,85,21,11,0,37,128,8,3,6,0,0,1,13,13,25,128,20,22,1,0,0,0,16,128,102,74,6,0,0,6,7,60,128,30,32,13,5,47,21,15,25
13,1,0,10,26,0,0,0,18,1,0,4,5,0,0,1,152,0,0,5,7,0,0,23,171,24,0,0,0,0,0,34,8,4,1,27,63,0,0,0,24,10,1,5,2,0,0,0,133,2,1,14,10,0,0,22,171,8,0,0,0,0,0,87,5,3,0,28,119,0,0,0,21,7,0,1,4,1,1,4,66,0,0,3,20,5,0,22,171,0,0,0,0,0,0,171,0,0,0,21,147,8,5,3,4,0,0,0,2,3,9,27,13,4,2,1,14,6,2,12,147,30,1,0,1,0,0,132
25,1,0,2,147,4,0,1,147,8,0,0,37,1,0,4,87,13,17,32,0,0,0,0,1,1,52,147,0,0,0,0,21,5,0,8,147,4,0,1,147,10,0,0,49,2,0,6,125,10,0,0,0,0,0,2,10,2,9,22,0,0,0,1,13,4,0,10,147,6,0,1,147,1,0,0,52,2,0,17,125,3,0,0,0,0,0,7,13,1,0,0,0,0,0,2,9,0,0,1,147,5,0,0,147,1,0,0,41,1,0,7,108,6,0,0,0,0,0,2,8,4,0,0,0,0,0,0
61,15,1,34,70,0,0,1,149,41,1,3,3,2,6,18,149,39,1,2,3,3,4,8,53,12,0,3,99,22,1,2,52,22,6,56,84,0,0,9,149,25,4,3,3,0,17,78,149,11,0,0,2,10,10,31,39,1,1,1,81,80,5,8,12,41,9,48,90,0,0,1,96,72,17,5,6,13,4,19,149,33,2,7,12,6,2,8,18,16,9,27,52,26,1,0,13,10,1,17,74,6,0,1,101,7,0,1,24,59,11,24,149,32,5,13,1,2,2,16,14,17,33,61,5,0,0,0
0,0,0,0,28,22,0,0,1,2,0,0,70,82,2,1,130,41,0,0,19,36,9,33,64,12,2,3,9,84,14,11,0,0,0,0,21,121,0,0,22,4,0,0,38,130,9,9,130,61,0,0,13,56,14,42,21,8,0,0,38,130,16,6,0,0,1,0,22,130,3,0,74,28,4,1,4,125,27,13,127,27,0,0,21,130,15,25,1,1,0,0,40,130,4,2,19,7,7,1,8,107,14,11,45,50,27,2,4,23,14,9,25,11,0,5,48,130,8,3,0,7,4,1,16,38,0,0
0,0,0,0,29,4,1,2,12,1,0,1,127,9,0,0,119,6,0,0,22,2,0,1,13,0,0,0,34,25,5,11,0,0,0,0,25,9,28,101,19,1,0,0,138,19,4,3,140,6,0,0,31,2,0,1,12,1,1,5,93,10,1,4,24,0,0,0,3,6,79,140,27,0,0,0,42,43,82,83,140,6,0,2,17,3,4,19,10,4,13,27,53,0,0,0,108,140,14,0,0,0,12,140,69,36,30,3,0,2,55,111,140,9,1,0,5,0,3,41,10,1,2,6,24,3,1,1
16,92,8,2,44,64,6,1,47,4,2,1,11,39,27,73,32,5,4,14,7,39,27,31,33,13,56,52,34,20,4,3,18,10,0,0,70,123,13,4,123,29,1,1,14,44,15,47,68,36,7,14,4,13,17,17,55,34,0,1,123,58,1,1,16,11,38,25,30,84,5,0,120,17,13,9,7,14,52,54,123,10,0,1,3,10,88,70,72,7,0,7,123,57,0,6,0,34,67,60,3,0,0,0,12,11,16,103,41,11,15,5,123,75,2,7,16,10,15,17,48,16,0,0,123,77,0,0
22,60,37,18,0,0,0,6,5,6,150,142,10,7,1,2,7,14,150,71,8,1,0,2,1,8,150,107,56,5,1,1,19,2,0,0,3,11,20,72,12,1,2,5,13,54,17,28,68,8,8,8,40,9,3,16,5,1,2,18,150,64,12,3,56,1,0,0,16,22,18,69,49,10,9,8,4,12,7,24,90,12,2,6,39,2,1,12,6,0,2,83,150,16,1,0,70,1,0,0,17,11,3,39,37,1,1,1,0,21,55,44,71,0,0,2,19,7,18,58,10,0,3,48,150,1,0,3
23,0,0,0,0,0,24,140,3,0,0,0,21,29,60,90,81,7,0,0,11,10,8,11,33,4,0,7,31,0,0,0,134,140,13,0,0,0,4,140,55,36,21,1,0,2,62,140,140,9,2,0,0,1,15,63,45,1,0,5,22,1,0,1,44,140,45,0,0,0,0,0,21,87,125,40,1,0,0,6,140,69,20,7,0,0,0,6,37,5,0,1,22,5,0,0,75,94,3,0,0,2,22,13,7,18,17,21,11,27,49,5,51,17,4,4,2,3,42,41,11,1,0,1,7,2,42,18
93,7,6,0,0,3,0,40,145,8,11,6,3,8,10,132,4,3,43,70,100,34,8,9,34,74,86,42,40,1,0,1,62,10,18,5,0,0,0,8,145,48,10,0,0,0,1,46,44,57,145,22,8,4,5,5,0,56,145,9,1,1,11,0,29,22,22,8,0,0,0,0,145,51,4,0,0,0,0,27,96,19,14,6,1,10,17,17,1,3,8,6,1,9,39,2,5,90,34,0,0,0,0,0,145,145,8,0,0,0,0,5,49,26,8,10,3,9,7,5,1,0,3,11,10,25,7,0
21,7,0,0,1,0,0,1,157,33,0,0,0,0,0,1,157,46,0,0,0,0,0,6,45,14,0,0,0,0,0,10,41,3,1,1,5,4,0,4,157,7,0,0,0,0,0,22,157,5,0,0,0,0,0,34,51,0,0,0,0,1,3,19,23,3,1,3,5,3,0,9,157,32,0,0,0,0,0,19,157,68,0,0,0,0,0,3,45,8,0,1,4,2,0,1,13,42,2,0,2,4,0,0,154,157,0,0,0,0,0,0,157,124,0,0,0,0,0,0,11,17,4,3,0,0,0,0
38,16,0,7,52,23,0,0,117,88,6,0,0,0,0,0,11,21,21,43,12,7,6,1,0,0,0,38,46,45,8,0,52,28,20,144,41,2,0,0,144,81,11,3,0,0,0,4,25,23,31,91,7,0,0,2,0,0,3,144,36,0,0,0,9,11,20,144,144,0,0,0,128,20,10,20,14,1,1,62,29,1,2,13,7,20,29,49,0,0,2,92,22,5,12,18,0,0,0,144,144,0,0,0,16,2,9,44,46,3,2,51,8,1,3,1,2,23,45,51,10,0,0,6,6,9,22,66
1,12,25,100,11,0,0,0,45,75,14,7,0,0,0,0,115,59,0,0,0,0,0,0,86,36,0,0,0,0,0,0,3,15,36,115,13,0,0,0,28,65,21,38,9,0,0,4,115,52,0,0,0,0,0,3,115,6,0,0,0,0,0,3,21,10,10,89,68,28,12,17,24,3,0,41,83,47,17,49,115,4,0,0,0,0,2,62,115,3,0,0,0,0,0,10,5,0,0,1,16,115,115,30,44,0,0,1,23,115,115,113,115,0,0,0,0,0,3,115,92,3,0,0,0,0,0,36
20,12,0,0,0,0,0,2,105,16,0,0,0,0,0,25,123,2,0,1,54,36,4,46,0,0,0,4,129,129,51,9,42,22,0,0,0,0,0,14,112,35,0,0,0,0,0,3,129,4,0,26,77,3,0,13,4,0,0,129,129,20,9,6,78,1,0,0,0,0,0,27,122,13,0,0,0,0,0,5,129,2,0,16,23,0,0,18,12,0,0,129,129,0,0,2,63,0,0,0,0,0,0,30,87,3,0,0,0,0,0,30,96,0,0,1,4,1,1,37,8,0,0,44,129,5,2,12
6,0,0,0,0,0,0,0,22,10,25,35,0,0,0,1,6,50,56,60,2,1,0,0,1,7,17,98,53,4,0,0,75,23,4,3,4,1,0,3,140,79,45,44,0,0,0,8,15,21,63,140,20,4,0,1,0,1,1,96,126,23,1,0,98,12,3,29,22,6,1,14,140,20,4,5,0,0,5,62,38,4,7,131,59,41,27,31,0,0,0,140,140,21,0,0,55,13,7,83,37,0,0,1,140,16,2,1,0,0,4,18,21,6,18,28,23,42,20,10,0,0,12,67,81,30,1,0
25,0,0,0,0,54,87,24,94,14,1,1,0,3,14,29,94,4,1,4,3,1,1,88,156,0,0,0,0,0,0,156,103,1,0,0,0,6,18,20,156,33,6,7,5,0,0,10,36,14,10,36,66,2,2,43,89,2,1,1,4,0,8,156,110,13,1,0,1,0,0,8,156,8,0,4,7,0,0,26,39,6,32,53,54,0,0,6,21,6,18,22,30,3,11,67,61,42,2,0,0,0,0,1,156,16,1,0,0,0,0,42,47,4,12,11,18,10,2,32,27,8,4,12,61,29,4,8
2,3,0,0,0,1,3,0,35,142,3,0,0,1,2,0,11,142,73,0,0,0,1,0,1,120,82,0,0,0,2,1,24,17,3,0,0,0,1,1,142,142,0,0,0,1,0,15,76,142,7,0,7,40,35,12,1,10,6,0,1,16,78,18,29,9,2,0,0,0,0,5,142,12,0,0,0,2,4,142,47,4,4,5,22,33,42,137,14,37,12,6,4,6,29,23,14,5,1,0,0,0,0,5,55,3,0,0,0,0,1,91,20,0,0,0,0,0,35,142,65,4,1,0,0,0,11,84
5,76,25,1,0,0,0,0,15,135,135,2,0,0,2,3,1,31,135,122,0,0,2,6,0,0,66,135,0,0,0,0,69,135,8,0,0,0,0,0,89,135,16,5,5,7,24,21,63,11,42,53,1,2,18,54,7,1,17,135,28,0,0,1,25,135,76,0,0,0,0,0,30,65,40,37,14,8,1,1,84,5,7,17,8,10,8,60,17,0,1,69,21,0,0,25,0,58,48,0,0,0,0,0,0,14,23,11,90,29,1,0,36,16,2,4,42,32,16,55,53,9,0,6,8,0,0,37
2,0,0,0,19,94,28,18,88,20,0,0,2,13,8,100,100,12,0,0,58,113,26,122,21,46,3,1,70,109,4,1,12,1,0,2,24,24,40,33,122,93,4,1,8,9,18,37,51,55,8,4,92,122,19,26,21,41,5,0,17,87,55,25,34,10,4,21,49,9,8,10,122,9,1,6,19,51,27,100,21,3,2,2,86,122,47,25,20,7,4,3,5,68,88,17,8,10,51,55,44,5,0,4,48,3,1,22,28,16,12,82,9,7,34,19,27,35,8,14,17,19,27,15,4,2,1,0
5,0,2,15,25,26,25,11,18,13,53,79,11,2,9,23,17,2,18,49,13,10,19,44,44,3,1,7,8,3,6,99,38,15,4,0,2,27,23,11,128,62,46,80,13,1,2,15,15,19,38,128,87,2,5,10,30,30,37,15,5,0,2,21,50,114,39,20,17,3,2,2,128,50,37,22,22,8,1,32,36,7,20,120,128,25,2,12,19,23,35,29,14,0,0,0,43,80,29,61,45,7,0,0,128,21,14,14,39,16,1,20,100,26,90,128,21,1,0,12,11,9,47,128,9,0,0,0
1,0,0,16,38,2,0,3,14,0,0,2,8,8,21,77,34,3,1,3,4,5,9,93,3,2,1,12,18,14,11,10,0,0,0,11,55,8,4,0,32,1,0,9,106,42,30,37,152,30,4,9,7,7,15,76,24,13,6,49,85,56,16,9,0,0,0,4,40,3,2,0,56,11,1,38,152,4,0,2,152,24,1,6,22,34,22,37,13,1,0,4,152,152,53,15,0,0,0,0,14,4,0,0,17,2,0,11,85,10,0,7,82,2,0,6,51,19,7,84,1,0,8,111,152,96,5,11
12,27,4,68,69,4,4,2,90,86,45,7,2,2,1,4,129,22,11,56,70,14,2,16,2,9,20,55,64,6,0,0,25,63,28,129,117,0,0,0,79,82,34,25,58,24,1,5,129,41,43,87,33,12,1,15,10,8,60,129,30,3,0,0,1,10,37,129,99,1,0,0,52,13,27,65,129,14,0,3,129,16,13,28,11,3,0,39,24,3,21,129,23,0,0,8,0,0,1,14,19,1,0,0,3,0,1,14,31,1,0,0,11,0,0,0,1,0,0,2,0,0,0,0,0,0,0,0
0,0,0,0,0,0,0,0,1,0,0,0,0,0,1,22,0,0,0,0,8,2,3,25,13,0,0,0,13,6,2,14,1,0,0,0,0,0,0,6,62,27,9,0,0,0,10,153,153,32,3,18,27,4,15,153,48,7,3,77,75,10,4,53,0,0,0,0,0,0,0,0,67,103,87,1,0,2,5,32,153,153,23,21,2,0,2,37,42,25,11,153,57,0,0,7,0,0,0,0,0,0,0,0,40,13,10,1,0,10,42,47,153,46,5,3,0,2,20,112,59,12,4,108,40,0,0,2
45,0,0,0,0,0,0,44,5,0,0,0,2,7,1,7,2,0,0,0,0,1,0,0,0,0,0,0,0,0,0,0,139,114,17,3,2,0,0,83,61,21,2,12,87,51,5,24,139,23,5,21,19,13,2,14,9,17,18,104,40,0,0,0,83,139,28,15,14,0,0,2,39,38,11,75,139,3,0,1,139,13,1,21,39,1,0,6,39,27,16,95,74,0,0,0,105,111,5,12,27,0,0,1,17,7,3,56,139,0,0,0,139,9,0,13,32,0,0,1,43,18,7,35,29,0,0,0
172,0,0,0,0,0,1,101,30,0,0,0,4,9,9,24,38,0,0,0,0,0,1,27,5,1,2,2,1,0,0,1,172,0,0,0,1,0,0,124,80,2,1,10,11,1,0,16,84,4,0,1,0,0,0,12,16,0,0,0,5,1,0,1,172,2,0,1,4,0,0,115,130,11,18,13,1,0,0,29,44,22,11,3,0,0,0,1,11,0,0,0,6,6,2,2,172,0,0,0,3,4,1,172,160,3,5,2,0,0,0,92,11,5,5,3,0,0,0,1,4,1,0,0,11,4,0,0
64,2,0,10,137,7,1,9,160,19,0,0,0,0,0,9,88,19,0,0,4,0,0,0,0,0,0,0,4,1,4,1,80,10,1,40,160,1,0,1,160,14,0,0,0,0,0,2,118,3,0,0,3,0,0,4,0,1,1,2,11,0,0,0,52,14,3,68,160,0,0,0,160,23,1,3,1,0,0,4,113,3,0,0,0,0,0,11,4,2,0,2,17,0,0,0,25,12,2,58,129,0,0,0,160,38,1,4,2,0,0,1,87,7,0,0,0,0,0,3,5,2,0,0,20,2,0,0
0,1,1,7,162,44,0,0,3,7,0,1,56,7,0,0,19,11,0,2,1,0,0,0,162,73,0,0,0,0,0,0,0,0,0,0,162,110,0,0,5,7,0,0,32,9,0,3,50,14,0,1,3,2,0,1,162,74,0,0,0,0,0,3,0,0,1,12,162,82,0,0,6,2,6,5,11,7,3,13,66,13,3,0,1,5,1,7,162,20,0,0,0,0,0,62,0,0,7,50,125,20,0,0,1,7,33,33,7,0,0,0,34,97,19,0,0,0,0,0,77,120,18,9,5,0,1,21
141,0,0,5,30,3,0,24,37,3,0,34,141,10,0,1,141,11,0,4,9,0,0,0,26,2,0,13,33,1,0,0,141,0,0,2,23,8,1,37,46,2,0,17,141,47,2,11,141,7,0,2,15,5,1,21,39,1,0,8,65,5,0,0,141,0,0,0,17,36,6,45,48,16,0,0,85,112,5,8,141,40,0,0,7,3,0,7,41,1,0,13,61,1,0,1,124,0,1,3,29,10,1,27,70,18,14,10,51,20,0,5,141,29,1,0,0,0,0,6,23,0,0,5,29,2,0,3
24,4,1,21,9,13,88,56,131,46,0,3,2,1,3,51,64,26,3,0,0,0,0,10,0,2,6,10,1,0,0,0,118,72,7,3,1,18,55,85,131,72,0,0,0,0,11,66,57,29,5,1,1,6,44,20,1,1,2,4,1,0,4,10,39,131,63,8,0,4,18,14,101,49,0,0,0,16,131,66,32,0,0,0,0,7,131,131,34,0,0,0,0,0,8,106,16,6,4,0,2,5,43,93,2,3,1,1,15,31,48,12,64,42,8,0,0,7,34,94,109,30,1,0,0,0,1,85
67,68,6,25,15,0,0,4,8,14,87,129,49,6,1,6,77,119,104,24,0,0,1,24,45,44,38,4,6,30,9,12,43,17,4,3,0,2,15,40,119,64,129,43,0,0,0,30,11,102,129,34,0,0,0,1,0,73,129,23,0,0,0,0,37,57,24,38,3,0,4,17,129,129,15,0,0,0,0,34,54,24,43,16,3,1,1,14,0,7,35,15,4,0,0,0,1,100,105,57,0,0,0,0,17,129,24,0,0,0,0,0,7,19,1,1,1,3,1,0,0,0,0,1,5,13,0,0
8,21,13,5,1,0,0,1,88,92,11,5,3,0,0,22,25,10,6,10,18,11,61,76,57,16,0,0,2,2,32,83,52,18,3,2,6,3,0,6,123,89,12,30,18,0,0,9,21,25,82,123,96,12,33,17,84,96,65,8,1,1,23,78,70,11,2,4,5,2,0,9,123,46,3,8,1,0,0,39,53,20,112,71,5,0,8,47,39,123,123,7,0,0,0,22,64,9,5,11,3,1,1,3,123,35,0,0,0,5,4,13,22,7,1,1,0,11,26,56,95,30,4,0,0,0,2,123
139,0,0,1,23,10,0,27,23,2,0,9,139,48,0,6,139,18,0,2,12,5,0,16,25,6,1,19,20,0,0,0,139,0,0,6,31,3,0,32,36,3,0,44,139,11,0,1,139,11,0,5,14,0,0,0,43,3,0,15,34,0,0,0,139,0,0,2,17,6,1,38,35,1,0,18,139,43,2,10,139,5,0,2,19,6,1,23,50,1,0,7,49,3,0,1,139,0,0,0,10,22,4,36,27,9,0,0,68,88,4,7,139,29,0,0,7,4,0,6,42,1,0,8,32,0,0,1
0,122,64,0,0,67,33,0,17,122,60,0,0,10,38,28,29,88,26,0,0,0,4,20,2,33,10,0,0,0,0,0,15,68,27,2,9,122,85,9,122,41,1,0,0,23,84,63,104,39,0,0,0,0,15,40,3,6,1,0,0,3,24,10,38,12,6,42,53,74,15,12,122,19,1,0,0,2,28,111,43,2,0,0,0,0,60,122,8,0,0,0,0,10,40,36,8,23,67,8,21,57,4,11,37,29,47,4,0,3,22,71,94,19,1,0,0,22,62,64,19,0,0,0,1,122,122,16
0,0,0,34,80,8,0,0,55,7,1,3,5,2,1,12,142,29,1,1,0,0,0,37,58,11,49,47,4,0,2,34,2,3,5,14,115,27,0,0,77,13,12,22,5,0,0,3,142,51,0,0,0,2,2,16,41,16,1,0,0,15,25,38,6,3,29,46,67,9,2,5,55,9,26,26,7,13,9,17,142,43,13,1,0,2,3,48,26,21,59,25,0,10,12,9,0,2,75,142,8,0,0,0,7,81,142,46,3,1,1,4,86,142,95,0,0,0,0,16,17,109,142,46,0,0,0,1
0,0,11,66,11,16,49,4,15,16,7,17,10,21,55,9,26,108,27,2,4,3,4,6,22,106,34,0,0,0,0,11,0,0,16,120,18,3,33,43,33,23,25,93,13,1,4,5,118,58,6,1,0,0,0,30,90,32,5,0,0,0,0,22,0,0,0,6,6,3,120,120,7,15,28,30,7,1,54,120,45,96,32,1,0,0,6,44,61,40,1,0,0,0,1,13,19,1,4,0,0,1,65,80,6,1,0,1,7,5,113,120,9,11,1,0,1,2,120,120,6,7,0,0,0,0,116,120
26,11,0,0,59,62,7,13,63,3,0,0,4,11,21,59,43,6,0,10,93,4,10,23,1,2,31,117,117,42,19,1,12,10,33,14,42,50,2,5,45,7,22,26,8,8,45,54,117,5,0,5,87,5,24,63,47,29,37,53,117,3,0,1,0,56,80,31,4,1,0,0,16,27,82,117,5,1,1,1,117,59,18,27,92,4,0,3,117,9,0,1,117,8,0,1,0,39,46,7,0,0,0,0,0,19,38,89,6,0,0,0,8,40,28,35,102,2,0,0,109,2,0,4,117,5,0,2
51,2,0,0,1,2,5,41,85,12,10,61,20,1,0,18,135,22,11,41,9,1,0,4,131,1,0,0,0,0,0,17,82,0,0,0,6,3,0,18,137,26,25,53,2,0,0,28,68,20,39,137,23,0,0,13,108,2,1,4,1,0,0,59,54,22,33,6,3,0,0,5,137,62,11,12,1,0,0,25,78,19,31,137,35,0,0,5,51,7,15,55,13,0,0,36,4,73,137,0,0,0,0,0,103,137,53,0,0,0,1,4,46,13,5,35,41,18,12,12,1,0,1,25,78,9,1,10
3,4,2,8,13,14,94,37,19,1,1,4,8,63,66,14,92,30,3,20,31,8,8,17,3,5,2,103,132,1,0,0,3,35,75,81,17,1,4,5,50,14,30,119,22,8,8,7,132,29,6,23,32,1,1,21,14,4,1,81,132,5,0,3,8,9,31,63,24,2,0,11,10,17,51,122,28,2,0,0,111,35,40,28,23,12,2,18,13,0,0,4,132,97,4,6,48,4,1,21,23,5,7,45,11,25,28,25,7,9,40,7,3,6,21,28,50,77,20,2,0,0,0,0,132,132,6,0
10,3,10,13,2,0,0,32,7,13,88,72,0,0,0,0,3,9,129,129,0,0,0,0,1,32,129,120,39,0,0,0,97,1,0,0,0,0,0,129,52,9,5,0,0,0,0,18,51,13,37,17,3,0,0,10,4,3,26,129,122,0,0,0,129,0,0,0,0,0,0,129,97,11,0,0,0,0,0,28,76,15,0,1,1,0,0,5,10,2,15,62,25,0,0,3,129,0,0,0,0,0,0,129,112,2,0,0,0,0,0,93,42,2,0,0,0,0,2,23,7,0,1,2,1,1,11,8
2,0,0,0,4,22,23,58,2,0,0,0,43,38,31,57,1,0,2,22,121,34,7,2,110,24,10,14,23,7,2,18,2,6,13,3,11,34,14,27,10,2,3,9,37,87,97,45,79,23,35,41,31,33,46,32,89,52,78,48,4,0,0,1,0,26,121,59,23,3,0,0,20,7,17,121,120,15,5,4,121,37,16,26,12,3,3,31,63,21,41,69,5,0,0,6,0,3,53,70,83,10,8,1,4,0,5,121,121,9,0,1,121,3,0,29,29,4,0,101,69,7,3,38,8,0,0,61
5,4,3,0,67,131,2,3,131,11,7,0,1,10,3,123,85,28,56,49,31,5,5,67,16,95,116,33,12,0,1,1,2,34,13,0,11,41,0,0,131,27,23,0,0,0,0,34,131,39,20,1,0,1,1,69,11,24,37,5,2,12,16,4,0,57,35,0,0,0,0,0,54,131,36,0,0,0,0,3,131,105,1,1,0,1,5,35,18,4,4,10,18,22,7,8,0,66,40,0,1,16,0,0,13,75,24,0,0,66,72,25,40,23,0,0,0,4,72,131,2,1,5,2,3,4,42,77
0,0,0,0,2,13,6,0,6,1,1,1,1,2,8,7,18,14,18,26,1,0,0,2,1,2,8,154,138,0,0,0,0,0,0,0,5,11,8,0,26,0,0,0,2,2,3,8,77,9,1,2,0,0,0,3,9,4,2,77,154,0,0,0,0,0,0,0,0,28,101,4,25,1,0,0,0,4,91,68,80,10,0,0,0,1,3,33,10,2,0,18,123,16,3,2,0,0,0,0,2,154,154,9,5,0,0,0,0,33,154,154,19,0,0,0,0,2,79,154,0,0,0,6,25,25,51,25
0,0,0,3,44,108,8,0,70,0,0,3,8,27,22,60,120,10,0,3,13,0,0,33,4,1,0,5,74,8,0,0,5,22,19,46,25,32,8,1,86,9,21,103,9,3,3,41,120,14,3,2,23,5,0,63,9,0,0,0,92,27,0,2,4,104,54,44,2,1,0,0,21,61,120,120,1,0,0,0,120,120,56,16,39,4,0,4,4,2,0,6,96,32,0,0,0,70,68,12,1,0,0,0,0,96,120,7,0,0,0,0,1,50,90,82,38,0,0,0,0,0,7,94,81,3,0,0
157,65,40,5,0,0,0,140,71,51,90,2,0,0,0,88,60,40,25,1,0,0,7,53,19,4,24,54,12,9,23,27,157,157,4,0,0,0,0,18,118,74,0,0,0,0,0,49,31,12,0,3,10,13,34,45,0,0,1,1,3,22,100,33,31,79,21,34,0,0,0,23,108,37,2,0,0,0,0,52,42,16,33,29,14,6,5,11,0,0,38,40,29,16,17,4,2,13,53,133,13,5,0,0,42,41,13,6,4,8,22,20,27,9,7,2,0,10,90,21,0,0,6,11,32,106,52,0
4,88,128,55,8,0,0,0,1,14,128,110,9,0,0,0,6,42,128,46,0,0,0,0,0,2,128,128,4,0,0,0,5,33,28,100,61,2,0,0,16,9,12,80,92,1,0,3,115,50,35,14,7,0,1,16,10,6,26,128,66,1,1,2,4,4,2,17,87,61,18,3,5,10,20,46,92,14,5,1,62,29,15,5,3,22,30,17,7,0,0,18,43,39,67,8,9,0,0,0,16,60,44,46,0,0,2,2,18,77,66,7,0,1,1,0,1,91,76,6,3,0,0,0,3,50,74,23
196,32,3,1,0,0,0,27,100,32,107,66,0,0,0,11,42,78,144,24,0,0,0,11,29,14,13,9,7,2,8,36,196,196,0,0,0,0,0,14,140,39,2,0,0,0,0,29,35,8,16,0,0,0,0,28,15,13,11,0,0,0,0,9,95,196,31,0,0,0,0,0,26,72,4,0,0,0,0,1,31,28,0,0,0,0,0,8,9,3,0,0,0,1,5,11,1,32,20,19,1,0,0,1,15,10,1,1,0,0,0,9,26,8,0,0,0,0,0,7,3,2,2,5,4,2,1,0
0,0,0,0,0,24,127,10,39,1,0,0,0,24,110,48,112,7,0,0,0,3,6,13,28,0,0,0,0,7,21,20,73,9,0,1,2,11,127,73,127,21,0,0,0,0,31,77,103,8,0,0,0,15,65,30,5,15,6,0,0,61,85,6,127,89,23,25,6,1,7,13,127,73,6,0,0,0,21,48,19,103,13,0,0,10,78,24,3,93,24,0,0,10,23,2,17,127,96,10,0,0,0,0,21,127,57,0,0,1,0,3,2,85,22,0,0,10,11,1,3,29,2,0,0,7,33,2
1,59,142,20,0,0,18,20,21,132,128,12,0,0,5,6,12,5,3,2,0,0,0,8,1,0,0,0,0,0,0,0,10,7,22,27,24,21,142,101,92,8,29,21,1,1,69,142,35,5,14,43,12,0,0,14,30,1,0,0,1,0,0,11,31,40,55,142,40,11,17,17,142,142,43,49,4,1,9,59,48,33,9,66,92,1,0,10,47,2,1,7,14,0,0,31,20,23,47,72,0,0,0,0,54,84,56,26,2,0,1,12,15,10,8,51,58,3,2,11,17,8,18,31,7,0,0,5
5,67,1,0,0,0,0,0,8,134,4,0,0,0,0,0,31,134,1,0,2,12,18,3,16,44,3,0,0,31,79,9,54,71,0,0,0,0,7,26,134,134,9,7,0,0,8,78,24,80,48,70,25,19,9,4,1,134,56,4,2,11,17,0,15,1,0,0,0,0,18,38,134,122,9,3,0,0,21,134,78,95,115,53,1,0,0,9,2,134,49,4,0,2,0,0,0,0,0,0,0,0,0,0,30,74,14,3,0,0,0,0,6,38,45,39,4,2,0,0,2,12,7,4,5,60,3,0
50,30,0,0,16,3,0,0,18,0,0,0,144,63,3,10,169,0,0,0,18,20,4,39,59,2,0,0,0,0,0,11,26,17,1,0,35,7,0,0,45,0,0,0,169,76,1,10,169,9,0,0,31,16,1,29,75,4,0,0,0,0,1,14,1,4,11,8,49,30,0,0,69,4,0,0,169,118,2,8,169,29,1,0,22,7,1,22,63,22,6,0,0,0,0,1,0,0,1,2,12,10,0,0,27,0,0,0,34,47,2,6,169,2,0,0,1,3,1,23,36,7,2,0,0,0,0,1
127,0,0,0,1,2,2,75,50,0,0,5,85,49,5,31,127,2,0,1,18,9,0,33,34,0,0,25,86,2,0,5,127,0,0,0,0,3,1,81,77,6,5,7,51,50,4,39,127,18,3,1,7,6,0,16,53,0,0,25,65,0,0,10,127,0,0,0,0,0,0,60,102,32,38,10,8,2,26,81,108,98,33,2,0,0,8,33,36,15,4,9,27,0,0,7,61,0,0,0,0,2,10,51,32,2,0,0,0,41,127,127,98,28,5,0,0,2,37,127,8,19,22,6,10,0,0,0
0,1,0,17,134,1,0,0,75,14,0,0,4,0,0,0,134,53,2,5,1,0,0,2,33,27,6,22,8,0,0,0,0,0,0,7,134,21,0,1,88,11,1,0,4,1,1,14,134,17,0,1,2,1,10,91,58,15,1,9,11,4,28,45,0,0,7,48,134,14,0,0,68,64,14,12,4,0,0,4,134,101,15,34,16,5,17,35,34,20,25,34,18,12,76,98,0,0,0,53,108,3,0,0,95,10,1,6,17,3,0,18,134,29,24,36,5,0,0,32,30,75,125,49,6,1,2,15
3,1,0,25,119,12,1,1,91,3,0,1,3,1,2,52,165,13,0,0,0,0,1,65,16,6,2,7,1,2,5,4,0,0,0,8,98,72,7,1,103,2,0,1,2,8,19,60,165,56,6,6,3,0,0,29,15,16,9,26,14,0,0,0,0,0,0,35,144,8,0,0,144,6,1,3,3,2,1,7,165,23,1,3,16,3,0,21,21,4,1,9,52,8,0,2,0,0,0,2,146,13,0,0,99,0,0,0,5,4,0,12,165,0,0,0,4,5,2,71,16,1,0,0,14,13,2,10
18,1,1,14,4,7,76,53,131,24,0,2,1,1,6,48,84,22,2,0,0,0,0,12,0,2,5,17,2,0,0,0,99,53,13,4,2,18,74,73,131,61,0,0,0,0,9,57,74,36,2,0,0,0,28,30,1,1,3,9,3,0,2,8,44,130,62,6,1,2,11,26,116,47,0,0,0,6,115,92,36,0,0,0,0,0,131,131,29,0,0,0,2,0,5,85,8,4,1,0,0,2,24,131,4,9,1,0,3,23,54,33,96,68,4,0,0,2,28,98,96,27,0,0,0,0,1,56
53,48,18,59,24,1,0,0,26,46,110,81,25,3,7,22,100,109,58,0,1,3,2,34,5,116,38,1,7,8,1,4,67,33,14,13,0,0,4,30,79,119,126,27,0,0,0,21,13,126,126,2,0,0,0,1,0,111,97,1,0,0,0,0,43,28,29,21,0,0,8,29,126,100,8,0,0,0,0,49,74,35,35,6,0,0,0,11,0,5,20,7,6,2,0,0,5,64,126,64,0,0,0,0,52,126,25,0,0,0,0,0,21,29,0,0,0,6,1,0,0,0,0,0,6,23,0,0
54,1,1,13,19,3,43,98,19,4,0,68,115,0,0,5,104,37,2,15,14,0,0,13,40,11,6,15,0,0,0,8,141,0,0,1,7,2,2,87,53,4,0,18,141,29,0,12,141,40,2,12,24,5,0,7,23,11,6,27,10,1,0,3,141,1,0,0,6,1,0,47,74,1,1,24,141,13,0,13,141,5,1,8,24,2,0,4,26,1,0,13,51,11,2,2,141,0,0,0,1,1,1,37,61,0,0,4,79,45,3,21,141,4,0,1,19,9,0,14,26,0,0,9,90,11,0,1
60,126,40,1,0,0,9,51,77,114,5,0,0,0,6,98,6,16,9,4,3,0,0,11,0,0,0,6,30,0,0,0,32,9,6,0,0,6,44,106,126,16,0,0,0,0,12,126,79,1,0,0,7,3,0,25,0,0,0,0,40,22,2,0,54,126,124,0,0,2,2,10,126,126,66,0,0,0,0,8,64,16,0,0,10,22,4,9,0,0,0,0,46,126,15,0,76,126,39,0,0,0,6,7,5,53,40,0,0,0,21,11,2,6,1,0,38,29,14,1,0,0,0,7,126,92,1,0
2,69,76,0,0,22,45,5,19,114,95,0,0,9,25,24,32,121,106,0,0,0,0,7,1,61,68,0,0,0,0,0,16,20,18,1,28,91,64,11,122,45,2,0,0,5,45,64,119,53,1,0,0,0,1,30,6,18,7,0,0,1,7,9,41,10,12,4,39,56,4,11,122,23,1,0,0,0,0,114,68,4,0,0,0,0,6,122,3,0,0,0,0,12,43,30,7,6,86,24,7,19,22,3,63,19,19,4,1,8,52,47,66,1,0,0,0,37,122,62,2,0,0,0,0,122,122,10
25,2,8,73,80,1,0,4,118,21,15,13,6,0,0,33,95,15,14,14,0,0,0,27,100,2,0,0,2,0,1,64,18,3,0,118,111,0,0,13,118,52,4,38,29,0,0,37,64,30,23,41,0,0,0,15,105,6,2,2,0,0,1,67,59,0,0,32,118,11,0,42,118,15,1,17,77,8,0,53,95,10,7,45,18,0,0,16,50,1,1,10,25,11,9,68,97,0,0,29,77,3,0,57,118,0,2,34,71,2,0,37,118,0,1,16,33,0,0,31,9,0,0,15,113,31,12,42
18,5,2,6,33,9,3,9,22,1,0,0,96,62,1,11,74,41,1,0,108,55,1,1,68,32,0,1,125,25,0,0,7,0,0,2,58,24,8,23,14,0,0,0,95,125,11,20,125,74,1,0,52,51,2,9,43,34,0,5,125,40,0,1,4,0,0,0,57,60,12,21,23,3,0,0,125,85,6,13,125,26,0,1,25,12,1,32,49,10,20,107,125,9,0,10,4,2,0,0,15,73,39,26,26,9,15,8,40,68,14,11,125,22,3,1,2,3,12,56,29,9,18,33,4,23,57,55
0,5,74,51,23,5,2,0,46,11,7,40,48,11,13,6,76,44,41,11,0,0,1,5,106,37,10,3,0,0,0,8,5,4,26,74,74,8,34,33,50,4,1,114,121,0,0,16,126,27,8,18,3,0,0,43,68,9,9,15,0,0,0,31,126,0,0,22,19,1,25,126,41,10,0,100,126,6,0,12,126,54,4,20,17,2,0,23,27,15,13,34,4,0,0,6,126,0,0,0,8,2,0,115,46,0,0,25,126,13,0,23,126,1,1,9,24,2,0,37,33,1,1,22,29,3,0,5
80,138,30,7,2,0,0,0,71,138,25,0,0,0,0,0,36,138,36,6,1,3,9,9,3,6,110,22,2,2,10,10,138,101,17,13,0,0,0,4,138,135,0,0,7,1,0,9,34,27,0,0,55,36,22,27,13,0,0,0,2,5,27,75,132,18,7,22,1,0,0,25,138,4,0,0,8,7,4,61,26,4,12,8,80,38,7,18,8,5,25,8,5,3,26,50,44,14,8,24,9,1,1,10,138,18,5,2,1,1,1,25,23,39,59,15,9,2,0,1,1,33,86,21,0,0,0,0
26,9,2,0,0,15,6,12,154,16,0,0,0,0,0,45,154,20,0,0,0,0,0,17,54,10,0,0,4,3,0,1,9,126,70,0,0,0,0,1,154,132,57,0,0,0,0,5,154,17,1,0,0,0,0,40,56,0,0,0,5,6,2,22,19,154,55,0,0,0,0,0,36,73,108,3,0,0,0,0,154,23,9,1,0,0,0,62,56,0,0,0,0,1,4,55,32,44,3,0,0,0,0,16,26,20,20,18,3,0,0,11,128,8,6,9,1,0,0,27,75,0,0,0,0,0,0,34
70,9,7,6,1,0,2,66,104,28,70,31,0,0,0,33,103,4,10,7,0,0,0,110,7,0,0,0,0,0,9,56,119,18,9,2,3,0,0,59,124,46,68,53,0,0,0,68,42,12,66,106,21,0,3,52,5,0,0,4,5,0,40,75,30,124,124,1,0,0,0,3,124,124,42,6,3,13,10,18,23,4,9,50,101,54,25,7,7,3,0,7,38,10,18,25,0,81,75,0,0,13,48,2,2,33,21,1,1,101,56,1,0,5,15,0,10,98,63,0,19,6,13,2,7,20,16,18
4,1,1,1,0,1,1,1,0,0,0,12,8,5,3,0,0,0,4,82,43,0,0,0,0,0,1,148,148,5,3,2,0,0,0,0,1,14,6,0,4,0,0,0,1,14,9,3,25,11,9,28,5,0,1,3,2,3,4,148,148,2,0,0,0,0,0,0,1,35,39,0,10,0,0,0,0,10,77,28,61,10,0,2,4,0,5,25,7,3,0,61,148,3,0,0,0,0,0,0,0,148,101,2,2,0,0,0,0,83,148,148,22,0,0,0,1,2,71,148,1,0,2,38,82,14,29,27
1,1,3,13,38,104,9,1,48,2,2,6,23,59,19,32,120,12,0,1,9,0,1,24,6,2,0,1,76,15,0,0,0,12,11,15,25,94,16,0,73,11,25,64,23,24,7,32,120,16,4,2,18,6,0,54,9,0,0,0,103,23,0,2,0,90,86,23,4,6,1,0,16,65,120,90,0,0,0,0,96,120,77,22,34,5,0,4,4,1,1,8,95,31,0,0,1,96,80,2,0,0,0,0,0,88,120,5,0,0,0,0,0,36,100,112,31,0,0,0,0,0,13,120,62,3,0,0
23,1,0,0,0,1,20,12,52,9,0,1,0,0,2,9,91,1,0,1,0,0,0,132,183,0,0,0,0,0,0,183,44,18,0,0,0,0,0,1,76,12,1,3,0,1,0,2,73,6,1,8,4,4,1,33,183,29,0,0,0,0,0,81,27,48,0,0,0,0,0,0,26,21,1,0,0,18,8,4,116,10,0,0,1,23,13,12,183,57,0,0,0,0,0,9,20,10,0,0,0,4,5,8,7,4,0,0,0,37,14,2,113,29,0,0,0,7,4,4,183,8,0,0,0,0,0,54
22,135,135,0,0,0,3,5,4,135,135,0,0,0,15,5,9,52,16,0,0,0,4,5,4,0,1,0,0,0,0,1,109,68,15,1,0,0,31,107,12,19,30,24,9,20,109,43,79,19,12,9,1,2,36,85,17,5,6,22,7,0,0,10,135,19,3,1,0,0,1,108,80,40,89,76,6,3,4,7,107,87,63,25,1,0,2,16,23,11,8,43,13,0,0,3,135,90,5,0,0,0,0,3,115,27,16,4,0,0,0,0,13,19,24,2,0,0,0,2,6,5,4,6,1,0,0,2
2,4,0,0,2,17,1,0,21,44,0,0,2,12,19,4,10,14,0,0,1,12,33,11,0,0,0,0,0,5,7,6,6,2,0,0,4,10,8,10,15,9,0,4,41,107,80,15,92,7,0,1,3,30,97,78,18,0,0,0,0,18,35,18,9,0,0,1,8,3,52,137,19,11,6,64,106,28,6,48,101,27,5,14,14,52,71,32,8,0,0,0,0,127,137,7,33,0,0,0,0,0,28,137,23,0,0,10,49,24,65,137,1,0,0,3,55,137,66,6,0,0,0,0,5,137,137,3
29,133,45,0,0,8,51,17,19,24,20,6,0,0,12,32,10,1,6,11,1,0,2,42,7,0,0,0,0,0,0,28,28,22,45,42,12,71,133,86,133,44,28,26,0,1,38,133,37,12,29,133,9,0,2,25,22,9,21,13,0,0,0,46,99,67,133,75,5,4,2,21,133,133,128,14,0,0,0,25,54,15,28,70,5,1,1,17,3,7,69,43,0,0,0,1,133,19,20,1,0,0,0,46,30,32,28,0,0,0,0,11,18,13,2,0,0,0,0,8,4,2,8,11,1,1,4,4
6,52,53,96,30,1,0,0,15,132,129,132,1,0,0,0,62,132,23,0,0,0,0,0,4,102,39,2,0,0,0,0,37,103,33,51,6,1,0,0,49,45,51,132,0,0,0,1,132,95,11,6,0,0,0,18,28,23,29,22,2,0,0,3,8,46,25,14,0,0,0,0,11,6,31,132,12,0,0,1,132,9,8,32,10,1,5,81,39,2,2,6,7,11,8,76,0,0,0,0,0,0,0,0,0,0,1,17,32,11,3,1,14,0,0,14,88,22,20,50,92,1,0,2,20,35,18,105
3,0,0,0,0,0,0,6,109,1,2,6,0,0,1,142,49,4,30,153,16,0,1,28,0,0,58,166,58,0,0,0,39,14,0,0,0,0,0,6,166,49,0,0,0,0,0,82,135,3,0,8,6,2,16,47,0,0,12,130,85,2,5,4,33,82,0,0,0,0,0,0,166,136,0,0,0,0,0,25,95,2,0,0,0,0,11,65,4,0,0,21,73,4,9,22,2,19,0,0,0,0,0,0,47,31,0,0,0,0,0,7,30,0,0,0,0,0,16,27,3,0,0,1,29,7,14,22
4,17,24,21,122,46,1,0,16,109,32,39,122,94,1,0,18,113,12,0,0,3,0,0,0,0,0,0,0,0,0,0,5,1,1,5,115,122,10,6,86,77,12,15,62,50,5,11,20,49,21,5,1,0,0,1,0,0,0,0,0,0,0,0,28,0,0,0,22,122,98,19,122,4,0,0,3,34,16,64,29,3,0,1,2,3,19,29,0,0,0,0,0,0,0,0,122,0,0,0,0,36,122,112,122,1,0,0,0,31,88,69,4,4,2,0,0,50,121,18,0,0,0,0,0,0,0,0
14,4,0,1,80,23,0,0,101,36,0,0,0,0,0,0,18,15,3,1,0,0,0,0,3,3,0,0,0,0,0,0,39,7,0,5,125,4,0,0,136,71,2,1,0,0,0,12,102,69,19,15,0,0,1,6,62,45,2,5,26,1,0,0,35,15,5,14,98,8,0,2,136,51,2,2,1,1,9,68,108,18,3,6,3,3,51,136,96,53,2,11,25,1,2,58,37,17,5,27,58,1,0,2,136,83,22,23,3,1,3,10,59,105,101,49,7,5,23,55,80,136,23,0,0,0,1,38
4,0,0,0,0,0,0,14,27,1,2,1,1,1,1,52,39,15,33,6,0,0,1,30,116,47,30,2,0,0,0,15,38,4,0,0,0,0,0,27,139,55,21,13,0,0,0,98,94,29,55,100,0,0,0,57,134,33,6,8,0,0,0,74,7,1,0,0,0,0,0,2,139,96,7,4,0,0,0,60,130,67,35,139,7,0,0,13,67,1,3,111,7,0,0,112,0,0,0,0,0,0,0,0,33,84,26,7,0,0,0,0,19,56,36,110,10,0,0,0,5,0,0,139,23,0,0,18
26,7,4,0,0,0,0,38,24,1,10,20,0,0,16,69,121,2,6,7,0,0,11,79,81,5,3,1,0,0,0,30,13,3,3,0,0,8,43,116,11,6,6,3,3,45,121,66,121,22,2,0,0,3,60,108,121,20,1,0,0,0,7,32,33,1,0,0,0,2,32,121,52,54,44,7,4,18,23,88,121,94,18,0,0,2,38,76,63,2,0,0,0,1,92,121,16,4,17,25,0,0,1,27,17,4,2,3,0,0,23,121,12,6,0,0,0,2,47,121,80,59,0,0,0,2,27,55
32,7,5,3,0,3,56,28,154,8,0,0,6,3,19,83,78,13,0,13,93,21,1,9,59,48,7,6,8,1,0,0,53,19,11,18,6,0,0,0,154,27,0,0,10,4,0,6,131,13,1,2,92,26,1,5,109,29,1,4,21,7,0,0,70,7,0,8,27,4,1,11,154,12,0,0,3,14,5,23,138,21,0,0,24,55,9,15,112,22,0,0,69,15,0,0,95,4,0,0,2,2,1,27,154,13,5,0,0,3,4,26,95,73,15,1,1,8,3,14,56,22,0,0,93,4,0,0
76,19,24,10,1,1,5,26,73,115,47,8,1,1,8,35,89,115,1,0,0,0,0,24,7,18,3,6,9,0,0,1,115,4,4,2,0,0,0,82,79,42,14,0,0,0,16,113,115,33,2,0,0,0,2,115,19,1,0,1,18,14,1,7,95,57,27,9,1,0,0,34,115,115,50,0,0,0,2,23,96,115,36,0,1,2,2,11,14,4,0,0,46,81,5,2,18,115,109,17,0,0,0,0,66,115,8,0,0,1,19,11,4,17,6,0,1,12,61,13,0,0,0,0,80,77,24,0
47,27,0,0,0,1,97,75,23,53,37,24,12,7,44,78,8,7,15,50,86,6,9,6,22,48,22,2,9,5,6,2,34,7,2,2,0,4,127,83,144,12,0,3,17,3,58,144,69,24,1,25,144,14,2,13,65,66,13,5,7,0,0,0,57,25,12,15,3,0,1,1,144,49,0,0,17,8,0,6,119,31,1,2,88,35,1,2,72,44,7,8,12,4,0,2,65,14,1,8,18,2,0,4,144,27,0,0,9,16,4,12,113,25,0,0,30,32,5,6,57,17,0,0,51,26,3,5
65,32,0,0,0,0,17,71,53,43,2,0,0,0,38,125,20,51,33,7,0,2,47,49,0,2,14,32,8,19,27,3,45,7,0,1,0,1,49,66,52,22,1,0,0,0,75,129,125,41,24,10,6,4,13,129,9,3,11,43,84,32,2,12,17,23,9,22,6,0,2,1,103,110,6,4,0,0,8,36,129,129,0,0,12,15,2,49,19,21,2,1,93,53,1,3,9,21,4,9,22,4,0,0,123,129,2,1,0,0,0,0,99,101,0,0,18,47,3,0,20,60,4,0,19,42,1,0
69,124,9,0,0,0,0,11,73,35,10,0,0,0,1,69,99,51,32,0,0,0,0,63,30,3,8,0,0,0,7,96,1,24,17,10,20,3,1,3,110,30,9,2,3,0,2,92,127,67,51,10,1,0,0,70,19,10,42,45,27,3,9,24,0,67,60,5,7,3,0,0,27,127,119,1,0,0,0,3,127,127,26,1,2,30,7,12,15,3,2,13,43,90,16,3,2,127,79,0,0,2,5,1,0,127,59,0,0,27,31,1,0,39,24,0,2,80,41,1,0,19,35,2,2,59,8,0
51,29,3,0,0,2,37,44,40,6,0,0,0,2,88,124,51,5,0,1,8,1,6,85,1,0,0,41,92,7,0,1,8,1,0,0,0,2,51,129,129,82,0,0,0,2,18,72,110,64,0,0,1,7,9,20,2,0,0,23,47,46,7,0,32,32,16,6,0,0,12,64,129,49,1,0,0,0,4,86,77,7,0,0,1,44,27,30,0,0,0,0,11,129,19,0,6,105,96,12,0,0,0,0,94,129,38,0,1,0,0,3,28,10,1,0,50,93,5,7,0,0,0,0,46,129,5,0
0,0,0,1,3,5,127,57,7,0,0,1,4,10,97,64,16,0,3,3,0,0,8,47,1,0,7,5,0,3,7,2,54,6,5,9,10,8,127,115,127,14,0,0,0,0,52,123,63,10,0,0,0,21,41,38,0,0,0,0,0,28,89,8,50,66,127,86,4,0,1,6,127,120,90,8,0,2,4,14,21,4,20,25,3,46,39,10,1,0,5,4,0,14,35,16,0,12,127,40,0,0,0,0,1,34,127,31,0,0,0,0,0,2,111,86,1,1,0,0,0,0,59,69,0,0,0,3
3,0,0,0,28,119,45,1,33,34,21,4,14,57,31,9,29,26,54,23,4,5,6,28,12,53,12,2,1,12,40,39,34,7,9,87,37,58,56,14,119,69,13,7,1,6,15,29,23,45,40,58,8,7,18,9,33,119,12,3,0,0,0,0,16,8,16,119,49,1,0,6,78,13,9,35,26,18,110,64,112,10,1,3,4,11,119,95,119,46,0,0,0,0,0,9,16,0,0,78,53,0,0,13,4,11,66,115,47,10,15,3,119,70,56,6,0,1,10,20,119,16,0,0,0,0,0,15
0,33,12,0,2,98,19,0,3,10,20,9,52,120,14,3,52,20,37,3,8,35,32,105,20,2,5,0,0,0,76,120,11,2,0,4,46,120,41,11,94,68,87,11,16,42,17,26,14,45,120,46,16,8,2,6,18,8,35,35,33,6,21,35,12,26,86,74,79,14,2,5,120,104,86,6,2,3,4,30,22,12,30,41,42,42,7,12,19,34,20,36,47,15,1,0,0,45,120,21,4,0,0,0,2,42,120,10,0,0,0,0,0,3,89,81,3,0,0,0,21,8,25,92,11,0,1,9
23,26,37,18,10,6,0,0,28,5,0,0,27,35,0,0,139,28,0,0,3,4,0,0,38,10,0,0,0,0,0,0,1,2,28,74,48,3,0,0,42,4,3,57,42,16,0,0,139,24,1,2,1,1,0,14,41,13,0,0,0,0,0,8,6,0,0,30,34,51,13,0,22,5,8,83,28,75,83,14,139,11,3,7,2,13,33,119,71,1,0,0,1,1,0,22,1,5,4,32,105,40,8,0,10,2,0,20,139,139,138,27,139,14,0,0,2,26,70,139,99,0,0,0,1,0,0,33
16,1,0,0,31,36,0,1,157,24,0,0,5,6,0,2,125,14,0,0,0,0,0,0,4,9,0,0,0,0,0,0,30,1,0,5,34,32,0,0,157,39,0,0,2,2,0,4,128,26,1,1,0,0,0,4,9,20,1,1,1,0,0,0,30,5,10,103,27,5,0,1,157,19,4,7,1,0,0,34,132,6,0,0,0,0,0,50,15,7,0,1,3,1,0,0,5,2,5,41,18,103,112,9,157,8,2,5,3,28,75,157,152,0,0,0,0,0,0,71,18,0,0,0,9,9,0,4
98,116,6,0,0,0,0,9,56,132,79,0,0,1,10,25,18,78,23,0,0,2,21,24,11,5,2,3,0,0,0,7,132,23,5,0,0,0,0,77,132,24,11,4,0,1,9,132,61,49,58,12,1,3,17,23,33,23,11,19,0,0,0,6,65,107,73,0,0,0,0,12,132,129,21,0,0,0,0,24,84,42,25,1,0,0,0,0,10,12,5,3,0,0,0,1,2,132,132,0,0,0,0,0,28,132,88,3,0,0,0,0,21,24,2,0,0,0,0,0,4,0,0,0,0,0,1,1
40,0,0,0,0,0,0,34,21,5,0,0,0,0,0,2,4,2,0,1,0,0,0,0,0,0,0,0,0,0,0,0,162,0,0,0,0,1,1,169,81,11,1,1,0,1,1,6,17,7,5,17,4,0,0,0,0,0,0,6,28,8,0,0,171,1,1,0,0,0,2,171,91,5,2,0,0,0,7,71,28,2,2,12,13,0,0,9,0,0,0,6,94,35,0,0,171,2,5,1,0,0,6,171,73,0,0,0,0,0,24,171,36,0,0,3,16,1,1,88,0,0,0,18,84,8,0,1
0,0,0,0,21,129,129,14,23,0,0,0,0,17,100,129,10,0,0,1,0,0,32,129,0,0,0,0,0,0,21,27,17,1,0,0,122,81,11,7,129,30,0,0,4,7,8,79,105,13,0,0,0,0,16,129,24,4,0,0,0,0,31,92,36,2,0,0,70,69,5,4,129,33,0,0,1,1,0,15,72,11,0,0,0,0,11,68,72,11,1,0,0,0,4,92,53,20,0,0,33,28,2,3,129,101,2,1,1,0,0,1,17,36,6,7,2,0,1,5,70,65,0,0,0,1,0,18
0,0,0,0,1,11,19,3,30,0,0,0,0,1,24,62,19,0,0,0,0,4,11,25,0,0,0,2,4,25,9,0,21,8,4,9,135,141,82,24,141,24,2,0,1,15,72,141,128,1,0,0,0,21,15,35,0,9,2,0,0,48,11,0,17,55,132,129,141,25,2,2,141,141,79,3,1,1,1,12,96,19,0,0,0,13,13,19,12,29,2,0,0,8,2,4,15,20,60,31,44,14,2,15,43,97,59,0,0,0,0,12,15,28,2,0,7,3,1,4,14,1,0,0,1,1,2,22
7,0,0,0,0,25,129,59,48,0,0,0,0,13,126,105,116,1,0,0,2,6,9,92,4,1,0,0,47,101,2,2,15,8,0,0,0,1,27,16,127,7,0,0,0,0,10,56,129,11,1,6,10,6,1,91,13,3,5,89,122,57,1,4,13,18,0,0,0,0,2,1,129,32,0,0,0,0,2,8,129,92,2,3,0,0,0,6,22,20,13,126,49,0,0,0,3,1,0,0,0,0,2,1,111,19,0,0,0,0,1,5,129,21,0,0,0,0,9,78,17,4,9,29,12,0,6,50
6,1,2,39,47,124,39,8,94,38,16,10,4,45,24,18,27,62,49,14,0,1,8,16,17,111,35,2,1,2,4,5,29,3,7,124,44,4,1,27,68,15,14,93,40,8,57,59,124,35,8,5,1,2,56,90,101,59,2,0,0,0,0,2,33,7,36,124,19,0,0,15,7,24,83,124,42,3,6,4,124,112,71,8,0,0,4,19,100,17,2,0,0,0,3,40,0,1,26,124,26,0,0,0,6,13,32,78,13,0,0,0,32,60,39,2,0,0,0,1,12,15,20,5,1,0,5,18
6,0,0,0,0,7,120,86,31,0,0,0,0,7,130,114,90,0,0,0,3,8,11,109,4,0,0,0,45,102,3,3,12,6,0,0,0,0,34,27,130,5,0,0,0,0,20,68,130,12,2,6,12,7,1,87,12,3,4,80,121,60,2,4,14,14,0,0,0,0,0,1,130,29,0,0,0,0,0,5,130,81,4,6,1,0,0,7,22,17,15,130,41,0,0,1,2,0,0,0,0,0,0,1,97,14,0,0,0,0,0,4,130,15,0,0,0,0,1,81,23,2,12,31,6,0,1,54
0,8,27,17,12,7,0,0,0,1,10,32,69,72,13,2,102,78,1,10,40,16,12,12,104,107,0,0,0,0,0,0,0,3,6,17,82,28,0,0,16,3,1,14,151,151,81,31,151,36,0,2,12,49,76,150,151,32,0,0,0,4,1,5,1,16,17,31,79,2,0,0,20,10,4,76,151,40,5,6,151,35,3,10,14,8,5,21,53,3,0,0,0,1,0,0,0,1,0,1,1,0,0,0,0,0,0,0,1,0,0,0,0,0,0,0,0,0,0,0,0,0,0,0,0,0,0,0
27,0,0,0,0,0,11,95,19,1,0,0,0,0,10,89,3,0,2,15,10,8,0,8,0,0,3,13,18,10,8,0,41,5,0,0,0,0,38,122,122,7,0,0,0,6,29,122,31,0,0,0,5,122,38,17,0,0,0,0,3,69,95,7,72,71,0,0,0,0,0,8,122,122,4,15,30,16,2,10,15,6,5,60,109,122,59,4,0,0,3,21,4,26,122,39,55,48,0,0,0,0,0,1,122,84,5,33,23,0,0,12,3,3,18,122,72,1,0,0,0,0,31,122,10,1,10,5
3,2,10,4,8,25,16,1,68,17,3,0,3,6,2,9,146,25,0,0,0,0,0,7,33,7,0,0,0,0,0,0,1,18,129,31,2,2,1,0,53,14,42,55,24,1,1,5,146,32,0,1,2,0,0,6,66,17,0,0,0,0,0,0,0,20,39,24,24,10,0,0,28,3,7,55,105,99,30,22,146,9,0,3,5,17,30,146,72,3,0,0,2,9,0,22,0,2,5,31,54,10,0,0,12,2,2,85,146,123,35,29,146,4,2,15,20,28,36,146,42,0,0,0,0,1,0,26
0,0,0,7,1,7,42,3,0,0,13,92,13,20,47,0,0,0,8,133,69,4,11,0,0,15,54,90,14,0,0,0,0,0,0,0,0,74,133,1,8,1,0,4,4,79,133,33,67,6,25,96,25,7,77,81,9,38,133,92,2,0,0,1,0,17,3,0,0,96,81,0,41,107,8,0,0,36,74,16,133,72,4,1,0,0,8,38,48,9,39,4,0,0,3,14,0,84,40,0,0,6,6,0,7,133,57,0,0,0,0,0,66,87,9,0,0,0,0,4,18,3,0,0,0,4,19,16
6,0,0,84,37,0,0,6,80,0,0,16,3,0,0,100,133,1,0,0,0,0,0,77,40,3,0,0,0,8,1,8,0,0,7,133,55,0,0,0,74,16,42,105,7,0,0,38,133,33,8,1,0,5,4,83,46,0,0,0,15,95,13,20,0,4,66,88,9,0,0,0,8,39,133,71,4,0,0,0,77,81,67,6,27,96,24,7,11,0,0,0,9,133,66,4,19,15,18,3,0,0,0,4,3,15,49,9,36,3,0,0,0,1,10,40,133,87,1,0,0,0,0,17,57,89,12,0
3,0,0,0,0,0,100,132,38,0,0,0,10,21,57,132,3,0,0,4,51,132,33,10,0,0,0,1,1,49,128,14,58,7,0,0,0,0,30,60,132,33,6,20,14,8,11,88,33,11,62,132,77,56,10,6,0,0,112,98,4,15,46,1,29,6,0,0,0,0,0,0,132,22,3,5,0,0,0,25,69,10,74,127,1,0,0,19,0,0,112,132,0,0,0,0,0,0,0,0,0,0,0,0,3,0,0,0,0,0,0,1,9,0,0,4,0,0,0,1,0,0,6,30,1,0,0,0
6,1,0,15,8,0,0,15,84,4,1,6,5,3,7,126,20,10,9,7,9,12,8,33,1,9,13,1,36,80,0,0,9,13,25,126,107,0,0,9,126,109,45,88,24,0,3,93,65,7,0,0,4,49,36,46,0,1,2,3,67,118,10,1,0,2,5,87,126,1,0,0,32,18,10,44,126,6,38,51,10,3,0,0,1,54,126,29,0,0,0,0,25,106,37,1,0,0,0,9,126,6,0,0,0,3,2,27,126,8,7,1,5,42,16,4,9,4,25,3,1,9,15,33,68,16,5,1
0,0,0,0,0,0,0,0,6,0,0,0,0,0,2,70,11,1,2,12,4,1,3,64,1,0,4,39,17,9,3,2,2,0,0,0,0,0,0,9,52,5,0,0,0,0,31,140,140,7,0,0,4,32,35,140,6,0,0,3,14,139,85,14,0,1,0,0,0,0,0,0,119,87,0,0,0,0,2,31,140,140,9,58,53,34,7,35,3,2,10,140,76,96,83,9,0,0,0,0,0,0,0,0,34,24,0,0,0,0,0,0,122,54,9,58,9,0,0,1,4,3,22,140,25,0,0,0
0,0,0,0,0,0,0,0,34,0,0,0,0,0,0,10,62,0,0,0,0,0,0,26,6,1,0,4,13,5,1,2,0,1,1,0,0,0,0,0,143,35,5,0,0,0,0,73,143,42,0,0,0,0,3,143,37,2,0,11,26,16,17,10,0,5,2,0,0,0,0,0,36,143,49,2,3,0,0,5,137,143,27,8,60,62,74,23,14,1,0,0,10,48,143,61,0,1,0,0,0,0,0,0,22,142,15,11,17,0,0,0,6,47,13,102,143,33,15,2,8,0,0,49,61,15,48,105
14,132,132,111,6,15,12,14,5,132,68,0,0,2,2,2,0,1,0,0,0,0,1,0,0,0,0,0,0,0,0,0,132,81,26,11,3,52,51,127,74,59,24,0,0,23,42,49,105,12,2,0,0,4,9,10,6,0,0,0,0,0,0,0,132,132,3,0,0,4,2,8,49,112,88,23,23,7,6,9,132,13,17,13,28,13,15,119,35,0,0,0,0,0,0,28,29,82,0,0,0,0,1,0,21,60,14,48,42,4,7,6,8,0,1,38,56,14,12,51,3,0,0,0,0,0,0,10
143,143,37,3,3,9,22,60,55,15,1,0,0,12,25,107,21,1,0,0,0,2,57,122,0,0,0,0,0,0,1,1,143,29,20,8,92,85,77,143,143,93,32,32,4,7,23,116,17,16,46,90,17,13,87,72,0,0,0,0,0,0,2,1,143,5,0,0,38,22,3,26,143,16,8,6,0,1,4,23,21,4,20,23,0,3,10,6,0,0,0,0,0,0,0,0,0,0,0,0,0,0,0,0,0,0,0,0,0,0,0,0,0,0,0,0,0,0,0,0,0,0,0,0,0,0,0,0
0,0,0,0,0,0,0,0,0,0,0,0,0,0,0,0,0,0,0,0,0,0,0,1,0,0,0,0,0,0,1,5,37,43,9,0,0,0,0,0,135,90,9,0,0,0,4,21,70,2,0,0,2,19,25,52,7,5,3,4,1,7,71,110,9,65,75,15,11,0,0,0,133,135,94,36,106,38,75,76,115,9,0,0,7,19,101,135,79,33,38,19,3,6,17,44,0,0,8,15,42,0,0,0,8,0,9,41,135,22,13,23,135,0,0,1,27,8,13,135,73,2,3,0,0,1,1,49
