49,8,0,0,0,0,0,2,146,93,0,0,0,0,0,0,146,60,0,0,0,0,0,0,1,0,0,0,0,0,0,0,75,9,0,0,0,0,18,67,146,93,0,0,0,0,6,44,130,33,0,0,0,0,28,36,0,0,0,0,0,0,0,0,146,26,0,0,0,0,9,79,128,6,0,0,0,0,92,146,17,0,0,0,0,0,146,126,0,0,0,0,0,0,1,0,146,74,0,0,0,0,0,5,3,1,0,0,0,0,19,14,0,0,0,0,0,0,30,11,0,0,0,0,0,0,0,0
36,164,164,2,0,0,0,0,69,101,37,0,0,0,0,1,2,30,64,0,0,0,0,0,0,38,94,0,0,0,0,0,14,36,59,1,0,0,0,0,93,164,80,0,0,0,0,5,14,160,164,0,0,0,0,0,0,90,164,0,0,0,0,0,22,1,0,0,0,0,0,5,164,34,4,0,0,0,0,57,62,33,30,0,0,0,0,14,0,6,14,0,0,0,0,0,1,0,0,0,0,0,0,0,11,0,0,0,0,0,0,4,2,0,0,0,0,0,0,0,0,0,0,0,0,0,0,0
1,0,0,0,0,0,0,0,18,7,0,0,0,0,0,0,3,1,0,0,0,0,0,0,0,0,0,0,0,0,0,0,35,8,0,0,0,0,0,1,166,90,0,0,0,0,7,53,98,22,0,0,0,0,48,52,0,0,0,0,0,0,23,9,23,1,0,0,0,0,0,12,147,8,0,0,0,0,113,166,23,1,0,0,0,0,166,166,0,0,0,0,0,0,166,141,0,0,0,0,0,0,0,1,0,0,0,0,0,0,24,19,0,0,0,0,0,0,98,42,0,0,0,0,0,0,148,60
0,1,0,0,0,0,0,0,0,18,24,0,0,0,0,0,0,14,37,0,0,0,0,0,0,0,0,0,0,0,0,0,23,12,0,0,0,0,0,1,145,161,115,0,0,0,0,6,21,157,161,0,0,0,0,0,0,0,2,0,0,0,0,0,41,1,0,0,0,0,0,9,161,53,8,0,0,0,0,115,161,45,35,0,0,0,0,40,0,0,1,0,0,0,0,0,19,0,0,0,0,0,0,17,161,0,0,0,0,0,0,115,161,0,0,0,0,0,0,75,1,0,0,0,0,0,0,0
125,103,35,13,1,0,0,0,3,18,125,125,17,2,0,0,4,58,125,27,2,0,0,0,1,48,125,10,0,0,0,0,125,118,16,4,6,7,3,15,29,13,28,60,108,49,4,10,125,61,72,17,16,7,1,16,8,9,74,44,34,2,0,1,125,29,5,4,2,1,13,32,19,17,29,104,38,12,36,11,93,35,24,23,7,5,8,20,7,0,0,7,22,13,7,6,30,2,0,0,0,0,75,85,29,8,2,5,2,8,108,58,38,6,3,2,0,1,6,25,0,0,0,0,0,1,1,0
14,5,1,6,10,1,0,3,121,4,2,4,1,0,0,95,163,0,0,0,0,0,0,127,12,0,0,0,0,0,0,6,42,4,0,14,50,1,0,4,127,5,1,5,24,7,1,30,163,6,0,0,1,0,0,71,40,2,0,0,0,0,0,7,28,0,0,11,88,2,1,11,130,25,0,0,16,19,3,12,163,68,0,0,0,0,0,4,43,4,0,0,0,0,0,1,10,1,0,2,87,5,1,5,125,108,0,0,1,5,1,4,163,124,0,0,0,0,0,0,20,3,0,0,0,0,0,1
0,1,1,49,31,0,0,0,99,58,2,8,4,0,0,1,141,126,0,0,0,0,0,0,11,18,0,0,0,0,0,0,5,1,0,11,61,32,1,2,143,107,0,2,12,7,2,26,125,94,0,0,0,0,0,4,2,2,0,0,0,0,0,0,5,0,0,0,33,135,12,9,143,14,0,0,3,32,18,127,143,7,0,0,0,0,0,25,0,0,0,0,0,0,0,0,34,1,0,0,20,143,21,17,143,43,0,0,0,11,9,26,143,12,0,0,0,0,0,3,0,0,0,0,0,0,0,0
10,0,1,12,32,15,37,9,64,12,0,0,0,6,20,27,11,13,1,2,20,66,14,4,0,0,0,14,112,49,0,0,19,2,0,8,58,67,9,17,97,6,0,0,0,7,11,54,9,3,4,8,39,51,10,5,0,64,67,14,86,68,0,0,37,16,1,0,45,44,2,6,81,20,5,0,0,14,27,21,58,143,24,2,8,43,28,4,22,143,143,5,9,5,0,0,21,55,9,5,18,7,0,4,17,131,90,0,0,2,4,5,128,143,77,0,0,1,2,0,92,143,16,0,0,0,0,0
91,18,0,0,1,110,30,15,70,28,0,0,0,1,2,12,6,21,12,31,20,0,0,3,4,6,14,42,29,0,0,3,128,11,0,0,0,6,5,62,125,51,0,0,0,3,0,29,16,35,7,8,45,35,4,0,1,17,24,13,25,14,22,0,128,0,0,0,0,0,0,78,128,3,0,0,4,19,5,50,10,1,0,0,29,127,29,5,0,1,0,0,8,128,128,6,128,16,0,0,0,0,0,17,128,8,1,3,4,4,1,17,5,1,2,42,114,45,3,1,0,0,0,28,128,128,67,9
34,0,0,0,0,10,138,136,69,2,2,1,0,0,9,103,4,0,4,27,10,9,38,29,0,2,5,15,8,20,25,1,138,138,7,0,0,1,66,138,138,38,3,5,9,1,1,63,12,2,2,16,60,23,43,5,0,4,12,13,10,49,50,0,32,138,101,13,2,0,0,0,110,67,28,10,8,0,0,7,16,31,51,32,53,3,0,4,0,40,112,41,4,1,1,0,0,40,31,14,15,31,19,4,29,63,9,9,5,1,3,9,19,103,45,2,0,0,0,1,2,44,79,29,0,0,0,0
132,44,0,0,0,0,45,132,132,37,0,0,0,0,0,28,43,29,23,16,1,0,0,1,1,7,51,57,11,0,0,0,132,132,35,4,9,0,5,20,132,52,2,1,4,0,1,14,49,59,2,0,0,6,34,11,2,7,5,22,25,58,42,1,13,76,54,44,71,0,0,0,132,18,1,5,12,2,10,38,17,1,0,0,5,73,76,24,0,0,0,0,19,132,73,0,2,1,1,90,70,0,0,3,12,3,0,17,17,5,25,27,0,0,0,0,15,108,36,10,0,0,0,0,66,132,1,0
36,9,29,41,23,59,12,15,149,11,6,8,1,2,1,103,81,0,4,24,3,3,3,22,0,0,25,49,5,9,5,0,15,28,47,79,23,1,0,0,149,66,14,20,2,2,12,31,95,1,0,0,0,74,120,30,0,0,0,1,2,98,149,0,10,35,28,11,18,12,0,0,85,43,19,3,7,54,84,31,12,0,0,0,0,140,149,13,0,0,0,0,0,77,147,0,18,20,8,4,14,24,0,1,0,1,1,7,44,54,11,0,0,0,0,1,18,55,30,0,0,0,0,0,0,43,45,0
3,1,2,5,2,9,24,42,5,1,4,36,33,5,5,30,0,0,1,15,33,36,41,11,19,2,0,11,49,61,16,15,26,0,0,0,0,1,30,47,136,34,51,40,16,2,4,33,9,12,146,146,20,24,13,0,1,5,146,88,11,42,10,10,81,0,0,0,0,0,1,24,146,17,13,2,0,0,0,32,105,21,141,47,0,0,0,9,0,2,146,42,0,10,4,0,84,2,0,0,0,0,0,7,146,11,0,0,0,0,0,10,117,2,0,0,0,6,5,15,0,0,0,0,2,93,11,1
0,2,1,13,7,89,147,2,7,11,1,1,0,12,147,58,8,7,1,1,16,15,147,99,4,0,2,26,91,21,34,18,1,7,29,147,50,25,30,0,49,116,22,24,8,2,36,24,32,62,46,4,0,0,24,42,38,5,7,24,6,2,10,36,1,1,3,69,147,9,0,1,97,37,4,11,59,4,0,45,60,32,20,17,0,0,0,21,3,1,7,32,0,0,6,19,1,6,5,14,147,25,2,0,30,142,15,11,32,0,0,2,18,74,15,13,3,3,0,1,0,0,4,33,5,5,2,0
0,0,0,0,67,36,10,1,22,26,20,3,2,10,10,27,40,79,13,0,0,0,0,13,7,13,0,0,12,9,0,0,7,2,1,18,119,81,26,12,94,8,1,1,0,11,18,99,117,12,0,0,1,11,4,74,8,0,0,0,9,100,56,9,6,9,9,114,119,8,1,1,114,75,7,9,3,1,0,8,106,60,0,3,61,59,1,6,5,0,0,4,73,119,47,8,6,1,0,28,119,79,20,21,119,38,0,1,2,7,10,50,61,28,1,40,96,9,0,1,5,3,31,107,92,29,6,2
0,0,0,54,127,8,3,1,67,5,0,12,49,7,8,45,55,2,0,0,2,11,17,24,10,8,7,8,3,5,13,9,1,0,0,31,127,127,17,2,104,49,0,17,82,32,7,16,54,19,0,0,37,66,17,12,102,30,0,0,1,9,11,20,20,3,0,0,10,127,85,17,127,23,2,3,11,41,27,79,39,8,7,45,53,44,6,28,75,14,0,5,8,5,17,127,76,44,1,6,7,66,22,10,127,102,2,2,0,1,1,6,22,14,7,47,99,7,3,4,1,0,5,25,70,10,28,101
140,42,0,2,24,11,0,16,71,4,0,4,35,7,11,65,140,0,0,0,1,0,1,129,50,1,1,3,5,3,0,16,140,26,7,2,6,1,0,29,115,4,0,4,78,11,0,24,140,1,0,0,8,2,0,68,104,0,0,3,8,1,1,34,86,46,26,15,4,6,7,16,93,32,0,1,54,31,4,4,140,59,0,0,4,1,0,12,106,6,0,0,3,4,2,25,67,16,2,0,0,5,15,45,63,77,3,0,2,14,9,4,140,103,0,0,0,0,0,0,48,27,2,4,13,6,0,1
43,15,0,0,9,16,1,2,134,54,0,0,0,0,0,0,134,37,0,0,0,0,0,30,134,0,0,0,0,0,0,61,64,47,1,0,2,3,0,0,134,48,0,0,0,0,0,3,134,7,0,0,0,0,3,65,134,0,0,0,0,10,109,134,25,103,22,0,0,0,0,0,134,55,1,0,0,0,0,16,86,35,0,0,2,1,7,56,29,11,0,1,20,41,109,51,0,68,57,0,0,0,0,0,26,91,74,3,2,0,0,3,43,83,16,5,12,25,15,3,11,17,0,1,29,30,6,0
18,0,0,0,14,20,8,11,131,22,0,0,0,0,0,13,138,11,0,0,0,0,0,74,138,0,0,0,0,0,0,59,55,6,0,0,9,15,2,5,138,35,0,0,0,0,0,3,138,28,0,0,0,0,0,59,138,0,0,0,0,0,0,110,62,17,0,0,3,3,0,1,138,15,0,0,0,0,0,10,138,4,0,0,0,0,1,55,138,0,0,0,0,9,57,138,28,52,4,0,0,0,0,0,117,30,0,0,0,0,0,10,56,8,0,0,0,0,5,44,26,7,0,0,11,21,46,50
15,0,0,43,56,1,1,6,33,0,2,35,47,14,4,10,155,4,0,1,5,2,0,44,52,6,3,26,24,1,0,4,22,2,4,56,29,0,0,18,43,1,0,75,155,11,1,9,155,2,0,2,14,4,1,35,77,0,0,4,18,17,3,14,5,3,52,94,15,0,0,2,32,14,12,142,146,0,0,1,155,40,2,25,16,0,0,10,75,7,0,0,2,4,0,9,0,0,27,68,8,0,0,0,4,9,21,155,41,0,0,0,150,60,17,43,7,0,0,0,57,11,0,0,0,2,0,3
0,0,0,41,29,16,63,9,8,5,0,6,9,4,65,107,17,4,1,0,0,0,16,131,5,0,9,3,1,3,8,62,33,18,8,20,23,47,131,131,106,69,8,10,13,5,31,89,37,37,14,10,14,2,9,66,17,0,0,0,4,10,65,100,62,131,131,6,2,12,44,79,131,107,31,2,0,0,5,68,23,4,2,28,43,7,18,37,0,0,1,66,38,19,83,21,1,46,112,18,1,5,31,3,8,15,30,27,3,9,35,12,3,0,1,5,2,3,49,38,0,0,1,54,24,10,29,8
71,6,9,12,0,0,0,27,49,29,149,89,0,0,0,13,9,9,149,149,0,0,0,6,1,10,149,149,0,0,6,15,84,25,2,0,0,0,0,59,129,18,2,0,0,0,0,58,93,12,39,13,0,0,0,38,25,10,136,35,0,1,2,12,68,56,3,0,0,0,0,19,113,59,0,0,0,0,0,22,102,44,0,0,0,0,0,8,26,10,0,0,1,4,3,9,40,0,0,0,0,0,3,49,99,1,0,0,0,0,0,75,75,7,0,0,0,0,2,50,6,3,0,0,1,4,11,11
0,0,0,6,80,62,0,0,18,0,0,12,61,44,20,49,146,4,1,0,2,1,5,93,19,5,2,20,48,0,0,1,0,0,3,35,102,8,0,0,37,1,1,42,149,37,10,24,149,8,1,2,17,12,7,75,52,4,1,6,82,12,0,2,0,0,2,18,86,5,0,2,42,18,11,75,149,5,0,2,149,58,9,12,24,5,2,14,40,0,0,0,62,67,4,9,0,0,1,29,56,4,0,0,21,27,4,22,134,12,0,0,147,58,2,6,10,6,3,8,10,0,0,0,55,52,4,4
35,0,0,0,29,22,12,117,59,4,2,25,7,0,0,56,3,2,21,131,27,0,0,0,1,3,74,131,9,0,2,1,131,33,35,4,20,27,11,81,131,29,9,9,2,0,0,41,19,15,29,96,24,0,0,1,1,4,87,109,7,16,7,0,62,82,63,19,14,19,3,10,131,40,6,5,2,1,2,24,45,4,2,68,31,7,13,7,1,1,9,66,39,32,14,1,32,3,0,1,54,50,15,51,107,15,0,0,5,18,46,131,10,1,0,4,4,26,129,33,0,0,6,28,8,20,66,9
27,51,23,3,2,13,10,3,14,40,50,33,11,31,27,5,52,131,21,16,3,1,0,0,20,74,12,9,26,2,0,0,27,12,0,0,16,119,27,18,131,67,3,0,3,54,36,46,72,131,10,0,1,0,12,22,11,24,1,5,63,10,5,5,51,35,23,20,23,131,44,22,131,65,4,0,1,28,34,88,46,9,0,0,0,0,80,131,4,0,0,4,39,13,22,60,11,58,124,77,10,10,1,0,44,90,28,9,8,4,7,8,23,0,0,1,5,7,32,101,4,0,0,1,3,1,51,95
0,0,0,2,63,35,0,0,53,0,0,0,13,17,3,22,153,3,0,0,0,0,0,30,139,3,0,0,0,0,3,20,0,0,0,0,59,78,1,0,70,1,0,0,6,28,14,32,153,7,0,0,0,0,2,60,83,4,0,0,0,0,40,84,0,0,0,0,60,75,3,0,116,21,0,0,0,18,10,12,153,63,0,0,0,0,0,12,81,70,3,0,0,0,4,12,5,2,0,0,34,44,1,0,130,86,0,0,0,4,1,3,153,153,0,0,0,0,0,0,38,95,0,0,0,0,0,0
0,0,0,0,0,0,7,11,0,0,0,0,0,1,9,4,2,0,0,0,0,0,9,8,4,1,0,0,0,0,1,4,1,0,0,0,0,0,4,7,10,3,1,0,0,0,5,5,6,7,6,0,0,0,1,2,36,67,0,0,0,0,0,2,9,3,0,0,0,0,0,2,8,3,0,0,0,1,3,7,17,11,2,0,0,0,1,15,227,243,2,0,0,0,0,2,5,0,0,0,0,0,2,5,3,2,0,0,0,2,4,3,80,134,0,0,0,0,0,7,243,243,0,0,0,0,0,1
0,24,115,12,0,0,0,0,0,24,121,13,0,0,0,0,8,33,121,31,0,0,0,0,2,5,121,81,0,0,0,0,5,11,43,26,9,66,41,13,54,19,58,23,1,6,23,43,37,22,46,40,9,2,1,7,48,23,66,8,0,0,1,19,46,109,2,1,2,112,80,12,121,119,12,4,4,5,12,24,33,10,6,24,76,21,3,8,121,27,0,0,9,5,3,17,42,121,18,1,1,5,3,0,7,97,32,5,19,74,7,0,38,42,3,4,30,121,31,3,121,76,0,0,3,7,3,3
58,34,8,10,3,6,19,10,118,118,3,0,0,0,1,3,92,118,0,0,0,3,15,8,19,8,9,5,0,21,60,7,103,53,5,3,0,0,0,14,118,70,0,0,0,4,4,21,54,14,0,0,10,104,68,19,39,1,0,0,1,41,92,41,118,27,0,0,0,0,1,44,80,11,0,0,0,7,40,118,11,5,9,21,35,66,50,69,64,14,7,6,4,43,54,27,37,0,0,0,0,0,6,118,7,0,0,0,0,20,45,90,1,1,1,2,1,29,108,70,1,0,1,0,2,118,116,3
0,0,0,0,0,0,12,9,6,3,0,0,0,0,5,12,19,11,0,0,0,0,2,8,11,9,7,0,0,0,0,5,5,0,0,0,0,0,2,3,34,10,0,0,0,0,1,8,11,9,0,0,0,6,7,9,27,7,1,0,0,0,5,32,3,0,0,0,0,0,0,2,12,0,0,0,0,0,9,25,11,8,0,0,0,5,13,12,88,236,0,0,0,0,0,7,1,0,0,0,0,0,2,6,5,0,0,0,0,1,2,7,66,86,0,0,0,0,0,6,255,255,1,0,0,0,0,0
0,0,0,0,0,0,0,0,7,11,4,0,0,0,0,3,32,15,5,0,0,0,0,11,39,6,1,0,0,0,0,5,9,4,0,0,0,0,0,0,31,55,14,0,0,0,0,4,9,44,46,2,0,0,2,3,17,34,33,2,0,0,0,3,14,14,2,1,1,1,2,4,53,28,10,0,0,0,3,22,27,17,8,0,0,0,17,23,44,45,17,5,0,0,0,5,5,87,228,7,1,0,0,0,3,59,228,6,0,0,0,0,12,72,228,6,0,0,0,1,25,100,228,12,0,0,0,0
0,0,0,0,0,19,126,55,1,0,0,0,5,34,87,60,11,0,0,0,0,21,81,37,11,0,0,0,0,2,89,70,0,0,0,0,0,13,89,73,8,0,0,0,0,3,126,126,47,22,18,1,0,35,107,40,72,55,32,0,0,5,37,41,5,0,0,0,0,0,77,36,73,28,0,0,0,0,31,49,126,38,7,0,0,1,24,73,71,72,33,0,0,0,11,72,38,0,0,0,0,0,23,25,126,22,0,0,1,5,10,36,25,10,0,0,7,33,49,52,126,126,2,0,0,1,17,126
81,3,0,0,0,0,0,30,79,10,0,0,0,0,0,30,122,44,0,0,0,0,0,62,80,4,0,0,0,0,27,86,42,87,69,1,0,0,0,4,104,45,40,3,0,0,0,7,122,46,5,0,0,0,0,60,52,19,3,0,0,0,12,43,32,52,65,5,0,0,19,27,51,111,122,10,0,0,2,7,58,57,74,46,14,0,4,55,122,23,4,4,2,0,3,83,42,58,66,5,0,0,15,24,119,122,43,22,1,0,1,8,13,47,88,82,13,0,0,1,67,86,69,9,1,0,0,7
0,0,0,0,0,8,119,30,0,0,0,0,0,13,100,53,9,1,0,0,0,0,89,119,60,22,8,1,0,13,97,77,0,0,0,0,0,0,119,47,20,1,0,0,0,0,119,95,119,61,0,0,0,0,28,74,119,69,3,0,0,3,23,73,0,0,0,0,0,0,9,4,89,5,0,0,0,0,13,34,119,44,0,0,1,10,32,92,36,19,0,0,7,57,68,65,1,0,0,0,0,0,8,9,15,0,0,0,0,0,5,26,36,0,0,0,0,2,70,119,119,107,0,0,0,11,42,47
0,0,0,0,0,0,8,11,1,0,0,0,0,0,2,12,0,0,1,0,0,0,0,1,0,0,0,0,0,0,0,0,5,2,0,0,0,0,1,5,17,1,0,0,0,0,0,7,5,0,0,0,0,0,0,1,0,0,0,0,0,0,0,0,2,5,58,22,0,0,0,0,10,9,21,4,0,0,0,1,3,3,6,1,0,0,0,3,0,3,5,0,0,0,0,0,0,0,206,206,0,0,0,0,0,2,206,206,0,0,0,0,0,3,206,99,0,0,0,0,0,3,181,35,0,0,0,0
8,5,1,2,2,48,106,30,4,1,1,15,22,90,108,70,37,0,0,0,1,5,36,120,6,0,0,0,0,0,9,36,41,44,4,5,7,19,42,43,33,13,4,35,108,89,17,24,120,8,0,1,12,8,4,84,37,0,0,0,0,0,0,11,26,2,0,0,2,22,120,120,50,20,0,0,32,95,61,58,120,52,0,0,2,6,65,73,25,1,0,0,0,0,46,82,38,44,4,1,1,6,28,52,34,15,0,0,0,2,26,69,20,1,0,0,0,5,120,79,99,0,0,0,0,1,49,118
140,18,0,0,0,0,0,25,150,3,0,0,0,0,0,74,111,0,0,0,0,0,0,46,25,0,0,0,0,0,0,16,150,22,0,0,0,0,0,1,150,20,0,0,0,0,0,18,150,12,0,0,0,0,0,12,54,3,0,0,0,0,0,9,128,38,0,0,0,0,0,4,150,11,0,0,0,0,0,20,150,21,0,0,0,0,0,5,48,13,0,0,0,0,0,0,83,49,0,0,0,0,0,1,150,78,0,0,0,0,0,0,136,34,0,0,0,0,0,0,29,8,0,0,0,0,0,0
40,0,0,0,0,0,5,116,84,0,0,0,0,0,0,133,48,0,0,0,0,0,0,104,5,0,0,0,0,0,0,11,60,0,0,0,0,0,7,107,102,3,0,0,0,0,3,133,133,6,0,0,0,0,1,133,24,0,0,0,0,0,0,16,102,1,0,0,0,0,14,73,133,55,0,0,0,0,0,36,133,94,0,0,0,0,0,8,27,6,0,0,0,0,0,1,104,8,6,7,0,0,0,39,133,96,0,0,0,0,0,20,133,70,0,0,0,0,0,1,10,2,0,0,0,0,0,0
91,7,5,124,55,1,0,60,126,5,4,8,4,4,3,83,5,2,11,38,13,6,6,4,4,3,10,3,0,0,8,24,44,7,4,126,126,0,0,15,126,32,12,20,10,0,1,51,33,12,36,72,13,27,6,4,0,2,25,17,5,41,28,0,10,13,27,126,94,0,0,0,126,58,49,39,7,5,10,24,22,2,4,27,39,126,33,14,0,0,0,23,39,126,92,0,0,1,28,46,7,0,0,0,3,12,77,36,2,0,0,0,0,0,20,108,25,8,1,0,0,0,15,126,34,14,3,0
16,22,120,23,0,1,53,46,72,9,13,8,0,0,19,129,129,0,0,0,0,0,8,83,18,0,0,0,0,0,0,1,0,4,129,129,23,0,0,0,63,9,47,129,7,0,0,32,129,18,8,5,0,0,0,45,54,3,0,0,0,0,0,1,1,1,19,62,35,6,0,3,17,20,129,129,1,0,0,7,129,77,100,35,2,1,1,10,55,12,1,0,0,0,1,21,2,1,0,21,40,3,1,5,51,10,24,9,3,13,6,29,26,13,43,19,19,122,30,19,63,16,0,0,2,19,18,59
0,0,0,0,0,1,1,0,0,0,0,0,1,33,27,4,11,5,21,26,33,68,25,12,4,3,100,91,15,22,61,5,0,0,0,0,0,82,43,0,9,0,0,0,0,128,128,11,128,7,6,2,0,43,86,99,26,3,31,27,11,52,23,20,0,0,0,3,66,128,28,0,62,26,0,0,8,128,39,8,128,56,1,0,1,10,11,24,21,19,11,1,11,18,4,6,0,0,0,79,128,68,6,2,124,29,0,1,18,36,16,73,128,91,5,0,0,0,0,27,7,41,14,0,0,0,0,1
0,0,0,0,17,105,0,0,91,9,0,0,28,142,27,20,142,26,0,0,0,6,4,42,23,2,0,0,2,9,14,19,5,1,0,0,6,25,1,1,142,44,0,0,11,37,4,12,124,7,0,0,0,0,30,93,3,0,0,0,0,38,128,40,8,3,0,0,0,0,0,0,134,40,5,0,0,0,0,11,45,7,2,0,3,26,18,42,1,7,1,1,93,142,76,10,0,1,0,0,0,0,0,0,9,45,22,0,4,10,0,0,4,13,12,3,44,142,4,3,3,114,19,5,80,142,4,0
0,0,0,0,0,0,0,0,0,0,0,0,0,0,0,0,0,0,0,0,0,0,0,0,0,0,0,0,0,0,0,0,19,2,0,1,14,2,0,0,223,13,0,0,5,0,0,4,71,3,0,0,0,0,0,1,0,0,0,0,0,0,0,0,49,1,0,6,34,1,0,9,223,10,0,2,14,0,0,38,223,4,0,0,0,0,0,12,0,0,0,0,0,0,0,0,46,0,0,0,23,2,0,10,223,7,0,0,12,0,0,11,218,3,0,0,0,0,0,2,0,0,0,0,0,0,0,0
0,0,0,0,0,0,0,0,0,0,0,0,0,0,0,0,0,1,12,4,0,0,0,0,0,65,74,7,0,0,0,0,0,0,0,0,1,0,0,0,46,7,1,17,37,1,0,15,153,66,79,26,6,0,0,50,45,123,153,67,24,0,0,12,0,0,0,0,1,0,0,0,98,69,5,21,65,8,0,6,153,143,7,9,10,1,2,84,87,15,35,62,31,11,26,58,0,0,0,0,0,0,0,0,43,9,0,0,0,0,0,8,122,15,0,0,0,0,51,153,42,17,2,2,0,16,142,90
0,0,0,0,0,0,0,0,0,0,6,3,0,0,0,0,0,32,67,11,0,0,0,0,7,140,83,0,0,0,0,0,35,3,0,9,21,0,0,10,140,52,52,15,1,0,0,29,32,86,140,78,20,0,0,4,38,140,117,10,4,0,0,13,69,62,5,16,51,7,0,4,140,120,6,4,3,0,0,45,87,15,32,67,45,4,4,36,63,20,18,20,7,4,5,33,55,19,0,0,0,0,0,6,140,28,0,0,0,0,15,101,39,3,7,8,1,16,110,83,24,10,5,5,1,11,40,39
29,41,58,40,8,0,1,33,31,20,24,15,4,2,7,68,3,1,2,4,4,4,7,14,0,0,0,0,0,0,0,0,64,3,13,11,3,7,25,147,13,9,27,9,7,87,74,34,38,12,1,0,0,9,31,64,5,8,2,1,0,0,0,3,21,0,0,0,0,13,115,109,88,11,0,0,0,64,138,52,160,59,3,1,2,8,14,45,18,22,4,4,5,10,7,7,10,5,0,0,0,1,51,21,105,81,0,0,0,3,28,26,116,38,3,4,6,7,10,57,52,240,32,6,12,16,13,19
7,15,12,49,6,0,0,0,104,119,20,12,0,0,0,1,32,126,121,12,1,1,0,1,0,57,137,25,19,17,11,0,4,20,104,125,9,0,0,0,112,55,123,78,0,0,0,9,134,59,21,6,17,14,3,50,2,29,38,17,39,50,20,3,23,32,63,53,14,3,12,15,10,23,92,114,10,2,2,4,30,66,42,14,3,1,0,8,7,33,29,8,6,7,5,5,10,8,29,137,137,1,2,7,1,1,5,21,6,4,3,2,0,4,4,2,0,0,0,0,0,0,0,2,8,5,2,1
0,0,0,0,0,0,4,17,0,0,0,0,0,1,4,1,0,0,0,0,0,0,2,1,0,0,0,0,0,0,0,0,47,0,0,0,0,3,10,162,2,0,0,0,0,27,30,14,13,0,0,0,0,1,14,24,2,0,0,0,0,0,0,2,202,0,0,0,0,1,21,208,46,6,0,0,0,11,26,70,46,18,0,0,0,0,2,6,5,1,0,0,0,0,0,0,208,0,0,0,0,0,0,208,197,8,0,0,0,0,1,86,27,10,0,0,0,0,3,15,2,0,0,0,0,0,0,3
154,255,54,0,0,0,0,0,96,214,0,0,0,0,0,3,11,9,0,0,0,0,1,3,0,0,0,0,0,0,0,0,96,255,17,0,0,0,0,0,54,36,4,0,0,0,6,21,15,3,0,0,0,0,5,21,2,0,0,0,0,0,0,1,4,79,39,0,0,0,0,0,3,20,40,0,0,0,0,1,12,19,9,0,0,0,0,2,2,1,0,0,0,0,0,0,11,12,5,0,0,0,0,0,1,4,8,0,0,0,0,0,0,2,2,0,0,0,0,0,0,0,0,0,0,0,0,0
0,0,0,0,99,69,0,0,87,35,0,0,24,20,0,0,166,89,0,0,0,0,0,0,65,30,0,0,0,0,0,0,2,0,0,0,110,58,0,0,152,13,0,0,12,3,0,12,166,18,0,0,0,0,0,23,78,5,0,0,0,0,0,3,2,0,0,0,56,49,0,0,164,14,0,0,2,1,0,3,166,36,0,0,0,0,0,5,78,7,0,0,0,0,0,1,3,2,0,0,14,19,0,0,133,52,0,0,0,0,0,0,166,60,0,0,0,0,0,0,46,8,0,0,0,0,0,0
0,0,0,0,142,142,0,0,22,7,0,5,41,64,0,0,142,60,0,0,1,0,0,0,91,23,0,0,0,0,0,4,0,2,2,4,142,87,0,0,44,7,4,15,33,4,0,0,142,17,0,0,2,0,0,3,107,1,0,0,0,0,0,16,1,2,0,16,142,13,0,0,43,2,0,2,42,12,0,3,142,1,0,0,2,0,0,38,111,0,0,0,0,0,0,17,0,0,0,64,142,3,0,0,17,0,0,5,23,10,0,3,142,0,0,0,0,0,0,64,80,0,0,0,0,1,1,53
75,0,0,0,0,0,3,115,35,8,0,0,0,0,0,7,8,2,0,0,0,0,0,3,0,0,0,0,0,0,0,0,200,1,0,0,0,0,0,176,59,4,1,0,0,0,5,21,11,2,0,0,0,0,3,16,2,0,0,0,0,0,0,1,200,3,0,0,0,0,0,161,83,15,12,0,0,0,0,10,10,14,5,0,0,0,0,1,2,1,0,0,0,0,0,0,200,0,0,0,0,0,0,200,92,1,1,0,0,1,11,46,0,1,1,0,0,0,12,11,0,0,0,0,0,0,1,1
34,1,0,0,10,7,0,2,155,71,0,0,5,3,0,0,155,40,0,0,0,0,0,0,2,0,0,0,0,0,0,0,60,4,0,0,17,8,0,1,155,74,0,0,4,2,4,22,153,27,0,0,0,0,65,29,0,0,0,0,0,4,65,7,45,38,20,5,8,1,0,0,155,52,6,0,1,0,31,104,39,19,0,0,0,0,155,94,3,8,1,0,0,5,154,33,2,79,41,0,0,0,0,0,21,125,16,0,0,0,1,8,19,89,2,0,0,0,6,9,3,28,8,0,0,0,3,4
24,0,0,0,1,0,0,9,103,0,0,0,0,0,0,12,65,8,0,0,19,11,0,3,150,59,0,0,1,0,0,0,31,0,0,5,2,0,0,6,136,0,0,0,3,1,0,12,126,12,0,0,27,11,0,3,150,56,0,0,0,0,7,24,17,6,75,73,0,0,0,1,111,33,19,7,2,0,0,3,94,49,25,7,14,1,0,5,150,32,1,0,0,0,46,116,0,2,113,150,35,20,0,0,10,64,78,49,8,1,0,0,7,119,49,0,0,0,0,0,25,106,7,0,0,0,3,11
9,0,0,0,4,2,23,117,7,0,0,0,0,0,176,179,0,0,0,0,0,0,179,179,0,0,0,0,4,0,108,179,27,3,0,0,4,0,0,8,52,3,0,0,0,0,11,30,3,1,1,4,1,0,55,137,0,0,0,0,0,0,66,179,24,11,0,1,1,0,0,0,55,9,0,0,0,0,0,2,7,1,0,4,3,0,0,4,4,1,0,1,0,0,6,73,22,5,0,0,1,0,0,0,37,4,0,0,0,0,0,0,6,1,0,1,1,0,0,0,3,2,0,0,0,0,0,0
127,9,2,19,128,38,6,53,128,4,0,0,0,0,0,70,86,31,5,4,1,0,0,8,1,5,6,50,12,1,0,0,99,17,12,86,94,5,3,25,128,31,3,2,0,0,0,45,111,18,0,0,1,4,27,29,0,0,0,7,9,36,31,2,28,28,28,73,10,2,23,10,128,41,11,8,0,0,8,56,26,1,0,0,0,3,55,76,0,0,0,0,2,56,41,4,2,2,1,2,1,1,128,67,18,5,0,0,0,0,128,128,6,4,0,0,0,0,106,106,1,4,9,1,1,38,55,10
16,3,0,1,2,7,35,44,111,6,0,0,0,3,7,77,88,3,0,0,2,9,12,94,0,0,0,1,111,67,11,9,27,2,7,66,21,22,75,71,128,31,2,1,0,0,9,91,94,29,0,0,16,19,5,15,0,0,0,0,115,93,4,2,19,21,94,128,15,2,2,11,128,127,69,20,0,0,0,32,71,25,2,6,50,7,0,12,0,0,0,11,128,24,0,0,0,7,58,59,9,2,1,0,10,81,73,7,0,1,2,2,8,35,7,12,40,4,0,0,0,1,1,38,119,0,0,0
3,0,0,0,13,48,26,9,37,36,0,0,8,59,61,9,39,112,42,0,0,5,7,5,4,22,83,6,0,0,0,2,6,1,0,16,28,70,40,6,118,111,0,0,12,22,8,25,94,118,17,0,0,0,0,12,11,28,67,9,0,0,0,3,7,3,117,118,13,15,10,5,118,50,111,35,0,2,3,73,91,27,12,0,0,0,4,103,17,5,2,0,0,0,9,62,0,0,81,95,2,20,30,0,9,27,118,50,2,24,60,1,13,27,53,3,0,39,96,10,1,1,3,0,0,54,118,21
3,75,126,14,15,4,3,4,16,111,74,3,11,15,7,9,19,50,12,0,6,14,36,10,16,40,19,1,1,1,6,18,8,24,27,2,5,14,10,27,19,12,13,3,36,126,26,10,126,85,9,0,7,33,15,17,30,109,59,0,0,0,0,1,0,0,2,14,23,21,16,19,38,2,0,11,100,89,16,16,126,22,0,1,8,10,8,126,50,18,1,0,0,0,26,66,34,19,61,49,17,9,3,9,4,7,126,91,24,46,7,10,60,85,126,8,2,6,6,125,28,60,23,0,0,28,22,56
43,27,21,13,7,1,26,75,18,0,1,23,56,5,24,53,4,22,26,39,66,38,21,4,2,26,34,5,17,119,119,4,16,11,22,28,38,38,114,40,119,7,1,24,27,7,8,50,15,2,14,119,107,31,5,1,0,25,119,119,52,82,17,0,44,119,17,0,0,6,66,48,119,54,5,6,4,2,4,8,37,9,24,91,29,0,0,2,2,17,119,50,1,0,5,4,0,92,47,7,2,0,0,0,98,22,13,7,3,0,0,11,50,6,3,56,23,1,1,9,1,2,1,25,19,9,37,8
11,1,1,24,38,44,139,36,128,11,0,2,1,1,108,139,27,14,12,71,28,5,23,27,0,0,14,139,46,0,0,0,22,13,14,137,67,2,2,3,139,67,13,19,2,0,1,25,80,40,21,3,0,0,3,23,1,3,27,139,5,0,0,3,12,7,29,68,15,2,14,17,95,21,26,47,8,0,16,94,26,2,1,1,0,0,59,139,2,0,0,8,0,0,33,65,15,9,24,42,3,0,1,7,9,9,26,54,6,0,3,10,13,6,24,21,1,0,17,70,2,0,0,1,0,0,61,76
2,2,1,2,12,17,58,33,40,3,0,0,0,3,36,103,21,12,5,1,0,0,1,11,7,2,2,1,0,0,3,5,15,4,1,4,136,104,25,24,151,11,0,0,11,31,28,141,89,17,10,7,1,2,2,9,2,2,6,6,2,2,1,0,57,15,0,0,151,151,1,5,151,83,0,0,15,19,4,21,81,7,0,0,0,12,44,14,0,0,0,1,3,15,40,5,80,61,1,0,54,105,1,0,151,88,0,0,1,6,13,14,15,1,0,0,0,25,70,11,0,0,0,0,0,24,63,7
8,2,0,7,133,43,11,11,147,0,0,0,25,24,17,122,85,3,2,2,1,5,6,25,0,0,1,2,2,6,12,0,23,3,0,0,147,92,0,3,147,14,0,0,51,19,1,28,123,1,0,0,0,24,34,23,0,0,0,0,0,23,60,1,29,18,1,1,137,128,1,0,147,71,0,0,14,11,4,16,64,2,0,0,0,48,46,22,0,0,0,0,0,32,70,4,18,74,11,9,61,26,0,1,90,104,1,0,1,4,18,12,9,1,0,0,0,57,39,5,0,0,0,0,0,21,33,21
55,0,0,0,0,0,0,9,173,0,0,0,0,0,0,55,56,0,0,0,0,0,9,40,0,0,0,9,22,23,8,2,61,0,0,0,0,0,0,6,173,12,0,0,0,0,0,20,86,15,5,13,9,8,11,16,0,0,0,3,29,139,16,2,49,0,0,0,0,0,0,7,173,3,0,0,0,0,0,28,134,9,6,54,24,3,0,5,0,0,2,124,112,53,0,0,31,0,0,0,0,0,0,3,173,0,0,0,0,0,0,23,141,0,0,13,1,0,0,14,1,0,13,130,10,0,0,1
91,2,0,0,0,0,0,11,137,24,19,7,0,0,0,21,84,34,134,137,0,0,0,14,1,7,48,47,0,0,0,0,113,7,0,0,0,0,0,0,137,8,0,0,0,0,0,63,137,48,10,1,0,0,0,71,38,23,7,0,0,0,0,3,43,69,69,1,0,0,0,0,137,101,17,0,0,0,0,6,137,67,0,0,0,0,4,52,26,1,0,0,0,0,3,25,34,63,73,4,0,0,0,8,61,79,90,17,0,0,0,5,131,45,6,3,0,0,1,20,7,11,2,0,0,0,1,2
0,0,1,35,120,51,0,2,31,9,4,25,13,2,7,22,53,31,2,0,0,0,7,10,120,57,0,0,0,0,0,2,0,0,2,83,115,5,1,0,16,4,4,72,62,5,5,10,120,48,0,1,6,2,5,21,120,53,0,0,0,0,0,7,0,0,0,68,120,6,2,0,15,3,0,30,116,16,2,1,120,19,0,6,13,0,0,37,120,76,0,0,0,0,0,20,0,0,0,120,120,0,0,0,5,1,0,32,100,9,0,2,120,41,0,2,5,1,0,16,120,113,2,0,0,0,0,8
0,0,0,0,0,0,0,0,8,0,0,0,0,0,0,3,6,0,0,0,0,14,25,13,0,0,0,0,11,72,44,0,13,10,2,20,51,0,0,0,154,56,4,9,12,1,2,24,94,3,0,0,2,96,55,37,0,0,0,0,5,153,67,0,42,9,1,59,154,31,0,1,154,59,2,5,47,11,14,39,45,3,0,0,2,108,77,27,0,0,0,0,1,90,39,0,73,10,0,4,154,118,1,3,154,59,0,0,30,23,3,8,7,4,0,0,30,65,16,2,0,0,0,0,0,26,21,1
3,30,136,31,4,1,6,6,12,60,136,136,39,1,2,18,136,136,136,90,6,0,1,63,116,48,5,0,0,0,0,25,8,15,99,20,15,1,0,25,16,21,95,32,18,6,3,7,128,118,52,6,0,0,3,25,32,26,9,1,1,9,17,26,63,6,2,11,7,0,1,103,16,14,44,29,7,1,0,5,87,34,14,0,0,0,7,26,13,41,17,0,0,8,34,17,71,50,40,59,0,0,0,10,15,8,11,1,0,0,0,1,58,21,5,0,0,0,0,14,46,48,17,0,0,0,0,8
1,4,14,13,3,1,8,8,122,6,11,1,0,0,1,93,189,0,0,0,0,0,0,72,69,0,0,0,0,0,0,17,5,8,9,7,5,1,0,0,125,7,7,4,6,8,1,29,189,11,0,0,0,0,0,53,107,3,0,0,0,0,0,6,0,3,10,22,5,0,0,0,136,13,5,16,12,5,0,3,189,59,0,0,0,0,0,5,88,14,0,0,0,0,0,1,0,5,26,54,8,0,0,0,82,33,47,24,1,0,0,0,189,45,5,1,0,0,0,1,56,8,0,0,0,0,0,0
0,0,0,2,37,79,20,0,41,22,0,0,0,41,35,7,91,27,0,0,0,2,6,13,5,8,5,1,2,10,5,2,8,0,0,53,145,48,8,10,145,46,0,0,3,9,7,34,63,68,8,0,0,0,0,2,3,38,12,0,0,0,0,0,9,0,0,145,145,4,2,7,145,16,1,20,24,1,1,45,103,34,2,0,0,0,0,6,4,17,1,0,0,6,7,2,2,1,3,145,145,2,9,13,145,61,27,145,28,0,0,0,68,35,3,6,14,7,2,0,0,0,1,1,5,23,18,0
1,11,19,5,20,117,25,0,27,117,51,5,15,117,39,14,117,117,4,0,0,3,15,51,20,4,4,1,1,4,7,8,5,50,110,31,46,52,14,13,10,107,102,12,32,25,8,12,117,28,2,0,2,3,3,52,52,10,9,0,0,4,0,9,9,4,4,2,29,92,87,113,23,10,3,5,31,18,25,97,117,25,0,1,2,1,1,14,41,0,0,0,2,28,20,25,32,0,0,0,72,68,18,89,117,6,0,0,0,0,6,117,72,16,0,0,0,0,1,27,13,0,0,0,23,33,7,5
187,187,0,0,0,0,0,0,83,45,1,0,0,0,0,6,67,5,0,0,0,0,0,8,19,11,0,0,0,0,0,0,187,110,0,0,0,0,0,4,58,22,1,0,0,0,3,11,100,3,0,0,0,0,0,8,41,8,0,0,0,0,0,0,187,46,0,0,0,0,0,5,50,24,6,0,0,0,0,3,95,6,0,0,0,0,0,4,54,1,0,0,0,0,0,2,187,133,0,0,0,0,0,4,29,7,1,0,0,0,0,1,68,0,0,0,0,0,0,4,46,0,0,0,0,0,0,3
7,0,0,0,39,101,14,11,168,1,0,0,6,29,11,75,108,0,0,0,0,0,0,17,1,0,0,0,0,0,0,0,29,3,0,0,122,81,1,4,168,39,0,0,10,12,1,26,151,18,0,0,0,0,0,7,2,0,0,0,0,0,0,0,36,1,0,0,118,49,0,4,168,7,0,0,4,1,0,40,157,3,0,0,0,0,0,12,1,0,0,0,0,0,0,0,29,8,0,0,48,40,0,0,168,46,0,0,0,0,0,3,129,10,0,0,0,0,0,0,0,0,0,0,0,0,0,0
0,0,0,2,23,61,7,2,150,21,0,1,6,20,9,40,103,23,0,0,0,0,0,6,1,0,0,0,0,0,0,0,11,0,0,0,15,163,29,15,163,6,0,0,0,35,21,61,163,5,0,0,0,0,0,5,1,0,0,0,0,0,0,0,53,9,0,0,68,140,8,11,163,59,0,0,1,11,5,27,148,16,0,0,0,0,0,2,1,0,0,0,0,0,0,0,92,18,0,0,54,42,0,0,163,84,0,0,0,0,0,0,66,21,0,0,0,0,0,0,1,0,0,0,0,0,0,0
113,141,0,0,0,48,9,2,62,141,3,0,0,0,0,2,32,88,12,0,0,0,0,3,3,37,8,0,0,0,0,0,141,141,0,0,0,1,0,0,93,42,0,0,0,0,0,16,93,6,0,0,0,0,0,24,29,15,1,0,1,0,0,2,141,38,0,0,0,0,0,6,88,14,0,0,0,0,1,11,80,23,0,0,0,4,28,12,23,2,0,0,0,6,71,14,141,4,0,0,0,1,1,20,43,1,0,0,0,55,51,18,11,7,0,0,0,119,141,12,19,23,2,0,0,25,141,58
3,0,0,0,15,104,13,14,45,11,0,0,7,103,87,40,27,17,6,7,7,18,30,20,4,0,5,4,4,9,15,37,12,0,0,0,115,124,9,8,124,53,0,0,38,82,14,26,79,32,2,2,34,124,30,16,74,6,0,0,3,33,26,34,12,1,3,50,124,29,10,11,124,17,9,29,49,30,7,65,81,30,2,7,104,122,14,25,124,52,0,0,1,5,3,6,0,0,5,28,16,3,70,84,25,31,26,30,11,2,27,42,40,49,14,30,25,4,4,9,84,66,1,0,0,0,1,6
34,0,0,0,1,7,13,44,0,0,0,19,29,49,19,9,4,0,0,141,63,5,8,15,0,0,0,141,56,0,0,0,4,0,0,5,4,14,116,52,19,1,0,2,3,121,139,32,141,9,4,82,15,15,27,74,8,2,7,141,49,0,0,0,4,0,18,64,12,8,27,4,42,30,39,46,5,23,31,5,141,66,7,10,0,2,12,21,19,4,10,141,7,7,26,3,8,2,12,14,6,8,2,6,14,18,18,16,4,7,5,4,54,19,2,0,0,10,105,35,2,0,0,2,1,18,141,4
0,101,61,2,0,4,0,0,9,58,6,0,0,36,37,7,4,5,2,2,7,10,50,39,13,32,8,3,8,1,0,5,0,8,21,8,36,110,13,0,12,2,1,1,29,131,76,25,131,9,0,0,3,29,65,131,61,13,0,0,0,5,12,30,0,0,0,5,120,109,2,0,31,20,10,52,92,76,5,5,131,95,7,10,15,8,2,14,41,15,0,0,62,71,31,14,0,0,0,17,122,12,0,0,51,15,2,13,64,23,2,3,131,81,2,4,28,3,0,1,29,23,2,10,131,23,1,2
15,10,0,11,135,30,1,0,39,10,0,4,40,15,5,15,31,8,0,0,4,35,23,10,0,11,1,0,24,47,19,1,4,1,0,14,135,39,2,2,73,22,0,8,62,20,4,14,18,19,11,31,57,43,15,3,20,135,11,4,5,16,17,4,12,3,0,0,135,135,55,8,106,14,0,2,40,22,18,40,50,110,35,28,13,0,7,20,31,135,25,4,9,8,2,2,74,52,2,3,10,107,109,29,82,24,1,4,23,19,20,47,135,65,0,0,1,2,13,91,30,38,0,0,14,38,45,20
6,5,0,0,21,100,45,21,69,2,0,0,2,13,40,92,32,4,0,0,2,14,34,44,9,2,0,0,0,2,26,71,22,6,6,34,81,83,6,12,137,19,6,12,22,8,5,53,61,9,1,12,123,60,33,26,128,39,5,1,7,10,22,71,13,2,3,36,72,9,0,3,137,13,3,12,24,4,1,17,92,16,4,66,137,2,0,8,137,45,5,8,17,2,5,46,10,1,3,79,60,0,0,0,137,16,1,16,25,0,0,6,62,13,24,59,76,0,0,4,74,35,26,16,10,0,3,25
46,0,0,10,70,1,1,43,60,0,0,0,0,0,4,120,95,0,0,1,5,0,0,120,5,0,0,35,119,1,0,10,35,8,1,26,99,4,4,18,100,4,0,0,0,0,1,56,120,3,0,0,1,0,0,61,35,0,0,13,117,8,0,9,21,7,2,37,120,18,14,31,120,84,1,1,1,1,4,48,120,59,0,0,0,4,6,15,28,0,0,0,70,103,12,10,12,34,43,98,65,0,0,1,68,120,23,6,1,3,0,1,22,36,0,0,1,57,23,6,1,0,0,0,15,120,20,3
47,2,0,0,28,36,36,30,51,4,0,0,7,21,70,126,18,6,9,3,14,11,23,42,0,1,11,60,50,5,1,0,105,8,2,37,126,25,6,8,126,98,6,17,58,19,15,65,77,50,63,9,1,8,10,13,0,0,52,46,6,11,6,0,126,8,5,72,126,0,0,6,126,48,15,45,74,1,6,92,87,12,3,1,1,14,45,58,4,2,2,4,32,51,16,1,107,12,20,34,29,0,0,4,44,60,86,39,15,0,0,8,55,59,9,1,4,0,2,13,6,6,0,4,113,25,0,0
3,0,0,63,115,28,3,4,26,0,0,9,23,15,15,41,67,3,0,0,1,5,20,74,40,3,0,0,0,18,34,50,10,0,0,6,93,125,22,12,113,7,2,9,18,48,24,65,19,2,3,44,45,13,55,70,8,2,1,12,5,25,125,84,24,17,52,125,113,71,4,4,125,57,43,26,6,10,6,14,19,2,6,69,47,13,8,5,21,61,24,69,16,6,23,5,5,5,92,125,2,0,0,1,9,18,123,125,11,2,1,1,1,2,17,51,23,15,5,0,21,36,13,8,3,9,25,27
0,0,1,2,24,68,27,3,22,1,3,2,7,30,65,41,13,2,0,1,26,29,62,48,50,3,1,0,0,2,13,67,4,1,0,5,128,61,7,6,128,10,0,5,66,29,14,65,85,2,0,3,128,65,11,35,128,0,0,0,10,10,11,84,4,8,2,26,128,3,0,0,128,57,4,15,75,37,3,9,94,18,1,1,128,116,2,6,128,17,0,0,7,12,13,29,3,6,1,22,103,5,0,0,27,21,2,13,51,20,2,3,30,51,11,16,65,27,4,3,53,32,0,0,0,15,38,12
3,24,30,10,47,22,3,3,82,12,1,3,22,17,8,31,47,4,1,5,42,17,4,39,80,3,0,0,0,0,0,57,16,12,8,59,123,14,0,1,123,43,2,22,71,9,1,9,72,13,3,46,123,23,3,43,123,1,0,2,2,1,0,79,9,11,11,123,123,0,0,0,123,21,9,69,66,0,0,32,61,18,19,122,123,1,0,19,123,60,17,18,3,0,0,17,0,2,7,81,40,2,1,0,34,31,68,87,17,0,0,5,13,29,52,25,10,3,3,5,10,58,27,5,0,0,13,4
22,71,63,2,1,0,0,11,74,98,59,0,0,0,0,18,9,72,66,9,0,0,0,0,0,3,33,57,1,0,0,0,73,32,5,5,31,28,4,21,146,22,0,1,9,12,3,43,66,70,18,6,0,0,0,1,4,14,16,91,18,0,0,0,90,49,4,7,146,94,7,17,146,13,0,0,8,19,4,34,132,37,5,0,0,4,4,12,6,13,3,30,39,42,11,1,84,33,9,42,146,28,1,6,146,77,4,4,5,2,0,6,77,17,0,0,9,48,15,5,1,0,0,1,10,82,55,9
24,13,8,44,54,5,4,13,32,110,51,34,27,4,9,29,23,77,102,44,7,0,0,10,7,42,119,49,7,4,0,0,31,1,2,7,6,11,40,56,125,61,15,7,2,5,11,14,57,34,38,8,3,28,41,12,0,1,32,13,18,125,16,0,36,1,2,11,4,0,5,42,125,3,0,0,0,3,22,78,13,0,0,0,5,92,88,26,0,3,7,2,55,125,16,1,6,0,0,12,44,36,68,17,11,0,0,0,0,4,125,114,0,0,0,0,25,109,114,36,4,23,21,4,50,125,8,2
0,0,0,128,57,7,32,12,0,0,0,63,45,9,12,22,20,0,0,0,2,2,11,83,21,0,0,0,0,0,5,75,0,0,0,19,18,21,159,105,19,0,0,27,41,117,159,21,141,69,24,0,3,18,25,45,26,47,84,0,0,0,1,14,3,0,0,0,0,1,62,26,78,2,0,0,0,15,64,23,159,52,20,0,0,1,4,30,53,28,110,1,0,0,0,2,2,0,0,0,1,10,2,2,74,1,0,0,0,2,2,14,159,0,0,0,0,0,0,42,82,2,2,0,0,0,0,7
3,0,0,0,0,0,0,1,3,0,0,0,0,0,0,0,0,0,0,0,0,0,0,0,0,0,0,0,0,0,0,0,32,0,0,0,1,0,0,22,111,5,0,0,0,0,0,12,69,20,0,0,0,0,0,1,121,41,0,0,0,0,0,0,33,0,0,0,7,1,0,26,161,0,0,0,0,0,0,41,177,65,0,0,0,0,0,8,177,152,0,0,0,0,0,0,23,0,0,1,14,1,0,13,151,0,0,0,0,0,0,22,177,72,0,0,0,0,0,3,177,113,0,0,0,0,0,0
46,2,0,49,115,1,0,1,130,4,0,1,3,9,4,24,19,20,5,3,13,83,51,10,11,70,22,0,0,13,70,17,28,0,0,130,130,0,0,4,130,3,3,16,15,3,0,36,32,45,30,16,19,18,9,6,15,74,20,0,1,6,65,32,6,3,4,130,130,0,0,0,130,53,14,54,30,0,0,5,43,38,69,15,11,5,3,0,3,61,99,3,1,4,15,5,0,1,4,130,85,0,0,0,50,65,26,102,22,0,0,0,49,63,29,0,0,0,0,6,5,25,50,2,1,3,0,4
0,0,0,0,72,112,0,0,42,27,0,0,49,130,5,3,65,123,0,0,0,7,1,1,11,59,3,0,0,0,0,0,5,0,0,0,130,130,0,1,130,39,0,0,36,75,3,7,127,40,0,0,0,0,0,15,33,4,0,0,0,0,3,17,13,0,0,3,130,88,0,1,130,4,0,0,18,11,0,36,108,1,0,0,0,5,5,41,17,0,0,0,0,46,57,15,3,0,0,56,130,3,0,1,109,0,0,7,17,0,0,71,61,0,0,0,10,29,10,72,18,19,0,1,16,78,26,3
38,3,0,0,0,0,0,0,186,62,0,0,0,0,0,0,141,60,11,5,16,26,0,0,0,0,5,23,57,45,2,0,67,4,0,0,0,0,0,0,186,57,0,0,0,3,2,8,146,16,0,0,30,145,10,11,6,4,1,1,19,86,14,9,82,1,0,0,0,0,0,1,186,9,0,0,0,8,10,54,64,7,1,0,12,98,24,31,10,34,12,1,7,13,0,1,38,0,0,0,0,0,0,4,171,0,0,0,0,0,2,39,28,4,0,0,0,3,5,15,9,8,1,0,1,0,0,0
4,15,8,1,0,0,15,46,81,40,13,0,0,0,16,76,130,22,1,0,3,1,8,30,12,3,1,9,53,24,13,9,2,130,84,6,2,0,0,2,38,130,130,66,38,0,0,2,130,53,10,17,9,0,0,11,13,8,7,85,51,0,0,3,3,130,64,8,28,8,28,12,5,31,22,42,130,21,6,4,71,2,0,9,34,4,4,124,16,0,12,57,3,0,0,91,8,19,3,5,29,22,86,44,2,4,12,29,92,30,22,11,3,0,31,64,19,2,2,50,6,1,10,8,0,0,10,130
0,0,4,116,27,0,4,13,11,2,1,82,29,0,9,50,70,33,9,6,1,3,15,51,21,21,46,52,11,16,5,2,25,0,0,33,26,2,5,84,23,6,2,90,120,11,1,6,122,69,6,6,8,12,15,20,40,27,45,40,3,122,84,6,81,8,1,1,14,18,4,41,12,0,0,2,122,101,14,16,68,3,0,0,18,117,122,71,5,0,0,0,0,122,122,9,23,25,11,6,32,8,0,1,0,0,12,41,122,49,3,0,0,0,2,61,56,56,40,1,0,0,3,27,2,20,25,7
0,0,0,1,1,0,0,0,7,6,8,27,11,0,0,0,21,19,39,148,29,0,0,0,0,0,1,148,46,0,0,0,1,0,0,2,7,4,4,16,36,5,1,13,42,20,2,8,148,26,16,136,32,1,0,10,7,2,3,148,146,0,0,0,3,0,3,74,12,2,5,18,24,11,13,18,13,4,9,26,148,18,5,12,9,5,8,46,14,0,0,148,128,20,10,10,9,0,3,119,34,4,1,17,3,0,0,33,37,12,27,35,20,0,0,4,3,13,84,78,22,3,1,20,14,44,99,30
56,0,0,0,9,24,40,56,40,2,0,0,2,12,70,127,17,5,5,12,36,13,18,40,2,9,19,94,59,2,0,0,124,8,0,29,104,28,10,12,127,65,0,14,37,16,18,68,88,51,41,18,2,4,6,17,0,1,45,68,7,11,2,0,127,11,5,77,73,0,0,3,127,42,20,45,39,0,0,61,96,11,2,2,4,8,23,70,2,0,2,5,44,88,16,1,127,25,23,31,9,0,0,1,40,71,88,27,5,0,0,5,51,65,10,3,16,1,0,10,2,2,0,8,127,34,2,0
2,0,1,11,47,97,13,6,33,21,6,41,46,3,1,2,130,141,44,9,14,1,0,0,9,31,16,8,155,114,0,0,15,30,13,2,12,47,10,10,66,14,3,11,39,6,0,9,155,15,0,1,43,25,0,25,14,1,0,0,155,155,0,2,11,32,11,3,10,1,0,0,30,12,3,12,31,1,0,1,154,17,0,0,59,26,0,7,6,0,0,0,155,151,0,1,0,0,0,0,0,0,0,0,0,0,0,0,0,0,0,0,2,0,0,0,0,0,0,0,0,0,0,0,2,0,0,0
27,6,1,17,73,64,9,15,136,8,0,6,20,10,6,51,63,7,0,14,62,38,33,36,114,30,5,1,0,1,9,42,26,4,1,49,95,2,0,4,136,10,1,19,24,0,0,22,113,16,5,87,95,1,0,10,136,23,4,4,2,0,5,59,14,4,5,136,58,0,0,1,136,38,9,36,11,0,0,8,83,25,59,74,26,0,0,3,68,60,39,6,0,0,0,19,0,3,15,136,17,2,4,1,87,71,38,48,1,0,1,2,57,18,16,2,0,0,6,19,21,51,18,0,0,0,0,4
18,14,3,39,24,10,23,7,38,25,6,2,1,4,7,9,88,71,52,0,0,0,1,17,6,27,114,1,0,6,0,1,5,12,4,27,54,21,2,0,31,17,11,8,11,73,37,29,153,23,3,0,0,9,15,97,28,2,2,0,3,123,6,9,3,33,18,10,33,12,0,0,14,71,153,28,14,20,4,2,123,104,49,2,1,95,16,14,12,1,0,0,1,153,15,3,33,78,4,0,3,3,0,0,11,48,40,6,20,83,0,0,1,6,10,2,14,153,21,0,0,0,0,0,2,153,8,0
64,23,1,0,12,11,4,34,122,20,2,0,2,3,1,63,26,21,18,38,20,11,1,4,1,1,6,35,58,17,14,5,113,42,3,38,107,19,1,24,122,17,2,9,23,10,1,87,55,3,0,4,38,99,25,15,2,0,3,15,70,58,60,18,65,51,65,80,49,0,0,2,122,122,45,27,12,1,2,9,26,14,16,66,117,34,9,3,45,0,0,39,122,37,41,73,2,11,37,15,13,34,21,6,10,29,14,1,5,11,60,56,7,8,9,29,81,30,34,25,41,19,28,62,122,24,0,18
17,0,0,9,110,11,2,19,153,3,0,0,5,4,1,136,85,6,0,0,0,0,0,56,4,0,0,0,0,0,0,1,28,0,0,1,153,51,1,4,153,38,0,0,12,6,0,25,153,37,0,0,0,0,0,6,7,2,0,0,0,0,0,0,39,7,0,0,48,97,4,0,153,18,0,0,3,3,0,38,153,5,0,0,0,0,0,36,6,1,0,0,0,0,0,1,35,36,0,0,2,23,0,0,153,70,0,0,0,0,0,3,150,19,0,0,0,0,0,7,8,0,0,0,0,0,0,0
3,0,0,0,0,6,11,4,4,0,0,0,0,1,11,10,0,0,0,0,0,0,5,2,36,25,0,0,0,0,2,2,2,3,4,1,3,7,3,1,18,4,0,0,0,0,1,4,5,2,0,0,0,3,3,2,148,183,0,0,0,0,1,1,3,0,0,0,2,6,6,14,13,0,0,0,0,2,1,10,43,57,0,0,0,9,3,1,183,183,0,0,0,0,2,0,1,0,18,27,3,1,2,14,9,8,11,2,0,0,0,25,183,150,2,0,0,1,0,3,183,183,0,0,0,32,53,26
6,2,5,9,14,22,104,81,98,79,40,1,0,0,17,117,46,69,93,10,0,0,9,40,1,3,88,24,0,0,47,58,17,45,110,75,29,8,27,44,117,117,65,7,0,0,10,117,117,18,13,1,0,0,14,74,11,3,45,10,0,0,12,60,5,100,117,5,0,0,1,8,80,106,60,2,0,0,0,18,76,12,0,0,0,0,14,55,55,18,0,0,0,0,5,26,16,17,69,10,0,0,17,77,31,25,26,1,0,0,1,19,70,18,9,0,0,0,0,22,58,19,2,0,0,0,0,7
159,17,0,0,0,0,0,15,50,0,0,0,0,0,0,10,21,0,0,0,0,0,0,7,0,0,0,0,0,0,0,0,159,26,0,0,0,0,0,19,63,5,0,0,0,0,0,6,35,0,0,0,0,0,0,9,2,0,0,0,0,0,0,0,159,28,0,0,0,0,0,29,41,7,0,0,0,0,2,5,34,5,0,0,0,3,15,5,3,0,0,0,0,4,11,0,159,0,0,0,0,10,79,123,12,0,0,0,0,83,159,15,4,0,0,0,0,159,159,5,0,0,0,0,0,118,159,0
1,3,3,2,3,7,70,26,6,1,0,9,30,54,36,11,157,31,0,2,4,9,7,29,51,16,0,0,0,0,0,1,3,0,1,13,9,20,68,33,34,0,0,0,18,140,66,37,162,10,0,0,0,20,19,72,78,3,0,0,0,0,0,2,4,9,26,13,31,37,22,7,115,9,0,0,84,111,6,10,162,56,0,0,1,6,2,8,60,10,0,0,0,0,0,0,0,2,19,14,64,106,0,0,131,51,0,0,53,72,1,2,162,84,0,0,0,0,0,0,30,6,0,0,0,0,0,0
0,0,0,0,100,129,1,0,72,65,0,0,18,128,13,2,79,125,1,0,0,3,2,1,21,39,10,0,0,0,0,2,11,1,0,7,129,72,0,0,129,50,0,0,27,14,2,7,90,26,0,0,0,13,60,26,20,5,0,0,0,1,60,55,11,0,0,125,129,1,0,0,129,3,1,28,29,5,5,34,36,35,6,2,5,36,49,21,29,59,1,0,0,1,32,44,0,0,0,129,115,0,0,0,84,16,7,84,49,0,0,9,39,33,31,5,1,0,3,6,15,39,25,0,0,0,9,21
161,15,18,18,56,30,2,99,5,4,12,64,105,59,6,4,125,19,6,22,8,1,1,75,47,3,0,79,161,3,1,53,161,0,0,0,44,61,27,161,30,33,4,6,65,70,15,20,46,14,6,28,6,0,0,34,40,0,0,24,82,1,0,39,161,0,0,0,1,6,14,161,31,5,0,0,1,7,9,49,3,2,0,3,1,0,0,0,0,0,0,0,0,0,0,0,12,0,0,0,0,0,0,17,0,0,0,0,0,0,0,1,0,0,0,0,0,0,0,0,0,0,0,0,0,0,0,0
53,0,0,0,0,0,0,8,181,0,0,2,3,2,0,42,44,0,0,19,68,45,5,13,14,3,0,1,12,10,8,31,56,0,0,0,0,0,0,7,181,8,1,6,6,4,1,23,69,10,23,76,72,73,7,9,19,11,16,20,11,14,13,19,51,0,0,0,0,0,1,4,181,7,2,4,0,0,0,15,117,10,49,110,19,10,0,3,1,5,28,71,50,33,2,0,43,3,0,0,0,0,0,1,181,38,0,0,0,1,0,2,95,6,0,2,29,101,3,3,0,3,4,3,43,136,2,0
2,1,0,13,122,5,0,0,69,60,0,1,12,0,0,0,72,85,5,6,1,0,0,1,12,6,7,20,3,1,5,22,10,4,0,122,122,0,0,0,122,81,0,11,13,0,0,7,83,107,9,6,0,0,0,3,12,24,61,58,1,0,0,5,4,0,0,122,122,0,0,0,122,7,3,61,38,0,0,60,122,17,0,0,0,0,0,78,47,17,18,8,0,0,0,13,0,0,4,122,78,0,0,0,27,2,16,122,18,0,0,21,66,0,3,19,0,0,0,122,29,0,0,0,0,0,5,90
50,3,0,1,126,62,12,40,126,7,0,4,46,9,4,70,4,48,25,42,126,11,1,3,12,118,20,17,23,4,0,0,76,48,9,0,23,53,69,105,126,29,6,7,6,2,2,58,29,45,36,53,16,1,0,4,14,64,51,22,4,0,0,0,53,126,126,47,0,0,6,19,109,45,72,67,0,0,0,20,39,13,6,14,1,0,8,37,30,23,10,1,4,14,8,18,13,126,33,56,3,0,0,0,3,2,26,126,19,0,0,2,7,0,5,41,14,7,12,25,4,0,0,0,4,26,68,24
8,3,0,0,0,6,29,14,2,1,0,1,18,26,5,2,34,35,3,1,6,7,0,1,49,75,2,0,0,0,0,0,23,14,1,0,1,24,28,8,19,2,0,0,8,71,48,10,132,76,0,0,1,7,6,9,40,65,0,0,0,0,0,0,0,2,1,1,7,133,46,0,40,1,0,1,4,60,120,83,133,26,0,0,0,1,92,133,19,10,0,0,0,0,86,62,0,12,74,23,16,53,5,0,1,0,18,38,114,64,62,36,4,0,0,0,13,23,133,133,0,0,0,0,0,0,133,133
0,0,0,0,0,0,3,0,11,11,5,0,0,0,0,3,26,5,0,1,1,0,5,59,0,0,22,89,6,0,7,19,16,3,2,5,6,18,108,69,119,112,27,1,0,1,23,92,83,89,60,5,0,0,18,119,2,2,51,58,3,0,57,119,30,80,119,32,10,9,19,30,119,119,61,5,1,0,6,70,119,35,43,4,0,0,1,58,23,11,83,19,0,0,7,36,22,64,98,9,0,0,0,24,75,77,34,0,0,0,0,12,97,16,0,0,0,0,0,34,72,13,3,0,0,0,0,20
18,16,23,10,6,2,44,47,20,36,65,92,27,1,2,11,27,109,156,46,3,0,0,0,1,9,156,50,0,0,0,0,12,76,78,14,0,0,0,1,51,48,35,28,4,0,0,5,156,61,31,2,0,0,0,12,30,10,85,10,0,0,0,0,2,47,41,15,3,9,31,3,33,9,11,44,32,35,24,13,156,13,0,2,2,5,5,58,40,2,0,0,0,0,0,5,0,0,0,3,22,38,77,3,13,0,0,0,15,103,81,30,156,0,0,0,2,20,18,140,54,0,0,0,0,0,0,13
4,0,0,0,11,130,149,14,47,15,7,3,1,17,57,117,9,18,31,6,0,9,63,47,2,32,8,0,1,37,71,2,53,6,1,0,0,46,58,14,157,77,27,14,1,2,10,40,29,35,64,105,16,16,28,11,26,157,34,8,1,6,21,8,58,25,5,0,0,3,0,1,157,34,4,6,4,9,3,26,59,13,20,59,34,56,8,16,46,34,7,7,4,6,17,87,53,11,0,0,0,0,0,0,157,55,4,5,2,3,0,2,42,18,17,65,36,20,1,2,20,47,15,20,16,4,3,10
8,36,121,26,1,0,0,4,102,114,91,19,1,0,0,46,84,50,1,0,2,11,29,62,15,7,0,0,0,8,24,39,3,22,121,53,61,72,14,14,56,121,61,42,37,22,1,6,21,62,9,25,91,27,11,6,51,1,1,4,16,13,23,59,5,8,21,66,53,66,15,14,121,11,3,33,23,17,1,53,48,5,5,121,76,0,0,18,74,23,17,53,15,0,0,4,4,36,48,121,12,0,9,4,52,3,11,121,12,0,1,40,27,0,3,48,7,1,28,88,13,20,26,38,2,0,10,14
1,0,0,0,0,0,0,0,34,0,0,1,2,0,0,3,6,0,0,4,12,2,1,2,1,5,4,36,32,3,1,0,48,0,0,0,0,0,2,4,209,10,0,7,12,3,0,17,84,8,1,29,87,25,6,11,37,53,8,29,60,7,4,16,75,2,0,0,0,0,3,4,209,43,3,12,15,17,2,11,83,13,21,58,67,100,20,30,34,19,5,10,40,12,41,86,73,8,0,0,0,0,2,2,209,82,7,17,4,5,0,1,63,20,37,125,64,74,3,1,22,22,7,21,28,33,32,40
0,0,0,0,0,138,87,2,48,0,0,0,0,114,138,67,78,23,2,0,0,5,12,39,6,20,19,13,4,0,1,6,22,3,0,0,16,138,53,8,138,19,0,0,0,21,35,58,125,3,0,0,0,0,32,99,5,2,1,2,4,1,62,78,64,21,0,8,56,37,2,1,138,74,2,0,0,0,0,7,51,13,14,6,0,0,24,45,23,19,10,1,0,0,31,46,71,22,1,43,48,0,0,0,138,93,5,0,0,0,0,3,32,48,88,16,0,0,0,3,17,43,74,5,0,0,0,2
10,1,0,0,6,37,84,33,9,5,15,22,13,10,35,37,13,36,25,5,7,35,12,5,4,4,0,0,4,54,57,3,22,2,5,2,0,24,84,98,120,17,0,0,4,3,18,75,23,5,1,8,97,70,7,7,17,9,2,5,40,87,39,6,31,28,120,66,0,0,8,35,111,55,120,17,2,5,7,27,8,2,24,49,85,33,10,6,12,26,16,35,61,29,26,5,0,3,120,44,0,0,0,0,0,10,120,61,1,0,0,0,0,0,75,120,105,31,0,0,0,0,1,20,120,120,60,21
10,17,16,40,28,2,1,5,40,0,1,41,92,7,0,69,128,0,0,0,2,1,0,110,4,0,0,0,0,0,0,2,2,1,0,1,30,35,37,52,49,1,0,3,136,93,8,25,136,9,0,0,7,7,1,87,28,1,0,0,0,0,0,6,0,0,0,0,7,100,68,22,98,22,0,0,29,136,37,9,136,81,0,0,1,5,1,9,36,9,0,0,0,0,0,0,1,11,32,10,9,97,22,0,94,136,17,0,0,27,14,2,136,128,0,0,0,0,0,0,16,5,0,0,0,0,0,0
18,58,61,26,8,0,0,3,3,18,82,45,10,7,1,0,11,72,48,6,10,13,1,1,6,9,2,2,27,56,30,48,4,6,7,13,64,48,57,29,7,5,19,7,1,33,98,35,23,16,19,21,26,16,27,23,0,2,20,100,69,28,4,4,1,0,0,17,115,83,69,64,62,8,0,1,1,8,70,115,92,47,9,8,1,7,42,55,2,13,22,58,65,51,26,2,2,0,46,115,112,3,2,13,37,14,115,45,2,0,10,115,19,45,69,0,0,5,103,99,2,115,37,0,4,32,48,7
10,1,0,0,5,115,115,12,81,6,0,0,0,41,115,63,19,6,17,37,33,14,8,10,1,5,22,23,40,17,21,6,59,81,3,12,83,93,29,8,115,85,14,0,0,1,8,57,44,10,4,18,32,2,5,68,1,1,28,76,57,6,6,4,101,94,11,86,78,0,0,5,83,104,91,4,2,0,0,16,22,22,40,13,32,31,18,9,7,1,15,24,6,22,71,21,42,6,15,115,27,0,0,16,61,9,19,28,5,8,31,97,0,1,5,6,83,100,42,8,50,40,1,0,20,56,42,19
35,0,0,0,0,0,0,9,167,0,0,1,3,4,1,46,25,2,3,19,25,15,11,21,1,0,1,84,167,4,3,5,76,0,0,0,0,0,3,11,167,25,6,9,4,5,1,25,52,13,10,50,50,38,17,17,1,0,2,62,167,20,18,10,82,3,0,0,0,0,3,7,167,12,0,1,4,19,14,59,46,13,17,8,56,94,21,23,1,9,33,45,41,26,13,3,28,68,65,0,0,0,0,1,138,96,75,3,0,1,6,47,39,35,17,8,10,12,6,17,5,16,25,14,13,20,3,1
0,0,0,0,0,45,28,0,0,0,0,0,0,45,116,0,0,0,0,0,0,7,112,22,0,0,0,0,0,0,27,40,19,3,0,1,75,120,55,4,60,42,25,14,3,64,120,16,1,5,23,80,56,26,120,40,15,0,0,7,29,7,101,120,30,18,16,78,120,29,1,2,106,51,16,12,8,14,7,31,4,2,12,72,118,52,6,6,78,54,18,50,85,7,10,64,0,7,11,50,76,43,38,1,8,22,10,7,5,20,48,26,6,3,21,57,10,2,14,35,24,118,46,47,6,0,1,4
71,15,2,4,8,13,36,48,1,0,21,27,26,58,121,19,52,3,21,9,0,3,96,121,44,0,0,0,0,0,0,58,35,49,13,12,8,8,3,5,10,16,83,56,19,11,8,16,121,19,66,58,24,14,3,35,121,5,0,0,0,0,0,29,4,15,6,11,25,86,36,5,12,6,2,1,6,53,121,74,121,68,1,5,18,63,50,17,96,29,0,0,0,0,0,1,0,0,26,121,55,34,18,0,12,121,100,36,6,14,76,19,55,121,14,0,0,3,16,6,11,21,0,0,0,0,0,0
7,8,1,13,118,115,31,2,103,46,2,2,7,39,65,50,40,7,3,24,31,3,4,30,0,1,27,39,32,10,8,1,17,25,9,118,118,6,0,0,111,118,31,31,12,2,2,17,20,24,24,12,33,42,22,13,44,24,25,19,6,18,38,23,4,2,11,118,34,0,0,0,45,10,68,118,5,8,17,38,6,22,65,37,45,117,34,14,112,118,24,1,8,28,14,15,0,0,2,9,0,0,0,0,0,0,72,79,0,0,0,0,0,29,118,58,3,6,1,0,7,99,61,0,0,0,0,0
0,0,0,0,0,15,98,6,0,0,0,7,32,34,125,20,0,3,30,125,125,35,11,0,4,76,125,77,23,0,0,2,35,34,2,1,20,104,125,42,121,26,0,3,6,11,106,87,10,5,19,68,90,29,11,4,9,40,52,25,15,13,21,17,34,125,39,14,37,13,2,2,102,74,36,4,4,1,1,14,16,3,3,37,88,20,6,7,0,0,16,45,36,33,20,8,64,52,20,36,13,1,5,15,11,15,29,11,19,55,25,8,16,8,5,22,10,23,51,30,13,39,66,76,11,2,1,5
15,80,22,9,35,60,49,21,15,30,12,10,28,32,62,137,52,0,0,0,2,7,16,137,3,0,0,0,0,0,0,1,34,34,17,11,34,23,11,26,35,18,10,19,113,137,30,42,137,28,4,1,8,35,18,137,47,0,0,0,0,0,0,11,88,16,18,22,28,9,22,80,27,50,137,104,85,26,1,5,116,66,47,4,3,3,1,7,9,0,0,0,0,0,0,0,76,10,6,0,0,24,88,137,25,13,40,4,0,0,0,15,0,0,2,0,0,0,0,0,0,0,0,0,0,0,0,0
0,0,0,0,0,0,0,0,1,1,4,93,91,39,14,0,21,7,10,52,37,39,36,16,9,28,27,27,8,9,47,23,0,0,0,0,0,0,0,0,14,0,0,8,18,125,150,22,133,22,1,6,19,93,150,96,21,11,1,3,135,130,73,20,0,0,0,0,0,0,0,0,116,6,0,0,0,8,62,24,150,64,0,1,27,8,28,36,28,15,1,2,150,115,0,0,0,0,0,0,0,0,0,0,20,0,0,0,0,0,0,0,60,2,0,0,4,0,0,0,2,0,0,0,26,4,0,0
0,0,0,0,0,0,0,0,0,0,0,0,0,0,0,0,0,0,0,0,0,0,0,0,0,0,0,0,0,0,0,0,0,0,24,5,0,0,0,0,57,26,134,32,0,0,0,0,149,28,16,1,0,4,12,65,20,0,0,0,0,52,81,32,0,0,59,14,0,0,10,4,27,35,149,149,1,1,32,17,149,102,116,31,1,6,19,81,34,12,22,9,9,64,69,45,0,0,1,0,0,0,51,29,5,0,18,21,1,2,149,149,94,39,20,14,3,2,65,107,23,23,10,19,24,39,24,2
