0,0,0,0,3,73,124,109,1,0,0,0,26,33,50,87,0,0,0,3,34,17,0,0,0,0,0,0,0,0,0,0,46,22,36,28,30,54,73,124,124,16,9,29,44,24,30,124,13,8,76,124,73,16,1,3,0,20,61,26,0,0,0,0,19,29,124,101,5,0,0,2,124,99,62,29,0,0,0,10,50,30,94,90,0,0,0,0,0,7,124,106,0,0,0,0,23,7,29,17,0,0,0,10,35,75,37,10,0,0,0,5,16,40,3,1,0,0,0,0,0,7,22,23,0,0,0,0
0,0,28,112,98,112,4,1,4,15,112,112,29,21,5,7,51,112,102,9,0,0,1,54,79,57,21,0,0,0,0,87,2,0,6,46,36,46,27,19,11,9,30,96,112,26,1,1,101,112,56,10,8,0,1,16,25,74,54,0,0,0,15,14,6,11,24,10,8,22,13,12,5,4,64,91,37,10,0,0,65,13,34,40,8,3,19,37,9,1,1,1,4,12,112,49,4,22,33,2,0,0,0,0,0,3,96,62,0,0,0,0,0,0,31,112,66,5,3,0,0,0,0,16,85,40,50,8
12,22,87,97,6,0,0,0,104,30,24,9,1,0,3,52,25,1,0,0,0,0,29,119,0,0,0,0,0,3,32,22,0,0,51,71,20,11,18,1,8,3,17,39,91,35,16,29,37,8,0,0,5,6,36,119,5,6,4,2,4,14,50,36,0,0,0,5,35,83,119,1,19,5,0,1,61,102,108,27,119,73,9,0,5,4,7,54,15,37,46,25,10,0,1,7,0,0,0,92,119,49,33,0,7,2,2,31,37,44,119,91,104,37,3,0,0,0,24,119,44,57,40,20,9,0,1,60
8,1,1,0,0,0,2,63,42,0,0,0,0,0,4,80,131,25,0,0,0,0,0,24,81,89,1,0,0,0,0,0,7,18,62,1,0,0,1,16,59,14,35,6,0,0,1,51,132,23,1,0,0,0,0,58,132,48,0,0,0,0,0,4,8,8,28,2,0,0,67,100,24,48,55,9,0,0,16,66,132,113,10,0,0,0,0,20,132,16,0,0,0,0,0,47,5,1,0,0,0,0,104,132,43,6,0,0,0,0,39,132,65,13,0,0,0,0,1,132,55,1,0,0,0,0,2,105
27,0,0,0,0,0,0,34,36,5,0,0,0,0,0,28,79,51,0,0,0,0,1,9,137,95,0,0,2,0,0,1,22,0,0,0,0,0,4,70,114,20,0,0,0,0,0,37,137,104,0,0,0,0,0,1,137,75,0,1,3,0,0,0,24,5,7,0,0,0,9,65,137,4,0,0,0,0,0,94,137,24,0,0,0,0,0,22,137,14,0,0,0,0,0,28,7,17,42,3,0,0,7,14,115,54,10,0,0,0,0,26,137,8,0,0,0,0,0,43,137,0,0,0,0,0,0,114
65,8,28,13,0,0,0,45,85,92,126,69,0,0,0,24,81,126,62,3,0,0,0,5,29,86,3,0,0,0,0,0,68,65,26,0,0,0,0,11,126,57,9,0,0,0,0,75,126,57,1,0,0,0,0,64,49,65,0,0,0,0,0,2,1,110,125,0,0,0,0,0,37,126,85,0,0,0,0,3,126,126,6,0,0,0,0,9,49,17,0,0,1,5,13,12,0,48,58,0,0,3,8,1,13,63,28,0,0,2,45,12,52,35,1,0,0,0,34,70,7,2,0,0,17,63,22,20
1,14,115,48,4,3,9,4,9,39,81,83,50,5,7,11,26,115,115,115,65,7,2,10,62,115,24,1,6,8,2,21,4,7,25,15,9,52,89,13,73,25,60,37,7,10,24,39,11,76,115,50,14,0,0,0,0,29,18,15,68,44,0,0,7,16,115,32,8,22,28,7,115,98,92,2,0,2,8,28,38,21,26,37,30,0,0,5,0,0,7,101,113,16,0,0,0,3,115,14,2,0,0,0,3,32,97,7,3,1,0,0,2,11,16,16,20,0,0,0,0,0,4,59,59,3,0,0
50,13,0,0,0,0,0,0,65,39,0,0,0,0,0,0,88,53,0,0,0,0,0,0,115,50,0,0,0,0,0,4,85,12,0,0,0,0,0,8,104,30,0,0,0,0,0,3,98,19,0,0,0,0,0,34,141,45,0,0,0,0,0,56,91,0,0,0,0,0,0,39,110,17,0,0,0,0,0,20,56,82,4,0,0,0,0,28,141,141,0,0,0,0,0,16,86,5,0,0,0,0,0,53,112,87,4,0,0,0,0,6,75,141,15,0,0,0,0,0,141,141,0,0,3,1,0,0
55,0,0,0,0,0,0,31,78,3,0,0,0,0,0,50,152,80,0,0,0,0,0,13,34,57,1,0,80,50,0,0,44,0,0,0,0,0,2,31,76,0,0,0,0,0,16,103,158,29,0,0,5,0,1,37,52,10,0,6,158,31,0,0,19,0,0,0,0,0,3,34,144,14,0,0,0,0,8,24,158,27,0,1,5,0,0,7,42,7,0,51,153,0,0,0,32,3,0,0,0,0,0,37,125,37,0,0,0,0,0,4,158,8,0,0,0,0,0,21,43,1,1,54,40,0,0,5
122,10,0,0,0,0,0,11,129,0,0,0,0,0,0,34,74,8,0,0,0,0,0,10,36,91,0,0,0,0,0,1,123,10,0,0,0,0,0,6,129,4,0,0,0,0,0,13,129,54,0,0,0,0,0,2,100,129,0,0,0,0,9,10,89,15,0,0,0,0,0,6,129,2,0,0,0,0,0,20,129,16,0,0,0,0,2,35,71,17,0,0,2,33,109,62,37,52,30,0,0,0,0,1,129,129,15,0,0,0,0,4,49,100,25,5,4,2,2,6,3,7,9,24,97,70,26,6
17,13,0,0,2,113,71,6,13,0,0,0,5,100,116,18,5,0,2,45,116,46,20,6,8,14,93,78,33,5,1,5,5,0,0,8,58,116,20,4,116,7,0,0,12,24,25,26,27,3,0,7,116,33,2,4,19,6,6,2,52,24,30,59,7,2,1,28,116,15,1,3,116,28,3,5,25,2,0,16,30,9,4,69,116,2,0,2,0,0,0,55,116,41,44,11,2,4,7,33,51,34,7,0,64,27,10,11,6,31,61,61,27,5,3,67,50,0,16,67,0,0,0,102,116,53,2,0
20,69,2,1,2,55,57,5,4,3,5,41,84,70,47,9,5,2,15,88,95,18,2,6,0,0,0,61,114,31,0,0,34,6,0,0,0,92,114,36,114,11,1,6,9,23,53,46,10,2,1,84,108,9,2,3,0,0,8,114,114,0,0,0,109,114,19,4,1,10,46,21,109,63,22,6,2,9,13,18,5,1,27,21,50,52,17,4,0,31,76,43,45,4,0,0,14,114,114,24,3,0,0,0,1,24,72,30,9,4,4,0,0,4,85,19,1,3,8,1,1,38,69,2,0,1,5,2
132,1,0,0,20,26,10,124,6,3,3,1,20,45,62,25,25,31,10,1,1,32,54,10,42,73,8,0,0,0,12,23,132,25,2,0,31,15,14,132,89,52,36,5,36,16,13,21,39,41,94,24,10,13,8,14,55,26,5,4,8,5,6,93,120,132,40,2,1,7,20,132,132,31,16,3,1,9,21,89,20,10,21,12,13,58,32,16,34,22,6,2,9,17,10,27,7,132,111,30,1,0,0,0,50,35,49,33,2,1,1,11,11,5,6,2,2,4,15,14,1,7,3,0,0,12,29,3
71,32,13,4,0,2,3,5,156,37,1,0,0,0,0,49,87,2,0,0,2,17,16,17,0,0,2,4,0,6,24,8,26,104,156,2,0,0,0,1,156,115,48,1,1,2,0,32,107,12,1,0,27,36,11,19,8,13,11,6,2,10,26,11,3,44,84,10,11,20,2,3,147,75,37,3,2,12,8,99,99,31,5,0,8,12,12,55,24,25,31,17,3,5,8,2,0,65,124,12,7,4,0,0,16,116,134,16,1,2,0,8,64,30,28,17,0,0,1,12,17,3,3,2,2,10,11,6
3,0,2,20,17,11,9,12,60,0,0,0,0,5,6,148,103,2,4,0,0,0,0,148,5,3,14,0,0,0,0,1,0,1,11,86,74,3,1,1,71,19,52,12,9,7,2,58,148,41,10,0,0,0,0,124,31,2,0,0,0,0,0,3,0,50,148,65,39,0,0,1,15,129,148,12,1,0,0,1,126,148,114,0,0,0,0,3,16,5,0,0,2,13,16,2,5,26,65,5,1,0,15,10,12,24,50,0,0,1,3,13,0,7,16,0,5,14,8,1,1,0,0,3,65,46,23,7
17,8,0,0,0,4,17,2,1,0,0,0,0,2,49,9,0,0,0,1,6,1,16,9,0,0,17,46,54,22,2,0,1,1,0,0,0,158,158,1,14,2,0,1,0,51,158,75,114,9,0,0,0,0,112,158,13,1,9,22,11,3,0,6,0,0,3,8,9,83,63,0,80,35,13,8,1,16,53,20,158,62,1,0,0,1,11,52,32,3,0,6,3,5,9,5,0,36,80,6,5,2,0,0,40,65,132,2,0,1,0,1,158,58,20,0,3,6,2,14,19,4,1,1,5,15,14,10
48,63,16,0,0,2,1,0,124,49,14,73,4,0,0,0,2,49,114,126,6,0,0,0,0,98,126,24,7,5,0,0,65,37,4,0,0,0,0,8,126,48,17,17,0,0,0,4,21,89,115,44,2,0,0,1,0,87,38,2,86,77,0,0,66,41,31,0,0,0,0,21,126,49,4,0,0,0,0,26,66,22,17,0,11,9,1,24,0,4,3,5,126,86,0,0,9,50,66,0,0,0,5,7,89,91,8,0,0,0,0,12,42,27,1,2,32,10,0,4,0,0,3,13,126,42,0,0
0,0,0,6,41,60,8,0,103,23,4,5,5,18,16,8,174,108,6,1,0,0,0,18,28,23,27,13,0,0,2,11,7,2,2,10,87,19,0,4,134,18,10,5,2,2,1,20,174,30,1,0,0,0,1,106,43,16,12,7,0,0,8,51,4,1,7,25,63,13,1,3,131,22,6,10,1,2,2,5,174,81,1,0,0,0,0,7,57,44,8,0,0,1,3,6,1,0,0,2,32,16,11,10,134,30,2,5,0,1,9,11,174,82,0,0,0,0,0,0,31,9,0,0,6,12,5,0
17,9,24,25,100,29,1,0,172,38,9,2,0,0,0,24,131,23,11,4,0,0,2,23,14,22,13,5,0,1,4,4,24,5,9,12,22,51,20,5,172,96,6,2,0,3,6,22,125,58,35,11,0,0,3,26,10,13,18,4,0,9,11,11,32,9,8,6,23,10,1,7,172,27,3,1,0,0,1,105,127,25,19,8,0,0,11,91,7,9,28,6,6,2,2,6,18,3,7,13,13,3,1,5,172,26,0,1,0,0,0,15,164,47,4,0,0,1,2,12,4,6,1,0,5,6,7,2
7,2,0,28,27,16,21,4,152,32,1,7,8,2,2,3,75,5,0,2,2,1,4,32,2,0,0,28,19,0,0,11,22,0,0,10,6,18,118,35,152,17,1,5,3,3,16,54,64,12,2,40,29,4,9,43,1,0,0,10,6,10,18,66,35,14,38,147,4,3,15,12,152,62,14,11,0,0,2,34,109,22,9,130,36,0,0,6,0,0,2,73,23,16,24,23,6,18,34,131,9,2,0,0,152,122,23,16,0,0,0,1,84,21,2,39,36,2,0,1,0,0,5,74,54,11,0,0
0,0,0,0,0,0,42,77,0,0,0,5,55,43,22,23,45,24,6,14,122,116,7,2,122,85,1,0,2,7,3,2,8,0,0,0,0,0,58,122,77,11,17,33,35,11,16,103,34,95,122,107,62,13,0,0,104,122,29,1,0,0,0,0,50,15,13,8,0,1,41,44,122,35,7,2,0,0,15,56,50,39,58,11,0,0,13,34,12,43,13,0,0,0,0,1,34,58,28,15,2,0,0,0,90,52,1,0,24,45,52,35,122,7,0,0,2,10,43,99,25,1,0,0,0,0,0,5
36,4,12,5,2,7,8,85,21,13,52,92,6,0,0,10,122,53,48,78,6,0,0,64,122,25,1,0,0,0,2,95,114,72,6,0,5,2,1,50,122,69,61,23,0,0,0,12,48,122,122,34,0,0,0,2,74,86,12,0,0,2,8,21,43,122,55,5,0,0,0,0,122,109,20,2,0,0,0,31,84,38,27,1,0,1,1,59,2,9,4,0,10,43,6,3,38,41,27,6,0,2,24,12,100,54,27,7,0,0,1,15,57,36,11,3,2,1,6,17,3,1,0,3,72,28,3,1
0,0,5,25,25,2,6,3,49,7,4,40,146,8,2,10,146,9,1,4,10,1,0,40,18,0,0,0,0,0,0,2,0,1,7,19,29,4,17,2,43,5,7,42,146,35,4,18,146,16,5,5,26,12,2,69,40,0,0,0,0,0,0,4,2,0,0,1,11,5,126,52,35,37,98,83,109,9,19,36,146,146,87,17,8,1,0,6,28,10,0,0,0,0,0,1,15,1,2,0,0,10,74,60,128,12,18,1,0,5,27,124,35,27,17,0,0,5,32,62,8,2,0,0,0,0,0,9
4,1,0,8,30,12,4,3,115,73,0,0,0,1,3,11,119,125,2,0,0,0,4,9,11,28,9,0,0,0,44,14,23,6,0,41,69,2,0,1,136,136,5,2,4,0,0,12,74,115,104,2,0,0,2,6,0,1,107,12,0,0,14,2,17,0,12,51,50,4,0,2,136,19,8,15,2,0,0,100,136,25,40,3,0,0,0,64,1,0,55,17,2,0,0,0,2,1,26,57,7,0,0,1,136,4,6,37,12,0,0,66,136,1,0,0,0,0,0,106,8,0,0,4,4,0,0,6
0,0,1,6,37,19,0,0,17,6,2,28,17,0,0,0,102,27,0,5,35,1,0,0,5,2,0,4,146,10,0,0,2,4,10,12,18,3,0,1,28,5,6,19,42,0,0,0,146,17,0,5,54,0,0,0,6,1,3,30,146,1,0,0,4,10,10,8,18,4,0,0,28,2,1,4,72,21,0,5,128,1,0,3,29,48,28,24,5,0,1,24,108,146,74,2,8,0,2,6,26,14,3,11,6,0,0,3,54,100,36,4,15,2,5,1,14,146,133,16,1,87,35,0,9,146,139,5
4,9,1,0,0,0,0,0,61,84,9,0,0,0,0,0,87,101,10,1,0,0,0,0,20,28,7,98,175,0,0,0,12,7,0,0,0,0,0,0,113,47,0,0,0,0,0,9,132,31,0,0,0,0,6,48,36,6,0,116,175,7,8,28,8,3,0,0,0,0,0,0,48,7,2,0,0,0,17,34,17,3,5,0,0,0,65,118,4,2,1,53,175,27,56,73,6,8,0,0,0,0,0,0,13,63,41,1,0,0,2,2,3,44,141,1,0,0,7,11,2,15,107,31,27,3,7,10
134,132,3,0,3,0,0,0,13,43,12,21,121,15,0,0,106,49,0,3,37,3,0,1,21,31,12,5,3,0,0,0,134,75,0,0,17,4,0,1,35,5,0,1,134,67,0,6,134,28,0,0,29,15,0,20,39,18,8,1,20,8,0,2,134,17,0,0,25,7,0,27,37,3,0,5,134,34,0,10,134,15,0,1,23,5,0,32,49,3,0,1,38,10,0,8,77,5,0,1,12,1,0,43,23,0,0,16,134,8,0,15,134,2,0,2,28,2,0,75,48,6,2,4,33,6,0,15
18,1,0,65,67,2,1,5,56,1,0,99,89,0,0,19,131,3,0,26,17,0,0,42,3,0,0,73,110,5,0,0,36,3,0,23,55,2,0,3,34,3,0,76,131,0,0,7,131,9,0,13,29,0,0,29,21,1,0,37,131,13,0,1,33,4,0,9,32,9,2,3,23,6,0,53,131,10,0,1,131,22,1,12,36,2,0,6,26,1,0,9,131,30,0,1,9,1,0,0,10,20,14,7,13,0,0,5,131,31,0,2,119,1,0,1,29,21,8,39,9,0,0,1,131,95,6,6
10,0,0,0,0,0,40,82,46,0,0,0,0,0,26,122,58,0,0,0,0,0,37,111,136,0,0,0,0,0,1,136,44,22,0,0,0,0,3,50,62,16,1,0,0,0,7,86,136,13,0,0,0,0,11,60,136,8,0,0,0,0,0,136,32,100,0,0,0,0,0,0,24,80,11,0,0,5,8,6,102,24,2,0,0,1,14,73,136,45,0,0,0,0,0,75,13,40,0,0,0,0,22,25,2,12,0,0,0,31,41,9,81,4,0,0,0,9,23,54,136,89,0,0,0,0,0,24
5,1,0,0,66,132,2,0,96,31,0,0,15,132,20,12,55,18,0,0,3,84,36,15,69,3,0,30,47,9,5,20,34,4,0,0,104,132,6,11,86,12,0,0,4,76,65,27,131,6,0,0,0,47,52,22,130,9,0,15,30,2,0,11,40,0,0,0,15,123,30,33,57,5,0,0,0,47,52,27,132,27,0,0,0,4,6,9,122,14,0,5,12,6,3,8,24,0,0,0,0,12,22,48,107,10,0,0,0,7,15,17,132,22,0,0,0,0,2,17,47,4,0,0,1,18,28,20
7,27,55,24,0,0,0,1,45,27,46,10,0,0,0,6,102,14,40,11,0,0,0,126,82,0,1,1,0,0,0,126,0,3,88,110,0,0,0,0,54,18,58,63,0,0,0,6,93,29,59,46,0,0,0,33,119,9,28,53,0,0,0,126,8,10,83,98,0,0,0,0,8,5,121,126,0,0,0,0,118,29,56,43,0,0,0,16,75,12,38,99,1,0,0,49,22,3,17,21,0,0,30,31,0,0,76,61,0,0,38,7,19,8,86,78,0,0,11,14,33,9,31,26,3,4,7,23
70,36,21,9,0,0,1,53,89,99,98,0,0,0,0,12,1,22,132,59,0,0,0,0,0,17,119,45,0,0,0,0,83,39,76,22,2,0,0,18,132,88,30,2,0,0,0,20,31,37,107,64,3,0,0,1,0,13,118,60,1,0,0,0,43,46,36,5,0,0,0,20,132,50,10,1,0,0,0,61,90,19,30,27,4,0,0,32,3,33,58,46,3,0,0,0,27,11,34,28,0,0,0,18,103,4,21,17,0,0,1,132,84,6,3,1,0,0,0,132,40,26,7,22,4,0,0,16
0,5,8,3,5,64,87,0,0,2,9,50,31,75,112,1,0,1,53,74,10,26,131,52,0,0,35,29,0,0,131,131,2,30,33,15,15,6,1,0,11,7,18,43,94,18,0,3,88,53,131,66,10,5,2,5,12,16,131,131,0,0,18,29,6,7,2,3,27,22,13,13,29,0,0,1,127,65,4,8,131,12,3,0,8,5,1,40,44,7,33,24,2,9,10,30,0,0,0,0,13,32,34,29,30,4,1,2,68,55,6,5,131,7,0,0,2,2,1,33,22,0,0,0,0,11,21,29
72,2,0,0,0,0,0,7,133,14,0,0,0,0,0,3,133,36,9,0,0,0,0,9,83,42,64,8,0,0,0,8,102,2,0,0,0,0,0,21,133,5,0,0,0,0,0,20,133,4,0,0,0,0,0,45,133,2,0,0,0,0,0,65,93,45,1,0,0,0,0,13,133,53,0,0,0,0,1,23,133,30,0,0,0,0,3,49,120,5,0,0,0,0,5,62,25,15,1,0,0,0,27,67,45,9,0,0,0,0,16,133,40,1,0,0,0,0,16,133,13,0,0,0,0,0,20,133
2,0,0,7,0,0,0,5,75,17,0,0,0,0,0,39,105,133,0,0,0,0,0,7,25,68,0,0,0,0,0,0,1,0,18,133,0,0,0,1,109,10,19,32,0,0,0,63,133,70,1,0,0,0,0,79,18,62,3,0,0,0,0,0,12,2,25,133,0,0,0,28,66,38,38,133,0,0,0,4,133,115,6,3,0,0,0,8,25,50,6,0,0,0,0,0,85,4,7,38,0,0,0,100,42,37,40,133,0,0,0,4,133,100,14,9,0,0,0,0,18,35,0,0,0,0,0,0
13,15,0,0,0,0,0,0,129,59,0,0,0,0,0,0,141,78,4,0,0,0,0,0,15,28,26,64,10,0,0,0,86,18,0,0,0,0,0,16,141,38,0,0,0,0,0,7,141,21,0,0,0,0,0,10,72,34,15,52,16,0,0,0,129,7,3,1,0,0,0,13,141,12,0,0,0,0,0,4,141,7,0,0,0,0,0,17,141,33,13,26,3,0,0,9,49,24,48,34,0,0,0,0,139,15,3,0,0,0,0,3,141,1,0,0,0,0,0,36,141,5,3,1,0,0,0,51
45,3,0,0,0,0,0,4,94,6,0,0,0,0,0,0,107,11,0,0,0,0,0,0,89,18,0,0,0,0,0,0,87,1,0,0,0,0,0,87,124,4,0,0,0,0,0,9,126,12,0,0,0,0,0,0,118,20,0,0,0,0,0,0,126,0,0,0,0,0,0,126,126,3,0,0,0,0,0,51,126,5,0,0,0,0,0,7,125,1,0,0,0,0,0,11,126,1,0,0,0,0,0,126,126,0,0,0,0,0,0,126,113,0,0,0,0,0,0,20,96,0,0,0,0,0,0,14
0,0,0,0,0,41,129,12,7,0,0,0,0,7,129,100,1,0,0,0,0,0,8,17,0,0,0,0,0,0,0,0,12,16,12,43,129,117,129,23,129,72,12,10,13,23,129,129,56,2,0,0,0,0,8,43,0,0,0,0,0,0,0,0,3,51,111,101,87,0,0,0,101,129,72,23,73,51,50,17,17,1,0,1,7,18,35,9,0,0,0,0,0,0,0,0,0,8,56,25,23,0,0,0,0,3,15,57,129,19,2,0,0,0,0,13,17,6,1,0,0,0,0,0,0,0,0,0
0,0,0,0,0,0,0,0,0,0,0,0,0,0,0,0,3,0,0,0,0,0,0,0,1,4,3,0,1,0,0,0,0,0,0,0,4,2,5,7,48,21,13,4,17,2,1,12,134,42,3,0,0,0,0,51,90,42,28,11,8,0,0,11,6,84,17,1,2,2,9,16,24,134,116,5,9,4,15,4,134,134,35,0,0,1,30,82,80,6,2,6,2,0,7,134,41,127,13,0,0,28,11,8,24,97,12,0,0,101,130,15,68,125,13,0,0,8,93,75,27,73,51,2,0,0,7,113
0,0,0,0,0,0,0,0,15,13,5,21,3,1,8,21,139,74,3,4,0,6,19,128,66,8,0,0,2,68,88,59,0,0,0,0,0,3,8,1,66,15,3,9,6,19,23,8,139,63,1,1,31,38,2,17,66,4,0,0,91,139,37,69,3,11,5,2,0,1,5,3,74,48,5,0,0,4,10,9,139,11,0,1,67,21,13,91,23,0,0,44,139,66,16,63,3,6,5,9,13,5,3,4,18,19,1,0,0,25,25,20,17,2,0,1,11,58,100,128,10,0,10,89,66,6,32,93
8,0,0,0,0,0,0,10,131,6,0,0,0,0,0,54,89,1,0,0,0,0,9,26,0,0,0,0,0,3,22,6,15,14,6,0,0,0,0,9,131,54,10,0,0,4,11,53,71,1,0,0,0,22,123,45,1,0,0,0,0,15,78,37,1,17,46,10,7,0,0,0,37,62,69,23,86,119,33,4,53,1,0,0,10,131,131,86,79,0,0,0,0,12,41,91,0,0,4,21,44,1,0,0,0,0,17,92,131,87,6,0,107,50,46,27,50,55,31,59,117,33,16,0,0,4,3,40
0,0,0,0,1,53,124,52,0,0,0,2,34,34,51,32,0,0,2,10,27,5,0,0,0,0,0,0,0,0,0,0,32,13,19,15,32,71,124,124,107,12,13,33,45,25,56,124,11,12,124,124,44,5,0,1,0,20,112,26,0,0,0,0,24,37,124,65,16,2,0,10,124,111,75,7,0,0,0,25,63,45,114,39,0,0,0,1,0,5,124,66,0,0,0,0,17,10,55,8,0,0,0,7,44,78,43,3,0,0,0,6,35,44,2,0,0,0,0,1,3,10,17,6,0,0,0,0
2,0,0,0,0,0,0,0,19,3,0,0,0,0,0,0,8,5,2,6,0,0,0,0,22,16,0,0,0,0,0,0,45,1,0,0,0,0,0,9,151,34,6,6,0,0,0,27,57,40,23,64,2,0,0,1,69,83,3,3,0,0,0,0,33,15,3,0,0,0,0,7,151,77,6,2,0,0,0,44,107,84,66,60,6,0,0,4,20,151,59,5,0,0,0,0,2,23,12,0,0,0,0,0,140,151,38,0,0,0,0,0,88,151,93,4,0,0,0,0,2,151,138,0,0,0,0,0
56,3,5,1,0,0,0,89,23,10,32,16,0,0,0,20,73,65,10,2,0,0,0,1,30,107,10,0,0,0,0,0,72,5,0,0,0,0,0,128,128,29,15,3,0,0,0,95,68,128,22,1,0,0,0,1,73,128,1,0,0,0,0,0,44,36,0,0,0,0,0,8,128,77,0,0,0,0,0,27,128,59,0,0,0,0,0,14,128,107,0,0,0,0,0,0,1,5,0,0,0,0,0,0,31,95,5,0,0,0,0,0,70,128,28,0,0,0,0,1,103,124,3,0,0,0,0,0
0,0,0,11,14,29,54,4,22,7,1,6,12,28,13,25,27,5,0,0,0,1,10,66,0,0,0,0,0,3,10,7,8,0,0,6,50,44,90,39,103,41,5,0,0,9,23,61,24,31,24,17,14,2,3,9,0,3,2,8,19,8,4,1,14,23,116,116,65,8,7,18,116,116,116,4,0,0,2,46,33,45,87,83,26,0,0,2,15,12,19,53,20,0,0,0,0,10,116,71,22,77,37,0,10,87,98,2,0,22,116,85,19,27,105,88,0,0,37,116,9,2,61,116,8,1,1,15
0,0,0,0,0,127,127,9,6,0,0,0,0,54,127,47,12,0,0,0,0,11,71,48,14,15,3,0,0,1,25,19,43,37,12,4,21,70,127,50,127,37,0,0,0,1,61,92,46,7,0,0,0,39,53,52,8,3,0,0,0,68,127,35,21,82,127,57,19,3,1,2,76,41,33,22,1,1,12,59,9,9,18,22,20,83,43,26,0,0,4,51,55,106,65,0,0,2,39,39,23,16,14,0,6,52,52,27,7,1,0,2,1,50,89,40,3,1,0,1,0,0,20,108,49,1,0,0
0,0,0,0,0,0,83,53,18,0,0,0,0,0,95,97,123,0,0,0,14,2,12,125,8,0,0,8,117,9,4,14,17,6,3,0,0,0,8,33,69,4,5,0,0,0,12,55,139,4,0,0,6,1,0,42,23,0,0,29,135,4,1,5,16,6,5,0,0,0,48,81,76,19,13,2,0,0,37,52,139,27,0,0,2,1,1,27,20,0,1,38,52,3,0,2,0,0,1,1,2,9,104,62,36,0,1,1,0,0,118,139,139,1,0,0,0,0,13,139,7,0,0,3,3,6,28,37
121,97,37,10,4,9,22,88,121,44,25,1,0,0,11,40,16,51,52,0,0,0,12,21,5,14,44,6,1,0,0,1,112,97,25,9,8,9,3,10,62,26,1,6,25,29,106,55,121,8,0,0,1,3,65,121,41,11,6,9,3,0,0,5,121,92,14,10,20,2,0,1,38,32,14,54,108,13,9,6,121,90,6,5,4,1,5,19,58,25,9,10,1,0,0,0,10,74,71,24,33,6,0,0,5,83,77,38,35,0,0,0,75,121,39,1,0,0,0,0,18,24,6,6,3,0,0,0
0,2,64,51,6,0,0,0,0,15,45,27,70,27,0,0,4,118,41,4,20,46,19,1,7,118,118,0,0,1,13,12,6,8,14,22,31,0,1,2,16,16,8,59,118,1,0,0,118,118,23,10,11,0,0,13,31,83,56,2,0,0,1,7,10,1,0,7,26,5,39,83,15,1,0,27,118,13,4,21,118,5,0,2,16,7,23,118,20,0,0,0,0,4,64,113,28,3,5,8,10,11,40,118,18,0,0,41,87,11,6,69,1,0,14,53,27,8,38,87,2,9,13,1,0,5,107,105
15,2,3,3,4,4,47,63,10,10,41,5,1,0,43,56,45,27,48,6,0,0,3,22,85,5,7,3,0,0,0,36,12,21,40,69,6,5,31,24,54,9,32,23,0,0,46,109,135,34,23,21,0,0,2,66,69,12,19,39,2,0,0,14,1,2,21,37,3,5,106,50,42,34,57,37,0,0,18,52,135,73,13,11,3,0,16,52,30,9,7,48,46,18,19,24,47,40,8,1,2,0,44,66,11,9,6,2,11,47,81,95,36,3,0,0,2,82,135,135,17,0,0,1,16,45,135,135
1,0,0,1,12,46,148,31,37,0,0,0,0,0,148,141,17,0,0,0,0,0,108,62,0,0,0,0,0,0,105,24,14,4,3,36,74,48,40,15,148,27,2,3,1,2,24,77,104,22,8,1,0,0,7,15,0,0,15,12,0,0,17,2,24,2,2,5,36,101,16,13,148,11,0,0,0,4,6,43,144,18,6,0,0,0,0,2,0,2,15,9,0,0,0,0,14,18,88,26,4,11,1,0,148,88,26,1,0,0,0,0,112,21,1,0,2,13,4,0,1,1,3,2,2,23,31,7
120,44,0,0,0,0,0,5,25,34,16,47,12,3,5,8,0,1,77,120,34,5,0,0,13,16,114,52,1,0,1,7,120,5,0,0,0,0,0,25,44,3,1,5,0,0,20,50,41,42,68,42,0,0,2,9,1,11,120,101,4,0,0,0,120,0,0,0,0,0,4,63,64,2,0,0,0,0,17,63,120,48,8,0,0,0,0,28,27,27,43,36,48,1,0,0,81,5,0,0,0,0,9,120,46,115,11,0,0,0,25,56,101,120,23,0,3,46,8,24,12,32,8,6,28,120,99,0
10,0,0,1,6,68,121,60,34,0,0,2,24,31,73,102,109,3,2,4,32,19,7,33,106,1,0,0,0,1,5,30,33,12,121,63,25,46,24,29,121,45,32,26,7,1,6,82,111,64,63,40,14,2,0,7,82,23,1,2,10,6,5,7,3,7,110,78,48,66,1,1,121,32,20,31,27,16,0,68,102,34,23,11,1,0,0,23,29,18,2,7,12,0,0,0,0,33,61,21,18,61,1,0,92,73,104,32,8,7,0,19,81,61,11,0,1,7,1,6,2,10,2,2,4,49,46,0
26,21,17,2,1,32,66,16,20,7,2,0,0,69,116,17,35,9,6,1,0,71,116,47,67,3,0,0,0,0,19,72,18,4,6,23,76,116,80,9,116,67,29,9,0,38,108,30,72,44,81,72,0,16,13,19,82,8,6,7,0,0,10,104,17,11,50,116,95,18,3,2,116,60,56,20,0,0,1,42,76,13,45,94,1,3,15,46,2,1,36,75,3,4,25,46,2,4,23,25,31,12,5,5,25,25,52,6,0,15,24,14,26,4,2,3,1,43,102,38,14,1,4,16,2,8,58,37
23,20,6,37,77,75,60,9,68,94,31,26,2,8,78,34,66,56,26,43,4,9,54,28,87,24,0,0,0,0,3,37,29,34,55,96,44,7,0,1,115,90,35,47,8,0,3,10,49,16,14,115,24,1,5,34,47,4,1,11,2,0,10,110,7,6,20,10,3,11,72,24,46,15,10,6,1,14,115,54,25,5,2,54,18,7,68,77,25,23,22,37,12,1,12,57,0,0,0,0,7,43,115,16,13,7,0,0,0,7,115,112,32,10,0,0,0,0,115,109,18,9,7,1,0,0,35,78
65,7,0,0,0,3,31,57,17,11,13,18,61,26,13,11,7,11,108,38,60,78,32,15,119,18,44,18,3,3,14,72,119,20,2,0,0,0,0,81,92,43,56,18,21,4,0,42,4,47,119,47,44,61,0,0,73,13,51,46,51,30,0,43,119,57,27,5,1,0,0,25,119,61,25,3,7,32,4,25,17,63,20,3,50,118,3,4,16,76,119,22,15,17,0,5,119,68,17,5,2,0,0,20,33,37,15,19,19,26,2,2,58,95,13,7,12,25,2,0,14,52,16,0,0,0,0,0
3,1,0,17,60,37,13,5,29,6,1,19,45,17,19,21,0,0,0,116,82,29,7,0,0,0,0,116,67,4,16,37,11,1,0,15,112,40,2,2,116,16,5,35,56,15,1,11,6,2,21,116,80,36,9,0,0,0,29,116,47,4,2,0,25,1,3,18,45,116,49,13,116,10,1,3,15,90,39,33,17,1,5,33,27,116,48,42,7,3,19,83,18,4,4,20,9,0,33,116,28,13,10,10,18,1,14,77,26,94,87,27,90,44,12,8,2,75,49,50,33,39,24,4,5,3,2,14
51,4,29,21,2,21,34,29,131,8,0,1,0,0,3,83,87,10,4,3,5,0,0,50,13,26,68,18,19,5,0,3,36,13,80,131,72,0,0,4,131,40,7,18,19,0,0,23,115,59,35,7,0,0,0,27,57,28,12,0,14,47,4,11,23,11,11,106,131,0,0,7,131,50,15,42,56,0,0,37,121,55,16,4,3,4,0,10,25,32,6,9,18,48,4,2,4,22,54,78,36,0,0,0,52,131,131,49,12,0,0,0,44,52,14,14,5,0,0,3,16,27,34,17,6,1,0,2
9,1,0,6,116,94,21,32,96,10,3,1,5,7,18,116,16,3,5,19,81,61,45,76,13,21,3,24,80,25,1,0,24,11,1,13,116,77,1,6,116,66,1,2,7,4,6,56,21,11,1,1,33,80,39,31,52,22,0,0,14,35,4,8,17,10,69,116,48,20,0,3,80,26,49,23,7,14,20,39,8,1,0,8,28,109,69,21,86,2,0,0,2,14,19,77,1,8,95,111,0,0,0,0,0,3,77,116,31,2,0,0,7,3,4,83,77,17,5,3,84,13,2,4,2,1,2,29
0,0,0,3,14,20,13,4,16,1,1,4,20,44,13,24,112,1,0,0,0,1,4,61,18,0,0,13,21,3,0,4,16,0,0,0,14,30,50,71,37,2,0,0,48,71,9,20,142,7,0,0,1,6,3,48,30,0,0,2,6,53,13,6,49,21,7,0,2,32,40,37,44,11,0,0,12,62,75,33,142,22,0,0,0,19,77,101,10,0,0,0,4,120,56,8,1,1,2,0,14,113,43,9,10,1,0,0,20,142,142,61,88,8,0,0,0,23,142,142,19,1,0,0,1,43,69,53
69,8,2,2,0,0,0,16,62,0,0,0,0,0,0,24,47,0,0,106,100,0,0,15,1,0,16,166,166,0,0,0,52,4,3,21,6,0,0,14,91,0,0,0,0,0,0,20,102,4,0,20,19,1,0,11,8,1,3,166,166,21,0,0,25,3,3,28,26,6,0,2,104,5,0,0,0,0,0,8,110,17,0,6,8,0,0,7,13,4,7,166,133,3,0,1,6,0,0,2,21,15,4,9,37,0,0,0,0,1,5,66,55,1,0,0,0,0,0,81,20,1,2,60,6,0,0,30
146,6,4,1,0,0,0,36,139,16,1,0,0,0,0,70,148,18,0,0,1,2,0,44,5,0,0,0,23,10,0,2,100,1,1,5,9,1,4,64,148,99,0,0,0,0,0,81,108,110,0,0,3,11,0,7,2,0,0,0,10,37,0,0,73,17,1,26,45,3,1,25,148,73,0,0,0,0,0,92,110,20,0,0,14,17,0,16,0,0,0,0,19,25,0,0,67,16,1,32,90,7,8,24,148,100,0,0,1,0,1,29,45,21,0,0,20,12,0,1,0,0,0,0,17,12,0,0
11,0,0,0,0,0,0,1,153,1,0,0,0,0,0,11,153,29,1,0,0,0,0,1,35,35,20,79,52,0,0,0,26,0,0,0,0,0,0,1,153,11,0,0,0,0,0,5,153,34,0,0,0,0,0,1,111,40,5,38,51,0,0,0,38,0,0,0,0,0,0,4,153,1,0,0,0,0,0,24,153,5,0,0,0,0,0,35,133,9,0,7,44,12,2,23,38,0,0,0,0,0,0,3,153,0,0,0,0,0,0,29,153,1,0,0,0,0,0,67,58,1,0,0,21,49,14,53
34,3,2,8,47,3,0,6,176,8,0,0,0,0,0,61,91,16,5,0,1,1,1,21,1,1,3,11,18,2,1,0,31,4,2,8,56,11,7,7,176,23,0,0,0,0,1,16,137,12,0,4,8,14,9,2,0,0,1,6,4,9,25,16,32,1,0,7,56,18,8,14,176,23,0,0,0,0,1,44,136,16,10,30,7,2,0,3,0,0,14,49,4,1,6,8,18,32,102,111,14,1,0,1,176,176,28,6,0,0,0,2,64,38,6,6,0,0,0,0,0,0,11,32,0,0,0,0
50,9,0,0,9,24,3,5,79,21,6,13,9,4,24,19,2,7,12,73,77,9,15,3,45,72,22,17,10,1,0,0,49,10,0,0,3,29,44,78,31,4,0,0,4,86,99,47,81,33,12,11,11,12,53,65,20,88,36,10,16,3,0,0,10,2,3,6,12,39,129,129,70,5,0,0,2,54,108,129,129,68,0,0,0,5,6,30,41,24,0,1,30,43,0,1,13,13,93,98,9,3,8,43,129,52,25,8,0,0,15,87,129,34,0,0,0,6,4,32,11,1,0,0,21,61,5,6
22,71,0,0,0,25,3,5,125,49,2,0,0,0,0,7,123,58,81,22,0,0,0,9,2,114,62,7,48,6,0,0,46,42,7,0,0,0,9,92,125,40,5,0,0,0,0,50,125,34,6,0,0,0,0,70,34,19,8,7,110,7,0,14,27,125,96,0,0,0,1,16,50,125,68,0,0,0,3,13,125,81,3,0,0,0,1,42,54,8,0,8,99,15,0,14,41,29,8,0,0,0,0,26,14,31,10,0,0,0,19,29,60,13,8,1,0,0,5,108,25,0,0,0,91,36,6,65
0,0,0,0,59,73,1,0,31,25,0,0,68,87,3,2,77,45,0,0,11,17,3,9,2,0,0,0,35,71,31,1,2,0,0,0,84,120,2,1,99,33,0,0,30,54,4,14,50,22,0,0,15,74,11,8,0,0,0,0,97,120,2,0,8,12,29,14,84,120,3,4,90,56,52,1,5,18,8,36,11,12,86,20,20,61,12,11,0,1,108,78,76,79,0,0,0,29,120,32,17,10,0,0,6,81,120,5,4,9,1,0,3,42,120,9,0,1,0,0,0,7,120,41,1,2,4,1
6,15,3,0,3,107,71,1,7,1,0,0,0,123,123,13,18,10,5,8,5,79,42,6,14,7,7,53,24,16,1,0,14,0,0,1,123,123,68,9,123,8,0,0,4,39,88,46,116,39,2,5,3,1,5,9,15,8,3,35,69,0,0,0,20,10,21,79,123,15,0,0,123,54,24,9,7,0,0,12,123,26,1,2,4,0,0,21,18,5,4,32,74,0,0,1,0,5,81,123,24,2,1,1,16,75,123,19,3,2,2,1,31,74,19,0,0,2,3,9,4,10,14,28,7,12,10,0
0,3,86,25,3,1,0,0,0,0,71,55,11,12,3,0,3,4,89,33,0,2,3,3,0,8,118,21,0,0,0,0,0,4,12,6,27,38,41,20,6,1,3,18,63,112,28,13,114,35,20,3,2,12,22,47,24,85,96,1,0,0,0,0,85,13,3,3,8,13,93,121,31,21,32,113,48,20,5,10,121,35,11,27,10,2,1,38,121,54,13,0,0,0,0,23,121,109,1,1,0,0,2,36,43,43,10,41,102,4,0,1,107,31,1,11,54,3,0,29,121,38,0,0,2,16,0,19
6,0,0,0,0,5,130,148,39,0,0,0,0,9,25,148,2,0,0,0,5,52,43,13,0,0,0,6,25,52,15,0,29,9,30,42,3,4,67,136,148,23,4,3,1,2,14,148,58,3,1,41,30,16,18,18,0,0,0,25,24,14,38,2,25,36,93,114,0,0,0,2,148,117,22,7,0,0,0,10,84,5,0,28,31,4,0,5,0,0,0,61,40,3,4,0,10,12,21,69,5,1,1,0,148,34,8,6,0,0,0,17,45,0,0,10,6,0,3,21,0,0,2,41,14,0,1,1
41,2,0,0,0,0,0,1,131,9,0,0,0,0,0,54,127,8,1,0,0,0,6,131,10,3,13,1,0,20,74,48,47,14,0,0,0,0,0,0,131,28,0,0,0,2,3,25,68,0,0,0,3,34,131,113,3,1,1,0,0,86,131,32,64,10,0,0,0,0,0,0,131,43,5,8,6,4,2,3,11,13,33,81,55,62,63,7,42,96,33,13,4,20,81,20,71,11,0,0,0,0,0,0,131,55,9,4,0,0,0,1,19,23,85,86,10,1,0,2,13,33,43,33,47,57,36,7
4,93,54,12,28,45,0,1,112,112,33,0,0,0,0,3,112,112,63,3,0,1,0,9,23,40,12,0,3,40,23,11,14,62,50,29,13,20,25,19,112,112,21,0,0,0,7,30,100,69,3,0,8,5,12,29,7,2,0,10,112,102,11,4,69,22,7,17,31,40,25,39,112,39,2,0,0,0,10,102,75,17,0,0,4,4,36,84,8,1,2,61,99,14,12,9,25,28,17,51,35,65,61,34,46,44,3,0,0,5,78,112,57,11,0,0,0,7,29,63,22,12,3,14,5,13,15,12
12,14,18,59,35,6,6,9,118,32,9,6,3,5,31,60,19,1,4,49,72,48,41,19,2,2,5,54,118,39,6,2,1,8,27,73,54,25,0,0,20,12,10,3,41,116,70,41,91,17,6,10,10,31,78,92,21,12,50,118,45,3,0,3,0,0,1,48,118,66,0,0,51,9,2,14,99,118,5,12,118,40,1,0,2,7,3,72,41,12,26,29,0,0,4,47,0,0,0,50,105,61,31,1,21,12,33,90,55,11,9,6,118,56,13,6,0,0,6,37,26,16,0,0,0,15,34,23
0,0,2,24,60,15,1,0,143,37,6,34,37,1,0,7,143,103,34,2,0,0,0,22,6,9,84,25,0,0,1,1,37,7,15,33,7,7,7,26,130,17,26,103,10,0,0,16,143,18,4,3,0,0,0,84,35,1,8,11,5,0,0,11,95,88,16,6,0,0,0,13,47,96,132,68,2,0,0,0,143,126,37,4,0,0,1,27,32,0,0,0,3,1,11,38,49,108,21,0,0,0,0,0,64,66,47,1,0,1,0,2,13,36,18,0,0,20,19,9,2,0,0,0,0,17,88,28
12,0,0,33,97,2,1,20,36,7,19,43,5,0,0,25,48,31,33,15,0,0,0,0,39,15,20,20,0,0,0,3,35,1,0,74,109,1,0,63,119,37,26,26,26,0,0,24,28,69,108,4,0,0,0,0,6,21,71,27,10,1,0,0,119,3,0,27,81,1,0,84,119,11,1,20,61,0,0,33,94,33,22,0,0,1,0,11,0,10,27,7,28,22,4,0,67,1,0,2,28,8,63,119,119,0,0,3,38,13,69,79,90,7,0,0,0,102,109,40,4,2,0,0,5,119,119,20
67,2,0,0,60,74,40,40,118,12,14,14,0,1,14,90,13,15,118,52,0,0,14,29,2,32,117,5,1,15,19,1,68,10,32,63,82,28,0,38,118,36,9,2,0,0,9,118,41,15,0,0,0,56,59,47,0,1,1,0,0,75,111,1,12,11,48,73,22,31,56,11,116,32,16,6,1,8,49,67,21,3,0,0,3,77,109,17,20,12,6,9,8,38,33,10,1,0,25,118,15,22,75,32,10,0,0,12,5,2,79,118,7,0,0,0,4,5,60,66,20,2,1,2,11,6,8,44
2,0,0,1,149,51,4,11,30,0,0,0,53,22,13,119,6,17,22,35,74,15,8,22,29,120,44,12,9,2,0,0,9,0,0,0,149,149,18,6,149,27,0,0,44,32,3,50,69,69,20,4,3,0,1,26,30,80,51,1,0,0,2,41,18,8,3,7,84,149,3,1,149,20,1,0,5,10,0,25,74,7,0,0,0,2,5,43,10,7,3,0,0,1,26,94,4,11,30,59,25,9,0,0,101,31,19,3,0,0,0,8,72,19,0,0,0,1,2,10,11,28,10,2,2,3,6,6
3,0,0,0,0,26,23,7,25,34,18,7,9,8,15,13,33,134,40,8,8,4,0,0,40,86,0,0,5,49,1,0,23,0,0,0,0,27,50,23,134,104,7,0,0,1,5,26,32,134,19,0,0,51,17,4,2,42,12,0,7,95,9,0,36,0,0,0,0,24,85,79,134,11,0,0,0,2,13,134,39,73,11,0,0,47,28,29,0,134,33,0,0,12,2,0,22,0,3,19,10,12,19,45,134,10,0,1,0,0,3,134,100,110,12,0,0,0,7,96,2,50,23,2,0,0,3,10
4,1,1,0,0,11,141,93,72,10,0,0,1,27,139,57,72,56,14,0,1,2,5,14,0,25,36,0,0,0,5,1,68,1,0,0,0,0,41,84,141,52,0,0,0,0,19,45,141,39,1,0,4,8,6,11,1,4,2,2,18,38,65,4,93,32,1,0,0,0,0,14,141,36,0,0,0,0,0,48,137,7,0,7,10,2,0,31,1,0,0,45,80,20,8,0,96,74,0,0,0,0,2,10,126,141,10,0,0,0,0,5,71,54,6,2,0,0,0,5,2,5,13,57,27,2,0,0
17,2,0,0,0,0,20,51,70,0,0,0,0,0,7,84,134,0,0,0,0,0,0,134,34,0,1,8,1,0,0,49,25,36,0,0,0,0,2,8,93,10,0,0,0,0,4,42,134,75,0,0,0,0,0,60,97,53,0,0,0,0,0,25,5,7,0,0,0,4,52,22,88,4,0,0,0,3,32,76,134,58,0,0,0,0,31,134,38,33,0,0,0,0,122,57,0,0,21,67,1,1,43,10,9,0,13,5,0,0,36,92,19,0,4,0,0,0,134,134,0,1,2,0,0,8,134,37
34,0,0,0,0,0,91,142,5,2,1,0,0,16,142,93,75,13,0,0,1,22,107,53,41,43,14,0,0,1,1,6,47,6,0,0,0,0,15,65,96,3,0,0,0,0,50,96,142,60,0,0,0,0,14,34,76,25,1,0,3,8,7,6,24,39,9,0,0,0,1,6,137,40,0,0,0,0,0,16,142,30,0,0,0,0,0,46,69,4,0,8,13,3,0,15,19,8,1,0,0,0,19,26,118,116,1,0,0,0,1,8,118,142,10,0,0,0,0,6,42,26,4,3,2,0,0,2
64,0,0,2,13,1,1,151,115,4,2,0,1,14,19,176,9,10,43,5,7,25,4,5,0,12,48,2,1,2,0,0,63,0,0,15,28,1,0,41,176,18,3,0,0,0,0,98,82,33,56,11,3,0,0,3,0,3,30,16,10,0,0,0,50,7,1,48,30,0,0,2,176,48,0,2,1,0,0,12,129,15,2,8,24,0,0,0,0,0,0,7,36,0,0,0,39,32,2,17,24,3,3,0,176,158,1,2,1,0,0,0,56,24,0,7,25,0,0,0,0,0,0,8,26,0,0,0
39,11,0,0,0,0,0,0,49,22,0,0,0,0,0,1,24,44,0,0,0,0,0,0,7,21,5,19,11,5,0,0,52,3,0,0,0,0,0,0,90,1,0,0,0,0,0,4,76,21,0,0,0,4,0,4,11,17,0,1,33,170,1,0,46,2,0,0,0,0,0,1,92,4,0,0,0,0,0,2,73,5,0,0,35,83,3,4,4,0,0,0,170,170,4,2,31,6,0,0,0,0,0,0,66,12,0,0,0,0,0,1,26,3,0,0,170,169,0,1,11,0,0,0,170,170,3,5
2,5,33,101,113,9,1,6,135,19,5,55,87,5,1,18,81,4,1,5,3,23,41,27,0,0,0,3,4,19,58,7,5,3,7,6,135,63,1,5,135,28,0,1,124,43,2,9,85,18,3,16,15,28,14,7,0,0,0,10,19,34,22,3,6,2,5,22,135,30,0,0,135,17,3,11,96,17,20,42,33,1,9,1,3,77,103,26,0,0,13,3,3,64,79,4,1,3,5,88,135,0,0,0,27,46,25,58,39,0,3,6,7,20,66,6,2,9,12,5,0,1,53,25,12,4,3,0
0,3,28,54,28,22,14,0,5,6,24,30,69,30,7,1,69,46,106,57,30,12,15,11,10,12,121,121,1,0,41,75,0,0,2,16,77,119,41,9,24,2,1,1,78,111,33,13,121,16,6,1,17,19,6,52,42,6,42,44,3,13,27,32,17,0,0,0,32,121,76,65,49,43,15,7,27,33,24,47,121,90,8,1,4,2,3,19,39,34,2,0,0,4,23,19,119,1,0,0,47,71,17,50,121,39,4,0,0,0,0,38,47,80,2,0,0,0,0,7,33,69,2,0,0,0,0,0
7,2,43,22,0,0,0,21,124,7,12,2,0,0,0,127,127,10,0,0,0,0,0,73,26,26,0,0,0,0,0,0,2,0,124,87,0,0,0,8,111,31,103,55,0,0,0,15,127,18,6,0,0,0,0,48,63,17,0,0,0,0,0,3,18,1,34,19,0,0,18,127,32,27,125,56,0,0,0,37,127,78,42,4,0,0,1,10,67,8,0,0,0,1,20,11,62,18,16,1,0,0,3,127,59,9,11,0,0,0,1,127,25,26,9,0,0,26,44,52,13,2,0,0,0,37,102,22
0,12,17,0,0,0,0,0,123,32,7,0,0,0,0,4,184,2,0,0,0,0,0,26,28,0,0,0,0,0,0,2,0,41,61,0,0,0,0,0,184,56,26,0,0,0,0,9,184,5,0,0,0,0,0,54,65,0,0,0,0,0,0,7,0,21,85,1,0,0,0,0,105,57,60,4,0,0,0,1,184,34,0,0,0,0,0,18,81,0,0,0,0,0,0,8,0,7,92,5,0,0,0,0,43,41,67,3,0,0,0,0,184,29,2,0,0,0,0,9,73,0,0,0,0,0,0,6
0,0,0,0,3,24,127,74,12,0,0,0,0,8,127,127,4,0,0,0,0,0,6,32,0,0,0,0,0,0,0,0,7,18,35,53,127,72,111,28,127,110,29,14,24,27,119,127,67,5,0,0,0,0,3,55,0,0,0,0,0,0,0,0,1,15,112,122,78,7,0,0,63,72,57,28,85,57,53,27,13,2,0,0,0,1,10,9,0,0,0,0,0,0,0,0,0,0,8,18,126,32,0,0,0,0,0,12,127,35,2,0,0,0,0,0,0,0,0,0,0,0,0,0,0,0,0,0
1,0,0,5,30,44,21,6,41,18,22,4,4,6,7,26,39,61,37,3,0,0,0,1,143,15,0,0,0,0,0,29,15,0,0,0,0,29,75,28,143,24,1,0,0,3,14,59,56,52,20,5,0,0,0,1,119,32,2,0,0,0,0,14,27,3,2,11,14,0,5,14,143,64,2,1,2,0,0,44,78,129,86,5,0,0,0,3,24,143,85,0,0,0,0,0,19,50,8,5,8,0,0,0,143,143,6,1,1,0,0,1,39,143,84,0,0,3,1,0,0,75,55,0,0,43,16,0
12,28,4,0,0,0,1,5,43,120,5,1,0,9,15,6,80,49,0,0,0,5,37,82,22,34,10,5,0,0,20,72,36,28,3,0,0,3,22,41,64,29,0,0,23,105,37,31,132,112,0,0,2,25,32,35,52,99,25,11,9,2,1,4,53,28,9,3,5,12,32,52,89,23,16,44,51,28,4,28,132,26,8,10,6,3,13,132,40,8,0,0,6,47,92,72,15,110,65,3,1,0,0,0,16,81,84,50,1,0,0,0,36,8,78,56,0,0,21,70,2,0,11,24,5,56,131,43
30,0,0,0,0,0,0,82,72,2,0,0,9,46,16,49,2,0,5,9,49,119,27,2,7,2,7,3,10,119,93,41,36,0,0,0,0,0,0,119,58,3,1,16,22,22,13,85,2,3,52,119,85,65,3,0,3,4,50,119,119,94,19,5,71,48,0,0,0,0,0,30,113,44,0,3,9,31,2,16,13,8,14,28,28,63,16,13,4,5,26,119,109,66,17,4,41,113,0,0,1,1,0,0,16,32,0,0,33,70,4,0,0,0,0,1,27,90,39,15,7,0,0,8,36,82,26,13
119,50,20,3,4,8,23,94,34,57,119,20,10,4,2,3,2,53,71,33,6,0,0,0,12,79,29,3,0,4,3,0,119,119,56,7,6,3,10,75,95,34,20,5,7,11,15,63,4,43,50,5,13,60,7,0,0,13,9,0,2,102,63,0,24,85,119,21,10,2,7,33,93,104,72,11,14,6,2,32,7,5,3,14,115,75,3,1,0,0,0,3,58,65,17,0,29,56,96,3,1,5,1,5,0,30,59,17,57,43,0,0,0,0,1,22,119,12,0,0,0,0,0,12,88,8,0,0
2,24,96,14,14,16,25,7,64,48,26,7,4,2,9,14,27,32,30,11,26,9,0,1,25,33,13,13,6,1,1,0,18,6,5,9,125,103,66,57,125,61,22,3,3,7,29,125,38,59,125,19,9,4,2,4,1,37,57,27,5,0,0,0,16,62,125,56,79,43,13,10,125,125,53,5,4,2,9,72,77,23,12,4,5,8,14,56,4,29,33,4,7,25,2,0,0,12,114,68,31,1,0,0,20,63,123,15,9,2,7,31,70,66,39,4,3,2,1,28,6,4,2,6,44,35,1,1
28,12,4,0,1,10,10,30,2,0,0,0,0,59,81,20,3,0,0,1,9,27,54,26,1,0,1,28,55,6,1,1,5,7,8,4,42,75,8,2,13,2,0,3,89,122,107,32,122,9,0,1,5,34,84,122,28,5,3,7,37,116,5,8,0,0,0,0,47,108,27,0,28,39,16,54,122,60,5,5,122,96,11,12,24,59,19,29,76,41,4,0,16,122,32,19,1,10,5,2,7,36,18,0,7,66,60,21,25,7,1,0,27,80,35,56,65,18,1,1,122,9,4,39,44,19,5,48
3,0,1,14,49,78,109,70,19,1,1,15,63,13,63,119,3,0,20,76,79,14,39,61,3,19,37,11,1,3,119,115,7,6,48,119,70,13,8,16,95,30,56,38,3,1,6,119,97,33,85,64,7,0,0,52,11,87,119,17,0,4,3,5,0,0,13,89,77,7,0,0,33,34,39,51,17,3,0,3,119,72,6,0,0,0,1,20,34,21,14,0,9,21,8,12,0,0,0,7,93,11,0,0,27,8,2,5,22,6,0,11,63,8,0,0,0,0,10,70,4,0,0,0,3,10,31,48
64,3,0,0,0,1,10,44,77,0,0,0,3,4,5,62,4,1,37,83,124,20,5,8,1,16,124,124,63,0,0,0,22,4,6,35,19,15,88,124,124,11,1,0,0,0,13,124,37,18,43,21,9,2,1,12,12,18,78,48,23,1,0,2,37,46,124,124,13,3,9,23,124,124,58,7,0,0,1,33,92,56,25,1,0,0,0,12,16,27,65,65,14,1,0,5,43,7,41,26,1,2,4,44,16,37,26,6,1,1,8,11,49,6,0,0,0,0,6,67,25,2,2,12,43,15,8,57
89,1,0,0,67,55,14,33,89,1,0,0,2,9,40,52,69,18,3,0,0,0,8,30,56,21,5,0,0,0,0,2,31,2,5,9,88,41,26,71,53,15,12,0,0,15,134,126,134,34,7,0,0,2,30,110,45,47,14,0,0,0,0,0,1,24,134,71,40,3,3,7,27,111,134,2,0,1,15,17,134,123,47,0,0,0,1,9,68,7,0,0,0,0,0,0,10,7,80,9,1,2,6,17,5,12,73,8,10,4,0,1,134,22,11,1,2,1,0,1,44,3,0,0,0,0,0,0
118,22,6,4,2,0,5,70,52,0,0,0,8,17,95,112,0,0,0,16,62,33,36,15,0,0,1,39,85,1,0,0,39,35,14,14,10,1,9,61,13,6,3,8,21,15,118,107,48,8,1,4,5,8,71,118,4,1,1,13,112,39,5,12,14,69,25,27,23,1,0,0,42,14,10,54,114,13,7,10,118,62,6,9,11,3,4,35,16,12,6,37,118,16,1,3,63,37,18,29,8,5,6,27,22,29,33,118,42,11,12,5,118,118,24,23,13,1,0,6,9,7,3,21,118,10,0,0
0,3,32,19,16,40,14,0,23,37,39,37,17,18,2,3,114,114,25,0,0,0,0,21,42,97,37,13,0,6,18,18,1,16,45,34,66,62,11,1,23,14,20,16,17,95,36,21,114,24,3,0,0,6,10,93,45,1,0,0,3,42,58,42,6,25,55,36,106,79,10,13,8,114,114,9,13,32,12,2,104,107,58,4,5,8,13,12,19,4,0,0,17,63,27,5,3,36,112,43,13,27,4,1,0,58,72,13,10,64,34,0,2,7,14,5,13,114,66,3,0,0,0,0,0,112,105,1
4,1,0,0,4,22,36,20,28,0,0,0,7,23,28,38,27,0,0,0,1,39,47,44,0,0,0,0,5,53,37,0,7,8,8,1,8,57,22,9,10,0,0,0,34,124,124,38,68,3,0,0,1,34,124,124,7,0,0,0,4,37,33,22,0,0,0,0,42,124,38,0,71,18,0,0,109,124,18,11,124,54,0,0,5,19,24,54,43,12,0,0,1,5,25,33,0,0,0,1,114,94,2,0,54,5,0,1,64,103,11,63,83,11,0,0,0,3,86,124,84,14,0,0,0,1,35,77
4,36,120,35,7,33,7,3,128,10,47,49,5,0,1,58,128,37,0,0,0,0,0,49,60,23,3,0,9,13,2,16,4,75,109,74,17,0,0,1,82,15,35,128,90,0,0,26,128,60,9,13,3,0,0,68,49,31,12,8,8,8,1,3,4,21,36,50,20,0,0,0,13,65,128,128,28,0,0,0,87,128,128,31,1,0,0,4,37,32,24,15,0,0,0,6,12,10,6,11,18,0,0,3,52,57,25,3,0,0,0,1,42,49,45,27,0,0,0,0,6,3,40,49,0,0,0,2
9,0,0,0,4,11,111,61,5,0,2,13,19,12,52,53,0,0,1,28,123,12,2,3,0,0,0,12,123,0,0,0,19,12,5,24,47,10,41,24,123,23,4,8,12,5,26,75,15,8,5,56,123,12,2,5,0,0,0,41,123,0,0,0,20,19,32,115,41,3,1,5,123,83,22,37,14,1,0,23,27,16,5,58,123,3,0,4,0,0,0,47,123,0,0,0,18,5,10,32,10,58,51,40,105,64,15,19,10,10,19,63,16,12,4,53,123,2,0,3,0,0,0,30,123,0,0,0
14,19,5,7,5,6,36,50,25,1,1,11,16,16,108,50,72,11,4,10,13,6,24,65,1,2,2,48,110,5,0,0,24,52,19,30,19,0,0,0,54,8,21,89,68,2,1,19,116,32,9,14,11,0,0,58,11,5,3,63,116,1,0,3,67,34,21,19,7,4,5,48,19,25,66,116,19,31,23,17,116,116,32,30,6,3,6,26,14,16,7,90,105,0,0,1,27,0,0,1,19,19,30,84,11,1,0,4,21,116,89,62,116,9,1,2,6,14,31,116,21,1,0,22,108,5,1,24
12,106,88,48,12,1,1,6,13,32,40,114,65,0,0,0,114,21,4,14,7,0,0,1,114,14,0,3,5,0,0,0,24,19,17,10,12,17,43,114,7,6,8,63,114,56,26,25,114,41,2,14,19,5,0,1,114,66,0,1,3,0,0,0,90,2,0,5,21,7,14,80,21,0,0,0,30,89,28,32,114,8,0,0,5,15,11,92,114,27,0,2,1,0,0,60,26,15,73,32,8,3,3,14,6,2,13,51,28,51,15,13,69,1,1,8,5,9,9,99,114,0,0,0,0,0,0,109
1,1,18,114,24,0,3,5,34,29,18,21,3,2,27,45,23,22,15,59,19,17,19,8,45,1,5,45,16,4,9,66,0,0,34,115,22,0,0,0,34,28,48,104,17,0,0,1,84,49,45,43,8,0,0,10,16,21,115,111,14,3,1,12,2,0,1,103,115,2,2,9,7,0,1,79,115,1,1,5,63,16,9,8,21,5,27,115,9,7,32,25,31,95,45,65,40,0,0,32,101,2,3,55,0,0,0,80,115,0,0,0,0,0,0,48,72,11,23,55,0,0,0,0,37,109,102,55
7,11,0,0,13,94,2,0,0,0,0,0,18,118,1,0,6,27,12,4,21,30,0,0,0,27,26,13,19,7,0,0,1,0,0,0,43,92,0,0,14,0,0,0,34,102,5,4,118,51,11,3,1,12,5,13,14,21,20,66,68,7,5,4,0,0,0,0,50,115,3,0,34,2,0,0,23,105,43,40,114,8,0,0,0,19,67,64,21,4,3,17,25,20,95,44,0,0,0,1,95,118,10,0,4,0,0,2,32,118,118,118,12,0,0,0,0,29,118,118,118,18,0,0,0,15,49,54
19,7,3,9,4,18,14,6,29,6,5,39,17,2,0,0,123,4,0,1,0,0,0,5,16,4,3,5,0,0,0,0,84,9,0,5,5,0,0,7,24,4,2,31,53,0,0,2,132,5,0,3,4,1,2,19,22,1,0,0,0,24,45,9,55,45,5,2,1,0,0,4,10,12,16,43,17,9,2,0,41,16,10,7,1,153,41,8,4,0,0,0,0,178,178,4,4,17,4,0,2,12,10,14,0,2,2,4,7,178,37,2,0,0,1,1,2,178,95,0,0,5,6,2,14,178,47,0
0,0,0,0,4,38,120,11,5,0,0,0,0,3,120,55,3,4,1,0,0,0,74,16,1,5,4,0,0,0,39,12,18,5,1,6,120,116,80,22,120,30,0,0,1,8,66,109,60,62,25,0,0,0,11,30,7,45,48,9,4,3,3,5,26,32,18,44,120,13,0,1,120,89,14,3,1,0,2,39,81,43,10,0,0,0,8,98,27,13,6,4,11,46,9,25,2,43,120,60,28,0,0,0,19,120,120,1,0,0,0,2,16,94,102,3,0,0,1,5,5,10,34,46,12,12,1,1
0,3,17,13,6,8,105,19,5,7,4,31,30,17,38,11,43,43,2,2,1,0,0,3,28,22,0,1,25,31,1,0,9,3,9,9,3,20,126,56,126,11,1,0,1,6,84,126,109,33,0,0,1,0,0,11,21,14,0,26,126,126,3,0,12,36,126,45,3,6,10,8,126,112,62,6,0,0,2,23,126,15,0,0,0,0,0,9,31,1,0,112,126,7,0,5,3,44,68,26,6,0,0,0,39,30,29,23,8,0,0,0,82,8,0,0,0,0,0,1,35,3,0,27,120,1,0,0
67,5,0,0,0,0,15,124,12,0,0,43,25,5,69,104,0,0,10,124,103,16,27,6,6,40,45,124,12,5,16,4,114,28,0,0,0,0,18,47,71,28,2,0,0,1,52,55,11,27,35,72,11,4,21,16,0,1,17,124,75,5,3,2,68,3,0,0,0,0,12,82,94,7,0,0,0,0,44,78,8,5,6,3,0,0,74,88,0,0,2,124,68,0,14,45,21,6,0,0,0,0,81,86,29,10,0,0,0,0,118,84,36,15,0,0,0,0,60,82,30,20,0,9,3,0,15,54
44,69,37,1,0,0,0,1,40,79,74,0,0,0,0,3,101,107,30,0,0,0,0,12,66,38,0,0,49,53,1,5,122,64,11,0,0,0,0,27,43,106,49,1,0,0,0,5,85,32,44,16,2,6,3,29,36,2,0,0,90,122,20,27,122,31,30,0,0,0,0,38,122,28,7,2,0,0,0,29,30,8,11,34,54,33,1,5,2,0,6,17,122,122,5,4,34,48,47,1,0,0,0,1,114,31,13,0,2,7,0,3,21,5,0,0,75,122,9,1,17,2,6,5,59,122,27,29
0,0,8,7,20,16,17,4,36,7,7,6,10,12,5,15,50,46,19,0,0,0,0,9,2,13,20,27,46,6,0,0,74,8,4,7,5,4,42,65,45,10,15,36,19,1,0,13,121,9,0,1,5,8,0,37,15,2,0,1,79,145,6,3,145,23,0,2,3,0,2,23,48,15,1,21,58,7,0,3,123,23,0,13,52,21,0,6,8,1,38,138,145,145,2,0,145,38,5,0,1,6,9,18,24,1,0,1,16,49,24,22,108,4,3,18,12,3,3,49,19,2,107,145,57,1,0,3
0,0,122,124,6,0,0,0,104,124,124,124,2,0,1,31,124,104,6,1,6,0,0,38,4,0,0,10,37,0,0,2,0,0,11,65,68,13,0,0,22,28,45,44,57,31,7,26,124,25,2,0,2,5,5,96,19,0,0,4,24,46,6,14,0,0,0,40,102,21,0,0,14,25,15,34,68,15,6,7,100,70,6,2,11,14,10,35,13,2,0,0,53,92,17,14,0,0,0,0,60,100,9,0,10,7,1,3,11,73,55,18,40,20,1,2,8,15,29,78,1,2,0,7,76,81,12,4
35,86,119,129,11,4,0,18,129,129,45,9,5,1,0,45,20,6,0,2,61,8,0,3,4,4,5,6,25,9,2,10,23,24,25,39,57,42,6,16,129,57,10,2,4,10,5,56,25,3,2,5,48,44,11,9,11,27,55,15,16,4,2,4,22,36,14,16,37,20,25,23,79,81,5,0,20,60,17,32,56,5,0,0,21,120,52,62,81,32,34,0,0,2,12,88,33,55,2,0,1,18,45,34,28,24,4,8,54,75,19,38,23,13,3,2,41,127,49,67,87,12,1,0,0,1,24,129
50,2,0,2,16,9,57,115,39,26,66,47,40,3,4,24,21,33,37,26,38,12,13,24,31,1,0,0,0,2,20,101,105,59,112,36,13,2,0,27,123,35,25,29,20,0,0,53,17,6,43,123,86,8,3,9,32,6,23,32,50,66,79,39,4,25,123,90,17,12,0,0,81,32,33,59,13,9,3,19,19,2,33,90,15,0,2,33,0,0,53,123,123,70,30,2,7,3,2,8,53,69,1,6,4,2,4,7,20,40,16,24,8,0,0,3,1,0,4,71,1,0,55,106,18,0,5,27
87,105,108,47,11,4,4,25,94,22,0,3,5,2,5,107,10,1,2,17,38,30,5,19,34,46,17,3,2,5,5,33,7,9,14,51,74,10,4,11,108,38,6,6,14,9,9,75,27,2,0,4,108,90,19,28,24,1,0,0,15,37,108,108,1,4,5,35,71,64,9,1,51,22,4,4,5,39,66,85,16,6,2,31,108,73,25,28,36,24,4,20,75,52,39,45,4,3,1,7,85,90,8,0,108,56,1,2,4,29,15,17,51,31,17,88,30,0,0,8,18,29,69,100,21,0,0,0
2,0,4,5,7,8,92,77,1,0,5,29,114,20,11,26,40,77,17,18,66,6,1,6,114,45,0,0,0,0,0,23,86,14,4,8,34,16,35,96,110,32,43,36,27,6,6,56,11,44,71,58,60,13,8,9,53,12,0,0,5,6,14,92,47,53,114,89,11,2,0,3,114,58,28,26,11,0,0,27,24,9,20,114,110,9,2,6,42,7,19,40,28,31,38,37,0,6,65,71,23,27,0,0,44,28,17,43,14,10,3,13,17,4,14,74,15,0,0,21,0,0,18,114,114,72,34,2
1,3,186,85,0,0,0,0,0,19,186,44,0,0,3,1,6,186,186,2,0,0,2,6,33,186,75,0,1,0,0,4,7,5,87,14,0,3,15,27,4,4,142,33,6,24,11,2,60,89,89,4,1,2,0,2,29,59,9,0,6,4,3,3,2,0,0,0,0,2,19,30,13,0,0,0,0,15,19,12,74,3,0,0,0,0,7,46,13,1,0,0,0,10,43,21,0,0,0,0,0,0,0,1,1,0,0,0,0,0,1,5,4,0,0,0,0,0,8,31,0,0,0,0,0,0,39,14
7,0,0,0,0,4,120,83,113,0,0,0,0,9,67,82,126,3,0,0,2,4,3,37,2,1,0,8,22,33,20,1,44,16,0,0,0,0,2,30,126,6,0,0,0,0,0,70,126,11,0,2,1,0,0,87,13,2,4,52,28,2,0,4,26,12,0,0,0,0,19,28,126,68,0,0,0,0,1,32,126,115,0,0,0,0,4,27,15,30,11,10,0,0,2,6,9,0,7,24,1,0,25,47,99,9,1,0,0,0,33,126,37,13,0,0,0,0,126,126,4,7,0,0,0,0,126,96
22,1,0,0,39,75,3,0,0,0,1,23,115,98,5,0,0,0,56,100,78,44,1,0,9,1,105,76,8,7,7,51,16,0,0,0,80,115,17,5,54,5,7,26,31,70,34,24,8,15,66,95,12,0,0,1,0,25,115,67,5,0,0,0,10,6,0,9,115,53,3,2,115,59,9,3,34,9,2,13,13,115,48,16,10,2,2,5,0,95,69,60,40,0,0,0,23,20,2,5,74,58,42,22,63,115,18,2,8,1,2,10,3,115,62,0,0,9,14,1,0,29,30,48,13,16,41,1
3,1,1,3,2,25,63,17,90,7,1,0,0,1,18,89,53,0,0,9,3,0,0,50,2,8,22,59,4,0,0,4,34,9,8,1,0,51,86,33,122,14,0,0,0,1,11,71,114,1,0,0,0,0,0,44,50,46,4,1,0,0,0,11,24,49,122,95,0,3,8,5,122,97,49,16,0,0,0,2,122,27,0,0,0,0,0,5,92,111,1,0,0,0,0,1,7,9,122,122,34,0,0,0,17,28,52,111,43,2,0,0,89,104,3,1,0,0,0,0,63,122,6,1,2,0,0,0
98,94,7,1,1,16,11,53,22,45,5,1,2,4,24,18,5,5,2,0,28,38,13,4,8,27,10,0,9,11,0,0,50,1,0,0,0,0,105,147,17,2,0,0,0,7,147,129,101,32,4,0,3,15,79,59,17,57,37,0,0,0,1,1,57,10,0,0,0,0,19,91,147,14,0,0,0,0,53,106,147,64,0,0,0,0,7,26,30,17,3,0,8,23,26,4,36,32,3,0,0,0,1,6,147,57,0,0,0,0,0,6,147,32,0,0,0,0,0,17,18,1,0,17,44,12,3,1
9,2,0,0,11,133,4,1,0,0,1,1,8,133,25,0,2,4,6,4,2,98,66,1,66,28,0,0,0,2,50,11,3,0,0,0,116,133,2,1,29,8,8,3,18,127,5,5,5,14,39,15,0,2,0,0,72,42,8,0,0,0,0,9,7,1,0,3,133,117,1,2,75,23,3,0,11,11,0,14,17,48,38,3,0,0,0,2,12,100,30,0,0,0,0,1,9,6,1,50,133,6,0,0,86,114,14,2,6,0,0,1,15,105,133,3,0,0,0,0,0,125,73,1,0,0,0,0
0,0,0,48,105,13,1,18,99,0,0,7,9,0,4,158,158,20,13,2,0,0,1,90,4,8,19,13,6,0,0,0,0,0,0,46,60,29,0,0,139,6,4,56,11,0,0,43,158,8,1,3,1,0,0,82,24,1,0,20,19,0,0,2,0,0,0,11,12,28,17,0,112,29,2,23,14,10,9,2,158,83,1,3,1,0,0,4,27,8,1,23,17,0,0,0,0,2,0,10,23,15,8,0,127,91,0,0,1,5,9,2,158,113,0,0,2,0,0,3,8,4,0,5,21,2,0,0
18,4,0,0,0,15,120,22,3,3,1,9,20,46,129,8,1,5,13,12,11,24,115,5,3,3,9,19,23,29,51,4,20,5,0,0,0,61,129,11,129,119,16,0,0,18,129,30,22,77,129,17,1,7,61,5,3,29,129,14,0,10,29,1,43,26,12,2,0,5,7,4,129,43,1,0,0,0,0,109,65,25,24,3,2,1,4,101,7,16,34,1,0,11,15,6,8,36,23,2,0,0,0,0,84,80,5,0,0,0,0,50,60,63,10,0,0,0,7,114,6,9,15,6,0,11,16,11
0,15,10,5,37,50,11,0,0,54,72,46,59,19,3,0,14,121,65,12,36,11,0,0,4,36,9,5,107,62,0,0,21,58,23,4,17,12,3,8,40,121,91,15,0,0,0,12,9,96,108,78,73,10,0,1,0,37,121,48,72,21,0,0,23,23,117,15,0,0,2,14,121,55,58,3,0,0,0,52,94,43,114,37,3,0,0,13,0,16,121,25,0,0,0,0,0,1,109,36,0,0,0,1,36,53,93,10,0,0,0,0,89,51,11,1,0,0,0,0,1,3,18,19,3,1,0,0
121,13,12,58,11,0,0,43,121,20,17,105,18,0,0,26,73,121,41,76,10,0,0,0,62,121,10,0,0,0,0,0,72,60,46,57,13,2,0,1,121,78,37,23,0,0,3,20,43,121,64,22,0,0,8,28,20,92,11,0,0,0,0,7,68,33,9,25,10,2,1,8,85,30,2,0,0,2,50,74,59,40,2,0,0,0,64,121,32,11,0,0,0,0,3,105,21,14,5,24,19,28,24,24,35,113,4,0,0,2,18,22,41,121,6,0,0,0,3,12,26,20,1,0,0,0,3,36
32,37,92,15,9,8,24,13,8,14,135,49,0,2,59,35,3,18,135,64,15,66,63,6,0,2,135,93,26,38,1,0,112,11,5,0,12,11,4,69,50,9,41,14,0,5,31,52,118,42,118,10,0,1,4,25,13,8,135,59,28,17,1,4,95,54,1,0,3,3,1,18,80,52,0,0,0,0,8,19,135,33,0,0,0,9,6,18,11,0,0,0,24,92,8,7,90,22,0,0,0,0,0,38,83,26,0,0,0,0,0,11,42,10,0,0,0,31,17,12,0,0,0,0,6,98,6,0
0,0,0,5,17,45,16,5,54,3,0,0,1,15,25,106,89,46,0,0,0,0,0,38,97,111,0,0,0,0,0,12,0,0,0,0,0,13,10,2,92,5,2,1,0,6,14,110,156,111,0,0,0,0,0,68,70,156,0,0,16,15,0,0,0,0,0,0,0,0,0,0,96,21,2,1,0,0,0,5,156,43,0,0,0,0,0,86,85,17,0,5,42,10,3,59,0,0,0,0,0,0,0,0,13,1,0,0,0,0,0,3,100,1,0,0,0,0,8,156,33,0,0,2,6,0,11,156
16,9,104,39,2,5,8,14,21,38,152,16,6,9,1,4,152,85,26,1,0,1,0,2,44,7,0,0,0,0,0,0,13,17,40,20,19,18,3,6,50,3,0,1,12,75,20,15,152,21,0,0,0,5,5,16,42,4,0,0,0,0,0,0,0,2,6,17,101,38,2,0,81,3,0,0,54,88,45,42,152,28,0,0,0,1,8,48,29,3,0,0,0,0,0,0,1,1,1,5,69,86,84,4,76,64,71,38,70,81,53,52,152,98,16,0,0,1,9,63,17,1,0,0,0,0,0,0
2,0,0,0,13,68,134,40,31,0,0,0,1,8,134,116,5,0,0,2,1,7,134,18,0,0,0,2,2,10,134,6,19,3,6,7,84,134,57,22,134,18,3,1,10,22,32,123,62,7,7,24,5,9,28,13,0,0,20,47,9,8,30,1,8,26,134,88,12,36,11,1,134,134,71,6,4,6,1,11,66,18,3,10,10,19,22,14,28,18,30,11,0,0,3,10,2,4,68,41,14,21,9,6,34,54,40,3,2,4,5,8,15,28,19,8,5,1,0,0,26,17,4,1,0,0,1,13
60,40,11,1,2,9,7,12,4,0,0,0,0,37,105,26,2,0,0,0,3,33,98,31,1,0,0,4,68,10,3,4,0,6,8,2,28,119,16,0,10,3,0,1,56,119,119,25,119,8,0,0,2,20,100,119,32,0,0,3,36,72,11,17,0,0,0,1,36,110,43,0,20,53,26,32,119,76,7,4,119,92,10,4,6,27,42,35,39,36,16,2,6,87,55,16,0,26,26,5,6,14,9,0,1,64,117,23,12,2,0,0,18,38,31,51,62,29,12,5,119,57,5,5,8,13,12,20
1,3,120,80,4,0,0,1,4,46,120,20,14,13,10,4,57,62,23,1,1,2,6,11,13,28,26,4,4,0,0,0,2,1,19,29,45,36,36,15,17,6,12,18,120,120,47,31,120,50,14,1,3,10,24,83,34,41,76,7,0,0,0,3,0,2,67,87,80,29,17,0,12,37,120,75,48,36,8,3,120,106,56,12,2,1,1,35,76,16,8,2,1,1,0,33,7,2,74,52,6,0,12,37,0,5,120,88,0,0,0,0,18,67,120,26,0,0,0,4,29,52,36,7,9,1,0,4
5,0,0,0,6,15,119,53,2,0,0,19,33,12,49,35,0,0,0,43,121,3,1,1,0,0,0,32,121,0,0,0,14,6,2,19,21,10,62,34,121,6,3,7,12,3,28,81,16,3,3,72,121,2,1,3,0,0,0,67,121,0,0,0,17,20,36,98,17,1,0,3,121,74,22,29,6,0,0,11,30,18,5,88,121,0,0,1,0,0,0,74,121,0,0,0,12,6,13,27,4,38,50,34,86,53,14,13,3,12,22,74,22,14,5,65,121,1,0,11,0,0,0,50,121,0,0,0
29,107,0,0,0,7,21,6,7,28,4,7,67,107,32,6,0,0,14,112,119,119,1,0,27,16,22,119,68,31,19,81,12,15,0,0,2,115,60,10,70,10,16,28,24,44,61,31,5,2,58,119,80,19,0,1,7,67,119,119,30,1,0,0,18,25,5,24,32,52,8,3,92,27,1,2,3,18,32,32,5,19,16,14,60,58,17,6,0,108,51,11,13,2,0,0,3,4,2,39,62,20,8,3,35,23,0,0,3,7,33,23,17,101,31,0,1,4,5,2,0,84,40,0,7,24,0,0
10,8,0,0,17,113,7,0,0,6,15,11,67,49,0,0,15,12,34,14,21,6,3,10,30,4,0,0,4,6,14,94,8,0,0,0,17,118,6,3,62,42,19,10,8,23,7,10,6,21,25,55,96,11,2,2,49,95,7,6,16,7,1,10,12,0,0,0,13,118,85,58,65,5,0,1,3,4,115,118,50,49,36,31,36,5,42,39,13,94,49,11,28,14,0,0,4,1,11,56,65,100,93,85,118,13,5,3,0,0,100,118,118,55,3,0,2,8,12,36,11,14,7,3,61,70,1,0
39,4,0,0,0,8,122,122,14,12,4,0,0,0,82,72,1,3,5,1,0,1,78,71,0,0,0,0,0,27,122,22,122,99,5,1,4,8,20,65,109,93,48,3,1,3,6,29,3,16,50,41,21,24,17,9,0,3,5,26,29,30,30,1,92,122,122,2,0,0,0,8,93,71,60,29,12,27,10,24,3,2,22,33,26,109,50,3,24,30,15,10,9,13,32,7,5,49,100,1,0,0,39,25,0,11,55,73,19,12,44,3,0,0,87,84,13,10,17,1,15,51,59,15,0,1,5,3
1,0,11,61,15,10,31,5,39,42,66,91,6,5,14,5,129,72,11,5,2,0,1,17,17,2,0,41,36,4,1,3,3,5,52,102,6,8,29,5,44,7,24,69,9,21,52,34,129,24,6,6,0,1,7,76,21,5,2,22,32,31,5,6,5,8,48,107,4,7,6,0,20,22,85,129,11,9,5,4,129,93,30,23,4,2,1,21,35,12,5,52,97,9,0,2,0,0,0,3,2,44,129,18,3,1,3,17,10,59,126,27,129,5,2,3,4,22,26,108,38,0,0,15,91,29,13,23
10,23,2,0,1,33,19,0,1,1,1,3,12,126,26,1,46,3,1,6,11,74,35,17,60,8,8,17,2,1,3,8,10,1,0,2,48,160,82,14,68,4,2,9,5,52,63,38,66,9,7,37,14,5,0,6,104,4,1,2,0,5,11,18,23,18,35,75,113,39,6,7,136,64,22,7,1,1,3,16,36,15,11,35,12,34,4,3,32,2,3,2,1,172,94,17,0,6,40,54,9,7,23,12,11,36,30,6,2,38,26,2,4,5,1,3,10,172,30,1,0,9,3,0,9,172,40,0
0,0,0,138,127,0,0,0,96,0,0,90,66,0,0,39,138,3,0,0,0,0,0,55,22,0,0,0,17,9,0,3,0,0,0,87,119,3,0,1,76,9,7,138,138,0,0,18,138,29,5,9,6,0,0,62,34,1,0,0,30,8,0,4,0,0,0,17,65,31,0,0,17,48,63,138,85,12,0,1,122,138,50,16,3,2,0,7,17,8,0,1,30,16,0,0,1,1,1,1,19,45,16,2,26,46,12,5,7,12,2,1,25,38,5,0,3,9,8,1,1,1,2,3,11,15,1,0
0,0,7,4,4,104,94,9,31,2,4,3,7,19,88,57,59,10,9,9,6,4,2,13,55,13,5,4,22,46,1,12,25,2,1,13,109,106,51,22,122,18,2,2,4,11,32,78,96,16,4,17,14,8,3,12,59,6,4,56,122,88,1,9,18,32,92,84,106,5,0,1,122,107,60,7,3,5,8,19,71,6,3,3,5,31,34,40,110,8,24,77,29,2,3,33,0,11,121,20,1,2,4,0,3,26,102,21,0,1,9,2,22,11,46,27,3,3,4,6,62,6,3,4,8,32,56,37
82,15,1,1,19,26,34,28,93,25,2,7,5,2,3,14,55,12,1,8,33,36,1,3,4,0,9,31,93,131,47,0,67,71,70,24,16,2,1,3,76,26,4,3,3,15,25,20,92,13,7,52,45,14,5,17,4,2,131,131,116,66,3,0,1,9,73,24,0,2,24,8,14,11,36,36,3,3,6,6,89,16,6,9,6,23,55,35,6,1,29,45,14,75,98,12,39,18,6,3,0,22,131,131,11,2,9,17,14,3,54,76,1,0,1,40,72,47,51,17,8,4,9,28,29,60,92,36
134,76,9,0,0,0,0,3,15,81,59,6,1,0,0,0,0,34,73,104,15,0,0,0,0,0,4,134,35,0,0,0,134,125,11,6,9,2,0,1,74,79,23,11,14,3,0,3,13,23,13,54,91,2,0,0,0,26,41,103,57,0,0,0,134,50,7,1,27,11,0,19,123,3,0,1,36,13,1,45,28,14,23,34,59,3,0,9,1,134,57,17,8,0,0,0,61,41,29,11,25,3,0,5,56,0,0,6,48,8,8,84,63,48,19,7,1,0,5,86,8,102,13,0,0,0,0,2
13,4,0,0,1,18,130,26,5,2,0,4,17,34,130,19,2,1,5,14,16,27,88,3,5,4,4,16,22,25,24,3,27,3,0,0,0,65,130,22,130,84,9,0,0,4,130,55,30,65,130,16,0,5,44,6,2,38,130,12,0,9,15,1,53,31,19,2,0,7,6,4,130,42,1,0,0,0,0,89,90,27,33,1,0,0,3,95,2,17,47,0,0,7,23,6,8,69,31,0,0,0,0,0,88,130,13,0,0,0,0,30,70,84,16,0,0,0,2,59,3,6,18,9,1,6,12,5
77,4,5,24,0,0,0,79,60,32,60,106,0,0,0,23,122,122,31,14,0,0,0,0,48,94,2,0,0,0,0,0,101,39,44,82,3,0,0,27,122,80,44,12,0,0,1,35,100,122,33,3,0,0,8,38,36,57,4,0,0,0,2,25,38,28,22,56,23,0,0,1,122,29,3,0,0,0,23,76,69,23,0,0,0,0,61,122,34,6,0,0,0,0,15,122,8,1,16,60,19,27,5,3,54,41,2,4,5,8,14,39,92,122,0,0,0,0,4,14,29,33,0,0,0,3,4,14
1,0,0,21,68,133,50,13,17,4,0,8,38,114,34,11,119,30,33,6,4,9,1,36,43,26,106,38,2,2,3,14,26,0,0,0,72,133,56,39,133,32,0,0,5,69,58,74,133,102,0,0,0,1,0,14,111,60,2,0,0,5,6,12,47,0,0,0,130,113,8,13,133,6,0,0,7,12,5,50,133,30,0,0,0,0,1,18,47,15,0,0,0,35,36,13,3,0,0,0,4,2,0,0,32,0,0,0,0,0,0,0,32,2,0,0,0,0,0,1,3,0,0,0,0,17,11,1
0,0,0,0,0,0,0,0,38,4,0,0,0,0,0,5,137,73,0,0,0,0,0,3,39,88,0,0,0,0,0,0,0,0,6,9,0,0,0,3,113,15,48,42,0,0,0,33,137,61,6,1,0,0,0,44,71,75,0,0,0,0,0,0,20,1,19,20,0,0,0,116,93,40,112,53,0,0,0,107,137,131,41,5,0,0,1,14,70,43,1,0,0,0,6,12,17,9,81,85,1,0,0,25,137,37,27,9,0,0,2,94,80,38,6,0,0,0,69,86,29,4,0,0,0,0,52,80
0,0,0,0,0,0,0,0,6,0,0,0,0,0,0,3,16,1,0,23,7,0,0,6,35,27,3,27,7,0,0,0,0,0,0,69,29,0,0,0,68,10,3,126,40,0,0,21,126,27,8,84,13,0,0,51,64,121,47,122,14,0,0,0,0,0,0,113,86,0,0,0,23,34,30,126,83,0,0,1,126,126,40,33,1,0,0,9,57,126,90,32,0,0,0,9,0,0,3,46,85,1,0,0,17,22,11,71,62,1,0,1,110,60,6,3,0,0,5,46,63,35,5,0,0,0,13,116
96,21,4,12,32,42,13,49,7,0,3,114,77,74,28,24,2,0,61,114,34,0,1,5,0,0,77,77,0,0,0,0,55,11,15,16,22,114,100,78,114,33,2,13,24,114,48,54,30,6,25,107,35,10,6,13,0,0,28,114,6,3,3,0,5,12,33,48,65,93,30,10,64,35,21,7,4,16,45,114,11,2,2,10,9,54,84,49,11,2,7,31,4,17,28,34,1,9,88,88,33,18,7,3,7,22,114,60,0,1,7,15,8,14,31,32,1,4,14,11,18,14,25,3,1,10,9,17
5,10,0,1,118,16,0,0,93,0,0,6,137,25,1,43,137,1,0,3,4,1,0,76,8,3,8,24,11,7,4,4,9,4,0,22,137,9,0,0,68,8,18,78,137,5,0,26,137,39,13,8,7,0,0,79,21,7,16,23,2,3,2,3,15,3,18,51,48,0,0,8,11,30,137,137,43,2,0,1,119,137,99,13,1,13,21,9,14,9,9,13,1,11,39,5,20,18,12,7,2,0,0,4,0,4,32,14,24,43,4,0,7,4,11,3,10,96,40,19,10,0,0,0,0,28,53,22
128,128,4,0,0,36,12,11,23,108,82,11,0,2,10,8,2,5,95,128,3,0,4,8,0,1,123,94,4,7,10,5,124,128,2,1,14,7,2,1,14,26,7,11,47,50,54,35,123,27,51,35,1,3,25,79,15,17,128,57,15,9,5,4,19,57,7,21,30,4,9,6,17,63,32,44,50,9,7,7,110,123,20,5,5,7,10,20,13,2,0,1,10,49,38,8,3,11,7,33,41,2,6,5,33,94,13,6,5,2,2,2,7,38,4,0,26,27,3,0,1,0,0,0,18,40,19,6
1,6,19,37,18,19,4,0,54,5,29,77,11,4,2,36,130,13,4,3,0,0,0,130,35,6,6,7,7,40,20,76,1,30,73,24,10,2,11,1,21,5,24,74,107,7,3,5,130,27,2,5,10,2,1,58,96,4,1,12,47,54,15,44,10,6,7,8,25,40,113,35,32,17,33,54,78,9,28,30,130,30,23,22,10,0,3,73,39,0,2,14,15,2,40,106,21,22,91,67,27,12,12,16,82,62,54,31,3,0,3,15,6,7,14,99,50,18,15,27,0,0,3,18,36,70,130,48
51,30,8,3,5,8,17,18,36,19,17,16,1,21,22,8,2,4,17,22,2,7,19,14,2,6,15,23,3,0,0,1,23,30,13,4,3,20,50,37,29,5,0,0,28,137,91,37,137,3,3,4,2,48,72,137,15,0,5,17,13,11,5,15,0,0,0,0,2,55,137,97,94,56,0,0,42,137,75,17,137,121,0,0,3,20,11,40,15,3,0,0,3,18,22,12,1,30,36,1,1,27,63,12,115,137,21,0,0,26,29,5,105,82,0,0,0,4,22,23,0,0,0,0,0,5,6,1
0,13,19,49,78,17,6,3,46,50,3,75,134,21,0,1,65,134,78,0,0,0,0,2,7,134,46,0,1,3,2,1,6,19,16,71,56,0,0,1,90,18,12,134,134,0,0,14,134,78,32,21,3,0,0,44,18,27,25,37,39,15,4,2,14,19,8,17,8,0,0,2,16,23,109,134,32,0,1,2,134,126,95,49,1,3,5,8,23,16,10,55,28,11,9,1,17,4,1,0,0,0,1,10,5,3,18,12,0,7,21,9,2,12,19,5,3,14,22,2,7,2,0,1,5,14,16,3
4,4,4,0,3,54,100,6,26,48,12,5,12,31,23,11,21,76,20,5,4,9,16,14,3,10,16,13,17,17,0,0,18,54,53,4,8,6,17,5,30,30,19,10,43,43,55,23,137,27,11,3,2,13,49,66,21,13,43,18,5,51,28,11,38,13,6,6,16,1,6,40,10,27,37,61,69,21,26,10,113,64,20,4,12,38,42,38,26,0,0,0,107,138,73,49,4,0,6,10,26,26,31,27,0,1,4,6,23,112,138,7,2,3,2,0,11,78,138,52,55,7,0,0,128,138,69,16
3,1,0,1,119,99,1,1,20,46,10,0,14,24,1,2,45,119,16,0,0,0,0,7,54,83,3,0,0,0,0,22,11,9,5,98,119,13,0,0,116,119,23,14,14,1,0,7,20,119,79,0,1,0,0,1,4,83,7,0,5,11,10,6,7,3,6,119,101,0,0,1,119,28,12,79,25,0,0,59,119,42,23,15,8,0,0,27,3,7,9,42,38,16,5,4,3,7,21,85,18,0,0,0,54,46,105,111,6,0,0,6,98,56,18,9,2,4,4,7,1,5,10,46,15,6,3,0
4,0,0,0,106,135,26,15,120,0,0,0,24,43,41,145,40,0,0,0,6,18,19,51,0,0,0,0,5,12,2,0,16,0,0,0,124,145,59,7,145,14,0,0,36,34,3,39,117,6,0,0,7,13,10,15,0,0,0,0,2,5,1,0,37,37,2,0,9,106,55,3,145,95,1,0,2,12,10,26,54,3,0,1,0,11,68,28,0,0,0,0,0,1,4,0,8,145,52,1,3,5,1,0,36,145,25,12,2,1,1,2,3,3,7,22,2,3,11,2,0,0,0,0,0,0,0,0
46,48,1,0,9,30,33,79,29,40,1,0,4,15,39,33,6,29,23,4,3,10,4,2,1,4,27,36,14,0,0,0,47,3,0,0,4,19,76,139,139,8,0,0,0,1,62,139,64,27,15,1,8,22,37,12,4,3,12,19,35,11,39,16,133,28,0,5,12,1,2,37,139,90,0,0,0,0,0,25,64,21,31,50,38,20,15,7,42,26,48,22,10,7,19,24,81,7,35,77,16,0,2,66,139,42,12,4,0,0,51,139,43,22,40,17,1,0,27,139,10,15,63,23,12,7,1,10
90,5,0,0,0,0,4,144,144,29,0,0,0,0,0,30,54,80,19,0,0,0,0,0,3,29,37,39,5,0,0,0,121,91,133,34,0,0,0,32,144,41,6,6,0,0,0,18,114,47,6,0,1,2,0,10,25,12,5,22,21,0,0,7,13,16,128,144,18,1,0,0,144,74,69,58,2,0,0,22,95,11,1,0,11,10,3,37,34,6,5,5,4,1,2,57,13,5,21,24,29,21,5,22,29,49,78,14,0,0,1,35,11,13,7,9,27,11,2,7,19,1,0,1,16,16,20,81
1,132,133,0,0,0,0,0,133,133,120,0,0,0,0,13,133,18,0,0,0,0,0,29,0,0,0,0,0,0,0,0,17,103,133,3,0,0,0,0,81,75,133,15,0,0,0,2,133,28,4,0,0,0,0,32,6,0,0,0,0,0,0,2,77,26,13,2,0,0,2,37,22,18,47,27,0,0,18,25,119,18,8,1,0,1,34,44,11,0,0,0,0,0,13,12,25,2,0,1,1,0,23,133,4,0,2,10,6,4,58,56,6,1,3,18,14,29,127,32,3,0,0,2,5,5,46,24
11,0,2,2,3,0,42,152,40,0,1,3,2,11,32,152,3,0,2,13,23,65,12,7,0,0,2,11,11,35,4,0,51,25,96,33,11,1,3,62,152,54,28,1,0,1,4,137,54,18,37,61,9,9,6,10,0,0,17,77,7,3,0,0,6,80,152,53,13,0,0,0,152,61,84,40,20,1,7,33,50,3,3,11,3,26,87,30,0,0,2,22,8,26,56,0,8,23,28,30,67,1,0,1,24,2,6,34,91,9,10,33,8,0,3,6,3,40,75,17,0,0,0,3,4,59,93,0
0,0,0,0,0,0,0,0,19,23,3,0,0,0,0,0,21,121,70,0,0,1,2,0,3,58,75,1,0,1,5,2,2,1,0,0,0,0,0,0,121,52,0,1,0,0,1,19,93,59,7,0,7,46,28,16,0,5,11,0,3,37,79,29,2,1,5,65,40,1,0,0,117,26,54,82,51,5,11,121,42,8,10,2,15,47,43,104,0,0,0,2,30,119,72,8,0,0,17,86,16,0,0,0,10,13,121,121,15,0,0,9,17,13,121,114,27,8,2,16,2,7,26,75,121,121,25,6
32,13,0,0,0,0,0,1,139,12,0,8,2,0,0,18,34,3,4,139,46,0,0,5,0,0,34,139,42,0,0,0,73,24,6,1,0,0,3,36,139,43,1,0,0,3,7,39,55,21,1,55,57,68,26,10,0,0,0,139,139,15,5,1,20,88,118,5,1,0,0,4,108,31,31,8,11,28,58,56,42,13,0,0,6,91,138,37,18,7,0,69,67,10,11,11,0,21,61,29,34,9,0,0,4,2,16,28,54,70,15,6,73,19,5,1,2,12,17,42,19,7,0,15,14,8,20,17
54,50,0,1,4,10,4,1,8,2,1,18,20,27,23,15,2,32,45,65,11,1,2,5,8,69,19,3,95,67,0,0,31,46,11,36,15,4,0,0,10,0,2,48,40,9,7,18,65,54,3,3,13,3,4,14,5,29,4,3,149,140,0,0,17,35,6,16,22,48,36,1,23,1,1,19,74,92,21,20,149,20,0,4,36,8,4,46,13,5,10,118,149,52,0,2,0,2,37,115,32,35,21,0,14,23,66,45,20,34,13,10,112,94,36,12,6,1,1,27,12,17,68,149,47,3,0,1
2,0,0,0,0,0,0,0,69,22,1,2,12,5,5,13,10,6,11,16,36,61,130,37,27,16,14,6,6,31,130,48,16,0,0,0,0,0,0,1,130,33,4,36,44,4,0,4,18,20,75,130,130,70,69,14,130,101,76,28,23,12,63,65,38,0,0,0,0,0,0,7,130,6,1,11,14,15,4,43,19,5,68,113,54,46,22,17,52,72,75,32,14,2,8,8,57,0,0,0,0,0,0,7,130,9,4,7,8,6,1,22,15,5,32,62,29,19,15,12,60,5,3,17,14,3,15,54
115,76,0,0,9,68,18,9,13,8,13,30,25,21,6,21,36,21,9,8,18,31,6,46,1,0,0,0,109,113,3,3,29,22,6,28,49,115,86,62,115,30,17,11,5,11,43,115,26,29,23,8,105,103,1,3,0,0,0,0,77,87,0,0,15,29,104,115,38,20,10,14,115,114,53,26,9,42,11,35,21,2,0,0,72,115,4,3,0,0,0,0,12,11,0,0,74,5,23,55,12,9,32,104,5,14,10,21,28,57,6,1,0,0,0,0,7,25,0,0,0,0,0,0,0,0,0,0
1,27,84,0,0,2,4,6,0,8,92,9,2,26,19,1,3,4,43,12,1,8,21,7,8,20,38,12,5,8,0,0,13,9,6,0,16,23,20,26,9,4,7,11,75,125,74,17,125,14,2,3,5,26,63,74,46,13,5,25,75,94,3,8,11,11,27,15,22,9,2,2,9,18,86,92,88,21,6,2,115,70,72,15,5,3,5,22,53,7,19,80,46,20,15,25,0,4,28,11,1,108,125,0,5,5,36,16,1,113,125,25,25,14,33,4,1,12,125,125,10,2,4,6,31,66,50,23
12,3,11,40,19,19,8,4,141,26,4,9,3,2,3,41,59,25,20,26,5,11,14,19,0,0,27,32,6,5,9,4,11,8,14,33,52,9,15,8,141,50,3,8,15,3,2,28,66,8,4,9,24,76,71,37,8,8,8,3,2,15,70,60,20,41,39,32,16,4,10,11,82,20,9,17,20,16,51,74,16,7,19,20,22,13,122,77,8,26,23,5,1,1,58,31,1,13,24,31,30,7,2,6,0,0,20,129,119,53,91,24,0,0,43,78,9,16,141,87,16,9,18,8,0,0,141,141
55,72,2,27,97,32,0,1,124,131,5,1,1,0,0,10,45,68,11,6,7,8,19,21,3,5,8,18,27,12,6,9,104,41,35,131,35,0,0,27,131,126,28,33,5,0,0,79,25,32,43,89,22,9,10,12,16,28,21,22,18,7,4,10,19,24,123,131,3,0,0,5,127,110,124,33,2,10,4,19,25,12,20,33,14,28,9,7,4,3,10,30,88,30,19,13,11,4,10,1,0,2,6,17,1,4,14,6,10,37,18,2,11,5,2,3,7,41,34,25,16,2,1,87,41,5,5,20
4,134,134,68,8,6,1,0,5,60,134,66,1,3,3,3,31,134,105,25,3,0,0,4,11,10,77,72,1,0,0,9,2,42,35,29,109,60,11,4,74,21,49,17,15,23,21,37,16,5,23,39,55,21,6,6,17,2,8,5,9,13,16,57,1,4,17,58,69,35,9,1,27,19,33,28,27,30,39,8,4,5,36,6,25,76,57,3,13,35,63,3,10,39,18,25,41,14,1,2,9,67,72,35,17,53,102,14,11,11,6,3,3,61,134,10,1,3,5,3,1,86,134,15,4,1,0,0
27,23,76,76,28,3,1,7,39,8,3,4,10,33,38,43,12,4,1,5,20,31,93,88,3,0,0,117,128,46,24,26,6,3,1,18,128,64,4,4,53,15,13,18,28,33,19,28,24,25,68,41,26,22,18,30,11,7,5,8,128,128,8,15,7,1,0,20,128,42,2,8,67,9,3,1,15,9,18,74,5,4,22,13,32,38,56,17,0,0,3,128,128,79,2,0,2,4,11,22,128,35,2,3,27,51,31,7,13,2,4,28,3,20,33,6,13,27,13,4,0,3,5,77,52,87,10,0
129,35,0,0,0,2,6,105,16,1,0,0,0,14,113,76,10,6,0,0,0,1,136,87,25,9,1,0,0,3,42,45,73,83,2,1,2,29,38,9,29,2,0,10,18,104,108,26,136,86,6,1,1,6,57,63,44,71,21,16,3,6,9,14,31,34,44,14,4,10,16,17,45,10,24,95,55,18,6,5,136,53,7,11,5,2,4,52,58,21,20,36,11,23,34,24,41,29,14,14,13,16,48,23,32,26,15,29,65,14,16,13,136,63,3,4,11,9,6,27,28,6,7,9,20,59,63,28
0,0,0,0,0,0,0,0,5,14,3,0,0,0,0,0,8,98,83,0,0,0,0,0,5,96,73,0,0,0,0,1,2,0,0,1,0,0,0,0,115,51,1,1,0,0,1,15,74,82,31,0,0,21,43,17,3,22,31,0,0,26,85,19,2,1,7,87,24,0,0,0,115,21,65,111,21,0,5,79,39,6,10,3,11,87,63,59,2,0,0,0,6,115,115,23,0,0,10,47,5,0,0,0,7,7,115,115,3,0,0,2,4,4,53,115,115,66,4,4,25,21,39,58,81,115,74,49
63,15,11,0,0,18,14,35,10,1,1,8,15,62,104,19,22,0,0,7,17,25,49,33,6,0,0,0,0,0,0,2,33,21,11,12,37,101,62,9,9,6,12,28,77,128,128,50,128,29,8,4,3,18,79,128,37,2,0,0,0,0,0,3,0,0,39,114,55,19,11,1,8,34,128,128,57,22,7,7,128,128,81,13,3,2,4,37,51,8,0,0,0,0,0,2,0,0,5,32,12,3,24,46,0,2,35,52,30,38,14,3,119,14,8,4,19,30,9,69,39,1,0,0,0,0,0,13
36,1,0,11,85,39,23,89,75,7,4,4,3,3,7,112,45,6,5,4,3,1,6,34,9,0,0,21,30,1,1,4,36,9,20,118,118,3,2,53,118,50,26,16,6,0,3,118,55,16,17,2,0,12,22,15,13,0,0,10,29,14,44,13,14,21,107,116,30,0,0,6,74,86,99,25,31,34,29,7,14,3,1,1,14,118,118,7,17,0,0,0,9,73,118,70,24,11,12,5,12,2,17,16,0,0,14,62,78,23,11,2,0,0,19,92,54,48,21,0,54,46,52,42,29,31,20,38
48,4,0,0,0,15,91,86,41,12,0,0,0,3,130,111,26,10,1,6,6,22,29,51,0,0,1,10,11,45,28,9,45,8,7,28,18,51,50,20,139,70,8,7,3,7,28,58,53,44,27,54,16,21,15,14,0,0,52,59,12,26,15,5,36,21,18,47,34,9,15,6,139,42,5,11,11,12,20,47,43,7,9,16,10,48,120,63,5,4,31,23,0,2,43,64,12,26,66,31,22,7,9,5,62,12,8,18,39,36,138,81,10,11,8,6,6,12,139,116,19,23,1,0,10,12,47,100
2,16,16,0,0,0,18,9,12,64,75,5,3,8,126,67,0,6,39,23,61,81,60,13,2,7,7,4,14,41,45,2,0,0,0,0,0,0,29,10,20,0,0,0,0,2,126,126,99,24,21,8,12,32,82,88,10,47,103,23,16,11,6,1,1,0,0,0,0,0,5,3,120,36,0,0,0,0,24,35,126,81,7,0,0,1,5,23,47,30,48,17,53,36,38,8,7,6,0,0,0,0,0,1,124,126,0,0,0,0,0,4,111,98,0,0,2,46,17,9,11,0,0,0,17,126,95,17
1,0,0,0,0,0,0,1,150,12,1,1,0,0,0,28,52,16,10,33,32,2,0,4,27,26,64,156,155,10,2,11,37,0,0,0,0,0,0,23,156,54,6,6,4,5,0,87,99,46,14,58,66,65,20,17,37,29,52,68,42,16,49,71,28,0,0,0,0,0,0,12,156,10,0,0,5,21,2,40,44,4,1,3,56,156,39,19,3,0,0,2,11,34,100,156,0,0,0,0,0,0,0,0,0,0,0,0,0,0,0,0,0,0,0,0,1,4,0,0,0,0,0,0,0,2,7,27
0,4,13,96,91,46,15,0,71,70,43,64,36,43,85,47,45,54,29,46,32,19,12,10,0,0,3,18,20,4,0,0,1,3,9,78,38,116,54,6,66,113,74,81,18,31,40,43,22,73,19,35,116,15,2,3,0,0,14,19,60,7,0,0,16,57,36,18,60,116,47,12,116,116,15,2,6,38,45,68,28,26,31,28,51,25,25,12,3,11,104,26,13,27,10,1,14,46,59,28,17,6,1,15,31,71,13,1,2,7,4,9,13,19,4,0,2,65,39,5,3,4,8,1,9,116,54,2
0,0,0,0,0,0,0,0,11,11,21,30,5,16,5,2,138,34,14,13,2,5,11,50,66,3,0,0,0,0,52,91,9,4,4,1,12,2,0,1,23,7,8,18,138,138,40,31,138,20,3,6,19,39,42,134,114,13,8,3,0,1,14,37,6,0,0,1,14,2,0,1,27,23,74,124,138,22,2,5,138,138,98,40,22,5,2,17,57,38,24,28,26,13,14,7,0,0,0,0,0,0,0,0,0,7,51,17,1,0,0,0,21,90,90,7,4,1,0,0,9,22,17,20,17,9,1,1
0,0,0,0,0,0,0,0,23,2,0,0,0,0,0,9,53,3,0,0,0,0,0,25,1,0,0,0,0,0,0,0,13,4,1,0,0,0,0,0,147,60,1,0,0,0,1,25,147,52,0,0,0,4,27,63,6,0,0,0,4,20,16,10,23,16,28,32,6,17,6,3,147,45,19,15,2,8,24,105,120,6,0,0,0,2,112,147,33,2,4,11,11,29,26,35,18,6,7,19,132,94,29,24,147,19,5,8,22,37,38,130,145,16,10,3,1,3,24,57,46,1,3,8,2,5,77,60
