17,0,2,99,65,10,2,39,115,0,0,8,7,1,0,150,32,0,0,0,0,0,0,30,0,0,0,0,0,0,0,0,11,0,1,47,150,100,4,9,150,0,0,5,32,31,7,75,132,0,0,0,0,0,0,13,0,0,0,0,0,0,0,0,23,9,2,9,150,37,1,1,150,79,2,4,40,7,1,7,123,20,0,0,0,0,0,0,0,0,0,0,0,0,0,0,16,12,2,9,95,23,6,14,150,73,2,4,9,2,3,111,35,12,0,0,0,0,0,33,0,0,0,0,0,0,0,0
14,4,0,0,151,68,3,14,151,87,0,0,13,16,3,75,34,33,0,0,0,0,0,11,0,0,0,0,0,0,0,0,25,1,0,4,151,22,3,12,151,6,0,1,37,7,3,92,123,0,0,0,0,0,0,22,0,0,0,0,0,0,0,0,12,21,19,47,151,39,0,0,151,133,22,18,18,0,0,1,126,19,0,0,0,0,0,0,0,0,0,0,0,0,0,0,48,32,8,6,18,44,19,26,69,151,8,2,0,0,0,1,22,30,0,0,0,0,0,0,0,0,0,0,0,0,0,0
27,0,0,17,91,37,11,83,97,0,0,0,0,0,1,147,17,0,0,0,0,0,0,23,0,0,0,0,0,0,0,0,26,1,0,147,147,4,1,20,147,3,0,11,17,0,0,93,105,0,0,0,0,0,0,15,0,0,0,0,0,0,0,0,18,8,2,66,147,0,0,0,147,72,3,17,44,0,0,2,105,15,0,0,0,0,0,0,0,0,0,0,0,0,0,0,8,8,2,64,147,0,0,2,147,60,4,23,21,0,0,59,46,9,0,0,0,0,0,24,0,0,0,0,0,0,0,0
1,0,0,0,98,65,43,24,11,2,1,1,24,17,97,114,0,0,1,1,0,19,114,63,10,0,0,0,3,46,74,46,10,28,7,31,114,17,37,27,83,82,31,45,72,5,33,47,18,17,30,86,51,11,66,73,71,0,0,3,39,31,26,71,8,15,7,22,59,19,57,52,114,24,9,26,65,8,3,42,68,16,9,95,114,0,0,16,42,29,32,56,30,0,1,27,5,93,61,16,14,10,5,6,65,44,93,41,9,1,0,14,35,24,33,49,36,1,6,28,4,54,70,35,2,16,27,3
12,1,5,16,27,17,42,98,66,6,1,5,11,37,66,59,35,5,1,11,60,35,29,44,9,1,0,0,2,29,94,68,34,18,4,13,110,17,3,10,115,33,1,4,40,24,7,27,65,22,1,1,115,88,11,17,35,26,14,40,21,33,39,26,8,49,76,91,48,2,0,0,61,5,40,115,26,30,28,65,102,32,6,22,60,115,31,25,76,31,19,66,15,23,19,7,0,6,51,38,0,0,0,0,0,0,58,115,34,1,1,0,65,87,36,97,45,6,2,1,34,44,66,50,6,12,8,1
17,0,2,14,24,14,24,67,79,7,0,0,5,31,50,59,39,3,0,0,34,74,34,23,4,1,0,2,19,84,63,11,26,14,4,11,74,18,1,4,132,28,0,5,29,21,4,18,68,17,0,0,132,88,6,7,43,29,1,21,75,22,6,5,5,37,63,78,25,1,0,0,60,3,46,91,13,17,22,49,40,53,47,5,47,72,22,15,43,40,8,29,93,7,2,4,1,4,19,22,0,21,132,12,0,0,63,55,0,5,132,18,2,41,84,6,0,2,132,12,2,20,10,40,55,40,132,2
3,131,131,0,3,21,5,4,0,131,131,0,1,39,72,3,0,60,84,1,0,13,93,41,5,7,18,6,3,43,46,22,23,15,11,3,52,60,15,70,60,45,25,23,34,59,50,6,13,11,22,76,47,9,62,55,49,0,0,4,22,35,23,50,58,0,1,15,68,5,3,56,131,16,3,20,64,1,0,28,59,9,5,87,131,0,0,8,42,16,15,41,25,0,0,17,52,27,12,12,18,15,3,42,86,75,37,10,14,1,0,8,35,30,31,73,42,0,0,1,4,47,70,40,3,0,0,0
87,40,14,8,0,0,18,94,20,6,9,34,25,3,17,111,53,2,1,51,44,0,3,71,63,2,4,60,19,0,0,56,114,34,23,20,11,7,9,96,24,5,10,37,81,33,30,78,86,43,20,21,21,2,17,79,82,80,18,10,0,0,0,15,81,48,38,21,27,9,13,95,58,87,104,35,22,19,15,33,114,96,80,25,1,0,1,10,48,59,4,0,0,0,0,0,25,62,114,45,3,0,0,0,60,114,58,13,0,0,0,0,9,52,71,12,0,0,0,0,5,20,2,0,0,0,0,0
33,118,112,19,2,0,4,35,86,118,26,0,0,0,3,91,29,43,14,3,14,12,11,110,24,9,3,7,40,36,9,11,53,22,82,118,6,1,4,41,118,83,36,32,5,1,2,60,57,20,13,32,37,10,4,58,47,3,1,17,49,1,2,41,89,41,35,58,29,11,1,22,118,49,25,28,24,15,10,70,38,25,26,28,36,40,16,46,62,52,21,9,8,3,2,28,8,73,79,64,7,2,0,0,24,94,92,55,4,1,0,4,17,75,67,49,0,0,0,1,31,61,30,13,0,0,0,0
9,126,47,9,42,16,0,1,20,126,50,0,0,0,0,11,41,114,61,1,0,0,0,4,9,43,61,126,75,0,0,0,18,75,15,7,5,1,14,30,31,22,5,0,0,0,26,75,126,37,1,0,0,0,2,56,81,21,5,67,126,0,0,3,29,72,13,19,9,1,5,13,18,126,73,0,0,0,4,10,126,123,14,0,0,0,0,11,101,20,0,44,92,0,0,2,48,57,7,15,8,0,1,2,26,44,12,0,0,5,14,21,104,29,2,0,0,0,2,37,85,21,8,21,10,1,6,10
9,0,0,0,66,123,8,4,145,62,0,0,2,10,5,9,145,55,0,9,18,4,8,4,4,2,8,22,16,4,11,15,47,4,0,0,59,79,4,6,145,47,0,0,0,1,5,21,132,13,1,1,1,12,70,42,6,4,14,15,2,5,42,16,67,62,0,0,43,24,0,1,145,107,6,0,0,3,15,25,51,24,24,1,0,10,84,94,17,10,12,9,6,4,29,86,94,106,0,0,15,5,0,1,64,123,16,0,0,2,22,12,12,55,56,2,0,3,39,40,12,24,23,17,4,1,14,28
4,14,18,3,17,47,20,6,76,15,9,3,3,12,52,42,48,6,0,0,0,0,30,50,2,0,0,0,0,0,2,13,12,32,27,9,12,53,53,12,26,8,21,15,28,89,78,45,118,13,1,0,0,4,79,105,50,7,0,0,0,0,2,20,48,13,0,0,19,118,118,29,82,56,39,3,4,64,70,23,118,40,21,1,0,10,51,79,40,4,0,0,0,0,30,61,101,40,2,1,20,36,26,45,76,27,2,0,12,118,74,17,23,1,1,0,3,66,118,118,25,0,0,0,0,0,60,118
83,48,9,9,1,4,28,14,27,48,0,0,0,8,52,25,136,63,0,0,0,0,7,81,92,2,4,16,0,0,0,81,22,10,34,66,29,7,17,10,150,89,6,7,0,1,6,17,70,71,0,0,1,11,27,36,39,1,0,0,0,6,35,150,4,17,52,78,7,2,0,0,108,19,31,43,0,1,1,38,30,3,1,0,14,45,22,43,2,0,0,0,4,150,109,52,3,9,17,26,9,4,1,1,13,16,54,28,7,5,0,3,9,4,8,7,43,150,1,5,0,0,0,0,23,150,32,0
18,0,0,3,11,6,4,14,29,2,0,22,139,5,1,5,140,2,0,1,17,1,0,17,24,0,0,0,0,0,0,1,32,0,0,0,11,4,29,65,41,1,0,4,140,16,1,13,140,4,0,1,25,2,0,9,36,0,0,0,0,0,0,1,55,0,0,0,3,1,65,140,62,5,0,12,134,12,4,74,140,17,0,3,21,2,1,24,37,0,0,0,0,0,0,2,140,0,0,0,0,0,29,140,138,1,0,0,82,13,2,55,140,7,0,0,21,2,2,25,35,0,0,0,0,0,0,2
10,16,6,1,14,33,17,7,6,10,15,8,25,68,39,7,62,10,7,0,5,16,44,45,61,2,0,0,0,0,4,24,5,1,0,0,40,95,69,17,107,18,5,0,14,84,69,31,55,25,19,1,2,67,59,31,25,1,0,0,0,4,110,106,16,3,0,1,21,31,122,122,122,19,1,1,23,47,16,49,14,0,0,0,71,122,57,39,33,2,0,0,5,17,62,122,28,0,0,3,0,0,12,122,39,0,0,0,13,26,34,122,3,13,4,4,93,69,17,13,77,81,5,2,10,4,5,39
22,44,116,0,0,0,0,12,8,23,116,45,1,0,0,4,21,109,116,19,2,0,1,17,29,116,88,0,0,0,0,21,54,12,9,7,19,4,5,98,110,16,29,61,4,0,0,66,67,37,31,116,13,1,2,34,89,58,14,7,3,0,0,29,22,45,116,39,14,1,1,20,116,105,55,15,4,2,0,22,54,31,20,67,29,18,1,7,68,35,7,7,11,14,7,23,0,61,101,17,0,0,0,0,2,98,80,32,2,0,0,0,6,27,49,85,9,6,0,2,10,51,30,21,1,3,2,7
7,6,2,8,1,2,0,0,31,7,0,2,15,21,3,12,145,13,0,0,2,5,2,40,18,1,0,0,0,0,0,1,1,3,1,5,8,23,14,1,41,2,0,0,50,141,15,27,145,6,0,0,3,21,10,91,36,0,0,0,0,0,0,4,0,0,0,0,5,74,120,38,121,25,0,0,37,145,35,10,145,92,0,0,1,7,4,11,34,5,0,0,0,0,0,1,1,1,0,0,0,33,109,37,145,101,0,0,0,49,35,7,145,121,0,0,0,0,0,0,9,4,0,0,0,0,0,0
1,0,3,124,8,1,13,45,59,0,1,13,0,0,7,144,144,20,0,0,0,0,0,64,43,12,0,0,0,0,0,0,0,0,18,144,7,1,0,1,104,7,28,144,4,0,0,71,144,34,3,7,0,0,0,81,42,8,0,0,0,0,0,1,1,4,9,59,9,3,2,0,32,68,37,144,51,0,0,2,144,144,14,18,3,0,0,10,24,9,0,0,0,0,0,0,3,10,1,2,3,6,2,0,18,101,19,20,14,2,0,0,25,106,5,1,0,0,0,0,2,3,0,0,0,0,0,0
0,183,183,0,0,0,0,0,0,183,183,0,1,2,0,0,5,82,79,48,0,2,2,0,1,4,181,169,0,0,0,0,13,176,60,0,0,5,1,0,3,30,16,0,6,34,2,1,40,11,0,0,1,7,2,2,9,7,8,4,0,5,1,1,12,6,0,0,0,13,23,10,13,0,0,0,0,34,12,5,58,2,0,0,0,2,1,8,7,0,0,0,3,13,3,3,1,0,0,0,0,5,36,12,21,0,0,0,0,3,15,20,24,0,0,0,0,1,8,21,4,0,0,0,0,8,14,5
121,3,0,26,60,0,0,9,121,21,11,1,3,12,13,26,10,74,92,8,6,31,11,3,82,111,38,1,0,1,6,12,121,4,1,27,100,2,0,8,121,90,15,0,0,0,1,20,18,114,55,1,1,8,20,9,7,41,16,0,4,20,53,14,99,37,11,90,72,0,0,0,121,58,12,4,0,1,19,56,19,42,14,2,0,33,89,33,16,54,18,1,3,13,30,13,45,66,24,121,50,0,0,0,64,100,47,47,12,7,4,4,43,68,20,18,6,8,20,14,7,26,20,2,1,12,26,13
133,92,0,0,0,8,3,14,133,13,0,0,0,12,21,56,81,3,0,0,0,6,11,133,31,1,1,0,0,0,0,130,83,101,37,26,0,0,0,21,127,14,5,2,0,5,5,68,53,5,4,4,3,2,2,119,133,1,0,0,0,0,0,133,10,45,73,79,1,0,0,0,63,83,44,6,2,0,0,2,65,16,3,8,20,0,0,4,133,29,0,0,0,0,0,14,4,12,14,22,10,2,1,1,8,26,20,4,10,4,2,3,60,5,2,5,34,9,0,3,133,16,0,0,0,0,0,6
108,30,0,0,0,0,6,112,22,18,2,1,10,74,29,24,33,39,1,0,7,55,30,9,49,31,2,0,2,2,10,21,119,6,1,2,0,0,13,119,51,20,22,1,2,50,64,60,119,79,9,1,6,26,11,25,9,24,5,1,13,54,35,6,119,38,60,62,0,0,0,39,119,66,93,37,10,3,2,31,43,7,29,35,27,38,37,37,20,7,2,0,3,57,43,20,48,17,93,119,4,0,0,7,111,13,19,27,28,42,14,69,1,0,1,9,68,119,45,22,22,0,0,0,0,8,29,84
165,165,1,0,0,0,0,3,48,44,11,27,29,12,2,3,16,48,8,16,15,2,0,0,11,43,23,20,14,0,0,0,165,165,0,0,0,1,1,10,38,3,0,3,25,41,6,12,81,12,0,0,6,9,1,12,47,10,2,5,39,17,1,14,165,42,0,0,1,2,4,17,23,7,0,7,26,19,17,9,60,14,0,1,3,1,4,21,20,0,0,0,74,103,10,19,165,5,0,0,5,10,6,37,2,0,0,0,10,35,30,27,6,0,0,0,0,5,29,71,0,0,0,0,142,112,18,7
0,26,93,17,45,20,0,0,9,113,106,6,1,0,2,5,17,113,21,0,21,18,11,5,1,9,1,0,66,106,8,0,0,32,89,43,31,3,0,0,15,21,18,27,71,23,53,35,46,20,2,9,32,22,89,59,5,6,8,59,113,39,6,3,0,2,25,33,76,113,7,0,40,10,1,10,82,113,36,11,113,24,1,8,8,13,26,36,12,10,19,68,48,27,48,11,0,1,14,60,59,90,4,2,40,13,14,81,41,27,18,17,38,12,0,2,4,86,66,27,0,0,0,0,3,111,113,6
0,0,0,1,18,26,108,110,0,0,0,19,57,41,72,53,0,0,0,70,87,38,15,0,0,0,1,70,69,11,43,3,6,8,22,4,37,96,56,66,18,12,24,1,1,27,113,113,79,30,20,33,15,30,44,18,6,5,41,113,30,0,0,0,48,32,52,6,5,16,14,49,25,61,113,7,1,4,9,21,92,47,50,8,2,24,39,21,14,2,28,73,2,4,84,30,50,1,0,0,0,0,39,113,72,15,12,5,9,37,19,88,3,3,10,17,24,113,73,6,9,1,1,0,0,8,103,54
9,65,58,9,6,1,12,10,10,84,11,1,39,29,33,16,1,4,1,6,97,99,13,3,1,9,10,5,12,27,15,3,14,3,4,17,78,56,34,17,96,12,2,19,30,14,50,47,11,26,32,107,101,17,7,5,4,60,42,13,41,25,2,2,42,12,8,38,39,89,21,11,93,21,0,2,5,60,60,32,4,6,12,20,18,99,117,15,2,10,10,2,23,117,117,5,8,2,14,95,51,4,10,10,6,1,0,31,40,98,53,12,2,5,0,5,27,117,101,1,8,66,7,0,0,117,77,1
24,12,3,0,3,68,76,20,30,17,37,32,6,44,41,34,45,11,14,9,1,6,61,110,9,10,5,14,52,27,33,7,83,9,1,0,0,10,36,118,110,32,60,36,0,1,4,52,34,50,95,44,1,7,20,17,34,43,14,65,42,1,8,15,118,18,1,10,3,0,3,118,118,40,5,7,21,25,29,43,8,7,11,17,23,65,118,38,15,5,0,17,8,1,58,118,118,7,10,39,14,0,0,93,99,7,0,13,31,7,27,118,3,5,3,39,51,15,22,16,40,8,0,0,1,0,8,61
1,61,125,19,13,19,7,0,0,34,125,65,1,7,9,0,20,117,125,20,0,0,0,4,88,45,30,11,1,1,4,27,19,84,47,4,0,12,61,18,51,22,124,71,5,5,33,28,5,35,125,58,34,38,1,0,57,18,28,33,25,38,3,27,20,33,15,11,3,15,35,11,125,78,12,14,12,19,14,27,12,21,20,49,74,90,2,2,31,100,88,7,13,28,1,11,3,86,63,8,0,3,1,0,14,110,21,17,3,30,40,1,10,14,21,69,22,30,46,6,48,46,13,4,1,1,24,27
13,0,4,7,3,14,83,54,25,0,0,0,0,11,43,96,4,0,0,0,5,14,42,41,0,0,0,4,21,14,1,2,18,4,52,121,14,3,6,15,43,6,4,16,29,106,65,53,121,10,1,0,3,35,49,106,27,10,12,20,19,0,0,6,0,0,16,121,94,11,1,0,21,52,12,77,121,31,3,2,121,121,5,2,6,6,1,10,63,29,7,12,48,39,2,0,2,11,15,24,119,16,0,0,3,84,69,27,117,8,0,0,56,121,25,3,6,4,19,8,15,25,2,16,106,40,14,2
1,4,3,0,9,81,60,2,27,7,0,0,8,36,34,22,19,3,6,31,36,3,23,31,16,116,66,56,35,0,0,2,6,56,10,0,0,65,42,1,29,30,3,0,0,116,73,12,116,31,2,1,0,25,78,53,116,65,14,2,0,0,0,12,2,31,10,17,29,116,33,0,38,5,1,1,2,116,34,13,116,29,0,0,0,7,22,113,70,9,0,0,0,1,50,102,0,2,63,116,34,22,4,0,11,1,56,95,1,4,3,15,28,0,3,9,0,0,26,102,1,0,0,0,0,0,116,99
0,0,4,1,2,124,107,0,64,6,8,1,0,77,74,31,119,3,0,15,43,7,12,40,90,19,0,8,23,2,1,6,0,32,82,9,0,18,12,0,60,12,78,61,1,1,0,16,124,17,8,23,30,0,0,44,122,28,7,20,21,0,0,9,2,124,107,15,0,0,0,0,10,34,124,124,4,0,0,0,93,84,50,65,1,0,0,2,28,26,31,25,0,0,0,12,17,65,60,18,0,0,0,10,0,3,45,124,23,2,0,0,2,20,26,47,50,42,51,12,0,7,16,6,1,13,85,35
71,155,32,0,8,1,0,0,45,10,0,10,155,17,0,4,155,7,0,2,29,3,0,20,28,0,0,0,0,0,0,2,17,20,9,1,21,4,0,2,36,4,0,15,155,67,0,15,155,7,0,3,22,14,0,49,44,0,0,0,0,0,0,2,22,9,2,8,19,1,0,1,37,16,0,69,155,14,0,2,155,50,0,14,29,2,0,11,44,3,0,0,0,0,0,1,5,5,3,8,19,4,0,0,24,13,4,16,155,28,0,1,155,47,2,3,17,2,0,14,31,3,0,0,0,0,0,2
1,1,0,6,126,37,0,0,132,62,1,1,16,8,0,2,132,40,0,0,0,1,10,17,5,0,0,0,0,10,31,7,11,0,5,98,132,5,0,1,132,47,0,7,32,3,0,8,132,23,0,0,0,0,19,30,0,0,0,0,0,2,47,10,10,1,6,102,132,23,6,0,132,11,2,36,50,0,0,61,75,1,0,0,0,0,21,70,0,0,0,0,0,1,42,9,0,0,1,48,65,26,7,0,32,1,4,103,33,0,8,68,16,0,0,11,2,1,86,132,0,0,0,0,0,1,118,16
48,34,35,44,12,4,4,17,92,0,9,64,31,0,0,47,119,8,0,0,2,1,0,59,14,8,0,0,12,31,21,12,110,4,2,25,19,0,0,93,86,9,6,119,90,0,0,32,119,20,4,9,18,9,0,55,20,1,0,0,115,85,12,24,64,97,91,3,1,0,0,24,48,91,84,104,20,0,0,10,102,90,41,25,39,24,1,8,9,2,0,1,119,73,0,3,3,63,78,0,0,0,0,2,2,40,21,18,34,1,0,0,5,4,4,15,76,29,7,11,0,0,0,3,92,36,1,0
24,0,1,71,77,1,0,24,109,11,3,1,4,0,2,63,56,33,20,0,0,0,0,23,133,10,2,0,0,0,0,99,25,0,0,10,136,49,2,8,136,61,5,0,17,8,2,31,55,79,81,1,0,0,1,7,127,63,22,0,0,0,0,15,41,8,0,1,136,94,0,0,136,22,0,0,7,4,1,68,58,10,11,1,0,0,29,117,39,10,4,0,0,0,9,92,30,18,1,2,37,35,1,0,136,51,0,0,0,0,0,18,64,27,2,0,0,0,3,46,14,2,0,0,0,0,3,55
54,7,0,25,56,1,0,0,0,8,14,67,114,22,22,0,6,109,78,11,6,12,46,6,33,114,54,0,0,0,4,13,48,3,0,17,46,1,0,20,12,20,16,89,114,0,0,0,95,114,55,11,3,0,0,31,18,74,56,0,0,0,5,28,14,0,0,1,17,7,23,76,6,4,2,22,79,47,38,9,46,7,1,3,3,8,84,74,9,2,0,0,0,0,89,108,1,0,0,0,0,43,114,28,0,0,0,0,5,114,114,6,0,0,0,0,0,26,114,100,27,8,5,0,0,0,37,114
0,0,13,119,30,8,10,1,0,0,52,126,27,2,1,0,0,24,126,75,0,0,0,0,0,9,126,26,0,0,0,0,0,0,10,101,31,7,16,0,2,0,29,90,85,26,3,1,53,52,84,29,6,8,2,4,9,19,88,75,19,0,0,0,0,0,0,2,16,73,126,0,24,0,0,2,58,110,125,19,126,18,0,1,4,10,8,20,25,9,1,26,61,9,0,0,0,3,43,35,25,44,63,0,62,26,60,17,0,14,68,21,126,29,2,0,1,2,2,11,18,1,0,0,82,82,1,0
0,15,121,1,0,27,40,2,2,11,118,6,5,11,46,14,1,41,65,13,13,6,1,0,2,66,32,2,0,0,0,0,12,16,1,0,0,121,121,21,121,38,2,0,0,10,81,91,37,58,31,1,1,2,12,27,0,22,14,0,4,3,3,2,12,121,5,0,0,45,22,3,74,89,1,0,0,71,85,52,30,1,0,0,0,5,83,121,7,0,0,0,4,7,8,52,9,80,2,0,0,121,14,3,6,5,0,0,0,121,42,23,76,0,0,0,0,5,20,121,32,0,0,0,0,4,8,113
0,0,68,27,0,0,46,76,29,12,28,6,0,0,76,120,54,9,0,62,18,0,13,114,0,0,0,120,41,1,1,3,1,0,113,51,0,0,83,48,53,97,120,21,0,0,15,51,63,97,55,24,3,2,6,31,1,0,14,82,27,12,13,3,34,25,2,0,0,0,91,86,120,74,8,0,0,0,18,91,73,27,26,26,0,0,0,9,0,0,43,72,2,1,0,0,70,101,2,0,0,0,0,1,120,120,0,0,0,0,0,2,34,14,0,0,0,3,9,5,0,0,1,6,1,21,22,1
45,23,52,15,3,1,4,11,141,18,1,1,0,0,0,31,136,36,0,0,0,0,0,25,67,8,0,0,0,0,1,18,25,7,10,10,12,5,16,29,141,49,0,1,0,0,0,41,141,88,0,0,0,0,0,5,56,11,0,0,0,0,0,7,15,11,14,55,32,0,0,9,141,19,2,10,2,0,0,70,141,38,0,0,0,0,0,18,26,34,1,0,0,0,0,1,4,1,44,141,42,0,0,0,141,12,54,26,2,0,0,87,141,48,12,0,0,0,0,122,16,41,57,7,0,0,0,2
7,3,1,0,0,0,1,2,50,24,0,0,0,0,0,0,148,93,0,0,0,0,0,0,81,51,0,0,0,0,0,0,9,0,0,0,0,0,5,17,96,7,0,0,0,0,4,28,148,62,0,0,0,0,0,4,82,21,0,0,0,0,0,0,0,0,0,0,0,0,27,24,106,1,0,0,0,0,16,53,148,14,0,0,0,0,23,148,52,2,0,0,0,0,2,64,0,0,0,0,0,2,37,21,10,0,0,0,3,53,70,44,60,0,0,0,7,97,148,148,128,0,0,0,0,0,15,148
43,3,3,0,0,1,23,68,130,3,3,0,0,0,5,130,86,0,0,0,0,0,0,107,3,0,0,0,0,0,0,2,127,46,18,0,1,1,1,23,130,45,35,0,0,0,0,59,130,15,0,0,0,0,0,111,17,0,0,0,0,0,0,6,130,91,30,2,0,1,2,27,64,73,75,5,0,0,3,20,130,84,2,0,0,0,0,38,20,5,0,0,0,0,0,9,124,20,0,0,0,0,4,64,36,6,2,0,0,0,6,99,45,4,0,0,0,0,4,130,3,0,0,0,0,0,9,94
90,12,0,15,49,1,1,35,109,9,0,0,0,0,23,137,137,0,0,0,0,0,4,137,16,0,0,0,0,0,0,7,103,38,1,7,56,24,0,5,128,20,5,3,0,0,12,53,137,4,0,0,0,0,0,60,44,0,0,0,0,0,0,6,68,137,23,4,4,21,2,1,71,69,42,16,0,0,0,2,137,68,2,0,0,0,0,7,45,5,0,0,0,0,0,1,61,95,21,13,0,0,0,14,25,79,53,29,0,0,0,2,121,132,6,0,0,0,0,0,16,6,0,0,0,0,0,0
0,0,0,22,93,34,36,64,12,0,0,1,6,1,87,159,54,0,0,0,0,0,32,159,6,0,0,0,0,0,16,36,3,0,0,2,88,92,1,4,92,4,0,0,7,7,4,91,159,13,0,0,0,0,0,110,45,2,0,0,0,0,6,17,6,0,0,2,66,45,3,6,144,15,0,0,1,4,9,14,159,57,0,0,0,1,1,9,34,5,0,0,0,20,17,3,2,2,2,11,14,15,4,5,124,49,2,7,1,0,3,4,159,46,0,0,0,2,5,34,10,2,0,0,2,21,12,12
27,1,0,1,19,14,6,58,174,5,0,0,0,0,3,149,105,2,0,0,0,0,5,30,0,0,0,0,0,0,17,13,55,3,0,1,11,8,10,15,174,36,0,0,0,1,2,21,143,11,0,0,0,31,17,10,0,0,0,0,0,16,47,13,58,27,5,16,5,1,6,7,174,81,0,0,0,0,3,43,80,12,0,0,4,29,21,46,3,6,2,0,3,12,15,8,86,67,2,4,0,1,11,36,174,174,0,0,0,2,0,1,26,23,0,0,0,16,8,4,8,4,0,0,2,11,5,6
4,2,142,144,0,0,0,13,13,79,193,95,0,0,0,8,6,30,193,55,0,0,0,8,2,132,193,11,0,0,0,0,16,9,18,23,0,0,2,24,34,31,22,10,1,1,10,53,68,11,45,4,0,0,2,72,21,29,47,1,0,0,0,1,7,9,11,4,0,0,12,59,37,30,7,13,7,2,10,20,98,62,1,1,0,0,1,9,48,31,0,0,0,0,1,7,2,2,8,19,16,4,18,31,81,16,0,0,2,2,21,66,55,20,1,0,0,17,30,19,54,4,0,0,0,6,17,35
97,20,7,57,61,0,0,6,122,7,1,5,24,7,2,36,33,30,9,19,61,10,0,2,22,20,13,97,122,0,0,0,40,18,10,67,68,12,1,4,122,36,10,12,4,1,0,9,21,29,35,46,20,5,1,4,62,49,51,48,19,1,1,9,45,8,6,8,43,97,19,28,122,45,10,1,1,3,6,46,16,49,82,11,23,19,5,9,82,122,38,1,3,2,0,3,21,62,122,65,7,16,2,4,74,122,51,0,0,0,1,14,6,101,122,2,0,0,3,11,3,72,60,1,0,0,0,0
1,0,7,9,0,0,24,45,93,0,0,0,0,0,6,125,103,0,0,4,31,10,1,107,1,0,0,26,125,81,6,1,1,0,119,70,0,0,0,3,102,15,76,41,0,0,0,68,125,18,5,15,15,0,0,99,19,2,1,125,125,0,0,2,0,0,83,49,0,0,0,0,30,45,89,78,2,0,0,0,125,109,17,7,0,0,3,12,23,6,1,115,53,0,6,6,0,3,34,30,0,0,0,0,13,32,67,19,1,0,0,0,52,36,21,0,0,0,11,25,6,1,3,13,3,0,18,36
98,141,0,0,0,0,0,0,141,141,0,0,0,0,0,2,141,16,0,0,0,0,0,17,7,0,0,0,0,0,0,1,92,141,9,0,0,0,0,0,83,141,22,0,0,0,0,2,141,10,0,0,0,0,0,29,18,0,0,0,0,0,0,4,16,141,28,1,0,0,2,4,24,31,44,10,0,0,0,1,141,11,3,0,0,0,0,20,30,0,0,0,0,0,0,7,2,12,3,0,0,8,120,136,8,2,8,4,0,0,5,63,85,2,1,0,0,0,0,24,33,0,0,0,0,0,0,11
2,2,2,28,122,60,1,0,122,44,5,12,38,29,5,39,91,12,0,0,0,0,0,24,0,0,0,0,0,0,0,1,1,3,4,91,122,27,0,0,95,29,10,41,44,16,4,85,89,10,0,0,0,0,3,122,10,1,0,0,0,0,0,7,0,0,0,2,122,122,8,1,100,27,0,1,31,62,27,60,122,82,0,0,0,0,0,23,13,7,0,0,0,0,0,0,0,0,0,15,122,53,11,3,122,3,0,9,68,24,19,113,122,12,0,0,0,0,0,52,4,0,0,0,0,0,0,1
1,15,52,1,0,0,18,16,0,3,34,56,26,14,18,2,47,96,11,43,24,5,2,2,49,118,3,0,0,0,0,2,4,5,4,0,2,18,41,23,19,1,0,1,10,70,77,9,132,90,2,2,7,12,11,8,47,49,2,0,0,0,0,0,0,1,1,0,2,50,122,3,40,0,0,0,3,81,68,41,132,25,0,0,0,5,24,132,35,14,5,0,0,0,0,31,5,2,0,0,0,23,68,20,7,1,0,0,32,101,65,30,132,0,0,0,23,88,87,132,120,1,0,0,0,0,0,130
2,1,0,0,0,4,27,13,14,0,0,0,1,26,34,34,84,5,0,0,0,3,11,91,12,2,1,0,0,0,0,6,3,1,0,0,2,29,16,14,29,0,0,0,24,144,29,30,144,5,0,0,1,21,18,108,51,3,0,0,0,0,0,10,0,0,0,0,0,103,144,6,115,27,0,0,8,144,53,13,144,86,0,0,0,6,4,11,56,10,0,0,0,0,0,1,5,1,0,0,0,24,96,7,144,104,0,0,0,17,20,5,144,116,0,0,0,0,0,2,27,2,0,0,0,0,0,7
4,0,0,42,152,0,0,0,51,7,1,4,24,0,0,10,8,2,5,17,12,2,3,10,0,1,13,32,27,6,7,1,3,0,0,109,152,0,0,0,58,3,0,21,48,0,0,3,16,5,0,0,4,11,2,5,15,87,37,9,5,4,0,0,0,0,0,152,152,0,0,0,29,4,3,103,80,0,0,3,38,55,2,1,3,4,0,1,70,152,11,0,0,0,0,0,0,0,0,147,75,1,0,0,2,4,12,152,41,0,0,0,88,47,10,43,0,0,0,2,109,69,3,0,0,0,0,6
207,207,0,0,0,0,3,4,187,207,0,0,0,0,0,1,86,22,0,0,0,0,0,8,6,0,0,0,4,4,1,1,63,207,54,2,0,0,0,0,54,105,4,2,0,0,0,6,79,5,0,0,0,0,2,26,4,3,7,0,2,11,8,6,0,85,34,5,8,4,2,1,21,6,3,5,5,2,0,4,76,28,3,0,0,0,0,13,6,22,27,0,0,0,0,1,0,0,0,0,3,5,7,5,4,0,0,0,3,4,1,5,18,1,0,0,0,0,0,12,2,1,0,0,0,0,0,0
0,0,22,20,2,2,135,102,5,0,0,6,7,7,135,135,15,0,0,0,0,0,135,133,0,0,0,0,0,0,0,0,0,0,37,99,27,1,2,0,38,1,2,76,92,6,23,43,135,4,0,1,3,0,6,78,0,0,0,0,0,0,0,0,0,0,1,61,58,0,0,0,34,15,5,95,130,0,0,1,135,63,4,9,7,0,0,2,4,1,0,0,0,0,0,0,0,0,8,57,20,0,0,0,21,23,4,105,58,0,0,0,135,95,2,12,3,0,0,0,9,3,0,0,0,0,0,0
161,36,0,0,0,16,11,27,161,9,0,0,0,0,0,62,52,1,0,5,15,11,1,10,14,19,2,4,6,3,0,0,131,161,0,0,0,0,0,0,161,38,0,0,0,0,0,22,89,1,0,0,18,15,2,12,30,6,0,0,1,2,0,10,105,92,0,0,0,0,0,0,161,60,0,0,0,0,0,4,84,9,0,0,19,11,3,7,34,16,0,0,2,0,0,6,63,130,0,0,0,0,0,0,95,161,2,1,3,0,0,0,32,23,0,1,4,5,2,1,22,15,0,0,0,0,0,0
158,1,0,1,4,0,0,158,36,1,0,10,36,4,3,37,50,4,0,1,2,0,1,40,8,0,0,0,0,0,0,3,158,11,0,0,0,0,0,154,122,5,0,4,20,17,5,59,101,9,0,0,2,2,0,15,16,1,0,0,0,0,0,1,158,158,0,1,0,0,0,11,120,50,3,17,15,5,1,7,111,17,0,1,1,0,0,7,12,2,0,0,0,0,0,0,158,64,0,1,0,0,0,15,68,13,3,37,19,0,0,4,75,2,1,7,2,0,0,15,11,0,0,0,0,0,0,3
121,1,0,0,0,0,0,89,139,0,0,1,2,1,1,144,31,0,0,3,9,6,2,30,36,0,0,0,0,0,0,14,138,5,0,0,0,0,0,44,144,37,0,0,0,0,0,56,90,15,2,19,5,1,0,12,48,0,0,2,0,0,0,20,144,6,0,0,0,0,0,27,144,19,0,0,0,0,0,73,99,5,4,29,3,0,0,36,26,1,3,15,3,0,0,16,82,2,0,0,0,0,1,31,144,0,0,0,0,0,0,144,85,0,0,2,2,6,22,126,8,0,0,3,4,17,47,14
0,0,0,7,18,2,1,4,17,0,0,27,54,7,2,12,66,0,0,1,2,0,0,25,3,0,0,0,0,0,0,0,95,1,0,3,13,0,6,95,17,1,1,19,98,0,0,3,99,6,0,2,9,0,0,13,8,0,0,0,0,0,0,1,175,2,0,1,4,0,5,175,7,9,17,36,35,0,0,23,33,43,16,7,2,0,0,2,5,2,0,0,0,0,0,0,175,67,0,0,0,10,110,175,28,1,4,3,0,1,175,170,2,6,4,0,0,0,39,62,0,0,0,0,0,0,0,1
0,0,0,0,0,0,0,0,0,0,2,28,4,5,5,0,0,0,128,162,13,1,5,3,0,22,162,162,162,88,1,0,0,0,0,0,5,2,0,0,3,0,0,0,33,45,18,5,37,1,0,15,12,10,20,32,4,0,0,162,162,9,0,1,0,0,0,0,14,1,0,0,15,2,0,0,102,18,1,1,99,13,0,1,11,3,1,6,8,1,4,94,162,21,0,0,0,0,0,2,12,0,0,0,12,2,1,19,71,9,0,3,71,11,1,3,5,1,0,14,7,1,5,41,12,0,0,1
1,0,0,0,12,10,13,30,5,20,3,0,0,7,21,21,37,155,4,0,2,8,4,0,56,131,0,0,0,0,0,1,15,0,2,5,19,26,9,31,130,139,9,0,0,1,7,37,36,155,21,0,0,0,0,2,10,45,0,0,0,0,2,3,17,0,4,13,34,78,14,20,155,18,0,0,2,20,16,120,136,23,0,0,0,0,1,21,0,0,0,0,1,0,6,7,46,12,0,0,30,155,9,8,155,17,0,0,1,15,6,32,149,0,0,1,2,0,0,16,0,0,0,1,6,3,4,1
0,0,0,0,0,0,0,0,126,80,0,0,0,0,0,0,136,88,0,0,0,0,0,5,14,4,0,3,14,7,2,3,9,4,0,0,0,0,0,0,136,112,0,0,0,0,0,18,136,53,0,0,0,0,2,34,7,0,0,1,4,19,8,10,7,2,45,32,0,0,0,0,125,22,110,51,0,0,0,95,53,12,24,2,0,0,17,136,8,6,5,4,1,1,9,53,0,0,72,59,0,0,0,0,3,5,136,136,0,0,0,4,10,33,136,38,0,0,3,33,10,56,124,1,0,0,2,20
0,0,0,0,0,37,131,16,1,0,0,0,0,6,131,120,0,0,0,0,0,0,104,131,0,0,0,0,0,1,22,90,29,12,0,0,0,7,86,100,54,14,6,3,0,0,14,56,4,2,7,19,9,1,40,131,17,0,0,1,2,0,32,131,131,66,4,0,0,0,4,110,63,57,13,3,2,2,2,16,4,1,1,9,26,32,6,8,4,0,0,1,14,37,62,78,121,4,0,7,11,0,0,131,42,6,6,3,10,8,7,131,0,1,14,11,22,33,2,2,0,2,25,29,10,28,4,0
4,0,0,0,0,100,124,11,2,0,17,13,24,127,33,2,0,0,127,42,20,58,9,0,0,0,83,124,38,11,5,0,127,0,0,0,3,63,95,106,32,1,9,2,1,11,20,16,13,9,26,11,0,1,7,4,2,4,15,105,75,0,0,0,127,1,0,0,16,11,3,127,91,10,16,7,1,1,2,41,29,11,7,5,1,0,0,10,9,4,5,47,39,1,1,13,127,2,1,20,22,0,0,125,127,1,1,3,3,1,1,108,4,0,0,5,9,2,1,16,3,0,0,3,12,3,5,21
4,169,169,0,0,6,7,2,12,92,164,7,0,8,5,1,8,23,119,169,0,0,0,0,0,3,169,169,0,0,0,0,13,6,0,0,0,10,51,27,71,15,0,0,0,7,12,12,30,12,5,6,0,7,12,7,53,25,71,40,0,0,2,3,60,0,0,0,0,0,18,44,65,1,0,0,0,0,14,41,46,9,0,0,0,4,25,21,100,29,0,0,0,0,0,2,62,2,2,7,0,0,0,24,38,5,0,0,0,0,4,32,79,32,0,0,0,0,2,7,63,17,0,0,0,4,3,5
34,20,3,20,24,4,15,58,42,10,0,0,0,2,9,88,11,7,7,4,3,13,18,12,19,18,9,9,0,0,2,5,27,0,0,34,133,12,12,59,133,8,0,0,2,0,3,113,49,52,38,3,0,0,0,5,7,113,25,0,0,0,0,0,35,6,0,86,133,0,0,9,133,86,0,7,10,0,0,37,91,133,22,0,0,0,0,2,0,102,31,0,0,0,0,0,16,39,20,70,133,0,0,0,133,133,12,11,10,0,0,0,24,129,1,0,0,0,0,0,0,13,1,0,0,0,0,0
41,119,12,15,51,0,0,3,132,3,0,67,132,10,1,72,132,1,0,3,1,0,0,84,0,0,0,0,0,0,0,0,22,13,24,37,21,0,0,2,103,13,5,131,132,0,0,19,132,22,3,14,17,0,0,79,7,0,0,0,0,0,0,1,1,2,9,41,24,2,0,0,27,47,83,96,77,0,0,4,132,132,56,16,6,0,5,17,14,4,0,0,0,0,0,4,0,0,0,2,24,14,0,1,24,10,15,2,17,25,11,34,31,14,10,1,24,60,83,104,22,0,0,0,0,0,6,52
25,0,0,0,4,28,54,109,52,8,12,27,18,0,0,59,1,0,5,89,108,12,0,0,2,6,56,72,18,2,0,0,99,20,10,54,20,13,8,68,114,18,1,17,23,1,1,81,19,4,17,114,114,12,2,2,24,44,37,45,34,8,0,0,33,77,36,114,19,0,0,0,114,94,14,13,10,18,21,13,11,2,22,52,30,39,59,52,2,14,36,25,77,106,7,15,2,57,43,93,16,0,0,0,4,78,50,68,51,4,2,0,0,0,15,54,88,18,22,45,0,0,13,21,87,65,14,21
36,0,0,2,0,0,7,40,122,9,0,0,6,5,2,49,15,2,0,0,25,72,62,27,0,0,0,26,55,122,29,3,40,2,29,111,0,0,0,12,122,8,5,23,34,6,0,29,17,1,0,98,122,51,52,31,0,0,0,86,37,12,29,91,6,5,66,122,0,0,0,0,122,63,67,63,8,0,0,5,25,10,2,122,116,0,0,4,0,3,16,122,39,6,29,48,0,0,10,29,2,1,1,0,2,16,38,23,11,1,0,0,1,5,12,63,29,0,0,0,0,9,85,122,5,0,0,0
39,8,19,32,5,11,49,53,125,2,0,2,0,0,5,119,33,13,0,0,0,3,11,15,5,8,1,0,0,0,3,8,83,11,11,78,52,0,0,22,125,15,2,18,16,9,0,32,54,3,0,0,34,100,48,51,39,0,0,0,0,7,21,109,50,88,80,55,14,0,0,9,123,90,51,34,36,33,1,5,30,4,0,0,125,125,11,40,101,0,0,0,5,8,5,125,1,41,45,13,23,1,0,2,1,11,13,14,89,54,3,0,2,0,0,3,104,61,0,3,62,0,0,1,5,0,0,95
2,1,3,38,33,6,4,3,80,1,1,2,4,11,24,132,129,0,0,0,2,2,5,132,4,0,0,1,13,21,30,17,0,0,32,122,44,4,1,0,92,12,53,114,13,10,13,49,132,20,7,13,10,1,1,88,20,4,4,46,85,37,25,2,1,3,57,60,8,1,2,2,26,31,108,132,1,2,10,6,132,79,32,20,4,0,2,31,29,6,5,63,65,3,3,13,1,4,2,10,39,28,7,3,4,2,3,4,13,46,45,28,46,6,2,1,1,13,42,132,4,0,0,4,13,51,83,31
0,0,0,0,0,0,0,0,0,0,0,0,0,0,0,0,0,0,0,0,0,0,0,0,0,0,0,0,0,0,0,0,2,0,0,0,0,0,0,2,0,0,0,0,0,0,0,0,2,0,0,0,0,0,0,0,0,0,0,0,0,0,0,0,205,0,0,0,0,0,26,213,3,0,1,2,0,0,11,40,5,2,1,0,0,0,0,1,0,0,0,0,0,0,0,0,213,2,0,0,2,0,95,213,156,0,0,0,0,0,26,213,11,1,0,0,0,0,0,6,0,0,0,0,0,1,0,0
0,0,0,0,0,34,96,6,0,0,0,1,5,115,115,0,0,0,14,43,115,115,16,0,0,5,70,115,53,6,0,0,5,1,1,13,89,115,99,4,70,28,15,10,6,74,114,20,8,11,81,93,20,31,5,2,0,0,77,115,6,1,0,0,5,4,7,94,95,26,1,1,79,19,10,33,14,3,18,67,11,4,8,41,32,3,31,82,13,4,8,41,36,5,3,6,1,0,0,36,27,13,13,5,0,0,1,85,57,7,20,21,1,0,0,23,23,5,42,115,8,1,1,14,18,12,14,59
25,17,4,0,0,2,28,31,60,3,2,0,0,4,31,126,18,1,0,0,12,54,53,81,19,8,0,0,3,14,33,126,14,8,4,1,0,27,100,13,16,3,7,10,5,55,126,92,126,29,1,1,3,15,77,126,47,61,1,0,1,3,2,17,13,110,40,2,0,10,45,11,25,37,86,79,17,25,17,10,126,62,14,15,3,3,4,37,73,25,1,0,0,0,0,4,3,45,18,2,0,9,46,11,6,6,8,11,21,100,33,13,126,2,0,2,5,25,34,126,51,6,0,0,0,0,20,91
51,37,8,6,0,0,7,43,138,88,2,0,0,0,1,23,108,102,4,0,0,0,0,5,40,47,0,0,0,0,0,0,138,54,6,3,8,3,20,112,138,52,3,0,0,7,74,70,138,27,0,0,0,1,19,81,53,6,0,0,0,0,0,4,54,138,101,5,6,0,1,10,63,66,88,5,0,2,20,17,138,61,6,0,0,0,3,14,56,6,0,0,0,0,0,0,3,64,28,1,0,0,0,0,30,6,20,9,6,0,0,2,138,6,1,0,0,0,0,16,43,0,0,0,0,0,0,4
153,81,0,0,0,3,27,40,153,61,0,0,0,1,17,66,75,22,0,0,0,0,0,8,0,0,0,0,0,0,0,0,126,78,53,0,0,8,54,65,153,46,11,0,0,3,26,83,135,5,0,0,0,0,0,9,1,0,0,0,0,0,0,0,16,58,79,7,2,0,0,1,153,33,14,2,1,0,0,31,144,2,0,0,0,0,0,16,0,0,0,0,0,0,0,0,3,2,9,18,12,0,0,1,153,0,0,5,9,0,0,72,133,0,0,0,0,0,0,49,1,0,0,0,0,0,0,1
0,0,0,0,119,95,0,0,14,15,0,0,69,71,0,0,17,32,12,0,0,0,0,2,1,15,21,0,0,2,1,1,0,0,0,0,140,133,0,0,34,11,0,0,38,24,0,2,23,5,0,0,0,0,6,20,1,1,1,0,9,91,21,7,1,0,0,0,70,140,16,10,14,2,0,0,4,5,15,23,2,0,0,0,1,16,39,16,0,0,0,6,140,140,15,2,0,0,10,19,29,61,39,26,0,0,0,1,7,43,140,38,0,0,0,1,1,116,140,6,0,0,4,32,140,140,54,0
0,0,0,0,9,3,0,0,14,0,0,1,156,78,3,8,156,7,0,0,36,27,4,46,29,1,0,0,0,0,0,3,0,0,0,2,35,7,0,0,47,2,0,26,156,106,2,11,156,18,0,5,38,25,3,45,40,2,0,0,0,0,0,4,0,0,0,7,27,1,0,0,31,18,6,108,156,14,0,2,156,98,7,28,38,2,0,16,35,8,0,0,0,0,0,2,0,0,0,1,19,1,0,1,35,9,0,19,156,23,0,0,156,38,0,4,27,3,0,3,14,2,0,0,0,0,0,0
0,0,0,0,6,2,0,0,12,3,0,0,151,61,0,1,151,40,0,0,52,21,1,10,34,6,0,0,0,0,0,0,0,0,0,1,30,8,0,0,34,3,0,7,151,125,7,20,151,27,0,1,35,26,6,77,32,3,0,0,0,0,0,4,0,0,0,1,47,7,0,0,41,38,4,21,151,39,0,4,151,133,2,5,40,3,0,19,30,7,0,0,0,0,0,1,0,0,0,4,47,4,0,0,49,47,5,32,151,15,0,0,128,97,2,3,5,0,0,0,4,3,0,0,0,0,0,0
0,0,4,12,23,49,0,0,20,1,23,21,15,118,42,24,24,1,46,37,15,20,13,29,0,0,36,75,31,14,0,0,2,0,0,0,89,121,1,0,121,26,0,0,35,121,20,21,71,12,0,0,22,79,8,14,0,0,0,1,18,65,28,0,12,0,0,0,121,121,5,11,121,6,0,0,13,43,31,106,20,1,0,0,20,64,91,32,5,1,0,0,20,47,44,3,3,0,0,0,120,121,9,20,15,1,0,0,1,7,67,109,1,15,9,0,0,26,121,18,30,86,4,0,0,19,67,10
7,2,0,0,134,85,13,6,145,19,0,0,18,23,27,54,113,10,1,0,7,15,2,13,2,6,7,1,5,10,8,1,21,1,0,0,145,133,6,5,145,44,0,0,16,15,2,12,105,19,1,4,10,6,4,8,9,9,12,1,1,1,3,17,50,2,0,0,114,111,4,8,145,9,0,0,2,7,6,70,54,1,0,1,3,5,27,83,19,4,0,0,1,4,9,25,51,31,0,1,108,23,0,0,145,74,0,0,0,0,4,32,38,27,0,0,0,0,10,73,38,25,0,0,0,0,4,17
22,0,0,3,132,32,2,19,132,0,0,0,4,3,8,132,35,3,0,0,0,1,51,103,19,5,0,0,1,2,21,29,28,3,0,46,132,1,0,2,132,28,0,3,12,0,3,39,98,26,0,0,0,2,47,62,62,26,0,0,0,0,16,58,23,5,0,43,132,11,0,0,132,22,2,7,19,1,9,30,45,32,18,0,0,17,75,46,132,29,2,0,0,0,14,70,14,5,2,22,112,24,0,0,132,61,5,3,14,0,0,3,26,83,37,0,0,0,5,8,55,39,5,0,0,0,3,26
3,0,0,6,113,83,9,1,116,18,0,0,29,27,10,76,60,24,1,0,0,0,16,90,41,3,0,0,0,0,8,104,13,1,6,13,147,58,8,2,147,59,2,0,35,14,1,12,76,91,15,0,0,1,1,4,30,10,1,1,3,7,3,30,18,0,5,14,147,52,0,4,147,4,0,0,32,11,0,45,104,8,3,3,3,16,6,21,5,0,0,5,6,28,22,12,14,4,2,66,147,13,0,0,147,38,1,6,19,1,0,8,94,29,11,12,2,1,0,4,0,1,7,43,17,4,3,0
119,13,0,3,21,1,1,55,115,23,0,0,0,0,30,84,53,27,0,0,0,0,23,55,67,35,0,0,0,0,1,11,119,21,0,12,35,0,3,21,98,19,4,0,0,17,102,63,119,25,1,0,0,2,45,119,101,17,0,0,0,0,0,48,119,51,3,6,38,1,1,7,53,119,62,0,0,6,16,13,119,108,18,0,0,0,6,40,119,3,0,0,0,0,0,56,109,67,12,19,13,0,0,5,52,50,8,0,0,0,14,28,56,36,2,0,0,0,11,31,79,8,0,0,0,1,11,35
0,0,1,14,32,43,13,0,0,0,7,35,27,25,24,4,4,5,49,73,24,21,12,4,1,9,117,49,19,17,6,14,0,0,0,20,22,49,64,6,10,1,1,10,39,117,73,14,117,22,22,12,1,24,58,69,61,48,117,24,0,0,0,63,0,0,19,29,44,82,53,9,50,70,2,0,34,117,20,5,117,88,15,0,0,9,4,49,97,6,1,0,0,0,0,117,10,8,3,12,80,117,1,0,117,117,5,0,15,45,1,1,31,78,35,1,0,1,4,1,93,13,3,0,0,1,1,9
3,5,1,91,73,4,1,1,95,1,1,111,95,1,0,43,98,36,5,1,0,19,31,63,76,51,4,0,0,6,16,50,2,3,3,29,65,33,1,0,55,5,10,119,119,16,0,10,119,54,7,13,5,0,6,49,44,43,2,0,0,1,24,25,0,0,95,94,14,2,0,0,8,15,118,119,27,3,0,0,70,99,39,52,5,12,15,16,28,23,3,0,0,5,33,27,0,0,80,40,4,46,16,0,0,1,45,54,58,119,29,1,15,7,5,12,12,83,79,24,60,5,1,0,0,10,23,25
2,0,0,0,18,148,34,3,107,0,0,0,4,103,125,62,43,1,1,4,3,17,39,22,0,0,16,48,12,17,8,0,19,0,0,2,148,148,6,5,148,8,0,1,26,34,6,29,98,15,6,2,0,0,1,4,8,11,5,16,21,0,0,1,15,8,4,70,148,14,0,0,148,36,6,22,20,0,0,14,101,3,1,1,1,2,1,19,9,1,0,1,22,5,2,11,2,2,2,42,68,45,3,0,120,8,3,13,18,21,9,103,68,0,0,0,0,4,5,70,0,0,0,0,8,10,19,5
10,49,45,0,0,1,15,12,27,14,30,16,0,0,3,9,23,14,151,81,0,0,1,4,9,15,181,92,0,0,0,0,33,0,0,0,0,0,15,52,36,0,0,0,0,0,11,46,103,11,0,0,0,0,3,11,37,6,9,1,10,60,3,3,50,5,5,1,0,0,0,33,75,5,0,0,0,0,1,29,106,11,0,0,1,13,5,13,12,0,0,0,128,181,9,5,22,18,20,18,7,12,7,6,47,1,0,0,0,0,12,40,25,0,0,0,33,53,33,36,0,0,25,84,181,181,5,1
0,0,0,0,0,10,50,4,0,0,0,0,0,3,51,23,0,0,0,0,13,59,35,5,0,0,9,20,39,48,22,0,5,2,1,1,0,21,57,12,31,33,10,8,5,2,38,47,5,9,23,65,96,98,34,3,0,18,90,18,18,120,120,0,7,46,71,5,1,103,120,17,120,120,44,8,2,11,62,105,35,44,120,120,47,8,1,6,0,53,120,42,9,10,4,0,1,87,120,2,0,8,5,0,15,114,53,0,0,0,0,0,4,16,11,3,0,0,0,0,0,0,4,1,0,0,0,0
1,2,12,3,0,0,123,123,16,0,0,0,0,0,38,123,2,0,0,0,0,4,13,13,0,0,0,0,0,0,3,0,13,24,123,73,0,0,43,84,123,86,49,9,4,9,31,123,28,2,2,18,63,123,123,40,1,0,10,12,8,29,123,95,5,42,88,21,0,0,0,1,29,45,40,20,8,12,21,12,5,1,25,90,91,60,33,5,4,2,123,92,12,11,58,46,11,15,33,31,4,0,0,1,0,0,8,58,12,1,1,0,0,0,15,58,4,5,1,0,1,4,37,24,3,0,0,1
1,13,18,13,16,6,0,0,1,6,4,30,60,83,29,1,41,93,5,6,4,24,54,26,56,92,0,0,0,0,5,29,0,0,3,28,53,8,0,0,12,6,5,52,122,17,0,1,122,105,7,9,10,3,0,13,39,61,3,5,21,9,10,11,0,0,0,7,73,41,17,0,8,2,2,50,73,51,44,1,110,7,3,12,8,14,64,106,20,1,0,2,14,52,94,65,0,0,0,0,67,122,50,0,0,2,4,0,4,122,122,1,11,28,8,0,1,29,122,102,6,21,36,10,7,76,97,65
50,1,5,48,79,2,1,62,130,12,0,0,2,0,12,130,26,0,0,0,0,0,104,130,0,0,0,0,0,15,130,24,42,2,0,24,130,6,0,23,130,12,0,0,10,1,5,105,44,4,0,0,0,1,39,58,0,0,0,0,1,12,56,17,29,35,11,52,130,3,0,0,130,90,14,6,5,2,6,10,21,4,20,14,2,11,60,30,6,0,1,3,2,10,64,35,31,32,9,21,104,42,4,13,61,114,35,4,0,0,1,10,3,13,66,71,7,1,4,4,17,10,9,58,18,5,8,8
1,8,62,116,42,3,0,0,26,48,117,18,12,3,1,16,33,97,109,0,0,0,0,3,117,117,18,0,0,0,0,0,5,2,2,15,117,88,5,3,105,29,1,2,37,14,4,32,81,38,3,0,0,0,0,11,117,17,0,0,0,0,0,38,3,10,31,22,32,117,12,5,101,67,26,1,4,14,8,40,52,10,0,0,0,2,16,34,102,0,0,0,0,3,36,117,4,15,86,28,7,11,13,2,6,51,58,3,3,29,25,0,3,4,1,0,2,60,60,2,1,0,0,0,0,114,110,28
0,0,0,0,0,2,131,35,0,0,0,0,0,12,115,53,0,0,1,3,2,24,47,21,0,0,1,3,0,0,27,22,4,9,1,0,2,13,131,34,16,15,9,9,2,1,131,131,99,4,4,7,1,2,55,131,14,0,16,25,0,0,10,17,28,61,58,49,6,3,9,1,67,109,25,37,52,2,8,18,131,131,1,4,4,0,2,40,31,16,6,2,0,0,0,7,4,20,131,86,5,2,0,1,24,100,68,65,22,16,6,0,67,98,3,0,0,28,54,32,38,11,3,0,0,0,7,24
2,1,7,15,91,63,11,11,89,3,12,1,0,3,8,130,130,0,0,0,0,0,1,130,13,0,0,0,0,0,5,17,0,12,76,96,97,17,3,0,69,28,81,30,25,30,4,46,130,38,3,2,4,1,5,122,31,1,0,0,3,1,18,44,1,6,105,65,67,27,16,15,13,112,130,9,11,27,4,3,97,130,51,2,8,0,0,4,37,8,0,4,23,2,0,15,24,50,40,6,0,0,44,81,33,51,79,2,0,0,1,24,2,27,21,7,6,0,0,0,20,2,0,12,25,0,0,3
39,0,0,5,6,3,9,127,106,0,0,0,0,0,5,127,8,0,0,2,16,19,21,22,3,0,0,1,18,24,19,27,32,5,31,83,25,7,8,39,127,21,10,10,5,2,4,127,46,6,4,25,64,68,40,12,25,67,9,5,8,44,48,26,7,13,87,94,4,3,7,1,127,88,43,25,3,0,4,26,58,17,11,69,69,12,8,13,36,108,20,16,9,5,19,32,0,0,2,4,17,47,30,4,29,6,2,1,2,17,66,127,8,0,0,3,9,74,127,41,4,0,0,1,2,34,123,75
0,0,5,25,5,3,20,3,0,0,0,9,13,27,53,7,58,5,2,6,6,11,21,36,17,6,10,122,72,0,0,1,0,0,4,21,18,18,21,5,10,2,2,26,115,82,25,9,122,17,3,2,10,21,29,65,55,9,5,62,18,33,37,11,0,0,1,5,8,11,122,122,10,8,62,92,50,20,8,64,95,29,58,36,16,19,22,34,10,0,0,1,15,122,122,17,26,36,34,2,1,3,60,122,52,16,18,10,0,1,28,122,0,0,16,22,55,83,46,20,0,2,0,1,86,122,18,0
0,1,0,0,58,139,37,0,42,0,0,0,3,55,108,63,139,3,0,0,0,0,10,109,42,16,0,0,0,0,0,3,0,0,21,40,139,56,1,0,84,3,32,27,9,9,3,27,139,7,0,1,0,0,0,48,82,11,0,0,0,0,0,2,0,0,41,70,59,45,25,0,55,28,55,51,22,34,18,1,139,77,3,2,2,1,0,7,61,7,0,0,0,0,2,25,12,4,94,82,6,5,4,13,10,65,139,39,1,8,4,0,64,127,34,0,4,3,1,2,31,6,0,0,2,2,3,16
5,0,0,0,1,19,90,124,12,0,1,13,12,3,31,124,9,10,6,16,8,1,2,6,3,6,4,0,0,0,6,4,23,5,13,5,4,30,20,78,124,14,0,1,2,8,8,124,40,1,0,5,24,82,36,19,1,0,0,0,0,12,61,45,15,37,124,69,0,0,0,0,124,124,54,4,44,35,2,5,19,3,0,0,87,124,54,50,7,0,0,0,0,7,37,124,0,7,99,46,2,0,0,0,1,29,48,14,124,12,0,0,1,0,0,33,124,27,6,25,8,2,0,4,4,1,29,96
8,4,6,17,3,1,4,6,21,110,54,10,2,3,8,1,23,126,93,0,0,0,3,17,78,69,16,0,0,0,2,41,27,7,12,76,7,0,0,8,126,97,7,1,0,0,0,8,58,119,35,0,0,0,0,5,38,81,11,0,0,0,0,0,8,5,126,126,2,0,0,0,126,32,126,53,0,0,0,41,103,46,23,0,0,0,0,57,53,23,8,0,0,0,0,2,0,3,85,71,0,0,0,0,4,12,126,72,0,0,0,1,16,70,126,6,0,0,0,4,5,21,43,18,0,0,0,0
0,0,0,0,0,2,52,3,4,5,0,0,0,0,46,14,36,6,0,0,0,0,8,17,6,0,0,0,0,0,0,0,0,0,2,1,0,17,162,15,18,2,0,1,0,0,162,113,153,5,0,0,0,0,74,162,26,0,0,0,0,0,0,9,0,1,14,13,4,9,45,2,95,58,6,10,2,3,56,26,162,81,0,0,0,0,7,41,48,3,0,0,0,0,0,1,13,22,0,11,45,18,10,2,78,162,0,0,0,2,4,1,162,111,0,0,0,0,0,0,26,3,0,0,0,0,0,0
3,0,0,2,20,45,18,9,123,0,0,3,12,2,0,96,154,0,0,0,0,0,0,106,5,0,1,1,0,0,0,1,8,4,74,36,2,3,8,14,103,23,67,10,11,8,2,37,154,58,13,0,0,0,0,88,22,12,18,2,0,0,0,2,0,23,154,80,0,0,0,0,14,134,154,8,0,0,0,0,93,154,115,0,0,0,0,3,8,31,21,0,0,0,0,0,0,19,97,4,0,0,0,0,0,32,76,0,0,0,0,0,0,17,20,0,0,0,0,0,0,1,0,0,0,0,0,0
0,0,0,0,0,86,76,8,16,0,0,0,0,15,77,95,6,0,0,0,9,14,1,18,11,7,0,0,4,7,0,0,36,11,0,0,0,142,142,32,142,17,0,0,0,15,62,142,73,5,0,1,11,9,1,25,19,16,0,0,2,2,0,0,64,142,7,0,0,53,17,4,142,119,0,0,0,0,0,6,97,11,0,0,1,0,0,8,12,11,0,0,0,0,0,0,47,142,5,0,0,0,0,0,137,142,0,0,0,0,0,0,50,21,0,0,0,0,0,1,8,3,0,0,0,0,0,0
0,0,0,25,64,22,3,0,8,0,4,20,17,14,12,24,56,6,0,1,0,0,5,80,24,1,0,0,0,0,0,13,0,0,0,14,29,31,90,39,7,3,7,32,40,17,4,12,141,19,1,2,2,3,1,11,46,3,0,0,0,0,0,6,45,0,0,2,23,62,150,150,51,8,2,3,25,9,8,150,65,16,1,1,1,3,20,54,24,0,0,0,0,0,6,71,82,0,0,62,129,19,20,150,123,0,0,0,2,6,32,150,4,0,0,0,1,19,87,64,54,0,0,0,0,0,13,94
44,1,1,51,109,0,0,20,129,10,3,4,3,1,0,55,11,7,20,39,6,5,5,3,0,0,14,52,19,9,32,5,31,9,7,129,120,0,0,1,129,56,8,23,11,0,0,13,38,28,52,37,7,22,4,2,0,0,28,59,37,49,11,0,9,2,5,129,129,0,0,0,129,41,16,52,36,0,0,29,77,20,45,60,29,33,5,9,0,0,120,70,15,63,16,0,3,4,26,94,37,0,0,0,41,97,103,52,8,0,0,0,32,69,44,13,0,0,0,0,0,2,98,27,0,0,0,0
0,3,21,17,57,13,4,7,11,0,2,3,38,34,8,11,100,81,0,0,0,2,4,19,32,108,0,0,0,0,0,0,3,0,0,1,52,50,39,58,32,0,0,1,54,133,23,22,143,16,0,0,0,12,11,62,73,12,0,0,0,1,4,7,0,0,0,3,28,71,140,39,101,30,0,0,2,125,50,11,143,52,0,0,0,3,3,16,66,0,0,0,0,4,7,17,5,8,15,64,74,17,35,6,138,110,13,1,0,4,15,16,143,99,0,0,0,0,0,4,28,5,1,0,0,1,16,11
0,0,0,2,32,72,4,0,0,0,0,9,37,42,17,0,1,1,13,68,31,22,12,3,0,2,67,65,23,21,8,10,0,0,0,1,19,81,76,2,8,0,0,0,11,119,78,12,119,20,18,14,0,15,51,62,63,51,119,49,0,0,0,19,1,1,0,20,59,119,33,1,41,86,2,0,5,119,34,4,119,97,7,0,0,4,6,35,119,13,6,1,0,0,0,89,20,28,0,1,53,119,1,1,86,119,6,0,2,19,1,0,23,91,27,0,0,0,2,2,119,19,1,0,0,0,0,8
1,1,1,116,79,0,0,1,86,0,2,88,45,0,1,64,92,28,0,0,0,1,32,75,87,25,0,0,0,0,6,68,0,3,2,50,98,10,0,0,54,6,12,116,116,1,0,10,116,36,5,8,1,0,0,46,69,14,0,0,0,0,1,48,0,0,86,101,22,1,0,0,6,11,116,116,23,1,0,0,67,76,50,36,5,8,11,10,38,7,0,0,0,2,24,38,0,0,93,53,6,31,4,0,0,0,57,62,72,116,8,0,6,4,7,14,22,100,68,15,51,1,0,0,0,4,28,38
0,0,0,0,0,0,0,0,85,34,12,0,0,0,0,23,21,37,63,34,12,0,0,1,9,6,13,150,122,0,0,2,7,0,0,0,0,0,0,0,150,22,1,0,0,0,0,26,90,19,17,19,16,2,0,2,2,2,3,62,150,19,1,3,12,1,0,0,0,0,0,0,150,15,0,0,0,0,0,40,81,2,1,3,18,16,6,43,3,12,10,28,150,26,0,1,4,2,14,0,0,0,0,0,97,53,150,4,0,0,0,43,37,95,91,4,3,0,3,47,0,45,147,58,47,0,0,0
4,1,5,16,71,118,12,6,137,26,0,1,10,49,24,29,130,20,0,4,2,1,1,5,0,0,1,9,3,4,4,0,15,5,2,28,137,59,10,4,137,56,0,6,32,11,3,14,112,17,0,0,0,84,53,9,0,0,0,0,1,55,123,0,14,12,16,43,51,51,8,4,137,40,12,8,10,22,26,55,31,0,0,0,3,137,118,38,3,0,0,0,2,30,75,47,1,14,32,55,3,0,0,0,21,39,24,29,18,9,7,3,1,0,18,79,30,41,57,14,1,0,16,29,1,2,90,66
115,59,11,0,0,0,0,22,42,68,42,7,0,7,5,0,57,67,24,8,0,5,10,31,80,84,23,0,0,0,0,59,115,115,0,0,3,5,0,1,21,40,0,4,31,115,34,5,115,14,0,1,2,34,48,80,89,5,0,0,1,1,22,115,25,88,29,18,8,3,0,0,10,7,8,111,72,31,2,1,115,22,4,28,9,6,6,61,51,5,0,1,11,43,40,45,0,9,65,115,11,0,0,0,0,0,3,97,58,8,0,0,16,1,1,44,31,66,34,38,8,4,0,0,4,84,115,37
0,0,7,17,25,0,0,0,4,1,0,6,32,0,0,0,15,4,0,0,0,0,0,0,0,0,0,0,0,0,0,0,0,0,1,20,105,15,1,0,65,6,0,24,152,14,0,2,152,26,0,1,7,0,0,34,60,2,0,0,0,0,0,14,0,4,1,0,26,100,124,1,61,55,8,1,64,83,21,2,152,74,0,0,3,1,0,54,123,12,0,0,0,0,0,24,1,91,65,0,0,12,54,2,13,152,103,0,0,6,8,0,141,152,17,0,0,0,0,0,52,36,0,0,0,0,0,0
0,0,1,0,34,126,5,1,47,0,1,0,3,29,17,125,119,0,0,0,0,0,1,126,16,0,0,0,0,0,0,51,0,16,70,21,55,33,0,0,59,8,39,74,10,3,1,30,126,13,3,4,0,4,12,71,40,0,0,0,0,6,72,67,0,41,104,45,11,0,0,0,15,42,99,126,0,0,0,0,102,105,37,25,63,41,21,7,6,2,0,8,46,63,126,49,0,8,39,18,4,0,0,0,0,18,61,29,1,2,0,0,3,30,22,74,72,4,1,3,1,13,46,123,48,6,7,3
0,0,0,0,0,6,62,3,2,0,0,0,0,0,55,19,20,1,0,0,0,0,8,21,5,0,0,0,0,0,0,1,0,0,0,1,0,40,153,11,17,1,0,0,0,0,153,126,147,4,0,0,0,0,61,153,31,0,0,0,0,0,0,10,1,0,2,39,24,16,35,1,94,72,0,2,1,3,45,29,153,96,0,0,0,0,5,38,49,5,0,0,0,0,0,1,6,38,12,21,87,12,1,0,57,153,7,0,1,2,1,0,153,141,0,0,0,0,0,0,20,5,0,0,0,0,0,0
0,0,0,0,42,84,24,7,92,0,0,0,6,8,6,144,135,0,0,0,0,0,0,122,4,0,0,0,0,0,0,1,3,3,69,33,2,22,25,7,97,27,56,4,2,3,1,51,144,57,8,0,0,0,0,96,24,15,5,0,0,0,0,3,0,11,144,95,0,0,0,0,14,144,144,8,0,0,0,0,88,144,95,0,0,0,0,3,10,34,10,0,0,0,0,0,0,16,98,8,0,0,0,0,0,40,87,0,0,0,0,0,0,22,22,0,0,0,0,0,0,1,0,0,0,0,0,0
12,2,0,0,0,0,19,135,2,0,0,0,0,12,68,36,0,0,0,0,0,4,53,39,0,0,0,0,4,29,13,5,48,48,24,0,3,10,10,98,22,4,0,0,24,135,121,58,113,5,0,0,1,24,88,135,17,2,0,0,11,22,8,18,19,12,5,0,13,80,25,43,99,15,0,0,60,135,22,16,135,66,0,0,1,13,7,29,30,25,2,0,0,3,2,5,4,2,1,1,68,91,7,5,135,32,0,0,44,96,8,11,135,21,0,0,0,0,0,52,48,10,0,0,0,0,0,21
52,65,16,0,0,0,5,57,20,17,5,0,30,91,35,50,113,7,0,0,16,64,61,77,39,8,0,0,4,8,4,20,41,12,15,22,6,7,7,47,30,4,0,0,85,133,21,23,133,20,0,0,20,54,6,44,75,14,0,0,0,0,1,29,2,2,8,44,79,26,0,1,47,29,1,2,133,98,1,2,133,48,0,0,10,7,0,50,109,27,0,0,0,0,0,35,0,0,0,76,100,25,9,0,20,79,16,29,68,28,0,0,111,116,6,0,0,0,0,11,105,39,0,0,0,0,1,5
8,0,2,36,12,1,41,120,18,0,0,0,0,11,75,108,1,0,4,5,4,34,54,8,9,1,5,52,3,2,9,14,26,8,14,120,43,0,1,22,120,51,17,17,2,1,6,52,16,28,90,28,0,6,9,5,19,21,54,21,4,0,1,7,3,4,7,120,120,3,0,2,120,31,4,23,58,8,3,71,69,102,50,5,0,0,0,14,0,37,98,50,18,0,0,0,0,2,8,48,120,2,0,2,112,120,26,38,67,2,0,10,62,120,34,2,0,0,0,1,0,27,39,66,51,0,0,0
4,6,12,13,21,22,23,48,17,3,10,18,109,128,20,14,139,27,0,1,10,27,19,48,76,11,0,5,2,5,6,3,9,9,6,9,22,32,100,47,50,9,1,17,139,81,16,8,139,41,0,2,21,17,15,39,49,4,0,0,0,87,97,14,35,80,21,8,4,14,44,33,29,28,40,70,44,33,7,5,139,38,16,11,12,36,46,56,4,0,0,7,7,94,137,38,1,51,47,3,0,1,3,1,1,16,61,45,0,0,0,1,3,17,53,58,13,8,3,0,0,0,24,104,15,13,25,9
10,0,1,3,5,8,21,63,3,0,0,0,38,83,46,26,56,99,5,2,46,90,29,5,64,90,1,1,4,4,9,14,4,2,35,41,14,2,5,15,22,1,3,12,83,106,32,18,128,59,2,0,14,32,12,26,51,28,0,0,18,40,10,12,0,6,88,128,33,0,0,0,41,7,3,113,128,14,0,3,128,14,0,8,17,3,21,68,14,0,0,0,20,41,61,30,0,1,24,117,51,0,0,0,6,0,29,128,128,0,0,3,26,1,73,64,11,0,42,61,0,0,8,7,0,2,64,20
4,4,2,3,15,30,43,20,4,0,0,1,8,32,60,40,1,10,12,11,38,119,26,1,29,115,11,0,1,38,30,5,12,20,20,83,128,17,8,7,112,55,20,13,28,10,14,38,13,65,128,48,26,17,3,7,15,128,68,1,0,1,2,9,10,11,6,71,128,0,0,3,128,54,6,13,57,2,0,55,51,32,49,37,8,15,8,26,33,23,14,6,0,1,5,39,1,9,15,87,128,0,0,0,75,96,25,34,31,14,33,17,30,25,24,26,2,11,128,35,8,11,13,9,1,13,37,31
5,0,0,0,3,38,66,10,1,0,3,14,22,109,112,6,0,10,28,18,7,80,118,0,7,12,30,10,6,49,81,8,9,0,0,7,117,99,94,36,118,17,32,33,17,25,57,78,14,39,118,61,19,18,12,4,4,23,62,34,48,13,10,6,19,28,24,104,118,10,4,14,118,108,19,11,10,7,4,37,29,24,23,21,42,30,3,7,4,19,12,89,62,8,4,5,9,14,18,44,35,108,44,15,67,47,12,5,1,6,27,82,18,9,16,9,2,0,0,16,8,15,15,35,1,0,0,0
6,0,0,0,61,93,101,45,99,0,0,0,5,8,65,134,13,0,0,0,0,36,52,40,0,0,0,0,1,19,43,18,19,3,2,24,134,33,1,12,134,24,3,6,21,6,5,105,75,1,0,0,0,23,30,42,3,0,0,0,25,23,13,13,13,26,20,63,66,24,14,9,134,134,27,22,13,6,14,18,42,36,14,4,6,14,66,37,13,10,2,4,35,32,18,22,12,6,27,34,13,29,32,57,32,24,10,12,5,2,79,134,37,51,25,5,15,47,23,80,4,11,5,4,44,134,66,6
0,0,0,0,0,0,0,0,0,0,0,0,0,3,4,0,0,0,0,0,0,2,9,5,1,0,0,0,1,2,0,0,0,0,0,0,0,3,15,16,3,0,0,0,0,67,60,12,37,0,0,0,0,12,37,50,11,1,0,0,0,0,0,6,18,0,0,0,0,25,144,185,37,22,0,0,0,31,41,80,103,35,0,0,0,2,4,11,25,4,0,0,0,0,0,1,106,21,4,4,24,103,185,185,185,19,0,0,0,0,4,185,59,37,0,0,0,0,1,24,9,5,0,0,0,0,0,1
3,200,200,91,36,0,0,0,72,200,200,6,0,0,0,1,31,99,45,0,0,0,0,0,0,0,0,0,0,0,0,0,0,32,156,72,4,0,0,0,30,27,58,68,8,0,0,4,104,38,11,2,0,0,0,18,5,0,0,0,0,0,0,1,0,0,10,50,1,0,0,0,5,9,66,76,0,0,0,0,49,49,35,5,0,0,0,4,7,4,0,0,0,0,0,0,0,0,2,5,0,0,0,0,0,1,11,11,0,0,0,0,2,8,8,1,0,0,0,2,0,1,0,0,0,0,0,1
17,2,0,0,0,0,5,9,1,0,0,0,0,4,10,2,0,0,0,0,0,0,7,5,0,0,0,0,0,0,0,0,14,0,0,0,0,18,154,153,10,0,0,0,1,68,88,61,42,3,0,0,0,7,39,71,7,0,0,0,0,0,0,5,154,47,0,0,1,102,138,154,119,72,4,0,3,31,22,60,90,87,2,0,0,3,4,15,12,3,0,0,0,1,1,1,154,79,0,0,2,28,8,31,154,90,2,0,0,0,0,14,13,53,3,0,0,0,0,0,0,2,1,0,0,0,0,0
54,18,17,6,0,2,65,127,140,23,26,2,0,0,11,140,24,5,77,19,0,0,0,16,0,7,59,17,0,0,0,0,16,46,140,56,0,2,30,42,140,109,74,14,0,0,7,130,107,8,0,0,0,0,0,18,0,0,1,3,0,0,0,0,8,6,26,7,0,4,140,75,140,40,13,3,0,2,65,104,113,10,0,0,0,0,0,7,0,0,0,0,0,0,0,0,4,0,0,0,0,0,35,17,111,19,0,0,0,0,12,22,31,9,0,0,0,0,0,0,0,0,0,0,0,0,0,0
5,13,71,121,34,21,25,4,65,64,111,48,7,7,53,60,132,52,6,0,0,0,6,57,16,13,8,3,1,1,0,2,1,1,41,45,19,20,21,19,32,18,71,46,69,95,21,27,132,28,3,1,4,15,13,81,40,7,3,12,2,6,4,2,4,1,0,2,24,49,90,30,74,9,0,2,130,86,19,13,132,32,0,0,10,19,37,42,22,2,0,0,1,62,117,8,14,53,33,4,2,17,37,20,33,22,40,37,22,19,6,8,77,12,11,12,9,34,70,41,0,0,0,5,3,36,128,33
1,1,44,96,21,16,23,16,39,62,18,21,5,6,33,30,67,85,7,1,0,0,1,12,63,58,1,0,0,0,17,42,11,1,7,29,119,82,16,19,119,33,5,5,9,14,12,60,48,19,0,3,4,8,12,38,11,0,0,0,1,22,47,79,17,10,23,119,119,5,0,3,119,91,39,31,12,1,0,13,31,27,43,43,9,2,1,6,6,0,4,18,33,47,23,16,0,9,107,119,11,0,0,0,13,115,119,40,0,0,0,0,1,27,98,109,30,0,0,0,11,3,2,63,119,9,0,1
34,43,24,11,8,4,0,7,126,65,0,0,0,0,15,82,29,14,0,0,0,0,9,67,0,0,0,0,0,0,0,2,17,6,5,5,14,44,13,9,37,3,0,0,0,91,127,127,127,7,0,0,0,3,54,127,19,0,0,0,0,0,3,32,3,3,10,8,30,101,47,7,74,127,32,9,25,117,35,15,127,127,0,0,0,1,14,71,22,0,0,0,0,0,33,72,75,25,29,21,23,7,13,24,39,127,76,9,5,1,0,16,47,55,1,0,0,1,9,39,8,0,0,0,0,5,32,61
0,0,0,0,0,0,0,0,0,0,0,0,0,3,4,0,1,0,0,0,0,0,2,3,0,0,0,0,0,0,0,0,0,0,2,11,48,36,0,0,11,3,3,3,70,126,100,32,126,12,2,0,1,18,71,126,38,6,0,0,0,0,5,21,5,0,2,8,110,126,10,9,24,58,84,32,126,115,14,12,126,126,40,2,2,5,8,37,51,38,6,0,0,0,0,3,3,1,5,4,12,126,85,18,19,53,30,3,10,24,89,68,126,74,13,0,0,0,12,98,43,8,1,0,0,0,0,20
0,0,0,0,0,0,0,0,0,6,20,10,0,47,122,8,3,1,8,20,3,23,122,122,2,0,0,14,50,121,92,46,0,0,0,0,0,0,0,0,59,35,49,45,8,1,5,7,43,35,30,122,62,0,15,46,36,56,54,21,8,7,20,24,0,0,0,0,0,0,0,0,122,59,33,11,13,0,0,13,48,122,118,87,89,0,0,2,24,122,94,47,39,0,0,0,0,0,0,0,0,0,0,0,10,70,111,0,0,0,0,0,2,81,122,7,0,0,0,0,0,41,28,25,56,0,0,0
120,77,1,0,0,14,52,44,24,9,0,0,0,39,120,54,3,0,0,0,0,5,120,68,0,0,0,0,0,0,29,18,21,3,4,7,10,64,81,55,120,43,0,0,10,90,116,54,35,14,0,0,53,109,117,48,0,0,0,0,2,11,36,13,14,19,55,120,73,15,5,5,120,8,8,45,35,28,32,88,11,2,0,0,41,63,23,17,0,0,0,0,0,1,0,0,0,5,56,120,31,0,0,0,6,0,120,120,10,0,12,18,0,0,5,4,0,0,8,4,0,0,0,0,0,0,0,0
0,0,6,18,12,23,112,35,8,9,7,10,87,60,91,16,57,112,23,8,23,6,0,2,110,103,0,0,0,0,7,9,0,4,26,97,47,14,23,5,64,44,10,24,14,13,32,25,103,58,1,0,0,0,9,46,38,13,0,0,0,27,95,60,0,1,11,97,112,17,2,2,112,34,13,36,46,16,6,41,51,22,18,14,4,2,12,29,12,2,1,7,13,55,44,18,0,11,71,112,19,0,0,0,23,94,112,85,8,0,0,0,9,58,103,81,21,0,0,0,22,0,3,72,66,8,1,5
0,0,0,4,30,45,20,10,1,7,12,74,125,36,7,0,87,125,35,27,30,9,19,28,77,75,0,0,0,0,0,12,26,0,0,1,14,11,35,68,24,9,8,32,125,92,20,24,125,120,16,10,14,16,10,59,41,33,0,0,0,0,0,1,17,32,41,0,6,6,71,50,21,79,121,42,86,29,24,18,125,125,69,11,7,2,1,13,26,2,0,0,0,0,0,0,42,80,96,0,0,0,3,24,4,74,125,6,1,1,1,4,4,31,51,8,0,0,0,0,0,0,0,0,0,0,0,0
0,0,0,0,22,52,20,7,50,0,0,0,1,16,31,84,26,2,0,0,0,0,2,26,4,1,0,0,0,0,0,5,9,18,15,19,131,119,19,9,131,103,17,7,18,24,28,95,117,43,0,0,0,0,0,19,6,11,0,0,0,0,0,1,10,30,16,9,56,127,68,27,131,119,12,2,2,1,18,127,119,19,0,0,0,0,0,66,3,2,0,0,0,0,0,6,7,131,127,7,3,22,17,5,43,131,66,0,0,0,3,13,44,45,20,0,0,0,0,21,10,5,0,0,0,0,0,4
0,0,0,0,0,0,0,0,2,0,0,0,0,0,0,1,9,0,0,0,0,0,0,4,1,0,0,0,0,0,0,0,0,12,71,24,20,22,2,0,87,4,4,22,57,30,0,32,147,10,0,0,0,0,0,107,49,0,0,0,0,0,0,15,0,1,27,45,43,130,25,0,128,103,13,9,33,85,3,8,147,133,0,0,0,0,0,45,67,9,0,0,0,0,0,16,0,0,25,147,55,22,2,0,59,43,20,28,18,16,19,32,113,20,0,0,0,7,82,147,35,0,0,0,0,0,9,147
2,3,22,12,16,11,0,1,121,3,0,3,10,4,0,39,57,0,0,0,0,0,0,18,0,0,0,0,0,0,0,0,10,17,28,44,37,99,14,0,130,120,4,3,11,22,2,49,130,26,0,0,0,0,1,40,0,0,0,0,0,0,0,0,6,9,18,96,63,55,19,2,106,35,5,5,9,46,92,130,113,5,0,0,0,1,35,130,3,0,0,0,0,0,15,28,5,14,14,18,17,78,79,7,71,89,15,9,12,66,32,24,130,55,1,0,0,4,35,119,3,0,0,0,0,2,76,79
0,0,0,0,0,0,0,0,0,0,0,0,0,0,2,1,0,0,0,0,0,0,3,7,0,0,0,0,0,0,0,0,0,0,0,1,58,39,0,0,13,5,1,18,91,129,101,37,129,18,1,2,3,18,81,129,6,0,0,0,0,0,0,2,0,0,0,12,107,88,29,1,29,28,20,129,129,65,19,14,129,90,15,29,19,8,12,111,26,2,0,0,0,0,0,10,2,0,3,12,22,73,115,49,7,17,8,39,87,25,61,38,129,108,30,23,40,6,5,88,32,12,1,0,0,0,0,14
3,1,2,29,31,31,67,35,14,1,2,4,1,4,97,128,16,0,0,0,0,0,82,104,20,2,0,0,0,0,9,21,3,2,24,128,45,7,5,5,34,6,15,68,72,22,51,77,128,10,0,0,2,4,38,126,85,13,0,0,0,0,3,11,0,0,2,32,39,80,128,3,47,25,3,29,128,75,25,6,128,56,1,2,5,3,27,44,47,2,0,0,0,4,124,38,15,26,12,31,13,29,54,5,51,9,5,33,20,22,14,18,63,12,5,5,2,12,50,50,9,0,0,2,2,17,94,45
21,4,11,42,16,10,61,117,100,1,0,0,1,3,78,131,72,11,0,0,0,0,5,25,4,1,0,0,0,0,0,0,22,12,8,68,131,52,24,9,131,50,1,3,16,6,18,59,118,11,0,0,0,1,80,33,1,0,0,0,0,0,59,15,45,11,3,23,40,65,39,13,131,31,1,2,4,13,68,78,23,0,0,0,1,27,131,81,1,0,0,0,1,20,131,30,19,35,81,86,19,0,0,5,27,63,91,61,6,6,12,15,15,0,26,69,6,12,25,47,2,0,2,1,2,13,12,10
0,0,42,88,46,48,1,0,13,5,15,19,66,65,21,11,86,6,6,1,9,32,42,80,9,17,19,4,26,117,72,22,5,8,6,25,117,117,4,0,75,105,79,15,24,63,9,6,29,36,117,99,7,20,12,12,12,117,87,24,12,29,10,1,4,6,11,117,117,17,1,3,117,52,24,35,33,8,6,88,51,14,63,55,0,0,0,31,1,28,29,11,0,0,0,0,0,0,11,110,56,1,0,0,47,27,41,66,18,1,0,11,16,2,0,0,0,0,0,5,0,0,0,0,0,0,0,0
36,9,42,70,27,13,32,98,58,10,3,9,0,0,36,117,15,3,0,0,0,0,0,6,0,0,0,0,0,0,0,0,6,3,24,73,41,72,44,6,117,54,7,21,7,13,24,58,57,19,0,0,2,75,51,13,5,0,0,0,0,17,27,9,9,9,63,34,38,41,32,4,86,7,38,40,4,11,90,92,27,45,29,8,9,117,117,42,69,117,26,2,2,23,34,23,59,50,45,14,4,7,4,3,17,28,117,117,2,1,8,5,30,117,117,26,0,0,6,7,16,117,28,0,0,0,0,0
0,0,17,9,1,27,15,0,0,0,27,61,54,111,31,0,48,4,3,35,50,48,4,45,34,2,3,2,1,36,44,61,0,0,0,15,90,64,15,0,57,19,17,24,62,111,51,15,26,31,88,91,7,20,2,24,40,111,74,15,1,2,3,25,0,0,1,26,111,46,1,0,111,43,15,28,111,54,13,72,111,111,92,20,0,0,0,18,8,111,77,3,0,0,0,0,0,0,9,55,45,7,0,0,48,100,61,55,30,8,1,7,76,90,1,0,0,0,0,1,11,15,0,0,0,0,0,0
0,0,27,123,65,35,0,1,12,5,12,22,72,53,41,34,42,5,8,2,5,40,81,123,9,19,15,4,9,109,95,17,3,5,2,37,123,123,0,0,66,120,80,12,48,63,0,4,22,47,123,79,3,12,9,10,2,61,64,15,5,15,4,0,4,3,2,123,123,10,0,1,123,49,18,65,38,1,0,58,47,14,61,29,0,0,0,17,0,1,8,3,0,0,0,0,0,0,1,115,47,0,0,0,13,3,5,58,12,0,0,4,2,0,0,0,0,0,0,1,0,0,0,0,0,0,0,0
17,6,13,103,68,11,14,31,54,11,3,9,1,0,1,62,6,2,0,0,0,0,0,0,0,0,0,0,0,0,0,0,8,3,6,58,84,115,31,6,123,63,3,12,8,10,20,53,59,19,0,0,0,26,48,13,0,0,0,0,0,2,3,0,12,15,67,42,54,45,14,6,81,10,53,53,0,6,72,117,19,75,33,1,0,73,123,46,9,83,13,0,0,6,12,3,38,123,60,22,1,4,1,0,4,41,123,123,0,0,4,4,3,123,123,14,0,1,4,3,1,123,39,0,0,0,0,0
1,0,0,6,11,3,7,3,2,0,0,0,1,0,3,4,0,0,0,0,0,0,0,0,0,0,0,0,0,0,0,0,15,2,2,117,133,50,9,12,133,19,2,21,17,11,12,38,9,2,0,0,0,2,6,3,0,0,0,0,0,0,0,0,12,19,37,27,133,133,5,6,125,47,99,32,12,26,79,117,17,133,28,0,0,20,70,23,0,13,1,0,0,0,0,0,39,133,46,8,8,49,2,0,11,133,133,65,0,0,4,6,1,133,104,3,0,0,3,1,0,26,6,0,0,0,0,0
