3,1,0,0,0,0,0,0,88,45,0,0,0,0,0,0,80,40,0,0,0,0,0,0,57,41,1,0,0,0,0,3,14,4,0,0,0,0,0,0,144,46,0,0,0,0,1,17,61,20,0,0,0,0,11,21,55,5,0,0,0,3,15,54,8,0,0,0,0,0,15,16,51,2,0,0,0,0,24,96,48,21,2,0,5,6,49,92,6,9,2,1,46,195,102,24,15,0,0,0,0,0,48,63,32,1,0,1,1,2,12,49,57,18,3,11,46,78,83,67,13,33,34,65,195,195,92,13
1,0,0,0,0,0,0,1,0,16,8,0,0,0,0,0,0,58,41,0,0,0,0,0,0,86,61,0,0,0,0,0,46,6,0,0,0,0,0,29,54,110,23,0,0,0,0,5,11,146,83,0,0,0,0,1,0,67,47,0,0,0,0,0,63,39,2,0,0,0,1,12,137,66,15,0,0,0,0,39,64,29,10,0,0,0,0,32,31,78,18,0,0,0,0,1,25,18,4,6,29,21,42,49,68,63,34,6,5,127,146,90,23,9,15,4,2,67,146,135,92,26,1,0,0,0,86,146
61,31,14,0,0,0,0,5,180,59,0,0,0,0,0,0,119,15,0,0,0,0,0,0,0,0,0,4,1,0,0,0,74,34,75,24,0,0,0,3,180,21,4,2,0,0,0,6,147,10,1,0,0,0,0,1,0,0,1,5,1,0,0,0,22,21,58,99,22,0,0,2,180,46,12,18,1,0,0,9,161,4,1,0,0,0,0,6,0,0,1,6,1,0,0,0,5,16,69,69,4,0,0,1,180,64,19,22,0,0,0,0,117,12,1,0,0,0,0,0,0,0,2,5,1,0,0,0
5,3,0,0,0,0,1,1,2,0,0,0,0,10,20,5,5,0,0,0,0,5,37,21,8,1,1,1,1,2,3,11,1,0,0,0,0,84,60,1,7,0,0,0,0,133,133,13,118,10,0,0,0,22,92,68,63,26,9,4,0,0,1,9,13,6,0,0,0,133,133,8,114,25,0,0,0,72,128,44,133,32,0,0,0,2,11,47,104,11,1,0,0,0,0,9,71,22,0,0,0,46,47,56,70,39,2,1,8,29,28,65,124,1,0,0,1,12,22,133,60,0,0,0,0,0,0,101
19,75,100,44,3,0,1,10,136,23,40,48,2,0,0,68,136,2,0,0,0,0,0,83,5,0,2,3,0,0,0,1,42,102,99,24,3,0,2,33,103,45,130,80,1,0,0,11,136,23,11,3,0,0,0,58,26,4,3,1,0,0,0,5,1,98,136,22,0,0,0,0,10,20,136,130,0,0,0,0,123,75,83,25,0,0,0,7,32,19,4,1,0,0,0,1,0,11,44,7,0,0,1,0,0,0,55,50,7,3,0,0,3,18,46,31,5,3,1,0,2,14,6,1,0,0,0,0
9,12,18,0,0,0,2,13,150,31,11,0,0,0,0,7,155,14,0,0,0,0,0,6,23,2,0,1,0,0,0,0,24,90,102,9,1,0,0,5,125,35,89,53,5,0,0,6,155,10,2,2,0,0,0,32,37,2,1,2,0,0,0,3,81,82,52,9,3,0,1,28,42,30,59,95,16,0,0,4,155,36,11,10,0,0,0,12,54,2,1,1,0,0,0,2,5,64,155,17,0,0,0,1,6,16,106,103,0,0,0,0,144,47,27,22,0,0,0,0,42,6,1,0,0,0,0,0
3,0,0,0,0,0,130,93,5,0,0,0,0,0,130,130,0,0,0,0,0,0,130,130,0,0,0,0,0,0,130,124,51,15,0,0,0,0,21,29,83,10,0,0,0,0,22,62,20,2,0,0,0,1,98,115,21,28,6,0,0,0,130,123,35,48,2,0,0,0,0,0,52,19,0,0,0,6,11,6,67,14,0,0,0,10,31,16,130,93,19,0,0,0,4,15,12,34,2,1,0,0,0,0,5,9,0,0,2,5,4,0,46,11,0,0,1,7,14,25,79,6,0,0,0,2,45,103
15,1,0,0,0,0,52,71,12,12,2,0,0,0,118,111,9,18,8,0,0,0,118,118,7,7,0,0,0,0,77,98,26,4,0,0,0,7,19,9,118,74,11,0,0,1,9,21,33,78,52,1,0,3,11,19,30,106,17,0,0,0,6,23,17,6,0,0,1,8,11,7,99,9,0,0,0,4,51,118,116,17,2,0,0,7,72,77,118,115,2,0,0,0,0,5,0,0,0,0,0,44,54,2,16,0,0,0,0,19,75,97,118,12,0,0,0,0,18,80,118,39,0,0,0,0,0,1
15,0,0,0,0,0,126,102,6,0,0,0,0,0,126,126,5,4,0,0,0,0,126,118,5,6,0,0,0,0,126,91,72,7,0,0,0,0,4,16,41,2,0,0,0,10,44,32,116,85,16,0,0,0,37,36,26,82,35,0,0,1,23,31,28,22,0,0,1,2,2,1,46,7,0,0,3,11,12,13,126,21,2,0,0,4,45,114,87,19,7,0,0,11,60,55,6,5,0,0,0,13,9,1,3,1,0,0,0,48,40,5,10,0,0,0,0,26,101,106,126,2,0,0,0,0,37,100
99,4,1,0,5,5,12,32,7,1,3,12,57,27,9,14,45,3,1,4,4,3,6,44,5,2,1,0,0,0,0,2,110,27,0,0,2,38,13,11,16,1,0,4,18,106,60,17,118,17,0,2,1,7,14,24,15,14,4,2,0,0,0,0,31,29,1,1,85,143,36,10,143,13,0,0,9,108,96,66,143,30,0,0,0,0,4,17,13,9,2,3,0,0,0,1,85,6,0,0,138,143,26,31,143,48,0,0,5,29,11,31,143,38,0,0,0,0,0,5,14,5,2,3,0,0,0,0
4,1,0,0,5,90,8,0,26,0,0,0,1,101,60,36,44,0,0,0,0,2,9,38,2,0,0,6,23,4,1,4,9,0,0,0,59,148,18,7,148,3,0,0,3,83,39,59,120,0,0,0,0,0,0,32,5,0,0,1,11,23,3,7,68,2,0,0,51,148,23,13,148,37,0,0,1,12,5,10,115,19,0,0,6,12,0,1,5,0,0,0,16,96,21,4,148,25,0,0,1,68,31,30,148,81,0,0,0,0,0,3,44,35,1,1,50,20,0,0,11,0,0,0,80,86,11,15
19,12,0,0,23,48,4,0,21,0,0,0,10,75,45,22,88,3,0,0,0,2,8,17,27,4,0,0,0,0,0,3,6,9,0,1,118,134,5,4,134,4,0,0,31,69,17,46,134,15,0,0,0,0,0,8,43,4,0,0,0,0,0,5,31,3,0,0,134,134,14,18,134,20,0,0,8,39,12,44,134,33,0,0,0,0,0,2,34,11,0,0,0,0,0,1,61,107,0,0,72,134,4,7,134,134,5,0,0,3,1,5,68,30,5,2,0,0,0,9,25,1,0,0,0,0,0,10
213,213,0,0,0,0,0,0,62,25,0,0,0,0,0,1,31,17,0,0,0,0,0,0,1,0,0,0,0,0,0,0,213,213,0,0,0,0,0,0,65,25,0,0,0,0,0,6,23,9,0,0,0,0,2,8,0,0,0,0,0,0,0,1,213,111,0,0,0,0,0,1,21,2,0,0,0,0,8,36,17,0,0,0,0,0,15,48,7,0,0,0,0,0,0,7,46,15,0,0,0,0,0,0,4,1,0,0,0,0,1,4,37,11,0,0,0,0,1,8,12,3,0,0,0,0,0,0
1,244,244,0,0,0,0,0,0,244,183,0,0,0,0,0,0,85,36,0,0,0,0,0,0,30,17,0,0,0,0,0,2,156,59,0,0,0,0,0,15,47,15,0,0,0,0,1,3,47,23,0,0,0,0,0,0,18,11,0,0,0,0,0,4,2,0,0,0,0,0,1,43,14,1,0,0,0,0,13,22,8,1,0,0,0,0,6,0,0,0,0,0,0,0,0,0,6,3,0,0,0,0,0,8,35,10,0,0,0,0,0,7,10,0,0,0,0,0,0,0,0,0,0,0,0,0,0
175,175,0,0,0,0,0,3,175,73,0,0,0,0,3,33,30,14,0,0,0,0,6,20,0,0,0,0,0,0,0,1,175,125,0,0,0,0,1,26,69,4,0,0,0,0,52,175,78,5,0,0,0,0,31,147,13,0,0,0,0,0,0,8,39,14,0,0,0,0,0,3,68,25,0,0,0,0,8,32,175,71,0,0,0,0,1,25,19,7,0,0,0,0,0,0,0,0,0,0,0,0,0,0,5,3,0,0,0,0,0,0,19,12,0,0,0,0,0,0,1,1,0,0,0,0,0,0
0,205,205,0,0,0,0,0,31,205,93,0,0,0,0,2,32,160,57,0,0,0,0,2,0,89,52,0,0,0,0,0,1,7,2,0,0,0,0,0,86,32,4,0,0,0,0,26,168,54,4,0,0,0,0,53,15,10,3,0,0,0,0,4,0,1,0,0,0,0,0,0,14,122,50,0,0,0,0,1,61,132,24,0,0,0,0,6,10,7,0,0,0,0,0,0,0,0,0,0,0,0,0,0,0,19,11,0,0,0,0,0,0,19,8,0,0,0,0,0,0,1,0,0,0,0,0,0
84,111,3,0,0,0,0,6,89,84,13,0,0,0,1,43,30,90,38,0,0,0,0,13,128,64,16,0,0,0,0,28,91,43,3,0,0,0,0,19,76,8,0,0,0,0,8,128,128,64,10,0,0,0,1,89,86,104,20,0,0,0,0,10,15,34,6,0,0,0,0,1,126,37,0,0,0,0,0,21,128,103,0,0,0,0,0,39,121,53,5,0,0,0,0,33,10,8,0,0,0,0,0,0,87,55,5,0,0,0,0,16,128,26,0,0,0,0,0,62,95,6,0,0,0,0,0,55
11,34,30,0,0,0,0,2,119,33,10,0,0,0,0,24,132,106,1,0,0,0,0,6,129,94,0,0,0,0,0,14,65,39,20,0,0,0,0,17,89,74,32,0,0,0,0,3,132,66,0,0,0,0,0,34,129,82,2,0,0,0,0,12,118,65,1,0,0,0,0,7,54,79,25,0,0,0,0,2,132,29,4,0,0,0,0,40,132,22,1,0,0,0,0,34,94,21,0,0,0,0,0,10,75,10,1,0,0,0,0,16,132,25,0,0,0,0,0,7,132,33,0,0,0,0,0,10
141,89,0,0,0,0,0,7,96,141,0,0,0,0,0,3,75,39,1,0,0,0,0,25,45,31,3,0,0,0,0,8,141,14,0,0,0,0,0,45,141,43,3,0,0,0,0,32,61,117,14,0,0,0,0,1,46,86,11,0,0,0,0,1,141,20,1,0,0,0,0,25,141,27,0,0,0,0,0,40,125,23,1,0,0,0,0,13,83,6,0,0,0,0,0,20,141,21,0,0,0,0,0,4,141,45,0,0,0,0,0,12,73,9,0,0,0,0,0,13,71,2,0,0,0,0,0,19
58,13,0,0,0,0,4,75,102,10,0,0,0,0,24,140,55,4,0,0,0,0,3,72,36,3,0,0,0,0,1,32,27,8,0,0,0,0,1,17,140,90,0,0,0,0,4,92,140,45,0,0,0,0,7,54,9,2,0,0,0,0,2,13,17,1,0,0,0,0,0,12,104,10,0,0,0,0,41,140,25,3,0,0,0,0,140,140,6,0,0,0,0,0,59,130,0,0,0,0,0,0,0,1,0,0,0,0,0,0,16,34,9,2,0,0,0,0,71,136,90,18,0,0,0,0,41,140
0,4,4,0,0,0,0,0,38,35,11,0,0,0,0,3,145,104,11,0,0,0,0,26,76,54,14,0,0,0,0,6,20,12,0,0,0,0,0,1,118,145,50,0,0,0,0,7,105,145,86,0,0,0,0,4,46,45,3,0,0,0,0,1,31,1,0,0,0,0,0,10,145,40,2,0,0,0,0,125,145,50,13,0,0,0,0,62,14,11,2,0,0,0,0,1,6,3,1,0,0,0,0,3,145,17,2,0,0,0,0,96,145,8,0,0,0,0,0,93,29,62,13,0,0,0,0,2
9,0,0,0,22,140,21,16,101,28,0,0,31,113,11,13,140,45,0,0,0,0,0,1,2,0,0,0,0,0,0,0,10,0,1,5,85,141,24,14,141,41,1,3,22,61,17,52,141,99,0,0,0,0,0,2,0,3,0,0,0,0,0,0,8,14,51,51,81,37,1,0,141,52,72,32,12,3,0,41,141,20,0,0,0,0,0,66,3,1,0,0,0,0,0,2,42,21,26,8,11,8,8,24,70,69,94,12,0,0,0,11,94,48,13,0,0,0,0,43,4,1,0,0,0,0,0,3
33,11,0,0,0,0,0,8,123,13,9,2,0,0,0,27,84,11,118,52,0,0,0,37,24,29,156,88,0,0,0,4,32,57,6,0,0,0,0,1,82,29,4,0,0,0,0,17,151,8,0,0,0,0,0,52,40,7,0,0,0,18,23,34,50,7,0,0,0,0,0,16,74,15,0,0,0,0,0,5,156,32,1,0,4,3,0,14,14,7,2,2,156,156,31,10,41,0,0,0,0,0,0,17,63,38,0,0,0,0,0,6,81,34,0,1,16,8,1,14,6,0,0,64,156,119,1,4
54,40,4,0,0,0,0,10,139,18,1,0,0,0,0,36,141,8,0,0,0,0,0,63,89,2,0,0,0,0,0,24,78,1,0,0,0,0,0,52,141,13,0,0,0,0,0,38,141,17,0,0,0,0,0,92,83,1,0,0,0,0,0,82,88,54,0,0,0,0,0,17,123,113,1,0,0,0,0,11,141,57,0,0,0,0,0,49,66,2,0,0,0,0,6,83,97,34,0,0,0,0,0,26,89,21,0,0,0,0,0,41,127,2,0,0,0,0,0,98,48,0,0,0,2,1,6,53
79,16,0,0,0,0,35,130,8,2,0,0,0,0,61,118,34,5,0,0,0,0,13,46,108,22,0,0,0,0,16,112,1,0,0,0,0,0,52,109,21,2,0,0,0,0,126,130,92,9,0,0,0,0,36,130,18,1,0,0,0,0,31,103,1,0,0,0,0,0,1,3,127,39,0,0,0,0,6,47,130,78,0,0,0,0,6,79,22,6,0,0,0,0,6,18,1,0,0,0,0,0,0,0,46,3,0,0,0,0,5,61,47,4,0,0,0,0,72,130,1,0,0,0,0,0,76,130
6,0,0,0,0,0,0,2,140,6,0,0,0,0,0,86,140,16,2,0,0,0,0,89,9,7,2,0,0,0,0,3,1,5,1,0,0,0,0,0,135,47,12,0,0,0,0,57,140,37,2,0,0,0,0,116,71,60,8,0,0,0,0,10,41,39,3,0,0,0,0,2,97,140,80,0,0,0,0,5,115,140,47,0,0,0,0,7,140,27,0,0,0,0,0,38,69,4,0,0,0,0,0,23,140,47,5,0,0,0,0,93,41,28,9,0,0,0,0,17,52,1,0,0,0,0,0,31
1,0,0,0,1,86,58,9,0,1,0,0,0,97,141,1,1,7,3,0,0,39,141,3,0,7,7,0,0,23,108,1,3,1,0,3,94,91,15,4,38,41,2,0,21,63,39,7,10,64,29,0,0,2,24,4,0,24,30,0,0,0,7,1,1,0,0,2,113,116,11,5,101,11,0,0,29,37,19,92,45,43,33,0,0,0,3,20,0,31,72,0,0,0,2,0,0,0,0,0,11,141,46,6,32,1,0,0,2,77,97,141,45,30,20,0,0,0,46,141,4,25,55,0,0,0,32,64
35,3,0,0,0,0,2,51,72,5,0,0,0,0,16,124,47,5,0,0,0,0,20,124,87,12,0,0,0,0,31,124,18,5,0,0,0,0,1,13,124,64,0,0,0,0,2,61,124,36,0,0,0,0,4,46,124,17,0,0,0,0,11,99,14,1,0,0,0,0,23,83,73,7,0,0,0,0,27,124,19,2,0,0,0,0,97,124,4,0,0,0,0,0,68,124,86,18,0,0,0,0,11,86,25,4,0,0,0,0,10,37,0,0,0,0,0,0,54,94,0,0,0,0,0,0,78,124
35,3,0,0,0,0,0,20,28,24,6,0,0,0,0,2,125,71,6,0,0,0,0,20,125,32,1,0,0,0,0,26,106,18,0,0,0,0,0,29,84,125,33,0,0,0,0,5,73,125,56,0,0,0,0,3,123,58,7,0,0,0,0,25,54,44,5,0,0,0,0,7,125,27,1,0,0,0,0,88,125,52,9,0,0,0,0,47,85,125,20,0,0,0,0,6,7,3,1,0,0,0,0,4,120,0,0,0,0,0,0,79,125,1,0,0,0,0,0,99,125,15,0,0,0,0,0,65
1,0,0,0,0,0,74,132,49,4,0,0,0,0,73,132,51,3,0,0,0,0,12,106,2,0,0,0,0,0,60,123,23,6,0,0,0,0,5,16,132,80,0,0,0,0,6,81,131,40,0,0,0,0,7,49,1,0,0,0,0,0,8,14,15,1,0,0,0,0,0,11,93,9,0,0,0,0,37,132,22,2,0,0,0,0,130,132,0,0,0,0,0,0,66,108,0,0,0,0,0,0,0,1,0,0,0,0,0,0,14,31,0,0,0,0,0,0,70,117,0,0,0,0,0,0,102,132
0,1,0,0,0,0,0,0,42,30,9,0,0,0,0,17,141,49,6,0,0,0,0,96,94,22,1,0,0,0,0,23,20,11,0,0,0,0,0,1,114,141,48,0,0,0,0,7,101,141,83,0,0,0,0,6,104,44,3,0,0,0,0,18,30,1,0,0,0,0,0,10,141,38,2,0,0,0,0,121,141,49,13,0,0,0,0,60,24,5,1,0,0,0,0,13,6,0,0,0,0,0,0,3,141,0,0,0,0,0,0,110,141,0,0,0,0,0,0,115,11,0,0,0,0,0,0,7
104,28,9,0,0,0,20,143,13,1,2,4,2,0,105,133,83,47,57,21,3,0,13,67,22,83,48,0,0,0,0,2,24,78,143,31,4,0,7,31,54,7,43,52,9,0,34,90,143,12,0,1,0,0,2,109,82,4,0,0,0,0,0,8,2,5,27,28,57,0,0,0,55,24,11,61,70,0,0,1,143,75,1,4,2,0,0,4,82,11,0,0,0,0,0,2,2,2,0,2,50,3,0,0,55,20,1,9,63,0,0,0,143,50,0,0,0,0,0,0,46,4,0,0,0,0,0,3
0,164,164,2,1,4,0,0,4,164,132,18,1,0,0,0,0,17,100,164,59,6,1,0,45,30,164,164,18,5,4,22,0,55,86,0,0,0,0,0,1,25,28,2,2,1,0,0,5,3,28,59,0,0,0,0,0,3,164,143,0,0,0,0,1,3,0,0,0,1,4,1,2,0,0,0,1,3,1,0,12,0,0,1,0,0,0,2,1,0,7,6,0,0,0,0,0,0,0,0,0,0,0,0,1,0,0,0,0,0,0,0,10,0,0,0,0,0,0,0,1,0,0,0,0,0,0,0
65,0,0,0,10,0,0,0,154,4,0,0,0,0,0,1,154,5,0,0,0,0,0,3,49,12,3,0,0,0,0,2,84,0,0,0,13,0,0,0,154,27,0,0,0,0,0,2,154,33,0,0,0,0,0,17,85,59,17,0,0,0,0,11,83,0,0,0,13,0,0,0,154,2,0,0,0,0,0,28,154,9,0,0,0,0,1,43,110,9,0,0,0,0,3,86,64,0,0,0,10,0,0,0,154,0,0,0,0,0,0,8,154,6,2,0,0,0,0,10,91,11,4,1,0,0,1,28
135,0,0,0,0,0,0,40,135,3,0,0,0,0,0,37,75,1,0,0,0,0,10,95,112,0,0,0,0,0,0,48,135,0,0,0,0,0,0,22,135,4,1,0,0,0,0,19,98,23,12,2,0,0,1,18,135,3,0,0,0,0,0,58,135,25,0,0,0,0,0,8,135,8,0,0,0,0,0,13,82,44,14,0,0,0,0,3,135,30,5,0,0,0,0,22,83,90,0,0,0,0,0,0,135,23,0,0,0,0,0,4,113,50,12,0,0,0,0,5,57,53,10,0,0,0,0,5
7,6,0,0,0,0,0,0,143,113,0,0,0,0,0,0,143,118,0,0,0,0,0,0,7,4,0,0,0,0,0,0,31,10,0,0,0,0,0,1,143,123,0,0,0,0,2,39,143,61,0,0,0,0,13,49,1,0,0,0,0,0,1,6,20,1,0,0,0,0,0,11,116,7,0,0,0,0,49,143,103,4,0,0,0,0,84,143,39,1,0,0,1,16,9,43,0,0,0,0,0,0,0,1,38,3,0,0,0,0,10,33,143,25,0,0,0,0,14,99,65,5,0,0,26,91,29,28
0,1,0,0,0,0,0,0,0,35,16,0,0,0,0,0,0,132,79,0,0,0,0,0,0,140,115,0,0,0,0,0,17,13,0,0,0,0,0,1,104,140,41,0,0,0,0,10,25,140,140,0,0,0,0,3,0,121,74,0,0,0,0,0,27,17,1,0,0,0,0,7,140,92,4,0,0,0,0,90,140,54,7,0,0,0,0,45,2,4,2,0,0,0,0,0,51,76,4,0,0,0,0,6,98,140,23,0,0,1,4,14,56,65,2,0,0,3,22,10,1,0,0,0,0,0,3,7
6,4,0,0,0,0,0,0,144,115,0,0,0,0,0,0,144,120,0,0,0,0,0,0,7,4,0,0,0,0,0,0,31,10,0,0,0,0,0,1,144,125,0,0,0,0,2,40,144,62,0,0,0,0,13,50,1,0,0,0,0,0,1,6,20,1,0,0,0,0,0,12,118,7,0,0,0,0,50,144,104,6,0,0,0,0,86,144,44,2,0,0,0,0,3,43,0,0,0,0,0,0,0,1,43,18,0,0,0,0,10,31,144,100,0,0,0,0,6,51,75,25,0,0,0,0,0,5
0,1,0,0,0,0,0,0,0,33,15,0,0,0,0,0,0,126,76,0,0,0,0,0,0,137,110,0,0,0,0,0,17,12,0,0,0,0,0,1,100,137,39,0,0,0,0,10,24,137,137,0,0,0,0,2,0,116,71,0,0,0,0,0,25,17,6,0,0,0,0,7,137,87,6,0,0,0,0,86,137,52,7,0,0,0,0,43,2,4,2,0,0,0,0,0,1,137,83,0,0,0,0,0,52,137,79,0,0,0,0,4,51,67,5,0,0,0,0,4,1,0,0,0,0,0,0,0
74,33,0,0,0,0,0,5,148,148,72,5,0,0,6,56,14,84,148,23,0,0,7,29,19,97,35,0,0,0,0,1,49,3,0,0,0,0,3,48,121,11,0,0,0,0,93,148,139,13,11,0,0,0,52,148,25,6,3,0,0,0,0,12,0,0,0,0,0,0,1,6,122,46,0,0,0,0,14,58,148,127,0,0,0,0,2,46,35,12,0,0,0,0,0,1,0,0,0,0,0,0,0,0,10,6,0,0,0,0,0,0,34,23,0,0,0,0,0,0,3,2,0,0,0,0,0,0
1,0,0,0,0,0,0,0,64,85,7,0,0,0,0,5,62,143,143,33,1,0,0,5,0,14,97,143,18,0,0,0,2,1,0,0,0,0,0,0,143,62,7,0,0,0,0,55,143,96,18,21,1,0,0,104,24,12,86,143,12,0,0,5,0,3,1,0,0,0,0,0,30,143,100,0,0,0,0,3,123,143,48,0,0,0,0,12,19,17,12,6,0,0,0,1,0,0,0,0,0,0,0,0,0,39,22,0,0,0,0,0,0,40,18,0,0,0,0,0,0,2,0,0,0,0,0,0
75,25,0,0,0,0,0,5,144,100,0,0,0,0,6,51,43,18,0,0,0,0,10,31,0,0,0,0,0,0,0,1,44,2,0,0,0,0,3,43,104,6,0,0,0,0,86,144,118,7,0,0,0,0,50,144,20,1,0,0,0,0,0,12,1,0,0,0,0,0,1,6,144,62,0,0,0,0,13,50,144,125,0,0,0,0,2,40,32,11,0,0,0,0,0,1,7,4,0,0,0,0,0,0,144,119,0,0,0,0,0,0,144,114,0,0,0,0,0,0,11,7,0,0,0,0,0,0
1,0,0,0,0,0,0,0,51,67,5,0,0,0,0,4,52,137,79,0,0,0,0,4,1,137,83,0,0,0,0,0,2,4,2,0,0,0,0,0,137,52,7,0,0,0,0,43,137,87,6,0,0,0,0,86,25,17,6,0,0,0,0,7,0,116,71,0,0,0,0,0,24,137,137,0,0,0,0,2,100,137,39,0,0,0,0,10,17,12,0,0,0,0,0,1,0,137,110,0,0,0,0,0,0,126,76,0,0,0,0,0,0,34,16,0,0,0,0,0,0,3,4,0,0,0,0,0
14,29,9,0,0,0,5,9,9,27,9,0,0,0,0,0,1,15,12,3,1,0,0,0,0,4,33,15,4,0,0,0,165,15,2,0,0,0,17,173,22,15,8,12,8,1,0,6,31,18,7,1,0,0,0,0,3,6,21,0,0,0,0,0,173,2,0,0,0,0,1,173,59,12,11,2,5,1,1,126,13,22,17,0,0,0,0,0,2,4,6,0,0,0,0,0,109,0,0,0,4,7,80,173,173,10,8,0,0,0,39,173,18,11,46,11,1,0,7,28,0,7,34,1,0,0,0,0
61,34,0,0,0,0,0,5,120,23,0,0,0,0,0,11,38,18,15,4,0,0,0,2,14,40,16,3,0,0,0,0,74,36,0,0,0,0,0,5,142,45,0,0,0,0,0,9,57,10,0,0,0,0,0,10,25,9,0,0,0,0,3,25,75,35,0,0,0,0,0,9,92,22,0,0,0,0,1,30,41,8,4,0,0,0,9,63,11,9,15,9,1,1,11,21,51,3,0,0,0,0,118,82,32,16,1,0,0,158,158,24,10,1,0,0,0,139,158,158,3,1,1,2,1,15,158,86
5,3,1,2,0,0,0,0,132,93,0,0,0,0,0,0,132,97,0,0,0,0,0,0,9,6,0,0,0,0,0,0,22,8,5,27,15,6,3,1,132,102,0,0,0,0,2,32,118,50,0,0,0,0,11,41,20,11,0,0,0,0,1,4,14,1,0,3,10,13,39,78,94,6,0,0,0,0,44,132,86,4,0,0,0,0,69,132,91,33,0,0,0,0,2,33,39,2,0,0,0,0,56,132,78,5,0,0,0,0,14,79,132,21,0,0,0,0,8,86,132,39,0,0,0,0,3,47
50,3,1,10,24,19,16,54,0,26,13,5,20,8,1,0,0,108,66,0,0,0,0,0,0,128,95,0,0,0,0,0,105,9,0,0,0,4,8,44,88,128,34,0,0,2,1,9,20,128,122,0,0,0,0,2,0,101,62,0,0,0,0,0,101,60,3,0,0,0,0,22,128,77,3,0,0,0,0,74,121,46,6,0,0,0,0,37,1,13,7,0,0,0,0,0,45,87,7,0,0,0,0,4,85,128,22,0,0,0,0,7,43,110,30,0,0,0,0,3,0,110,67,0,0,0,0,0
22,37,51,35,17,6,6,5,129,92,14,38,19,4,0,2,141,94,0,0,0,0,0,1,7,2,0,0,0,0,0,0,55,21,7,8,45,63,8,19,141,92,0,6,28,34,2,9,141,68,0,0,0,0,0,4,2,1,0,0,0,0,0,0,16,14,6,3,90,102,3,11,141,8,0,0,10,20,3,115,141,3,0,0,0,0,0,54,2,0,0,0,0,0,0,1,7,21,6,0,21,97,5,3,141,61,3,0,1,4,0,34,141,6,0,0,0,0,0,38,2,0,0,0,0,0,0,7
10,3,0,0,0,0,0,3,32,5,0,0,0,0,0,7,23,6,0,0,0,0,0,3,25,2,0,0,0,0,0,3,6,7,2,0,0,0,0,1,45,14,0,0,0,0,0,5,27,11,0,0,0,0,0,2,19,2,0,0,0,0,0,12,6,10,2,0,0,0,5,5,22,6,0,0,0,0,9,22,23,2,0,0,0,1,11,22,9,3,0,0,0,49,34,7,1,0,0,0,0,1,225,54,1,0,0,0,0,11,225,33,3,0,0,0,0,62,225,25,0,0,0,0,0,191,225,20
25,1,0,0,0,0,3,41,74,36,0,0,0,0,1,13,91,60,0,0,0,0,0,0,77,48,0,0,0,0,0,3,74,10,0,0,0,0,1,29,149,60,0,0,0,0,0,9,85,32,0,0,0,0,0,18,115,12,0,0,0,0,0,49,113,24,0,0,0,0,0,12,124,11,0,0,0,0,0,57,86,32,0,0,0,0,0,40,109,79,0,0,0,0,0,8,49,6,0,0,0,8,72,54,69,9,0,0,0,21,152,56,80,28,0,0,0,14,152,59,58,21,0,0,0,0,152,97
0,0,0,2,2,0,137,137,2,0,0,0,0,5,104,137,0,0,0,0,0,27,129,3,0,0,0,0,0,33,102,0,41,1,0,46,48,1,47,87,137,10,2,0,0,3,50,137,25,9,41,22,0,18,85,8,0,0,28,32,4,16,63,0,74,2,0,24,137,5,0,5,137,17,0,0,1,0,0,8,79,9,19,9,0,0,0,2,1,0,22,44,11,4,0,0,45,0,0,28,97,5,1,11,137,5,0,2,3,0,0,38,62,4,0,0,0,2,0,5,0,0,0,0,23,21,0,0
97,75,6,4,12,4,0,0,18,16,9,31,34,7,2,27,44,0,0,1,5,3,21,115,38,2,0,0,0,2,40,66,115,115,5,7,25,16,0,2,12,13,5,15,115,113,7,12,115,8,0,0,11,22,10,77,81,12,0,0,0,0,2,54,115,11,1,8,52,49,5,42,37,7,0,18,115,115,2,5,115,34,0,0,5,8,1,19,100,28,0,0,0,0,0,4,90,13,8,52,33,8,5,26,23,5,8,115,82,26,4,6,115,31,3,7,6,2,0,46,86,35,10,0,0,0,0,10
2,0,2,60,110,59,1,0,38,4,1,46,24,5,38,78,71,6,4,48,23,4,39,92,9,2,3,117,56,3,33,23,0,0,1,98,62,3,0,0,29,2,2,118,115,0,2,8,119,10,3,16,13,1,2,29,45,3,1,79,119,9,2,6,0,0,1,46,79,1,0,0,9,6,13,119,77,0,0,0,119,19,14,41,5,3,7,41,19,0,0,10,119,32,15,26,0,0,19,118,16,0,0,0,0,9,62,101,4,0,0,0,8,3,59,111,0,0,3,13,4,2,9,36,31,4,8,12
16,243,243,0,0,0,0,5,51,222,57,2,0,0,1,23,62,7,3,0,0,0,1,55,45,0,0,0,0,0,0,19,31,25,15,0,0,0,2,15,84,42,15,0,0,0,0,12,47,33,37,14,1,0,0,12,67,20,4,0,0,0,0,18,13,26,13,0,0,0,0,1,141,24,7,0,0,0,0,18,65,42,22,13,1,0,0,7,25,74,25,0,0,0,0,1,22,16,7,0,1,3,48,25,67,33,12,0,0,0,10,16,83,38,0,0,0,0,0,5,36,8,1,0,0,0,0,3
7,90,6,0,0,123,22,0,53,123,1,0,0,13,7,6,62,93,8,0,0,1,9,18,4,68,93,3,1,1,1,0,1,123,93,11,12,13,0,0,50,43,16,14,39,21,4,7,123,82,3,0,1,1,2,26,37,51,41,2,0,0,9,22,3,33,28,7,18,123,57,1,90,23,1,3,23,81,34,13,123,21,0,0,0,0,5,86,38,17,2,0,0,0,30,87,11,53,2,0,9,98,44,2,69,123,3,0,0,9,12,7,100,58,2,0,0,0,0,14,88,56,9,3,0,0,0,8
132,8,0,0,3,2,6,109,50,11,4,0,0,0,78,107,6,4,12,4,0,0,51,42,0,2,16,3,2,10,31,13,132,13,0,0,1,3,8,76,132,53,4,0,0,0,30,100,43,50,39,29,2,1,13,21,0,0,21,37,9,21,37,5,104,127,1,0,0,0,0,3,132,62,2,0,0,0,0,37,115,13,23,30,0,0,0,33,1,1,68,51,5,25,2,0,62,113,3,0,0,0,0,0,97,88,8,0,0,0,0,12,89,5,1,0,0,15,29,53,2,1,4,3,27,132,29,4
10,0,2,53,35,63,15,5,131,1,1,6,4,9,10,98,131,13,3,0,0,0,1,82,14,7,20,13,2,10,2,4,2,0,19,131,28,0,0,0,54,6,15,126,31,3,20,99,131,14,0,3,3,3,8,131,37,0,0,0,9,53,8,14,4,0,30,84,25,1,1,1,38,42,26,131,131,2,0,4,131,109,9,13,8,8,8,25,32,2,0,0,23,54,11,8,14,2,2,11,25,2,11,19,20,12,16,75,94,1,0,7,54,18,12,15,2,2,44,61,24,9,0,0,2,12,34,21
0,0,0,0,1,43,51,1,0,0,0,0,0,20,103,10,22,3,0,0,1,57,51,12,40,34,0,0,1,7,2,8,0,1,39,23,13,37,23,0,7,0,2,27,59,61,102,10,123,18,0,0,4,21,64,47,70,22,2,0,0,0,1,23,0,1,46,28,24,99,116,2,28,4,2,38,123,93,66,9,123,51,0,1,16,10,3,15,52,43,11,2,2,14,7,3,28,59,2,2,16,123,123,17,35,123,41,0,3,35,80,22,123,107,16,0,2,14,21,10,20,2,0,0,2,84,79,7
21,7,1,13,144,7,1,8,94,9,1,2,8,1,2,122,156,4,1,4,2,0,0,127,20,3,1,47,51,0,0,1,23,13,3,4,61,49,11,18,95,19,5,14,41,5,3,29,156,7,0,2,5,4,2,67,50,2,0,15,56,49,3,6,85,30,0,3,6,23,9,9,99,48,11,31,63,0,0,0,156,37,3,1,6,11,4,35,28,0,0,1,50,78,6,16,118,18,0,1,8,5,1,3,77,23,4,12,27,7,1,2,156,26,1,0,3,7,0,16,15,0,0,3,21,26,1,5
112,58,9,6,17,15,2,16,10,7,7,23,49,29,0,0,61,38,8,12,3,0,0,0,3,6,7,81,88,0,0,0,56,16,0,1,16,18,36,52,20,2,0,5,38,38,20,14,132,16,2,4,3,2,2,20,18,5,3,44,132,11,1,2,2,2,0,0,18,60,70,54,50,14,0,0,1,15,34,75,122,28,0,0,1,30,16,18,8,0,0,1,78,132,29,6,7,0,0,0,70,120,67,77,132,11,0,0,0,10,29,132,41,14,0,0,3,132,33,12,0,0,0,0,23,132,40,0
19,11,0,0,23,13,4,2,98,64,0,0,0,3,8,15,130,114,0,0,0,0,0,1,84,40,0,0,0,0,0,0,19,16,5,6,23,6,1,5,130,130,0,0,1,2,1,21,130,96,0,0,0,0,1,13,107,3,0,0,0,0,1,19,20,20,17,76,56,3,2,9,130,21,3,9,8,1,3,82,130,13,0,0,0,0,12,54,104,6,0,0,0,0,0,21,23,16,12,93,57,0,0,0,130,76,14,24,7,0,0,6,130,85,0,0,0,0,0,8,59,39,1,0,0,0,0,1
9,1,1,0,6,24,3,10,14,22,1,1,43,123,1,0,21,100,26,9,15,18,0,0,0,11,15,33,23,0,0,0,2,0,0,1,21,101,31,6,108,73,0,0,35,92,6,14,47,81,6,9,25,8,2,4,0,0,0,17,65,10,0,0,17,0,0,0,6,134,134,34,134,13,0,0,1,40,39,134,43,13,2,2,19,16,16,53,0,0,0,5,60,25,0,0,73,0,1,63,98,77,56,49,134,51,1,1,3,4,11,100,44,56,18,10,18,39,3,10,0,0,1,8,37,121,57,0
16,0,0,0,0,1,51,147,59,0,0,0,0,0,2,147,15,0,0,2,4,6,19,79,1,2,1,1,1,3,14,6,61,10,7,69,11,4,21,128,147,13,0,0,0,0,0,147,117,1,0,0,0,0,13,73,0,0,0,0,0,1,27,15,41,52,64,147,5,0,0,3,147,144,21,5,0,0,0,4,107,12,0,0,0,0,3,22,1,0,0,0,0,0,13,16,1,24,39,102,19,3,0,0,61,95,23,5,0,0,0,5,39,7,0,0,0,0,0,18,2,0,0,0,0,0,6,8
92,0,0,0,0,0,0,36,157,5,0,1,18,0,0,29,30,2,0,14,157,13,0,1,6,1,7,73,41,4,0,4,78,0,0,0,0,0,0,5,157,8,1,7,17,0,0,14,51,5,1,99,157,1,0,1,23,4,4,61,37,1,2,12,7,0,0,0,0,0,0,0,157,4,0,5,3,0,0,9,74,3,5,157,60,0,0,5,1,0,3,157,54,4,4,10,0,0,0,0,0,0,0,0,18,0,0,0,0,0,0,3,36,3,10,36,0,0,3,35,13,4,22,157,29,0,0,4
3,2,1,3,131,45,0,0,128,26,0,0,31,7,0,0,131,17,0,0,0,0,0,13,131,3,0,0,0,0,0,21,10,3,0,5,131,97,0,0,131,30,0,1,15,6,0,4,118,6,0,0,0,0,0,34,131,8,0,0,0,0,0,13,7,9,3,50,120,17,0,0,108,31,3,7,5,0,2,17,101,4,0,0,0,0,7,62,131,28,0,0,0,0,0,6,8,4,1,9,97,11,0,0,30,11,0,1,5,6,9,8,128,30,0,0,0,2,8,21,131,42,0,0,0,0,0,2
94,23,0,0,46,10,0,0,142,29,0,0,0,0,0,8,142,11,0,0,0,0,0,17,46,35,8,2,0,0,0,0,142,36,0,0,26,11,0,1,142,19,0,0,0,0,0,26,142,17,0,0,0,0,0,17,92,44,4,0,0,0,0,0,121,32,1,5,7,1,1,13,137,8,0,0,0,0,2,53,142,49,0,0,0,0,0,4,103,46,2,0,0,0,0,0,33,15,1,2,4,3,7,12,142,34,0,0,0,0,6,31,142,60,0,0,0,0,0,2,81,29,0,0,0,0,0,1
98,0,0,0,0,0,0,59,45,0,0,0,0,0,17,85,33,0,0,0,0,0,16,76,83,5,0,0,0,0,0,24,90,0,0,0,0,0,0,100,36,0,0,0,0,0,30,119,129,16,0,0,0,0,9,52,129,39,0,0,0,0,0,2,58,0,0,0,0,0,11,86,117,6,0,0,0,0,19,103,129,86,0,0,0,0,0,10,95,129,0,0,0,0,0,0,13,0,0,0,0,0,44,65,129,0,0,0,0,0,9,73,129,33,0,0,0,0,0,11,101,87,0,0,0,0,0,2
62,45,19,48,46,30,9,6,131,131,33,1,0,0,0,13,15,49,113,3,0,0,2,6,0,3,82,19,0,0,2,0,112,57,0,1,29,49,15,8,131,74,0,0,0,0,0,26,53,58,39,3,0,0,3,12,1,5,40,56,2,1,4,2,131,27,0,4,49,0,0,19,131,26,0,0,0,0,0,70,131,34,9,1,0,0,0,34,10,19,35,66,1,0,0,0,131,0,0,3,56,1,0,12,131,0,0,0,0,0,0,69,131,7,0,0,0,0,0,53,34,18,14,7,0,0,0,1
52,2,0,0,0,0,0,46,103,0,0,0,0,0,0,50,128,1,0,0,0,0,0,34,112,20,0,0,0,0,0,2,125,0,0,0,0,0,0,85,128,1,0,0,0,0,0,61,128,7,0,0,0,0,0,27,128,4,0,0,0,0,0,13,128,26,0,0,0,0,0,17,128,29,0,0,0,0,0,15,128,63,0,0,0,0,1,4,95,7,0,0,0,0,19,41,128,86,0,0,0,0,0,0,81,128,4,0,0,1,3,3,75,52,0,0,0,14,61,14,26,46,0,0,0,8,72,24
11,0,0,2,35,41,10,10,66,1,0,3,14,14,10,34,44,8,2,0,0,0,0,8,0,1,4,6,0,0,0,0,20,0,0,0,7,157,108,32,157,9,0,0,0,17,38,57,80,27,2,1,0,0,0,2,0,2,3,15,4,0,0,0,157,6,0,0,41,157,70,84,157,24,0,0,0,0,5,31,100,11,2,1,0,0,0,6,0,0,3,12,0,0,0,0,157,41,0,0,15,83,27,65,157,71,0,0,0,0,0,2,66,22,2,0,0,0,0,0,0,1,2,3,0,0,0,0
36,9,0,0,0,0,0,6,33,0,0,0,0,0,1,20,4,0,0,0,0,1,14,20,0,0,0,0,0,2,24,17,113,20,0,0,2,0,6,66,142,20,0,2,3,0,4,68,38,6,2,20,48,15,69,50,0,0,14,9,10,37,142,68,125,38,0,0,2,0,2,30,142,29,0,1,2,0,0,40,60,40,84,50,43,2,2,9,0,46,142,39,16,9,22,1,68,17,0,1,1,0,8,25,142,24,0,0,0,1,67,68,90,66,39,1,0,0,122,110,7,47,80,7,30,17,40,55
2,4,1,0,56,160,19,0,53,38,1,0,2,31,30,20,86,14,0,0,0,1,3,31,14,0,0,0,3,21,10,24,24,16,3,1,38,68,3,10,90,88,9,0,1,0,0,5,48,33,13,2,2,7,3,7,8,0,0,0,30,117,4,4,47,12,28,14,20,7,1,12,127,10,8,0,0,0,4,32,16,2,2,1,10,51,21,16,0,0,0,1,91,144,3,0,4,15,160,25,1,0,0,0,20,12,160,93,0,0,2,7,1,0,157,139,15,28,11,4,0,1,36,60,68,46,0,0
0,22,121,32,74,12,0,0,49,16,28,14,20,6,0,3,176,7,0,0,0,0,0,7,50,1,0,0,0,0,0,0,0,0,0,32,157,19,0,0,65,1,1,10,61,48,2,15,176,4,0,0,2,6,1,25,66,1,0,0,0,0,0,1,0,0,2,34,163,24,0,0,79,7,3,42,77,22,0,3,176,18,0,2,3,1,0,3,64,2,0,0,0,0,0,1,0,0,2,42,73,6,0,0,58,0,1,10,73,30,0,5,176,6,0,0,2,2,0,5,40,1,0,0,0,0,0,1
1,2,17,69,95,47,34,3,88,34,17,9,1,4,57,48,159,83,8,5,0,0,9,26,7,16,16,25,0,0,0,1,0,1,51,159,28,5,10,1,103,36,65,105,18,1,0,0,159,33,5,12,1,0,0,9,23,4,3,72,8,0,0,0,0,0,1,23,15,28,127,34,70,3,3,37,50,58,33,7,159,2,0,2,2,1,0,29,43,0,0,34,6,0,0,5,0,0,33,66,2,5,56,18,63,4,8,10,0,12,29,18,159,2,0,0,0,0,0,27,49,0,0,2,0,0,0,6
108,49,3,0,0,0,0,6,139,42,0,0,0,0,0,24,87,78,0,0,0,0,0,3,68,45,1,0,0,0,0,4,110,32,1,0,0,0,0,6,139,30,0,0,0,0,0,16,139,16,0,0,0,0,0,17,106,25,0,0,0,0,0,10,107,59,0,0,0,0,0,4,139,51,0,0,0,0,0,18,125,2,0,0,0,0,0,56,139,29,0,0,0,0,0,24,82,38,0,0,0,0,0,10,139,18,0,0,0,0,0,37,64,0,0,0,0,0,3,76,139,0,0,0,0,0,0,49
0,0,1,1,3,36,32,0,0,0,0,0,0,13,88,16,3,0,1,4,1,0,18,39,0,0,2,13,0,0,0,1,0,0,0,0,90,129,64,8,17,0,0,0,2,21,147,79,119,6,0,0,0,0,32,120,18,4,4,6,0,0,0,5,11,2,0,0,147,73,4,5,98,27,0,0,7,7,18,26,147,62,0,0,0,0,2,14,24,9,1,1,8,71,0,0,23,2,0,0,147,44,0,2,129,28,0,0,2,1,0,1,147,46,0,0,1,47,2,1,7,1,0,0,22,147,2,0
8,15,14,25,73,35,4,3,126,41,54,27,49,40,5,12,126,39,5,0,0,0,0,38,9,2,0,0,0,0,0,4,15,4,6,18,71,108,29,26,119,92,65,8,6,4,8,43,126,116,18,0,0,0,0,26,13,4,0,0,0,0,0,5,27,14,101,126,50,35,14,24,126,84,77,15,0,0,3,62,126,65,2,0,0,0,0,13,8,4,0,0,0,0,0,0,0,3,100,97,0,0,0,0,14,70,126,21,0,0,0,0,20,57,18,0,0,0,0,0,2,2,0,0,0,0,0,0
0,0,0,0,1,58,60,8,2,0,0,0,2,112,91,49,46,0,0,0,0,3,32,130,12,0,0,0,0,0,0,11,4,0,0,1,8,79,83,64,34,7,5,13,48,130,47,47,130,18,2,1,2,12,20,130,57,0,0,0,0,1,0,14,28,64,30,6,6,11,14,37,23,66,130,63,32,20,2,3,130,120,44,5,1,2,15,35,42,1,0,0,0,0,26,51,15,44,22,3,2,8,31,24,8,23,46,5,1,29,59,22,11,12,12,1,0,69,101,29,2,1,0,0,0,2,98,126
137,62,0,0,0,0,0,1,110,14,0,0,0,0,0,4,101,39,0,0,0,0,0,1,108,66,0,0,4,10,0,1,137,40,0,0,0,0,0,17,137,3,0,0,0,0,0,26,137,92,0,0,0,0,0,1,56,90,1,9,60,18,0,1,103,6,0,0,0,0,1,41,137,2,0,0,0,0,0,71,137,12,0,0,0,0,0,8,87,9,1,23,29,0,0,3,72,0,0,0,0,0,0,13,137,0,0,0,0,0,0,28,137,0,0,0,0,0,0,16,87,2,0,1,0,0,0,5
69,102,4,0,0,0,0,0,131,64,0,0,0,0,0,8,109,16,0,0,0,0,0,8,76,84,2,0,0,0,0,0,131,27,0,0,0,0,0,0,118,11,0,0,0,0,0,35,131,25,0,0,0,0,0,29,131,46,0,0,0,0,0,0,131,19,0,0,0,0,0,0,110,10,0,0,0,0,0,4,131,31,0,0,0,0,0,3,131,23,0,0,0,0,0,0,131,14,0,0,0,0,0,0,90,10,0,0,0,0,0,0,131,42,0,0,0,0,0,0,131,27,0,0,0,0,0,0
0,0,0,0,0,1,124,147,0,0,0,0,2,7,49,82,0,0,0,0,1,5,11,7,0,0,0,0,1,7,4,1,47,34,18,9,0,0,83,147,147,31,0,0,0,0,41,147,41,0,0,0,1,7,10,23,0,0,0,0,1,9,15,1,74,147,70,31,0,0,0,8,147,147,2,0,0,0,0,17,53,9,0,0,0,9,3,6,0,0,0,0,0,18,3,0,10,96,147,45,0,0,0,0,34,125,27,0,0,1,1,0,7,7,0,0,0,13,1,0,0,0,0,0,1,31,0,0
22,0,0,0,0,0,13,85,96,1,0,0,0,0,4,101,142,0,0,0,0,0,0,19,142,0,0,0,0,0,0,7,43,0,0,0,0,0,3,42,142,15,0,0,0,0,0,40,142,8,0,0,0,0,0,6,142,0,0,0,0,0,0,8,52,1,0,0,0,0,0,6,142,3,0,0,0,0,0,18,142,1,0,0,0,0,0,10,142,0,0,0,0,0,0,8,40,12,0,0,0,0,0,0,142,11,0,0,0,0,0,25,142,0,0,0,0,0,0,21,142,0,0,0,0,0,0,6
89,0,0,0,0,0,0,40,93,0,0,0,0,0,0,46,126,0,0,0,0,0,0,99,80,3,0,0,0,0,0,50,126,0,0,0,0,0,0,60,95,5,0,0,0,0,0,34,126,10,0,0,0,0,0,73,126,10,0,0,0,0,0,41,126,0,0,0,0,0,0,61,126,26,0,0,0,0,0,31,126,60,0,0,0,0,0,13,126,25,0,0,0,0,0,28,99,0,0,0,0,0,0,45,126,1,0,0,0,0,0,56,126,8,0,0,0,0,0,54,106,33,0,0,0,0,0,21
32,0,0,0,0,0,0,19,143,23,0,0,0,0,0,21,143,20,0,0,0,0,0,1,143,7,0,0,0,0,0,0,49,6,0,0,0,0,0,1,143,19,0,0,0,0,0,3,143,11,0,0,0,0,0,1,143,9,0,0,0,0,0,0,55,23,0,0,0,0,0,0,143,21,0,0,0,0,0,15,143,5,0,0,0,0,0,8,143,10,0,0,0,0,0,0,66,5,0,0,0,0,0,0,143,8,0,0,0,0,0,4,143,5,0,0,0,0,0,8,143,7,0,0,0,0,0,0
134,0,0,0,0,0,0,42,134,21,0,0,0,0,0,25,134,15,0,0,0,0,0,57,47,0,0,0,0,0,0,13,134,57,0,0,0,0,0,13,134,43,0,0,0,0,0,20,134,77,1,0,0,0,0,22,71,4,0,0,0,0,0,9,134,64,0,0,0,0,0,11,134,67,0,0,0,0,3,31,96,12,1,0,0,0,15,112,81,1,0,0,0,0,0,39,134,9,0,0,0,0,0,47,110,41,6,0,0,0,0,32,66,61,18,0,0,0,1,16,84,12,0,0,0,0,2,14
42,11,0,0,0,0,0,14,138,106,0,0,0,0,0,116,70,49,0,0,0,0,1,39,0,0,0,0,0,0,0,1,39,9,0,0,0,0,0,12,138,97,0,0,0,4,13,113,112,25,0,0,0,57,135,63,0,0,0,0,0,4,66,86,18,1,0,0,0,0,0,17,92,11,0,0,0,14,97,138,11,2,0,0,0,138,138,89,0,0,0,0,0,10,84,138,0,0,0,0,0,0,2,3,0,0,0,0,0,1,17,16,0,0,0,0,0,12,28,5,0,0,0,0,0,0,2,3
0,6,1,0,0,0,0,0,0,16,17,1,0,0,0,0,0,4,29,13,0,0,0,0,0,3,17,4,0,0,0,0,18,17,0,0,0,0,0,1,92,139,97,14,0,0,0,11,11,72,139,139,0,0,0,2,0,62,139,103,1,0,0,0,33,13,0,0,0,0,0,9,139,136,15,4,0,0,0,92,107,60,139,59,0,0,0,23,0,35,121,112,6,0,0,0,2,13,0,0,0,0,0,0,51,139,8,0,0,0,0,2,32,61,2,0,0,0,0,1,0,0,1,9,1,0,0,0
91,48,0,0,0,0,0,2,132,71,0,0,0,0,0,2,132,31,0,0,0,0,0,9,67,40,0,0,0,0,1,18,132,7,0,0,0,0,0,18,132,67,0,0,0,0,0,12,117,69,1,0,0,0,2,21,62,10,2,0,0,0,8,68,132,0,0,0,0,0,0,27,132,6,0,0,0,0,0,61,126,39,8,0,0,0,0,37,51,57,18,0,0,0,0,7,132,0,0,0,0,0,0,21,132,0,0,0,0,0,0,62,117,3,0,0,0,0,0,112,40,7,1,0,0,0,0,41
126,79,0,0,0,0,0,0,126,94,5,0,0,0,0,13,126,61,1,0,0,0,0,11,27,2,0,0,0,0,0,2,126,126,0,0,0,0,0,4,118,44,5,0,0,0,8,87,126,13,0,0,0,0,2,77,38,3,0,0,0,0,0,2,126,32,2,0,0,0,0,38,75,95,49,0,0,0,0,14,126,74,7,0,0,0,1,16,42,2,0,0,0,0,2,6,126,2,0,0,0,0,0,93,116,16,4,0,0,0,0,73,47,12,1,0,0,0,16,62,34,2,0,0,0,0,17,45
44,16,0,0,0,0,1,9,41,6,0,0,0,0,1,23,15,0,0,0,0,0,0,2,56,2,0,0,0,0,0,8,33,20,5,0,0,0,0,9,55,22,4,0,0,0,0,12,25,1,0,0,0,0,1,4,62,1,0,0,0,0,0,5,52,4,1,0,0,0,0,40,24,7,1,0,0,0,4,25,16,1,0,0,0,2,16,25,41,7,0,0,31,194,39,9,43,0,0,0,0,0,1,35,9,1,0,0,1,45,63,33,5,1,0,0,0,178,195,9,3,0,0,0,211,211,155,5
79,0,0,0,0,0,0,46,104,1,0,0,0,0,0,87,139,0,0,0,0,0,0,23,139,0,0,0,0,0,0,8,78,0,0,0,0,0,0,37,139,14,0,0,0,0,0,29,139,11,0,0,0,0,0,7,139,2,0,0,0,0,0,10,82,0,0,0,0,0,0,14,139,1,0,0,0,0,0,29,139,31,0,0,0,0,0,16,127,24,0,0,0,0,0,12,47,0,0,0,0,0,7,43,139,0,0,0,0,0,0,36,139,4,0,0,0,0,0,100,73,7,0,0,0,0,0,50
52,3,0,0,0,0,0,0,136,3,0,0,0,0,0,21,136,3,0,0,0,0,0,68,136,9,0,0,0,0,0,7,71,4,0,0,0,0,0,3,132,4,0,0,0,0,0,19,136,32,0,0,0,0,0,21,136,31,0,0,0,0,0,0,73,1,0,0,0,0,3,42,123,4,0,0,0,0,2,28,136,14,0,0,0,0,0,11,136,49,0,0,0,0,0,17,19,0,0,0,0,0,8,78,95,0,0,0,0,0,6,94,136,2,0,0,0,0,0,55,136,4,0,0,0,0,0,77
29,21,0,0,0,0,0,0,38,18,0,0,0,0,0,0,52,15,0,0,0,0,0,1,43,4,0,0,0,0,0,4,43,21,0,0,0,0,0,5,30,11,0,0,0,0,0,7,69,6,0,0,0,0,0,11,51,5,0,0,0,0,0,5,58,7,0,0,0,0,0,11,23,18,1,0,0,0,2,4,56,12,0,0,0,0,4,17,33,2,0,0,0,6,10,15,21,4,0,0,0,38,229,20,7,3,0,0,0,21,229,25,5,0,0,0,0,31,229,33,3,0,0,0,0,131,229,18
4,0,1,29,39,6,21,49,19,0,0,0,1,0,11,137,49,15,1,0,0,0,2,85,7,20,23,1,1,0,0,6,4,1,25,85,62,2,8,36,45,5,34,48,10,0,11,104,137,50,3,1,0,0,3,54,31,48,38,0,0,0,0,0,12,9,86,57,7,8,15,54,65,13,25,61,46,45,13,12,137,45,0,2,3,1,0,6,52,35,3,0,0,0,0,0,0,0,116,137,1,2,1,1,24,43,137,137,6,13,3,2,137,137,48,3,0,0,0,1,19,25,2,0,0,0,0,0
128,142,49,0,0,0,0,32,59,0,0,0,0,0,0,37,24,3,0,0,0,0,0,0,22,16,0,0,0,0,0,0,142,142,91,0,0,0,0,32,142,8,0,0,0,0,0,62,94,21,0,0,0,0,0,1,50,72,5,1,1,0,0,0,83,97,61,10,0,0,0,1,142,65,28,5,0,0,0,9,113,53,5,0,0,0,0,1,62,31,2,0,1,2,1,4,115,77,23,6,0,0,0,0,39,142,73,3,0,0,0,0,18,72,47,0,0,0,0,0,24,44,9,0,0,0,0,0
39,35,0,0,73,76,0,0,53,67,9,11,30,16,1,6,38,0,0,3,15,13,11,102,56,2,0,0,0,0,13,72,101,27,7,84,50,18,1,8,75,25,2,11,92,87,4,13,123,13,0,3,27,34,4,26,112,20,0,0,0,0,0,26,31,8,10,123,88,1,2,7,41,12,7,66,85,31,18,15,123,80,7,19,28,7,0,15,89,60,18,2,0,0,0,3,1,0,3,107,123,3,4,2,7,94,35,43,57,23,31,8,16,123,28,0,6,4,0,0,4,59,47,25,0,0,0,0
0,0,0,0,35,95,20,2,13,11,6,1,80,119,9,6,73,24,26,9,12,18,15,119,47,0,0,0,1,0,15,119,0,0,0,16,87,100,26,2,30,7,1,42,108,60,4,43,64,18,11,32,44,5,15,94,14,1,0,24,44,6,68,119,0,0,0,35,106,3,0,0,24,10,3,72,119,0,0,4,119,40,5,26,56,11,3,16,53,12,0,26,119,18,5,19,0,0,3,92,37,1,0,0,5,4,30,118,29,0,0,0,34,8,11,45,31,16,6,16,69,9,0,7,81,20,2,1
1,0,0,0,126,52,0,0,95,19,1,1,62,13,0,14,28,10,4,10,10,2,7,67,8,0,0,0,1,1,36,106,8,1,0,6,126,80,0,0,126,60,3,3,45,15,0,7,34,22,6,14,109,42,5,15,75,0,0,0,11,11,7,65,7,1,24,126,98,12,0,0,126,11,26,69,21,8,2,47,38,2,3,45,122,39,3,22,110,3,1,13,14,4,0,39,0,0,30,126,5,0,0,0,24,5,32,126,43,1,2,9,23,6,6,58,44,23,22,15,56,80,2,15,20,6,1,9
49,0,0,0,3,3,18,118,85,3,1,0,0,0,3,127,16,4,8,0,14,17,13,76,0,0,1,8,127,65,4,1,127,1,0,1,8,7,2,54,127,11,0,0,0,0,0,40,41,3,0,1,13,22,20,46,0,0,9,44,127,55,6,0,127,78,3,18,15,2,0,48,127,124,43,4,0,0,0,17,23,9,25,16,8,4,1,2,1,4,17,51,44,2,0,0,78,127,4,2,9,4,1,0,27,127,66,16,0,0,0,0,0,2,81,63,0,0,0,0,0,9,91,29,4,0,0,0
26,199,199,0,0,0,0,0,91,199,24,0,0,0,0,21,35,0,0,0,0,0,0,27,16,0,0,0,0,0,0,1,20,199,199,0,0,0,0,1,50,98,25,0,0,0,0,8,93,4,0,0,0,0,0,25,38,2,0,0,0,0,0,2,46,22,1,0,0,0,0,1,38,47,27,3,0,0,0,0,63,24,15,3,0,0,0,3,39,14,1,0,0,0,0,1,34,25,6,0,0,0,0,0,62,26,7,2,0,0,0,0,14,57,25,2,0,0,0,0,4,27,16,0,0,0,0,0
0,0,68,68,5,20,28,0,0,8,70,92,18,16,9,0,60,120,57,23,1,0,0,0,120,81,0,0,0,0,0,0,6,0,3,4,2,62,120,15,103,50,9,6,8,22,57,43,70,120,29,1,0,0,2,8,120,42,0,0,0,0,0,2,13,21,120,59,0,9,30,9,120,91,62,8,0,0,6,38,94,27,11,0,0,0,14,46,120,8,0,0,0,0,0,16,0,4,108,82,12,7,0,0,3,49,83,18,2,0,0,0,42,44,25,1,0,0,0,1,101,25,0,0,0,0,0,11
38,0,0,0,35,82,4,10,62,38,0,0,52,116,1,1,71,88,0,1,12,35,2,0,5,4,0,0,5,35,27,23,15,0,0,0,52,119,17,11,119,51,0,0,34,57,2,13,70,26,0,0,61,119,8,4,58,4,0,0,18,74,33,49,5,1,19,63,61,63,5,4,119,26,21,8,13,24,7,67,27,10,19,30,87,75,7,19,61,62,24,9,19,15,2,7,0,1,119,119,8,0,0,0,20,45,119,47,1,0,0,3,5,15,119,50,5,0,0,1,2,30,119,9,0,0,0,0
3,1,0,22,124,32,2,3,82,73,5,12,84,8,0,0,79,52,0,0,3,10,16,10,8,0,0,0,3,10,24,15,9,0,0,12,124,62,1,8,124,40,0,1,76,33,0,8,50,19,0,1,69,77,24,10,33,0,0,0,4,22,37,87,18,0,0,0,124,75,6,17,124,1,0,0,70,27,2,45,44,2,1,4,124,101,12,18,93,12,1,2,24,29,20,89,4,0,3,22,83,57,9,8,86,11,8,5,38,19,8,115,23,17,31,32,83,20,8,36,38,62,42,12,10,1,0,3
60,1,5,64,15,18,11,80,134,5,1,2,0,0,2,134,43,5,15,10,3,40,10,30,2,7,16,29,13,26,9,1,10,6,33,134,35,0,1,19,134,63,12,51,13,2,5,120,104,4,0,0,12,80,17,37,49,16,0,0,2,18,8,10,6,7,15,112,93,0,3,7,127,52,25,62,28,1,24,63,69,12,1,0,3,27,59,61,87,16,0,0,0,2,1,11,61,18,31,56,7,0,0,16,6,7,87,134,4,0,4,12,72,53,37,18,0,0,6,16,50,27,0,0,0,0,0,2
24,103,3,1,5,41,10,1,14,11,0,0,0,20,34,48,28,21,0,0,0,6,9,13,17,22,2,3,22,13,1,0,27,19,0,0,26,118,33,15,118,14,0,0,0,32,40,81,56,32,0,0,0,24,63,13,7,4,0,0,13,110,87,3,21,45,38,30,55,78,6,5,118,75,10,1,8,29,24,21,14,0,0,0,11,118,118,7,0,7,4,0,1,118,118,0,1,16,118,53,2,0,0,0,7,23,113,57,23,9,1,0,0,3,76,82,57,58,6,0,0,118,96,9,8,39,4,0
2,0,0,16,10,1,6,4,19,82,2,0,0,0,1,3,2,137,50,0,0,0,0,0,0,103,137,3,0,0,0,0,19,4,0,74,65,0,0,2,137,137,1,2,3,0,0,11,53,137,15,0,0,0,0,4,0,36,19,0,0,0,0,0,14,1,0,41,137,1,0,3,137,17,0,8,10,0,0,112,137,15,0,0,0,0,0,68,3,1,1,0,0,0,0,0,1,1,5,45,79,0,0,0,137,64,12,19,6,0,0,24,137,35,0,0,0,0,0,20,4,1,1,0,0,0,0,0
104,1,0,2,92,23,1,61,159,1,0,2,7,0,0,159,27,1,0,39,153,5,0,9,0,0,0,10,40,3,0,0,53,15,5,8,47,21,8,29,159,19,1,5,5,3,0,93,90,7,1,45,84,32,0,7,0,0,0,7,9,1,0,0,83,55,7,20,5,3,5,5,159,71,3,8,6,19,5,23,53,1,0,0,29,95,7,15,0,0,0,0,0,1,0,0,90,53,2,3,1,0,2,3,159,62,0,1,2,36,13,7,11,0,0,0,8,32,11,3,0,0,0,0,0,0,0,0
0,0,0,2,2,0,0,0,28,0,0,5,3,0,0,12,70,11,21,9,0,0,0,21,0,75,74,5,0,0,0,0,0,0,0,83,44,0,0,0,151,9,6,120,42,0,0,37,178,43,27,8,0,0,0,89,36,79,56,2,0,0,0,1,0,0,0,54,79,13,0,0,84,57,25,104,29,2,0,2,178,117,9,6,0,0,0,14,71,6,0,0,0,0,0,2,0,0,0,0,38,54,2,0,70,14,3,3,4,9,5,29,178,25,0,0,0,0,0,102,50,1,0,0,0,0,0,24
1,0,1,2,77,33,2,5,22,9,2,3,41,12,0,5,133,117,0,0,0,0,0,6,133,80,0,0,0,0,0,1,6,10,14,11,42,32,4,10,50,14,22,60,37,3,0,10,133,59,0,3,2,0,0,45,133,20,0,0,0,0,0,28,80,30,9,21,25,6,2,5,49,42,28,133,51,0,0,1,133,104,12,18,4,0,0,18,133,69,0,0,0,0,0,10,108,33,1,25,55,0,0,1,40,69,27,47,20,0,0,0,34,133,23,5,0,0,0,0,40,87,4,0,0,0,0,0
0,0,0,7,21,37,11,0,1,0,1,3,41,52,30,5,4,7,10,14,26,24,1,1,6,15,13,45,11,1,0,0,7,0,0,2,84,148,69,10,148,15,4,2,6,80,120,91,50,19,24,36,29,5,1,8,37,22,11,25,8,0,0,2,37,18,3,34,148,113,8,5,148,80,3,7,22,19,16,36,54,4,0,1,29,25,39,25,61,2,0,3,8,8,5,26,51,12,2,55,148,14,0,2,148,61,2,6,43,18,4,6,13,2,0,0,28,51,73,49,48,0,0,0,2,32,17,57
2,1,1,3,34,48,31,8,5,10,14,21,26,25,1,0,10,27,20,55,11,1,0,0,0,0,3,136,103,0,0,0,136,21,5,3,3,37,88,83,40,22,29,47,37,6,1,4,55,38,16,31,10,0,0,1,4,5,8,136,130,0,0,0,136,72,2,2,5,8,14,34,39,3,0,1,41,31,39,24,99,5,1,4,10,8,5,36,20,2,2,53,136,34,2,8,136,60,2,2,23,22,10,4,13,0,0,0,15,44,90,59,81,2,0,0,1,35,17,59,7,0,0,0,61,136,7,5
10,10,7,66,31,0,1,7,41,19,19,37,31,2,4,19,18,56,57,142,142,5,3,6,142,142,43,30,13,0,0,15,6,0,0,19,41,12,32,100,14,0,0,8,50,22,47,29,51,44,38,40,35,11,34,23,64,107,25,5,0,0,0,13,4,0,0,0,3,5,52,142,11,4,0,0,26,20,40,66,106,15,0,0,2,1,3,31,48,1,0,0,0,0,8,41,17,0,0,0,0,0,4,142,5,0,0,0,0,0,25,142,19,0,0,0,0,0,23,129,5,0,0,0,0,0,48,54
63,127,1,0,0,0,0,0,122,127,0,0,0,1,9,8,27,36,2,0,2,56,36,9,0,5,13,18,21,57,6,0,86,127,0,0,0,0,0,1,60,43,7,1,0,4,36,21,53,31,12,0,0,20,41,22,5,22,27,19,20,109,56,3,66,117,5,0,0,0,0,0,8,52,85,3,0,0,3,1,27,30,63,45,30,30,17,11,2,6,62,127,85,127,92,3,79,59,1,0,0,0,0,0,18,55,28,0,0,0,0,0,4,36,60,37,4,0,0,0,1,20,127,127,13,1,0,0
95,0,0,0,7,3,0,23,138,0,0,0,0,0,0,42,138,2,0,0,0,0,0,35,36,1,0,0,0,0,0,8,127,22,0,0,7,3,0,9,138,30,0,0,0,0,0,12,138,4,0,0,0,0,0,47,91,0,0,0,0,0,0,54,138,33,0,0,2,1,0,3,138,40,0,0,0,0,0,6,136,1,0,0,0,0,0,63,74,0,0,0,0,0,0,80,137,1,0,0,0,0,0,38,138,4,0,0,0,0,3,64,48,0,0,0,0,0,5,90,87,0,0,0,0,0,0,48
14,21,5,0,0,0,0,0,11,36,41,34,3,0,0,0,65,128,16,5,0,0,0,0,12,108,69,0,0,0,0,0,101,67,4,1,1,2,3,6,59,36,25,34,32,59,16,14,128,54,4,6,6,9,2,45,101,42,13,0,0,0,0,18,86,114,11,21,18,2,1,1,49,21,5,41,80,35,7,7,128,31,0,0,1,3,1,36,128,20,1,0,0,0,0,43,99,90,8,33,26,0,0,0,29,6,4,86,128,0,0,9,128,0,0,2,7,0,0,69,107,0,0,0,0,0,0,94
83,43,48,1,0,0,0,3,0,13,116,6,1,1,0,0,1,20,74,1,0,0,1,0,0,2,5,0,0,0,0,0,124,101,18,14,9,0,0,0,5,6,24,26,61,14,6,2,47,24,9,0,4,5,7,6,2,4,0,0,0,0,0,0,62,29,2,7,11,9,126,126,8,0,0,12,81,70,126,19,67,9,0,0,7,12,84,89,3,1,0,0,0,0,2,4,0,0,126,78,1,4,126,66,0,11,126,23,2,28,126,20,0,17,111,0,0,4,126,73,0,0,1,0,0,0,3,3
0,0,4,3,0,0,3,0,0,6,126,68,0,21,115,0,2,33,126,15,0,13,126,21,1,5,126,69,0,0,126,72,0,0,3,4,3,1,0,0,8,14,91,90,66,8,0,0,82,72,126,16,7,0,0,14,11,9,126,123,67,31,2,7,0,0,0,0,2,3,0,0,4,5,6,6,49,23,8,0,59,14,6,2,5,6,25,26,9,0,0,0,126,95,19,14,0,0,0,0,0,2,4,0,0,0,1,0,1,21,70,1,1,1,0,0,0,15,115,4,0,0,0,4,77,41,50,1
64,11,0,0,22,49,7,4,43,0,0,0,8,51,35,45,86,0,0,0,0,0,1,26,8,1,1,2,0,0,0,0,39,18,0,0,110,139,10,8,139,2,0,0,23,67,23,83,139,4,0,0,0,0,0,14,18,2,1,0,0,0,0,1,39,38,0,0,127,139,11,8,139,139,2,0,12,35,8,26,124,39,5,0,0,0,0,11,15,0,0,0,0,0,0,6,34,139,3,1,34,88,2,0,57,139,13,2,1,1,0,0,7,28,16,18,3,0,0,1,1,0,0,0,0,0,0,1
0,0,0,0,0,122,44,0,0,1,3,1,0,122,104,0,0,0,4,6,9,96,71,0,7,0,0,0,3,22,21,33,4,0,2,7,8,122,19,3,60,34,26,11,1,36,15,11,7,11,33,114,46,7,1,0,14,2,6,35,27,7,6,33,13,14,33,88,20,16,0,2,122,21,7,42,13,0,0,29,62,35,100,122,13,0,0,5,5,8,122,122,7,0,0,2,46,17,11,81,28,0,0,1,99,9,5,91,31,0,0,46,84,26,44,10,0,0,4,122,2,1,108,45,0,0,5,31
2,0,0,0,0,32,146,40,34,7,0,0,0,8,125,80,15,17,9,0,0,4,33,43,5,1,2,0,0,0,4,100,49,14,21,20,14,29,106,48,146,47,4,0,0,0,25,71,63,43,35,32,0,0,0,3,3,0,8,23,0,0,0,31,28,20,99,126,13,2,0,0,146,25,15,12,3,0,0,45,141,10,14,56,0,0,0,23,0,0,4,83,0,0,0,0,2,0,6,35,27,45,54,3,146,1,1,7,10,12,6,64,146,0,1,9,0,0,0,55,2,0,7,51,0,0,0,1
44,53,2,0,0,0,0,2,141,57,0,0,0,0,0,3,141,68,0,0,0,0,0,5,74,38,5,2,0,0,0,4,108,51,0,0,0,0,0,3,141,51,0,0,0,0,0,10,141,17,0,0,0,0,0,25,112,32,0,0,0,0,0,6,134,20,0,0,0,0,0,6,141,23,0,0,0,0,0,6,141,12,0,0,0,0,0,14,117,1,0,0,0,0,0,28,98,26,0,0,0,0,0,1,118,56,0,0,0,0,0,3,141,19,0,0,0,0,0,26,65,0,0,0,0,0,0,57
0,0,0,0,0,75,102,10,50,0,0,0,0,26,67,130,28,0,0,0,0,0,0,26,0,0,0,0,0,3,0,0,10,24,34,14,15,71,64,27,130,67,29,9,7,28,23,83,99,4,0,0,0,0,3,36,0,0,0,0,0,1,0,1,13,47,54,9,1,10,80,35,53,49,41,5,0,28,117,64,22,3,0,0,0,0,74,130,0,0,0,0,0,0,11,63,41,1,0,0,0,17,130,130,94,45,11,1,0,15,101,75,13,16,21,6,0,0,19,130,2,0,0,0,0,0,14,130
21,0,0,0,0,0,4,82,101,0,0,0,0,0,0,92,142,0,0,0,0,0,0,17,142,0,0,0,0,0,0,4,44,0,0,0,0,0,1,37,142,8,0,0,0,0,0,32,142,6,0,0,0,0,0,3,142,0,0,0,0,0,0,4,56,3,0,0,0,0,0,3,142,3,0,0,0,0,0,11,142,1,0,0,0,0,0,8,142,0,0,0,0,0,0,4,46,9,0,0,0,0,0,0,142,7,0,0,0,0,0,15,142,0,0,0,0,0,0,15,142,0,0,0,0,0,0,3
33,14,0,0,0,0,0,2,33,6,0,0,0,0,0,9,15,1,0,0,0,0,0,1,45,1,0,0,0,0,0,2,32,15,0,0,0,0,0,4,36,16,0,0,0,0,0,6,22,1,0,0,0,0,0,3,52,1,0,0,0,0,0,2,43,2,0,0,0,0,0,22,19,5,0,0,0,0,1,19,11,0,0,0,0,5,13,19,23,1,0,0,12,234,74,7,28,0,0,0,0,4,4,22,4,0,0,0,0,53,86,18,1,0,0,0,4,148,184,5,0,0,0,0,234,234,91,1
133,55,0,0,0,0,0,0,105,118,0,0,0,0,0,0,88,48,1,0,0,0,0,16,83,17,0,0,0,0,0,9,133,45,0,0,0,0,0,0,133,55,2,0,0,0,0,5,58,87,17,0,0,0,0,4,83,43,0,0,0,0,0,4,133,16,0,0,0,0,0,17,133,6,0,0,0,0,0,43,102,23,2,0,0,0,0,31,37,10,0,0,0,0,0,43,133,5,0,0,0,0,0,26,133,1,0,0,0,4,9,44,44,0,0,0,0,25,123,73,10,0,0,0,0,38,133,33
4,0,0,0,0,2,27,37,0,0,0,0,0,3,71,27,1,1,0,0,0,0,24,28,1,4,1,0,0,0,0,1,1,0,0,0,0,86,155,19,14,2,1,0,0,64,155,68,132,5,0,0,0,1,92,155,30,1,0,0,0,0,0,16,26,18,2,0,19,109,78,3,88,66,38,11,0,21,71,20,155,122,4,0,0,0,8,43,50,11,0,0,0,0,0,2,22,69,20,2,17,26,1,1,119,30,7,3,13,34,11,33,155,42,0,0,0,0,1,40,22,3,0,0,0,0,0,2
0,1,26,49,7,2,35,33,91,3,17,7,0,0,26,149,151,16,0,0,0,0,0,106,23,25,0,0,0,0,0,2,8,28,77,34,8,3,18,26,76,21,79,45,35,5,1,46,151,58,11,1,0,0,0,108,63,15,0,0,0,0,0,4,3,97,151,15,0,0,1,4,9,53,151,65,6,0,0,1,95,151,120,2,0,0,0,3,23,25,1,2,0,0,0,0,0,16,46,1,0,0,0,0,0,3,65,6,0,0,0,0,0,18,29,0,0,0,0,0,0,2,1,4,0,0,0,0
38,4,0,0,0,0,0,1,55,15,0,0,0,0,0,0,54,11,0,0,0,0,0,0,51,5,0,0,0,0,0,1,57,6,0,0,0,0,0,1,75,18,0,0,0,0,0,2,50,11,0,0,0,0,0,5,56,1,0,0,0,0,0,11,58,1,0,0,0,0,0,12,75,1,0,0,0,0,0,23,44,6,0,0,0,0,9,10,40,3,0,0,0,2,27,15,21,0,0,0,0,31,75,26,25,0,0,0,0,113,234,27,10,0,0,0,0,157,234,15,1,0,0,0,0,89,234,26
4,6,2,0,31,115,22,0,44,44,17,4,5,38,57,6,138,99,10,3,0,3,17,29,54,17,0,0,0,0,0,3,5,46,25,12,57,40,8,2,63,60,20,3,23,89,17,19,138,38,0,0,2,12,5,58,48,5,0,0,0,0,0,8,2,32,10,4,51,76,23,2,27,138,59,0,4,79,21,3,138,114,21,1,1,3,1,67,33,0,0,0,0,0,0,81,3,138,36,2,21,21,0,0,0,138,59,1,1,4,4,0,7,25,17,8,32,18,10,36,9,0,0,0,4,7,16,138
22,19,0,0,95,90,0,0,59,48,4,3,14,9,2,23,38,0,0,0,4,4,13,126,44,2,1,0,0,0,12,72,68,28,7,68,76,30,0,3,63,33,3,5,64,61,5,10,126,4,0,1,17,24,6,53,126,8,0,0,0,0,0,51,16,9,14,126,69,1,1,2,25,15,6,47,79,27,8,4,126,90,5,11,18,4,0,5,93,58,13,1,0,0,0,2,0,0,3,125,126,2,1,0,2,97,44,56,62,19,11,0,15,126,30,1,3,1,0,0,4,54,52,24,0,0,0,0
3,0,10,11,59,117,9,2,93,23,0,2,24,81,29,18,54,17,0,0,42,67,10,19,9,36,4,1,49,97,13,2,15,4,6,12,117,117,6,3,117,26,5,2,25,37,7,18,50,13,0,0,68,117,6,9,42,90,2,1,26,43,4,1,3,9,78,75,57,14,0,0,62,28,52,44,31,44,12,11,72,12,0,1,38,117,13,16,79,28,0,0,18,78,11,11,0,3,101,54,3,0,0,0,0,0,64,117,45,11,0,0,37,20,102,84,23,22,2,13,27,17,56,22,21,22,3,11
2,0,0,1,5,120,120,8,12,1,0,0,0,37,120,61,2,0,0,0,4,84,93,30,33,3,1,1,1,8,29,60,28,5,15,81,25,49,32,14,120,26,11,37,9,5,23,38,29,8,7,113,58,49,38,26,120,8,2,17,5,5,12,95,81,16,9,66,44,0,1,8,120,11,5,50,39,0,0,19,53,9,9,120,56,0,0,12,120,46,9,60,23,0,3,35,23,21,14,13,55,2,0,0,93,1,0,9,68,8,1,45,82,14,13,51,24,0,0,28,30,17,22,63,11,0,2,19
7,9,1,0,21,124,18,1,19,75,25,5,43,86,4,1,1,57,76,34,47,1,0,0,20,124,37,5,9,0,0,0,42,66,11,0,0,124,28,2,124,124,32,2,0,8,3,9,13,73,124,13,2,0,0,6,3,104,93,1,0,0,1,0,32,85,26,4,8,62,18,8,124,35,3,0,2,7,5,79,62,23,25,4,0,1,8,57,0,7,13,6,3,24,29,2,38,71,8,1,22,45,13,3,124,118,1,0,0,1,2,7,88,29,7,12,2,19,7,8,1,0,4,21,15,73,33,1
25,19,0,0,23,120,5,2,38,115,3,0,6,37,9,1,17,33,0,0,0,13,30,36,22,11,0,0,0,3,6,11,106,29,0,1,10,78,9,15,61,33,0,0,20,120,30,14,114,7,0,0,2,43,45,75,45,6,0,0,0,29,60,18,64,35,108,51,9,12,3,15,22,28,78,52,43,52,5,8,81,58,38,12,11,22,15,17,7,1,3,11,19,110,69,7,0,5,120,91,0,0,0,0,0,5,120,82,0,0,0,0,0,9,120,81,7,2,0,0,0,12,120,90,20,14,0,0
0,0,0,0,0,114,44,0,0,0,0,0,2,114,102,2,3,1,7,38,33,114,74,5,51,7,6,26,6,22,59,36,7,0,0,2,8,114,105,17,15,3,2,28,58,112,39,17,114,14,16,66,20,12,16,38,87,9,9,96,40,0,0,5,94,52,5,4,2,9,22,26,23,37,48,114,25,1,0,2,114,60,37,42,19,0,0,4,57,5,1,49,102,1,0,7,101,104,2,1,0,0,0,0,9,30,22,53,10,0,0,0,7,27,41,23,19,0,0,0,12,3,2,11,114,12,1,9
119,8,6,69,40,0,0,18,94,8,11,124,35,0,0,26,124,47,13,112,32,0,3,51,90,9,0,1,1,18,25,36,69,6,2,29,124,8,1,38,124,17,15,48,26,2,1,89,53,31,66,124,22,0,3,27,87,51,14,7,0,1,9,32,32,38,26,70,124,6,1,10,124,113,17,14,10,1,0,26,42,12,43,85,4,0,0,12,38,30,27,25,5,0,0,3,18,39,27,24,16,1,4,4,43,76,14,2,0,0,0,14,11,1,1,2,2,2,8,34,6,0,0,5,13,14,7,14
2,3,6,29,11,0,0,1,0,0,0,19,28,37,9,0,1,0,1,6,42,41,19,5,1,8,9,20,18,7,0,0,9,0,0,10,47,16,12,52,11,1,0,5,136,136,48,13,136,8,4,5,13,66,72,76,28,13,12,14,9,4,2,6,32,0,0,7,57,33,28,136,39,16,2,49,136,78,9,12,136,49,2,11,31,19,17,25,27,0,0,0,5,19,42,39,99,0,0,8,42,29,10,112,47,3,0,30,136,21,3,31,136,11,0,3,79,36,7,37,15,1,0,1,43,47,47,84
109,24,21,60,22,1,2,29,114,3,4,91,70,0,0,64,96,7,17,83,26,0,1,90,59,23,43,97,18,0,5,28,29,47,58,44,21,0,0,1,45,13,8,78,127,8,2,48,127,35,14,20,17,3,1,124,51,14,73,100,1,0,0,12,10,11,11,28,19,3,5,6,17,49,46,127,115,3,5,6,127,127,36,23,9,0,0,18,41,6,5,6,1,0,3,39,1,0,0,1,12,15,22,27,39,16,10,8,6,5,11,11,40,35,7,1,0,0,2,19,3,0,0,0,0,0,16,26
0,0,0,41,127,1,0,0,34,0,0,14,44,0,1,16,118,13,0,0,0,0,0,24,56,7,0,0,13,53,5,13,0,0,0,49,127,0,0,0,35,0,0,40,93,3,1,13,127,39,0,0,13,9,0,19,24,14,0,0,104,106,0,0,0,0,0,54,127,2,0,0,44,1,0,37,127,0,0,3,127,9,0,1,32,32,5,34,7,1,0,0,127,119,2,3,0,0,0,16,125,18,3,0,18,1,0,11,127,17,0,4,71,1,0,0,23,51,12,41,0,0,0,0,52,106,4,2
14,0,0,26,98,1,1,8,131,15,0,1,2,0,0,33,92,17,0,0,28,81,6,17,0,0,0,0,11,42,2,0,10,0,0,59,131,1,0,4,131,33,0,4,32,10,1,24,58,22,0,0,131,131,0,2,0,0,0,0,44,44,0,0,10,0,0,47,131,2,0,0,131,4,0,4,60,33,8,50,26,0,0,0,131,131,7,15,0,0,0,0,26,37,0,0,3,2,1,7,131,30,0,0,52,9,4,2,45,54,10,28,3,1,0,0,60,131,7,6,0,2,0,0,4,11,1,0
51,11,0,0,2,4,0,2,109,51,11,37,13,4,0,2,97,1,3,41,18,4,0,70,92,2,0,0,0,0,0,134,86,20,0,0,0,0,0,0,134,49,11,59,22,0,0,3,44,6,5,134,112,0,0,45,67,0,0,4,3,0,0,134,49,4,0,0,0,0,0,2,134,11,0,10,27,0,0,20,45,3,2,121,134,0,0,6,27,1,2,43,16,0,1,75,5,0,0,0,0,0,0,0,134,41,2,9,13,0,0,1,25,11,2,91,99,0,0,0,3,1,6,65,32,1,0,6
0,0,0,0,119,119,0,0,52,35,0,0,40,45,0,0,119,63,0,0,0,0,0,0,55,14,0,0,0,0,0,0,13,1,0,0,119,119,4,5,119,60,0,0,5,15,1,8,119,51,0,0,0,0,0,11,109,6,0,0,0,0,0,9,45,0,0,0,24,117,22,26,119,5,0,0,0,0,1,66,119,27,0,0,0,0,0,45,102,50,0,0,0,0,0,3,40,1,3,8,0,10,7,35,119,27,0,0,0,0,0,53,119,119,0,0,0,0,0,5,27,99,2,1,4,1,0,0
0,0,0,0,0,0,0,0,0,6,0,0,0,0,0,0,1,66,21,0,0,0,0,0,1,86,50,0,0,0,0,0,9,7,5,0,0,0,0,0,136,109,3,0,0,0,0,9,56,136,46,0,0,0,0,8,2,57,91,1,0,0,0,0,70,39,31,3,4,4,1,11,136,42,19,3,7,8,3,136,136,38,6,0,0,0,0,136,40,41,75,2,0,0,0,29,132,16,7,15,7,5,1,18,75,5,8,60,16,9,2,98,87,0,0,2,0,0,2,136,47,5,2,0,0,0,2,136
54,0,0,0,27,80,16,15,46,0,0,0,9,38,25,75,12,0,0,0,13,37,20,33,26,0,0,0,0,0,4,43,49,8,0,0,24,118,61,30,118,15,0,0,23,40,15,61,55,2,0,0,100,65,14,43,100,10,0,0,1,4,4,62,53,118,0,0,0,49,61,11,118,79,0,0,16,26,38,31,83,53,0,0,94,70,11,11,117,85,3,0,1,1,0,5,33,42,3,14,5,34,83,19,39,14,0,1,3,32,118,102,118,84,0,0,8,14,23,38,51,40,0,0,0,5,19,4
0,16,11,17,115,7,0,0,10,25,110,73,109,7,0,0,3,85,115,26,44,22,0,0,0,29,23,13,80,42,4,0,4,2,2,5,115,27,1,0,115,28,21,18,85,11,0,6,17,18,24,62,115,34,0,0,31,115,46,21,58,26,0,0,2,0,2,63,106,10,1,0,115,22,17,62,44,0,0,11,44,17,14,115,107,0,0,5,102,104,23,51,22,0,0,0,0,0,1,54,12,0,0,0,19,20,26,65,4,0,0,0,19,20,20,55,8,0,0,0,31,46,25,27,4,0,0,0
12,1,28,80,24,44,39,4,166,8,3,10,5,5,4,43,130,1,0,0,0,1,3,19,0,0,1,0,0,3,4,0,30,13,20,6,9,58,90,21,166,50,1,0,2,5,8,13,153,14,0,0,0,1,6,5,0,0,0,0,0,5,9,0,20,19,76,15,1,4,4,3,166,26,9,0,0,1,1,77,119,1,0,0,0,1,8,51,0,0,0,0,0,4,11,0,1,0,10,8,3,16,28,2,125,3,7,0,0,6,11,155,78,0,0,0,0,0,15,166,0,0,0,0,0,0,7,21
26,0,0,1,66,36,11,75,49,0,0,0,62,41,16,87,39,0,0,22,52,8,7,62,91,1,0,11,28,2,1,29,49,2,0,0,13,106,35,50,123,18,0,0,19,79,15,21,55,4,0,1,11,93,99,31,92,0,0,2,11,20,54,75,16,5,66,16,5,45,13,9,76,15,65,7,6,38,18,30,17,12,58,32,38,123,50,17,123,53,16,3,2,10,26,61,0,2,123,28,0,0,0,0,1,6,123,17,2,5,1,1,1,11,123,80,10,7,0,0,43,80,55,18,2,0,0,0
28,0,0,0,13,82,4,6,0,0,3,6,58,120,1,0,45,12,13,12,9,65,5,12,20,14,57,72,6,2,0,3,6,0,0,0,20,120,37,11,61,18,26,28,19,113,16,29,77,14,34,117,3,1,0,22,96,30,58,19,0,0,2,81,6,7,27,120,80,73,10,7,120,87,36,26,4,12,7,38,53,30,68,119,0,0,0,10,26,22,104,32,0,0,4,71,11,8,73,92,6,0,1,5,27,55,99,70,0,0,3,9,18,14,37,25,0,0,37,53,4,10,59,4,0,0,36,30
22,0,0,8,13,66,62,114,29,0,0,0,25,27,25,128,21,1,0,3,24,24,17,87,20,0,0,0,0,0,0,54,70,28,27,10,56,101,60,88,128,34,6,6,6,4,11,128,51,10,10,39,26,6,4,36,75,11,2,1,1,0,1,86,21,123,128,20,20,5,0,1,128,117,88,11,2,0,0,9,65,52,64,29,13,0,0,9,31,88,59,4,1,0,0,14,0,27,74,12,28,24,0,0,27,62,24,15,13,4,0,0,55,88,10,0,0,0,0,0,2,17,12,0,0,0,0,0
126,0,0,0,0,0,0,13,102,9,0,0,0,0,0,19,56,9,0,0,0,0,0,4,101,7,0,0,0,0,0,4,145,27,0,0,0,0,0,2,135,20,0,0,0,0,0,7,80,1,0,0,0,0,0,5,148,12,0,0,0,0,0,4,133,31,0,0,0,0,0,3,107,17,0,0,0,0,0,12,76,1,0,0,0,0,0,7,139,0,0,0,0,0,8,24,108,3,0,0,0,0,0,27,61,11,0,0,0,0,4,26,28,0,0,0,4,62,32,25,30,0,0,0,45,180,180,55
0,0,7,31,39,71,11,0,90,10,16,15,7,22,20,67,149,1,0,0,0,0,0,101,31,4,4,0,0,0,0,5,0,0,25,45,19,27,59,9,61,14,30,30,11,62,36,43,149,14,1,0,0,3,7,115,79,7,4,0,0,0,0,5,0,0,88,66,7,34,40,1,43,66,73,66,10,29,22,10,149,137,12,1,0,0,1,12,89,11,2,0,0,0,0,0,1,3,56,29,9,64,71,3,103,58,37,6,2,14,31,25,149,45,1,0,0,0,0,20,66,4,1,0,0,0,0,7
0,0,0,0,0,27,124,25,0,0,0,0,0,33,124,28,2,0,0,0,1,25,124,29,0,0,0,3,72,124,44,5,39,22,6,28,12,28,87,45,35,13,4,20,28,32,124,67,124,17,4,10,8,11,59,83,12,8,6,96,112,19,4,2,71,42,8,33,34,2,0,2,70,38,14,108,79,5,2,5,124,60,10,29,16,1,4,21,30,8,14,99,26,3,5,9,80,28,4,5,41,14,3,6,63,37,18,78,25,0,0,2,83,50,13,29,4,0,1,19,24,16,3,3,12,14,2,8
3,3,2,10,34,50,5,1,35,0,0,1,30,69,32,43,47,0,0,0,6,90,24,49,10,3,0,0,5,91,78,17,15,1,2,7,93,115,12,10,115,11,0,0,33,111,26,40,51,14,2,1,67,115,15,17,46,88,5,1,20,59,19,15,9,6,29,63,114,81,4,3,115,28,29,26,29,67,14,19,65,17,0,0,25,115,18,17,42,42,1,0,3,30,35,31,0,0,102,108,9,0,0,0,2,4,67,115,51,26,3,2,49,18,69,44,18,38,8,21,27,13,39,13,11,34,16,20
4,1,2,9,9,118,118,11,25,5,2,5,5,40,118,62,33,0,0,6,9,52,117,65,61,10,10,32,16,4,11,39,43,20,18,61,17,26,14,9,118,39,16,68,18,6,6,13,109,18,16,118,41,14,12,37,118,18,9,16,2,1,6,56,24,36,31,34,49,2,0,1,118,12,3,28,44,5,2,38,75,28,36,118,27,0,0,10,109,31,14,15,0,0,3,42,0,3,19,35,66,3,1,0,118,69,19,20,44,5,1,13,82,36,35,57,0,0,0,3,24,36,32,27,0,0,0,2
1,1,0,3,2,25,19,0,16,82,8,0,0,8,22,2,3,129,129,6,6,6,2,0,0,122,118,16,0,0,0,0,14,7,14,105,8,3,1,0,129,129,2,7,1,0,0,11,65,129,40,0,0,0,0,6,0,29,38,14,0,0,0,0,8,1,9,129,74,1,0,1,129,22,3,34,20,0,0,101,129,14,0,0,0,0,0,70,3,3,4,0,0,0,0,0,0,0,2,32,57,21,24,1,112,83,17,30,17,1,1,12,129,58,0,0,0,0,0,11,3,4,3,0,0,0,0,0
0,0,0,0,84,138,7,0,38,36,0,0,29,108,75,32,63,35,0,0,0,0,17,122,28,4,2,2,7,31,44,86,13,0,0,1,31,138,35,10,138,44,0,0,10,29,7,33,71,68,11,1,0,0,1,11,4,57,56,1,0,12,36,19,22,6,3,24,18,40,10,7,138,56,2,3,1,1,0,37,105,138,3,0,0,0,0,8,8,96,23,0,0,0,0,0,14,64,40,12,2,0,0,0,72,138,12,2,0,0,0,0,20,138,13,1,0,0,0,0,0,16,4,1,0,0,0,0
0,0,0,0,0,41,124,0,0,0,0,0,0,124,124,1,3,0,0,1,8,124,53,3,75,10,0,0,3,23,7,14,2,3,3,19,26,39,124,5,35,1,0,2,4,29,99,33,14,5,3,22,17,19,8,3,114,36,2,4,2,0,0,8,9,19,54,124,34,2,0,1,56,47,71,44,5,1,0,8,12,65,59,12,2,0,0,0,26,124,17,2,0,0,0,0,41,15,69,99,0,0,0,8,1,17,124,114,0,0,0,0,0,106,103,16,0,0,0,0,1,124,9,0,0,0,0,0
6,5,0,0,0,26,93,32,17,1,0,0,0,0,93,128,99,9,0,0,0,0,31,102,33,14,0,0,0,1,3,9,8,18,21,35,6,15,6,2,40,7,0,1,5,44,50,65,138,15,0,0,0,10,15,110,49,5,0,0,0,47,36,27,0,0,26,138,42,7,0,0,49,65,18,78,29,24,9,9,138,64,1,0,0,36,76,53,75,10,0,0,0,81,63,44,0,1,3,138,32,0,0,0,8,10,13,138,29,1,10,6,37,38,11,30,2,8,77,26,67,51,0,0,0,11,50,32
16,1,0,0,0,8,31,70,132,7,0,0,0,0,10,116,80,20,0,0,0,14,14,12,0,0,0,0,0,6,15,10,30,23,5,9,12,48,30,20,132,47,0,0,0,11,19,73,94,1,0,0,0,116,59,44,30,0,0,0,1,22,33,58,26,51,18,104,24,3,5,6,129,62,1,1,0,20,116,59,100,41,0,0,0,88,106,41,100,12,0,0,15,39,13,27,2,1,13,132,20,1,4,2,29,34,24,69,4,4,46,14,67,67,0,1,1,8,78,49,47,26,0,0,6,23,39,42
3,0,2,16,13,11,18,10,89,144,18,14,0,0,2,4,90,144,1,0,0,0,0,1,10,38,0,0,0,0,2,4,21,8,15,108,9,1,7,8,144,109,4,5,0,0,2,13,144,64,0,0,0,0,1,12,1,0,0,0,0,0,8,10,9,4,11,132,56,0,0,1,144,34,7,21,17,0,0,78,144,6,0,0,0,0,0,46,0,0,0,0,0,0,4,7,0,8,52,44,51,1,0,0,119,132,45,13,12,0,0,6,113,29,0,0,0,0,0,7,1,0,0,0,0,0,0,4
0,0,0,9,8,8,4,0,0,1,0,15,20,48,43,1,28,11,3,1,1,14,64,32,40,2,0,0,0,0,5,44,0,3,9,10,13,86,90,0,4,2,4,37,63,126,126,17,102,20,4,5,4,21,122,126,33,10,3,2,0,0,6,109,0,16,42,20,26,86,31,0,9,7,19,125,95,78,58,5,126,50,21,37,10,12,16,41,75,20,21,34,0,0,0,19,0,0,60,48,35,69,11,0,3,0,23,97,34,65,51,2,126,9,2,15,6,11,13,39,105,4,10,10,0,0,0,11
47,1,0,0,30,79,35,78,69,1,0,1,35,35,27,86,123,1,0,2,31,11,15,43,35,2,0,0,0,3,8,8,59,8,44,14,2,55,44,29,83,10,19,15,12,90,114,51,125,21,4,2,4,28,79,124,50,1,0,0,0,11,30,35,5,5,125,70,2,7,2,1,12,30,125,125,17,30,11,6,110,125,77,30,5,5,7,18,82,23,8,7,5,2,6,12,0,0,26,14,16,31,2,0,0,32,49,28,11,26,3,0,2,88,65,15,2,0,0,0,17,32,53,10,1,0,0,0
146,21,30,56,1,0,0,58,159,31,0,1,0,0,0,159,21,11,5,0,0,0,0,15,0,7,4,0,0,0,0,0,37,12,25,148,41,20,2,26,159,37,8,14,1,0,0,117,114,11,1,0,0,0,0,14,0,4,5,0,0,0,0,0,30,6,3,21,45,70,13,11,159,22,2,3,2,3,4,28,140,15,4,0,0,0,0,1,0,1,8,1,0,0,0,0,23,11,8,33,19,26,14,8,159,63,3,2,0,3,3,17,95,27,5,1,0,0,0,0,0,0,7,6,0,0,0,0
0,0,0,0,0,27,121,14,2,0,0,1,7,46,121,20,0,0,0,18,121,121,25,3,6,2,1,8,36,37,35,100,20,13,5,18,10,14,98,41,121,15,5,19,11,9,49,66,20,7,18,121,97,9,1,2,6,5,35,121,35,1,1,3,48,31,18,61,11,1,0,2,121,44,16,34,4,0,0,18,46,5,17,92,18,9,0,14,0,0,22,121,88,47,0,0,56,51,23,24,1,0,0,1,39,44,39,27,0,0,0,2,25,21,1,4,63,20,0,2,0,0,0,4,121,101,4,0
5,5,8,100,63,10,2,7,131,44,1,6,16,6,10,125,79,21,1,4,29,25,95,82,0,0,0,1,13,17,76,8,3,4,4,131,121,54,1,0,131,101,5,30,38,9,0,10,86,28,0,4,79,57,0,3,0,0,0,2,20,11,1,0,5,0,0,3,70,131,41,7,131,9,0,3,14,24,17,83,77,2,0,15,59,21,0,19,0,0,0,0,2,2,0,0,28,10,0,0,90,64,15,6,131,40,0,0,0,1,7,28,67,2,0,4,1,0,0,16,0,0,0,0,0,0,0,0
0,0,51,79,5,9,5,0,54,60,9,43,3,9,7,1,94,137,53,0,0,0,1,2,3,102,102,10,0,0,0,0,0,3,69,121,18,3,3,0,109,25,16,137,56,1,0,19,137,62,2,3,0,0,0,79,31,15,8,1,0,0,0,6,0,0,0,9,22,52,35,13,54,43,10,50,68,38,16,7,137,132,5,5,1,0,0,17,37,18,3,0,0,0,0,1,1,0,2,14,21,27,23,15,111,56,2,6,12,16,12,7,137,104,0,0,0,0,0,0,8,10,4,0,0,0,0,0
0,0,0,0,42,112,6,0,13,1,0,0,15,127,86,41,53,9,0,0,0,4,24,124,8,7,1,1,31,61,19,20,1,0,0,0,92,127,10,3,119,22,0,0,29,86,24,38,79,47,4,0,0,1,17,65,2,70,22,0,4,28,33,17,8,2,1,4,16,127,40,9,127,30,1,2,3,19,5,54,127,120,3,0,0,0,0,9,7,79,17,0,0,0,0,0,22,49,31,5,1,3,7,8,95,127,14,1,0,0,0,1,54,127,4,0,0,0,0,0,1,13,2,0,0,0,0,0
0,0,7,12,29,74,40,0,29,7,4,32,69,99,70,30,145,32,4,3,1,3,25,86,23,6,4,1,0,0,0,66,0,0,14,55,60,82,9,0,58,10,5,57,71,72,21,12,145,37,10,7,1,2,2,27,36,22,31,10,0,0,0,7,0,0,13,62,65,145,11,0,79,12,2,34,54,98,41,12,145,49,0,1,1,1,2,12,42,6,7,0,0,1,3,2,0,0,4,19,97,110,5,0,100,38,18,13,11,24,16,10,145,52,0,0,0,0,1,15,15,1,0,0,0,1,8,4
76,39,3,6,26,40,108,116,134,41,0,0,0,0,4,110,91,4,0,0,0,0,1,51,1,0,0,0,0,0,7,3,134,134,13,14,23,10,9,11,128,134,27,29,0,0,0,21,120,8,2,3,0,0,1,72,8,0,0,0,0,0,12,12,134,134,3,2,1,1,2,2,55,69,44,59,0,0,0,0,53,52,25,8,0,0,0,7,11,2,0,0,0,1,8,5,115,134,0,0,0,0,0,1,13,13,8,4,0,0,6,3,1,7,6,0,0,1,12,1,0,0,0,0,0,2,15,0
2,0,0,0,1,89,50,25,3,3,1,0,2,124,124,2,1,5,17,4,1,124,124,1,5,15,13,4,0,30,98,17,6,0,0,3,1,123,124,58,119,59,8,0,1,124,69,16,27,45,78,41,11,7,9,3,30,41,31,27,14,0,0,0,18,5,17,76,6,9,37,6,124,19,7,4,0,2,8,77,58,11,11,24,14,1,3,65,28,84,29,21,11,0,0,2,1,1,10,94,12,0,0,0,60,3,6,31,4,0,0,60,65,2,0,0,0,0,1,124,21,14,2,0,0,0,20,45
0,0,0,14,87,128,8,0,128,52,0,2,44,63,13,6,128,81,12,0,0,0,0,1,10,12,7,0,0,1,4,3,8,6,2,26,128,115,6,1,128,121,3,4,10,20,8,14,128,55,0,0,0,0,7,12,0,0,0,0,0,4,16,0,7,2,19,128,110,1,0,0,128,22,28,42,3,0,0,73,119,4,0,0,0,0,5,75,0,0,0,0,0,0,12,3,2,5,16,60,54,1,0,0,54,41,82,47,2,0,0,11,95,18,6,1,0,0,0,38,3,0,0,0,0,0,2,6
75,8,39,28,19,8,0,64,147,1,0,0,0,0,0,147,31,7,7,0,0,0,0,8,0,0,10,1,0,0,0,0,38,5,3,36,46,28,1,19,147,20,1,2,3,1,0,98,109,14,12,1,0,0,0,9,0,0,21,5,0,0,0,0,21,25,46,88,38,1,0,0,147,72,14,5,1,0,2,27,141,11,6,0,0,0,0,19,0,1,16,6,0,0,0,0,1,4,31,29,8,101,58,9,96,19,7,2,1,43,82,147,126,11,1,0,0,0,1,140,6,2,7,2,0,0,0,1
0,0,0,0,7,7,0,0,7,10,0,0,3,0,0,0,3,7,0,0,0,0,0,0,0,0,0,0,0,0,0,0,10,4,0,0,37,135,9,2,136,136,1,1,17,18,0,26,107,130,0,0,0,0,0,23,7,14,0,0,0,0,0,0,16,30,71,9,21,74,3,3,136,46,67,8,1,6,0,136,136,15,1,0,0,0,0,136,23,9,1,0,0,0,0,16,0,102,99,5,3,4,0,0,24,22,83,39,32,18,0,28,136,1,2,4,9,2,0,136,81,5,2,0,0,0,0,48
2,0,0,0,0,30,88,96,0,0,0,0,0,127,127,3,0,1,3,2,0,86,127,3,2,2,2,0,0,11,127,45,8,1,4,17,4,28,127,104,100,40,8,1,0,75,127,26,18,33,52,45,4,18,36,3,7,61,44,10,0,2,16,12,16,6,10,105,26,1,11,4,127,22,6,10,0,0,4,55,70,35,25,27,5,0,0,34,8,103,49,6,0,0,1,4,1,0,1,55,26,0,0,0,67,1,1,16,7,0,0,61,66,7,1,0,0,0,10,120,10,12,1,0,0,0,54,46
10,1,0,0,100,152,25,10,117,29,0,0,47,79,8,11,48,24,0,0,0,0,0,0,0,0,0,0,0,0,0,0,16,3,95,152,69,152,27,8,152,63,4,44,19,24,7,35,119,66,0,0,0,0,0,4,0,0,0,0,0,0,0,0,2,0,81,152,152,3,0,2,87,7,2,74,120,5,0,49,25,3,0,0,0,0,0,6,0,0,0,0,0,0,0,0,0,0,0,13,67,1,0,0,0,0,0,3,10,0,0,0,0,0,0,0,0,0,0,0,0,0,0,0,0,0,0,0
24,8,22,36,15,0,2,76,126,6,4,1,0,0,6,137,22,6,5,0,0,0,8,69,1,4,9,5,4,0,0,1,9,7,68,76,9,23,17,4,63,15,28,10,35,88,87,122,137,15,0,0,1,8,65,137,38,6,4,5,2,0,0,10,11,17,3,5,5,116,137,14,60,112,19,3,37,106,65,17,137,88,5,0,2,5,5,64,50,3,0,0,0,0,0,12,43,52,0,0,0,14,48,31,19,92,4,0,0,0,3,4,33,10,1,0,0,0,0,22,4,0,0,0,0,0,0,3
1,11,26,37,13,0,0,0,116,116,19,17,6,0,0,0,61,75,76,13,1,2,1,0,0,0,46,58,16,8,0,0,2,5,4,63,70,0,0,0,116,97,8,31,24,1,1,21,80,25,4,2,6,69,26,12,0,0,2,9,16,78,40,3,1,0,45,100,58,1,0,1,89,37,27,63,33,5,4,94,37,31,52,27,26,51,11,38,0,15,97,21,7,30,21,4,0,0,81,116,2,0,0,0,13,82,116,116,2,0,0,2,9,97,116,14,0,0,0,1,0,13,116,16,0,0,0,0
0,11,2,0,0,0,0,0,86,105,10,0,0,0,0,0,137,108,32,0,0,0,0,0,2,33,106,13,1,0,0,0,0,7,12,6,0,0,0,0,102,69,67,83,7,0,0,4,137,61,15,7,0,2,1,34,33,19,43,11,16,59,3,6,0,0,1,9,1,0,0,0,27,14,16,137,47,0,0,2,137,26,8,32,14,6,11,110,27,1,11,8,43,89,11,40,0,0,1,0,0,0,0,0,0,10,73,97,32,0,0,1,37,36,99,111,23,2,11,85,48,118,68,9,8,3,4,38
0,0,0,0,0,1,0,0,0,0,0,0,4,13,1,0,7,8,0,0,1,1,0,0,1,1,0,0,0,0,0,0,0,0,0,0,0,29,12,0,32,13,11,3,22,139,26,2,139,136,5,0,8,23,2,51,65,45,0,0,0,0,0,20,0,41,14,0,0,14,5,0,18,124,139,15,14,44,7,1,139,46,80,16,16,6,0,139,139,9,2,0,0,0,0,119,46,61,8,0,0,0,0,0,37,96,62,66,23,2,0,0,96,15,20,84,50,7,0,32,139,15,4,1,0,0,0,51
30,37,99,24,12,3,1,2,141,28,10,4,4,0,0,53,73,14,7,1,0,0,0,8,0,0,9,3,0,0,0,0,17,21,21,82,48,6,20,14,141,72,8,21,11,2,3,32,120,30,17,5,0,0,0,6,0,0,20,14,0,0,0,0,11,30,19,11,9,27,141,85,141,119,9,5,2,17,47,117,140,44,7,5,3,0,0,25,0,0,6,10,17,34,7,0,11,71,45,0,0,1,7,8,109,141,14,0,0,1,2,3,36,60,2,2,18,3,0,0,0,0,2,10,93,74,4,0
0,12,31,2,2,31,17,0,138,63,44,3,2,30,7,9,138,60,0,0,0,0,0,27,9,7,1,0,0,0,0,0,13,90,87,16,4,0,0,0,91,31,79,51,32,0,0,19,138,21,2,1,1,0,0,61,30,10,13,2,0,0,0,1,62,32,9,19,9,1,49,85,42,22,14,87,44,17,44,22,138,52,5,5,1,2,6,56,44,11,14,6,0,0,0,4,27,29,6,0,0,0,87,137,22,55,26,3,3,30,106,52,138,127,4,0,0,5,16,73,46,21,3,3,6,1,0,5
0,0,0,0,9,4,0,0,2,0,0,0,76,118,23,6,115,4,0,0,12,56,57,144,40,1,1,50,42,1,5,45,0,0,0,0,33,16,0,0,35,1,0,14,159,159,6,7,159,36,1,4,48,57,12,48,82,8,0,2,2,11,17,20,0,0,0,1,11,2,0,0,25,12,22,143,159,24,0,1,159,65,39,54,24,4,0,53,56,2,0,0,0,4,10,38,0,0,0,0,0,0,0,0,0,5,11,26,9,0,0,0,27,41,26,14,2,0,0,3,11,1,0,0,0,0,0,4
0,0,0,3,8,3,0,0,2,0,0,2,16,36,24,18,4,0,0,0,0,1,7,25,0,0,0,0,0,0,0,0,0,2,7,54,51,3,0,0,22,2,0,92,156,61,46,69,156,15,0,3,19,7,21,156,14,2,0,0,0,0,0,1,1,17,16,26,53,0,0,0,44,31,9,109,156,2,1,5,156,118,6,18,43,0,0,19,57,10,0,0,0,0,0,0,19,5,6,27,21,0,10,67,10,31,46,156,122,0,0,1,87,109,33,22,7,0,0,0,15,3,0,0,0,0,0,0
0,0,0,0,0,0,0,0,0,0,0,0,0,0,0,0,0,0,3,11,0,0,0,0,0,0,0,5,0,0,9,9,28,20,1,0,0,0,0,0,144,65,17,3,1,1,0,11,24,28,55,136,45,13,0,5,0,97,88,77,15,1,13,13,19,30,21,2,0,0,0,0,144,82,76,15,1,4,4,72,55,144,70,23,50,32,7,46,0,144,110,12,8,1,0,0,0,0,7,2,0,0,0,0,13,62,144,19,0,0,0,8,24,144,144,2,1,0,0,7,0,81,44,12,7,0,0,0
