0,1,30,42,2,0,8,4,32,38,22,21,7,0,1,1,187,187,2,2,0,0,0,0,187,60,0,0,0,0,0,0,0,0,17,34,8,10,36,9,120,30,17,18,10,23,7,8,187,142,0,0,0,0,0,5,68,19,0,0,0,0,0,0,0,0,0,0,5,23,32,4,144,1,0,0,8,43,11,38,187,8,0,0,0,0,0,46,3,0,0,0,0,0,0,0,1,2,3,1,4,9,26,14,21,3,8,1,11,10,2,20,21,0,0,0,0,0,0,18,0,0,0,0,0,0,0,0
108,2,0,0,0,0,0,61,172,0,0,0,0,0,0,168,45,0,0,0,0,0,0,30,2,0,0,0,0,0,0,1,90,13,5,0,0,0,0,13,172,7,0,0,0,0,0,68,145,6,0,0,0,0,0,13,2,2,0,0,0,0,0,0,47,40,72,4,0,0,0,0,172,57,5,0,0,0,0,0,161,3,0,0,0,0,0,1,2,0,0,0,0,0,0,0,11,22,78,9,0,0,0,0,172,48,11,0,0,0,0,8,112,1,0,0,0,0,0,6,2,0,0,0,0,0,0,1
0,0,8,40,11,1,0,0,22,16,7,22,5,1,0,1,31,35,17,71,24,0,0,0,0,0,3,135,135,0,0,0,0,0,36,72,0,0,1,12,36,9,14,101,7,0,0,1,135,49,19,49,10,0,0,3,7,8,12,135,135,0,0,0,4,0,5,11,1,0,12,83,16,1,3,63,46,10,14,15,135,14,5,21,13,1,0,43,57,13,22,135,135,0,0,7,3,1,14,29,0,0,8,34,2,0,3,3,13,15,19,17,135,2,0,1,9,6,1,55,135,76,66,62,13,0,0,20
12,1,2,19,46,99,42,64,81,0,0,0,0,1,12,147,17,0,0,0,0,0,0,23,0,0,0,0,0,0,0,0,25,1,0,147,147,12,4,20,147,3,0,11,17,0,1,94,106,0,0,0,0,0,0,16,0,0,0,0,0,0,0,0,18,8,2,66,147,0,0,0,147,72,3,17,45,0,0,2,106,15,0,0,0,0,0,0,0,0,0,0,0,0,0,0,9,8,2,64,147,0,0,2,147,61,4,23,21,0,0,59,46,10,0,0,0,0,0,24,0,0,0,0,0,0,0,0
7,5,1,22,107,36,14,21,80,37,0,1,6,10,16,128,20,8,0,1,0,0,0,17,0,0,3,33,3,0,0,0,14,1,0,17,138,33,9,13,138,11,1,4,45,12,12,122,103,0,0,0,0,0,0,24,0,0,0,1,0,0,0,0,7,7,22,138,137,4,0,0,138,75,42,64,25,4,2,12,120,5,0,0,0,0,0,12,0,0,0,0,0,0,0,0,0,0,4,37,57,99,3,0,35,9,9,19,27,94,64,121,55,0,0,0,0,0,5,138,4,0,0,0,0,0,0,8
20,8,80,8,0,0,1,20,35,41,56,1,0,1,19,118,13,78,69,2,0,9,99,76,15,48,57,14,2,3,55,51,60,17,57,3,0,0,0,15,78,75,77,0,0,0,0,12,118,118,79,0,0,0,0,8,24,67,118,28,0,0,1,2,60,30,0,0,0,0,2,5,101,14,0,0,0,0,12,27,118,7,0,0,0,0,28,118,34,7,13,1,0,2,80,81,9,11,12,5,4,5,13,9,11,29,36,2,1,5,67,37,21,86,50,0,0,0,62,111,7,21,70,3,0,0,89,80
9,26,22,60,94,32,22,27,63,58,5,0,4,9,25,146,14,4,0,0,0,0,0,22,0,0,0,0,0,0,0,0,15,1,0,20,146,36,13,15,146,11,1,5,50,14,18,139,114,0,0,0,0,0,0,28,0,0,0,0,0,0,0,0,8,8,18,146,146,6,0,0,146,85,36,69,29,2,0,3,139,6,0,0,0,0,0,5,0,0,0,0,0,0,0,0,0,0,2,38,71,61,1,0,66,16,7,21,22,26,5,71,57,2,0,0,0,0,0,95,2,0,0,0,0,0,0,6
22,7,18,11,3,2,4,14,7,30,95,13,1,2,26,16,14,111,107,0,0,0,20,56,10,28,102,13,0,0,24,87,55,38,5,0,0,0,0,6,78,37,40,1,0,0,0,26,118,118,65,0,0,0,0,11,26,36,118,32,0,0,0,4,37,32,1,0,0,0,23,22,68,37,4,0,0,0,28,32,118,12,0,0,0,0,17,99,26,2,3,1,0,1,54,77,9,36,18,1,0,9,102,53,12,49,86,0,0,0,111,68,38,19,69,8,2,15,65,118,14,16,22,7,3,27,118,91
0,0,1,2,2,15,90,1,2,1,0,1,18,52,110,14,128,21,0,1,11,23,26,70,45,3,0,0,0,0,0,6,0,0,0,37,71,42,70,2,29,5,2,59,53,39,154,91,154,36,1,4,3,4,31,140,62,5,0,0,0,0,0,2,2,0,0,21,59,29,2,5,55,38,14,114,75,13,4,11,154,119,9,13,1,0,1,25,52,9,0,0,0,0,0,0,2,0,0,0,11,59,18,2,78,9,0,3,18,36,7,3,154,40,0,0,0,0,0,2,24,4,0,0,0,0,0,0
17,0,0,13,36,9,42,102,10,2,0,2,33,49,82,58,17,4,3,15,38,15,6,11,8,1,6,136,136,1,0,5,24,1,0,91,136,10,27,29,136,46,10,13,8,3,37,55,31,29,48,74,15,2,3,10,24,20,54,88,8,0,0,8,12,4,36,136,93,0,0,1,136,47,57,58,9,0,0,29,81,18,74,41,0,0,2,34,1,12,104,21,0,0,1,3,0,0,16,65,35,6,0,0,19,8,25,44,59,20,7,21,23,1,2,1,1,1,35,116,13,0,7,3,0,0,11,53
24,4,4,40,22,2,1,8,85,2,0,0,0,0,1,35,66,27,7,2,0,0,0,4,62,107,63,1,0,0,0,0,10,2,5,63,76,26,8,14,124,4,0,6,5,5,7,44,124,22,0,0,0,0,0,5,124,37,2,0,0,0,0,0,21,29,32,124,63,1,0,2,124,53,47,61,16,0,0,11,123,123,15,0,0,0,0,8,124,96,0,0,0,0,0,0,18,15,28,75,13,0,15,27,14,97,124,45,2,0,1,2,16,124,69,0,0,0,0,0,17,76,3,0,0,0,0,0
26,42,34,118,70,3,1,5,123,89,11,4,0,0,0,7,26,8,0,1,31,5,0,1,9,7,3,25,123,15,0,0,16,10,7,75,97,3,1,0,123,17,2,6,4,0,0,4,30,1,1,4,35,13,0,3,11,3,2,25,123,29,1,0,4,10,27,28,51,13,10,1,64,59,59,9,3,0,0,5,14,82,71,29,48,2,0,3,25,11,12,35,123,14,0,1,23,31,34,3,0,0,5,18,69,123,121,1,0,0,0,3,6,99,123,49,123,0,0,0,11,5,6,36,123,3,0,5
0,0,0,0,1,35,123,46,8,0,0,2,3,32,123,77,12,3,4,8,6,47,112,30,4,3,8,38,15,32,48,8,19,3,0,0,23,123,56,30,123,28,0,11,10,31,52,123,39,5,1,31,71,62,63,54,6,4,7,26,14,15,117,109,54,37,14,11,49,87,2,3,123,66,5,2,10,46,52,47,14,1,0,5,53,123,84,14,24,7,2,17,22,19,56,88,64,43,9,3,8,13,2,5,34,47,13,13,23,14,2,4,4,9,24,12,39,23,3,4,52,29,4,9,13,11,2,5
126,30,0,9,63,0,0,0,62,3,0,49,139,0,0,3,139,3,0,3,7,1,0,25,23,0,0,0,48,19,0,5,137,11,0,12,48,1,1,21,49,4,1,78,139,0,0,2,139,4,0,8,17,1,0,18,33,0,0,1,90,29,0,4,77,0,0,1,14,3,9,116,26,6,1,52,139,9,8,18,139,13,1,14,22,1,0,12,32,0,0,6,96,10,0,5,55,8,0,0,0,0,2,68,30,3,1,28,39,3,3,26,119,5,1,15,11,5,13,29,16,0,0,4,36,77,32,11
24,106,118,0,0,4,7,28,59,99,30,0,3,26,7,26,110,3,0,0,0,1,3,109,15,0,0,0,0,0,2,43,23,15,14,0,0,16,74,118,100,45,11,2,5,44,57,36,47,25,10,9,25,21,7,115,27,0,0,0,0,1,48,118,55,22,3,1,4,28,28,27,118,53,3,5,10,18,18,29,33,8,10,11,41,70,11,26,72,7,0,0,2,9,57,56,25,105,118,5,3,6,1,1,65,118,76,23,4,1,0,0,3,7,78,99,23,4,0,0,55,26,5,31,12,14,5,7
1,14,25,0,0,1,14,8,13,36,56,7,2,1,3,8,28,137,129,2,0,0,0,0,2,106,135,19,27,0,0,0,4,3,1,0,0,3,51,22,107,18,3,0,0,0,11,69,146,89,22,0,0,0,0,13,45,49,45,29,106,0,0,0,19,7,1,0,0,0,13,41,146,27,0,0,0,0,4,53,146,15,0,0,0,0,0,19,83,4,0,32,77,0,0,2,13,27,32,39,1,1,4,13,126,49,17,14,0,0,4,53,146,74,0,0,0,0,0,15,56,13,0,14,17,0,0,0
26,2,0,21,54,7,10,40,58,0,0,0,0,2,9,152,22,0,0,0,0,0,0,31,0,0,0,0,0,0,0,0,12,0,0,29,152,49,20,21,152,1,0,0,18,18,22,134,127,0,0,0,0,0,0,19,0,0,0,0,0,0,0,0,27,13,3,22,152,6,0,2,152,93,3,7,37,1,0,6,124,22,0,0,0,0,0,0,0,0,0,0,0,0,0,0,15,15,4,71,152,0,0,4,152,77,4,16,13,0,0,67,50,12,0,0,0,0,0,27,0,0,0,0,0,0,0,0
50,1,2,2,9,9,14,116,22,0,0,0,0,0,66,116,8,0,0,0,0,0,15,44,0,0,0,0,0,1,6,7,46,5,3,2,14,37,46,62,116,17,0,0,0,8,84,107,60,2,0,0,0,51,99,59,0,0,0,0,0,38,114,45,38,32,27,79,40,11,6,4,116,57,1,2,1,87,41,29,32,1,0,0,0,116,116,69,15,4,1,0,9,103,97,49,8,7,20,116,26,1,1,2,14,13,50,73,14,89,19,9,18,25,29,15,30,65,30,24,70,17,5,0,16,40,43,32
19,5,2,1,11,116,57,12,15,5,16,69,13,61,92,10,20,12,20,35,13,31,38,25,31,15,51,11,4,3,8,61,56,9,12,12,45,51,22,52,116,20,56,96,1,0,0,54,41,73,116,116,0,0,0,2,23,116,116,2,0,0,0,3,76,54,59,15,5,0,5,36,116,93,55,7,0,0,0,24,64,62,104,47,0,0,0,3,5,92,43,2,0,0,0,0,75,24,44,21,19,2,1,31,116,106,15,0,0,0,0,12,17,52,7,0,0,0,0,0,0,8,2,0,0,0,0,0
60,66,4,5,6,0,0,0,52,12,0,47,147,6,0,3,147,1,0,6,23,1,0,24,32,0,0,0,0,0,0,2,64,23,2,1,10,3,2,18,55,4,1,29,147,49,0,9,147,7,1,6,32,10,0,15,49,0,0,0,0,0,0,1,40,0,0,2,4,5,79,112,51,10,6,89,114,17,1,51,147,36,6,26,22,7,1,25,50,0,0,0,0,0,0,3,86,57,31,0,0,4,42,58,95,26,0,7,112,33,1,35,147,2,0,2,39,17,1,38,47,0,0,0,0,0,0,2
45,109,17,14,0,0,0,0,37,63,48,73,2,0,1,7,144,144,9,1,0,0,0,7,58,48,0,6,20,7,0,0,94,56,0,1,2,10,0,3,80,19,7,8,3,16,6,16,144,51,1,0,1,9,2,36,34,10,0,0,13,144,24,6,37,28,0,0,2,27,5,1,112,15,0,0,1,14,4,9,144,22,0,0,27,45,6,25,22,3,3,4,75,144,18,26,2,1,0,0,5,7,8,9,55,1,0,0,2,3,9,34,87,1,5,1,19,32,135,78,11,5,7,17,58,46,62,36
66,68,0,0,0,0,0,0,114,56,0,0,0,1,2,22,131,30,0,0,0,0,1,47,9,2,0,0,0,0,0,2,74,89,0,0,7,3,0,0,51,20,1,0,38,58,21,63,131,5,0,0,1,7,10,131,32,0,0,0,0,0,0,8,69,50,0,0,28,39,1,0,96,47,0,0,80,105,2,6,131,118,0,0,1,4,1,14,37,7,0,0,0,0,0,0,27,10,0,0,11,127,22,3,131,96,0,0,17,62,8,7,131,123,0,0,0,0,0,0,8,5,0,0,0,0,0,0
53,67,0,0,0,0,0,0,105,127,0,0,0,0,0,0,127,127,0,0,0,0,0,0,10,11,0,0,0,0,0,0,60,127,0,0,0,0,0,1,127,127,0,0,0,0,0,20,100,83,0,0,0,0,0,5,3,1,0,0,0,0,0,0,26,86,3,0,19,38,6,4,127,23,0,0,7,33,22,127,127,10,0,0,0,0,0,38,0,0,0,0,0,0,0,0,21,32,0,0,34,114,3,0,127,127,0,0,8,31,4,15,102,41,0,0,0,0,0,2,0,0,0,0,0,0,0,0
28,0,0,12,12,0,7,60,112,2,0,20,25,0,0,16,164,30,8,1,0,0,0,30,14,11,18,4,0,0,8,34,70,12,8,62,20,0,0,18,148,14,3,38,18,0,0,9,164,50,20,6,0,0,0,9,33,22,61,53,12,2,0,0,15,24,100,86,16,0,0,0,94,23,21,41,38,0,0,3,164,9,1,3,4,3,2,49,57,4,4,12,30,67,4,15,0,8,91,78,39,0,0,0,32,3,10,83,86,0,0,3,164,6,2,6,3,3,5,78,26,0,0,0,3,48,15,28
0,0,0,13,25,4,22,36,89,0,0,22,38,0,0,30,165,0,0,0,0,0,2,139,16,0,0,0,1,2,18,64,30,0,1,24,14,1,15,85,107,2,0,29,41,0,0,29,165,33,7,2,1,0,0,40,32,18,23,5,0,0,11,51,53,10,11,99,33,0,0,15,129,19,6,39,18,0,0,12,165,48,14,9,3,0,0,9,61,30,64,51,11,3,0,1,7,14,85,91,18,0,0,0,49,23,35,44,32,0,0,1,165,9,0,5,8,1,1,38,72,4,2,8,20,54,5,17
0,0,1,34,6,0,0,0,59,17,4,14,1,0,0,2,90,55,4,0,0,0,0,2,5,20,8,6,16,6,0,0,0,0,14,148,25,0,0,0,65,8,16,103,7,0,0,9,148,41,7,6,4,0,0,12,8,11,6,17,65,5,0,0,0,0,29,148,12,0,0,0,23,5,22,148,40,0,0,0,148,14,7,29,14,0,0,16,26,3,1,54,77,4,0,2,0,0,1,124,28,0,0,0,3,0,0,148,148,0,0,0,148,4,1,34,44,0,0,26,58,3,2,76,20,0,0,8
7,47,17,10,9,6,4,3,41,34,21,23,5,0,2,17,146,42,17,11,5,3,4,14,3,14,56,70,44,16,23,1,92,32,8,6,1,0,1,27,48,28,27,41,17,0,0,3,152,51,17,2,0,0,0,8,67,85,132,44,11,0,0,0,147,13,0,0,1,0,0,40,53,6,1,16,23,0,0,9,152,8,0,2,2,0,0,16,152,98,13,0,0,0,0,8,73,82,1,1,0,0,0,3,28,18,2,10,23,0,0,0,152,8,0,1,3,0,0,9,152,4,0,0,0,0,0,23
69,18,0,0,16,149,11,8,149,34,0,5,18,12,7,23,21,5,2,27,91,34,6,2,5,3,2,2,3,25,41,3,116,86,0,0,4,44,1,0,149,38,0,3,23,5,0,14,30,1,0,19,149,34,2,4,1,1,0,0,27,28,15,4,102,88,3,3,0,0,0,0,149,32,0,1,22,5,0,8,35,1,0,4,149,34,0,3,0,4,1,3,46,8,3,4,62,38,3,11,3,0,0,1,149,16,0,1,16,6,8,33,17,2,1,4,144,34,10,9,3,19,5,2,20,7,0,0
0,47,33,0,0,33,11,0,13,21,9,0,0,45,68,24,20,4,0,0,1,8,15,25,0,0,0,0,6,65,8,0,9,6,1,0,0,126,106,6,126,15,0,0,0,79,90,58,80,13,0,0,5,54,32,18,0,0,0,0,66,126,7,0,72,34,0,0,0,126,64,10,126,83,5,6,4,12,29,38,26,6,2,7,9,60,115,25,2,2,0,1,115,86,21,4,126,56,0,0,1,12,3,9,108,85,6,12,19,23,15,15,17,27,6,16,33,19,6,2,4,11,2,8,123,16,0,0
4,8,0,0,22,135,9,4,135,1,0,0,3,99,36,89,49,1,0,1,8,77,50,35,1,0,0,10,108,48,11,2,28,2,0,0,60,135,6,6,135,56,3,4,3,27,10,39,52,31,10,40,33,34,22,15,21,17,1,35,82,5,5,3,40,1,0,1,100,58,4,17,135,13,0,0,1,9,23,121,49,5,1,5,20,50,48,56,39,3,0,5,89,8,2,13,31,5,0,1,114,12,0,5,113,28,3,0,0,0,9,60,52,6,3,0,0,1,20,69,28,0,0,1,46,16,5,25
147,40,0,0,1,4,0,2,164,14,0,3,2,0,0,1,105,18,6,13,8,0,0,3,100,7,0,0,0,0,0,2,110,67,0,0,0,8,3,6,164,35,8,2,0,3,1,16,87,87,84,11,1,0,0,0,44,51,8,0,0,0,0,0,45,27,0,0,13,39,5,14,164,7,0,0,1,12,6,71,122,21,12,0,0,1,32,46,9,9,1,0,0,0,2,20,23,3,0,0,31,68,3,10,164,5,0,0,5,16,8,59,104,1,0,0,9,15,55,63,54,0,0,0,0,0,2,31
38,0,0,4,23,3,4,69,52,0,0,3,99,9,2,26,161,5,1,0,5,1,0,34,34,7,16,10,0,0,0,0,65,3,10,60,38,5,2,53,94,1,0,1,108,28,3,26,161,10,0,0,11,2,0,7,63,35,10,1,0,0,0,0,11,3,16,105,72,40,7,5,76,7,1,3,35,48,24,13,161,15,0,0,3,1,0,8,102,50,1,0,0,0,0,1,1,4,7,13,108,74,1,0,61,92,16,3,16,16,6,7,161,101,4,0,0,0,0,3,105,11,0,0,0,0,0,11
35,0,0,6,85,7,2,25,169,4,0,0,10,1,1,52,61,9,22,12,0,0,0,2,0,4,14,3,0,0,0,0,65,1,1,2,96,20,3,31,169,4,0,0,21,3,0,21,122,44,10,1,0,0,0,2,0,55,21,0,0,0,0,0,44,4,2,6,37,45,22,14,169,9,0,0,6,4,0,22,169,57,0,0,0,0,0,7,21,60,9,0,0,0,0,1,41,60,11,4,26,21,6,7,169,115,4,0,0,0,0,7,169,20,0,0,0,0,0,20,32,3,0,0,0,0,0,12
4,0,0,0,112,28,1,6,117,0,0,0,16,10,2,52,122,0,0,0,0,0,0,67,55,5,4,11,2,0,0,24,9,0,0,0,122,49,0,1,122,12,0,0,26,10,0,17,122,4,0,0,1,2,0,69,122,30,20,4,0,0,0,53,20,3,0,0,108,63,0,0,122,35,0,0,15,9,0,2,82,3,0,0,14,23,2,58,122,4,0,0,0,4,4,122,30,25,0,0,61,45,0,0,115,80,0,0,8,3,0,0,16,6,0,0,51,29,1,18,122,0,0,0,6,11,4,122
0,7,77,18,2,0,0,0,0,0,52,48,38,12,0,0,75,43,15,19,11,5,1,1,116,22,0,0,0,0,0,14,0,3,21,9,34,14,0,0,11,0,2,6,116,107,5,5,116,59,0,0,9,25,8,14,116,29,0,0,0,0,1,30,0,0,0,0,57,76,3,2,26,0,0,0,116,116,7,24,116,25,0,0,5,14,67,116,23,7,0,0,0,0,115,105,0,0,0,0,80,56,6,2,1,0,0,10,116,68,5,14,6,0,2,7,5,8,98,86,11,2,0,0,0,1,116,102
1,25,45,6,1,3,20,4,88,13,38,14,0,0,8,47,137,12,1,0,0,0,0,33,36,14,16,4,0,0,0,0,0,90,137,32,4,0,0,0,56,28,113,137,54,0,0,1,137,13,5,13,5,0,0,27,57,2,0,0,0,8,7,14,0,17,93,77,34,0,0,0,10,11,15,108,137,1,0,0,137,26,7,23,19,0,4,32,32,0,0,0,0,26,49,28,0,0,4,103,53,0,0,0,0,0,0,92,137,3,0,0,16,3,1,10,37,17,46,32,2,0,0,0,0,41,108,17
0,0,4,9,49,58,1,0,37,22,0,3,21,47,10,7,120,88,0,0,0,0,0,1,115,17,0,0,0,0,0,4,6,0,0,0,73,120,3,4,120,65,0,0,11,41,10,31,106,76,0,0,0,0,18,36,92,6,0,0,0,0,5,64,6,0,0,0,71,120,6,16,86,4,0,0,3,15,69,120,17,2,0,0,0,0,120,120,8,0,0,0,0,3,66,120,0,0,1,16,87,19,0,2,0,0,4,20,4,3,39,34,25,9,3,2,0,1,65,113,50,7,0,0,0,0,25,120
0,0,0,0,0,21,133,9,3,6,2,0,0,12,133,12,5,14,9,0,0,16,131,20,1,5,14,5,18,25,23,5,30,12,0,0,5,36,76,11,92,133,39,0,0,0,50,20,13,98,133,2,0,0,11,9,1,55,133,2,0,0,1,1,52,6,0,2,19,6,2,27,133,45,5,0,0,0,0,97,96,71,48,1,0,0,0,24,4,109,75,0,0,0,0,0,19,27,43,11,7,0,0,3,133,56,7,0,0,0,0,14,133,45,0,0,0,0,1,23,27,54,13,0,0,1,2,17
5,2,0,0,72,59,30,10,83,2,0,0,79,61,16,56,58,5,2,17,44,77,41,50,118,9,2,3,2,9,13,78,10,2,0,0,52,118,57,36,118,47,0,2,43,92,8,22,72,35,14,47,40,36,13,19,118,56,10,6,1,2,10,65,16,1,0,0,74,74,20,22,118,11,0,0,26,37,17,118,40,17,24,11,15,86,37,58,41,36,11,0,0,6,29,115,4,5,4,16,76,15,3,4,118,47,5,10,27,5,1,41,64,27,30,6,2,2,4,43,9,37,15,0,0,24,22,12
71,5,5,26,1,0,3,81,23,8,4,2,5,45,73,73,37,53,12,2,6,32,18,3,19,85,23,1,1,3,2,0,31,1,3,129,56,0,0,31,129,37,8,10,2,0,0,46,49,129,17,0,0,0,0,1,57,100,17,0,0,0,0,1,6,1,3,129,129,8,21,24,129,17,18,94,20,0,0,31,129,54,0,0,0,0,0,14,58,39,0,0,0,0,1,3,32,2,5,63,29,4,29,97,46,6,33,129,11,0,0,12,129,13,4,20,1,0,0,59,29,16,8,1,0,0,0,13
0,0,0,0,47,114,3,0,72,17,0,0,27,95,11,10,91,56,10,5,34,11,2,5,21,15,4,3,21,7,10,26,2,0,0,0,55,116,24,7,116,43,0,0,26,85,15,27,107,21,0,0,28,66,51,20,16,17,13,1,21,19,19,34,22,3,0,0,59,116,20,12,116,11,0,0,22,66,46,60,99,5,0,0,7,74,116,64,102,32,9,6,2,3,9,25,59,42,0,0,9,116,21,6,74,60,3,18,36,24,8,6,116,45,16,16,23,15,9,12,116,22,2,4,8,5,4,12
121,101,2,0,0,0,2,28,113,100,12,0,0,0,3,71,7,33,45,6,3,13,7,11,1,5,10,3,2,6,5,3,47,52,48,36,8,5,22,69,121,48,14,4,1,2,15,121,41,3,0,0,4,67,20,37,37,4,0,0,0,19,15,20,20,89,121,37,2,0,0,1,86,121,102,9,15,28,1,7,39,10,1,0,12,120,22,14,114,33,0,0,1,9,7,12,85,39,11,0,0,6,10,27,7,22,18,3,55,120,14,4,61,32,0,0,27,77,12,10,121,31,0,0,1,1,2,10
105,10,13,104,40,0,0,16,120,13,1,0,0,0,0,45,120,57,27,1,0,3,7,27,10,38,42,4,23,81,12,4,44,10,10,120,88,6,1,14,120,16,4,10,11,0,1,31,117,4,0,0,0,28,89,74,14,43,3,0,7,100,75,11,17,18,3,16,85,44,10,15,119,82,10,5,16,2,4,7,26,78,10,0,0,20,30,11,50,120,1,0,0,4,8,2,24,71,17,1,9,41,11,6,46,115,35,0,0,0,0,3,13,120,30,0,0,0,0,0,27,69,0,0,0,0,2,5
0,7,10,27,157,8,0,0,83,34,0,8,146,5,0,0,42,24,0,2,4,11,2,0,0,1,5,7,3,7,13,7,3,2,2,3,157,85,0,1,157,15,0,0,126,37,1,8,41,15,3,6,30,19,2,2,1,19,15,9,4,8,9,5,12,1,0,32,157,74,0,1,157,8,1,9,81,26,5,19,21,5,2,5,10,9,32,35,5,10,3,6,2,8,8,20,5,1,1,101,157,0,0,0,95,19,5,39,80,4,0,10,9,7,21,19,12,10,12,24,1,1,8,7,0,5,21,34
55,1,0,0,74,28,3,15,45,3,0,0,22,62,7,9,79,2,0,0,8,45,24,39,101,2,0,0,0,0,0,41,35,0,0,0,108,39,17,51,31,1,0,0,12,123,48,41,123,6,0,0,3,51,20,60,123,2,0,0,0,0,0,40,1,0,4,39,107,31,11,15,25,63,18,13,30,97,16,10,123,111,2,0,1,8,2,21,123,46,0,0,0,0,0,15,0,3,62,88,27,0,0,0,2,99,123,23,5,0,0,0,22,123,49,0,0,0,0,0,35,108,2,0,0,0,0,0
0,0,0,0,88,89,0,0,4,0,0,0,65,126,45,11,21,7,10,0,0,9,57,83,39,2,6,0,0,0,2,126,0,0,0,39,126,28,0,0,29,2,5,92,126,23,4,13,126,44,38,16,5,1,2,22,30,13,54,52,0,0,0,79,0,0,10,125,70,0,0,0,8,6,60,126,22,0,0,0,126,33,43,78,1,0,0,19,50,5,15,60,2,0,0,21,0,0,20,71,8,0,0,0,0,0,46,126,1,0,0,0,21,15,48,121,2,0,0,3,31,24,23,8,0,0,0,7
11,0,0,0,6,30,66,129,26,0,0,0,78,129,35,28,129,3,0,0,5,7,3,68,39,0,0,0,0,4,13,28,11,0,1,1,1,9,39,129,48,6,0,0,33,49,25,48,129,6,0,0,2,1,0,56,56,0,0,0,2,8,14,38,63,5,20,73,12,1,4,109,114,42,2,0,0,3,4,81,129,56,0,0,0,0,0,19,50,23,2,0,0,3,10,26,15,3,7,48,59,13,11,12,129,32,0,1,9,5,10,76,124,50,0,0,0,0,0,9,60,129,0,0,0,0,0,0
1,0,0,0,50,122,33,6,18,4,6,0,1,17,73,93,68,1,4,0,0,0,4,129,20,0,0,0,0,2,4,108,16,1,3,64,129,30,4,8,129,43,37,20,10,3,4,23,50,16,56,58,0,0,0,129,43,0,2,5,0,0,3,129,5,3,39,129,24,0,0,0,129,35,40,88,4,0,0,15,59,8,21,88,5,0,0,23,89,11,14,35,1,0,0,60,0,0,32,107,2,0,0,0,21,16,50,118,3,0,0,3,32,28,32,15,1,0,0,6,23,7,17,20,0,0,0,5
46,10,0,0,9,42,3,4,38,3,0,0,6,66,38,34,133,5,0,0,0,0,6,63,50,8,2,0,0,0,0,10,27,0,0,0,5,133,57,28,133,17,0,0,3,76,33,39,133,19,0,0,0,0,0,23,100,3,0,1,0,0,0,21,27,36,4,2,11,131,42,13,133,72,0,0,0,15,11,26,133,23,0,0,0,0,0,21,96,10,0,0,0,0,0,19,5,107,84,12,8,7,0,0,78,133,24,0,0,0,0,1,95,127,1,0,0,0,0,1,26,46,3,0,0,0,0,1
149,22,1,2,3,0,0,1,8,4,2,34,74,3,0,0,21,28,31,125,22,0,0,0,3,3,10,149,35,0,0,9,149,20,0,0,2,9,5,13,16,2,0,7,69,84,6,6,124,18,4,14,14,16,2,9,15,6,5,149,59,0,0,0,149,1,0,0,1,11,47,101,22,7,1,0,33,61,36,15,149,18,1,0,5,5,0,4,28,3,3,52,9,0,0,1,145,18,1,0,0,0,8,39,60,14,1,0,0,1,6,17,120,22,0,0,0,0,0,0,21,3,0,1,0,0,0,1
0,0,0,56,50,0,0,0,1,1,3,48,47,3,0,0,3,22,66,80,17,0,0,0,0,3,30,134,124,0,0,0,0,0,0,50,43,0,1,0,16,3,1,84,82,4,0,4,100,45,27,17,4,0,0,8,8,10,18,134,134,0,0,0,0,0,0,12,11,1,56,65,7,2,2,101,70,3,9,7,95,10,3,24,17,0,2,45,13,1,0,73,66,3,4,23,0,0,6,3,0,0,134,134,0,0,0,10,26,11,134,129,6,0,0,6,27,17,67,70,10,0,0,9,5,0,9,84
98,5,11,96,26,0,0,62,151,2,0,1,0,0,1,151,41,0,0,0,0,18,25,72,0,0,0,0,0,23,12,0,41,27,14,104,59,0,0,5,151,69,7,10,1,0,0,66,114,2,0,0,0,9,40,61,0,0,0,0,0,16,30,4,16,24,18,70,14,0,0,0,151,65,8,7,0,0,5,29,51,1,0,0,0,1,90,49,0,0,0,0,0,3,70,20,5,6,6,44,13,11,4,1,55,13,2,3,0,13,78,33,5,0,0,0,0,19,151,24,0,0,0,0,0,41,151,6
16,0,0,1,127,44,15,24,100,11,1,0,1,2,9,74,21,7,4,1,0,0,0,54,12,0,0,0,0,0,0,37,45,0,0,7,148,14,0,7,148,49,12,5,6,0,0,15,34,29,34,77,0,0,0,6,40,8,3,13,0,0,0,17,37,0,0,38,148,0,0,2,148,9,3,4,7,0,0,47,107,12,14,119,11,0,0,13,22,13,8,61,8,0,0,0,12,0,0,31,148,0,0,3,148,0,0,1,13,0,0,64,148,2,1,35,9,0,0,30,4,1,1,76,19,0,0,0
73,106,12,0,0,0,17,30,62,132,5,0,0,0,0,1,34,65,77,68,0,0,0,0,133,57,37,26,0,0,0,19,9,133,37,1,0,0,0,0,52,78,12,5,1,0,0,1,133,29,11,14,6,0,0,4,133,16,9,19,12,1,0,17,4,88,10,2,8,7,0,0,34,6,5,7,11,10,0,4,133,7,1,2,7,0,0,16,133,119,7,6,14,1,0,7,3,8,0,4,19,2,0,0,17,0,0,2,20,7,1,10,133,19,0,0,0,0,0,29,133,133,2,0,0,0,0,1
9,0,0,0,108,167,30,20,167,7,0,0,4,16,16,86,83,33,53,22,2,5,1,5,1,7,121,70,7,13,5,0,43,0,0,0,86,154,25,26,167,14,0,0,0,1,7,56,167,62,10,0,0,0,0,1,42,34,65,11,0,0,0,1,30,0,0,0,20,36,0,6,167,1,0,0,0,0,0,21,121,16,0,0,0,0,0,5,23,11,0,0,0,0,0,3,0,0,0,0,0,0,0,0,0,0,0,0,0,0,0,0,0,0,0,0,0,0,0,0,0,0,0,0,0,0,0,0
31,2,0,0,7,12,5,17,145,2,1,1,0,1,1,51,20,2,2,6,0,0,1,79,17,18,2,4,0,0,0,36,35,2,1,4,44,7,0,9,145,21,6,5,1,0,0,28,55,45,43,56,0,0,0,14,56,145,12,3,0,0,0,13,18,4,1,7,46,6,1,6,145,32,2,1,0,1,1,58,123,145,52,12,0,0,0,8,5,145,22,0,0,0,0,0,6,57,1,0,23,12,0,0,145,145,2,0,0,0,0,6,92,145,1,0,0,0,0,0,1,22,0,0,0,0,0,0
0,0,1,62,102,3,2,0,58,71,22,56,28,0,0,0,166,166,1,0,0,0,0,0,61,40,0,0,0,0,0,0,2,8,8,51,31,5,7,2,117,28,18,114,17,0,0,10,166,63,2,2,0,0,0,45,52,9,1,0,0,0,0,4,16,47,18,14,0,0,0,0,47,41,76,112,1,0,0,1,166,47,20,11,0,0,0,41,68,0,0,0,0,0,0,17,33,45,1,0,0,0,0,0,31,26,33,20,0,0,0,0,166,16,17,11,0,0,0,33,77,0,0,0,0,0,0,24
0,0,18,13,0,1,32,4,34,10,22,4,0,0,21,10,153,12,0,0,0,0,1,9,36,3,0,0,0,0,0,0,1,1,3,0,0,1,105,44,44,8,16,0,0,0,90,56,153,10,1,0,0,0,6,60,49,1,0,0,0,0,0,2,14,5,6,0,1,1,32,153,64,57,65,0,0,0,8,126,153,80,12,0,0,0,0,18,47,3,0,0,0,0,0,1,8,1,2,20,4,0,14,118,44,5,1,0,0,0,44,153,153,9,0,0,0,0,5,153,36,1,0,0,0,0,0,4
136,10,1,12,13,0,0,23,128,1,0,0,0,0,4,69,145,2,0,0,0,0,0,64,20,2,0,0,20,6,0,2,112,19,2,4,4,2,13,73,115,2,0,0,0,0,13,95,145,7,0,0,0,1,0,53,37,0,0,0,29,34,0,3,145,38,0,0,0,0,1,34,145,25,0,0,0,0,0,17,145,40,0,0,3,3,0,9,26,3,0,0,41,32,0,2,64,68,0,0,0,0,0,0,145,19,0,0,0,0,0,5,145,7,0,0,1,3,2,29,13,10,1,0,15,12,2,6
152,1,0,0,0,0,0,60,128,9,0,0,0,6,7,64,40,76,0,0,1,9,10,22,19,21,0,0,0,12,22,26,152,5,0,1,3,0,0,53,152,38,0,0,0,0,0,57,82,80,0,0,4,5,0,2,2,6,0,0,15,67,5,0,152,24,1,4,3,0,3,43,152,8,0,0,0,0,2,76,118,12,0,0,21,15,0,5,1,4,0,0,62,55,0,0,105,17,0,0,0,0,2,43,152,56,0,0,0,1,1,26,83,13,0,0,24,52,0,1,2,28,1,0,26,34,0,0
19,0,0,14,28,0,0,57,20,4,0,36,101,0,0,0,67,12,1,16,40,0,0,0,52,0,0,18,61,1,0,19,110,0,0,2,23,1,1,137,27,1,0,29,134,1,0,16,107,6,0,20,40,0,0,5,38,1,0,46,89,0,0,11,137,0,0,0,3,0,1,137,46,3,0,25,69,8,9,107,101,15,2,19,21,1,0,3,20,2,1,73,67,0,0,2,122,0,0,0,0,0,0,137,100,0,0,0,5,5,9,137,89,3,0,2,3,2,1,19,20,1,0,48,36,0,0,1
72,0,0,0,11,2,0,30,13,0,0,0,67,21,0,7,2,5,5,83,114,6,0,0,0,0,0,113,134,2,0,0,105,0,0,0,26,5,0,27,34,0,0,0,70,40,1,11,68,15,6,61,63,7,1,6,2,1,1,134,134,0,0,0,121,1,0,0,39,4,0,6,47,1,0,0,83,29,0,4,134,15,0,17,36,3,0,2,9,2,1,134,134,0,0,0,71,10,0,3,28,6,0,2,39,1,0,0,46,32,1,4,116,13,0,3,7,2,0,8,7,1,0,115,92,0,0,1
0,140,76,0,0,0,0,0,105,140,26,0,0,0,0,3,140,140,0,0,0,0,0,15,29,21,0,0,0,0,0,3,8,108,69,4,0,0,0,3,86,91,23,2,0,0,14,68,140,28,0,0,0,0,1,122,48,1,0,0,0,0,0,16,1,6,106,32,0,0,1,1,54,52,80,27,0,0,4,11,140,83,4,0,0,0,0,17,65,6,0,0,0,0,0,3,0,0,8,4,0,0,28,20,26,15,22,5,0,0,8,23,140,13,1,0,0,0,1,64,49,0,0,0,0,0,0,23
126,0,0,0,22,3,0,24,34,0,0,0,93,35,1,9,125,6,1,17,28,8,0,13,18,2,1,132,132,0,0,0,132,2,0,1,41,4,0,14,51,0,0,0,119,38,1,7,132,20,0,4,21,5,0,2,38,7,0,132,132,0,0,0,117,18,1,9,37,7,1,4,46,0,0,0,89,57,2,9,132,7,0,0,7,6,0,34,38,2,0,65,59,2,0,11,40,16,1,3,21,6,0,0,24,5,0,1,80,17,0,3,132,15,0,0,3,1,0,25,47,3,0,7,20,1,0,8
23,7,0,8,130,8,0,4,130,0,0,0,29,8,1,44,34,1,0,0,76,45,1,12,23,16,8,55,68,9,0,2,23,8,1,11,130,11,0,1,130,3,0,0,58,10,0,13,61,1,0,0,109,58,1,7,130,16,1,25,47,8,0,5,18,5,0,4,130,24,0,0,130,18,0,1,59,16,0,4,64,6,0,0,98,58,1,4,130,35,0,9,21,2,0,0,7,7,1,9,125,18,0,0,84,28,2,6,38,17,2,2,57,2,0,0,55,47,2,7,130,8,0,1,3,1,0,16
42,30,1,10,72,3,0,0,54,21,1,3,107,20,1,7,137,14,0,0,16,8,1,13,15,2,0,0,2,2,0,0,83,31,0,4,77,6,0,0,80,17,0,12,137,4,0,1,137,13,0,2,48,10,1,14,22,1,0,0,81,35,0,2,80,44,2,10,47,4,1,1,57,17,1,46,137,0,0,0,137,7,0,9,55,14,1,21,16,0,0,1,137,53,1,5,87,25,0,4,7,2,1,10,27,8,1,56,130,0,0,0,137,2,0,15,56,5,0,23,15,0,0,6,118,28,3,10
28,12,0,2,136,10,0,0,136,30,0,0,39,5,0,3,61,8,0,0,80,53,1,3,0,0,0,0,16,12,0,0,23,14,1,26,136,2,0,0,136,29,0,8,43,9,0,6,50,1,0,0,136,98,1,5,0,0,0,4,43,21,0,0,16,6,0,39,136,0,0,0,136,9,0,10,54,8,0,15,32,0,0,1,136,75,5,11,15,6,2,3,18,14,4,14,8,2,0,34,121,0,0,1,131,9,0,18,46,0,0,3,36,2,0,16,136,15,2,7,75,21,0,0,27,6,2,18
103,4,3,35,44,6,0,46,100,0,0,32,70,0,0,66,53,0,0,29,69,1,1,70,60,0,0,3,25,2,1,69,48,10,9,34,25,2,0,10,128,12,5,31,37,0,0,33,42,1,1,79,128,1,1,36,102,0,0,1,24,3,1,110,32,4,1,2,1,1,2,10,128,18,1,13,17,0,0,7,42,6,1,92,128,1,0,10,128,0,0,10,49,3,0,77,10,1,0,0,0,0,0,0,128,16,0,4,5,0,0,3,36,5,1,65,128,0,0,3,103,0,0,19,77,1,0,32
28,12,0,2,136,10,0,0,136,30,0,0,39,5,0,3,61,8,0,0,80,53,1,3,0,0,0,0,16,12,0,0,23,14,1,26,136,2,0,0,136,29,0,8,43,9,0,6,50,1,0,0,136,98,1,5,0,0,0,4,43,21,0,0,16,6,0,39,136,0,0,0,136,9,0,10,54,8,0,15,32,0,0,1,136,75,5,11,15,6,2,3,18,14,4,14,8,2,0,34,121,0,0,1,131,9,0,18,46,0,0,3,36,2,0,16,136,15,2,7,75,21,0,0,27,6,2,18
103,4,3,35,44,6,0,46,100,0,0,32,70,0,0,66,53,0,0,29,69,1,1,70,60,0,0,3,25,2,1,69,48,10,9,34,25,2,0,10,128,12,5,31,37,0,0,33,42,1,1,79,128,1,1,36,102,0,0,1,24,3,1,110,32,4,1,2,1,1,2,10,128,18,1,13,17,0,0,7,42,6,1,92,128,1,0,10,128,0,0,10,49,3,0,77,10,1,0,0,0,0,0,0,128,16,0,4,5,0,0,3,36,5,1,65,128,0,0,3,103,0,0,19,77,1,0,32
78,19,0,2,24,8,0,1,35,12,0,0,56,29,3,2,45,25,0,0,8,10,2,4,2,1,0,0,0,0,0,0,85,66,3,8,43,1,0,0,50,16,2,4,161,44,3,13,161,25,0,0,13,12,3,27,49,7,0,0,0,1,0,0,109,54,1,5,51,1,0,0,64,12,0,9,161,14,0,2,161,25,0,0,26,4,0,8,65,6,0,1,62,27,1,2,94,37,0,6,43,0,0,0,45,6,0,18,161,0,0,0,161,7,0,3,23,4,1,22,39,0,0,0,115,57,2,9
42,24,2,2,75,20,1,4,150,22,0,0,24,13,2,16,31,5,0,0,0,1,0,0,0,0,0,0,0,0,0,0,60,23,1,7,150,9,0,1,150,25,0,1,61,10,0,10,62,6,0,0,79,38,1,3,0,0,0,0,4,2,0,0,51,18,0,26,150,0,0,0,150,12,0,9,67,13,1,19,45,0,0,1,150,92,2,9,0,0,0,2,27,10,0,0,25,10,1,48,127,0,0,0,150,6,0,16,61,7,0,21,29,0,0,3,150,55,4,11,12,5,2,3,12,7,3,9
1,0,5,10,4,5,12,17,119,7,3,9,4,5,2,42,108,155,134,67,8,0,0,13,4,84,81,5,0,0,0,0,0,0,12,37,4,4,3,1,173,9,5,21,2,1,0,31,173,93,7,0,0,0,0,31,40,31,3,0,0,0,0,0,0,0,31,23,2,4,3,1,141,31,21,15,2,1,0,5,173,24,0,0,0,0,0,21,22,0,0,0,0,0,0,0,0,0,8,5,1,7,21,6,64,3,5,5,4,19,9,32,170,1,0,0,0,0,0,75,1,0,0,0,0,0,0,0
0,0,0,0,0,0,7,8,3,0,0,0,0,21,138,69,1,0,0,0,66,138,91,15,6,0,0,0,44,136,5,4,25,1,0,0,0,0,31,63,138,17,0,0,1,8,115,138,48,2,1,0,78,138,44,37,10,3,5,4,29,27,0,6,121,20,0,0,0,1,19,24,138,49,0,0,1,16,9,25,40,4,1,0,26,84,13,16,14,6,6,16,17,3,0,7,138,32,0,0,3,1,1,2,138,21,0,0,0,10,8,14,20,1,0,0,0,24,12,20,19,0,0,4,14,0,1,25
0,34,19,3,2,0,0,0,19,14,23,16,7,9,4,8,160,119,8,1,0,0,1,14,66,39,0,0,0,0,0,0,0,6,9,4,17,21,0,0,50,2,0,2,60,84,17,34,160,10,0,0,1,7,8,71,90,5,0,0,0,0,0,1,0,0,1,6,31,91,6,0,72,37,3,7,52,64,8,4,160,83,1,1,2,1,0,7,88,5,0,0,0,0,0,1,0,1,48,110,26,13,1,0,42,139,61,25,3,5,2,0,160,160,3,0,0,0,0,0,34,11,0,0,0,0,0,1
9,0,0,0,0,0,35,71,63,4,0,0,0,0,43,85,92,10,1,2,1,0,1,81,6,1,0,11,11,0,0,12,38,9,0,0,0,0,3,40,130,27,0,0,0,4,5,21,55,3,0,0,0,27,50,130,7,0,0,2,5,1,17,122,64,30,0,0,0,0,13,41,50,25,0,0,2,39,60,20,15,1,0,0,44,130,86,96,70,25,2,0,3,15,65,130,6,0,0,0,0,0,42,68,2,15,3,0,4,28,98,37,17,123,92,19,66,83,19,11,97,130,57,2,5,6,5,37
10,40,10,19,112,4,0,1,14,111,45,10,3,0,0,0,0,14,42,66,15,0,0,0,0,13,33,9,0,0,0,0,64,15,5,16,112,50,17,83,112,52,10,17,3,0,0,44,6,8,27,112,13,0,0,0,0,29,47,27,0,0,0,0,39,63,112,112,100,8,3,37,112,112,112,3,0,0,0,37,14,26,109,94,0,0,0,0,2,58,87,50,0,0,0,0,2,70,87,38,27,0,0,0,1,49,111,0,0,0,3,3,0,9,91,16,1,0,8,5,1,3,40,57,15,2,2,0
86,37,0,0,4,17,106,44,8,1,0,0,30,99,123,31,1,1,11,34,54,39,23,6,1,4,67,61,12,4,1,3,11,12,0,0,37,90,15,5,100,43,11,5,10,41,35,29,16,19,32,85,5,4,22,17,5,6,26,39,3,1,34,67,37,17,1,1,50,123,50,25,123,52,2,1,4,26,25,87,25,5,19,74,1,1,7,81,2,0,24,123,3,0,15,28,123,75,1,1,21,74,51,16,123,119,1,0,11,22,7,10,34,5,0,1,6,21,17,79,25,4,13,41,0,0,0,43
0,0,0,3,19,5,1,1,17,0,0,0,5,3,1,18,4,0,0,2,26,14,1,4,0,0,0,36,233,73,0,0,1,0,0,1,36,10,0,0,46,2,0,1,11,5,1,5,10,0,0,9,38,8,0,1,0,0,0,119,233,76,0,0,0,0,1,16,26,0,0,0,33,7,2,8,6,0,0,3,13,0,0,18,18,0,0,3,0,0,0,233,233,0,0,0,0,0,0,8,11,0,0,0,10,0,0,4,13,3,1,8,9,0,0,2,3,9,4,8,0,0,0,55,48,16,1,0
101,1,0,0,1,1,15,108,23,0,0,0,1,1,36,57,43,0,0,0,37,21,7,77,40,18,0,0,108,52,3,4,94,58,47,23,2,0,8,49,23,2,4,8,12,21,64,65,108,3,0,0,54,23,15,108,90,26,0,0,108,29,0,3,105,46,39,56,58,40,5,6,54,29,4,22,94,32,2,4,108,58,0,0,72,8,0,9,108,11,0,0,96,9,0,0,58,1,0,0,17,87,26,29,83,40,0,0,23,35,1,2,94,51,0,5,69,1,0,0,89,11,0,6,65,0,0,0
83,1,0,1,1,0,3,23,68,0,0,2,69,16,3,26,159,0,0,0,11,4,1,67,24,0,0,0,0,0,0,4,102,2,0,0,1,4,7,64,87,1,0,0,68,109,8,38,159,8,0,0,9,19,4,53,49,0,0,0,0,0,0,1,83,38,2,0,8,22,2,12,118,13,0,0,68,122,6,16,159,35,0,0,3,7,1,22,45,1,0,0,0,0,0,3,17,14,0,0,12,63,14,4,82,1,0,0,27,92,8,48,159,1,0,0,0,0,0,133,41,0,0,0,0,0,0,25
50,0,0,4,56,11,1,41,165,0,0,1,1,0,2,165,40,0,6,29,1,0,29,90,0,1,9,40,3,1,21,62,49,4,0,0,62,20,3,17,165,16,0,0,4,1,0,69,109,0,0,0,7,7,21,44,14,0,2,14,2,2,18,83,71,42,0,0,28,10,1,10,165,98,0,0,1,0,0,16,90,2,0,0,6,6,5,34,52,3,0,0,1,1,1,14,76,118,4,4,3,0,0,0,128,131,18,7,0,0,0,14,29,2,2,2,0,0,11,58,44,0,0,0,0,0,7,29
8,0,0,0,1,26,105,55,61,8,5,1,0,1,27,120,45,44,21,5,1,0,2,18,41,34,8,0,0,0,0,2,35,23,38,15,23,53,82,49,132,77,10,0,0,0,18,110,95,103,8,0,0,0,0,14,9,25,3,0,0,0,0,0,34,49,30,5,3,2,1,29,132,57,8,0,0,0,8,132,43,13,1,0,0,0,56,132,1,3,0,0,0,0,33,56,10,2,1,0,0,0,10,66,8,0,0,0,0,0,39,132,0,0,0,0,0,0,94,132,0,0,0,0,0,0,92,132
69,0,0,0,36,13,5,107,145,5,4,0,0,0,1,141,67,3,2,0,0,0,0,72,8,0,0,0,0,0,0,13,86,6,0,0,39,31,0,29,145,20,1,2,3,1,0,98,76,3,1,15,17,4,1,75,36,0,0,0,0,0,0,65,120,39,0,0,8,25,2,2,145,91,0,1,0,0,0,11,70,5,1,39,37,0,0,35,64,0,0,10,9,0,0,82,113,120,0,0,2,7,0,0,145,91,0,0,0,0,1,15,27,1,0,15,10,0,1,58,30,0,0,21,15,1,0,43
1,1,0,0,119,88,0,0,105,29,0,0,57,51,2,9,60,27,0,0,35,55,10,9,121,3,0,0,27,28,2,52,2,0,0,0,121,121,0,0,121,10,0,0,38,29,6,20,35,3,0,0,8,88,20,17,121,86,0,0,6,24,1,5,4,11,4,2,92,80,0,0,65,34,3,0,12,25,4,5,27,97,5,0,3,55,6,3,121,121,0,0,0,4,1,2,0,19,27,23,41,14,0,0,2,95,58,3,5,7,0,0,21,121,40,0,0,4,0,0,39,121,0,0,0,3,1,2
4,0,0,0,10,37,88,57,72,8,21,8,1,3,22,102,11,6,45,8,0,0,0,1,0,0,0,0,0,0,0,0,33,0,0,0,65,36,14,70,182,12,3,0,15,7,5,107,87,23,47,12,0,0,0,4,0,1,9,1,0,0,0,0,68,1,2,10,53,27,7,49,182,15,0,0,20,9,0,15,154,78,30,1,0,0,0,0,0,37,24,0,0,0,0,0,44,6,3,20,42,52,15,9,182,27,0,0,1,6,3,5,182,82,3,0,0,0,0,1,11,46,12,0,0,0,0,1
131,5,0,0,9,39,42,51,45,12,0,0,17,42,51,40,20,30,20,0,4,16,20,24,22,25,9,14,37,8,9,5,91,11,2,6,10,41,106,94,131,34,3,4,2,14,67,84,48,26,11,14,23,11,22,18,1,3,2,0,24,37,56,7,97,48,8,17,13,18,29,35,131,62,3,3,2,6,40,81,33,2,0,4,20,81,97,25,0,0,0,0,11,113,66,0,63,38,22,1,0,8,23,40,55,17,2,0,0,6,97,87,0,0,0,1,0,30,131,31,7,1,0,0,0,131,84,4
9,1,1,37,137,17,0,7,68,13,3,2,14,3,12,75,20,7,5,4,22,4,11,44,8,15,2,8,26,1,0,1,19,8,3,67,144,0,0,0,144,70,33,15,37,0,0,9,35,35,74,67,15,0,0,5,15,13,3,22,21,0,0,0,22,2,0,54,144,0,0,1,144,8,3,16,65,0,0,41,96,6,11,87,71,0,0,11,14,1,1,45,60,1,0,9,13,0,0,43,144,0,0,1,144,1,0,19,76,0,0,30,117,0,1,37,27,0,0,16,2,1,20,100,20,0,0,3
1,4,5,66,143,28,0,0,18,38,3,9,99,26,0,0,10,62,26,0,1,0,0,0,5,24,25,2,1,0,0,1,1,0,0,28,143,60,0,0,110,31,1,7,77,37,1,6,33,30,30,3,0,1,1,0,6,4,14,7,5,6,4,3,1,1,7,143,143,4,0,0,129,6,2,131,89,2,0,25,54,5,4,3,15,15,4,16,2,9,8,8,7,14,12,0,11,20,15,143,97,1,0,0,34,0,0,143,143,1,1,34,42,2,1,7,13,4,8,57,5,10,5,6,3,5,19,6
118,28,12,0,0,0,11,118,48,10,1,0,3,43,20,90,58,4,1,9,5,19,12,33,11,3,2,118,101,0,0,0,70,118,90,1,4,1,2,28,58,65,12,3,68,78,12,29,118,5,0,2,9,26,12,70,37,2,6,65,56,1,1,11,88,37,6,0,6,28,34,107,41,35,3,1,82,118,32,12,118,75,0,0,7,6,1,21,39,4,4,10,7,7,6,12,49,3,0,0,0,16,36,79,116,46,0,0,0,27,29,8,103,42,0,0,0,1,7,13,6,1,0,0,0,19,37,9
43,20,8,0,0,16,11,59,19,4,3,8,8,14,13,16,4,1,0,73,144,5,0,0,0,0,7,144,144,29,0,0,59,43,11,1,15,52,14,34,141,12,1,4,6,23,14,31,24,8,3,121,144,0,0,1,0,0,61,144,87,0,0,0,29,33,5,1,49,86,15,7,144,50,0,0,6,9,4,20,27,2,12,47,46,4,1,7,0,0,86,127,7,3,2,0,64,61,0,0,2,18,16,4,68,56,0,0,0,0,8,11,7,1,1,3,1,20,27,5,0,3,6,5,0,21,20,0
14,48,10,16,68,71,20,9,158,50,28,7,0,1,11,62,158,24,0,0,0,0,0,39,40,26,11,0,0,0,4,4,18,139,42,74,62,0,0,0,121,85,49,78,27,0,0,7,158,10,2,5,2,0,1,80,49,0,0,0,0,4,29,29,14,58,47,73,26,0,0,0,48,59,20,60,48,0,0,0,158,84,5,6,2,0,2,32,37,1,0,0,0,4,31,26,0,2,20,87,22,5,0,0,24,33,13,36,11,4,6,5,87,43,2,0,0,0,25,45,5,0,0,0,0,0,37,32
37,7,0,0,0,1,4,9,4,3,1,1,7,42,15,3,47,17,0,0,6,35,8,4,65,48,1,0,0,28,5,1,12,0,0,0,2,23,21,12,13,0,0,0,4,98,55,8,147,39,0,0,0,40,25,16,44,19,0,0,1,158,18,3,0,0,0,0,32,33,3,0,29,0,0,0,46,67,21,17,94,7,0,0,0,158,105,44,4,45,2,0,4,158,30,1,0,0,0,5,55,12,0,0,0,0,1,7,108,97,21,4,1,52,24,4,19,158,82,6,7,158,24,0,0,75,11,0
23,0,0,0,6,16,66,109,14,1,0,0,0,0,8,107,19,3,0,0,0,0,1,37,3,4,11,14,1,0,2,2,137,27,4,3,51,9,8,66,83,42,44,32,0,0,0,47,97,15,7,7,0,0,0,38,30,19,19,12,0,0,0,1,137,11,2,26,76,0,0,68,137,31,52,111,0,0,0,43,67,19,24,84,1,0,0,6,43,5,2,3,2,1,1,19,137,0,0,32,121,1,0,78,137,4,4,38,1,0,0,114,18,3,9,137,8,0,0,4,12,1,3,16,2,0,1,14
146,4,0,5,9,2,4,56,160,0,0,0,0,0,0,97,73,1,0,0,37,21,0,12,3,14,1,0,34,17,0,0,160,25,0,0,0,1,6,76,160,24,0,0,0,1,0,45,103,9,0,0,36,39,1,9,7,30,1,1,27,15,0,0,152,102,0,0,0,0,0,1,160,26,0,0,0,1,0,20,79,26,1,1,14,11,2,16,7,26,1,2,46,10,0,0,45,63,3,0,0,0,0,1,160,23,0,0,0,0,0,15,91,31,0,0,5,0,0,5,7,10,0,2,54,4,0,0
0,0,0,0,0,0,0,0,0,0,0,0,6,3,0,0,4,5,0,0,1,1,0,0,0,1,0,0,0,0,0,0,71,0,0,0,0,0,0,121,2,0,0,0,3,5,1,3,7,5,0,0,0,0,0,2,1,0,0,0,0,0,0,0,242,0,0,0,0,0,1,242,18,0,0,0,0,4,5,18,11,5,0,0,0,0,0,1,1,0,0,0,0,0,0,0,242,0,0,0,0,0,0,242,70,2,0,0,0,0,1,24,12,2,0,0,0,0,0,0,0,0,0,0,0,0,0,0
46,3,0,7,126,1,0,6,75,0,0,0,39,24,1,13,91,13,2,54,78,8,0,3,3,1,4,134,134,0,0,0,31,8,1,10,126,9,0,1,68,7,0,1,42,36,3,10,134,8,0,20,26,7,1,23,12,1,1,134,134,0,0,2,6,10,1,2,18,7,0,0,30,24,3,8,53,8,0,1,134,59,1,3,12,2,0,8,16,5,2,48,134,12,0,0,0,0,0,0,1,0,0,0,11,57,18,9,9,0,0,0,47,134,55,7,5,0,0,0,1,26,134,57,49,5,0,0
5,1,2,6,0,0,3,11,162,17,0,0,0,0,3,28,123,8,0,0,2,18,13,25,6,1,1,3,7,14,4,6,17,3,4,151,31,0,0,1,170,30,0,3,2,0,0,5,90,6,0,0,0,4,13,16,20,1,0,0,3,2,4,20,10,2,5,170,74,0,0,0,170,17,15,92,6,0,0,11,83,7,0,0,0,0,0,15,20,24,6,0,0,0,0,3,0,0,3,170,34,0,0,0,37,17,41,170,13,0,0,1,62,32,10,19,0,0,0,2,28,46,25,1,0,0,0,0
0,0,0,0,11,4,0,0,13,0,0,0,146,92,4,9,146,10,0,0,31,31,6,49,30,2,0,0,0,0,0,3,0,0,0,2,41,8,0,0,46,4,2,32,146,103,2,10,146,25,2,7,35,23,3,43,44,3,0,0,0,0,0,4,0,0,0,9,28,1,0,0,19,25,20,131,146,25,3,7,146,134,22,30,20,6,2,31,31,10,0,0,0,0,0,2,3,0,0,0,21,3,6,17,24,12,4,24,146,56,5,12,146,44,3,6,17,13,5,39,16,2,0,0,0,0,0,1
0,0,0,0,7,2,0,0,4,7,3,23,142,55,2,2,142,77,7,15,45,25,5,18,38,11,2,16,7,0,0,0,0,0,0,1,28,11,0,0,18,4,2,15,142,142,24,24,142,40,3,7,23,31,22,100,34,4,0,0,0,0,0,6,0,0,0,1,53,9,0,0,38,38,4,16,142,49,2,6,142,135,2,4,37,5,2,25,34,8,0,0,0,0,0,1,0,0,0,3,48,7,0,0,42,57,8,35,142,20,0,0,119,112,3,3,4,0,0,0,5,4,0,0,0,0,0,0
1,0,0,0,0,0,136,93,15,1,0,0,0,0,136,136,4,0,0,0,0,4,136,134,0,0,0,0,0,4,136,29,18,20,21,12,0,0,26,18,136,58,1,0,0,0,26,98,45,15,9,18,7,21,115,71,1,1,17,47,6,18,136,49,10,43,51,13,0,0,0,0,103,45,50,3,0,0,0,36,52,8,13,10,0,0,0,63,9,15,31,59,0,0,0,12,40,54,12,0,0,0,0,3,26,61,81,27,0,0,0,6,11,3,23,59,4,0,3,39,11,4,5,4,0,0,5,65
2,4,6,58,129,34,5,6,129,44,9,14,45,26,15,119,80,7,0,0,0,0,0,26,0,0,0,0,0,0,0,0,2,4,6,86,129,17,1,3,129,95,20,58,76,11,3,37,129,15,0,0,0,0,0,12,0,0,0,0,0,0,0,0,4,1,1,38,129,27,4,14,129,30,7,32,67,13,2,73,126,7,0,0,0,0,0,56,2,0,0,0,0,0,0,1,5,0,0,19,57,33,52,63,106,16,1,22,47,47,21,56,129,16,0,0,0,0,0,35,3,0,0,0,0,0,0,0
8,0,0,0,9,2,6,26,5,6,3,20,140,31,1,2,127,52,5,10,28,12,3,19,30,6,0,0,0,0,0,1,92,0,0,0,11,6,3,100,12,7,3,19,114,37,2,7,122,45,4,8,14,4,0,18,22,4,0,0,0,0,0,2,162,12,0,0,4,3,17,162,16,4,0,11,63,53,32,33,123,35,0,3,7,5,4,23,19,5,0,0,0,0,0,1,162,154,8,5,2,4,7,52,39,16,7,24,20,60,27,23,151,31,0,0,0,5,5,22,10,1,0,0,0,0,0,0
0,0,0,0,12,1,0,0,1,6,5,25,150,27,1,1,19,60,26,22,31,13,7,23,1,2,7,75,171,156,6,3,0,0,0,1,19,5,0,0,7,6,4,26,119,30,0,3,62,49,30,31,13,4,0,12,4,2,18,171,171,6,0,0,0,0,0,3,19,2,0,0,12,3,0,21,118,38,4,7,112,32,1,7,12,7,3,22,12,6,3,90,74,0,0,0,0,0,0,1,24,4,0,0,21,9,2,19,128,46,4,9,137,28,2,3,8,7,3,23,12,1,5,21,5,0,0,0
69,9,0,0,0,1,32,96,15,18,0,0,0,81,112,40,101,60,0,0,0,35,32,22,35,17,6,27,7,0,0,9,15,0,0,0,0,26,64,61,120,91,0,0,0,22,79,53,78,120,0,0,0,14,19,23,47,7,0,11,2,3,6,38,33,0,0,0,0,36,74,36,120,11,0,0,0,6,29,120,81,16,0,0,0,9,77,120,87,54,6,3,1,2,4,19,24,2,4,1,0,1,17,41,72,13,0,0,0,0,4,97,120,27,0,0,0,0,12,100,105,8,1,2,3,0,4,82
2,1,10,10,2,37,142,46,84,6,1,0,0,0,113,142,39,0,0,0,0,0,1,48,0,0,0,0,0,1,0,0,13,25,67,59,1,5,21,17,142,142,22,9,0,0,8,77,127,24,0,0,0,0,0,29,1,1,0,1,0,0,0,0,11,9,13,9,0,0,24,74,111,32,5,0,0,0,13,142,92,3,0,0,0,0,0,142,8,0,0,0,1,0,0,7,1,2,45,47,2,2,14,22,60,44,44,9,0,0,16,101,142,28,2,0,0,0,0,65,27,0,0,0,0,0,0,3
119,68,2,0,0,2,18,54,31,72,6,0,0,7,24,31,51,13,0,16,12,0,3,17,8,0,0,44,42,0,0,20,103,10,0,0,0,0,6,121,121,59,3,0,0,2,20,96,53,57,13,12,7,0,0,2,11,3,1,75,51,0,0,4,106,91,0,0,0,1,12,26,121,42,0,0,0,3,28,120,64,7,1,4,13,3,0,43,15,2,0,34,42,0,0,0,22,19,11,3,2,44,90,63,121,44,17,3,2,52,113,121,105,51,11,0,0,0,0,121,8,21,32,16,11,1,0,1
129,49,14,50,28,0,2,21,129,15,2,4,24,67,31,41,95,58,0,2,26,24,2,1,56,25,0,4,61,2,0,0,81,86,74,106,21,0,0,7,77,36,25,21,5,19,15,19,129,22,3,3,9,6,3,26,54,16,1,8,56,4,1,8,4,34,129,55,1,0,0,0,8,28,129,103,12,0,0,0,77,49,46,26,4,0,0,17,33,15,9,8,11,5,6,13,12,61,67,1,0,0,0,3,1,37,129,55,10,0,0,1,1,50,129,29,4,3,1,0,1,11,67,89,31,8,4,0
75,28,5,5,10,2,1,43,125,30,1,0,0,0,0,61,42,14,25,23,1,2,2,9,0,0,40,71,8,9,1,0,66,17,9,41,18,0,0,21,125,15,1,1,0,0,0,60,64,0,0,0,1,26,25,22,0,5,4,3,6,48,20,0,20,47,68,65,2,0,0,0,125,125,32,2,0,0,0,4,32,54,94,4,3,15,6,5,0,77,125,1,0,7,5,0,4,49,122,20,0,0,19,30,14,125,113,0,0,0,19,29,6,100,125,0,0,3,27,8,28,125,119,0,0,0,3,3
0,0,0,1,127,26,0,0,97,2,0,0,55,10,0,31,84,1,0,0,1,2,8,127,37,0,0,0,0,0,22,127,2,0,0,0,127,40,0,0,127,27,0,0,58,15,0,5,54,9,0,0,45,28,11,64,127,0,0,0,3,4,6,127,4,0,0,0,127,56,0,2,101,4,0,0,34,23,9,49,36,2,0,0,31,69,13,21,127,19,0,0,4,7,1,46,2,0,0,0,122,51,0,0,49,1,0,0,20,12,4,24,41,28,0,0,3,33,7,8,127,75,0,0,0,1,0,3
22,4,1,0,2,23,38,54,70,7,0,0,0,0,1,81,110,2,0,0,0,0,0,133,135,0,0,0,0,0,0,135,38,14,18,9,7,10,7,18,135,14,1,0,0,0,0,37,75,14,6,9,0,0,0,43,115,0,0,0,0,0,0,135,21,3,32,24,20,14,12,21,135,28,6,1,0,0,1,40,69,27,26,32,0,0,0,5,44,0,6,19,2,0,0,96,4,8,123,125,19,0,0,0,135,105,26,27,5,0,0,2,51,48,17,28,4,2,1,0,7,0,5,55,14,2,1,11
4,0,2,76,97,16,2,48,31,0,4,12,5,1,18,130,60,0,0,3,14,2,14,111,4,0,0,12,114,0,0,0,1,5,77,78,33,12,1,1,77,11,69,130,4,0,0,58,130,12,5,9,17,0,0,67,17,0,0,10,130,1,0,0,9,10,35,13,0,0,8,41,28,35,82,123,6,0,1,4,130,75,56,21,18,2,0,2,16,2,0,3,130,15,0,0,11,0,0,3,9,4,28,90,84,21,27,4,0,0,3,81,21,32,45,13,19,0,0,4,1,1,1,40,99,2,0,0
8,1,1,38,138,22,0,9,62,19,3,3,19,3,9,81,11,10,7,9,25,4,8,30,5,23,4,6,11,0,0,0,18,8,3,78,139,0,0,0,139,83,30,19,49,0,0,9,26,33,59,73,24,0,0,3,15,18,2,16,12,0,0,1,26,3,0,57,139,0,0,1,139,8,2,22,82,0,0,41,87,5,6,101,73,0,0,10,15,1,6,57,32,0,0,11,15,1,0,43,139,0,0,4,139,3,0,28,86,0,0,23,111,1,4,43,15,1,0,13,2,1,24,109,6,0,0,2
105,31,0,0,0,0,24,116,19,6,0,0,7,24,57,58,5,0,10,10,6,14,27,83,3,4,38,20,1,0,3,37,116,33,0,0,0,0,31,116,116,40,1,7,11,7,47,102,36,4,1,22,55,19,16,70,44,0,0,0,2,6,8,96,116,40,0,0,0,0,11,109,92,19,0,1,3,7,85,116,22,1,0,4,27,64,76,68,61,0,0,0,1,6,8,97,42,63,16,0,0,0,10,73,15,40,41,4,0,0,43,95,35,2,6,5,0,4,35,90,100,5,0,0,0,0,1,46
36,106,108,5,0,0,0,0,118,118,64,0,0,0,0,15,118,67,17,0,0,0,8,54,9,11,19,3,13,1,12,11,118,84,32,7,0,0,0,8,110,118,90,0,0,2,2,17,72,75,35,1,10,34,22,29,83,14,0,6,14,5,16,19,115,17,31,53,8,0,0,19,118,20,3,0,0,8,38,99,54,66,3,0,8,52,40,18,98,55,0,3,6,3,2,4,32,32,2,13,22,13,0,1,62,97,1,0,0,0,6,18,70,96,0,0,0,0,6,8,21,18,0,0,0,1,24,12
8,0,5,10,7,10,18,11,155,2,0,1,4,4,2,104,92,0,0,0,1,10,2,32,0,0,0,20,38,41,1,0,10,4,5,21,30,1,1,1,155,45,0,7,16,0,0,18,133,7,0,0,2,63,10,15,0,0,2,4,14,104,6,0,16,3,1,1,33,22,2,3,155,15,0,0,11,7,2,45,85,18,13,3,5,29,7,25,0,3,18,18,63,122,0,0,15,28,0,0,10,31,6,1,155,111,0,0,2,5,0,9,66,33,1,0,4,152,3,3,5,11,1,0,18,155,9,0
36,44,1,1,14,14,11,28,70,5,0,0,21,19,6,22,57,1,1,4,1,5,5,23,1,2,8,4,3,22,5,0,28,1,0,0,1,13,38,94,135,6,0,0,2,11,15,19,46,5,0,0,0,14,21,17,10,96,0,0,0,19,11,0,89,15,1,4,4,0,1,22,123,54,1,0,0,0,1,7,21,158,28,0,0,3,5,7,3,165,29,0,0,1,0,0,103,17,0,0,8,3,0,9,114,165,12,0,0,0,0,7,14,165,107,0,0,0,0,0,0,165,52,0,0,0,0,0
0,0,1,97,88,0,0,0,35,54,81,62,41,2,0,27,39,118,118,1,0,0,0,17,13,72,39,1,6,4,6,9,1,0,3,100,80,0,0,0,63,8,12,118,61,0,0,38,118,69,21,8,1,0,0,42,9,36,28,2,69,21,0,0,0,8,117,50,15,0,0,0,12,35,118,118,9,0,0,0,90,118,118,21,0,0,0,4,6,8,19,48,118,7,0,0,0,5,54,3,0,0,0,0,0,7,77,17,0,0,0,0,0,19,56,9,0,0,0,0,0,0,16,84,23,0,0,0
35,3,1,26,12,0,0,2,171,7,0,0,0,0,0,39,136,1,0,0,0,0,0,19,1,0,0,0,0,0,0,0,39,22,12,126,58,0,0,0,171,87,7,9,0,0,0,7,171,19,0,0,0,0,0,5,2,1,0,0,0,0,0,0,16,16,31,70,23,4,3,1,171,45,29,15,0,0,0,57,171,4,0,0,0,0,0,55,2,0,0,0,0,0,0,1,38,33,21,4,0,0,0,3,112,57,35,2,0,0,0,21,140,4,0,0,0,0,0,75,8,0,0,0,0,0,0,6
0,0,0,0,1,11,35,10,32,1,0,0,5,45,45,21,191,9,0,0,1,5,6,27,47,1,0,0,0,0,0,0,0,0,1,4,20,42,3,0,71,0,0,0,10,127,24,25,191,11,0,0,0,9,10,39,55,2,0,0,0,0,0,0,0,0,3,9,51,149,2,0,153,10,0,0,6,127,12,8,191,41,0,0,0,2,1,5,46,3,0,0,0,0,0,0,0,0,0,3,39,25,0,0,63,2,0,0,5,7,0,2,191,12,0,0,0,0,0,0,13,0,0,0,0,0,0,0
1,3,4,2,30,112,111,61,11,36,18,2,8,13,66,29,12,25,12,0,0,30,112,25,63,26,5,0,0,7,76,88,58,20,0,0,0,19,65,112,112,76,15,0,0,2,57,76,13,92,87,2,4,18,31,8,22,54,22,4,15,18,20,22,112,31,0,0,0,0,0,24,112,23,1,0,0,0,28,112,47,66,10,0,1,16,73,61,32,112,11,1,4,12,14,19,45,5,0,0,0,0,1,35,112,15,0,0,0,0,5,66,85,50,2,0,0,2,57,81,24,31,3,0,0,4,54,33
34,36,18,0,0,18,90,24,114,28,5,0,0,3,36,114,24,11,37,12,3,9,18,74,109,44,26,4,0,0,14,72,40,107,19,0,0,0,0,2,114,114,41,1,0,0,0,33,18,42,103,46,0,0,16,51,15,17,44,17,0,0,39,92,67,82,3,0,0,0,0,5,114,112,32,0,0,0,3,67,18,15,64,29,2,8,39,57,23,28,54,19,4,16,15,21,88,59,4,0,0,0,0,36,72,79,44,1,0,0,6,66,23,33,95,3,0,1,10,29,23,69,114,2,0,3,7,16
44,0,0,0,0,0,5,48,26,18,0,0,0,0,1,14,50,50,1,0,0,0,0,4,68,62,8,0,0,0,0,4,77,18,53,25,0,0,0,38,93,60,10,0,0,0,0,12,41,115,25,0,0,0,0,11,62,108,9,0,0,0,0,2,10,11,130,130,0,0,0,0,45,16,102,130,2,0,15,34,125,57,20,15,1,0,20,88,83,65,4,0,0,0,0,4,0,0,59,97,0,0,0,0,0,2,130,130,1,0,1,1,49,82,130,76,0,0,1,6,32,37,27,8,1,0,0,0
111,24,0,0,0,0,17,69,41,54,23,0,0,12,52,50,9,57,13,3,14,33,20,2,68,111,2,0,3,5,12,19,74,3,0,0,0,0,13,98,111,51,0,0,0,3,51,108,35,107,5,0,0,12,52,21,44,44,0,0,0,13,73,82,67,2,0,0,0,0,5,64,111,14,0,0,0,0,62,111,61,73,0,0,0,12,111,62,50,54,6,7,5,2,18,18,13,0,0,0,0,0,48,73,111,16,0,0,0,0,47,91,111,100,1,0,0,0,6,70,46,32,1,9,7,0,0,11
35,55,5,0,0,0,0,0,45,87,23,0,0,0,0,0,108,113,50,5,0,0,0,10,14,21,52,69,0,0,1,20,95,66,3,0,0,0,0,18,92,113,67,0,0,0,0,7,82,72,102,21,0,0,1,36,10,3,21,43,4,7,23,42,61,113,88,5,0,0,0,9,113,63,95,17,0,0,0,60,54,27,61,24,0,0,0,71,28,34,113,47,0,1,6,7,43,113,66,7,0,0,0,0,11,39,113,25,1,2,0,3,45,24,50,11,4,5,2,20,73,26,38,6,0,0,22,94
2,1,4,11,3,20,135,45,76,7,1,1,0,0,129,135,52,1,0,0,0,0,1,65,0,0,0,0,0,0,0,1,17,20,38,39,2,5,16,26,135,135,23,8,0,0,8,68,135,39,0,0,0,0,0,25,2,0,0,0,0,0,0,0,16,7,13,22,0,0,5,80,135,35,3,0,0,0,1,135,135,8,0,0,0,0,0,91,5,0,0,0,1,0,0,2,8,11,29,38,2,3,6,13,135,97,26,2,0,0,0,45,135,35,0,0,0,0,0,18,7,1,0,0,1,0,0,0
1,0,0,0,0,26,132,60,1,0,0,0,0,47,132,34,8,29,8,0,6,77,72,3,0,25,52,25,29,17,2,0,47,9,0,0,2,45,77,96,42,2,0,0,1,26,132,100,132,67,9,0,2,11,30,68,19,36,26,11,73,105,2,1,38,69,5,7,12,11,3,5,107,35,3,11,21,16,20,18,132,46,0,0,9,46,32,51,14,0,0,1,87,132,16,4,17,31,1,1,10,38,20,7,80,27,0,1,11,18,5,11,57,8,0,0,1,33,91,46,3,1,2,7,27,53,34,3
12,0,0,0,0,16,133,78,103,40,2,0,0,16,64,64,42,75,41,12,44,45,2,3,0,1,7,13,111,76,3,0,40,17,3,10,15,22,41,26,133,45,0,0,1,13,24,68,95,8,0,0,101,133,15,17,0,0,0,3,68,133,26,0,51,22,2,8,28,25,2,2,133,29,0,0,1,19,74,72,15,1,0,2,54,133,104,22,0,0,20,42,51,39,2,0,70,15,0,0,1,22,19,25,32,9,0,0,1,65,37,18,49,10,5,5,1,14,31,24,3,3,13,29,3,1,3,4
56,0,0,3,5,8,20,49,152,7,0,0,0,0,1,152,37,4,0,0,0,0,27,97,5,0,0,0,15,13,19,55,76,29,39,76,3,0,2,9,152,82,7,2,0,0,0,20,74,36,11,22,28,7,10,23,55,9,0,3,10,2,5,29,20,16,105,152,7,0,0,0,152,35,20,37,2,1,5,69,79,6,0,4,21,34,22,50,85,14,0,5,7,2,0,10,2,1,24,152,22,0,0,10,61,54,69,77,4,0,0,12,42,27,35,4,0,2,7,18,61,7,6,1,1,0,0,26
1,2,3,2,8,66,10,0,7,0,2,6,11,37,16,27,19,0,0,0,0,4,39,120,7,0,0,0,0,13,26,45,8,26,22,10,13,43,13,3,6,1,8,14,60,140,30,8,138,18,0,0,2,37,49,85,70,12,0,1,32,32,5,28,5,4,0,1,11,140,87,6,54,3,0,0,14,140,70,37,140,46,0,0,0,10,8,52,67,16,0,2,107,35,1,9,0,0,0,1,33,140,22,0,96,8,0,1,4,45,32,39,140,20,0,0,0,5,6,56,31,0,0,5,65,42,49,19
1,0,9,139,36,0,1,2,106,40,26,36,1,0,1,6,139,75,4,2,1,0,0,10,21,14,5,9,14,2,7,17,7,9,61,139,10,0,0,1,69,31,81,139,11,0,0,1,139,33,6,9,3,6,8,57,37,7,0,3,18,22,11,16,22,5,21,77,10,0,2,82,10,12,40,139,43,0,0,2,93,62,51,32,1,1,3,22,43,10,15,2,0,3,8,17,110,2,0,4,2,0,1,139,23,7,44,62,6,0,1,17,1,38,118,21,0,0,0,0,6,13,67,24,0,0,0,0
54,0,0,6,37,3,6,47,36,0,0,0,10,18,41,146,106,0,0,0,0,0,5,146,8,0,0,0,0,0,0,27,21,0,0,8,91,8,11,56,84,1,0,0,12,44,20,68,146,4,0,0,0,1,1,124,36,0,0,0,0,0,2,64,7,3,1,15,141,2,3,19,112,70,0,0,1,7,8,23,146,79,0,0,0,0,0,21,50,1,0,0,0,0,2,50,3,29,13,67,73,0,0,0,50,146,13,3,0,0,0,0,102,84,6,1,1,0,0,16,49,0,0,0,0,2,2,22
0,0,0,0,0,6,39,54,10,3,1,1,2,24,39,27,17,10,15,45,47,12,5,12,45,1,0,11,42,11,26,120,21,26,8,1,1,7,14,37,52,19,13,0,0,0,11,33,100,12,4,53,105,1,0,16,108,58,11,64,120,8,7,31,4,76,63,0,0,0,0,0,13,80,85,5,0,0,0,0,70,39,30,45,30,0,2,13,52,120,81,73,38,0,0,3,0,107,43,1,0,0,0,0,0,120,120,28,0,0,0,0,22,58,120,120,7,0,2,5,45,120,60,4,0,0,0,1
10,0,0,0,0,0,62,97,4,0,0,0,0,1,50,78,5,0,0,0,2,35,95,40,0,0,0,0,1,68,119,8,16,4,15,9,0,3,96,113,119,7,2,6,6,2,36,119,22,2,3,63,110,81,47,6,13,11,15,30,30,60,99,34,18,26,115,53,1,0,1,6,119,82,25,11,2,0,0,14,50,13,36,119,41,0,0,0,5,41,119,100,11,0,0,2,10,9,25,23,14,20,3,4,119,59,7,3,0,0,1,13,37,11,17,14,0,3,8,7,0,6,59,14,0,1,7,8
8,9,21,33,26,38,11,15,118,59,12,2,0,0,1,68,81,7,0,0,0,0,9,133,47,0,0,0,0,0,6,133,22,0,0,0,27,63,79,55,133,3,0,0,0,0,13,105,69,2,0,1,0,0,8,101,33,0,0,0,0,0,19,133,55,81,63,24,31,30,36,20,133,133,6,0,0,0,3,16,56,22,2,7,2,3,5,4,0,0,0,7,7,5,19,76,5,85,133,18,1,0,2,13,21,132,21,0,2,6,3,1,6,11,0,2,4,32,28,0,0,0,0,2,5,22,40,1
0,0,0,0,0,10,122,20,1,1,2,0,0,2,109,37,20,0,2,0,0,0,56,122,55,0,0,0,0,0,3,122,68,12,1,0,2,3,46,111,63,22,16,4,0,0,8,30,28,5,23,31,5,0,9,52,122,0,0,2,1,0,0,122,122,41,15,16,18,1,1,88,76,41,48,17,0,0,0,17,11,2,4,20,35,5,2,8,74,0,0,2,20,1,4,122,122,2,2,52,82,4,0,122,122,8,20,43,22,0,0,102,0,0,1,20,58,9,0,0,8,0,0,0,38,22,7,46
26,1,0,0,0,0,51,142,28,1,0,0,0,0,44,151,151,31,0,0,0,0,3,39,44,12,0,0,0,0,0,0,81,76,24,9,0,0,1,29,89,13,9,26,6,0,2,121,151,28,0,0,0,0,0,94,40,6,0,0,0,0,0,0,28,54,26,38,19,6,1,1,117,35,3,22,38,17,1,7,151,93,0,0,1,0,0,9,24,5,0,0,0,0,0,0,7,3,0,7,41,52,3,0,151,11,0,0,12,45,7,17,151,32,0,0,0,0,0,42,4,0,0,0,0,0,0,1
13,7,75,12,0,2,11,45,9,29,123,7,0,0,12,23,35,111,65,0,0,0,6,17,19,40,1,0,0,0,0,1,38,0,0,0,0,7,42,123,13,4,0,0,0,42,123,71,121,9,0,0,0,4,67,123,49,1,0,0,0,0,0,26,94,48,20,7,0,12,26,123,23,123,15,0,0,38,61,16,123,100,2,0,0,1,10,36,95,2,0,0,0,0,0,15,10,123,70,2,0,0,0,1,2,123,39,0,0,0,1,0,75,55,11,0,0,0,2,15,64,0,0,0,0,0,0,30
0,0,7,122,74,2,0,0,25,110,96,53,23,7,0,11,40,123,48,0,0,0,0,6,12,50,14,6,64,13,0,2,2,0,2,123,44,0,0,0,60,15,22,123,19,0,0,34,123,73,14,4,0,0,0,37,12,25,10,22,123,10,0,0,1,14,81,52,12,0,0,0,10,34,123,104,2,0,0,0,68,123,123,10,0,0,0,3,6,15,32,109,77,0,0,0,0,26,64,0,0,0,0,0,0,13,93,3,0,0,0,0,0,25,50,2,0,0,0,0,0,1,19,48,2,0,0,0
0,14,71,77,5,0,0,0,138,118,59,10,0,0,0,15,138,29,0,0,0,0,0,41,11,0,0,0,0,0,0,2,5,32,22,27,37,10,0,0,76,55,37,19,20,5,3,43,138,35,5,1,1,1,1,123,31,1,0,0,0,0,0,9,10,117,62,18,12,3,0,0,19,138,138,24,6,0,0,1,129,138,74,2,0,0,0,6,20,12,0,0,0,0,0,1,0,99,119,5,0,0,0,0,0,97,59,0,0,0,0,0,1,27,21,0,0,0,0,0,0,2,0,0,0,0,0,0
58,1,0,0,0,0,5,62,143,51,0,0,0,0,1,40,40,59,2,4,7,0,0,5,0,2,1,12,31,5,2,0,126,31,0,0,0,0,2,31,143,67,0,0,0,0,1,42,64,52,6,13,19,0,0,4,0,1,2,18,56,4,1,0,70,44,143,12,0,0,8,52,143,97,99,6,0,0,11,118,86,45,23,21,23,0,0,15,4,17,12,31,52,0,0,0,0,10,143,29,0,0,0,0,20,104,143,14,0,0,0,1,9,43,70,56,17,0,0,0,1,14,31,38,12,0,0,0
0,0,0,0,0,13,121,21,0,1,1,1,15,109,69,3,0,1,7,62,119,102,2,0,0,0,25,123,79,10,0,0,15,3,0,0,0,22,123,111,102,30,11,3,4,33,93,59,13,18,27,51,93,92,4,1,0,0,12,70,60,89,19,0,49,33,3,4,5,9,16,22,123,22,0,0,8,52,43,57,13,2,2,11,65,123,23,6,0,1,13,38,51,113,14,0,39,5,0,0,1,8,39,52,46,4,0,0,1,18,63,40,12,2,9,32,16,22,13,6,1,3,19,64,10,3,0,1
1,4,12,48,8,3,14,2,10,63,43,57,11,0,0,0,8,17,19,63,36,2,2,5,23,32,15,18,36,2,1,1,31,5,0,0,1,8,62,25,122,63,28,61,14,0,4,21,15,43,73,122,55,1,1,1,12,122,122,17,3,0,0,0,122,23,0,0,1,9,41,42,122,21,0,7,6,10,17,69,59,51,17,45,39,30,22,26,46,122,38,2,0,0,0,1,66,96,11,0,0,22,43,20,37,4,0,0,0,8,122,90,122,5,0,0,0,5,58,115,102,11,0,0,0,0,2,13
96,6,0,0,0,0,14,82,180,8,0,0,0,0,5,113,180,12,0,0,0,0,0,23,3,0,0,0,0,0,0,0,75,31,3,0,0,19,43,45,180,45,0,0,0,3,28,85,180,41,0,0,0,0,0,2,2,0,0,0,0,0,0,0,36,2,1,0,4,61,37,23,180,6,0,0,0,6,14,70,180,5,0,0,0,0,0,12,1,0,0,0,0,0,0,0,1,0,0,0,0,0,0,0,33,0,0,0,0,0,0,0,18,0,0,0,0,0,0,0,0,0,0,0,0,0,0,0
0,0,0,2,27,30,16,6,15,6,36,27,10,8,17,56,68,92,107,27,1,0,1,25,37,42,13,21,115,1,0,2,12,2,4,15,14,14,15,14,44,6,4,48,61,10,26,84,128,46,16,8,6,1,5,114,32,16,12,75,125,0,0,1,39,31,9,5,2,0,2,15,52,68,37,88,40,0,0,5,128,128,20,13,6,0,0,10,38,14,11,53,85,0,0,0,3,103,76,4,0,0,0,0,26,121,126,15,0,0,0,0,38,128,24,1,0,0,0,0,3,21,39,46,3,0,0,0
13,20,3,0,2,9,22,23,18,0,0,0,0,0,35,102,11,0,0,0,0,0,15,74,6,0,0,0,0,4,37,28,0,5,21,34,58,52,37,14,18,4,34,12,2,8,118,125,107,12,4,4,10,10,54,125,8,1,1,14,40,80,125,33,1,2,117,91,43,3,0,0,24,36,125,78,6,4,4,11,125,125,35,33,13,2,1,20,14,20,74,125,61,21,10,3,4,2,12,8,46,25,7,6,27,13,16,16,11,61,22,33,108,56,6,5,0,0,6,74,8,7,43,30,0,0,12,19
0,0,1,23,100,93,9,0,28,2,6,10,15,37,50,51,99,16,0,0,0,0,2,46,7,4,0,0,0,0,0,0,1,2,3,108,66,26,3,1,46,12,6,120,57,6,8,38,120,45,4,4,1,0,0,82,71,12,0,0,0,0,0,13,17,13,6,24,19,11,60,19,11,103,120,85,45,4,2,1,81,120,58,10,27,37,21,18,50,7,0,0,4,19,51,120,102,64,5,0,0,2,13,10,44,88,58,8,10,0,0,6,0,16,25,70,120,42,10,3,28,18,24,28,28,23,32,105
9,1,0,0,25,139,85,36,55,0,0,0,1,11,77,139,10,0,0,0,0,0,87,136,0,0,0,0,0,0,47,11,53,0,0,0,26,97,124,51,139,2,0,0,1,6,5,67,65,1,0,0,1,15,48,46,0,0,0,0,0,6,42,3,139,95,42,7,0,3,65,66,139,61,0,0,0,0,1,12,52,8,0,2,6,9,2,2,2,8,0,0,0,1,1,0,44,103,52,14,0,0,0,0,139,92,0,0,0,0,0,0,20,13,1,5,5,1,0,0,4,4,0,0,0,2,3,1
56,5,6,23,4,4,16,9,163,18,0,0,0,0,1,31,52,0,0,0,0,0,0,5,0,0,0,0,0,0,0,0,34,38,73,82,1,0,0,2,163,109,18,2,0,0,0,29,163,7,0,0,0,0,0,9,0,0,0,0,0,0,0,0,8,37,66,41,10,1,0,1,163,75,25,3,0,0,0,60,163,8,0,0,0,0,0,32,1,0,0,0,0,0,0,0,0,93,106,7,3,0,0,0,81,151,124,3,0,0,0,6,74,54,2,0,0,0,0,4,1,0,0,0,0,0,0,0
31,24,12,0,0,1,50,92,37,4,0,1,1,17,78,29,52,6,0,0,0,0,0,2,0,0,0,0,0,0,0,0,1,7,81,49,1,0,3,3,168,18,21,52,5,4,10,24,169,22,1,0,0,0,0,68,37,0,0,0,0,0,0,4,0,0,120,96,3,0,0,0,70,79,117,84,2,0,0,4,169,92,12,0,0,0,0,47,76,0,0,0,0,0,0,10,0,4,28,40,26,4,0,0,13,62,75,22,10,1,0,3,169,82,42,3,0,0,0,50,68,11,0,0,0,0,0,12
3,1,0,7,35,35,13,2,65,35,3,1,1,5,9,15,119,148,12,0,0,0,0,1,48,91,38,1,0,0,0,1,5,22,11,60,70,5,0,0,136,86,9,2,1,0,0,1,148,112,7,0,0,0,0,10,40,44,43,3,0,0,0,3,2,11,8,15,36,47,41,26,93,24,9,1,0,0,31,52,148,2,0,0,0,0,0,109,79,0,0,0,0,0,0,32,1,2,15,73,25,15,30,18,69,12,9,6,0,0,27,85,148,6,0,0,0,0,2,105,116,7,0,0,0,0,0,9
0,0,4,55,78,25,43,44,39,18,15,15,44,7,41,114,16,4,0,12,109,9,15,49,100,4,0,0,3,1,13,114,4,2,10,12,26,32,26,18,100,93,48,22,16,1,5,58,31,54,19,95,114,2,1,6,114,114,8,10,8,0,1,12,18,23,11,21,10,5,10,16,114,95,17,23,10,1,3,45,54,47,35,101,51,0,0,2,40,88,16,11,1,0,0,1,9,114,74,1,0,0,0,0,34,114,82,5,0,0,0,0,9,43,68,50,1,0,0,0,7,19,34,32,3,1,0,0
10,23,21,39,40,32,24,5,37,27,4,0,1,17,89,42,1,0,0,0,18,127,36,4,1,0,0,0,3,69,41,10,10,0,0,1,87,127,32,9,103,7,2,3,6,21,71,61,13,4,23,57,24,51,18,6,2,11,71,20,4,13,8,3,11,12,16,21,79,35,2,2,127,86,22,5,4,1,0,9,25,76,86,24,1,0,0,3,0,90,127,13,0,0,0,0,27,69,31,5,3,2,8,21,20,127,64,0,0,0,0,0,1,127,106,0,0,0,0,0,0,127,127,9,0,0,0,0
6,85,79,8,0,0,0,6,2,15,74,102,39,18,2,3,21,126,67,29,19,7,1,1,8,80,11,0,0,0,0,0,8,74,24,4,18,7,0,0,7,8,28,45,91,120,28,11,126,69,28,11,5,24,30,52,29,38,5,0,0,0,0,1,1,19,57,64,28,1,0,0,10,13,21,126,126,25,3,3,126,47,18,26,9,5,12,43,40,3,0,0,0,0,3,18,0,0,99,126,1,0,0,0,0,1,69,126,39,2,0,0,16,4,22,126,39,19,64,30,2,0,2,6,1,2,24,11
0,0,2,36,129,29,2,1,62,13,12,30,21,6,7,80,66,6,0,0,0,1,23,84,0,0,0,0,0,4,28,20,4,0,2,30,129,94,15,4,61,90,59,49,8,4,8,17,33,48,50,68,24,16,51,53,8,43,59,10,8,21,69,55,24,12,8,5,39,95,13,7,129,35,7,4,0,3,6,39,50,57,75,52,3,0,0,20,4,129,129,6,0,0,0,1,13,46,23,6,5,4,1,1,76,66,17,0,0,0,0,12,117,129,1,0,0,0,0,11,13,129,9,0,0,0,0,0
29,0,0,18,29,24,30,89,12,0,0,0,0,30,66,121,11,0,0,0,0,0,5,64,0,0,0,0,0,0,0,0,20,24,3,2,24,75,54,55,50,31,7,15,21,52,48,121,121,18,1,1,2,5,8,121,14,0,0,0,0,0,0,2,59,121,49,5,1,8,10,4,49,121,80,95,22,3,0,3,121,121,21,7,2,0,0,20,48,1,0,0,0,0,4,21,3,121,121,18,3,1,0,0,2,50,106,71,10,12,1,0,25,46,17,8,3,39,24,5,15,1,0,0,0,49,93,61
1,0,0,19,55,94,25,2,78,22,1,0,4,32,28,55,26,13,6,24,83,42,4,21,0,0,13,18,41,23,0,0,19,2,0,33,142,70,3,3,142,121,16,8,29,13,4,22,54,69,138,142,50,2,0,3,0,27,132,38,15,0,0,0,12,0,0,12,131,95,0,6,142,19,4,6,21,2,0,100,128,27,91,31,0,0,0,20,0,19,55,2,0,0,0,0,0,0,0,2,3,1,0,0,26,0,0,0,1,0,0,6,14,0,0,0,0,0,0,1,0,0,0,0,0,0,0,0
