0,0,0,2,31,8,0,0,17,3,1,19,143,72,9,20,143,13,1,3,11,12,7,80,20,1,0,0,0,0,0,5,0,0,0,6,58,19,0,0,28,4,1,34,143,92,3,16,143,22,1,4,27,17,4,77,51,2,0,0,0,0,0,5,0,0,0,28,32,5,0,0,22,11,8,143,143,47,1,3,143,36,7,28,27,11,1,73,53,1,0,0,0,0,0,21,0,0,0,2,31,10,0,0,10,2,0,14,143,83,1,2,143,58,0,2,28,18,1,44,57,19,0,0,0,0,0,11
0,0,0,0,0,25,151,6,17,1,0,0,0,9,81,59,24,5,0,0,0,0,1,14,1,0,0,0,0,0,0,0,32,5,1,0,0,37,152,68,152,4,0,0,0,1,74,152,94,6,0,0,0,0,0,25,3,0,0,0,0,0,0,0,63,97,76,0,0,0,21,15,152,152,5,0,0,0,1,19,96,32,0,0,0,0,0,1,0,1,0,0,0,0,0,0,31,152,43,0,0,0,0,0,91,152,4,0,0,0,0,0,18,17,0,0,0,0,0,0,0,0,0,0,0,0,0,0
4,6,7,51,91,67,7,7,107,96,12,15,11,12,9,57,40,28,0,0,0,0,0,10,0,0,0,0,0,0,0,0,18,1,0,2,140,129,14,17,140,5,0,0,16,24,16,110,102,0,0,0,0,0,0,17,0,0,0,0,0,0,0,0,32,29,0,1,140,138,0,1,140,117,0,0,14,4,0,5,100,18,0,0,0,0,0,0,0,0,0,0,0,0,0,0,77,93,0,1,70,35,0,0,109,140,0,0,0,0,0,0,14,21,0,0,0,0,0,0,0,0,0,0,0,0,0,0
0,0,0,0,112,112,7,3,23,18,0,0,79,112,11,12,112,33,0,0,0,1,6,81,95,0,0,0,0,0,0,108,57,4,0,0,112,112,49,101,74,44,0,0,41,46,4,20,85,36,0,0,0,5,40,43,66,0,0,0,0,1,62,112,112,45,0,0,45,101,13,39,44,7,0,0,4,13,17,96,18,14,22,7,4,27,70,38,29,41,41,4,2,7,86,85,19,29,8,2,41,27,1,1,43,60,4,0,0,0,0,8,54,44,18,2,0,0,0,6,33,47,36,1,0,0,0,9
124,124,24,0,0,34,82,124,20,5,1,0,0,124,124,24,6,20,11,0,0,99,93,7,103,24,2,0,0,5,17,57,24,108,23,0,0,53,71,10,50,46,8,0,0,40,38,12,16,92,45,0,0,2,3,7,96,118,12,0,0,0,0,1,11,25,33,3,0,7,6,3,64,39,12,3,1,1,7,23,41,18,3,6,3,2,28,100,124,49,0,0,0,0,0,54,1,36,32,0,0,0,0,0,6,48,33,16,1,0,1,0,21,21,55,54,4,2,7,36,114,45,14,1,0,0,0,66
0,0,0,0,0,25,101,4,14,0,0,0,0,6,64,76,12,0,0,0,0,0,1,17,0,0,0,0,0,0,4,0,6,68,125,0,0,88,139,20,139,138,52,0,0,15,131,139,82,7,0,0,0,8,41,47,0,0,0,0,0,17,65,0,1,113,139,0,0,8,28,0,51,139,92,0,0,3,54,13,20,10,3,0,0,25,126,11,0,2,4,0,0,17,100,2,0,1,7,4,0,8,17,0,11,8,2,0,0,1,20,4,11,20,13,0,0,1,9,1,1,10,29,0,0,0,2,0
24,1,0,35,93,27,19,24,99,1,0,1,3,4,12,124,15,0,1,12,0,0,0,18,0,0,10,129,130,8,0,0,8,4,1,44,130,35,11,16,130,32,2,11,27,10,14,127,91,2,0,0,0,0,0,17,0,0,1,57,37,0,0,0,8,6,2,93,130,0,0,0,130,33,3,28,42,0,0,27,105,1,0,0,0,0,0,16,0,0,0,0,0,0,0,0,1,0,0,34,130,0,0,0,93,0,0,23,66,1,0,94,59,0,0,0,0,0,0,128,3,0,0,0,0,0,0,8
0,0,0,0,20,0,0,0,29,18,2,32,162,12,0,0,162,68,2,12,43,2,0,2,15,5,0,2,16,1,0,0,0,0,0,0,33,1,0,0,28,10,1,19,162,57,5,20,162,36,1,7,30,15,5,78,13,5,2,3,12,2,0,3,0,0,0,0,47,6,0,0,55,16,0,0,162,54,1,8,162,70,0,0,34,9,1,26,12,5,1,1,6,7,5,5,0,0,0,0,52,4,0,0,63,4,0,1,162,28,0,9,162,15,0,0,22,10,0,27,5,0,0,0,6,13,7,6
11,12,4,8,19,0,0,0,52,5,0,55,161,2,0,4,161,4,0,9,25,0,0,28,20,0,0,0,0,0,0,1,9,8,7,6,17,3,0,1,48,4,1,47,161,36,0,2,161,9,1,10,42,7,0,16,35,0,0,0,0,0,0,1,9,0,0,4,10,6,2,4,27,8,7,104,161,19,1,6,161,26,7,29,33,11,2,45,41,0,0,0,0,0,0,5,12,0,0,0,5,2,0,2,20,0,0,9,161,28,1,9,161,0,0,3,74,20,3,65,48,0,0,0,0,0,0,6
7,0,2,12,17,14,58,103,68,3,0,0,3,28,78,85,27,1,0,0,35,94,57,29,3,1,1,4,24,114,77,9,27,13,3,16,88,12,3,12,115,25,0,4,26,22,8,27,75,18,0,0,115,90,8,8,47,36,8,28,83,19,7,4,4,37,89,83,37,1,0,0,66,4,70,91,9,19,27,56,43,74,58,4,54,73,26,15,52,55,11,55,79,3,0,5,0,5,74,34,0,0,0,0,0,1,115,75,0,0,1,1,1,58,115,8,0,1,1,0,2,27,54,79,8,0,0,0
0,0,0,0,1,47,37,4,0,1,1,0,0,83,115,2,0,0,1,1,0,30,115,38,9,0,0,0,0,50,92,41,14,0,0,4,57,86,52,71,70,52,28,24,44,87,63,4,12,15,27,83,57,15,77,49,59,0,0,4,22,35,33,65,54,0,0,16,86,14,3,72,115,21,3,20,78,3,0,35,61,16,11,106,115,0,0,9,31,29,42,53,24,0,0,24,55,37,18,12,23,23,6,53,91,114,46,9,15,1,0,10,34,46,52,84,29,0,0,1,0,56,104,36,2,0,0,0
81,11,5,0,0,0,0,77,37,34,55,0,0,0,0,8,0,56,83,0,0,0,0,0,4,126,18,0,0,0,0,0,126,13,2,0,0,0,0,97,126,45,14,0,0,0,0,42,26,120,80,0,0,0,0,1,9,126,24,0,0,0,0,0,80,113,48,0,0,0,0,8,126,59,2,0,0,0,0,26,126,51,4,0,0,0,0,8,60,104,1,0,0,0,0,0,7,75,54,0,0,0,0,0,124,52,6,0,0,0,0,2,126,24,0,0,0,0,0,2,98,67,0,0,0,0,0,0
156,156,49,0,4,23,20,17,24,57,5,0,0,6,27,86,7,1,0,0,0,0,0,14,0,0,0,0,0,1,0,0,29,102,3,4,123,67,17,13,156,3,0,0,9,15,19,89,68,0,0,0,0,0,0,14,0,0,0,0,15,20,0,0,21,21,1,3,124,77,0,0,156,80,0,0,9,2,0,3,69,12,0,0,0,0,0,0,0,0,0,0,84,63,0,0,39,39,1,4,55,30,5,16,94,117,0,0,0,0,0,16,11,14,0,0,4,5,0,0,0,0,0,3,153,50,0,0
16,85,19,0,0,44,50,7,20,9,0,0,0,13,78,94,2,0,0,0,0,0,44,57,1,0,0,0,0,0,3,13,2,46,43,2,2,84,63,4,18,21,20,8,19,78,102,69,105,19,2,1,0,10,106,106,57,5,0,0,0,0,10,52,7,52,43,8,42,88,10,0,11,59,106,51,35,75,11,2,106,27,31,31,34,21,58,89,68,13,0,0,0,0,64,106,20,45,25,48,53,23,5,1,18,55,30,13,32,106,33,2,20,40,90,26,51,47,20,16,106,72,15,1,0,0,11,32
0,0,22,29,22,53,74,19,5,0,5,61,44,5,39,76,51,6,3,54,17,1,3,106,39,18,39,70,2,0,0,36,16,3,39,66,25,12,28,97,6,2,13,71,105,34,44,75,106,69,14,20,12,5,25,72,78,76,10,1,0,0,0,9,12,4,10,48,81,21,68,61,66,71,92,14,48,36,45,21,106,105,106,6,2,1,1,16,60,38,1,0,0,0,0,1,17,23,106,56,36,3,2,5,100,102,83,12,0,0,0,1,24,56,50,1,0,0,0,0,3,14,2,0,0,0,0,0
0,0,0,0,36,77,62,18,0,0,2,2,38,103,96,34,32,12,6,6,21,59,84,95,24,10,1,12,37,63,30,36,7,5,5,36,97,85,31,12,73,72,43,49,23,29,46,33,87,44,57,103,32,10,5,29,67,18,5,63,64,4,10,48,52,6,5,69,47,9,4,26,85,25,13,82,24,0,8,85,31,15,28,101,64,5,18,77,22,40,62,42,15,2,19,70,57,34,6,20,42,10,4,14,35,36,89,71,6,0,2,19,23,84,86,16,0,0,4,21,2,47,77,8,0,0,0,0
57,18,3,14,26,15,26,43,36,5,1,14,32,16,60,104,15,2,0,6,17,28,91,73,9,0,0,0,0,8,41,71,73,50,5,11,47,69,16,6,104,45,2,18,66,49,11,30,68,23,2,33,104,46,17,30,66,11,0,1,24,63,26,49,9,17,24,72,83,74,17,7,71,35,42,28,17,56,45,81,74,19,5,14,38,102,56,29,75,38,5,3,38,45,3,8,0,21,61,81,37,0,0,0,1,49,104,104,25,2,1,1,19,104,79,66,19,5,4,3,19,70,82,13,6,3,0,1
11,0,0,0,0,0,116,78,41,0,0,0,0,0,65,116,7,0,0,0,0,0,47,116,3,0,0,0,0,1,55,106,88,56,0,0,0,0,26,34,116,30,0,0,0,0,6,36,40,4,1,3,2,1,21,51,62,9,0,0,0,0,14,58,40,112,2,0,0,13,22,2,60,20,0,0,0,15,115,47,73,41,0,0,0,1,72,68,94,103,0,0,0,0,0,7,2,52,15,0,0,88,111,2,39,116,19,0,0,27,94,26,66,116,4,0,0,1,31,21,54,71,0,0,0,0,27,37
20,0,28,59,2,0,0,78,3,9,112,59,0,0,0,2,84,62,73,5,0,0,0,6,112,52,8,0,0,0,0,3,86,14,41,72,0,0,0,112,73,41,83,9,0,0,0,32,18,81,112,2,0,1,0,0,112,87,10,0,0,0,0,0,37,20,112,112,0,0,0,13,111,57,73,24,0,0,0,17,35,47,29,1,1,3,0,4,99,90,1,0,0,0,0,0,91,19,63,40,0,0,0,22,3,22,112,63,0,0,0,0,6,41,89,14,0,0,0,0,66,44,13,0,0,0,0,12
8,9,3,2,16,46,96,42,88,1,1,0,1,16,96,98,22,0,0,0,0,0,46,53,3,0,0,0,0,0,3,13,16,65,67,18,50,50,6,3,64,18,52,33,58,21,86,69,106,16,4,0,2,4,106,100,57,3,0,0,0,0,2,23,59,60,23,17,40,76,6,5,25,90,82,20,86,81,6,3,106,70,65,6,9,38,47,37,32,1,0,0,0,1,64,100,16,12,27,80,61,17,0,1,63,53,21,21,35,81,5,7,16,25,16,6,19,106,35,12,38,8,5,7,8,7,37,85
0,28,194,46,4,25,8,4,6,15,194,72,1,15,22,24,2,32,194,43,1,20,21,11,0,2,194,105,4,23,29,4,10,3,4,3,80,40,8,7,88,3,5,2,34,24,19,39,25,2,11,10,42,42,17,14,1,3,11,19,34,39,26,7,9,8,1,24,113,0,0,0,124,10,0,11,48,0,0,0,36,3,0,30,40,0,0,0,0,4,7,50,26,0,0,0,8,7,3,39,68,0,0,0,57,27,6,25,27,0,0,0,22,8,4,24,8,0,0,0,0,1,6,45,7,0,0,0
0,0,0,0,30,1,0,0,31,11,0,31,169,17,0,1,169,47,1,11,31,3,0,1,17,7,7,15,9,2,0,0,0,0,0,0,42,1,0,0,37,5,0,14,169,31,0,9,169,18,0,6,33,7,0,27,23,2,6,14,6,6,5,2,0,0,0,0,54,2,0,0,50,7,0,1,169,21,0,2,169,33,0,3,35,6,0,10,19,2,7,10,8,15,14,1,0,0,0,0,46,2,0,0,39,7,1,8,169,14,0,6,169,26,1,5,20,2,0,24,14,2,12,14,3,3,1,2
3,3,1,5,26,2,10,12,32,1,0,38,169,18,1,6,169,3,0,5,26,3,0,20,29,0,0,0,0,0,0,1,9,14,10,2,23,2,9,13,40,3,0,18,169,15,0,4,169,2,0,3,45,3,0,13,46,0,0,0,0,0,0,1,5,9,6,3,18,2,5,12,29,5,0,46,169,9,0,7,169,13,0,12,41,5,0,27,47,0,0,0,0,0,0,3,6,1,0,0,8,5,9,16,19,1,0,3,169,26,1,13,169,7,0,2,50,11,0,46,48,0,0,0,0,0,0,4
14,0,0,0,0,3,33,47,7,0,1,1,0,5,27,36,81,1,0,0,0,0,4,57,89,4,0,0,0,0,1,8,52,0,0,0,0,10,18,79,19,1,0,0,0,59,84,42,123,8,0,0,0,2,20,72,84,3,0,0,0,4,39,33,43,4,0,0,8,80,15,16,123,26,0,0,3,99,60,38,123,50,0,0,0,39,29,26,14,0,0,0,1,123,123,15,24,18,0,0,35,123,3,0,123,123,0,0,6,53,12,11,66,30,0,0,12,123,18,5,0,0,0,0,69,123,20,0
99,59,17,22,3,4,10,23,126,126,7,0,0,0,0,64,67,38,5,0,4,23,20,39,6,1,0,0,0,13,48,44,82,54,55,37,0,0,0,7,126,91,12,1,3,10,5,41,47,26,6,1,69,126,15,11,62,7,0,0,12,45,40,44,15,119,126,5,0,0,0,1,91,103,72,36,8,31,26,14,20,41,54,15,31,106,26,6,26,19,7,13,23,21,39,13,23,43,19,1,0,9,15,34,31,15,68,37,2,2,3,38,2,29,114,53,15,1,0,0,6,6,29,101,33,2,2,4
83,146,146,12,6,0,0,11,146,41,1,0,0,3,7,56,6,2,3,0,7,17,30,10,0,5,15,16,53,10,2,0,33,5,14,28,74,4,0,22,146,16,7,1,3,2,2,84,35,56,76,2,1,2,3,5,0,28,122,12,4,0,0,0,24,5,3,71,62,0,0,19,146,22,3,10,6,0,0,9,128,53,18,0,0,0,0,0,5,28,35,0,0,0,0,0,51,1,0,23,38,1,1,126,146,4,0,9,12,0,0,9,143,9,0,0,0,0,0,2,12,6,0,0,0,0,0,0
13,0,0,20,31,0,0,33,28,3,2,29,45,2,0,7,142,15,3,1,0,0,0,16,30,31,25,0,0,0,0,0,77,0,0,14,13,0,0,142,32,5,2,49,53,0,0,13,142,13,1,3,2,0,0,1,81,17,0,0,0,0,0,0,142,1,3,2,2,0,0,142,64,2,0,18,38,2,0,109,142,5,0,4,4,0,0,5,95,6,0,0,0,0,0,0,88,3,11,5,0,0,0,111,128,2,0,2,3,0,0,142,142,8,0,1,1,0,0,10,78,2,0,0,0,0,0,0
2,2,2,0,0,2,68,41,17,4,1,0,0,0,25,98,60,0,0,0,7,4,1,62,13,0,0,0,49,46,12,18,7,1,0,0,2,17,115,99,29,10,0,0,0,0,66,119,119,11,0,0,15,1,7,119,40,6,0,5,119,10,2,8,39,65,24,9,12,13,22,44,88,119,1,0,0,0,19,72,119,78,0,0,18,2,2,40,34,8,0,3,119,35,7,16,15,14,84,50,1,0,4,17,51,75,43,6,0,0,27,76,119,79,0,0,25,2,3,38,18,3,0,0,119,39,10,18
13,0,0,1,18,63,32,50,61,0,0,0,1,8,25,122,79,3,0,0,1,5,42,122,71,20,0,0,4,1,8,79,33,7,6,44,70,46,17,24,122,26,16,6,2,5,6,73,113,30,57,6,1,2,3,60,108,18,3,0,5,3,2,122,11,23,113,53,17,8,0,0,122,84,54,10,0,0,0,12,78,86,37,0,0,0,2,10,65,122,18,2,0,2,2,21,4,21,92,10,0,0,2,4,37,86,68,10,0,0,1,6,89,82,6,0,0,0,0,2,39,40,5,0,1,7,11,12
3,0,0,0,0,115,92,9,24,1,0,0,0,35,95,86,96,3,0,0,0,3,24,115,10,0,0,0,1,86,92,50,22,5,0,0,0,71,43,13,115,27,0,0,0,9,35,49,102,20,0,0,0,61,87,36,2,0,0,0,2,115,115,5,28,5,0,0,28,92,19,24,111,5,0,0,0,11,66,96,13,9,4,1,2,98,115,17,1,7,45,33,15,96,44,0,67,16,0,0,50,84,7,12,72,47,17,3,0,1,13,19,13,26,12,3,2,16,28,5,6,9,19,10,12,12,35,22
7,7,91,65,2,0,11,52,26,22,50,6,0,0,15,101,48,11,23,11,0,0,1,49,112,5,6,2,0,0,0,112,12,10,31,44,25,8,1,1,65,81,112,14,1,0,0,3,34,43,112,49,0,0,0,6,106,68,22,2,0,0,0,33,33,13,10,31,13,3,1,13,112,23,11,10,6,3,2,76,79,36,112,47,0,0,0,23,23,112,112,8,0,0,0,0,14,15,2,6,28,34,31,8,112,0,0,1,22,31,13,101,112,16,11,0,0,0,0,92,68,91,47,0,0,0,0,18
10,0,0,0,0,0,1,10,15,5,0,0,0,0,0,5,4,16,15,6,0,0,0,0,0,53,61,30,0,0,0,0,7,0,0,0,0,0,6,65,22,1,0,0,0,0,1,40,53,60,2,0,0,0,0,6,25,122,5,0,0,6,10,2,5,0,0,0,0,0,11,142,31,1,0,0,0,0,29,87,76,23,0,0,0,19,93,47,18,15,0,0,0,142,142,11,0,0,0,0,0,0,119,142,1,0,0,0,0,5,142,83,2,0,0,0,0,102,142,22,12,22,0,0,0,142,142,5
6,2,20,36,17,1,0,8,91,5,3,20,35,11,2,13,183,42,47,11,0,0,0,11,19,8,157,59,5,4,0,0,39,0,1,19,37,2,2,78,120,2,0,36,91,1,0,6,183,4,0,1,4,0,0,19,44,1,0,1,39,21,0,1,78,4,5,10,10,1,1,71,91,13,3,41,48,1,0,9,183,17,1,4,5,2,0,8,48,5,0,1,52,16,0,3,35,15,32,29,0,0,0,7,70,20,6,21,5,0,0,3,183,27,1,3,4,3,0,2,38,30,0,0,18,11,0,1
41,15,29,9,14,55,48,35,50,67,87,22,15,29,26,16,25,30,12,15,58,117,20,11,26,41,10,9,27,43,4,2,62,8,8,9,8,21,120,110,104,33,10,8,7,23,90,77,10,25,45,58,43,28,11,7,12,81,40,7,7,9,5,5,49,34,120,95,5,6,15,18,106,56,120,3,0,0,11,70,8,22,72,21,3,18,29,30,1,2,22,22,16,27,18,8,16,63,120,32,2,4,1,3,1,36,120,13,4,0,0,0,0,16,120,29,24,27,0,0,0,2,28,37,66,33,0,0
4,7,0,0,7,15,36,16,26,8,0,0,16,25,111,41,94,66,12,0,0,0,89,129,138,14,6,0,0,0,11,125,4,4,1,5,15,5,2,2,89,9,1,13,50,6,0,6,138,76,24,2,0,0,0,29,138,29,19,2,0,0,0,27,9,0,0,3,6,3,8,13,70,28,3,17,29,6,3,5,138,55,2,1,0,0,0,60,138,9,2,0,0,0,0,58,4,1,1,1,0,3,23,22,70,24,4,0,2,10,16,20,138,99,16,0,0,0,0,28,91,95,22,0,0,0,0,17
89,5,0,0,0,0,0,18,137,0,0,0,0,0,0,106,114,6,1,0,0,0,0,94,15,18,9,0,0,0,0,5,84,0,0,0,0,0,0,30,127,2,0,0,0,0,0,137,137,14,0,0,0,0,0,128,77,12,2,0,0,0,0,8,69,2,0,0,0,0,0,17,137,51,0,0,0,0,0,28,137,91,0,0,0,0,0,7,66,7,0,0,0,0,2,14,48,23,0,0,0,0,0,0,137,91,0,0,0,0,0,0,137,71,0,0,0,0,0,0,31,5,0,0,0,0,0,5
9,118,135,23,1,5,14,2,42,135,135,2,1,2,0,1,44,135,135,0,0,0,0,11,7,77,27,5,1,0,7,8,36,95,21,1,0,0,0,0,135,80,3,0,0,0,0,4,88,15,0,0,0,0,4,47,4,0,0,0,0,1,50,30,49,31,1,0,0,0,0,42,117,16,0,0,0,0,0,32,60,3,0,0,0,0,1,30,4,0,0,0,1,15,15,8,36,0,0,0,0,0,72,90,55,2,0,0,0,6,135,64,23,0,0,0,0,3,117,106,1,0,0,0,1,24,33,21
71,0,0,0,3,10,22,123,91,0,0,0,0,0,3,124,7,0,0,12,29,36,27,23,0,0,4,17,65,87,17,0,124,15,4,2,14,14,12,108,124,6,1,1,0,1,3,99,30,5,32,29,10,32,20,10,0,0,40,64,41,24,2,0,80,69,124,29,2,0,0,6,124,112,20,0,0,0,0,10,45,29,37,20,7,0,0,0,0,1,31,76,39,0,0,0,1,32,124,42,0,0,0,0,18,124,99,0,0,0,1,1,9,81,57,3,0,0,1,3,0,8,78,67,4,2,4,1
0,0,0,0,0,101,177,4,0,0,0,0,0,6,177,85,0,0,0,0,0,2,177,162,0,0,0,0,0,33,177,48,1,0,0,4,10,40,42,4,18,2,0,1,4,6,54,26,6,0,0,0,18,11,75,33,7,0,0,0,0,13,82,34,2,3,4,10,5,1,2,10,20,17,8,6,5,1,0,1,5,4,17,11,24,4,0,3,6,10,27,1,1,3,6,13,1,25,41,0,0,0,0,1,1,49,73,1,0,0,0,0,0,48,136,9,1,0,0,0,0,68,159,0,0,0,0,0
0,0,0,0,0,118,134,0,0,0,0,0,0,72,115,5,0,0,0,0,1,61,50,0,0,0,0,4,1,23,27,0,1,3,4,10,4,25,38,1,24,2,0,3,5,6,20,12,4,0,0,2,25,15,6,7,6,4,5,10,1,2,2,12,1,16,49,29,5,0,0,0,21,12,72,23,5,0,0,2,4,9,70,23,15,1,0,1,10,60,58,3,1,0,0,3,0,86,187,13,0,0,0,0,0,11,187,77,0,0,0,0,0,14,187,48,0,0,0,0,0,135,187,2,0,0,0,0
41,0,0,0,0,1,5,123,85,0,0,0,0,0,24,150,26,0,0,0,0,0,17,133,13,0,0,0,0,0,16,74,63,3,0,0,1,6,5,35,150,3,0,1,2,0,0,83,84,2,0,8,29,4,5,74,55,0,0,0,2,0,2,113,63,42,1,3,3,5,2,5,150,52,0,3,3,1,0,5,80,13,0,32,79,3,2,17,70,0,0,7,29,4,4,145,52,23,0,1,11,35,4,5,150,78,0,1,1,6,1,5,33,14,0,37,58,0,0,0,55,0,0,35,68,2,2,63
44,13,5,0,0,1,9,22,160,16,0,0,0,0,0,6,160,5,0,0,0,0,0,5,5,1,0,0,0,0,0,1,67,8,2,1,0,2,6,16,160,47,0,0,0,0,0,10,160,19,0,0,0,0,8,24,4,0,0,0,0,0,3,14,71,6,0,0,0,0,1,12,160,12,0,0,0,0,3,105,68,1,0,0,0,0,65,126,0,0,0,0,0,0,21,89,17,2,0,0,0,4,8,19,111,0,0,0,0,0,2,160,54,0,0,0,0,0,29,137,19,0,0,0,0,0,8,97
3,14,9,4,1,9,14,8,32,14,11,7,0,4,5,20,136,158,18,4,0,0,0,7,90,59,0,0,0,0,0,0,26,0,0,0,0,15,44,80,91,3,0,0,1,21,18,47,158,62,0,0,0,0,0,41,51,25,0,0,0,0,0,1,96,29,4,0,3,6,21,108,139,28,3,0,0,6,14,35,158,59,0,0,0,0,0,7,53,4,0,0,0,0,0,1,90,54,9,1,2,1,2,10,158,45,3,1,0,1,2,7,158,88,0,0,0,0,0,3,24,5,0,0,0,0,0,3
0,6,31,99,7,0,0,0,47,30,9,16,10,9,12,28,139,34,0,0,0,0,4,65,12,4,0,0,0,0,6,45,4,1,14,92,39,0,0,2,33,6,5,114,139,36,26,50,139,25,4,8,6,5,12,136,36,3,2,2,2,0,0,6,7,6,6,26,14,0,0,3,15,33,67,139,67,1,0,2,139,139,56,34,3,0,3,12,27,4,0,0,0,32,16,7,0,4,11,7,2,1,0,0,0,9,29,17,1,16,10,0,10,21,17,3,1,79,87,5,1,0,0,0,43,139,127,2
12,21,20,21,8,0,0,1,156,66,31,18,4,0,0,16,156,21,0,0,0,0,0,20,7,0,0,0,0,0,0,1,22,6,6,3,1,8,10,27,156,150,14,1,0,0,1,41,154,103,0,0,0,0,0,5,8,1,0,0,0,0,0,0,23,0,0,0,4,21,19,44,156,10,0,0,0,2,3,111,156,10,0,0,0,0,0,27,4,0,0,0,0,0,0,1,47,12,4,0,0,3,16,42,156,14,0,0,0,0,1,15,156,4,0,0,0,0,0,8,3,0,0,0,0,0,0,1
40,134,33,0,2,26,8,2,134,134,0,0,0,0,0,2,134,33,0,0,0,0,0,10,33,1,0,0,0,0,0,4,131,134,0,0,0,40,17,5,134,134,0,0,0,0,0,3,134,9,0,0,0,0,0,30,54,0,0,0,0,0,0,11,119,134,0,0,0,3,2,1,51,56,1,0,0,0,0,7,134,2,0,0,0,0,0,59,58,0,0,0,0,0,0,33,30,72,0,0,0,0,0,0,10,2,0,0,0,0,2,9,59,0,0,0,0,0,0,75,49,0,0,0,0,0,0,74
0,0,6,9,22,127,33,4,19,3,7,4,2,53,87,95,10,1,8,1,0,2,14,27,6,8,7,0,0,0,3,10,12,7,3,12,144,144,30,15,144,34,4,5,21,68,55,144,97,2,0,0,3,4,10,30,3,0,0,0,1,3,17,31,7,21,26,59,144,55,0,0,144,112,28,19,12,2,0,23,97,5,0,0,15,9,4,27,7,0,0,0,9,5,5,20,1,2,4,6,30,82,23,3,99,10,4,2,0,5,14,94,54,0,0,0,3,8,15,79,0,0,0,0,5,27,42,9
3,152,94,0,0,0,0,0,27,112,39,0,0,0,0,0,152,140,1,0,0,0,0,0,102,62,0,0,0,0,0,0,10,35,4,0,0,0,0,4,97,16,1,0,0,0,0,13,152,61,0,0,0,0,0,5,105,25,0,0,0,0,0,1,3,1,0,0,0,0,16,26,116,3,0,0,0,0,5,21,152,5,0,0,0,0,0,33,100,9,0,0,0,0,0,10,4,0,0,0,0,1,9,24,72,0,0,0,0,0,4,51,152,0,0,0,0,0,0,121,89,0,0,0,0,0,0,58
6,1,0,0,2,6,45,56,0,0,0,0,14,45,80,40,25,2,0,0,56,96,26,8,77,2,0,0,1,4,4,41,1,3,1,2,24,23,11,9,7,1,0,0,45,129,83,20,124,10,0,0,6,60,62,40,66,9,0,0,0,1,18,23,0,0,17,41,42,62,10,0,49,13,1,6,105,129,4,4,129,30,0,0,3,25,24,25,27,0,0,0,0,23,80,37,0,0,128,129,33,10,0,0,27,35,129,129,47,25,0,0,47,31,51,66,27,60,30,8,65,24,6,4,4,41,45,34
18,4,0,5,13,120,128,40,35,0,0,18,30,128,128,50,87,6,0,0,0,20,128,67,33,8,0,0,0,7,36,27,62,78,19,44,20,7,12,15,64,11,7,128,72,5,1,13,128,19,3,11,3,0,0,53,26,11,11,1,3,1,1,17,11,77,39,31,3,0,0,0,12,27,28,128,39,0,0,0,119,128,29,24,2,0,0,10,16,62,77,1,0,0,0,1,3,34,25,7,0,0,0,0,5,5,16,86,23,0,0,0,100,30,7,27,4,0,0,34,46,20,11,0,0,0,1,17
6,1,0,39,67,7,2,19,111,12,1,5,9,2,2,85,47,3,0,0,0,0,0,6,0,0,0,0,0,0,0,0,4,14,24,128,97,0,0,4,128,128,35,47,13,0,2,47,128,33,0,0,0,0,0,28,2,0,0,0,0,0,0,1,0,2,6,80,128,55,2,0,75,22,9,17,52,43,32,128,125,11,0,0,0,0,2,128,11,1,0,0,0,0,0,5,0,0,0,24,128,36,0,0,128,18,0,11,75,20,4,22,128,47,0,0,0,0,0,21,13,3,0,0,0,0,0,0
0,0,0,0,8,0,0,0,2,5,4,32,120,11,0,0,78,78,8,16,30,3,0,2,21,16,0,0,140,91,0,0,0,0,0,0,17,9,0,0,10,1,1,7,109,94,8,11,130,22,2,4,19,19,9,47,17,3,0,96,140,72,0,2,0,0,0,2,45,23,0,0,23,25,4,11,140,81,1,2,140,71,1,1,13,6,1,8,18,4,0,88,140,1,0,0,0,0,0,4,46,28,0,0,32,48,11,21,57,27,3,6,43,89,3,1,0,0,0,0,2,3,0,44,140,1,0,0
2,0,0,2,17,5,0,6,10,3,1,17,86,47,6,12,86,10,1,2,4,7,5,54,12,0,0,0,0,0,0,4,43,0,0,4,33,5,0,81,26,2,1,39,162,30,2,6,162,14,1,5,12,4,1,30,27,2,0,0,0,0,0,3,162,0,0,6,9,0,4,162,21,7,8,105,84,3,0,12,120,33,10,25,12,4,3,35,26,2,0,0,0,0,0,11,162,61,0,0,0,0,2,162,54,0,0,16,88,16,1,18,52,1,0,6,52,18,11,73,44,0,0,0,0,0,0,32
0,0,0,4,27,5,0,0,19,1,0,14,148,24,0,7,138,9,0,1,25,4,0,36,14,1,0,6,148,57,0,3,0,0,0,7,43,4,0,0,29,3,1,47,148,18,0,2,148,23,1,9,25,2,0,20,18,2,0,84,148,17,0,2,0,0,0,11,13,0,0,0,8,6,8,121,82,2,0,1,116,31,11,30,15,4,4,38,22,1,0,142,148,5,0,13,0,0,0,1,2,0,0,0,0,0,0,22,91,11,1,0,41,0,0,10,62,19,13,72,45,0,0,51,20,0,0,41
143,59,0,0,5,0,0,129,18,5,4,30,104,10,0,2,76,72,8,15,24,2,0,2,27,17,0,0,0,0,0,0,143,143,0,0,10,6,0,5,24,4,1,6,94,86,8,10,124,20,2,3,10,17,8,45,23,4,0,0,0,0,0,3,139,124,0,0,32,34,0,0,28,23,0,0,105,106,1,2,143,63,0,0,8,6,1,7,23,4,0,0,0,0,0,0,19,30,0,0,83,19,0,0,56,60,0,1,70,26,0,0,56,86,0,0,0,0,0,0,2,3,0,0,0,0,0,0
22,18,15,1,0,9,64,54,112,55,14,0,0,1,65,137,137,9,0,0,0,0,3,119,11,0,0,5,17,1,0,8,79,65,19,0,0,0,1,11,137,97,19,0,0,0,0,32,137,14,0,0,0,0,0,75,43,0,0,3,19,1,0,12,72,44,1,0,0,0,0,7,137,69,0,0,0,0,0,14,137,49,0,0,0,0,0,8,60,3,0,6,12,0,0,2,25,84,7,0,0,0,0,2,118,104,0,0,0,0,0,0,137,46,0,0,0,0,0,0,36,7,0,2,3,0,0,0
2,138,92,0,0,138,138,0,15,138,138,1,2,100,113,3,4,138,138,5,4,30,11,0,3,66,53,2,1,13,11,1,7,138,138,4,7,16,21,14,30,99,70,2,1,0,10,28,5,17,42,9,2,5,2,0,0,20,42,2,0,1,0,0,9,6,22,36,12,3,3,5,88,17,8,2,0,0,1,11,32,20,34,4,0,0,0,0,0,19,34,2,0,0,0,0,10,5,28,20,0,0,0,3,30,38,32,4,0,0,0,0,33,44,17,1,0,0,0,0,0,24,42,1,0,0,0,0
170,170,73,15,5,0,9,74,148,170,15,0,0,0,2,5,13,16,0,0,0,0,2,7,0,0,0,0,0,0,0,0,170,170,2,14,15,11,6,21,121,75,0,1,9,5,7,7,16,0,0,0,1,1,6,31,4,0,0,0,1,0,0,3,130,170,3,0,3,0,0,0,15,26,0,5,40,3,0,1,43,4,0,0,6,0,0,10,13,1,0,0,2,0,0,2,34,71,1,0,6,0,0,0,2,1,0,3,35,4,0,1,29,6,0,0,3,1,0,10,8,1,0,0,2,0,0,3
142,1,0,0,0,0,0,61,142,1,0,0,0,0,0,61,32,0,0,5,7,0,0,7,2,0,0,20,51,4,0,0,142,30,2,0,0,0,0,132,142,13,0,0,0,0,0,142,80,0,0,2,6,0,0,14,1,0,1,34,49,1,0,0,61,142,46,0,0,0,0,9,142,142,1,0,0,0,0,7,78,17,0,0,0,0,0,0,0,0,4,24,7,0,0,0,69,88,32,1,0,0,0,0,142,99,0,0,0,0,0,0,17,12,0,0,0,0,0,0,0,0,0,0,9,6,0,0
43,59,37,0,0,0,0,37,120,46,3,0,0,0,0,60,120,29,0,0,0,0,0,28,120,39,0,0,0,0,0,1,34,83,42,0,0,0,1,35,90,94,9,0,0,0,0,13,120,7,0,0,0,0,0,36,120,10,0,0,0,0,0,35,60,64,94,0,0,0,0,44,55,94,39,0,0,0,0,11,118,60,14,0,0,0,0,33,120,24,0,0,0,0,0,72,50,51,82,0,0,0,2,58,10,76,120,0,0,0,0,0,9,94,72,0,0,0,0,0,69,119,7,0,0,0,0,0
33,0,0,0,23,52,13,20,113,0,0,0,10,34,30,98,90,1,0,0,0,0,0,25,2,1,0,0,0,0,0,1,71,9,0,1,112,38,1,16,140,46,1,1,49,20,4,27,140,9,0,0,0,0,0,12,4,0,0,0,0,0,0,5,54,15,0,0,106,82,13,15,140,27,0,1,20,21,15,114,139,5,0,0,0,0,0,31,10,2,0,0,0,0,0,0,30,7,0,0,140,105,13,18,140,14,0,0,19,23,15,85,140,21,0,0,0,0,0,5,6,3,0,0,0,0,0,0
78,20,0,0,0,2,1,22,23,5,0,0,4,46,37,34,61,2,0,0,0,5,21,100,20,2,2,0,0,0,0,7,107,0,0,0,9,6,2,118,41,1,0,0,102,91,18,33,134,6,0,0,7,13,13,85,59,0,0,0,0,0,0,10,134,49,0,0,18,5,0,40,70,19,1,3,134,38,2,9,134,42,1,1,11,2,1,30,58,1,0,0,0,0,0,12,134,44,0,0,33,14,0,12,35,3,0,0,110,102,27,48,134,5,0,0,1,4,10,119,64,3,0,0,0,0,0,11
129,5,0,0,0,0,3,109,129,50,4,0,0,0,0,102,57,58,1,0,0,1,16,24,3,4,0,0,0,0,22,11,129,106,33,0,0,0,0,29,129,74,5,0,2,3,1,58,57,17,0,0,25,61,46,40,3,0,0,0,2,25,94,47,42,129,70,0,0,0,0,0,129,119,49,5,3,14,7,26,26,11,37,15,31,72,15,18,6,2,6,15,8,23,36,15,38,107,25,0,0,2,6,5,29,62,57,7,0,2,10,40,10,22,97,48,2,2,0,4,1,4,64,78,3,0,0,0
1,138,138,9,1,0,0,0,76,138,138,2,0,0,0,1,135,82,2,0,0,0,3,12,3,0,0,1,13,11,6,2,60,94,110,3,4,0,0,67,27,38,53,16,28,0,0,10,103,18,4,0,1,0,1,23,5,15,32,3,2,1,2,1,97,0,0,5,2,0,0,138,39,4,1,19,26,0,0,54,138,26,2,3,2,0,0,1,24,24,15,0,0,0,0,0,65,3,3,6,0,0,0,88,83,2,0,1,3,0,1,116,125,10,0,0,0,0,0,3,30,6,0,0,0,0,0,0
0,0,0,0,0,3,124,68,4,1,0,0,0,0,82,91,1,0,0,0,0,0,34,48,2,0,0,0,0,0,2,11,14,0,0,1,2,13,170,153,170,19,11,1,0,0,61,170,48,31,55,10,0,0,23,52,29,16,4,1,6,9,10,26,89,5,0,8,24,5,13,25,170,57,1,0,0,0,3,48,87,20,16,6,1,0,0,6,6,7,3,10,11,4,4,14,76,6,4,7,33,1,0,10,170,24,1,0,1,0,0,42,66,6,1,6,2,0,0,2,0,0,0,3,3,1,4,5
11,0,5,27,14,3,9,47,37,6,15,28,7,1,13,51,1,1,37,72,3,2,85,95,0,0,14,53,88,106,95,40,16,8,31,106,48,0,0,9,120,16,12,29,22,0,0,33,27,10,31,73,40,9,1,1,16,60,91,120,24,6,3,0,10,7,5,42,96,13,3,2,120,30,5,26,45,5,0,8,67,59,1,2,69,34,1,4,120,120,32,35,6,3,0,0,1,15,33,43,17,4,0,0,33,40,22,38,11,1,0,0,77,120,8,4,15,5,0,0,91,120,0,0,2,15,0,0
0,0,0,0,111,106,0,0,31,1,0,0,42,140,26,16,42,1,0,0,22,31,6,13,0,0,0,10,47,46,17,0,3,0,0,0,140,140,4,2,140,17,0,0,39,113,18,24,62,11,0,14,49,46,12,3,0,1,9,22,36,30,28,0,22,1,0,0,140,140,2,4,140,9,0,0,14,31,4,29,57,2,9,44,39,4,2,12,0,23,69,25,6,3,5,0,34,6,0,0,104,88,0,0,140,23,0,0,2,1,0,7,47,4,1,2,1,1,1,11,6,22,7,1,0,0,0,0
68,17,7,44,11,0,3,42,159,54,25,60,8,0,0,16,159,6,0,0,0,0,0,55,28,0,0,0,0,0,0,4,111,83,9,5,0,0,2,36,124,22,14,25,11,1,1,27,159,8,0,0,0,0,0,67,55,1,0,0,0,0,0,4,9,103,35,1,0,0,3,1,63,68,36,16,4,0,1,6,159,116,7,1,0,0,0,7,57,5,0,0,0,0,0,1,3,4,2,0,0,3,39,37,122,26,1,0,0,1,12,43,159,86,0,0,0,0,0,13,17,7,0,0,0,0,0,0
0,5,63,19,9,44,13,1,161,65,47,0,0,7,9,51,161,11,0,0,0,0,0,62,28,0,0,0,0,0,0,5,0,9,87,32,10,0,0,0,151,59,64,2,0,0,0,12,161,15,0,0,0,0,0,70,55,0,0,0,0,0,0,11,11,32,18,11,18,5,2,2,56,131,62,0,0,0,0,1,161,71,5,0,0,0,0,21,77,0,0,0,0,0,0,10,71,62,3,1,7,12,4,8,46,84,10,0,0,0,0,1,161,18,1,0,0,0,0,33,64,0,0,0,0,0,0,20
0,0,0,0,8,36,28,11,19,0,0,0,4,68,74,17,72,3,0,0,1,9,9,23,17,0,0,0,0,0,19,52,1,1,4,37,55,91,2,0,94,14,2,2,13,54,19,20,64,2,0,0,0,2,55,47,2,0,0,0,0,8,51,29,1,3,123,139,34,9,0,0,27,22,120,139,19,16,13,4,40,21,27,28,9,18,60,42,19,4,2,1,0,11,24,25,0,0,86,128,0,0,0,0,0,0,139,139,5,0,0,0,8,23,139,139,3,1,0,1,3,4,61,100,1,3,5,1
0,0,0,5,48,5,0,0,48,3,0,40,162,43,3,22,162,3,0,5,15,7,2,65,19,0,2,12,0,0,0,3,0,0,0,9,42,2,0,0,43,5,1,68,162,35,0,9,162,21,1,10,38,8,1,64,41,2,0,0,0,0,0,7,0,0,0,7,34,1,0,0,41,6,0,92,162,11,0,2,162,31,1,21,44,2,0,30,45,3,0,0,0,0,0,4,0,0,0,3,6,0,0,0,8,7,7,83,117,0,0,0,152,77,14,36,27,0,0,15,32,8,0,0,0,0,0,2
0,0,0,1,24,6,0,0,22,0,0,9,160,80,13,26,131,0,0,0,13,12,9,73,8,0,0,0,0,0,0,3,0,0,0,2,40,5,0,0,41,3,0,17,164,47,1,15,164,16,0,1,45,9,0,72,38,1,0,0,0,0,0,6,0,0,0,6,47,3,0,0,43,11,1,46,164,31,1,10,164,50,0,6,37,6,1,51,38,4,0,0,0,0,0,5,1,0,0,3,29,0,0,13,25,12,3,50,164,7,0,6,164,54,3,13,34,3,0,33,34,5,0,0,0,0,0,3
0,0,0,4,30,2,0,0,34,2,0,36,161,22,0,7,161,8,0,5,19,4,0,27,24,1,0,0,0,0,0,2,0,0,0,1,41,6,0,0,36,2,0,10,161,88,5,19,161,10,0,2,31,20,5,75,38,1,0,0,0,0,0,5,0,0,0,0,60,5,0,0,43,24,3,20,161,23,0,3,161,89,2,7,32,3,0,18,38,6,0,0,0,0,0,2,0,0,0,8,37,1,0,0,32,6,0,61,161,2,0,3,161,22,0,9,19,0,0,31,27,1,0,0,0,0,0,4
0,0,0,11,45,1,0,0,32,0,0,49,157,11,0,22,157,0,0,2,15,3,0,86,22,0,0,0,0,0,0,6,0,0,0,5,45,4,0,0,38,1,0,31,157,58,2,13,157,6,0,4,37,15,2,46,52,0,0,0,0,0,0,2,0,0,0,8,30,0,0,0,27,13,5,111,157,3,0,2,157,55,6,28,40,1,0,24,49,3,0,0,0,0,0,4,0,0,0,2,12,0,0,0,7,1,0,47,157,1,0,3,157,12,0,18,55,1,0,52,49,1,0,0,0,0,0,12
0,0,0,0,84,3,0,0,63,25,2,22,156,15,1,7,156,57,1,4,11,1,0,21,21,2,0,0,0,0,0,1,0,0,0,17,77,1,0,0,64,13,2,92,156,1,0,9,156,27,1,9,13,0,0,55,28,1,0,0,0,0,0,5,0,0,0,9,40,4,0,0,40,12,0,53,156,24,0,1,156,58,0,7,28,1,0,8,32,5,0,0,0,0,0,0,0,0,0,0,48,12,0,0,56,10,0,0,156,58,0,4,156,42,0,0,9,3,0,10,12,3,0,0,0,0,0,0
0,0,0,0,2,2,0,0,0,0,0,0,100,82,0,0,82,81,0,2,102,56,0,0,81,64,0,0,0,0,0,0,0,0,0,0,22,8,0,0,17,1,0,1,144,124,0,2,144,82,0,0,43,40,0,10,50,31,0,0,0,0,0,1,0,0,0,1,41,12,0,0,33,1,0,5,144,88,1,5,144,26,0,0,38,14,1,28,53,5,0,0,0,0,0,4,0,0,0,0,71,23,0,0,64,22,1,6,144,128,3,4,144,84,0,0,7,12,2,4,22,8,0,0,0,0,0,0
96,217,84,1,1,0,0,0,28,217,4,4,46,7,0,0,67,15,0,0,13,3,0,8,24,3,0,0,22,5,0,1,124,217,5,1,14,1,0,0,8,15,1,6,92,24,1,4,94,14,0,1,10,5,1,20,21,3,0,0,41,9,0,3,22,53,0,6,16,0,0,0,7,4,1,38,91,3,0,1,97,21,1,7,10,1,0,6,20,2,0,0,55,43,0,1,0,2,0,0,10,4,0,0,6,0,0,4,69,22,0,0,73,4,0,0,13,6,0,6,9,0,0,0,87,92,0,1
77,119,0,0,6,0,0,0,11,9,0,2,76,7,0,0,64,29,0,0,10,1,0,2,13,8,0,0,0,0,0,0,49,48,0,1,18,3,0,0,9,2,0,4,95,28,1,5,98,5,0,0,8,5,1,30,18,0,0,0,11,42,0,5,32,11,0,2,24,5,0,0,10,7,1,15,94,19,0,0,88,32,1,3,6,17,1,5,13,2,0,0,98,215,5,1,13,5,0,1,30,6,0,0,16,5,0,6,59,20,0,0,41,10,0,0,12,215,11,4,1,0,0,0,69,215,140,4
13,15,4,106,123,0,0,0,123,123,13,22,15,0,0,0,9,31,31,19,5,0,0,0,0,5,12,3,1,0,1,0,13,7,2,123,123,0,0,0,123,50,6,46,43,0,0,4,28,9,4,25,88,40,9,1,0,0,0,2,11,32,85,12,2,1,1,123,123,0,0,0,123,19,15,95,55,0,0,18,41,2,0,61,123,20,2,7,1,2,10,44,75,25,34,6,0,0,0,55,32,0,0,0,27,9,12,102,44,0,0,4,29,4,6,72,55,0,0,6,0,3,64,81,27,0,0,0
2,0,0,0,1,33,156,54,94,5,0,0,0,0,75,156,52,24,14,0,0,0,11,44,14,6,1,1,4,8,7,13,27,1,0,6,22,14,19,14,156,21,0,0,3,0,7,59,149,26,8,0,0,0,0,7,4,4,2,10,10,4,4,6,20,14,40,14,22,0,0,2,156,82,18,2,3,0,0,29,156,16,0,2,3,1,0,6,0,0,0,2,5,4,5,4,8,71,156,8,0,0,0,1,84,156,89,1,0,0,0,0,54,25,0,0,4,5,1,3,3,2,2,1,7,8,1,2
0,0,0,0,0,65,117,29,7,0,0,0,1,8,74,117,0,0,3,20,20,45,77,35,0,0,25,37,6,21,90,20,11,9,23,24,15,57,94,41,103,19,5,1,1,7,57,117,14,0,0,0,25,117,88,33,2,0,1,2,6,92,117,73,20,29,49,40,13,15,5,5,80,89,33,16,13,7,2,6,7,2,15,66,117,91,5,2,22,61,50,29,42,41,34,30,47,9,0,0,14,28,16,37,43,24,15,14,5,10,26,63,0,1,38,93,33,19,46,9,3,64,110,27,4,0,7,14
36,100,54,2,0,4,17,9,7,32,45,44,18,15,20,13,20,9,14,62,49,28,14,5,15,7,5,7,6,12,33,18,14,5,8,1,11,89,117,68,63,4,1,12,19,15,49,113,6,5,24,80,105,42,19,2,35,75,47,12,10,21,39,22,51,46,56,20,48,39,20,30,117,113,19,7,1,0,2,39,21,46,117,87,17,0,0,0,7,97,117,25,1,0,0,0,4,90,117,20,7,1,9,0,40,117,66,0,0,4,21,5,27,66,60,10,0,0,11,20,8,39,70,33,2,0,3,1
6,21,2,0,10,116,72,1,30,5,0,0,11,73,62,51,63,4,0,0,0,13,69,116,3,0,0,17,28,114,113,12,28,21,1,0,55,111,14,27,116,49,1,0,41,99,15,27,58,40,4,1,11,48,33,33,19,7,8,38,27,20,35,28,13,1,4,35,80,62,15,35,116,10,0,5,41,28,18,111,44,6,0,0,17,89,46,55,96,29,3,1,20,43,32,41,1,1,10,116,63,0,0,0,34,31,30,47,17,0,1,21,16,7,4,7,17,32,18,21,11,0,0,3,21,58,116,45
1,0,0,0,51,27,138,55,6,1,1,7,59,23,43,20,1,3,12,34,18,5,21,12,5,14,21,6,1,2,11,9,19,4,0,0,1,8,110,117,138,51,44,0,1,8,53,84,21,40,138,5,1,5,11,2,1,49,138,3,0,2,2,0,30,28,66,1,0,4,6,11,138,70,34,0,0,1,4,34,66,31,61,3,1,29,20,8,5,78,32,1,0,9,9,1,1,81,138,6,0,0,0,0,63,138,122,0,0,0,0,1,12,53,54,1,1,4,3,3,2,30,14,0,0,0,1,3
0,0,0,0,0,0,0,0,4,2,1,16,7,0,0,0,20,8,0,2,0,0,0,0,1,0,0,0,0,0,0,0,0,0,0,0,4,0,0,0,4,1,0,12,37,8,0,1,43,6,0,1,4,2,0,10,6,0,0,0,0,0,0,0,0,0,0,0,4,2,3,0,5,1,0,13,42,3,2,0,51,4,0,3,5,0,0,3,6,0,0,0,0,0,0,0,0,0,0,0,0,173,236,0,1,0,0,4,7,39,236,47,17,0,0,1,1,1,236,202,3,0,0,0,0,0,64,70
0,0,48,59,3,0,0,0,1,1,237,206,18,0,0,1,7,26,237,67,1,0,0,3,0,172,237,0,0,0,0,0,0,0,0,0,6,0,0,0,5,0,0,2,50,5,0,3,41,4,3,0,5,1,0,12,4,2,3,0,0,0,0,0,0,0,0,0,6,0,0,0,4,2,0,9,42,7,0,2,37,8,0,1,4,1,0,11,3,0,0,0,0,0,0,0,0,0,0,0,1,0,0,0,1,0,0,0,19,9,1,2,7,0,0,0,3,2,1,15,0,0,0,0,0,0,0,0
46,51,2,9,15,5,16,27,83,66,0,0,0,0,5,27,151,112,0,0,0,0,0,4,128,82,0,0,0,0,0,0,60,21,11,58,48,1,2,34,141,8,0,0,0,0,2,91,151,117,0,0,0,0,0,16,103,54,0,0,0,0,0,1,5,3,3,96,151,1,2,16,151,2,0,0,1,0,2,62,151,29,0,0,0,0,0,17,51,6,0,0,0,0,0,1,0,0,0,42,77,0,0,1,12,0,0,0,1,0,0,7,14,0,0,0,0,0,0,2,0,0,0,0,0,0,0,0
0,0,0,0,0,0,1,1,0,0,0,0,0,8,22,3,1,0,0,0,0,2,20,19,1,0,0,0,0,0,0,3,94,28,3,0,0,4,39,134,27,2,0,0,0,70,134,119,98,4,0,0,0,11,85,134,27,0,0,0,1,1,0,16,127,134,68,0,0,4,19,85,134,43,1,0,0,15,76,63,134,72,0,0,0,1,11,33,48,5,0,0,2,10,1,3,5,66,57,0,0,0,0,0,84,109,24,0,0,0,0,5,134,76,1,0,0,0,0,3,22,5,0,0,7,7,0,0
0,0,4,61,58,0,0,0,16,71,120,133,74,0,0,3,37,133,109,36,5,0,0,4,1,2,0,0,0,0,0,0,0,3,88,112,26,0,0,0,73,59,133,47,1,0,0,12,133,125,32,2,0,0,0,62,23,3,0,0,0,0,0,7,0,2,133,79,1,0,0,0,10,32,133,81,0,0,0,1,86,133,99,5,0,0,0,10,20,18,1,0,0,0,0,2,0,0,19,5,0,0,7,8,1,3,45,6,0,0,1,9,0,16,27,0,0,0,1,1,0,3,1,0,0,0,0,0
0,0,0,54,101,42,6,0,12,0,5,46,34,42,39,60,89,5,0,1,0,0,8,122,35,1,0,0,1,0,0,22,0,0,0,91,75,0,0,1,13,4,10,122,122,14,2,7,122,23,2,7,10,6,2,40,82,3,0,0,2,0,0,18,0,0,0,22,51,0,1,3,7,7,3,116,122,5,1,2,108,19,3,21,21,5,31,111,44,0,0,0,0,0,13,122,0,0,3,13,7,0,0,0,0,0,0,120,108,0,0,0,7,0,0,79,76,4,18,33,109,5,0,5,4,0,7,118
0,0,0,86,128,3,0,0,58,5,15,91,54,2,0,22,128,1,1,1,0,0,0,65,31,0,0,0,0,0,2,17,1,0,0,67,75,3,0,0,15,5,12,103,128,47,3,6,128,14,2,4,7,13,3,53,80,2,0,2,0,0,0,10,0,1,0,6,106,32,0,0,13,11,2,23,128,82,1,13,128,36,1,2,6,5,2,86,89,1,0,3,0,0,0,23,0,0,0,43,57,5,0,0,1,2,14,128,105,9,0,6,109,46,34,18,8,0,1,64,98,14,1,0,0,0,0,26
105,19,1,6,38,14,3,6,134,58,0,1,4,1,1,10,70,36,0,0,0,0,0,8,110,18,0,0,0,0,0,5,134,16,2,0,62,24,5,10,134,27,1,0,0,0,8,75,72,12,0,0,0,0,4,104,104,7,0,0,0,0,0,56,134,65,6,3,63,6,0,1,134,107,12,0,0,0,1,16,86,46,2,0,0,0,0,26,89,11,0,0,0,0,0,41,134,61,2,2,37,4,0,1,118,60,18,0,0,0,3,9,43,61,6,0,0,0,5,18,41,66,1,0,0,0,0,7
31,65,4,1,3,3,0,1,10,21,11,0,0,0,5,7,10,23,11,0,0,0,1,7,9,23,7,0,0,0,0,0,9,30,17,7,8,6,3,1,4,2,3,10,7,13,31,18,66,14,2,0,0,0,11,44,21,25,10,0,0,0,0,1,0,0,4,5,3,2,172,64,5,5,16,34,6,3,73,46,93,26,6,4,0,0,12,30,31,11,2,0,0,0,7,19,22,0,0,0,0,0,180,180,126,0,0,0,0,0,180,180,25,0,0,0,0,2,92,113,2,0,0,0,0,2,115,70
29,38,22,5,7,10,5,34,111,60,26,0,0,0,0,130,130,31,7,0,0,0,0,39,30,23,23,1,0,0,0,0,17,26,37,3,0,0,6,37,130,50,9,0,0,0,1,118,130,20,0,0,0,0,0,88,65,14,2,1,0,0,0,0,32,25,18,2,0,5,7,21,126,130,16,0,0,0,3,42,130,130,2,0,0,0,0,12,45,25,0,0,0,0,3,2,16,8,9,12,20,40,18,25,130,39,2,0,1,5,10,107,130,34,0,0,0,2,19,55,7,2,0,0,0,3,70,17
0,0,0,0,4,140,62,0,74,0,0,0,2,23,109,119,140,8,0,0,0,0,6,100,20,6,0,3,4,2,1,3,0,0,10,35,19,54,1,0,126,23,19,11,9,3,1,41,140,30,1,0,0,0,0,94,39,1,0,0,5,3,1,6,1,23,87,99,24,2,0,0,30,140,140,5,0,0,0,1,140,140,35,0,0,0,0,8,36,6,5,2,6,3,0,3,13,30,23,10,9,7,0,6,53,72,35,0,0,0,0,54,51,33,11,0,0,0,0,18,27,14,9,0,0,0,0,0
49,103,28,1,0,1,11,11,6,21,44,54,26,11,13,9,9,5,9,40,47,25,16,2,16,6,2,3,1,9,37,19,10,11,8,1,10,76,113,62,46,3,3,12,26,13,52,112,5,6,44,92,87,28,9,2,42,97,60,14,6,10,17,13,42,41,31,20,56,49,28,34,121,115,15,4,0,0,4,54,31,68,121,52,3,0,0,0,5,107,121,8,0,0,0,0,4,93,121,30,10,0,2,0,52,121,48,0,0,0,5,6,51,84,40,0,0,0,2,18,11,36,80,12,1,0,0,0
2,0,0,0,0,1,139,139,43,0,0,0,0,0,113,139,17,2,0,1,0,0,20,67,12,3,0,0,0,0,8,31,37,24,14,3,0,0,43,42,139,45,0,0,0,0,19,122,91,4,0,0,0,4,52,58,0,0,0,0,0,3,87,49,30,92,78,4,1,0,0,0,139,79,13,1,0,0,19,48,29,1,0,0,0,14,139,36,4,0,0,0,0,6,137,21,1,40,139,35,15,0,0,0,27,19,28,35,25,1,4,9,11,2,0,0,0,19,27,8,19,7,0,0,0,3,14,14
17,26,54,1,4,7,23,58,46,11,2,0,0,0,29,133,39,0,0,0,0,0,28,133,15,0,0,0,0,0,4,118,17,4,1,32,67,25,50,45,133,13,0,0,0,1,22,102,68,1,0,0,0,13,48,115,7,0,0,0,0,1,59,133,17,38,68,133,55,4,3,3,117,113,51,14,9,8,4,9,15,3,2,12,39,73,63,18,11,2,1,2,2,8,55,133,20,11,43,34,3,4,35,45,10,28,61,44,34,5,2,8,0,7,25,56,73,8,1,1,14,16,35,13,3,1,2,18
1,10,121,40,1,0,1,8,112,2,20,48,5,0,0,140,154,0,0,0,0,0,0,154,17,0,0,0,0,0,0,8,0,3,53,78,22,1,0,0,101,4,9,144,58,0,0,16,154,6,2,6,1,0,0,66,57,0,0,0,0,0,0,9,2,0,0,13,22,40,16,5,45,18,14,101,35,2,6,6,154,38,10,16,1,0,0,14,71,0,0,0,0,0,0,10,21,8,3,1,7,41,16,15,53,31,11,10,1,0,1,8,154,48,7,3,0,0,0,4,63,2,0,0,0,0,0,3
2,0,0,0,0,10,62,51,15,0,0,0,0,10,82,75,9,0,0,0,8,5,1,20,6,5,0,0,12,8,0,0,141,64,7,0,0,10,111,145,145,8,0,0,0,9,89,127,91,1,0,0,7,12,2,24,12,13,0,0,6,4,0,0,74,145,38,0,0,0,0,10,145,145,1,0,0,0,0,9,92,19,0,1,5,6,1,3,14,12,0,0,0,1,0,0,21,145,22,0,0,0,0,0,58,145,2,0,1,1,0,0,25,20,0,0,2,3,1,0,10,4,0,0,0,0,0,0
22,0,0,0,0,81,126,93,70,0,0,0,3,3,19,129,15,1,0,1,9,4,0,8,12,0,0,0,0,0,0,1,129,50,0,0,0,13,51,128,129,18,0,0,0,0,1,129,51,1,0,2,4,2,0,20,15,0,0,0,0,0,0,4,118,129,0,0,0,0,0,3,129,126,0,0,0,0,0,5,60,13,0,2,7,2,0,4,18,1,0,0,5,27,3,3,129,61,0,0,0,0,0,3,129,71,0,0,1,0,0,1,20,7,0,3,15,2,0,3,6,0,0,0,73,119,2,5
15,2,2,100,144,11,0,1,144,7,3,20,16,3,0,21,101,1,0,0,2,0,0,17,0,0,0,29,29,0,0,2,9,2,0,34,144,84,0,2,144,39,0,8,41,23,0,24,124,14,1,2,0,0,0,11,1,0,0,13,15,0,0,7,8,3,13,107,144,33,0,4,144,64,29,27,23,5,0,52,126,15,1,7,1,0,0,11,1,0,0,9,7,0,0,3,0,3,58,99,30,0,0,0,41,100,126,26,2,0,0,0,33,32,3,1,0,0,0,0,0,0,0,8,2,0,0,0
0,0,0,16,132,43,14,2,112,14,0,9,42,21,39,98,97,9,0,0,0,1,0,46,1,0,0,0,2,7,0,0,2,3,0,12,132,35,0,1,132,100,0,8,68,13,0,21,117,47,0,0,1,4,0,10,2,7,0,0,1,6,0,0,1,1,0,13,132,10,1,2,132,21,0,3,78,7,5,118,131,8,1,0,0,0,0,45,0,7,2,0,0,0,0,0,2,0,0,3,132,27,0,0,132,64,0,3,58,11,1,12,121,30,0,0,0,0,9,7,0,0,0,0,0,0,12,2
8,127,128,16,0,0,0,0,2,49,128,128,7,0,0,0,6,128,128,37,1,0,0,0,0,48,128,54,0,0,0,0,2,63,128,7,8,0,0,0,11,30,75,49,80,8,0,5,103,53,72,8,7,2,0,17,14,14,120,17,0,0,0,0,0,0,15,3,38,8,0,0,18,4,2,6,128,39,0,2,128,19,0,1,7,2,0,5,29,2,1,2,5,0,0,0,0,0,0,8,32,2,0,0,18,1,1,46,86,8,0,1,128,4,0,4,2,0,0,7,20,0,0,1,2,0,0,4
1,0,0,7,27,0,0,0,5,1,0,17,118,1,1,8,88,6,0,1,11,1,1,56,24,1,0,0,0,0,0,7,4,0,0,2,34,0,0,2,9,2,0,12,129,8,0,1,129,27,0,2,16,3,3,11,33,4,0,0,0,4,25,4,1,0,0,1,15,14,94,8,7,1,0,25,105,53,61,4,73,3,0,7,12,37,81,51,6,0,0,0,5,98,129,8,0,0,0,0,0,65,129,32,0,0,0,0,7,129,129,23,6,0,0,0,3,59,129,124,1,0,0,0,13,129,129,20
26,35,36,19,6,6,2,3,79,36,15,16,10,18,15,42,132,65,0,0,0,0,4,48,38,13,0,0,0,1,43,27,27,18,26,29,14,43,55,30,87,132,54,26,6,5,17,53,132,132,13,2,0,0,3,23,14,12,45,26,0,2,27,13,29,27,20,64,81,48,41,34,132,82,10,4,1,3,18,112,132,39,4,0,0,0,1,70,46,16,35,23,0,0,0,2,8,39,42,52,14,4,15,18,88,105,23,4,0,50,36,20,132,65,0,0,0,6,10,23,30,13,0,0,0,0,0,0
3,4,11,70,81,4,3,5,58,36,13,5,2,2,11,26,19,20,21,9,34,30,17,16,13,6,7,11,20,36,65,50,0,2,14,81,122,16,0,0,17,11,13,11,47,97,54,30,96,8,11,23,20,19,51,92,20,22,84,53,16,8,3,7,0,0,0,76,122,16,0,0,19,24,13,46,116,47,9,7,122,54,9,7,2,5,10,33,18,1,9,5,1,59,42,12,0,0,0,122,122,6,1,0,5,6,3,80,115,25,47,58,25,11,1,1,0,36,87,79,1,0,0,0,0,122,82,4
0,0,0,0,2,102,22,0,1,3,0,0,0,131,131,1,7,16,1,0,0,44,131,15,4,2,0,0,0,6,112,28,3,0,0,0,103,131,13,1,68,61,2,0,7,126,61,9,24,105,21,8,2,5,23,8,4,7,10,25,10,11,24,15,7,0,0,0,131,70,0,4,131,12,0,0,19,10,1,69,92,28,15,7,0,0,0,34,3,7,54,47,3,2,0,1,1,0,0,19,131,17,0,1,99,2,0,7,16,1,0,49,131,2,0,0,0,0,0,45,11,2,4,3,11,15,1,4
2,40,131,32,31,16,2,3,23,44,130,4,1,3,2,14,65,131,69,0,0,0,0,2,16,98,17,0,0,0,0,0,4,0,0,17,131,51,13,16,62,2,0,0,2,8,24,95,131,28,0,0,0,0,1,27,43,10,0,0,0,0,0,0,7,0,0,113,131,13,6,7,131,9,0,15,14,3,9,50,131,49,0,0,0,0,0,10,27,6,0,0,0,0,0,0,1,0,0,131,117,0,0,0,77,1,0,47,39,0,0,29,120,5,0,0,0,0,0,16,5,0,0,0,0,0,0,0
6,0,0,0,13,2,0,3,14,4,0,3,126,27,9,8,104,22,0,0,13,4,7,33,10,2,0,0,0,3,0,2,17,0,0,2,24,1,0,9,27,5,0,3,147,14,0,10,147,22,0,0,17,2,0,36,10,5,0,0,0,0,0,1,22,2,0,0,25,6,24,9,34,8,0,2,147,32,9,5,147,31,0,0,14,6,38,24,9,1,0,0,0,2,82,9,1,0,0,0,4,56,147,27,10,0,0,1,40,93,147,51,24,1,0,0,2,88,147,70,0,0,0,5,12,87,147,25
11,129,140,16,0,0,0,5,4,102,140,68,22,0,0,0,46,106,140,29,7,0,0,3,3,63,140,15,2,0,0,0,0,12,112,6,9,1,0,0,18,9,38,28,140,19,0,1,140,16,7,5,31,4,0,6,23,3,14,9,24,1,0,0,0,0,0,1,9,4,0,0,14,1,0,46,140,14,0,0,140,5,1,13,30,4,0,11,27,0,0,10,12,0,0,4,0,2,0,1,6,2,0,0,7,2,5,34,101,15,0,1,120,22,11,12,22,4,0,8,20,3,0,3,3,0,0,1
39,16,9,1,3,5,10,37,22,0,0,0,13,30,28,110,63,0,0,0,0,1,3,135,6,0,0,0,0,0,0,6,8,12,11,2,4,60,41,1,42,1,0,0,28,135,44,62,135,7,0,0,0,9,11,135,42,0,0,0,0,0,0,13,1,1,0,0,0,135,135,1,135,63,0,0,1,102,92,19,135,107,0,0,0,2,3,15,35,5,0,0,0,0,0,0,5,50,45,0,0,51,30,1,101,125,7,0,0,2,9,3,60,36,0,0,0,0,0,0,0,0,0,0,0,0,0,0
0,0,5,74,127,72,6,0,36,132,125,80,42,8,0,3,132,132,34,0,0,0,0,7,36,27,13,0,0,0,0,1,6,10,2,2,27,114,18,4,119,63,15,4,4,5,2,48,132,64,4,0,0,0,0,57,44,28,17,2,0,0,0,0,29,29,2,0,9,22,4,4,117,63,0,0,0,1,3,27,132,85,0,0,0,0,0,20,49,18,3,0,0,0,6,7,16,32,27,16,3,4,4,4,103,59,13,13,3,3,5,26,132,47,2,0,0,0,8,30,8,2,3,1,0,0,44,26
18,9,7,5,17,38,42,22,25,38,35,17,4,4,7,10,44,51,21,23,5,3,6,12,119,62,2,0,0,0,1,13,42,98,40,6,6,11,19,22,40,30,9,21,36,40,44,29,119,57,10,7,3,8,24,66,119,68,5,0,0,0,0,15,17,52,20,5,5,0,39,76,7,30,38,68,43,7,13,23,119,89,28,10,2,4,13,31,119,27,0,0,0,0,1,22,1,0,1,1,0,0,119,119,5,6,6,2,0,3,119,119,104,61,4,0,0,13,95,36,119,78,0,0,0,0,2,6
24,0,0,8,11,1,5,28,15,3,4,2,4,10,44,64,76,10,5,1,1,2,52,121,44,4,0,0,0,0,37,121,14,4,4,71,72,6,9,27,74,40,23,4,5,3,6,39,46,31,26,6,33,43,54,47,29,2,0,1,3,12,121,121,6,7,19,121,121,12,1,1,53,15,10,9,25,51,79,68,45,9,41,44,53,34,41,58,58,50,64,23,8,11,19,47,0,0,0,76,121,14,0,0,54,21,7,23,103,46,20,22,121,21,15,5,0,13,20,46,4,8,22,5,1,101,63,4
0,0,0,1,22,124,31,0,9,11,9,7,36,124,13,3,29,43,6,0,2,10,5,5,62,62,2,0,0,0,1,10,8,1,1,2,15,124,124,21,56,48,54,14,18,14,23,32,15,40,50,43,13,5,8,6,124,84,13,7,3,2,3,19,24,85,79,12,8,28,33,16,90,91,30,10,27,24,33,29,72,28,16,20,17,27,68,61,124,124,17,3,0,0,0,13,27,51,32,1,0,0,26,94,3,25,27,49,58,9,9,26,91,87,42,31,21,8,9,23,124,40,0,0,0,0,0,16
0,0,0,0,3,72,19,0,1,1,0,0,0,109,129,3,3,3,0,0,0,12,129,32,0,0,0,0,0,0,117,45,3,0,0,0,129,129,15,1,87,54,4,0,21,129,102,17,25,52,25,24,5,5,67,33,13,10,9,11,3,4,49,65,8,0,0,6,129,91,0,3,129,16,1,3,38,18,1,49,96,20,33,32,4,7,0,11,11,27,35,25,5,13,8,13,2,1,4,72,37,3,0,0,129,25,11,61,12,0,0,15,100,6,5,10,11,9,0,22,9,29,24,13,12,14,6,9
5,0,0,0,0,2,0,10,0,0,0,0,0,19,31,3,0,0,0,0,0,1,28,20,0,0,0,0,0,0,0,2,24,0,0,0,21,21,1,13,9,0,0,0,114,150,96,33,121,5,0,0,6,25,90,150,23,0,0,0,0,5,1,16,38,0,0,0,79,24,0,8,58,21,1,1,150,120,8,10,150,99,1,0,19,11,7,38,40,13,0,0,0,2,2,3,35,2,0,0,100,31,3,7,98,17,0,0,150,85,1,9,150,49,0,0,4,3,1,15,17,11,0,0,0,0,1,2
0,4,33,37,92,2,0,0,93,4,2,108,153,0,0,14,153,2,0,7,9,0,0,61,17,0,0,53,48,0,0,5,0,0,0,18,73,5,0,0,54,6,8,104,153,6,1,10,153,24,8,12,26,1,1,57,46,2,0,27,23,0,0,5,1,5,1,20,21,1,0,0,9,21,92,153,98,0,0,0,128,150,107,33,5,0,0,6,26,18,2,13,1,0,0,0,3,3,0,1,0,0,0,0,0,1,25,18,0,0,0,0,0,18,31,2,0,0,0,0,0,3,0,2,0,0,0,0
39,68,43,70,92,45,1,6,161,161,22,3,0,0,0,26,65,50,29,2,0,0,0,2,0,7,48,4,0,0,0,0,98,28,1,0,16,40,2,14,161,38,0,0,0,0,0,49,121,21,12,1,0,0,18,21,0,5,22,1,0,0,20,3,72,53,23,6,2,5,8,20,161,78,4,0,0,0,3,44,59,14,25,5,0,0,64,45,0,2,19,3,0,0,80,17,70,32,14,18,9,10,19,35,161,43,4,0,0,0,1,58,73,24,53,8,0,0,1,4,0,4,64,9,0,0,2,1
14,0,0,0,121,128,9,6,128,40,7,2,13,46,27,27,25,28,40,35,2,1,16,24,9,18,16,10,1,2,27,25,22,8,8,54,80,38,0,3,128,34,9,21,12,4,0,19,80,14,25,25,18,19,3,6,14,35,33,12,6,6,4,12,3,4,48,128,2,0,0,0,128,53,128,128,0,0,0,16,67,84,78,13,5,1,0,15,3,113,87,4,1,0,0,0,0,0,20,34,0,0,0,0,2,15,128,70,0,0,0,0,3,64,128,1,0,0,0,0,0,39,45,4,3,0,0,0
4,8,24,14,27,21,19,19,24,35,17,34,62,38,2,2,152,114,3,1,1,1,0,1,143,15,0,0,0,0,0,3,4,18,20,52,43,15,8,4,44,26,16,38,36,27,5,10,152,81,2,0,0,1,1,13,127,25,0,0,0,0,0,3,0,0,2,101,87,11,5,0,54,7,1,22,42,13,3,4,152,13,0,0,0,0,0,55,92,1,0,0,0,0,6,65,0,0,0,143,90,0,0,0,29,10,1,53,48,8,6,8,152,25,0,0,0,1,5,62,62,0,0,0,0,1,14,58
0,0,1,59,33,54,137,2,21,0,0,10,9,5,80,42,18,0,0,0,0,0,0,10,0,0,0,0,0,0,0,0,4,0,2,137,55,5,7,4,114,8,9,137,37,2,9,64,137,16,2,3,0,0,0,86,17,1,0,0,0,0,0,1,4,3,10,32,27,33,43,4,46,119,46,91,70,13,6,3,137,137,10,6,1,0,0,11,26,11,0,0,0,0,0,0,0,57,94,7,5,5,5,0,2,137,110,3,3,1,1,0,15,137,10,0,0,0,0,0,1,3,0,0,0,0,0,0
0,0,3,133,63,1,0,0,99,2,0,54,26,3,2,33,133,0,0,0,0,0,11,133,4,0,1,0,0,9,52,19,0,1,5,133,79,5,0,0,29,6,7,133,133,42,29,52,133,38,8,8,10,13,27,133,42,25,33,2,0,5,10,13,0,0,0,32,44,33,9,0,9,20,65,133,118,9,4,4,133,102,60,45,6,2,2,16,24,11,5,0,0,0,0,0,0,0,0,0,0,20,12,0,0,0,3,16,1,1,2,0,0,0,2,3,0,0,0,0,0,0,0,0,0,0,0,0
0,0,0,0,0,1,3,1,0,0,0,0,0,7,1,0,0,0,0,0,0,0,1,1,0,0,0,0,0,0,0,0,1,0,6,5,21,37,32,22,10,4,2,9,102,142,58,28,142,19,2,3,5,36,47,135,29,5,18,6,0,0,0,6,0,0,13,37,120,33,1,1,29,41,23,66,142,103,7,8,142,142,20,15,10,8,6,38,60,33,31,1,0,0,0,2,0,0,0,6,138,110,0,0,47,12,2,2,89,85,1,3,142,17,1,0,0,0,0,23,60,7,6,0,0,0,13,16
0,0,0,0,12,128,35,0,5,1,0,0,1,101,131,19,1,1,0,0,0,2,131,64,0,0,0,0,0,8,131,24,6,0,0,0,95,131,14,5,131,24,8,1,23,86,65,42,30,29,38,9,2,0,44,36,4,13,18,8,0,2,57,11,8,4,22,31,34,26,0,1,131,42,46,32,13,8,0,16,68,56,35,10,8,1,0,4,3,78,76,4,0,0,0,0,0,0,32,27,0,0,0,0,28,47,131,68,0,0,0,0,17,122,108,1,0,0,0,0,0,60,55,6,2,0,0,0
0,0,47,78,21,7,0,0,11,123,175,175,32,12,3,6,18,175,175,10,0,0,0,3,1,69,175,26,0,0,0,0,0,0,5,8,5,0,0,0,10,6,61,60,116,12,1,4,158,78,48,5,14,5,1,11,42,54,52,3,0,0,0,0,0,0,0,0,0,0,0,0,7,0,0,28,62,1,0,0,90,5,0,9,14,0,0,3,17,2,0,0,0,0,0,0,0,0,0,0,0,0,0,0,0,0,0,0,0,0,0,0,0,0,0,0,0,0,0,0,0,0,0,0,0,0,0,0
0,0,0,0,0,0,0,0,0,0,0,0,0,0,0,0,0,0,0,0,0,0,0,0,0,0,0,0,0,0,0,0,0,0,0,0,19,13,0,0,14,1,0,0,92,33,0,3,71,3,0,0,9,2,0,12,0,0,0,0,0,0,0,0,0,0,0,0,27,79,150,19,19,10,1,5,114,93,91,12,115,32,1,2,8,2,28,48,1,0,0,0,0,0,0,1,0,1,3,1,0,25,176,92,3,2,2,8,16,155,176,71,48,10,1,2,2,28,176,176,4,0,0,0,0,0,5,19
0,0,0,0,7,3,0,0,10,0,0,0,2,1,0,1,2,3,0,0,0,0,0,0,0,1,0,0,0,0,0,0,7,1,1,14,151,36,0,1,151,32,0,0,54,15,0,12,76,62,15,0,0,0,0,5,11,25,2,0,0,0,0,1,15,0,0,6,151,151,6,8,151,10,0,0,33,26,5,59,137,27,4,0,0,0,1,36,15,11,1,0,0,0,0,9,14,0,0,19,151,132,24,33,151,15,0,0,5,13,16,114,149,34,4,0,0,0,0,6,3,9,3,0,0,0,0,0
0,0,0,0,0,0,0,0,0,0,0,0,0,0,0,0,0,0,0,0,0,0,0,0,0,0,0,0,0,0,0,0,0,0,0,0,26,1,0,0,16,3,1,27,137,0,0,2,142,9,2,8,11,0,0,31,10,0,0,0,0,0,0,2,0,0,0,8,112,22,0,0,33,37,19,172,172,5,0,1,172,172,22,50,35,0,0,28,40,11,0,0,0,0,0,3,0,0,0,10,62,22,0,0,36,14,3,69,172,12,0,0,172,69,3,14,36,0,0,21,19,3,0,0,0,0,0,7
0,0,0,0,2,2,0,0,4,0,0,8,165,133,3,2,165,35,0,0,78,59,4,12,96,49,1,0,0,0,0,1,0,0,0,0,19,7,0,0,29,0,0,2,165,165,21,26,165,40,0,0,36,72,24,83,140,49,2,0,0,0,0,1,0,0,0,0,7,0,0,0,15,0,0,1,117,15,2,4,165,29,0,0,14,5,2,11,35,15,0,0,0,0,0,0,0,0,0,0,0,0,0,0,0,0,0,0,0,0,0,0,0,0,0,0,0,0,0,0,0,0,0,0,0,0,0,0
