17,0,0,0,0,0,0,0,139,4,0,0,0,0,0,22,139,0,0,0,0,0,1,137,16,0,0,0,0,0,23,139,26,2,0,0,0,0,0,0,139,16,0,0,0,0,0,2,139,3,0,0,0,0,0,38,106,6,0,0,0,0,1,51,19,9,0,0,0,0,0,0,139,30,0,0,0,0,0,10,139,10,0,0,0,0,0,12,138,46,0,0,0,0,0,0,4,15,4,0,0,0,0,0,75,126,13,0,0,0,0,1,101,134,7,0,0,0,0,1,100,64,5,0,0,0,0,0
89,32,0,0,0,0,0,3,81,66,0,0,0,0,0,1,86,98,0,0,0,0,0,0,91,72,0,0,0,0,0,0,126,11,0,0,0,0,0,33,126,56,0,0,0,0,0,18,126,66,0,0,0,0,0,3,126,37,0,0,0,0,0,1,126,0,0,0,0,0,0,50,126,5,0,0,0,0,0,42,126,13,0,0,0,0,0,15,126,36,0,0,0,0,0,3,126,1,0,0,0,0,0,21,126,7,0,0,0,0,0,17,126,15,0,0,0,0,0,6,126,33,0,0,0,0,0,2
77,45,0,0,0,0,0,0,128,52,0,0,0,0,0,0,128,26,0,0,0,0,0,0,111,26,0,0,0,0,0,0,124,13,0,0,0,0,0,39,128,11,0,0,0,0,0,26,128,20,0,0,0,0,0,10,128,39,0,0,0,0,0,0,128,0,0,0,0,0,0,37,128,10,0,0,0,0,0,22,128,31,0,0,0,0,0,4,128,29,0,0,0,0,0,4,116,0,0,0,0,0,0,44,128,1,0,0,0,0,0,30,128,4,0,0,0,0,0,37,115,11,0,0,0,0,0,36
18,0,0,0,0,0,6,34,194,6,0,0,0,0,0,59,157,3,0,0,0,0,10,33,0,0,0,1,0,1,21,3,37,0,0,0,0,0,6,42,194,32,0,0,0,0,0,22,169,9,0,0,0,0,17,29,0,0,0,0,0,3,38,6,63,0,0,0,0,0,3,51,194,8,0,0,0,0,0,28,118,1,0,0,0,0,16,43,0,0,0,0,0,8,26,7,68,2,0,0,0,0,4,39,194,12,0,0,0,0,0,25,87,0,0,0,0,1,2,28,0,0,0,0,1,44,8,4
29,5,0,0,0,0,0,3,173,28,0,0,0,0,0,9,173,49,0,0,0,0,0,5,69,9,0,0,0,0,0,0,18,43,16,0,0,0,0,1,173,80,25,0,0,0,0,45,173,43,1,0,0,0,0,86,86,5,0,0,2,1,0,5,32,66,10,0,0,0,0,0,40,173,58,0,0,0,0,3,173,173,13,0,0,0,0,18,51,13,0,0,0,3,0,3,1,0,0,0,0,0,0,0,0,6,0,0,0,0,0,0,1,7,0,0,0,0,0,0,0,0,0,0,0,0,0,0
26,40,24,0,0,0,0,4,70,63,23,0,0,0,0,0,69,61,61,3,0,0,0,0,50,46,98,2,0,0,0,0,55,15,0,0,0,0,0,140,95,17,0,0,0,0,0,40,140,28,0,0,0,0,0,9,81,17,0,0,0,3,1,5,43,7,3,0,0,0,0,140,134,12,0,0,0,0,0,140,140,50,0,0,0,0,4,25,36,17,0,0,0,31,20,7,29,15,9,0,0,0,0,51,140,35,2,0,0,0,0,140,70,14,0,0,0,0,47,134,17,13,0,0,0,17,63,22
50,19,0,0,2,3,1,11,128,72,8,0,0,0,0,14,77,46,59,7,0,0,0,100,50,9,11,1,0,0,2,127,80,60,0,0,0,0,0,12,128,68,2,0,0,0,0,30,128,44,63,8,0,0,0,59,46,70,45,3,0,0,0,16,121,15,0,0,0,0,0,86,128,62,0,0,0,0,0,44,128,66,0,0,0,0,0,31,35,41,1,0,0,1,0,2,99,20,5,0,0,0,0,30,128,73,12,0,0,0,0,26,128,67,20,0,0,0,0,28,36,6,0,0,1,3,0,8
1,1,1,5,7,19,62,33,46,41,10,12,15,21,12,2,57,124,66,1,0,2,3,5,18,124,21,1,5,2,13,33,1,25,47,5,0,0,6,4,111,63,46,0,0,0,1,14,124,70,6,1,5,17,14,89,24,24,4,1,5,11,35,88,0,60,124,13,0,0,0,0,18,124,116,22,1,0,0,2,46,124,99,4,0,0,1,26,26,32,98,11,0,0,0,7,0,84,60,27,22,0,0,0,35,124,26,35,24,0,0,0,45,124,42,3,0,0,0,0,2,7,99,15,0,0,0,0
68,39,15,7,6,2,0,8,132,55,0,1,7,9,17,52,35,4,1,5,13,48,97,25,21,8,1,1,1,8,30,32,27,7,10,16,29,23,3,35,97,14,0,1,5,3,58,132,85,45,3,5,10,10,80,82,37,132,14,0,0,0,3,16,24,26,2,0,3,20,7,3,83,111,5,0,0,0,4,28,132,73,9,0,0,0,5,49,126,72,4,0,0,0,0,40,23,80,9,0,0,0,0,0,83,132,18,2,0,0,0,0,105,50,55,34,0,0,0,22,120,4,3,2,0,0,0,57
13,3,1,6,3,1,0,0,64,1,0,0,22,14,2,15,144,1,0,0,1,1,1,66,37,0,0,0,0,0,0,37,3,1,3,11,16,11,0,0,37,3,0,0,60,100,19,50,144,13,0,0,2,10,10,144,104,16,0,0,0,0,0,46,4,0,1,9,56,7,0,5,39,79,17,21,129,33,2,6,144,144,3,0,2,2,1,22,126,61,0,0,0,0,0,3,18,21,18,6,18,3,1,14,13,144,78,18,22,0,0,0,81,144,6,0,0,3,12,2,33,29,0,0,0,6,57,7
0,0,31,19,39,17,25,2,9,3,22,17,1,1,53,66,21,18,12,5,1,28,105,72,1,1,11,15,3,42,41,14,0,0,43,31,31,42,21,0,37,8,21,28,14,46,30,5,132,112,43,28,8,3,2,11,6,15,35,111,79,4,1,2,0,0,13,132,66,26,12,0,71,7,1,38,29,22,21,9,132,22,2,6,16,9,4,69,19,4,2,37,132,27,3,14,0,0,3,132,132,0,0,0,41,11,5,82,64,0,0,0,132,40,2,4,5,2,0,8,26,11,1,34,130,19,0,2
6,122,153,10,0,0,0,0,18,153,153,0,0,0,0,0,7,108,32,0,17,10,0,0,41,39,0,0,5,2,0,0,38,23,23,18,1,0,0,3,86,17,2,0,5,1,0,10,53,23,0,0,38,14,0,0,153,99,0,0,2,1,0,0,18,5,6,39,4,0,0,1,79,5,1,1,6,6,0,10,120,41,0,0,26,17,1,2,153,92,0,0,0,0,0,0,4,4,2,14,13,0,0,0,30,10,1,1,9,8,0,1,150,82,0,0,12,11,0,0,128,64,0,0,0,0,0,0
126,32,16,6,0,0,0,29,126,5,0,0,0,0,0,117,112,1,0,1,0,0,0,126,12,0,1,10,1,0,0,23,66,80,52,15,0,0,0,9,126,89,3,0,0,0,0,33,126,34,0,0,0,0,2,110,47,0,1,1,0,0,1,108,7,89,66,12,0,0,0,0,123,63,5,0,0,0,0,63,58,7,0,1,2,4,17,98,61,0,0,0,2,2,7,126,1,7,10,10,16,3,3,4,73,7,0,0,0,0,2,20,100,12,2,5,20,1,1,15,106,26,2,3,18,2,1,41
67,13,0,0,1,9,1,5,140,19,0,0,0,0,0,15,117,16,0,0,0,0,0,33,30,2,0,0,0,0,0,6,83,14,11,1,0,1,0,20,140,54,0,0,0,0,4,50,90,70,0,0,0,0,44,27,17,4,0,0,0,0,58,14,32,28,23,2,0,0,1,18,102,39,25,9,1,2,45,101,12,3,12,18,3,12,140,57,0,0,5,3,0,0,140,30,63,90,5,0,0,0,0,6,31,104,106,42,1,1,3,1,0,0,140,105,3,6,30,0,0,0,140,62,0,0,46,4
10,17,33,15,3,0,0,0,2,31,28,18,22,0,0,0,0,47,105,2,1,0,0,1,1,50,97,0,0,0,0,1,1,6,93,115,36,3,0,0,46,128,88,28,9,1,0,4,8,91,128,18,0,0,0,0,0,93,128,2,0,0,0,0,4,1,7,38,128,34,2,6,128,32,9,5,37,18,4,86,84,24,82,20,0,0,0,20,0,45,68,5,0,0,0,0,2,0,0,21,128,4,0,1,128,0,0,3,64,3,0,75,128,4,3,0,0,0,0,46,4,7,10,0,0,0,0,1
21,38,9,11,12,3,2,10,64,88,11,5,5,1,2,22,130,130,2,0,0,0,0,1,96,16,0,0,0,0,3,21,51,15,5,9,6,3,41,32,130,130,6,4,2,0,9,50,112,130,0,0,0,0,0,22,28,9,0,0,0,3,25,33,29,45,22,3,1,2,23,22,130,59,10,0,0,0,6,104,130,22,0,0,0,0,0,70,19,14,1,7,10,2,4,6,29,6,1,1,2,35,62,33,121,7,0,0,0,9,63,130,130,4,0,0,0,0,0,84,22,4,1,12,9,5,3,11
0,0,24,129,4,0,0,0,0,0,47,111,2,1,8,1,0,0,24,94,16,5,4,0,0,8,31,32,20,0,0,0,1,0,6,129,65,129,10,2,40,25,72,93,38,45,10,15,5,6,86,129,25,11,0,0,4,30,101,42,6,5,0,1,30,31,0,0,31,129,21,4,129,91,6,10,16,65,19,27,11,12,28,35,60,89,3,3,2,61,52,10,11,14,0,0,117,38,0,0,46,78,2,7,92,66,13,28,8,2,0,4,0,20,73,36,11,6,0,0,0,42,41,8,8,0,0,0
13,0,0,0,1,19,28,103,14,7,20,2,0,3,29,68,22,7,12,0,0,0,28,103,22,1,0,0,0,0,2,21,97,29,0,0,0,0,2,56,119,53,51,4,0,4,2,28,29,39,88,16,3,32,36,21,37,15,3,0,0,46,76,14,96,28,7,6,1,0,0,6,119,31,8,3,2,16,15,72,13,22,103,67,20,103,86,16,0,2,119,43,1,59,119,3,59,3,4,25,23,0,0,5,119,72,6,1,0,0,0,7,78,77,119,59,1,0,0,0,1,14,119,56,0,0,0,0
127,72,0,0,0,0,31,39,53,12,3,3,1,34,127,49,1,2,7,36,14,113,127,5,0,0,0,6,2,14,56,1,127,88,9,8,4,0,17,23,127,61,23,12,2,2,29,33,21,27,93,104,4,4,1,1,0,0,6,12,0,0,0,0,18,91,79,103,24,0,0,2,127,41,11,37,11,0,0,33,122,27,36,9,0,0,0,10,0,0,1,0,0,0,0,0,10,18,35,91,46,6,43,52,84,118,45,45,15,0,0,3,57,39,1,0,0,0,0,2,0,0,0,0,0,0,0,0
92,0,0,0,0,0,6,158,149,3,0,0,0,0,0,118,99,23,0,0,0,0,0,9,84,15,0,0,0,0,0,18,158,4,0,0,0,0,4,158,158,31,0,0,0,0,0,158,158,13,0,0,0,0,0,29,58,0,0,0,0,0,1,54,41,4,0,0,0,0,0,8,151,29,0,0,0,0,0,13,67,3,0,0,0,0,7,65,12,0,0,0,0,1,35,57,0,0,0,0,0,0,0,0,0,0,0,0,0,0,0,0,0,0,0,0,0,0,2,6,1,0,0,0,0,4,12,10
143,1,0,3,1,0,0,143,143,2,0,1,0,0,0,130,65,3,1,13,11,0,0,28,64,0,0,0,1,7,6,52,143,90,5,11,6,0,0,35,143,42,0,0,0,2,1,48,74,0,0,3,14,36,9,30,45,0,0,0,1,15,30,61,52,143,33,4,1,0,0,0,143,107,5,0,0,5,9,20,41,16,0,0,1,40,21,26,20,7,1,1,9,28,24,27,0,143,47,5,2,0,0,0,14,42,20,14,12,1,3,6,36,79,5,4,1,1,4,4,2,13,5,29,47,8,1,0
92,127,14,2,4,1,0,0,87,88,10,3,13,6,16,39,50,0,0,0,2,2,12,103,9,0,0,4,2,4,1,11,127,123,6,1,2,4,4,49,28,20,9,15,77,43,9,23,127,9,1,1,11,9,5,63,29,0,0,0,1,72,18,18,127,127,29,16,6,11,10,46,30,57,52,119,38,7,1,5,69,55,33,16,15,19,12,8,8,2,7,7,14,108,23,5,22,127,90,20,8,1,0,0,2,25,71,64,30,0,0,0,0,17,43,45,73,6,0,0,0,23,29,16,55,27,0,0
44,130,0,0,0,31,7,8,128,117,0,0,0,0,0,13,139,71,0,0,0,0,0,0,41,38,2,1,0,0,2,2,39,41,8,7,10,3,9,31,139,32,0,0,0,0,3,51,139,85,0,0,0,0,0,3,61,26,1,0,0,0,0,2,29,7,5,32,65,2,1,5,139,21,0,1,4,0,0,49,139,28,0,0,0,0,0,30,58,13,1,3,2,0,0,2,7,45,24,13,47,3,0,0,139,139,7,1,0,0,0,3,139,79,0,0,2,1,0,3,40,11,1,2,12,3,0,0
25,28,4,1,2,1,1,10,30,89,7,0,0,0,0,1,19,54,8,2,4,0,0,2,58,5,0,0,2,0,0,17,62,1,0,0,0,0,2,87,146,50,2,1,0,0,0,19,17,38,14,24,31,0,0,1,60,62,4,4,7,0,0,1,101,0,0,0,0,0,1,146,146,6,0,0,0,0,0,83,40,30,13,14,8,0,0,19,29,126,10,2,0,0,0,0,119,0,0,0,0,0,2,146,146,2,0,0,0,0,0,146,98,61,0,0,0,0,0,8,47,146,1,0,0,0,0,0
2,0,0,1,143,14,0,0,143,4,0,0,49,5,0,20,129,9,30,26,4,0,0,27,2,18,100,20,3,2,1,5,5,1,0,0,143,15,0,0,143,40,1,0,51,2,0,4,143,9,1,0,0,0,0,51,18,1,4,1,1,5,3,24,12,0,0,0,143,15,0,0,143,11,0,0,37,2,0,26,79,1,0,0,0,0,0,98,17,0,0,0,0,0,0,60,9,0,0,4,143,6,0,1,113,0,0,0,27,2,1,38,23,0,0,0,0,0,14,99,19,0,0,0,0,0,5,81
22,2,0,4,82,7,2,13,113,26,0,0,0,0,0,21,64,40,0,0,0,6,37,27,44,5,0,0,0,1,23,90,32,21,1,30,111,2,0,2,113,39,0,0,0,0,1,13,38,19,17,7,4,19,37,19,92,51,11,0,0,3,16,46,19,10,2,84,113,0,0,5,83,12,0,1,0,0,1,73,106,86,35,3,0,0,0,35,31,113,87,3,0,0,0,0,0,0,94,113,97,0,0,2,26,3,108,63,1,0,1,46,113,28,28,5,0,0,0,109,86,57,25,4,0,0,1,99
103,104,4,2,0,0,2,3,31,46,37,122,11,3,18,10,15,52,127,127,1,0,0,0,116,84,102,20,0,0,4,30,127,50,1,1,0,0,0,3,111,110,29,8,0,0,1,9,16,36,99,72,6,0,0,2,6,14,88,68,5,0,4,12,127,29,1,3,2,0,0,14,127,8,2,4,2,0,0,23,48,4,5,48,44,7,3,10,2,0,4,43,17,0,10,34,107,34,1,4,12,5,1,3,127,8,0,2,8,3,5,12,29,0,0,6,7,14,27,12,0,0,0,40,12,2,7,9
17,0,0,0,140,31,0,3,140,11,0,0,35,11,2,19,20,1,0,0,26,29,68,23,9,0,0,0,0,3,72,132,23,0,0,0,140,47,0,6,140,10,2,8,42,10,0,35,37,11,70,72,66,19,12,3,29,62,86,7,2,4,16,35,32,10,0,1,140,46,0,0,140,48,2,2,18,3,0,15,64,9,63,27,1,3,3,35,19,36,68,3,0,3,2,3,46,9,0,0,140,30,0,0,140,27,0,0,4,0,0,30,44,1,0,0,0,0,0,51,21,4,1,0,0,0,1,24
1,0,0,0,110,69,3,0,130,9,0,0,45,33,3,14,86,2,0,0,0,1,24,102,1,0,0,0,0,0,43,130,8,0,0,0,130,55,0,2,130,24,0,0,48,18,1,14,53,7,0,0,31,32,46,17,4,0,0,0,1,8,95,106,14,0,0,0,130,68,0,3,130,19,1,3,34,14,0,21,54,9,32,58,74,20,7,2,16,30,69,15,9,10,26,25,20,10,0,0,130,50,0,0,130,52,1,1,10,3,0,6,57,9,45,32,2,1,1,19,6,22,85,10,0,2,1,2
0,0,0,0,2,35,24,0,1,0,0,0,47,153,18,0,126,68,0,0,57,149,3,2,112,58,0,0,0,46,6,2,0,0,0,0,14,67,2,0,30,1,0,0,56,153,10,8,153,68,0,0,14,76,9,17,54,18,0,0,11,101,10,3,0,0,0,0,2,9,0,0,89,2,0,0,22,92,6,10,153,9,0,0,2,43,19,40,14,0,0,0,6,106,47,11,0,0,0,0,0,0,0,0,19,1,0,0,0,0,0,0,72,3,0,0,0,33,60,22,0,0,0,0,0,50,122,24
0,0,0,0,8,27,11,0,20,8,1,0,2,19,42,31,14,22,29,0,0,0,0,6,6,8,33,0,0,0,0,0,3,2,0,17,104,35,6,1,125,86,4,9,49,30,23,40,63,88,111,0,0,0,3,16,0,6,125,11,0,0,1,1,3,1,0,16,106,45,1,1,125,19,0,11,69,34,12,125,50,10,6,0,0,0,82,125,0,0,11,2,0,0,79,49,0,0,0,3,112,64,1,0,40,0,0,4,92,42,21,125,33,0,0,0,0,1,80,125,0,0,0,0,0,6,125,48
79,8,0,0,0,0,0,0,129,4,0,0,0,0,0,3,134,0,0,0,0,0,0,22,78,0,0,0,0,0,0,33,111,6,0,0,0,0,0,6,141,8,0,0,0,0,0,2,141,4,0,0,0,0,0,5,113,1,0,0,0,0,0,14,104,0,0,0,0,0,0,25,138,2,0,0,0,0,1,31,138,5,0,0,0,0,8,34,65,1,0,0,0,0,23,45,33,0,0,0,0,1,49,42,31,0,0,0,0,5,132,81,15,0,0,0,0,46,141,66,3,0,0,0,0,101,141,31
26,26,0,0,0,0,0,0,30,17,0,0,0,0,0,2,45,4,0,0,0,0,0,6,47,2,0,0,0,0,0,7,19,23,3,0,0,0,0,0,28,5,0,0,0,0,0,8,54,2,0,0,0,0,0,12,73,12,0,0,0,0,0,5,4,15,8,0,0,10,5,0,11,12,1,0,0,17,54,23,56,18,0,0,0,0,8,17,82,26,0,0,0,0,0,0,4,1,0,2,102,137,21,3,145,87,3,2,97,145,145,145,145,145,145,3,0,0,29,94,30,39,145,22,0,0,0,0
132,32,0,0,0,0,0,0,132,16,0,0,0,0,0,10,132,4,0,0,0,0,0,17,99,1,0,0,0,0,0,17,132,38,0,0,0,0,0,2,132,5,0,0,0,0,0,11,132,3,0,0,0,0,0,48,123,3,0,0,0,0,0,36,69,121,0,0,0,0,0,0,132,53,0,0,0,0,0,1,132,35,0,0,0,0,0,8,132,26,0,0,0,0,0,6,37,103,0,0,0,0,0,1,67,81,0,0,0,0,0,0,106,16,0,0,0,0,0,27,104,4,0,0,0,0,0,26
101,0,0,0,0,0,0,80,79,0,0,0,0,0,0,73,104,1,0,0,0,0,0,49,128,4,0,0,0,0,0,17,128,0,0,0,0,0,0,53,128,2,0,0,0,0,0,68,128,14,0,0,0,0,0,23,128,6,0,0,0,0,0,24,128,0,0,0,0,0,0,27,128,17,0,0,0,0,0,15,128,33,0,0,0,0,0,2,118,33,0,0,0,0,0,7,128,0,0,0,0,0,0,28,128,1,0,0,0,0,0,40,128,9,0,0,0,0,0,34,85,13,0,0,0,0,0,30
77,23,0,0,0,0,0,9,127,22,12,6,0,0,0,9,68,36,122,88,0,0,0,0,5,11,127,127,0,0,0,0,64,66,0,0,0,0,0,0,127,38,0,0,0,0,0,3,127,16,4,0,0,0,0,14,81,47,59,24,0,0,0,2,94,13,0,0,0,0,0,20,127,12,0,0,0,0,0,22,127,4,0,0,0,0,0,34,127,10,0,0,0,0,0,23,34,0,0,0,0,0,0,101,37,0,0,0,0,0,0,110,99,0,0,0,0,0,0,100,81,0,0,0,0,0,0,85
130,32,0,0,0,0,0,1,130,6,0,0,0,0,0,35,130,0,0,0,0,0,0,64,63,0,0,0,0,0,0,41,130,13,0,0,0,0,0,5,130,10,0,0,0,0,0,13,130,3,0,0,0,0,0,23,108,7,0,0,0,0,0,24,130,26,0,0,0,0,0,9,130,21,0,0,0,0,0,4,130,1,0,0,0,0,0,12,130,14,0,0,0,0,0,4,92,2,0,0,0,0,0,81,120,4,0,0,0,0,0,68,123,0,0,0,0,0,0,64,91,0,0,0,0,0,0,56
54,59,2,0,0,0,0,4,137,19,0,0,0,0,0,54,137,6,0,0,0,0,0,61,131,5,0,0,0,0,0,9,43,59,0,0,0,0,0,1,137,61,0,0,0,0,0,6,137,37,0,0,0,0,0,18,137,4,0,0,0,0,0,22,50,26,0,0,0,0,0,1,137,15,0,0,0,0,0,27,137,7,0,0,0,0,0,42,137,7,0,0,0,0,0,28,53,14,0,0,0,0,0,11,134,39,0,0,0,0,0,2,137,30,0,0,0,0,0,2,137,22,0,0,0,0,0,5
132,9,0,0,0,0,0,17,132,7,0,0,0,0,0,26,132,7,0,0,0,0,0,11,94,8,0,0,0,0,0,4,110,44,0,0,0,0,0,11,132,11,0,0,0,0,0,66,132,4,0,0,0,0,0,41,124,12,0,0,0,0,0,2,71,57,0,0,0,0,0,0,132,77,0,0,0,0,0,5,132,31,0,0,0,0,0,6,132,12,0,0,0,0,0,2,77,17,0,0,0,0,0,2,132,15,0,0,0,0,0,14,132,6,0,0,0,0,0,22,132,12,0,0,0,0,0,9
124,80,0,0,0,0,0,0,124,10,0,0,0,0,0,19,84,0,0,0,0,0,0,43,116,0,0,0,0,0,0,76,124,77,0,0,0,0,0,0,124,19,0,0,0,0,0,44,120,2,0,0,0,0,0,60,124,2,0,0,0,0,0,20,124,49,0,0,0,0,0,1,124,57,0,0,0,0,0,2,124,18,0,0,0,0,0,4,124,14,0,0,0,0,0,6,124,42,0,0,0,0,0,1,83,43,0,0,0,0,0,0,108,16,0,0,0,0,0,3,124,8,0,0,0,0,0,13
127,57,0,0,0,0,0,0,120,97,0,0,0,0,0,0,116,92,0,0,0,0,0,0,118,17,0,0,0,0,0,11,129,31,0,0,0,0,0,1,129,27,0,0,0,0,0,4,129,43,0,0,0,0,0,3,109,32,0,0,0,0,0,2,95,57,2,0,0,0,0,0,129,17,0,0,0,0,0,26,129,17,0,0,0,0,0,21,113,29,0,0,0,0,0,0,46,62,0,0,0,0,0,0,109,86,0,0,0,0,0,2,129,51,0,0,0,0,0,1,85,30,0,0,0,0,0,0
40,4,0,0,0,0,0,5,175,18,0,0,0,0,0,5,175,2,0,0,0,0,0,41,17,0,0,0,0,0,0,48,60,11,0,0,0,0,0,0,175,35,0,0,0,0,0,3,175,4,0,0,0,0,0,51,9,0,0,0,0,0,0,73,66,16,4,0,0,0,0,0,175,28,0,0,0,0,0,4,170,1,0,0,0,0,0,43,18,0,0,0,0,0,0,48,49,19,7,5,0,0,0,0,175,32,0,0,0,0,0,2,110,1,0,0,0,0,0,27,20,0,0,0,0,0,0,29
45,8,0,0,0,0,0,0,169,16,0,0,0,0,0,5,169,1,0,0,0,0,0,52,7,0,0,0,0,0,0,66,54,23,8,2,0,0,0,0,169,30,0,0,0,0,0,7,169,1,0,0,0,0,0,56,23,0,0,0,0,0,0,53,43,42,30,9,0,0,0,0,169,70,5,0,0,0,0,3,167,4,0,0,0,0,0,34,28,0,0,0,0,0,0,45,30,86,79,1,0,0,0,13,116,130,31,0,0,0,0,2,83,11,0,0,0,0,0,17,12,0,0,0,0,0,0,34
14,3,0,1,11,7,7,11,123,4,2,0,0,0,0,35,140,0,0,0,0,0,0,96,11,0,0,0,0,0,0,50,114,11,1,0,0,1,6,44,95,23,17,3,0,0,0,14,140,12,1,0,0,0,0,76,37,0,0,0,0,0,0,48,140,20,1,0,0,1,9,67,61,112,44,1,0,0,1,30,138,95,17,0,0,0,1,17,37,1,0,0,0,0,2,35,40,2,0,0,0,17,120,140,56,23,4,0,0,0,40,140,19,16,4,0,0,0,35,130,7,0,0,0,0,0,10,55
103,23,0,0,0,0,0,6,119,12,0,0,0,0,0,12,116,61,0,0,0,0,0,1,54,69,6,1,0,0,0,1,92,39,0,0,0,0,0,6,132,20,0,0,0,0,0,7,132,33,0,0,0,0,0,8,101,80,16,1,0,0,0,0,80,2,0,0,0,0,0,81,118,7,0,0,0,0,0,55,132,17,0,0,0,0,0,17,132,64,2,0,0,0,0,3,52,0,0,0,0,0,0,89,85,0,0,0,0,0,0,102,132,1,0,0,0,0,0,89,132,7,0,0,0,0,0,73
0,0,0,0,11,134,72,21,22,0,0,0,0,11,69,134,23,0,0,0,0,1,19,134,0,0,0,0,1,23,14,17,22,13,3,15,90,134,46,17,134,50,1,0,0,9,35,110,134,10,0,0,0,0,1,90,14,0,0,0,0,16,20,29,21,41,20,71,109,8,0,0,134,81,7,2,0,0,0,24,134,5,0,0,0,0,1,54,14,0,0,0,0,14,14,12,5,27,9,17,37,9,0,0,89,99,2,0,0,0,0,6,111,48,0,0,0,0,1,10,7,0,0,0,0,12,5,3
0,0,0,0,0,0,0,0,5,3,0,0,0,0,0,0,12,41,0,0,0,0,0,0,56,50,0,0,0,0,0,0,1,0,0,0,0,0,0,1,70,10,0,0,0,0,0,22,66,78,0,0,0,0,0,2,134,111,0,0,0,0,0,0,5,3,27,37,0,0,0,2,131,31,40,25,0,0,0,31,134,91,0,0,0,0,0,5,134,134,0,0,0,0,0,0,0,0,52,134,3,0,0,0,18,43,134,134,1,0,0,0,83,134,31,2,0,0,0,0,134,134,0,0,0,0,0,0
0,2,2,3,10,84,67,3,6,1,0,0,2,15,75,38,1,1,0,0,0,0,10,5,0,0,0,0,0,0,0,0,17,4,1,0,2,137,137,52,137,40,3,0,0,7,79,137,39,27,4,0,0,0,2,3,0,0,0,0,0,0,0,0,27,137,137,25,15,45,40,18,137,137,59,0,0,0,6,45,76,24,1,0,0,0,0,8,0,0,0,0,0,0,0,0,7,130,137,11,0,0,1,5,13,137,56,0,0,0,11,7,5,21,4,0,0,0,9,1,0,0,0,0,0,0,0,0
87,0,0,0,0,0,0,31,132,3,0,0,0,0,0,20,132,25,0,0,0,0,0,5,85,37,0,0,0,0,0,0,132,0,0,0,0,0,0,18,132,9,0,0,0,0,0,10,132,21,0,0,0,0,0,2,131,43,0,0,0,0,0,0,128,14,0,0,0,0,0,7,132,6,0,0,0,0,0,25,132,11,0,0,0,0,0,9,132,26,0,0,0,0,0,0,57,45,0,0,0,0,0,0,132,43,0,0,0,0,0,2,132,17,0,0,0,0,0,1,116,86,7,0,0,0,0,0
44,0,0,0,0,0,0,48,89,0,0,0,0,0,0,54,63,5,6,24,10,0,0,30,7,26,133,133,48,0,0,0,78,3,0,0,0,0,0,53,115,7,0,0,0,0,0,54,133,18,1,0,0,0,0,28,116,111,38,3,0,0,0,0,130,20,0,0,0,0,0,10,128,26,0,0,0,0,0,8,133,18,0,0,0,0,0,1,133,24,0,0,0,0,0,3,88,8,0,0,0,0,0,14,114,4,0,0,0,0,0,25,133,18,0,0,0,0,0,1,133,5,0,0,0,0,0,7
124,7,0,0,0,0,0,4,124,9,0,0,0,0,0,7,124,11,0,0,0,0,0,15,124,2,0,0,0,0,0,42,124,6,0,0,0,0,0,12,124,23,0,0,0,0,0,4,124,9,0,0,0,0,0,18,124,1,0,0,0,0,0,47,124,13,0,0,0,0,0,10,124,9,0,0,0,0,0,25,124,14,0,0,0,0,0,18,124,42,0,0,0,0,0,2,124,1,0,0,0,0,0,22,124,8,0,0,0,0,0,23,124,40,0,0,0,0,0,5,122,43,0,0,0,0,0,1
141,38,0,0,0,0,0,12,133,81,25,0,0,0,0,64,68,49,10,0,0,0,2,76,8,2,0,0,0,8,9,9,141,35,0,0,0,0,0,41,141,46,5,0,0,0,0,37,69,69,4,0,0,2,0,4,3,3,0,0,2,13,0,0,141,36,0,0,0,0,0,64,141,106,2,0,0,0,0,33,81,19,0,0,2,3,0,16,0,0,0,0,6,10,0,0,141,141,0,0,0,0,0,1,124,141,5,0,0,0,0,0,12,29,3,4,4,0,0,0,0,0,0,7,7,0,0,0
14,0,0,0,0,0,0,33,71,5,0,0,0,0,0,34,182,60,1,1,0,0,0,10,45,19,34,34,0,0,0,0,12,0,0,0,0,0,1,56,131,4,0,0,0,0,2,57,182,28,0,0,0,0,0,30,47,5,0,2,0,0,14,13,2,0,0,0,0,0,4,66,182,13,0,0,0,0,2,52,182,39,0,0,0,0,2,21,25,0,0,0,0,1,31,20,2,0,0,0,0,0,4,54,182,8,0,0,0,0,1,42,182,13,0,0,0,0,1,20,9,0,0,0,0,12,17,14
87,1,0,0,0,0,0,31,118,20,1,0,0,0,0,4,107,50,11,2,0,0,0,0,24,40,77,62,1,0,0,0,129,8,0,0,0,0,0,17,129,5,0,0,0,0,0,17,129,25,0,0,0,0,0,8,93,43,3,2,0,0,0,0,125,33,0,0,0,0,0,0,129,21,0,0,0,0,0,2,129,7,0,0,0,0,0,20,129,69,0,0,0,0,0,12,100,6,0,0,0,0,0,9,129,13,0,0,0,0,0,2,129,11,0,0,0,0,0,26,129,129,1,1,3,0,0,11
23,5,10,50,21,6,21,40,121,12,4,4,0,1,6,121,41,0,0,0,69,120,9,41,0,0,0,2,79,116,0,0,13,13,18,40,2,0,25,17,121,77,11,6,4,8,2,22,53,7,0,0,121,105,2,9,0,0,0,9,92,25,0,0,16,1,0,0,0,0,115,121,121,10,0,0,4,21,23,121,13,1,0,0,80,107,12,16,0,0,0,7,48,9,0,0,32,6,2,2,0,0,22,76,121,10,0,0,0,4,8,121,15,0,0,0,24,22,7,20,0,0,0,2,27,3,0,0
4,5,2,0,0,2,2,4,78,24,1,0,0,0,0,20,146,32,0,0,0,0,6,57,75,1,0,0,0,3,58,146,3,1,5,5,4,4,1,3,113,5,1,0,0,0,0,33,146,47,4,10,20,3,5,29,12,8,3,18,90,33,80,109,0,0,9,14,3,1,0,0,105,9,4,1,0,1,0,18,146,27,2,9,37,2,1,79,18,4,1,51,146,11,6,21,0,2,48,17,10,4,0,0,31,15,46,4,0,1,0,12,146,8,4,5,5,1,2,99,39,3,2,71,134,16,10,30
40,4,0,0,0,0,0,14,148,16,0,0,0,0,2,29,48,2,0,0,5,8,62,148,12,0,0,0,0,0,22,148,54,5,2,0,0,0,0,9,148,45,3,7,13,1,0,11,18,12,3,22,133,26,37,41,31,0,0,0,12,7,26,148,41,4,2,0,0,1,0,10,148,10,0,3,14,2,0,71,29,3,1,52,148,7,2,17,30,4,1,12,51,4,5,112,9,9,47,12,0,0,0,2,116,7,5,4,0,0,3,60,38,2,1,42,103,26,18,38,7,20,6,19,52,6,5,10
40,4,3,18,11,23,8,11,130,30,14,24,29,3,1,35,3,1,5,51,130,7,3,5,1,0,0,1,13,7,43,22,42,6,4,126,53,2,0,4,143,15,2,13,25,3,1,29,17,3,0,50,143,16,0,3,0,1,0,8,45,6,4,0,10,8,21,143,55,0,0,0,124,31,34,43,21,17,3,13,12,1,0,5,143,65,3,5,0,0,0,4,48,9,2,1,0,0,14,143,45,0,0,0,3,6,40,143,75,7,0,0,0,0,0,14,143,22,0,0,0,0,0,10,34,2,0,0
72,77,161,20,5,6,2,2,2,90,161,13,1,3,1,0,10,161,161,0,0,0,0,0,13,83,18,1,3,0,0,0,161,32,22,4,0,0,0,18,25,25,55,23,0,0,0,1,56,25,7,1,1,0,0,8,64,22,0,0,6,2,0,1,161,13,1,1,0,0,0,30,41,5,7,28,3,0,0,5,34,7,3,5,1,2,0,4,103,32,0,0,0,3,0,1,161,34,0,0,0,0,0,11,52,1,0,6,6,0,0,6,11,4,0,2,2,8,3,3,118,29,0,0,0,2,2,8
25,82,32,61,62,0,0,1,39,122,72,122,78,0,0,0,87,122,21,7,0,0,0,0,1,12,47,107,17,0,0,0,16,19,23,35,89,26,0,1,122,119,19,19,43,11,0,10,101,84,2,1,0,0,0,2,4,8,9,44,28,0,0,0,4,0,1,9,100,101,6,4,122,5,0,0,16,15,1,84,122,19,0,0,0,0,0,43,11,11,7,21,15,1,0,4,4,3,1,3,42,50,5,1,107,15,2,1,5,2,0,37,122,1,0,0,0,0,0,78,7,0,0,0,10,11,9,18
59,10,0,0,2,18,2,4,136,23,0,0,0,0,0,6,136,11,0,0,0,0,0,21,29,1,0,0,0,0,0,4,89,18,9,1,1,2,0,6,136,50,0,0,0,0,4,34,104,49,0,0,0,0,40,36,17,2,0,0,0,0,48,20,45,51,11,0,0,0,0,10,99,41,30,14,1,2,42,82,12,1,13,19,2,6,136,74,0,0,3,3,0,0,136,54,61,122,11,1,0,0,0,1,20,88,115,50,1,1,3,0,0,0,136,111,2,3,28,2,0,0,109,75,0,0,50,8
2,13,49,22,4,1,0,0,0,25,45,20,8,0,0,0,0,41,113,1,0,0,1,2,2,56,91,0,0,0,1,4,1,3,99,116,41,3,0,0,42,121,94,28,11,2,0,4,9,88,129,6,0,0,0,0,0,95,129,0,0,0,0,0,3,0,5,30,129,21,1,4,129,28,6,3,47,15,2,71,96,33,81,6,0,0,0,17,0,44,62,1,0,0,0,0,1,0,0,7,129,9,0,1,129,0,0,1,69,3,0,61,129,4,2,0,0,0,0,39,6,7,6,0,0,0,0,0
0,0,3,30,0,0,0,0,82,2,9,63,3,0,0,137,142,0,0,0,0,0,3,142,11,0,0,0,0,3,22,23,0,0,3,67,22,11,13,0,74,9,9,142,89,2,1,11,142,12,3,8,4,0,0,69,65,9,0,0,0,0,14,21,12,0,0,4,15,44,39,18,35,14,20,97,54,7,8,12,142,23,12,20,5,6,59,77,25,1,0,0,0,14,142,39,15,0,0,0,17,28,15,30,13,1,2,11,6,44,78,27,3,0,1,4,5,58,105,16,0,2,0,0,0,18,142,4
0,0,23,87,86,92,0,0,35,12,27,51,69,90,14,27,26,12,49,48,48,15,2,15,0,38,30,25,32,3,0,0,4,0,0,2,149,149,1,2,149,46,1,0,51,133,12,30,67,34,48,41,32,13,1,10,0,84,67,13,11,2,0,0,11,0,0,24,149,83,1,8,149,13,0,1,49,24,2,79,64,13,30,10,0,0,0,20,0,11,21,2,0,0,0,0,1,0,0,32,147,1,0,1,12,0,0,2,14,0,0,11,1,0,0,0,0,0,0,1,0,0,0,0,0,0,0,0
134,15,10,0,0,0,4,108,135,23,3,0,0,0,0,54,46,47,2,0,0,0,0,5,9,19,10,1,0,0,0,1,124,41,17,0,0,0,0,28,135,20,0,0,0,0,0,44,75,74,1,0,0,0,0,2,7,22,10,7,6,0,0,0,135,59,1,0,0,0,0,122,135,104,2,0,0,0,0,20,116,17,0,0,0,0,1,18,6,1,0,0,7,19,7,5,135,14,0,26,6,0,0,135,135,81,1,0,0,0,0,72,42,16,0,0,0,3,2,12,0,0,0,0,2,35,7,2
131,11,3,0,0,0,0,35,113,109,25,0,0,0,0,6,5,76,103,3,0,0,0,0,5,55,47,0,0,0,0,0,121,41,112,23,0,0,0,14,131,77,10,2,2,0,0,12,43,31,21,16,41,7,2,8,23,24,14,3,2,2,1,11,15,27,131,93,36,12,0,0,131,23,18,26,22,7,1,52,82,26,47,31,25,2,0,18,14,67,60,5,1,0,0,2,3,4,6,15,59,131,13,2,131,7,0,5,29,40,6,52,131,36,16,0,0,0,0,15,2,26,36,0,0,0,0,1
3,0,0,0,0,0,132,132,10,0,0,0,7,15,64,131,33,5,12,6,4,7,13,38,12,12,58,7,0,0,0,7,67,22,48,2,0,0,56,123,132,15,3,0,0,0,13,132,88,37,12,0,0,0,4,33,46,9,3,0,0,0,0,17,72,41,58,4,0,0,0,26,132,58,9,0,0,0,0,11,103,84,9,0,0,0,0,1,15,46,13,1,0,0,0,0,132,35,5,1,0,0,0,84,132,106,8,0,0,0,0,0,95,71,2,0,0,0,0,0,4,24,8,3,4,1,0,0
3,4,127,79,0,0,0,0,124,61,65,23,0,0,0,1,131,100,5,1,2,0,0,0,10,23,22,8,14,5,1,1,6,33,131,70,8,3,0,0,51,37,110,120,46,10,0,1,131,43,4,6,10,1,0,12,23,12,20,21,36,7,1,3,17,20,12,9,16,100,43,5,48,1,3,21,76,131,14,13,131,24,2,2,3,6,3,18,35,36,58,11,1,0,0,0,0,0,0,1,10,76,52,2,43,46,7,11,23,49,5,3,131,84,1,0,0,0,0,5,45,26,6,0,0,0,0,6
3,0,0,0,4,17,54,100,0,0,0,3,13,96,98,25,3,1,10,49,53,81,64,15,4,1,41,122,76,3,4,16,81,0,0,0,3,25,39,122,72,14,13,23,12,26,33,38,15,12,93,122,18,13,9,15,10,21,84,66,43,3,3,23,122,80,15,0,0,0,7,57,122,44,20,2,0,0,4,28,64,14,81,41,0,0,0,4,1,14,122,24,0,0,0,0,119,122,26,0,0,0,0,0,56,92,37,0,0,0,0,0,37,19,4,0,0,0,0,4,9,5,4,1,2,5,1,1
0,0,19,29,79,24,1,0,58,6,0,8,101,23,1,5,160,10,0,0,1,1,0,68,56,0,0,0,0,0,12,102,0,0,1,5,51,160,19,0,77,4,0,4,47,68,10,9,160,8,0,0,0,1,1,59,70,0,0,0,0,5,33,92,0,0,5,13,3,92,51,0,109,18,4,0,0,30,22,6,160,25,0,0,0,1,24,54,26,1,4,5,3,51,101,33,0,2,31,82,8,2,1,0,49,71,48,4,0,0,0,1,114,55,10,2,0,0,8,30,56,17,20,8,1,4,8,13
19,7,5,3,0,0,0,9,77,5,1,1,0,0,0,49,62,21,0,0,0,0,2,64,24,43,2,0,0,0,3,22,26,7,6,2,0,0,1,48,99,22,4,1,0,0,0,8,146,74,1,0,0,0,0,4,34,100,21,1,0,0,0,2,9,0,0,0,0,0,44,146,106,2,0,0,0,0,2,101,146,6,0,0,0,0,0,70,51,12,3,0,0,2,12,84,1,0,0,0,0,0,146,146,44,0,0,0,0,0,53,146,80,0,0,0,0,0,2,146,8,0,0,0,0,1,33,95
18,1,6,28,123,28,8,69,136,3,1,1,1,1,3,136,49,1,0,0,0,0,28,86,0,0,0,0,2,3,11,27,21,8,6,29,84,55,4,5,136,76,4,7,1,1,1,52,88,23,2,8,17,4,24,52,17,1,0,1,7,8,14,83,33,13,9,32,38,40,9,10,136,49,1,1,1,3,4,90,96,21,22,13,12,1,3,80,20,27,46,17,5,2,1,12,35,52,11,33,77,7,0,0,100,136,34,2,0,0,0,11,103,134,38,2,0,0,0,20,7,29,55,20,1,0,0,0
30,0,0,0,0,4,88,148,145,0,0,0,0,0,3,148,97,14,0,0,0,0,0,15,11,13,5,3,1,0,0,0,67,0,0,0,0,0,3,119,148,5,0,0,0,0,0,148,148,43,0,0,0,0,0,12,10,58,13,0,0,0,0,0,22,2,0,0,0,0,0,7,148,102,0,0,0,0,0,30,148,103,0,0,0,0,0,2,31,80,5,0,0,0,0,0,0,0,0,0,0,0,0,0,19,44,0,0,0,0,0,0,60,55,0,0,0,0,0,6,49,12,0,0,0,0,0,12
3,46,8,6,18,0,0,0,28,121,15,0,0,0,0,0,61,121,12,0,0,0,0,1,32,111,42,30,15,0,0,3,45,40,1,18,28,0,0,9,121,117,0,0,0,0,2,16,113,75,0,0,0,0,28,86,40,10,1,3,25,12,14,111,55,2,0,27,82,2,0,25,121,5,0,0,0,2,12,66,42,22,4,0,0,10,70,79,76,28,2,2,8,8,13,101,30,7,3,101,84,0,0,2,106,7,1,1,0,0,0,46,79,114,11,0,0,1,1,24,41,121,38,16,2,0,0,3
117,46,0,0,0,0,8,13,102,31,16,25,6,2,25,44,0,1,13,109,52,6,16,7,3,9,20,31,25,1,5,7,117,13,0,0,0,1,5,55,42,2,0,0,1,31,102,84,51,19,14,25,24,9,53,72,16,34,78,59,12,0,1,1,26,0,1,26,2,0,12,103,38,11,0,0,1,18,27,101,117,65,8,0,0,1,23,100,36,37,56,64,18,4,42,44,8,1,58,117,2,0,1,16,13,17,37,32,0,0,29,63,34,117,43,0,0,0,52,117,27,117,59,1,2,2,49,61
27,33,6,2,54,6,0,2,36,116,26,0,0,0,0,5,39,116,57,3,2,1,0,15,5,25,32,42,78,11,3,11,85,33,1,5,52,7,0,4,95,44,5,0,0,0,26,46,109,26,2,0,4,13,17,100,9,1,1,7,92,72,6,12,66,19,9,31,45,0,0,19,109,114,47,0,0,0,4,17,48,114,81,35,23,8,2,10,2,6,21,40,56,39,1,1,22,6,116,116,8,0,0,7,116,58,104,43,0,0,0,49,54,36,44,47,64,23,5,36,4,7,13,37,74,19,3,9
15,7,9,13,2,4,50,70,43,77,18,2,0,0,13,49,26,62,62,10,0,0,0,1,2,4,99,37,0,0,0,0,71,11,1,0,0,1,82,134,134,62,2,0,0,0,24,130,82,44,4,0,0,5,13,14,6,5,21,6,2,14,35,4,134,15,16,42,3,0,1,120,134,50,0,0,0,0,2,107,54,7,0,0,0,7,39,53,7,12,3,0,6,35,20,12,73,32,11,82,32,3,7,36,134,83,14,2,0,0,5,83,27,69,46,0,0,4,33,29,5,32,71,18,7,13,9,12
47,124,72,0,0,0,0,0,117,66,55,62,0,0,0,4,60,13,85,124,3,0,0,18,124,4,6,39,1,0,0,105,4,48,110,4,0,0,0,0,106,56,15,2,0,0,0,10,110,11,18,124,8,0,0,13,120,15,26,124,7,0,0,52,0,4,31,15,1,0,0,0,60,25,8,0,0,0,0,2,124,9,4,26,0,0,0,20,45,26,52,124,1,0,0,6,0,0,1,8,17,4,0,0,30,2,0,0,2,3,2,22,111,0,0,0,0,0,0,51,73,12,17,6,0,0,0,19
139,31,0,0,0,0,37,123,36,0,0,0,28,77,139,82,1,0,3,5,66,53,16,3,0,5,12,3,2,0,0,0,80,20,6,8,2,0,72,139,139,12,0,0,0,4,105,138,45,15,25,2,1,6,9,10,0,10,34,0,0,0,0,0,50,33,24,49,8,4,8,16,139,41,1,0,0,0,1,24,105,15,17,0,0,0,0,9,1,13,43,0,0,0,0,0,22,3,2,7,20,27,10,32,139,5,0,0,1,1,2,109,130,12,1,0,0,0,0,24,10,23,25,0,0,0,0,0
16,69,17,0,0,1,15,14,68,23,0,0,0,2,45,99,183,3,0,0,0,0,2,117,29,1,0,7,13,0,0,4,2,0,0,4,8,18,18,8,74,5,0,1,11,40,58,81,183,11,0,0,0,0,6,136,67,0,0,4,13,4,1,9,0,0,10,47,18,5,0,0,100,66,22,35,26,16,3,6,183,75,1,0,0,0,1,19,65,0,0,0,3,16,5,10,0,0,4,13,18,37,2,1,94,18,6,6,5,11,4,20,183,10,0,0,0,0,0,38,46,0,0,0,2,18,3,14
7,6,3,0,0,0,0,2,90,10,0,0,0,0,0,18,81,18,0,0,0,0,0,9,24,49,0,0,0,0,0,0,9,8,3,0,0,0,0,1,101,38,0,0,0,0,0,2,119,17,0,0,0,0,0,12,59,19,0,0,0,0,0,23,17,0,0,0,0,0,0,7,92,5,0,0,0,0,5,41,77,1,0,0,0,11,31,44,25,0,0,0,0,33,134,47,1,0,0,0,0,1,12,6,8,0,0,0,0,48,170,60,9,4,0,0,0,170,170,39,76,74,0,0,0,170,170,72
88,9,0,0,0,0,0,8,37,39,5,0,0,0,0,1,20,79,1,0,0,0,0,0,11,72,3,0,0,0,0,0,89,43,0,0,0,0,0,1,88,48,0,0,0,0,0,4,48,79,0,0,0,0,0,4,28,39,0,0,0,0,0,5,86,12,0,0,0,0,1,18,87,5,0,0,0,2,27,31,45,4,0,0,0,0,40,76,17,1,0,0,0,0,11,52,16,0,0,0,0,82,164,61,29,17,0,0,0,164,164,56,91,38,0,0,0,14,164,164,53,2,0,0,0,16,67,96
49,10,0,0,0,0,0,3,102,35,0,0,0,0,0,0,135,30,0,0,0,0,0,5,77,7,0,0,0,0,0,10,74,2,0,0,0,0,0,27,135,34,0,0,0,0,0,2,131,14,0,0,0,0,0,29,95,0,0,0,0,0,0,37,106,4,0,0,0,0,0,20,135,17,1,0,0,0,0,16,77,6,1,0,0,0,0,44,101,0,0,0,0,0,0,45,104,135,135,0,0,0,10,28,43,109,135,43,0,0,0,2,26,20,123,85,29,8,7,5,66,4,0,2,5,8,64,23
128,16,0,0,0,0,0,1,128,8,0,0,0,0,0,5,128,0,0,0,0,0,0,29,128,3,0,0,0,0,0,23,128,69,0,0,0,0,0,0,128,41,0,0,0,0,0,4,128,1,0,0,0,0,0,29,128,0,0,0,0,0,0,32,128,46,0,0,0,0,0,2,117,28,0,0,0,0,0,7,128,3,0,0,0,0,0,20,128,0,0,0,0,0,0,30,96,10,0,0,0,0,0,10,96,1,0,0,0,0,0,23,128,8,0,0,0,0,0,4,128,2,0,0,0,0,0,10
0,0,3,10,16,53,3,0,104,18,5,7,8,24,7,20,185,21,0,0,0,0,0,25,64,0,0,0,2,26,5,14,2,8,1,0,3,21,0,1,161,37,2,0,1,5,1,7,185,42,0,0,0,1,3,16,61,2,0,0,4,54,12,11,2,1,0,0,0,0,1,4,171,7,0,0,0,0,1,28,185,5,0,0,0,2,9,100,26,0,0,0,0,49,35,28,0,0,0,0,0,0,0,0,76,9,0,0,0,0,0,16,185,0,0,0,0,0,3,102,25,0,0,0,0,21,27,31
117,31,0,0,0,0,0,9,136,13,0,0,0,0,0,21,136,14,0,0,0,0,0,6,47,41,0,0,0,0,0,5,136,19,0,0,0,0,0,6,136,10,0,0,0,0,0,26,136,20,0,0,0,0,0,16,75,83,2,0,0,0,0,3,130,29,0,0,0,0,0,2,136,33,0,0,0,0,0,5,136,18,0,0,0,0,0,18,119,6,0,0,0,0,0,44,107,6,0,0,0,0,0,22,136,8,0,0,0,0,0,32,125,2,0,0,0,0,0,63,66,0,0,0,0,0,0,66
139,2,0,0,0,0,14,139,120,2,0,0,0,0,28,139,139,4,0,0,0,0,0,62,74,41,0,0,0,0,0,6,139,82,0,0,0,0,1,44,139,43,0,0,0,0,1,54,139,11,0,0,0,0,0,77,139,63,0,0,0,0,0,10,30,20,0,0,0,0,0,0,72,25,0,0,0,0,0,4,139,53,0,0,0,0,0,13,139,82,0,0,0,0,0,3,0,0,0,0,0,0,0,0,0,0,0,0,0,0,0,0,3,2,0,0,0,0,0,0,18,11,0,0,0,0,0,0
170,42,0,0,0,0,0,1,36,1,1,2,0,0,0,11,2,1,29,39,0,0,0,1,0,0,51,48,0,0,0,0,170,170,0,0,0,0,0,2,107,12,1,1,0,0,0,28,64,13,46,27,0,0,0,12,17,16,153,69,0,0,0,1,170,122,0,0,0,0,0,8,83,26,0,0,0,0,0,5,103,9,0,0,0,0,0,9,80,9,10,1,0,0,0,18,170,27,0,0,0,0,0,45,65,2,0,0,0,0,0,44,45,1,0,0,0,0,0,36,46,0,0,0,0,0,0,44
2,90,142,76,0,0,0,0,42,142,142,0,0,0,0,0,95,142,10,0,0,0,0,0,69,55,0,0,0,0,0,0,49,69,76,1,0,0,0,3,67,99,51,0,0,0,0,2,126,56,2,0,0,0,0,2,98,43,0,0,0,0,0,0,110,5,0,0,0,0,0,4,95,5,0,0,0,0,0,7,134,1,0,0,0,0,0,33,133,10,0,0,0,0,0,20,81,6,0,0,0,0,0,3,48,0,0,0,0,0,0,17,68,0,0,0,0,0,0,47,92,0,0,0,0,0,0,55
0,0,0,24,121,6,0,0,3,6,12,27,49,8,0,0,7,20,131,105,22,4,3,0,26,22,55,62,21,12,12,6,0,0,0,55,131,0,0,0,42,7,3,7,31,1,0,3,131,36,44,58,16,0,0,4,4,3,14,131,131,9,1,0,0,0,0,79,131,0,0,0,44,2,1,26,40,0,0,1,131,7,1,14,6,0,0,8,21,3,1,131,103,0,0,0,0,0,0,61,131,0,0,0,23,0,0,23,58,0,0,1,131,2,0,1,0,0,0,12,35,3,1,68,14,0,0,1
24,6,3,12,6,14,101,57,60,110,10,3,0,0,2,15,8,59,25,2,0,0,0,0,36,100,4,0,0,0,0,0,132,63,31,0,0,1,66,132,132,59,13,0,0,0,0,51,27,71,96,6,0,0,0,1,34,127,16,0,0,0,0,0,56,132,132,0,0,0,0,2,132,94,22,0,0,0,0,22,115,31,21,0,0,0,0,17,30,38,4,0,0,0,0,2,3,21,51,0,0,2,30,41,79,39,13,0,0,0,2,41,115,2,0,0,0,0,0,22,24,0,0,0,0,0,0,16
122,8,0,0,0,0,0,12,132,16,0,0,0,0,0,6,132,9,0,0,0,0,0,10,125,27,0,0,0,0,0,3,132,11,0,0,0,0,0,19,132,6,0,0,0,0,0,32,132,10,0,0,0,0,0,20,132,14,0,0,0,0,1,50,132,44,0,0,0,0,0,1,132,44,0,0,0,0,0,3,132,23,0,0,0,0,3,35,41,0,0,0,0,0,18,116,110,7,0,0,0,0,0,19,132,29,0,0,0,0,0,10,89,55,14,0,0,0,1,6,29,39,25,0,0,0,3,18
1,0,0,0,0,0,0,0,24,5,0,0,0,0,0,0,27,0,0,0,0,0,0,1,1,0,0,0,0,0,0,0,22,4,0,0,0,0,0,6,172,26,0,0,0,0,0,13,172,3,0,0,0,0,0,45,54,0,0,0,4,12,1,8,43,9,14,1,0,0,0,39,172,40,2,0,0,0,0,25,172,52,0,0,0,1,0,12,67,4,0,0,21,77,2,5,11,18,135,53,1,0,0,3,142,122,64,12,0,0,0,4,172,94,0,0,2,15,2,5,20,2,0,0,32,116,2,2
4,0,0,0,0,0,0,2,134,3,0,0,0,0,0,34,140,8,0,0,0,0,0,32,140,2,0,0,0,0,0,29,21,0,0,0,0,0,0,2,140,24,0,0,0,0,0,11,140,43,0,0,0,0,0,8,140,29,0,0,0,0,0,6,37,4,0,0,0,0,0,3,140,14,0,0,0,0,0,24,140,6,0,0,0,0,0,49,140,21,0,0,0,0,0,30,26,4,0,0,0,0,0,10,140,11,0,0,0,0,0,59,120,1,0,0,0,0,0,80,140,0,0,0,0,0,0,80
26,27,0,0,0,0,0,0,53,44,0,0,0,0,0,5,26,23,0,0,0,0,0,11,6,7,0,0,32,74,2,2,40,31,0,0,0,0,0,0,60,10,0,0,0,0,0,16,29,1,0,0,12,29,6,25,1,0,0,0,137,190,9,2,19,44,2,0,0,0,0,0,23,50,0,0,0,0,0,0,12,21,1,6,102,29,0,2,0,0,0,5,190,190,0,0,1,41,13,0,0,0,0,0,3,51,8,2,4,2,0,0,0,9,2,4,100,130,0,0,0,0,0,3,190,157,0,0
58,41,17,3,0,0,0,0,41,71,87,8,0,0,0,1,9,14,62,147,88,0,0,0,8,22,99,147,55,0,0,0,116,16,0,0,0,0,0,1,108,7,0,0,0,0,0,15,60,13,25,89,12,0,0,9,4,10,147,147,7,0,0,0,102,5,0,0,0,0,0,10,117,8,0,0,0,0,0,6,132,24,3,0,0,0,0,1,61,35,54,36,0,0,0,1,84,0,0,0,0,0,0,11,108,2,0,0,0,0,0,7,109,3,0,0,0,0,0,10,80,3,0,0,0,0,0,25
15,0,0,0,0,0,0,34,80,4,0,0,0,0,0,35,178,55,2,0,0,0,0,8,50,26,45,34,0,0,0,0,12,0,0,0,0,0,0,58,147,3,0,0,0,0,0,54,178,26,0,0,0,0,0,16,65,7,1,2,0,0,9,14,3,0,0,0,0,0,2,70,178,11,0,0,0,0,0,49,178,31,0,0,0,0,0,16,37,0,0,0,0,1,27,24,6,0,0,0,0,0,2,55,178,9,0,0,0,0,0,34,178,13,0,0,0,0,1,15,14,0,0,0,0,15,18,14
128,5,1,1,0,2,20,72,34,8,6,11,3,14,62,38,104,56,1,0,0,0,3,10,51,12,0,0,0,1,7,6,111,8,0,0,1,2,23,128,128,68,0,0,0,1,29,86,89,128,0,0,0,0,2,9,11,10,0,0,0,10,10,1,118,121,0,0,0,1,1,19,128,97,4,0,0,0,0,56,99,14,0,0,0,1,9,67,0,0,0,0,0,11,20,3,128,121,0,0,0,0,0,0,81,128,17,0,0,0,0,4,43,29,3,0,0,1,6,18,0,0,0,0,0,6,20,2
83,8,10,1,0,0,0,71,47,35,84,28,0,0,0,15,10,34,143,130,0,0,0,0,0,2,143,143,2,1,0,0,89,4,0,0,0,0,0,44,143,23,0,0,0,0,0,50,54,43,8,1,0,5,6,9,2,3,26,40,50,113,5,0,16,4,0,0,0,0,0,1,109,39,1,0,0,0,0,20,31,25,6,1,11,8,9,27,0,0,0,1,143,137,3,0,0,0,0,0,0,0,0,0,1,15,3,0,0,0,0,0,1,21,11,2,43,35,0,0,0,0,0,0,143,143,0,0
16,0,0,0,0,63,141,63,96,1,0,0,0,49,131,76,61,8,0,0,0,15,47,32,14,3,0,0,0,4,21,80,43,3,0,0,3,49,124,29,141,20,1,3,0,5,31,68,63,9,9,33,9,22,46,22,31,11,4,3,0,3,16,84,67,26,27,12,6,6,4,8,141,39,1,1,0,0,24,78,47,13,4,12,3,8,73,50,63,63,3,2,0,0,3,9,22,8,11,9,10,25,14,13,118,24,0,0,0,0,9,123,128,85,1,0,0,0,10,38,28,91,3,0,0,0,0,2
56,0,0,0,4,1,1,122,43,1,3,0,0,44,74,122,0,18,38,1,1,122,106,3,0,43,80,1,0,90,37,0,52,7,1,2,5,0,1,47,122,79,35,1,1,14,26,60,16,122,122,3,1,22,10,1,0,50,122,33,0,0,0,0,29,19,122,28,0,0,1,8,122,63,44,1,0,0,0,40,102,38,21,0,0,0,0,39,3,6,34,12,0,0,0,3,10,11,116,23,1,8,2,2,46,41,106,7,0,0,0,7,58,9,9,2,0,0,2,49,5,0,0,0,0,0,9,30
16,1,1,39,13,0,0,14,145,4,1,14,3,0,0,145,48,0,0,0,0,0,23,55,0,0,0,0,0,1,36,19,12,7,3,64,65,17,17,5,145,60,7,34,23,0,7,47,108,10,0,0,0,0,60,50,3,6,0,0,0,0,59,12,11,2,2,12,9,29,78,36,63,15,3,10,4,18,145,89,16,1,0,0,0,0,145,108,3,0,0,0,0,0,145,103,1,0,0,0,5,50,97,17,28,18,2,0,0,6,102,27,12,64,29,0,0,0,67,28,25,42,21,0,0,0,23,56
59,10,0,0,0,1,23,68,36,25,8,2,5,27,20,34,3,21,35,5,12,115,30,7,1,95,22,0,4,15,0,0,118,16,9,1,0,0,0,56,135,65,77,9,7,18,6,42,12,144,144,11,6,25,5,0,10,144,84,0,0,1,0,0,60,11,31,60,4,0,0,11,144,32,10,2,0,0,0,52,104,46,54,2,0,0,0,15,32,21,7,0,0,0,0,4,13,14,16,89,17,0,0,0,144,52,8,7,0,0,0,18,133,4,2,2,0,0,0,23,21,2,1,1,0,1,1,4
26,0,0,88,104,0,0,20,120,30,0,2,3,0,0,33,83,82,0,0,0,0,0,0,27,40,2,0,0,0,0,0,20,1,0,126,131,0,0,3,131,35,0,18,24,0,0,16,91,106,1,0,0,0,0,1,24,20,0,0,0,1,2,2,6,1,0,93,131,7,2,0,131,10,1,38,54,0,0,28,131,14,0,0,0,0,11,31,4,2,0,0,0,12,29,3,0,0,0,17,68,75,60,0,81,5,1,14,37,29,41,65,41,0,0,0,0,1,131,80,11,2,0,0,0,10,102,22
0,0,20,108,77,88,0,0,17,4,37,116,94,112,11,11,13,7,85,109,32,3,1,5,8,62,77,33,8,0,0,0,2,0,0,7,145,145,2,2,145,39,4,1,76,145,20,30,57,43,75,42,27,3,0,6,0,51,89,24,11,0,0,0,3,0,0,18,145,53,1,3,127,8,1,2,72,25,2,32,32,11,23,5,0,0,0,3,0,4,10,1,0,0,0,0,0,0,0,2,13,0,0,0,0,0,0,0,1,0,0,0,0,0,0,0,0,0,0,0,0,0,0,0,0,0,0,0
7,0,0,56,126,1,1,22,13,0,0,1,10,0,38,122,6,0,0,0,0,0,68,126,11,0,0,0,0,0,18,91,4,0,0,97,126,0,0,4,69,15,8,15,45,0,6,25,49,31,33,1,0,0,11,46,100,25,1,0,0,0,2,51,1,0,0,80,126,0,0,0,114,7,1,29,99,0,0,23,76,71,17,0,0,0,0,5,72,86,2,0,0,0,0,0,0,0,0,31,126,3,0,0,103,24,0,27,124,0,0,5,90,109,7,0,0,0,0,1,28,76,3,0,0,0,0,0
8,5,109,71,6,5,0,1,8,6,153,151,0,0,6,5,2,6,153,153,0,5,32,4,0,1,153,153,0,8,26,11,21,19,2,1,5,2,0,1,35,14,18,4,0,0,0,6,60,16,93,23,0,0,0,17,12,5,153,80,0,0,0,14,23,3,0,0,0,0,10,44,33,16,2,0,0,0,0,13,58,42,2,0,0,0,0,8,17,26,8,0,0,0,0,11,9,0,0,0,0,0,56,153,60,6,0,0,0,0,1,84,67,35,1,0,0,0,0,8,8,17,11,2,2,1,1,4
29,41,23,19,65,21,5,21,35,3,4,25,118,18,7,53,121,4,0,1,0,0,5,121,17,0,0,0,1,1,26,44,34,16,9,16,54,59,10,30,38,5,3,27,78,52,3,13,121,12,0,2,1,1,1,92,57,24,16,2,1,0,1,38,5,19,39,110,81,14,1,1,28,26,18,99,60,8,1,1,121,121,5,7,3,0,0,20,82,121,11,0,0,0,0,11,5,2,41,81,88,33,3,3,21,59,72,32,44,13,3,0,114,121,15,1,2,0,0,0,38,57,1,0,0,0,0,10
7,16,10,2,1,23,29,3,15,40,22,3,0,0,32,11,123,22,15,3,0,0,7,47,137,29,0,0,0,0,0,17,8,23,60,18,3,8,4,3,40,98,47,4,0,3,5,15,114,75,74,8,2,11,9,8,137,79,1,0,0,0,0,2,2,2,5,5,9,71,40,26,25,15,3,0,0,26,102,124,137,10,5,1,1,49,101,64,137,31,0,0,0,0,0,17,0,0,0,0,5,33,61,11,8,7,1,0,0,31,89,23,137,30,0,0,0,12,36,31,137,4,0,0,0,0,3,49
69,15,0,2,5,0,1,10,53,42,6,0,0,0,4,52,18,8,4,10,42,33,5,20,20,2,2,12,28,13,1,9,88,26,41,29,6,0,0,12,114,130,39,12,3,0,0,12,7,21,34,90,55,9,0,2,18,12,11,48,26,3,0,1,22,19,130,110,0,0,0,1,91,46,130,61,7,3,1,22,8,4,60,85,86,24,3,6,12,34,64,23,24,7,1,0,1,27,111,25,0,0,0,0,0,2,130,110,2,0,0,0,0,0,130,130,3,0,0,0,0,16,130,42,0,0,0,0
0,0,1,25,12,2,0,0,0,2,17,27,8,1,0,0,45,33,10,2,0,0,0,0,39,24,16,59,5,0,0,0,0,0,0,7,20,5,0,0,3,0,0,4,30,11,1,2,94,9,0,0,1,1,1,10,101,24,16,8,0,0,0,1,0,0,0,6,11,13,144,6,2,2,0,5,20,14,144,10,60,9,0,0,0,0,132,57,84,9,0,0,0,0,47,108,0,8,94,5,0,2,144,15,1,21,109,3,0,2,144,37,4,46,78,0,0,0,144,76,24,78,51,0,0,0,96,144
146,0,0,11,62,1,0,18,133,0,0,0,0,9,12,21,0,0,0,0,0,8,20,4,0,0,0,0,5,32,8,1,146,10,1,24,93,1,0,14,146,2,2,1,0,7,21,21,1,2,3,0,0,5,29,9,0,0,1,4,22,22,5,0,146,38,3,56,72,0,0,1,146,45,52,5,0,0,0,2,1,16,95,5,0,0,0,1,0,1,58,28,7,3,0,0,114,127,22,110,52,0,0,0,79,123,69,3,0,0,0,0,0,6,104,18,13,4,0,0,0,0,41,20,22,56,1,0
13,29,27,8,1,7,6,10,25,57,51,5,1,9,12,16,151,69,20,2,1,5,5,7,61,35,6,0,0,0,0,0,5,2,1,1,6,42,46,54,48,6,2,0,0,43,137,86,151,23,0,0,0,14,31,45,70,14,3,0,0,0,2,13,0,7,7,0,2,24,77,8,107,63,16,0,0,25,63,16,151,48,1,0,0,0,5,43,40,0,0,0,0,0,19,60,0,85,116,0,0,1,9,1,21,151,128,0,0,0,1,0,132,86,24,0,0,0,0,15,34,0,0,0,0,2,5,26
1,10,3,1,1,113,79,0,10,85,9,0,0,81,96,5,114,124,5,0,0,8,40,18,50,98,57,26,15,0,3,3,4,124,71,4,1,49,35,0,21,120,51,39,30,15,15,19,124,55,4,3,2,2,6,61,124,15,0,7,41,16,10,19,46,117,17,5,0,0,0,0,11,38,73,106,19,1,0,2,124,55,42,24,1,0,7,54,55,1,0,0,5,14,47,78,58,44,1,0,0,0,0,0,15,16,21,18,6,0,0,0,12,7,16,27,3,2,2,11,78,9,1,1,0,0,2,21
143,4,0,0,1,23,12,143,85,1,0,0,0,0,39,143,1,0,0,0,6,19,33,45,0,1,2,5,10,10,4,1,143,143,0,0,1,6,2,48,143,111,2,0,0,0,1,127,56,4,0,0,0,0,5,93,8,2,0,0,1,1,2,7,141,143,0,0,0,0,0,2,72,115,16,0,0,0,0,3,60,37,4,0,0,0,0,7,12,1,0,0,0,0,0,1,105,25,0,0,0,0,0,20,65,11,1,0,0,0,0,16,2,6,0,0,0,0,0,0,0,0,0,0,0,0,0,0
20,31,52,128,54,8,5,8,140,111,23,13,2,1,4,46,140,18,0,0,15,31,50,88,0,0,1,5,77,54,15,3,3,25,92,118,4,0,0,0,112,67,53,41,1,0,5,84,122,13,0,0,0,7,60,140,23,8,10,2,6,16,17,13,3,3,5,21,23,5,2,1,31,18,11,45,8,10,4,12,140,55,2,1,0,0,0,20,58,23,17,0,0,0,0,0,0,0,0,0,9,20,49,12,23,0,0,0,5,39,30,25,140,4,0,0,0,1,3,69,73,23,7,0,0,0,0,5
20,53,44,5,1,2,2,4,157,79,29,3,1,2,2,5,115,58,8,0,0,0,0,0,0,2,22,4,0,0,0,0,26,18,10,1,0,30,93,79,157,36,7,1,1,23,45,47,135,38,6,0,0,0,0,7,0,0,15,3,0,0,0,0,57,21,3,0,0,29,87,28,157,40,0,0,0,5,18,48,98,2,0,0,0,0,19,77,0,0,1,0,0,0,40,18,22,147,98,0,0,2,6,1,157,113,27,0,0,0,0,18,58,1,0,0,0,2,11,50,0,0,0,0,2,10,38,10
72,35,1,0,0,0,0,0,72,62,1,0,0,0,0,0,133,56,0,0,0,0,0,0,133,32,0,0,0,0,0,4,124,3,0,0,0,0,0,17,133,17,0,0,0,0,0,12,133,33,0,0,0,0,0,4,133,6,0,0,0,0,0,38,78,0,0,0,0,0,0,48,133,1,0,0,0,0,0,61,133,10,0,0,0,0,0,26,112,0,0,0,0,0,0,82,36,1,0,0,0,7,18,40,133,60,20,0,0,0,4,47,133,76,82,2,0,0,0,27,62,13,30,9,1,0,2,36
109,42,0,0,0,0,0,0,120,13,0,0,0,0,0,4,120,4,0,0,0,0,0,12,104,13,0,0,0,0,0,6,100,50,0,0,0,0,0,0,120,36,0,0,0,0,0,1,120,7,0,0,0,0,0,34,116,0,0,0,0,0,0,63,90,55,0,0,0,0,0,0,120,35,0,0,0,0,0,6,81,1,0,0,0,0,1,57,120,1,0,0,0,0,0,68,61,63,0,0,0,0,0,0,40,52,0,0,5,12,1,1,35,4,0,0,22,120,118,59,120,120,40,0,0,13,59,97
96,67,0,0,0,0,0,0,89,69,4,0,0,0,0,0,43,100,6,0,0,0,0,0,120,84,0,0,0,0,0,0,129,20,0,0,0,0,0,0,129,23,0,0,0,0,0,3,129,57,0,0,0,0,0,1,129,90,0,0,0,0,0,0,119,27,0,0,0,0,0,5,129,3,0,0,0,0,0,46,129,20,0,0,0,0,0,26,129,60,0,0,0,0,0,1,60,8,0,0,0,0,1,13,94,0,0,0,0,0,1,50,129,11,0,0,0,0,0,22,129,18,0,0,0,0,0,11
86,1,0,0,0,0,0,32,133,9,0,0,0,0,0,29,133,6,0,0,0,0,0,47,107,0,0,0,0,0,0,74,95,11,0,0,0,0,0,33,133,26,0,0,0,0,0,26,133,8,0,0,0,0,0,52,132,0,0,0,0,0,0,78,91,60,0,0,0,0,0,0,133,30,0,0,0,0,0,6,133,3,0,0,0,0,0,27,131,4,0,0,0,0,0,43,48,74,0,0,0,0,0,1,113,57,0,0,0,0,0,2,133,8,0,0,0,0,0,7,116,11,0,0,0,0,0,6
60,70,0,0,0,0,0,2,134,49,0,0,0,0,0,16,134,3,0,0,0,0,0,50,122,6,0,0,0,0,0,17,134,37,0,0,0,0,0,3,134,41,0,0,0,0,0,3,134,7,0,0,0,0,0,27,134,13,0,0,0,0,0,23,117,21,1,0,0,0,0,10,134,7,0,0,0,0,0,26,134,10,0,0,0,0,0,21,134,2,0,0,0,0,0,46,44,9,0,0,0,0,0,14,95,2,0,0,0,0,0,56,134,4,0,0,0,0,0,41,99,0,0,0,0,0,0,61
52,66,30,0,0,0,0,15,125,41,7,0,0,0,0,44,125,5,0,0,0,0,0,45,125,2,0,0,0,0,0,35,59,107,78,0,0,0,0,3,113,99,56,0,0,0,0,4,125,10,0,0,0,0,0,85,112,0,0,0,0,0,0,121,125,17,6,0,0,0,0,53,67,32,13,0,0,0,0,9,120,16,0,0,0,0,0,45,57,0,0,0,0,0,2,125,125,0,0,0,0,0,0,58,74,0,0,0,0,0,0,44,80,2,0,0,0,0,0,12,80,5,0,0,0,0,0,22
61,26,38,22,0,0,0,0,40,99,126,53,0,0,0,1,62,126,126,1,0,0,0,0,101,103,1,0,0,0,0,0,121,27,0,0,0,0,0,2,126,29,3,0,0,0,0,4,126,19,1,0,0,0,0,17,126,13,0,0,0,0,0,34,95,58,0,0,0,0,0,0,126,37,0,0,0,0,0,4,106,1,0,0,0,0,0,30,126,0,0,0,0,0,0,63,88,23,0,0,0,0,0,0,91,22,0,0,0,0,0,0,79,7,0,0,0,0,0,3,124,0,0,0,0,0,0,10
72,3,6,13,0,0,0,12,38,24,133,114,1,0,0,2,34,133,133,75,0,0,0,1,103,133,52,0,0,0,0,2,107,13,0,0,0,0,0,3,133,15,7,0,0,0,0,16,133,47,25,0,0,0,0,26,108,23,4,0,0,0,0,29,63,39,0,0,0,0,0,0,133,37,0,0,0,0,0,2,133,21,0,0,0,0,0,14,75,0,0,0,0,0,0,39,20,50,1,0,0,0,0,0,109,25,0,0,0,0,0,3,118,9,0,0,0,0,0,5,60,2,0,0,0,0,0,8
131,131,10,0,0,1,21,105,85,2,0,0,0,0,11,131,11,0,0,0,0,0,19,109,0,0,0,0,0,0,50,46,34,63,18,2,7,69,113,65,131,51,2,0,0,0,35,131,78,2,0,0,0,0,27,90,0,0,0,0,0,0,72,21,16,131,97,6,7,16,4,3,131,131,11,0,0,0,4,21,43,4,0,0,0,0,41,57,0,0,0,0,0,0,43,28,6,61,37,0,0,0,6,9,16,24,0,0,0,0,21,36,1,0,0,0,0,0,41,49,0,0,0,0,0,0,19,49
104,12,0,0,0,0,0,17,122,18,0,0,0,0,0,21,122,17,0,0,0,0,0,52,122,5,0,0,0,0,0,90,122,21,0,0,0,0,0,0,122,35,0,0,0,0,0,4,122,50,0,0,0,0,0,21,122,33,0,0,0,0,0,23,122,49,0,0,0,0,0,0,122,38,1,0,0,0,0,29,122,6,0,0,0,0,0,109,122,4,0,0,0,0,0,55,122,20,0,0,0,0,0,5,73,73,19,0,0,0,0,4,74,56,22,0,0,0,0,15,97,5,0,0,0,0,0,48
24,0,0,0,0,0,123,123,5,0,0,0,0,9,123,62,0,0,0,0,0,5,113,83,0,0,0,0,0,13,25,21,123,40,1,0,3,8,53,119,46,4,0,0,28,109,92,45,93,5,0,0,2,23,77,123,36,0,0,0,0,7,20,78,123,122,24,5,11,7,2,4,31,23,6,17,103,42,6,5,123,65,4,4,6,5,3,21,71,3,0,0,0,4,13,26,8,29,11,8,4,2,0,1,4,47,20,17,18,5,0,0,56,107,5,0,0,0,0,0,20,7,0,0,0,8,9,3
66,7,2,0,0,0,0,17,139,13,0,0,0,0,0,26,122,1,0,0,23,57,2,16,9,7,0,0,39,65,0,0,38,45,119,32,3,1,0,6,139,106,21,3,1,5,4,23,99,9,0,0,40,132,8,14,54,43,0,0,19,49,0,0,2,4,38,49,30,51,9,4,98,24,14,15,10,23,25,139,39,16,0,0,12,63,29,61,112,101,0,0,2,7,0,0,0,0,8,44,16,62,57,6,63,51,15,24,5,10,30,48,55,94,9,0,0,0,1,12,96,94,0,0,0,0,0,0
17,1,0,0,1,16,83,80,20,0,0,0,0,4,121,95,3,0,0,0,0,33,121,31,2,0,0,0,0,9,66,65,16,15,10,39,121,90,82,28,121,24,5,6,16,28,106,121,58,3,1,7,54,84,47,41,97,5,0,1,4,12,28,96,8,20,57,121,90,5,0,1,121,117,62,41,11,3,1,9,44,24,8,24,60,11,2,5,103,49,4,5,4,0,0,7,0,0,4,9,0,0,0,0,3,17,7,6,0,0,0,0,3,23,8,11,3,0,0,0,18,47,2,0,0,1,0,0
0,0,0,0,0,0,2,0,0,0,9,93,20,8,9,1,16,120,65,77,6,1,0,0,57,120,4,0,0,0,1,0,0,0,0,14,21,8,27,3,12,1,2,35,57,53,53,9,120,120,31,21,7,9,17,27,36,120,3,0,0,29,50,10,14,2,1,8,19,52,120,103,42,36,24,30,47,12,35,56,120,68,27,5,2,2,11,34,14,19,8,0,0,26,45,15,49,62,96,75,13,15,28,46,114,120,43,3,0,0,3,29,3,66,83,6,0,0,0,0,0,106,51,0,0,0,0,0
0,0,0,0,0,0,0,0,67,38,0,0,0,0,0,0,135,103,0,0,0,0,0,0,114,71,0,0,0,0,0,0,9,2,0,0,0,0,0,4,135,72,0,0,0,0,0,9,135,73,0,0,0,0,0,4,135,105,6,0,0,0,0,1,44,10,1,0,0,0,0,22,135,18,0,0,0,0,0,76,135,11,0,0,0,0,0,80,135,56,6,0,0,0,0,27,22,43,3,0,0,0,0,1,64,93,17,0,0,0,0,11,135,31,4,0,0,0,0,32,135,6,0,0,0,0,0,48
2,1,0,1,20,55,26,14,9,0,0,0,0,9,24,74,3,0,0,0,0,0,0,6,0,0,0,0,0,0,0,0,12,11,9,24,122,115,34,23,122,49,9,6,17,30,46,122,66,2,0,0,1,36,20,35,8,0,0,0,1,11,4,7,4,21,122,122,100,7,0,0,111,122,122,57,15,13,9,9,38,16,15,8,7,65,51,41,18,6,7,11,36,76,22,40,0,0,66,81,43,0,0,0,0,4,45,109,37,2,0,0,13,73,109,34,7,6,1,6,6,21,92,111,19,8,1,4
4,0,0,0,0,0,4,71,60,0,0,0,0,0,1,88,188,6,0,0,0,0,0,30,96,2,1,1,0,3,18,22,2,0,0,0,0,0,11,88,128,1,0,0,0,0,3,108,188,10,0,0,0,0,1,33,76,0,0,0,0,38,36,24,9,0,0,0,0,0,0,29,188,23,0,0,0,0,0,42,188,54,0,0,0,2,6,19,31,0,0,0,1,56,24,13,0,0,0,0,0,0,0,0,80,21,0,0,0,0,0,1,159,43,0,0,0,0,3,4,4,0,0,0,0,5,5,2
94,8,0,0,0,0,0,0,97,27,12,12,0,0,0,1,36,49,121,86,0,0,0,1,6,121,121,28,4,0,0,0,121,3,0,0,0,0,0,1,121,4,0,0,0,0,0,14,121,18,5,0,0,0,0,17,106,53,21,8,0,0,0,0,120,1,0,0,0,0,0,10,121,14,0,0,0,0,0,6,121,22,0,0,0,0,0,2,121,17,0,0,0,0,0,3,58,0,0,0,0,0,0,35,121,3,0,0,0,0,0,36,121,11,0,0,0,0,0,8,121,120,0,0,0,0,0,2
129,1,0,0,0,3,18,110,52,7,1,5,2,5,29,44,129,24,0,0,0,0,2,23,22,1,0,0,0,8,13,9,129,4,2,1,1,2,8,129,129,40,0,0,0,0,19,110,113,68,0,0,0,1,4,10,6,1,0,0,0,14,17,2,129,83,0,0,0,4,3,30,129,90,0,0,0,0,0,46,87,11,0,0,0,2,13,50,0,0,0,0,0,17,23,1,129,112,0,0,0,0,0,0,113,129,0,0,0,0,0,1,26,22,0,0,0,4,9,9,0,0,0,0,0,10,18,0
24,0,0,0,3,1,9,128,10,1,3,0,0,77,86,123,0,25,46,1,2,128,59,0,0,51,74,3,1,62,8,0,52,2,3,3,14,1,3,93,128,81,29,1,0,23,37,81,18,128,128,4,1,21,5,1,0,24,128,18,0,0,0,0,29,36,128,12,2,0,0,5,128,94,57,0,0,0,0,33,89,35,19,0,0,0,1,52,3,4,39,7,0,0,5,11,11,28,84,4,0,2,1,1,37,65,60,1,0,0,0,4,23,13,10,7,1,0,13,37,0,0,0,0,0,0,40,31
0,0,2,3,72,127,0,0,87,18,0,0,34,127,4,12,127,70,7,1,0,2,0,12,32,38,53,5,0,0,0,2,1,23,4,0,65,127,0,0,99,43,24,2,7,31,1,23,127,14,1,0,0,0,0,59,77,4,1,0,0,1,4,31,2,114,63,1,11,59,0,0,17,106,123,5,0,0,0,0,127,111,22,0,0,0,0,10,32,4,0,0,1,6,20,34,0,66,127,0,0,0,0,0,0,52,127,3,0,0,0,0,4,50,52,3,0,0,0,0,2,8,6,19,11,3,3,1
13,69,125,2,1,1,0,1,125,87,98,8,0,0,0,6,125,51,15,0,0,0,0,7,5,63,30,0,0,0,0,0,80,109,79,5,3,11,5,4,51,30,76,33,57,70,7,22,125,34,6,1,4,7,2,58,39,60,28,0,0,0,0,6,26,26,34,23,53,48,13,4,61,40,0,2,34,112,12,5,125,85,0,0,1,4,0,26,50,4,0,0,0,3,6,47,0,6,10,28,99,35,0,0,48,125,31,10,23,6,0,0,98,114,20,1,0,0,0,2,12,8,13,7,5,8,6,15
42,0,0,0,0,1,40,91,21,1,0,0,0,1,94,61,10,0,0,1,0,7,116,55,1,0,0,0,0,12,68,46,32,3,0,0,3,10,116,78,116,38,13,12,1,3,86,79,9,11,20,93,16,11,76,34,9,1,4,14,3,0,59,116,90,16,8,42,9,6,11,15,116,20,2,3,0,1,29,111,35,13,22,55,27,6,40,53,13,12,76,47,6,0,2,14,14,2,43,116,0,0,0,12,37,2,13,37,0,0,11,116,116,35,13,3,0,0,7,108,28,58,76,50,0,0,0,17
2,0,0,8,98,83,6,0,154,18,0,0,27,25,3,29,154,6,0,0,0,0,0,91,27,1,0,0,0,0,0,33,22,4,0,2,30,140,53,4,154,61,0,0,7,16,6,24,154,8,0,0,0,0,26,141,1,0,0,0,0,0,3,29,34,56,38,35,16,16,12,1,154,92,11,0,0,0,12,39,38,8,3,0,0,3,72,59,0,0,0,0,0,0,2,2,1,86,109,18,7,0,0,0,34,100,51,1,1,0,1,6,12,27,4,0,0,0,0,0,0,0,0,0,0,0,0,0
0,0,16,70,16,0,0,0,1,24,80,47,2,0,0,0,15,71,53,27,0,0,0,0,79,42,33,29,0,0,0,0,0,0,0,9,33,6,0,0,14,4,4,10,22,6,0,2,106,39,12,5,0,0,0,1,35,70,48,10,0,0,0,0,0,0,0,1,13,20,122,10,11,0,0,0,11,15,122,34,99,6,0,0,0,0,83,122,46,27,6,0,0,0,8,89,1,27,114,5,0,0,122,18,4,33,98,10,2,0,122,46,32,122,54,0,0,0,105,122,35,77,60,8,0,0,14,122
1,5,1,0,2,110,73,0,25,52,2,0,0,59,103,8,129,129,3,0,0,2,34,24,41,92,59,26,9,0,1,3,5,128,56,3,0,47,33,0,48,99,56,40,6,4,6,13,129,64,3,2,0,0,0,48,106,20,3,12,38,15,11,25,54,129,25,6,0,0,0,0,14,44,100,89,3,0,0,1,129,52,39,13,0,0,3,63,53,0,0,0,4,12,34,90,73,56,1,0,0,0,0,0,14,19,27,16,3,1,0,1,22,8,18,16,3,2,0,11,89,5,0,0,0,0,0,23
92,30,0,0,0,0,0,0,133,7,0,0,0,0,0,16,133,0,0,0,0,0,0,51,133,1,0,0,0,0,0,47,81,47,0,0,0,0,0,0,133,40,0,0,0,0,0,1,133,9,0,0,0,0,0,31,133,0,0,0,0,0,0,70,110,10,0,0,0,0,0,8,133,13,0,0,0,0,0,15,133,1,0,0,0,0,0,49,133,0,0,0,0,0,0,49,93,8,0,0,0,0,0,23,119,12,4,0,0,0,0,29,93,1,0,0,0,0,1,69,93,0,0,0,0,2,26,70
119,9,0,0,0,0,0,14,125,8,0,0,0,0,0,20,125,0,0,0,0,0,0,61,69,0,0,0,0,0,0,78,125,44,0,0,0,0,0,0,125,13,0,0,0,0,0,8,125,1,0,0,0,0,0,44,47,0,0,0,0,6,13,99,91,63,0,0,0,0,0,1,125,21,0,0,0,0,0,1,125,17,0,0,4,3,0,7,41,2,0,18,111,115,63,72,55,8,0,0,0,0,0,53,114,5,0,0,0,0,0,32,84,2,0,0,4,1,17,33,6,0,0,86,125,34,29,23
125,14,0,0,0,0,0,6,125,5,0,0,0,0,0,29,103,0,0,0,0,0,0,80,125,0,0,0,0,0,0,125,125,34,0,0,0,0,0,5,125,3,0,0,0,0,0,20,125,8,0,0,0,0,0,25,125,3,0,0,0,0,0,73,105,26,0,0,0,0,0,0,125,7,0,0,0,0,0,5,125,38,0,0,0,0,0,3,125,25,0,0,0,0,0,14,87,5,0,0,0,0,0,8,125,6,0,0,0,0,0,12,123,3,0,0,0,0,0,37,73,2,0,0,0,0,0,33
100,62,0,0,0,0,0,0,130,59,0,0,0,0,0,7,130,10,0,0,0,0,0,60,130,0,0,0,0,0,0,76,123,45,0,0,0,0,0,10,130,40,0,0,0,0,0,11,130,25,0,0,0,0,0,23,130,0,0,0,0,0,0,72,48,75,25,0,0,0,0,2,130,28,2,0,0,0,0,16,130,1,0,0,0,0,0,42,130,0,0,0,0,0,0,58,49,26,8,0,0,0,0,5,74,16,1,0,0,0,0,14,82,0,0,0,0,0,0,72,121,0,0,0,0,0,0,63
108,28,0,0,0,0,0,8,133,7,0,0,0,0,0,30,133,3,0,0,0,0,0,57,85,0,0,0,0,0,0,92,80,81,0,0,0,0,0,0,133,53,0,0,0,0,0,8,133,3,0,0,0,0,0,46,130,2,0,0,0,0,0,41,111,37,2,0,0,0,0,2,133,46,0,0,0,0,0,2,133,6,0,0,0,0,0,24,133,13,0,0,0,0,0,16,51,31,8,0,0,0,0,1,109,5,0,0,0,0,0,16,133,1,0,0,0,0,0,19,125,0,0,0,0,0,0,38
133,7,0,0,0,0,0,8,134,25,8,0,0,0,0,25,134,38,7,0,0,0,0,38,117,5,0,0,0,0,0,80,113,50,0,0,0,0,0,1,134,31,0,0,0,0,0,5,134,6,0,0,0,0,0,34,108,0,0,0,0,0,0,74,63,76,0,0,0,0,0,0,134,28,0,0,0,0,0,9,134,3,0,0,0,0,0,14,116,8,0,0,0,0,0,18,66,33,0,0,0,0,0,0,134,25,0,0,0,0,0,0,134,9,0,0,0,0,0,1,83,34,0,0,0,0,0,0
111,37,0,0,0,0,0,0,124,51,0,0,0,0,0,2,124,42,0,0,0,0,0,15,124,7,0,0,0,0,0,69,124,70,0,0,0,0,0,0,124,60,1,0,0,0,0,19,124,16,0,0,0,0,0,47,124,6,0,0,0,0,0,37,124,34,0,0,0,0,0,18,98,109,19,0,0,0,0,5,124,48,8,0,0,0,0,24,97,0,0,0,0,0,0,78,124,5,0,0,0,0,0,42,124,14,2,0,0,0,0,43,59,13,1,0,0,0,0,15,44,0,0,0,0,0,0,46
127,127,31,0,0,2,14,76,127,6,0,0,0,0,4,127,27,0,0,0,0,0,9,127,0,0,0,0,0,0,43,62,31,73,30,4,5,38,51,50,127,70,3,0,0,0,15,127,88,3,0,0,0,0,23,110,0,0,0,0,0,0,76,36,10,127,114,7,3,5,1,1,123,127,12,0,0,0,4,25,38,5,0,0,0,0,35,77,0,0,0,0,0,0,41,37,5,25,21,0,0,0,10,19,10,11,0,0,0,0,19,50,0,0,0,0,0,0,25,72,0,0,0,0,0,0,15,55
46,1,0,0,0,9,134,134,13,0,0,0,0,7,134,134,5,0,0,0,0,35,74,53,0,0,0,0,0,36,50,0,134,58,2,4,41,57,62,59,134,41,2,2,9,21,67,134,74,1,0,0,0,26,74,90,0,0,0,0,0,32,92,0,21,81,24,18,30,5,0,0,134,134,12,3,4,2,4,9,46,7,0,0,0,25,63,18,0,0,0,0,0,21,72,1,0,20,5,0,0,0,0,0,9,47,2,0,0,10,10,1,1,1,0,0,0,33,47,1,0,0,0,0,0,7,48,7
52,11,1,0,0,0,0,1,135,33,0,0,0,0,0,2,135,4,0,0,8,40,7,8,5,5,0,0,21,57,0,0,29,49,63,17,2,0,0,0,135,133,19,2,0,2,3,20,106,13,0,0,12,118,19,18,45,51,0,0,13,67,1,0,4,6,16,28,43,20,2,6,114,24,6,7,8,9,13,135,43,21,0,0,2,53,31,55,108,127,0,0,0,9,0,0,4,1,1,16,22,55,63,14,90,57,3,7,4,4,16,41,58,121,3,0,0,0,1,10,96,111,0,0,0,0,0,0
72,20,0,0,0,0,58,125,6,3,3,1,1,70,78,23,0,2,22,4,3,100,28,0,0,5,46,6,10,31,5,0,125,78,0,0,0,0,22,125,109,36,30,2,1,9,17,45,9,71,125,7,1,6,1,0,1,78,125,3,0,0,0,0,123,114,3,0,0,0,0,26,125,54,4,0,0,0,0,48,99,61,28,0,0,0,1,15,16,41,26,0,0,0,7,28,21,125,49,0,0,0,0,1,66,125,10,0,0,0,1,6,40,8,0,0,0,0,16,36,0,0,0,0,0,0,31,38
96,48,102,37,0,0,0,27,131,25,4,0,0,0,0,123,131,38,0,0,0,12,21,57,31,1,0,0,0,92,110,23,26,19,51,74,7,0,0,0,131,67,6,2,0,0,0,24,127,20,0,0,4,56,31,27,0,0,0,0,15,116,31,0,19,6,3,91,60,0,0,0,131,24,1,6,4,0,2,49,50,2,0,0,5,44,31,46,0,0,0,0,23,74,2,0,6,3,1,42,68,27,10,8,60,11,1,6,8,14,83,46,13,0,0,0,0,11,120,82,1,0,0,0,13,35,14,17
0,6,1,6,52,15,0,0,17,80,2,0,1,0,0,0,134,134,0,0,0,0,0,0,51,96,5,0,0,0,0,0,3,24,6,50,52,0,0,0,60,65,1,0,0,11,6,13,134,35,0,0,0,0,1,20,100,10,0,0,0,0,2,12,1,3,39,126,33,1,0,0,64,37,18,47,5,18,4,4,134,41,11,3,0,1,25,67,34,0,2,4,0,1,134,70,0,2,50,99,9,0,0,0,9,94,91,99,0,0,0,0,21,125,89,38,0,0,10,10,0,0,44,103,2,3,66,10
4,3,5,32,18,6,91,36,81,10,2,0,0,2,35,106,43,78,54,4,5,13,5,22,17,125,33,1,1,1,0,0,3,25,105,102,38,1,1,2,125,54,98,23,0,0,0,23,125,98,30,1,0,0,0,35,89,84,16,0,0,0,0,7,0,32,125,46,4,0,0,0,26,30,100,107,0,0,0,1,125,57,18,6,0,0,0,24,106,14,0,0,0,0,0,23,0,5,23,61,9,0,0,0,5,14,18,54,9,0,0,0,105,70,7,3,0,0,0,2,70,45,0,0,0,1,6,6
102,50,20,0,2,12,43,28,100,120,11,0,0,0,11,20,16,70,28,0,0,0,4,28,2,4,25,3,0,0,22,58,69,120,120,6,7,11,1,4,120,93,18,2,3,5,0,23,25,91,69,1,0,0,1,3,1,8,105,12,0,0,2,4,34,42,22,14,47,53,5,4,120,65,2,1,5,16,2,31,54,15,4,0,1,17,36,33,1,3,8,1,0,34,115,10,7,74,66,57,51,4,0,0,51,120,49,8,2,0,0,1,7,11,16,27,80,49,14,5,0,1,0,1,45,120,110,0
9,3,0,1,41,110,36,13,141,8,0,0,11,57,70,141,141,4,0,0,0,0,19,132,17,0,0,0,0,0,1,20,17,5,0,2,45,141,55,3,141,64,0,0,9,28,9,25,141,12,0,0,0,0,2,107,6,0,0,0,0,0,0,8,27,53,48,31,42,28,14,2,141,96,13,0,0,1,11,47,34,3,0,0,0,0,16,65,0,0,0,0,0,0,0,0,2,39,136,42,20,1,0,2,16,74,25,2,4,0,2,8,0,4,0,0,0,0,0,0,0,0,0,0,0,0,0,0
46,19,1,0,0,2,28,46,27,12,3,0,0,0,69,38,9,13,16,2,0,0,11,12,0,6,25,1,0,0,0,0,30,13,1,0,2,114,125,35,132,125,22,5,1,10,100,74,44,71,75,60,20,1,4,10,0,11,43,6,1,0,0,0,58,132,63,5,0,66,25,5,132,70,49,7,2,3,11,123,72,12,11,27,38,18,27,84,1,18,41,5,3,0,0,0,124,93,33,2,0,0,1,3,56,30,54,8,2,6,9,38,113,10,2,0,0,2,9,96,20,29,27,0,0,0,0,6
1,72,123,39,1,0,1,1,75,52,116,25,0,0,0,16,123,21,4,0,0,0,1,59,61,2,0,0,0,32,40,32,9,70,63,30,1,0,1,9,28,14,37,94,20,0,0,0,123,24,3,5,1,2,4,27,24,0,0,0,7,56,17,14,21,2,1,8,3,3,31,123,15,3,2,54,56,27,16,28,68,4,1,7,7,9,74,60,5,0,0,0,4,25,51,45,8,4,69,19,2,2,32,123,1,0,4,7,22,123,123,74,4,0,0,0,2,41,123,123,32,0,0,0,0,3,27,106
12,13,8,4,13,22,7,8,41,5,0,0,11,80,71,48,115,23,9,5,1,3,22,115,5,13,16,12,3,2,9,19,3,0,4,13,87,115,1,2,115,76,3,0,30,87,7,22,108,85,9,0,0,2,10,112,24,5,0,0,0,3,27,115,10,19,14,2,88,115,2,3,115,66,12,0,8,24,3,38,78,26,3,0,4,50,23,33,6,0,0,0,3,83,89,80,10,85,83,2,14,35,1,1,27,102,81,2,0,0,0,2,13,13,8,12,62,36,7,6,13,5,0,3,45,52,14,14
0,1,3,1,11,100,27,2,50,29,5,0,1,22,59,43,151,48,1,0,0,0,5,46,37,23,35,5,0,0,0,0,1,2,3,1,6,71,108,41,59,36,7,0,0,8,122,95,151,42,0,0,0,0,14,144,56,8,9,2,0,0,31,36,6,61,69,39,12,17,26,15,44,151,85,0,0,1,30,20,151,151,18,0,0,0,4,40,36,4,0,0,0,0,39,35,10,27,31,11,0,0,0,0,33,88,12,0,0,0,0,0,15,49,2,0,0,0,0,0,5,2,0,0,0,0,0,0
20,73,22,3,0,1,13,11,21,26,21,6,0,0,35,25,126,33,5,1,0,0,3,20,17,13,20,5,2,1,1,4,2,1,1,1,6,89,79,11,49,8,0,0,0,9,144,111,151,35,1,0,0,0,9,83,38,32,43,6,0,0,0,0,2,8,14,2,8,72,36,13,109,65,7,0,0,5,34,61,151,79,0,0,0,0,1,45,57,34,33,4,0,0,0,2,2,7,4,0,0,15,104,51,78,40,6,0,0,4,91,97,151,29,0,0,0,0,5,117,44,3,2,0,0,0,30,39
67,31,0,0,0,0,0,0,146,19,0,0,0,0,0,0,93,44,0,0,0,0,0,0,10,50,6,4,5,0,0,0,73,42,0,0,0,0,0,0,147,23,0,0,0,0,0,0,147,14,0,0,0,0,0,2,50,25,2,3,22,0,0,0,78,28,5,0,0,0,0,1,136,5,0,0,0,0,2,18,147,0,0,0,0,0,26,44,45,1,0,0,17,22,65,29,16,28,25,9,8,34,54,15,22,0,0,1,2,35,147,41,13,0,0,0,1,112,147,43,1,0,0,0,3,134,147,18
0,4,2,0,0,0,0,0,3,64,19,0,0,0,0,0,32,132,5,0,0,0,0,0,81,89,0,0,0,0,0,0,0,0,0,0,0,0,0,0,36,19,2,0,0,0,0,1,138,65,0,0,0,0,0,6,86,65,0,0,2,9,3,9,0,0,0,0,0,0,0,0,18,0,0,0,0,2,7,5,84,2,0,0,0,33,157,66,29,4,0,0,14,60,157,108,0,0,0,0,0,0,0,0,0,0,0,0,0,6,13,0,1,0,0,0,0,119,157,123,2,0,0,0,5,64,157,157
92,41,0,0,0,0,0,0,124,12,0,0,0,0,0,11,124,1,0,0,0,0,0,75,124,0,0,0,0,0,0,99,101,37,0,0,0,0,0,0,124,27,0,0,0,0,0,1,124,18,0,0,0,0,0,21,124,0,0,0,0,0,0,80,111,12,0,0,0,0,0,1,124,7,0,0,0,0,0,18,124,3,0,0,0,0,0,56,124,8,1,0,0,0,0,71,64,26,0,0,0,0,0,0,101,6,0,0,0,1,1,10,85,12,0,0,4,11,25,82,91,75,21,7,13,45,64,57
3,0,0,0,1,0,0,1,21,0,0,0,0,0,0,0,11,1,3,0,0,0,0,0,0,0,16,4,0,0,0,0,145,3,0,0,11,22,11,90,150,23,0,0,9,14,4,6,150,19,12,1,0,0,0,9,15,20,77,9,0,0,0,6,150,17,3,1,2,9,18,133,150,32,0,0,0,3,6,38,128,2,0,0,0,0,0,96,29,4,3,0,0,0,2,72,150,23,6,2,3,21,16,72,150,25,0,0,0,0,0,64,40,0,0,0,0,0,14,114,3,0,0,0,0,0,44,73
62,12,0,0,0,0,0,0,139,51,0,0,0,0,0,1,139,17,0,0,0,0,0,15,139,0,0,0,0,0,0,74,139,8,0,0,0,0,0,23,139,58,0,0,0,0,0,17,139,53,0,0,0,0,0,18,139,0,0,0,0,0,0,93,127,28,0,0,0,0,0,15,139,19,0,0,0,0,0,43,139,11,0,0,0,0,0,38,108,2,0,0,0,0,0,50,9,6,0,0,0,0,0,0,71,15,0,0,0,0,0,2,91,11,0,0,0,0,0,8,83,17,0,0,0,0,0,3
2,0,0,0,0,0,0,2,17,14,60,81,3,0,0,5,101,128,125,47,2,0,0,1,128,128,5,0,0,0,0,20,35,10,0,0,0,0,0,5,128,26,16,3,0,0,0,19,128,78,30,1,0,0,0,38,128,16,0,0,0,0,0,119,56,52,0,0,0,0,0,0,123,53,0,0,0,0,0,1,128,9,0,0,0,0,0,27,128,0,0,0,0,0,0,49,71,35,0,0,0,0,0,0,69,33,0,0,0,0,0,2,120,2,0,0,0,0,0,21,91,0,0,0,0,0,0,38
66,29,14,3,3,3,0,18,148,21,1,0,1,7,15,96,148,58,0,0,0,3,3,11,84,9,0,0,0,0,0,26,21,7,8,7,9,51,24,22,148,59,3,1,1,12,15,70,148,61,0,0,0,0,0,35,52,0,0,0,0,0,1,83,16,28,58,19,4,9,3,3,148,78,26,3,0,2,1,45,148,6,0,0,0,0,7,122,8,0,0,0,0,0,40,105,2,12,45,8,0,0,0,1,83,85,32,2,0,0,0,18,57,9,0,0,0,0,12,79,0,0,0,0,0,0,34,61
2,0,0,0,0,0,0,1,166,28,0,0,0,0,0,10,166,87,0,0,0,0,0,5,166,18,0,0,0,0,0,46,23,4,0,0,0,0,0,5,166,31,0,0,0,0,0,56,166,51,0,0,0,0,0,63,166,23,0,0,0,0,0,57,5,3,0,0,0,0,0,0,92,34,0,0,0,0,0,3,166,33,0,0,0,0,0,26,166,16,0,0,0,0,0,25,0,0,0,0,0,0,0,0,0,0,0,0,0,0,0,0,4,1,0,0,0,0,0,0,22,7,0,0,0,0,0,0
27,22,10,3,13,25,16,12,75,6,0,0,5,31,66,95,69,21,18,2,0,0,7,83,6,40,17,0,0,0,0,5,10,3,8,10,91,120,4,4,120,50,0,0,16,48,11,48,78,19,0,0,0,18,47,120,34,20,1,0,0,2,31,120,15,55,44,5,57,116,14,6,120,100,40,2,11,15,6,19,21,5,1,4,49,106,61,36,7,0,0,0,3,24,101,120,78,66,31,0,1,4,10,16,3,36,36,5,17,21,21,2,0,1,1,10,120,61,5,1,29,3,0,1,19,78,45,29
27,47,30,3,0,0,0,1,114,28,1,0,0,0,6,36,36,8,8,0,0,0,7,32,2,6,28,3,0,0,0,1,4,26,71,34,17,30,1,0,40,15,5,2,7,80,82,53,123,36,9,1,0,3,42,101,19,27,50,9,0,0,0,5,4,3,3,8,24,123,32,2,108,108,2,0,5,121,35,13,123,97,3,0,0,1,7,76,58,18,19,5,0,0,1,56,9,35,111,8,6,76,18,2,102,115,51,1,2,14,9,6,45,28,0,0,2,37,80,57,91,8,1,0,0,1,23,123
19,11,1,1,3,16,52,15,1,5,5,55,108,35,4,0,2,20,115,82,81,36,1,0,0,5,115,89,3,6,7,0,87,13,0,1,5,11,3,54,18,6,3,26,89,115,5,8,115,65,69,18,20,28,5,15,14,19,115,75,3,10,6,3,59,67,67,15,4,1,0,22,23,20,17,115,93,13,0,3,115,24,8,32,16,8,6,28,16,1,0,6,20,68,27,12,1,22,115,57,7,1,0,0,1,7,68,115,26,2,0,0,23,44,76,72,9,1,0,1,2,4,19,58,25,10,0,0
8,77,63,29,2,14,30,16,131,150,20,1,0,0,11,35,36,39,48,43,0,0,0,0,0,0,29,69,0,0,0,0,29,3,3,3,4,92,118,52,153,49,5,0,0,3,25,108,88,47,80,42,1,0,2,7,0,0,48,95,13,0,0,0,40,121,29,21,31,30,55,35,153,153,3,0,0,0,7,76,80,9,7,8,2,2,52,65,0,0,2,26,39,11,22,4,2,43,11,6,5,0,0,0,23,58,1,0,0,0,0,2,6,1,0,0,0,0,7,8,0,0,0,0,2,1,5,1
11,26,24,8,0,0,0,0,22,132,101,11,0,0,0,0,40,132,68,0,0,0,0,0,10,132,51,3,0,0,0,0,54,67,2,0,0,0,0,0,132,79,6,0,0,0,0,4,132,51,0,0,0,0,0,22,94,49,7,10,4,0,0,7,65,40,0,0,0,0,0,0,132,26,0,0,0,0,0,3,132,2,0,0,0,0,0,44,106,2,0,2,3,14,34,68,47,20,0,0,0,0,0,1,83,4,0,0,0,3,18,28,81,2,0,0,0,23,83,41,10,0,0,0,11,132,132,32
51,33,0,0,0,0,0,0,129,52,0,0,0,0,0,1,129,7,0,0,0,0,0,37,129,0,0,0,0,0,0,118,94,56,0,0,0,0,0,0,129,42,0,0,0,0,0,3,129,2,0,0,0,0,0,48,129,0,0,0,0,0,10,121,20,16,0,0,0,0,0,0,84,34,0,0,0,0,0,1,129,6,0,0,0,4,10,43,33,0,0,0,26,129,112,71,0,0,0,0,0,0,0,0,8,2,0,0,0,0,0,2,17,0,0,0,0,63,56,23,1,0,0,4,57,129,129,10
2,11,67,119,43,0,0,0,121,90,90,48,7,0,0,6,138,115,7,0,0,0,0,8,22,55,32,53,9,0,0,0,0,51,134,66,15,0,0,0,45,23,91,93,138,31,9,22,138,113,12,2,7,9,7,44,70,63,46,104,67,0,0,0,0,26,27,19,14,0,0,0,22,2,6,29,114,10,1,5,138,14,0,0,7,3,1,9,42,7,2,16,48,0,0,0,0,0,0,0,0,0,0,0,0,0,0,0,0,0,0,0,0,0,0,0,0,0,0,0,0,0,0,0,0,0,0,0
