159,90,0,0,0,0,0,2,54,23,0,0,0,0,0,0,1,1,0,0,0,0,0,0,0,0,0,0,0,0,0,0,159,159,0,0,0,0,0,5,159,54,0,0,0,0,3,21,18,12,0,0,5,20,10,6,0,0,0,0,1,4,0,0,159,159,31,1,0,0,0,52,71,28,27,11,0,0,25,63,4,0,2,4,1,15,84,50,0,0,0,0,0,3,23,28,159,36,26,3,0,0,6,159,2,6,63,43,0,0,8,9,0,0,41,59,0,0,14,14,0,0,12,19,0,0,23,36
0,0,0,0,0,0,71,25,0,0,0,0,0,0,35,14,0,0,0,0,0,0,5,3,0,0,0,0,0,0,0,0,0,0,0,0,0,1,144,88,16,0,0,0,0,0,144,144,114,3,0,0,0,0,76,144,14,0,0,0,0,6,3,7,2,0,0,5,3,1,31,30,106,42,1,3,1,0,39,35,144,96,0,0,0,0,7,42,22,4,0,2,3,17,6,3,131,6,0,0,0,0,23,121,144,68,0,0,0,0,1,5,144,114,3,5,0,0,3,1,2,3,2,22,9,6,5,0
155,67,4,0,0,2,0,12,143,0,0,0,0,2,1,44,157,0,0,0,0,0,0,64,0,0,0,0,0,0,0,0,12,50,36,1,2,3,0,0,115,32,49,1,2,3,1,27,157,40,7,0,0,0,0,66,7,0,0,0,0,0,0,1,2,73,157,2,0,0,0,0,16,134,157,2,0,0,0,0,98,157,86,0,0,0,0,6,5,5,0,0,0,0,0,0,20,20,79,4,7,5,0,30,0,12,60,3,6,12,5,5,1,13,11,0,0,0,6,18,0,0,0,0,0,0,1,2
3,3,11,89,117,46,2,2,28,56,103,43,28,6,6,27,18,85,93,0,0,0,9,39,42,62,66,0,0,0,7,45,61,15,11,31,117,117,24,40,84,43,49,4,4,12,27,53,95,74,60,0,0,0,6,50,34,79,73,0,0,0,20,65,42,46,42,117,117,26,1,5,83,117,65,8,4,1,3,9,45,67,53,12,8,1,2,15,8,10,32,13,4,8,51,54,15,8,1,9,59,11,0,0,81,63,8,4,14,2,0,0,18,20,11,9,35,7,0,0,32,50,52,7,0,0,0,0
23,7,0,0,0,37,60,22,115,69,0,0,0,8,25,24,83,31,0,0,1,48,66,31,17,27,3,1,5,114,47,10,91,74,33,9,0,12,34,25,105,47,0,0,4,12,52,53,40,14,3,1,2,16,60,68,37,43,10,5,4,10,2,25,23,28,82,115,79,15,42,24,61,18,5,20,24,20,88,108,115,53,11,8,0,0,4,85,11,8,12,39,0,0,0,30,0,1,33,115,63,4,7,4,40,57,115,115,19,2,15,50,34,9,19,36,0,0,0,112,2,0,0,6,0,0,0,28
5,0,1,4,0,8,69,57,19,7,5,0,0,5,28,24,36,23,5,0,0,0,5,3,7,11,0,0,0,0,0,0,22,1,2,10,2,10,86,55,146,28,14,0,0,0,11,89,33,104,53,0,0,0,0,1,8,88,3,0,0,0,0,0,69,4,0,0,0,5,151,93,151,66,2,0,0,0,15,95,79,105,28,0,0,0,0,1,14,62,3,0,0,0,0,0,151,91,0,0,0,0,53,57,151,151,1,0,0,0,0,5,45,49,20,8,0,0,0,0,9,6,2,4,0,0,0,8
6,2,3,4,10,27,116,59,150,10,2,0,1,3,44,150,82,20,2,0,1,1,0,49,52,2,0,0,0,0,0,38,18,15,28,65,23,8,2,3,150,64,8,2,0,0,1,35,150,10,0,0,0,0,0,26,72,0,0,0,0,0,0,47,21,3,1,65,99,7,1,4,150,26,0,1,3,2,0,36,150,11,0,0,0,0,0,10,57,0,0,0,0,0,0,32,14,11,16,48,82,6,1,2,150,67,16,8,2,0,0,8,107,13,0,0,0,0,0,14,24,0,0,0,0,0,0,15
32,15,0,0,0,0,0,0,22,11,0,0,0,0,0,0,35,18,0,0,0,0,0,0,32,6,0,0,0,0,0,3,8,32,3,0,0,0,1,1,16,7,1,0,0,0,1,8,63,7,0,0,0,0,0,8,22,8,1,0,0,0,1,1,1,3,1,0,0,0,173,121,9,4,2,0,0,0,121,93,63,17,0,0,0,0,10,36,24,7,1,0,0,0,0,1,4,0,0,0,0,0,173,173,1,0,0,0,0,2,173,173,17,3,0,0,0,0,126,173,15,4,0,1,1,0,2,90
5,34,44,53,9,2,0,1,14,69,48,96,11,0,0,0,34,34,37,119,20,0,0,0,71,68,20,34,10,0,0,0,22,8,19,23,22,8,5,10,119,67,36,57,8,0,1,16,17,61,90,119,33,0,0,2,29,119,37,33,7,0,0,9,25,11,42,119,64,2,1,9,119,49,22,25,13,0,0,37,51,7,8,96,119,1,2,13,52,9,3,20,31,2,5,70,1,9,76,110,21,0,0,0,80,52,38,35,15,2,0,3,46,20,19,105,74,0,0,2,56,46,27,67,26,0,0,12
72,19,0,1,31,26,6,9,49,57,3,9,62,43,7,6,119,67,0,0,4,39,17,27,10,17,3,1,18,96,26,9,33,3,0,0,10,42,119,34,119,77,0,3,18,26,35,46,49,47,0,0,46,119,28,9,78,14,0,0,6,62,49,87,74,6,0,0,2,75,71,41,119,14,0,0,1,39,47,98,18,12,2,4,65,119,37,16,119,47,1,2,12,26,13,56,108,6,0,0,2,26,16,43,80,5,0,0,0,24,80,52,19,9,5,3,7,26,32,25,30,13,6,3,0,0,13,46
74,18,0,6,11,14,34,18,104,44,4,0,0,0,0,2,24,16,40,45,0,0,0,2,0,0,10,96,32,0,0,0,143,35,2,1,0,6,35,84,111,48,14,26,0,0,0,10,81,13,10,15,9,0,0,22,3,2,5,41,129,14,0,0,143,140,6,1,0,0,2,35,125,37,18,67,13,0,1,4,58,17,7,17,19,20,19,19,4,49,45,9,95,50,9,3,78,143,54,7,2,1,5,12,33,27,12,10,22,4,15,38,1,79,47,10,21,11,10,3,1,143,55,1,2,5,4,0
7,2,3,22,14,0,0,0,14,11,10,23,7,0,0,3,29,22,5,19,3,0,0,2,0,5,11,34,6,0,0,0,24,12,9,20,2,0,0,3,8,8,15,48,12,0,0,0,41,13,2,7,6,0,0,8,2,0,0,13,51,36,11,2,43,0,0,3,3,0,0,22,5,1,0,27,32,0,0,1,22,2,0,4,13,10,0,6,1,0,0,0,240,240,20,1,42,3,0,1,1,0,0,15,10,1,0,16,24,0,0,2,3,0,0,8,68,38,3,4,0,0,0,0,240,240,0,0
33,255,255,21,0,0,0,0,28,255,38,1,4,1,0,0,28,26,3,2,3,0,0,0,17,2,0,0,6,15,0,1,22,96,84,8,2,0,0,0,5,19,6,1,20,14,0,0,41,7,0,0,3,5,0,1,10,2,0,0,35,13,0,0,32,5,0,0,2,10,4,19,7,0,0,0,16,41,9,8,46,3,0,0,2,4,3,21,5,0,0,0,40,19,1,2,24,0,0,0,6,11,2,10,7,0,0,0,12,28,8,9,33,1,0,0,0,4,5,29,1,0,0,0,10,23,3,3
10,0,0,27,12,0,2,27,57,25,1,0,0,0,0,21,27,58,2,0,0,0,0,1,156,39,0,0,0,0,0,2,11,2,2,71,39,0,0,2,137,19,2,6,2,0,2,10,48,13,0,0,0,11,18,12,156,59,0,0,0,1,3,10,4,1,4,41,84,6,0,1,54,20,16,4,5,3,17,30,53,98,27,0,0,10,51,19,156,156,1,0,0,0,2,4,0,3,22,85,20,0,0,0,14,125,58,16,1,0,0,2,38,156,73,0,0,0,1,0,76,156,4,0,0,0,0,0
119,40,0,0,0,0,11,36,119,7,0,0,0,0,13,91,112,11,0,0,0,7,99,85,0,0,0,0,0,24,119,1,77,31,0,0,0,0,2,12,119,21,0,0,0,0,3,31,66,4,1,0,0,8,54,51,1,1,6,9,9,18,62,3,40,28,0,0,0,0,1,8,119,43,0,1,6,13,14,17,16,1,0,0,6,40,119,90,2,1,4,7,19,42,84,83,38,20,0,0,0,0,30,88,38,33,0,1,40,76,11,27,0,0,0,0,66,119,84,30,4,0,0,0,3,52,119,119
3,1,2,122,62,0,0,0,120,7,6,80,49,0,0,46,122,1,1,53,22,0,0,84,3,2,1,122,54,0,0,1,17,2,2,110,51,0,0,0,60,9,6,122,95,0,0,14,122,11,3,19,7,0,0,68,25,1,3,120,61,0,0,5,27,0,0,28,35,0,0,6,13,14,12,122,95,0,0,0,122,51,12,24,4,0,0,4,64,30,35,57,6,0,0,1,16,1,0,5,3,0,0,13,3,6,8,88,30,0,0,0,94,45,12,29,5,0,0,0,97,62,11,3,0,0,0,0
0,0,0,0,0,86,118,0,10,0,0,0,0,110,118,88,25,0,0,0,0,4,25,118,0,0,0,0,0,0,0,0,0,0,3,2,1,63,118,0,20,4,3,9,14,118,118,68,83,9,0,1,1,8,22,118,0,0,0,0,0,0,0,0,0,9,118,29,2,9,12,0,24,48,117,89,14,12,5,5,118,118,21,12,1,1,0,11,0,0,0,0,0,0,0,0,0,3,118,26,0,0,0,0,4,44,113,52,0,0,0,0,44,118,23,5,0,0,0,0,0,1,0,0,0,0,0,0
10,0,2,4,1,41,135,41,84,3,0,0,0,3,102,135,60,2,0,0,0,0,1,44,4,2,0,0,0,0,0,0,9,13,87,99,11,15,24,6,135,89,20,11,1,0,8,61,135,17,0,0,0,0,3,43,4,1,0,0,0,0,0,5,2,3,20,51,96,46,2,1,63,20,6,7,17,17,46,135,24,1,0,0,0,0,75,135,2,0,0,0,0,0,13,103,0,0,0,0,69,71,0,0,0,0,0,0,30,22,26,29,1,0,0,0,0,1,48,135,28,0,0,0,0,0,7,135
25,34,0,0,7,16,0,0,129,112,0,0,0,0,1,19,129,37,3,7,0,0,0,32,3,2,3,57,9,0,0,0,20,129,34,1,6,7,0,0,97,92,5,1,23,31,15,73,129,8,0,0,0,3,5,129,22,0,0,29,8,0,0,9,0,112,53,5,51,39,0,0,77,87,4,1,73,58,0,6,129,129,0,0,0,2,5,24,23,3,0,1,2,3,26,11,3,7,2,0,55,71,0,0,101,129,0,0,21,18,0,0,78,76,5,0,0,3,15,7,6,4,6,0,0,6,28,11
39,1,0,48,52,0,0,6,130,4,0,0,0,0,0,29,130,28,0,0,0,0,0,8,62,12,1,125,130,0,0,2,26,4,1,52,118,0,0,1,130,17,1,3,4,0,0,14,130,3,0,0,0,0,0,24,103,1,0,30,21,0,0,13,14,7,3,74,121,0,0,0,130,33,3,9,5,0,0,7,130,27,0,0,0,0,0,9,103,23,0,1,0,0,0,5,2,5,5,81,82,0,0,0,106,34,6,12,7,0,0,5,130,13,0,0,0,0,0,18,78,12,0,0,0,0,0,7
35,7,2,109,65,2,0,3,123,40,18,38,27,0,0,42,9,2,11,123,97,0,0,3,1,2,33,54,30,9,2,3,14,4,2,120,110,0,0,1,123,33,5,45,34,0,0,28,40,5,4,112,117,0,0,2,9,15,55,48,13,0,0,0,5,3,2,84,120,0,0,0,123,19,3,30,40,0,0,30,62,2,1,92,112,0,0,10,26,20,5,32,29,0,0,0,2,1,1,49,88,0,0,0,123,33,5,29,34,0,0,4,63,7,1,48,64,0,0,2,9,8,6,36,33,0,0,0
0,2,5,64,110,7,0,0,4,7,5,28,48,0,1,5,24,28,24,11,3,2,32,51,83,27,10,1,0,3,34,111,0,0,2,55,101,17,2,0,25,4,1,66,109,5,2,12,111,109,48,3,2,0,2,17,34,91,93,15,0,0,6,19,0,1,2,19,33,72,33,4,22,25,38,56,80,36,1,2,111,77,75,7,3,0,6,58,86,44,63,1,0,0,9,85,0,24,48,27,15,11,4,1,5,111,92,9,3,3,0,0,41,111,111,1,0,0,0,7,17,56,111,0,0,0,3,19
4,1,2,3,10,58,45,9,35,7,0,0,1,18,76,58,72,58,0,0,0,1,1,5,14,13,0,0,0,3,1,0,16,0,0,0,76,156,38,24,156,12,0,0,2,36,47,122,154,40,0,0,0,0,0,6,4,2,0,0,1,7,1,0,48,15,0,1,138,117,3,9,156,94,0,0,5,8,2,34,156,23,0,0,0,1,0,4,0,0,0,0,2,7,0,0,16,18,0,1,17,4,0,0,135,135,0,0,0,0,0,0,30,34,2,2,1,0,0,0,0,0,0,1,4,3,0,0
17,0,0,1,2,2,3,65,16,0,0,0,1,17,22,83,69,11,0,0,1,15,6,7,63,14,0,0,33,36,0,0,7,7,22,72,47,9,8,23,52,17,3,2,2,3,19,88,127,27,0,0,4,5,3,23,50,10,0,0,63,113,4,4,1,10,21,127,127,3,0,0,51,23,18,17,7,10,6,19,127,24,1,0,23,30,17,52,48,5,0,0,106,108,9,6,0,3,79,127,29,1,0,0,5,2,127,105,5,3,2,9,15,1,127,117,7,32,33,43,38,5,57,30,13,56,15,7
8,0,0,0,0,0,23,42,48,1,0,0,0,0,12,62,174,18,1,0,0,0,1,54,40,22,13,11,17,1,0,3,9,8,3,0,0,0,31,81,65,3,0,0,1,3,72,78,174,11,0,0,0,0,9,85,77,2,0,2,5,33,11,19,17,17,4,0,0,1,18,66,145,17,1,0,7,18,24,27,174,59,0,0,0,3,5,18,44,1,0,0,1,80,16,12,25,22,2,0,2,7,7,46,174,17,0,0,7,22,13,15,174,28,0,0,0,13,18,22,6,0,0,0,0,86,40,4
11,2,8,2,2,2,0,25,6,1,2,0,10,49,25,33,127,0,0,0,0,7,17,127,57,0,0,0,2,0,0,23,58,1,0,0,22,13,3,48,14,7,5,8,127,119,32,36,127,27,3,1,7,17,23,127,127,1,0,0,2,2,0,26,33,34,12,2,13,8,8,70,9,67,127,47,88,23,4,6,127,127,71,7,5,2,1,11,127,17,0,0,1,2,0,5,17,71,33,3,0,0,1,6,8,47,40,2,11,16,14,5,127,26,15,1,7,7,6,5,72,7,0,0,1,3,0,2
94,8,2,42,131,6,4,54,131,7,0,2,12,15,6,98,131,0,0,0,1,2,1,63,9,0,0,44,131,2,0,5,53,49,44,130,125,0,0,0,131,69,25,19,35,7,1,24,131,6,0,0,5,2,0,77,25,0,0,44,52,4,0,9,7,13,41,56,5,0,0,0,23,64,65,53,25,0,0,0,131,109,16,2,2,0,0,9,28,4,0,3,5,2,0,4,13,15,3,2,0,0,0,0,18,100,43,5,0,0,0,0,14,86,20,0,0,0,0,0,3,4,0,0,3,0,0,0
14,26,30,36,50,6,5,1,6,16,10,13,28,74,10,1,0,0,3,18,26,84,77,7,0,0,2,14,16,81,120,3,6,2,1,21,120,103,51,6,84,9,9,11,18,97,83,49,15,4,35,112,46,20,5,1,0,0,12,90,103,26,7,0,5,6,18,120,120,28,5,3,120,73,37,53,20,11,7,21,43,8,7,86,32,1,2,1,0,0,17,120,62,7,0,0,0,1,9,120,76,0,0,0,14,42,45,85,12,0,0,0,6,6,5,22,5,5,9,1,0,0,8,58,9,3,5,1
109,95,8,0,0,0,1,15,55,81,15,0,0,0,0,0,78,25,0,0,0,0,0,5,33,89,0,0,0,0,0,2,141,42,4,0,0,0,0,15,44,28,15,14,6,0,0,2,126,38,0,1,0,0,0,12,134,141,0,0,0,0,0,0,141,48,4,0,0,0,0,7,53,12,8,26,6,1,0,1,139,14,4,3,0,1,4,27,141,20,0,0,0,0,0,29,101,79,2,0,0,7,2,5,25,9,2,5,1,79,56,7,78,12,1,1,0,17,73,57,141,36,0,0,0,0,1,38
1,0,44,70,15,11,7,0,57,28,97,50,7,12,8,20,78,11,10,9,3,3,7,59,0,0,13,67,100,31,13,3,1,0,4,3,0,59,82,6,11,1,7,8,7,101,70,23,82,10,2,0,0,17,28,104,21,18,18,21,8,7,14,11,0,0,0,0,0,69,128,65,65,5,0,0,2,72,98,46,128,70,7,0,0,4,4,18,17,38,21,2,2,0,0,0,9,0,0,0,1,37,128,128,128,19,0,0,0,6,104,106,128,23,0,0,0,0,1,33,10,3,2,2,4,2,9,13
5,134,95,10,1,0,0,0,1,134,134,86,0,0,0,0,1,15,134,134,1,0,0,0,0,134,134,29,3,1,0,0,79,106,32,0,0,0,1,13,36,34,15,9,0,7,10,8,100,67,125,26,0,0,1,6,9,82,134,4,0,4,7,2,56,49,6,0,0,0,2,8,46,14,0,0,0,3,4,5,134,8,0,0,0,1,7,45,12,2,0,0,0,24,42,15,24,16,1,0,0,0,0,3,25,11,0,0,0,0,0,4,69,3,0,0,0,0,2,33,12,5,9,2,1,7,7,7
100,19,2,1,13,11,12,56,77,4,7,28,110,45,39,51,12,93,36,57,116,49,0,0,14,116,35,5,1,2,0,0,44,46,3,1,16,71,45,28,116,57,18,30,12,25,60,59,42,51,52,116,30,2,1,4,65,50,24,19,1,0,0,0,25,75,82,14,7,36,31,15,116,48,10,9,5,6,4,116,31,7,5,80,44,9,19,102,78,17,5,31,9,2,2,2,1,37,56,40,51,8,0,0,34,26,17,24,27,1,0,53,38,62,17,1,3,4,20,74,32,84,31,3,2,2,4,3
29,55,23,0,0,0,0,1,69,25,0,0,6,41,19,10,3,1,3,5,8,54,118,25,0,0,0,4,5,15,118,40,42,3,1,0,0,4,8,36,41,2,0,0,12,112,18,15,66,27,14,29,38,35,10,6,1,3,4,31,118,42,31,2,23,0,0,0,0,20,69,61,59,1,0,0,3,106,73,36,118,27,3,10,53,62,21,36,4,3,1,11,118,118,18,4,2,15,27,0,0,35,118,11,78,92,19,0,0,33,100,55,68,38,16,45,35,95,31,42,0,9,45,34,36,118,24,2
0,0,1,2,9,18,120,85,8,3,17,2,0,0,42,120,3,10,9,0,0,0,23,63,3,2,0,0,0,0,5,23,26,7,7,78,120,31,41,61,120,22,4,4,3,3,19,120,38,0,0,0,5,12,44,81,1,0,0,0,0,2,38,109,14,32,81,120,74,8,4,2,120,120,70,15,4,0,0,5,34,13,0,4,88,48,21,9,0,0,0,0,20,27,83,120,45,15,30,5,1,3,10,45,6,45,41,4,3,0,0,5,1,10,3,48,120,12,2,0,2,0,0,37,79,20,32,63
39,16,3,58,75,0,0,0,125,39,0,0,0,0,0,0,125,15,4,2,0,0,0,36,74,11,29,77,59,0,0,35,30,23,6,114,117,0,0,0,125,50,2,3,0,0,1,4,115,4,0,0,0,2,15,56,125,0,0,10,85,7,1,71,8,10,24,125,95,0,0,0,96,31,24,29,1,2,2,9,53,0,0,0,3,16,17,45,87,0,0,0,37,24,17,112,0,0,5,125,75,0,0,0,5,6,12,118,20,3,1,0,7,0,0,12,6,12,9,15,20,0,0,0,1,5,16,64
57,35,2,3,8,14,6,14,68,25,0,2,26,47,11,4,118,61,0,0,0,5,20,20,18,3,0,0,0,25,87,11,31,26,5,3,25,65,14,8,118,26,0,0,9,42,18,11,107,14,0,0,0,32,94,34,0,0,0,0,0,65,118,2,23,2,0,1,27,100,16,14,111,5,0,0,2,19,53,54,13,0,0,0,0,97,118,17,0,0,0,0,0,118,118,0,6,0,0,0,21,60,29,24,9,0,0,0,0,52,118,29,0,0,0,0,0,109,118,0,0,0,0,0,0,118,100,0
10,0,0,2,18,56,55,104,32,0,0,2,4,30,31,128,1,0,9,77,83,56,8,5,0,1,10,128,111,0,0,0,20,5,8,115,45,13,5,30,128,20,6,13,1,3,7,122,38,2,10,20,8,16,13,15,0,0,7,128,54,6,5,0,3,8,31,128,1,0,0,0,111,72,31,41,3,4,0,2,28,4,0,0,22,77,51,9,11,3,6,12,27,27,68,34,0,0,10,89,2,0,0,0,6,18,24,60,19,3,0,0,5,3,2,35,128,68,18,7,98,9,5,10,20,20,28,74
21,20,0,0,3,33,31,5,0,0,0,7,25,22,53,33,0,0,22,119,119,17,3,1,0,0,42,119,58,1,0,0,7,5,0,7,103,119,40,13,119,21,6,3,12,36,70,102,31,14,58,55,60,12,3,6,0,2,52,119,119,3,0,0,9,14,18,119,119,18,1,1,119,68,25,30,12,4,4,28,49,10,12,11,41,17,9,24,1,39,106,29,36,3,0,0,0,2,24,119,15,0,7,40,26,29,81,57,0,0,0,4,35,24,26,2,0,0,0,7,12,20,14,2,4,8,5,9
11,10,0,0,49,64,0,0,72,10,0,0,75,123,1,7,74,15,0,0,10,18,1,4,0,2,8,9,15,8,0,0,8,5,0,0,127,127,0,1,127,19,0,0,64,89,1,11,66,8,0,0,5,32,14,13,5,3,3,5,13,6,21,25,18,0,0,0,127,127,3,6,127,3,0,0,30,40,4,30,42,0,0,0,63,55,25,14,0,0,0,0,11,24,125,32,39,1,0,0,127,109,1,4,127,4,0,0,10,11,1,18,29,0,0,3,126,21,4,8,0,0,0,2,59,31,60,1
15,0,0,0,0,0,24,152,37,1,0,1,3,1,5,141,5,1,9,7,1,0,0,3,0,2,11,3,0,0,0,0,51,0,1,3,0,0,12,152,152,11,2,0,0,0,0,152,57,25,57,11,0,0,0,5,0,7,60,10,0,0,0,0,64,78,31,25,0,0,0,32,152,152,2,0,0,0,0,41,94,45,13,9,6,0,0,1,1,2,14,9,9,2,0,1,19,152,57,8,0,0,0,0,89,152,3,0,0,0,0,3,21,23,1,5,16,0,0,2,1,0,0,2,23,5,1,2
59,28,0,0,0,0,0,1,143,19,0,0,0,0,0,9,108,49,4,0,0,0,0,20,45,19,14,1,1,0,5,88,37,10,0,0,0,1,4,22,148,2,0,0,0,0,0,46,148,50,6,0,0,0,0,11,52,51,69,20,0,0,0,7,29,0,0,0,3,13,16,41,148,8,0,0,0,0,0,40,148,40,0,0,0,0,0,3,148,52,32,15,0,0,0,0,26,0,1,3,9,8,4,27,148,0,0,0,0,0,0,66,148,10,0,0,0,0,0,14,148,26,1,0,0,0,0,0
77,13,0,0,0,0,3,98,112,21,0,0,0,0,4,94,17,19,14,35,25,13,6,13,12,55,42,31,21,10,1,1,99,34,0,0,1,9,12,81,143,18,0,0,0,3,4,74,65,16,16,17,1,1,0,7,0,12,28,11,8,36,4,0,140,9,0,0,0,3,8,131,143,77,2,0,0,1,1,22,62,30,26,7,14,5,2,16,3,0,3,8,82,78,5,3,136,7,1,0,0,0,3,72,143,37,2,0,0,0,0,90,53,28,30,13,39,1,0,11,2,5,14,37,129,6,0,0
68,52,7,0,0,0,0,23,124,18,1,0,0,0,0,51,93,15,9,27,7,0,0,19,0,1,3,74,124,0,0,0,7,124,69,0,0,0,0,0,124,62,60,0,0,0,0,25,124,16,4,11,13,0,0,37,9,2,1,66,124,0,0,0,30,124,95,0,0,0,0,0,16,54,124,9,0,0,0,0,117,61,45,9,5,0,0,4,17,7,1,62,124,0,0,0,99,53,23,0,0,0,0,7,19,15,78,25,1,0,0,6,10,32,37,21,5,0,0,0,6,12,1,19,124,0,0,0
1,4,10,45,15,0,0,0,5,14,29,31,0,0,0,0,25,35,45,30,0,0,0,0,137,72,18,15,1,0,0,3,4,2,1,135,65,0,0,0,43,20,11,10,4,0,0,3,12,51,50,7,0,0,0,0,137,57,25,2,0,0,0,28,0,0,2,137,112,0,0,0,47,3,3,58,48,6,3,27,89,42,6,0,0,0,0,17,71,40,20,4,25,9,6,41,0,0,3,137,137,0,0,0,34,2,2,115,137,6,2,17,112,4,0,2,0,0,0,50,57,8,1,15,137,50,11,16
5,0,0,0,0,4,26,36,81,31,3,1,1,0,1,31,144,42,0,0,0,0,0,26,144,4,0,0,0,13,8,41,15,23,14,0,0,3,7,17,144,55,9,0,0,0,0,50,144,43,0,0,0,0,0,59,105,6,0,0,9,55,27,55,0,133,66,0,0,0,0,0,27,144,96,0,0,0,0,1,143,99,27,0,0,0,4,46,26,0,0,0,12,40,58,59,18,131,14,0,0,0,0,0,23,122,27,1,1,0,0,0,4,22,20,8,19,5,4,3,8,3,0,1,4,8,27,12
143,143,0,0,0,0,0,0,143,143,0,0,0,0,0,9,143,97,7,0,0,0,0,58,24,18,20,26,37,18,4,19,72,143,2,0,0,0,0,0,143,125,0,0,0,0,0,37,143,7,0,0,0,0,2,129,35,7,2,0,17,48,17,41,2,18,0,0,0,0,0,0,38,37,0,0,0,0,0,2,129,53,0,0,0,0,1,19,30,96,2,0,0,4,5,13,0,0,0,0,0,0,0,0,0,0,0,0,0,0,0,0,2,5,0,0,0,0,0,0,2,49,1,0,0,0,0,0
19,10,0,1,127,89,0,0,127,64,0,0,6,5,0,8,127,28,3,20,25,4,2,40,38,7,2,62,82,8,1,14,33,14,2,40,127,10,0,0,127,50,0,2,1,0,0,2,127,18,0,1,11,9,6,60,10,0,0,7,119,58,14,33,14,7,11,127,84,2,0,0,127,18,6,26,3,0,0,20,73,3,0,1,5,3,2,59,5,0,0,21,119,25,3,14,0,6,17,127,38,0,0,0,38,27,33,86,7,0,0,4,21,8,4,3,6,4,8,44,1,0,0,6,61,60,12,22
16,18,20,1,0,0,0,6,15,18,64,7,0,0,1,9,20,71,100,4,0,0,2,37,8,15,66,39,2,2,47,59,18,0,0,0,0,0,0,38,89,12,1,0,0,0,0,42,136,132,62,2,0,0,0,7,17,36,136,109,0,0,0,0,10,0,0,0,0,0,3,66,125,10,0,0,0,0,2,50,136,21,4,0,0,0,6,136,63,19,61,18,0,0,9,118,14,1,0,0,0,3,14,37,21,0,0,0,0,1,68,86,55,4,0,0,0,0,50,136,31,11,0,0,0,0,38,136
43,17,0,0,13,54,13,8,45,1,0,0,17,123,41,32,123,15,0,0,2,9,27,123,61,8,0,0,0,13,123,87,29,0,0,0,69,123,24,11,113,15,0,0,45,105,10,17,73,5,0,0,0,13,70,80,0,0,0,0,0,26,123,28,44,3,0,2,9,123,123,25,123,14,0,0,4,23,13,23,21,0,0,0,0,32,35,15,0,0,0,0,0,52,24,0,64,6,25,123,6,10,15,32,65,2,0,5,0,0,12,93,2,0,0,0,0,19,40,17,0,0,0,0,0,43,13,0
122,30,1,2,2,4,27,126,19,2,3,18,28,49,70,78,6,7,3,3,5,11,26,16,1,1,0,12,30,33,13,1,48,13,4,0,0,0,6,65,126,15,7,0,0,2,19,72,30,18,32,22,1,0,4,7,5,3,2,32,70,19,5,3,22,31,44,2,0,0,0,2,126,60,12,0,0,0,0,22,75,63,69,54,1,0,0,2,0,1,46,126,49,14,2,0,0,84,110,3,0,0,0,0,50,126,111,0,0,0,0,0,34,126,105,11,0,0,0,0,0,18,126,121,0,0,0,0
68,4,16,14,20,29,2,23,141,10,2,0,0,2,2,81,52,6,2,7,98,106,6,17,2,34,2,5,141,74,0,0,34,23,79,65,15,4,0,1,141,47,14,6,4,12,4,42,48,6,2,3,135,141,10,23,20,127,7,4,55,43,0,0,19,23,14,10,16,10,4,6,141,50,5,2,9,18,4,15,21,35,8,9,80,63,3,6,32,112,10,2,8,1,0,0,46,30,0,0,0,6,19,17,82,66,11,5,3,1,0,6,8,47,49,16,8,3,0,0,19,71,17,0,0,0,0,0
52,0,0,44,106,2,0,24,149,3,0,1,0,0,0,41,63,13,0,0,0,0,0,12,17,2,0,1,5,1,5,29,34,3,2,149,120,0,0,7,149,9,3,20,6,0,0,37,65,5,0,0,0,0,2,12,12,8,4,4,1,2,11,20,4,3,36,149,51,0,0,0,135,50,42,93,7,0,0,4,64,18,2,0,0,0,0,1,38,17,8,7,0,0,0,6,0,0,149,149,1,0,0,0,7,16,115,149,20,0,0,0,12,12,6,25,11,0,1,2,22,1,0,0,0,0,0,21
36,0,0,0,137,62,5,21,155,0,0,0,0,0,0,47,93,0,0,0,0,0,0,19,14,0,0,0,0,0,0,18,60,0,0,0,81,87,28,35,155,3,0,0,0,0,0,44,129,6,0,0,0,0,0,12,23,0,0,0,0,2,3,10,155,2,0,0,1,16,34,83,155,28,0,0,0,0,0,13,103,28,6,1,0,0,0,6,6,0,0,0,7,47,7,8,155,31,0,0,0,0,0,7,155,63,0,0,0,0,0,0,55,27,7,2,12,19,0,1,0,0,1,4,47,73,0,0
4,1,7,78,1,0,0,0,135,3,4,19,1,0,0,49,104,5,3,46,52,11,0,26,0,0,0,50,54,27,5,0,0,0,8,86,10,0,0,0,115,4,2,58,20,0,0,29,135,15,6,69,27,0,0,43,6,3,4,135,113,0,0,0,0,0,7,58,18,0,0,0,70,34,4,60,40,0,0,2,135,82,3,24,17,0,0,7,22,12,9,135,127,0,0,0,0,0,3,24,25,0,0,0,77,19,1,20,46,0,0,0,135,71,2,7,2,0,0,0,20,16,19,124,40,0,0,0
108,42,0,0,0,0,0,1,47,128,4,0,0,0,0,0,46,105,21,0,0,0,0,0,17,18,3,27,89,1,0,0,128,12,0,0,0,0,0,25,128,85,3,0,0,0,0,13,40,79,54,0,0,0,0,3,1,23,36,69,56,0,0,0,127,11,0,0,0,0,0,57,128,21,0,0,0,0,0,83,107,61,8,0,0,3,2,22,2,22,27,26,6,41,10,0,53,65,8,0,0,0,3,9,128,69,0,0,0,0,58,47,56,29,0,0,0,33,128,25,0,1,0,0,0,89,128,6
0,0,0,0,50,97,123,17,52,0,0,0,26,29,14,36,135,0,0,0,0,0,0,27,31,1,0,0,0,0,0,6,77,0,0,1,53,53,103,89,135,0,0,0,0,4,12,62,135,14,0,0,0,0,0,13,30,14,4,1,3,3,0,2,135,3,0,6,108,2,1,13,135,15,0,0,0,0,0,5,135,17,0,0,0,0,0,1,31,4,1,1,14,15,0,2,135,11,0,4,98,4,4,14,135,28,0,0,0,0,0,2,135,27,0,0,0,0,0,0,15,10,18,7,7,2,0,0
0,0,0,2,3,82,85,1,17,8,28,10,3,41,101,86,8,32,35,1,5,19,21,30,0,2,14,14,90,49,3,0,7,8,3,16,39,131,121,7,132,50,3,8,12,43,77,110,74,4,0,0,5,36,48,39,0,0,0,3,75,83,28,0,11,11,5,17,57,47,5,9,132,36,3,5,11,14,5,64,70,2,0,2,62,54,10,14,0,0,0,0,36,121,22,0,17,1,0,0,52,80,2,6,132,5,0,0,10,14,3,38,72,0,0,11,94,5,0,8,1,0,0,6,101,32,2,0
18,2,5,18,1,2,6,32,149,2,1,1,0,0,1,149,129,0,0,0,0,0,0,138,7,0,0,0,0,0,0,8,14,5,4,6,0,0,1,7,149,13,1,0,0,0,0,74,149,14,0,0,0,0,0,118,38,1,0,0,0,0,0,17,29,10,0,0,0,0,0,6,149,40,0,0,0,0,0,15,149,76,0,0,0,0,0,30,30,5,0,0,0,0,0,10,15,18,0,0,0,1,1,1,70,6,0,0,0,6,18,68,149,4,0,0,0,0,5,149,20,0,0,0,0,0,18,40
5,18,0,0,0,6,12,1,51,63,0,0,0,2,8,12,136,96,2,0,0,2,6,75,14,23,6,1,50,97,12,16,4,13,0,0,0,10,13,1,44,13,0,0,0,28,72,35,136,11,0,0,2,26,19,97,23,0,0,0,70,136,11,16,1,0,0,0,0,21,24,0,134,14,0,0,0,31,54,20,136,31,0,0,37,96,6,18,16,1,0,0,61,136,8,4,2,4,4,0,0,0,2,0,127,29,13,0,0,0,3,10,135,9,0,0,90,90,5,24,35,0,0,0,78,80,4,6
12,0,0,0,0,0,0,3,10,0,0,1,0,0,0,3,0,0,0,5,1,0,0,0,5,0,0,0,0,0,0,1,79,14,38,15,0,0,0,19,128,9,5,7,0,0,0,34,11,4,8,86,8,0,0,0,74,5,4,23,1,0,0,14,16,16,138,120,0,0,0,6,96,69,138,34,0,0,0,7,20,38,95,99,3,0,0,0,45,4,18,91,3,0,0,7,22,5,106,48,0,0,7,138,16,52,138,54,0,0,0,33,5,81,138,106,2,0,0,1,11,0,42,138,38,0,0,2
0,0,0,0,0,0,0,0,0,0,0,0,0,0,0,0,0,0,0,0,0,0,0,0,0,0,0,0,0,0,0,0,0,0,0,0,8,4,1,0,100,2,0,0,1,2,5,22,199,25,0,0,0,0,0,10,3,0,0,0,0,0,0,0,0,0,0,24,68,11,1,0,199,4,0,8,12,4,5,28,199,33,0,0,0,0,0,75,40,1,0,0,0,0,0,13,0,0,3,57,27,0,0,0,136,47,13,34,12,0,0,11,199,47,0,0,0,0,0,192,75,0,0,0,0,0,0,68
1,22,53,134,19,0,0,0,94,134,38,14,0,0,0,0,134,134,14,7,0,0,0,0,5,17,9,6,0,0,0,0,1,6,44,134,2,0,0,0,114,88,57,40,0,0,0,5,134,62,0,0,0,0,0,31,13,6,0,0,0,0,0,1,6,2,11,40,1,1,43,35,45,29,35,40,1,0,13,12,134,23,2,0,0,0,0,19,1,0,0,0,0,0,0,0,0,0,0,0,0,0,134,125,7,4,2,1,0,0,134,134,18,3,0,0,0,0,41,50,0,0,0,0,0,0,0,0
53,129,9,1,3,18,22,6,65,33,4,0,0,84,121,30,0,107,30,0,3,129,39,1,31,129,9,0,0,19,4,2,31,38,0,0,0,129,129,30,129,66,11,0,0,35,88,69,43,129,58,0,1,6,2,6,0,72,8,0,0,0,0,0,61,67,4,0,5,74,48,17,129,80,0,0,0,3,7,85,62,16,0,0,0,0,0,59,0,1,0,0,0,0,0,0,43,23,10,11,0,0,0,31,42,6,0,0,0,0,0,62,2,0,0,0,0,0,0,6,0,0,0,0,0,0,0,0
17,0,0,0,0,0,53,85,10,0,0,0,2,9,2,23,0,0,0,0,8,22,0,0,0,0,0,0,21,18,0,0,138,0,0,0,0,0,39,138,100,3,1,4,5,10,2,35,0,0,0,9,25,25,0,0,0,0,0,0,45,26,0,0,138,4,0,0,0,0,0,23,138,15,7,12,3,11,9,10,0,0,3,25,28,70,22,0,0,0,0,1,28,95,39,0,138,0,0,0,0,0,11,135,66,0,0,0,0,77,119,76,0,0,0,0,4,138,127,0,0,0,0,0,4,115,138,3
13,9,24,50,7,0,0,0,49,22,8,17,17,0,0,0,15,8,4,24,33,1,1,9,15,9,4,34,14,0,0,4,4,3,14,30,40,2,0,0,52,31,12,24,14,1,0,3,17,29,26,84,18,0,0,0,25,38,14,35,15,7,0,1,5,0,0,14,64,1,0,1,110,5,1,9,23,0,0,22,29,6,4,38,45,1,0,4,18,5,1,5,109,246,12,3,1,1,12,36,21,0,0,0,65,28,8,25,10,0,0,5,22,9,1,22,69,14,0,1,0,0,0,3,246,246,2,0
9,190,190,186,2,5,1,1,10,190,190,1,4,11,1,0,39,79,14,0,3,25,7,2,20,3,0,0,3,57,24,10,41,14,3,0,2,38,37,20,68,22,0,0,3,29,18,21,22,19,0,0,42,97,4,2,51,24,0,0,13,44,10,13,28,14,0,1,17,34,17,9,86,18,0,0,1,26,22,33,13,29,1,0,25,79,14,6,31,61,0,0,4,5,0,0,33,15,0,0,4,8,17,18,22,14,0,0,4,63,18,10,48,18,0,0,0,14,14,37,13,16,0,0,0,0,1,9
114,67,0,0,0,0,0,27,114,62,0,0,0,0,7,27,39,39,1,0,15,52,24,11,51,61,3,0,8,32,35,13,112,36,0,0,0,2,19,38,77,20,0,0,0,17,114,80,105,40,1,0,6,13,75,88,38,114,3,0,2,39,29,7,37,0,0,0,0,13,78,77,114,22,0,0,0,19,101,47,114,38,0,0,0,11,43,64,28,12,0,0,2,114,85,22,28,19,30,50,3,5,48,39,114,45,3,0,0,2,20,32,59,7,0,0,0,5,55,81,25,21,3,0,2,20,17,13
119,45,25,52,2,0,11,35,45,123,132,120,4,14,10,14,21,132,132,3,8,32,8,2,35,54,8,0,8,35,5,1,108,27,0,0,0,1,8,28,86,13,0,0,8,70,67,35,118,19,0,0,2,41,43,50,29,18,0,0,44,108,9,7,98,16,0,0,2,5,13,25,44,32,2,2,35,42,22,11,99,48,0,0,2,42,24,25,22,31,2,0,12,66,23,14,40,1,0,0,0,22,60,29,77,10,0,0,1,14,48,58,32,13,0,0,10,106,25,19,69,9,0,0,1,19,17,55
21,0,0,0,1,20,103,43,47,0,0,0,0,8,48,135,39,0,0,0,0,1,13,126,0,0,0,0,0,3,34,16,25,3,0,0,0,5,135,65,135,19,0,0,0,1,53,118,105,12,0,0,0,0,7,59,7,0,0,0,0,0,24,46,62,130,0,0,0,0,33,14,135,102,0,0,0,0,7,54,55,3,0,0,0,1,51,83,48,5,0,0,0,0,13,39,29,135,1,0,0,2,16,3,51,34,0,0,0,1,59,71,39,11,0,0,0,0,55,100,99,45,0,0,0,0,6,28
24,12,33,16,0,0,8,42,6,28,121,15,0,0,0,0,2,80,121,7,0,0,0,0,0,19,109,36,0,0,0,0,121,98,1,0,0,0,3,42,61,62,28,0,0,1,1,3,121,92,90,8,0,0,0,2,10,12,121,101,1,0,0,0,96,41,0,0,0,0,29,121,87,5,0,0,0,3,32,61,121,4,0,0,0,0,1,24,22,1,7,11,1,10,9,9,52,42,2,0,0,0,22,121,121,72,0,0,0,0,9,56,121,14,0,0,0,0,2,23,9,0,0,0,0,1,13,20
127,127,0,0,0,0,0,0,124,74,0,0,0,0,6,27,109,27,3,0,1,29,39,32,48,16,2,0,2,39,41,21,127,116,0,0,0,0,0,30,127,34,0,0,0,1,7,35,55,31,1,1,29,53,28,11,95,46,1,0,5,24,25,25,127,28,0,0,0,0,2,37,95,7,0,0,0,24,85,50,91,18,0,0,5,17,77,67,43,30,0,0,3,91,28,17,46,2,9,4,0,2,14,95,39,0,0,0,0,34,67,37,120,2,0,0,0,10,34,56,21,6,0,0,6,52,26,17
73,103,7,0,0,0,27,54,22,27,48,9,0,0,25,46,19,60,89,0,0,0,0,3,18,75,100,5,0,0,0,1,33,40,11,0,0,0,88,115,115,47,1,0,0,0,38,115,90,38,7,0,0,3,14,32,106,20,18,2,0,1,1,47,23,67,38,0,0,2,15,20,108,31,1,0,0,0,52,115,84,15,0,0,0,2,84,115,115,7,0,0,0,0,4,60,6,34,24,0,0,1,26,18,15,85,39,0,0,0,20,41,115,115,5,0,0,0,10,39,56,29,0,0,0,0,1,22
31,10,73,82,0,0,0,29,118,38,32,6,0,0,0,84,90,34,39,28,8,0,0,38,0,2,13,66,16,0,0,0,31,14,36,24,0,0,2,25,114,118,83,6,0,0,0,19,59,118,57,13,0,0,0,14,1,18,65,101,0,0,0,0,46,11,64,42,0,0,0,18,118,73,26,1,0,0,0,83,72,87,12,0,0,0,3,39,25,102,47,43,4,0,0,0,23,49,118,28,0,0,0,1,35,118,118,1,0,0,0,6,50,118,15,0,0,0,0,4,25,40,0,4,2,0,5,7
58,115,23,0,0,0,4,9,109,115,9,0,0,0,19,42,11,24,56,7,0,0,19,24,10,47,64,0,0,0,0,2,15,49,18,0,0,4,115,52,38,20,0,0,0,0,115,115,115,22,1,0,0,0,56,115,70,31,6,0,0,1,4,16,10,115,90,0,0,1,52,26,44,113,37,0,0,0,22,40,115,40,0,0,0,0,33,115,39,4,0,0,0,3,79,93,2,30,32,0,0,1,64,19,5,16,10,0,0,6,37,16,9,23,8,0,0,0,43,72,81,61,2,0,0,0,34,64
28,4,51,120,0,0,0,63,109,11,28,34,0,0,0,117,54,55,120,28,0,0,0,13,2,71,120,13,1,0,0,0,11,3,39,120,0,0,0,15,108,33,75,61,0,0,0,33,120,55,23,2,0,0,0,56,31,13,29,48,22,0,0,9,29,5,11,13,0,0,1,28,82,105,81,17,0,0,0,6,80,120,95,0,0,0,0,8,14,41,42,49,4,0,0,2,17,4,45,60,0,0,0,3,120,40,23,4,0,0,0,29,91,48,14,0,0,0,1,38,8,65,22,8,0,0,0,1
0,0,0,0,26,84,57,0,3,2,4,3,61,114,111,7,3,1,35,20,72,83,1,1,104,11,15,7,1,1,0,23,5,4,0,32,114,110,32,2,114,79,41,25,45,40,56,19,14,22,114,107,8,4,1,1,72,26,43,55,2,0,0,0,5,22,21,25,50,114,42,0,114,65,21,8,12,9,2,46,57,7,20,91,20,0,0,55,27,10,9,96,25,0,0,0,0,17,100,67,5,2,0,0,16,36,65,30,4,0,0,16,56,14,10,21,8,0,0,71,11,6,8,70,11,0,0,3
42,17,0,0,0,11,7,6,41,24,0,0,0,44,5,1,32,1,0,0,0,63,35,18,92,5,0,0,0,8,10,16,108,28,0,0,0,26,9,9,22,7,0,0,3,127,21,6,127,36,0,0,0,62,23,18,95,27,0,0,49,43,6,4,63,18,0,0,13,127,13,5,48,1,0,0,4,127,58,57,127,31,0,0,0,9,8,75,56,14,0,0,99,89,7,13,11,3,4,7,59,127,8,6,35,18,11,0,12,54,12,77,88,16,12,3,2,15,30,127,17,9,3,2,28,127,70,35
1,0,35,17,114,80,2,1,124,15,43,9,4,2,0,55,124,9,6,63,8,0,0,35,32,11,11,91,9,0,0,1,26,35,124,60,13,9,3,2,67,28,124,114,1,0,0,3,124,22,11,25,1,0,0,23,18,6,10,99,16,0,0,1,99,23,47,61,3,0,0,83,10,6,28,124,29,0,0,7,124,20,14,44,3,0,0,16,39,2,2,50,17,0,0,4,45,12,14,14,4,0,0,114,31,5,8,106,12,0,0,52,35,22,33,80,1,0,0,0,31,16,7,19,1,0,0,0
13,0,0,4,28,107,26,12,124,2,0,0,1,12,25,97,36,0,0,0,1,2,10,31,0,2,0,0,1,0,0,0,11,1,45,59,60,17,2,4,95,6,13,55,10,5,106,124,108,15,1,1,0,0,72,124,21,5,0,0,0,0,0,11,0,1,92,65,17,35,23,0,32,33,31,124,60,52,18,24,124,110,7,7,1,1,7,86,34,12,0,0,0,0,0,10,0,0,0,4,8,86,65,0,9,1,0,1,23,121,16,33,96,4,0,0,0,4,6,124,49,0,0,0,0,0,0,66
3,0,0,84,38,3,5,17,6,9,2,31,64,62,23,3,44,120,21,0,3,17,36,30,78,91,4,0,0,0,2,17,1,0,0,18,37,23,92,65,42,18,12,30,120,61,23,30,120,120,20,1,6,4,1,74,28,48,4,0,0,0,2,4,35,16,0,0,2,9,113,29,68,120,120,15,28,20,21,10,110,120,84,2,1,0,0,13,18,11,3,0,0,0,0,1,83,95,4,6,5,0,4,4,120,120,15,0,0,0,0,0,3,28,22,0,0,0,0,0,0,2,6,0,0,0,0,0
0,1,4,5,69,33,0,0,40,6,0,5,98,48,1,3,143,96,5,0,4,3,0,3,6,56,63,2,0,0,0,0,0,0,0,16,117,13,0,0,75,9,0,22,129,7,0,2,158,106,14,1,5,0,0,10,25,55,90,12,0,0,0,0,0,0,0,2,65,72,5,0,59,3,2,8,88,26,0,3,158,15,3,1,3,0,0,38,109,23,41,33,0,0,0,5,1,3,1,0,3,55,17,0,23,4,6,11,13,10,0,2,158,2,0,2,2,0,0,63,124,6,10,9,0,0,1,75
49,28,0,0,0,0,6,34,15,1,0,0,0,3,43,49,64,0,0,0,0,5,24,118,13,0,0,0,1,98,38,33,49,6,0,0,0,1,3,118,34,3,0,0,4,41,15,24,118,15,0,0,12,29,7,25,43,3,0,0,35,118,15,13,17,0,4,10,5,4,20,118,75,2,0,0,0,22,44,110,118,11,0,0,46,67,4,12,94,11,0,0,72,102,5,7,11,10,25,118,50,3,6,26,118,14,3,3,1,0,7,67,117,7,0,0,81,100,8,19,118,5,0,0,36,57,5,12
0,0,2,0,0,79,102,1,0,0,2,0,0,57,129,10,0,0,0,2,5,129,129,1,21,6,1,1,1,73,129,10,6,0,0,0,13,129,93,8,104,14,6,5,1,39,129,52,18,10,13,91,34,54,33,3,99,12,3,26,11,8,7,10,13,2,18,22,29,60,1,2,129,24,7,7,1,1,0,17,57,10,5,79,63,0,0,1,66,25,4,38,28,0,0,2,1,5,60,85,3,0,0,0,124,66,19,16,0,0,0,0,45,18,3,50,34,0,0,0,25,23,6,32,18,0,0,0
15,1,0,1,61,94,41,3,131,49,10,0,9,11,11,11,51,71,44,0,0,0,1,8,78,49,1,0,0,0,0,41,30,2,2,62,28,22,22,8,131,42,0,0,1,1,2,11,58,45,6,0,0,3,17,9,60,13,0,0,0,1,8,48,40,7,6,77,131,50,5,13,131,19,2,0,1,2,12,70,39,80,1,0,0,5,54,33,39,131,4,0,0,4,16,7,19,31,18,39,131,31,1,2,89,131,7,0,0,2,1,11,25,131,1,0,0,29,38,5,4,73,2,0,0,80,82,2
0,64,81,1,0,0,0,0,0,47,63,1,1,2,2,0,2,50,27,0,0,0,2,3,0,29,12,3,19,1,0,0,0,12,37,3,6,11,98,55,3,3,14,3,26,72,36,18,58,12,3,0,1,8,24,62,15,6,3,2,44,7,1,7,12,0,1,9,3,13,159,159,35,10,0,0,25,43,43,159,127,37,0,0,2,4,3,17,16,1,0,1,35,17,3,4,42,5,16,112,3,1,5,159,97,2,0,13,0,0,4,159,109,9,0,0,0,0,0,125,6,0,0,6,24,2,0,3
119,60,12,1,0,0,0,32,88,32,29,36,14,3,3,41,3,74,59,39,52,1,0,0,0,11,81,88,119,10,0,0,57,117,6,1,0,0,0,0,119,85,22,16,2,0,0,4,17,23,41,72,62,4,0,1,0,6,93,73,119,39,1,0,14,119,9,1,2,0,0,0,119,37,5,5,7,2,1,53,49,4,5,46,116,50,3,21,0,50,27,18,57,112,3,0,1,70,12,3,24,15,2,1,60,10,3,2,14,13,19,46,51,15,18,35,61,21,14,41,4,81,38,27,18,5,0,0
0,2,92,27,6,19,18,0,141,22,32,46,17,18,5,15,148,22,0,0,4,0,0,26,10,0,0,2,41,1,0,1,0,0,6,2,5,74,72,0,126,11,1,5,12,59,22,51,148,14,0,0,2,0,0,114,21,0,0,2,54,1,0,6,6,17,2,1,26,47,19,7,89,148,4,1,0,4,7,13,148,145,0,0,1,0,2,22,25,2,0,1,40,8,4,5,46,43,3,2,10,9,0,6,107,148,4,0,0,0,0,14,49,58,0,0,0,1,24,41,2,0,0,0,4,9,48,21
1,0,0,0,18,74,16,3,138,52,1,1,3,8,7,40,138,40,0,0,0,0,5,81,21,0,0,5,17,13,27,19,20,16,3,8,76,21,6,4,138,138,1,1,1,1,4,27,138,97,0,0,0,2,23,42,4,0,0,0,1,12,96,18,15,6,3,5,43,11,0,7,138,22,1,1,0,0,0,138,90,7,0,0,0,3,32,138,0,0,0,0,1,5,46,22,6,27,22,2,12,6,0,0,74,40,49,3,0,0,0,42,93,8,1,0,0,0,27,112,2,0,0,0,0,0,56,58
14,15,4,66,118,0,0,0,131,73,2,19,28,0,0,0,87,30,0,0,35,16,0,0,0,0,0,2,96,67,2,0,16,14,4,50,131,1,0,0,131,52,1,13,44,6,2,7,71,10,0,0,40,131,4,4,0,0,3,15,68,131,8,4,10,2,0,12,131,12,0,3,131,5,0,2,55,17,15,99,17,1,2,7,60,109,19,33,2,4,33,58,32,23,6,13,5,0,0,10,131,50,1,3,60,4,0,0,42,15,4,51,13,0,0,3,24,10,21,34,1,0,1,6,37,25,32,20
43,7,1,0,0,0,1,39,119,62,0,0,0,0,0,27,67,56,25,57,15,0,0,6,25,7,3,92,87,0,0,3,22,116,32,3,0,0,0,8,119,106,28,0,0,0,0,29,119,20,6,28,25,0,0,34,38,14,3,92,119,0,0,0,38,119,25,0,0,0,0,0,30,119,119,1,0,0,0,0,92,74,63,12,13,0,0,4,36,25,5,77,119,0,0,0,42,119,24,0,0,0,0,0,71,59,44,3,0,0,0,6,5,21,45,15,8,0,1,2,24,23,6,32,82,0,0,0
0,0,0,20,25,4,1,1,103,12,3,7,9,3,3,13,182,99,2,0,0,0,0,5,35,45,13,9,35,15,0,0,0,0,6,21,13,5,5,1,132,12,19,32,8,2,2,6,182,14,0,0,1,0,0,19,63,3,4,29,58,12,0,6,0,0,0,1,0,20,36,10,111,18,2,6,3,2,15,28,182,18,0,0,0,1,1,42,63,0,1,14,10,82,21,23,1,12,15,7,1,11,10,3,98,66,16,0,0,0,3,20,182,28,2,0,0,9,10,43,21,0,1,4,43,145,27,18
1,11,11,7,3,5,3,1,47,55,10,0,0,1,5,12,138,21,0,0,0,0,0,55,125,25,0,0,0,0,2,100,1,4,5,5,16,27,23,2,24,18,2,0,1,10,81,72,138,23,0,0,0,0,9,135,138,22,0,0,0,0,0,60,0,0,2,12,31,28,11,1,57,26,10,9,5,13,19,27,138,88,0,0,0,0,1,65,138,67,0,0,0,0,0,18,0,0,1,38,15,10,3,0,42,8,4,11,6,13,5,18,138,62,0,0,0,0,0,54,138,138,1,0,0,0,0,6
35,14,21,9,7,2,2,23,72,12,5,3,8,2,3,65,49,59,12,3,3,0,1,2,29,13,0,0,0,8,22,10,23,0,0,1,23,54,13,18,139,17,0,0,0,3,7,47,52,30,4,0,2,37,11,7,1,15,21,1,3,67,46,2,65,25,0,0,5,79,15,8,139,107,19,0,0,1,5,28,21,114,113,0,2,20,15,16,0,127,139,1,3,13,1,0,40,139,15,0,0,12,4,1,62,139,51,0,0,0,0,0,1,139,139,0,0,0,0,0,0,45,81,1,1,5,2,0
0,0,13,21,19,9,1,0,0,4,43,53,7,15,4,0,9,127,69,11,1,7,5,5,125,138,34,0,0,0,0,18,7,3,5,6,8,13,8,11,22,61,42,19,0,0,2,17,78,138,52,3,0,0,0,5,60,138,29,7,3,0,0,0,4,0,0,1,5,29,83,41,64,12,0,0,0,0,48,138,138,35,0,0,0,0,1,79,132,51,6,9,2,0,1,23,18,12,0,0,0,2,18,15,130,19,0,0,0,0,6,30,138,5,0,0,0,0,0,53,74,1,0,0,0,0,4,96
3,0,0,0,24,16,9,7,45,0,0,1,114,55,9,26,176,1,0,1,8,8,5,71,29,2,1,44,39,0,0,2,13,0,0,2,28,11,14,29,77,2,0,7,176,26,2,5,176,8,0,1,18,1,0,22,65,13,4,38,30,0,0,0,22,1,1,1,11,9,30,79,59,8,3,37,115,14,4,6,176,36,2,8,10,0,0,3,80,25,4,24,26,0,0,0,22,2,2,1,1,4,63,65,39,2,1,17,27,14,47,49,176,25,0,3,5,3,3,8,65,12,0,6,24,1,0,0
27,8,7,5,36,125,43,24,109,125,17,5,5,2,1,9,47,66,16,8,11,4,5,11,9,4,19,6,3,5,26,54,57,31,67,12,17,12,4,12,125,61,11,2,3,3,1,12,38,19,7,10,93,62,5,5,5,6,0,0,32,41,44,50,47,88,75,20,1,0,0,9,125,24,32,18,6,19,30,41,15,0,0,0,31,125,55,16,82,51,0,0,14,36,21,15,6,69,46,20,25,12,2,2,2,2,7,20,81,49,15,3,0,0,0,0,6,125,56,1,125,6,0,0,0,98,96,97
2,3,1,34,142,32,24,11,15,3,0,0,7,31,116,45,29,19,0,0,0,52,64,9,87,23,0,0,0,2,16,42,3,6,4,142,142,12,10,2,71,34,3,42,54,6,40,26,59,36,0,0,0,1,15,17,14,3,0,0,0,1,45,46,1,0,0,89,142,21,23,23,44,5,1,46,142,5,2,50,22,1,0,0,0,0,29,62,0,0,0,0,0,11,51,3,6,0,0,14,142,16,26,120,3,0,0,31,142,16,10,49,2,0,0,0,1,1,40,100,0,0,0,0,0,16,49,8
0,0,7,21,19,4,0,0,75,15,1,22,46,7,0,3,160,76,9,16,2,0,0,2,17,19,28,160,33,0,0,0,0,0,11,10,26,52,0,0,102,6,14,20,37,46,3,19,160,29,4,2,1,4,2,42,55,14,10,44,123,77,3,8,0,22,92,26,9,11,0,0,50,38,83,89,14,4,0,1,160,64,12,4,4,21,7,34,31,10,3,2,88,154,10,16,0,4,14,4,8,35,12,0,35,28,8,13,11,11,6,6,116,45,4,2,8,16,4,8,6,40,11,5,34,30,2,2
5,1,4,0,1,10,23,16,72,1,1,0,0,0,6,99,160,0,0,0,0,2,69,160,20,0,0,0,0,34,160,160,37,3,0,0,2,35,25,20,105,9,0,0,2,4,4,30,19,0,0,0,26,55,94,119,0,0,1,2,5,55,160,160,93,25,4,1,3,7,5,6,86,15,0,0,5,10,5,6,5,2,20,12,38,26,3,3,0,1,30,29,8,5,9,3,15,46,42,40,3,5,4,2,13,13,2,2,3,38,39,12,5,4,9,1,1,8,52,34,2,1,12,12,5,19,45,3
2,45,46,8,2,1,1,1,11,47,40,10,5,2,1,1,5,10,2,23,61,26,3,1,24,6,1,18,27,18,14,26,3,19,11,2,2,19,33,6,34,9,7,10,6,7,10,12,5,2,2,60,72,0,0,0,15,34,11,40,27,0,0,0,8,33,55,0,0,5,23,13,67,38,106,11,1,1,4,10,11,9,24,89,32,0,0,0,6,18,33,36,7,0,0,0,25,179,179,4,0,0,0,4,3,62,179,169,0,0,0,0,0,5,133,179,2,0,0,0,0,1,63,93,5,4,2,0
5,0,0,0,14,103,58,60,67,1,0,0,0,0,13,146,23,7,24,8,0,0,0,9,0,1,48,15,0,0,0,0,47,0,0,0,32,100,38,58,156,5,0,0,0,0,6,123,96,25,17,0,0,0,0,6,0,18,29,0,0,0,0,0,81,25,1,7,73,11,1,5,156,61,0,0,0,0,0,13,122,59,33,1,0,0,0,1,1,18,41,7,0,0,0,0,63,36,8,37,31,1,0,0,156,128,0,0,0,0,0,0,80,129,54,17,1,0,0,0,0,3,47,54,5,0,0,0
0,0,13,46,13,11,2,0,9,32,47,25,3,0,0,2,25,56,108,12,0,0,10,23,77,161,80,3,0,0,1,10,1,0,0,2,4,9,16,18,11,18,5,4,5,1,3,6,63,11,1,6,14,6,23,48,161,83,0,0,0,0,2,56,14,11,3,0,0,0,17,35,35,12,0,1,1,0,2,17,62,77,10,12,10,0,0,2,161,161,1,0,0,0,0,5,4,32,30,0,0,0,0,0,13,65,10,0,0,0,0,0,56,161,5,0,0,0,0,0,161,161,0,0,0,0,0,0
42,9,28,95,4,0,0,0,143,9,1,4,0,0,0,3,101,3,0,0,0,3,3,4,4,7,0,0,0,8,8,2,22,8,41,143,113,0,0,1,143,28,3,34,19,0,0,3,108,18,3,0,0,2,1,6,9,78,7,0,0,2,1,0,6,3,3,114,143,14,21,60,143,23,6,58,53,0,0,18,128,35,0,0,0,0,0,23,44,49,1,0,0,0,0,6,34,2,1,22,44,8,19,143,81,28,10,36,32,2,2,7,128,40,0,0,0,0,1,10,12,16,1,0,0,14,13,6
0,0,0,0,0,40,79,4,23,4,12,7,3,49,118,73,16,16,66,11,10,14,14,40,0,0,37,32,115,47,1,0,5,9,3,6,27,54,79,16,132,47,1,4,14,38,66,74,84,7,0,0,8,60,47,42,0,0,0,0,116,119,16,0,13,6,2,2,32,93,6,8,132,18,0,1,11,23,8,43,71,2,0,0,89,80,10,6,0,0,1,1,49,132,10,0,29,6,0,0,51,49,1,2,132,35,0,0,9,6,1,5,49,3,0,2,132,13,0,1,8,19,11,3,64,21,0,0
81,16,21,97,21,0,0,36,96,8,0,0,0,0,0,53,26,13,7,44,15,2,0,2,0,0,28,39,5,1,0,0,24,3,4,143,121,0,0,17,143,22,5,30,9,1,0,33,41,11,1,2,41,31,3,4,0,0,2,1,5,7,3,3,18,3,10,143,67,0,0,21,93,25,22,143,55,4,5,39,46,91,48,7,18,14,4,28,0,7,16,1,1,1,0,0,56,36,10,80,22,0,0,11,26,89,97,143,80,2,1,8,78,143,45,6,1,0,1,7,0,8,3,0,0,0,0,0
0,0,0,0,0,23,6,0,0,0,0,0,0,10,0,0,0,0,0,0,0,0,0,0,0,0,0,0,0,0,0,0,0,0,0,0,5,122,25,0,4,0,0,0,1,97,23,4,39,8,0,0,0,4,3,6,11,5,0,0,0,0,0,0,0,0,0,0,1,75,147,61,22,1,0,0,0,48,110,73,147,47,0,0,0,0,7,69,84,35,0,0,0,0,0,2,10,0,0,0,0,21,147,147,13,0,0,0,0,64,147,147,147,6,0,0,0,2,41,147,87,15,1,0,0,0,1,24
65,126,4,1,3,47,61,14,134,134,4,0,1,0,0,3,93,27,0,0,0,0,0,8,0,0,0,0,0,0,0,0,134,134,0,0,0,4,17,10,134,81,0,0,0,0,0,12,134,1,0,0,0,0,0,34,8,0,0,0,0,0,0,2,134,118,0,0,0,0,0,0,102,47,0,0,0,0,0,1,134,20,0,0,0,0,0,13,22,0,0,0,0,0,0,4,84,57,0,0,0,0,101,69,57,20,0,0,0,0,54,56,97,14,0,0,0,0,2,18,11,4,0,0,0,0,0,2
0,0,0,0,0,22,1,0,36,19,1,1,8,43,10,4,130,51,0,0,0,0,0,9,30,0,0,0,0,0,0,30,8,0,0,0,58,150,17,5,150,20,0,0,4,91,37,30,148,22,0,0,0,0,0,12,33,0,0,0,0,0,0,33,50,2,0,1,150,105,3,3,150,10,0,0,11,16,4,17,140,2,0,0,0,0,0,26,41,1,0,0,0,0,0,9,55,0,0,3,150,22,0,1,150,1,0,0,6,1,1,13,111,3,0,0,0,3,31,20,17,1,0,0,0,6,74,9
37,7,1,0,0,0,92,90,63,8,0,0,0,1,38,98,25,1,0,0,0,1,26,117,4,0,0,0,0,3,23,44,76,34,0,0,0,0,51,85,51,3,0,0,0,1,117,117,117,4,0,0,0,0,57,117,37,0,0,0,0,0,16,62,20,45,0,0,0,11,46,14,70,117,0,0,0,1,36,26,117,56,0,0,0,0,19,77,52,5,0,0,0,0,20,73,56,107,0,0,0,9,45,16,29,94,0,0,0,22,95,16,74,38,0,0,0,2,62,74,99,74,0,0,0,0,5,28
0,0,0,0,0,17,22,0,0,0,0,0,0,17,74,4,1,0,0,0,0,1,36,30,0,0,0,0,1,2,0,2,0,0,0,2,8,113,117,0,15,3,0,0,9,126,126,29,126,18,0,0,0,9,89,126,21,1,0,0,0,10,1,13,0,0,31,88,31,40,33,6,62,14,6,96,87,66,26,31,126,57,0,3,6,3,9,126,30,4,1,0,0,4,0,14,0,0,8,28,11,22,100,32,28,25,8,71,79,66,58,23,126,126,7,8,13,2,2,80,32,21,1,0,0,0,0,7
88,59,3,0,0,0,9,26,81,72,72,2,0,0,1,21,5,45,116,10,0,0,0,0,7,116,80,1,0,0,0,0,79,24,1,0,0,0,4,42,116,36,3,0,0,0,4,58,40,67,34,0,0,0,18,21,40,101,12,0,0,0,0,14,52,112,0,0,0,5,18,13,116,46,0,0,0,5,113,61,63,6,0,0,0,0,116,116,63,4,0,0,0,0,36,91,15,63,0,0,0,49,83,5,27,89,2,0,0,17,88,22,62,37,0,0,0,1,32,60,31,4,0,0,0,0,82,78
85,12,38,9,0,0,25,97,106,5,4,9,4,22,56,102,10,3,11,19,10,21,93,86,11,2,14,31,19,4,17,40,49,30,84,68,5,0,0,4,113,60,36,26,2,1,1,12,30,18,74,112,2,1,3,15,34,7,17,17,0,0,7,38,3,59,113,61,9,0,0,0,113,28,44,47,26,1,1,55,60,6,24,88,4,5,1,43,10,6,47,51,4,12,13,3,0,21,57,50,63,0,0,0,36,0,4,50,113,7,6,33,56,0,0,5,5,98,65,66,27,1,2,4,4,113,113,31
0,0,35,112,13,17,22,0,35,26,100,91,7,11,10,13,159,99,17,4,1,1,0,38,47,10,0,0,54,31,0,2,0,0,12,50,12,34,77,0,57,11,32,39,6,40,91,25,159,46,5,2,6,5,8,56,38,4,0,9,108,23,0,3,0,0,24,62,6,14,56,0,62,23,60,67,6,20,42,9,159,75,8,5,8,1,2,15,32,4,0,29,68,1,0,1,0,0,20,39,4,16,52,0,100,21,10,25,5,20,53,15,159,53,0,0,6,1,2,7,12,2,0,5,43,4,0,0
128,15,0,0,0,1,0,1,116,3,0,0,0,0,0,13,79,5,0,0,0,0,0,10,16,4,0,6,10,6,4,1,128,11,0,0,0,0,0,4,128,2,0,0,0,0,0,19,128,16,0,0,0,3,0,6,17,7,1,6,20,92,8,0,128,1,0,0,0,0,0,32,128,6,0,0,0,0,2,30,97,12,0,0,2,52,40,16,4,0,0,0,60,128,31,2,48,0,0,0,0,0,17,86,44,0,0,0,0,30,104,77,9,0,0,0,0,128,128,11,0,0,0,0,5,128,119,0
0,0,32,61,9,27,30,0,55,11,68,45,6,31,35,20,179,19,8,5,10,2,3,67,25,0,0,49,60,0,0,4,0,0,28,32,4,41,86,0,64,8,40,35,6,62,90,22,179,21,4,4,7,5,10,44,41,1,0,19,56,2,0,1,0,0,50,45,5,34,46,0,81,17,47,63,15,46,39,11,179,53,3,5,8,3,2,29,36,2,0,2,52,9,1,3,0,1,0,2,25,64,34,0,71,68,0,0,4,44,42,12,179,81,0,0,5,3,2,28,26,3,0,0,42,7,0,3
7,1,0,0,40,61,1,2,134,28,0,0,5,17,2,3,134,22,0,0,0,0,0,5,82,3,0,0,0,0,0,9,22,2,0,0,55,57,0,1,134,35,0,0,2,4,0,2,134,14,0,0,0,0,0,13,125,19,0,0,0,1,0,5,37,0,0,0,43,33,1,6,134,6,0,0,0,0,0,35,134,10,0,0,0,0,3,38,100,19,0,0,1,43,39,14,14,0,0,0,27,25,6,18,71,0,0,0,0,1,41,123,54,0,0,0,0,32,134,107,10,0,0,0,0,134,134,12
7,20,89,38,4,1,0,0,8,36,65,31,13,34,32,12,102,91,46,7,2,9,31,41,68,48,0,0,1,7,1,1,3,5,9,11,32,16,1,0,49,3,1,6,168,168,69,55,168,25,0,0,16,62,67,168,74,6,0,0,3,16,1,6,0,0,1,2,14,6,0,0,59,15,0,0,129,87,3,8,168,104,0,0,14,14,3,25,38,11,0,3,11,6,0,1,0,0,0,0,0,0,0,0,0,0,0,0,0,0,0,0,1,1,0,0,0,0,0,0,0,0,0,1,1,0,0,0
67,54,38,14,0,0,15,122,122,30,4,2,0,0,3,122,57,3,22,13,0,0,0,40,0,0,26,42,4,0,0,0,35,103,105,9,0,0,0,5,122,122,16,0,0,0,0,20,106,28,0,1,1,0,0,13,0,0,0,9,9,1,0,0,71,8,2,0,0,0,0,62,122,14,0,0,0,0,0,122,41,2,0,0,0,0,15,122,0,0,0,1,3,1,19,16,64,0,0,0,0,0,5,122,10,0,0,0,0,0,19,120,3,0,0,0,0,0,82,122,0,0,0,0,0,1,107,83
0,0,0,0,3,4,29,13,1,0,2,2,10,18,14,6,0,0,5,24,127,41,1,0,0,5,93,116,85,5,0,0,17,18,25,2,0,0,127,127,59,21,3,7,9,12,52,126,6,5,21,53,70,18,3,3,2,23,107,20,6,1,3,9,19,94,127,27,0,0,16,32,68,126,127,18,5,0,2,30,7,8,51,87,67,15,7,6,22,35,51,13,6,5,9,36,0,8,77,6,0,0,2,3,1,7,78,17,0,0,0,5,0,1,103,74,3,0,0,1,2,28,127,14,0,0,0,0
0,0,0,5,15,26,91,17,21,3,1,3,4,4,83,117,6,0,0,2,2,0,18,88,0,0,0,8,5,0,7,6,2,2,4,18,21,8,54,21,72,42,10,13,9,7,13,51,19,4,0,0,24,56,117,91,0,0,0,0,3,14,117,113,60,30,0,0,0,0,47,101,70,54,8,4,8,4,6,20,4,3,10,117,117,64,46,4,0,0,17,117,37,30,117,105,117,116,0,0,0,0,0,24,24,53,13,2,0,0,1,5,0,6,20,91,4,0,0,0,0,0,25,109,1,0,0,0
0,0,0,1,24,113,9,1,0,0,0,0,2,57,41,2,2,2,3,0,0,10,69,19,2,14,8,0,0,4,69,8,0,0,0,0,2,105,123,34,8,1,0,0,0,123,123,26,90,8,3,0,0,7,51,103,31,29,12,0,0,0,3,11,32,17,0,0,0,22,123,123,94,50,1,0,0,40,114,54,123,49,0,0,0,1,13,53,32,1,0,0,0,0,28,46,123,92,1,0,0,0,5,37,106,123,13,0,0,0,4,19,45,63,43,0,0,0,6,20,17,31,19,0,2,3,11,24
0,5,118,124,17,0,0,0,90,124,64,69,7,0,0,2,124,124,7,0,0,0,0,41,50,26,5,0,0,0,3,98,0,3,69,124,54,1,0,0,82,56,96,103,10,0,0,11,124,34,10,2,0,0,0,68,60,1,0,0,0,0,0,60,5,38,30,34,45,5,0,0,8,43,124,89,0,0,0,0,58,96,89,13,3,0,0,4,65,24,2,1,1,0,0,6,11,33,28,13,8,0,1,3,11,31,37,9,1,0,0,0,7,7,24,23,28,1,0,0,69,43,2,3,5,0,0,0
68,44,20,33,15,16,2,1,68,85,33,22,10,13,6,11,41,44,74,62,9,0,0,1,90,83,50,6,0,0,0,14,33,46,10,14,65,72,18,6,115,26,7,3,4,25,25,38,110,40,11,1,0,0,0,6,71,105,16,0,0,0,0,4,26,21,23,67,115,31,5,4,115,52,16,9,6,7,6,27,110,2,0,0,0,0,0,58,95,2,0,0,0,0,0,76,13,1,3,19,22,115,115,28,60,3,3,2,1,20,91,115,54,0,0,0,0,1,1,89,20,0,0,0,0,6,14,109
52,73,0,0,17,20,81,13,3,12,17,28,57,40,33,11,29,109,19,6,2,5,3,3,18,63,2,0,0,0,0,0,24,8,4,8,10,75,126,84,126,17,3,2,2,4,75,126,87,51,2,0,0,0,0,6,60,41,0,0,0,0,0,0,29,78,126,99,13,16,15,18,126,126,23,1,0,0,1,36,120,20,0,0,0,0,2,5,91,10,0,0,0,0,2,19,0,25,126,83,0,0,0,0,45,78,54,23,0,0,0,0,44,14,5,4,4,18,17,8,85,21,1,0,0,5,11,23
0,0,11,116,25,0,0,0,6,82,125,86,10,1,2,4,27,149,30,30,37,0,2,20,0,3,3,97,149,0,0,0,0,0,0,46,43,0,0,0,11,8,9,20,73,34,20,18,107,11,1,8,32,11,18,73,11,0,0,73,149,18,1,4,0,0,0,19,70,3,0,0,9,24,17,40,109,7,2,2,78,52,9,3,31,30,7,14,4,0,0,10,149,104,3,2,0,0,0,1,32,15,24,6,3,6,5,11,52,42,18,8,12,12,2,2,43,25,24,29,0,0,0,17,149,31,0,0
33,28,36,77,10,3,16,8,74,55,20,2,0,1,5,20,55,25,52,41,1,0,1,17,26,7,30,92,26,0,1,60,8,10,8,14,8,20,97,54,34,29,13,0,0,7,110,99,122,26,6,11,2,2,22,44,48,12,6,122,113,1,2,10,50,25,5,51,38,8,5,14,95,79,45,5,2,1,12,32,122,32,11,1,0,0,2,72,51,0,0,67,78,1,1,53,53,1,1,26,82,7,4,35,100,8,5,7,23,6,7,122,49,2,1,0,3,1,3,112,45,0,0,9,17,1,1,116
44,5,4,0,0,0,25,134,34,6,40,25,0,0,19,134,35,13,94,60,0,0,0,36,56,6,32,19,0,0,0,119,134,15,0,0,0,0,14,85,134,85,0,0,0,0,4,73,67,77,17,9,0,0,3,19,15,8,40,35,1,0,3,21,134,18,0,0,0,0,4,55,134,18,0,0,0,0,0,101,76,16,0,0,0,11,14,59,5,0,1,4,9,14,26,38,134,22,0,0,0,0,4,39,134,45,0,0,0,0,0,10,72,22,5,11,14,31,3,3,34,24,7,5,8,27,13,19
115,1,0,0,0,0,5,115,30,0,1,11,108,79,32,93,16,75,53,40,96,48,11,8,76,115,22,0,0,0,2,25,115,107,0,0,0,0,1,51,53,24,6,10,14,19,29,46,96,88,36,13,11,6,3,12,88,115,17,0,0,0,0,15,115,74,0,0,0,0,0,16,44,25,32,16,1,0,1,7,106,12,15,6,0,0,0,26,115,1,0,0,0,0,0,78,77,1,0,0,0,0,2,109,31,2,3,2,0,0,20,79,34,1,2,2,1,1,11,27,62,0,0,0,0,0,0,37
18,2,2,0,0,4,14,144,18,0,0,1,28,16,53,144,7,19,20,62,133,35,30,31,85,133,19,13,5,1,0,15,38,13,1,0,8,22,23,51,144,39,0,0,0,1,13,144,63,18,18,7,7,16,20,38,78,15,9,1,0,0,0,77,46,55,26,3,5,2,0,1,144,49,0,0,0,0,1,61,79,14,19,2,0,0,8,83,19,6,15,4,1,2,17,27,14,12,6,0,1,5,15,10,31,4,0,0,0,3,54,122,10,0,0,0,0,0,38,144,0,0,0,0,0,1,47,49
27,48,34,110,94,0,0,0,113,138,92,51,3,0,0,5,8,8,41,62,4,3,3,2,0,0,1,0,0,0,0,0,61,13,5,118,69,0,0,2,138,60,52,56,3,0,0,22,25,14,138,123,3,0,0,1,0,0,11,4,0,0,0,0,14,16,28,104,25,0,0,0,138,85,31,25,2,0,0,21,102,10,20,85,32,0,0,7,0,0,2,17,7,0,0,0,5,31,27,11,2,0,0,0,120,99,14,1,0,0,0,1,93,11,2,37,28,0,0,3,0,0,0,25,18,0,0,0
10,8,1,64,82,0,0,0,73,87,45,114,68,0,0,1,103,133,85,66,1,0,0,3,0,1,43,47,2,1,0,0,0,3,6,76,33,0,0,0,118,16,8,133,63,0,0,9,133,47,60,49,1,0,0,32,12,7,101,80,4,0,0,1,0,0,8,53,12,0,0,0,30,38,50,109,17,0,0,1,133,85,25,15,2,0,0,21,55,3,5,62,30,0,0,5,0,2,15,10,12,0,0,0,15,51,27,6,1,0,0,0,121,87,6,0,0,0,0,2,58,6,2,33,22,0,0,2
2,3,1,0,4,20,47,13,94,4,2,0,3,30,80,71,29,1,7,5,53,80,19,29,6,6,0,3,118,58,0,0,10,6,2,0,21,61,5,6,137,7,0,0,18,30,8,35,48,2,1,1,102,105,6,6,15,79,12,4,52,54,0,0,20,0,0,0,50,68,6,9,137,18,0,3,25,16,5,27,56,15,3,27,137,6,0,0,74,134,11,4,15,1,0,0,38,4,0,0,75,73,7,11,137,43,0,4,16,16,5,26,53,19,2,50,99,0,0,0,123,63,1,7,9,0,0,0
1,14,44,18,3,0,0,0,34,105,84,13,1,0,0,4,160,160,10,0,0,0,0,4,32,11,0,0,0,0,0,1,6,13,14,8,2,1,2,3,96,35,10,1,0,0,6,52,160,77,0,0,0,0,0,46,54,14,0,0,0,0,0,0,14,7,0,0,0,0,6,16,103,56,2,2,0,0,0,8,160,80,0,0,0,0,0,12,76,7,0,0,0,0,0,0,10,35,6,0,0,0,0,2,102,139,0,0,0,0,0,1,160,160,0,0,0,0,0,0,30,15,0,0,0,0,0,0
0,0,0,0,0,0,0,0,0,0,0,0,0,0,0,1,11,0,0,0,0,0,0,9,6,6,9,2,0,0,0,5,11,0,0,0,0,1,1,35,28,1,0,0,1,13,6,27,142,12,0,0,0,1,1,51,37,11,6,0,4,48,12,6,124,1,2,0,0,0,2,142,98,14,0,0,1,11,6,102,142,31,0,0,0,7,7,33,17,1,0,0,28,114,15,9,105,17,130,87,0,0,0,142,120,3,6,7,0,0,0,142,117,1,0,0,4,15,9,90,13,5,0,0,59,142,15,10
0,0,0,0,0,0,86,126,26,2,0,0,0,0,36,63,19,1,0,0,0,1,0,10,0,0,0,0,0,2,0,0,126,24,8,3,0,0,32,126,126,42,0,0,0,0,12,68,56,18,0,0,1,22,24,12,0,0,0,0,2,36,12,1,126,125,10,4,1,0,0,16,126,12,0,0,0,3,39,88,10,1,0,0,0,52,126,35,0,0,0,0,0,21,107,43,57,33,0,0,0,1,31,86,25,1,0,0,0,55,118,49,2,0,0,0,0,94,126,32,12,0,0,0,0,19,81,103
1,1,0,25,41,44,64,5,46,0,1,21,20,31,128,123,128,0,0,0,0,0,14,128,26,0,0,0,0,0,0,35,3,8,4,88,51,19,7,0,94,11,12,128,59,8,4,25,128,15,3,3,0,0,0,99,69,0,0,0,0,0,0,68,3,17,23,5,11,46,29,1,18,77,94,41,28,10,2,0,128,128,27,3,0,0,0,9,62,46,7,0,0,0,0,23,50,45,26,0,0,1,2,12,11,91,67,0,0,0,0,1,36,128,12,0,0,0,0,2,13,71,19,0,0,0,0,6
0,0,0,0,63,121,44,1,8,1,0,0,6,77,126,39,0,0,1,0,24,43,105,34,0,0,0,2,83,74,8,0,12,0,0,4,126,126,8,7,126,32,19,1,27,53,33,44,17,15,90,20,4,15,39,18,0,0,30,88,32,41,7,0,10,7,42,126,126,36,0,3,126,66,70,56,13,9,3,22,32,7,20,9,7,55,24,8,4,13,18,25,13,59,9,0,0,0,21,106,24,5,7,1,5,15,60,116,10,7,1,0,1,2,35,48,13,15,1,0,1,16,27,7,5,19,8,2
18,128,82,59,27,0,0,0,115,2,7,77,66,0,0,75,128,0,0,0,9,6,1,120,3,0,0,0,38,18,1,4,0,23,39,93,84,0,0,0,80,5,1,128,128,0,0,20,128,10,0,8,10,4,2,98,12,0,0,0,9,9,1,9,0,0,0,64,68,0,0,0,24,37,17,128,128,0,0,0,128,83,11,16,6,0,0,7,6,0,0,0,0,0,0,1,0,0,0,49,43,0,0,0,1,12,6,42,108,1,0,0,3,16,3,3,1,0,0,0,0,0,0,0,0,0,0,0
2,26,117,30,14,1,5,10,117,66,50,14,7,0,5,44,117,18,0,0,0,0,0,79,27,0,0,0,0,9,39,72,9,5,25,17,91,12,1,10,117,60,4,7,39,3,3,22,117,26,0,0,0,1,31,65,15,0,0,0,4,74,66,35,5,0,0,0,44,89,20,33,37,2,0,0,17,39,78,117,11,0,0,0,0,1,117,117,0,0,0,0,13,86,109,60,1,0,5,9,64,81,13,11,5,0,0,0,15,42,51,101,2,0,0,0,0,2,87,77,3,0,0,0,13,15,35,83
41,32,0,0,0,3,29,20,11,19,4,5,5,45,61,6,0,4,24,65,69,48,20,0,117,76,36,40,22,0,0,6,39,7,0,0,0,6,115,63,80,66,29,0,0,18,48,25,9,87,117,6,3,9,5,0,17,117,108,5,1,0,0,0,117,41,0,0,0,0,9,22,117,30,3,0,0,0,0,76,113,71,32,0,0,0,3,33,38,104,15,0,0,0,1,13,98,10,0,0,0,0,0,37,117,21,0,0,0,0,8,46,78,4,0,0,0,0,75,98,26,4,0,0,0,0,33,114
50,7,6,0,0,0,36,118,35,1,4,2,1,22,102,113,6,2,7,12,13,14,98,53,9,5,38,28,7,1,7,25,74,41,99,18,0,0,1,33,118,53,38,9,1,3,7,35,22,20,102,47,0,1,7,20,39,11,25,10,0,0,1,41,7,73,118,22,0,0,0,0,118,43,70,35,9,0,0,41,52,7,43,43,4,13,6,60,16,8,33,29,7,44,30,12,1,60,111,43,12,0,0,0,8,1,21,104,104,3,2,22,18,0,0,6,18,103,67,70,28,9,6,1,6,118,87,36
0,15,36,14,58,17,0,0,39,19,1,5,32,34,13,10,45,39,2,4,1,20,32,9,1,5,10,65,43,43,17,0,0,0,2,12,76,120,24,0,21,8,1,7,30,84,120,29,72,22,3,0,0,18,120,55,32,78,76,2,2,21,13,5,1,0,0,8,59,120,28,1,105,14,0,0,13,86,62,38,120,28,0,0,0,0,9,63,120,32,9,0,0,0,4,75,1,0,31,120,69,37,1,1,117,2,0,44,32,10,1,56,118,18,0,0,0,0,2,54,85,8,0,0,0,3,47,54
1,1,1,0,35,119,65,40,26,1,0,0,0,6,63,119,20,0,0,0,2,14,80,119,0,0,1,17,34,14,58,18,1,58,109,2,0,50,32,11,62,39,101,12,0,0,14,90,119,28,22,7,1,7,30,84,13,10,42,19,1,5,30,32,2,58,118,16,0,0,0,0,9,66,119,25,0,0,0,0,119,53,74,21,3,0,0,19,33,9,44,36,2,5,2,23,46,52,83,8,0,0,0,4,5,83,119,29,7,0,0,0,11,6,35,82,73,2,2,20,16,0,1,6,12,66,40,45
0,0,7,53,20,37,12,0,63,14,31,39,9,29,18,21,188,17,4,2,5,0,1,63,36,1,0,50,65,0,0,5,0,0,9,36,9,52,49,0,74,10,21,31,9,49,52,25,188,20,2,1,1,1,5,39,62,3,0,26,61,1,0,0,0,0,15,48,10,43,25,0,98,18,19,48,13,35,25,14,188,43,2,1,3,1,1,19,55,3,0,4,51,10,0,1,0,2,0,0,21,82,25,0,99,73,0,0,2,37,35,15,188,78,0,0,2,1,1,16,32,2,0,1,29,7,0,2
0,0,15,26,8,47,17,0,125,7,14,17,5,25,17,47,154,2,0,1,5,0,0,68,13,0,0,18,51,1,0,2,0,0,16,26,11,70,18,0,127,9,12,16,8,51,27,39,154,8,0,0,5,0,1,92,29,0,0,6,44,2,0,7,3,2,0,0,52,86,9,0,150,121,0,0,7,33,16,11,154,109,0,0,1,1,6,35,29,1,0,1,17,13,23,12,12,9,8,1,27,47,0,0,154,70,3,0,2,2,0,20,108,32,0,0,0,0,19,72,1,0,0,0,2,9,52,25
41,3,18,21,7,35,13,19,141,3,2,3,6,2,2,85,25,0,0,36,69,2,0,6,0,0,0,60,75,10,24,9,37,11,9,12,14,71,22,12,141,37,1,1,4,6,7,86,61,2,0,14,43,7,3,15,0,1,0,93,115,53,5,2,91,48,1,0,29,39,3,5,141,105,0,0,0,1,15,51,28,2,0,1,16,29,66,30,0,0,0,31,141,141,17,1,55,40,51,2,4,5,0,7,94,17,7,0,0,0,7,94,14,3,0,2,5,3,21,51,6,1,14,124,60,8,2,4
0,0,13,101,4,0,0,0,1,1,7,66,36,13,2,0,4,6,32,118,99,5,0,1,6,8,39,102,29,2,0,0,0,0,7,79,63,17,0,0,15,6,6,64,120,74,11,18,120,43,75,76,10,13,11,53,14,7,120,120,1,0,3,3,3,1,6,22,69,33,3,5,8,24,120,116,95,22,1,2,116,104,95,23,6,4,10,17,21,4,22,69,10,5,38,38,5,7,23,34,21,3,0,2,5,16,89,16,1,0,0,0,0,8,78,41,2,0,0,0,6,4,25,51,6,2,3,8
3,0,0,2,2,2,43,48,0,0,0,0,0,17,94,16,4,0,0,2,7,22,76,15,22,3,1,6,8,11,18,27,8,8,43,31,18,5,20,35,6,4,7,23,104,110,99,20,117,14,1,3,7,27,117,109,81,23,4,6,2,0,4,22,1,0,11,8,15,6,117,117,7,9,12,79,117,40,95,55,117,44,13,25,16,7,9,75,52,4,0,0,0,0,28,105,6,1,1,0,6,8,81,99,65,1,0,2,5,8,75,117,32,13,1,1,1,3,12,62,3,1,0,0,0,0,29,74
1,0,0,2,1,11,128,85,52,6,4,6,2,1,79,128,23,34,51,8,0,0,0,9,0,6,29,83,112,1,0,0,12,19,65,19,3,11,45,28,128,100,20,1,0,0,16,117,109,39,8,2,2,0,3,34,10,4,4,125,58,0,0,15,35,38,33,1,0,0,1,24,107,54,52,0,0,0,10,128,33,8,8,0,1,0,38,128,17,0,0,20,6,0,5,76,50,24,9,0,0,0,12,67,26,25,64,0,0,0,19,78,32,30,49,0,0,0,4,74,11,5,8,0,0,0,7,98
49,31,2,9,30,29,3,6,97,64,19,1,3,5,1,8,120,126,11,0,3,1,0,3,25,32,2,4,130,37,1,3,31,53,54,79,25,8,0,2,112,55,19,6,2,3,0,11,132,11,0,0,10,7,0,16,26,1,0,0,132,84,2,5,16,6,10,14,7,29,16,9,69,8,5,2,3,15,5,4,132,7,0,0,17,39,5,19,9,0,0,0,132,132,5,5,2,0,0,0,0,8,25,14,61,0,0,0,0,1,6,21,79,0,0,0,44,94,11,25,19,4,0,0,121,132,4,3
26,24,7,0,0,7,29,5,42,44,22,1,0,2,4,5,25,19,23,58,13,1,1,3,91,84,45,35,9,0,2,49,72,11,0,0,0,0,0,27,115,97,40,12,0,0,0,17,68,66,68,89,1,0,0,2,123,123,80,10,0,0,0,7,51,29,3,1,0,0,1,30,123,86,4,5,0,0,0,55,107,46,31,106,2,0,0,13,123,24,9,18,0,0,0,22,74,81,0,0,0,1,3,6,123,123,1,0,0,0,0,0,32,72,26,28,0,0,0,3,114,19,10,17,0,0,0,2
12,4,1,7,9,7,1,2,95,2,0,6,10,7,3,23,185,56,0,0,0,0,0,16,66,39,8,9,4,7,1,2,10,6,4,18,13,0,0,1,136,9,2,25,20,0,0,5,185,90,1,2,4,0,0,11,56,36,4,19,50,17,3,4,1,2,5,9,11,23,8,0,111,8,4,11,8,9,15,13,185,7,0,1,2,4,4,66,60,3,2,22,31,66,36,24,0,1,7,9,10,27,7,0,71,62,13,2,1,8,13,14,185,44,0,0,2,17,12,58,22,7,11,7,25,128,50,29
118,17,44,45,2,0,0,13,123,21,0,0,0,0,0,17,48,48,0,0,0,3,5,3,8,6,0,0,0,13,24,2,60,11,18,74,34,6,22,56,133,18,1,2,0,3,5,19,40,14,0,0,0,54,58,13,38,75,0,0,0,28,42,7,74,10,2,2,4,3,13,133,119,19,5,0,1,23,17,44,11,133,23,0,1,69,40,6,37,133,13,1,10,10,7,3,89,15,1,1,15,24,12,76,132,133,21,0,0,3,0,45,0,133,77,1,6,6,0,0,0,72,25,5,39,19,0,0
1,1,47,130,107,0,0,0,5,21,130,59,7,0,0,4,6,69,117,29,4,3,13,5,9,72,58,11,18,60,58,7,2,0,4,92,130,2,1,4,44,11,52,52,55,1,1,10,6,6,89,122,2,3,7,1,0,0,89,104,8,30,28,1,1,0,0,87,130,4,5,18,103,18,8,69,86,0,0,10,42,14,32,71,4,0,0,1,0,0,34,77,8,0,0,0,4,0,0,49,58,2,4,43,34,14,9,109,61,0,0,1,50,15,4,23,3,0,0,0,0,0,1,40,5,0,0,0
50,17,45,53,0,0,0,2,116,56,34,83,12,0,0,3,0,4,48,97,6,0,0,0,0,0,1,2,0,0,0,0,38,14,25,57,24,1,0,2,136,104,43,66,12,2,0,14,22,37,63,136,90,4,0,2,3,74,12,20,6,0,0,0,21,11,48,51,39,2,0,2,136,47,20,13,19,17,6,49,42,93,20,40,126,43,5,17,13,136,15,5,4,0,0,0,17,11,24,17,5,30,32,6,126,86,11,3,1,4,4,8,19,133,19,2,5,4,2,6,5,79,26,0,0,0,2,5
70,23,0,0,0,0,1,56,133,12,0,0,0,0,1,73,31,15,2,0,0,0,5,26,0,1,1,0,0,0,0,0,117,36,0,0,0,0,38,95,133,65,0,0,0,0,4,59,56,71,8,0,0,0,0,5,0,4,3,0,0,0,0,0,133,40,32,48,0,1,88,94,133,42,2,0,0,0,47,116,105,15,0,0,0,0,0,10,0,0,0,0,0,0,0,0,20,32,133,133,1,0,18,16,133,133,73,14,0,0,5,12,44,21,0,0,0,0,1,1,0,0,0,0,0,0,0,1
22,28,4,0,0,0,14,36,19,33,31,0,0,0,26,71,82,39,27,0,0,0,6,44,65,4,0,0,0,0,0,6,11,31,5,3,13,5,18,25,15,3,1,6,70,52,117,121,136,7,0,0,2,3,46,136,84,1,0,0,0,0,0,14,11,21,12,6,20,15,34,27,43,49,26,36,136,34,15,12,136,136,7,5,7,1,4,37,102,8,0,0,0,0,0,1,35,52,60,10,1,1,4,4,9,93,136,30,10,3,1,0,104,136,46,1,0,0,0,0,44,13,1,0,0,0,0,0
102,10,0,0,0,0,28,68,144,22,0,0,0,0,6,81,34,20,0,0,0,0,0,10,0,0,0,0,0,0,0,0,118,15,24,15,0,11,118,91,144,11,2,0,0,5,48,144,108,1,0,0,0,0,0,23,0,0,0,0,0,0,1,1,21,30,144,125,0,1,32,17,144,144,127,12,0,0,7,23,81,29,0,0,0,0,0,1,0,0,0,0,0,0,1,1,2,6,89,23,3,0,0,2,10,62,61,4,0,0,0,4,4,10,0,0,0,0,3,1,0,0,0,0,0,1,3,0
184,97,2,0,0,2,9,97,103,6,0,0,20,36,2,21,97,1,0,0,4,8,2,14,40,4,4,0,0,0,1,13,184,19,0,0,23,61,75,184,146,3,0,1,18,37,5,56,133,5,0,0,2,6,2,25,38,0,0,0,0,0,5,26,184,2,0,0,20,22,12,99,92,7,1,3,10,2,0,10,61,23,0,0,1,0,0,2,18,9,1,0,0,0,1,5,0,0,0,0,0,0,0,0,0,0,0,0,0,0,0,0,0,0,0,0,0,0,0,0,0,0,0,0,0,0,0,0
17,0,0,0,0,1,108,122,8,0,0,0,1,8,6,28,0,0,0,0,1,28,5,0,0,0,0,0,0,27,7,0,164,23,0,0,3,7,80,164,96,5,0,0,0,15,12,38,0,1,6,0,1,30,8,0,0,0,13,2,2,13,1,0,164,164,0,0,7,1,1,3,86,32,14,0,0,2,1,1,0,5,22,1,4,26,2,0,0,0,8,1,4,79,37,0,164,164,0,0,0,0,4,3,11,26,8,0,4,11,9,2,0,0,3,0,47,112,3,0,0,0,0,0,30,108,51,3
0,0,0,14,45,107,19,0,44,0,0,54,59,75,32,47,142,6,0,3,3,2,5,122,18,8,1,0,2,0,0,5,0,0,0,15,53,81,32,0,58,5,3,48,71,126,44,31,142,23,1,3,4,10,9,87,42,5,0,0,2,17,20,6,0,0,0,11,44,54,20,0,63,43,16,66,61,44,9,7,142,135,9,6,11,20,3,22,23,4,0,0,17,70,51,13,0,0,0,5,29,32,23,0,103,59,3,12,18,19,12,4,142,89,0,5,41,9,0,0,3,2,4,15,56,21,6,6
38,0,2,34,44,78,12,47,161,1,0,1,1,5,6,161,38,0,0,0,3,40,18,27,0,0,0,0,24,53,22,0,22,13,21,94,50,47,5,14,161,61,15,11,4,5,3,92,95,4,0,1,72,83,20,21,1,0,0,1,12,49,57,19,19,7,5,33,40,40,5,5,161,37,4,7,6,4,2,28,93,6,3,52,114,10,1,5,2,4,13,32,26,9,7,7,24,5,1,15,19,31,11,5,161,38,1,2,2,2,3,9,67,9,0,23,87,3,0,0,0,0,2,11,49,18,17,1
23,2,6,2,1,4,24,74,83,50,0,0,2,22,9,31,86,76,7,18,6,0,0,1,32,50,3,6,7,5,0,0,22,9,2,4,10,4,54,95,134,60,0,0,2,2,13,111,94,55,3,9,24,12,2,9,20,12,0,2,10,33,9,10,22,50,93,53,29,2,3,10,134,134,60,11,8,3,3,50,73,12,1,1,22,48,18,19,1,0,0,0,6,22,50,19,36,134,120,24,1,0,0,0,22,131,134,31,13,6,0,0,4,7,5,23,89,63,13,1,2,0,0,0,17,39,59,60
10,33,76,34,0,0,4,13,37,85,60,6,0,0,0,5,56,13,17,126,64,1,1,18,3,4,57,132,132,1,0,2,41,18,3,3,0,0,12,42,123,46,12,14,13,0,0,24,18,9,9,39,119,16,22,27,9,4,3,118,132,10,15,12,66,23,11,5,3,2,1,15,132,21,1,3,16,1,0,56,19,1,0,30,132,20,12,26,10,2,2,82,101,13,17,38,25,21,27,5,2,3,2,6,49,4,3,0,4,6,3,49,18,0,0,2,132,60,5,26,77,9,5,16,51,21,4,29
33,16,3,18,65,17,7,35,143,105,5,17,23,0,0,0,14,15,4,39,66,2,0,0,2,6,5,7,16,13,19,6,143,15,14,33,8,3,2,73,143,38,13,25,18,2,0,3,25,3,0,36,143,28,0,1,3,2,1,10,63,32,18,8,143,15,10,16,7,4,4,58,113,20,14,27,24,14,10,26,14,0,0,18,118,69,9,10,0,0,6,29,47,28,2,2,143,2,0,4,8,2,29,143,49,1,0,7,63,29,24,63,0,0,0,6,23,77,76,12,1,0,5,26,21,15,37,33
34,1,0,0,0,24,56,23,68,35,0,0,0,8,13,17,51,87,42,7,0,0,0,3,100,129,39,7,0,0,0,9,77,22,0,0,0,9,6,19,112,12,0,0,0,0,0,84,129,55,33,4,0,0,0,76,129,49,55,7,0,0,0,27,34,47,3,2,1,3,3,1,129,35,0,0,0,3,5,22,129,123,1,0,0,0,0,16,74,56,29,0,0,0,3,11,5,12,4,7,17,3,1,0,129,129,0,1,5,3,2,4,129,129,4,1,0,0,1,2,23,18,8,4,0,2,10,17
7,1,0,0,17,70,16,16,28,0,0,0,0,11,12,85,36,1,0,0,0,0,15,138,98,9,5,0,0,0,2,143,20,0,0,17,72,38,3,11,112,6,0,1,2,3,2,36,50,5,0,0,0,5,9,51,143,0,0,0,0,0,1,105,12,7,46,143,31,0,0,0,85,31,23,40,2,1,0,2,36,3,1,8,12,14,5,17,143,22,0,0,0,0,1,40,0,0,64,143,63,3,0,0,4,11,22,143,78,2,0,0,22,6,4,22,13,1,0,0,143,30,1,2,1,0,0,4
1,7,12,1,3,14,8,4,77,12,14,13,15,35,13,18,138,52,15,4,0,0,0,12,1,13,32,14,0,0,0,0,1,27,122,34,10,2,9,3,85,17,68,138,73,2,2,7,138,37,12,24,5,0,0,19,15,11,14,71,14,0,0,0,0,2,14,10,18,20,111,55,40,11,9,89,138,15,24,37,138,29,8,27,11,0,0,30,48,7,5,99,35,0,0,8,2,0,0,0,28,21,35,64,37,4,13,33,15,4,16,138,138,15,32,24,0,0,0,68,70,2,1,35,39,1,0,44
1,3,4,2,20,149,24,0,22,19,3,0,0,34,14,5,33,127,55,4,0,0,2,3,1,149,149,0,0,0,0,0,0,1,7,6,22,54,10,0,66,9,3,0,1,64,44,21,149,149,26,0,0,1,9,42,58,149,130,0,0,0,0,6,0,3,13,7,56,77,6,0,86,81,22,2,6,64,18,8,149,33,0,0,0,0,1,43,23,2,0,0,0,0,0,6,0,8,75,30,25,16,2,0,4,41,52,1,1,1,0,0,4,5,0,0,0,0,0,0,0,0,0,0,0,0,0,0
0,0,0,0,0,0,0,0,0,0,28,46,6,18,5,1,18,20,139,110,2,5,5,9,70,33,86,10,0,0,0,58,0,0,0,0,0,4,3,0,12,0,0,2,14,139,43,23,128,23,32,10,2,25,28,75,16,33,104,6,0,0,0,1,2,11,44,2,0,2,6,6,46,28,73,54,24,50,22,17,139,105,13,10,4,5,2,16,31,48,54,30,1,0,0,0,0,9,97,20,7,3,26,9,27,14,99,139,134,8,8,4,139,53,7,30,25,0,0,4,57,25,15,71,20,0,0,0
33,0,0,0,124,124,5,12,55,11,1,16,113,76,12,46,22,36,17,118,124,1,0,6,11,34,13,48,15,0,0,0,29,1,0,0,124,124,10,14,124,80,11,23,40,57,11,43,28,34,74,124,40,0,9,13,0,6,25,15,0,0,0,0,16,7,3,3,101,124,10,14,103,14,7,9,12,19,106,124,9,3,11,22,0,1,61,54,0,0,1,1,0,0,0,0,2,38,49,24,45,18,1,3,1,24,26,11,3,3,10,3,0,0,0,0,0,0,3,0,0,0,0,0,0,0,0,0
11,2,0,1,3,19,138,43,10,24,9,0,0,15,138,38,8,33,22,0,0,21,138,31,31,29,2,0,0,63,134,15,14,10,21,64,21,21,55,12,124,138,77,4,4,7,66,28,17,104,138,23,49,60,28,10,10,31,25,9,27,138,40,3,7,0,1,13,8,4,1,6,136,24,6,1,10,4,1,30,23,10,12,27,138,61,0,4,0,0,39,33,51,68,1,0,0,0,0,0,0,0,0,0,0,0,0,0,0,0,0,0,0,0,0,1,2,0,0,0,0,0,0,1,4,4,0,0
5,10,21,13,20,10,25,5,5,24,81,28,0,12,32,1,56,19,39,60,0,5,8,12,132,52,2,0,0,0,0,22,34,23,17,1,1,7,10,13,87,33,45,24,0,2,5,34,33,103,115,89,0,0,0,1,132,132,15,1,0,0,0,0,13,15,18,21,15,72,33,15,132,101,14,1,1,27,26,93,80,132,48,7,0,0,0,5,15,83,6,0,0,0,0,0,1,59,132,80,13,11,1,0,49,132,70,1,1,3,0,2,21,69,0,0,0,0,0,0,0,1,0,0,0,0,0,0
17,0,0,0,0,58,80,6,1,1,2,3,0,17,138,7,1,3,5,2,0,5,128,19,2,1,0,0,0,0,13,10,10,0,0,0,0,113,138,39,127,38,18,0,0,9,88,86,27,62,134,0,0,0,35,14,6,23,82,0,0,0,4,9,38,9,20,47,1,13,33,19,138,49,3,1,0,0,3,48,118,67,54,0,0,0,0,1,0,17,74,0,0,0,0,0,13,43,49,83,0,0,0,0,138,138,14,4,0,0,0,0,62,63,4,0,0,0,0,0,0,3,4,0,0,0,0,0
10,7,21,19,28,8,7,4,41,41,9,0,8,8,43,44,12,19,35,6,0,0,15,52,20,6,4,1,0,0,4,33,16,2,9,15,69,80,7,1,131,124,31,2,21,12,1,11,37,54,131,73,0,0,0,5,11,5,111,56,0,0,0,11,17,15,93,61,13,58,9,1,131,73,43,3,1,5,0,52,131,22,65,29,0,0,0,37,1,1,92,66,10,9,0,0,0,7,131,112,20,1,0,0,96,67,83,38,32,1,0,3,131,39,1,0,2,15,1,6,1,1,1,3,22,45,0,0
56,19,1,0,0,10,10,24,111,112,9,0,0,0,0,16,134,48,2,5,7,0,0,55,9,2,2,74,134,0,0,8,86,3,0,0,0,0,0,87,134,45,1,0,0,0,0,68,125,42,0,0,1,0,2,63,23,0,0,72,116,0,2,50,103,11,0,1,0,0,2,22,134,52,0,0,0,0,0,20,63,33,5,0,0,0,10,35,43,26,6,34,34,0,4,46,101,37,2,5,3,1,0,1,134,116,0,0,1,0,1,2,55,50,5,0,0,0,0,3,34,67,9,8,1,0,0,2
37,7,3,7,2,1,1,8,153,55,0,0,0,0,0,16,116,58,0,0,0,0,1,8,32,59,9,0,0,0,1,5,50,9,3,17,19,8,2,2,153,73,0,1,0,1,3,13,118,33,0,2,4,8,23,26,95,19,0,0,0,0,2,41,51,49,6,2,13,18,4,3,153,65,1,0,0,8,22,49,65,30,11,0,1,35,103,85,82,20,1,0,0,0,6,108,93,62,4,0,1,1,3,14,99,120,3,0,0,1,1,5,47,153,37,0,0,3,3,4,31,68,20,2,6,4,2,7
29,22,86,21,0,0,0,22,37,100,72,5,0,0,0,5,23,31,16,127,109,4,1,2,0,2,70,127,127,2,1,1,75,19,1,1,0,0,0,27,127,47,9,6,13,0,0,13,13,11,8,26,127,42,9,2,1,12,17,113,127,16,3,0,50,42,18,3,1,0,0,2,123,16,3,1,19,5,1,42,16,0,0,3,127,67,9,15,11,9,14,88,70,20,8,6,13,15,8,9,5,2,8,8,23,2,2,0,8,16,14,40,18,0,0,0,127,93,8,21,56,12,18,20,12,11,14,40
21,13,18,47,55,9,14,12,126,79,9,23,13,0,0,0,5,11,14,40,20,3,2,0,5,2,6,7,16,19,9,12,59,19,8,7,15,8,16,84,126,54,8,18,16,0,0,8,16,4,1,49,121,14,3,1,1,0,0,3,56,38,14,4,126,15,2,0,2,13,17,126,126,41,8,2,12,9,7,34,13,0,0,16,126,40,10,7,0,0,1,34,73,14,2,0,121,1,0,0,0,5,87,126,108,3,1,2,21,24,14,126,0,0,0,6,42,106,59,3,0,0,0,18,22,30,108,19
3,1,2,26,80,21,1,2,127,16,0,1,2,4,3,90,127,10,2,0,1,49,65,110,48,36,2,0,0,21,41,94,11,14,4,5,109,29,5,7,127,127,3,1,1,1,1,28,127,115,5,0,1,8,8,25,92,127,10,1,1,3,1,6,28,1,0,0,53,74,31,42,127,13,0,0,0,0,3,118,127,18,0,0,0,0,0,57,114,16,0,0,0,0,0,12,10,0,0,0,14,16,3,9,32,0,0,0,0,0,0,15,9,0,0,0,0,0,0,6,0,0,0,0,0,0,0,0
12,8,42,115,16,0,0,0,80,6,4,13,3,0,1,11,138,31,0,0,0,0,0,16,57,22,0,0,0,0,1,11,0,0,10,95,138,53,0,0,80,9,2,15,34,18,3,11,138,14,0,0,0,12,22,77,45,8,1,0,1,22,54,74,0,0,0,0,138,91,3,1,70,68,6,2,22,16,5,14,138,109,3,0,0,6,9,27,50,122,18,0,0,10,16,20,3,0,0,0,51,92,11,7,108,7,0,0,1,8,9,44,126,22,0,0,0,0,0,26,75,31,1,0,0,0,0,1
35,10,51,32,2,16,10,5,133,62,18,11,0,1,1,7,9,25,45,25,0,0,0,0,8,6,16,10,8,3,2,30,25,8,53,94,70,11,33,11,133,53,13,39,19,0,0,4,40,18,15,104,35,4,1,1,0,3,4,17,46,48,16,1,22,7,5,10,20,17,60,133,133,48,12,12,6,0,0,62,83,6,2,83,107,4,1,28,0,0,0,40,128,13,2,0,56,1,0,0,11,35,46,133,133,41,3,0,1,0,3,133,38,9,1,8,62,31,17,29,0,0,3,37,67,34,14,0
1,0,0,18,18,62,36,8,22,2,2,3,11,14,17,38,80,26,9,5,17,14,35,75,106,14,0,0,0,0,0,39,45,11,0,20,59,64,49,19,123,68,21,3,3,3,9,33,65,123,94,7,6,1,0,3,65,102,9,0,0,0,0,0,55,21,2,121,106,0,0,3,123,29,2,1,0,0,0,64,123,64,12,0,0,0,0,92,33,35,5,0,0,0,0,22,11,0,1,123,97,0,1,10,112,0,0,24,14,0,2,77,123,7,0,0,0,0,0,55,56,20,0,0,0,0,0,11
20,27,21,23,6,1,6,12,40,32,4,0,1,1,38,61,14,13,19,0,0,0,20,53,17,1,2,0,0,2,12,30,14,4,19,33,65,37,2,3,131,113,30,1,14,7,3,21,38,62,131,30,0,0,0,6,8,7,131,30,0,0,0,5,14,10,83,78,56,62,1,3,131,72,55,3,3,7,1,53,131,30,74,15,2,2,0,30,1,1,78,49,29,11,0,0,0,5,131,131,10,0,0,0,75,59,122,55,23,0,0,2,131,23,2,1,4,8,1,7,1,0,0,0,23,19,0,0
0,0,18,28,6,13,121,97,12,20,45,43,10,25,121,79,21,27,26,1,0,0,20,61,1,2,36,12,0,5,37,8,16,12,18,109,13,3,107,77,121,39,6,4,0,1,75,121,73,3,0,0,0,10,64,51,1,1,0,0,0,5,77,26,7,20,57,121,33,9,1,1,117,63,43,13,0,3,17,29,61,13,1,1,1,14,89,45,38,79,39,0,0,1,16,19,9,16,25,39,51,27,11,24,11,32,52,26,10,1,2,11,70,7,7,29,31,5,7,54,105,48,19,0,0,0,0,119
0,0,0,0,0,0,0,0,13,26,64,2,0,0,3,10,132,121,71,1,0,0,2,58,98,27,3,0,0,0,0,142,0,0,0,0,0,0,0,0,37,7,18,1,0,6,33,32,142,117,36,0,0,1,12,44,37,82,52,2,0,0,0,20,0,0,0,0,0,0,0,0,41,17,106,73,9,4,5,6,142,74,48,33,4,0,1,18,71,40,63,63,12,2,0,2,0,0,0,0,0,0,1,0,2,2,18,49,23,27,103,24,142,21,12,28,14,8,20,66,138,10,11,70,33,1,0,36
8,0,0,0,108,57,2,8,122,1,0,2,23,14,8,80,16,0,0,3,72,88,7,11,2,0,0,2,122,122,0,1,13,0,0,0,91,84,9,4,122,7,0,2,28,20,2,20,37,1,0,4,122,112,0,2,0,0,1,11,122,72,1,2,13,22,36,19,32,39,5,1,122,61,21,7,21,21,3,14,17,2,10,75,122,112,2,5,0,0,52,59,53,27,0,0,21,27,31,5,1,1,0,1,32,49,18,7,4,0,0,2,3,6,13,112,55,0,0,0,0,0,51,61,7,0,0,0
14,0,0,0,0,2,39,70,8,0,0,8,27,18,15,49,1,0,0,10,47,74,22,2,15,6,2,1,6,17,21,19,25,4,0,0,0,15,111,67,127,23,3,22,25,5,31,108,29,11,5,89,127,30,10,4,105,46,8,6,8,5,7,13,110,8,0,0,0,3,33,65,127,23,0,8,10,0,0,40,40,4,2,127,127,0,0,15,126,7,1,32,23,0,0,25,120,13,8,20,7,0,1,22,127,33,0,0,0,0,0,22,40,30,15,94,30,0,0,10,58,16,35,109,14,0,0,10
148,3,8,21,14,0,1,141,148,9,1,0,0,0,15,148,57,11,48,22,0,0,1,148,12,37,45,7,0,0,0,26,148,12,1,15,79,25,5,85,148,75,0,0,0,0,9,135,83,29,0,1,4,2,13,148,14,0,0,0,0,0,1,58,84,1,0,0,9,32,10,57,115,8,0,0,0,0,0,26,9,3,0,0,1,0,1,2,0,0,0,0,0,0,0,1,0,0,0,0,0,0,0,0,0,0,0,0,0,0,0,0,0,0,0,0,0,0,0,0,0,0,0,0,0,0,0,0
89,16,2,0,1,1,2,38,42,27,5,0,0,23,34,25,5,8,0,0,0,19,28,5,0,6,0,0,0,0,0,0,22,0,0,1,28,40,52,75,36,5,1,0,0,117,129,95,129,53,1,0,0,27,76,95,28,40,3,0,0,0,0,0,10,3,0,0,24,114,98,21,96,92,12,0,0,42,62,31,129,129,4,0,0,2,6,29,28,3,0,0,0,0,0,0,43,121,26,2,40,27,27,17,110,129,95,0,0,0,1,18,87,68,4,0,0,0,0,1,0,0,0,0,0,0,0,0
0,0,0,0,65,57,2,0,18,0,0,0,122,83,7,25,115,0,0,0,25,21,11,101,5,0,0,0,122,94,3,4,0,0,0,0,44,122,51,0,29,4,2,3,122,122,14,10,122,8,1,1,44,30,3,47,12,0,1,12,122,96,0,4,0,0,0,30,89,53,12,0,16,49,47,29,31,28,4,0,96,100,25,21,24,9,1,8,4,4,24,122,96,22,0,1,0,25,18,21,53,30,1,0,14,61,49,12,2,1,0,0,43,36,8,9,4,1,0,3,3,2,8,63,37,4,0,1
98,30,21,47,16,2,53,123,65,24,40,10,1,1,31,106,2,7,31,76,31,7,15,12,0,0,17,71,27,1,0,0,63,30,78,95,38,1,0,20,131,131,61,7,4,0,6,59,20,52,131,58,9,1,3,7,0,0,54,55,4,0,0,0,15,15,131,131,22,0,0,2,131,106,131,63,8,0,0,30,63,13,23,28,14,0,0,13,0,0,1,4,0,0,0,0,0,0,46,31,3,0,0,0,8,7,49,67,17,0,0,1,5,1,0,1,0,0,0,1,0,0,0,0,0,0,0,0
0,0,1,0,0,0,10,0,73,2,12,5,0,1,63,80,173,3,0,5,3,0,3,104,64,9,14,119,43,0,0,15,0,0,5,8,2,1,0,0,90,11,42,101,65,15,1,13,173,17,2,6,6,1,0,66,165,25,33,46,1,0,0,54,0,0,0,0,2,4,0,0,80,7,0,12,60,87,25,14,173,69,0,0,6,4,2,37,152,33,0,0,0,0,0,69,0,0,0,0,0,0,0,0,18,0,0,0,0,6,11,7,64,9,0,0,0,0,0,4,13,5,0,0,0,0,0,4
0,0,0,0,0,0,0,0,3,3,1,0,0,0,0,0,2,28,22,0,0,0,0,0,4,20,4,0,0,0,0,0,39,15,0,0,0,0,0,19,132,36,3,0,0,1,3,54,52,42,25,2,2,19,17,15,58,37,2,0,0,1,16,35,50,132,66,5,4,1,0,9,132,132,35,1,25,61,33,23,29,15,4,0,4,54,132,48,52,47,2,0,0,1,78,102,0,132,89,18,39,7,0,0,0,98,60,20,106,80,4,0,12,117,132,4,6,15,15,11,25,132,25,0,0,0,2,4
