1,3,43,76,25,80,94,21,35,50,127,18,0,2,26,77,8,10,101,87,5,4,0,6,0,0,3,10,0,0,0,0,40,14,1,2,62,120,80,49,127,25,1,0,1,6,28,127,42,1,4,11,12,53,10,22,0,0,0,0,0,0,0,0,35,105,43,32,63,13,3,5,127,127,5,2,10,8,3,7,22,4,0,3,30,31,4,2,0,0,0,0,0,0,0,0,10,35,16,7,4,3,127,112,25,52,2,3,7,5,127,127,0,2,0,4,14,6,49,11,0,0,0,0,0,0,0,0
1,16,38,19,6,0,0,0,28,106,37,0,0,0,0,4,143,68,0,0,0,0,0,4,68,8,0,7,58,0,0,0,11,19,18,3,1,1,16,32,45,45,19,0,1,2,60,68,143,26,0,0,0,0,6,98,127,3,0,8,80,9,0,7,7,37,30,0,0,0,3,7,46,70,56,1,1,1,11,9,143,117,4,0,0,0,0,16,115,15,1,8,111,18,0,2,6,36,41,2,0,0,0,4,32,117,45,0,0,0,0,5,143,143,1,0,0,0,0,1,54,27,5,27,69,1,0,0
59,16,3,0,1,2,3,38,56,4,1,1,10,29,8,70,0,0,1,2,39,123,28,1,0,0,0,0,3,73,110,6,12,1,2,1,9,79,45,62,94,3,2,7,22,17,20,123,10,1,14,102,123,60,3,6,2,17,73,37,19,24,20,4,26,53,49,14,15,59,19,13,123,123,20,8,1,2,4,38,25,36,80,123,13,0,0,1,0,18,123,54,4,2,1,0,5,78,111,9,0,3,10,4,53,123,17,1,0,0,27,46,7,16,16,35,26,17,18,20,0,0,16,15,37,68,15,0
31,9,19,9,8,0,12,69,102,39,35,1,0,0,0,94,122,27,2,0,0,0,0,100,91,14,2,1,0,0,0,45,122,56,7,0,0,0,0,47,122,97,44,0,0,0,0,12,122,48,28,2,0,0,0,102,38,0,0,0,0,0,20,122,122,72,0,0,0,0,0,52,122,71,7,1,0,0,0,28,24,7,7,10,2,0,5,69,1,0,0,12,17,8,59,103,122,81,0,0,0,0,0,23,89,20,8,13,1,0,2,31,1,0,1,14,8,3,17,51,0,0,0,18,27,6,40,23
0,0,2,4,0,10,12,1,109,4,3,9,0,5,15,57,108,12,10,16,3,1,8,42,125,28,5,5,0,0,2,25,0,0,2,10,1,0,0,0,88,11,11,71,12,0,0,36,125,40,29,21,0,0,0,63,125,121,35,10,0,0,0,0,0,0,0,0,0,0,0,0,17,22,80,45,2,0,0,1,125,125,99,13,0,0,0,5,125,125,92,0,0,0,0,0,0,0,0,0,0,0,0,0,0,2,32,7,0,0,0,0,92,96,91,22,0,0,0,0,125,84,57,3,0,0,0,4
115,31,1,3,3,14,113,78,74,24,2,1,5,6,41,67,123,0,0,0,1,1,10,64,18,0,0,0,50,14,0,4,123,78,36,35,3,2,4,23,96,21,5,1,6,53,31,48,123,7,0,0,2,8,4,47,36,0,0,7,82,1,0,2,14,25,90,60,4,17,28,9,33,60,62,0,0,7,24,30,123,75,8,0,0,1,1,20,35,1,0,5,62,5,0,2,3,3,4,5,4,58,123,41,26,9,5,0,0,0,95,123,123,11,0,0,0,0,7,110,22,0,0,0,42,21,2,8
53,0,0,0,0,0,0,16,172,4,0,0,0,3,3,41,52,2,1,13,17,74,32,16,2,5,7,5,3,15,61,22,62,0,0,0,0,0,0,19,172,2,1,2,3,5,3,47,53,3,14,53,53,76,27,13,12,11,33,17,5,15,61,32,68,1,0,0,0,0,0,4,172,26,3,2,0,0,0,10,88,36,96,88,9,1,1,1,4,29,159,43,1,0,2,1,38,5,0,0,0,0,0,2,172,7,0,0,0,0,2,63,85,11,16,6,2,36,73,42,0,4,23,5,2,17,106,15
2,2,10,12,23,24,39,31,64,32,49,5,0,3,15,116,16,29,34,35,36,19,9,21,0,0,25,111,40,9,6,0,18,8,11,23,79,117,20,27,117,26,3,0,3,17,16,117,41,1,0,1,18,117,56,30,0,0,6,13,4,44,107,51,9,31,117,117,28,18,5,7,95,117,109,18,31,10,1,6,12,7,5,47,117,87,10,2,6,4,15,31,14,22,48,53,7,7,43,15,0,1,42,55,0,11,42,14,31,62,31,7,0,0,10,59,56,29,15,1,5,19,65,45,2,0,2,3
0,4,50,1,0,60,120,2,6,10,49,0,0,8,120,47,10,19,16,0,0,0,78,55,25,3,0,0,3,1,7,43,16,6,3,30,81,120,120,17,120,33,2,2,1,10,101,92,73,13,2,2,10,15,28,59,109,0,0,0,3,0,2,56,13,17,43,120,60,3,0,0,120,59,43,21,0,4,8,39,63,16,9,0,5,46,25,45,120,10,0,0,1,2,2,47,0,2,46,120,12,19,2,0,7,23,79,40,4,23,31,5,18,42,31,0,0,2,32,25,93,27,2,0,0,0,3,33
1,0,5,14,51,124,75,7,98,11,17,12,11,39,114,115,132,0,0,15,63,7,6,107,0,0,0,15,132,42,4,0,5,0,5,16,55,54,9,18,105,12,19,15,12,35,17,41,132,12,0,5,78,3,1,104,8,0,0,7,132,49,0,2,11,1,0,14,64,24,3,5,107,42,0,3,34,30,14,17,132,102,0,4,38,0,0,13,8,2,0,9,132,20,0,0,5,0,0,4,15,0,0,2,12,2,0,1,10,1,0,1,9,5,0,0,0,0,0,0,0,0,0,0,0,0,0,0
1,17,66,37,5,27,46,9,22,60,57,26,3,1,20,45,8,34,42,65,15,1,2,6,5,21,76,31,2,1,14,6,15,6,21,20,17,121,116,37,122,19,8,5,16,6,47,122,41,3,2,12,116,38,22,20,3,2,4,0,10,60,119,16,15,33,122,66,11,10,2,9,122,119,61,16,24,2,0,7,37,7,0,10,122,30,2,0,0,0,0,15,82,44,13,0,9,28,74,7,1,0,3,16,50,76,32,12,14,0,0,0,7,8,26,91,83,0,0,0,0,0,61,82,31,0,0,0
9,0,0,0,0,0,0,11,119,9,0,0,0,0,0,7,172,46,1,9,5,0,0,1,23,9,10,106,44,1,0,0,12,0,0,0,0,0,1,14,157,3,0,0,0,0,0,30,172,21,0,3,1,3,3,44,33,4,5,45,20,43,19,8,14,0,0,0,0,0,1,14,172,11,0,0,0,0,0,14,172,50,0,3,5,8,5,17,21,5,4,25,33,41,26,5,10,0,0,0,0,0,1,12,168,6,0,0,0,0,0,9,172,10,0,2,8,25,11,21,4,0,1,8,16,72,62,10
1,0,0,0,0,0,65,109,4,0,0,0,0,0,129,132,126,6,0,0,0,0,49,78,102,9,0,0,7,3,0,10,9,33,23,5,0,0,13,25,38,4,9,21,9,2,43,89,141,13,0,0,0,0,5,100,141,13,0,0,28,4,0,1,0,40,32,14,0,0,0,0,36,46,30,60,9,0,0,3,141,114,6,2,0,0,0,6,132,16,0,2,36,1,0,0,0,2,10,12,2,2,9,1,53,53,10,5,0,0,1,1,141,129,1,0,0,0,0,0,51,27,0,2,18,2,0,0
101,26,9,0,0,0,0,22,154,2,0,0,0,6,11,128,15,0,4,2,6,112,70,25,4,0,0,0,1,50,99,22,63,12,4,0,0,0,0,15,154,4,1,2,4,5,5,83,37,7,26,52,58,67,22,14,16,36,71,10,6,17,34,13,57,1,0,0,0,0,0,17,154,48,4,2,0,0,0,11,73,45,87,62,8,4,1,0,1,46,116,13,1,5,13,1,56,1,0,0,0,0,0,9,154,20,0,0,0,1,2,34,64,11,7,5,7,84,31,17,0,1,2,1,1,42,105,6
2,2,7,3,2,11,16,2,133,1,0,0,0,1,8,69,136,0,0,0,0,0,0,100,23,0,0,9,58,1,0,18,4,0,0,0,0,14,81,29,126,11,0,0,0,1,15,98,136,13,0,0,0,0,0,111,71,1,0,14,23,0,0,20,26,92,13,0,0,0,18,29,113,136,2,0,0,0,1,16,136,82,0,0,0,0,0,44,78,6,0,2,1,0,0,21,1,89,70,3,0,0,0,0,29,58,10,2,3,5,8,23,71,6,0,0,0,2,15,136,51,0,0,0,0,0,0,115
43,158,14,0,0,0,0,11,21,158,22,0,0,0,0,2,34,158,4,0,0,0,8,32,12,17,3,9,11,2,9,24,13,158,59,5,4,0,0,0,6,146,47,28,58,17,3,3,91,40,9,3,6,9,9,30,25,24,21,6,4,5,7,18,40,103,5,5,6,3,55,98,4,6,8,83,62,7,23,35,55,11,22,42,8,2,26,47,25,22,9,2,3,14,47,34,16,2,1,10,4,10,56,139,50,17,2,7,4,2,24,126,16,36,63,18,3,7,4,6,6,29,29,1,19,79,3,3
0,15,44,13,11,26,6,0,4,8,10,26,7,15,60,29,9,2,3,12,22,40,31,24,0,0,0,30,81,74,22,0,4,8,12,18,18,19,15,10,11,2,8,46,65,52,10,15,82,14,5,29,14,5,3,33,7,2,8,129,84,2,0,0,0,0,0,27,29,27,17,4,6,16,9,14,35,57,27,4,68,38,4,3,2,38,108,21,8,1,2,42,27,129,129,3,0,0,0,9,10,108,121,0,0,0,0,3,5,129,129,1,1,0,0,0,4,129,129,4,1,0,0,0,1,127,129,9
120,4,5,15,2,0,0,35,134,42,0,0,0,0,0,29,27,113,6,0,0,0,0,1,3,95,18,0,0,0,0,0,83,13,19,75,15,0,0,15,134,41,2,0,0,0,0,34,107,112,4,0,0,0,0,5,31,87,12,0,0,0,0,2,20,17,55,134,17,0,0,0,134,27,11,12,1,0,0,45,134,45,0,0,0,0,0,33,46,77,0,0,0,0,0,6,0,2,33,128,19,0,0,0,112,16,18,55,6,0,0,20,134,12,0,0,0,0,0,55,62,26,0,0,0,0,0,14
142,50,14,14,1,0,0,5,142,68,0,0,0,0,0,8,57,78,6,0,0,0,0,1,21,62,11,0,0,0,0,0,125,28,17,52,10,0,0,6,142,33,0,0,0,0,0,24,92,113,0,0,0,0,0,9,28,84,5,0,0,0,0,2,51,18,17,107,28,0,0,1,142,18,2,2,0,0,0,32,142,50,0,0,0,0,0,25,58,52,0,0,0,0,0,4,9,7,11,114,36,0,0,0,142,13,4,11,3,0,0,28,142,28,0,0,0,0,0,24,48,33,0,0,0,0,0,0
136,23,10,29,4,0,0,2,148,38,0,0,0,0,0,14,67,70,1,0,0,0,0,13,28,53,3,0,0,0,0,1,92,25,12,65,23,0,0,1,148,28,0,0,0,0,0,20,116,85,0,0,0,0,0,9,53,54,0,0,0,0,0,0,39,9,7,96,57,0,0,2,148,9,1,2,1,0,0,52,148,41,0,0,0,0,0,16,48,62,0,0,0,0,0,0,8,2,4,112,59,0,0,0,148,6,2,15,5,0,0,42,148,29,0,0,0,0,0,30,32,76,2,0,0,0,0,0
93,24,7,38,15,0,0,0,145,42,0,0,0,0,0,7,61,72,0,0,0,0,0,3,27,44,0,0,0,0,0,0,73,10,4,58,54,0,0,4,145,15,0,0,0,0,0,30,108,70,0,0,0,0,0,2,28,73,0,0,0,0,0,0,32,7,4,104,72,0,0,2,145,24,2,4,2,0,0,33,145,99,1,0,0,0,0,6,11,102,15,0,0,0,0,0,6,9,10,122,58,0,0,0,145,52,7,15,3,0,0,1,145,80,0,0,0,0,0,0,13,79,7,0,0,0,0,0
58,7,2,5,1,0,0,5,97,13,0,0,0,0,0,4,21,33,0,0,0,0,0,0,2,27,1,0,0,0,0,0,41,8,4,25,4,0,0,3,136,3,0,0,0,0,0,18,56,25,0,0,0,0,0,2,5,43,6,0,0,0,0,0,13,11,14,54,7,0,0,0,102,71,22,1,0,0,0,10,50,136,58,0,0,0,0,3,1,136,136,0,0,0,0,0,0,99,136,21,2,0,0,0,5,136,136,0,0,0,0,0,2,136,136,1,0,0,0,0,8,136,120,0,0,0,0,4
0,0,5,6,4,37,95,2,65,0,0,0,1,30,49,71,142,0,0,0,0,0,1,97,28,0,0,0,48,32,0,8,6,28,47,0,0,5,66,12,117,31,35,1,0,4,19,26,142,8,2,0,0,0,0,61,58,0,0,14,142,14,0,8,0,25,142,17,0,1,3,0,35,49,134,24,1,0,0,1,142,80,13,2,0,0,0,9,65,7,0,39,78,0,0,4,0,0,15,7,1,5,116,23,24,8,15,9,2,5,81,40,142,27,1,0,0,0,4,37,43,6,0,5,25,6,0,3
19,139,22,1,0,1,1,2,45,139,4,0,0,0,13,49,20,20,6,18,19,3,15,38,3,2,12,139,55,2,0,1,10,105,39,29,62,20,4,5,126,56,14,4,5,9,12,40,40,36,34,11,7,10,12,29,23,7,22,63,7,2,3,20,6,4,9,93,62,7,20,27,71,16,30,46,7,2,42,70,43,38,12,3,5,27,76,51,36,12,2,0,0,75,82,13,50,19,3,10,5,2,22,110,17,48,92,22,4,10,4,6,11,48,43,1,35,139,5,4,3,2,0,2,48,139,96,11
17,0,0,0,0,0,0,12,106,4,0,0,0,0,0,11,185,42,0,2,1,0,0,0,43,13,8,70,52,4,0,0,20,0,0,0,0,0,0,16,157,2,0,0,0,0,0,16,185,23,0,0,0,0,0,6,63,9,14,39,5,5,9,5,10,0,0,0,0,0,3,33,167,4,0,0,0,0,1,30,185,12,0,0,0,1,7,27,44,3,0,0,0,13,43,28,0,0,0,0,0,0,40,42,145,1,0,0,0,0,20,62,185,21,1,2,2,1,2,15,23,5,2,8,8,6,13,35
38,0,0,0,0,11,129,79,94,0,0,0,0,8,56,77,129,7,0,0,0,0,8,43,82,1,0,0,0,0,0,48,109,7,0,0,0,0,0,21,129,6,0,0,0,0,0,38,129,10,0,0,0,0,0,37,129,8,0,0,0,0,0,14,112,10,0,0,0,0,0,14,129,12,0,0,0,0,0,17,129,27,0,0,0,0,0,11,129,18,0,0,0,0,0,5,62,0,0,0,0,0,0,59,106,0,0,0,0,0,0,75,129,0,0,0,0,0,0,69,101,1,0,0,0,0,0,55
0,16,58,0,0,0,0,0,31,67,24,0,0,0,0,1,129,129,0,0,0,2,0,8,129,83,0,0,9,129,29,26,0,11,66,4,0,0,0,0,60,56,31,1,0,0,0,4,129,120,0,0,3,29,31,73,43,61,12,13,70,129,27,15,0,5,74,9,0,0,0,0,18,18,78,8,0,0,0,5,77,35,15,8,1,7,39,109,123,83,17,10,14,18,21,38,0,4,38,2,0,0,0,0,0,4,41,13,1,0,0,0,50,42,10,15,7,8,15,26,129,32,0,0,15,78,44,49
10,15,5,116,84,0,1,1,66,88,23,8,1,0,0,3,4,25,97,29,1,0,0,0,27,40,18,14,2,0,1,19,14,8,1,116,116,5,0,0,116,107,23,35,14,0,0,8,26,35,90,113,1,0,0,3,20,11,64,78,3,0,0,8,12,4,9,55,57,37,70,27,116,27,29,58,11,0,1,88,64,9,44,51,0,0,0,116,5,4,116,70,0,0,0,4,58,10,7,12,2,4,21,39,52,3,7,70,18,0,1,56,51,1,2,34,14,0,1,116,20,2,21,5,0,1,15,83
18,57,1,0,0,0,14,12,52,59,1,0,0,0,19,22,137,5,0,0,0,0,2,43,35,0,0,29,30,0,0,4,7,17,36,10,1,4,18,6,35,8,26,29,4,14,86,58,137,16,3,1,0,0,13,96,62,1,0,4,24,17,0,3,0,3,137,17,0,3,9,0,20,30,137,97,3,7,17,5,137,106,38,9,0,0,3,17,50,6,0,8,68,5,0,1,0,0,12,1,1,49,134,0,7,6,15,10,1,47,137,31,136,17,4,1,0,2,63,137,41,0,0,8,30,0,0,19
0,0,0,11,39,104,36,1,6,28,20,51,70,18,14,5,43,128,76,14,1,0,6,20,5,20,109,92,0,0,40,70,0,16,42,16,67,59,19,2,43,25,50,20,2,6,13,21,128,79,15,3,0,0,0,13,73,42,90,83,0,0,0,0,6,25,62,41,33,4,7,6,20,16,70,63,16,25,13,4,128,43,8,8,4,4,0,13,128,17,3,2,0,0,0,7,1,5,46,97,11,3,7,3,2,96,128,10,7,24,15,1,62,128,88,2,2,3,4,2,31,27,6,6,5,0,1,11
0,4,11,40,39,67,26,0,19,52,26,15,6,40,68,7,15,84,110,15,23,16,6,12,3,79,52,4,27,73,24,1,0,1,20,75,29,12,11,0,25,31,32,56,45,12,18,27,95,28,15,14,22,6,15,88,6,1,7,110,110,43,5,2,2,14,9,17,6,10,20,2,12,15,19,110,38,19,31,5,110,37,13,20,7,22,39,31,11,2,8,110,29,18,83,59,1,4,1,2,1,61,110,2,2,7,3,6,5,40,110,22,8,2,1,2,65,47,58,59,34,3,0,9,110,76,99,110
45,29,1,0,0,0,30,136,9,9,0,0,0,0,67,136,4,0,0,0,0,1,41,54,4,1,2,1,0,1,21,29,13,33,8,0,0,1,59,96,31,13,9,7,3,0,104,136,136,15,7,2,0,3,23,136,17,8,20,9,3,20,13,10,53,109,22,6,6,5,4,4,100,56,22,28,60,12,5,16,136,80,0,5,12,12,1,22,17,3,1,21,30,54,19,4,22,30,61,17,2,5,6,6,54,105,60,5,16,10,3,0,136,105,4,8,6,0,0,0,8,5,2,33,64,5,1,0
0,88,150,1,0,13,60,0,1,70,150,0,0,3,50,9,11,150,150,0,0,0,34,28,5,150,132,2,0,0,10,5,1,24,150,12,4,8,11,2,11,19,106,12,27,8,4,8,117,72,52,0,1,1,2,17,30,53,15,1,1,9,4,3,18,0,0,2,2,5,18,28,23,4,1,26,44,1,0,8,150,18,1,4,4,0,0,6,34,4,0,3,3,8,4,4,21,3,0,0,0,0,6,44,20,11,2,6,13,1,2,15,104,33,1,2,2,1,2,2,17,6,0,3,4,16,14,2
130,101,0,1,11,3,17,35,72,11,0,0,1,0,43,130,73,2,0,0,0,0,13,130,19,0,0,0,0,0,26,96,130,127,2,7,12,2,1,1,130,73,0,3,2,0,0,15,130,15,0,0,0,0,1,78,39,0,0,0,0,0,26,93,130,44,0,0,2,3,2,13,78,14,0,0,0,0,15,73,18,1,0,0,0,0,23,130,3,0,0,0,0,0,52,104,53,5,0,0,0,2,8,49,14,2,0,0,0,7,27,41,29,5,0,0,0,0,10,86,10,0,0,0,0,0,13,65
2,2,0,2,17,18,17,32,53,23,10,3,3,2,3,18,73,66,112,6,0,0,0,60,7,45,116,1,0,0,0,20,33,21,7,1,10,24,27,71,115,53,8,0,0,0,2,42,65,26,13,0,0,0,6,107,33,1,1,0,0,1,10,111,16,90,116,8,3,1,0,3,59,52,60,39,7,7,26,16,18,4,5,16,8,13,116,86,33,0,0,0,1,6,28,116,0,38,116,13,2,16,7,0,0,1,113,116,11,27,50,3,9,8,113,116,12,10,35,32,34,17,49,16,3,4,12,75
24,128,128,0,0,55,67,11,28,128,110,0,0,7,6,3,13,119,61,0,4,6,1,1,63,111,30,0,0,0,0,6,120,98,11,0,0,0,0,28,74,43,3,0,0,0,9,28,126,44,6,0,0,0,1,29,109,67,6,0,0,0,0,11,95,71,8,0,0,0,0,5,66,86,14,0,0,0,1,8,106,47,11,0,0,0,0,11,111,3,0,0,0,0,0,55,8,116,54,0,0,0,0,0,11,86,41,0,0,0,0,0,21,32,19,0,0,1,3,2,36,6,0,0,0,0,8,31
0,0,0,0,10,56,24,3,43,1,0,1,5,35,42,90,27,23,10,8,14,117,87,26,104,56,2,0,0,23,45,36,9,1,0,5,114,59,4,2,118,54,22,14,39,33,14,47,45,98,118,60,24,71,29,11,47,101,19,1,0,63,101,7,7,4,15,71,91,0,0,0,118,52,30,33,25,7,13,56,33,10,28,18,19,118,54,29,10,33,28,6,7,77,79,8,0,1,53,46,2,0,0,0,11,38,63,23,2,1,1,2,7,20,64,22,9,10,2,4,2,32,98,12,2,1,0,0
85,18,0,11,17,0,0,36,126,12,0,0,0,0,0,126,91,6,17,23,0,0,0,49,1,0,23,118,7,0,0,0,79,94,4,31,32,0,0,0,126,126,11,0,0,0,0,31,126,14,3,1,0,0,0,80,15,0,7,33,22,0,0,10,126,31,1,35,61,0,0,15,126,126,39,0,0,0,0,10,95,87,20,0,0,0,0,16,32,5,0,5,16,8,3,7,107,0,0,45,79,0,0,30,126,28,4,0,0,0,0,51,22,38,6,0,0,2,2,4,4,2,0,0,5,30,9,1
109,21,0,0,0,0,22,116,29,1,0,0,0,11,30,67,70,18,0,0,0,0,9,60,37,8,0,0,0,0,4,63,119,1,0,0,0,0,26,124,58,2,0,0,0,0,18,124,124,27,0,0,0,0,1,68,57,48,1,0,0,0,0,4,124,12,0,0,0,0,1,61,124,54,0,0,0,0,1,80,124,123,0,0,0,0,0,13,49,38,0,0,3,15,11,6,95,48,0,0,0,0,0,2,124,96,0,0,0,0,0,1,124,42,0,0,0,2,1,14,8,2,0,0,13,57,13,5
1,0,0,3,128,77,10,4,79,9,0,0,59,24,2,16,92,29,0,0,0,0,0,7,17,37,16,0,0,0,0,0,6,0,0,0,128,128,4,5,128,21,0,0,38,33,1,22,125,69,0,0,0,0,0,1,45,47,11,0,0,0,1,4,22,1,0,0,128,128,0,7,128,6,0,0,18,22,0,39,128,9,0,0,0,0,1,38,31,3,0,0,0,0,27,36,33,23,1,2,128,85,0,0,128,40,0,0,3,4,1,21,46,0,0,0,0,2,41,70,1,0,0,0,0,18,108,19
0,0,0,43,108,4,0,0,80,29,0,75,108,0,0,0,144,63,0,3,0,0,0,0,60,26,3,0,0,0,0,1,0,0,0,4,130,24,0,0,92,14,0,34,132,2,0,1,144,65,13,4,1,0,0,6,38,33,38,10,0,0,0,2,0,0,0,25,83,8,0,0,54,12,7,68,66,0,0,3,144,21,8,6,0,0,0,104,51,7,18,39,7,0,0,35,0,0,1,22,29,0,0,0,5,1,3,46,42,2,0,1,84,1,2,5,9,8,10,144,74,0,1,16,4,0,1,144
6,4,0,0,0,20,106,17,9,2,0,0,0,13,53,28,49,7,0,0,1,1,34,77,22,5,0,5,154,70,19,29,24,57,11,13,6,2,6,7,15,12,7,12,8,3,4,12,138,10,0,0,3,2,2,19,42,4,0,9,154,35,0,5,74,53,15,20,4,3,3,17,7,8,18,64,23,8,2,2,105,13,3,3,8,8,4,30,23,0,0,5,154,81,1,10,154,14,2,4,5,14,13,44,1,0,1,11,45,88,16,6,13,0,0,0,9,53,42,77,3,0,0,0,154,154,17,14
21,0,0,1,0,0,25,145,116,0,0,0,0,0,19,154,44,0,0,1,4,4,26,113,39,46,4,4,5,2,6,5,64,10,4,11,1,0,0,14,154,16,0,0,0,0,0,42,154,7,0,0,0,0,2,49,129,35,0,0,0,1,1,12,47,21,17,8,0,0,0,0,154,27,0,0,0,0,0,0,154,3,0,0,0,0,0,28,69,2,0,0,0,4,26,90,34,21,7,0,0,0,0,0,154,24,0,0,0,0,0,3,109,2,0,0,0,0,0,14,8,4,0,0,0,0,15,40
27,16,22,0,0,0,4,43,2,6,53,11,0,1,18,12,0,0,49,109,13,2,5,1,0,0,85,132,3,0,0,0,14,0,0,0,0,0,27,132,17,0,0,0,0,0,61,74,60,47,26,10,3,1,9,16,4,27,132,60,0,0,0,0,21,0,0,0,0,0,6,132,93,4,0,0,0,0,5,132,132,49,3,0,0,0,0,40,62,47,66,11,0,0,0,24,23,0,0,0,0,0,1,132,53,0,0,0,0,0,0,132,80,0,0,0,0,0,0,132,35,2,1,0,0,0,0,132
43,5,3,12,2,0,2,39,163,8,0,0,0,0,2,118,157,12,0,0,0,0,10,67,85,42,0,0,1,7,1,5,48,21,19,13,0,0,0,0,163,28,2,0,0,0,0,3,163,4,0,0,0,0,2,58,60,5,0,0,2,33,47,77,47,27,10,0,0,0,0,2,163,34,1,0,0,0,0,6,142,7,0,0,0,0,2,32,10,9,0,0,0,7,35,47,62,16,0,0,0,0,0,3,163,15,0,0,0,0,0,2,124,21,0,0,0,0,0,2,4,30,3,0,0,0,0,0
10,5,8,10,74,37,37,66,141,11,0,0,26,10,6,118,96,17,2,0,0,1,2,72,2,1,1,2,5,23,5,3,20,6,10,58,130,33,31,23,141,55,0,5,21,12,12,32,141,52,0,0,1,2,3,22,1,0,0,0,11,22,4,2,20,0,0,9,101,31,25,49,141,8,0,3,35,3,0,74,141,9,0,0,6,5,0,42,0,0,0,0,15,19,0,0,15,0,0,3,39,5,2,24,141,0,0,0,31,2,0,92,141,0,0,0,3,5,3,88,0,0,1,0,8,12,9,5
38,25,10,2,4,2,12,133,13,2,3,6,119,36,33,85,124,23,0,0,24,5,2,102,46,30,4,0,0,0,0,37,66,90,40,25,10,1,5,47,20,9,18,57,104,46,44,31,133,37,0,2,14,14,14,53,102,25,0,0,0,2,3,33,29,2,1,12,19,5,20,125,29,1,0,27,133,34,30,48,133,23,0,4,28,2,1,43,92,17,0,0,3,2,0,16,5,0,0,33,28,0,2,24,18,0,0,2,48,11,7,34,133,0,0,0,24,2,0,79,89,0,0,0,3,3,1,47
15,4,18,87,105,29,1,22,8,42,70,32,26,9,1,1,5,129,45,0,0,0,0,0,8,129,20,0,0,0,0,0,39,0,0,1,102,104,20,80,129,84,19,0,26,25,4,24,29,129,87,0,0,0,0,1,8,68,40,4,1,0,0,0,38,9,1,6,52,56,64,29,129,55,1,0,8,10,3,37,129,35,18,0,0,0,1,20,2,5,15,5,10,7,4,1,87,68,0,1,57,26,12,6,129,129,0,0,0,0,1,2,57,30,0,0,0,4,9,10,0,0,0,0,1,22,20,1
4,5,4,3,22,8,35,33,0,1,18,90,104,74,20,1,6,124,99,52,18,63,45,3,17,124,16,0,1,5,6,2,27,40,14,6,3,3,41,61,7,4,23,59,17,13,24,6,96,120,86,28,0,0,1,22,52,110,9,0,0,1,9,33,40,43,30,5,0,0,44,124,17,30,33,24,2,0,6,19,84,54,36,2,0,0,0,18,50,33,17,0,0,0,7,55,19,107,124,7,0,0,1,15,11,95,111,0,0,0,0,4,6,86,115,0,0,0,0,1,5,57,56,0,0,0,0,1
0,0,0,0,67,40,2,0,74,34,1,1,13,3,0,0,136,108,0,0,0,0,0,0,54,48,4,10,62,6,0,0,9,0,0,1,9,55,28,8,136,19,0,0,1,2,1,14,136,32,0,0,0,0,0,25,83,14,1,25,74,0,0,5,22,5,90,112,14,5,11,10,136,63,3,9,3,0,0,10,136,34,0,0,0,0,0,44,73,0,0,15,33,2,13,50,11,3,45,100,132,80,14,2,124,50,2,10,27,8,1,16,106,37,0,1,1,1,5,26,13,1,0,2,5,3,42,68
8,4,0,0,24,88,23,24,117,6,0,0,14,74,38,91,111,6,1,1,0,0,0,79,20,18,8,2,0,0,0,8,19,1,0,1,52,130,36,26,130,61,0,0,13,66,10,31,130,31,0,0,3,17,21,56,30,5,2,0,1,4,36,96,27,20,10,19,114,24,0,0,130,46,9,3,8,5,19,96,34,2,0,0,2,59,130,85,14,1,0,0,0,13,81,130,1,26,27,9,10,0,0,0,14,54,76,47,3,0,6,10,15,2,6,49,4,5,38,33,27,3,0,0,0,25,32,38
8,4,0,0,24,88,23,24,117,6,0,0,14,74,38,91,111,6,1,1,0,0,0,79,20,18,8,2,0,0,0,8,19,1,0,1,52,130,36,26,130,61,0,0,13,66,10,31,130,31,0,0,3,17,21,56,30,5,2,0,1,4,36,96,27,20,10,19,114,24,0,0,130,46,9,3,8,5,19,96,34,2,0,0,2,59,130,85,14,1,0,0,0,13,81,130,1,26,27,9,10,0,0,0,14,54,76,47,3,0,6,10,15,2,6,49,4,5,38,33,27,3,0,0,0,25,32,38
67,3,1,0,0,0,0,14,167,6,2,3,2,12,23,117,28,7,17,23,14,73,157,41,44,23,8,3,7,16,84,132,61,0,0,0,2,3,3,16,167,46,18,11,2,1,1,29,70,51,167,87,11,12,10,8,39,152,111,15,10,2,5,20,34,0,0,0,0,3,2,5,167,8,2,0,0,0,0,26,56,11,31,6,1,5,11,14,5,20,16,1,5,3,5,17,0,0,0,0,0,0,0,0,0,0,0,0,0,0,0,0,0,0,0,0,0,0,0,0,0,0,0,0,0,0,0,0
16,18,47,123,25,13,3,1,63,43,29,13,1,5,20,28,123,24,0,0,5,0,5,33,17,0,0,28,78,7,0,2,3,4,10,35,54,123,62,16,29,28,14,6,5,43,123,106,123,23,0,0,4,1,15,123,26,0,0,2,104,34,0,10,9,27,32,95,95,45,9,7,46,104,69,13,6,8,21,30,123,76,5,0,4,0,1,40,34,2,0,19,120,5,0,3,0,7,6,31,77,20,2,0,17,6,4,3,13,24,37,34,115,2,0,0,1,0,3,58,18,0,0,2,50,3,0,4
16,2,0,0,0,0,1,28,14,1,3,3,33,12,42,78,0,8,35,54,113,50,14,7,23,104,49,11,7,13,7,4,20,36,34,19,11,8,2,12,22,8,1,3,43,60,99,80,113,37,65,28,10,6,39,97,15,54,105,28,38,10,3,2,0,3,34,113,69,13,0,0,22,79,73,41,71,39,3,6,113,105,17,1,6,23,53,36,17,3,4,14,32,37,113,28,2,0,28,113,18,0,1,19,0,32,113,101,21,1,0,0,4,27,24,46,41,30,16,1,16,19,18,67,28,27,70,28
0,0,0,0,0,0,0,0,38,0,0,0,0,0,7,26,100,0,0,0,0,0,3,132,114,0,0,0,0,0,0,127,0,0,0,0,0,0,0,0,18,1,0,1,0,1,42,38,134,8,0,0,0,0,15,134,134,6,0,0,0,0,0,122,0,0,0,0,0,0,0,0,35,19,10,20,1,0,3,3,134,120,21,8,0,0,1,16,122,134,16,0,0,0,0,16,0,0,0,0,0,0,0,0,5,31,55,15,0,0,0,0,43,134,109,8,0,0,0,0,54,134,54,0,0,0,0,0
48,1,0,0,0,0,0,15,176,29,1,3,1,0,0,13,73,14,19,106,29,12,2,4,40,49,46,37,4,3,2,5,66,0,0,0,0,0,0,19,176,23,0,0,1,2,2,24,94,8,3,15,35,50,18,13,41,33,9,7,5,9,10,19,81,2,0,0,0,0,0,17,176,19,0,2,4,12,8,24,48,5,5,18,22,82,85,29,63,21,3,2,2,5,40,92,80,9,0,0,0,0,0,1,176,67,11,11,2,1,0,3,25,25,93,84,12,10,8,4,43,92,56,12,2,1,3,15
14,88,11,0,10,88,8,0,30,7,0,0,8,117,97,38,43,11,37,57,24,20,17,24,27,43,66,57,4,0,0,0,0,6,2,24,88,117,4,0,89,13,16,53,45,58,17,56,117,50,29,16,0,0,0,85,12,65,89,20,0,2,0,1,2,1,27,115,38,8,0,4,17,117,117,63,4,0,0,2,104,117,25,0,0,7,0,7,11,25,4,0,0,50,16,0,35,16,47,41,0,0,0,13,1,95,90,6,0,5,0,0,0,56,9,0,6,75,1,0,1,0,0,0,5,102,26,1
2,0,6,3,8,47,96,19,48,10,15,5,7,7,56,57,7,4,5,29,76,43,9,3,13,20,6,6,9,10,17,24,13,2,14,34,35,51,77,34,122,11,4,4,23,3,21,109,35,2,3,24,122,73,15,5,19,10,10,10,20,26,53,80,10,16,103,122,22,17,13,5,122,119,43,34,19,1,2,16,34,11,37,118,122,5,0,0,12,54,122,39,10,2,2,6,7,2,6,18,13,58,76,20,105,29,6,5,12,12,13,60,12,3,12,19,47,62,38,4,2,10,33,4,3,13,79,17
8,69,8,0,0,50,56,3,4,8,5,1,5,63,102,18,0,0,2,26,60,126,10,1,29,33,7,19,24,47,14,6,14,1,1,5,29,126,78,15,126,23,9,7,3,23,69,70,29,17,39,126,20,5,2,3,31,76,64,74,4,0,0,0,17,10,19,77,48,21,0,2,126,92,19,12,2,0,0,27,85,50,67,58,0,0,0,5,1,67,126,25,0,1,0,0,0,46,122,38,1,0,0,0,33,126,75,3,0,1,0,0,17,71,13,0,0,9,11,0,0,6,14,0,0,29,21,0
0,7,80,20,1,24,57,6,1,35,85,1,0,0,47,46,0,6,69,52,4,12,28,11,0,7,118,41,4,10,46,1,12,0,0,7,61,66,71,19,118,4,0,0,3,5,55,95,20,1,0,1,59,83,49,18,2,0,2,0,27,87,118,15,14,17,18,67,84,13,9,3,118,63,12,6,5,1,5,17,26,7,2,52,118,16,2,4,8,22,26,47,81,26,6,4,1,3,4,9,10,27,118,16,18,16,3,1,0,0,118,105,4,2,1,30,26,17,118,46,0,15,31,35,11,9,110,6
5,44,16,0,0,0,1,2,154,34,5,0,0,0,0,37,154,1,0,1,4,25,23,124,3,2,5,6,11,88,72,11,19,12,1,0,0,0,0,8,145,7,0,0,0,0,0,29,154,38,13,14,5,5,1,37,12,31,109,43,13,14,5,2,17,0,0,0,0,0,0,13,154,3,0,0,0,0,0,20,154,42,6,1,0,9,6,34,24,16,36,7,3,65,54,7,10,0,0,0,0,0,0,14,95,0,0,0,0,0,0,38,154,0,0,2,8,14,5,85,13,0,3,21,37,79,40,11
23,11,4,0,12,74,17,5,2,2,15,46,99,57,14,5,20,40,91,84,20,3,0,12,123,123,18,1,0,0,0,15,21,7,1,3,65,123,41,18,123,38,31,10,4,24,33,52,27,104,123,20,0,0,0,1,20,123,33,0,6,14,0,0,18,10,45,61,85,34,1,2,123,64,28,9,1,1,0,33,112,47,21,0,1,2,0,11,0,11,5,0,40,49,0,0,28,19,89,38,3,1,0,27,45,123,73,10,0,0,0,1,33,42,0,0,3,38,4,0,0,0,0,0,32,69,14,0
11,3,0,0,0,25,73,13,2,1,11,4,0,8,102,43,0,4,17,2,5,114,57,4,9,2,1,0,4,93,90,15,10,0,0,2,25,119,119,28,98,2,0,0,1,11,102,119,17,3,8,44,44,65,25,14,29,22,28,41,19,29,9,5,24,18,19,69,66,19,2,5,119,119,16,5,1,0,1,18,36,62,103,45,2,0,0,1,2,50,119,34,0,0,0,0,1,50,119,68,5,0,0,0,19,119,76,2,0,0,0,0,3,61,58,1,0,2,4,0,0,12,53,1,0,11,8,0
0,4,80,11,0,22,91,11,2,11,80,23,0,0,47,53,0,0,59,124,18,4,2,7,0,26,124,81,8,4,1,0,24,4,0,3,38,81,124,45,124,9,0,0,0,1,54,124,33,0,5,14,17,24,5,20,0,1,19,30,34,22,10,5,30,64,65,60,52,9,2,4,124,124,15,0,1,1,1,9,28,6,1,2,23,31,19,8,1,1,1,11,30,66,28,5,1,25,39,17,3,3,124,25,11,50,10,0,1,2,124,32,1,3,0,1,25,42,124,4,2,3,1,0,13,38,104,7
16,0,0,0,0,0,4,11,122,7,0,0,0,0,0,4,172,43,2,3,1,0,0,0,30,11,14,64,31,5,0,0,34,0,0,0,0,0,0,3,172,4,0,0,0,0,0,2,172,17,1,1,0,0,1,17,50,7,12,40,4,18,17,8,31,0,0,0,0,0,0,9,172,8,0,0,0,0,0,5,172,20,0,0,3,5,4,19,31,1,0,4,29,86,52,11,20,0,0,0,0,0,0,14,163,7,0,0,0,0,0,9,172,42,1,8,6,0,0,0,15,7,17,73,53,14,2,0
1,0,0,0,0,3,115,115,9,0,7,11,0,0,52,115,3,1,49,30,0,0,5,42,0,1,19,94,37,1,1,2,71,21,0,0,0,9,51,75,115,30,0,0,0,2,18,115,28,0,0,1,0,12,88,90,0,0,4,34,1,0,58,65,115,83,0,0,0,0,2,4,102,73,0,0,21,29,8,7,6,0,0,0,44,115,115,33,3,0,0,0,0,7,115,115,62,36,0,0,0,0,3,3,25,14,0,0,24,79,48,7,5,0,0,0,71,115,29,12,32,0,0,0,2,12,23,71
48,90,15,1,0,12,13,9,3,16,34,5,8,68,29,1,1,6,7,14,64,116,28,4,88,3,4,17,15,36,42,59,6,24,9,1,9,116,84,12,80,5,3,13,10,55,87,65,14,5,30,116,67,21,1,2,115,72,64,52,9,1,0,15,14,14,41,53,37,70,11,6,116,106,31,10,1,4,5,25,42,48,99,60,0,0,0,0,5,87,110,13,0,8,4,0,7,47,116,23,0,0,0,0,17,116,75,2,0,7,5,0,6,35,14,0,0,19,23,1,0,3,6,0,9,72,21,0
2,0,0,0,0,0,0,0,3,0,0,0,0,0,0,0,0,0,0,0,0,0,0,0,0,0,0,0,0,0,0,0,74,13,0,0,0,0,0,9,137,13,0,0,2,8,2,23,33,11,0,0,36,76,7,5,137,112,0,0,5,8,1,1,80,46,0,0,0,0,0,3,137,39,0,0,8,57,12,24,119,74,0,0,16,137,23,12,137,137,0,0,0,4,2,2,55,20,2,0,0,0,1,14,46,14,1,1,16,35,16,29,137,137,3,1,15,24,1,1,137,137,0,0,0,0,0,0
8,6,15,93,36,2,1,5,26,14,33,68,21,0,0,10,0,0,2,90,58,0,0,0,0,0,0,23,23,3,0,0,17,1,1,143,143,1,1,9,143,22,14,72,33,0,0,22,10,6,31,143,32,0,0,0,0,0,7,68,11,0,0,0,4,2,2,143,143,0,0,0,135,20,10,107,63,0,0,23,25,3,6,68,13,0,0,14,0,0,0,12,0,0,0,0,0,0,0,137,143,0,0,2,7,0,0,84,65,0,0,6,1,0,0,0,0,0,0,3,0,0,0,0,0,0,0,0
2,6,1,0,3,81,101,11,20,1,0,0,3,107,82,60,99,0,0,0,0,0,14,126,40,0,0,30,10,0,0,76,12,2,0,0,0,23,126,13,102,24,0,0,0,27,41,25,116,8,0,0,0,3,37,126,99,0,0,1,0,0,6,126,21,16,0,0,0,0,4,3,63,28,11,1,0,9,20,15,19,12,47,7,4,36,85,68,126,22,13,0,0,1,16,126,0,2,0,0,0,0,0,0,1,58,68,0,0,1,0,0,3,60,126,6,2,12,4,0,86,51,55,1,0,17,29,36
0,0,3,1,0,0,90,73,0,0,16,8,0,0,89,52,0,0,24,62,1,0,24,29,0,2,81,90,1,0,0,2,0,0,0,0,0,9,128,75,11,1,0,0,5,26,128,109,95,5,0,1,0,1,75,128,16,0,10,12,0,12,35,27,37,29,28,15,1,3,62,81,77,39,3,12,32,17,22,22,128,65,0,0,4,39,14,41,21,1,0,0,8,128,97,20,9,39,68,28,11,0,0,0,65,56,8,12,32,0,0,0,100,37,2,12,36,89,8,11,17,11,7,9,36,128,13,8
86,24,14,40,77,1,0,10,126,14,1,0,0,0,1,77,126,0,0,0,0,0,0,71,18,0,0,34,61,0,0,5,14,24,53,54,22,19,3,1,54,33,26,2,1,21,24,60,126,33,4,0,0,0,5,109,49,1,0,6,57,7,0,9,1,38,110,6,4,23,7,1,12,126,126,2,1,10,10,13,112,126,55,0,0,0,4,16,29,14,0,6,73,2,0,2,1,15,41,9,45,47,58,11,6,31,23,0,1,6,126,88,40,19,7,0,0,0,67,126,18,1,0,6,40,0,0,23
82,25,2,1,3,8,5,5,30,18,2,3,3,11,24,11,11,8,2,57,84,5,29,25,37,25,11,38,48,4,16,108,46,19,4,8,6,32,57,9,14,4,3,9,10,77,102,23,104,21,9,21,19,20,54,79,39,114,63,34,15,6,17,10,14,26,77,54,7,18,26,5,18,22,54,75,74,36,18,13,114,35,1,12,18,12,11,108,45,28,2,4,92,77,48,47,21,5,8,4,1,44,114,66,28,2,7,33,114,37,26,55,50,23,7,19,39,14,14,114,43,13,1,36,93,12,11,83
0,0,33,8,0,0,24,0,0,1,77,66,1,3,51,2,77,90,49,28,0,0,10,12,80,41,0,0,15,3,0,1,0,0,0,0,0,25,130,0,7,7,6,4,1,28,135,48,135,26,4,2,0,0,80,135,102,7,0,0,28,0,0,24,19,30,5,0,0,12,25,10,30,126,52,2,1,14,43,16,135,118,7,0,0,0,7,46,135,4,0,0,27,1,0,11,8,64,9,0,0,0,0,0,20,78,8,0,0,0,0,6,135,14,0,0,0,0,0,57,118,0,0,0,23,1,0,20
0,2,18,31,0,0,0,0,36,6,11,6,1,0,1,38,108,0,0,0,7,0,0,63,8,0,0,4,83,6,0,3,0,2,44,91,3,0,0,0,59,13,39,107,26,2,3,39,129,30,8,6,9,4,1,89,23,3,8,17,110,40,1,9,1,75,74,15,0,1,0,0,11,77,129,88,3,0,0,0,86,129,129,12,2,0,0,4,8,25,129,62,23,3,0,1,0,93,124,0,0,0,3,0,0,62,129,0,0,3,13,0,0,49,78,0,0,10,28,0,0,5,44,3,0,12,48,2
18,68,15,0,0,4,11,5,72,127,37,0,0,2,11,17,158,55,0,0,2,0,0,18,27,1,0,0,116,18,0,0,3,73,18,0,0,0,0,0,84,32,6,3,5,0,0,27,158,7,0,0,5,0,0,38,34,0,0,0,158,37,0,1,1,17,19,8,1,0,0,0,79,19,5,19,9,0,0,1,158,40,0,0,9,0,0,2,29,3,0,0,158,41,0,0,1,3,6,9,3,0,0,0,67,20,2,18,6,0,0,0,158,37,0,0,11,1,0,0,16,1,0,0,158,31,0,0
37,0,0,16,22,7,27,81,106,2,0,0,0,0,1,39,127,15,0,0,0,1,0,9,26,4,0,0,107,75,3,4,67,44,36,61,46,3,1,17,127,42,3,0,0,0,0,17,127,2,0,0,6,17,3,41,22,1,0,0,127,127,5,11,5,42,79,56,4,0,0,0,26,62,44,2,0,0,0,0,72,16,3,0,52,61,3,11,51,5,0,0,127,127,6,7,0,3,15,39,12,0,1,0,1,8,24,8,1,1,16,2,4,4,3,0,115,74,10,2,77,29,0,0,127,97,0,1
6,4,12,86,29,0,0,3,9,4,9,13,38,33,4,7,7,8,58,76,58,54,22,4,13,7,50,71,5,6,43,59,0,0,4,41,68,42,0,0,18,2,4,14,112,109,12,18,112,25,44,44,36,46,13,64,41,30,67,86,51,53,11,17,0,0,0,0,48,112,18,8,26,18,7,35,107,51,11,5,112,82,17,59,32,11,2,21,72,56,69,112,38,17,4,10,1,0,0,0,5,65,60,12,11,2,0,3,11,56,81,33,112,11,5,8,0,1,14,112,34,15,62,34,1,0,0,64
140,20,0,0,67,131,16,20,104,9,0,0,0,0,6,94,36,0,0,0,0,0,10,56,26,4,0,0,0,2,5,25,140,20,0,0,13,48,14,36,114,2,0,0,0,0,1,102,129,17,0,0,0,0,1,50,44,12,0,0,7,19,3,4,140,22,0,0,19,3,0,29,140,19,0,0,0,0,0,13,140,24,0,0,0,0,0,7,23,1,0,0,24,45,3,5,140,6,0,0,4,1,0,41,140,14,0,0,0,0,0,8,117,12,0,0,0,4,1,3,8,0,0,0,31,45,2,2
9,2,0,9,47,11,4,1,153,68,0,0,1,4,2,1,153,24,0,0,0,2,20,23,2,0,0,0,0,4,23,30,30,5,0,34,71,0,0,0,153,58,0,1,6,0,0,4,117,16,0,0,13,41,12,9,0,0,0,0,15,42,104,35,38,1,0,15,116,3,0,2,153,6,0,0,9,1,0,47,85,2,0,5,49,22,3,23,7,0,0,6,137,40,24,10,15,21,4,13,96,0,0,0,153,56,2,1,3,0,0,15,103,14,5,28,27,0,0,6,5,3,3,60,113,4,0,0
11,4,3,1,0,0,5,13,61,0,0,0,0,0,5,32,140,0,0,0,5,0,0,33,19,0,0,14,120,0,0,2,3,10,88,38,0,0,1,0,57,5,25,66,1,0,2,25,140,8,2,2,2,0,0,37,36,0,0,29,98,0,0,1,0,0,51,30,1,0,112,24,23,16,36,102,9,6,37,14,140,41,9,7,2,1,1,10,37,1,0,7,88,22,0,1,4,0,0,0,0,0,140,140,27,0,0,2,2,5,107,140,127,2,0,0,1,3,10,105,17,0,0,0,71,47,7,16
0,0,0,0,0,7,18,4,24,30,10,4,10,7,2,1,39,107,139,47,2,0,0,0,0,5,74,141,14,0,0,0,2,1,1,0,0,0,25,13,139,15,0,0,0,0,4,18,141,56,20,24,5,0,0,13,19,6,23,141,103,1,0,0,7,10,7,3,0,1,2,3,139,37,0,0,0,0,0,6,141,8,0,2,3,0,0,55,35,0,0,68,141,3,0,16,29,6,0,0,0,6,12,14,74,33,0,0,0,1,6,10,112,3,0,0,0,0,9,138,51,0,0,38,55,0,0,62
12,8,14,24,16,17,12,40,0,0,32,141,45,32,6,0,0,8,141,141,21,0,0,0,0,21,141,141,28,0,0,0,18,2,0,0,3,85,37,34,61,16,5,18,13,73,29,14,9,16,48,96,31,2,1,1,0,11,39,133,63,12,6,1,36,7,0,0,11,141,25,10,141,11,0,1,4,18,15,29,19,2,1,18,78,43,3,6,0,0,3,11,77,50,16,0,36,25,6,1,8,29,1,0,135,14,0,0,1,1,0,21,11,0,7,27,33,9,1,8,0,0,20,37,79,9,0,0
85,12,0,0,0,0,13,147,66,12,0,0,0,0,7,112,34,11,0,0,0,0,4,17,7,13,4,0,1,17,5,1,147,20,0,0,0,0,6,147,147,18,0,0,0,0,1,94,70,32,7,3,0,2,3,8,2,0,22,12,5,28,10,1,147,121,1,0,0,0,0,3,147,22,0,0,0,0,0,29,103,38,18,4,0,0,0,8,0,3,41,16,10,3,0,0,59,84,60,28,6,0,1,7,147,26,0,1,2,0,7,78,79,26,2,1,2,2,11,62,0,1,1,4,29,14,3,3
8,0,0,0,0,1,41,22,1,0,0,0,0,3,83,13,117,28,0,0,0,1,41,32,171,58,0,0,39,67,0,8,0,0,0,0,0,8,18,7,23,1,0,0,0,19,48,15,171,94,0,0,0,12,21,31,111,56,0,0,127,171,21,10,0,0,0,0,0,2,0,0,24,0,0,0,0,7,6,8,115,10,0,0,0,97,117,68,13,2,0,0,68,171,99,11,0,0,0,0,0,0,0,0,0,0,0,0,0,0,0,0,0,0,0,0,0,15,7,0,0,0,0,0,12,56,5,0
105,0,0,0,0,3,67,74,117,0,0,0,0,0,11,45,2,0,0,8,17,2,10,9,0,0,0,31,72,2,0,0,134,3,1,0,0,7,19,76,134,2,0,0,0,0,47,69,50,9,1,7,2,0,21,47,8,3,2,50,98,1,0,1,134,59,0,0,0,29,46,95,134,46,10,0,0,0,7,27,92,39,5,2,1,0,3,26,18,6,3,36,87,4,2,11,134,86,0,0,0,2,52,91,88,18,4,0,0,3,33,134,11,4,3,0,1,23,47,58,10,8,3,3,19,9,21,53
0,0,0,0,0,61,122,3,1,3,4,1,1,44,122,15,0,1,13,13,14,122,39,0,11,11,17,2,8,52,7,19,12,4,8,21,6,20,52,2,122,119,66,23,3,10,43,16,12,30,122,122,27,21,6,2,2,64,122,22,2,2,0,0,15,12,21,76,25,0,0,0,122,58,26,17,8,10,6,77,54,22,28,64,70,68,14,39,11,112,81,10,4,2,0,0,20,21,11,19,35,1,0,7,48,49,38,11,26,28,17,27,102,38,1,1,11,47,30,20,90,69,21,0,0,0,0,1
15,2,0,0,2,112,136,24,85,110,15,1,20,65,79,10,34,136,58,0,2,0,0,1,68,136,4,0,6,10,0,5,82,27,12,13,12,60,13,5,136,124,2,0,0,2,6,20,84,104,9,0,2,20,17,40,77,17,0,0,9,10,4,67,40,20,114,94,3,0,0,3,136,35,29,7,0,4,20,77,28,2,0,0,0,31,57,40,8,0,0,0,0,0,2,14,0,11,105,47,0,0,0,0,16,17,37,13,0,0,1,4,1,0,0,0,0,0,1,1,0,0,0,0,0,0,0,0
0,0,2,19,85,137,5,0,92,40,4,3,4,54,25,6,137,137,2,0,0,0,3,4,41,110,17,0,1,4,2,8,0,0,47,137,80,6,0,0,111,44,88,73,2,1,0,4,137,46,6,1,0,3,18,70,37,13,1,0,1,35,57,39,0,3,73,137,30,2,0,0,15,23,137,124,0,0,0,0,86,42,42,11,0,0,9,29,3,0,0,0,0,3,19,10,0,12,57,30,1,0,0,0,0,5,42,17,0,0,0,0,0,0,4,2,0,0,0,0,0,0,0,0,0,0,0,0
0,0,5,72,73,34,5,0,29,5,2,4,23,46,69,66,36,17,21,1,0,10,14,62,0,4,3,0,0,5,4,0,1,1,2,27,148,69,2,0,136,54,0,4,103,58,34,51,85,18,0,0,1,47,41,43,0,0,0,0,0,15,5,0,0,1,0,3,148,90,2,1,54,8,0,1,103,43,41,141,21,6,1,0,0,17,115,57,0,0,0,0,0,2,8,0,0,1,0,1,148,148,0,0,84,20,1,0,46,49,6,31,77,23,3,0,0,0,7,15,0,0,0,0,0,0,0,0
0,0,0,1,5,0,0,0,0,0,0,0,0,0,0,0,0,0,0,0,0,0,0,0,0,0,0,0,0,0,0,0,5,12,14,40,113,27,8,3,107,56,9,5,1,5,10,24,19,7,0,2,11,31,41,6,0,0,0,1,43,17,19,4,11,19,30,50,90,97,49,17,114,89,31,20,16,36,45,100,16,7,17,44,44,114,114,40,4,5,10,4,114,86,107,61,15,47,67,63,40,20,12,25,44,114,79,67,21,18,10,46,2,10,108,114,42,32,24,8,4,13,83,51,114,24,11,13
22,62,100,39,63,13,5,15,32,18,28,60,115,77,38,21,61,15,9,4,6,15,74,115,0,0,0,1,1,5,64,54,36,11,8,19,49,115,106,36,61,33,115,91,64,30,45,37,17,22,93,110,17,10,9,2,0,0,0,6,4,4,7,1,27,48,13,8,71,113,53,25,115,104,14,6,1,8,22,46,24,4,13,32,0,0,5,8,0,0,0,0,0,0,0,0,22,29,6,2,6,6,94,115,33,52,2,0,0,1,38,109,1,0,0,0,0,0,1,1,0,0,0,0,0,0,0,0
1,65,62,0,0,0,0,2,7,116,116,1,0,0,0,3,13,116,116,14,18,1,0,9,14,76,52,14,26,7,12,29,0,96,115,11,7,0,0,0,20,86,114,60,79,10,6,30,114,58,27,37,33,3,5,90,22,37,71,80,43,9,5,8,0,5,5,8,4,0,0,0,7,18,51,116,48,19,7,2,105,74,40,31,12,32,56,59,17,14,33,28,73,72,40,38,0,0,0,0,0,0,1,0,3,2,4,11,13,57,48,4,19,12,19,38,33,62,54,42,48,40,26,10,15,11,25,49
14,55,58,35,29,16,25,30,14,60,47,84,71,27,9,15,35,35,58,58,43,22,13,21,7,6,20,20,9,13,24,9,75,39,6,4,13,23,35,75,32,13,7,23,63,118,58,42,91,34,57,28,12,30,35,70,11,6,32,22,0,0,2,6,39,40,3,4,16,13,118,93,22,29,6,11,102,68,118,45,118,72,4,3,6,6,41,67,9,1,0,0,0,0,7,6,0,0,0,0,0,1,118,63,2,1,0,0,1,7,118,90,9,4,0,0,0,0,118,118,0,0,0,0,0,0,15,7
53,0,0,0,0,0,0,19,162,3,0,1,1,6,7,31,58,5,4,6,9,39,48,38,58,14,1,4,9,23,23,46,74,10,1,0,0,0,0,4,162,53,14,7,1,2,3,16,58,62,106,49,5,12,27,22,39,91,36,53,24,13,8,25,63,7,2,0,0,0,0,3,162,25,4,3,1,5,21,57,48,21,31,17,4,23,136,81,28,27,10,16,18,57,48,103,53,4,0,0,0,2,3,4,162,69,16,8,0,1,1,3,29,53,109,33,3,4,8,9,16,50,36,30,39,13,4,13
132,2,0,0,0,0,0,25,109,7,11,31,15,15,5,13,79,37,12,11,9,4,2,8,16,7,28,51,37,4,9,3,132,3,0,0,0,0,2,31,112,7,11,12,9,46,50,40,81,27,6,7,12,27,32,79,26,9,12,23,26,67,89,40,132,24,2,0,0,0,0,13,113,46,85,38,4,9,30,22,43,114,55,40,13,10,16,37,24,24,29,111,39,32,15,10,132,12,1,0,0,0,2,24,75,15,22,14,4,20,81,45,30,28,14,9,11,30,52,102,5,8,9,22,30,91,46,20
27,50,38,4,9,3,17,7,12,23,26,66,90,40,26,9,29,110,40,31,15,10,24,24,9,22,29,90,47,20,5,8,12,11,8,4,2,8,78,38,6,7,12,27,32,78,82,27,55,40,14,10,16,36,43,114,14,9,12,31,51,103,30,27,10,31,14,15,5,13,112,7,11,12,9,45,50,39,114,8,85,39,4,9,31,21,112,47,22,15,4,19,82,45,73,15,0,0,0,0,0,23,132,2,0,0,0,0,2,28,132,4,2,0,0,0,0,12,132,26,1,0,0,0,3,23,132,13
33,90,36,15,5,4,7,32,3,15,28,108,67,27,10,2,19,65,84,38,12,5,3,6,9,15,40,22,2,2,3,10,93,21,2,4,8,42,36,106,11,6,12,32,31,111,111,34,111,37,38,16,3,13,40,95,14,6,55,40,6,16,17,6,24,55,71,39,9,9,3,4,10,46,111,70,21,25,9,5,108,111,57,11,27,18,3,18,10,3,0,4,58,94,45,3,0,5,102,44,0,0,9,5,0,33,111,17,0,0,3,3,0,49,59,59,34,2,0,0,0,0,22,111,75,15,0,0
51,1,0,0,0,0,0,10,176,40,0,0,1,5,6,12,69,17,14,5,9,50,95,30,49,13,11,1,10,11,37,71,74,1,0,0,0,0,0,21,176,30,3,12,5,3,1,11,68,29,33,105,35,28,23,13,137,60,16,11,28,5,9,33,74,0,0,0,0,0,0,29,176,6,0,2,1,3,3,36,88,12,13,33,22,31,15,16,93,39,9,8,10,5,6,14,66,1,0,0,0,0,0,16,176,12,3,3,1,8,8,27,49,13,18,14,7,38,51,40,56,23,5,9,14,27,23,52
32,11,3,8,3,3,56,66,38,20,10,3,11,27,12,24,0,3,8,27,117,90,10,1,49,31,31,31,31,23,18,39,38,74,63,29,10,6,7,19,45,29,3,1,57,117,41,17,94,29,35,22,28,67,46,34,27,117,117,25,3,0,0,0,31,31,26,4,32,59,20,7,13,15,42,53,117,79,10,5,117,86,40,15,8,8,4,16,86,58,25,0,5,9,0,1,23,6,1,4,38,115,44,34,89,27,65,21,6,10,15,71,41,117,81,7,1,5,0,1,20,27,0,0,6,62,5,0
20,5,0,25,52,43,2,0,4,8,33,107,36,67,37,7,87,78,26,26,11,8,9,22,10,9,26,59,37,17,11,1,13,4,0,53,110,41,2,0,19,4,3,90,96,81,59,32,110,18,2,9,23,22,18,98,10,4,10,22,60,76,43,9,10,0,0,50,65,55,2,2,16,23,21,110,95,54,16,7,110,103,21,35,16,3,2,16,9,17,55,73,36,8,3,2,9,0,0,12,110,90,6,0,19,4,4,13,38,93,79,44,110,16,3,2,4,5,12,83,6,4,16,15,11,13,6,4
67,2,3,7,0,0,0,21,79,8,0,0,0,0,0,14,29,34,0,0,0,0,0,0,8,41,0,0,0,0,0,0,36,3,9,46,0,0,0,14,142,9,1,1,0,0,0,33,60,54,0,0,0,0,0,1,8,84,7,0,0,0,0,0,6,4,33,71,0,0,0,0,122,34,17,15,0,0,0,18,92,152,20,0,0,0,0,6,3,152,92,0,0,0,0,0,0,42,60,23,0,0,0,0,15,152,145,13,0,0,0,0,17,152,134,2,0,0,0,0,26,152,55,0,0,0,0,0
1,6,29,0,0,0,0,6,4,38,130,0,0,0,8,11,72,130,79,0,0,0,2,5,64,44,0,12,68,11,0,0,3,2,1,0,0,0,22,65,21,9,18,0,0,0,130,130,130,37,10,0,0,0,29,102,50,15,0,12,54,50,1,4,10,27,8,0,0,0,5,21,93,76,2,0,0,0,31,60,130,66,0,0,4,1,4,26,46,7,0,19,130,94,3,0,1,6,46,35,0,0,1,1,82,35,33,41,1,0,7,37,130,71,2,1,4,4,0,14,18,7,2,71,90,45,13,0
8,14,41,44,47,12,5,7,10,83,66,27,6,11,15,6,9,8,31,90,35,9,10,17,4,0,1,7,18,41,22,16,14,32,51,18,7,42,34,4,7,25,36,11,40,112,72,13,72,8,8,68,57,39,72,49,5,15,17,80,54,21,7,2,63,16,4,12,12,46,86,45,26,22,53,112,83,56,9,7,112,112,57,57,11,6,5,15,18,56,112,112,13,1,1,0,71,112,47,9,1,3,2,6,13,47,112,45,1,5,3,0,12,94,76,6,0,27,26,0,3,14,24,6,0,51,67,1
50,16,0,0,17,34,1,5,0,0,4,63,70,75,42,3,51,74,48,65,13,5,16,12,40,42,6,35,64,17,2,0,36,19,0,25,104,56,1,0,9,4,10,76,86,109,101,32,109,29,8,7,7,14,43,96,28,6,2,11,37,90,31,12,10,8,0,35,60,96,59,1,8,18,46,109,41,29,99,19,108,93,35,21,24,20,42,37,14,11,5,14,94,56,24,7,0,0,0,7,109,76,32,2,20,7,2,4,12,17,88,44,14,12,22,5,2,16,73,38,21,9,19,7,7,27,36,12
1,16,40,39,2,7,26,5,7,51,74,19,1,1,14,22,14,21,51,32,10,6,9,4,12,15,5,5,4,6,29,4,15,2,2,3,0,87,155,36,155,18,7,11,5,9,75,131,36,13,15,64,75,27,11,7,14,68,55,11,8,8,32,6,95,5,0,0,0,45,67,18,155,41,1,6,12,14,7,21,55,14,14,37,60,76,14,18,111,49,17,7,21,6,4,32,131,4,0,0,0,0,1,7,155,39,6,13,3,1,2,7,30,26,59,78,15,10,15,6,48,75,26,10,14,1,3,10
40,142,29,6,0,0,6,19,3,22,46,50,3,5,18,5,4,42,69,19,1,2,13,16,15,16,32,19,2,3,6,4,26,15,11,7,7,33,97,61,15,4,7,9,1,74,142,45,128,23,17,15,7,5,63,110,15,12,16,41,49,15,12,3,2,0,1,3,7,100,142,11,114,12,0,0,0,54,99,24,142,53,1,6,13,20,11,26,36,13,9,23,40,53,11,14,27,0,0,0,0,4,17,13,142,15,0,0,0,0,2,6,142,55,7,22,7,3,2,3,16,25,43,53,13,8,8,5
6,8,25,38,25,73,57,18,89,22,9,8,19,17,25,86,8,4,14,25,65,87,42,15,12,11,9,10,67,15,51,56,11,10,71,111,69,65,49,26,111,50,36,17,28,13,29,111,29,9,7,66,111,59,17,14,59,54,10,21,60,8,13,35,1,5,59,84,29,108,99,2,46,42,35,13,5,42,111,26,13,15,34,9,29,111,70,13,51,19,11,8,22,12,18,64,3,0,1,41,95,43,42,8,63,15,4,0,9,11,41,61,16,18,35,2,11,11,9,13,5,6,10,5,23,22,33,12
17,29,81,26,0,1,26,46,109,52,12,5,3,12,22,30,81,12,0,2,21,109,77,38,60,7,1,0,0,32,81,109,6,15,53,26,25,7,1,4,109,86,22,32,26,11,3,16,28,47,109,109,58,67,11,11,78,88,94,17,8,16,6,17,19,13,14,8,37,19,7,24,103,21,23,13,20,14,41,70,26,10,62,26,2,8,109,109,17,14,74,35,4,11,26,60,20,39,35,7,3,13,27,14,5,16,54,64,18,9,52,28,40,70,33,28,10,7,27,37,28,25,3,8,44,47,29,25
4,62,37,20,3,19,15,0,1,1,18,93,50,13,17,8,0,0,1,25,38,40,19,9,0,24,40,15,27,62,13,0,6,8,5,4,41,116,61,15,94,6,9,53,26,27,57,71,15,10,26,116,43,5,1,1,14,116,48,19,6,1,0,0,11,10,32,100,69,33,3,4,116,103,41,26,4,3,2,24,57,51,116,116,4,0,0,1,2,116,116,19,0,3,3,0,7,27,103,51,1,0,0,0,21,116,91,6,0,6,3,0,13,41,19,2,0,44,28,0,0,6,14,0,0,57,76,2
0,0,0,0,0,3,117,57,20,0,5,9,0,1,96,117,10,0,42,37,0,4,23,36,0,0,66,44,0,1,19,6,22,17,8,1,0,9,82,44,117,24,1,0,0,16,38,95,47,1,0,0,2,117,117,47,15,0,2,1,0,20,117,117,23,42,49,18,6,0,0,3,117,59,8,16,23,38,5,10,24,18,27,34,61,117,30,15,116,43,10,0,0,14,22,66,29,11,6,8,30,9,0,6,77,46,22,33,9,2,8,22,3,24,117,78,17,3,13,8,17,57,91,12,2,1,0,3
7,13,119,17,2,23,53,62,4,31,51,16,35,72,54,9,13,11,11,31,101,53,2,6,30,24,15,12,3,1,15,36,12,29,68,70,37,26,34,29,88,12,6,43,37,34,44,26,16,9,71,67,32,11,1,3,3,6,66,17,11,9,5,11,6,7,50,80,113,33,65,40,80,8,2,40,96,27,22,29,17,2,7,10,11,33,73,23,0,0,8,5,47,74,32,4,71,67,6,18,99,24,34,46,4,1,4,13,115,66,42,18,0,0,32,40,22,76,119,26,0,0,9,42,20,107,119,16
0,0,0,11,134,43,7,0,28,5,0,5,24,23,43,38,35,20,21,2,0,2,27,27,3,4,38,12,2,15,22,4,1,0,0,1,134,134,6,3,134,28,0,0,41,87,21,41,89,31,3,0,1,1,4,19,1,1,7,3,20,30,9,5,36,14,0,0,126,134,14,8,134,56,0,0,3,57,20,62,49,4,0,0,2,2,27,83,0,3,1,1,30,16,7,11,77,82,1,1,134,95,0,0,122,119,3,0,2,5,3,8,7,2,2,0,0,2,20,60,8,5,1,0,3,4,17,48
12,106,49,0,0,0,0,0,135,136,14,0,0,0,0,0,136,46,2,0,0,0,0,8,33,7,4,8,114,14,0,1,94,63,2,0,0,0,0,4,136,49,1,0,0,0,0,16,136,7,0,0,0,2,0,18,47,0,0,0,136,132,0,3,88,1,0,0,0,0,0,9,136,6,0,0,0,0,0,14,136,16,0,0,6,10,1,5,19,0,0,0,136,136,1,3,3,0,0,0,0,0,0,0,8,0,0,0,0,0,0,0,10,0,0,0,0,0,0,0,0,0,0,0,18,9,0,0
0,0,0,16,48,12,0,0,71,68,0,1,76,26,0,0,62,125,17,0,1,2,3,0,7,22,2,8,38,11,5,0,1,0,6,68,102,13,0,0,125,47,0,4,78,21,9,18,77,27,0,0,0,34,81,21,0,0,1,3,17,18,39,32,1,0,15,79,125,15,1,1,66,3,0,5,125,36,85,94,22,2,0,0,0,65,125,54,44,5,1,2,1,5,47,125,0,1,3,14,125,38,19,1,4,49,51,25,124,15,21,17,30,38,45,20,0,2,19,20,68,88,7,0,0,0,0,17
21,3,0,8,11,9,127,81,3,3,1,0,6,45,127,59,0,0,1,0,5,77,114,20,0,0,0,0,0,17,46,15,18,21,5,41,74,32,57,15,89,108,67,8,1,1,90,48,8,16,127,73,0,3,81,38,0,0,38,56,0,1,71,53,19,19,44,40,31,17,0,1,127,67,26,3,0,0,0,35,75,20,81,57,0,0,0,17,2,0,52,127,29,0,6,3,0,26,84,72,6,0,0,0,39,127,46,3,2,4,4,4,34,21,0,1,0,1,15,20,5,0,8,52,13,3,25,9
4,17,10,0,43,152,31,5,90,3,0,0,6,79,114,152,21,0,0,9,0,0,92,152,0,0,6,133,2,0,35,139,15,1,0,0,30,100,5,10,152,10,0,0,6,21,8,67,50,6,4,0,0,0,61,152,5,1,2,4,0,0,43,152,3,0,0,0,0,0,0,1,83,13,0,0,0,0,0,6,55,32,11,0,0,0,0,3,11,15,25,1,0,0,2,78,0,0,0,0,0,0,0,0,0,0,0,0,0,0,0,0,9,12,0,0,0,0,0,0,3,5,6,1,0,1,3,1
0,0,7,1,0,33,191,26,1,1,18,2,0,2,191,83,1,0,33,5,0,0,191,97,0,0,45,8,0,0,191,53,31,5,0,0,0,12,86,126,34,48,2,0,0,1,89,42,9,30,11,1,1,1,107,44,0,0,1,1,3,16,144,26,36,0,0,0,0,0,1,76,49,8,0,0,0,0,0,21,10,6,2,0,2,9,3,4,0,0,0,0,6,64,17,0,0,0,0,0,0,0,0,0,0,0,0,0,0,0,0,0,0,0,0,0,0,0,0,0,0,0,0,0,0,4,0,0
5,123,117,4,0,0,3,1,12,60,84,28,2,0,0,0,123,28,7,2,0,0,0,26,123,3,2,10,2,0,0,57,52,46,32,10,8,2,3,90,10,7,24,47,72,7,2,7,123,20,3,3,6,0,0,38,109,0,0,0,0,0,0,123,78,38,24,0,2,2,5,123,18,9,7,11,48,11,8,30,110,18,2,4,5,0,0,11,77,1,0,0,0,0,13,78,29,64,123,2,0,0,14,29,7,35,123,20,2,0,0,3,21,59,123,22,1,0,0,3,7,3,39,49,30,25,36,16
105,49,13,14,10,17,17,75,155,52,8,11,16,34,27,51,104,108,11,4,1,5,2,12,0,6,5,23,17,12,6,0,36,29,4,11,34,32,28,53,155,60,0,0,19,30,14,28,155,29,0,0,2,26,8,14,0,0,0,4,4,23,10,2,16,0,0,17,65,14,19,19,155,6,0,0,0,8,10,84,111,2,0,0,2,18,26,42,3,1,0,0,0,5,19,10,10,0,0,32,82,6,1,4,155,0,0,5,4,2,2,90,81,0,0,0,12,29,51,52,4,0,0,1,10,29,97,57
12,72,6,0,6,78,43,3,144,100,2,0,2,3,0,14,144,6,1,3,1,0,0,66,23,6,18,63,43,0,0,4,3,119,100,5,0,0,1,0,132,77,23,3,0,0,0,7,144,8,0,0,0,0,0,53,84,9,8,42,22,0,0,22,1,17,88,57,18,0,0,0,67,38,27,27,10,0,0,1,144,21,0,0,0,0,0,66,86,0,1,5,0,0,0,99,3,1,2,11,49,11,5,22,50,8,1,7,30,3,0,5,118,4,0,0,0,0,0,57,67,0,0,0,0,0,1,104
17,6,3,1,0,0,2,47,39,5,1,3,3,26,35,106,7,2,4,88,48,88,45,16,2,2,108,137,24,3,1,0,11,21,2,2,2,34,9,4,21,6,0,0,2,137,84,23,137,10,2,4,2,71,84,58,40,7,16,52,55,26,1,4,3,2,0,0,1,126,128,11,44,32,3,1,16,137,27,5,137,37,0,0,2,14,8,27,41,0,1,27,69,31,2,12,2,37,27,0,0,18,57,3,27,73,14,0,0,7,5,0,137,30,0,0,0,0,0,6,39,4,5,24,14,0,0,4
0,0,1,36,39,9,1,0,52,26,2,12,56,6,0,5,134,93,7,3,2,0,0,9,8,20,7,7,9,2,3,3,0,0,34,134,15,0,0,0,65,6,19,134,41,2,1,21,134,20,8,14,5,0,0,50,15,4,22,23,15,1,1,1,5,1,33,62,0,4,27,29,19,16,94,134,3,0,1,14,134,102,59,57,1,0,0,6,38,36,117,19,5,3,1,4,32,0,0,0,0,6,45,96,18,1,12,34,5,24,53,59,52,16,11,23,6,33,122,30,29,10,11,2,10,84,134,38
17,7,35,11,3,4,5,38,1,1,21,144,39,20,7,5,0,0,139,144,19,0,0,0,0,32,144,144,15,0,0,0,13,3,0,0,0,50,36,21,46,6,2,16,10,40,42,19,7,3,49,97,27,10,1,0,0,0,34,144,99,22,0,0,21,11,1,0,3,92,20,3,140,16,0,1,5,13,9,15,12,0,1,19,57,38,1,3,0,0,2,23,144,69,1,0,17,28,6,0,0,5,3,0,88,15,0,0,1,0,0,3,9,1,2,29,38,2,0,1,0,0,3,32,144,15,0,0
95,16,47,63,25,0,0,14,127,6,2,2,2,0,3,118,33,1,0,0,0,0,13,82,5,0,0,4,10,0,1,14,27,28,49,106,34,5,1,2,127,37,20,11,2,0,10,116,127,14,0,0,0,0,19,109,40,2,0,0,7,3,2,17,1,2,9,18,5,59,110,16,126,23,5,3,0,1,59,60,127,44,0,0,0,0,0,29,28,3,0,0,6,1,1,27,32,33,7,2,4,53,79,16,127,127,0,0,0,0,36,45,108,67,2,0,0,0,0,12,28,24,1,1,8,0,0,8
1,0,0,0,0,0,0,0,18,10,2,0,0,0,0,0,3,8,8,14,0,0,0,0,4,8,2,1,0,0,0,0,45,1,1,9,0,0,0,4,168,88,12,8,0,0,0,12,55,50,35,129,33,0,0,0,2,29,14,23,5,0,0,0,39,3,30,45,0,0,0,3,168,16,6,11,1,0,0,94,152,10,7,142,64,0,0,30,0,53,38,57,13,0,0,0,4,2,77,111,0,0,0,0,168,31,48,49,0,0,0,59,168,6,5,61,16,0,0,45,0,50,37,43,6,0,0,0
0,0,4,12,0,0,0,0,143,16,5,18,0,0,0,1,166,84,12,34,19,0,0,4,2,11,13,63,35,0,0,0,0,0,26,43,0,0,0,0,148,16,55,134,0,0,0,8,166,20,6,34,22,0,0,42,17,17,27,94,44,0,0,1,0,0,9,29,0,0,0,0,41,24,64,166,11,2,0,1,166,54,22,29,7,0,0,21,38,23,27,47,13,0,0,2,0,0,0,1,2,0,0,0,14,3,3,21,47,9,0,2,166,8,2,6,8,3,0,33,50,12,7,5,0,0,0,8
38,19,0,0,0,0,0,30,45,19,0,0,0,0,0,43,186,7,0,0,0,0,0,68,186,28,22,2,1,4,14,89,13,94,8,0,0,0,0,0,33,86,5,0,0,0,0,2,186,36,1,0,0,0,1,29,186,28,16,1,0,3,33,147,16,20,1,0,0,0,0,15,32,10,0,0,0,0,2,33,114,3,0,0,0,2,10,30,186,54,21,1,0,0,2,31,2,0,0,0,0,0,0,3,2,0,0,0,0,0,0,5,7,0,0,0,0,0,1,2,35,1,0,0,0,0,0,1
80,0,0,0,0,0,0,21,166,3,0,0,0,1,5,40,67,5,3,2,2,11,44,49,50,7,0,3,5,17,25,40,108,14,0,0,0,0,0,4,166,56,10,1,0,0,2,16,68,75,85,11,1,3,18,26,28,68,30,49,19,14,9,19,98,11,1,0,0,0,0,3,166,28,4,1,0,0,12,56,57,26,29,5,0,2,89,102,19,19,9,15,18,58,45,73,76,6,0,0,0,0,2,5,166,84,14,1,0,0,0,2,27,69,102,8,0,0,6,9,7,31,28,32,40,11,4,8
1,0,0,0,8,6,9,22,0,6,11,22,88,83,11,6,4,54,69,123,32,31,4,0,0,3,48,123,12,3,0,0,13,4,12,38,19,11,45,57,92,47,61,21,32,18,41,54,9,69,86,44,78,47,7,3,7,21,38,123,43,45,4,2,9,14,67,123,32,3,3,5,97,42,47,52,14,20,58,36,39,27,30,36,55,37,92,41,16,34,71,61,16,4,1,3,12,1,29,96,0,0,5,43,1,3,87,123,9,5,5,4,35,73,83,38,15,19,17,11,11,14,7,47,12,13,41,16
4,43,13,1,25,98,0,0,2,5,9,14,66,124,34,3,42,55,14,5,12,43,21,11,9,24,1,0,0,0,6,5,5,3,1,4,85,124,10,5,60,35,95,43,46,54,14,19,41,55,94,48,61,20,31,19,12,7,0,6,11,19,84,85,19,12,36,75,79,36,14,19,92,40,39,27,30,36,58,36,8,3,9,68,90,44,76,47,5,0,4,52,64,124,36,34,38,16,10,13,7,51,14,11,1,3,15,35,70,61,17,5,5,2,6,20,34,124,45,47,0,0,0,3,43,124,13,2
136,42,0,0,0,0,0,2,127,64,40,6,0,4,19,17,34,63,30,13,16,6,14,24,13,17,14,51,67,17,3,11,136,18,0,0,0,0,1,14,136,25,11,9,6,26,77,46,65,21,8,5,27,27,40,98,13,10,6,20,68,73,32,44,136,8,0,0,0,0,0,22,136,33,30,49,8,9,7,13,110,62,14,28,29,4,3,16,17,25,36,86,71,13,5,11,136,0,0,0,0,0,0,35,117,5,3,4,2,10,31,45,65,12,2,7,5,15,25,40,15,13,21,23,7,18,43,32
0,44,137,3,0,0,0,0,0,26,137,21,0,0,0,0,3,98,137,9,0,0,0,0,1,108,137,1,0,0,0,0,60,46,98,10,6,5,4,32,23,23,121,63,60,4,0,11,92,79,92,8,6,1,0,33,15,47,73,8,2,0,0,3,44,95,46,8,3,3,15,16,13,30,50,84,26,19,18,6,53,73,32,13,2,9,42,25,14,15,10,1,2,32,48,10,21,22,10,2,2,24,83,48,9,10,9,22,19,82,61,21,14,41,16,7,5,37,93,45,4,9,12,25,24,64,52,15
128,1,0,0,0,0,1,128,39,5,1,0,0,4,21,42,7,1,3,53,53,10,13,11,21,32,22,45,38,15,7,21,128,4,0,0,0,0,6,128,64,6,5,0,0,46,89,79,32,14,2,15,48,22,54,66,14,9,10,59,85,28,12,42,128,9,0,0,0,0,1,64,128,54,49,2,1,15,21,36,53,78,24,16,11,6,18,32,9,19,16,75,56,26,12,10,128,1,0,0,0,0,0,60,128,8,5,3,3,32,42,64,35,7,4,3,8,23,60,86,17,1,2,36,81,30,13,25
52,0,0,0,0,0,7,61,171,3,0,0,0,0,0,49,98,7,13,1,0,0,4,55,1,9,9,2,34,48,9,7,79,24,3,0,0,0,11,63,171,35,0,0,0,0,2,43,103,25,4,0,0,2,25,40,9,3,1,21,63,18,11,16,92,61,6,0,0,0,0,0,171,58,3,1,0,2,13,40,59,17,15,5,0,14,105,69,24,11,1,7,48,45,18,50,118,23,0,0,0,0,0,1,171,105,13,2,0,1,8,7,26,53,60,9,0,4,23,19,18,39,8,30,47,12,1,9
4,5,13,51,69,60,12,9,63,25,10,14,13,23,13,67,4,6,21,27,32,61,32,6,0,5,10,21,111,33,20,1,4,5,5,111,111,31,6,6,111,52,16,45,19,10,7,50,19,25,73,69,29,18,6,5,0,16,45,87,111,6,4,0,2,1,2,37,111,111,18,6,103,26,7,13,14,29,31,109,41,12,25,26,14,3,2,23,0,1,9,80,111,7,1,0,3,3,14,110,111,19,3,2,97,89,35,34,10,7,6,31,55,39,9,7,3,22,11,6,0,0,3,54,70,13,22,3
9,0,0,0,0,0,7,45,91,0,0,0,0,0,2,51,172,11,2,1,0,0,0,31,52,18,37,11,0,1,2,22,2,7,4,0,0,0,36,62,106,11,1,0,0,0,21,114,172,22,0,0,0,0,0,60,64,12,2,0,1,2,11,45,8,43,23,0,0,0,1,5,130,80,11,0,0,0,1,12,172,46,1,0,0,3,20,46,40,11,4,1,0,9,75,56,29,7,0,0,0,0,0,4,148,37,0,0,0,0,0,2,172,99,18,4,0,2,10,11,22,45,42,8,1,4,20,20
71,7,4,11,0,0,0,7,94,92,0,0,0,0,0,3,18,129,1,0,0,0,0,0,19,115,3,0,0,0,0,4,80,17,59,52,0,0,0,4,129,57,6,1,0,0,0,21,92,127,0,0,0,0,0,3,35,107,0,0,0,0,0,0,10,27,98,60,0,0,0,0,129,14,38,36,0,0,0,42,129,74,0,0,0,0,0,20,36,129,0,0,0,0,0,0,1,56,54,25,0,0,0,0,63,19,87,78,0,0,0,3,129,58,10,3,0,0,0,6,67,101,0,0,0,0,0,0
13,6,6,45,90,70,21,23,91,14,8,6,5,7,18,115,14,8,31,41,20,3,1,5,0,0,5,115,115,1,0,0,8,14,41,115,111,25,7,8,115,109,38,23,7,8,7,54,46,20,9,12,28,75,32,8,4,2,2,89,115,29,45,11,8,2,11,84,115,18,3,7,88,29,24,30,41,21,14,95,53,13,27,75,62,36,10,32,12,50,38,55,39,12,21,12,20,1,7,82,54,4,0,6,38,24,48,63,29,25,13,18,47,12,10,22,26,15,14,47,3,8,9,17,38,30,31,9
147,43,0,0,0,0,0,3,117,42,24,34,7,5,8,5,36,68,30,20,8,3,4,6,10,15,11,48,70,12,2,1,147,48,0,0,0,0,1,4,114,20,11,19,11,33,63,32,66,29,9,5,16,18,33,84,10,5,6,14,62,73,23,22,147,60,3,1,0,0,0,4,79,47,84,54,9,6,3,8,45,86,56,10,35,28,3,13,14,18,9,26,112,46,12,11,147,21,0,0,0,0,0,19,67,10,12,1,0,2,7,47,1,7,9,4,59,111,14,5,29,9,3,7,35,82,48,46
9,41,72,13,2,1,11,18,6,15,57,73,21,20,10,5,9,22,112,49,12,12,14,18,4,7,29,74,47,48,34,10,32,22,7,3,4,6,32,67,10,5,13,17,34,81,68,30,56,10,37,29,3,13,45,84,10,3,56,123,17,4,0,7,20,33,6,4,8,5,126,52,10,20,12,30,63,30,114,26,84,57,10,6,3,8,71,48,12,1,0,3,7,44,57,10,0,0,0,0,0,2,142,52,0,0,0,0,1,3,142,65,3,2,0,0,0,3,142,76,0,0,0,0,0,15,142,34
26,43,29,27,5,5,15,14,21,42,15,44,81,22,4,4,62,69,49,37,35,13,11,41,79,48,3,0,42,15,0,17,59,38,27,15,12,14,34,57,34,15,6,14,99,102,28,38,113,69,27,10,10,18,21,86,41,39,1,8,62,29,2,4,13,45,59,13,18,57,8,6,27,36,15,20,113,105,38,29,113,113,11,6,18,7,4,37,29,13,0,4,90,78,10,2,4,2,1,12,82,66,11,12,80,40,25,26,64,78,45,61,113,60,3,0,19,17,2,44,4,2,1,15,85,49,6,1
82,30,2,10,32,3,0,7,7,8,18,112,112,47,8,4,112,112,33,31,13,12,11,39,33,27,12,21,7,8,8,4,112,24,1,5,38,11,0,20,15,7,11,65,112,87,10,11,112,78,20,20,22,30,11,44,16,16,6,17,34,66,61,15,67,39,2,11,32,8,1,17,9,11,23,112,112,50,11,5,105,71,30,40,19,12,10,30,12,18,37,67,38,27,13,9,94,1,0,6,35,12,1,19,6,2,8,51,102,88,27,13,77,15,9,10,17,21,26,78,12,4,1,7,47,44,19,16
1,0,0,0,3,13,125,94,2,0,0,0,1,26,125,78,30,22,1,0,2,36,125,54,125,114,18,5,17,29,86,33,62,2,0,0,0,0,18,66,80,6,0,0,0,1,29,40,125,33,1,0,0,2,5,14,125,36,0,0,0,0,6,125,114,5,0,0,0,0,0,4,116,4,0,0,0,0,0,10,109,2,0,0,0,0,0,25,88,0,0,0,0,0,9,99,74,0,0,0,0,0,0,23,63,0,0,0,0,0,0,34,86,0,0,0,0,0,0,23,94,3,0,0,0,0,0,5
12,1,0,1,1,62,135,20,170,5,1,3,3,15,55,81,55,18,7,20,33,18,4,11,23,33,34,14,25,10,5,3,71,0,0,0,0,24,52,24,170,29,5,7,2,3,6,17,86,49,43,43,12,14,11,13,42,45,14,42,51,10,3,7,110,0,0,0,0,0,0,19,170,13,3,4,2,6,8,25,78,24,26,23,8,37,64,58,37,21,6,11,62,36,16,47,79,0,0,0,0,0,0,36,170,18,6,5,1,0,0,25,61,42,74,26,5,7,3,17,15,32,14,11,59,56,8,5
0,3,30,2,0,0,0,0,18,51,26,3,0,0,0,0,67,124,64,1,2,5,0,1,3,42,124,55,41,58,0,0,0,1,46,6,0,0,0,0,87,49,25,3,0,0,0,5,124,74,4,1,11,28,14,70,7,8,18,74,107,124,7,7,0,0,97,54,0,0,0,0,52,29,52,19,0,0,0,2,124,45,4,1,1,2,2,32,28,36,41,95,29,5,1,3,3,2,124,110,1,2,0,0,10,11,124,116,0,0,0,0,115,71,61,15,0,0,0,1,33,18,2,10,20,22,3,0
17,30,31,8,0,3,25,41,13,16,21,38,20,6,8,7,11,55,41,13,14,8,11,2,5,39,64,15,15,10,16,14,128,1,0,2,1,22,57,128,78,12,9,35,46,29,1,43,105,55,18,26,35,6,1,33,11,16,28,87,85,23,25,20,128,2,0,0,0,3,6,104,128,26,59,36,10,12,9,44,73,75,35,22,10,8,18,35,10,15,24,75,65,29,12,13,128,0,0,0,0,0,0,89,128,4,10,10,7,38,30,85,43,26,17,10,10,30,53,82,22,9,2,36,99,25,9,25
20,45,11,9,20,24,17,1,7,26,64,35,13,14,6,8,0,4,21,62,46,33,4,3,26,112,39,16,24,10,0,0,19,68,61,28,22,8,3,7,13,41,23,29,90,110,23,15,88,32,84,58,12,24,20,50,36,112,101,14,1,11,1,0,48,27,11,2,23,79,34,18,27,29,66,61,88,46,23,23,112,112,81,16,7,11,2,18,32,45,19,0,21,112,4,0,17,25,16,8,49,86,29,14,112,102,28,3,2,10,13,29,21,72,31,1,27,46,4,0,0,4,0,12,65,112,0,0
87,41,7,0,1,7,2,22,12,16,0,22,109,74,12,0,38,58,32,67,78,33,13,7,59,61,8,14,36,31,12,3,100,71,0,3,48,28,0,1,9,4,2,37,109,109,65,17,109,46,16,19,13,26,50,74,24,26,12,30,42,52,23,13,30,42,0,4,58,109,33,0,7,13,18,87,107,67,88,20,101,74,22,21,21,30,33,42,18,12,4,2,49,77,30,19,5,3,0,0,109,109,14,0,35,6,0,0,26,45,64,49,22,12,10,5,3,16,52,37,33,13,7,4,13,20,19,9
5,33,9,0,0,0,2,7,19,82,45,4,1,9,21,70,3,20,66,120,48,109,36,20,29,11,23,70,18,25,9,49,43,52,1,0,0,0,0,3,120,120,30,11,6,0,0,15,19,66,83,120,120,1,0,4,2,29,120,94,29,0,0,0,28,35,1,0,0,0,0,4,120,20,0,3,4,2,15,120,29,18,25,52,53,15,55,100,21,36,117,27,5,0,2,24,6,25,0,0,0,0,0,0,20,22,1,0,0,0,6,44,17,10,1,0,0,1,31,116,30,15,2,1,2,0,7,99
1,1,1,2,19,70,55,31,1,0,0,10,52,54,92,51,12,21,43,13,63,39,9,3,0,18,113,13,5,2,0,0,0,0,1,5,35,133,44,9,36,3,8,5,4,52,133,43,133,73,45,1,1,16,26,33,29,33,133,32,0,0,2,4,0,10,87,70,41,12,1,0,44,29,133,64,14,6,9,3,133,30,12,10,3,0,5,67,37,2,5,2,0,0,45,60,2,14,87,29,7,2,0,0,14,10,48,43,111,18,0,0,116,7,1,6,21,2,2,58,16,0,0,0,0,0,25,73
5,110,76,0,0,19,67,5,44,132,84,0,0,14,12,0,132,132,23,0,0,0,0,20,82,65,19,23,23,0,0,33,51,121,17,0,0,0,0,0,117,132,12,0,0,0,0,2,132,52,0,0,0,0,0,62,119,0,0,0,21,3,1,107,32,65,11,0,0,0,3,6,132,21,0,0,0,0,0,41,109,3,0,0,0,0,0,89,92,0,0,0,6,1,0,71,4,3,1,0,0,0,27,24,22,0,0,0,0,0,1,29,13,0,0,0,0,0,0,13,3,0,0,0,0,0,0,2
35,41,15,4,2,5,9,23,105,26,3,0,0,0,21,31,11,5,8,14,9,8,36,10,26,1,0,4,11,8,6,32,7,9,18,63,12,5,14,26,33,8,1,6,17,35,117,62,86,4,0,1,8,12,116,103,31,5,0,6,14,13,21,33,0,0,9,60,68,55,53,2,28,32,11,23,78,31,22,7,117,43,3,1,8,95,54,33,10,0,0,0,3,103,117,70,25,84,9,0,4,44,117,26,14,75,49,11,11,7,9,6,11,13,12,33,117,117,12,1,1,0,0,18,62,117,117,31
117,24,25,74,7,0,5,53,45,1,0,0,11,65,65,52,16,27,7,11,18,58,10,5,9,26,39,39,13,3,1,5,10,6,15,79,45,10,10,8,22,7,27,30,10,26,79,31,117,60,34,7,1,5,16,38,22,31,104,23,3,0,0,0,9,1,11,14,13,37,117,117,49,34,117,40,3,1,10,97,115,103,85,3,0,2,8,14,36,9,9,4,9,14,10,8,112,23,1,0,0,24,74,117,117,64,9,0,0,0,4,117,24,33,31,5,0,6,13,13,6,35,25,1,0,4,11,8
121,0,1,24,26,1,0,63,121,0,0,3,18,31,47,94,17,0,0,5,21,32,95,119,17,0,0,3,26,4,6,60,78,4,2,83,46,0,0,46,121,12,5,37,26,6,3,121,75,12,25,121,38,9,6,59,85,5,4,5,6,11,12,80,32,23,11,108,28,0,0,2,121,95,8,19,3,0,0,15,46,15,17,99,25,7,1,2,18,4,11,26,8,8,22,19,17,2,7,62,32,0,0,3,121,14,0,12,12,11,8,63,14,1,0,4,9,75,64,18,6,3,18,13,6,6,38,44
70,8,0,0,19,30,4,13,50,29,6,2,0,1,14,15,2,3,7,12,1,4,16,7,23,34,1,0,0,0,1,10,61,0,0,0,16,16,45,51,26,1,0,0,0,1,127,68,64,20,0,0,0,3,66,41,94,72,0,0,0,0,6,20,7,3,1,10,37,54,86,29,127,8,0,1,4,4,88,100,127,33,0,0,10,64,23,25,127,10,0,0,6,61,64,109,7,15,58,50,48,6,3,4,127,59,38,10,6,3,3,19,87,7,0,0,41,127,18,22,127,48,0,0,16,93,14,39
10,3,6,19,18,42,36,26,79,21,6,0,0,6,28,61,34,73,58,0,0,0,13,10,1,20,73,7,0,0,10,6,9,46,93,43,41,24,16,4,115,101,68,0,0,2,4,23,115,39,16,0,0,0,0,29,14,8,25,17,10,4,0,5,9,49,99,12,1,0,63,79,15,59,115,2,0,0,28,49,54,40,87,8,0,0,0,13,13,8,8,5,5,7,1,6,11,57,115,0,0,0,83,115,61,115,115,0,0,0,44,107,28,66,115,21,0,0,0,9,0,4,91,49,1,0,0,0
103,42,23,19,1,3,9,28,139,65,28,14,2,5,27,45,87,152,18,4,2,3,1,4,0,14,6,11,21,9,8,0,24,15,4,18,34,10,30,25,152,53,0,0,0,8,24,34,152,29,0,0,1,18,13,12,0,0,0,13,15,14,8,1,27,0,0,11,111,10,8,14,152,5,0,0,4,3,6,81,96,2,0,0,0,9,56,53,1,0,0,0,3,4,31,26,17,0,1,48,83,1,0,3,152,0,1,9,8,1,2,79,56,0,0,4,26,44,67,50,23,0,0,2,8,14,55,112
0,0,0,4,9,31,111,6,2,0,0,0,2,8,80,27,5,1,0,0,0,0,60,33,0,0,0,0,19,63,17,7,0,0,0,0,0,11,153,45,12,0,0,0,0,0,153,79,76,4,0,0,1,32,77,88,12,0,0,0,24,153,27,15,1,0,0,0,0,1,23,18,88,14,0,0,0,2,40,43,119,24,0,0,20,153,39,19,38,0,0,0,21,153,58,49,0,0,0,0,0,0,0,0,28,1,0,0,0,18,24,13,13,1,0,0,6,153,70,8,28,0,0,0,4,112,14,35
1,1,0,0,0,0,0,0,83,10,0,0,0,0,0,21,129,1,0,0,0,0,2,78,19,2,0,0,2,12,14,24,7,14,11,0,0,0,0,2,76,39,44,0,0,0,0,8,129,23,7,0,0,0,0,39,66,11,4,0,0,0,0,11,23,18,13,0,0,0,35,129,28,49,114,0,0,0,92,129,64,80,57,0,0,0,36,61,61,16,1,0,0,0,8,21,3,10,1,0,0,0,47,106,21,51,7,0,0,0,129,129,23,30,9,0,0,0,129,129,4,3,0,0,0,0,120,109
34,42,22,61,28,58,38,48,155,7,4,16,18,23,19,124,66,0,0,14,155,91,17,20,0,0,0,15,50,38,66,5,38,36,29,56,85,86,37,47,155,42,2,10,40,33,17,83,97,4,0,2,155,119,4,11,0,4,6,6,54,69,9,0,9,12,16,28,46,1,0,1,155,11,0,3,20,2,0,7,28,1,0,0,106,23,0,0,1,8,6,1,16,9,0,0,0,0,0,0,0,0,0,0,0,0,0,0,0,0,0,0,0,0,0,0,0,0,0,0,0,0,0,0,0,0,0,0
45,26,10,24,10,13,43,49,123,117,39,28,7,7,23,54,50,65,2,40,63,58,17,6,0,0,15,94,36,19,27,4,40,37,20,52,33,58,41,45,137,23,3,12,19,22,17,70,58,3,0,4,137,133,36,10,0,0,2,13,27,31,94,22,52,26,20,32,72,57,28,27,137,70,1,2,36,32,11,32,32,3,0,2,137,137,5,2,0,0,2,6,23,37,15,0,17,4,3,6,22,2,0,0,81,19,0,0,20,8,0,0,4,2,1,0,62,42,0,0,0,5,7,1,3,7,1,0
72,70,25,0,0,0,13,37,17,32,15,31,67,37,9,22,118,78,11,15,26,17,4,34,74,25,0,2,60,29,0,9,77,40,14,5,4,4,29,76,41,20,7,26,71,103,29,53,118,90,9,8,14,19,15,82,46,19,0,0,98,72,0,5,70,59,18,9,4,1,8,30,34,62,46,94,58,15,18,18,118,118,34,18,18,6,1,25,22,12,1,45,113,37,0,2,40,36,15,12,7,7,17,37,84,21,11,20,10,14,45,61,113,54,5,2,13,30,6,30,1,2,1,32,34,58,38,3
19,9,3,14,54,35,23,45,120,101,17,23,47,27,6,42,73,48,2,17,120,27,1,10,0,0,10,15,39,20,15,0,28,40,15,28,52,42,20,46,120,101,14,23,38,27,10,71,73,20,0,6,120,80,1,12,0,0,3,13,45,37,14,0,47,41,21,48,52,34,16,36,120,120,27,28,37,22,10,76,47,15,3,51,120,59,1,9,0,0,6,29,23,23,6,0,41,23,14,28,9,15,38,44,120,82,16,12,15,20,11,48,10,9,6,57,56,67,41,5,0,0,13,33,4,4,24,5
17,134,18,0,0,0,0,0,61,134,45,7,0,0,0,20,75,47,5,1,1,9,7,57,8,1,3,4,37,96,30,6,60,134,14,7,2,0,2,29,76,68,65,14,3,4,5,44,29,24,37,9,51,74,31,18,48,66,38,11,28,56,35,9,29,86,46,24,6,0,0,9,62,50,20,4,35,64,49,22,62,63,42,13,44,55,51,22,68,134,48,5,5,11,3,1,40,32,11,4,13,3,15,29,14,39,60,48,72,24,8,11,105,134,47,8,6,13,7,8,19,55,10,0,1,80,15,0
1,11,19,40,46,37,22,11,4,9,11,27,51,13,24,33,0,5,16,63,81,26,17,1,0,1,4,114,114,1,0,0,8,5,17,114,114,36,17,15,87,34,30,43,21,8,16,58,9,16,79,77,43,24,3,3,0,3,15,114,114,12,0,0,17,2,12,114,112,9,0,6,43,19,16,45,56,26,24,73,26,10,38,29,46,38,6,35,0,6,47,114,113,14,0,0,30,0,1,74,59,2,0,17,30,11,11,109,78,20,7,20,67,17,29,11,2,3,5,54,3,3,31,84,39,0,0,2
38,20,68,12,0,0,0,3,126,19,10,1,0,0,0,36,126,41,0,0,0,0,0,15,59,79,0,0,0,0,0,0,5,58,97,12,0,0,0,0,97,26,93,24,0,0,0,23,126,39,5,0,0,0,0,28,114,111,0,0,0,0,0,1,17,114,30,2,0,0,0,0,11,56,126,29,0,0,0,0,126,42,73,10,0,0,0,17,126,21,0,0,0,0,0,30,35,106,1,0,0,0,0,0,10,97,62,6,0,0,0,0,23,21,106,35,0,0,0,3,126,12,16,5,0,0,0,34
0,0,0,0,0,0,0,0,56,41,14,0,0,0,4,19,138,61,0,7,30,5,0,5,17,7,2,57,138,66,6,6,0,0,1,0,0,0,1,0,48,32,22,0,0,0,28,29,138,32,1,6,38,19,5,59,19,6,2,62,138,127,11,12,0,0,1,0,0,0,1,0,38,40,41,0,0,0,22,31,138,71,5,18,63,11,1,27,20,19,13,116,138,84,8,10,0,0,0,0,0,0,1,0,49,47,19,0,0,0,21,49,138,46,2,9,43,8,1,36,20,12,8,62,138,39,2,6
53,33,34,7,1,4,16,24,21,20,8,10,77,44,9,22,122,37,3,4,23,17,8,51,38,7,0,7,63,43,2,8,79,26,29,2,15,19,5,30,14,16,9,16,120,122,26,23,122,47,3,5,18,24,19,94,40,7,0,16,114,34,1,7,64,2,0,2,23,13,26,64,26,38,18,52,122,61,11,22,122,122,16,12,22,6,3,34,24,12,2,15,122,38,3,3,30,41,12,6,13,8,19,40,55,28,10,32,66,42,8,29,122,55,3,2,20,7,1,42,7,2,1,10,103,38,2,2
81,0,0,0,0,0,6,16,180,11,0,0,0,0,1,14,73,19,14,4,0,3,27,30,16,18,4,10,17,14,6,23,114,0,0,0,0,0,0,28,180,29,3,1,0,0,1,13,81,49,57,12,1,5,16,19,22,32,15,6,45,22,5,18,90,0,0,0,0,0,6,88,180,8,0,0,0,0,0,62,118,25,27,1,3,7,4,41,0,10,9,5,73,94,9,3,88,21,1,0,0,0,4,47,180,13,0,0,0,0,1,39,83,2,0,0,4,3,18,51,1,2,3,23,82,28,5,9
18,7,7,68,136,19,1,3,102,94,20,31,30,15,5,19,28,22,4,19,42,53,44,4,0,0,0,60,136,14,11,1,20,10,6,72,136,23,1,4,104,58,18,46,39,17,5,26,16,15,38,75,48,41,25,7,0,5,15,65,136,9,9,2,21,2,2,41,126,64,8,10,61,21,9,24,34,42,27,89,17,4,6,14,59,70,27,23,2,2,6,48,136,17,15,4,27,1,2,38,100,52,3,1,30,11,8,24,28,39,45,28,16,3,2,2,24,38,24,20,7,2,12,57,62,7,10,11
6,2,11,25,10,39,43,17,45,45,27,5,1,3,20,47,46,31,7,0,0,2,5,12,11,11,9,8,1,1,2,4,37,13,0,3,4,124,119,62,124,32,3,0,0,2,30,124,46,35,8,0,0,32,26,22,12,14,9,8,1,7,21,52,48,124,44,89,27,27,14,11,124,124,37,2,8,15,10,27,25,7,3,2,24,124,42,27,50,1,1,0,1,25,28,124,34,31,10,26,24,54,19,71,22,41,15,1,8,51,124,77,0,1,1,1,20,113,51,15,28,0,0,0,0,5,6,104
129,79,0,0,6,15,39,44,63,2,0,0,3,13,73,129,14,0,0,1,45,55,6,33,31,6,0,0,17,17,1,11,129,129,13,56,62,19,13,9,129,50,8,32,36,18,25,108,75,2,0,0,45,79,11,34,25,1,0,0,9,19,38,47,23,91,12,53,63,13,21,5,110,46,11,39,33,7,30,47,28,10,5,4,12,66,60,28,16,5,8,12,14,28,41,25,39,4,1,4,11,10,122,102,38,27,39,34,14,4,14,32,38,88,45,19,1,1,9,10,6,13,63,45,5,0,0,0
0,0,1,33,110,0,0,0,131,3,0,25,66,3,0,24,131,0,0,0,1,8,26,97,6,0,0,0,2,16,95,67,0,0,0,65,100,0,0,0,100,6,3,82,78,0,0,22,131,11,3,11,13,10,5,90,42,6,7,45,32,23,27,50,0,0,0,80,49,0,0,0,38,40,16,123,44,0,0,1,131,131,12,15,1,0,0,7,36,24,21,93,12,0,0,1,0,0,11,62,8,0,0,0,36,17,4,75,36,0,0,3,131,52,1,3,2,4,10,26,11,5,1,13,15,22,33,6
53,8,0,0,18,40,16,79,16,3,0,0,62,82,18,50,33,4,12,12,0,0,5,114,2,1,67,36,7,4,14,40,114,31,0,0,7,114,24,48,79,42,1,0,10,88,15,24,37,35,9,3,1,0,7,55,8,10,4,3,8,10,25,61,33,17,3,2,11,92,85,31,81,12,0,0,4,21,69,114,75,43,1,1,1,0,29,77,38,114,25,15,12,4,1,7,6,34,48,84,18,9,18,7,105,66,27,23,10,24,28,36,114,61,0,0,0,42,77,55,114,83,1,1,32,45,5,20
32,109,109,8,5,11,29,34,36,109,30,0,0,2,109,31,18,13,2,0,0,47,109,17,71,9,1,13,17,15,28,22,37,9,4,10,16,15,52,80,76,74,19,0,0,1,64,40,29,61,57,6,0,4,26,6,109,41,3,10,14,0,0,1,33,78,64,27,29,12,16,23,109,99,39,0,0,0,2,33,40,23,27,7,3,2,0,10,80,11,2,3,1,3,6,19,18,88,103,3,1,3,82,77,51,109,91,0,0,0,13,43,6,37,109,29,11,13,4,0,9,2,17,18,24,106,34,9
40,2,0,0,0,0,10,67,145,3,0,0,0,0,10,145,37,4,0,0,13,46,17,36,0,0,0,3,23,33,0,0,93,26,7,0,0,0,0,5,145,12,0,0,0,0,1,57,66,8,5,3,2,13,13,31,0,0,7,16,4,6,0,0,42,81,57,0,0,0,19,110,145,105,23,0,0,0,4,31,101,24,9,2,0,0,1,8,1,2,21,24,0,0,3,1,35,34,3,0,0,0,77,145,40,32,4,0,0,0,77,145,23,4,0,0,0,0,101,132,0,0,1,2,0,4,86,23
0,0,0,54,24,4,10,1,2,10,6,116,105,3,0,0,27,125,51,36,15,0,0,0,1,23,41,21,0,0,0,0,3,7,12,10,9,16,65,25,30,12,15,47,89,69,11,2,125,118,26,19,12,5,0,16,23,19,20,15,0,0,0,4,3,24,125,99,3,1,4,4,17,18,103,111,71,41,3,4,125,11,12,21,21,20,14,125,19,0,0,0,0,0,5,37,4,3,60,89,17,1,3,3,0,1,26,125,125,28,3,3,20,29,51,61,36,17,12,83,3,5,2,0,0,0,3,16
4,0,0,0,0,0,80,157,102,6,0,0,0,0,74,157,157,23,0,0,0,0,12,117,127,8,0,0,0,0,6,78,77,21,0,0,0,0,18,80,157,92,0,0,0,0,2,65,157,34,0,0,0,0,0,109,29,0,0,0,0,0,2,61,32,25,0,0,0,0,0,0,157,46,0,0,0,0,0,37,54,2,0,0,0,0,0,37,0,0,0,0,0,0,0,2,0,0,0,0,0,0,0,0,3,0,0,0,0,0,0,1,0,0,0,0,0,0,0,0,0,0,0,0,0,0,0,0
2,0,0,0,0,0,41,141,18,0,0,0,0,0,57,149,77,2,0,0,0,0,20,149,149,1,0,0,0,0,8,149,56,9,0,0,0,0,20,118,149,31,0,0,0,0,5,72,117,16,0,0,0,0,2,56,72,0,0,0,0,0,2,149,137,55,0,0,0,0,0,15,146,29,0,0,0,0,0,39,23,1,0,0,0,0,0,33,0,0,0,0,0,0,0,3,39,11,0,0,0,0,0,6,14,0,0,0,0,0,0,7,0,0,0,0,0,0,0,0,0,0,0,0,0,0,0,0
92,27,2,10,20,17,9,55,120,36,3,14,33,23,7,45,61,6,0,6,120,48,1,9,0,0,0,3,26,14,1,0,120,43,10,20,11,11,11,60,120,114,27,30,24,18,12,53,51,22,8,82,120,41,7,9,0,0,7,28,17,8,4,0,120,37,5,9,5,11,18,64,120,29,6,8,22,26,20,104,30,5,2,18,109,119,38,14,0,0,3,7,6,15,28,0,76,43,12,15,16,17,7,28,120,5,0,7,34,23,7,41,28,0,1,0,117,58,1,6,0,0,1,0,7,10,1,0
17,0,0,0,0,0,17,98,28,0,0,0,0,0,17,144,26,0,0,0,0,0,26,133,151,2,0,0,0,0,3,123,48,44,0,0,0,0,9,41,70,70,0,0,0,0,8,58,61,70,0,0,0,0,12,52,151,36,0,0,0,0,2,66,77,9,0,0,0,0,0,42,105,15,0,0,0,0,0,62,96,15,0,0,0,0,0,58,151,16,0,0,0,0,0,41,51,3,0,0,0,0,0,38,69,4,0,0,0,0,0,64,61,2,0,0,0,0,0,76,151,2,0,0,0,0,0,68
23,27,7,6,64,37,6,20,133,3,0,4,47,27,9,83,36,0,2,37,133,36,2,12,0,0,4,15,13,12,2,0,36,9,4,21,115,49,18,45,133,84,7,24,61,25,7,69,59,16,1,43,133,29,2,11,0,0,2,11,21,14,2,0,57,20,4,21,42,26,20,58,133,40,4,19,40,18,3,67,66,5,0,16,133,39,0,15,0,0,0,7,44,20,2,0,55,21,6,15,18,20,11,55,133,51,13,18,23,20,8,71,55,11,4,50,133,17,1,15,0,0,7,27,30,8,0,0
73,17,0,0,0,0,0,9,79,41,0,0,0,0,0,4,130,64,3,0,0,0,2,39,80,49,93,57,1,0,24,71,76,23,19,0,0,0,0,21,130,28,1,0,0,0,0,19,130,41,0,0,0,0,0,38,64,32,1,1,0,0,48,130,19,61,45,0,0,0,0,1,105,35,33,0,0,0,0,23,130,37,1,0,0,0,0,28,88,130,1,0,0,0,0,2,36,52,6,0,0,0,0,0,16,61,46,0,0,0,0,2,105,130,18,0,0,0,0,7,93,130,10,1,0,1,1,0
23,31,7,16,22,18,4,24,119,55,8,20,22,18,5,26,58,24,0,38,120,29,1,5,0,0,4,49,49,17,4,0,21,30,17,4,66,76,8,18,130,29,0,0,40,43,12,56,68,9,0,15,130,89,5,7,0,0,2,19,35,46,13,0,25,18,6,14,125,87,14,24,130,121,6,10,43,28,10,46,45,12,1,17,130,70,5,5,0,0,2,16,20,15,5,0,49,23,4,15,47,37,9,20,130,80,3,5,39,15,1,13,10,6,0,11,130,56,2,1,0,0,0,4,9,10,3,0
7,27,38,42,14,0,0,1,130,122,27,26,24,1,0,8,52,19,10,52,130,25,3,0,0,0,13,20,17,8,4,0,34,62,21,40,24,9,2,17,130,77,12,35,43,10,3,33,42,13,4,87,130,30,3,4,0,0,4,27,18,9,3,0,47,39,12,7,55,44,8,37,130,23,1,6,60,40,10,69,41,4,2,41,130,94,7,8,0,0,2,14,11,21,6,0,43,16,7,10,94,60,11,28,130,63,4,10,59,31,9,56,31,6,2,27,130,43,3,5,0,0,1,8,6,6,2,0
67,37,28,118,32,1,0,2,138,52,10,26,34,0,0,13,21,1,16,115,138,9,0,1,0,0,17,19,15,6,0,0,24,37,50,75,10,0,0,1,138,84,18,16,20,0,0,22,41,6,14,90,138,13,2,4,0,0,16,17,23,14,5,0,19,43,35,42,13,0,0,3,138,42,12,28,18,1,1,58,54,6,5,113,138,6,0,12,0,0,17,60,33,10,1,0,22,24,5,19,21,11,7,29,100,16,5,16,28,17,8,65,60,3,1,33,98,27,0,32,0,0,5,25,48,40,3,0
24,9,1,0,0,0,0,0,67,19,0,0,0,0,0,1,13,9,0,0,23,1,0,0,0,0,0,0,16,2,0,0,75,38,18,0,0,0,0,3,127,71,1,0,5,6,17,38,48,25,0,2,105,106,40,9,0,0,0,1,49,89,25,0,24,90,58,3,0,0,0,1,111,36,43,36,50,39,118,75,64,24,13,6,24,127,127,38,12,15,51,57,10,74,51,1,76,70,18,6,5,0,0,13,22,22,53,127,98,7,4,9,111,80,77,63,21,5,9,8,42,24,45,55,8,17,8,4
0,11,78,51,17,20,24,0,0,0,21,91,90,12,10,0,0,0,37,37,44,0,0,0,0,0,16,23,13,0,0,0,7,3,15,21,45,124,119,9,124,71,94,26,41,30,77,32,16,26,124,124,4,0,1,3,0,0,65,43,0,0,0,0,13,9,96,109,56,34,8,4,124,47,42,28,15,6,12,98,38,9,49,60,1,1,64,92,0,0,14,22,0,0,8,2,13,2,9,12,37,124,17,18,97,0,0,4,15,31,10,69,16,0,0,0,0,0,42,69,0,0,0,0,0,0,5,2
0,0,0,14,63,39,10,2,48,32,6,42,125,66,8,41,125,30,2,1,0,0,37,125,12,0,1,4,2,17,54,125,4,0,0,0,23,125,125,41,98,63,8,0,44,119,36,37,28,40,34,45,3,4,46,96,0,0,14,28,1,9,125,125,27,1,0,0,0,29,73,21,125,18,2,0,0,9,16,39,91,17,41,44,0,0,0,19,4,3,97,80,0,0,8,19,1,0,0,0,0,0,0,0,31,2,0,0,0,0,0,2,50,2,2,0,0,0,0,14,17,4,27,10,0,0,0,8
0,0,0,0,0,0,0,0,1,0,0,0,0,0,3,7,38,80,7,0,0,0,2,18,26,135,8,0,0,0,0,4,0,0,0,4,9,0,0,0,21,6,2,21,60,12,33,53,135,67,3,1,2,2,17,120,73,71,6,2,4,7,1,2,0,0,0,6,64,73,14,5,43,52,15,36,135,82,8,24,135,126,9,3,3,0,2,87,89,13,2,15,8,4,3,38,8,4,0,0,11,117,110,32,48,52,14,2,14,76,13,35,64,13,5,5,2,1,16,135,26,0,0,0,1,9,28,135
20,0,0,0,0,0,2,92,31,0,0,0,0,0,2,131,51,0,0,0,0,0,4,130,157,3,0,0,0,0,0,73,62,22,0,0,0,0,1,31,89,38,0,0,0,0,0,46,116,37,0,0,0,0,1,51,157,19,0,0,0,0,0,52,75,3,0,0,0,0,0,35,108,8,0,0,0,0,0,53,147,11,0,0,0,0,0,48,157,13,0,0,0,0,0,21,48,19,0,0,0,0,0,16,72,19,0,0,0,0,0,33,114,7,0,0,0,0,0,45,157,1,0,0,0,0,0,32
12,5,0,0,0,0,0,0,35,7,0,0,0,0,0,0,5,2,0,0,10,1,0,0,0,0,0,0,7,1,0,0,88,55,14,0,0,0,0,0,129,55,0,0,3,6,14,32,49,17,1,1,88,115,33,11,0,0,0,0,50,96,20,0,30,117,49,2,0,0,0,0,129,49,32,33,32,34,112,78,48,24,11,8,18,129,129,41,7,12,35,68,18,98,37,1,70,89,21,6,0,0,0,3,31,31,62,129,53,8,7,4,77,93,86,65,13,6,14,10,24,30,45,68,16,3,1,1
0,0,68,71,28,26,13,0,0,0,20,109,93,12,7,0,0,0,40,68,48,0,0,0,0,0,10,22,9,0,0,0,11,3,14,30,58,124,82,9,124,81,101,40,37,31,53,28,13,25,124,124,3,0,0,3,0,0,40,29,0,0,0,0,14,10,57,118,56,44,7,4,124,51,33,25,9,10,9,113,34,11,51,50,1,1,46,94,0,0,6,9,0,0,1,0,9,0,2,12,39,124,30,13,92,0,0,2,6,27,18,98,12,0,0,0,0,0,32,66,0,0,0,0,0,0,0,0
0,0,10,32,116,21,2,0,0,1,80,83,55,13,3,0,0,0,20,108,70,6,2,0,0,0,26,49,31,0,0,0,0,0,7,24,38,69,10,2,5,2,32,40,79,116,64,5,102,56,86,48,44,46,55,25,12,20,116,87,3,0,0,3,0,2,4,14,25,75,23,4,8,7,61,116,80,72,12,4,116,41,43,37,15,18,13,101,31,9,38,26,0,0,40,79,0,10,15,47,41,6,4,1,3,0,5,30,70,116,28,8,72,0,0,4,17,56,19,81,15,0,0,0,0,0,24,49
73,12,14,38,1,0,16,111,65,22,5,1,1,9,44,61,62,15,2,0,3,8,21,26,33,25,22,4,0,0,0,2,38,19,102,66,0,0,1,12,55,12,30,52,15,70,98,50,117,23,2,4,2,29,59,117,49,4,0,0,0,20,46,57,0,53,108,29,2,12,7,0,10,24,85,117,70,89,22,6,117,73,14,28,14,44,60,59,15,2,0,0,3,85,75,60,0,7,2,0,0,45,23,0,0,1,1,6,21,117,67,5,2,0,0,1,4,34,98,59,0,0,0,0,0,12,75,32
76,3,4,46,23,1,0,92,97,3,0,1,0,0,78,120,9,3,0,0,10,18,72,77,1,5,3,0,10,25,26,8,26,14,23,120,17,0,0,13,120,56,18,17,0,1,11,66,45,24,11,3,2,11,36,51,52,37,6,0,2,4,11,13,2,14,89,85,0,0,0,0,67,18,52,90,14,21,47,33,72,13,2,11,9,49,120,84,120,20,0,0,0,1,12,52,0,28,78,16,0,4,8,0,0,5,66,120,64,45,20,0,73,92,25,69,35,22,20,25,86,39,0,0,0,32,36,23
0,0,0,0,0,0,0,0,0,6,0,0,0,0,0,0,7,75,11,0,3,21,2,0,21,46,2,0,2,99,46,7,15,4,0,0,0,0,0,2,139,39,0,0,0,1,1,48,34,67,3,7,92,86,3,5,26,10,4,17,63,97,20,19,139,90,0,0,0,0,0,58,139,139,1,2,1,6,6,35,37,7,1,17,82,53,13,11,1,1,17,47,76,9,3,10,139,21,0,0,0,0,0,133,139,61,2,4,1,0,9,139,3,6,5,29,39,4,7,38,0,15,30,29,45,7,0,0
0,0,0,6,30,23,1,0,94,14,5,29,72,43,7,61,130,5,0,0,0,0,48,130,5,0,0,7,3,38,98,98,4,0,0,0,16,98,109,7,120,39,4,0,32,108,53,56,38,31,36,31,3,1,68,130,4,1,19,14,0,14,130,130,17,0,0,0,0,12,61,13,130,13,1,0,0,5,21,41,112,26,59,33,0,0,0,9,10,12,129,43,0,0,6,19,0,0,0,0,0,0,0,0,13,0,0,0,0,0,0,0,34,2,2,0,0,0,0,2,16,16,27,2,0,0,0,0
78,8,0,0,0,0,0,36,170,17,0,0,0,0,0,58,181,12,0,0,0,2,1,52,94,8,0,0,11,8,3,18,93,28,0,0,0,0,0,27,181,20,0,0,0,0,0,52,181,10,0,0,0,0,0,31,131,22,0,2,13,7,1,20,29,74,1,0,0,0,0,0,154,54,0,0,0,0,0,3,181,35,0,0,0,0,0,12,86,5,0,0,8,18,1,38,1,1,0,0,0,0,0,0,7,1,0,0,0,0,0,0,21,4,0,0,0,0,0,0,6,0,0,0,1,1,0,1
43,27,6,0,1,1,31,113,153,23,1,0,0,0,22,92,61,39,27,4,0,0,0,5,18,41,8,7,27,0,0,0,89,1,0,0,0,0,5,117,161,19,0,0,0,0,2,49,122,19,2,0,1,13,7,12,35,6,0,2,33,13,2,10,144,29,0,0,0,0,0,26,161,38,0,0,0,1,1,26,120,16,0,0,3,14,7,19,37,11,0,0,38,16,0,3,154,12,0,0,0,0,0,14,161,35,0,0,0,0,0,4,101,24,0,0,3,1,0,7,20,5,0,2,36,15,0,0
0,0,0,0,0,0,0,0,33,31,1,0,0,0,0,0,12,101,115,9,0,0,0,0,0,12,134,103,0,0,0,0,24,6,0,0,3,9,32,41,134,134,0,1,3,5,8,30,92,134,25,1,0,13,22,17,2,9,61,35,0,4,38,23,66,93,10,1,0,1,18,48,134,50,19,8,0,1,11,134,65,4,0,0,0,20,84,134,11,13,3,0,0,13,59,32,1,28,18,3,0,0,0,0,33,27,98,37,0,0,0,26,69,10,18,14,3,2,29,102,65,17,3,0,0,0,11,62
0,0,0,0,0,0,0,0,59,7,0,0,0,0,0,6,104,15,2,0,14,14,0,14,4,5,2,0,33,57,28,11,46,1,0,0,0,0,0,7,159,84,0,0,0,0,0,34,159,58,0,3,36,16,2,24,1,0,0,30,91,23,4,6,18,1,0,0,0,0,0,1,159,14,0,0,0,0,1,91,88,7,0,6,11,1,60,159,0,0,2,37,67,79,58,15,0,0,0,0,0,0,0,0,2,0,0,0,0,0,2,14,2,0,0,0,0,3,159,98,0,0,1,3,11,119,159,31
0,0,0,0,0,0,0,0,0,0,0,0,0,0,0,0,0,0,2,2,0,0,0,0,0,0,0,0,0,0,0,0,31,9,0,0,0,0,0,0,154,59,29,11,0,0,0,8,30,32,154,94,0,0,0,8,0,2,18,2,0,0,0,0,54,60,10,0,0,0,0,0,154,136,35,2,1,1,0,111,154,38,69,11,0,0,0,137,25,17,9,0,0,0,0,2,0,5,6,0,0,1,0,0,36,20,25,5,5,46,96,92,154,6,0,0,0,3,43,154,52,6,0,0,0,0,0,92
