12,21,5,15,19,6,2,2,169,53,0,0,0,0,0,12,169,6,0,0,0,0,0,41,23,0,0,0,0,0,0,3,28,13,2,10,30,6,2,9,169,26,0,0,0,0,0,49,169,6,0,0,0,0,0,95,22,0,0,0,0,0,0,5,35,1,0,0,9,15,9,27,169,82,0,0,0,0,0,16,169,65,0,0,0,0,0,9,1,0,0,0,0,0,0,0,62,43,0,0,0,2,2,12,137,169,6,0,0,0,0,1,30,27,1,0,0,0,0,0,0,0,0,0,0,0,0,0
19,6,4,32,19,3,5,12,89,1,0,2,4,0,1,126,154,0,0,0,0,0,0,154,13,0,0,0,0,0,0,9,0,0,0,3,45,25,38,17,113,7,0,0,13,7,11,98,154,53,0,0,0,0,0,71,13,2,0,0,0,0,0,3,2,0,0,1,79,29,14,20,154,17,0,0,1,2,7,84,154,93,0,0,0,0,1,131,8,4,0,0,0,0,0,4,1,0,1,13,55,6,0,1,43,1,1,2,1,0,2,75,63,0,0,0,0,0,24,154,0,0,0,0,0,0,1,5
57,23,21,6,11,128,128,49,87,48,8,0,19,30,12,23,128,32,1,0,5,6,3,18,45,11,0,0,0,8,4,14,55,79,128,18,7,33,40,24,87,42,9,0,22,128,45,31,128,7,0,0,4,27,15,111,42,1,0,0,2,46,10,19,3,3,7,0,7,58,68,46,60,99,2,0,12,119,32,7,128,92,0,0,0,6,9,42,18,0,0,0,0,12,16,20,13,64,22,0,3,9,14,34,26,128,21,0,4,6,12,9,31,57,0,0,0,0,2,10,0,0,0,0,0,0,0,2
12,4,6,63,22,0,0,1,37,4,6,103,102,0,0,0,105,18,12,84,25,0,0,0,1,1,43,132,28,1,5,19,32,1,1,30,26,0,0,23,35,1,1,74,132,0,0,2,132,32,17,22,25,0,0,4,14,11,81,126,6,0,0,0,62,0,0,8,12,0,0,98,28,1,1,101,132,1,1,12,132,7,2,28,33,0,0,28,43,3,3,25,46,1,0,8,68,0,0,5,1,0,1,132,9,0,0,50,76,4,6,48,109,2,0,44,38,0,0,44,47,0,0,14,38,1,0,32
64,10,3,2,19,0,0,1,24,0,0,11,132,10,0,9,122,5,2,15,26,4,0,27,6,1,1,98,106,0,0,0,46,2,0,0,21,10,9,37,30,0,0,0,132,64,2,11,132,5,1,7,36,10,0,30,24,1,1,67,106,0,0,2,23,0,0,0,11,18,34,132,43,6,0,0,132,84,11,16,132,19,0,0,19,6,0,16,24,0,0,21,63,2,0,8,118,2,2,9,9,7,2,132,58,0,0,0,81,50,7,33,132,1,0,0,3,2,2,55,14,0,0,1,29,12,3,19
18,0,1,9,5,1,3,17,138,7,0,0,0,0,0,34,138,2,0,0,0,0,0,76,138,5,0,0,0,0,0,74,26,6,11,63,35,1,1,4,138,35,5,3,0,0,0,8,138,5,0,0,0,0,17,95,97,0,0,0,0,1,125,138,23,18,44,62,27,1,0,1,138,44,43,10,0,0,0,11,57,11,1,0,1,10,41,41,14,65,30,0,0,5,109,43,20,4,7,87,30,0,0,11,34,10,20,9,11,11,10,43,20,11,1,1,7,20,82,38,26,53,17,0,0,0,69,55
11,0,0,1,99,44,4,11,136,2,0,0,53,25,6,51,33,58,6,1,9,28,8,12,66,84,0,0,5,2,0,0,10,0,0,8,144,39,4,5,144,18,1,0,64,16,0,26,91,94,8,0,0,0,0,4,63,34,0,0,5,2,0,3,16,0,0,9,144,27,0,2,144,5,0,0,59,12,0,21,144,15,0,0,0,0,0,11,54,11,0,0,6,3,0,3,22,0,0,3,144,25,0,3,144,4,0,0,37,8,0,12,138,5,0,0,0,0,0,4,28,0,0,0,4,8,3,9
3,0,0,8,130,23,1,1,149,8,0,0,56,13,0,15,101,46,3,0,0,0,0,6,45,22,0,0,0,0,0,1,10,0,0,6,149,27,0,1,149,5,0,0,64,13,0,14,149,10,0,0,0,0,0,9,60,8,0,0,0,1,0,5,19,0,0,4,149,31,0,4,149,6,0,0,50,12,0,16,149,5,0,0,0,0,0,5,40,0,0,0,1,4,3,11,16,2,0,2,123,15,0,1,149,25,0,0,23,5,0,3,114,5,0,0,0,0,0,14,12,0,0,0,0,2,6,18
43,0,0,102,92,0,0,78,123,0,0,3,4,0,0,125,23,1,0,0,17,70,14,40,35,25,0,0,30,76,0,1,23,4,2,55,125,5,0,7,125,17,2,15,16,5,1,66,57,5,0,0,25,105,10,22,83,71,0,0,9,27,0,1,12,11,1,26,125,3,0,0,125,53,1,6,20,21,3,11,85,12,0,0,27,88,6,9,125,28,0,0,0,3,0,6,7,1,0,18,125,4,1,7,42,4,0,1,24,28,16,76,109,6,0,0,15,37,7,13,92,4,0,0,0,1,2,17
0,0,0,23,57,0,0,0,114,4,0,6,23,0,0,12,183,10,0,0,0,0,0,39,22,1,0,0,0,0,0,2,0,0,0,26,97,0,0,0,120,1,0,4,54,2,0,15,183,3,0,0,0,0,0,44,41,0,0,0,0,1,0,2,0,0,0,6,118,7,0,0,129,16,0,2,62,6,0,1,183,49,0,0,0,0,0,3,37,4,0,0,1,2,0,0,0,0,0,0,99,11,0,0,140,28,0,0,37,10,0,0,183,65,0,0,0,0,0,0,15,2,0,0,0,1,0,1
176,176,0,0,0,0,0,2,140,102,2,0,0,0,0,1,65,3,0,0,0,0,0,1,4,1,0,1,14,5,0,0,176,176,1,1,0,0,0,0,44,37,3,8,6,0,0,1,86,3,0,0,3,1,0,3,6,1,0,0,29,27,0,0,176,80,0,0,0,0,0,6,31,4,0,10,6,0,0,4,77,3,0,1,9,3,0,4,10,1,0,0,52,22,0,0,131,140,2,0,0,0,0,1,17,10,2,3,0,0,0,1,42,10,0,0,13,2,0,0,10,1,0,0,45,9,0,0
6,15,141,141,48,0,0,1,45,103,141,27,11,0,0,10,7,141,141,0,0,0,0,0,9,49,6,1,3,0,0,0,11,3,2,16,141,8,0,4,141,18,2,3,53,3,0,31,39,37,15,6,1,0,0,1,0,29,11,6,2,0,0,0,10,0,0,3,141,45,0,0,141,8,0,1,60,8,0,7,72,22,4,1,0,1,1,4,0,31,8,1,0,27,4,0,7,12,1,1,62,70,0,0,138,61,1,1,16,6,1,3,49,9,0,0,0,23,27,10,2,13,0,0,0,61,29,0
103,0,0,0,0,0,0,43,88,0,0,0,0,0,0,42,85,1,0,0,0,0,0,26,54,6,0,0,0,0,0,2,127,1,0,0,0,0,0,60,119,10,0,0,0,0,0,49,127,4,0,0,0,0,0,30,83,5,0,0,0,0,0,6,127,6,0,0,0,0,0,50,122,50,0,0,0,0,8,29,104,20,0,0,0,0,18,33,76,3,0,0,0,0,7,39,59,0,0,0,0,0,55,120,26,2,0,0,0,3,127,117,7,1,0,0,0,3,127,93,5,0,0,0,0,0,127,127
43,19,16,31,13,0,0,4,94,21,9,38,18,0,0,7,115,110,45,1,0,0,0,4,0,36,83,7,0,0,0,0,51,2,5,60,46,9,0,24,127,5,2,42,59,1,0,40,133,38,10,5,2,0,0,48,17,28,65,9,0,0,0,0,24,4,23,51,95,52,2,26,106,46,11,15,20,2,1,43,133,122,4,3,2,0,0,6,33,52,45,0,0,0,0,0,4,4,61,122,47,29,1,0,110,82,18,17,11,7,0,2,133,133,0,0,0,0,0,0,28,33,15,1,0,0,0,0
0,0,0,0,15,49,37,3,24,17,0,0,8,72,15,1,144,53,0,0,1,3,0,0,45,19,1,6,98,33,0,0,8,1,0,0,55,57,9,4,66,73,1,0,0,11,4,8,143,63,0,0,0,3,2,18,39,1,0,0,144,144,4,11,25,3,0,0,60,46,5,13,128,8,0,0,0,0,1,52,45,4,0,0,2,14,19,71,4,0,0,0,144,144,18,15,14,18,2,1,26,13,0,1,59,7,1,0,0,0,0,43,22,0,0,0,11,53,11,36,0,0,0,0,144,144,3,0
124,12,0,0,0,0,0,16,124,9,0,0,0,0,0,23,96,13,0,0,0,0,0,6,74,5,0,0,0,0,0,5,124,0,0,0,0,0,0,71,124,8,0,0,0,0,0,37,124,24,0,0,0,0,0,2,82,24,0,0,0,0,0,3,124,36,0,0,0,0,0,41,124,11,0,0,0,0,0,28,124,27,0,0,0,0,0,6,72,36,0,0,0,0,0,1,89,39,0,0,0,0,92,73,105,11,0,0,0,0,123,124,75,8,0,0,0,0,56,124,26,7,0,0,0,0,25,63
172,28,0,0,0,0,0,2,172,3,0,0,0,0,0,25,52,0,0,0,0,0,0,28,24,0,0,0,1,0,0,12,172,66,0,0,0,0,0,2,172,9,0,0,0,0,0,23,93,2,0,0,0,0,0,16,42,1,0,0,1,0,0,6,172,80,0,0,0,0,0,1,155,20,0,0,0,0,0,3,95,25,0,0,0,0,0,1,38,5,0,0,0,0,0,1,172,70,0,0,0,0,0,0,96,43,0,0,0,0,0,0,46,31,0,0,0,0,0,0,20,6,0,0,0,0,0,2
56,0,1,86,30,0,0,64,138,35,0,0,0,0,0,40,68,24,0,0,33,18,0,10,0,0,0,0,40,50,13,3,35,6,7,138,56,0,5,64,138,44,9,26,4,2,1,47,63,21,0,0,70,94,2,4,4,0,0,0,45,99,10,2,30,5,9,38,8,0,7,138,129,28,14,19,2,10,18,83,22,1,0,0,52,138,31,31,24,13,1,0,18,59,5,4,102,0,0,0,0,0,2,138,26,0,0,0,0,7,26,138,2,13,6,0,7,36,25,11,14,21,8,3,2,3,0,2
2,5,25,24,4,20,53,1,26,14,5,37,25,45,62,1,108,120,64,10,2,15,26,6,13,19,125,93,0,1,2,33,27,43,81,77,10,0,0,0,56,6,20,125,120,1,0,3,125,32,6,7,12,0,0,60,43,7,43,58,0,0,0,47,15,49,16,20,44,63,10,0,25,41,14,34,125,69,0,0,125,67,5,3,13,0,0,53,42,0,0,1,0,0,0,119,1,33,14,0,6,96,42,0,1,82,78,12,21,38,1,0,13,36,20,13,19,4,4,17,44,0,0,0,1,1,3,73
0,0,0,18,90,32,93,61,5,0,0,5,13,10,119,126,1,0,0,65,82,22,35,18,6,6,6,56,54,5,10,13,13,1,0,17,126,67,15,27,126,7,0,3,12,5,26,124,44,9,2,17,32,12,17,22,1,9,14,44,39,4,1,0,9,8,8,34,126,60,5,0,126,81,12,15,12,0,0,9,69,41,27,33,4,0,0,2,0,0,10,81,25,1,0,0,0,84,105,4,9,11,5,0,20,126,126,4,3,0,0,0,7,55,63,26,17,2,0,0,0,0,6,38,76,11,0,0
6,0,0,1,0,0,0,25,0,0,7,14,0,0,0,11,0,1,28,23,0,0,0,1,0,4,30,10,0,0,0,0,13,6,0,0,0,0,0,9,6,3,1,0,0,0,1,21,20,5,7,2,0,0,0,9,5,3,17,14,4,12,4,2,18,8,1,0,0,0,0,3,6,12,6,0,0,1,1,3,15,6,0,0,0,70,31,3,2,0,0,0,1,227,164,2,13,0,0,1,2,0,0,10,7,1,0,0,6,92,4,6,0,0,0,0,13,227,72,0,0,0,0,0,3,227,227,0
153,128,0,0,0,0,0,3,153,73,0,0,0,0,0,4,70,0,0,0,0,0,0,15,19,0,0,0,0,0,0,14,153,153,0,0,0,0,0,0,153,46,0,0,0,0,0,9,90,0,0,0,0,0,0,14,27,0,0,0,1,3,0,12,153,153,0,0,0,0,0,0,120,20,0,0,0,0,0,6,89,9,0,0,0,0,0,3,29,3,0,0,5,6,0,2,122,91,0,0,0,0,0,0,69,36,0,0,0,0,0,1,48,23,0,0,0,0,0,0,15,5,1,0,6,3,0,0
0,1,84,104,4,0,1,2,1,1,41,115,26,3,28,12,81,72,1,18,9,3,18,12,67,109,0,0,0,0,0,0,0,0,37,20,5,86,48,0,9,5,21,79,95,115,28,1,115,92,7,14,28,15,0,15,85,64,0,0,0,0,0,6,0,51,57,0,5,115,52,0,4,39,115,33,18,67,21,0,115,13,44,31,23,5,0,53,112,2,0,0,0,0,0,52,15,93,42,4,11,8,0,0,0,13,39,19,78,26,0,0,53,0,2,10,87,16,1,28,71,0,0,0,0,0,4,76
72,18,4,11,0,0,0,62,28,0,0,0,18,56,17,62,65,30,0,0,77,114,4,4,95,57,0,0,1,5,0,2,10,0,44,113,0,0,4,45,13,0,10,44,15,106,65,55,118,80,0,3,13,83,17,25,65,48,0,0,0,44,36,9,0,0,46,118,2,0,0,0,6,0,33,118,57,12,5,3,73,7,3,58,46,9,79,102,9,10,8,0,0,54,118,30,0,0,1,41,19,0,0,0,0,0,0,77,118,0,0,0,2,12,10,84,107,1,13,5,22,76,28,3,0,2,20,3
0,0,2,9,49,125,42,3,46,3,0,0,58,123,18,23,80,15,8,14,34,17,5,24,3,5,7,15,65,32,10,7,22,0,0,0,2,112,127,69,127,26,0,0,2,65,45,29,86,13,0,1,21,42,17,22,12,73,41,10,37,22,1,0,127,4,0,0,0,0,33,57,127,10,0,0,0,0,7,32,55,11,0,0,0,22,21,18,126,85,5,0,0,3,2,2,127,50,4,0,0,0,0,8,127,18,0,0,0,0,29,29,63,15,0,0,0,0,31,56,108,45,0,0,1,11,8,24
98,1,0,0,6,14,7,58,14,6,5,11,92,32,6,14,18,125,33,11,24,2,0,0,22,125,31,0,0,0,0,0,125,2,0,0,0,10,9,53,40,6,1,1,11,48,12,16,125,97,4,1,1,1,1,12,52,76,18,0,0,1,9,12,125,0,0,0,0,2,9,69,68,4,0,0,0,13,19,23,125,17,0,0,0,1,1,18,46,3,0,0,16,61,32,15,92,0,0,0,0,5,33,39,29,0,0,0,0,11,100,73,104,6,0,0,0,8,118,125,11,1,0,0,26,125,91,20
26,135,111,0,0,0,0,0,3,63,135,25,1,1,0,1,1,7,135,93,1,1,3,1,1,7,135,35,0,1,7,4,135,129,8,0,1,3,0,3,10,18,30,10,18,39,3,2,64,40,68,19,2,8,3,4,18,37,135,14,2,4,1,1,104,11,0,0,1,5,23,104,11,2,0,0,18,31,37,18,101,6,0,0,1,2,11,50,27,3,0,0,1,19,31,30,17,6,10,1,0,0,35,115,6,7,1,0,0,1,100,56,10,9,6,0,0,0,60,89,2,2,4,0,0,5,75,39
1,0,0,1,48,100,29,6,55,3,1,2,31,105,38,49,22,24,11,19,71,117,19,5,107,39,2,0,2,19,10,35,5,0,1,5,99,117,15,7,78,21,11,13,30,53,27,41,14,20,25,69,77,39,10,6,67,18,2,2,5,7,16,60,56,14,0,0,10,117,110,23,117,32,0,1,13,39,16,27,11,21,27,13,100,78,9,6,38,92,54,3,8,9,10,27,117,19,0,0,0,1,19,23,75,15,0,0,1,18,20,15,59,92,24,3,7,14,6,1,14,108,81,0,0,0,0,1
0,1,2,8,112,61,5,0,7,28,9,14,61,12,1,1,1,16,11,61,115,1,0,0,5,95,115,52,47,0,0,0,11,2,1,4,32,115,31,5,115,32,6,15,21,24,12,18,29,40,14,86,115,4,0,1,115,115,27,10,9,0,0,4,11,11,34,80,41,22,3,1,91,17,13,9,14,13,31,59,41,38,34,45,44,16,21,24,115,41,17,14,2,0,1,8,4,4,13,52,61,4,1,3,68,42,4,15,73,28,16,18,115,115,27,37,29,1,6,12,92,54,11,26,18,0,0,3
119,13,0,10,28,2,0,3,9,1,25,119,102,6,0,7,18,14,119,119,3,0,34,113,1,4,119,25,0,9,119,40,98,58,4,9,37,2,0,0,9,2,7,25,119,18,2,6,70,27,113,26,4,2,1,15,7,6,119,51,2,4,1,0,62,29,4,11,41,33,37,44,14,7,3,21,93,53,22,7,108,33,3,4,4,5,2,11,15,3,6,5,16,43,9,6,17,23,9,0,1,32,95,95,43,58,1,0,3,51,43,13,56,30,0,0,1,4,14,12,27,61,32,3,12,12,4,6
12,16,3,4,20,60,43,4,2,5,13,10,50,32,0,0,1,40,41,13,45,67,2,0,0,29,88,84,15,26,12,0,13,43,10,6,14,3,6,7,4,5,2,8,107,38,3,3,89,54,25,8,16,9,3,16,41,40,46,50,55,26,4,8,2,3,2,0,7,6,117,66,5,3,1,12,68,26,111,35,117,23,1,6,9,2,5,21,37,3,0,0,89,71,5,8,0,4,117,63,1,4,113,30,9,0,24,113,25,11,117,117,117,10,0,3,10,1,14,117,21,3,0,1,117,25,0,4
22,2,1,50,126,22,4,14,126,4,0,8,24,4,3,63,46,2,4,30,53,9,3,16,13,7,43,79,22,0,0,9,13,2,2,17,126,56,10,11,126,21,2,8,36,13,4,49,96,23,12,4,6,4,3,19,27,49,72,29,1,0,0,5,3,10,95,93,41,2,0,0,126,72,70,40,14,2,6,25,79,9,0,0,0,1,26,80,94,32,4,0,0,0,1,30,0,4,98,23,4,23,86,5,4,7,49,36,55,42,24,12,72,5,3,9,12,5,10,96,126,110,31,0,0,0,0,28
68,18,1,3,34,89,30,20,94,13,1,0,11,14,34,85,136,0,0,0,1,3,14,136,38,0,0,0,0,12,7,24,96,96,16,58,31,12,3,1,102,57,7,33,106,8,2,10,136,3,0,2,16,3,2,61,61,0,0,0,0,19,20,30,124,47,5,18,29,17,0,5,88,33,4,37,136,13,0,6,136,31,2,8,16,0,2,49,34,0,0,0,0,6,45,49,61,5,2,4,3,11,29,63,32,21,8,6,33,17,10,28,65,31,2,1,2,4,45,30,6,0,0,0,0,6,111,27
11,23,18,3,1,2,11,9,74,23,3,0,3,8,13,96,102,44,17,0,0,0,6,94,23,20,19,21,28,0,5,22,9,0,1,0,3,9,79,97,54,5,3,12,22,37,26,106,120,29,7,2,0,0,31,120,27,7,7,6,17,2,28,113,113,7,0,0,0,10,26,75,120,64,54,34,7,2,1,22,120,117,33,10,3,9,3,22,72,17,10,9,11,15,5,23,106,97,7,0,0,1,3,5,120,85,28,0,0,0,2,18,45,83,36,12,5,6,9,25,66,5,4,19,15,10,3,18
3,0,0,3,86,52,12,4,44,5,0,0,11,15,42,70,8,0,0,0,0,1,69,31,1,0,0,0,0,12,69,11,5,0,0,1,147,147,30,13,147,2,0,0,26,50,72,147,60,2,0,0,8,7,33,27,15,13,6,8,2,7,23,7,18,12,1,18,147,48,0,2,147,87,2,9,53,9,1,14,83,34,4,7,6,1,0,1,18,45,4,5,3,2,2,2,4,19,20,69,147,14,2,0,133,101,21,20,10,0,0,11,39,12,1,7,6,1,2,11,8,3,0,1,3,19,33,9
130,11,0,0,0,0,2,35,63,5,0,0,0,8,27,38,130,83,6,2,1,1,6,14,29,35,4,8,23,8,4,5,113,43,29,0,0,0,1,127,101,37,18,0,0,6,11,64,130,48,3,1,4,10,8,44,20,9,1,4,60,79,14,12,19,130,130,0,0,0,0,11,25,129,130,0,0,0,0,8,76,62,58,9,6,12,11,23,3,0,0,5,29,83,12,7,40,91,26,0,0,0,0,2,4,35,92,1,0,0,0,0,0,7,78,45,5,0,0,0,2,5,12,90,32,8,0,0
139,29,5,20,9,1,2,9,55,9,6,51,16,0,0,19,69,34,4,0,0,0,4,50,4,42,42,16,8,1,8,7,139,78,8,18,11,3,0,3,49,8,3,31,97,18,1,9,139,85,4,0,9,2,0,12,27,108,51,6,0,0,0,0,96,12,1,9,23,24,3,12,47,1,0,0,73,79,6,13,139,23,0,0,6,4,2,63,85,54,14,5,0,0,1,15,25,0,0,5,32,40,5,18,9,0,0,0,23,138,33,26,139,1,0,0,0,16,23,139,106,3,0,0,0,0,3,68
16,5,0,1,99,64,13,19,26,0,0,0,21,42,106,126,37,0,0,1,18,112,91,66,126,0,0,0,1,8,9,126,11,0,0,1,85,126,37,14,126,11,0,2,32,50,16,60,53,7,1,10,88,38,9,30,78,0,0,0,11,8,7,110,20,5,4,38,42,39,17,13,126,31,3,21,26,9,0,9,37,5,1,29,121,36,3,6,0,0,0,7,19,8,5,11,22,7,1,7,13,6,15,41,126,56,2,12,13,2,0,0,21,12,3,73,61,0,0,0,0,0,0,18,6,0,0,0
3,31,68,6,0,0,4,5,58,67,23,1,0,0,1,3,168,49,1,0,10,1,0,3,42,3,0,1,168,27,0,1,2,23,51,4,0,0,0,0,74,33,24,12,4,0,0,0,168,42,0,0,18,0,0,2,41,3,0,15,168,4,0,1,22,19,5,2,5,2,0,2,62,4,3,8,22,13,1,18,168,3,0,0,8,8,29,129,18,0,0,12,168,72,37,24,36,13,5,9,4,1,0,1,7,2,25,34,10,6,1,9,23,4,11,5,1,5,43,89,0,0,0,3,42,73,58,16
4,0,0,1,1,17,142,20,50,13,8,1,8,29,129,67,6,44,95,20,23,38,11,5,9,14,84,29,0,1,10,33,33,10,26,55,5,9,67,17,142,64,23,2,0,0,18,48,49,83,106,4,1,6,5,6,0,16,100,18,6,40,13,1,13,23,92,50,1,0,2,0,142,66,38,3,0,0,4,55,65,11,11,0,8,41,57,63,8,3,2,0,29,116,58,15,5,10,26,1,1,4,48,15,45,12,11,0,0,4,33,86,16,0,0,2,6,90,88,47,2,5,6,9,11,102,70,10
62,130,13,0,0,0,0,0,61,78,1,0,0,0,0,0,130,31,0,3,7,0,0,0,18,2,0,45,113,0,0,0,16,125,3,0,0,1,5,4,52,27,0,0,0,6,15,11,130,7,0,1,6,0,1,9,23,1,0,24,130,0,0,0,11,8,0,0,0,1,41,48,50,18,3,0,0,4,48,32,130,12,0,0,4,1,5,43,22,0,0,8,122,25,1,4,3,0,0,1,1,5,115,51,31,3,1,7,4,21,130,84,130,5,0,0,2,4,25,130,14,0,0,7,109,84,6,18
5,0,1,84,79,1,2,7,41,5,0,50,39,2,12,43,112,104,25,1,0,0,1,13,8,43,82,88,12,0,0,0,36,0,1,67,55,0,2,16,65,17,14,122,70,0,0,2,122,55,8,6,0,0,0,31,53,19,9,49,54,3,0,16,35,19,6,19,10,0,2,37,13,52,122,91,14,0,0,1,122,42,121,41,0,0,0,33,60,2,1,20,19,2,0,47,42,82,32,77,0,0,0,3,34,122,86,17,0,0,0,4,6,8,79,122,2,0,0,4,27,1,4,53,3,0,0,35
0,0,0,1,132,94,5,0,8,44,35,34,132,37,1,1,43,128,74,3,1,1,1,6,11,17,63,15,4,7,4,6,4,0,0,0,94,132,23,3,132,60,5,2,32,69,4,18,46,86,28,9,7,4,8,7,1,14,49,10,3,5,51,27,24,0,0,0,7,132,70,8,132,8,0,0,1,19,5,55,103,20,24,28,5,1,1,16,0,6,79,52,6,4,22,3,46,5,0,0,3,17,8,4,132,18,0,0,0,0,0,14,132,35,8,1,0,0,0,6,17,45,59,5,0,0,0,0
6,0,0,0,1,27,44,15,137,0,0,0,8,19,21,80,32,5,3,2,103,111,9,14,2,11,31,56,36,72,11,0,29,2,6,56,17,30,52,14,137,11,1,5,24,6,11,25,58,12,3,18,137,17,0,10,30,19,26,40,19,22,16,23,41,5,8,79,78,48,11,2,137,14,1,5,25,16,0,13,37,14,6,9,137,39,2,13,8,20,9,14,81,71,23,15,50,38,0,0,11,70,30,6,137,63,2,9,11,4,0,2,20,7,7,73,68,11,10,6,2,3,6,43,118,81,19,6
2,4,13,25,68,34,6,0,44,2,14,51,12,39,39,22,122,1,1,15,50,6,5,49,18,12,5,22,78,9,4,19,23,17,20,31,49,26,22,19,51,8,21,90,80,78,23,13,122,6,1,14,43,15,0,49,16,14,6,33,90,22,11,11,2,0,0,73,99,39,24,11,89,33,2,14,59,122,44,29,122,62,3,13,5,4,0,38,30,3,30,118,32,7,5,11,0,0,3,63,68,6,3,6,68,21,52,120,50,11,4,25,122,9,3,3,2,3,44,93,34,0,2,11,21,34,80,31
87,5,6,17,1,0,0,94,61,0,0,0,0,0,1,130,6,0,1,5,0,0,24,130,0,0,3,34,1,0,12,49,64,3,2,86,100,6,0,38,130,21,1,0,0,0,0,72,29,13,8,15,0,0,19,122,15,0,0,6,0,0,10,130,51,24,26,82,130,29,0,1,130,45,6,1,0,0,0,15,79,15,15,40,2,0,0,15,13,0,4,47,12,1,5,98,4,12,95,130,7,0,0,0,55,47,53,59,0,0,0,2,91,11,2,11,1,0,0,15,7,2,3,74,34,1,4,8
33,0,0,5,1,0,3,40,132,6,0,0,0,0,0,132,88,2,0,0,0,0,0,132,9,0,0,0,0,0,0,34,34,12,9,54,0,0,0,3,132,88,1,0,0,0,0,24,132,45,1,0,0,0,0,80,50,2,0,0,0,0,0,83,18,4,55,132,1,0,0,1,132,18,14,32,0,0,0,93,119,22,1,0,0,0,0,104,71,13,1,0,0,0,0,28,1,1,17,80,19,3,6,2,34,1,9,61,46,11,10,50,55,0,0,0,2,4,19,132,39,2,0,0,0,0,0,99
16,25,1,70,98,2,0,0,141,142,8,7,4,0,0,0,65,103,24,0,0,0,0,1,106,13,0,0,0,0,0,5,35,11,1,11,73,75,12,17,142,56,1,2,2,1,2,35,85,67,23,0,0,0,0,0,74,46,1,0,0,0,0,0,43,26,9,22,38,73,22,28,142,33,2,0,0,0,4,62,142,38,2,0,0,0,0,7,44,27,0,0,0,0,0,0,8,78,37,48,26,0,0,0,142,67,14,1,0,0,0,14,142,5,0,0,0,0,0,27,39,4,0,0,0,0,0,2
37,57,21,34,30,0,0,0,136,21,0,8,7,0,0,26,131,31,0,0,0,0,0,9,14,1,0,0,0,0,0,2,23,11,11,36,98,0,0,0,136,63,0,7,14,0,1,19,97,64,0,0,0,6,31,12,3,1,0,0,0,7,43,5,8,4,14,76,56,0,0,0,136,29,20,20,6,0,14,88,49,55,9,0,0,9,94,73,8,76,36,0,0,5,37,7,0,21,99,33,9,1,0,0,12,135,136,13,0,0,1,12,18,136,104,0,0,3,7,11,0,95,90,0,0,23,29,0
14,3,6,26,10,31,122,82,30,8,10,0,0,0,64,122,2,3,11,44,11,0,40,52,16,7,5,88,11,2,7,16,38,17,31,122,59,7,8,17,122,95,22,13,5,2,24,72,30,25,28,34,22,18,29,75,52,2,5,83,5,1,3,59,13,2,8,122,55,1,6,9,72,16,8,95,8,9,82,86,39,21,3,8,15,50,122,53,45,8,0,8,2,2,23,111,19,0,13,83,4,1,10,70,4,6,30,122,4,2,13,19,45,64,26,51,0,0,12,5,23,19,9,4,0,0,3,14
27,56,8,2,25,75,3,2,5,4,15,2,30,118,47,1,31,42,51,16,50,118,31,16,118,86,10,2,3,6,5,28,15,25,4,1,77,118,1,2,77,90,79,13,23,84,5,14,41,84,118,74,20,9,3,3,85,95,13,9,11,1,0,0,12,5,46,45,54,80,0,2,118,48,38,18,4,9,15,68,34,79,25,21,27,35,23,23,43,45,3,3,15,62,6,0,1,5,31,25,17,3,0,0,32,94,37,11,0,2,1,3,11,88,40,1,15,65,2,1,9,17,13,3,18,85,2,4
133,16,1,8,35,0,0,34,84,11,4,0,0,0,0,8,133,13,0,0,0,0,0,1,28,4,0,3,63,1,0,0,133,0,0,15,84,0,0,51,133,7,1,0,0,0,0,15,133,4,0,0,0,0,0,3,38,2,0,0,87,12,0,0,133,23,9,44,106,0,0,22,133,21,5,0,0,0,3,17,133,4,0,0,0,1,0,21,34,0,0,0,100,35,0,4,34,67,59,79,34,0,0,1,40,51,62,15,0,0,3,11,133,67,14,2,1,0,0,19,16,8,1,28,80,14,0,2
3,0,0,0,0,0,75,65,10,2,0,0,1,4,118,86,35,5,8,1,0,0,33,118,1,0,16,13,0,0,21,30,8,1,3,1,0,2,118,103,75,44,1,0,3,6,43,69,84,34,0,0,0,0,42,70,1,0,0,0,0,0,89,54,20,44,118,54,0,0,60,58,114,100,112,5,0,1,15,65,16,6,47,20,1,9,86,20,0,0,25,5,0,0,99,27,0,9,118,25,0,0,0,0,0,26,118,15,0,0,0,0,0,1,118,38,0,0,1,0,0,0,106,33,0,0,3,1
76,1,0,0,25,13,1,26,114,7,0,0,21,10,1,31,97,3,1,3,12,3,1,108,90,2,1,0,0,0,3,69,105,11,0,2,50,11,0,3,124,28,1,6,36,8,1,16,124,11,2,27,50,2,0,43,124,7,5,1,2,0,0,74,94,5,0,11,46,0,0,7,124,10,0,10,32,2,0,28,78,2,0,9,90,11,1,36,124,0,0,1,10,0,0,124,74,0,0,3,29,1,0,16,96,0,0,3,32,3,2,66,37,0,0,13,40,15,12,38,113,0,0,5,14,12,6,123
58,115,54,18,12,5,5,32,82,9,16,23,39,5,2,76,29,29,8,33,115,15,5,14,14,62,58,1,2,4,45,18,52,35,15,10,15,17,77,115,115,59,3,16,38,19,24,27,45,38,5,51,115,1,5,13,23,68,83,8,9,1,47,19,20,90,52,15,6,0,5,18,115,45,9,4,14,1,1,79,85,31,14,58,115,3,0,31,115,64,41,19,7,0,0,2,5,15,34,81,13,0,0,2,98,66,3,14,5,0,0,35,45,56,51,48,11,0,0,16,37,41,24,7,0,0,0,1
0,0,0,0,41,47,16,6,21,0,0,4,32,56,55,64,5,0,0,24,107,95,10,10,35,0,0,3,18,7,14,73,7,0,0,0,88,87,72,28,118,10,0,16,81,48,11,28,22,3,0,51,118,56,12,4,6,0,0,4,15,64,65,16,17,1,50,40,16,45,69,7,118,7,2,11,43,48,7,13,31,19,29,30,118,95,4,7,17,10,43,118,50,40,30,8,14,13,27,15,12,53,74,3,118,23,3,14,44,18,6,11,28,11,7,51,89,23,30,27,16,10,11,42,57,112,57,15
28,1,0,0,1,1,21,92,2,0,0,0,87,72,23,19,59,3,0,6,54,60,41,63,5,0,0,16,75,71,9,6,21,9,17,18,11,14,83,67,19,1,14,10,61,108,117,31,117,13,0,15,67,50,6,13,14,3,5,37,117,57,10,2,0,1,60,51,12,18,91,2,31,3,66,64,28,58,73,4,117,8,2,13,60,44,6,13,29,25,27,28,97,58,11,15,0,5,32,26,11,26,102,2,21,44,57,1,4,42,75,3,110,43,7,19,32,8,6,17,10,1,0,64,88,28,29,18
0,200,200,1,0,0,0,0,4,200,200,0,0,0,0,0,26,101,51,0,0,0,0,0,63,23,2,0,0,0,0,10,1,11,12,1,3,4,2,0,25,10,3,0,0,0,0,1,69,29,1,0,0,0,1,15,37,9,0,0,0,0,2,22,15,8,2,1,0,3,8,7,15,34,19,0,0,0,0,1,27,15,5,0,0,0,7,16,34,1,0,0,0,0,8,32,24,12,22,22,1,1,2,13,15,9,3,2,1,19,25,7,0,1,1,0,0,96,104,3,12,0,0,0,0,39,200,56
0,0,0,0,31,71,9,0,101,24,0,0,15,45,38,38,75,38,4,7,15,31,17,10,3,5,15,37,58,23,15,4,4,1,0,9,113,21,0,0,113,56,0,2,56,19,3,22,88,26,0,0,72,113,21,14,84,93,16,4,8,22,18,12,4,10,34,77,66,2,0,0,92,8,85,63,26,15,20,60,64,12,38,19,31,83,33,43,113,58,8,1,2,2,31,103,2,20,28,20,0,25,67,4,3,2,108,48,0,3,72,44,8,4,113,69,0,3,14,48,9,8,98,42,0,1,34,57
74,9,0,3,22,34,11,12,27,23,23,29,37,37,21,14,18,116,116,15,7,4,0,0,4,116,49,0,0,0,1,0,91,2,0,0,78,60,13,29,116,64,0,0,37,29,15,42,59,112,3,0,0,0,30,30,7,9,0,0,0,2,10,9,20,5,99,10,15,40,28,37,78,10,104,10,8,13,46,116,35,28,40,2,0,0,116,116,39,17,1,0,0,0,23,68,2,5,100,7,0,2,63,48,1,6,116,20,0,15,69,38,23,47,92,11,0,14,58,45,35,41,3,0,0,11,29,32
26,31,4,67,71,7,5,14,32,82,28,2,2,22,87,24,10,40,27,0,0,22,97,39,3,5,5,6,29,67,22,18,47,10,3,113,107,1,5,11,69,113,52,27,25,9,41,18,19,105,113,27,1,5,16,11,2,6,61,113,46,23,11,4,52,5,2,85,88,1,3,78,113,50,22,67,46,0,0,53,97,27,62,17,0,0,0,24,1,5,75,109,1,0,0,1,87,42,11,21,8,0,0,56,52,63,89,45,7,0,0,7,53,31,7,0,0,0,0,6,2,0,1,2,0,0,1,6
0,0,0,0,0,0,0,0,0,0,0,0,0,0,0,0,0,0,0,0,0,0,0,0,2,0,0,0,0,0,0,0,84,2,0,0,0,0,0,8,6,0,1,0,0,0,0,1,13,4,0,0,0,0,0,2,11,14,2,0,0,0,0,1,247,11,0,0,0,0,5,247,26,8,6,0,0,0,0,9,17,16,5,0,0,0,0,0,18,17,3,0,0,0,0,4,247,1,0,0,0,0,12,247,78,2,0,0,0,0,0,24,14,13,7,0,0,0,0,1,9,3,3,1,0,0,0,5
17,10,2,0,0,0,0,0,25,25,4,0,0,0,0,3,47,8,1,0,0,0,0,1,26,6,0,0,0,0,0,0,9,13,13,0,0,0,1,1,23,4,0,0,0,0,3,20,70,5,0,0,0,0,0,9,40,25,0,0,0,0,0,0,0,1,1,0,0,37,71,6,13,2,0,0,0,8,132,67,54,17,0,0,0,0,35,76,43,14,0,0,0,0,10,17,0,2,5,3,22,166,166,1,6,11,31,2,0,126,166,135,80,32,9,0,0,3,166,166,15,4,0,1,6,27,137,69
12,2,3,1,1,1,9,30,1,3,8,16,1,0,0,4,1,24,26,4,0,0,0,0,0,6,29,22,0,0,0,0,46,0,0,0,0,0,45,159,44,12,4,0,0,0,0,35,15,32,9,0,0,0,0,0,0,30,23,4,0,0,0,0,159,25,9,48,13,0,20,159,159,38,21,0,0,0,0,48,2,55,39,0,0,0,0,0,0,28,24,2,0,0,0,0,159,159,128,159,28,2,2,40,159,70,10,0,0,0,2,42,6,33,32,0,0,0,0,3,0,11,39,4,0,0,0,0
9,0,0,0,83,104,12,26,143,3,0,0,9,19,13,143,52,11,12,2,0,0,0,13,0,2,7,2,1,0,0,0,19,4,1,7,143,62,4,8,143,30,2,4,35,7,3,72,141,3,0,1,4,3,1,16,0,0,0,1,6,3,0,0,9,28,51,45,59,12,6,0,143,112,23,15,10,0,0,32,101,3,0,0,0,5,5,66,1,0,0,0,2,38,27,6,4,15,68,28,24,5,2,6,41,16,12,17,24,13,32,79,50,0,0,0,2,40,45,125,12,7,0,0,7,143,50,17
30,0,0,0,0,0,34,63,3,0,0,0,0,1,12,4,7,0,0,0,0,0,6,14,50,0,0,0,0,0,42,126,101,0,0,0,0,3,81,134,15,4,0,0,0,27,134,44,50,6,0,0,0,1,45,58,18,1,0,0,0,0,9,15,71,1,0,0,0,0,68,125,109,40,5,0,0,3,79,107,103,44,3,0,0,0,14,61,30,5,0,0,0,0,0,3,41,2,0,0,0,2,134,61,20,1,0,0,0,0,134,134,28,1,0,0,0,0,87,134,23,0,0,0,0,0,8,87
74,54,50,2,0,0,0,6,129,129,32,0,0,0,0,5,78,129,54,0,0,0,0,13,14,22,4,0,0,0,0,0,129,77,26,0,0,0,0,21,113,98,89,25,1,0,0,16,129,23,8,2,0,0,0,59,9,1,0,0,0,0,0,2,129,129,6,0,0,0,0,8,40,90,102,29,1,0,0,0,45,58,49,3,0,0,0,3,10,34,9,0,0,0,0,0,116,129,6,0,0,0,0,4,6,19,24,0,0,0,0,0,2,8,25,0,0,0,0,0,95,83,16,0,0,0,0,0
30,3,0,0,0,0,3,120,78,0,0,0,0,0,2,146,29,0,0,0,0,0,0,136,2,0,0,13,16,0,0,3,34,23,0,0,0,0,5,14,76,3,0,0,0,2,42,146,146,9,0,0,0,0,7,146,34,3,3,10,1,0,0,8,3,8,1,2,8,11,31,4,120,94,0,0,0,5,28,16,146,110,0,0,0,0,0,24,40,4,0,0,0,0,0,17,2,74,7,0,11,9,3,1,91,146,1,0,0,0,0,0,120,92,0,0,0,0,2,19,22,0,0,0,0,0,1,40
0,0,0,0,0,0,8,26,35,1,0,0,0,0,41,133,34,1,0,0,0,0,4,54,0,0,0,0,0,0,0,0,25,4,0,0,0,0,10,49,133,75,0,0,0,0,10,128,129,33,0,0,0,0,16,45,0,0,0,0,0,0,5,6,68,15,1,0,0,0,16,133,133,26,0,0,0,0,19,133,42,10,0,0,0,0,125,133,20,2,0,0,0,0,39,95,68,58,3,0,0,0,7,57,129,69,0,0,0,0,5,79,68,84,34,0,0,0,12,67,57,69,9,0,0,0,4,30
42,0,0,0,0,0,19,124,73,6,0,0,0,0,12,124,102,6,0,0,0,0,5,124,60,0,0,0,0,0,9,124,61,33,0,0,0,0,3,21,124,83,0,0,0,0,1,63,93,34,0,0,0,0,5,108,108,0,0,0,0,0,11,124,64,77,4,0,0,0,0,2,124,43,5,0,0,0,0,101,40,8,0,0,0,0,29,124,28,1,1,0,0,0,51,121,49,50,12,0,0,0,4,43,38,72,38,0,0,0,1,31,30,50,25,0,0,0,4,25,13,23,10,7,3,0,7,13
29,14,6,0,0,0,0,17,62,0,0,0,0,0,0,40,31,0,0,0,2,0,6,37,0,0,0,2,5,2,6,5,48,6,0,0,0,0,0,25,84,27,0,0,0,0,0,14,19,7,1,2,2,1,13,21,8,2,0,0,0,1,14,22,73,2,0,0,0,0,4,37,64,7,0,0,0,3,21,42,16,13,4,2,2,8,64,29,4,8,4,5,6,73,85,4,28,1,0,0,0,27,165,136,22,2,1,10,20,118,165,86,24,4,1,10,19,140,165,46,26,11,4,28,43,165,165,24
3,73,27,0,0,0,0,0,1,67,55,0,0,0,0,0,8,108,4,0,0,0,0,0,5,49,10,13,1,7,1,0,57,44,12,0,0,0,1,75,17,25,23,4,2,6,1,4,48,35,2,0,0,3,2,15,3,8,0,0,0,18,2,2,175,24,11,5,2,0,10,175,17,11,15,13,6,6,12,51,31,22,3,0,0,0,1,10,2,7,6,0,0,2,1,1,95,42,51,13,40,82,175,175,91,27,8,0,1,4,116,175,27,20,24,0,0,0,22,83,3,42,21,1,0,0,2,7
2,2,0,0,1,3,2,2,1,0,0,0,7,70,27,5,6,2,5,35,30,64,29,27,1,25,60,56,19,8,0,1,2,2,1,0,3,82,56,3,21,1,1,11,63,129,54,17,129,58,11,7,8,46,40,73,23,44,69,32,5,1,0,3,26,2,8,16,13,118,93,32,71,26,54,99,41,43,19,28,129,74,50,37,6,5,5,41,43,26,19,14,11,23,15,23,31,11,84,113,53,10,2,12,129,35,27,27,10,0,0,28,57,128,88,9,0,0,0,12,10,73,87,1,0,1,3,5
0,0,0,0,16,3,0,0,25,0,0,0,123,25,0,3,155,9,0,0,16,5,0,9,31,4,0,0,0,2,0,1,0,0,0,0,51,11,0,0,44,0,0,1,155,42,0,6,155,5,0,0,19,7,0,20,34,1,0,0,20,21,2,3,0,0,0,0,56,46,3,0,31,27,9,14,140,27,0,1,155,60,4,5,12,3,1,16,23,1,0,0,35,155,31,9,12,11,0,0,12,67,36,3,13,97,27,4,15,12,4,1,33,96,8,0,28,15,0,0,5,1,0,9,155,155,19,0
23,0,0,86,148,0,0,7,148,0,0,9,25,0,0,68,78,0,0,0,0,0,0,26,3,0,2,15,6,0,0,1,14,1,3,65,148,0,0,1,148,9,0,11,66,0,0,30,144,1,0,0,0,0,0,19,7,0,1,0,0,0,1,9,7,5,3,34,148,2,0,0,148,40,3,17,55,0,0,1,128,7,0,0,0,0,0,10,5,0,0,0,0,0,1,9,4,3,0,9,148,23,0,0,148,32,1,7,29,0,0,0,82,10,0,0,0,0,0,2,2,0,0,0,0,0,0,1
22,10,0,0,0,0,3,41,151,73,0,0,0,0,1,51,54,38,0,0,0,0,0,1,6,2,0,0,0,0,0,0,87,26,0,0,0,0,0,3,151,105,0,0,0,0,0,10,111,39,2,5,4,0,0,6,151,21,0,0,0,0,0,2,90,5,0,0,0,0,0,21,151,16,0,0,0,0,0,71,119,4,0,1,4,2,3,32,151,17,0,0,0,0,0,44,64,20,0,0,0,0,0,8,151,37,0,0,0,0,0,59,82,15,1,0,0,0,0,33,151,15,0,0,0,0,0,55
57,6,1,73,160,0,0,4,160,7,1,6,9,0,0,33,68,0,0,0,0,0,1,30,1,0,0,0,0,0,3,9,33,12,4,75,160,0,0,0,160,28,3,13,13,0,0,8,107,6,0,0,0,0,0,7,4,0,0,0,0,0,0,3,21,5,1,16,160,22,0,0,160,13,0,5,17,0,0,14,105,3,0,0,0,0,0,14,1,0,0,0,0,0,0,1,8,5,2,17,142,19,0,0,160,14,2,5,7,0,0,8,108,10,2,0,0,0,0,6,1,2,2,0,0,0,0,0
39,1,0,0,0,0,26,105,0,0,0,0,0,0,36,62,0,0,0,0,0,0,2,8,0,0,0,0,0,0,0,0,2,0,0,0,0,0,51,104,40,1,0,0,0,0,105,160,160,22,0,0,0,0,13,107,40,10,0,0,0,0,0,0,1,0,0,0,0,0,2,4,160,24,0,0,0,0,6,36,160,64,0,0,0,0,0,31,125,20,2,4,2,0,0,22,1,0,0,0,0,0,0,0,116,3,0,0,0,0,0,41,160,3,0,0,0,0,0,160,81,2,1,3,4,2,4,58
129,15,0,0,0,0,1,21,6,2,0,0,0,0,5,11,0,0,0,0,0,0,0,2,0,0,0,0,0,0,0,0,154,2,0,0,0,0,11,102,17,1,0,0,0,3,57,73,47,4,0,0,0,0,6,54,4,0,0,0,0,0,0,0,159,8,0,0,0,0,2,38,71,27,0,0,0,0,10,24,124,30,0,0,0,11,11,28,10,1,0,0,72,175,14,4,82,0,0,0,0,0,0,92,95,12,0,0,0,0,1,45,27,6,0,0,28,124,22,24,17,36,0,0,175,175,9,1
13,1,0,0,0,0,0,0,143,21,0,0,0,0,0,0,143,18,0,0,0,0,0,0,128,12,0,7,8,0,0,1,26,3,0,0,0,0,0,0,143,25,0,0,0,0,0,2,143,9,0,0,0,0,0,9,143,9,1,1,1,0,0,12,36,4,0,0,0,0,0,0,143,16,0,0,0,0,0,15,143,18,0,0,0,0,0,28,143,25,0,0,0,7,6,6,37,3,0,0,0,0,0,1,143,38,0,0,0,0,0,4,126,36,0,0,0,9,9,12,61,4,0,0,6,143,87,18
1,0,0,0,0,0,0,0,7,0,0,2,0,0,0,1,1,0,4,113,86,0,0,0,0,0,0,219,219,0,0,0,0,0,0,0,0,0,0,0,6,0,0,0,0,0,0,5,16,2,1,24,18,0,0,2,1,0,0,219,219,0,0,0,1,0,0,0,0,0,1,3,11,4,0,0,0,0,0,3,25,3,0,1,0,0,0,0,7,1,0,193,93,0,0,0,5,0,0,0,0,0,0,1,20,0,0,0,0,0,0,2,19,0,0,0,0,0,0,1,10,0,0,15,7,0,0,0
62,6,0,0,0,0,0,0,62,7,0,0,0,0,0,0,70,7,0,2,3,0,0,0,4,0,0,177,177,0,0,0,82,8,0,0,0,0,0,0,76,4,0,0,0,0,0,2,93,3,0,0,0,0,0,7,9,2,1,85,177,0,0,0,75,4,0,0,0,0,0,5,69,5,0,0,0,0,0,12,96,12,0,0,0,0,0,2,13,2,0,33,160,16,6,1,49,10,0,0,0,0,0,1,59,13,0,0,0,0,1,5,47,5,0,0,0,70,24,9,3,0,0,1,33,177,177,1
46,2,5,31,60,3,0,10,128,4,1,12,28,3,0,64,88,8,0,11,91,5,0,7,112,8,0,1,41,10,0,2,18,12,56,114,17,0,0,0,128,45,16,70,20,1,0,13,120,10,0,18,96,6,0,3,128,9,0,12,66,2,0,1,12,9,11,39,54,5,0,0,122,11,3,31,69,16,7,71,93,46,0,1,41,29,8,26,108,40,0,16,60,0,0,0,1,0,0,12,87,18,1,0,84,3,0,1,95,21,3,53,125,56,0,0,0,1,1,22,55,15,0,5,35,1,0,3
1,0,0,0,15,5,0,1,1,0,1,13,122,58,0,1,3,5,65,128,121,20,0,1,0,105,128,73,15,1,0,0,1,0,0,0,32,6,0,5,17,2,1,2,128,49,3,16,127,31,98,57,14,8,2,38,14,112,128,19,0,0,0,0,1,0,0,0,34,32,1,5,14,38,15,12,128,52,0,2,128,89,10,2,9,1,0,13,93,53,24,0,0,0,0,3,0,4,5,12,41,10,0,0,2,43,40,11,26,7,0,0,85,53,15,0,0,0,0,4,111,34,0,0,0,0,0,6
0,0,1,28,123,8,0,0,0,0,0,6,54,58,17,1,47,7,0,0,2,34,23,19,27,7,0,2,1,3,1,9,0,0,0,20,123,30,4,0,12,0,0,33,129,67,6,5,129,22,0,3,14,25,9,17,33,14,2,7,0,0,0,0,0,0,0,4,23,129,107,2,10,4,2,64,122,40,105,26,129,16,4,24,17,2,3,16,43,1,0,3,0,0,0,5,0,0,0,0,0,129,129,17,52,2,0,2,3,32,129,129,129,31,0,1,1,1,6,51,30,10,0,1,0,0,0,1
59,6,0,0,0,0,8,66,20,2,0,0,0,11,51,29,34,29,0,0,0,14,59,31,14,65,22,2,4,37,22,2,38,22,3,2,1,4,9,21,18,1,0,0,13,52,62,27,138,65,3,0,0,8,45,46,85,138,12,0,0,1,3,3,3,0,17,88,22,9,21,7,36,24,4,11,22,27,26,13,138,52,2,0,1,1,1,64,138,59,0,0,0,1,18,132,0,0,90,138,13,0,0,0,26,5,44,138,4,0,1,19,74,7,5,10,0,0,0,106,75,0,0,0,0,0,7,136
42,1,0,15,48,1,0,9,107,1,0,4,36,2,0,19,1,0,0,5,73,21,3,0,0,0,0,29,154,72,1,0,58,2,0,22,49,1,0,8,144,2,0,15,33,0,0,21,11,0,0,45,109,3,2,4,0,0,0,94,154,7,3,7,44,7,0,3,33,16,7,29,150,27,0,7,19,2,0,3,21,2,0,65,124,1,0,1,0,0,0,22,154,81,3,3,55,14,0,0,4,3,3,40,88,25,0,0,2,0,0,6,13,0,0,36,83,0,0,3,0,0,0,74,154,31,0,0
155,155,1,0,0,0,0,0,155,20,0,0,1,0,0,1,22,3,0,1,42,25,0,0,0,0,0,3,64,43,0,0,155,150,4,7,1,0,0,0,155,8,1,2,7,4,0,4,28,3,0,0,81,78,0,1,8,17,6,16,37,36,0,0,155,54,2,3,1,0,0,3,122,18,1,1,18,6,0,4,35,4,0,0,119,42,0,2,44,16,2,4,51,19,0,3,47,57,7,0,0,0,0,3,51,35,3,0,28,6,0,0,30,4,0,0,96,27,0,1,35,4,0,1,66,12,0,1
14,23,31,6,0,0,0,2,15,97,81,0,0,0,0,0,0,127,103,0,0,0,0,0,0,118,62,0,0,0,0,0,47,29,22,20,1,0,0,3,127,122,24,7,0,0,0,10,27,127,125,1,0,0,0,1,0,97,60,0,0,0,0,0,37,6,4,43,23,4,1,27,127,24,1,13,6,0,0,64,127,70,57,0,0,0,0,16,0,60,71,0,0,0,0,0,20,10,25,54,54,10,2,22,127,81,3,2,1,0,0,13,127,83,13,0,0,0,0,1,1,21,45,0,0,0,0,0
15,0,0,2,4,20,23,22,164,11,0,0,0,0,2,131,135,6,0,0,0,0,0,42,17,0,0,0,1,0,0,8,50,12,0,0,0,14,21,13,164,65,0,0,0,0,1,15,164,39,0,0,0,0,0,6,25,0,0,0,2,0,0,13,38,58,6,1,1,1,0,4,164,20,1,0,0,0,0,68,164,4,1,1,0,0,0,41,19,0,0,1,1,0,0,9,32,20,1,0,1,1,2,30,164,91,0,0,0,0,0,23,153,27,0,0,0,0,0,20,13,3,0,0,0,0,0,1
0,170,170,1,0,0,0,0,0,170,170,4,7,1,0,0,6,76,170,43,9,0,0,0,17,11,32,139,68,0,0,37,0,5,34,2,8,11,5,0,4,3,5,1,16,16,3,0,37,9,0,6,11,1,0,2,5,1,0,78,164,4,0,4,2,0,0,4,20,4,1,5,8,1,0,0,11,14,2,2,31,2,0,0,7,3,1,10,2,0,0,9,170,12,1,2,8,0,0,1,18,2,1,15,5,0,0,0,19,4,0,6,8,0,0,0,3,4,2,16,0,0,0,4,110,18,1,1
193,20,0,0,0,0,2,99,55,66,37,0,0,4,6,12,0,34,79,0,0,1,1,0,0,4,62,15,0,0,0,0,193,17,0,0,0,0,0,21,142,29,4,0,0,0,0,7,1,5,7,0,0,0,5,11,0,0,6,3,0,0,8,2,193,23,2,0,0,0,0,35,164,5,3,1,0,0,0,16,0,0,4,5,0,0,3,3,0,0,0,1,0,0,7,3,193,14,1,0,0,0,0,21,167,4,1,0,0,0,0,12,0,0,1,5,3,0,0,0,0,0,1,5,2,0,0,0
101,1,0,0,32,22,1,26,147,16,0,0,0,0,0,59,37,6,0,0,2,7,34,91,15,6,17,42,32,4,13,37,147,6,1,1,8,8,0,12,147,36,0,2,4,0,0,8,42,17,12,27,48,25,18,33,43,24,34,6,2,3,10,147,136,17,13,4,1,0,0,10,147,5,0,2,1,0,0,25,64,33,45,39,15,0,0,6,47,88,105,5,0,0,0,38,63,1,1,2,4,0,1,40,147,8,0,0,0,0,0,66,104,45,53,7,0,0,0,20,28,14,56,25,0,0,2,48
0,0,0,18,63,6,1,1,18,0,1,5,15,0,0,19,137,1,0,0,0,0,0,30,96,17,6,0,0,0,0,15,0,0,18,100,41,0,0,0,12,2,16,64,19,0,0,6,140,6,1,3,2,0,0,34,140,2,0,0,0,0,0,59,0,0,69,140,2,0,0,0,2,4,44,140,13,0,0,0,86,22,29,28,1,0,0,6,101,1,0,0,0,0,3,62,0,0,72,140,0,0,0,0,0,0,126,140,0,0,0,0,6,6,110,140,0,0,0,1,12,5,40,16,0,0,4,30
0,0,0,7,55,61,1,1,0,0,0,2,49,90,3,1,82,0,0,0,6,17,8,65,146,0,0,0,0,0,0,113,0,0,0,0,42,146,5,0,3,0,0,0,14,146,15,5,125,5,0,0,0,18,14,47,146,0,0,0,0,0,0,87,0,0,0,0,22,146,4,0,15,7,0,0,18,65,3,3,144,21,0,0,0,2,1,25,146,2,0,0,0,0,0,52,0,0,0,0,10,44,5,2,10,34,0,0,10,9,0,1,68,53,0,0,0,0,0,11,146,5,0,0,0,0,0,19
6,0,0,1,4,5,121,64,50,0,0,0,0,26,73,37,57,2,0,0,2,7,7,13,11,28,11,2,8,6,2,1,37,9,6,18,19,0,5,11,142,16,0,0,0,0,2,17,64,5,0,0,0,0,7,27,66,32,0,0,0,2,3,6,10,20,68,142,2,0,0,0,58,27,45,14,1,2,12,15,19,1,7,12,3,10,74,68,30,5,0,0,0,17,84,86,0,0,142,142,0,0,0,0,1,3,142,101,1,1,1,0,0,0,142,142,5,7,22,10,0,0,71,113,5,6,66,29
0,0,0,0,0,67,118,0,3,1,2,0,16,118,61,7,50,47,11,0,9,48,10,60,14,56,56,1,0,1,12,31,8,3,6,19,9,83,118,1,88,90,57,6,2,62,62,10,33,35,118,58,0,5,10,80,8,10,56,19,0,2,71,97,15,13,42,116,41,4,1,0,118,38,12,26,17,0,0,56,66,15,85,54,0,0,0,68,1,7,106,59,1,0,1,7,4,16,14,32,88,40,2,0,91,44,14,11,29,2,0,30,48,1,0,0,0,0,0,118,16,0,2,19,2,0,0,30
35,0,0,4,31,34,11,51,82,15,0,4,78,65,4,14,99,45,0,0,0,10,0,7,2,10,0,0,0,58,16,0,10,0,8,24,12,79,50,55,118,42,0,3,17,79,25,37,85,31,0,0,1,95,64,15,0,0,0,0,4,118,41,4,2,0,38,118,30,12,6,3,56,4,3,81,48,14,90,86,12,34,12,1,0,79,118,31,11,24,44,3,0,30,84,39,0,0,2,94,75,0,0,0,3,10,7,118,118,1,8,1,54,104,21,10,3,1,15,12,19,49,78,25,1,0,8,19
4,1,22,28,35,46,67,57,25,1,1,14,70,71,36,46,22,5,0,0,27,41,13,28,10,12,2,2,31,64,11,19,13,12,5,1,5,100,124,70,124,26,1,0,5,76,108,66,76,11,0,0,37,124,19,12,35,60,10,4,27,46,4,4,15,75,114,39,7,20,29,4,124,74,18,0,0,69,47,29,102,7,0,0,1,124,68,39,83,19,0,0,4,83,31,19,0,5,26,24,32,47,10,0,4,5,10,9,18,81,28,6,64,18,11,3,3,36,23,39,47,16,0,0,0,19,30,28
0,0,0,0,5,77,110,8,105,0,0,0,0,27,44,134,39,0,0,0,0,17,69,99,0,0,0,0,55,134,34,2,14,1,0,0,13,61,123,8,134,16,0,0,1,18,36,100,75,5,0,4,18,28,65,47,6,4,0,0,60,108,25,2,41,15,0,10,30,17,9,3,134,70,0,1,2,1,9,24,42,3,0,4,18,39,67,25,5,0,0,0,51,78,16,10,71,3,0,1,28,35,47,46,134,25,2,4,0,0,12,87,5,2,5,18,22,26,30,11,4,0,0,1,45,61,12,6
92,112,0,0,0,0,0,3,46,50,17,43,12,0,0,6,68,26,18,54,13,0,0,8,54,13,18,75,7,0,0,11,99,21,1,2,0,0,0,72,117,12,11,31,4,0,0,68,48,17,49,79,5,0,0,10,23,4,9,31,38,6,5,17,34,61,105,36,0,0,0,36,117,89,22,5,1,0,1,35,37,61,63,48,2,0,0,11,0,9,76,75,10,4,2,0,7,49,117,68,3,0,0,0,22,113,117,48,8,1,1,9,36,117,65,30,3,0,0,5,0,13,42,117,108,21,6,0
142,72,44,9,0,0,0,0,15,71,150,26,0,1,1,0,6,60,150,12,0,0,2,0,3,148,150,0,0,0,0,0,150,59,0,0,0,0,0,0,109,47,14,0,0,0,0,13,68,28,45,0,0,0,0,30,17,22,38,0,0,0,0,22,150,54,0,0,0,0,0,0,102,26,0,0,0,0,0,3,86,30,0,0,0,0,0,7,21,17,1,0,0,0,0,11,150,10,0,0,0,0,0,19,83,6,0,0,0,0,0,29,74,18,0,0,0,0,0,11,13,11,1,0,0,0,1,3
10,4,4,35,34,2,2,10,20,9,8,39,81,37,17,32,152,82,30,0,1,6,9,78,21,57,20,0,0,0,2,7,0,4,7,9,64,21,0,0,58,5,2,31,153,58,9,35,153,13,2,5,21,11,6,108,60,0,0,0,0,2,5,12,0,5,27,13,30,17,3,0,25,35,79,153,125,1,0,1,153,120,45,31,9,0,0,11,53,5,2,0,0,3,10,8,0,15,76,10,1,0,0,0,3,6,58,61,39,4,0,0,122,41,14,14,16,2,0,4,28,25,14,0,0,1,1,2
138,46,2,2,0,1,6,77,63,19,5,12,5,13,111,64,138,15,2,3,2,8,40,45,55,8,42,28,0,0,0,29,78,138,28,24,2,0,0,2,57,49,35,138,38,5,19,12,138,20,4,15,2,0,4,48,56,1,0,2,0,0,1,72,12,138,21,12,1,0,0,0,12,26,19,138,72,0,0,0,138,28,8,57,19,0,0,18,45,0,0,0,0,11,18,23,19,35,0,0,0,0,0,0,5,5,1,58,62,8,1,0,36,2,1,49,67,8,20,29,9,0,0,0,1,32,65,29
0,0,18,30,41,2,0,0,0,0,22,26,35,42,0,0,66,48,9,19,33,27,1,1,37,43,16,0,0,1,1,1,1,0,0,6,84,35,0,1,15,0,0,0,67,132,10,5,132,34,0,0,7,49,13,16,42,13,2,0,0,18,14,3,2,0,2,8,69,132,5,9,57,4,8,30,71,132,9,12,132,12,1,1,2,25,77,51,11,0,0,0,0,45,132,8,12,4,12,24,52,33,3,6,15,4,27,107,62,52,9,6,27,2,3,9,37,132,132,23,0,0,1,0,0,100,132,1
72,22,2,0,1,4,18,69,124,41,3,1,0,2,8,45,30,5,5,19,7,7,11,54,19,11,31,78,7,0,0,14,127,65,2,1,0,3,3,65,85,31,7,17,6,10,100,79,127,17,1,3,3,12,81,52,105,15,25,16,0,0,0,30,56,127,24,8,0,0,0,0,24,68,39,127,38,4,10,5,127,24,5,31,8,0,5,30,87,3,0,0,0,0,0,45,6,127,20,3,0,0,0,0,2,22,15,127,49,0,0,0,103,26,7,60,24,0,0,6,59,3,0,0,0,2,6,12
17,6,2,0,2,14,40,77,107,13,1,0,0,1,31,115,32,4,0,37,26,2,9,41,11,5,3,79,47,1,8,18,118,27,2,0,0,3,18,85,118,82,4,1,0,1,10,41,51,10,7,15,9,8,16,54,27,9,18,100,30,0,0,22,118,118,6,3,0,1,1,30,85,36,9,21,10,8,90,81,115,30,1,2,3,10,79,58,105,27,24,29,0,0,0,16,10,118,49,17,3,0,0,0,20,35,26,118,56,2,6,3,118,39,2,12,5,0,3,12,73,7,0,0,0,0,0,28
0,2,105,108,2,0,0,1,8,108,108,22,0,0,0,5,28,86,71,23,2,0,2,6,88,105,18,1,0,0,2,5,6,3,38,94,39,97,7,3,81,93,95,24,6,13,3,15,12,75,108,32,4,1,0,3,48,81,42,3,0,4,2,2,5,31,108,8,9,69,6,2,100,57,105,5,1,5,4,24,20,73,27,5,7,17,7,13,4,43,11,1,4,99,8,1,0,42,91,1,0,0,0,0,1,51,108,7,9,1,0,0,1,31,38,11,52,61,1,0,12,10,6,13,17,87,4,0
9,0,1,5,39,70,121,73,34,121,61,35,71,42,9,5,25,121,24,0,1,0,0,2,7,37,29,4,1,0,4,6,84,0,0,0,0,1,21,93,121,59,3,1,2,2,6,31,41,34,4,5,35,33,22,14,28,9,2,0,3,11,75,50,77,96,43,0,0,0,1,58,121,62,18,0,2,9,8,50,23,2,0,1,48,105,18,18,118,42,0,0,7,27,22,18,8,121,94,0,0,0,0,0,10,55,87,17,2,1,1,1,6,7,21,69,32,21,2,1,121,81,6,8,4,5,0,1
18,3,8,13,6,6,16,34,64,30,21,12,2,2,8,27,93,27,9,3,0,0,0,47,18,33,22,59,8,0,2,16,15,7,33,65,16,2,7,12,121,37,22,32,9,1,4,30,106,12,12,33,30,0,0,46,121,90,18,1,0,0,0,26,49,68,76,82,13,0,0,4,120,31,34,80,31,7,1,17,75,2,0,6,77,45,11,51,121,13,1,0,2,4,7,121,80,31,21,36,34,0,0,7,12,0,1,76,96,12,4,13,9,2,0,2,71,121,20,28,121,46,0,0,6,26,21,121
5,77,99,6,0,1,6,4,1,17,122,62,9,7,6,0,0,2,123,123,14,11,33,12,39,88,123,35,0,0,33,79,11,14,9,1,0,3,71,44,54,15,19,14,1,5,25,24,5,7,46,88,13,1,0,0,40,68,57,16,1,0,0,0,12,30,123,0,0,0,12,15,80,59,118,7,1,1,2,16,9,5,63,52,19,18,3,3,71,52,31,12,5,5,0,3,2,21,123,0,0,0,20,16,0,18,123,12,0,0,31,2,0,2,123,55,1,4,28,0,9,64,114,12,0,1,12,7
13,2,0,3,48,54,17,16,22,0,0,1,31,39,19,49,68,0,0,0,12,19,20,125,5,0,0,3,59,125,9,16,40,7,3,11,89,54,2,3,18,1,5,44,56,63,57,19,125,8,0,4,34,22,33,77,21,7,16,28,91,71,6,10,25,8,7,18,63,37,13,8,45,11,12,84,80,79,37,9,125,30,1,12,50,18,4,10,15,3,5,9,96,52,8,7,4,1,0,25,115,33,11,6,94,37,5,16,57,84,44,13,125,73,4,24,15,5,2,7,5,3,3,94,99,38,2,0
7,117,12,1,1,6,1,0,18,84,1,0,3,25,3,0,17,117,11,0,4,15,2,0,21,90,10,1,6,11,1,0,15,44,8,0,0,55,86,20,117,50,0,0,0,29,33,45,62,77,0,0,2,36,15,12,100,117,0,0,1,16,3,0,31,60,2,0,1,31,95,21,109,28,0,0,0,8,52,117,117,90,0,0,0,10,60,76,117,117,0,0,0,0,0,1,4,84,11,0,5,23,8,0,52,34,1,0,1,33,28,16,117,109,0,0,0,0,6,12,42,26,0,0,0,0,0,0
21,1,0,0,141,20,0,1,141,39,0,0,97,6,0,0,97,19,0,0,0,0,0,0,0,0,0,0,0,0,0,0,31,3,0,0,141,43,0,2,141,41,0,1,84,7,5,19,77,12,0,0,0,0,32,26,0,0,0,0,0,1,17,5,16,5,0,0,141,56,0,0,70,8,0,4,54,18,60,53,10,0,0,1,6,9,141,100,15,2,0,0,0,5,117,94,6,2,0,1,141,32,2,1,8,5,1,29,54,6,6,0,12,11,8,48,22,7,41,18,108,66,7,1,0,0,17,41
1,5,28,0,0,42,143,2,0,6,29,0,0,43,143,0,0,8,29,0,0,82,143,0,0,6,40,0,0,67,143,0,1,2,14,4,1,42,82,3,48,64,68,3,0,19,78,13,8,66,143,0,0,15,38,0,0,40,143,0,0,5,11,0,14,1,1,1,15,72,20,11,143,23,6,0,0,9,11,48,78,24,40,0,0,0,0,4,0,6,28,0,0,0,0,0,9,14,109,28,17,11,0,1,143,66,41,4,0,1,0,8,70,3,0,0,0,0,0,11,0,0,0,0,0,0,0,0
0,0,0,0,0,0,6,14,1,0,0,0,10,17,2,1,63,30,0,0,6,6,0,1,30,18,0,0,135,59,0,0,5,0,0,0,0,3,22,112,18,0,0,0,16,46,11,20,135,37,0,0,19,13,3,8,25,14,0,0,135,103,0,0,5,2,9,4,0,2,48,135,59,4,0,0,3,36,88,77,135,22,0,0,55,25,5,22,31,16,0,0,135,105,0,0,4,10,49,18,0,0,4,13,81,73,18,0,0,0,13,20,135,54,0,0,80,48,0,5,41,22,0,0,135,80,0,1
5,19,61,67,86,3,0,6,105,86,30,2,1,1,3,22,64,51,7,9,102,21,0,5,12,53,68,15,28,5,3,16,4,6,20,116,97,0,0,0,110,116,15,21,15,0,0,5,47,97,65,64,37,6,0,3,32,110,49,33,4,0,0,0,4,0,0,86,116,0,0,1,116,19,3,28,52,0,0,68,79,24,36,16,0,0,0,27,8,25,11,3,0,0,0,1,0,0,0,29,116,59,12,0,97,1,1,29,49,32,27,72,100,1,0,0,0,0,4,86,4,0,0,0,0,3,0,1
5,0,0,0,0,0,107,111,66,2,0,0,0,0,65,128,41,2,5,2,0,0,12,128,0,0,19,16,0,0,16,25,26,25,30,3,0,0,4,12,128,57,2,0,0,0,1,47,99,8,0,0,0,0,24,87,0,0,0,0,0,0,60,66,6,17,128,60,0,0,0,0,109,45,128,20,0,0,2,32,29,3,26,10,0,0,65,71,0,0,3,2,0,0,74,47,0,0,120,39,0,0,0,0,1,3,128,54,0,0,0,1,0,0,128,70,0,0,11,5,0,1,100,45,0,0,24,14
2,179,101,3,4,25,21,1,28,179,103,1,1,3,0,0,83,179,4,0,0,0,0,0,11,18,1,4,1,0,0,1,6,179,145,5,2,3,6,0,12,179,136,31,24,0,0,0,87,35,5,2,2,0,0,5,11,4,1,7,4,0,0,0,24,128,11,5,5,0,0,0,4,4,3,20,35,0,0,0,30,0,0,1,3,0,0,2,4,0,0,1,0,0,0,0,0,0,0,0,0,0,0,0,0,0,0,0,0,0,0,0,0,0,0,0,0,0,0,0,0,0,0,0,0,0,0,0
0,0,0,0,0,0,0,0,0,0,0,0,0,0,0,0,0,0,0,0,0,0,0,0,0,0,0,0,0,0,0,0,5,0,0,0,5,3,0,2,3,0,0,0,30,13,0,0,32,2,0,0,2,2,0,1,6,0,0,0,3,18,2,0,4,0,0,0,9,19,2,3,5,0,0,0,48,80,35,3,47,1,0,0,3,76,154,26,7,0,0,0,3,154,154,5,0,0,0,0,2,154,22,0,0,0,0,0,4,154,154,0,1,7,7,0,0,154,154,6,0,5,41,5,2,154,154,1
16,0,0,0,0,1,62,145,142,0,0,0,0,0,47,145,53,1,8,3,0,0,2,60,1,0,20,14,0,0,0,4,37,14,5,16,16,12,20,13,145,48,0,0,0,1,8,73,121,2,0,0,0,0,15,112,15,0,0,0,0,0,2,39,56,76,3,24,83,19,0,0,145,110,0,0,0,0,2,22,72,2,0,0,0,0,37,98,54,0,0,0,0,0,3,81,44,113,6,2,18,13,0,0,98,79,0,0,0,3,3,3,48,12,0,0,0,6,17,21,110,2,0,0,0,0,0,29
0,0,0,0,31,34,3,0,4,9,17,9,55,51,10,20,53,35,13,2,0,0,7,68,48,19,0,0,0,5,72,40,3,1,2,4,35,55,17,6,35,63,86,32,32,16,10,18,12,16,53,82,53,25,25,41,9,58,44,12,14,77,123,25,44,2,0,3,70,99,26,21,123,21,4,5,19,60,27,51,52,61,48,52,62,67,24,11,13,123,123,20,11,10,3,0,39,3,15,49,95,5,0,9,121,7,26,12,24,58,22,58,123,54,11,1,12,38,22,81,44,67,5,0,0,0,26,75
1,0,0,1,1,34,115,21,2,1,3,21,37,115,115,24,0,39,37,30,103,101,12,14,12,11,21,18,42,19,30,84,15,20,108,62,6,25,115,38,103,54,40,9,8,25,68,65,9,60,73,16,89,108,5,3,42,58,15,9,90,96,1,6,2,3,45,73,63,33,3,0,50,13,9,18,39,12,55,71,18,21,25,19,55,63,57,30,8,78,76,17,23,12,0,0,2,1,0,14,59,50,21,4,13,46,18,18,25,8,21,12,15,89,21,2,0,0,6,7,0,13,15,10,0,0,0,0
0,0,0,0,20,38,60,46,16,7,11,41,123,53,15,18,123,29,15,20,23,2,3,123,39,0,0,0,6,37,16,88,23,5,5,4,4,51,46,35,55,73,56,18,19,40,21,14,63,57,76,58,30,7,33,61,15,1,3,22,15,75,123,115,14,9,48,81,9,11,3,3,84,32,30,21,12,17,42,53,4,4,13,67,33,30,123,45,24,12,11,76,30,43,107,16,0,0,15,30,5,1,0,0,1,2,18,70,32,10,6,1,0,0,77,89,26,17,73,13,29,54,76,3,1,13,55,10
7,0,0,0,10,1,0,1,157,3,0,0,7,1,0,8,111,1,0,0,1,1,0,3,0,0,0,0,6,2,0,0,14,0,0,1,64,10,0,2,157,18,0,0,24,7,0,8,119,11,0,0,0,1,0,2,0,0,0,0,6,11,1,0,18,0,0,4,153,11,0,5,157,3,0,0,36,6,0,39,115,3,0,0,3,4,0,7,0,0,0,0,28,104,2,0,12,0,0,0,157,22,0,5,157,0,0,0,36,8,1,52,96,1,0,0,19,25,1,12,0,0,0,0,117,157,1,0
139,41,0,0,0,0,0,3,115,46,0,0,0,0,0,3,125,47,0,0,0,0,0,0,7,5,0,0,0,0,0,0,139,29,0,0,0,0,0,12,139,13,0,0,0,0,0,15,139,29,0,0,0,0,1,40,39,6,0,0,0,0,6,41,139,11,0,0,0,0,0,76,139,30,0,0,0,0,0,45,139,31,0,0,0,0,1,35,67,13,0,0,0,0,9,52,81,79,0,0,0,0,0,11,139,33,0,0,0,0,0,38,139,5,0,0,0,0,0,55,82,19,0,0,0,8,4,13
25,3,16,34,3,0,1,92,14,0,0,1,0,0,16,134,2,0,0,0,0,0,11,53,0,0,0,0,0,0,0,0,1,1,64,134,6,0,1,5,18,3,8,93,25,2,26,133,134,14,1,2,0,0,14,124,20,3,0,0,0,0,0,0,0,0,16,134,52,0,0,0,25,20,14,134,94,1,0,5,134,57,9,13,3,0,0,32,57,2,0,0,0,0,0,29,0,0,0,32,99,2,1,11,6,2,1,35,134,22,6,11,67,5,0,2,11,8,15,134,19,0,0,0,0,0,2,120
22,4,0,0,12,137,137,25,120,44,0,0,4,36,18,57,137,132,0,0,0,0,6,22,36,55,0,0,3,14,25,10,81,59,30,7,7,40,91,52,137,60,0,0,0,1,20,65,137,50,0,0,0,11,55,30,5,0,0,0,0,5,68,19,46,106,15,0,0,19,78,32,137,103,0,0,0,1,18,53,53,0,0,0,0,13,29,27,0,0,0,0,0,2,6,0,36,108,12,0,0,0,2,21,43,51,0,0,0,0,0,4,2,0,0,0,0,0,0,1,0,0,0,0,0,0,0,0
144,144,14,1,0,2,1,3,4,35,53,71,16,10,1,0,1,8,144,109,2,0,0,0,0,4,144,66,3,0,1,1,144,136,4,10,2,3,1,2,18,5,4,27,18,14,1,1,67,30,32,36,5,0,0,4,3,3,22,112,27,3,7,4,144,26,8,18,4,0,0,30,11,7,6,63,34,0,0,0,99,14,2,12,3,0,0,17,20,2,9,104,11,0,0,6,144,5,1,8,12,0,0,69,10,10,2,25,62,0,0,1,36,44,1,1,2,2,5,3,27,16,9,12,0,14,48,6
0,0,0,0,65,126,3,0,35,11,21,6,95,126,5,44,69,58,21,1,1,2,38,126,2,20,16,0,0,0,87,60,11,3,1,0,17,126,35,11,79,65,106,32,22,35,6,31,38,36,84,101,17,0,15,94,22,29,22,21,1,2,66,54,36,24,1,4,24,63,10,13,126,67,6,8,12,15,5,38,77,38,12,43,71,40,3,6,56,54,41,41,2,1,2,4,56,8,0,0,3,9,14,26,115,17,0,0,4,24,20,52,72,2,0,0,13,45,17,27,44,2,0,2,0,7,52,28
0,0,0,62,45,0,0,0,8,10,1,58,19,0,0,0,56,53,0,1,0,0,0,0,12,8,0,0,0,0,0,0,0,0,0,64,42,23,23,1,77,21,2,83,132,14,1,1,171,119,1,3,6,0,0,16,106,24,0,0,0,0,0,4,0,0,0,0,16,49,36,1,67,7,2,17,91,34,4,5,171,8,1,3,3,0,0,95,140,0,0,0,0,0,0,30,0,0,0,2,9,57,32,0,23,1,0,2,8,36,49,16,171,24,0,0,0,1,4,91,157,9,0,0,0,0,0,28
3,20,65,5,1,12,57,33,5,30,50,43,74,96,28,2,125,125,33,21,29,9,0,0,48,40,39,125,18,0,0,6,17,41,108,18,13,8,5,7,19,13,66,78,85,46,3,3,125,57,10,6,7,6,0,6,68,12,8,70,35,0,0,0,36,3,1,1,35,44,10,43,28,1,0,9,125,119,7,22,125,22,0,1,4,8,7,118,46,10,0,8,33,22,23,33,13,0,0,1,17,18,27,56,4,4,18,55,57,19,9,12,60,52,37,13,1,0,7,108,26,25,4,0,0,11,33,50
43,8,3,40,28,1,2,12,11,6,8,106,92,10,4,7,121,90,7,14,7,2,0,3,80,77,16,0,0,0,0,0,9,1,16,26,56,25,46,30,18,3,31,60,35,82,84,22,122,68,5,11,7,16,7,12,107,47,5,0,0,0,0,1,0,39,122,23,10,9,7,1,15,10,122,117,67,45,10,2,122,18,19,30,24,5,1,81,80,2,0,0,0,0,3,96,0,10,26,4,19,43,7,0,7,49,38,14,67,79,0,0,23,25,50,35,57,13,3,53,12,0,0,1,5,4,27,122
94,14,0,0,2,28,21,22,11,2,0,3,15,129,61,6,56,114,5,9,15,78,25,3,56,129,11,3,10,1,0,0,29,0,0,3,24,37,31,60,52,7,9,39,100,98,19,12,129,129,4,4,2,7,7,38,50,111,6,1,25,28,13,16,33,5,4,6,7,4,11,61,55,33,119,67,20,0,0,24,129,68,105,10,0,0,9,70,40,26,4,0,4,20,54,58,23,39,37,6,2,1,1,15,73,36,49,1,0,0,0,57,17,20,53,1,0,0,13,56,23,30,7,0,0,0,7,29
0,0,0,0,143,116,0,0,30,17,6,3,143,72,4,6,18,46,64,1,0,0,0,0,5,29,59,0,0,0,0,1,4,0,0,0,143,143,1,1,136,86,3,0,81,74,3,9,40,81,79,8,0,0,0,3,1,9,45,32,4,0,1,1,12,0,0,0,21,143,4,6,143,15,0,0,4,20,3,84,122,24,26,6,0,0,0,57,6,7,28,85,11,0,0,0,0,0,0,0,0,0,0,0,35,0,0,0,0,0,0,14,103,20,2,0,0,0,0,13,15,9,13,40,2,2,4,1
3,0,0,4,62,43,104,67,7,1,1,6,51,61,81,46,117,6,6,10,8,2,7,68,40,7,37,51,2,0,0,10,3,1,10,48,117,29,18,21,13,3,12,23,6,5,71,71,117,13,1,1,0,0,27,85,117,7,11,14,2,16,9,40,0,1,11,37,74,37,14,10,17,10,20,64,16,7,23,22,117,35,4,8,2,1,4,62,64,3,0,0,24,109,37,48,0,0,0,37,117,70,22,11,1,0,0,2,14,25,75,94,26,0,0,0,0,5,50,117,6,0,0,0,54,117,69,57
1,11,42,43,21,2,0,3,27,30,31,57,30,3,1,5,77,97,25,6,1,0,0,7,51,16,17,18,3,0,0,24,1,0,1,71,104,11,7,13,36,5,0,10,86,57,16,46,134,32,6,13,6,4,5,97,58,7,6,62,47,1,0,15,0,0,13,134,84,2,1,0,33,33,27,134,52,13,2,6,134,86,6,11,5,10,14,39,54,8,0,11,58,78,21,15,0,0,13,134,11,0,0,0,8,3,16,134,48,0,0,2,52,9,1,43,38,23,82,49,47,82,0,0,1,52,57,13
68,76,44,29,13,0,0,5,120,29,24,14,9,0,0,19,74,52,40,1,0,0,0,6,120,37,0,0,85,17,5,23,120,65,6,35,79,14,1,9,120,21,1,21,58,8,2,15,76,16,8,16,2,1,11,22,48,1,1,1,37,54,51,73,68,60,2,1,30,115,102,30,120,74,11,1,20,41,21,33,26,7,18,8,2,4,73,21,0,0,1,5,13,30,69,6,54,120,21,0,0,14,67,46,19,120,48,0,0,2,57,11,2,16,55,23,17,18,42,12,2,0,3,21,46,51,32,19
1,0,0,5,3,23,19,7,1,0,1,0,0,48,90,14,0,0,10,9,12,121,55,0,0,4,52,16,27,121,10,0,10,6,0,0,2,121,121,18,86,27,4,0,0,50,121,58,24,49,103,10,5,34,17,3,0,39,121,11,4,6,0,0,20,121,100,11,14,96,51,11,121,121,23,0,0,1,12,42,93,26,12,0,0,0,0,65,22,79,24,0,0,0,0,4,4,64,60,1,0,2,3,6,11,32,48,6,0,0,0,12,78,69,12,2,0,0,0,38,54,57,0,0,0,16,13,5
40,10,11,10,4,2,1,8,51,35,24,2,0,0,0,7,3,22,53,7,1,0,3,4,0,2,21,23,62,4,2,2,30,1,3,4,2,8,30,47,154,78,28,19,6,0,0,22,21,27,34,96,88,3,3,4,0,0,0,14,81,14,7,5,50,25,85,22,4,1,6,49,154,10,5,12,30,1,0,43,73,4,2,24,154,41,3,4,0,0,2,8,45,58,44,0,9,6,102,70,91,0,0,1,154,2,3,24,70,1,0,32,77,4,14,87,154,10,0,5,0,10,93,56,24,14,9,0
1,6,42,32,23,1,5,6,29,13,62,24,1,2,11,34,117,20,24,8,4,0,1,64,24,1,2,13,29,8,10,75,13,5,22,71,33,2,5,7,98,83,117,22,0,0,1,11,48,34,106,98,7,2,3,22,5,0,0,17,96,43,15,16,23,14,28,93,11,0,3,16,117,84,64,28,0,0,0,27,49,16,27,117,11,0,0,15,0,0,7,117,86,8,0,0,17,58,117,27,0,0,0,4,27,117,117,16,0,0,0,1,10,14,70,86,1,0,0,1,0,0,5,117,20,0,1,0
0,2,0,7,36,51,45,2,7,17,8,84,115,13,3,0,120,133,10,19,9,0,0,1,133,71,0,0,0,0,0,0,5,12,4,1,6,28,49,14,28,7,3,18,70,105,13,14,133,48,2,3,7,11,5,43,132,50,0,0,0,0,0,2,4,38,90,29,5,5,19,9,15,30,54,109,33,17,3,2,133,81,21,8,1,1,0,16,133,7,0,0,0,0,0,11,0,13,47,23,17,30,8,0,0,20,67,45,16,3,0,0,118,57,24,6,1,0,0,0,115,19,0,0,0,0,0,1
36,19,15,17,5,2,0,2,68,5,1,2,11,10,3,27,100,29,11,4,0,0,0,35,2,6,22,37,12,1,0,2,6,2,4,32,45,16,2,2,37,4,0,0,24,74,22,61,126,29,0,0,0,2,7,126,23,14,19,23,21,0,0,11,0,0,0,48,101,8,0,0,91,24,0,10,104,44,3,26,126,126,2,0,0,7,19,64,14,42,22,3,0,59,72,3,0,0,1,45,74,0,0,0,33,0,0,70,126,6,4,53,83,5,0,5,9,42,126,126,1,1,0,0,0,126,126,5
76,0,0,4,9,1,1,67,156,0,0,0,0,0,0,156,46,0,0,0,0,0,0,24,1,2,0,0,0,0,0,0,51,1,0,15,46,4,3,49,156,10,0,0,0,0,0,107,147,3,0,0,0,0,0,15,3,2,0,0,0,0,0,0,49,54,9,78,59,0,0,1,156,124,1,0,0,0,0,6,153,7,0,0,0,0,0,9,2,2,0,0,0,0,0,0,51,45,8,51,41,9,1,6,156,109,1,0,0,0,0,9,91,15,0,0,0,0,0,3,2,1,0,0,0,0,0,0
2,3,26,2,0,16,82,13,28,2,11,9,1,6,76,80,110,0,0,0,0,0,22,135,6,0,0,0,0,0,55,70,0,18,135,23,4,0,0,0,32,9,117,135,76,1,0,7,135,6,1,16,11,0,2,80,51,0,0,0,0,1,18,51,0,4,84,13,26,68,22,1,10,11,19,61,135,119,5,0,135,44,1,9,27,3,0,5,81,5,0,0,0,0,1,8,1,0,0,13,85,45,6,1,3,32,12,25,79,70,1,0,72,55,4,0,2,1,0,2,50,2,0,0,0,1,1,10
0,0,0,1,37,15,0,0,0,0,0,0,65,62,3,0,19,30,3,0,6,51,30,8,109,51,4,0,0,1,4,9,0,0,2,7,62,18,0,0,18,2,0,0,123,100,2,3,123,123,20,0,8,28,5,15,36,115,55,1,0,0,6,7,0,0,19,59,82,2,0,0,25,0,0,20,123,39,1,16,123,20,1,0,10,7,89,123,10,8,9,0,0,0,123,104,0,0,18,97,52,0,0,0,1,1,18,123,123,2,0,3,3,2,34,37,11,3,37,28,1,2,20,4,1,1,92,44
87,116,3,14,40,8,3,7,139,126,0,0,0,0,0,43,88,1,0,1,0,0,0,74,7,0,5,21,0,0,0,4,79,139,10,1,13,8,0,0,139,87,0,0,0,0,2,82,139,4,0,0,0,0,0,102,29,0,0,0,0,0,0,9,18,139,11,0,0,0,0,2,84,82,0,0,0,0,1,17,139,60,0,0,0,0,0,9,33,5,0,0,0,0,0,2,11,69,5,0,0,0,0,0,47,116,5,0,0,0,0,0,98,84,1,0,0,0,0,2,15,2,0,0,0,0,0,4
5,34,10,11,7,79,117,50,27,2,2,1,1,3,31,117,10,19,14,2,0,0,0,4,0,8,25,117,12,0,0,0,30,39,84,117,7,30,32,44,117,53,37,69,0,0,8,117,64,49,15,0,0,0,0,7,0,23,29,5,0,0,0,0,51,44,49,117,38,39,41,43,86,41,48,88,45,67,26,56,108,22,6,0,0,0,3,62,5,18,16,0,0,0,0,0,34,63,32,17,20,62,66,65,39,7,34,49,33,67,24,39,117,4,2,2,2,1,3,117,17,6,0,0,0,0,0,19
189,0,0,0,7,9,13,97,57,0,0,0,0,10,4,14,0,0,0,0,4,33,6,0,0,0,0,6,42,50,3,2,189,2,0,1,20,2,0,13,90,1,0,2,4,13,2,5,0,0,4,6,17,20,0,0,5,0,0,12,118,23,1,1,189,1,0,0,6,9,13,79,95,5,8,6,2,0,0,5,0,7,25,14,18,0,0,0,6,2,2,19,148,4,0,0,189,0,0,0,0,0,7,100,104,13,2,0,0,0,0,7,1,10,7,3,33,13,0,0,6,7,0,3,104,25,0,0
0,0,0,0,0,0,0,0,24,9,10,0,0,0,0,10,13,16,41,43,107,4,0,2,0,2,6,98,134,1,0,0,9,3,0,0,0,0,0,0,134,17,0,0,2,3,0,46,80,10,12,13,134,55,1,10,1,9,31,131,134,8,0,0,22,17,7,14,0,0,0,0,134,75,6,5,3,5,1,8,71,70,17,2,45,25,2,6,7,49,34,129,101,11,0,0,8,20,24,62,7,0,0,0,108,103,18,14,1,0,0,2,56,57,1,0,9,8,0,0,8,8,0,8,103,133,0,0
0,0,0,0,0,21,31,0,0,0,0,0,45,64,32,0,23,1,0,0,48,32,13,5,31,5,0,1,0,0,0,2,0,0,0,0,0,126,134,0,9,1,0,0,1,134,134,17,111,18,0,0,5,27,78,70,51,11,0,1,0,0,0,2,0,0,0,3,1,124,134,1,70,7,0,0,0,48,127,67,134,67,0,0,0,1,10,97,30,16,0,2,1,0,0,9,0,0,37,61,3,9,10,1,18,0,13,37,0,0,9,66,105,1,1,3,0,0,0,134,25,0,0,0,0,0,1,116
1,2,0,0,9,99,6,0,142,12,0,0,2,16,3,25,142,0,0,0,0,0,0,59,69,0,0,0,0,0,0,14,1,92,88,1,1,30,4,0,100,74,117,30,0,0,0,6,142,22,10,3,0,0,0,59,84,0,0,0,0,0,10,44,0,142,142,9,0,0,0,0,8,41,142,142,0,0,0,0,105,71,85,29,0,0,5,24,26,2,5,2,0,0,46,63,0,16,15,1,0,1,2,0,0,0,19,28,0,1,2,0,0,2,47,26,0,0,1,0,3,4,26,12,0,0,2,7
13,12,10,35,20,2,4,7,5,7,7,100,86,9,4,3,126,101,5,16,8,1,0,0,93,100,12,0,0,0,0,0,2,1,15,20,41,37,38,10,16,3,21,51,35,79,56,10,126,67,4,9,5,12,5,12,126,58,3,0,0,0,0,4,0,30,126,28,11,8,3,0,11,6,100,126,62,20,3,0,126,15,17,32,14,1,0,68,105,2,0,0,0,0,3,124,0,9,30,6,26,32,2,0,2,20,39,25,78,40,0,0,22,14,50,36,45,8,6,40,11,0,0,0,5,4,29,126
0,0,0,0,3,142,31,2,6,8,1,0,0,142,67,4,20,57,9,0,0,44,50,34,81,56,0,0,0,0,5,36,4,2,0,4,142,142,15,1,108,86,3,1,10,76,24,18,35,142,20,0,0,1,14,13,31,42,1,0,0,2,51,28,4,2,1,36,142,22,0,3,117,24,2,3,18,6,5,93,34,10,0,0,0,3,66,68,2,0,0,0,0,4,68,27,0,6,7,89,142,0,0,0,31,72,11,13,10,0,0,11,22,31,7,2,0,2,6,14,8,10,5,1,0,7,12,6
31,14,0,0,41,82,2,0,122,69,4,0,0,1,0,0,39,43,21,2,0,0,0,11,47,44,37,6,1,0,0,5,64,14,4,57,28,4,0,0,136,66,8,0,0,0,0,3,35,85,43,0,0,0,0,2,26,37,17,5,0,0,1,12,25,15,36,136,9,0,0,0,136,24,20,19,0,0,0,61,88,34,16,0,0,0,0,77,24,52,64,12,0,0,0,2,0,0,75,136,1,0,0,0,17,33,136,136,2,0,0,16,69,131,72,2,0,0,0,25,70,116,32,16,2,1,0,2
5,8,45,69,44,44,5,3,63,125,40,42,33,26,1,0,46,125,73,119,32,0,0,0,58,51,36,91,20,0,2,14,26,2,1,5,56,125,15,14,125,114,1,2,9,30,5,38,78,72,9,49,50,11,7,10,11,15,92,73,19,1,2,7,27,19,30,28,44,29,10,19,125,78,30,6,2,2,9,96,78,19,0,0,7,16,41,69,47,32,24,7,2,1,1,4,53,37,13,1,0,0,2,30,54,69,17,0,0,0,7,37,40,17,0,0,0,0,25,54,48,18,8,0,0,0,31,86
3,0,2,2,3,14,20,7,0,0,8,27,13,75,45,3,0,3,32,94,86,115,3,0,23,84,83,32,20,11,0,0,12,6,0,1,3,115,115,23,67,24,17,4,3,57,102,43,11,61,115,19,16,35,2,1,6,91,115,12,13,2,0,0,25,103,64,8,8,72,37,13,115,82,17,0,0,0,6,41,112,83,21,0,0,3,2,20,6,44,25,6,48,51,2,0,29,48,18,0,0,2,13,14,46,115,18,0,1,2,0,8,54,66,4,0,5,65,31,4,12,6,0,0,11,88,52,9
22,14,3,0,0,8,55,46,10,22,30,0,0,74,126,19,18,50,37,0,0,84,126,6,0,48,108,0,0,63,81,0,7,6,3,4,6,21,59,11,31,10,21,22,34,71,68,21,126,85,30,1,1,9,20,49,33,54,74,0,0,0,0,4,44,72,23,7,2,0,2,8,32,82,126,56,17,3,0,8,126,73,110,32,18,1,3,43,52,1,0,0,1,2,1,49,65,18,1,0,0,0,20,82,94,29,34,12,15,2,2,98,18,11,17,44,85,3,3,16,59,14,1,3,6,2,0,21
96,1,0,61,119,0,0,31,105,0,0,0,0,1,32,55,0,0,0,1,0,35,54,2,1,1,5,3,0,17,58,13,41,0,0,62,129,6,14,40,34,1,1,10,26,33,129,91,100,31,17,1,2,35,129,75,14,34,86,4,2,15,23,14,27,0,0,50,129,26,11,18,24,24,35,63,69,17,29,10,129,68,19,3,0,7,31,70,32,16,25,3,2,75,94,24,1,0,0,5,51,47,21,9,5,5,6,13,53,10,8,11,29,7,2,0,1,11,46,81,1,0,0,0,15,86,82,19
0,0,0,0,39,126,26,0,0,4,2,0,3,73,115,3,1,3,6,0,0,8,111,19,5,1,1,2,3,9,29,18,13,4,0,2,98,126,26,2,91,119,55,4,1,27,45,10,12,46,126,75,0,0,17,14,11,44,85,11,0,0,1,14,27,1,0,57,126,6,0,6,126,30,8,6,4,1,0,62,73,15,55,62,11,6,1,17,0,14,65,15,6,12,8,0,6,6,9,126,112,0,0,0,126,76,16,18,5,0,0,26,83,19,3,14,37,9,2,11,2,2,1,8,20,14,12,2
11,2,3,2,6,39,25,9,28,11,22,21,17,17,7,13,54,33,12,4,3,2,34,88,8,20,15,7,2,12,56,29,52,7,13,20,22,17,9,25,95,65,75,20,14,2,4,29,21,128,128,12,4,1,12,26,5,40,91,70,5,6,11,7,18,14,27,16,2,0,43,97,128,51,20,0,0,0,10,82,66,28,32,3,1,7,53,38,0,1,11,30,10,17,84,1,25,42,70,17,0,0,42,77,53,54,75,2,0,0,34,126,10,1,38,36,21,66,128,37,0,0,22,36,26,121,128,4
25,0,0,0,6,44,31,38,82,46,8,5,23,50,22,33,40,77,26,1,5,1,0,2,0,5,8,6,131,104,0,0,7,14,11,9,8,46,47,40,131,53,12,5,6,38,22,47,91,14,5,0,19,20,45,23,1,11,24,44,131,75,5,0,12,20,13,19,18,11,32,18,65,22,11,3,1,13,100,95,22,2,0,0,6,56,131,96,67,49,7,4,55,107,49,12,0,2,15,36,29,8,15,5,19,35,24,7,2,36,34,16,21,10,0,0,13,131,66,24,131,24,0,0,1,36,47,55
1,7,13,121,134,14,1,0,62,134,51,77,52,4,1,2,8,32,84,82,22,0,0,0,0,2,13,29,12,0,0,0,3,1,2,21,126,131,9,4,134,34,9,25,52,52,14,52,40,9,4,73,77,0,0,2,0,0,0,12,9,0,0,0,14,4,5,30,134,34,1,2,134,48,1,6,81,14,2,16,60,10,0,18,25,0,0,0,0,0,0,0,0,0,0,0,16,21,4,10,134,54,0,0,134,93,1,2,34,2,0,0,21,6,0,0,0,0,0,0,0,0,0,0,0,0,0,0
0,5,14,2,59,134,0,0,25,80,28,2,9,29,0,0,40,134,34,0,0,0,0,0,0,134,61,0,0,0,0,0,0,57,112,17,27,30,0,0,69,41,75,76,2,0,0,4,134,98,7,4,0,0,0,12,30,95,39,0,0,0,0,0,3,64,67,25,11,6,2,0,24,11,29,107,38,30,3,4,134,17,8,15,8,5,1,79,71,19,8,0,0,0,9,50,10,28,9,7,14,25,31,4,3,34,88,40,29,21,3,1,62,9,50,49,13,3,7,80,15,0,2,3,3,2,78,131
83,10,35,92,33,0,0,29,159,8,2,4,1,0,0,112,60,3,5,2,0,1,0,13,0,0,4,8,3,4,0,0,39,36,35,110,84,0,0,1,159,89,15,7,3,0,1,44,116,3,1,1,0,8,8,25,0,0,0,1,16,20,2,0,5,37,89,130,14,0,0,0,117,82,63,27,1,2,26,78,49,8,4,4,0,3,51,159,6,1,0,2,43,19,9,31,5,14,57,28,15,1,2,4,4,26,94,45,0,0,3,5,28,56,59,22,3,1,7,47,5,2,3,18,36,40,49,28
36,10,0,0,0,0,17,31,3,11,13,13,7,15,71,26,72,41,14,10,5,15,118,30,45,63,81,1,0,4,48,6,74,37,1,0,0,0,4,28,71,99,118,39,5,2,0,15,87,94,118,68,16,2,1,6,109,52,17,1,1,0,0,13,95,37,3,0,0,0,29,109,118,64,14,5,6,1,1,58,48,19,27,37,83,5,1,10,72,21,2,4,7,3,1,11,50,118,118,14,0,0,1,8,118,92,12,7,2,0,0,4,29,25,19,55,26,0,0,0,30,37,14,8,1,0,0,0
82,0,0,6,17,1,50,67,6,1,1,1,0,28,99,23,2,7,9,2,0,12,73,16,15,18,2,0,0,0,36,33,16,6,4,21,90,26,116,51,120,46,15,1,0,11,105,90,25,44,73,2,1,17,52,15,25,50,16,0,0,3,51,25,14,13,9,29,93,19,3,7,120,30,6,2,1,18,64,99,15,3,3,0,2,100,120,44,16,4,0,0,0,14,120,82,0,0,0,0,34,37,20,5,1,0,0,0,5,23,67,35,0,0,0,0,46,112,74,13,97,3,0,0,9,23,56,120
126,28,4,17,35,23,4,69,110,55,99,9,5,0,0,78,1,31,60,13,26,20,1,1,0,1,11,38,88,17,0,0,81,18,23,133,44,0,0,62,133,48,11,15,8,0,0,133,27,9,10,81,35,13,1,5,2,5,18,61,30,4,0,1,11,29,58,133,18,0,0,0,133,93,36,44,1,0,0,36,53,6,7,87,23,0,0,30,2,2,20,70,40,0,0,0,1,0,4,97,10,0,1,2,41,12,29,101,4,0,0,21,74,12,11,21,4,0,0,28,2,1,23,51,21,3,0,1
13,0,0,0,0,0,0,11,37,1,0,0,0,0,0,3,74,7,0,0,0,0,0,3,25,2,0,0,0,0,0,2,30,0,0,0,0,0,0,24,45,3,0,0,0,0,0,7,108,1,0,0,0,0,0,19,67,0,0,0,0,2,1,20,55,1,0,0,0,0,0,238,40,20,0,0,0,0,0,14,77,13,0,0,0,0,0,11,33,0,0,0,0,19,19,30,238,0,0,0,0,0,0,238,72,5,0,0,0,0,0,199,29,8,0,0,0,8,2,12,7,10,0,0,4,38,18,7
5,0,0,9,22,18,59,141,19,0,0,19,9,0,3,141,7,3,0,13,11,1,0,8,1,0,0,0,0,0,0,1,39,6,0,141,100,12,13,125,141,27,1,7,6,1,1,141,44,5,5,36,11,2,0,25,2,0,0,5,0,0,0,8,26,95,26,38,83,66,26,2,141,141,5,3,4,0,0,16,87,8,5,50,1,0,0,6,0,0,0,47,3,0,0,1,10,110,40,1,0,3,2,0,110,123,3,0,0,0,0,2,53,18,0,6,0,0,0,1,0,0,0,34,2,0,0,0
13,12,5,2,24,32,21,15,19,14,7,18,86,42,6,4,153,75,0,3,24,5,0,1,62,17,0,0,0,1,0,0,15,0,0,23,16,31,72,41,60,2,0,0,21,153,57,24,153,31,0,0,3,13,6,35,53,5,0,0,0,0,0,1,0,0,0,84,149,36,30,3,143,13,0,2,31,80,40,13,153,36,0,0,0,2,2,16,19,1,0,0,0,0,0,0,0,0,0,8,150,117,0,0,109,7,0,0,31,38,4,18,84,4,0,0,0,0,0,6,0,0,0,0,0,0,0,0
0,0,0,37,38,43,101,5,9,0,0,13,17,10,144,86,67,33,0,0,0,3,134,136,31,35,0,0,0,8,20,20,0,0,0,52,97,12,0,0,70,7,0,66,87,3,8,11,144,103,0,3,1,0,3,22,38,54,1,0,1,0,0,2,1,4,3,25,83,12,0,0,50,8,8,106,56,1,0,4,144,6,1,14,6,0,0,72,55,1,0,0,2,1,0,16,7,12,3,22,52,17,6,6,15,12,7,49,71,19,4,8,144,0,0,11,30,7,2,102,68,0,0,0,0,0,0,40
3,16,4,98,130,0,0,0,35,122,34,12,11,0,0,12,17,32,54,19,2,0,8,106,5,15,13,3,0,6,84,113,9,13,5,130,130,0,0,0,100,111,19,27,25,1,0,6,22,54,42,53,15,7,1,4,23,80,75,12,0,0,3,8,6,0,0,56,130,0,0,3,94,7,0,10,67,8,7,81,62,13,1,4,12,35,12,37,83,17,11,3,0,0,0,41,0,0,0,13,130,27,0,1,51,0,0,2,85,12,3,59,84,16,0,0,0,1,2,25,48,11,1,0,0,0,2,27
47,16,5,0,0,3,66,42,21,23,6,0,0,0,59,73,11,14,16,12,3,28,33,38,0,0,31,28,5,40,42,0,12,0,0,0,1,66,115,46,146,29,4,0,0,13,68,132,45,30,33,45,12,27,24,28,0,0,24,53,29,46,51,2,52,14,9,0,0,83,75,15,146,53,1,0,0,9,10,32,107,15,21,25,0,0,0,5,0,1,24,112,113,7,1,0,36,51,146,38,0,8,6,0,146,115,20,5,0,0,0,9,59,11,0,0,0,0,7,15,0,0,0,43,39,4,6,2
9,34,38,25,8,1,0,0,19,43,86,61,0,0,0,11,121,25,32,35,0,0,0,121,64,3,0,0,0,1,35,109,27,36,32,9,9,0,0,2,91,64,54,27,0,0,0,12,39,72,121,40,0,0,0,8,27,56,40,0,0,0,27,35,7,5,39,39,58,8,3,8,121,17,6,2,16,8,13,72,59,36,50,20,0,5,51,19,3,74,41,1,0,1,35,18,2,0,4,108,104,3,1,2,71,3,9,46,46,14,104,88,27,36,19,1,0,34,121,67,29,59,9,0,0,2,97,89
2,0,0,6,19,15,78,141,12,0,0,14,5,0,7,141,4,2,0,8,5,1,0,7,0,0,0,0,0,0,0,1,37,6,1,117,98,12,18,128,141,20,1,4,3,0,2,141,49,6,9,22,3,1,0,21,0,0,1,7,0,0,0,3,29,78,20,37,79,59,12,2,141,141,5,3,3,0,0,12,110,12,10,35,0,0,0,3,0,0,2,49,0,0,0,0,15,114,30,1,1,5,1,1,116,141,2,0,0,0,0,0,66,24,0,5,0,0,0,0,0,0,1,28,0,0,0,0
0,0,19,107,31,0,0,0,5,101,141,159,67,0,0,0,21,159,148,18,0,0,0,0,6,159,19,20,27,3,0,0,0,0,0,10,13,0,0,0,51,67,53,53,21,0,0,3,142,130,20,0,0,0,1,49,11,20,2,3,80,60,5,16,0,0,0,0,0,0,0,0,8,28,53,2,0,0,0,0,42,47,76,0,0,0,2,31,5,4,20,45,143,52,11,19,0,0,0,0,0,0,0,0,0,2,4,0,0,0,0,0,0,6,30,0,0,0,8,6,3,3,19,72,24,0,3,16
139,4,0,0,0,6,9,139,97,2,6,11,0,1,10,84,1,1,30,139,10,15,15,3,4,48,139,128,3,2,0,0,139,139,108,0,0,2,1,93,122,14,4,0,0,2,83,139,50,13,0,1,2,17,72,30,32,29,11,1,2,10,5,2,12,69,139,9,0,0,0,3,35,30,26,2,0,0,10,29,68,16,0,0,0,0,4,10,12,4,0,0,1,3,0,0,0,0,1,1,0,0,0,0,0,0,1,0,0,0,0,0,0,0,0,0,0,0,0,0,0,0,0,0,0,0,0,0
0,0,10,23,11,10,125,35,39,2,14,7,1,1,138,140,120,4,2,0,0,2,25,140,10,4,14,17,3,7,2,2,0,31,63,36,13,1,0,0,100,28,78,83,1,0,2,38,140,19,5,3,0,0,0,85,48,2,4,6,7,5,0,9,39,75,33,14,4,2,0,1,31,62,116,98,0,0,0,0,140,61,36,8,0,0,0,55,36,0,0,0,15,17,9,63,98,40,3,1,9,7,12,46,22,31,69,22,0,0,8,36,18,31,92,3,0,0,0,17,13,13,17,12,17,18,7,27
24,2,0,0,34,125,59,11,125,12,0,0,0,33,61,77,48,0,0,1,12,56,121,54,10,24,13,13,125,97,43,7,56,8,3,55,125,51,7,37,83,18,2,0,0,0,46,115,52,29,18,1,2,31,73,41,18,125,92,4,5,26,11,0,19,18,8,125,125,0,0,2,44,72,21,5,2,0,1,12,104,42,14,0,0,0,0,7,70,125,12,0,0,0,0,0,1,0,0,20,23,0,0,0,4,3,1,0,0,0,0,0,1,1,1,0,0,0,0,0,0,0,0,0,0,0,0,0
73,71,2,0,0,4,6,49,61,41,6,0,0,0,0,30,35,46,17,0,0,0,2,6,6,19,29,8,0,0,2,2,126,56,1,0,0,0,16,126,126,69,16,1,0,0,0,44,32,33,16,9,24,14,32,15,1,2,7,10,8,12,100,46,68,126,42,5,3,0,1,11,75,54,25,11,24,10,37,40,6,1,1,20,66,17,73,52,0,0,0,44,126,61,118,40,0,112,23,11,16,2,0,0,0,3,4,26,126,56,25,10,4,0,0,2,21,23,76,99,1,0,0,90,115,39,23,22
0,0,0,0,0,0,0,0,2,0,0,0,1,0,0,0,11,0,0,0,0,0,0,3,2,0,0,0,0,0,0,0,0,3,3,56,69,1,0,0,63,5,1,100,154,1,0,17,154,13,1,6,9,0,0,75,56,3,0,0,0,0,0,6,2,2,2,22,76,150,23,4,55,40,9,74,154,97,1,1,154,120,5,12,10,0,0,9,70,16,0,0,0,0,0,1,5,28,20,2,5,94,67,11,30,50,102,14,13,40,0,0,154,89,17,0,0,0,0,0,42,5,0,0,0,3,7,2
11,0,0,32,28,0,0,8,127,0,0,4,4,0,0,77,35,1,0,0,0,0,0,13,1,2,0,0,0,0,0,0,21,8,2,152,152,31,0,8,152,46,4,38,31,1,0,86,152,7,0,0,0,0,0,18,4,9,0,0,0,0,0,0,8,18,41,19,86,134,4,0,152,78,32,9,15,5,0,10,152,7,0,0,0,2,3,15,4,2,0,0,0,18,23,2,13,74,65,1,2,8,4,7,81,102,66,0,0,0,11,8,65,18,5,0,0,38,39,13,0,21,25,0,0,61,42,0
64,7,0,0,0,15,29,26,53,1,0,0,2,51,22,21,51,1,1,1,2,31,22,52,16,1,3,10,14,3,0,6,69,33,0,0,2,14,31,46,33,2,0,0,43,137,63,35,137,4,0,0,5,45,40,110,47,1,0,2,20,2,0,4,5,4,22,15,5,24,100,48,49,75,49,9,56,137,55,14,137,137,9,0,7,14,4,17,37,6,0,0,11,2,0,0,1,38,130,20,1,1,2,0,4,137,137,9,3,3,1,0,30,137,39,5,6,0,0,0,3,3,0,0,1,0,0,0
12,43,104,112,16,11,11,3,3,106,114,57,4,0,0,0,7,62,74,30,0,0,0,0,6,10,43,85,0,0,4,7,109,38,13,3,2,25,36,17,45,20,52,41,11,22,27,21,10,11,52,66,24,0,0,0,14,2,16,21,1,0,0,5,95,17,0,0,0,125,125,51,125,34,1,1,9,27,47,57,19,7,14,25,37,17,0,1,1,1,16,13,0,0,0,0,125,125,39,3,4,125,57,26,125,125,0,0,13,11,5,12,4,5,0,0,12,7,0,0,0,0,0,0,0,0,0,0
65,7,0,0,0,15,28,26,51,1,0,0,2,53,22,22,53,1,1,1,2,30,22,54,16,1,3,9,15,3,0,6,68,32,0,0,2,14,32,46,34,2,0,0,46,137,62,36,137,4,0,0,5,43,39,111,45,1,0,2,20,2,0,4,5,4,23,15,5,24,100,47,50,78,51,9,56,137,53,14,137,137,9,0,6,13,3,16,35,6,0,0,10,2,0,0,1,40,129,19,1,1,2,0,3,137,137,9,2,3,1,0,28,137,38,5,6,0,0,0,3,2,0,0,1,0,0,0
0,0,0,0,14,13,0,0,18,0,0,0,4,12,1,15,58,0,0,0,0,0,0,36,2,0,1,2,0,0,0,1,1,9,23,27,66,80,15,0,92,13,8,51,66,40,6,59,147,28,1,3,4,2,1,147,29,0,1,4,9,4,0,7,32,66,83,88,38,6,5,0,33,147,122,107,79,0,0,2,147,147,39,5,5,1,2,16,22,3,0,3,7,2,13,16,20,55,34,73,14,1,0,0,23,147,74,29,6,5,28,5,3,72,21,3,18,39,56,2,0,0,0,0,9,28,40,12
10,0,5,3,2,3,83,107,8,0,0,0,0,3,82,111,9,0,0,1,21,16,23,109,0,0,0,23,88,57,16,8,12,1,8,16,20,51,80,53,21,13,13,1,0,41,121,86,121,24,5,11,12,4,41,121,22,3,10,95,121,42,1,3,53,90,9,0,3,46,84,30,24,121,121,1,1,11,18,9,121,121,58,4,1,0,2,20,44,6,45,95,21,0,0,10,15,32,1,0,0,0,2,3,1,36,27,0,0,0,0,0,11,12,12,0,0,0,0,1,9,2,3,0,0,0,0,1
0,0,6,32,19,13,23,2,0,2,57,91,13,18,32,8,7,65,124,55,9,0,15,15,37,102,28,0,0,0,4,4,0,0,0,0,11,116,68,1,8,2,3,2,26,124,124,61,59,12,19,0,0,5,124,124,9,4,3,0,0,0,27,31,0,1,1,1,37,124,56,1,51,15,2,5,110,105,23,20,124,59,0,1,4,4,12,63,17,5,0,0,0,0,1,6,13,48,29,30,35,37,25,3,27,1,4,28,120,76,23,49,92,3,0,0,2,6,10,83,1,0,0,0,0,0,0,0
11,0,0,0,1,3,56,86,13,0,0,0,22,22,18,95,1,0,0,23,94,87,42,27,4,0,0,4,9,11,34,121,16,10,11,0,0,28,121,82,121,25,6,14,22,7,45,121,21,3,15,107,121,78,6,6,1,5,40,22,21,41,36,23,21,121,121,1,0,9,18,10,121,118,61,8,3,0,2,20,44,8,93,121,40,2,0,8,0,11,121,40,5,2,0,0,1,21,16,0,0,0,0,0,10,9,9,0,0,0,0,0,8,2,7,0,0,0,0,0,0,0,11,0,0,0,0,0
0,0,0,0,0,0,0,0,0,0,0,0,0,0,0,0,0,0,0,0,0,0,0,0,0,0,0,0,0,0,0,0,10,4,0,0,0,0,0,0,142,17,0,0,2,3,1,13,31,9,0,0,21,13,2,7,17,9,0,0,0,0,0,0,16,15,23,26,2,0,0,0,142,87,67,64,12,12,14,103,142,142,10,4,53,51,24,58,137,112,0,0,0,0,0,4,0,0,9,59,40,0,0,0,99,70,83,142,118,0,0,7,142,142,27,2,0,0,1,6,34,56,14,0,0,0,0,6
47,0,0,3,8,4,15,70,128,1,0,1,1,0,1,91,5,1,0,0,0,0,0,4,0,0,0,0,0,0,0,0,118,50,71,18,2,3,23,128,128,49,13,3,0,1,9,103,57,18,0,0,0,1,28,20,0,0,0,0,0,0,0,0,14,49,128,51,2,0,0,3,116,127,107,26,63,76,55,21,102,3,0,1,9,50,128,111,27,0,0,0,0,0,1,10,0,4,12,8,5,0,0,0,0,4,14,107,128,35,10,4,42,0,0,17,27,18,17,38,10,0,0,0,0,0,0,1
