62,0,0,0,0,0,0,56,92,0,0,0,0,0,0,61,122,0,0,0,0,0,2,84,140,0,0,0,33,22,8,140,89,11,0,0,0,0,0,17,140,14,0,0,0,0,0,29,74,1,0,0,0,0,10,60,140,5,0,1,11,37,50,140,93,22,0,0,0,0,0,0,124,27,1,0,0,1,5,5,61,33,4,1,1,2,22,30,140,97,9,20,26,8,10,30,35,8,0,0,0,0,0,0,45,20,4,0,0,0,0,0,42,81,8,1,0,0,0,0,110,84,0,3,50,8,0,0
117,13,0,0,0,0,0,2,135,12,0,0,0,0,0,12,135,9,0,0,0,0,0,8,135,11,0,0,0,0,0,7,122,27,0,0,0,0,0,1,135,26,0,0,0,0,0,9,135,14,0,0,0,0,0,8,135,11,0,0,0,0,0,8,118,45,0,0,0,0,0,0,135,34,0,0,0,0,0,10,135,4,0,0,0,0,0,42,135,11,0,0,0,0,0,13,57,13,0,0,0,0,0,0,100,18,0,0,0,0,0,0,117,15,0,0,0,0,0,4,129,20,0,0,0,0,0,1
124,45,0,0,0,0,0,5,124,23,0,0,0,0,0,22,124,4,0,0,0,0,0,55,124,15,0,0,0,0,0,72,124,41,0,0,0,0,0,3,124,14,0,0,0,0,0,57,124,10,0,0,0,0,0,48,124,17,0,0,0,0,0,44,124,68,0,0,0,0,0,0,122,68,0,0,0,0,0,6,124,57,0,0,0,0,1,17,124,2,0,0,0,0,3,56,65,52,0,0,0,0,0,0,90,76,0,0,0,0,0,0,61,42,4,2,1,1,10,13,78,60,3,0,0,0,7,31
2,0,0,0,22,113,113,3,55,22,10,1,1,40,85,32,37,18,27,8,0,0,86,106,43,7,1,5,46,42,113,91,8,2,0,9,113,16,1,2,113,23,3,1,13,4,3,24,97,19,9,10,10,3,2,6,101,28,2,35,110,1,0,0,4,5,5,9,90,22,0,0,73,17,4,3,5,5,30,63,112,10,0,0,3,4,31,93,113,21,0,17,113,0,0,3,0,0,3,5,24,19,0,0,3,6,11,14,7,9,14,15,113,53,2,1,0,0,6,53,113,33,6,26,81,0,0,2
130,14,0,0,0,0,0,5,83,36,15,30,9,0,0,3,1,1,5,61,31,0,0,0,0,0,0,10,8,0,0,0,130,18,0,0,0,0,0,9,130,13,2,24,13,1,0,12,12,3,1,95,94,3,0,0,0,0,0,20,21,0,0,0,107,95,76,1,0,0,0,0,130,53,36,6,9,5,0,11,13,8,51,64,97,15,0,4,0,0,34,55,17,0,0,0,8,49,130,8,0,0,0,1,11,103,130,7,0,0,0,0,1,72,130,55,3,0,0,0,0,3,130,130,0,0,0,0
119,7,0,0,0,0,0,9,129,13,0,0,0,0,0,7,129,8,0,0,0,0,0,12,119,11,0,0,0,0,0,5,129,7,0,0,0,0,0,13,129,19,0,0,0,0,0,11,129,11,0,0,0,0,0,19,129,5,0,0,0,0,0,28,129,14,0,0,0,0,0,6,129,16,0,0,0,0,0,15,129,17,0,0,0,0,0,20,129,16,0,0,0,0,0,5,125,5,0,0,0,0,0,12,129,15,0,0,0,0,0,4,129,12,0,0,0,0,0,9,111,6,0,0,0,0,0,9
115,7,0,0,0,0,0,9,131,11,0,0,0,0,0,6,131,15,0,0,0,0,0,4,124,3,0,0,0,0,0,15,131,13,0,0,0,0,0,3,131,4,0,0,0,0,0,34,131,17,0,0,0,0,0,11,131,10,0,0,0,0,0,11,119,3,0,0,0,0,0,24,131,18,0,0,0,0,0,6,131,20,0,0,0,0,0,12,115,7,0,0,0,0,0,16,117,7,0,0,0,0,0,9,131,15,0,0,0,0,0,4,131,9,0,0,0,0,0,15,109,12,0,0,0,0,0,12
127,18,0,0,0,0,0,3,127,14,0,0,0,0,0,8,127,22,0,0,0,0,0,3,127,24,0,0,0,0,0,17,127,27,0,0,0,0,0,4,127,17,0,0,0,0,0,16,127,10,0,0,0,0,0,31,127,10,0,0,0,0,0,15,127,18,0,0,0,0,0,13,127,23,0,0,0,0,0,15,127,31,0,0,0,0,0,6,127,8,0,0,0,0,0,16,122,18,0,0,0,0,0,3,127,25,0,0,0,0,0,5,127,17,0,0,0,0,0,4,96,4,0,0,0,0,0,22
3,17,1,0,0,0,0,0,47,35,1,0,0,0,0,0,144,144,0,0,0,0,0,2,114,39,0,0,0,0,3,14,4,22,5,0,0,0,0,0,98,46,9,0,0,0,0,0,144,49,0,0,0,0,0,68,60,3,0,0,0,1,30,87,4,97,16,0,0,0,0,0,35,84,83,3,0,8,8,2,144,24,8,0,0,4,16,144,24,0,0,0,0,0,46,144,8,64,3,0,0,20,44,5,2,14,10,1,0,62,110,4,70,0,1,0,0,18,60,107,82,0,0,0,0,1,14,78
0,0,2,0,0,13,87,8,137,0,0,0,0,2,42,88,137,0,0,0,0,0,1,87,5,0,0,8,13,8,5,12,1,8,48,8,1,1,27,5,122,14,23,7,2,0,7,88,137,15,0,0,0,0,0,137,29,3,0,2,17,9,1,22,3,10,58,9,3,3,3,1,95,86,30,15,17,4,0,3,137,137,10,2,0,0,0,13,33,15,7,7,25,1,0,3,0,0,47,13,1,14,50,0,137,87,27,5,1,4,28,27,137,118,10,8,5,0,0,3,1,3,7,13,38,2,0,0
4,11,53,1,1,2,4,1,67,48,43,8,12,3,1,2,194,138,10,2,0,0,0,3,30,24,21,18,14,0,0,1,0,5,67,4,2,57,78,0,85,22,38,6,2,51,110,56,194,37,2,1,1,0,14,102,52,5,1,21,30,0,0,1,18,16,35,13,3,30,40,9,128,33,46,54,21,18,26,11,194,89,2,2,2,0,2,17,47,8,0,8,36,1,0,0,10,2,2,1,1,0,0,6,31,4,2,7,13,1,0,0,117,18,0,0,0,0,0,0,7,2,0,1,9,0,0,0
43,7,0,0,0,0,0,1,76,13,0,0,0,0,0,10,174,3,0,0,0,0,0,174,174,12,0,0,0,0,0,174,61,7,0,0,0,0,0,4,80,15,0,0,0,0,0,3,69,5,0,0,0,0,0,107,151,0,0,0,0,0,0,174,65,6,0,0,0,0,0,7,86,4,0,0,0,0,0,7,51,10,0,0,0,0,0,5,75,2,0,0,0,0,1,147,46,10,0,0,0,0,0,0,62,3,0,0,0,0,0,7,38,3,0,0,0,0,0,13,27,2,0,0,0,0,0,15
1,16,53,7,0,0,1,1,7,58,113,30,0,0,0,0,2,33,139,139,0,0,0,0,0,0,139,139,9,0,0,0,15,4,5,0,0,12,49,25,116,68,2,0,0,0,5,31,21,75,48,20,0,0,5,5,3,6,139,116,0,0,2,7,29,37,21,0,0,6,22,15,139,31,1,0,0,0,3,45,32,5,0,0,0,0,20,52,18,4,6,0,0,0,4,36,8,12,6,0,0,0,109,121,33,5,0,0,0,0,50,139,12,0,0,0,0,0,11,116,13,0,0,0,0,0,3,46
116,3,0,0,0,0,0,13,129,4,0,0,0,0,0,16,129,14,0,0,0,0,0,5,129,12,0,0,0,0,0,13,129,5,0,0,0,0,0,10,129,16,0,0,0,0,0,10,129,21,0,0,0,0,0,4,129,10,0,0,0,0,0,13,129,10,0,0,0,0,0,4,129,13,0,0,0,0,0,9,129,4,0,0,0,0,0,27,129,12,0,0,0,0,0,3,112,2,0,0,0,0,0,20,129,11,0,0,0,0,0,5,129,6,0,0,0,0,0,14,115,5,0,0,0,0,0,16
45,0,0,0,0,0,0,18,134,9,0,0,0,0,0,13,134,21,0,0,0,0,0,21,128,15,0,0,0,3,29,89,85,12,0,0,0,0,0,7,134,27,0,0,0,0,0,6,134,35,0,0,0,0,0,5,134,43,0,0,0,0,0,1,95,22,0,0,0,0,0,0,134,16,0,0,0,0,0,14,134,6,0,0,0,0,0,47,134,13,0,0,0,0,0,19,79,21,0,0,0,0,0,0,128,30,0,0,0,0,0,0,134,30,0,0,0,0,0,4,134,32,0,0,0,0,0,2
126,2,0,0,1,49,61,126,47,1,0,0,48,126,72,47,89,18,1,0,8,12,2,7,81,13,0,0,0,0,8,52,90,3,0,0,0,6,35,102,126,12,0,0,0,22,37,34,126,20,0,0,0,0,0,4,108,19,0,0,0,0,0,2,126,14,0,0,0,0,0,1,126,11,0,0,0,0,0,7,126,2,0,0,0,0,0,30,106,1,0,0,0,0,0,24,101,2,0,0,0,0,0,18,126,5,0,0,0,0,0,5,117,6,0,0,0,0,0,4,88,0,0,0,0,0,0,13
37,19,0,0,0,0,0,0,63,11,0,0,0,0,0,73,91,4,0,2,12,9,50,162,110,55,3,8,17,8,36,162,56,11,0,0,0,0,0,2,62,24,0,0,0,0,0,3,87,14,0,0,0,0,5,93,162,3,0,0,0,0,4,162,61,4,0,0,0,0,0,3,79,6,0,0,0,0,0,4,69,6,0,0,0,0,0,17,162,3,0,0,0,0,0,119,47,5,0,0,0,0,0,3,57,15,0,0,0,0,0,0,51,16,0,0,0,0,0,0,162,5,0,0,0,0,0,38
42,43,7,0,0,2,8,8,40,23,29,19,0,0,1,33,113,14,19,5,0,0,0,113,78,24,3,0,0,0,0,29,40,34,32,7,1,9,9,12,97,102,30,4,0,3,6,28,93,74,99,9,0,0,2,27,113,18,3,0,0,0,0,36,10,49,34,8,3,88,103,14,113,97,10,1,1,14,31,89,53,18,17,2,3,7,38,42,69,5,1,0,0,0,5,81,8,113,46,0,0,35,57,8,37,90,15,0,0,45,113,36,35,5,0,0,1,4,110,88,108,24,0,0,0,0,7,38
70,1,0,0,0,0,1,96,162,6,0,0,0,0,2,125,28,22,21,6,13,6,2,20,0,15,41,27,5,1,0,0,114,1,0,0,0,0,0,15,162,49,0,0,0,0,0,32,78,97,52,0,0,0,0,4,0,17,61,32,3,0,0,0,104,11,0,0,0,0,0,3,162,13,0,0,0,0,0,52,162,26,21,0,0,0,0,45,2,4,21,26,9,0,0,1,75,14,0,0,0,0,0,0,162,21,0,0,0,0,0,15,162,7,0,0,0,0,0,41,12,4,6,8,2,0,0,3
11,4,12,121,105,1,0,0,119,27,36,45,8,0,0,81,121,24,26,32,16,0,0,121,4,0,20,65,68,1,0,4,10,4,38,65,56,12,1,4,43,35,92,96,13,0,0,5,121,38,9,4,17,6,6,57,18,1,3,8,112,47,6,10,6,10,29,61,19,9,1,1,11,11,24,62,32,18,1,2,64,52,38,7,6,12,42,72,5,85,52,1,22,42,29,13,0,11,93,32,38,20,0,0,0,67,121,8,13,21,1,0,0,102,121,5,7,2,1,2,1,57,49,1,1,0,0,1
59,19,42,68,18,0,0,25,130,39,19,15,7,0,0,103,29,2,23,88,101,3,0,12,0,3,20,20,38,5,3,0,18,26,51,91,21,0,0,0,130,79,12,5,8,6,4,30,48,3,0,3,130,72,6,12,0,7,15,4,56,76,2,0,9,8,25,41,30,20,2,2,78,44,47,4,4,11,41,85,10,63,77,3,30,84,43,21,0,91,130,4,11,29,0,0,0,33,130,7,7,14,1,0,1,74,130,5,5,2,2,5,1,71,92,1,0,0,1,1,1,33,42,2,0,0,0,0
48,45,3,0,26,54,1,2,71,29,2,0,62,106,7,4,115,43,0,0,36,61,5,12,2,0,0,0,34,104,47,15,42,3,0,0,30,115,29,29,115,42,0,0,18,93,20,20,86,25,0,0,65,115,31,15,17,13,0,1,66,71,13,7,14,0,0,0,3,105,55,38,97,8,1,0,1,31,56,114,12,37,6,0,2,115,91,19,23,115,10,0,2,29,15,3,6,20,32,0,0,8,9,4,41,56,18,0,0,1,7,23,26,107,33,0,0,3,6,17,22,115,7,5,1,1,5,7
0,2,13,31,46,43,0,0,21,12,33,31,19,4,0,1,116,40,40,3,0,0,0,40,39,19,92,65,0,0,0,22,6,6,26,38,77,12,0,0,66,77,89,34,13,3,0,1,74,22,85,116,0,0,0,52,96,4,5,33,6,0,1,116,13,2,2,78,116,1,0,1,116,22,12,15,17,0,0,51,51,9,39,116,0,0,0,62,38,7,17,116,1,0,2,82,2,3,5,97,92,0,0,0,40,7,7,37,15,0,5,63,60,6,4,24,0,0,3,116,37,16,67,78,0,0,0,20
6,0,0,27,119,35,15,38,11,0,0,36,58,41,47,23,124,0,0,0,0,0,18,124,39,0,0,0,0,19,40,44,55,0,0,48,66,5,6,124,14,1,0,89,124,35,6,14,124,13,0,1,14,11,6,65,64,2,0,0,3,27,34,30,33,0,0,8,64,29,37,124,28,7,0,2,124,107,38,30,124,24,0,0,13,8,4,28,48,20,34,3,4,18,24,23,2,0,0,3,73,32,43,34,48,15,0,0,5,24,46,43,72,50,3,0,0,0,42,54,64,62,10,0,0,1,24,68
0,1,50,43,55,88,0,0,2,6,38,41,67,27,0,0,20,41,79,41,19,3,0,0,98,19,41,36,0,0,0,40,3,9,29,54,54,24,19,1,26,5,7,72,121,8,0,0,121,58,37,35,14,1,0,17,47,13,33,121,6,0,0,27,6,44,29,29,32,4,6,0,13,7,7,119,121,0,0,0,116,11,6,23,15,0,3,119,59,2,9,105,5,0,0,117,5,31,30,23,8,0,0,0,0,5,15,121,88,0,0,0,16,30,56,61,20,0,1,19,115,48,15,4,0,0,0,38
5,6,2,0,0,0,0,0,119,92,0,0,0,0,0,0,54,77,8,5,30,14,0,1,0,0,1,3,114,35,0,0,18,11,5,0,0,0,0,0,119,51,0,0,0,2,11,22,52,8,0,0,27,96,43,11,0,0,0,0,84,119,16,0,10,20,54,0,0,0,0,2,59,10,67,6,0,7,61,57,5,0,47,32,7,119,119,12,0,0,26,45,19,119,52,0,0,21,58,0,1,28,54,1,0,3,73,8,2,63,119,0,0,0,43,29,7,119,119,0,0,0,16,29,11,119,99,0
126,6,0,1,34,13,4,21,7,2,7,6,102,11,0,0,0,0,10,11,11,0,0,0,0,0,0,3,6,0,0,0,126,7,0,0,41,32,3,27,68,59,50,10,61,33,0,3,9,20,126,107,1,0,0,0,0,0,54,94,2,0,0,0,126,0,0,0,22,56,11,73,126,19,6,0,18,41,7,83,44,12,63,43,0,0,8,65,0,0,49,126,13,2,6,7,119,0,0,0,7,48,17,76,109,0,0,0,4,27,13,126,13,0,0,0,0,0,58,126,0,0,0,13,10,6,55,43
16,0,1,0,0,0,0,52,142,7,0,0,0,0,0,117,107,39,2,0,1,0,18,61,8,17,17,17,1,0,13,47,29,9,12,5,0,0,0,15,142,52,1,1,7,6,1,30,76,13,1,2,50,74,67,60,6,0,0,0,1,11,80,142,29,4,2,2,3,4,3,10,142,11,0,0,2,37,44,111,25,0,0,0,21,142,96,31,58,4,0,0,0,20,58,142,4,0,0,0,0,12,9,12,21,1,0,0,0,10,38,70,3,0,0,0,0,35,55,21,135,41,0,0,0,0,7,27
0,4,1,0,2,20,13,0,98,44,2,0,0,3,6,11,147,147,18,2,0,0,0,11,7,42,88,46,13,4,0,0,13,48,3,0,1,1,3,1,118,47,10,2,9,2,0,18,147,27,1,0,0,0,0,64,33,9,7,18,33,14,0,7,20,114,17,20,10,0,0,0,97,49,11,38,39,3,0,3,147,84,0,0,0,0,0,10,49,11,3,23,24,3,0,0,9,118,47,52,3,0,0,0,48,66,78,100,8,0,0,0,147,127,10,0,0,0,0,0,22,17,6,30,12,1,0,0
25,29,8,14,4,2,7,23,19,7,9,31,19,7,2,7,37,9,3,72,102,0,1,13,4,39,25,70,85,0,0,0,39,7,2,6,7,1,24,38,35,4,1,24,103,49,19,34,122,14,14,60,55,12,15,73,7,52,69,92,61,6,0,0,63,9,1,6,5,0,23,102,72,19,5,90,122,9,2,28,122,41,14,35,28,3,1,16,40,22,21,43,122,23,0,1,52,13,13,29,2,0,16,122,57,25,16,36,51,4,5,83,122,21,11,26,37,6,0,25,50,49,5,8,122,23,0,4
0,2,9,94,50,50,115,5,3,8,11,58,80,32,22,0,55,132,16,20,19,1,0,0,132,82,5,0,0,0,1,34,0,0,0,1,4,23,132,28,46,5,0,1,9,34,99,30,132,126,12,1,2,2,6,21,75,83,25,1,0,0,4,16,1,1,5,6,6,4,5,4,100,10,1,0,0,1,11,17,132,14,0,0,0,0,7,56,90,47,1,0,0,0,13,45,0,0,1,1,2,19,28,1,78,1,0,0,0,14,24,39,132,9,0,0,0,0,0,57,132,36,0,0,1,7,8,15
97,31,4,0,0,0,4,47,36,12,14,4,8,25,13,40,13,10,54,13,9,10,17,114,10,1,4,114,103,19,56,114,86,78,4,0,5,19,8,18,114,22,8,0,1,7,6,35,31,13,32,12,28,41,2,6,4,0,3,7,91,114,58,26,85,17,0,0,2,30,45,33,114,41,1,0,1,6,5,30,23,9,6,26,61,46,2,7,0,0,0,9,114,92,0,0,114,22,0,0,0,0,8,23,112,52,2,0,0,0,1,23,12,9,7,8,108,44,3,14,0,62,61,9,114,67,0,0
0,3,58,47,106,53,3,0,80,1,0,19,54,44,0,8,130,8,0,1,26,32,9,40,77,13,3,2,46,49,13,49,0,0,8,24,130,80,1,0,84,15,23,40,46,17,0,2,130,21,2,24,22,8,6,43,36,5,28,59,36,13,23,54,0,0,17,53,108,39,0,0,40,68,32,41,44,19,5,12,77,60,25,10,11,31,47,57,2,0,17,22,4,17,112,73,0,0,1,8,78,89,1,0,29,11,1,1,35,65,80,51,8,6,3,2,6,72,130,17,2,0,0,0,0,27,99,25
13,1,5,4,0,0,0,21,50,11,0,0,0,0,0,17,57,107,4,0,0,0,0,2,73,128,1,0,0,0,0,0,31,4,20,9,0,0,0,35,66,8,20,14,0,0,0,34,128,124,1,0,0,0,0,18,58,87,5,1,0,0,0,3,33,42,21,1,0,0,0,38,47,50,64,21,0,0,0,22,128,20,15,13,0,0,0,128,41,8,1,0,0,0,0,128,13,128,70,0,0,0,0,0,3,106,128,98,0,0,0,0,11,1,36,128,0,0,0,68,50,2,6,13,0,0,0,128
35,4,4,13,36,0,0,16,119,20,46,32,0,0,0,37,28,6,51,119,9,2,0,48,20,0,3,47,7,0,1,63,31,9,8,32,64,1,2,5,119,75,7,7,5,1,2,34,31,18,10,68,114,73,6,10,18,0,1,27,35,52,18,83,17,5,30,119,79,1,1,3,105,16,16,5,5,3,33,119,8,3,2,46,110,44,82,58,24,9,17,65,31,22,12,15,0,0,3,119,119,2,3,0,7,29,7,34,15,4,38,12,7,89,79,2,2,5,47,14,6,20,119,15,5,3,4,0
0,8,29,55,41,26,24,0,10,49,36,9,8,9,30,27,93,56,6,1,0,0,29,68,116,58,0,0,0,0,12,36,2,11,108,107,27,22,7,7,13,31,84,36,62,52,1,2,116,116,5,3,8,7,0,7,104,70,0,0,0,5,7,17,5,2,8,9,9,91,116,48,18,0,1,3,48,112,20,13,116,20,0,0,6,8,8,116,41,11,0,0,1,68,55,67,18,40,26,1,2,4,30,14,4,22,64,6,24,15,3,3,43,77,91,1,3,3,5,73,13,40,90,0,1,33,36,43
9,3,0,0,27,17,3,3,138,132,0,0,0,0,0,2,138,107,0,0,1,13,4,0,2,2,0,2,100,82,2,0,41,19,0,0,15,12,1,1,138,98,0,0,0,8,12,26,79,32,0,0,0,138,88,15,0,0,0,0,11,138,65,0,35,31,1,0,0,3,1,7,115,10,1,0,0,29,76,106,10,0,1,3,2,138,129,20,0,0,8,4,1,95,57,0,2,15,27,0,0,1,2,1,1,8,22,5,2,6,16,10,0,0,10,21,12,18,11,0,0,2,13,7,2,3,3,0
6,4,0,0,18,12,1,1,0,12,16,14,21,8,0,0,6,1,11,49,10,0,0,4,13,7,4,4,0,0,4,33,21,4,0,0,3,19,16,12,118,106,83,27,2,4,2,8,11,20,126,155,3,0,0,1,1,2,10,105,4,0,2,12,48,1,0,0,5,17,5,10,155,23,12,4,0,0,0,44,111,16,49,155,17,0,0,10,0,0,15,155,36,0,0,0,41,14,0,0,2,10,2,2,155,8,0,0,0,0,0,58,120,1,0,27,4,0,5,66,0,0,32,155,7,0,2,3
1,30,106,38,77,18,1,0,55,11,9,7,26,18,21,55,158,3,0,0,0,0,1,88,90,4,0,0,0,0,0,8,0,0,0,23,123,39,15,12,83,6,6,35,76,10,3,17,158,10,1,0,0,0,0,44,117,1,0,0,0,0,0,26,6,0,0,1,15,46,78,37,54,30,32,11,18,12,7,17,158,39,7,0,0,0,1,41,121,4,0,0,0,0,0,37,20,50,11,0,0,0,20,22,35,27,14,11,0,0,8,27,158,13,2,2,0,0,2,89,127,3,0,0,0,0,0,39
47,12,1,0,0,0,0,5,57,11,10,21,3,0,0,1,26,82,22,23,3,0,0,0,58,125,2,0,0,0,2,1,31,17,16,11,0,0,0,0,125,37,19,4,0,0,0,2,81,125,53,7,0,0,14,23,123,125,0,0,0,44,125,71,11,4,6,9,3,12,32,14,121,9,1,0,0,0,6,73,40,19,19,2,1,10,43,42,6,22,67,10,4,55,125,22,2,0,0,0,0,5,66,29,87,1,0,0,0,0,9,120,125,78,43,1,0,0,0,26,4,85,125,3,0,0,0,0
2,27,23,0,0,0,0,0,58,64,14,0,0,0,0,2,123,149,9,0,0,0,0,4,7,87,12,2,74,31,0,0,5,2,1,4,1,0,0,1,138,7,0,0,0,0,0,27,149,30,0,0,1,0,0,50,23,4,0,10,149,22,0,4,1,0,0,24,18,0,0,1,143,20,0,0,0,0,0,10,149,54,0,0,0,0,0,23,25,3,0,28,149,0,0,3,0,0,0,15,31,6,1,0,74,5,1,1,0,0,0,31,149,5,0,0,0,0,0,149,23,0,0,22,68,0,0,46
6,0,0,4,36,39,61,58,96,29,20,18,46,17,5,7,151,38,3,0,0,0,0,17,47,4,0,0,0,0,0,16,27,56,21,1,1,7,42,43,101,41,24,15,1,3,13,49,151,26,2,0,0,0,1,85,82,9,0,0,0,0,1,19,73,65,21,1,1,3,3,24,73,61,23,25,5,11,11,10,151,123,2,1,0,0,0,20,77,12,0,0,0,0,1,14,89,16,2,0,2,2,10,84,79,137,21,0,3,5,4,6,151,129,1,0,0,0,0,1,30,15,0,0,0,0,0,6
32,3,0,0,0,31,114,41,152,12,2,0,0,0,23,140,60,15,32,8,3,14,16,48,0,1,10,10,24,49,4,0,67,24,7,0,0,0,1,2,152,115,12,0,0,0,6,59,53,55,43,17,25,30,43,52,1,0,1,8,32,56,13,5,41,40,31,0,0,0,0,1,152,35,3,0,0,3,78,123,19,6,7,5,12,35,152,62,0,0,0,3,16,50,152,15,7,20,12,1,1,1,5,8,20,8,0,0,0,14,35,34,1,6,0,0,0,32,90,10,1,13,7,1,0,11,81,7
150,0,0,0,0,0,1,150,32,0,0,0,0,0,7,63,3,0,0,1,2,3,3,5,0,0,0,8,9,4,0,0,150,6,0,0,0,0,0,150,150,10,0,0,0,0,2,63,20,6,1,4,8,4,1,4,0,1,1,3,5,7,0,0,150,125,0,0,0,0,0,37,150,45,0,0,0,0,0,16,25,3,1,9,4,0,1,4,0,0,2,13,4,0,0,0,137,29,0,0,0,0,13,150,88,19,0,0,0,0,0,150,10,2,0,0,0,1,5,16,0,0,0,3,6,1,3,0
0,0,0,8,142,59,0,0,1,7,6,18,38,17,0,0,19,78,16,5,1,0,0,1,61,105,3,0,0,0,0,4,0,0,0,0,136,122,9,0,23,5,0,0,4,19,12,10,111,59,0,0,0,0,0,5,124,122,0,0,0,0,0,0,1,0,0,0,67,78,24,7,59,4,0,0,0,2,13,27,142,9,0,0,0,0,0,12,142,63,0,0,0,0,0,3,13,10,0,0,12,33,14,10,53,66,29,4,0,0,1,16,134,37,16,7,0,0,0,12,142,142,5,0,0,0,0,1
11,1,0,0,0,20,114,75,23,1,0,0,0,0,158,158,15,0,0,0,0,0,158,158,2,0,0,0,0,0,158,158,65,8,0,0,0,5,9,11,96,15,0,0,0,0,7,26,32,2,0,0,0,7,81,79,32,0,0,0,0,0,132,108,34,51,16,0,1,1,0,3,35,13,0,0,1,21,41,11,19,0,0,0,0,20,70,32,43,0,0,0,0,0,10,83,0,17,20,3,13,23,0,0,1,3,9,1,12,36,9,1,29,5,4,0,0,4,9,18,21,0,0,0,0,0,4,44
0,0,0,7,16,3,11,33,1,1,24,51,24,0,1,3,6,6,64,14,0,0,0,3,84,51,14,3,0,0,0,20,12,1,2,3,11,2,7,32,49,12,28,14,0,0,1,19,5,19,91,25,0,0,0,0,146,157,27,3,0,0,0,0,8,19,36,5,3,0,0,2,72,33,24,0,0,0,0,13,66,90,40,5,0,0,0,4,157,157,21,0,0,0,0,0,2,49,27,0,0,0,0,0,7,75,57,0,0,0,0,0,145,151,27,0,0,0,0,0,157,157,8,0,0,0,0,0
4,0,0,0,2,54,147,58,50,8,20,13,7,2,31,107,15,12,24,26,6,0,0,3,23,6,13,7,2,1,0,10,47,16,12,3,0,35,91,59,147,15,4,8,1,0,9,147,55,22,55,26,2,0,1,10,4,16,77,8,0,0,0,4,55,82,10,7,0,0,0,0,147,147,5,4,1,0,2,11,58,16,9,4,3,6,33,30,34,16,25,1,0,0,5,51,94,147,0,0,0,0,0,0,91,147,25,40,16,0,0,0,2,6,7,52,49,9,17,11,35,8,1,1,0,1,10,82
0,0,0,0,0,0,0,0,106,5,0,0,0,2,5,21,173,3,0,0,0,0,1,44,36,1,0,0,0,0,0,2,0,0,0,0,7,5,0,0,73,9,4,8,34,60,29,65,173,18,1,0,1,3,10,153,65,1,0,0,0,0,0,10,0,0,1,4,9,2,0,0,72,102,61,31,33,12,2,11,173,173,18,1,0,0,1,16,70,13,0,0,0,0,0,1,1,0,0,2,7,2,0,1,103,20,4,2,4,2,1,60,173,28,1,0,0,0,0,77,45,7,0,0,0,0,0,6
0,0,0,0,7,45,17,3,2,0,0,0,2,120,77,8,65,21,0,0,0,36,58,51,53,36,0,0,0,0,0,17,0,0,0,0,1,146,49,1,34,1,0,0,2,146,57,18,146,45,0,0,0,16,14,41,70,45,0,0,1,0,0,2,0,0,0,0,9,146,98,3,111,15,0,0,3,57,53,29,146,49,0,0,0,0,1,18,86,4,0,0,0,5,5,11,7,3,6,7,11,14,14,5,139,13,14,10,4,1,1,20,146,34,0,0,0,0,13,83,26,4,0,0,0,50,44,24
2,8,5,0,2,12,19,3,11,18,3,4,13,17,2,0,28,67,11,1,0,0,3,5,1,16,12,9,211,33,7,1,11,3,1,0,0,3,16,11,33,7,0,0,0,1,1,7,36,9,1,0,0,3,11,25,0,1,1,9,211,61,13,2,5,14,11,0,0,0,0,0,31,7,0,0,0,0,0,1,48,18,4,1,1,0,2,6,1,3,4,11,211,66,2,0,0,2,2,0,0,0,4,2,10,8,2,0,0,1,9,3,19,2,0,0,0,35,57,11,0,0,0,0,211,211,85,1
0,0,0,0,0,0,0,0,0,0,0,0,0,0,0,0,1,0,0,0,0,0,0,0,46,0,0,0,0,0,0,22,3,0,0,14,8,0,0,0,53,4,0,2,1,0,0,5,49,16,0,0,0,0,0,11,150,1,0,0,0,0,0,142,3,6,21,78,21,0,0,0,70,66,56,15,2,0,0,4,34,68,81,0,0,0,0,13,150,40,39,1,0,0,0,66,0,74,145,20,4,0,0,0,0,150,150,2,0,0,0,0,0,139,150,13,1,0,0,0,102,31,123,69,13,0,0,12
21,1,0,6,4,0,0,15,85,23,4,0,0,0,3,126,50,24,42,7,0,0,25,126,52,34,81,6,1,0,2,20,31,8,0,3,9,7,3,5,126,126,18,0,0,0,2,27,79,126,77,0,0,0,11,38,87,61,3,0,7,3,0,7,31,5,4,0,0,5,3,14,126,18,1,0,0,0,29,126,106,19,9,0,0,0,93,126,90,15,0,1,16,8,2,42,4,9,11,10,3,0,0,2,26,2,0,5,4,0,9,85,126,28,0,0,0,0,15,86,120,12,0,1,9,7,1,13
73,4,0,0,0,0,0,12,76,6,0,0,0,0,0,15,84,4,0,0,0,0,2,125,80,5,5,133,133,4,10,125,87,1,0,0,0,0,0,26,117,8,0,0,0,0,0,10,83,4,0,0,0,0,0,21,133,21,14,63,10,0,0,102,103,0,0,0,0,0,0,38,133,6,0,0,0,0,0,17,50,10,2,2,0,0,0,7,133,0,0,1,0,0,1,133,94,3,0,0,0,0,0,14,118,4,0,0,0,0,0,23,39,7,3,7,2,0,0,9,97,0,2,4,1,0,0,54
37,30,38,8,15,55,54,56,82,14,0,0,1,55,100,100,60,42,30,9,16,46,14,9,3,7,16,12,81,119,8,1,29,30,19,0,2,44,29,19,119,79,7,0,5,7,15,55,64,31,1,0,65,119,23,11,12,24,55,4,38,119,19,7,11,11,6,0,0,1,1,4,119,39,10,6,26,33,52,59,33,8,0,0,79,109,87,33,24,20,24,14,18,36,33,20,0,0,0,0,0,0,0,0,1,19,20,12,54,22,16,1,22,119,86,5,15,16,33,14,7,108,119,23,4,0,0,1
16,0,0,0,0,0,0,64,29,0,0,0,0,0,8,167,11,0,0,18,161,64,52,141,0,0,0,126,167,16,0,0,50,0,0,0,0,0,0,46,41,1,0,0,0,0,8,66,95,13,3,36,52,13,15,48,2,2,1,158,167,4,0,0,59,0,0,0,0,0,0,18,57,14,0,0,0,0,1,9,115,11,0,11,21,0,0,2,5,1,0,60,160,0,0,0,7,0,0,0,0,0,0,2,3,0,0,0,0,0,0,0,1,0,0,0,0,0,0,0,0,0,0,0,0,0,0,0
150,21,0,0,0,0,0,5,150,26,0,0,0,0,0,4,150,5,0,0,0,0,0,37,101,1,0,0,0,0,0,66,150,16,0,0,0,0,0,11,150,13,0,0,0,0,0,13,150,14,0,0,0,0,0,15,117,1,0,0,0,0,0,52,150,14,0,0,0,0,0,12,150,18,0,0,0,0,0,18,150,20,0,0,0,0,0,10,117,20,0,0,0,0,0,9,16,4,0,0,0,0,0,0,47,10,0,0,0,0,0,0,55,13,0,0,0,0,0,0,42,14,0,0,0,0,0,0
114,3,0,0,0,0,0,16,136,11,0,0,0,0,0,1,136,11,0,0,0,0,0,5,115,0,0,0,0,0,0,24,136,11,0,0,0,0,0,2,136,10,0,0,0,0,0,6,136,2,0,0,0,0,0,21,136,0,0,0,0,0,0,11,136,6,0,0,0,0,0,16,136,24,0,0,0,0,0,1,136,10,0,0,0,0,0,15,136,0,0,0,0,0,0,24,107,6,0,0,0,0,0,2,103,13,0,0,0,0,0,0,114,8,0,0,0,0,0,4,101,3,0,0,0,0,0,8
115,29,0,0,0,0,0,0,128,33,0,0,0,0,0,0,128,10,0,0,0,0,0,4,128,7,0,0,0,0,0,6,128,30,0,0,0,0,0,0,128,15,0,0,0,0,0,13,128,10,0,0,0,0,0,11,128,17,0,0,0,0,0,3,128,11,0,0,0,0,0,1,128,11,0,0,0,0,0,3,128,12,0,0,0,0,0,5,128,14,0,0,0,0,0,3,113,18,0,0,0,0,0,1,128,5,0,0,0,0,0,8,128,12,0,0,0,0,0,3,128,13,0,0,0,0,0,2
109,5,0,0,0,0,0,9,130,8,0,0,0,0,0,7,130,2,0,0,0,0,0,14,113,0,0,0,0,0,0,17,130,5,0,0,0,0,0,17,130,8,0,0,0,0,0,11,130,6,0,0,0,0,0,6,130,1,0,0,0,0,0,14,130,19,0,0,0,0,0,0,130,19,0,0,0,0,0,4,130,2,0,0,0,0,0,14,130,5,0,0,0,0,0,3,112,17,0,0,0,0,0,0,130,19,0,0,0,0,0,1,130,3,0,0,0,0,0,9,128,2,0,0,0,0,0,9
1,5,52,113,2,0,0,0,0,0,11,57,21,5,1,1,32,19,3,4,10,5,3,7,5,8,3,13,49,1,0,0,15,11,36,85,43,93,27,8,13,0,7,62,118,135,11,6,135,16,0,1,27,41,11,24,15,3,3,5,75,18,0,0,2,0,0,0,14,135,68,16,67,1,0,0,18,135,36,17,135,17,0,0,10,32,12,26,28,32,43,20,21,17,2,2,0,0,0,0,11,135,59,6,89,0,0,0,3,94,20,35,135,1,0,0,0,8,35,67,101,16,10,4,0,3,7,48
2,27,52,139,0,0,0,0,110,32,22,81,0,0,0,0,139,77,6,0,0,0,0,5,65,65,73,47,6,0,0,1,11,34,41,139,14,0,0,0,66,29,28,139,25,0,0,0,139,65,4,13,1,0,12,48,79,30,5,13,12,32,110,48,20,3,3,35,37,43,24,16,38,7,11,139,43,0,0,24,112,17,17,57,8,0,27,63,7,0,0,0,0,19,125,31,7,0,0,0,0,11,20,22,22,0,1,25,10,1,3,72,4,3,6,36,27,3,4,10,2,0,0,0,1,0,3,12
9,6,0,0,2,40,14,2,129,17,0,0,0,1,2,77,129,16,9,14,6,0,0,97,3,3,17,42,27,3,0,1,33,41,4,0,0,7,2,1,107,50,31,25,0,0,0,34,129,15,7,6,0,0,0,84,34,5,31,50,23,3,0,3,54,129,14,0,0,0,0,0,62,129,129,29,0,0,0,1,129,91,99,8,0,0,0,8,62,11,21,7,0,0,0,9,109,31,6,3,0,0,0,25,129,57,45,0,0,0,0,47,48,47,108,52,4,2,1,6,22,3,10,35,6,6,5,24
23,23,7,1,8,56,142,95,6,7,2,0,0,50,142,94,0,0,0,10,15,41,142,140,0,0,0,3,11,28,62,1,40,7,0,0,2,34,93,36,58,9,0,0,0,3,101,43,9,1,0,0,12,25,126,32,0,0,0,0,2,8,42,0,35,27,45,10,0,1,0,0,57,15,19,4,1,3,4,12,4,0,0,1,22,48,7,5,0,0,0,0,6,18,0,0,45,111,122,14,0,0,0,0,11,35,142,142,3,2,1,1,0,2,78,94,12,21,2,0,0,2,32,3,3,5,0,0
18,9,0,12,107,20,7,1,95,3,1,20,70,23,33,41,163,49,82,6,0,0,1,29,9,61,106,2,0,0,0,0,10,5,0,29,73,31,1,0,116,4,2,100,88,0,0,14,163,10,2,4,1,0,0,48,37,6,8,3,0,0,0,2,0,0,0,17,33,40,9,0,71,14,2,46,58,36,11,1,163,76,7,6,4,1,0,9,40,23,37,20,1,0,0,1,0,0,0,11,23,72,25,1,75,7,0,1,2,28,22,17,163,21,1,0,0,0,4,102,24,5,8,10,4,2,18,64
66,2,0,0,0,0,3,36,148,11,0,0,0,0,0,148,82,17,1,0,0,0,0,58,13,9,0,0,0,0,0,13,65,3,0,0,0,0,0,21,148,89,0,0,0,0,0,47,139,86,0,0,0,0,0,14,3,15,0,0,0,0,0,0,40,1,3,10,0,0,0,26,148,10,0,0,0,0,0,123,148,17,0,0,0,0,0,46,1,14,1,0,0,0,0,0,6,9,99,45,1,0,0,5,148,83,29,8,0,0,4,53,148,26,0,0,0,0,33,48,6,7,0,0,0,0,24,13
0,1,27,22,10,2,13,18,28,1,0,3,5,1,26,65,141,67,0,1,1,2,8,26,141,24,0,0,0,81,36,31,0,0,9,36,56,10,2,0,73,3,0,21,22,0,0,26,141,50,0,0,0,17,30,63,99,11,0,0,0,141,141,67,0,0,1,48,21,0,0,1,53,33,5,54,17,0,0,1,140,40,1,1,41,85,37,28,24,9,2,2,19,141,103,41,4,0,1,13,3,0,1,17,32,23,9,32,7,1,0,1,42,26,12,9,90,34,0,1,21,87,61,15,30,13,1,2
29,4,3,0,0,2,45,86,4,2,5,4,1,5,66,24,106,41,3,1,0,0,6,21,37,14,1,24,35,37,8,1,7,0,0,0,0,0,127,114,35,1,0,0,0,3,139,96,139,14,0,0,0,3,26,116,45,6,1,27,68,44,8,3,13,0,0,2,3,0,23,45,128,48,0,1,1,3,23,30,139,66,0,0,0,33,20,29,19,0,0,2,22,95,49,11,24,0,0,6,11,0,0,8,139,48,0,0,0,1,5,16,122,30,0,0,0,75,84,31,3,0,0,0,1,39,56,71
1,33,27,2,12,9,0,0,16,127,48,0,0,0,1,8,15,127,116,0,0,0,12,16,22,127,36,0,0,0,29,19,2,31,31,2,4,42,53,10,40,66,14,0,0,6,114,127,91,62,16,0,0,0,107,127,30,13,1,0,5,19,74,68,1,12,64,71,15,26,18,3,74,47,40,14,9,5,25,40,127,48,0,0,0,2,12,47,32,2,0,0,13,51,52,20,1,2,33,29,13,33,55,27,49,6,13,11,30,45,8,35,104,16,1,0,0,24,31,98,2,5,11,0,0,71,64,4
4,2,17,35,46,10,10,22,18,2,8,36,8,7,27,74,16,8,69,83,2,1,3,10,0,2,55,33,0,0,4,1,7,1,4,50,91,25,30,15,97,33,32,33,16,7,8,42,119,57,86,67,0,0,0,34,13,7,119,119,2,0,0,3,31,80,18,6,6,12,40,12,25,119,119,6,2,2,1,2,119,119,60,4,0,0,0,26,93,18,97,89,0,0,0,36,62,62,25,57,0,0,7,23,26,49,24,1,0,0,28,79,24,33,12,0,0,9,38,57,46,7,2,0,0,9,83,74
0,2,31,78,23,11,5,2,38,68,24,9,3,2,2,35,115,103,0,0,0,0,1,67,41,21,0,0,0,4,12,54,9,1,4,18,14,64,46,12,132,102,2,3,4,14,5,24,76,98,0,0,0,5,40,22,12,4,0,0,5,32,85,21,9,8,120,25,3,11,9,6,123,31,90,4,0,3,16,71,20,4,38,6,0,25,131,37,0,0,8,3,4,24,112,14,0,1,132,45,0,2,3,0,3,13,132,51,3,17,6,2,0,1,132,67,16,46,13,2,0,0,22,32,20,27,10,3
149,149,123,5,1,0,0,18,149,14,0,0,0,0,0,66,58,2,0,45,13,0,0,8,0,0,0,149,75,0,0,0,33,28,64,19,71,14,4,15,149,11,0,0,4,1,1,52,107,8,1,3,0,0,0,7,1,2,1,115,42,0,0,0,32,14,3,3,39,20,24,16,149,38,2,1,3,0,0,12,110,3,0,0,0,0,0,12,3,0,0,13,22,0,0,0,32,35,10,1,0,0,5,12,149,26,2,0,0,0,0,26,90,4,0,0,0,0,0,13,1,0,0,2,1,0,3,2
22,11,1,2,7,16,34,20,87,12,4,0,0,0,1,127,133,0,0,0,0,0,0,133,14,0,0,0,0,0,2,22,66,34,1,0,0,1,7,42,94,23,7,0,0,3,4,36,133,10,0,0,0,0,0,73,59,4,0,0,0,0,0,22,17,0,2,5,6,2,28,133,107,30,0,0,0,1,22,133,133,86,0,0,0,0,0,37,64,17,0,0,0,0,0,2,2,0,2,31,50,9,22,33,103,9,0,1,0,0,14,133,133,13,0,0,0,0,0,133,44,3,0,0,0,0,0,34
35,4,0,0,0,0,0,8,141,46,0,0,0,0,0,9,141,60,0,0,0,0,0,6,6,2,0,0,0,0,1,1,42,8,3,0,0,0,0,17,141,130,0,0,0,0,0,20,135,94,0,0,0,0,0,3,1,0,0,0,0,0,0,1,68,29,12,20,10,0,0,8,141,12,3,14,10,0,0,130,139,6,0,0,0,0,0,67,1,0,1,0,0,0,0,0,55,2,0,7,18,8,13,42,126,0,0,6,25,11,10,136,132,0,0,0,0,0,3,141,5,0,1,0,0,0,16,13
1,20,18,3,37,69,7,1,7,39,34,24,2,8,24,8,51,139,5,3,0,1,20,17,54,139,2,0,0,0,2,4,27,79,50,7,14,10,1,13,43,61,57,59,44,5,1,5,139,139,6,5,2,0,3,53,61,139,0,0,0,0,44,50,46,18,10,1,2,2,1,33,40,26,21,17,24,5,2,15,139,29,7,1,1,0,17,126,49,9,0,0,0,0,111,130,23,30,36,3,0,0,0,26,14,65,47,0,0,0,0,2,22,57,63,1,0,0,1,15,112,47,17,1,0,0,2,17
76,24,8,0,0,0,0,12,176,13,0,0,0,0,0,35,100,16,9,1,0,0,0,17,15,20,13,0,0,0,0,3,78,30,5,0,0,0,0,10,176,58,0,0,0,0,0,33,130,63,4,0,0,0,0,9,8,19,2,0,0,0,0,1,65,51,0,0,0,0,0,5,176,45,0,0,0,0,0,44,146,15,0,0,0,0,0,39,4,2,0,0,0,0,3,10,55,86,0,0,0,0,0,0,176,176,0,0,0,0,0,1,62,62,2,0,0,0,0,5,2,7,2,0,0,0,0,1
42,2,0,0,0,0,0,8,98,65,0,0,0,0,1,10,11,153,22,0,0,0,3,1,0,153,49,0,0,0,0,0,41,1,0,0,0,0,0,8,153,153,0,0,0,0,0,20,67,153,2,0,0,0,0,2,0,45,5,0,0,0,0,0,14,0,0,0,0,0,0,3,153,15,0,0,0,0,0,103,153,24,0,0,0,0,0,60,1,1,0,1,1,0,0,0,0,0,0,0,0,0,0,0,132,0,0,0,0,0,0,51,153,0,0,0,0,0,0,95,6,0,0,0,1,0,0,3
27,228,94,0,0,0,0,0,1,62,47,0,0,0,0,0,6,9,3,0,0,0,0,3,2,1,2,0,0,0,0,1,15,33,1,0,0,0,0,0,1,0,0,0,1,2,0,0,13,1,0,0,0,0,0,3,3,0,0,0,3,51,1,1,3,3,1,6,1,0,0,3,0,1,1,4,1,0,0,0,5,3,0,0,6,49,2,1,0,0,0,0,15,229,6,0,8,0,1,2,0,0,0,118,1,0,1,4,8,19,1,2,0,0,0,0,65,229,2,0,0,0,1,5,100,229,0,0
5,4,1,4,6,0,0,0,108,55,0,0,0,0,0,1,99,102,20,31,5,0,0,2,1,3,10,72,15,1,4,72,11,12,0,0,7,4,1,0,124,59,3,0,0,0,0,13,124,39,18,24,0,0,0,55,19,6,51,124,1,0,0,10,43,86,0,0,0,1,2,1,54,124,84,0,0,0,0,1,116,114,87,1,0,0,0,27,70,79,44,30,0,0,0,10,124,32,0,0,0,0,0,16,124,80,29,0,0,0,0,76,39,99,76,1,0,0,0,13,13,87,10,0,1,5,0,0
18,98,18,18,26,4,0,0,29,89,36,17,12,19,23,10,11,10,25,42,30,18,19,25,66,7,9,10,1,0,9,137,14,57,18,14,30,6,1,1,23,8,2,10,78,76,75,20,137,23,12,16,14,23,34,33,137,42,13,36,23,0,0,14,11,17,13,15,64,10,1,3,18,26,29,34,137,13,2,3,137,60,18,11,16,10,25,18,137,114,1,9,37,16,11,13,20,1,0,1,45,24,5,21,2,17,18,6,39,28,10,3,31,23,29,4,3,29,63,14,137,137,4,0,1,5,16,35
76,19,0,0,0,0,0,1,120,20,0,0,0,0,0,0,115,9,0,0,0,0,0,0,99,16,0,0,0,0,0,0,99,2,0,0,0,0,0,10,123,9,0,0,0,0,0,11,123,29,0,0,0,0,0,1,123,27,0,0,0,0,0,0,97,0,0,0,0,0,0,5,123,1,0,0,0,0,0,14,123,3,0,0,0,0,0,12,123,2,0,0,0,0,0,6,39,0,0,0,0,0,123,68,87,0,0,0,0,0,123,99,81,2,0,0,0,0,123,72,68,0,0,0,0,0,123,57
7,0,0,0,0,0,0,0,14,0,0,0,0,0,0,0,23,1,0,0,0,0,0,0,23,2,0,0,0,0,0,0,145,7,0,0,0,0,0,13,145,12,0,0,0,0,0,16,145,15,0,0,0,0,0,4,145,14,0,0,0,0,0,2,145,21,0,0,0,0,0,3,145,16,0,0,0,0,0,13,145,10,0,0,0,0,0,17,145,24,0,0,0,0,0,1,145,22,0,0,0,0,0,0,145,40,0,0,0,0,0,1,145,13,0,0,0,0,0,10,145,7,0,0,0,0,0,7
165,10,0,0,0,0,0,2,165,15,0,0,0,0,0,4,165,8,0,0,0,0,0,10,153,0,0,0,0,0,0,44,165,28,0,0,0,0,0,1,165,13,0,0,0,0,0,19,165,6,0,0,0,0,0,23,165,6,0,0,0,0,0,18,52,9,0,0,0,0,0,0,95,8,0,0,0,0,0,1,141,11,0,0,0,0,0,3,96,14,0,0,0,0,0,0,0,0,0,0,0,0,0,0,0,0,0,0,0,0,0,0,0,0,0,0,0,0,0,0,0,0,0,0,0,0,0,0
5,0,0,12,54,127,111,7,72,1,0,1,5,40,120,76,43,5,3,47,36,36,95,32,13,6,1,21,18,10,58,13,4,1,1,37,127,37,1,3,66,5,3,7,29,3,13,100,127,37,28,52,25,0,3,73,7,64,127,61,26,4,4,1,4,1,0,1,55,110,17,2,64,81,34,3,14,8,3,11,127,115,30,3,0,1,3,42,73,111,70,4,1,38,49,34,3,0,0,0,3,16,10,2,28,26,7,0,0,2,0,3,44,13,6,0,0,1,1,21,11,0,0,0,2,25,13,14
93,7,0,0,0,0,0,1,131,8,0,0,0,0,0,5,131,1,0,0,0,0,0,9,131,0,0,0,0,0,0,6,122,11,0,0,0,0,0,1,131,20,0,0,0,0,0,0,131,4,0,0,0,0,0,11,131,0,0,0,0,0,0,11,131,7,0,0,0,0,0,3,131,9,0,0,0,0,0,6,131,0,0,0,0,0,0,18,131,0,0,0,0,0,0,9,113,7,0,0,0,0,0,1,131,3,0,0,0,0,0,7,131,0,0,0,0,0,0,10,131,0,0,0,0,0,0,6
0,0,0,0,0,0,153,58,65,0,0,0,0,0,69,150,47,0,0,0,0,11,13,37,0,0,0,0,5,81,14,1,27,2,0,0,0,0,137,55,153,14,0,0,0,0,39,150,112,1,0,0,5,31,11,33,0,0,0,0,57,75,1,0,49,42,23,19,2,0,1,2,153,86,0,0,0,0,0,8,96,4,0,0,9,33,10,14,0,0,0,0,61,74,4,0,37,21,12,14,5,2,13,11,153,26,0,0,0,0,4,52,33,0,0,0,5,34,28,23,0,0,0,0,67,58,8,0
33,0,0,0,0,0,0,11,139,1,0,0,0,0,1,47,139,1,0,0,0,8,31,89,139,4,0,0,0,3,4,21,61,3,0,0,0,0,0,2,139,3,0,0,0,0,0,16,139,4,0,0,0,0,0,13,139,1,0,0,0,0,0,13,66,8,0,0,0,0,0,0,139,21,0,0,0,0,0,2,139,16,0,0,0,0,0,4,139,1,0,0,0,0,0,8,63,3,0,0,0,0,0,6,139,18,0,0,0,0,0,0,139,15,0,0,0,0,0,3,139,1,0,0,0,0,0,9
1,16,30,7,16,98,6,0,62,31,32,15,1,8,4,3,43,30,89,99,0,0,0,0,33,45,69,40,0,0,0,0,17,98,94,61,10,2,0,0,88,34,52,119,33,0,0,4,119,55,76,63,2,0,0,21,10,28,119,89,20,2,0,1,41,45,57,73,13,0,0,0,27,19,50,119,35,0,0,1,119,42,31,31,7,3,3,35,27,9,20,23,76,20,4,12,2,29,83,71,9,0,0,0,0,4,79,105,14,0,0,0,26,55,101,19,1,1,1,13,5,67,62,2,6,4,2,6
24,11,0,0,1,10,1,1,65,57,19,0,0,0,0,24,122,33,13,0,0,0,0,92,69,9,20,9,0,0,0,19,50,68,0,0,0,1,0,0,122,122,42,0,0,0,0,5,88,122,102,0,0,0,0,7,68,36,32,8,0,0,0,19,70,31,31,2,0,0,0,10,122,35,4,0,0,0,0,106,122,69,35,2,0,1,3,92,17,19,44,41,20,35,9,11,6,31,121,9,0,0,0,1,68,19,88,17,0,0,0,43,119,4,9,2,0,4,22,122,7,0,0,0,5,81,54,30
1,2,6,11,26,14,52,34,112,15,4,0,0,0,73,144,89,27,30,27,9,27,87,74,0,6,105,28,10,37,133,16,1,8,34,38,45,3,0,0,144,46,27,0,0,0,0,23,144,67,53,18,1,1,0,44,33,71,144,18,2,6,1,1,2,5,8,3,26,18,11,18,144,23,8,0,0,0,5,33,144,37,0,0,0,2,17,76,90,89,19,0,0,6,17,24,0,0,0,1,9,3,8,11,24,0,0,0,0,0,3,18,38,0,0,0,0,0,4,28,10,2,0,0,0,0,3,6
54,1,0,0,0,0,8,32,149,20,1,0,0,0,0,93,84,30,7,0,0,0,0,32,53,6,0,0,0,0,0,70,67,2,0,2,0,0,0,15,149,60,0,0,0,0,0,41,138,61,0,0,0,0,0,11,18,12,0,0,0,0,0,14,36,3,20,34,2,0,0,13,149,23,4,1,0,0,0,81,149,17,0,0,0,0,0,28,4,21,1,0,0,0,0,1,4,9,149,64,6,0,0,0,149,65,51,27,10,4,25,37,85,7,0,0,0,0,121,85,11,10,0,0,0,0,68,61
23,0,0,0,0,0,6,70,29,4,1,0,0,0,61,129,48,17,7,0,0,0,106,129,122,7,0,0,0,0,11,129,20,0,0,0,0,2,21,46,129,83,19,0,0,0,17,47,61,129,86,0,0,0,21,19,129,40,5,0,0,0,1,88,52,3,0,0,0,1,7,20,129,32,1,0,0,0,0,69,107,42,10,0,0,0,0,27,88,8,1,0,0,0,0,82,43,2,1,7,2,0,0,6,129,58,0,0,0,0,0,14,77,47,0,0,0,0,0,3,23,8,0,0,0,0,0,18
0,0,9,26,79,50,61,66,0,0,8,33,53,126,78,0,2,0,3,39,47,126,71,19,45,1,4,5,10,30,20,126,0,0,0,0,39,52,115,126,5,1,1,9,126,126,91,25,69,26,29,25,18,62,60,20,28,6,22,52,60,11,7,97,4,2,15,3,2,6,51,93,16,7,13,47,51,20,25,63,102,28,18,32,21,8,16,32,18,2,2,21,126,28,18,18,2,4,39,7,0,0,1,2,13,9,16,3,0,1,6,18,4,0,1,14,21,18,22,12,0,0,0,5,51,50,19,3
40,48,10,0,0,0,0,13,7,15,13,12,3,2,2,13,0,1,4,27,8,17,19,1,0,0,4,5,1,9,39,6,108,36,27,16,11,0,0,36,13,6,18,42,78,16,24,33,65,21,50,57,7,5,16,45,8,12,118,92,0,1,5,0,78,5,12,73,12,5,22,72,20,46,28,32,78,25,35,27,125,125,68,13,5,1,1,13,102,65,125,122,0,0,0,1,5,8,40,125,3,0,6,6,68,125,44,44,0,1,11,23,44,125,47,0,0,0,14,47,81,41,18,5,0,4,48,48
0,0,0,0,0,1,2,0,4,3,0,0,11,20,16,2,8,25,48,43,22,8,1,1,24,4,17,53,3,0,0,10,0,0,0,0,0,0,6,0,76,8,0,0,0,4,33,16,158,108,86,83,1,0,1,9,15,12,52,158,18,0,0,6,1,0,0,0,0,0,6,3,126,13,0,0,0,3,13,14,158,18,5,17,0,0,5,147,37,5,32,158,10,0,9,85,12,2,0,0,0,0,0,1,81,25,0,0,0,0,0,8,59,4,0,0,0,0,22,158,2,0,4,11,0,0,49,158
18,40,144,54,2,0,0,0,144,143,98,2,0,0,0,27,144,10,0,8,1,0,0,53,14,0,0,124,39,0,0,2,28,36,144,31,2,1,4,35,66,69,126,19,29,7,3,13,144,11,0,0,1,0,0,32,41,2,1,42,11,0,0,2,24,4,0,0,1,3,25,72,54,14,0,1,21,16,25,22,144,18,0,0,1,0,0,8,49,0,0,2,2,0,0,3,27,10,0,1,0,0,9,20,57,41,1,0,0,0,2,8,144,29,0,0,0,0,0,6,36,1,0,0,0,0,1,5
52,14,0,0,0,0,8,37,139,34,0,0,0,0,0,19,140,18,0,0,0,0,0,20,18,0,0,0,1,2,1,6,44,0,1,6,21,6,9,114,140,65,0,0,0,0,0,93,140,91,0,0,0,0,0,4,14,7,0,0,5,2,0,0,51,35,0,9,39,19,2,27,140,92,0,0,0,0,0,81,140,22,0,0,0,0,0,29,6,1,0,0,17,15,0,3,43,113,16,57,22,1,0,0,139,140,0,0,0,0,0,0,104,29,0,0,0,0,0,14,5,0,0,0,43,61,1,4
18,0,0,0,0,0,1,9,172,0,0,0,0,0,1,89,105,1,0,0,0,1,0,18,1,0,0,0,24,28,1,0,15,11,3,2,1,1,1,6,172,82,3,1,1,1,2,66,172,15,0,1,10,2,0,14,0,0,0,1,78,26,0,0,26,10,1,0,1,0,0,5,172,53,0,0,0,0,0,61,172,15,0,6,9,0,0,17,0,0,0,37,80,7,0,0,33,10,0,0,0,0,0,1,172,41,0,0,0,0,0,21,148,14,0,2,0,0,0,5,0,0,0,38,31,0,0,0
1,0,0,0,0,112,124,2,124,25,0,0,0,49,101,41,124,68,0,0,0,1,5,12,7,10,1,0,0,1,1,3,30,22,7,0,7,67,81,6,124,89,2,0,0,6,23,43,124,38,0,0,0,17,62,28,18,1,0,0,0,13,31,26,27,65,26,8,9,2,1,7,124,25,11,5,0,0,23,124,59,3,0,0,0,10,124,124,108,9,0,0,0,2,20,46,23,14,2,4,3,0,2,24,44,46,1,1,0,0,2,19,63,65,1,0,0,0,8,38,115,11,0,0,0,0,0,45
65,3,2,0,0,6,51,114,21,1,0,0,0,34,111,81,71,0,0,0,0,1,7,114,13,0,0,5,1,0,0,34,40,11,4,2,0,0,11,39,94,45,0,0,0,0,21,42,107,19,0,0,0,0,11,112,88,0,0,0,0,0,0,56,53,16,0,0,0,2,38,44,51,16,1,0,0,12,71,41,94,12,3,0,0,7,89,114,114,3,0,0,0,0,0,64,10,0,0,0,8,31,114,114,69,20,20,1,1,7,35,114,73,114,66,1,0,3,8,27,103,53,2,0,0,0,0,18
114,22,16,1,0,0,13,55,13,29,53,1,1,0,0,0,79,75,23,2,2,0,0,12,88,69,16,0,0,0,1,72,114,114,13,2,1,0,1,15,47,37,82,1,0,0,0,22,37,67,99,10,0,0,0,8,62,114,11,0,0,0,0,42,18,106,50,98,26,1,1,10,107,92,36,16,6,0,1,44,37,114,62,4,0,0,0,3,22,114,11,0,0,0,0,0,8,36,82,88,4,0,0,0,8,114,114,18,0,0,0,0,3,100,57,0,0,0,0,0,3,30,5,0,1,8,0,0
33,19,1,1,0,0,3,18,56,44,0,0,0,0,13,34,105,9,0,0,0,0,2,60,23,1,0,7,8,0,0,10,34,15,0,0,0,4,49,116,37,20,14,2,0,6,70,59,135,24,3,0,0,0,17,64,45,2,0,0,0,0,0,3,121,3,1,0,1,8,31,135,133,76,81,3,0,2,6,112,113,120,37,0,0,0,1,18,32,5,0,0,0,0,0,4,53,0,0,0,0,2,17,135,121,7,3,0,0,0,1,135,65,11,2,0,0,0,0,129,21,1,0,0,0,0,1,7
140,81,0,0,0,0,18,34,31,20,0,0,0,7,53,22,19,2,0,0,7,3,6,12,0,0,0,0,166,13,0,0,69,21,2,0,0,0,34,94,132,19,0,0,0,0,51,61,54,19,0,1,13,3,2,7,1,0,0,2,166,29,0,0,30,73,6,0,0,0,7,28,166,47,4,0,0,0,1,25,65,8,0,2,15,0,0,8,1,0,0,11,166,12,0,0,41,25,23,8,0,1,21,45,131,74,2,0,0,0,2,20,23,15,0,0,10,0,0,1,0,0,0,17,166,2,0,0
7,3,0,0,0,0,161,31,0,0,0,0,0,2,161,29,0,0,0,0,0,11,161,8,0,0,0,0,0,0,161,32,12,0,0,0,0,0,120,25,52,10,2,3,5,3,132,37,2,2,1,9,56,38,152,3,0,0,0,0,8,18,161,18,35,4,0,0,0,0,4,13,124,4,0,3,12,1,0,10,8,1,0,23,129,12,0,0,1,0,0,4,32,15,7,1,25,9,1,0,0,0,0,1,106,5,0,1,7,0,0,1,10,0,0,14,112,1,0,0,2,1,1,11,39,0,0,0
37,0,0,0,3,1,1,10,116,3,0,0,8,0,0,12,9,0,0,0,103,7,0,1,0,0,0,1,27,10,1,0,30,16,8,1,1,0,0,3,132,15,0,0,8,1,0,20,13,1,0,7,127,5,0,3,0,0,3,12,38,5,0,0,7,17,159,25,0,0,0,0,55,36,159,5,2,2,2,8,5,2,125,40,54,11,2,3,0,0,106,27,13,0,0,0,0,0,159,41,0,0,0,0,0,6,159,15,0,0,0,0,0,0,159,43,0,0,0,0,0,0,159,39,6,2,0,0
0,0,0,0,119,82,0,0,43,52,0,0,119,97,0,0,44,56,3,1,0,1,0,0,0,1,5,6,0,0,0,0,3,0,0,0,119,119,1,1,119,40,1,0,73,60,3,14,34,26,15,5,0,0,5,7,0,0,11,11,0,0,2,0,15,4,0,0,119,119,0,1,119,15,0,0,21,34,32,32,16,1,3,1,0,15,92,76,0,0,4,4,0,47,103,12,7,3,0,0,98,111,24,6,21,5,0,0,2,50,104,18,0,0,0,0,0,39,119,77,0,0,0,0,0,98,86,9
73,1,0,0,0,0,0,1,96,3,0,0,0,0,0,3,91,1,0,0,0,0,0,5,67,3,0,0,0,0,0,1,95,5,0,0,0,0,0,1,123,10,0,0,0,0,0,1,107,8,0,0,0,0,0,3,89,3,0,0,0,0,0,3,85,1,0,0,0,0,1,13,114,1,0,0,0,0,4,22,95,3,0,0,0,0,10,22,78,3,0,0,0,0,17,17,20,2,17,0,0,2,182,39,21,3,40,0,0,8,182,45,14,4,59,0,0,8,182,45,8,2,68,1,0,19,182,28
0,0,0,0,0,0,0,0,0,0,0,0,0,0,0,1,5,14,13,0,0,0,0,1,0,11,69,27,0,0,0,0,3,2,2,1,2,0,0,1,35,5,6,10,13,3,3,32,139,139,33,0,0,0,0,40,34,118,139,139,33,0,0,5,7,27,33,5,1,0,0,2,37,28,42,32,10,6,2,10,139,55,8,3,1,2,0,139,96,29,12,73,72,2,6,139,4,4,8,0,0,2,7,18,3,2,2,2,13,20,7,6,85,0,0,0,3,5,7,135,139,0,0,11,12,0,0,139
56,9,5,3,0,7,59,89,162,3,0,0,5,8,10,162,18,1,1,41,133,18,3,22,0,8,48,53,64,13,8,2,33,61,45,5,1,5,17,19,162,71,7,3,1,1,1,94,94,21,4,71,87,0,0,9,0,1,1,82,136,11,17,1,17,12,28,20,29,32,12,7,162,14,1,2,1,4,5,49,106,5,0,35,74,0,0,4,0,0,0,58,109,0,0,0,1,0,0,1,5,2,0,0,18,0,0,0,0,0,0,0,4,0,0,0,1,0,0,0,0,0,0,0,1,0,0,0
57,0,0,0,0,8,10,49,75,0,0,0,0,0,14,114,52,0,1,0,0,0,11,122,57,12,18,3,0,0,0,20,52,0,0,0,0,1,40,80,25,3,0,0,0,9,96,120,122,7,0,0,0,0,39,122,122,4,0,0,0,0,0,37,19,32,39,0,0,0,28,72,50,114,6,0,0,7,33,34,122,66,0,0,0,0,4,48,122,0,0,0,0,0,0,73,3,49,117,1,0,0,0,1,16,103,58,1,0,0,0,10,58,31,22,2,0,0,0,39,116,3,2,1,0,0,0,106
2,0,0,0,0,0,0,0,4,3,0,0,0,0,0,0,6,1,1,0,0,0,0,2,7,0,0,0,0,0,0,3,84,66,1,2,0,0,0,0,121,110,19,0,0,0,0,11,108,37,45,6,0,0,0,45,121,1,0,0,0,0,0,89,113,46,0,0,0,0,12,66,121,48,3,0,0,0,21,121,121,61,64,11,0,0,0,40,121,16,24,2,0,0,0,88,43,29,11,7,0,0,5,37,121,110,0,0,0,0,25,72,112,78,29,3,0,4,115,50,53,9,20,4,1,12,53,54
48,19,2,2,0,0,0,0,121,48,2,0,0,0,1,20,55,36,32,3,0,0,0,35,85,7,8,1,0,0,0,103,65,13,0,0,0,2,6,39,116,17,0,0,0,0,56,121,121,44,15,1,0,0,11,110,53,48,52,3,0,7,11,27,17,9,35,18,0,0,3,22,121,49,4,0,0,0,20,58,121,51,1,0,0,5,118,85,33,19,8,2,0,32,121,39,1,4,84,98,1,0,0,0,41,18,18,44,6,1,22,25,73,32,0,1,0,2,103,58,66,97,0,0,0,2,38,30
0,8,20,18,13,10,2,0,42,130,10,1,0,1,1,0,79,132,68,0,0,0,0,2,101,90,33,4,0,0,0,2,0,22,132,17,0,0,0,0,117,73,132,23,0,0,0,3,132,116,38,2,0,1,5,35,32,49,44,18,12,30,22,11,0,35,132,29,3,4,2,0,18,13,132,89,7,6,1,1,132,22,42,23,0,3,27,78,11,0,0,1,3,54,90,31,0,7,17,7,5,43,54,0,0,0,10,17,9,43,35,13,2,2,13,14,4,4,18,21,0,0,0,1,2,4,16,7
0,0,0,0,36,64,72,1,14,7,7,5,132,52,22,6,74,23,12,2,13,3,1,10,6,25,9,8,12,4,3,2,17,0,0,0,1,114,132,17,132,65,40,5,22,29,62,36,29,74,123,39,3,0,0,0,0,38,26,22,24,2,0,0,46,43,3,0,0,18,28,7,132,51,8,0,0,0,1,43,101,22,29,67,26,0,0,9,0,13,35,41,39,8,0,0,26,132,31,0,0,0,0,0,125,132,73,0,0,0,0,2,79,60,39,26,5,0,0,0,1,30,115,25,5,0,0,0
53,0,0,0,0,1,8,37,148,24,1,0,0,0,0,59,103,40,3,0,0,0,0,19,79,3,0,0,0,0,0,98,76,1,0,7,2,0,0,13,148,31,0,0,0,0,0,32,148,40,0,0,0,0,0,7,41,8,0,0,0,0,0,39,40,9,43,39,4,0,0,7,148,26,9,1,0,0,0,48,148,11,0,0,0,0,3,32,15,22,0,0,0,0,1,8,2,7,148,66,9,0,0,0,108,37,46,27,17,4,21,40,51,1,0,0,0,0,122,115,7,5,0,0,0,2,89,79
3,4,1,5,53,15,3,0,127,67,9,6,23,6,4,2,58,74,93,2,0,0,0,0,0,10,81,11,0,0,0,0,15,3,0,2,24,59,12,4,127,96,1,2,6,5,3,13,77,53,19,19,0,0,0,6,0,38,31,13,0,0,0,0,27,1,0,1,34,27,6,13,127,17,0,0,0,0,1,127,117,65,17,8,0,0,0,86,5,127,52,3,0,3,12,1,11,37,3,1,15,11,0,2,96,127,3,0,0,0,0,35,127,127,2,0,2,28,10,25,6,36,4,0,6,127,90,1
0,6,66,7,0,0,0,0,2,16,109,23,4,1,0,0,76,129,22,2,0,0,0,0,59,89,0,0,0,1,0,0,0,7,58,26,6,0,0,0,14,5,59,43,80,13,0,3,129,72,7,2,9,6,1,12,56,65,4,7,4,4,0,4,0,0,3,37,37,0,0,0,19,2,9,59,129,3,0,2,129,17,10,9,16,1,0,67,85,30,15,27,10,6,4,46,1,0,0,3,25,10,5,2,62,74,129,49,53,7,6,13,61,43,129,129,2,0,0,52,46,10,87,66,8,6,24,129
30,25,0,1,1,0,0,0,2,8,12,9,9,18,2,0,14,54,60,1,2,15,3,0,126,95,36,0,0,0,0,4,50,12,4,6,1,1,0,23,26,16,16,30,12,10,14,25,129,116,80,1,0,0,2,50,55,129,99,0,0,8,27,24,33,7,51,32,1,1,9,82,47,27,23,36,17,15,25,32,129,69,2,2,0,3,23,50,41,6,0,0,13,129,105,38,5,4,129,119,0,0,11,21,20,19,129,53,1,7,13,8,39,20,82,38,17,22,27,20,0,0,0,8,51,76,28,2
3,2,0,0,4,59,95,23,43,4,1,5,13,35,76,35,144,15,19,75,24,1,4,43,5,0,2,114,99,0,0,1,12,25,7,8,8,19,14,9,79,17,5,12,37,36,14,24,144,11,0,11,53,8,2,48,21,0,0,31,144,20,0,2,3,2,0,0,1,38,33,5,107,12,0,0,14,73,17,15,144,35,0,0,24,82,46,46,9,0,0,0,139,144,23,1,0,5,7,0,0,22,29,0,42,21,11,0,0,12,9,19,46,4,2,3,5,70,69,48,0,0,0,2,10,95,21,0
9,0,0,0,6,117,65,29,106,9,0,0,0,4,23,103,53,31,2,0,0,0,0,34,73,42,0,0,0,0,0,7,60,0,0,0,0,51,42,31,162,53,8,0,0,0,2,38,75,93,79,2,0,0,0,15,66,99,8,0,0,0,0,3,70,8,3,3,1,2,7,33,162,14,1,0,0,0,0,85,162,61,30,0,0,0,0,20,16,46,6,0,0,0,0,0,45,12,2,2,2,0,0,2,162,5,0,0,0,0,0,52,162,10,0,0,0,0,0,32,12,5,0,0,0,0,0,3
0,0,0,0,0,0,0,0,0,0,0,0,0,0,0,0,0,0,0,0,0,0,0,0,0,0,0,0,0,0,0,0,20,12,16,1,0,0,0,0,172,20,12,2,0,0,0,4,35,11,159,40,0,0,0,0,0,0,172,172,10,0,0,0,29,26,78,1,0,6,28,5,172,27,13,0,0,0,7,43,131,7,54,9,0,0,0,10,0,0,45,113,69,1,0,0,27,1,3,0,0,15,68,17,172,1,0,0,0,0,11,47,134,1,0,1,0,0,0,5,0,0,0,5,67,27,0,0
0,0,0,0,0,0,0,0,0,0,0,0,0,0,0,0,0,0,0,0,0,0,0,0,0,0,0,0,0,0,0,0,0,3,20,3,0,0,0,0,75,22,17,0,0,0,0,2,199,25,22,4,0,0,0,8,18,10,178,41,0,0,0,0,0,16,128,3,0,5,17,0,118,52,96,1,0,6,27,12,199,26,9,0,0,0,2,54,78,6,48,6,0,0,0,7,0,1,11,0,0,31,105,0,84,1,5,0,0,17,97,42,199,0,0,0,0,0,6,67,87,1,0,1,0,0,0,5
0,1,0,0,77,94,0,0,12,30,0,0,122,122,0,0,30,80,2,0,5,9,0,0,1,7,6,7,0,0,0,0,1,0,0,0,122,122,0,1,90,35,0,0,59,97,1,15,36,44,9,4,0,0,2,9,0,0,7,12,0,0,1,0,10,0,0,0,122,122,5,4,95,2,0,0,10,27,48,60,14,1,1,1,0,9,102,84,0,0,1,3,0,18,120,15,1,0,0,0,44,122,48,6,4,0,0,0,0,14,122,30,0,0,0,0,0,26,122,60,0,0,0,0,0,47,122,15
0,0,0,0,0,0,0,0,72,27,0,0,0,0,0,3,164,44,0,2,27,0,0,2,23,4,0,17,164,11,0,0,0,0,0,0,0,0,0,0,127,8,0,0,0,0,0,6,164,37,1,3,44,2,0,2,21,3,1,17,164,15,0,0,0,0,0,0,0,0,0,0,117,4,0,0,0,0,0,25,164,13,1,3,27,26,37,120,9,1,0,16,164,117,24,11,0,0,0,0,0,0,0,0,10,0,0,0,0,0,2,26,19,0,0,0,0,18,47,94,0,0,0,0,31,84,28,5
10,2,1,4,4,2,1,4,167,32,0,0,0,0,0,31,167,125,44,0,0,0,1,28,17,38,98,47,5,1,16,18,6,9,3,3,5,2,1,3,167,27,4,1,0,0,0,94,167,61,0,0,1,2,0,156,43,9,2,6,16,18,0,8,5,8,1,0,0,0,0,0,155,38,2,2,2,1,0,10,167,115,0,0,3,2,0,15,27,8,0,0,17,19,0,1,0,0,0,0,0,0,0,0,15,3,0,0,0,0,0,0,58,13,0,0,1,1,0,0,2,0,0,0,6,8,0,0
161,9,0,0,0,0,0,107,184,22,0,0,0,0,0,184,72,5,0,1,19,10,1,35,0,0,2,5,18,11,0,0,94,11,4,2,1,0,0,61,184,17,0,0,0,0,0,134,174,11,0,0,19,8,0,18,0,0,0,0,24,16,0,0,49,2,0,0,2,0,0,1,184,6,0,0,0,0,0,7,116,3,0,0,17,7,0,2,0,0,0,0,22,13,0,0,0,0,0,0,0,0,0,0,0,0,0,0,0,0,0,0,0,0,0,0,0,0,0,0,0,0,0,0,1,1,0,0
17,15,6,0,0,0,3,8,61,47,41,9,0,0,21,31,145,80,3,0,0,6,8,48,41,2,0,0,34,111,8,13,14,2,10,21,0,0,5,23,94,21,13,4,0,0,32,89,145,27,0,0,4,11,8,114,18,0,0,5,91,105,9,13,0,3,59,81,15,3,0,0,98,68,46,18,8,5,4,11,145,145,2,4,15,1,0,19,12,8,1,18,134,10,1,2,0,1,5,13,17,5,0,0,71,24,1,2,8,7,3,3,130,66,1,2,21,1,0,0,1,2,0,3,114,9,0,0
38,79,1,0,0,14,11,3,131,131,6,0,0,0,0,22,121,85,40,16,0,0,0,7,4,67,94,11,0,0,0,2,109,130,58,0,0,0,0,0,131,131,20,0,0,1,2,20,42,108,28,4,6,31,23,9,7,15,6,0,0,11,90,23,34,42,131,26,2,0,0,1,131,38,37,5,0,4,28,87,14,3,2,1,3,83,108,35,0,0,0,0,0,23,92,8,0,1,38,23,11,40,19,1,6,5,18,6,2,7,24,14,0,0,0,0,1,10,36,8,0,0,0,0,0,0,19,12
117,10,1,3,7,4,1,31,56,49,16,0,0,0,0,21,40,122,4,0,0,16,16,1,12,31,0,0,0,50,64,4,64,5,0,0,14,8,2,96,122,41,1,0,5,13,2,114,42,35,0,0,60,122,79,7,35,0,0,0,6,96,122,109,57,24,3,3,10,1,3,23,122,27,0,0,14,26,35,122,11,1,2,39,122,122,26,22,47,5,7,28,26,18,29,71,6,3,8,4,1,1,11,23,24,28,6,2,2,7,22,105,11,34,18,39,58,18,13,28,3,3,2,27,51,4,2,3
55,2,4,5,42,37,18,55,6,11,79,51,42,19,4,1,1,4,54,45,21,6,6,2,5,0,3,10,8,2,3,9,26,3,3,3,3,5,34,95,122,35,72,38,8,1,7,85,14,8,72,122,120,0,0,1,14,2,37,74,20,0,0,10,19,43,73,102,7,3,12,21,122,122,21,20,16,1,4,50,37,16,27,115,104,12,0,0,1,0,37,122,37,5,0,0,12,66,67,58,0,0,0,1,36,122,32,10,40,3,0,0,2,9,1,3,122,35,1,0,0,0,0,19,39,58,2,0
18,44,44,8,6,3,16,35,16,36,97,111,1,0,2,31,0,24,118,73,3,0,0,1,1,2,72,70,8,1,3,3,22,7,14,6,3,14,76,85,118,17,19,35,4,0,16,118,23,4,27,96,61,3,0,5,0,0,10,31,74,11,0,0,33,75,118,16,1,2,2,5,118,111,68,8,1,0,0,14,59,11,2,110,80,0,0,0,0,0,0,37,118,23,0,0,46,35,24,2,0,0,0,12,96,34,15,0,0,0,0,7,47,10,0,45,57,0,0,0,0,0,2,86,118,24,0,0
17,2,0,0,0,0,7,37,4,28,19,0,0,0,0,1,0,98,68,0,0,0,0,0,0,123,99,0,0,0,0,0,120,5,0,0,0,0,3,71,106,123,30,0,0,0,0,29,18,123,105,0,0,0,0,1,0,72,48,0,1,24,2,0,103,59,6,0,0,0,0,58,123,80,6,0,0,0,0,90,107,30,5,0,10,20,0,12,0,1,0,0,19,119,5,0,90,116,5,0,0,0,0,0,123,75,5,0,0,0,0,6,77,6,0,0,29,60,2,7,0,0,0,3,39,78,6,2
6,6,2,1,4,23,94,15,148,17,10,23,11,6,24,45,45,8,9,129,148,3,0,1,82,1,0,11,37,1,0,22,23,10,2,1,6,40,27,8,148,29,0,2,19,30,12,29,80,5,0,13,148,134,10,6,25,0,0,1,60,30,36,40,36,10,5,0,0,31,37,11,148,15,1,0,4,69,86,97,13,0,0,0,52,148,85,12,0,0,0,0,9,65,62,3,7,32,19,0,0,0,1,1,7,10,10,4,6,15,16,11,0,0,0,0,9,33,10,0,0,0,0,0,0,4,1,0
1,0,0,0,0,0,0,2,9,14,14,14,14,14,3,4,12,23,15,38,20,15,0,0,19,54,5,0,1,0,0,0,38,10,0,0,0,0,0,6,140,137,47,51,3,0,0,12,34,40,52,140,43,0,0,2,33,28,8,26,12,3,1,6,59,57,2,0,0,0,0,3,140,45,6,15,2,0,0,140,52,7,10,140,41,1,12,122,8,41,36,140,14,2,4,6,5,85,78,11,0,0,0,0,26,10,27,37,2,0,3,97,10,0,1,26,7,4,97,140,1,3,8,49,22,34,84,22
2,0,0,0,2,90,80,41,0,0,0,0,21,69,28,11,5,13,4,1,6,47,15,2,59,58,4,0,0,2,5,10,40,1,1,2,7,53,98,134,16,0,0,0,9,101,134,86,102,22,0,0,1,15,41,66,78,60,0,0,0,0,0,7,22,6,13,45,18,4,26,51,102,12,0,1,2,21,93,52,134,116,13,0,0,1,8,23,60,110,22,0,0,0,0,1,0,2,6,48,68,1,0,0,134,32,1,3,8,0,1,4,134,80,6,0,0,0,0,0,27,66,15,0,0,0,0,0
0,0,0,0,3,0,0,0,0,0,1,0,0,0,0,0,1,2,1,0,0,0,0,0,2,7,3,2,0,0,0,0,0,0,0,41,74,17,0,0,4,5,21,4,10,3,0,4,59,50,32,3,0,0,1,3,124,145,47,40,17,0,0,2,0,0,0,152,152,5,0,0,5,3,3,19,17,3,5,21,136,10,4,0,1,4,12,37,152,26,4,9,66,2,1,32,0,0,23,152,152,5,0,0,0,1,90,95,29,1,0,0,96,18,70,17,10,6,3,17,152,25,10,2,51,3,1,27
12,6,0,0,0,0,0,0,152,111,0,0,4,1,0,1,76,36,2,1,152,76,3,0,4,3,1,2,117,53,48,24,49,9,0,0,0,0,0,3,152,89,1,0,23,14,6,31,46,17,1,2,152,128,6,7,1,4,8,14,110,21,0,0,28,1,0,0,0,0,0,16,122,5,0,0,6,42,53,134,7,0,0,0,109,152,51,21,0,0,2,4,23,29,21,8,0,0,0,0,0,0,0,0,0,0,0,0,0,2,3,2,0,0,0,0,2,17,3,0,0,0,0,0,0,2,6,3
0,0,0,0,0,0,0,0,1,3,3,1,0,0,0,0,0,0,4,13,0,0,0,0,0,0,0,2,0,0,0,0,30,22,19,0,0,0,0,0,150,143,48,26,3,0,0,6,11,28,59,150,93,0,0,1,0,0,0,26,25,0,0,0,42,10,10,0,0,2,8,23,150,35,7,9,13,1,1,115,67,7,8,112,150,1,1,22,0,0,0,27,91,0,0,0,12,2,5,4,8,5,5,16,150,6,2,1,4,2,2,118,99,1,0,47,150,2,1,37,0,0,4,32,110,2,0,0
0,0,0,0,0,0,1,2,0,0,2,0,0,0,42,56,18,34,17,0,0,0,10,34,14,81,46,0,0,2,5,3,0,2,0,0,0,0,10,14,24,10,5,0,0,0,138,138,138,20,0,0,0,2,47,138,44,15,1,0,0,75,78,29,15,9,3,3,0,0,0,8,125,80,20,0,0,0,7,51,138,101,1,0,0,33,16,51,17,0,0,0,28,138,36,8,4,2,15,50,6,0,0,6,138,68,8,7,1,0,0,24,138,36,0,0,26,44,8,16,0,0,0,9,52,122,6,0
0,0,0,0,0,0,0,0,24,0,0,0,0,0,0,22,49,0,0,1,0,0,0,47,2,0,2,13,3,0,0,1,12,18,9,5,8,0,0,0,103,35,35,15,0,0,0,63,137,64,6,0,0,0,0,137,30,33,57,16,0,0,0,4,31,91,34,13,16,1,0,0,41,137,108,8,0,0,2,5,132,137,38,0,0,1,32,26,36,46,27,3,0,0,50,56,3,127,105,2,1,10,1,0,17,117,17,0,0,34,65,10,6,19,2,0,0,33,137,18,1,0,0,0,0,19,137,93
42,7,0,0,0,0,0,5,40,37,59,26,28,6,1,8,13,27,129,129,12,0,0,4,5,17,129,129,2,0,0,1,42,20,0,0,0,0,0,1,128,23,4,0,0,0,0,34,110,23,33,83,9,0,0,42,1,3,75,122,101,17,0,0,27,33,0,0,0,0,0,0,111,34,0,0,0,0,0,3,129,43,4,19,10,0,0,6,10,7,3,129,129,3,0,0,21,24,0,0,0,0,0,0,75,21,0,0,0,0,0,4,129,5,0,2,3,0,1,52,13,0,0,49,105,5,4,13
18,0,0,2,14,8,116,154,39,4,0,4,31,31,130,154,8,3,0,3,60,38,18,7,0,0,0,0,19,23,0,0,78,18,10,51,62,2,12,101,154,91,5,6,2,0,34,111,50,37,10,45,63,10,4,7,0,0,0,1,13,6,0,0,54,23,59,154,27,0,0,2,154,43,20,11,1,0,0,75,55,5,1,18,17,0,0,24,0,0,0,0,0,0,0,0,2,6,56,130,30,7,0,0,34,22,42,13,0,0,0,6,3,0,0,0,0,0,0,1,0,0,0,0,0,0,0,0
0,1,0,0,1,72,113,5,18,0,0,0,0,28,113,93,16,0,0,0,4,19,103,86,1,0,6,7,60,113,49,13,9,1,0,0,28,91,54,3,113,13,0,0,0,22,27,48,45,18,0,0,12,40,48,29,23,72,113,25,34,37,21,2,47,7,0,0,8,60,21,6,113,18,0,0,1,10,8,19,113,37,0,0,5,36,22,19,113,113,41,1,0,0,1,3,46,21,13,1,0,6,2,3,91,10,2,1,1,2,0,11,113,87,4,1,2,5,2,19,113,91,4,0,3,59,56,20
11,9,7,0,0,32,32,2,109,67,0,0,0,3,6,4,77,34,0,0,0,10,15,14,66,44,0,0,1,21,27,9,11,27,68,12,1,0,1,0,137,66,7,2,0,0,0,6,53,43,12,6,4,7,2,3,126,137,12,0,1,5,3,3,4,5,25,54,19,0,0,0,104,35,58,17,7,0,0,31,110,37,40,4,0,0,0,21,137,94,6,0,1,24,28,51,23,15,9,10,6,1,4,23,94,118,137,9,1,0,9,83,22,49,137,21,2,11,32,20,36,30,77,22,40,67,17,12
34,0,0,11,35,9,25,87,12,32,59,25,30,6,18,26,13,29,114,90,0,0,0,13,2,2,109,61,0,0,0,4,1,3,4,32,10,2,35,49,35,17,25,4,1,5,80,110,114,31,40,48,4,0,8,114,8,3,58,87,41,1,0,0,3,39,32,114,26,0,1,1,34,114,114,8,0,1,4,7,114,114,51,14,7,0,0,13,17,11,2,70,108,4,0,0,3,17,25,80,29,0,0,0,59,56,23,5,1,0,0,3,95,63,7,3,3,0,0,0,12,7,0,51,114,4,0,0
60,63,74,28,0,1,1,3,107,73,8,0,0,0,0,54,106,1,3,14,2,0,0,68,8,0,13,67,106,16,0,4,8,15,110,119,7,0,0,0,45,17,45,48,2,0,0,35,119,13,3,3,7,4,0,53,21,0,0,0,119,66,0,4,0,0,61,83,2,0,13,24,8,19,119,105,0,0,0,2,86,82,34,20,25,8,0,4,9,3,0,0,119,78,0,1,0,0,6,7,0,0,75,119,0,3,21,21,0,0,49,91,1,19,17,11,44,5,9,13,0,0,0,8,119,14,0,0
0,0,0,0,0,0,0,0,0,0,0,0,0,0,9,55,13,11,12,3,0,0,5,57,4,36,62,4,0,0,0,0,2,3,0,0,0,0,0,4,46,17,0,0,0,0,23,135,135,22,1,0,0,0,10,135,62,42,18,0,0,9,49,28,19,11,2,15,0,0,0,1,135,135,0,0,0,0,0,21,135,118,0,0,0,19,28,40,25,0,0,0,0,132,135,17,10,31,7,37,12,0,0,0,135,135,3,2,1,1,0,1,72,36,0,0,15,79,27,9,0,0,0,0,15,135,32,0
0,0,0,0,0,0,28,39,39,11,3,0,0,0,49,130,43,53,20,0,0,21,32,36,0,9,28,4,2,95,66,0,34,13,0,0,0,0,16,38,130,43,0,0,0,3,28,130,79,3,0,0,10,130,71,49,0,0,0,0,10,130,130,17,58,26,13,25,2,0,0,4,130,71,1,0,9,15,7,13,27,3,0,2,88,130,12,6,4,0,0,1,67,104,22,32,19,25,3,11,2,0,0,0,62,74,0,3,27,8,0,0,1,2,0,3,118,64,0,0,2,0,0,1,86,51,3,10
1,0,0,0,0,2,141,141,10,0,1,1,0,0,141,141,2,0,6,25,1,0,128,125,0,1,48,23,0,0,46,42,51,0,0,0,4,3,24,68,141,19,0,0,0,0,33,141,45,21,7,9,1,0,92,112,0,0,0,6,2,1,141,121,52,2,0,0,0,1,0,4,141,15,0,0,0,0,0,22,82,10,3,10,10,5,0,4,0,0,0,13,25,7,14,7,2,0,0,0,0,0,0,0,35,5,0,0,0,0,0,0,13,1,0,0,4,4,0,0,0,0,0,0,12,10,0,0
18,100,82,0,0,0,1,0,145,123,23,1,13,2,0,1,56,4,5,55,145,14,0,2,25,31,54,41,66,2,1,28,9,38,52,0,0,4,12,2,145,34,14,3,15,5,3,7,50,14,20,68,145,8,0,1,3,140,99,33,26,2,0,0,14,0,0,0,0,4,34,8,145,2,0,4,4,4,10,35,55,16,27,57,40,47,29,5,1,67,23,7,8,78,93,1,6,0,0,0,0,1,10,3,106,0,0,0,0,5,4,22,15,0,0,0,1,66,31,5,0,0,0,0,0,50,64,0
0,0,0,0,0,0,0,0,1,0,0,0,0,1,0,1,23,34,0,0,0,0,0,2,12,79,4,2,0,0,1,1,0,17,8,4,5,2,0,0,26,6,4,25,82,57,6,14,130,80,1,2,8,19,10,42,63,88,5,0,1,75,48,29,5,85,33,16,10,2,0,0,24,26,24,130,130,33,2,3,130,29,6,19,17,33,63,103,34,0,0,0,12,130,98,67,11,23,2,1,12,25,64,28,1,2,1,10,130,130,26,6,5,0,0,3,22,50,130,70,5,0,0,0,5,20,89,84
0,0,0,0,0,0,0,0,2,10,0,0,0,0,0,0,12,32,1,12,4,0,0,0,1,2,4,83,34,0,0,0,13,0,0,1,22,18,3,10,123,92,0,0,3,10,4,32,47,109,3,8,7,47,38,32,5,3,2,93,112,7,16,33,26,17,15,83,80,19,2,7,123,21,4,16,15,38,36,93,42,3,0,0,16,123,95,94,62,0,0,32,104,9,23,123,4,9,6,31,93,62,10,2,19,2,2,7,27,48,119,60,9,0,0,0,12,40,111,76,49,0,0,9,19,3,26,123
35,70,7,8,48,28,6,3,77,122,26,0,0,4,23,9,8,47,65,0,2,5,27,19,3,10,9,4,87,17,0,5,53,32,2,3,7,14,31,100,56,31,0,0,0,40,122,77,122,8,0,0,8,20,75,80,21,1,0,1,103,93,8,7,33,0,0,0,1,5,18,122,82,13,0,1,0,17,35,91,122,49,0,0,46,48,4,22,13,1,0,0,122,122,28,0,12,0,0,0,0,0,0,12,41,1,0,0,0,0,10,39,89,7,0,0,47,38,1,23,0,0,0,1,122,72,1,0
0,0,0,0,0,0,0,0,0,0,0,0,0,0,0,0,0,0,0,0,0,0,0,0,0,0,0,1,0,0,0,0,24,0,0,0,0,0,0,10,153,4,3,16,12,0,0,23,23,2,26,124,103,0,0,0,0,0,45,100,13,0,0,0,58,38,4,0,0,0,0,13,153,102,5,15,26,0,0,27,79,12,16,146,153,1,0,1,5,65,80,90,31,1,0,1,7,42,10,0,0,0,0,1,153,119,11,5,7,0,0,10,59,22,43,114,77,0,0,1,0,84,91,40,50,18,1,0
4,38,24,0,0,0,0,0,140,140,37,1,17,0,0,0,68,47,26,68,140,7,0,0,1,57,99,84,54,4,0,0,21,7,5,0,0,0,1,14,140,70,7,8,9,2,2,26,51,35,75,109,71,29,22,2,0,45,121,41,114,124,19,0,16,0,0,0,0,0,0,9,140,2,0,0,0,8,4,26,22,2,4,8,3,96,67,6,0,1,3,3,57,140,57,0,0,0,0,0,0,0,0,0,0,0,0,0,0,0,0,0,0,0,0,0,0,0,0,0,0,0,0,0,0,0,0,0
0,0,0,1,0,0,0,1,0,5,35,36,1,0,0,2,0,5,18,4,0,0,0,0,0,0,0,0,0,0,0,0,40,21,37,6,0,0,0,50,126,110,126,36,1,1,0,64,18,67,112,10,21,22,1,3,0,0,0,0,1,5,0,0,24,117,126,53,4,0,0,4,126,79,84,64,38,9,29,120,34,8,7,3,37,96,35,71,0,0,0,0,5,18,0,0,15,126,126,104,35,3,0,6,19,30,31,126,126,7,7,28,23,2,2,9,4,5,7,27,0,0,0,0,0,0,0,0
