19,7,16,10,4,9,35,58,97,0,0,0,17,32,18,40,152,0,0,0,0,0,0,82,15,0,0,0,0,0,0,4,5,14,132,145,1,1,4,3,91,9,72,119,3,12,13,25,152,19,10,4,0,0,0,65,41,0,0,0,0,0,0,4,30,17,67,71,0,1,5,11,19,26,152,152,0,1,8,7,152,106,82,22,0,0,0,20,34,1,0,0,0,0,0,19,15,1,0,5,4,3,7,12,1,2,11,10,13,8,36,39,28,14,11,1,0,0,16,75,29,7,0,0,0,0,0,15
115,0,2,3,2,7,19,119,40,2,0,0,10,47,47,92,74,22,0,0,0,3,4,35,24,7,0,0,0,1,7,18,80,25,4,26,41,23,35,119,119,35,0,0,0,1,28,119,119,5,0,0,0,3,4,103,20,11,3,1,0,4,12,27,96,97,42,119,45,5,2,6,119,119,26,1,0,0,0,5,119,60,8,0,0,1,3,13,20,20,5,1,1,3,14,32,47,38,12,93,45,0,7,19,67,119,41,7,2,1,2,3,18,32,19,3,14,23,10,4,33,5,2,1,9,23,22,38
0,1,48,130,82,7,1,1,4,6,130,101,4,1,1,5,0,46,130,84,0,0,0,0,0,26,130,82,0,0,0,0,4,0,1,7,130,66,9,10,114,14,33,24,21,24,14,66,29,49,97,50,1,0,0,5,47,57,115,13,0,0,0,17,7,5,11,69,130,26,0,2,130,56,26,34,26,7,1,19,81,19,47,44,1,0,0,8,49,27,45,14,0,0,1,16,0,6,29,44,23,2,0,0,42,40,69,26,0,0,0,6,39,10,15,5,0,0,14,43,13,7,16,8,2,0,8,17
25,34,8,0,0,1,11,45,16,35,21,1,0,10,22,14,49,52,2,0,0,0,2,22,50,25,0,0,0,0,0,14,19,72,10,0,0,0,0,0,26,48,19,0,0,0,0,0,67,25,1,0,0,0,0,13,66,11,0,0,0,0,0,22,15,37,11,6,1,1,5,0,15,16,3,0,0,2,21,4,43,1,0,0,0,0,21,25,49,0,0,0,0,9,50,32,2,2,4,13,35,145,209,1,1,0,0,0,0,27,209,30,2,0,0,0,0,45,209,29,3,0,0,0,0,110,209,14
0,0,0,0,6,36,99,10,37,2,0,0,35,142,29,14,148,42,7,3,8,25,2,43,12,25,69,17,38,76,0,2,2,9,10,5,45,28,10,5,42,6,0,4,86,79,10,21,148,33,16,4,4,12,8,104,48,20,80,52,8,4,7,27,0,1,5,20,79,23,0,0,58,49,7,23,111,47,2,6,148,118,2,1,2,4,2,57,55,21,3,12,6,6,30,48,0,2,13,67,66,7,0,0,50,22,4,46,45,14,0,6,148,51,1,0,0,0,0,17,45,27,22,8,6,1,0,0
19,9,2,14,54,34,1,2,155,100,0,1,7,5,0,1,106,52,8,0,0,0,0,0,0,1,16,4,0,0,0,0,23,21,16,63,38,3,0,0,155,103,7,7,1,0,0,6,128,38,22,1,0,0,0,1,0,0,40,3,0,0,0,0,14,4,24,34,32,6,1,5,155,15,2,5,8,1,1,97,155,9,9,0,0,0,0,51,1,3,23,3,0,0,0,0,3,0,7,19,51,35,0,0,121,0,0,4,10,12,12,141,129,0,0,0,0,0,0,155,10,7,4,1,0,0,0,15
7,19,66,17,1,0,0,0,9,17,35,11,12,16,7,9,83,52,8,2,1,5,6,34,26,11,0,0,0,0,0,1,1,7,24,4,8,27,63,8,23,0,7,7,76,144,34,29,144,4,0,0,4,33,21,100,51,0,0,0,0,0,0,4,0,0,0,0,23,101,53,7,92,31,0,0,63,144,16,8,144,92,0,0,1,13,3,12,45,6,0,0,0,0,0,0,1,8,0,0,19,116,46,8,87,144,1,0,28,58,1,0,144,144,0,0,0,0,0,0,11,4,0,0,0,0,0,0
96,9,6,17,2,0,21,122,122,20,11,13,0,0,3,100,94,6,1,0,0,0,3,68,3,3,15,23,9,12,5,2,122,12,1,0,0,0,0,88,122,32,0,0,0,0,3,87,97,24,0,0,0,6,65,82,17,16,2,1,3,27,81,17,122,122,44,3,0,0,0,5,122,117,7,2,0,0,4,16,26,86,6,1,0,10,40,14,36,81,0,0,0,4,26,8,35,65,67,32,5,1,3,23,85,58,6,4,1,0,6,74,28,92,12,8,12,9,3,3,26,25,6,5,7,15,21,8
21,8,75,49,15,2,27,28,55,61,25,23,2,1,95,101,77,39,1,0,3,12,39,60,5,5,35,10,32,68,3,2,11,7,76,39,18,34,108,70,108,98,29,38,15,25,32,33,61,98,22,9,6,6,22,35,11,62,66,10,7,7,10,10,34,66,26,8,37,9,49,43,95,40,46,6,0,4,51,88,26,25,35,6,0,1,106,108,41,15,3,1,1,2,34,87,32,42,17,1,9,19,63,71,44,19,36,6,0,8,98,84,49,35,83,7,0,0,7,64,62,28,14,1,0,5,12,25
38,6,11,5,15,108,38,25,94,14,7,54,47,18,24,106,65,21,36,59,78,10,8,47,89,89,30,5,0,0,0,36,42,36,72,72,2,9,7,38,64,108,45,23,8,5,12,48,30,88,108,25,23,9,7,14,63,69,49,3,0,1,11,30,82,62,11,36,10,0,0,76,108,44,17,51,20,1,1,57,99,26,68,29,7,2,1,26,8,10,40,56,16,12,32,10,100,108,11,18,4,0,0,5,58,47,44,64,14,0,0,5,89,42,18,3,0,1,1,16,3,1,8,46,34,37,7,6
51,64,14,1,5,7,0,0,127,57,0,0,0,0,0,64,93,18,3,8,24,23,5,72,2,3,3,26,58,44,6,1,68,64,5,0,0,0,0,7,127,127,8,0,0,0,0,34,74,127,16,32,10,3,4,36,2,18,34,111,17,4,1,3,73,4,0,0,0,0,5,71,127,29,0,0,0,0,5,85,49,18,1,4,0,4,48,104,11,2,16,47,3,1,5,65,67,0,0,6,0,0,4,72,127,8,0,0,0,1,24,92,18,0,0,0,0,16,97,46,11,0,0,1,1,22,127,68
40,18,2,0,9,27,36,91,85,49,1,0,0,0,42,130,6,3,0,0,0,0,99,56,0,0,0,0,0,2,52,21,21,7,5,8,11,30,44,46,130,22,3,2,3,7,32,130,52,9,6,0,0,15,76,77,5,0,0,4,7,16,60,53,12,96,39,11,3,0,0,0,130,130,17,4,13,29,5,7,57,23,13,3,27,103,68,50,78,18,4,5,2,2,17,72,7,130,37,0,0,0,0,0,20,108,28,10,21,11,0,0,10,103,97,9,22,15,1,2,31,64,30,10,12,5,4,5
20,10,10,27,24,32,18,17,126,14,3,2,3,3,8,126,52,0,0,0,0,0,0,27,0,0,0,0,0,2,3,0,73,33,7,24,22,9,21,33,126,94,9,14,12,2,12,97,100,12,0,0,0,17,51,42,0,0,0,0,0,26,68,3,34,92,23,21,50,30,3,5,56,17,1,5,23,35,120,126,37,3,0,0,1,29,126,126,11,4,1,0,3,34,81,36,0,5,6,3,29,126,15,0,4,6,5,6,18,56,28,12,125,30,10,6,7,6,16,126,53,14,3,4,46,38,18,38
1,9,98,126,7,12,21,8,16,60,84,18,12,31,6,11,40,87,25,7,9,21,18,17,13,127,89,12,10,1,0,0,7,0,3,7,3,21,114,41,100,80,77,10,8,24,17,30,40,127,127,7,3,4,1,3,11,115,11,0,0,0,0,0,22,20,13,9,8,9,23,29,127,88,8,0,1,3,10,81,63,35,18,0,0,0,4,98,2,4,0,0,0,0,1,12,7,81,92,13,4,5,3,0,58,127,18,2,0,8,31,25,47,5,2,1,0,0,8,82,5,0,0,0,0,0,13,54
32,16,2,3,2,3,34,59,42,18,7,4,7,7,14,66,3,6,6,12,34,22,7,4,12,26,18,7,5,7,12,16,5,7,39,123,15,6,70,68,123,50,27,16,3,4,43,123,26,4,4,51,40,23,9,14,21,13,14,54,40,63,91,56,1,10,123,123,8,0,0,0,52,63,90,71,1,2,22,24,12,2,8,46,13,7,73,56,35,40,39,101,28,28,30,14,0,0,115,123,0,0,0,0,0,0,93,123,0,0,1,0,0,0,66,123,0,1,14,8,27,36,20,18,0,7,11,3
20,0,0,10,95,6,0,5,150,4,0,1,29,1,0,43,142,16,2,7,5,0,0,20,21,27,47,40,23,4,0,4,28,5,1,10,138,14,0,0,150,27,0,1,41,3,0,12,150,13,0,0,0,2,6,51,40,7,14,2,0,0,2,42,19,49,17,32,106,18,0,0,150,134,20,3,13,2,0,17,99,23,9,7,12,10,13,55,22,6,5,3,1,1,41,93,13,85,28,30,28,2,0,0,51,144,32,1,0,0,0,0,47,55,20,9,8,1,0,1,9,17,15,22,24,1,10,7
0,0,0,114,95,49,33,0,16,26,12,114,114,25,8,8,33,98,58,8,2,3,6,9,14,37,114,10,1,2,5,13,5,20,29,22,43,114,114,15,24,16,15,64,114,79,27,28,114,60,12,5,4,3,2,66,23,39,50,10,3,0,0,1,5,36,100,47,13,11,12,18,6,25,76,114,29,4,11,4,102,113,49,24,2,0,6,13,34,24,6,2,4,6,35,9,37,16,5,18,14,24,25,44,11,8,17,39,16,17,60,36,12,16,14,27,16,9,18,12,1,0,0,12,27,52,104,4
31,65,6,3,1,2,9,21,0,3,10,59,13,31,25,3,22,20,17,38,11,13,17,9,23,4,0,7,19,22,39,39,8,1,0,0,3,23,40,74,5,1,0,0,36,118,101,18,118,11,0,8,7,31,70,89,52,21,26,73,34,8,3,12,10,1,3,5,6,32,100,89,26,62,35,8,61,93,49,11,118,78,36,22,13,10,29,65,48,5,11,19,23,7,27,82,25,14,5,60,49,20,24,8,118,118,51,14,2,6,14,9,21,64,118,118,14,4,13,15,39,46,99,41,8,2,11,41
0,0,0,1,42,53,25,6,45,19,3,7,49,44,25,40,63,9,9,8,2,6,51,77,8,3,9,43,42,5,19,24,6,1,5,5,18,54,70,26,125,106,34,11,19,24,14,20,41,82,125,67,5,8,27,22,24,71,124,17,1,0,8,21,10,4,39,125,23,10,6,4,125,42,28,24,4,4,3,47,125,34,86,7,0,0,0,22,0,15,83,4,0,0,0,0,0,1,86,125,8,0,0,0,99,75,95,53,2,0,0,5,119,36,1,0,0,0,0,6,2,1,2,1,0,0,0,0
2,3,17,15,7,28,50,23,103,25,2,5,12,39,22,34,133,81,92,16,0,0,0,25,8,57,133,12,0,0,0,3,0,1,66,133,13,2,0,0,121,24,78,93,10,4,1,25,133,34,14,1,0,0,0,83,41,11,20,0,0,0,0,8,0,0,61,133,9,0,0,0,14,26,133,118,2,0,0,0,133,97,46,16,1,0,0,7,55,7,0,0,0,0,0,3,0,0,16,31,0,0,0,0,0,1,37,50,46,0,0,0,85,8,5,14,31,0,0,12,43,3,0,0,0,0,0,4
7,6,15,11,14,123,67,24,104,24,16,10,9,68,10,30,144,39,0,0,0,0,0,47,50,9,0,0,0,0,0,2,3,58,72,50,10,5,7,1,72,15,26,82,66,7,6,43,144,33,1,2,3,1,3,103,54,6,0,0,0,0,0,5,0,8,26,47,30,10,1,0,30,93,33,97,75,9,1,4,144,144,17,9,2,0,0,14,38,15,0,0,0,0,0,1,14,23,0,5,13,72,61,5,48,144,5,3,6,19,7,2,31,144,2,0,0,0,0,0,2,5,0,0,0,1,0,0
135,21,0,0,1,37,29,48,64,18,0,0,0,13,82,22,5,0,0,1,2,49,106,7,6,3,0,8,20,44,51,8,135,0,0,0,0,7,21,119,109,28,9,15,2,11,42,42,21,10,20,79,18,23,23,11,19,8,4,20,19,4,18,39,135,1,0,0,0,0,0,120,135,40,3,6,3,1,0,47,27,13,41,60,47,17,0,3,5,70,57,14,15,4,2,6,135,3,1,2,1,0,0,122,135,42,2,1,0,0,0,111,19,16,47,17,2,0,0,7,0,25,45,1,0,0,0,0
0,0,0,16,70,1,0,0,95,5,0,51,142,0,0,19,142,32,15,1,5,0,0,51,11,11,24,4,2,0,0,1,0,0,0,5,40,40,46,0,67,10,6,34,142,45,11,18,142,30,3,2,19,0,0,82,36,1,0,1,1,0,0,9,0,48,104,0,2,54,103,0,13,122,142,12,43,44,21,0,120,142,75,2,4,0,0,5,24,10,0,0,0,0,0,2,0,50,115,0,0,0,0,0,0,42,89,0,0,0,0,0,0,24,25,0,0,0,0,0,1,3,1,0,0,0,0,0
0,0,0,0,10,5,0,0,9,0,0,0,111,106,35,16,132,7,0,0,9,16,36,110,47,1,0,0,0,0,0,18,0,0,0,0,31,2,0,0,36,1,0,0,164,37,2,9,164,18,0,0,24,5,1,24,87,6,0,0,0,0,0,1,0,0,0,0,40,5,0,0,50,3,0,0,164,40,2,3,164,26,0,0,20,3,1,8,78,4,0,0,0,0,0,3,0,0,0,0,45,3,0,0,56,3,1,2,164,29,2,3,164,10,0,0,9,3,25,30,37,0,0,0,0,1,64,26
0,4,101,30,43,0,0,0,27,4,22,48,163,1,1,1,163,6,2,4,29,0,1,8,24,0,0,0,0,0,0,0,0,0,0,10,83,0,0,0,28,2,2,28,163,2,0,1,163,10,2,5,38,0,0,8,33,0,0,0,0,0,0,0,0,0,0,3,78,0,0,0,19,2,2,47,163,2,0,0,163,14,2,14,40,0,0,8,39,0,0,0,0,0,0,1,0,0,0,14,35,0,0,0,5,7,31,110,138,1,0,0,113,92,44,25,15,0,0,0,19,9,0,0,0,0,0,0
12,12,2,4,2,2,73,70,31,16,0,0,0,0,56,67,5,0,0,0,0,0,19,25,0,0,0,0,0,1,1,2,3,0,127,57,1,0,69,70,12,0,25,54,23,1,135,135,109,5,0,1,2,0,71,135,21,1,0,0,0,0,0,11,6,1,80,46,35,5,0,6,60,21,18,77,135,29,7,12,135,92,0,2,16,1,3,33,38,9,0,0,0,0,0,1,20,5,0,0,69,23,0,4,96,35,0,0,135,64,0,0,135,86,0,0,4,1,0,0,11,5,0,0,0,0,0,0
11,19,3,28,38,1,0,0,71,4,0,84,126,2,0,19,127,20,18,5,5,0,0,42,17,37,18,1,0,0,0,1,0,7,2,5,12,84,83,0,42,15,7,24,110,127,41,19,127,36,4,1,11,12,1,85,35,9,3,0,0,0,0,7,0,77,104,0,0,80,108,0,10,127,127,0,1,58,32,1,98,127,66,0,0,3,0,6,20,11,0,0,0,0,0,2,0,87,118,0,0,0,0,0,0,56,83,0,0,0,0,0,0,23,20,0,0,0,0,0,0,2,0,0,0,0,0,0
0,0,0,0,14,46,52,1,0,0,2,0,0,10,123,3,0,0,6,0,0,1,121,11,0,0,2,0,0,0,84,10,3,0,0,0,84,123,59,18,80,21,29,2,1,17,73,75,18,20,136,6,1,1,33,5,1,4,134,8,0,0,30,4,47,9,0,0,136,136,24,16,136,59,3,0,1,11,18,56,86,29,47,0,0,0,0,1,0,2,62,3,0,0,0,0,85,14,0,0,63,86,2,11,136,53,0,0,0,0,20,63,42,7,0,0,0,0,62,38,0,0,1,0,0,0,37,10
213,213,0,0,84,61,0,0,65,48,0,0,0,0,0,4,29,4,0,0,0,0,1,18,6,0,0,0,0,0,8,16,213,213,0,0,5,4,0,5,24,9,0,0,0,4,14,16,13,2,0,0,0,0,13,36,19,1,0,0,0,0,4,24,186,104,0,0,0,0,1,23,14,1,0,0,0,4,9,25,37,9,0,0,0,0,2,18,23,5,0,0,0,0,1,10,43,20,0,1,1,0,0,7,4,0,1,1,1,0,6,22,8,0,0,0,0,0,9,48,5,0,0,0,0,0,13,33
3,207,207,0,0,25,66,0,4,207,207,0,0,2,4,0,1,137,207,0,0,0,0,0,2,62,70,0,0,0,0,0,15,33,25,1,0,0,0,1,20,20,7,0,0,0,5,9,28,16,9,0,0,0,1,9,11,30,11,0,0,0,0,0,24,8,0,1,1,1,0,2,22,31,12,0,0,0,0,1,25,23,12,0,0,0,0,2,28,14,0,0,0,0,0,2,21,8,1,0,0,0,0,1,43,18,2,0,0,0,0,2,7,23,10,0,0,0,0,0,8,21,3,0,0,0,0,0
43,92,116,2,0,0,0,0,113,126,43,0,0,0,0,1,75,117,91,0,0,0,0,2,12,122,49,0,0,1,0,0,80,56,42,0,0,0,0,37,92,64,34,0,0,0,0,6,126,26,4,0,0,0,0,14,33,21,6,1,5,1,0,1,126,13,0,0,0,0,0,104,111,34,15,4,1,0,0,10,126,5,2,1,0,0,0,15,48,8,7,1,0,0,0,2,107,126,1,0,0,0,0,6,64,48,4,10,13,0,0,1,126,8,0,2,4,0,0,9,62,42,26,0,0,0,0,0
52,41,0,0,0,0,7,60,117,9,0,0,0,0,1,86,41,4,0,0,0,0,14,101,16,4,0,0,0,0,26,97,65,25,0,0,0,1,22,117,79,18,0,0,0,0,3,117,117,20,0,0,0,0,1,111,53,49,0,0,0,0,0,8,117,113,0,0,0,0,0,17,88,111,4,0,0,0,0,15,117,54,0,0,0,0,0,49,85,29,0,0,0,0,0,66,83,9,0,0,0,0,1,117,111,35,0,0,0,0,1,69,37,15,0,0,0,9,21,53,13,0,0,0,0,2,23,117
112,67,3,0,0,0,0,2,123,42,10,0,0,0,0,30,78,92,22,0,0,0,0,11,51,108,14,4,1,0,0,0,40,123,36,0,0,0,0,0,113,47,34,0,0,0,0,24,123,49,5,0,0,0,0,39,114,50,4,1,0,0,0,16,78,96,53,2,0,0,0,1,31,64,123,24,3,0,0,1,123,57,13,1,0,0,0,10,120,22,0,0,0,0,0,20,123,26,5,2,1,0,0,22,40,10,16,33,39,0,0,7,123,30,2,4,6,0,0,8,74,97,7,0,0,0,0,2
85,12,3,3,0,0,1,56,108,2,2,6,1,0,0,86,121,33,5,0,0,0,0,60,40,72,19,0,0,0,0,3,132,77,2,7,1,0,0,22,81,17,5,39,14,0,0,44,132,27,0,1,0,0,0,102,85,18,1,0,0,0,0,19,132,28,1,2,0,0,0,45,62,31,14,32,7,0,0,10,132,82,4,1,0,0,0,30,80,56,11,0,0,0,0,8,132,20,0,0,0,0,0,38,68,30,7,0,0,0,0,13,132,14,4,0,0,0,1,75,132,40,5,0,0,0,0,64
125,35,0,0,0,0,0,35,49,36,9,0,0,0,16,32,116,35,2,0,0,0,2,17,48,59,36,2,0,0,0,2,125,0,0,0,0,0,1,107,77,6,1,0,0,4,38,83,125,18,0,0,0,0,4,65,125,15,3,3,2,0,0,44,125,18,24,4,0,0,0,57,125,47,4,0,0,0,0,55,125,94,1,0,0,0,0,13,120,20,0,0,0,0,0,31,33,13,35,43,20,0,0,13,125,5,0,3,3,0,0,76,125,11,0,0,0,0,0,32,100,12,0,0,0,0,0,27
194,41,1,2,1,0,0,0,44,3,0,0,0,0,0,0,5,2,0,0,0,0,0,0,2,1,0,0,0,0,0,0,194,42,0,0,1,1,0,6,37,5,0,0,0,0,0,0,4,0,0,0,0,0,1,4,2,0,0,0,0,0,3,2,194,47,0,0,0,0,0,3,26,1,0,0,0,0,0,1,3,1,0,0,0,0,0,1,2,0,0,0,0,0,1,1,194,17,0,0,1,0,65,70,9,0,0,0,0,0,180,14,1,0,0,0,0,4,186,2,0,0,0,0,0,11,153,1
2,1,0,0,0,5,19,6,1,0,0,0,0,0,9,12,2,0,1,0,0,0,3,6,5,4,7,3,26,19,4,8,4,3,0,0,0,2,9,5,25,5,0,0,0,0,3,13,10,1,0,0,0,0,1,4,7,3,0,0,176,113,2,4,10,7,0,0,0,0,0,4,12,5,0,0,0,0,3,9,2,0,0,0,2,2,10,12,0,0,0,0,230,230,3,2,8,0,0,0,0,0,2,15,1,0,0,0,0,0,6,16,1,0,0,0,18,20,6,8,1,0,0,0,230,230,1,1
44,4,12,27,0,0,0,28,70,93,6,0,0,0,0,9,7,145,8,0,0,0,0,0,6,138,2,0,0,0,0,0,37,4,24,145,21,0,0,3,145,111,3,13,5,0,0,10,61,145,2,0,0,0,0,2,2,25,0,0,0,0,0,0,28,1,1,51,116,4,0,14,145,7,0,13,41,0,0,65,145,10,0,0,0,0,0,29,2,0,0,0,0,0,0,0,27,3,0,1,62,30,8,28,145,62,0,1,34,7,0,17,141,23,0,0,0,0,0,10,1,0,0,0,0,0,0,0
0,0,0,0,0,139,96,1,36,0,0,0,5,93,140,66,13,3,8,9,65,52,15,17,10,28,39,9,11,16,12,3,14,4,3,11,7,140,116,4,140,32,0,3,3,46,67,62,84,11,7,19,26,17,7,13,11,24,13,2,2,5,5,1,27,10,16,34,65,38,7,8,140,26,0,2,3,6,12,78,71,23,0,0,3,22,36,42,22,60,0,0,0,3,2,1,14,48,28,51,110,14,2,5,118,108,19,2,1,2,2,34,123,41,0,0,0,0,1,17,26,28,0,0,0,0,0,6
9,14,62,81,0,1,2,1,166,127,51,14,0,0,0,21,166,19,0,0,0,0,0,13,1,0,0,0,0,0,0,0,32,2,1,0,0,7,18,13,166,60,1,0,0,0,0,15,153,29,0,0,0,0,0,1,1,0,0,0,0,0,0,0,61,0,0,0,6,6,15,26,166,3,0,0,0,0,0,51,152,1,0,0,0,0,0,26,1,0,0,0,0,0,0,0,61,8,1,4,7,1,4,11,166,0,0,0,0,0,0,45,155,0,0,0,0,0,0,33,1,0,0,0,0,0,0,1
0,0,0,1,8,11,20,4,100,9,0,0,0,2,12,15,165,59,0,0,0,0,0,2,31,9,0,0,0,0,0,0,9,3,1,4,41,15,10,7,165,17,0,1,2,1,3,14,165,7,0,0,0,0,0,15,40,0,0,0,0,0,0,2,6,3,1,3,7,4,57,27,165,15,0,1,0,0,10,64,165,7,0,0,0,0,0,47,43,0,0,0,0,0,0,10,5,17,52,6,0,0,43,42,33,15,53,3,0,0,16,140,95,1,10,5,0,0,23,165,10,0,0,0,0,0,30,147
23,42,37,18,56,135,34,20,135,102,16,1,1,11,18,88,120,14,7,2,0,3,5,47,17,39,30,4,1,6,15,18,17,135,80,59,47,4,0,0,91,135,26,0,0,7,9,21,135,11,2,0,0,0,1,28,44,17,11,0,1,4,3,11,14,38,38,62,32,14,1,3,87,19,0,1,9,28,10,11,135,37,0,0,0,0,0,5,42,9,4,10,10,4,1,4,25,0,2,13,46,87,29,44,133,32,0,0,9,27,9,13,135,43,0,0,0,0,0,6,31,23,7,7,0,0,0,7
140,1,0,1,2,10,17,94,24,8,0,5,12,53,31,18,59,60,0,0,0,5,3,2,37,36,1,2,1,0,0,0,140,12,0,0,0,3,23,140,140,43,0,0,0,9,28,76,77,92,0,0,0,0,0,10,35,32,2,1,0,0,0,2,140,140,12,0,0,0,0,36,140,67,0,0,0,0,0,39,83,16,1,0,0,0,2,50,31,11,0,0,0,6,23,33,13,140,72,0,0,0,0,0,82,129,8,0,0,0,2,8,26,34,15,3,2,0,1,15,2,1,2,5,15,22,23,12
3,124,124,31,1,0,0,0,88,124,60,0,0,0,0,1,105,83,10,0,0,0,0,17,30,51,14,0,0,0,1,9,12,49,92,31,4,12,44,23,86,121,55,2,0,0,11,41,45,28,37,11,16,12,10,29,21,7,1,0,2,24,98,75,28,78,40,17,4,12,46,21,124,124,23,2,2,5,14,37,14,4,18,41,65,45,13,5,17,3,1,28,28,69,53,24,70,98,29,2,0,0,0,9,27,97,42,0,0,0,0,8,3,8,56,86,30,2,0,0,3,4,36,99,43,12,12,8
125,85,18,0,0,0,0,32,125,54,0,0,0,0,9,42,50,49,0,0,0,2,51,42,21,17,8,26,15,5,7,8,88,125,116,30,0,0,0,25,125,120,4,4,0,0,0,57,43,94,12,15,9,6,10,13,62,18,6,6,2,1,5,16,14,24,125,125,7,0,0,14,125,97,91,50,0,0,0,53,59,47,44,27,4,1,0,4,27,29,14,2,0,13,9,1,0,6,65,80,3,0,0,0,6,59,125,19,7,7,0,0,3,20,24,7,12,32,8,0,0,2,3,1,12,45,7,0
0,0,0,0,0,23,21,8,0,1,2,3,4,24,60,4,3,1,3,7,9,50,52,5,9,2,2,1,8,17,15,12,1,0,0,0,0,108,67,15,9,0,0,0,0,135,135,11,131,24,0,0,0,52,135,51,41,26,1,13,33,20,7,13,0,0,0,0,0,135,86,1,96,13,0,0,0,135,113,20,135,30,0,0,0,5,20,54,19,2,0,11,9,2,22,73,4,28,9,0,0,95,47,3,100,87,11,0,0,12,8,6,135,23,0,0,0,0,10,41,2,0,0,0,0,0,27,58
8,2,4,61,66,0,0,3,135,7,3,9,6,0,0,101,135,11,3,0,0,0,0,89,25,44,8,0,0,0,0,5,0,8,101,135,14,0,0,0,119,26,106,109,1,0,0,23,135,26,10,3,0,0,0,79,71,21,1,0,0,0,0,13,3,62,64,29,0,0,0,0,14,45,135,135,0,0,0,0,135,73,65,47,0,0,0,10,64,14,0,0,1,9,9,17,11,55,15,1,0,4,5,2,4,26,24,27,3,12,37,16,35,21,28,43,2,0,5,19,18,6,1,1,8,13,6,8
0,0,0,2,1,21,76,79,0,0,0,0,0,98,117,4,1,0,0,0,0,32,117,70,2,1,3,5,5,67,117,30,0,0,0,7,30,65,88,13,12,0,0,0,0,85,117,9,89,44,5,1,7,23,68,32,12,16,13,15,41,101,29,14,0,0,0,18,107,60,17,0,67,1,0,3,12,44,44,14,117,21,0,0,42,27,9,49,41,7,3,20,117,117,15,19,0,0,3,103,82,1,0,0,40,22,25,30,28,4,1,7,81,40,24,9,18,7,8,50,12,15,24,68,81,13,8,8
132,28,10,13,22,17,23,121,136,115,18,8,5,3,4,16,28,31,57,16,24,12,1,0,0,5,8,26,62,24,18,0,136,73,2,0,0,0,0,28,136,60,2,0,0,0,2,29,38,10,2,42,44,17,11,9,0,0,1,92,57,26,24,0,133,136,15,0,0,0,0,4,107,62,7,0,0,0,24,84,20,26,3,9,14,26,52,49,0,0,1,34,55,78,13,2,71,92,27,2,1,0,0,6,16,78,35,3,4,3,5,15,21,44,7,17,18,2,1,10,0,1,3,70,72,35,4,3
0,16,13,17,94,83,7,1,4,47,83,24,17,23,10,4,26,28,37,12,7,16,10,10,4,6,22,97,46,36,2,1,5,3,3,7,41,128,97,27,99,21,25,10,14,29,74,95,33,73,97,13,8,11,6,6,5,25,24,66,34,9,2,0,58,13,9,21,41,32,82,128,128,51,14,12,7,5,6,44,97,20,27,12,23,1,0,7,0,1,8,52,55,31,12,0,128,8,1,0,0,0,3,120,128,17,1,0,0,0,0,81,85,3,2,7,3,3,17,46,0,0,8,52,18,22,8,1
0,0,14,42,10,2,14,29,79,1,7,9,1,0,8,141,125,0,0,0,0,0,0,141,7,0,0,0,0,0,0,7,0,8,141,102,1,0,0,0,105,12,86,141,2,0,0,42,141,13,5,6,0,0,0,95,41,1,0,0,0,0,0,8,2,16,72,37,7,9,19,19,25,29,46,141,39,9,5,1,141,97,17,20,1,0,0,5,49,6,0,0,0,0,0,1,7,3,0,0,2,18,54,32,27,12,3,7,10,14,18,16,141,45,3,1,0,0,0,8,22,4,0,0,0,0,0,0
12,15,8,6,3,18,44,24,8,14,15,43,17,17,41,15,38,40,11,5,4,5,16,40,33,12,25,13,3,0,1,19,11,15,14,1,2,67,81,35,114,41,12,8,4,21,44,48,64,23,15,41,19,18,19,26,65,9,4,0,0,8,104,47,37,116,83,42,3,5,10,6,68,45,92,107,5,1,1,43,27,11,18,42,98,80,22,26,10,14,23,24,36,63,116,48,27,116,39,29,0,0,0,0,3,13,100,116,2,0,0,0,2,5,31,116,82,5,0,0,2,9,35,56,104,116,18,2
154,34,5,0,0,0,19,47,154,11,0,0,0,0,0,71,67,0,0,0,0,0,0,9,0,0,0,0,0,0,0,0,65,129,154,3,0,0,0,9,154,106,55,0,0,0,1,51,94,3,0,0,0,0,15,31,0,0,0,0,0,0,6,5,1,15,154,44,0,0,0,1,67,37,111,26,0,0,24,74,24,8,37,14,0,1,142,102,14,8,5,1,4,14,45,62,0,0,24,10,0,0,0,0,0,0,58,19,0,0,1,1,5,14,74,20,0,0,11,9,12,23,22,21,14,10,6,12
0,0,0,0,65,108,10,2,83,15,2,0,16,62,43,43,49,28,60,3,0,0,10,8,0,0,72,9,0,0,10,3,15,2,0,1,61,119,35,19,119,56,0,0,14,37,8,42,94,30,9,0,0,0,26,36,0,0,22,3,0,0,12,7,12,2,119,72,6,40,14,7,79,9,90,34,0,3,39,114,13,0,24,15,0,0,119,119,24,0,1,1,0,0,92,119,0,0,75,36,0,0,0,0,0,0,119,64,0,0,2,2,2,2,93,94,15,1,22,13,105,28,12,23,8,0,12,42
12,2,0,47,124,3,8,15,33,15,8,4,16,4,124,74,13,29,20,0,0,6,124,39,31,18,4,0,0,2,42,56,2,4,2,75,124,1,1,0,68,124,57,27,44,1,18,9,22,124,124,2,0,0,13,7,18,51,51,37,15,0,0,10,3,0,0,50,124,2,0,0,124,28,4,27,74,0,0,60,107,33,27,3,1,0,0,31,1,2,7,45,39,0,0,0,0,3,7,9,62,45,25,0,120,50,24,11,66,10,0,29,122,24,1,0,0,0,0,25,2,0,0,18,16,0,0,0
0,10,31,6,0,74,111,0,26,11,17,33,6,94,129,3,64,66,101,10,1,43,64,4,1,69,129,8,1,19,18,0,0,81,129,46,13,10,16,0,64,14,51,129,113,4,3,4,129,51,38,16,8,0,0,36,25,32,69,0,0,0,0,6,0,10,21,16,18,25,11,0,12,18,29,129,110,29,7,0,129,78,36,31,7,0,0,23,47,6,0,0,0,0,0,15,0,10,11,0,1,56,32,0,0,43,33,5,7,33,12,0,9,59,23,2,0,0,0,0,8,7,0,0,0,0,0,0
0,0,0,0,4,3,0,0,0,0,0,0,19,45,22,0,1,1,3,0,0,12,73,3,0,0,9,0,0,0,48,5,0,0,0,0,21,15,30,12,10,0,0,0,124,124,32,14,124,27,20,0,6,35,53,51,14,15,93,1,0,0,16,2,1,1,9,1,14,42,124,124,56,5,2,2,120,124,34,23,124,35,1,0,6,15,27,72,26,7,12,0,0,0,55,28,1,2,124,34,1,10,23,29,18,3,124,54,10,40,13,14,42,4,105,25,0,0,67,91,8,1,31,18,0,0,124,69
37,95,11,1,1,1,0,1,103,20,5,1,2,2,0,17,116,108,8,0,0,0,0,10,58,98,16,0,0,0,0,6,54,11,1,2,0,0,0,42,128,28,2,2,0,0,0,10,128,52,1,0,0,0,0,27,76,112,13,0,0,0,0,4,100,7,0,0,0,0,0,86,95,83,2,0,0,0,0,14,128,28,0,0,0,0,0,82,98,14,0,0,0,0,12,102,98,8,3,2,0,0,0,50,128,16,0,0,0,0,0,31,82,13,2,0,0,0,0,72,88,4,0,0,0,0,3,105
22,0,14,47,76,7,4,3,152,1,0,4,18,2,0,24,85,0,0,0,0,0,2,5,0,0,0,0,2,1,3,0,15,5,14,152,106,0,0,0,152,29,5,48,24,0,0,7,103,0,0,0,3,25,19,9,0,0,0,0,1,17,58,5,4,2,0,126,152,0,0,0,152,16,2,36,86,0,1,8,71,2,3,11,12,39,10,9,8,5,18,6,7,20,25,5,2,0,0,11,152,0,0,0,152,2,0,7,103,0,0,4,65,3,3,15,25,3,0,4,5,5,15,6,6,5,6,8
120,12,0,0,0,0,0,44,56,13,2,2,0,0,0,24,128,44,2,1,0,0,0,1,128,79,7,0,0,0,0,0,117,11,0,0,0,0,0,42,128,34,3,0,0,0,0,52,128,103,8,0,0,0,0,6,128,38,0,0,0,0,0,48,77,31,9,10,0,0,0,11,128,41,1,1,0,0,0,33,120,32,2,0,0,0,0,16,128,6,1,0,0,0,0,99,73,21,3,2,0,0,0,4,128,43,1,0,0,0,0,19,84,82,29,0,0,0,0,7,71,35,38,9,1,0,0,21
0,0,8,7,2,10,125,3,42,0,0,12,41,83,63,15,149,0,0,0,4,8,3,33,26,0,0,0,0,0,0,1,0,0,139,61,9,1,2,0,60,2,18,95,118,3,0,6,149,3,0,5,11,0,0,26,41,0,0,0,0,2,6,4,0,0,59,98,18,0,0,0,30,9,8,149,114,0,0,0,149,20,4,33,18,2,1,10,35,0,0,0,5,29,18,6,0,0,0,15,9,0,0,0,11,1,0,66,149,0,0,0,149,5,0,13,55,1,1,8,22,2,4,11,9,14,3,3
95,16,2,0,0,0,0,5,64,63,11,0,0,0,0,1,122,77,5,0,0,0,0,9,27,59,20,0,0,0,0,6,103,65,2,1,0,0,0,0,87,41,12,0,0,0,0,5,122,14,2,0,0,0,0,43,110,29,0,0,0,0,0,24,122,35,2,0,0,0,1,14,69,65,58,12,4,0,0,1,122,26,15,9,5,0,0,9,122,55,0,0,0,0,0,2,122,3,0,0,0,2,47,57,100,13,2,7,18,10,117,22,104,2,0,6,19,17,122,23,99,6,0,0,0,15,122,30
164,48,38,11,6,11,10,121,60,19,164,74,0,0,2,14,0,0,164,153,0,0,2,0,1,1,164,164,0,0,6,6,164,116,91,17,3,1,1,12,57,18,0,0,0,1,18,11,5,0,1,0,0,0,10,13,4,0,7,2,2,2,1,4,13,38,52,7,0,0,1,3,11,9,0,0,0,0,4,4,17,3,0,0,0,0,1,7,3,0,0,0,25,19,3,4,1,0,0,0,0,0,6,10,5,0,0,0,0,0,3,14,3,0,0,0,0,0,3,12,0,0,0,0,93,70,3,4
5,9,1,7,8,0,0,0,0,20,93,100,109,0,0,0,12,113,192,39,21,1,1,1,15,96,69,51,192,3,0,0,12,7,1,1,0,0,0,0,7,9,24,11,0,0,0,3,21,18,36,2,0,0,0,8,2,4,13,58,192,0,0,1,8,16,2,0,0,0,0,0,3,11,17,1,0,0,0,0,13,13,5,0,0,0,0,0,3,1,0,43,192,0,0,0,12,3,0,0,0,0,23,6,8,5,1,0,0,0,26,3,2,5,4,0,0,0,27,2,2,3,1,24,192,6,15,0
0,0,0,0,2,2,54,8,7,0,0,0,143,41,19,1,143,18,0,0,76,12,0,0,35,4,6,1,0,0,0,0,0,0,6,5,0,3,143,34,26,0,0,5,60,119,143,17,143,13,0,0,24,33,9,11,38,2,0,0,0,0,0,0,0,0,107,56,5,2,11,1,59,3,16,53,104,17,14,4,143,18,0,1,13,4,2,4,31,2,0,0,0,0,1,0,0,0,55,75,19,0,0,0,39,13,9,143,115,0,0,0,143,35,2,14,11,3,1,2,15,0,0,0,0,11,20,3
7,4,0,0,0,0,0,0,2,2,1,1,0,0,0,0,4,5,0,0,0,0,0,0,2,4,0,0,0,0,0,0,6,5,0,0,0,0,0,0,3,1,0,1,2,0,0,0,12,4,0,0,0,0,0,0,3,6,0,0,0,0,0,0,5,1,0,0,0,0,72,15,2,0,0,0,3,1,63,9,13,0,0,0,0,0,37,10,5,1,0,0,0,0,16,5,0,0,46,5,0,0,235,72,0,0,34,4,0,0,235,76,0,0,15,2,0,0,235,82,0,0,4,0,0,0,235,78
248,2,0,0,14,0,0,17,33,4,6,1,0,0,0,0,0,0,8,3,0,0,0,0,0,0,7,2,0,0,0,0,248,0,0,0,23,0,0,27,49,1,2,0,0,1,2,3,0,0,4,1,0,1,2,0,0,0,2,1,1,1,0,0,248,2,0,0,30,0,0,30,57,6,10,0,0,0,0,1,0,1,12,2,0,0,0,0,0,0,6,4,0,0,0,0,248,6,0,1,25,0,0,3,51,4,5,0,0,0,0,0,0,0,4,4,0,0,0,0,0,0,2,4,0,0,0,0
0,0,0,13,55,0,0,0,90,0,0,44,139,0,0,29,139,0,0,1,8,0,0,70,8,0,0,0,0,0,0,2,0,0,0,3,30,29,102,2,68,9,11,32,139,48,22,15,139,25,5,3,21,0,0,69,27,0,0,0,0,0,0,5,79,44,16,14,11,25,131,20,41,104,139,11,31,30,22,3,113,139,88,2,4,0,0,5,17,7,0,0,0,0,0,2,107,70,60,56,12,0,0,3,79,55,37,0,0,0,0,2,1,13,18,0,0,0,0,0,0,1,1,0,0,0,0,0
1,1,4,13,17,20,97,33,93,0,0,4,9,20,37,79,143,0,0,0,0,0,0,114,11,0,0,0,0,0,0,4,2,6,143,87,10,2,9,11,95,16,86,80,1,3,17,43,143,26,10,2,0,0,0,89,44,0,0,0,0,0,0,7,8,28,119,48,0,0,0,1,19,40,143,132,0,1,3,3,143,126,63,9,0,0,0,15,47,2,0,0,0,0,0,8,6,4,4,24,4,0,1,3,3,3,11,6,11,14,20,14,59,14,6,0,1,3,13,74,43,0,0,0,0,0,0,13
3,1,38,120,13,11,3,4,140,18,16,54,12,0,0,28,140,53,0,0,0,0,0,46,11,9,0,0,0,0,0,2,16,0,1,19,24,35,26,89,102,2,1,39,95,8,3,54,140,7,0,0,2,0,0,113,31,0,0,0,0,0,0,8,50,3,1,16,21,20,20,93,98,74,0,1,35,28,19,34,140,140,0,0,2,0,0,8,28,6,0,0,0,0,0,0,22,39,4,40,47,0,3,15,95,140,0,0,0,1,5,10,61,129,0,0,0,0,0,0,1,1,0,0,0,0,0,0
0,0,12,38,4,15,35,2,107,2,0,5,2,9,23,52,161,0,0,0,0,0,0,87,29,1,0,0,0,0,0,6,0,0,31,161,6,1,0,0,101,7,17,145,2,0,1,37,161,10,4,3,0,0,0,63,64,2,0,0,0,0,0,4,0,0,1,44,7,9,4,0,36,42,53,133,1,0,1,1,161,124,25,8,0,0,0,9,67,7,0,0,0,0,0,2,0,0,0,0,2,8,15,1,69,24,4,2,0,1,8,7,161,91,2,0,0,0,0,0,21,9,0,0,0,0,0,0
4,0,0,0,0,0,77,136,0,0,0,0,0,0,75,92,0,0,0,0,0,0,14,24,0,0,0,0,0,0,0,0,6,1,5,14,2,1,80,107,16,1,0,0,0,4,136,136,112,4,0,0,0,0,55,136,16,0,0,0,0,0,0,9,0,0,4,105,50,3,10,4,103,42,0,11,10,6,24,31,136,106,0,0,0,0,3,39,29,5,0,0,0,0,1,1,0,0,1,71,59,2,0,0,136,94,9,43,30,0,0,4,136,118,0,0,0,0,0,0,5,4,1,0,0,0,0,0
1,1,0,14,99,33,1,1,132,10,1,4,17,5,0,47,139,0,0,0,0,0,0,73,9,0,0,0,0,0,0,2,4,6,1,0,70,107,2,3,87,29,15,0,5,10,6,62,139,40,3,0,0,0,0,97,30,1,0,0,0,0,0,6,2,102,139,9,30,40,0,0,17,139,139,0,0,0,0,2,108,139,55,0,0,0,0,5,15,9,0,0,0,0,0,0,0,74,139,4,0,0,0,0,0,66,86,0,0,0,0,0,0,24,13,0,0,0,0,1,0,0,0,0,0,0,0,0
8,0,0,0,1,144,124,5,104,65,2,0,7,83,14,9,12,40,26,27,97,50,0,0,23,57,54,18,40,37,3,1,36,0,0,0,33,84,21,17,144,32,14,4,3,10,4,35,37,19,128,77,22,7,0,2,3,56,144,35,3,0,0,0,54,22,1,3,84,27,1,5,144,66,2,0,1,2,1,29,70,13,26,22,1,1,14,29,17,35,56,10,0,0,2,6,57,26,6,48,40,2,0,0,144,88,3,0,0,0,0,0,33,44,34,2,0,0,3,5,22,36,15,1,0,0,0,3
9,17,5,0,1,6,44,24,14,3,5,33,21,2,9,14,0,1,11,63,31,4,0,0,0,7,26,114,30,3,0,0,18,4,0,0,0,9,118,97,96,10,7,18,2,1,49,98,16,8,82,67,21,1,0,2,0,28,118,44,4,1,0,0,127,74,0,0,0,10,130,118,130,130,1,0,0,1,30,53,40,46,49,10,0,0,0,2,0,42,74,4,0,0,0,0,130,48,12,2,0,0,1,69,130,105,0,0,0,0,0,35,10,57,14,0,0,0,0,0,0,12,9,0,0,0,0,0
38,0,0,0,2,8,49,124,94,1,0,0,0,3,12,98,39,1,0,0,0,4,10,50,3,1,0,0,6,49,40,7,124,65,14,21,6,1,12,124,124,35,0,0,0,0,2,112,59,11,1,4,3,4,10,47,0,2,16,24,29,24,8,4,78,124,47,51,1,0,2,7,100,124,6,0,3,9,10,10,55,6,0,1,2,9,34,77,33,21,21,9,1,0,1,19,26,33,5,5,1,2,124,124,10,21,3,0,4,18,124,115,66,14,0,0,2,8,20,65,48,4,0,0,0,0,6,38
23,60,74,53,9,0,0,11,1,30,127,127,11,0,0,0,13,104,127,60,0,0,0,3,21,43,79,29,6,10,9,21,1,26,47,32,31,38,28,9,48,55,63,24,3,8,21,39,11,31,127,82,3,0,0,1,0,1,119,94,3,0,0,0,12,17,1,12,69,100,32,20,127,108,3,2,1,7,15,74,54,25,18,60,12,6,6,6,0,5,55,41,8,1,1,1,41,70,31,12,15,6,7,16,106,115,15,2,2,13,10,5,16,9,1,4,4,49,48,17,10,3,20,7,0,10,37,43
49,1,0,0,44,33,5,37,154,15,12,1,0,1,1,102,31,11,72,21,1,1,8,23,8,41,53,5,0,0,2,4,68,12,1,18,87,6,0,7,154,20,0,0,0,0,0,55,87,20,13,2,0,2,15,30,39,38,10,0,0,0,5,12,42,12,24,110,40,0,0,2,154,37,7,6,0,0,0,17,147,64,18,0,0,0,0,1,12,63,24,0,0,0,0,0,4,13,83,139,0,0,0,0,154,106,44,33,0,0,0,0,114,53,0,0,0,0,0,0,22,10,1,0,0,0,1,8
111,7,1,7,38,7,2,38,153,5,1,0,0,0,2,105,27,9,10,3,0,3,20,26,39,24,4,0,0,0,3,14,103,10,7,42,41,0,0,15,153,12,1,0,0,0,0,60,93,67,24,0,0,0,0,5,16,73,19,0,0,0,0,0,35,21,90,153,4,0,0,1,153,66,26,12,0,0,0,11,153,44,0,0,0,0,0,3,30,20,4,0,0,0,0,8,1,18,107,85,0,0,0,0,106,102,63,37,0,0,0,0,80,38,0,0,0,6,9,7,7,2,0,0,0,9,22,25
5,6,4,4,10,13,113,45,6,1,1,9,15,79,113,53,2,0,0,24,38,106,47,20,25,1,0,1,0,1,20,113,7,4,5,33,96,53,21,23,113,13,7,37,20,12,20,90,19,13,14,113,73,1,0,3,40,76,19,11,3,0,0,15,5,8,26,113,47,5,1,4,113,79,32,54,17,2,1,17,31,36,49,54,57,2,0,3,1,113,61,7,1,0,0,0,15,13,11,46,14,10,65,39,19,80,84,23,3,1,2,4,6,101,113,3,1,0,0,1,0,96,77,0,0,0,0,0
0,60,63,28,41,15,0,0,57,38,12,2,18,13,1,4,41,20,6,21,74,7,1,6,0,0,0,35,108,36,0,0,8,1,1,56,130,28,5,12,117,70,9,2,15,11,5,42,22,38,37,53,29,7,0,2,0,0,2,130,107,5,0,0,6,7,15,130,130,2,0,5,130,85,27,44,20,8,1,30,34,11,5,8,15,50,15,14,6,2,9,120,62,5,1,6,0,2,5,130,130,0,0,0,15,24,10,64,64,15,6,16,33,32,19,9,33,48,24,28,49,23,8,38,50,23,3,17
0,0,0,0,0,80,38,0,3,0,0,0,0,78,133,11,2,1,0,0,1,61,133,7,0,0,1,4,21,50,55,7,13,0,0,0,36,133,60,5,133,48,2,0,0,78,115,40,30,29,10,25,43,17,28,12,14,1,4,16,22,15,31,49,45,10,1,3,129,131,4,3,133,25,0,0,1,6,2,54,67,14,25,42,36,2,1,25,16,10,55,76,14,1,2,11,20,7,1,11,107,7,2,9,133,10,0,0,0,0,1,80,62,7,12,5,0,2,36,70,5,2,21,24,4,16,47,12
21,17,3,1,2,24,47,27,18,1,1,7,4,32,54,14,163,73,68,17,0,1,5,9,34,102,167,10,0,0,0,0,13,30,18,19,40,50,44,11,85,27,10,13,6,10,36,19,167,46,0,0,0,0,1,8,86,24,3,0,0,0,0,0,3,31,26,12,21,23,3,3,80,16,6,7,26,72,37,38,167,14,0,0,0,0,4,65,80,5,0,0,0,0,0,8,2,3,2,1,41,46,23,7,86,29,4,8,68,48,16,26,167,30,0,0,0,0,1,65,85,1,0,0,0,0,0,13
0,0,0,5,132,63,0,0,56,0,0,7,46,17,11,61,132,2,1,1,1,0,0,98,36,26,25,7,2,0,0,12,0,0,0,41,132,3,0,0,65,5,1,34,79,0,0,14,132,10,0,2,5,0,0,91,49,7,2,0,0,0,12,94,0,4,16,41,132,1,0,0,18,60,62,45,26,0,0,0,132,132,13,4,1,0,0,13,30,41,11,4,0,0,8,26,0,11,97,57,60,0,0,0,1,70,132,34,0,0,0,0,12,132,51,1,0,0,0,0,3,40,31,8,0,0,0,0
12,2,0,0,0,5,98,127,55,1,0,0,0,0,14,127,15,2,0,0,4,26,25,44,5,3,8,10,10,16,23,3,80,38,13,0,0,0,14,68,127,50,0,0,0,0,2,102,64,43,5,13,23,7,5,26,9,0,0,18,34,19,34,14,25,80,127,0,0,0,0,8,127,127,113,0,0,0,0,36,54,20,27,16,19,18,11,37,1,6,11,22,55,36,4,6,1,30,127,17,5,6,0,0,28,84,127,6,0,1,0,3,7,13,117,65,3,3,1,2,0,35,115,36,8,8,0,0
10,14,3,0,0,0,89,43,150,41,0,0,0,0,14,64,76,26,0,0,0,0,0,3,0,0,0,0,0,0,0,0,115,16,5,0,0,0,106,105,150,14,0,0,0,0,12,81,128,3,0,0,0,0,0,6,0,0,0,0,1,1,0,0,80,100,150,12,0,0,0,5,150,96,33,0,0,0,0,12,123,5,0,0,0,0,1,11,0,0,0,0,4,1,0,1,0,13,150,34,0,0,0,0,73,54,62,11,0,0,6,26,32,5,5,2,0,0,40,68,2,0,0,0,1,4,22,19
131,27,1,0,0,0,4,89,14,4,1,0,0,18,32,48,1,3,0,0,0,63,52,4,0,32,20,2,9,52,4,0,27,17,3,1,22,29,41,109,12,0,0,0,1,126,131,118,131,18,0,0,0,53,113,89,48,56,7,0,0,2,1,4,2,2,45,35,39,36,20,10,50,16,41,67,18,47,62,15,131,81,2,6,1,6,10,22,70,22,0,0,0,0,0,1,16,4,27,18,6,7,45,67,22,90,42,53,29,7,9,3,131,131,16,5,1,0,0,0,21,11,0,0,0,2,3,0
32,57,30,50,19,13,16,9,11,10,8,2,40,82,31,18,27,49,14,8,10,11,21,67,3,35,111,56,19,6,3,4,1,0,28,130,102,22,26,2,51,13,59,73,21,65,46,15,130,130,42,3,2,4,3,39,25,85,105,4,0,0,0,3,0,0,70,130,11,0,0,0,13,16,130,130,1,1,0,1,130,85,110,31,1,0,0,19,72,9,3,1,1,0,0,10,2,1,5,8,0,0,0,0,0,0,35,50,5,0,0,0,22,5,24,50,37,0,0,14,37,0,0,1,3,0,1,43
8,0,0,2,28,52,34,19,133,0,0,0,0,5,18,56,133,15,6,6,0,0,1,32,3,10,33,18,3,0,1,1,34,0,0,41,97,5,1,23,133,4,0,0,0,0,0,60,133,13,4,0,0,0,0,73,23,8,24,4,5,0,0,2,18,6,15,124,94,0,0,4,133,80,15,10,0,0,0,7,133,107,0,0,0,0,0,9,26,7,0,0,6,0,0,0,4,10,71,88,12,0,0,0,35,133,133,21,0,0,0,0,82,132,7,0,0,0,0,0,4,3,0,0,4,0,0,0
158,17,3,0,0,0,72,84,158,3,0,0,0,0,3,77,77,0,0,0,0,0,0,7,0,0,0,0,5,1,0,0,98,144,158,6,0,0,0,7,158,108,36,0,0,0,1,38,102,2,0,0,0,0,10,30,0,0,0,1,6,0,4,3,1,24,158,38,0,0,0,0,87,56,96,17,0,0,15,45,31,10,20,5,0,0,85,106,6,4,1,2,5,18,52,36,0,0,13,6,0,0,0,0,0,1,35,10,0,0,1,1,6,18,35,7,0,0,5,10,5,9,8,25,18,14,13,6
31,0,0,0,0,16,95,37,166,6,0,0,0,1,24,63,53,10,3,10,3,2,32,24,0,0,2,6,17,24,31,5,98,0,0,0,0,3,8,32,166,27,0,0,0,0,0,32,91,40,42,31,4,0,0,2,0,7,62,36,30,0,0,1,99,16,0,2,3,0,0,18,166,49,0,0,0,0,0,36,155,22,19,2,0,0,0,6,0,2,24,11,68,5,0,0,52,87,28,19,1,0,0,0,166,166,0,0,0,0,0,0,65,38,0,0,0,0,0,0,0,0,0,0,77,9,0,0
44,58,19,0,0,0,0,0,102,104,5,0,0,0,0,1,87,114,8,0,0,0,0,1,86,69,1,0,0,0,0,0,85,45,0,0,0,0,0,5,123,100,2,0,0,0,0,5,78,123,11,0,0,0,0,8,54,109,9,0,0,0,0,1,123,37,0,0,0,0,0,7,123,21,0,0,0,0,0,65,123,16,0,0,0,0,0,76,123,33,6,0,0,0,0,14,105,41,3,0,0,0,0,5,93,47,18,1,0,0,0,20,123,14,0,0,0,0,0,29,123,9,0,0,0,0,1,13
0,0,4,2,28,1,0,0,2,7,7,12,146,25,7,4,43,126,41,7,31,10,46,61,90,76,6,0,0,0,7,36,0,0,0,0,47,4,0,0,35,8,3,4,146,37,3,13,146,117,25,2,23,6,2,40,35,67,8,0,0,0,0,1,0,0,0,0,58,6,0,0,43,24,2,10,146,16,0,3,146,74,1,3,20,1,1,20,48,4,0,0,0,0,5,5,0,0,0,0,53,4,0,0,22,11,1,4,146,25,7,23,89,31,4,1,6,3,68,130,13,2,0,0,0,0,74,70
0,0,0,0,0,62,39,0,6,1,0,6,22,125,86,6,34,95,41,28,56,35,16,10,79,125,23,2,0,0,0,15,3,39,22,11,4,125,93,4,58,22,60,76,13,86,60,26,125,107,25,4,0,3,8,52,38,63,11,0,0,0,0,4,3,125,102,13,0,8,9,2,10,58,125,125,0,0,0,1,95,125,100,13,0,0,0,9,26,23,0,0,0,0,0,1,0,51,32,0,0,0,0,0,0,7,39,12,0,0,0,0,0,20,26,1,0,0,0,0,0,3,0,0,0,0,0,0
0,0,0,0,0,5,48,62,0,0,0,0,0,13,36,15,0,0,0,0,0,2,24,23,0,0,0,0,0,0,0,3,17,18,16,5,1,17,82,131,10,1,0,1,2,128,131,75,97,6,0,0,0,17,88,131,25,0,0,0,0,0,0,22,4,42,53,123,22,9,14,11,57,31,14,120,34,64,61,20,131,62,2,2,0,4,19,100,44,4,0,0,0,0,2,42,0,6,4,70,4,0,0,0,10,5,9,131,20,1,2,7,34,4,2,70,15,3,40,131,24,0,0,1,0,0,11,131
37,6,0,0,0,0,71,41,0,0,0,0,0,0,87,22,0,0,0,0,0,0,27,21,0,0,0,0,0,0,0,1,2,0,88,33,2,0,137,48,12,0,14,39,29,13,141,82,114,4,0,0,2,1,87,141,15,0,0,0,0,0,0,11,0,0,94,54,42,7,0,0,65,18,16,73,141,36,11,10,141,77,0,1,16,2,5,29,22,4,0,0,0,0,0,1,0,0,0,0,83,29,0,0,100,34,0,0,141,69,0,0,141,79,0,0,4,1,0,0,4,1,0,0,0,0,0,0
0,13,136,98,1,0,0,0,85,106,136,71,0,2,4,11,136,90,19,0,0,0,1,30,4,0,0,0,0,0,0,1,1,4,13,117,14,1,0,0,33,13,20,43,39,28,22,43,136,19,3,1,2,3,8,113,32,0,0,0,0,0,0,3,0,0,4,101,14,0,0,0,20,29,59,136,26,2,0,3,136,120,26,12,1,0,0,9,50,10,0,0,0,0,0,0,3,4,38,33,4,0,0,1,2,32,109,26,0,0,0,0,61,116,35,4,0,0,0,0,17,10,0,0,0,0,0,0
14,2,2,6,0,2,24,56,62,119,0,0,0,3,6,9,68,139,2,0,0,0,0,0,6,96,3,0,0,0,0,0,46,14,66,108,3,0,0,16,139,139,8,6,0,0,0,15,113,139,0,0,0,0,0,5,3,10,0,0,0,0,0,0,8,3,21,78,24,30,26,22,139,14,6,22,17,2,1,94,139,8,0,0,0,0,0,57,2,0,0,0,0,0,0,0,14,3,0,15,23,23,28,63,139,75,0,0,8,6,7,32,139,34,0,0,0,0,0,11,0,0,0,0,0,0,0,0
0,0,0,0,130,131,12,4,23,0,0,0,24,43,47,138,8,0,0,0,0,12,83,65,1,0,0,0,0,8,59,19,3,1,0,2,138,86,2,0,120,17,0,1,40,23,4,43,46,1,0,0,0,1,20,69,6,0,0,0,0,0,10,42,3,16,13,21,138,34,5,2,48,85,56,11,20,1,0,3,23,11,45,4,0,0,5,33,20,5,8,1,1,4,3,21,2,120,56,11,42,19,2,0,0,98,138,15,1,0,0,0,1,5,138,46,0,0,0,0,3,4,127,78,10,6,0,0
22,17,32,6,2,4,18,60,135,71,11,0,0,0,0,13,98,69,0,0,0,0,0,0,4,8,1,0,0,0,0,0,24,48,96,13,3,21,13,19,142,61,8,1,1,11,11,47,105,34,0,0,0,0,0,3,1,0,0,0,0,0,0,2,22,14,9,1,1,130,135,54,142,76,0,0,0,48,42,85,124,16,0,0,0,0,0,5,0,0,0,2,0,0,0,0,45,142,39,0,0,24,65,39,142,142,3,0,0,5,4,2,34,24,0,0,0,0,0,0,0,0,0,1,0,0,0,0
67,0,0,2,31,37,8,64,147,15,19,0,0,0,0,115,32,34,59,0,0,0,1,19,27,57,8,0,0,0,0,1,79,5,4,54,61,2,0,16,147,10,1,1,0,0,0,89,108,79,3,0,0,0,0,18,24,50,9,8,4,1,0,0,21,18,111,137,9,0,0,1,147,88,51,17,0,0,0,15,147,58,0,0,0,0,0,4,20,22,7,7,5,0,2,10,0,28,112,37,0,0,1,1,65,96,93,22,0,0,0,1,76,32,0,0,0,8,19,11,4,0,0,0,2,8,31,39
131,2,1,21,21,3,2,131,131,29,2,0,0,0,2,108,49,53,7,9,3,0,0,4,1,2,7,41,20,6,5,6,88,35,131,87,7,0,0,28,131,57,34,2,0,0,0,74,81,17,2,2,1,6,24,30,1,1,2,18,69,23,15,13,6,76,131,17,0,2,5,3,107,77,80,4,1,3,8,19,28,3,0,0,15,45,43,28,0,0,0,0,18,131,59,22,3,14,8,11,6,6,15,8,21,20,11,3,1,2,8,43,4,8,10,20,67,54,5,9,0,4,9,16,73,131,17,0
7,0,0,0,0,31,126,34,121,3,0,0,0,0,39,92,34,4,1,2,2,14,37,24,2,0,0,3,71,64,10,0,59,0,0,1,18,22,33,44,144,14,1,0,0,0,3,53,65,23,47,19,3,2,3,3,3,1,18,52,109,4,0,0,75,18,5,26,37,0,0,13,144,58,0,0,0,0,0,24,117,24,17,5,13,0,0,2,7,2,6,18,144,5,0,0,19,67,89,56,10,0,0,0,144,144,17,0,0,0,0,0,43,28,0,0,19,0,0,0,9,0,0,0,144,9,0,0
34,0,0,0,0,2,9,34,16,0,0,0,112,98,20,13,55,34,7,0,52,70,79,8,8,29,55,0,0,3,55,1,7,0,5,27,25,31,48,20,16,1,13,42,63,141,140,16,141,25,3,4,29,49,17,20,48,19,15,0,0,0,0,0,0,0,55,85,19,6,2,0,16,5,79,141,122,36,14,3,141,19,7,29,31,11,3,14,61,2,0,0,0,0,0,0,0,0,5,6,20,6,0,0,13,1,4,28,141,44,0,2,141,8,2,6,61,13,0,10,48,2,0,0,0,0,0,0
0,5,98,40,12,12,0,0,20,14,48,133,7,6,3,5,145,70,20,21,0,0,0,31,80,5,0,0,0,0,0,5,0,0,0,6,53,39,1,0,44,12,7,15,7,35,10,7,145,102,8,4,0,0,1,4,63,14,0,0,0,0,0,0,0,0,10,17,58,91,23,0,75,5,15,2,1,27,45,41,145,8,1,0,0,0,1,104,41,1,0,0,0,0,0,35,0,0,117,87,17,15,3,0,17,15,145,31,11,6,7,14,68,10,25,7,4,9,9,145,44,0,0,0,0,0,1,133
32,128,59,2,0,0,0,0,4,65,128,42,0,0,0,0,4,108,128,8,0,0,0,1,0,26,117,11,0,0,0,0,17,104,69,6,7,6,1,8,10,20,43,11,41,35,9,14,94,28,26,2,1,4,6,38,10,7,57,12,0,2,6,2,28,3,0,0,5,43,90,68,38,23,0,0,27,78,34,11,128,46,0,0,4,11,5,13,10,1,1,1,4,62,52,5,37,1,0,0,0,6,128,128,128,30,0,0,0,5,22,67,57,46,2,3,33,27,1,2,0,0,0,1,68,128,27,0
8,5,1,39,153,17,1,3,113,73,4,5,19,5,1,15,17,25,17,27,0,0,0,0,0,3,28,35,6,0,0,0,19,1,0,14,153,63,4,12,153,17,3,3,30,14,4,51,60,24,57,16,0,0,0,2,0,30,77,9,0,0,0,0,15,9,2,104,153,3,0,0,153,39,4,32,31,0,0,10,91,11,15,1,0,0,4,27,3,12,17,1,1,1,10,15,1,4,16,108,105,0,0,0,99,99,57,45,14,0,0,3,46,76,66,1,0,0,1,4,2,38,86,1,0,0,3,4
0,0,0,0,20,124,30,0,31,5,0,0,2,80,124,39,9,2,0,1,5,30,123,22,4,2,3,6,7,51,31,15,15,2,0,10,124,124,6,2,124,43,2,5,19,40,18,30,39,26,18,39,13,5,14,14,11,52,39,12,2,1,2,2,11,1,28,124,124,7,0,1,110,31,100,58,9,0,9,74,44,106,37,11,0,0,20,55,5,104,45,0,0,0,0,0,0,0,37,83,2,0,0,0,2,24,124,49,0,0,0,1,7,100,77,0,0,0,0,1,1,25,5,0,0,0,0,0
0,0,0,0,20,125,106,12,21,0,2,2,19,46,106,75,13,4,21,25,17,4,1,10,0,1,14,79,70,53,0,0,16,1,0,1,125,125,25,18,125,14,0,0,5,11,24,97,79,61,13,12,1,0,0,13,1,10,41,125,15,0,0,0,13,26,43,52,125,17,0,0,125,119,28,4,4,0,0,14,79,29,6,0,0,0,14,66,2,3,3,21,14,8,26,12,1,27,106,58,14,0,1,1,12,112,103,1,0,0,0,1,7,18,63,6,0,0,5,10,4,23,28,2,0,0,11,5
8,0,0,2,13,20,35,61,0,1,7,76,63,11,4,2,3,57,142,142,36,0,0,0,75,142,102,6,0,0,0,0,79,25,0,0,1,5,24,58,41,6,5,9,3,8,50,25,142,126,97,12,0,0,1,7,21,142,82,0,0,0,0,0,57,12,4,4,4,7,4,10,84,3,4,3,4,11,14,28,142,17,0,0,0,0,0,32,63,14,0,0,0,0,0,2,50,2,0,0,5,17,4,13,61,6,0,0,14,39,10,23,142,6,0,0,0,0,1,47,64,0,0,0,0,0,0,7
0,0,0,20,24,37,4,0,5,15,0,9,14,82,25,2,26,125,15,3,14,30,5,3,56,74,3,1,0,0,0,4,5,1,3,11,19,125,36,2,125,92,2,3,4,95,50,23,65,125,15,0,0,2,1,6,2,31,4,0,0,0,0,0,7,32,91,125,25,53,5,1,125,24,15,88,13,5,1,105,121,10,0,0,0,0,0,118,5,0,0,0,0,0,0,4,0,26,29,100,19,0,0,0,46,20,34,125,34,0,0,29,125,50,17,5,0,0,0,57,14,2,0,0,0,0,0,3
0,0,0,0,0,4,0,0,0,0,0,0,0,17,23,2,1,1,0,0,0,2,20,17,0,1,0,0,0,0,0,1,0,0,0,0,23,21,0,0,11,0,0,0,74,130,79,24,120,5,0,0,2,26,75,127,21,0,0,0,0,0,0,8,0,0,0,0,53,83,44,1,78,11,0,0,130,130,13,11,130,54,0,0,8,14,9,34,30,4,0,0,0,0,8,6,0,0,35,19,12,113,112,2,69,16,83,18,28,130,26,29,130,19,26,5,2,3,73,115,9,0,0,2,2,2,122,74
7,42,81,49,12,47,48,27,68,42,26,127,43,73,48,7,138,138,13,2,0,4,13,21,9,61,35,0,0,0,0,1,0,49,105,66,36,0,0,0,69,13,21,138,138,0,0,13,138,36,7,20,12,0,0,78,40,3,0,0,0,0,0,11,0,0,2,18,17,0,0,0,8,23,72,138,86,0,0,0,110,138,87,35,4,0,0,5,27,16,0,0,0,0,0,1,0,0,0,1,0,0,0,0,0,1,19,17,1,0,0,0,0,15,25,3,0,0,0,0,1,4,0,0,0,0,0,0
0,0,0,0,0,43,103,0,2,0,0,0,42,126,61,3,40,41,27,13,29,119,47,16,81,71,6,0,0,3,20,20,21,12,4,5,2,70,126,25,39,4,11,29,21,126,97,25,126,80,30,7,3,14,8,44,41,76,8,3,3,0,4,12,85,42,37,11,2,2,4,18,18,48,126,49,6,1,0,2,126,101,55,8,0,2,5,12,27,13,1,5,14,35,33,13,126,23,14,8,6,0,0,40,11,52,48,0,0,0,3,10,19,39,37,17,16,18,7,4,2,6,17,21,26,100,59,6
0,0,0,1,9,68,95,0,10,0,0,0,44,152,115,42,60,0,0,0,1,11,44,105,0,0,0,0,0,0,0,0,0,0,0,12,47,28,32,0,49,2,0,7,152,64,14,39,152,11,0,1,19,10,6,102,6,0,0,0,0,0,0,0,0,0,0,0,21,25,70,18,60,19,3,26,152,45,9,6,152,68,2,8,20,2,0,16,17,2,0,0,0,0,0,0,4,8,39,11,10,16,10,18,37,38,64,21,64,70,4,7,152,101,22,0,4,4,0,21,19,4,0,0,0,0,0,1
14,28,16,6,7,5,80,56,93,43,1,0,0,0,33,120,29,5,4,12,12,4,15,33,27,74,78,29,7,0,0,1,31,77,24,7,6,0,0,0,122,64,1,0,0,1,0,5,78,4,0,0,0,7,8,22,122,30,3,0,0,0,0,11,31,31,1,0,0,0,33,65,82,16,0,0,0,3,66,52,78,3,0,0,0,15,46,43,122,6,0,0,0,0,0,27,2,1,66,40,2,9,106,63,6,7,47,16,1,4,122,109,57,23,15,0,0,0,122,122,122,7,0,0,0,0,3,98
0,0,0,4,12,128,121,3,9,0,0,3,1,16,128,128,37,0,0,0,0,0,13,128,5,0,0,0,0,0,0,8,0,0,57,95,41,53,13,0,66,11,24,124,6,5,25,106,128,20,3,2,0,0,0,128,43,0,0,0,0,0,3,15,0,2,23,40,29,20,10,0,23,83,57,111,12,2,2,1,128,128,21,4,0,0,0,5,33,11,0,0,3,7,7,4,15,13,1,2,23,15,3,1,49,128,14,1,0,0,1,2,17,107,5,0,1,3,4,2,4,9,1,1,6,4,2,1
0,1,21,134,79,34,2,0,134,34,47,68,15,21,11,18,134,72,1,0,0,0,0,58,23,8,0,0,0,0,0,5,3,4,21,134,50,1,1,3,57,18,42,134,129,12,3,28,134,31,6,6,5,3,2,134,14,0,0,0,0,0,0,9,3,10,22,59,35,0,0,5,11,58,67,134,76,1,0,1,77,134,47,15,1,0,0,4,1,0,0,0,0,0,0,0,26,20,15,25,11,0,0,12,3,60,62,48,16,0,0,0,4,56,11,0,0,0,0,0,0,0,0,0,0,0,0,0
0,0,0,1,2,13,63,22,0,0,0,0,0,0,19,33,0,0,0,0,0,0,1,2,0,0,0,0,0,0,0,0,0,2,67,134,15,14,76,56,22,6,24,47,2,0,127,134,134,10,0,1,0,0,35,134,25,1,0,0,0,0,0,4,0,0,33,86,57,35,1,0,55,80,40,104,25,12,11,20,134,134,11,5,0,0,2,36,42,12,0,0,0,0,0,1,2,1,6,33,58,70,9,2,134,84,8,5,3,15,11,11,134,134,1,0,0,0,0,4,5,4,0,0,0,0,0,0
0,0,0,44,119,57,8,3,79,0,2,44,70,10,17,119,45,0,0,0,0,0,0,32,0,0,0,0,0,0,0,0,0,0,0,21,58,63,47,2,94,19,10,65,130,14,3,61,133,52,3,1,3,0,0,100,3,2,0,0,0,0,0,0,10,92,37,7,10,14,37,16,17,133,133,28,36,6,2,4,102,133,58,1,1,0,0,8,6,15,0,0,0,0,0,0,43,133,37,4,2,0,0,0,2,133,105,0,0,0,0,0,0,48,21,0,0,0,0,0,0,1,0,0,0,0,0,0
18,48,47,74,59,2,0,4,51,98,20,1,0,1,12,14,6,30,15,20,0,1,12,12,6,17,34,70,2,0,0,1,1,19,52,54,41,2,0,0,7,24,13,10,63,65,81,13,99,14,2,1,3,12,72,88,36,40,40,13,0,0,0,7,0,2,31,24,64,87,2,0,27,6,4,9,125,125,29,19,125,38,0,0,8,7,7,37,82,29,3,0,0,0,0,2,0,0,3,63,125,63,4,0,19,20,29,77,97,84,66,99,125,78,9,0,0,0,13,101,71,11,0,0,0,0,0,4
6,61,72,22,2,3,14,17,11,59,75,3,1,3,10,9,16,35,77,1,0,1,5,4,33,41,25,0,0,0,3,11,19,7,10,33,35,32,101,101,106,13,1,0,2,8,35,93,28,6,1,0,20,88,52,19,24,5,1,0,1,16,52,111,22,32,111,111,20,4,11,18,111,75,53,16,6,7,2,22,12,11,19,111,87,67,14,10,10,0,0,43,28,17,37,111,43,9,38,31,3,1,11,34,14,38,78,48,0,0,0,1,6,38,29,102,91,1,0,0,1,2,22,99,111,51,48,9
0,0,0,0,0,22,11,0,0,0,0,0,0,25,86,12,0,0,0,0,0,0,19,14,0,0,0,0,0,0,0,0,0,0,0,0,15,132,58,0,22,4,0,5,91,132,132,90,132,14,0,0,6,4,68,132,10,0,0,0,0,0,0,1,0,28,49,17,22,97,40,0,35,101,132,69,115,27,9,11,132,132,39,7,9,1,2,33,22,10,0,0,0,0,0,0,14,53,57,22,4,1,4,15,14,60,132,14,0,0,0,15,20,78,31,0,0,0,0,4,3,2,0,0,0,0,0,0
5,2,19,10,34,115,125,61,83,8,7,0,0,1,84,125,25,0,0,0,0,2,14,38,5,0,0,0,3,1,1,5,10,13,117,110,69,23,10,11,125,106,46,9,2,1,6,76,89,12,0,0,0,16,25,34,8,0,0,0,5,22,12,29,8,3,11,125,114,0,0,2,125,49,15,18,14,2,6,69,34,8,1,0,5,46,52,56,9,0,0,1,21,21,31,87,0,3,25,71,54,6,2,0,14,70,58,21,9,8,0,2,4,13,4,9,61,72,19,6,25,1,0,6,14,29,50,110
51,89,45,11,2,3,9,14,51,42,6,0,0,0,41,68,40,24,1,0,0,0,5,16,3,6,0,0,1,9,4,0,13,3,11,4,4,59,113,40,118,25,0,0,0,7,34,70,67,8,0,0,0,50,103,20,0,0,0,0,5,67,118,9,114,43,4,8,58,71,72,58,118,71,5,4,23,22,16,54,9,15,10,6,45,118,66,5,0,17,47,17,8,49,98,4,51,118,98,33,28,2,0,0,70,118,16,7,71,17,0,0,9,50,19,11,66,11,0,0,2,50,53,3,0,0,0,0
22,9,4,1,4,39,42,31,54,0,0,0,14,32,25,97,5,10,1,5,46,122,30,5,7,59,42,6,17,38,9,0,18,1,2,25,80,124,53,48,124,11,3,17,18,16,32,124,46,31,5,80,65,9,1,6,39,62,2,2,1,0,0,4,19,34,38,121,98,11,8,10,124,124,38,28,12,1,0,24,58,25,2,58,123,0,0,6,44,1,0,3,13,0,1,28,48,19,13,11,4,2,11,56,109,98,13,5,7,0,0,37,12,9,0,36,124,1,0,5,23,0,0,5,29,2,11,27
10,3,5,67,125,21,3,0,1,1,47,113,41,20,47,34,125,39,14,19,2,0,38,125,78,9,0,0,0,0,0,20,7,2,2,28,125,59,24,6,15,4,21,93,125,44,2,3,125,118,14,19,10,11,2,24,90,31,0,0,0,0,0,6,73,33,15,22,32,51,32,25,28,12,38,125,52,7,0,2,125,28,26,70,19,1,0,82,42,4,0,0,0,0,0,27,21,48,30,16,12,9,15,11,16,16,19,72,14,0,4,12,19,66,50,66,12,0,0,4,6,11,1,0,0,0,0,1
19,56,26,20,15,17,24,6,41,20,12,13,1,8,37,54,19,67,66,27,0,0,0,4,3,32,6,0,0,0,0,0,13,1,9,21,121,134,25,13,134,24,0,0,14,27,27,67,97,53,18,0,0,0,0,4,0,9,3,0,0,0,0,0,22,21,42,124,134,123,36,41,134,128,30,8,2,8,15,100,114,22,0,0,0,0,0,5,0,0,0,0,0,0,0,0,3,24,86,134,24,0,0,0,46,134,61,10,0,0,0,1,14,17,0,0,0,0,0,0,0,0,0,0,0,0,0,0
3,1,0,0,61,97,13,2,101,23,0,0,12,35,57,50,64,8,0,2,12,19,20,34,0,1,11,15,30,101,56,3,26,10,8,2,45,121,42,17,121,48,3,0,7,24,8,45,45,6,0,6,12,44,59,25,13,18,39,42,27,12,31,25,65,79,38,3,5,24,15,22,108,121,31,11,9,19,4,15,24,36,57,37,34,117,55,24,79,91,17,0,0,7,33,48,121,87,16,13,4,0,0,34,32,121,47,14,2,5,2,1,1,40,121,55,12,30,6,0,8,49,41,6,11,29,13,4
48,44,42,45,50,1,0,3,61,26,5,0,2,17,50,63,9,0,0,1,12,53,36,88,2,20,9,4,30,96,10,0,0,10,35,27,33,30,10,6,19,9,8,29,93,113,51,53,113,19,5,25,19,19,33,113,30,33,7,36,19,7,0,4,0,0,0,8,17,11,113,90,25,39,31,93,84,15,36,36,113,113,29,31,17,1,0,19,22,13,2,41,65,0,0,11,32,4,2,38,26,10,91,67,82,9,3,2,1,1,31,113,105,30,2,5,10,0,6,113,9,1,0,39,88,4,4,17
5,0,0,5,69,33,69,91,21,16,11,13,31,66,54,118,94,60,15,5,5,23,42,99,13,3,8,8,2,54,100,40,64,0,0,5,135,135,11,69,135,103,40,3,11,23,13,113,50,121,76,14,21,27,11,16,3,8,31,27,41,38,13,9,39,0,0,1,82,35,1,30,135,24,1,0,12,13,2,66,48,10,4,2,55,87,49,20,1,1,4,0,19,69,45,12,0,0,0,0,0,0,0,0,4,0,0,0,1,0,0,0,1,0,1,0,10,6,4,1,0,2,6,0,0,3,6,0
0,0,0,0,21,35,2,0,26,0,0,0,7,25,9,27,12,0,0,0,0,0,0,5,0,0,0,0,0,0,0,0,2,6,4,12,120,120,25,2,120,96,11,15,79,65,24,81,104,8,0,0,0,23,85,43,0,0,0,0,0,1,28,14,5,6,3,11,58,74,120,56,107,81,11,10,20,32,51,120,24,9,10,15,13,77,120,60,0,0,0,3,6,4,37,25,81,8,0,5,120,39,43,106,120,102,14,2,8,20,11,64,3,12,15,14,38,55,21,2,0,0,0,2,16,10,1,0
