67,24,0,12,14,0,0,6,145,1,0,12,34,0,0,52,109,1,0,24,72,0,0,18,46,0,0,0,0,0,0,7,52,45,7,25,11,0,0,1,145,42,7,35,19,0,0,18,143,23,2,84,68,0,0,5,83,7,0,2,0,0,0,3,59,25,2,12,9,0,0,5,145,15,1,17,22,0,0,45,145,4,0,43,115,0,0,24,97,0,0,2,8,0,0,17,47,0,0,3,9,0,0,8,145,3,0,8,18,0,0,38,140,1,0,25,94,0,0,23,87,0,0,4,17,0,0,19
107,3,1,0,2,0,0,11,150,1,0,6,21,0,0,31,106,2,0,21,69,0,0,11,49,0,0,0,0,0,0,5,77,77,21,6,0,0,0,1,150,38,10,18,10,0,0,11,135,24,2,68,66,0,0,3,77,9,0,2,0,0,0,1,63,56,6,9,6,0,0,0,150,12,2,13,18,0,0,35,150,3,0,29,107,0,0,17,91,0,0,1,5,0,0,10,34,36,1,7,10,0,0,0,150,12,3,13,19,0,0,23,135,8,0,32,76,0,0,11,82,4,0,4,7,0,0,6
94,3,0,4,3,0,0,13,153,2,0,9,11,0,0,24,136,13,3,21,32,0,0,6,68,4,0,0,0,0,0,3,98,42,10,3,0,0,0,2,153,31,7,9,7,0,0,7,153,8,3,31,53,0,0,15,81,0,0,0,0,0,0,14,108,14,2,1,1,0,0,5,153,6,1,4,10,0,0,22,149,1,0,19,95,0,0,13,83,0,0,0,4,0,0,9,77,17,4,1,1,0,0,4,153,12,3,3,4,0,0,14,125,7,0,26,68,0,0,6,72,5,0,3,5,0,0,3
103,10,0,0,0,0,3,24,72,3,2,2,0,1,7,37,131,0,0,3,15,2,0,60,131,2,0,14,34,1,0,75,131,28,2,1,0,0,0,12,65,16,9,27,9,0,0,14,131,7,0,4,13,2,0,50,131,1,0,7,27,2,0,78,131,1,0,0,0,0,1,88,74,17,11,19,5,0,0,19,122,41,4,7,5,0,0,7,131,3,0,5,14,0,0,51,131,4,1,6,4,0,1,59,103,1,1,0,0,0,0,34,79,2,0,1,4,0,0,24,131,0,0,4,10,0,0,54
0,0,0,0,0,0,0,0,0,0,0,0,0,0,0,0,3,0,0,0,0,0,0,1,26,0,0,0,2,0,0,9,64,0,0,0,0,0,0,24,60,4,1,2,2,0,0,16,134,13,2,16,10,0,0,24,150,5,1,18,12,0,0,76,150,0,0,3,8,0,0,74,150,30,6,2,0,0,0,39,150,53,6,21,4,0,0,15,150,12,4,29,9,0,0,68,150,11,1,14,10,0,0,27,150,50,7,3,0,0,0,19,130,6,2,5,3,0,0,51,150,0,0,12,6,0,0,69
17,34,112,135,42,63,57,12,65,37,28,19,12,12,4,12,82,8,6,11,5,0,0,3,135,23,3,17,4,0,0,6,22,0,0,0,3,44,122,44,135,8,6,5,2,7,7,31,76,55,31,13,3,0,0,0,135,28,2,14,16,0,0,18,50,0,0,0,2,4,33,67,135,11,1,0,0,0,1,64,101,33,9,1,1,0,0,4,135,7,0,8,41,0,0,19,42,0,0,3,37,11,9,38,135,5,0,0,0,0,1,69,90,7,1,4,9,0,0,8,128,0,0,4,33,0,0,16
8,2,0,1,131,118,3,3,34,19,0,0,93,112,2,2,59,47,1,1,8,11,1,1,1,3,3,43,123,22,0,0,9,1,0,0,126,131,18,6,112,35,0,0,37,60,1,13,45,20,0,0,9,35,5,5,6,45,24,17,44,27,0,0,20,5,0,0,76,131,5,5,131,17,0,0,2,11,3,34,27,11,0,0,4,16,6,13,89,131,3,1,1,2,0,0,31,27,0,0,40,39,0,0,73,52,0,0,0,0,0,1,48,47,0,0,0,0,0,1,131,131,0,0,0,0,0,0
0,0,0,0,74,105,0,0,20,26,0,0,57,80,0,0,73,88,0,0,1,1,0,0,64,53,0,0,0,0,0,1,3,0,0,0,76,119,7,4,101,42,0,0,14,42,7,16,92,53,0,0,0,0,0,11,119,28,0,0,0,0,0,27,22,10,0,2,81,119,7,6,119,26,0,0,0,7,5,38,98,49,0,0,0,0,0,25,119,119,0,0,0,0,0,4,17,30,5,7,45,16,0,0,97,86,0,0,0,0,0,0,104,119,0,0,0,0,0,0,110,119,0,0,0,1,0,0
6,0,0,0,0,10,142,118,25,1,0,0,0,0,24,142,5,0,0,0,1,6,3,15,0,1,1,0,0,2,0,0,57,1,0,0,7,25,72,127,142,5,0,0,0,0,7,142,80,8,5,0,0,0,0,19,0,3,10,0,0,0,0,0,64,142,54,0,6,9,1,13,142,142,16,0,0,0,0,13,86,29,3,0,0,1,3,1,0,1,6,0,0,2,8,0,1,142,116,0,0,0,0,0,18,142,30,0,0,0,0,1,7,12,0,0,2,8,8,0,0,0,0,0,0,6,12,0
41,6,2,0,0,14,64,78,38,0,1,1,2,27,49,38,139,5,68,72,6,0,3,51,7,3,140,131,54,2,0,0,140,6,1,2,0,0,1,14,69,3,1,15,16,1,3,12,140,2,0,2,15,0,0,27,22,0,0,12,122,1,0,1,140,0,0,0,0,0,0,18,66,9,3,17,7,0,0,1,140,12,1,3,11,0,0,7,26,0,0,15,116,0,0,1,140,0,0,0,0,0,0,15,52,0,0,2,5,0,0,5,140,0,0,0,6,0,0,26,22,0,0,12,77,0,0,5
10,9,27,35,74,11,10,33,80,27,136,17,3,2,9,113,24,19,136,21,0,0,6,26,11,93,136,2,0,2,2,1,7,19,43,35,83,11,6,11,87,42,35,9,11,4,24,92,136,17,1,0,0,0,20,90,41,12,1,2,15,7,2,2,5,3,7,57,66,19,46,49,60,44,19,9,13,3,25,62,136,74,6,0,0,2,5,19,28,2,0,0,6,28,18,9,20,3,0,54,66,53,110,24,136,29,2,5,11,6,6,61,67,47,2,0,0,1,2,11,3,0,1,1,1,9,8,5
0,0,0,0,32,14,0,0,3,1,0,0,18,8,0,0,1,0,0,0,0,0,0,0,0,0,0,0,0,0,0,0,3,0,0,0,141,135,0,0,109,26,0,0,141,73,0,7,35,9,0,0,17,12,0,3,46,5,0,9,16,1,0,0,12,1,0,0,141,141,0,2,141,12,0,0,86,58,2,40,50,11,0,0,8,17,7,18,119,57,3,28,18,1,0,0,32,8,0,0,141,141,0,0,125,39,0,0,18,15,0,2,69,23,0,0,0,0,0,2,117,71,4,6,14,4,0,0
2,0,0,0,128,110,1,1,39,21,0,0,128,107,0,0,69,29,0,0,1,1,1,7,44,12,0,0,0,0,3,16,1,0,0,0,128,128,1,1,90,30,0,0,100,65,0,7,63,29,0,0,0,0,0,4,74,37,0,0,0,0,0,0,7,0,0,0,128,128,1,2,115,7,0,0,35,29,2,33,86,21,0,0,0,0,0,22,84,61,0,0,0,0,0,0,19,8,0,0,115,128,1,0,91,35,0,0,4,5,0,2,90,26,0,0,0,0,2,11,79,35,0,0,0,4,22,19
154,21,2,23,73,0,0,13,154,6,0,24,24,0,0,37,14,1,8,94,65,0,0,1,2,10,12,10,3,0,0,0,135,64,79,100,64,0,0,1,154,38,9,12,9,0,0,22,47,3,2,93,113,3,0,4,0,10,16,24,17,0,0,0,13,24,149,154,17,6,0,0,154,68,57,33,3,3,5,27,31,2,0,26,76,23,12,21,0,3,9,25,27,2,0,0,0,0,6,28,20,29,10,0,7,11,14,16,8,9,6,5,2,0,0,2,11,17,21,9,0,0,0,6,25,23,6,0
0,0,16,7,0,0,9,0,18,15,14,1,0,0,7,4,62,30,12,4,0,0,0,3,3,7,21,16,12,4,3,1,0,0,0,0,0,0,56,1,41,1,0,0,0,1,49,22,151,59,10,9,16,8,2,15,10,16,10,22,130,116,31,19,0,0,0,0,3,14,24,1,84,1,0,0,0,3,23,24,151,9,0,0,66,53,1,15,10,1,0,0,151,151,20,12,0,0,0,0,16,28,8,1,71,0,0,0,1,12,18,49,151,3,0,0,127,78,2,24,6,0,0,0,151,151,1,1
0,5,50,13,27,15,0,0,7,0,18,18,108,120,11,15,126,20,7,0,7,24,16,68,33,19,40,71,10,8,11,5,4,1,0,20,78,9,0,1,26,4,6,80,139,74,5,15,139,19,7,10,20,15,5,59,123,9,8,20,0,1,0,12,7,3,0,26,21,0,0,0,8,9,77,139,98,1,0,0,139,53,101,84,16,0,5,39,50,1,0,1,3,7,28,115,1,1,0,1,0,7,9,0,0,0,12,34,4,2,6,3,0,0,16,87,82,2,4,8,4,0,0,17,38,11,27,84
0,3,46,67,35,0,0,0,69,23,4,70,54,4,3,15,87,12,0,1,1,0,2,36,1,0,5,6,4,0,0,0,3,1,4,12,70,55,1,5,19,2,0,17,130,130,43,57,130,8,0,0,4,19,36,130,28,2,8,3,0,2,0,12,9,0,0,1,103,93,22,28,30,72,18,16,130,130,4,8,130,130,6,2,6,8,3,32,45,8,0,0,3,7,0,3,1,1,5,54,42,27,21,6,18,127,45,26,46,10,2,11,42,130,12,0,0,0,11,15,6,6,0,0,6,5,3,2
2,10,3,0,0,0,7,4,135,20,3,0,0,0,2,35,135,8,4,37,38,0,0,26,0,0,3,80,73,0,0,0,29,24,4,0,0,0,0,1,135,47,4,0,0,0,0,9,135,9,2,19,32,0,0,43,9,0,1,73,135,0,0,2,29,47,41,1,0,0,0,2,105,78,12,1,0,0,0,3,135,24,0,1,13,3,1,36,13,0,0,40,124,4,1,8,4,26,41,3,2,4,135,107,39,13,14,5,4,9,98,54,109,1,0,0,1,1,18,124,5,0,0,9,60,10,11,28
0,0,0,0,17,36,0,1,0,0,0,0,13,119,44,11,51,0,0,0,0,16,41,97,15,0,0,8,38,4,0,11,0,0,0,1,93,60,0,0,20,2,0,11,139,139,39,23,139,10,0,2,7,30,38,129,62,4,6,12,6,0,0,9,0,0,0,44,96,14,0,0,24,22,25,139,139,22,1,2,139,88,24,34,7,3,2,10,70,5,1,0,0,24,10,5,0,0,2,36,10,0,0,0,1,6,20,139,10,0,0,0,77,33,21,48,8,2,8,26,17,0,0,0,1,92,26,17
18,22,1,6,26,1,0,0,27,1,0,10,149,24,34,57,156,4,1,1,9,11,35,132,15,5,13,15,4,12,4,3,3,6,1,8,34,0,0,0,56,1,0,29,171,4,0,7,171,14,1,3,27,1,0,20,48,10,6,23,12,0,0,0,0,0,1,10,15,0,0,0,47,3,1,55,171,5,0,2,171,24,0,6,39,1,0,22,64,8,6,32,13,1,1,7,0,0,0,0,1,0,0,0,32,0,0,3,89,22,0,5,171,10,0,0,19,8,0,37,62,20,8,2,2,1,1,12
1,0,0,0,0,19,35,12,43,0,0,0,0,5,15,24,71,0,0,0,0,0,0,4,56,7,0,0,0,0,0,0,13,0,0,0,0,5,14,17,110,0,0,0,0,0,1,11,101,0,0,0,0,0,0,3,81,6,0,0,0,0,1,3,22,14,18,0,0,0,0,4,96,38,11,0,0,0,0,2,74,33,15,1,2,3,0,2,34,4,1,1,5,171,58,15,1,35,128,0,0,0,13,3,8,114,101,0,0,2,13,10,3,57,73,9,37,215,9,1,0,1,4,3,61,247,42,0
19,23,1,6,25,1,0,0,27,1,0,10,144,25,37,62,148,4,1,1,8,12,37,137,13,5,13,15,4,14,5,3,3,6,1,8,35,0,0,0,58,1,0,27,172,4,0,7,172,14,1,3,26,1,0,21,45,10,6,23,12,0,0,0,0,0,1,11,16,0,0,0,50,4,1,55,172,5,0,2,172,25,0,6,38,1,0,21,61,8,6,33,13,1,1,7,0,0,0,0,1,0,0,0,34,0,0,3,93,22,0,5,172,10,0,0,19,8,0,38,59,20,8,3,2,1,1,12
71,0,0,78,132,0,0,20,121,2,0,12,30,0,0,26,57,4,0,0,0,0,0,16,38,6,1,0,0,0,6,23,132,3,1,99,132,0,0,42,105,41,2,43,67,0,0,8,50,8,0,0,0,0,1,12,11,4,2,0,0,0,22,24,132,0,1,72,132,0,0,49,49,13,1,47,131,3,1,44,42,9,0,0,0,0,0,28,24,29,6,0,0,0,0,1,132,0,0,54,102,16,4,58,19,42,13,77,122,30,32,21,24,44,39,1,0,0,13,26,26,39,35,1,0,0,0,3
0,0,15,84,6,5,27,5,2,6,112,139,5,6,4,1,25,139,139,54,9,0,1,11,7,62,72,33,93,11,0,3,0,0,0,1,10,17,16,3,38,5,9,12,10,40,22,14,139,50,29,6,60,10,2,17,5,5,7,9,139,33,0,0,0,0,0,7,26,4,0,0,61,12,0,16,30,9,1,2,139,15,0,0,78,21,0,10,2,0,0,0,139,56,0,1,0,0,0,0,17,16,0,0,60,4,0,1,16,21,1,7,138,9,0,0,87,12,0,3,0,0,0,2,139,22,0,0
97,89,32,0,2,6,64,70,78,35,9,3,3,6,37,79,9,13,65,85,50,134,134,51,15,40,134,100,32,134,134,35,39,97,48,0,0,0,0,2,37,14,0,3,1,0,0,15,42,18,92,64,15,7,0,9,15,76,134,92,4,1,0,0,33,1,0,0,0,0,0,12,38,16,2,0,0,0,0,6,108,13,1,0,0,0,0,3,75,44,14,0,0,0,0,3,18,13,21,0,0,0,0,2,39,19,7,0,0,0,0,2,59,17,5,0,0,0,0,7,49,3,1,0,0,0,11,33
4,0,0,0,0,68,75,12,61,21,7,0,0,7,26,38,125,50,9,0,0,0,0,25,82,77,6,0,0,0,0,13,45,3,0,2,11,31,23,29,125,79,38,0,0,0,5,43,104,83,55,1,0,5,10,26,117,75,0,0,0,0,0,31,32,46,51,21,11,3,0,3,125,73,19,0,0,0,19,89,106,125,7,0,0,7,50,56,71,125,2,0,0,0,0,1,0,73,46,1,0,0,0,0,19,125,23,0,0,0,0,5,83,125,1,0,0,0,0,4,20,44,3,0,3,1,0,1
1,0,0,1,134,45,0,0,4,7,5,16,48,6,0,0,11,41,94,134,12,0,0,0,0,1,56,134,12,0,3,8,0,0,0,7,134,31,0,0,32,5,0,10,51,5,0,7,121,32,12,18,35,8,0,18,3,1,13,109,114,33,1,1,0,0,0,0,134,46,0,0,42,9,0,1,50,17,0,1,134,20,0,0,59,14,0,6,2,0,0,0,134,48,1,0,0,0,0,0,134,33,0,0,44,13,0,0,14,7,0,0,84,19,0,0,68,11,0,0,0,0,0,0,134,23,0,0
30,63,0,0,0,1,0,1,19,54,4,0,9,52,20,9,14,3,1,0,0,11,25,52,1,0,1,2,0,0,25,44,35,70,0,0,2,78,14,2,34,13,0,0,33,141,43,34,141,25,11,5,1,27,29,101,20,11,32,51,0,0,1,6,10,7,1,4,30,141,21,1,78,96,0,0,6,141,12,5,141,85,1,1,0,5,13,81,18,2,14,29,0,0,42,98,0,17,64,117,72,51,2,0,34,141,75,10,2,13,1,0,34,56,4,5,0,0,9,17,0,0,0,0,0,0,37,65
0,0,99,133,48,6,8,3,1,34,133,14,0,0,35,19,29,133,132,2,1,0,32,28,32,90,34,10,11,0,2,8,0,0,35,49,79,6,0,0,57,37,101,4,1,0,0,5,133,125,49,4,25,1,0,4,8,12,13,10,99,4,0,0,4,0,0,0,79,35,1,3,100,0,0,0,1,1,0,8,133,0,0,0,33,0,0,8,14,0,0,2,120,0,0,0,10,0,0,5,64,8,0,1,84,0,0,0,0,0,0,3,133,0,0,0,24,0,0,5,13,0,0,1,95,2,0,0
139,27,0,0,0,0,3,23,32,9,0,1,12,9,31,74,36,18,9,0,2,19,27,139,1,2,6,1,4,60,14,3,139,45,1,2,2,1,0,2,42,7,2,15,81,42,8,23,139,8,0,2,12,12,10,79,17,9,12,9,4,7,2,4,139,73,3,5,7,0,0,0,50,16,5,41,139,7,0,1,139,39,3,4,23,2,0,4,34,63,54,4,0,2,0,0,133,39,0,2,7,0,0,0,41,12,0,28,139,2,0,0,139,50,0,5,21,0,1,17,37,31,9,0,0,23,19,16
2,0,2,37,106,62,4,0,3,2,42,124,12,14,12,2,21,63,124,124,1,0,0,15,8,63,124,43,23,0,1,8,0,0,0,0,124,59,1,0,32,3,4,3,17,20,13,15,124,45,62,11,15,17,3,32,9,9,38,34,124,60,1,3,0,0,0,0,124,40,0,0,53,19,0,0,31,11,0,2,124,37,0,0,44,29,1,8,11,6,0,0,119,77,0,1,0,0,0,1,72,20,0,0,49,66,2,3,10,0,0,0,58,69,1,4,91,15,0,0,22,10,0,0,98,24,0,0
0,0,150,150,2,3,0,0,2,5,150,150,0,0,0,0,6,6,150,150,0,0,4,37,1,2,133,110,0,0,37,110,0,0,3,4,1,14,9,1,5,1,36,25,0,0,10,5,19,8,138,101,0,0,0,2,1,0,150,150,2,0,0,1,0,0,0,0,1,5,3,0,18,2,0,0,0,0,2,3,45,5,0,0,2,1,0,2,2,0,8,13,9,8,0,0,0,0,0,0,0,0,0,0,7,1,0,0,0,0,0,0,14,3,0,0,2,0,0,0,0,0,0,0,7,3,0,0
207,36,0,0,41,18,0,2,157,31,6,1,0,1,1,0,0,1,15,2,0,1,4,0,0,0,3,0,0,0,1,0,207,48,0,0,24,24,1,8,158,14,0,0,0,11,18,12,0,0,1,0,0,16,40,0,0,0,0,0,0,3,13,0,207,19,0,0,3,13,8,39,123,5,0,2,6,5,4,3,0,0,0,1,5,6,8,0,0,0,0,0,0,1,3,0,207,17,0,0,0,0,5,37,91,9,4,9,3,0,0,0,0,0,3,13,3,0,0,0,0,0,3,1,0,0,0,0
0,0,0,0,0,2,10,3,45,2,0,0,0,0,3,4,146,19,0,0,8,0,0,1,28,2,0,0,110,13,0,0,24,23,9,0,0,9,105,68,74,7,1,0,1,6,18,41,146,12,0,0,17,3,1,16,27,1,0,0,146,48,0,0,24,124,146,13,20,8,22,19,95,26,18,19,46,9,1,6,146,16,0,0,20,11,1,9,17,0,0,0,146,48,0,2,5,8,18,3,32,34,34,17,77,4,0,2,45,29,1,6,146,6,0,0,15,11,1,11,6,0,0,0,135,40,0,1
17,85,127,106,0,0,0,0,110,127,61,7,0,0,0,0,11,30,17,74,72,0,0,0,21,3,2,54,67,0,0,3,24,41,52,46,1,0,0,1,127,52,22,23,1,0,0,1,23,8,16,97,81,0,0,0,18,1,0,80,127,0,0,1,8,29,29,49,50,1,0,2,127,12,3,13,12,0,0,34,51,1,1,63,73,0,0,15,9,3,0,115,127,0,0,0,9,0,0,14,67,2,0,11,93,0,0,6,19,0,0,30,72,0,1,25,25,0,0,24,1,0,0,75,110,0,0,0
33,2,0,2,52,3,0,0,141,2,0,2,8,0,0,7,16,0,0,31,108,0,0,0,12,3,0,37,141,0,0,1,41,0,0,11,67,0,0,1,141,15,1,6,5,0,0,4,28,6,2,47,130,0,0,0,9,0,0,26,141,0,0,3,30,0,0,14,86,0,0,5,141,2,0,2,8,0,0,29,46,1,0,22,141,0,0,3,7,0,0,27,141,0,0,0,17,0,0,15,75,0,0,4,141,0,0,1,9,0,0,25,51,0,0,14,110,0,0,5,4,0,0,30,141,0,0,0
14,0,0,0,0,0,8,11,140,10,0,0,3,0,1,7,51,3,0,0,103,18,0,0,21,1,0,0,140,26,0,0,39,22,11,6,7,3,12,30,140,9,0,0,9,3,2,14,56,2,0,0,140,46,0,0,31,0,0,0,140,51,0,2,30,19,18,13,54,21,2,1,140,12,0,0,10,7,1,8,38,0,0,0,140,47,1,5,41,1,0,0,140,27,0,0,28,0,0,0,38,22,3,7,140,2,0,0,7,7,1,17,19,0,0,0,122,47,1,3,39,0,0,0,139,37,0,3
0,0,0,0,47,57,0,0,12,2,0,0,59,61,0,0,141,30,0,0,7,4,0,2,78,6,0,0,8,13,3,21,0,0,0,0,65,78,0,0,33,1,0,0,55,72,2,8,141,14,0,0,2,9,4,14,34,1,0,0,10,68,44,26,0,0,0,0,41,116,0,0,72,4,0,0,21,92,8,12,141,11,0,0,3,88,27,28,8,0,0,3,31,141,108,5,0,0,0,5,60,42,0,0,67,1,0,7,36,20,3,18,55,1,0,9,58,108,23,24,0,0,1,105,129,141,13,0
136,74,0,0,0,0,0,1,136,35,1,0,0,0,0,8,45,34,25,0,0,0,0,5,10,33,44,0,0,0,0,0,136,136,1,0,0,0,0,0,110,75,1,0,0,0,0,12,136,43,7,0,0,0,0,20,41,74,65,0,0,0,0,4,136,89,1,0,0,0,0,11,59,28,1,0,0,0,0,2,136,17,0,0,0,0,0,44,111,7,1,0,0,0,0,43,136,27,1,0,0,0,0,11,29,94,22,0,0,0,0,0,48,100,46,0,0,0,0,6,72,76,12,1,2,0,0,7
12,0,0,0,0,0,0,7,160,7,0,0,0,0,0,55,160,12,0,0,0,0,0,65,7,1,2,0,0,0,0,2,7,6,5,0,0,0,0,1,160,9,0,0,0,0,0,78,160,13,0,0,0,0,0,138,32,2,0,0,0,0,0,7,7,6,3,0,0,0,0,1,160,68,1,0,0,0,0,5,160,118,0,0,0,0,0,9,30,8,0,0,0,0,0,0,8,2,0,0,0,0,0,2,160,15,0,0,0,0,0,3,160,28,0,0,0,0,0,2,12,1,0,0,0,7,9,0
136,136,0,0,0,0,0,0,136,135,0,0,0,0,0,10,75,13,0,0,0,0,0,39,90,0,0,0,0,0,0,69,136,81,0,0,0,0,0,1,104,47,2,0,0,0,0,35,66,7,0,0,0,0,0,58,102,0,0,0,0,0,0,81,136,65,0,0,0,0,0,13,71,72,21,0,0,0,0,11,31,60,15,0,0,0,0,4,68,31,8,0,0,0,0,32,136,6,0,0,0,0,0,75,100,10,1,0,0,0,0,67,42,58,10,0,0,0,0,16,19,98,33,0,0,0,0,1
0,0,6,11,1,1,96,81,2,11,106,53,0,0,55,50,4,33,118,40,37,3,15,17,1,3,35,118,59,20,23,7,0,0,0,0,0,0,118,108,15,1,0,0,0,0,118,118,75,6,2,7,2,0,44,118,12,1,42,57,8,4,2,6,42,5,0,0,0,0,29,64,118,29,0,0,0,0,12,42,118,54,0,0,0,0,7,51,19,5,2,4,5,3,15,12,62,15,0,0,0,0,16,44,75,8,0,0,0,0,35,63,63,4,0,0,0,0,97,118,2,0,0,0,0,1,118,56
44,9,1,0,0,0,0,29,102,0,0,0,0,0,0,50,94,0,0,4,13,0,0,49,2,0,8,217,217,0,0,1,21,50,19,0,0,0,0,2,76,31,11,0,0,0,0,23,161,20,2,0,0,0,0,52,15,2,11,115,27,30,4,6,46,50,12,0,0,0,0,15,25,139,72,0,0,0,0,1,52,97,30,0,1,0,0,3,7,4,0,15,75,23,2,1,98,10,0,0,0,0,0,50,72,31,6,0,0,0,0,55,9,11,6,1,3,4,1,7,0,0,0,17,42,90,36,3
2,0,0,2,12,8,101,75,32,40,20,35,28,12,31,45,138,104,10,3,0,0,1,10,22,5,0,0,0,0,0,0,21,0,0,87,22,3,53,59,138,39,3,2,1,0,18,97,125,88,1,0,0,0,0,3,5,4,0,0,0,0,0,0,20,5,1,130,134,8,0,6,138,42,2,14,13,0,0,51,138,13,0,0,0,0,0,13,1,0,0,0,0,0,0,0,6,7,33,111,65,8,0,0,138,59,35,26,4,0,0,35,106,11,0,0,0,0,0,49,3,0,0,0,0,0,0,1
0,0,0,0,92,124,7,0,61,8,0,0,32,72,34,112,62,5,0,0,0,0,11,124,3,0,0,0,5,2,10,17,15,3,0,1,124,124,5,1,124,103,3,0,16,32,9,18,85,113,22,0,0,0,1,34,15,19,3,1,1,0,1,9,19,3,3,106,85,48,1,4,124,24,5,20,4,2,0,64,124,31,9,0,0,0,0,35,2,8,2,0,7,8,0,0,6,12,14,122,19,3,0,0,111,87,28,51,5,0,1,11,101,28,0,0,0,1,17,16,1,0,0,0,4,8,18,3
8,4,0,106,69,3,5,11,123,129,0,9,7,0,0,0,62,121,0,0,35,67,0,0,32,7,0,0,31,119,12,6,19,5,6,20,50,31,62,40,129,41,0,5,14,21,9,16,58,13,0,0,81,129,10,12,93,1,0,0,29,89,10,32,12,13,129,31,0,2,13,5,103,26,37,16,20,49,42,32,13,0,0,4,34,129,40,11,96,0,0,0,4,23,3,38,0,0,56,36,26,1,0,0,0,0,14,32,110,11,1,0,4,0,0,22,65,14,1,0,69,1,0,1,1,0,0,13
7,0,0,0,0,0,9,97,8,1,0,2,2,24,35,92,1,5,2,8,12,124,43,3,2,32,36,0,0,68,17,0,16,1,1,14,1,0,16,39,124,55,20,29,4,6,14,46,20,26,25,124,36,22,3,6,30,47,33,27,5,2,33,68,19,3,25,90,0,0,0,2,124,22,12,20,0,0,0,55,75,6,13,124,69,0,0,23,0,0,0,105,98,0,26,23,1,2,62,110,0,0,0,0,124,10,18,68,2,0,0,40,108,0,0,34,79,0,0,47,0,0,0,90,124,0,0,0
123,60,0,0,0,22,23,3,138,69,0,0,0,0,1,35,33,7,3,17,19,24,12,30,10,7,19,22,12,62,30,15,138,92,0,0,0,0,0,14,138,73,3,3,0,0,0,35,30,17,20,57,30,62,24,16,0,8,78,22,15,113,29,3,102,89,0,0,0,0,0,11,138,47,2,2,0,0,0,35,87,18,70,77,8,1,0,5,0,25,138,35,4,1,0,0,73,58,0,0,0,0,0,0,138,60,0,0,0,0,0,0,85,21,5,0,0,0,1,4,1,2,12,3,1,0,2,6
0,0,95,125,10,6,2,0,0,36,55,76,5,1,2,0,0,56,97,0,0,0,0,0,2,48,84,0,0,0,0,0,0,0,21,88,36,84,125,3,35,53,63,68,30,26,32,19,10,82,125,0,0,0,0,0,0,81,124,0,0,0,0,0,11,9,24,29,31,27,111,12,125,13,2,1,6,7,28,57,109,60,45,0,0,0,0,4,5,68,48,0,0,0,0,0,15,6,15,20,112,48,0,1,125,0,0,0,11,3,0,24,125,5,0,0,0,0,0,31,31,10,0,0,0,0,0,8
63,0,0,4,83,24,0,25,154,2,0,0,0,0,0,90,64,2,0,0,0,7,17,72,6,0,0,0,0,140,47,17,54,16,4,8,25,18,0,4,154,37,1,1,3,13,5,28,52,9,0,1,25,154,58,19,0,0,0,0,0,154,100,3,41,20,3,0,0,1,6,19,153,20,0,0,0,59,85,87,10,0,0,0,14,154,58,10,0,0,1,1,5,94,10,0,2,0,0,0,0,1,21,27,2,0,0,0,0,19,59,38,0,0,0,0,3,44,19,1,0,4,5,1,1,2,0,0
6,19,7,0,0,0,0,0,9,57,52,10,0,0,0,0,0,12,29,38,15,2,0,0,69,1,1,6,3,2,2,42,49,10,0,0,0,0,0,6,157,113,52,47,0,0,0,8,14,19,52,157,31,2,1,1,12,0,22,92,7,2,9,34,63,1,0,0,0,2,2,10,157,35,5,9,0,0,0,48,58,16,41,157,12,0,1,18,0,0,122,157,0,0,0,2,68,5,0,0,2,2,0,2,157,78,4,0,0,0,0,2,50,43,68,26,0,0,0,1,0,0,84,70,0,0,0,0
25,7,1,0,0,0,0,6,136,18,0,0,0,0,0,13,136,13,0,0,0,0,0,26,8,5,2,0,8,8,1,3,26,83,30,0,0,0,0,2,136,119,33,0,0,0,0,23,136,19,2,0,0,0,0,99,32,1,0,10,20,2,0,14,114,88,9,0,0,0,0,16,72,136,67,0,0,0,0,10,106,136,18,0,0,0,0,10,35,31,3,8,2,0,0,2,111,12,0,0,0,0,0,77,136,118,2,0,0,0,0,29,15,116,13,0,0,0,0,0,1,18,7,0,0,0,0,0
1,2,1,9,10,3,0,0,54,98,0,0,1,0,0,0,119,125,0,0,0,0,0,0,34,36,0,0,0,0,0,0,10,11,7,125,45,0,0,0,125,125,0,3,1,0,0,12,125,90,0,0,0,0,0,23,26,4,0,0,0,0,0,15,7,2,11,125,125,0,0,3,125,30,34,26,7,0,0,105,96,10,3,0,0,0,0,122,25,0,0,0,0,1,2,36,0,0,73,125,29,0,0,0,19,37,125,58,14,6,0,9,36,18,33,14,25,20,7,54,21,0,0,0,0,1,7,60
0,0,0,0,94,98,17,4,124,25,0,0,29,23,24,134,135,19,0,0,0,0,0,62,2,0,0,0,0,0,0,0,16,3,0,0,10,115,53,1,135,121,0,0,5,12,4,13,135,76,0,0,0,0,0,7,3,1,0,0,0,0,0,0,20,12,1,0,0,6,6,3,135,14,0,0,0,0,0,135,105,5,0,0,0,0,0,135,3,0,0,0,0,0,0,6,4,5,0,0,0,0,0,2,47,1,0,0,0,0,0,107,68,0,0,0,0,0,0,135,13,0,0,0,0,0,0,70
56,0,0,0,0,0,4,79,179,0,0,0,0,0,0,149,70,0,0,0,0,0,0,31,0,0,0,0,0,0,0,0,77,1,3,7,0,0,0,16,179,4,0,0,0,0,0,53,169,3,0,0,0,0,0,17,1,0,0,0,0,0,0,0,67,9,1,6,3,0,0,1,179,43,0,0,0,0,0,5,175,14,0,0,0,0,0,0,1,0,0,0,2,0,0,0,69,10,0,2,1,0,0,2,179,66,0,0,0,0,0,0,99,17,0,0,0,0,0,0,0,0,0,0,2,0,0,0
61,7,2,0,0,0,0,50,76,12,1,0,0,0,0,18,129,1,0,1,0,0,0,84,49,0,0,10,4,0,0,42,122,3,0,2,1,0,0,57,81,12,6,1,0,0,0,27,125,17,0,0,0,0,0,66,124,7,4,11,1,0,0,61,111,4,0,1,1,0,3,61,122,31,21,2,0,0,0,43,83,59,7,0,0,0,0,4,115,9,0,2,1,0,0,69,34,1,0,0,0,0,142,142,142,10,2,0,0,0,26,142,51,31,4,0,0,0,0,11,60,13,4,0,0,0,0,22
54,0,0,0,50,0,0,0,148,0,0,0,0,0,0,10,104,9,0,0,0,0,3,15,148,43,1,0,0,0,0,1,64,3,0,5,60,0,0,0,148,10,0,0,1,0,0,4,140,19,3,0,0,0,0,8,148,4,0,0,0,0,0,13,39,30,7,24,33,0,0,0,148,44,1,0,0,0,0,18,130,5,0,0,0,0,4,43,148,9,0,0,0,0,0,5,42,21,1,6,27,0,0,0,125,64,2,0,0,0,0,3,110,16,3,1,0,0,0,13,148,2,0,0,0,0,0,11
16,10,3,39,38,0,0,0,132,26,2,3,1,0,0,23,110,3,0,0,0,0,4,46,132,1,0,0,2,0,0,31,23,5,0,31,89,0,0,1,132,47,2,1,2,0,0,8,121,30,8,4,0,0,0,18,132,5,0,0,0,0,0,42,13,0,0,29,130,2,1,9,132,6,0,2,9,1,1,69,122,39,9,4,0,0,0,12,132,30,0,0,0,0,0,9,2,1,1,71,81,0,0,1,132,15,4,24,10,0,0,22,132,4,0,0,0,0,0,18,132,2,0,0,0,0,0,20
0,0,0,0,0,5,143,35,8,0,0,0,0,0,49,99,9,4,0,0,0,0,8,44,2,0,0,0,0,0,0,5,23,2,0,0,0,28,143,114,143,18,0,0,0,0,32,143,60,48,11,0,0,0,1,18,3,5,3,0,1,0,0,2,51,116,143,43,0,7,34,22,143,143,17,0,0,0,1,41,74,26,2,0,0,2,4,5,0,0,0,0,1,6,3,0,1,77,143,38,0,0,0,0,13,143,53,2,0,0,0,1,4,10,5,7,0,0,1,0,0,0,0,3,0,1,0,0
28,2,0,0,22,2,0,0,70,3,0,0,0,0,0,4,80,5,0,0,11,0,0,2,6,0,0,0,79,7,0,0,64,3,0,0,39,7,0,9,141,3,0,0,0,0,0,47,147,16,0,2,49,3,0,22,17,3,0,1,147,28,0,0,47,0,0,0,32,16,4,44,147,21,0,0,0,0,0,33,147,36,0,0,65,22,0,5,12,0,0,0,147,91,3,0,54,6,1,6,29,2,0,4,147,19,0,0,0,0,0,2,147,20,0,0,86,14,0,0,3,0,0,0,147,47,1,0
7,1,2,26,5,0,0,2,9,41,47,60,6,0,0,0,21,84,63,130,53,0,0,0,0,0,5,143,143,0,0,0,11,0,0,1,6,2,0,10,58,18,3,5,5,1,0,1,136,33,4,56,71,0,0,1,2,1,0,143,143,0,0,0,9,0,0,0,4,2,1,24,68,0,0,0,0,0,0,9,143,3,0,17,51,0,0,14,9,1,0,102,143,0,0,0,21,0,0,0,6,0,0,8,46,0,0,0,0,0,0,10,138,0,0,5,19,0,0,27,15,0,0,60,143,0,0,2
7,0,0,11,42,106,124,44,148,0,0,0,0,2,65,148,52,0,2,1,2,1,12,39,0,0,3,6,5,3,17,0,27,7,3,134,120,11,4,6,148,26,3,15,7,1,4,39,112,0,0,0,1,45,42,22,0,0,0,0,1,25,80,14,8,10,58,148,56,0,0,0,148,81,71,45,3,6,6,16,55,10,14,2,3,53,48,23,10,6,7,2,9,21,17,11,0,0,54,68,3,0,0,0,8,26,74,43,2,0,0,0,5,25,46,2,1,2,0,1,4,16,34,3,3,1,0,0
65,42,152,24,8,1,3,66,33,57,152,9,0,0,0,36,17,152,152,0,1,2,3,2,10,64,9,1,0,0,16,8,68,28,24,9,7,1,8,78,152,19,2,0,0,0,3,106,52,10,3,0,16,15,8,5,0,0,0,0,3,4,20,9,94,34,3,5,15,6,22,62,152,79,0,0,0,2,5,20,29,1,0,0,3,29,37,16,0,0,0,0,0,2,27,18,152,28,4,2,9,11,17,58,125,21,0,0,0,0,2,41,4,2,2,0,0,4,5,7,0,1,4,1,0,0,7,5
0,0,0,0,44,123,18,0,15,7,0,0,116,123,2,0,71,21,0,0,8,17,2,6,31,29,0,0,0,1,1,3,0,0,0,0,123,123,2,0,70,23,0,0,70,123,2,10,71,39,0,0,0,0,0,8,79,78,0,0,0,0,0,0,9,3,0,0,123,123,1,0,105,13,0,0,21,37,3,31,95,16,0,0,0,0,0,52,123,65,0,0,10,27,2,2,23,13,0,0,91,105,0,1,59,37,0,0,2,2,0,2,108,55,0,0,0,0,0,5,71,25,0,0,39,81,4,1
0,20,19,39,44,12,0,0,96,18,3,2,16,21,3,6,132,15,0,0,0,0,0,41,79,1,7,16,0,0,0,64,4,0,1,63,132,19,0,0,132,38,0,0,33,17,1,4,132,35,0,0,0,0,0,16,127,5,0,0,0,4,2,15,10,3,0,25,132,13,0,0,132,23,0,1,35,5,0,19,132,3,0,0,0,0,0,77,122,13,0,0,20,12,0,14,10,8,0,8,132,18,0,0,85,41,0,2,15,0,0,8,132,12,0,0,0,0,0,16,109,6,0,0,35,27,2,7
41,8,0,12,87,23,0,1,122,42,0,0,1,1,0,11,122,14,0,0,0,0,0,13,48,1,0,0,20,76,7,12,63,25,0,5,122,16,0,1,122,21,0,0,0,0,0,45,122,19,0,0,9,5,0,29,22,6,0,0,116,121,3,1,55,26,0,1,95,20,0,10,122,26,0,0,0,0,0,25,122,18,0,0,23,38,5,17,9,1,0,0,122,122,3,1,21,0,0,0,20,11,0,20,75,0,0,0,0,0,1,69,75,0,0,0,20,113,18,37,0,0,0,0,35,122,38,0
12,16,24,5,0,0,0,0,18,36,92,18,3,0,0,1,2,14,67,114,162,17,0,0,81,6,8,109,162,65,29,121,31,24,0,0,0,1,0,0,53,11,0,0,1,0,0,10,18,2,7,162,112,0,0,6,37,34,162,162,125,1,1,13,24,28,0,0,0,0,0,0,34,17,0,0,0,0,0,1,28,4,3,21,1,13,5,4,0,1,78,101,4,17,11,2,27,6,0,0,0,0,0,2,19,12,0,0,1,5,0,0,4,1,0,0,1,48,10,1,0,0,0,0,0,17,16,11
41,9,5,3,4,4,36,131,5,0,0,0,0,0,43,84,5,0,0,0,0,0,1,13,0,0,0,0,0,0,3,0,19,32,17,98,139,45,82,83,139,21,4,15,27,15,85,139,80,2,0,0,2,0,0,25,0,0,0,0,2,1,1,0,18,25,48,139,139,5,10,26,139,139,84,95,25,2,2,31,87,29,1,5,6,0,0,2,0,0,0,1,6,5,0,0,75,2,13,43,6,2,10,91,24,42,31,34,11,7,4,21,18,8,0,1,5,6,10,22,0,0,0,0,6,9,2,0
13,3,0,8,136,13,10,15,167,7,1,0,29,7,17,92,47,12,17,16,3,5,3,7,0,13,10,2,0,0,0,0,21,1,0,41,167,2,0,1,167,29,1,9,60,1,0,7,100,20,12,41,5,0,0,1,0,3,29,13,0,0,0,0,18,0,0,9,86,23,2,4,167,13,0,2,37,15,2,41,132,30,24,17,2,0,0,15,0,36,83,8,0,0,0,0,12,1,0,0,0,2,0,1,167,52,0,0,0,2,1,5,128,83,11,0,0,0,2,2,1,33,30,0,0,15,11,1
21,10,3,21,42,14,0,0,4,0,0,0,9,42,11,6,87,1,0,0,39,31,9,35,30,3,0,0,126,118,1,4,8,3,1,8,63,75,38,22,25,0,0,0,27,74,13,10,126,7,0,2,117,37,7,18,61,20,6,13,126,100,0,2,16,0,0,0,2,25,69,42,53,4,0,0,18,43,26,9,126,37,23,51,65,8,6,23,18,58,126,118,105,11,15,2,3,0,0,0,0,2,54,11,34,0,0,0,0,4,29,46,70,8,7,6,0,2,80,104,1,5,44,14,0,17,126,9
81,2,0,0,6,30,81,119,137,1,6,19,5,3,16,137,17,14,13,21,20,13,8,31,13,2,0,0,1,3,10,25,137,57,2,0,3,15,16,51,137,84,1,3,2,1,4,98,48,28,7,35,25,6,3,19,21,6,1,1,0,0,5,9,137,73,0,0,0,0,2,63,137,53,0,0,0,0,1,79,45,9,2,11,12,9,9,21,1,1,0,1,0,1,5,1,137,71,0,0,0,0,16,90,137,109,0,0,1,0,2,10,15,8,0,2,14,8,10,8,5,0,0,0,0,1,5,10
53,2,1,8,28,16,20,60,113,9,6,1,5,14,20,93,4,73,37,1,2,8,1,0,0,98,32,0,0,9,3,0,94,16,5,53,90,2,0,6,137,50,9,8,20,0,1,26,36,110,45,0,2,41,9,5,0,32,13,0,0,58,22,0,85,22,14,70,70,0,0,0,137,62,19,28,21,1,6,48,43,44,5,0,1,41,24,29,0,121,39,0,0,13,3,0,70,52,30,20,3,0,0,1,26,137,60,10,1,0,0,1,7,137,71,0,0,3,1,1,0,137,46,0,0,40,7,0
2,0,0,46,72,5,1,0,65,3,0,6,6,4,19,41,22,1,0,58,68,0,7,37,93,0,0,19,22,0,0,75,1,0,5,17,86,127,39,3,18,9,26,2,5,78,127,92,110,23,4,35,36,1,44,127,75,2,0,52,59,0,0,43,0,6,127,49,54,92,12,0,16,51,127,16,3,26,29,11,127,121,47,10,17,20,39,40,34,4,0,21,77,48,16,21,0,2,40,8,2,36,51,0,0,2,36,7,2,45,49,0,5,4,4,0,0,22,63,9,5,0,0,0,3,28,21,6
12,6,0,2,13,61,112,13,2,1,0,0,27,85,116,36,33,48,1,0,8,9,9,23,13,42,3,0,44,30,0,0,0,0,15,116,41,42,58,8,21,10,25,116,9,12,111,112,116,46,7,3,8,10,15,116,35,17,0,0,69,64,0,4,0,0,5,69,6,3,49,46,19,61,100,116,6,2,15,27,79,116,69,10,38,41,8,16,51,60,0,0,56,49,0,0,0,0,0,0,0,0,14,13,9,9,5,0,0,0,29,64,14,19,5,0,13,56,65,29,83,97,0,0,9,20,2,0
0,15,53,0,0,21,92,0,0,27,82,0,0,18,90,2,1,14,88,32,8,12,66,6,0,0,7,30,20,10,36,0,0,20,66,0,4,35,52,6,5,15,44,1,30,125,119,27,46,11,29,19,30,37,125,125,2,0,2,19,76,21,7,7,0,5,21,11,27,22,43,6,41,13,5,53,125,89,20,8,125,71,3,13,27,12,17,45,12,8,1,21,58,5,1,2,0,17,108,27,6,2,8,0,20,21,48,125,71,3,3,0,125,80,26,39,27,0,0,0,8,4,2,16,73,0,0,0
93,9,0,0,0,0,14,43,132,0,0,0,0,0,0,120,122,0,0,0,0,0,0,97,10,0,0,0,0,1,0,7,114,12,1,0,0,0,0,17,132,20,0,0,0,0,0,56,132,16,0,0,0,0,0,100,29,1,0,0,0,3,2,17,81,116,2,0,0,0,0,24,86,132,17,0,0,0,0,5,105,132,20,0,0,0,0,14,34,4,0,0,0,0,1,27,69,132,14,6,0,0,0,5,70,132,8,0,0,0,0,13,10,36,17,5,1,7,0,3,7,0,1,3,2,58,41,11
11,13,0,0,42,77,25,2,5,28,2,0,36,43,2,0,36,62,3,0,23,29,0,0,24,42,0,1,32,53,0,0,4,0,2,39,15,56,116,72,96,44,1,1,7,12,28,97,31,49,3,0,81,75,0,2,70,116,1,0,24,21,0,0,13,25,50,116,11,3,23,34,116,116,49,19,23,22,6,65,70,63,0,0,74,75,0,3,110,116,1,0,25,26,0,0,9,17,22,18,1,1,21,48,15,61,30,4,25,62,44,28,88,116,0,0,25,36,1,0,46,63,0,0,66,63,0,0
7,22,57,42,2,2,26,26,16,73,128,86,0,0,0,3,66,128,68,29,12,0,0,0,5,15,8,66,128,0,0,0,20,59,103,30,6,2,1,14,38,53,61,48,61,3,0,6,128,46,7,25,34,0,0,5,11,5,2,79,128,0,0,0,46,5,0,3,19,2,1,20,53,4,0,15,104,5,0,11,128,5,0,11,29,0,0,13,17,3,1,66,128,0,0,1,40,9,0,4,15,2,6,8,41,6,0,24,77,0,0,9,128,3,0,9,26,0,0,22,25,2,0,38,128,0,0,3
0,4,44,6,0,0,9,4,5,11,20,3,5,3,2,3,48,6,0,0,2,1,0,1,9,0,0,0,29,12,0,0,3,0,2,0,0,1,24,71,10,0,1,0,11,12,3,6,58,3,0,0,4,4,0,2,5,0,0,0,38,19,0,0,29,0,0,0,0,0,9,174,24,0,0,0,6,7,12,78,53,4,0,0,6,5,3,8,3,0,0,0,42,23,9,0,174,77,0,0,0,0,0,174,68,28,6,1,2,4,17,110,13,0,0,0,17,174,149,38,0,0,0,0,8,174,174,11
1,0,7,8,2,9,32,9,8,4,27,19,0,0,8,18,25,2,16,20,0,0,2,30,58,0,0,0,0,0,0,34,10,0,0,0,0,18,134,61,134,18,17,12,0,0,22,102,31,15,46,103,0,0,0,2,39,3,8,19,0,0,0,29,60,57,75,0,0,24,134,60,134,93,10,1,0,0,11,73,69,27,31,90,0,0,0,0,4,0,12,116,1,0,0,6,10,108,134,0,0,0,1,0,134,134,47,0,0,0,0,7,71,20,14,15,0,0,0,16,1,1,11,108,1,0,0,0
14,1,0,0,4,2,0,0,0,0,0,0,27,9,0,0,20,3,0,0,6,2,0,0,10,2,0,0,0,0,0,0,14,0,0,0,7,4,0,0,2,0,0,0,31,14,0,0,33,1,0,0,4,2,0,0,11,1,0,0,0,0,0,1,9,0,0,0,8,13,16,2,3,0,0,0,26,25,46,4,28,1,0,0,2,2,36,18,6,0,0,0,0,9,45,4,0,0,0,0,12,208,186,3,0,0,0,0,1,110,208,27,1,0,0,0,0,16,208,100,0,0,0,0,0,130,208,11
0,198,198,0,0,0,0,0,0,148,198,5,0,0,0,0,7,198,198,0,0,0,0,0,8,102,37,10,3,0,0,0,0,83,102,4,4,0,0,0,4,12,73,16,19,0,0,0,36,21,16,1,1,0,0,3,9,3,1,4,11,0,0,0,0,0,1,4,7,0,0,0,3,0,0,10,28,0,0,0,42,2,0,1,4,0,0,1,13,1,0,3,8,0,0,0,0,0,0,1,8,0,0,0,1,0,0,3,23,0,0,0,31,0,0,1,5,0,0,1,15,1,0,2,6,0,0,0
1,0,0,9,7,2,6,0,24,1,2,7,1,0,2,40,15,0,0,0,0,0,11,44,28,36,1,0,0,0,0,4,19,2,4,14,7,4,66,92,32,7,11,57,11,0,3,54,109,10,0,4,1,0,4,71,108,57,0,0,0,0,0,2,127,116,11,3,0,0,45,127,75,76,25,119,44,0,0,9,127,54,4,27,11,0,0,4,127,45,0,0,0,0,0,1,127,127,70,10,0,0,1,12,25,68,15,113,81,0,0,0,85,21,3,37,29,0,0,5,111,11,0,0,0,0,0,11
0,0,0,0,2,83,15,0,0,0,0,0,17,129,12,0,52,18,0,0,17,86,12,3,129,60,0,0,0,5,11,9,0,0,0,0,6,129,29,0,7,0,0,0,32,129,14,1,129,29,0,0,3,63,36,22,76,19,0,0,5,129,129,19,0,0,0,11,33,39,6,0,16,1,0,23,116,37,1,3,78,4,0,9,50,64,24,25,3,0,0,81,129,129,76,5,0,0,0,4,7,0,0,0,7,0,0,6,47,15,1,3,29,11,5,31,24,6,1,9,0,0,5,129,69,1,0,0
46,17,7,98,51,0,0,3,127,16,0,1,0,0,0,29,103,10,0,0,0,0,0,25,26,24,3,0,0,0,0,8,26,3,3,127,127,0,0,2,127,37,0,13,12,0,0,12,105,29,0,0,0,0,0,12,55,4,0,0,0,0,0,34,11,2,2,127,127,0,0,1,127,9,4,55,39,0,0,46,103,15,0,0,0,0,0,35,39,52,0,0,0,0,0,5,17,1,0,116,110,0,0,5,70,0,0,81,105,0,0,51,127,7,0,0,0,0,0,71,50,22,0,0,0,0,0,17
0,0,40,88,6,5,59,41,0,0,63,129,16,27,34,4,0,12,49,86,11,13,19,0,0,24,70,0,0,0,9,1,2,14,8,4,0,1,129,124,6,7,17,50,21,43,129,31,67,42,59,39,18,17,39,18,6,58,129,0,0,0,0,0,2,129,53,4,8,23,9,8,35,29,36,30,84,66,21,7,129,29,2,1,9,4,5,11,58,43,25,0,0,0,0,3,0,59,15,0,11,129,7,0,40,21,2,0,25,105,4,0,129,45,0,0,1,4,6,6,42,2,0,0,0,19,45,19
20,0,0,33,14,0,8,128,6,6,1,128,72,5,9,38,124,128,2,20,11,2,0,0,69,65,0,0,25,78,6,3,6,0,50,32,1,0,16,87,18,6,40,25,35,27,79,78,128,44,7,7,16,44,22,29,41,10,0,0,49,128,17,23,7,6,128,57,0,0,0,3,5,8,128,51,4,0,7,4,45,17,59,39,60,45,22,17,24,0,0,6,39,105,16,14,42,15,41,3,0,0,0,14,0,1,45,47,39,0,0,0,0,0,4,40,128,1,0,0,14,1,0,14,64,1,0,1
0,0,22,24,8,62,51,3,11,7,48,8,1,7,56,45,7,1,33,92,27,0,0,7,0,0,12,130,52,0,1,0,7,1,0,0,8,130,130,41,130,9,0,0,0,5,85,116,63,8,1,20,55,5,0,8,0,0,1,86,71,0,0,0,20,70,130,21,21,30,49,28,130,130,77,0,0,3,16,26,50,9,6,5,27,16,4,8,0,3,17,27,38,1,0,0,37,83,128,6,2,0,1,2,6,55,71,6,22,18,2,0,2,4,3,1,8,36,54,26,0,0,5,6,9,49,67,12
4,0,0,22,130,17,13,17,130,0,0,0,7,3,7,130,92,0,0,0,0,0,0,89,3,0,0,0,0,0,0,2,8,1,0,6,130,37,0,1,130,9,0,0,13,1,0,82,130,10,0,0,0,0,0,124,17,0,0,0,0,0,0,7,11,5,0,0,106,84,0,0,130,70,0,0,3,1,0,6,130,105,0,0,0,0,0,10,16,6,0,0,0,0,0,0,11,15,2,0,9,25,1,2,130,88,0,0,0,0,0,0,130,67,0,0,0,0,0,0,3,1,0,0,0,0,0,0
70,0,0,12,35,2,6,162,115,0,0,0,0,0,0,176,22,0,0,0,0,0,0,25,0,0,0,0,0,0,0,0,83,3,0,11,98,4,0,31,176,24,0,0,0,0,0,98,115,8,0,0,0,0,0,12,0,0,0,0,0,0,0,0,77,16,1,1,52,21,0,5,176,27,0,0,0,0,0,24,133,5,0,0,0,0,0,5,0,0,0,0,0,0,0,0,43,6,0,0,2,4,12,31,176,10,0,0,0,0,0,58,115,1,0,0,0,0,0,11,0,0,0,0,0,0,0,0
80,5,0,0,20,2,0,5,175,29,0,0,0,0,0,11,139,14,0,0,0,0,0,2,0,0,0,0,0,0,0,0,86,26,1,0,7,2,0,3,175,41,0,0,0,0,0,10,172,10,0,0,0,0,0,3,0,0,0,0,0,0,0,0,75,7,0,0,0,0,5,44,175,10,0,0,0,0,0,55,171,2,0,0,0,0,0,13,1,0,0,0,0,0,0,0,70,26,0,0,0,0,1,20,175,80,0,0,0,0,0,16,132,17,0,0,0,0,0,1,1,0,0,0,0,0,0,0
59,1,0,34,91,0,0,15,142,1,0,0,0,0,0,74,50,0,0,0,0,0,1,13,0,0,0,0,0,0,1,2,31,17,30,142,48,1,0,1,142,51,16,14,0,3,9,25,68,0,0,0,0,25,102,26,0,0,0,0,0,1,46,47,4,14,72,85,1,0,0,0,72,30,42,60,11,32,29,21,9,0,1,47,27,121,142,48,0,0,0,4,2,4,100,142,20,8,18,16,0,0,0,4,0,0,22,102,7,2,0,0,0,0,6,142,97,7,3,4,0,0,0,17,49,4,38,77
0,0,7,5,5,31,4,0,0,0,2,8,30,94,2,0,0,0,3,13,24,132,52,6,0,0,6,3,1,31,132,21,1,0,0,0,0,104,64,7,52,16,42,29,15,69,26,31,9,8,132,132,22,36,4,0,0,0,132,57,1,8,12,1,12,40,6,0,0,60,119,21,132,107,15,1,0,14,21,47,62,23,96,31,0,0,0,2,0,0,132,22,0,0,0,0,34,132,29,0,0,0,5,2,34,132,36,0,0,0,0,0,13,20,0,0,0,0,0,0,1,1,1,0,0,0,0,0
0,0,0,1,42,13,0,0,53,16,0,0,12,7,0,0,115,54,0,0,0,0,0,0,57,65,0,0,2,6,0,0,1,2,0,0,43,22,0,0,78,11,0,0,4,2,1,9,145,60,0,0,0,0,0,5,47,30,0,0,5,29,3,2,0,0,0,0,16,34,87,2,64,1,0,0,0,10,69,70,145,12,0,0,0,0,21,108,17,1,0,0,0,15,27,30,1,5,34,15,20,33,130,8,7,1,6,6,47,113,145,145,39,0,0,0,0,8,145,145,62,0,0,0,0,0,9,103
17,0,0,0,28,12,8,48,35,0,0,0,139,56,10,33,139,0,0,0,23,10,15,108,13,0,0,0,0,15,26,15,25,0,0,1,30,24,11,46,53,8,8,39,139,24,1,25,139,53,13,9,38,5,7,73,17,30,22,0,0,6,34,18,56,1,0,2,18,24,9,36,59,34,109,109,76,7,19,31,50,139,109,24,8,29,56,5,4,44,29,0,0,47,97,1,17,0,0,0,0,9,29,52,20,2,11,2,0,22,105,70,2,7,12,1,0,58,110,4,0,7,13,0,0,30,62,0
0,15,101,0,0,2,11,0,0,26,133,2,1,6,14,1,0,14,122,51,14,2,9,3,0,1,21,64,24,0,0,0,0,12,81,3,5,35,53,0,9,11,59,4,49,133,123,23,75,7,29,22,53,32,106,106,8,18,12,30,76,5,1,2,0,2,38,19,38,11,14,0,50,16,3,21,133,51,13,7,133,67,1,14,50,8,8,26,17,29,11,28,39,0,0,0,0,9,29,26,47,0,0,0,49,35,11,64,133,5,0,0,133,99,6,22,23,0,0,0,4,13,9,32,19,0,0,0
49,0,0,2,18,68,34,115,172,1,0,0,1,0,2,172,17,6,12,5,4,0,0,9,0,3,9,1,5,2,0,0,79,3,2,9,33,20,7,25,172,7,0,0,0,0,0,86,92,13,7,1,10,7,0,8,0,0,4,3,13,8,0,0,57,34,39,103,19,4,2,5,172,88,5,1,0,0,0,6,102,11,1,10,9,3,0,2,0,3,5,10,3,0,0,0,21,28,27,120,25,0,0,0,172,89,10,4,0,0,0,28,47,11,2,12,1,0,0,14,0,7,6,8,0,0,0,0
28,30,17,33,23,12,35,32,16,7,0,0,0,0,67,63,85,6,0,0,0,3,42,80,111,32,13,38,11,1,41,93,72,1,0,0,3,12,57,111,19,1,0,0,0,0,54,53,108,4,0,0,0,7,19,82,28,1,0,0,0,6,111,111,111,48,0,0,8,5,3,22,68,12,0,0,0,0,7,11,92,14,0,0,29,111,25,14,82,3,1,0,13,78,61,111,92,49,2,1,1,0,0,0,50,30,3,4,2,1,0,1,25,21,22,60,101,96,5,4,103,69,26,11,26,39,8,48
0,0,0,1,4,9,10,0,70,37,0,1,4,3,1,1,141,84,0,0,0,0,0,4,3,1,0,0,0,0,0,0,0,1,13,12,1,1,0,0,133,26,12,3,0,0,0,17,141,36,0,0,0,0,0,69,23,1,0,0,0,1,1,7,0,24,74,132,3,0,0,0,28,141,112,3,0,0,0,1,141,141,38,8,3,0,0,38,32,0,0,0,0,2,1,29,0,35,141,112,2,0,0,0,0,141,123,10,7,3,2,0,11,23,22,25,51,14,2,21,27,0,0,0,4,4,3,61
56,133,6,2,1,9,5,1,69,90,0,0,0,23,83,37,12,3,0,0,0,0,35,80,0,0,0,0,0,0,7,19,57,97,1,0,0,129,88,17,133,30,0,0,0,81,88,46,62,18,0,2,13,9,40,71,1,0,0,0,2,2,40,115,68,6,0,0,14,98,88,20,133,12,0,0,0,10,15,43,56,4,5,10,33,46,9,22,0,3,26,5,12,33,66,59,72,24,0,2,24,10,0,1,133,14,0,0,0,0,0,26,78,17,51,20,9,7,0,8,0,14,122,16,4,4,1,1
22,2,5,49,0,0,0,1,130,17,0,0,0,0,0,18,110,3,0,0,4,51,43,26,9,0,0,0,1,16,61,30,14,10,12,130,15,4,12,15,130,79,6,17,11,13,2,14,74,13,0,0,69,130,22,38,61,0,0,3,4,17,16,102,8,11,37,19,14,18,64,42,126,21,20,7,16,44,24,69,26,0,0,1,70,130,28,54,61,0,0,0,2,10,8,130,2,30,130,5,0,0,2,1,8,18,86,63,40,8,3,4,9,0,1,47,84,27,3,8,55,0,0,3,2,0,0,73
2,0,0,3,0,0,33,113,10,3,3,8,6,52,58,80,5,20,17,13,9,119,25,2,3,19,92,6,0,24,14,5,30,5,31,67,1,0,3,26,119,46,32,54,7,4,4,27,20,21,26,119,64,8,17,17,7,13,34,7,13,4,111,58,9,6,109,119,0,0,0,0,119,32,48,60,6,0,0,19,50,7,4,119,119,1,2,8,0,0,0,87,58,3,28,6,7,6,26,36,0,0,6,13,34,51,50,58,1,0,0,2,29,43,14,119,38,0,0,0,0,0,0,119,77,0,0,0
1,3,7,18,2,5,124,51,6,4,23,71,18,43,117,25,44,57,70,29,8,11,12,9,5,111,76,0,0,0,0,0,7,124,13,1,3,8,37,18,34,53,26,22,62,58,37,17,124,23,3,1,10,7,7,32,45,37,12,0,0,24,25,13,4,124,14,4,65,82,0,0,47,21,2,1,47,124,2,8,124,21,0,0,2,33,52,37,15,0,0,0,0,124,124,15,5,26,3,4,124,77,0,0,13,1,0,0,33,28,9,27,18,1,0,0,0,36,67,33,0,1,4,0,0,51,32,0
0,0,0,58,166,0,0,1,15,0,0,1,7,0,0,7,109,0,0,0,0,0,0,33,166,0,0,2,1,0,0,134,1,0,0,81,166,0,0,0,27,3,0,5,21,0,0,0,69,2,0,0,0,0,0,22,166,0,0,0,0,0,0,166,0,0,0,58,166,4,0,0,26,3,0,7,39,0,0,0,27,11,1,0,0,0,0,7,45,4,2,0,0,0,0,79,0,0,0,22,166,19,5,2,14,9,0,9,38,0,0,0,20,31,3,0,0,0,0,5,3,10,4,0,0,0,0,1
2,1,0,2,8,3,0,0,126,73,0,0,1,0,0,0,126,65,0,0,12,1,0,0,2,1,0,4,116,37,0,0,12,6,35,27,4,0,0,0,126,80,2,4,0,0,0,8,126,28,0,0,14,2,1,20,0,0,0,19,126,3,0,1,6,3,126,126,3,0,0,0,126,33,53,87,2,0,0,64,55,8,5,1,5,4,14,120,0,0,0,21,103,11,12,13,0,0,27,95,3,0,0,0,9,20,126,89,42,7,0,4,12,9,19,10,70,48,40,65,22,10,7,7,12,8,25,48
0,28,21,6,19,6,0,0,2,5,15,20,97,23,1,2,8,82,123,25,34,14,0,4,0,123,114,0,0,1,0,0,0,0,1,0,26,83,29,0,21,5,4,1,46,123,36,46,123,48,34,1,0,6,13,117,22,28,18,0,0,0,0,5,0,0,0,0,1,123,123,0,106,32,0,0,5,111,65,18,123,105,0,0,0,3,3,30,29,11,0,0,0,0,0,1,2,4,0,0,0,13,32,0,123,11,0,0,0,2,7,39,123,22,0,0,0,0,0,97,14,2,0,0,0,0,0,12
0,0,0,0,0,0,0,0,7,1,0,0,0,0,0,0,4,1,1,7,3,0,0,0,0,0,1,7,156,106,0,0,0,0,0,0,0,0,0,0,3,0,0,0,0,0,0,0,9,1,0,2,16,2,0,1,0,0,0,1,238,201,0,0,0,0,0,0,0,0,0,0,0,0,0,0,0,0,0,0,8,1,0,0,31,1,0,0,0,0,0,2,238,71,0,0,0,0,0,0,0,0,0,0,0,0,0,0,0,0,0,0,2,0,0,0,35,4,0,0,0,0,0,2,238,83,0,0
20,5,2,0,0,1,9,15,25,27,12,2,0,19,15,8,16,14,38,4,0,6,21,29,2,9,50,5,0,0,22,25,43,0,0,0,1,30,19,36,43,4,0,0,7,138,79,44,138,17,10,0,0,39,57,138,32,10,62,12,0,0,18,37,36,4,0,3,40,108,17,24,102,82,2,2,49,138,20,13,138,109,0,0,0,12,18,71,22,1,1,0,0,0,86,76,34,19,28,72,54,22,7,16,60,138,102,44,35,25,3,3,77,63,24,1,0,0,8,29,2,0,6,0,0,0,23,29
0,34,22,18,65,65,2,0,55,3,1,38,93,82,70,77,102,12,21,32,5,1,9,62,40,20,16,11,5,0,0,6,0,13,32,72,41,16,0,0,87,10,18,135,135,2,0,19,135,34,27,37,4,0,0,45,19,15,34,46,1,0,0,0,0,74,49,21,3,0,0,0,9,33,135,135,29,2,0,0,135,93,123,74,6,2,0,3,24,10,7,32,25,9,1,0,0,61,51,3,3,21,1,0,0,13,32,29,12,70,8,0,1,12,32,25,22,48,1,0,0,49,31,1,8,17,2,0
0,2,2,2,8,35,9,0,2,0,0,5,39,32,30,25,0,0,2,18,112,110,1,3,0,15,63,28,81,78,0,0,1,2,2,25,101,93,16,4,112,21,6,22,49,57,53,82,24,19,19,94,112,32,13,10,2,112,112,31,16,2,0,0,0,2,5,88,90,4,0,0,51,27,22,59,73,72,49,10,75,78,20,10,22,89,79,25,47,89,8,5,4,1,1,2,0,0,2,11,85,12,0,0,7,28,32,25,99,21,2,0,32,112,56,4,2,7,4,4,13,29,1,4,1,0,6,1
1,0,5,11,9,6,38,58,2,0,0,1,3,13,99,89,4,0,0,1,3,19,114,60,11,0,0,0,0,0,8,48,6,2,10,53,114,25,12,11,114,23,18,38,36,27,42,64,53,41,84,90,16,22,61,62,86,33,14,0,0,0,6,64,3,5,14,114,66,3,2,0,91,28,33,84,44,11,43,38,16,18,46,24,5,10,114,107,18,22,11,0,0,1,28,76,0,0,0,16,10,3,9,5,0,0,1,54,114,32,14,2,14,0,0,4,69,51,84,114,49,0,0,0,0,0,10,114
3,1,2,3,44,75,6,4,21,83,65,19,55,46,13,9,56,48,30,9,49,22,18,55,69,4,0,0,0,1,4,70,20,2,0,0,3,119,110,36,119,28,10,13,27,14,16,100,49,65,61,87,99,15,5,18,90,94,15,2,0,1,1,17,113,100,0,0,0,19,71,34,119,119,1,4,0,0,2,21,47,37,33,24,1,0,0,8,10,34,7,0,0,4,3,4,111,119,0,0,0,0,0,0,73,119,2,1,0,0,0,1,12,10,3,2,0,0,0,5,5,0,0,0,0,1,4,6
22,2,1,4,109,4,0,2,5,10,19,61,58,31,12,6,40,101,31,13,4,6,17,41,89,74,11,0,2,1,0,4,36,0,0,1,110,18,0,8,31,10,12,36,38,11,0,6,100,79,22,9,7,1,0,0,123,18,4,4,9,0,0,1,27,0,0,0,60,61,32,16,28,1,0,1,22,33,81,30,118,1,0,0,6,3,22,73,123,2,0,1,6,1,5,12,4,0,0,0,7,123,123,58,4,2,0,0,0,27,123,123,31,10,2,0,0,1,52,123,123,3,0,0,0,0,15,70
1,0,0,1,1,4,9,7,13,9,2,0,0,0,23,46,48,5,2,0,0,0,1,102,21,0,0,0,0,0,0,76,5,0,0,0,0,81,124,33,124,31,16,0,0,5,45,121,49,31,74,23,0,0,0,29,29,3,13,11,0,0,0,82,16,124,87,0,0,64,99,19,124,124,34,0,0,2,18,63,122,38,63,38,0,0,0,12,7,3,66,76,0,0,0,13,1,124,124,1,1,0,0,0,52,124,38,0,0,0,0,0,49,29,7,3,0,0,0,32,5,0,19,26,0,0,2,40
13,2,0,0,0,152,88,2,145,63,4,12,33,30,35,9,26,14,4,23,132,14,12,62,9,0,0,0,18,91,54,64,51,3,0,0,0,18,12,8,152,82,8,45,40,0,0,9,31,18,6,152,152,6,8,5,0,0,1,13,21,16,33,7,42,0,4,6,0,0,4,18,152,7,1,16,17,0,0,67,64,3,1,102,147,0,0,7,0,0,0,10,12,0,0,0,5,0,43,56,0,0,0,4,44,0,0,0,0,0,0,19,5,0,0,0,0,0,0,1,0,0,0,0,0,0,0,0
0,0,0,0,0,0,0,0,1,0,0,0,0,0,0,0,0,0,0,0,16,2,0,0,2,0,0,0,6,0,0,8,30,2,7,3,0,0,1,2,154,19,0,0,20,18,2,9,53,3,0,0,154,140,2,4,5,0,1,5,76,16,0,26,39,36,58,57,21,0,0,0,154,55,3,4,32,81,10,32,32,0,0,1,154,154,8,12,0,2,3,7,36,13,0,0,25,32,23,90,108,0,0,2,81,47,19,12,41,110,11,11,1,18,80,7,60,114,1,0,0,54,118,3,2,1,0,0
0,3,23,15,0,3,1,0,92,4,3,1,0,0,0,24,138,0,0,0,0,0,1,72,30,1,1,0,0,0,10,7,0,0,100,138,6,5,32,4,81,8,31,114,1,0,2,5,138,10,2,3,0,11,21,51,25,0,0,0,1,18,91,41,2,5,9,42,6,7,138,62,28,16,25,113,12,8,51,48,138,27,8,12,10,66,25,44,20,0,0,0,8,63,42,130,39,36,25,0,0,0,8,26,20,57,134,3,0,2,15,26,12,19,63,65,39,25,9,16,26,0,2,25,26,20,7,72
0,0,0,0,1,122,120,0,1,5,0,0,3,73,122,9,5,55,21,0,0,0,122,60,0,16,66,19,0,0,122,56,2,1,0,2,4,29,23,0,38,19,1,8,9,6,1,1,122,122,32,0,0,0,1,34,24,54,122,63,0,0,5,31,11,7,4,2,1,0,0,1,33,18,18,6,4,0,0,4,122,16,3,0,0,0,1,122,76,4,5,3,0,0,7,122,4,68,33,0,0,0,0,0,1,40,122,7,0,0,0,0,26,90,96,2,0,0,0,17,60,73,44,2,0,0,2,34
0,0,0,7,126,74,0,0,98,35,0,1,72,76,14,28,61,36,15,36,13,8,6,13,24,36,12,39,11,5,2,2,4,1,0,1,133,50,0,0,133,65,0,0,94,27,4,26,57,22,0,2,18,110,40,10,34,3,0,4,6,54,48,69,2,0,0,3,133,14,0,2,57,2,0,1,101,17,53,113,8,0,0,0,9,125,119,37,49,0,0,0,1,37,25,67,0,0,0,63,133,2,0,0,0,1,4,61,79,3,12,9,2,7,3,1,0,4,28,7,34,1,0,0,0,0,4,32
0,0,0,0,0,2,11,5,0,0,0,0,1,18,26,0,0,0,0,0,0,8,31,3,0,0,0,0,0,0,1,1,0,0,0,0,0,36,145,42,10,0,0,0,0,112,145,14,77,17,0,0,6,22,114,56,9,5,0,0,51,45,2,7,0,0,0,0,7,26,145,22,115,2,0,0,0,39,130,29,145,35,0,0,45,6,11,18,12,5,0,2,145,64,0,0,3,0,0,1,23,2,7,5,145,0,0,0,0,0,2,11,145,2,0,7,39,0,0,11,10,0,0,28,145,2,0,0
1,4,10,1,0,0,7,2,129,30,1,0,0,0,5,7,137,84,0,0,0,0,0,12,22,21,0,0,0,0,0,1,0,1,137,31,0,0,0,0,115,27,133,24,0,0,0,9,137,17,11,1,0,0,0,51,37,0,0,0,0,0,1,11,0,0,137,38,0,4,82,9,10,15,137,91,1,0,43,18,131,61,60,23,0,0,2,10,34,2,0,0,0,0,0,5,0,0,0,0,0,4,137,30,0,0,6,7,0,0,137,128,4,10,8,5,0,0,16,34,1,0,0,0,0,0,0,0
4,0,1,2,5,15,57,28,52,4,0,0,0,2,21,102,17,2,0,0,0,3,2,20,0,6,1,0,0,2,0,0,11,2,7,29,138,116,52,38,138,10,0,1,11,31,50,138,99,16,0,0,0,0,0,32,0,21,3,0,0,0,0,0,16,32,91,138,138,32,3,5,138,138,97,27,12,7,3,26,99,73,4,0,0,0,0,2,0,23,7,0,0,0,0,0,0,6,80,82,6,1,0,0,7,91,108,13,0,0,0,0,6,45,6,0,0,0,0,0,0,14,4,0,0,0,0,0
0,0,0,0,0,20,6,0,0,0,0,0,0,30,51,8,2,3,0,0,1,2,29,27,1,8,0,0,0,8,0,1,0,0,0,0,41,59,6,0,14,4,0,5,137,137,137,48,137,15,0,1,7,26,123,137,22,0,0,0,1,25,4,21,0,0,0,17,83,21,1,0,30,49,43,137,137,48,8,9,137,124,33,24,13,8,24,79,24,0,0,0,0,11,67,52,0,2,1,16,19,4,0,0,1,8,33,107,53,5,0,0,15,23,60,34,9,1,9,13,8,1,4,19,26,13,66,35
142,84,1,3,4,1,13,84,68,54,10,1,5,3,9,83,3,111,69,38,2,1,0,0,15,44,142,62,14,8,0,1,50,7,1,10,20,4,9,54,142,65,10,0,4,2,4,137,53,140,45,2,26,27,1,3,0,50,20,7,54,49,0,0,8,0,0,0,0,0,0,6,142,26,0,0,0,2,2,32,63,47,13,2,25,47,5,6,0,142,43,3,17,11,0,0,0,0,0,0,0,0,0,0,0,0,0,0,0,0,0,0,1,84,7,0,1,1,0,0,1,142,21,0,2,9,0,0
2,1,2,0,0,1,5,14,1,4,4,4,63,51,3,4,31,40,16,12,31,36,12,27,49,7,2,4,4,1,4,72,6,2,0,0,0,60,33,6,15,3,1,1,25,132,82,28,99,28,23,25,15,17,19,77,52,58,26,16,6,1,1,14,3,2,0,0,10,132,90,3,132,40,0,0,0,121,131,42,132,81,2,0,0,2,7,25,31,16,3,0,0,0,1,7,4,35,69,24,51,99,6,1,130,132,26,0,0,7,4,4,105,112,0,0,0,0,0,2,7,2,0,0,0,0,0,7
0,0,0,0,0,0,36,49,0,0,0,0,0,4,58,35,0,0,0,0,1,29,58,1,1,0,0,0,0,8,76,19,22,3,0,0,1,0,93,126,126,10,4,5,1,3,78,126,25,6,7,67,68,44,47,5,1,2,10,32,21,20,100,37,27,126,65,1,1,0,1,9,126,126,36,3,0,0,0,24,42,25,32,115,37,0,0,1,0,9,125,89,8,0,0,1,1,126,126,0,0,0,0,0,8,126,51,1,0,0,0,0,2,11,15,17,1,0,0,0,0,1,45,14,0,1,0,0
1,0,0,0,0,0,0,2,23,4,0,0,0,0,0,2,33,6,0,6,45,13,0,1,1,10,53,170,174,174,0,0,25,6,0,0,0,0,8,26,98,11,0,0,0,0,0,11,58,8,0,17,21,0,0,2,3,27,174,174,174,9,1,0,51,82,24,7,0,0,4,15,80,13,12,11,0,0,0,5,62,2,0,0,0,0,0,8,7,3,13,23,61,106,6,1,11,53,18,14,1,0,0,0,23,3,7,41,6,0,0,4,47,2,0,1,1,0,0,13,7,1,10,78,70,26,0,2
53,120,84,2,0,2,11,8,0,18,120,25,18,1,10,7,9,11,120,67,120,18,2,4,50,120,71,3,8,4,2,7,27,62,10,26,60,49,51,17,81,8,9,18,33,15,58,98,24,68,68,109,120,8,0,5,55,120,24,7,5,1,0,1,5,10,42,120,67,7,7,16,120,76,80,50,8,3,3,19,48,43,66,32,1,0,0,1,4,39,21,1,0,7,0,0,54,16,15,24,1,0,5,51,5,25,53,15,0,1,0,0,6,14,3,0,0,7,3,0,0,1,0,0,1,15,0,0
26,58,23,5,5,6,14,8,24,23,0,0,2,18,20,6,0,0,0,1,1,3,21,20,0,0,0,5,4,0,0,1,15,29,13,1,9,29,21,67,13,6,0,0,60,144,68,31,127,3,0,0,2,33,64,144,19,0,0,2,1,0,0,9,3,1,0,0,2,67,144,139,63,82,0,0,30,144,82,12,144,115,0,0,1,16,6,25,24,2,0,0,0,0,0,0,15,88,6,0,0,5,58,25,35,144,2,0,0,10,17,3,32,132,0,0,0,0,0,0,0,0,0,0,0,0,0,0
0,0,0,1,111,3,0,0,19,27,5,15,146,8,0,0,58,146,102,5,11,0,0,0,1,57,146,12,0,0,0,0,0,0,0,28,74,1,0,0,74,19,10,146,146,1,0,4,146,89,23,17,5,0,0,43,25,13,42,15,38,20,1,7,0,0,0,24,8,0,0,0,11,14,77,146,32,0,0,0,121,110,97,38,1,0,0,16,23,11,4,26,46,6,0,5,0,0,0,0,0,0,0,0,0,0,16,13,0,0,2,2,0,14,25,3,0,0,1,1,0,2,3,10,2,0,1,0
50,129,5,7,9,31,21,11,7,54,38,49,61,21,10,3,1,139,113,8,6,2,0,0,4,67,58,43,17,1,1,2,39,29,0,0,1,44,139,60,139,57,8,6,7,14,64,70,47,105,15,1,4,21,19,5,5,10,19,41,12,8,25,24,77,14,0,0,0,6,64,43,139,66,0,0,0,1,9,42,79,23,21,52,31,27,13,10,31,23,37,24,8,9,18,51,80,6,5,4,0,0,1,31,139,46,0,0,0,0,13,100,40,24,22,23,0,2,72,34,4,15,45,14,0,1,17,14
8,79,65,13,1,0,0,0,102,15,64,59,18,0,0,46,134,0,0,1,2,0,0,108,14,0,0,0,0,0,0,7,32,133,32,20,14,0,0,1,61,21,15,72,134,1,0,11,134,8,0,5,21,0,0,57,47,0,0,0,0,0,0,13,12,22,6,8,29,17,33,39,27,22,30,67,118,8,10,13,134,41,21,21,12,4,34,56,22,0,0,0,0,1,56,96,30,0,0,0,32,40,20,41,88,13,23,27,6,0,3,30,6,5,14,43,104,23,37,20,0,0,0,0,23,17,134,110
0,0,0,0,24,4,0,0,1,0,0,0,31,7,0,0,13,0,0,0,3,1,0,0,0,0,0,0,9,2,0,0,0,0,0,0,125,38,0,0,17,0,0,0,125,62,0,3,125,3,0,0,47,24,0,9,9,0,0,0,125,79,0,1,0,0,0,0,125,51,0,0,38,1,0,0,125,76,0,5,125,7,0,0,87,42,1,7,7,0,0,0,125,117,2,5,0,0,0,0,125,47,0,0,44,3,0,0,125,36,0,3,110,4,0,0,104,40,2,6,1,0,0,0,125,85,5,3
149,3,1,6,14,0,0,26,61,3,1,44,95,0,0,6,149,2,0,3,4,0,0,27,107,0,0,0,0,0,0,11,149,8,1,7,7,0,0,17,91,6,1,63,126,0,0,3,149,7,0,9,13,0,0,12,149,0,0,0,0,0,0,13,149,11,1,6,4,0,0,9,99,3,2,55,103,0,0,3,149,4,0,15,20,0,0,15,132,0,0,0,0,0,0,21,60,1,0,0,0,0,0,5,19,0,0,7,14,0,0,2,11,0,0,2,3,0,0,1,8,0,0,0,0,0,0,1
87,15,18,22,9,10,7,47,29,10,4,1,2,15,9,22,1,45,11,0,1,5,0,0,0,4,1,0,0,0,0,0,23,9,33,103,59,58,27,26,122,28,0,1,8,31,53,129,54,85,10,0,0,1,2,7,0,6,2,0,0,1,1,0,16,31,49,126,132,132,21,12,132,132,52,24,30,53,35,89,81,45,15,0,0,0,1,6,0,7,17,0,0,1,0,0,1,23,92,122,38,0,0,0,21,132,124,24,2,0,0,0,4,32,38,0,0,0,0,0,0,12,23,0,0,0,0,0
0,14,4,2,0,0,0,0,0,6,1,1,0,0,0,0,1,0,0,0,0,0,0,0,0,0,0,0,0,0,0,0,21,61,14,3,1,0,0,19,21,22,5,12,24,0,0,1,127,25,0,0,2,0,0,2,18,5,0,0,3,3,0,0,43,19,5,5,7,5,95,130,21,2,0,2,27,33,74,71,130,5,0,0,1,10,67,130,27,8,0,0,4,5,9,57,17,68,93,34,31,15,35,63,16,36,95,56,66,57,75,61,72,9,7,49,112,104,130,130,130,18,0,0,0,0,17,130
41,34,27,3,2,3,19,66,150,43,9,0,0,0,0,27,151,3,0,10,26,0,0,36,47,1,0,26,64,0,0,7,53,137,76,12,3,2,7,23,124,90,28,30,4,0,0,10,151,8,2,12,17,0,0,25,64,5,1,48,85,0,0,2,85,21,4,0,0,0,54,104,93,22,6,37,12,1,8,65,151,12,2,9,9,0,0,14,68,2,1,42,77,0,0,3,6,0,0,0,1,3,64,102,19,1,0,1,1,0,12,96,78,1,0,0,1,0,0,7,14,0,0,6,11,0,0,1
2,4,4,7,6,9,7,2,3,2,0,0,3,43,11,2,2,0,0,3,9,24,9,2,1,5,17,14,4,0,0,0,1,0,0,0,1,26,43,27,0,0,0,0,3,38,26,2,18,12,1,0,2,8,6,5,11,14,0,0,12,7,0,0,2,0,0,0,0,4,188,199,12,2,0,0,0,5,37,90,41,15,0,0,0,1,2,12,11,9,0,0,18,17,0,0,98,0,0,4,18,15,185,199,188,5,0,0,0,0,6,199,39,13,0,0,0,10,13,20,12,6,0,0,4,19,4,2
211,91,0,0,0,7,22,82,147,25,0,0,0,0,4,37,5,0,2,2,1,1,11,43,8,11,6,2,1,0,14,10,211,211,3,0,0,0,0,5,76,24,1,0,0,0,1,34,5,1,1,1,0,1,22,45,2,1,0,0,0,3,30,31,64,211,28,1,0,0,0,5,13,31,38,1,0,0,0,1,4,13,34,3,0,0,2,3,3,6,11,4,4,2,3,5,107,18,9,0,0,0,7,65,0,7,25,0,0,0,25,8,0,2,20,1,0,4,34,0,0,0,7,5,2,9,23,0
21,44,15,5,6,7,11,10,29,20,0,0,1,20,25,9,1,0,0,1,1,3,29,26,0,0,0,5,4,0,0,2,12,26,9,1,4,32,45,97,11,7,0,0,29,140,80,29,123,2,0,0,0,30,65,140,25,0,0,1,0,0,0,12,3,2,0,0,0,41,140,140,64,88,0,0,8,140,116,19,140,111,0,0,0,12,8,26,23,1,0,0,0,0,0,1,17,119,13,0,0,1,43,24,43,140,3,0,0,2,14,5,23,109,0,0,0,0,0,0,0,0,0,0,0,0,0,0
0,0,0,23,136,0,0,0,19,49,13,69,136,0,0,0,49,136,99,4,2,0,0,0,1,100,136,3,2,1,0,0,0,0,0,38,79,0,0,0,73,27,16,136,136,0,0,5,136,94,24,12,2,0,0,50,26,16,30,16,51,11,2,9,0,0,0,23,5,0,0,0,9,14,93,136,15,0,0,0,107,113,100,30,0,0,0,15,25,18,8,33,21,0,0,4,0,0,0,0,0,0,0,0,0,0,20,17,0,0,2,0,0,18,31,4,0,0,2,1,0,4,3,4,0,0,2,0
19,3,0,0,34,21,26,61,129,48,0,0,0,0,49,67,88,65,17,4,4,7,12,9,9,11,20,22,9,3,12,13,52,8,11,65,35,1,0,6,129,114,2,1,0,0,3,41,72,58,24,43,9,5,18,28,28,26,34,18,3,2,5,13,16,5,113,129,3,0,0,1,118,18,103,70,0,0,29,129,64,44,29,6,0,0,84,129,29,14,14,2,0,1,3,22,0,0,37,63,0,0,0,0,2,14,129,71,0,0,1,5,28,98,95,2,0,0,2,14,14,19,1,0,0,4,0,1
7,7,0,0,43,125,3,1,42,72,2,3,9,66,21,15,8,34,32,27,37,27,7,5,0,85,94,9,7,7,0,0,16,5,0,0,99,125,19,43,48,26,0,0,1,8,125,95,125,50,13,6,4,3,39,45,18,56,26,7,3,7,13,4,1,0,0,29,125,15,7,13,114,13,0,1,2,0,35,47,125,61,2,2,1,1,4,21,28,14,21,28,10,10,10,7,0,0,22,125,71,0,0,0,85,7,44,45,1,0,0,24,125,19,7,2,0,0,35,121,16,7,13,9,0,0,53,51
47,63,31,23,15,2,4,21,116,75,2,1,1,0,7,108,21,6,0,0,0,0,13,63,1,0,0,2,0,0,1,5,85,28,24,84,73,2,1,22,116,45,7,18,15,1,4,75,61,36,4,0,3,6,15,56,17,2,0,2,0,0,9,32,66,21,29,58,40,9,11,30,116,34,18,22,10,23,39,57,34,18,3,2,6,17,83,116,24,15,1,0,1,70,62,39,2,4,25,116,72,6,11,14,2,1,3,38,32,116,72,34,4,7,3,2,1,40,116,116,43,57,0,0,0,64,113,49
21,30,6,2,4,1,5,22,36,72,31,30,28,3,6,18,126,126,5,3,0,0,1,44,31,22,0,0,0,0,5,33,126,84,21,11,5,0,0,2,56,48,49,69,69,3,2,25,126,29,1,4,9,2,5,126,43,22,2,0,0,0,10,81,126,30,21,17,20,0,0,24,84,18,13,103,100,3,3,17,126,62,16,27,13,0,1,17,53,29,5,1,5,8,10,22,33,44,126,33,8,0,0,5,20,10,23,46,44,13,19,27,35,14,10,6,4,44,49,48,11,4,1,0,1,10,77,115
14,2,0,0,49,84,36,66,117,32,5,3,0,0,30,105,54,72,65,9,1,1,5,7,12,37,52,22,0,0,2,2,50,9,11,79,100,8,5,15,132,92,4,1,0,0,4,50,87,50,27,20,2,2,10,29,26,41,18,4,0,0,2,4,17,8,107,132,14,0,0,0,132,36,113,60,0,0,9,129,86,49,25,4,0,0,25,132,24,18,7,0,0,2,0,8,0,0,27,48,0,0,0,0,4,21,100,41,0,0,0,4,31,86,45,0,0,0,0,8,9,9,0,0,0,7,0,0
1,1,0,0,0,0,0,0,21,24,5,9,12,3,13,38,54,80,26,35,23,3,5,14,125,95,1,0,0,0,2,44,23,6,0,6,3,0,0,0,125,110,33,12,2,0,0,9,48,47,52,64,48,3,3,32,125,14,0,2,5,1,6,124,22,2,2,70,100,0,0,2,125,24,7,22,18,0,0,57,79,14,12,125,91,2,1,23,125,33,13,27,10,0,0,17,10,15,78,82,68,0,0,2,78,85,125,27,7,0,0,18,34,15,26,44,30,13,15,27,28,14,11,10,6,22,23,28
0,0,4,35,24,21,124,20,19,0,0,1,3,2,124,124,32,0,0,0,0,0,11,124,0,0,0,0,0,0,0,0,0,0,12,124,124,5,6,1,89,10,35,33,21,1,12,104,124,14,2,0,0,0,0,113,0,0,0,0,0,0,0,0,0,0,44,98,114,14,2,0,48,46,124,75,26,2,0,2,124,116,10,5,1,0,0,4,4,2,0,0,0,0,0,0,15,7,5,8,16,58,27,14,42,57,15,22,35,7,2,10,112,93,1,1,1,0,0,16,3,1,0,0,0,0,0,0
0,0,0,6,9,9,3,0,4,0,0,12,45,32,13,21,51,0,0,0,2,7,14,88,9,0,0,0,0,0,5,15,0,0,0,0,12,14,3,0,12,4,1,6,130,134,25,23,134,18,1,1,11,34,26,134,41,4,0,0,0,0,3,22,0,0,0,1,11,2,0,0,12,22,16,70,134,51,15,5,134,85,13,14,12,21,59,107,45,10,0,0,0,0,3,49,0,0,0,0,0,0,0,0,0,0,1,6,15,134,39,3,46,4,5,1,3,117,134,134,50,0,0,0,0,5,45,134
1,16,131,131,15,9,7,0,70,131,128,54,2,4,6,6,22,24,0,0,0,0,1,13,0,0,0,0,0,0,0,0,0,4,93,131,26,0,0,0,23,55,113,92,131,37,16,29,130,17,2,4,10,12,16,103,13,2,0,0,0,0,0,2,0,0,1,21,33,2,0,0,11,15,25,131,131,6,1,2,131,87,32,45,10,2,1,14,30,13,3,0,0,0,0,4,0,2,9,6,1,0,0,0,0,2,15,99,14,0,0,0,24,16,34,58,6,0,0,10,20,4,2,2,2,2,7,31
0,0,0,0,1,4,0,0,0,2,4,4,26,105,40,0,47,49,8,2,4,47,100,28,61,56,0,0,0,1,6,10,1,0,0,0,1,7,89,25,64,30,41,15,33,38,98,111,49,145,83,6,4,6,4,7,30,64,3,0,0,0,0,2,39,20,6,45,9,3,74,39,145,110,4,3,0,0,49,134,128,61,12,0,0,0,0,6,1,6,6,0,0,0,0,0,50,65,21,35,11,2,5,13,145,118,6,4,0,0,2,79,58,11,0,0,0,0,9,78,1,0,0,1,0,0,1,9
1,0,0,0,1,8,75,13,98,22,14,5,9,10,94,124,62,94,21,1,0,0,0,12,6,14,3,0,0,0,0,1,18,13,10,50,6,5,34,12,139,77,8,12,1,1,27,81,139,19,0,0,0,0,5,31,0,1,1,0,0,0,2,3,52,53,16,21,5,2,9,18,139,68,16,14,2,0,2,126,98,4,0,0,0,0,26,139,7,0,0,0,0,0,10,51,139,36,13,22,2,0,0,30,86,19,23,78,8,0,0,50,139,9,3,2,0,1,17,79,17,0,0,0,0,11,36,43
22,15,7,0,0,42,130,86,20,65,33,0,0,25,130,43,11,43,39,34,52,22,31,17,11,130,111,42,23,1,0,0,30,14,7,0,3,13,79,111,34,59,31,0,0,7,130,95,130,104,38,4,2,3,74,80,40,105,55,0,0,0,0,2,0,4,1,0,0,0,20,14,20,110,102,0,0,1,57,22,130,102,44,0,0,1,13,35,29,1,0,0,0,0,0,3,0,0,0,0,0,0,0,0,0,2,4,0,0,0,1,0,3,2,2,0,0,0,5,4,0,0,0,0,0,0,0,0
38,139,27,0,0,5,26,12,4,21,15,27,14,0,9,21,1,12,133,146,43,0,0,0,73,67,146,146,4,0,0,11,13,10,0,0,0,45,76,44,132,19,3,0,0,2,31,118,38,59,72,22,0,0,0,2,0,63,146,92,0,0,0,0,7,0,0,0,0,4,5,8,146,10,0,0,0,0,2,26,102,64,16,0,0,0,0,2,8,124,19,1,0,0,0,0,0,0,0,0,0,0,0,0,1,0,0,0,0,0,0,0,14,17,0,0,0,0,0,0,5,38,2,1,0,0,0,0
0,0,0,0,0,0,0,0,0,0,0,0,3,13,12,2,11,29,11,3,19,84,54,12,72,74,5,0,0,7,23,17,0,0,0,0,0,0,0,0,26,4,1,6,1,4,95,76,148,73,13,2,6,10,74,148,58,103,9,0,0,0,0,1,3,0,0,0,0,0,0,1,95,69,17,30,2,1,13,27,148,94,6,2,0,0,5,108,67,7,0,0,0,0,2,65,20,8,3,9,0,0,0,1,148,95,22,12,0,0,0,9,148,34,19,9,0,0,1,108,62,0,0,0,0,0,15,109
1,0,0,4,2,16,55,15,0,0,2,2,3,138,51,2,0,0,0,0,0,28,27,6,0,0,0,0,0,0,0,0,8,0,0,0,2,43,142,142,22,5,2,4,38,142,140,38,142,11,1,0,3,72,67,96,10,0,0,0,0,0,0,0,126,36,19,7,7,15,41,132,33,38,107,89,64,101,23,12,141,34,20,7,4,9,5,14,6,0,0,0,0,0,0,0,85,66,7,0,0,0,0,17,10,16,24,7,0,0,0,0,0,0,0,0,0,0,0,0,0,0,0,0,0,0,0,0
0,0,0,0,0,0,0,0,0,0,1,40,41,36,13,2,7,24,107,137,52,28,12,7,0,117,143,39,0,0,0,0,0,0,0,0,0,0,0,0,20,5,6,51,33,76,45,26,143,104,38,21,13,41,39,78,69,143,81,1,0,0,0,2,0,0,0,0,0,0,0,0,11,14,57,143,20,3,0,3,143,123,82,83,5,1,0,17,143,45,0,0,0,2,3,6,0,0,0,0,0,0,0,0,0,0,3,8,0,0,0,0,8,14,7,4,0,0,0,0,11,6,0,0,0,1,0,0
