0,0,0,0,0,0,0,0,0,6,14,0,0,0,0,0,45,1,15,4,0,0,0,3,156,0,0,0,0,0,0,25,13,8,0,0,0,0,0,0,67,98,75,13,1,0,0,4,45,19,84,121,34,0,0,3,156,2,1,12,6,0,0,33,26,1,0,0,0,0,0,3,156,28,6,6,8,1,0,39,53,8,8,56,156,25,0,11,156,0,0,7,33,6,0,36,19,0,0,0,0,0,0,1,156,7,0,2,7,1,0,18,49,4,1,60,134,16,0,5,156,1,0,16,27,3,0,22
17,0,0,0,5,90,138,12,138,4,0,0,3,21,18,37,97,10,0,0,0,0,0,16,9,0,0,0,0,0,0,2,39,10,128,54,1,8,23,9,138,62,19,11,0,0,2,17,80,51,15,3,1,0,0,4,6,1,0,0,0,0,0,0,6,9,138,127,67,0,0,0,138,21,22,49,53,0,1,75,67,4,2,2,2,2,11,85,3,0,0,0,0,0,1,2,0,0,1,8,138,4,2,5,112,8,0,2,118,6,0,40,119,12,0,0,0,0,1,50,10,0,0,0,0,0,1,4
0,0,0,18,34,0,0,0,34,2,0,52,102,0,0,0,128,19,1,8,10,0,0,5,20,2,0,6,18,2,2,39,0,0,0,18,100,5,0,0,55,1,0,69,159,3,0,4,159,23,6,43,39,1,0,10,35,13,15,70,19,0,0,29,0,0,0,7,89,5,0,0,38,2,0,81,159,8,0,0,159,13,3,39,43,0,0,9,42,21,35,77,1,0,0,0,0,0,1,18,61,3,0,0,14,1,0,54,159,20,0,0,159,4,0,15,42,0,0,15,52,8,9,13,0,0,2,6
2,0,1,0,12,17,17,27,16,0,0,0,153,55,0,7,153,34,0,0,52,15,0,25,89,16,0,0,0,0,0,21,15,0,0,1,24,29,28,89,42,0,0,0,153,89,4,32,153,29,0,0,48,16,0,21,95,24,0,0,0,0,0,1,37,1,0,28,42,14,7,40,62,7,0,1,153,81,7,22,153,44,0,0,33,6,0,16,78,21,0,0,0,0,0,1,9,2,1,15,33,9,1,1,29,1,0,0,96,43,1,5,153,4,0,0,8,3,0,26,36,3,0,0,0,0,0,4
3,1,0,0,5,48,56,12,0,3,2,0,28,125,40,0,0,32,36,0,6,96,38,0,0,73,82,0,1,34,19,0,8,0,0,0,0,125,125,11,116,79,12,0,0,79,80,24,23,125,105,0,0,8,2,0,0,76,77,0,7,4,0,0,32,0,0,24,14,46,28,10,125,20,0,1,0,2,6,105,95,30,6,0,0,0,0,69,3,3,7,15,10,2,0,4,6,4,8,101,27,0,0,3,125,54,11,5,0,0,0,83,120,29,0,0,0,0,0,82,10,1,2,3,0,10,6,17
0,0,0,0,131,40,0,0,88,38,0,0,79,12,0,0,74,39,1,18,60,10,0,1,0,0,0,10,113,12,0,0,3,1,0,0,131,49,0,0,131,59,0,1,59,10,0,7,55,26,0,1,110,39,0,4,0,0,0,0,123,32,0,0,4,0,0,0,131,46,0,2,131,12,0,0,39,10,0,55,41,5,0,0,131,23,2,24,0,0,0,0,112,14,0,0,5,4,0,0,131,28,0,0,103,55,0,0,24,3,0,4,28,14,0,2,107,31,0,1,0,0,0,0,67,15,0,0
27,19,0,0,24,99,9,1,0,0,9,34,36,45,26,2,5,10,38,64,20,6,6,0,79,64,6,4,2,0,0,0,1,0,0,0,34,131,26,1,5,0,0,1,4,48,131,35,40,48,2,4,14,14,46,30,80,131,1,0,2,0,0,0,0,0,0,0,36,131,20,0,48,1,0,0,3,38,54,47,131,69,0,0,0,0,4,28,131,131,0,0,0,0,0,0,0,0,0,0,24,106,22,5,95,12,0,0,0,8,21,35,131,73,0,0,0,0,0,11,131,90,0,0,0,0,0,0
2,0,0,0,0,0,99,94,3,0,0,0,0,0,106,116,18,0,0,0,0,0,66,121,3,1,3,0,0,7,71,62,33,27,18,0,0,0,12,42,53,34,14,0,0,0,17,63,132,11,3,0,1,2,8,55,11,0,0,0,48,50,31,12,3,62,132,0,0,0,0,0,10,88,132,8,0,0,0,0,37,22,83,40,0,3,11,11,2,0,39,16,33,26,14,4,0,7,132,10,0,0,0,0,0,8,132,36,0,0,0,0,0,0,132,119,0,0,0,0,0,0,132,33,0,0,0,0
18,0,0,0,0,0,0,0,144,11,0,3,3,0,0,3,39,6,1,52,106,11,0,0,144,14,0,8,23,1,0,0,27,2,0,0,0,0,0,0,144,34,0,1,10,4,0,9,48,9,0,6,144,56,0,3,144,18,0,0,28,10,0,1,29,2,0,0,0,0,0,1,144,21,0,2,14,7,0,36,46,6,0,9,144,33,1,11,144,17,0,0,20,2,0,0,26,1,0,0,0,0,0,1,143,19,0,3,10,2,1,23,36,6,0,23,129,15,2,6,144,9,0,2,15,1,0,6
37,4,0,44,140,0,0,13,93,11,4,23,39,4,1,43,1,0,0,41,136,6,0,1,0,0,0,1,8,0,0,0,29,0,0,48,140,0,0,8,140,11,1,22,40,4,1,36,10,4,1,74,140,5,0,1,0,0,0,5,21,0,0,0,23,2,0,50,140,0,0,0,140,19,0,11,49,2,0,12,19,2,0,32,140,5,0,3,0,0,0,5,40,0,0,0,8,0,0,39,140,0,0,4,101,3,0,7,47,2,1,79,16,1,0,31,140,2,2,18,0,0,0,9,45,0,0,0
0,0,0,0,0,0,0,0,81,9,0,0,0,0,0,0,143,45,0,5,18,6,0,1,42,7,0,26,143,44,0,1,0,0,0,0,0,0,0,0,123,8,0,0,0,0,0,7,143,33,0,1,52,23,1,57,58,6,0,1,143,73,0,7,0,0,0,0,0,0,0,0,123,16,0,0,0,0,0,4,143,65,1,14,54,7,1,33,69,9,0,28,143,12,0,3,0,0,0,0,0,0,0,0,100,7,0,0,0,0,0,8,143,19,0,4,31,20,8,61,55,3,0,13,136,56,4,9
24,2,0,0,0,1,9,13,68,21,0,0,0,0,0,2,65,23,0,0,0,0,0,0,10,5,0,5,188,25,0,0,40,0,0,0,0,0,4,32,124,2,0,0,0,0,0,16,98,4,0,0,2,0,0,0,16,0,0,4,188,78,0,0,62,0,0,0,0,0,2,17,160,1,0,0,0,0,0,9,90,8,0,0,5,1,0,1,11,0,0,0,188,88,0,0,63,0,0,0,0,0,1,11,126,0,0,0,0,0,0,14,59,4,0,0,8,2,1,15,2,0,0,0,188,48,0,1
51,48,3,10,104,3,0,0,138,25,4,5,82,4,0,14,73,29,51,25,7,0,0,1,5,5,10,11,10,0,0,0,43,38,1,5,138,5,0,0,138,59,1,3,111,4,1,17,112,24,3,6,31,28,5,7,1,2,0,4,29,13,0,0,28,10,0,5,138,19,40,18,138,24,0,6,88,5,6,63,58,4,0,0,4,33,29,49,9,2,0,0,3,12,3,2,32,1,3,7,23,20,138,126,138,42,1,2,14,7,18,43,34,24,0,0,3,34,20,9,6,0,0,0,0,18,81,27
2,30,8,0,2,100,16,1,28,14,0,0,5,116,36,9,108,66,1,0,0,22,14,9,9,37,5,0,0,0,0,0,5,0,0,10,54,116,18,1,116,75,0,1,12,107,15,21,109,64,0,0,0,7,30,43,7,1,0,0,0,3,23,48,5,11,11,116,116,20,1,0,99,7,0,45,35,7,22,107,19,2,0,0,0,50,116,99,14,1,0,0,0,10,90,114,0,2,2,55,101,43,7,0,0,0,0,48,105,8,11,21,4,0,0,2,4,6,45,53,63,3,0,0,0,0,9,73
1,4,3,34,144,5,0,0,138,51,3,18,62,5,0,14,75,42,1,0,0,0,0,2,40,23,0,0,0,0,0,0,6,2,0,2,144,67,0,2,144,23,0,0,69,32,0,23,101,41,5,0,0,0,1,6,45,9,0,0,0,0,0,2,20,0,0,0,144,144,1,7,144,6,0,0,32,33,2,34,98,6,0,0,0,0,8,38,40,1,0,0,0,0,1,14,27,9,4,19,144,64,0,0,144,43,3,5,12,5,0,2,74,16,0,0,0,0,0,5,27,0,0,0,0,0,12,14
66,8,0,0,2,5,95,138,65,1,0,0,0,3,80,145,11,0,0,0,0,1,135,64,0,0,0,0,0,1,105,16,46,6,0,2,8,2,21,102,145,55,6,0,0,0,21,120,40,32,46,37,0,1,92,38,5,20,29,13,4,0,94,22,61,49,3,13,21,0,0,11,145,29,2,0,0,0,0,48,89,9,16,32,7,0,2,28,15,26,15,24,19,1,0,0,67,11,0,3,42,0,0,7,145,12,0,0,0,0,0,32,93,9,6,7,1,0,8,23,16,5,2,6,10,3,6,10
30,10,6,0,0,0,66,96,54,41,35,0,0,0,35,75,22,54,48,8,6,1,0,4,1,7,24,30,31,23,5,4,39,36,64,38,3,2,87,85,122,75,3,0,0,0,32,101,73,33,17,23,4,0,10,28,0,7,38,77,19,5,1,1,12,31,110,122,22,1,0,0,112,47,77,14,0,0,25,119,19,2,14,13,0,0,122,122,0,0,13,14,0,0,66,88,0,24,67,33,21,6,5,0,2,18,94,34,9,5,6,5,3,4,42,67,13,5,20,40,1,0,27,20,10,25,115,64
2,0,5,106,119,10,1,5,113,42,30,39,23,3,2,96,107,57,24,18,0,0,0,58,3,9,57,96,3,0,0,0,2,6,24,96,109,31,3,0,80,119,93,38,11,0,0,8,54,119,75,8,3,0,0,9,2,11,38,42,12,11,3,0,4,3,17,101,32,11,5,3,119,38,7,53,28,0,0,70,91,22,8,10,23,1,0,49,0,0,5,23,71,34,12,1,1,1,9,61,44,6,0,1,78,5,1,22,50,14,11,41,119,1,0,6,9,0,2,76,1,0,14,42,31,0,0,1
0,1,11,3,3,21,115,15,1,2,21,51,29,24,104,46,36,72,123,56,18,4,3,12,12,25,133,95,0,0,0,0,2,1,74,21,17,23,21,9,15,3,49,43,9,8,37,83,133,22,4,4,0,0,5,78,55,9,10,8,2,2,3,9,0,4,133,36,5,0,0,0,18,10,132,133,93,3,0,3,133,55,8,26,20,0,0,6,40,24,4,0,0,0,2,3,0,4,18,5,25,1,0,0,17,2,3,15,133,26,0,2,133,24,0,2,33,4,0,5,29,19,1,0,5,7,0,0
0,0,10,49,34,6,3,0,29,0,0,23,59,16,13,55,140,3,7,2,4,3,5,140,16,0,10,21,88,16,0,12,0,0,0,6,23,17,65,4,48,1,0,12,140,37,11,15,140,10,0,0,16,6,4,62,46,0,0,1,115,40,4,11,0,0,0,0,4,20,140,52,76,16,0,0,86,88,40,29,140,39,0,0,9,10,8,27,21,0,1,11,50,40,10,12,4,10,4,8,4,9,48,30,102,99,0,0,2,22,34,18,140,95,6,0,0,1,1,4,7,13,19,9,8,2,2,2
77,12,0,1,18,0,0,7,143,17,1,0,0,0,0,20,51,10,8,11,1,0,9,14,18,5,1,5,18,5,4,9,48,36,37,17,12,1,1,7,143,57,9,4,0,0,2,20,73,24,25,51,4,4,11,9,12,17,14,28,16,2,2,3,14,24,86,41,25,10,10,13,143,102,60,9,1,2,17,90,40,11,14,27,9,21,133,61,43,25,7,6,1,2,30,49,1,62,143,19,2,0,0,0,11,120,143,31,0,0,1,1,8,32,120,114,5,5,14,7,27,102,45,2,0,0,3,12
9,15,1,0,0,0,100,73,4,11,5,3,43,40,91,35,42,87,17,6,53,36,19,16,67,78,2,0,0,0,1,11,9,7,0,0,0,2,137,78,39,9,1,1,7,37,137,107,137,54,5,0,2,10,37,95,51,31,0,0,0,0,0,4,46,33,57,12,0,0,16,27,73,72,45,15,9,10,7,9,137,82,7,0,0,0,2,22,61,1,0,0,0,0,1,7,5,18,137,90,11,5,12,0,24,51,55,19,5,3,3,3,137,19,4,0,1,0,0,60,49,0,0,0,0,0,0,18
16,0,0,30,110,9,7,15,144,0,0,2,17,3,4,137,39,0,0,9,48,28,14,46,0,2,17,31,33,4,0,0,14,0,0,5,72,62,69,23,144,11,0,1,26,18,4,71,105,5,0,5,5,5,7,42,0,31,28,23,6,1,1,0,40,13,2,5,3,24,70,18,144,91,0,0,0,6,5,11,98,116,21,0,0,0,1,6,0,112,28,0,0,0,0,0,67,41,11,36,10,0,1,0,144,144,0,0,0,0,0,0,33,121,18,0,0,0,0,0,1,23,8,0,0,0,0,0
9,6,4,8,30,58,13,23,13,1,4,19,59,79,2,4,97,20,25,110,68,3,1,8,3,3,29,132,132,4,0,0,2,11,18,62,58,18,2,0,23,4,11,92,75,8,0,0,132,15,1,24,71,9,0,12,6,1,8,132,132,10,1,1,1,14,14,22,18,24,7,0,10,4,9,128,64,12,1,0,86,5,3,35,31,7,0,24,3,0,1,112,121,31,1,3,0,5,4,7,14,38,13,1,0,0,1,12,28,89,17,2,16,1,0,4,19,23,7,17,2,0,0,2,93,131,6,4
144,95,30,1,0,0,0,50,22,91,22,5,22,7,0,3,12,31,25,10,19,6,1,0,6,50,65,6,2,0,0,3,144,106,3,0,3,2,0,24,45,39,3,2,73,63,1,8,125,38,12,0,15,18,3,40,19,22,48,1,1,2,14,14,144,87,0,0,25,42,6,37,41,26,1,1,75,133,3,9,144,37,0,0,2,7,1,46,39,25,29,1,0,2,14,15,144,32,0,0,12,21,16,79,26,65,25,3,21,24,7,14,59,82,40,3,5,3,4,20,43,14,6,1,5,7,38,28
2,14,132,10,0,1,1,1,0,13,115,86,20,8,2,1,27,42,107,89,25,4,8,28,110,39,28,1,0,0,1,114,35,9,17,9,18,10,7,19,26,4,12,20,132,60,17,24,132,35,99,23,9,12,12,49,27,28,132,18,0,0,0,13,15,22,38,20,24,1,0,2,44,16,5,28,132,11,0,5,132,58,4,5,20,2,0,11,34,13,26,5,0,0,0,1,1,16,28,18,43,4,0,0,49,14,2,10,132,33,0,0,132,58,1,1,9,2,0,0,17,9,7,8,0,0,0,0
12,7,6,10,2,19,45,8,145,68,1,1,1,7,11,13,110,128,10,0,0,0,0,6,0,73,10,0,0,0,0,0,60,41,21,53,18,0,0,1,145,126,4,16,8,0,0,9,129,103,3,0,0,0,0,8,2,9,2,0,0,0,0,2,48,30,7,29,39,14,20,34,145,15,2,14,23,7,4,122,145,3,0,0,0,0,0,75,2,0,0,0,0,0,0,7,43,32,11,19,8,7,16,32,145,21,9,37,9,4,2,36,145,1,0,0,0,0,0,43,1,0,0,0,0,0,1,11
10,1,0,33,133,0,0,6,133,8,5,4,10,0,0,40,73,9,46,7,0,0,0,5,0,0,56,14,32,11,0,0,8,6,3,14,133,0,0,0,133,48,3,4,14,0,0,14,110,6,0,0,0,1,0,9,0,0,0,0,100,46,0,0,10,4,2,18,133,0,0,2,133,24,2,3,6,0,0,44,103,2,0,0,3,1,0,16,0,0,0,0,133,82,0,0,2,2,4,22,113,5,1,2,133,34,6,4,2,1,1,14,88,6,0,0,9,10,0,7,0,0,0,0,133,116,0,0
3,164,164,0,0,0,0,0,2,164,164,0,0,0,0,0,9,73,164,1,0,0,0,0,0,17,128,98,0,0,0,0,24,22,20,0,0,0,0,3,13,6,5,0,0,0,0,1,47,7,1,0,0,0,0,5,8,4,7,1,0,0,0,6,30,1,0,0,0,0,0,23,10,8,6,0,0,0,2,6,17,2,1,0,0,2,15,13,3,0,0,0,0,0,25,24,12,0,0,0,0,0,6,52,2,0,0,0,0,11,43,32,0,0,0,0,0,104,162,1,0,0,0,0,0,126,164,19
49,71,14,26,7,2,1,2,66,57,11,50,54,0,0,0,166,166,1,3,2,0,0,4,34,72,6,0,0,0,0,1,36,34,7,12,17,19,23,77,92,23,3,23,65,36,19,45,166,37,0,1,3,1,1,76,60,4,0,0,0,0,0,15,38,60,31,30,20,3,6,26,93,73,17,72,23,8,5,16,166,64,0,10,3,0,0,12,64,3,0,0,0,0,0,13,15,19,19,40,32,10,12,31,61,20,6,23,15,21,41,53,166,13,0,3,2,4,2,29,42,0,0,0,0,0,0,12
4,2,27,108,97,14,10,6,137,83,68,46,29,7,5,66,137,28,1,0,0,0,0,61,9,0,0,8,4,0,0,1,87,97,55,88,6,9,9,14,99,77,120,137,0,0,0,4,137,32,7,2,0,0,0,46,25,0,0,3,8,0,0,7,48,137,14,22,0,0,0,0,16,20,64,135,0,0,0,0,137,45,28,17,0,0,0,18,41,0,0,0,7,14,3,11,3,31,4,11,3,0,0,0,2,2,5,16,2,0,1,2,42,10,6,6,1,2,7,15,13,0,0,0,0,46,33,12
52,0,0,0,0,0,1,148,11,0,0,0,0,0,0,11,2,0,0,1,0,0,0,3,0,0,0,4,0,0,0,0,211,1,0,0,0,0,0,211,30,6,1,0,0,0,0,5,5,1,0,0,0,0,0,3,0,0,0,2,0,0,0,0,211,38,0,0,0,0,0,93,45,5,2,0,0,0,0,6,1,5,0,0,0,0,0,0,0,0,0,0,0,0,0,0,211,211,1,0,0,0,0,1,16,15,10,0,0,0,0,1,0,1,4,0,0,0,0,0,0,0,0,0,0,0,0,0
29,1,1,7,28,27,28,57,100,6,1,0,4,8,16,120,105,53,4,0,4,4,3,6,44,44,0,0,0,0,3,4,34,30,44,49,27,3,2,12,141,141,33,0,0,0,1,29,70,134,108,1,0,0,0,4,20,38,41,0,0,0,1,3,24,7,15,12,9,49,37,58,141,40,6,0,1,7,18,141,137,27,35,1,0,0,0,35,8,31,37,0,0,0,0,0,29,8,1,0,8,14,17,67,141,32,0,0,2,2,1,40,141,7,0,0,0,0,0,15,22,11,0,0,0,0,0,0
54,2,6,13,7,4,0,20,162,35,0,0,0,0,0,37,162,29,0,0,0,0,0,3,16,7,0,0,0,0,0,2,49,5,22,37,13,7,0,8,162,62,4,1,0,0,0,21,162,38,0,0,0,0,0,7,20,0,0,0,0,0,0,10,15,3,26,98,18,0,0,2,162,18,6,11,7,0,0,57,162,9,0,0,0,0,0,14,21,1,0,0,0,0,0,2,1,3,22,101,6,0,0,0,162,81,20,33,2,0,0,2,155,22,0,0,0,0,0,0,11,3,0,0,0,0,0,0
5,2,15,55,66,1,6,31,127,4,0,6,20,1,5,127,73,5,2,0,1,4,3,41,0,0,0,1,15,16,5,0,9,6,2,41,105,64,7,3,127,48,0,13,40,13,14,43,106,8,0,0,0,28,103,34,3,0,0,0,0,28,55,24,4,0,4,26,55,127,24,15,61,7,0,5,5,25,114,127,11,1,6,0,0,28,127,74,4,0,1,0,0,1,111,127,0,0,40,113,83,36,1,1,3,0,1,24,38,19,21,51,15,8,15,2,0,4,37,57,16,24,17,2,0,0,27,53
1,1,0,0,54,111,78,28,18,12,4,0,3,19,65,128,3,3,11,6,2,56,108,47,10,48,6,1,16,55,54,1,23,45,1,0,2,35,43,18,115,127,62,5,0,5,7,31,14,53,128,33,0,15,35,11,7,128,118,3,0,5,12,1,40,58,14,8,13,1,0,5,128,61,11,1,6,0,0,42,108,35,94,4,0,0,0,38,4,38,56,4,2,1,2,7,26,37,19,28,15,2,0,0,128,128,3,1,2,0,0,1,58,29,3,0,0,0,0,29,5,0,0,0,0,1,15,18
21,8,0,0,99,128,6,13,128,12,0,0,2,11,3,55,83,0,0,0,0,0,0,72,69,4,0,0,0,0,0,22,32,10,2,0,37,110,10,51,128,7,0,0,0,0,0,81,128,9,0,0,0,0,0,26,126,13,0,0,0,0,0,12,47,35,14,0,16,16,0,20,128,56,6,0,0,0,0,13,128,38,0,0,0,0,0,0,128,16,1,0,0,0,0,1,75,47,0,0,2,3,0,19,128,128,5,0,0,0,0,3,42,109,25,0,0,0,0,0,56,58,5,2,1,0,0,0
126,1,0,0,0,0,1,121,131,4,0,0,0,0,0,80,61,6,0,0,8,20,1,14,0,3,5,5,30,41,4,0,144,4,0,0,0,0,0,80,144,10,0,0,0,0,0,52,78,13,4,3,14,15,2,10,3,49,48,4,11,12,1,0,144,56,1,0,0,0,0,16,144,51,2,0,0,0,0,14,96,34,13,5,1,3,1,6,49,49,32,6,2,2,1,6,118,144,24,0,0,0,0,0,79,144,39,1,0,0,0,0,42,41,20,30,18,1,2,11,29,6,4,5,4,6,14,47
7,7,11,13,9,7,3,6,14,9,23,30,8,5,2,7,91,137,66,9,0,0,0,7,12,49,70,141,53,0,0,0,7,9,19,31,29,26,12,5,31,4,1,13,44,59,22,26,141,31,3,1,0,3,9,63,91,16,51,58,1,0,0,8,6,1,0,0,11,57,84,14,38,50,15,5,31,44,15,8,141,56,2,0,0,1,10,109,93,5,1,0,0,0,1,90,10,1,0,2,0,25,48,12,12,14,2,0,0,23,141,28,21,3,0,0,0,0,91,141,15,0,0,0,0,0,18,141
53,72,11,7,7,4,7,52,39,22,16,71,94,43,9,17,125,11,3,8,11,6,2,46,10,0,5,20,16,0,0,2,84,6,2,2,10,9,15,125,45,4,1,14,125,103,20,50,125,15,1,3,18,16,4,87,36,6,14,7,0,0,0,4,93,7,9,48,28,3,13,81,71,38,15,48,92,15,37,47,125,120,13,12,9,0,3,25,37,12,11,2,0,0,1,18,15,17,10,54,78,17,18,21,70,79,8,3,8,11,41,39,45,22,2,1,4,18,63,96,12,0,0,0,0,0,14,125
16,38,3,0,0,0,0,1,20,122,11,0,0,0,0,0,29,122,16,0,0,0,0,0,58,122,2,0,0,0,0,0,44,45,4,0,0,0,0,1,122,122,28,0,0,0,0,8,41,122,86,0,0,0,0,1,99,122,2,0,0,0,0,0,44,13,4,3,0,0,0,3,122,21,2,0,0,0,0,38,122,45,17,0,0,0,0,20,122,98,1,0,0,0,0,0,21,41,14,5,3,0,0,0,122,92,0,0,0,0,0,2,122,69,0,0,0,0,0,2,100,96,0,0,0,0,0,0
7,3,1,0,0,6,117,106,9,3,0,1,5,70,117,95,1,11,3,2,7,117,117,4,3,8,13,2,0,20,67,43,1,3,55,49,15,7,58,45,19,3,3,8,22,21,117,64,117,60,11,0,1,28,56,52,12,28,31,13,20,97,24,8,3,3,33,50,87,48,11,13,30,48,15,16,54,22,11,7,117,38,1,0,5,48,54,43,6,0,1,0,38,117,35,7,9,0,2,21,21,33,51,23,2,12,10,14,17,89,52,3,13,31,4,0,1,33,117,25,5,57,72,5,13,40,22,2
59,35,1,1,0,0,2,4,127,40,0,0,0,0,0,18,127,2,0,0,0,0,0,59,114,1,0,0,0,0,0,39,104,21,0,0,0,0,0,2,127,27,0,0,0,0,0,24,127,11,0,0,0,0,0,77,127,0,0,0,0,0,0,80,118,7,0,0,0,0,0,22,127,88,0,0,0,0,0,40,101,86,1,0,0,0,1,35,115,3,0,0,0,0,0,89,50,5,0,0,0,0,0,29,51,3,0,0,0,0,6,127,21,7,0,0,0,0,19,127,45,0,0,0,0,0,2,89
37,39,12,55,46,32,13,10,78,110,16,23,55,25,13,20,7,23,28,48,112,67,21,4,69,62,17,4,3,6,23,25,78,27,1,5,100,59,7,21,89,18,1,6,22,112,91,51,109,65,72,35,34,37,36,33,20,57,63,51,55,32,10,8,14,12,4,10,75,44,44,13,67,25,8,6,4,108,36,15,112,37,1,0,10,41,24,54,23,5,2,7,54,112,37,25,2,8,7,29,63,22,15,6,55,51,16,15,5,6,15,15,69,79,19,24,33,14,3,18,13,33,28,30,62,28,2,3
6,17,60,36,3,11,58,39,81,17,23,27,6,24,45,23,144,60,7,4,0,0,0,41,45,36,57,16,14,0,0,1,29,53,40,48,38,11,4,16,65,11,26,56,48,45,12,24,144,27,2,1,0,2,3,66,91,6,0,4,26,5,1,5,23,15,18,37,34,35,38,62,47,32,43,63,34,26,46,26,144,110,14,4,0,0,2,19,58,7,0,0,24,37,5,9,5,7,86,124,17,8,8,3,72,62,40,92,10,6,26,23,144,119,4,0,0,0,1,8,11,14,3,14,66,16,0,0
7,33,36,54,17,16,6,3,24,9,14,29,54,41,6,16,96,53,2,4,36,51,7,22,74,25,5,12,29,60,28,31,10,15,17,26,21,53,83,28,16,10,19,28,88,106,20,10,125,125,12,12,39,30,9,31,24,53,24,54,75,62,11,10,15,19,72,15,15,35,32,31,17,15,106,33,30,42,8,13,111,29,70,17,4,22,36,67,26,21,19,12,17,70,39,27,1,20,125,28,1,0,0,0,0,18,125,88,1,0,0,0,1,54,125,64,14,17,8,1,42,17,32,76,20,7,6,11
0,0,0,0,6,119,127,5,0,0,0,0,2,113,127,3,0,0,2,1,1,33,127,16,0,0,0,0,0,0,27,3,1,0,0,0,8,90,127,17,36,5,11,3,4,45,107,56,10,6,62,11,3,11,30,3,0,0,5,0,0,0,3,0,17,73,42,0,0,23,91,20,127,115,32,0,0,0,16,45,32,26,38,1,0,0,0,1,0,0,1,0,0,0,0,0,2,127,127,1,0,0,0,0,7,127,127,0,0,0,0,0,1,23,127,8,0,0,0,0,0,0,1,0,0,0,0,0
0,0,22,30,0,0,0,0,1,2,66,172,23,0,0,0,2,41,172,172,53,0,0,0,0,56,172,170,3,0,0,0,0,0,3,21,11,0,0,0,29,7,11,16,3,0,0,1,93,41,166,46,0,0,0,4,11,21,172,41,0,1,1,1,0,0,1,26,32,0,0,0,23,9,6,3,1,0,0,2,104,4,0,0,0,0,4,51,12,1,0,0,0,2,30,30,0,0,0,16,38,0,0,0,4,4,3,2,2,0,0,2,9,1,1,1,0,0,5,48,0,0,0,0,0,0,24,52
0,0,1,1,1,21,117,29,3,3,2,0,0,0,85,69,1,2,6,0,0,18,100,16,0,0,2,2,5,39,64,0,16,0,0,0,15,46,102,115,20,0,0,0,9,48,138,108,115,34,13,1,0,13,131,80,14,22,86,36,2,16,29,1,76,31,7,6,42,15,6,25,99,23,4,20,77,27,16,20,138,54,4,1,6,3,6,18,67,20,49,12,0,0,0,1,29,84,30,18,12,6,6,19,47,54,21,65,47,21,4,11,138,73,4,4,2,1,0,16,54,7,0,0,0,0,1,2
6,0,0,0,5,23,88,86,18,0,0,0,12,60,134,49,139,27,11,0,0,8,54,60,21,24,89,12,0,3,1,1,73,15,2,5,32,10,9,43,83,13,5,36,66,19,7,24,139,18,2,3,5,1,2,62,88,7,11,0,0,0,0,15,47,99,30,21,15,2,4,14,44,60,29,92,45,19,4,13,139,45,7,12,6,4,2,58,105,2,0,0,0,0,1,21,31,9,2,3,9,22,31,74,27,3,0,7,66,64,16,50,139,0,0,1,13,13,5,96,107,0,0,0,0,0,0,28
20,8,5,0,0,0,7,82,7,8,4,0,0,0,59,116,11,5,6,0,0,0,64,133,7,13,23,0,0,0,86,133,33,19,11,2,1,4,4,11,56,55,41,2,0,0,5,20,4,10,39,21,6,3,25,43,0,0,0,3,5,7,89,75,40,23,34,24,1,3,2,7,97,51,32,2,1,4,5,14,3,13,86,22,13,21,13,2,0,0,24,42,33,15,4,0,2,58,133,35,0,0,0,0,6,133,133,0,0,0,0,0,0,126,133,37,0,0,0,0,0,5,133,133,7,0,0,0
41,2,0,0,35,141,20,12,0,2,3,3,74,141,0,0,7,21,29,23,12,4,0,0,57,141,20,3,0,0,0,0,7,0,0,0,28,141,19,4,43,24,6,2,16,59,8,9,72,29,16,20,17,2,2,2,141,110,1,0,0,0,0,47,7,0,0,0,32,122,15,10,47,3,0,0,2,13,65,57,54,4,1,4,7,6,85,57,141,2,0,0,0,0,1,140,13,1,0,0,1,46,27,14,10,5,1,6,7,7,36,17,51,40,0,1,1,2,36,40,141,31,0,0,0,0,0,57
24,49,27,29,51,10,1,2,49,71,23,46,49,4,0,2,147,78,5,14,19,1,0,1,101,18,6,1,0,0,0,0,47,25,13,11,21,44,38,70,58,33,13,27,57,94,23,59,147,52,3,7,10,17,6,57,96,10,0,0,0,0,2,8,90,44,12,16,37,10,6,17,100,37,7,22,99,34,5,15,147,86,1,1,9,5,1,13,78,11,0,0,0,0,2,3,35,63,19,22,16,17,11,31,64,64,16,45,42,32,6,11,147,120,3,2,1,0,0,2,26,9,0,0,0,2,1,0
2,5,4,0,0,2,79,41,1,3,7,0,0,38,102,10,0,0,7,12,17,72,71,0,1,4,24,63,78,34,14,0,16,0,0,0,10,47,145,83,145,36,19,1,2,22,125,76,28,34,145,36,2,20,21,1,0,40,145,11,7,10,5,0,81,23,7,29,54,18,10,23,145,35,4,7,13,3,5,40,107,17,38,4,0,0,0,9,0,7,34,1,1,1,0,0,32,48,18,49,35,26,6,20,145,44,5,11,8,7,2,51,92,4,0,0,0,1,2,14,0,0,0,0,0,2,3,0
39,63,18,20,14,13,16,42,67,25,14,45,53,43,13,51,146,7,0,0,1,2,3,114,25,0,0,0,0,1,4,13,69,4,1,7,31,26,29,82,93,8,3,28,105,35,9,56,146,18,1,3,7,2,1,92,68,0,0,0,0,1,2,12,67,66,29,58,27,4,3,15,81,65,28,83,48,18,6,20,146,62,7,12,7,3,1,33,74,3,0,0,0,3,1,6,21,9,5,15,32,58,30,52,52,40,5,8,30,41,23,65,146,120,2,1,6,6,4,23,39,9,0,0,0,2,4,4
40,50,20,64,40,20,4,13,169,59,5,9,5,3,1,42,96,6,0,0,0,1,2,11,0,0,0,0,0,3,2,0,61,4,1,6,83,80,17,57,169,3,0,0,10,12,5,101,141,0,0,0,0,0,4,21,0,0,0,0,0,1,9,1,77,46,15,52,84,3,0,5,169,108,5,7,10,0,0,4,133,15,0,0,0,2,1,1,0,0,0,0,0,3,7,0,48,38,10,31,34,46,11,25,169,85,3,3,2,4,2,15,60,10,0,0,0,3,2,1,0,0,0,0,0,6,4,0
1,0,0,11,29,15,13,11,86,15,0,2,9,8,5,2,161,95,3,19,7,0,0,0,9,18,38,95,55,0,0,0,1,0,0,2,44,49,33,8,161,7,0,0,0,1,13,29,161,40,0,8,12,4,1,7,27,14,32,42,41,12,6,13,25,1,0,0,23,28,12,14,161,6,0,0,0,0,1,22,161,9,0,0,24,12,1,33,16,0,0,0,59,55,25,42,22,3,0,0,4,3,16,39,113,0,0,0,0,0,7,76,161,0,0,0,26,15,3,96,9,0,0,0,79,69,25,18
65,25,7,10,20,26,19,47,116,15,9,47,34,4,2,77,135,1,0,2,1,0,0,119,6,0,0,0,0,0,0,5,73,50,16,27,25,20,11,48,90,28,10,46,59,67,19,71,135,17,1,4,8,12,7,128,40,1,0,0,0,0,0,8,72,59,17,7,17,22,8,49,89,63,27,104,54,24,5,37,135,79,7,17,9,6,2,46,43,4,0,0,0,0,0,5,49,15,42,49,9,9,5,33,66,12,3,11,47,70,13,47,135,25,0,1,13,19,3,88,44,2,0,0,0,0,1,12
49,31,0,0,0,0,0,3,23,20,0,0,0,0,0,0,2,2,0,0,0,0,0,0,0,0,0,0,0,0,0,0,143,36,0,0,0,0,0,61,143,89,0,0,0,0,0,27,69,37,0,0,0,0,0,7,7,9,0,0,0,0,0,0,143,27,0,0,0,0,0,50,143,43,0,0,0,0,0,74,125,51,11,0,0,0,0,40,37,82,25,0,0,0,0,0,143,143,14,0,0,0,0,13,143,142,0,0,0,0,0,1,125,117,7,0,0,0,0,3,17,43,21,0,1,2,3,4
10,0,2,29,18,7,117,133,37,0,0,0,0,0,29,133,1,0,0,0,0,0,14,34,0,0,0,0,2,0,0,1,18,11,47,43,34,9,41,52,48,8,31,11,11,6,71,133,118,7,0,0,0,0,47,133,16,1,0,2,1,0,0,7,7,13,104,42,33,37,65,21,82,44,66,15,12,14,50,48,133,87,1,0,1,1,2,23,24,6,0,0,1,1,0,0,3,13,133,58,31,4,0,0,57,68,85,52,43,5,0,0,133,104,3,2,0,0,0,0,4,3,0,2,1,0,0,0
139,139,0,0,0,0,0,3,139,4,0,0,0,0,0,20,137,4,1,0,0,0,0,25,53,25,37,28,0,0,0,14,73,37,0,0,0,0,0,23,139,26,0,0,0,0,0,3,139,11,0,0,0,0,0,8,124,35,0,0,0,0,0,7,130,9,0,0,0,0,0,18,139,14,0,0,0,0,0,14,139,1,0,0,0,0,0,49,115,0,0,0,0,0,0,58,88,29,0,0,0,0,0,0,94,15,0,0,0,0,0,16,104,10,0,0,0,0,0,31,80,2,0,0,0,0,0,39
128,5,0,0,42,16,6,14,95,21,0,0,57,15,2,1,128,20,0,0,0,0,0,1,4,0,0,0,0,0,0,0,96,30,3,7,25,79,47,35,128,99,0,2,18,50,24,28,128,100,0,0,0,0,0,7,3,1,0,0,0,0,0,0,66,32,46,73,22,11,4,17,128,27,27,51,12,4,1,104,128,8,0,0,0,0,0,109,3,0,0,0,0,0,0,1,128,23,15,29,21,0,0,36,67,62,83,51,27,0,0,27,128,60,13,0,0,0,0,26,6,0,0,0,0,0,0,0
115,54,0,0,0,0,0,14,128,68,0,0,0,0,0,29,128,36,0,0,0,0,0,45,128,10,0,0,0,0,0,35,128,55,0,0,0,0,0,15,128,127,0,0,0,0,0,15,128,89,0,0,0,0,0,24,106,4,0,0,0,0,0,99,104,0,0,0,0,0,0,31,128,7,0,0,0,0,0,66,93,4,0,0,0,0,4,89,80,0,0,0,0,0,2,103,4,0,0,0,0,0,0,0,61,2,0,0,0,0,0,7,44,0,0,0,0,0,2,38,101,3,0,0,0,0,0,42
132,33,0,0,0,0,0,16,132,17,0,0,0,0,0,55,132,21,0,0,0,0,0,83,132,8,0,0,0,0,0,86,118,90,0,0,0,0,0,2,132,73,0,0,0,0,0,13,132,120,0,0,0,0,0,11,132,78,0,0,0,0,0,13,20,6,0,0,0,0,0,2,132,3,0,0,0,0,0,38,132,14,0,0,0,0,0,87,117,13,0,0,0,0,3,69,0,0,0,0,0,0,0,0,3,0,0,0,0,0,0,1,58,0,0,0,0,0,0,14,56,0,0,0,0,0,1,30
2,0,0,2,140,13,0,0,112,38,1,5,84,9,1,7,109,23,0,0,0,0,0,12,6,0,0,0,0,0,0,0,7,0,0,0,143,55,3,2,143,29,0,0,83,30,2,20,91,49,0,0,0,0,0,3,2,1,0,0,0,0,0,0,23,0,0,0,72,143,143,14,143,6,0,0,31,42,17,41,99,4,0,0,0,0,0,27,0,0,0,0,0,0,0,1,88,14,35,19,1,40,129,24,143,70,2,0,0,4,10,21,68,22,1,0,0,0,0,5,1,0,0,0,0,0,0,0
7,0,0,1,0,0,15,89,12,1,37,24,0,0,9,94,5,2,176,176,0,0,6,52,1,1,176,176,0,0,7,15,21,24,40,1,0,0,0,20,64,17,6,0,0,2,3,39,12,0,0,0,2,24,50,53,1,0,12,10,0,3,73,86,0,7,120,55,0,0,0,0,13,11,33,49,1,5,3,3,2,0,12,21,20,37,12,3,12,6,7,4,2,5,18,49,0,0,51,84,0,0,6,4,0,0,53,115,1,1,0,0,0,0,47,72,24,9,0,0,1,4,9,13,44,109,99,7
23,45,0,0,0,30,59,11,0,0,0,0,0,59,122,0,0,0,0,0,4,118,67,0,0,0,0,2,13,112,18,0,16,3,0,0,0,47,63,28,16,4,2,4,1,29,45,10,2,1,8,43,28,34,12,0,0,3,45,27,17,15,0,0,10,14,25,9,9,14,10,6,47,50,25,3,0,1,3,14,8,17,67,40,2,0,0,0,0,14,102,13,1,17,8,0,0,27,91,5,0,0,1,0,2,76,76,1,0,36,23,0,0,13,50,4,3,186,176,0,0,1,17,3,1,186,186,0
145,158,20,4,6,3,0,0,3,15,93,46,22,5,0,0,1,41,82,44,31,3,0,0,23,12,16,79,158,21,0,1,95,95,0,0,12,7,0,0,8,4,0,0,28,22,0,1,61,63,16,20,45,7,1,10,60,11,9,64,158,39,1,5,28,24,0,0,25,9,0,0,6,0,0,0,37,13,2,5,36,3,0,0,44,47,77,49,47,1,0,10,158,85,34,12,2,2,0,0,24,8,0,0,0,0,1,4,31,7,0,0,0,2,31,45,53,29,24,0,7,0,13,59,158,38,15,7
0,0,0,4,48,18,1,1,16,15,58,74,23,3,3,6,17,76,154,116,14,0,0,0,0,4,39,154,154,0,0,0,1,1,9,23,53,6,0,1,40,10,15,7,2,1,0,6,101,15,5,23,3,0,0,7,13,5,6,154,154,0,0,0,3,0,2,4,30,29,6,1,28,2,3,3,2,13,16,16,128,12,0,0,0,0,0,16,33,4,1,58,154,5,0,3,8,0,0,0,44,22,2,2,19,0,0,0,6,12,11,37,97,0,0,0,0,0,0,52,34,0,0,26,154,6,0,10
31,21,40,121,17,0,0,2,121,19,11,29,15,0,0,29,23,1,19,114,121,11,1,6,0,0,74,121,53,16,27,3,3,7,19,103,53,0,0,0,121,44,11,39,29,0,1,10,38,13,53,73,12,3,8,5,0,0,93,121,58,12,1,0,1,0,0,8,104,3,0,0,94,4,0,4,63,4,16,48,20,1,1,1,3,14,69,53,3,0,0,5,121,101,7,13,0,0,0,12,80,0,0,0,12,2,0,10,72,10,14,34,12,0,0,1,11,29,37,67,22,5,0,0,85,115,6,21
0,0,5,10,1,1,0,0,2,1,3,3,1,5,9,4,1,0,0,0,0,1,15,23,0,0,0,0,0,0,12,19,0,0,4,14,13,15,17,0,3,1,1,4,61,96,57,12,51,7,0,0,3,14,68,78,11,3,1,1,0,1,9,15,0,0,0,0,6,48,152,12,10,7,4,17,77,61,75,19,152,37,6,8,8,4,14,53,25,10,6,10,23,21,12,17,1,2,44,43,4,26,152,54,13,7,16,4,1,2,152,152,22,1,0,0,0,3,152,152,5,0,0,0,16,36,152,86
0,85,149,30,0,0,0,0,1,70,149,53,7,6,3,2,6,149,149,5,1,3,2,3,3,149,146,1,0,0,0,0,25,36,141,63,20,3,3,7,13,16,48,88,87,9,10,18,131,70,34,3,4,2,6,40,19,57,24,0,0,0,6,7,14,8,3,11,18,5,7,10,5,18,69,89,60,3,1,1,71,83,59,10,2,1,1,9,13,3,0,0,0,0,18,8,0,4,23,1,0,0,0,0,0,3,38,10,0,0,0,0,0,6,19,9,1,1,0,0,2,3,6,3,0,0,2,1
13,1,0,0,0,0,0,0,141,18,0,0,10,6,0,9,81,8,0,1,110,44,0,4,141,30,0,0,7,3,0,0,22,1,0,0,0,0,0,0,141,23,0,4,19,4,0,14,115,14,0,15,141,19,0,5,141,32,0,0,4,0,0,2,27,3,0,0,0,0,0,0,141,23,1,2,17,13,4,20,110,4,0,7,93,57,5,17,141,5,0,0,2,1,7,73,29,2,0,0,0,0,0,1,124,22,1,10,22,6,4,15,67,17,0,26,78,18,3,6,127,39,10,0,0,0,8,45
81,14,0,1,61,31,0,7,147,59,0,0,47,25,0,0,147,49,3,0,0,0,0,0,0,2,11,0,0,0,0,0,81,16,0,6,87,30,4,8,147,66,0,2,46,10,0,8,147,29,1,0,0,0,4,16,0,2,4,0,0,0,3,3,56,16,1,13,79,41,4,5,147,21,0,1,16,12,5,71,65,2,1,0,0,0,78,119,0,0,0,0,0,0,76,45,46,16,0,9,49,32,24,13,147,116,23,3,8,2,2,12,12,17,78,19,0,0,31,34,0,0,40,15,0,0,61,30
141,141,0,0,24,141,12,12,141,141,1,0,0,0,0,4,53,68,0,0,0,1,1,1,3,4,0,0,0,16,5,0,141,141,14,3,12,16,1,1,141,94,0,0,0,0,3,24,53,13,0,0,0,7,9,20,0,0,0,0,0,25,4,0,56,141,17,6,2,3,5,2,34,17,8,12,4,10,52,87,46,9,0,0,0,2,22,108,3,0,0,0,1,11,4,4,14,61,66,27,2,1,0,0,10,29,78,63,3,3,4,7,52,62,14,1,0,0,0,12,4,6,4,1,1,0,0,0
0,42,152,57,9,17,16,1,2,152,152,9,2,12,23,3,6,152,152,0,0,0,4,2,0,61,152,4,0,0,0,0,3,31,112,30,19,3,5,9,51,85,96,0,1,1,4,25,16,136,56,0,0,0,0,2,1,42,57,0,0,0,3,3,4,5,20,79,81,5,4,6,136,59,27,10,6,1,3,33,50,20,2,0,0,0,10,15,0,1,0,0,0,0,25,6,0,5,38,32,10,0,0,0,10,49,46,5,0,0,0,0,7,6,1,0,0,1,9,4,2,1,0,0,0,0,9,2
35,3,0,0,3,48,51,57,101,33,0,0,3,4,22,102,27,15,0,0,66,35,18,14,88,27,0,0,9,4,2,8,7,31,48,4,0,1,13,53,19,9,35,32,1,1,88,119,112,23,0,4,10,16,68,111,71,33,0,0,1,4,6,9,0,109,119,17,0,0,0,0,20,42,71,119,53,0,3,9,119,78,5,30,15,1,1,19,45,24,0,0,46,72,21,0,2,39,65,10,2,0,0,0,6,16,21,104,72,1,0,0,119,74,9,28,21,2,0,0,19,5,2,38,119,39,2,0
0,0,20,91,70,4,0,0,40,12,21,68,9,0,0,6,116,111,21,1,0,0,4,13,5,45,106,2,0,3,4,1,0,0,42,116,34,21,0,0,41,11,30,97,116,41,0,6,116,47,6,3,11,5,12,60,19,19,24,0,0,41,53,15,0,6,18,15,74,111,4,0,7,116,116,12,69,75,0,0,58,116,103,0,4,2,4,12,8,74,56,0,0,7,11,5,0,35,81,7,12,19,4,0,0,84,89,2,4,41,35,0,3,27,42,0,0,22,74,34,12,13,10,0,0,0,4,21
13,5,0,3,78,58,32,4,55,4,0,2,67,35,13,49,98,7,0,0,0,0,3,61,14,5,1,0,1,6,15,14,6,0,0,6,100,124,83,17,124,31,2,2,19,52,50,82,95,29,8,20,2,0,2,80,43,19,8,2,0,1,7,39,11,16,4,18,124,68,17,12,124,69,7,11,28,4,2,24,124,12,7,56,22,0,0,23,83,5,3,21,14,0,1,76,20,124,26,3,6,38,35,7,108,98,36,19,17,1,0,17,119,3,0,27,17,2,6,42,30,0,0,34,28,7,9,48
0,0,0,8,59,22,8,0,4,1,0,16,127,44,2,1,151,78,1,2,22,14,1,3,59,34,11,3,20,18,0,0,2,7,8,12,73,2,2,1,31,2,0,24,151,50,9,20,151,38,0,2,17,12,6,42,55,10,0,13,61,11,0,0,0,0,6,49,60,0,0,0,37,10,4,130,151,1,0,2,151,37,5,23,30,1,0,9,49,2,1,6,28,8,0,2,0,0,0,25,39,2,0,0,14,4,1,75,151,2,0,0,151,10,1,22,34,1,1,41,29,0,0,0,9,8,5,15
117,14,1,6,11,4,1,11,58,5,0,31,87,26,2,17,158,12,1,2,3,1,11,122,11,4,9,0,0,0,86,54,122,3,0,5,7,7,19,61,70,10,0,36,89,54,30,19,158,101,15,3,7,3,2,17,25,38,110,2,0,0,10,8,10,0,0,0,0,4,43,49,94,0,0,0,3,38,68,29,158,10,1,0,0,2,2,34,67,7,14,0,0,4,6,7,0,0,0,0,0,0,2,0,79,0,0,0,0,0,2,11,158,0,0,0,0,0,3,78,38,0,0,0,0,30,37,29
1,0,0,0,41,80,1,1,77,36,5,0,25,60,5,11,25,30,32,47,22,2,0,0,0,24,74,39,12,0,0,0,10,3,0,0,94,118,4,5,118,24,2,0,16,53,13,47,54,7,9,10,14,112,42,26,37,20,4,4,6,13,13,18,36,51,0,0,85,118,0,0,118,103,1,1,33,44,9,10,100,16,0,0,62,118,34,25,118,29,0,0,0,5,8,18,65,102,0,0,24,42,0,0,25,52,1,1,76,27,0,0,118,36,0,2,105,25,0,5,103,27,0,0,0,2,7,6
50,4,0,5,23,27,49,48,167,86,5,5,26,22,13,7,78,61,95,13,0,0,11,15,0,0,93,24,0,0,33,13,34,2,0,0,0,4,31,18,167,49,0,0,0,3,9,14,133,20,13,2,0,11,27,11,0,0,29,7,0,7,52,8,49,5,0,0,0,0,0,0,167,50,1,1,0,0,6,51,67,13,2,2,13,60,85,41,29,35,17,0,1,23,97,8,58,9,0,0,0,0,0,0,167,85,3,6,11,0,0,2,42,21,6,32,70,13,2,2,120,31,9,2,3,3,1,17
146,20,0,3,15,8,4,39,61,6,1,24,76,10,0,2,3,22,53,53,39,15,9,2,2,21,43,50,16,1,1,1,146,19,4,30,33,1,0,17,82,1,1,9,41,11,1,6,11,17,45,28,11,1,0,0,1,7,22,65,33,1,0,0,146,8,2,39,53,1,2,68,64,0,0,0,15,15,19,51,37,7,2,4,3,5,39,15,4,2,11,54,5,30,59,3,26,0,0,19,109,20,26,107,13,1,1,1,0,14,146,121,2,0,6,2,2,64,146,11,0,10,20,1,1,110,146,1
2,127,127,0,0,28,36,2,2,117,127,6,0,2,7,1,9,25,127,127,13,0,0,2,98,7,13,66,21,0,0,64,2,96,87,5,4,1,11,17,5,16,44,18,29,2,1,1,23,9,11,75,54,0,0,0,27,0,0,99,127,5,5,68,13,1,0,0,2,4,35,71,7,0,0,1,18,20,37,22,45,2,0,16,37,1,6,18,11,1,1,112,127,3,2,18,18,0,0,0,2,13,39,37,12,5,4,2,7,45,63,33,76,10,1,3,12,1,15,57,11,1,1,50,127,4,0,2
23,1,1,16,39,73,26,24,3,38,28,7,45,120,20,3,0,55,101,40,25,37,17,0,0,1,16,86,106,7,11,1,4,0,0,31,120,50,7,5,104,68,13,5,25,32,6,29,18,47,33,92,33,0,0,1,0,2,43,120,52,0,0,0,4,6,11,63,120,18,3,5,120,115,46,27,30,2,1,34,59,61,54,89,5,0,0,6,1,13,77,105,8,0,0,2,7,13,12,67,49,6,0,0,79,120,47,15,6,0,0,7,10,45,36,22,22,13,1,1,1,1,15,54,31,11,4,1
0,0,6,10,39,43,54,11,5,0,0,0,10,32,123,30,15,4,1,6,19,25,41,26,2,4,2,16,134,56,2,0,0,0,3,11,134,31,3,1,26,0,0,1,44,24,24,27,134,33,7,17,28,1,6,32,20,13,6,76,134,1,0,0,0,0,0,5,134,15,1,0,56,1,0,0,78,14,2,4,134,19,1,14,18,1,2,21,25,7,4,134,134,2,2,4,0,0,0,6,133,15,1,1,24,0,0,5,54,20,2,13,104,7,0,1,1,1,27,118,7,4,7,49,47,20,57,31
76,0,0,0,0,0,0,15,175,1,0,0,0,0,7,121,33,1,0,0,4,59,57,43,20,12,1,0,2,47,67,5,75,0,0,0,0,0,0,6,175,56,3,2,0,0,1,45,59,33,9,40,62,23,10,15,102,15,3,9,19,13,4,18,66,0,0,0,0,0,0,6,175,11,0,1,1,0,0,61,106,7,3,75,61,0,0,19,38,3,4,41,28,1,1,26,37,0,0,0,0,0,0,4,175,0,0,0,0,0,0,37,144,9,3,42,16,0,0,9,8,1,2,71,39,0,0,5
6,0,0,2,153,38,0,1,153,34,0,1,49,18,1,6,93,40,10,4,0,1,0,0,0,0,7,12,5,6,2,1,15,2,0,5,153,52,0,1,153,26,0,4,53,11,1,9,111,9,0,0,0,38,24,11,0,0,0,2,5,43,36,4,30,3,0,0,153,74,0,2,153,20,0,0,30,12,13,29,37,0,0,0,0,20,70,45,0,0,0,7,9,22,18,17,31,3,0,5,153,41,2,5,153,8,0,2,17,10,14,31,8,0,0,0,3,9,58,48,1,0,0,0,4,23,35,33
0,0,0,0,0,0,0,0,53,6,0,0,0,0,0,5,39,0,0,0,0,0,0,8,4,0,0,0,0,0,0,3,33,6,0,0,1,24,21,25,138,61,0,0,0,5,5,24,138,7,0,0,0,1,34,59,4,0,0,0,0,0,9,29,76,118,98,2,0,9,13,25,138,107,24,0,2,10,18,41,46,1,0,3,24,85,138,102,56,0,0,0,2,6,68,138,12,77,50,0,3,12,11,7,47,30,14,5,7,15,17,24,35,14,5,62,111,74,41,28,138,20,1,9,15,12,23,124
147,35,2,12,56,14,1,6,147,11,0,0,0,0,7,54,3,0,0,0,0,0,13,62,0,0,0,1,0,0,6,16,147,19,0,0,56,20,3,13,147,9,1,4,5,20,48,50,31,5,0,0,0,2,36,132,5,0,0,0,0,0,5,62,147,33,0,1,42,15,1,11,115,34,19,21,7,7,6,10,58,75,13,5,1,1,2,22,8,5,1,1,1,2,10,35,147,18,0,3,19,6,14,112,103,94,1,0,0,0,4,43,24,99,28,37,20,2,0,0,0,1,2,30,45,27,57,4
0,0,0,0,11,133,19,0,6,0,1,8,22,133,44,11,34,17,8,25,49,77,4,3,31,25,48,54,22,22,3,2,7,7,7,2,23,133,65,3,16,7,11,11,43,93,71,31,77,33,3,9,23,32,47,37,28,15,5,7,45,98,6,5,34,9,3,3,3,48,89,25,33,28,25,14,51,35,47,14,56,67,31,8,10,14,9,20,10,22,52,33,15,30,3,2,7,30,98,29,2,11,19,5,48,133,125,5,1,2,8,6,7,133,133,11,1,0,0,2,0,32,70,107,4,0,0,0
9,2,8,49,125,31,1,4,91,26,31,12,5,6,3,17,125,6,13,11,7,3,4,125,55,0,0,0,0,0,1,125,2,2,26,101,125,8,2,0,43,14,31,37,31,13,39,27,74,27,17,8,13,10,38,83,114,11,7,0,0,2,4,125,0,2,3,88,125,30,3,0,10,17,54,60,30,9,8,19,53,33,66,38,5,7,27,26,23,4,16,11,3,15,46,125,0,0,0,12,43,105,16,0,8,2,9,15,30,25,14,51,11,4,33,30,7,10,25,95,2,1,23,27,35,62,16,19
0,0,0,0,2,64,90,70,1,0,1,1,17,134,129,6,1,10,17,13,62,134,77,4,3,20,24,10,6,13,64,23,12,15,2,3,11,38,74,37,11,11,9,23,60,72,28,9,57,46,44,16,31,24,21,21,7,104,73,24,33,8,3,2,61,79,4,6,22,10,10,8,22,39,41,46,82,26,3,10,45,104,66,35,14,7,10,15,71,134,23,3,4,5,6,2,47,35,6,5,28,20,44,34,41,33,3,7,59,20,16,32,69,134,15,10,4,0,2,16,31,134,4,0,0,0,0,0
1,6,20,58,31,3,1,0,95,13,17,34,11,7,4,48,164,17,2,0,0,0,0,67,18,2,4,3,12,2,0,2,1,2,10,151,44,2,1,4,87,8,16,70,55,25,5,27,164,9,1,3,5,3,1,61,36,0,0,0,20,4,0,3,3,4,10,114,15,9,4,1,58,22,20,164,76,6,1,2,164,57,7,13,7,0,0,7,41,2,0,4,21,0,0,0,6,26,7,7,12,59,13,2,27,45,39,75,48,8,6,3,164,83,16,12,4,0,0,2,25,4,0,6,13,0,0,0
3,12,25,123,92,0,0,0,33,93,64,12,8,0,2,6,31,64,145,8,0,0,1,9,2,9,145,42,0,0,0,0,2,11,16,68,137,16,28,14,56,40,20,25,39,19,16,29,145,40,28,1,2,4,8,57,45,15,101,14,0,0,0,1,20,1,4,7,13,21,67,83,57,18,7,20,57,41,33,22,145,41,1,2,3,3,11,25,46,0,0,0,0,15,74,13,45,18,2,9,16,17,8,12,80,43,9,6,11,28,23,18,145,30,2,0,0,8,25,35,3,10,18,0,0,25,78,7
2,4,20,33,66,123,0,0,24,47,46,32,9,16,4,20,41,65,10,0,0,1,4,46,72,83,8,0,0,0,0,92,64,23,24,30,29,24,3,7,25,31,56,42,72,59,19,11,126,100,6,1,5,14,25,34,126,126,16,0,0,0,0,22,59,20,2,5,18,37,19,29,22,13,25,15,67,74,4,5,126,30,23,11,12,6,23,112,120,21,1,0,0,0,17,126,26,53,28,5,5,6,4,10,8,29,68,56,9,8,1,0,8,21,49,34,13,5,10,18,60,3,17,14,13,2,9,126
32,25,9,17,8,8,3,16,164,134,18,0,0,0,0,48,51,94,92,2,0,0,0,4,0,12,60,21,8,0,0,0,31,9,20,52,15,8,3,16,164,30,2,5,2,0,0,55,156,8,1,1,2,1,0,7,0,0,0,4,34,8,0,0,25,4,5,45,47,28,4,12,164,25,1,4,10,7,2,32,160,6,0,0,3,3,0,3,0,0,0,0,50,17,0,0,16,13,8,101,50,4,0,0,164,92,6,12,6,0,0,0,93,16,0,0,7,0,0,0,0,0,0,0,60,5,0,0
31,0,0,4,8,11,27,47,39,26,18,31,24,13,5,16,125,123,16,0,0,0,1,23,45,85,26,0,0,0,0,1,56,0,0,2,12,14,10,93,78,16,10,11,1,13,44,76,159,96,14,0,0,0,4,41,42,54,59,0,0,0,0,0,21,0,0,15,42,2,7,64,159,30,0,0,0,3,17,74,159,66,0,0,0,0,1,13,81,26,3,0,0,0,0,0,13,2,5,49,37,0,0,5,159,12,1,3,2,0,0,41,159,33,0,0,0,0,0,10,65,10,0,0,0,0,0,1
17,5,2,11,25,50,57,15,121,8,0,5,5,14,40,46,121,4,0,0,0,19,39,48,2,7,9,5,6,67,22,2,3,5,34,43,41,20,6,1,121,21,40,21,0,1,18,93,121,32,1,0,0,5,66,121,40,33,13,11,16,7,12,31,0,28,121,53,7,0,0,0,30,48,121,98,55,0,0,15,121,91,6,5,6,3,4,67,27,2,0,1,5,8,15,105,3,30,54,25,13,0,0,0,13,5,19,121,117,1,0,11,43,3,9,39,15,8,27,70,32,4,0,0,2,6,37,71
1,0,7,76,31,0,0,1,159,13,10,11,4,0,0,20,159,21,0,0,0,0,0,17,58,2,0,0,0,0,0,7,0,0,19,151,7,0,0,0,129,15,27,81,2,0,0,20,159,9,1,0,0,0,0,64,83,0,0,0,0,0,0,6,0,0,34,99,0,0,0,0,45,39,62,117,1,0,0,1,159,85,13,3,0,0,0,4,87,7,0,0,0,0,0,0,0,0,12,47,4,0,0,0,15,31,43,30,0,0,0,0,159,81,8,0,0,0,0,0,52,10,0,0,0,0,0,0
0,0,0,8,32,11,15,4,8,30,16,39,18,0,0,0,106,137,20,5,0,0,0,0,68,137,0,0,0,0,0,0,16,23,10,12,9,2,6,7,53,46,38,21,1,0,0,1,137,115,3,0,0,0,4,56,62,29,0,0,0,0,24,55,2,57,44,17,2,0,0,0,20,37,65,18,0,0,0,2,95,17,15,3,15,36,49,95,6,0,0,0,14,71,137,120,0,14,40,5,0,0,0,0,0,12,24,5,3,5,1,0,1,6,7,1,113,119,8,1,0,0,0,0,120,137,112,25
0,1,14,68,72,62,15,0,20,66,83,38,11,31,11,10,29,65,124,1,0,2,4,15,4,56,124,1,0,1,0,0,0,6,12,43,68,8,0,0,45,12,14,43,101,15,2,37,124,33,31,0,5,3,1,78,23,19,66,2,3,2,0,1,0,3,3,18,72,86,23,0,60,34,0,2,85,85,30,22,124,76,0,0,4,1,23,48,24,2,0,0,2,12,40,16,0,0,2,55,106,80,12,0,29,4,0,10,30,34,38,93,35,6,0,0,0,0,108,124,12,0,0,0,0,0,45,121
16,1,1,6,23,8,1,20,1,52,37,37,28,5,0,0,2,43,66,85,116,10,0,0,7,43,70,99,118,14,7,7,57,5,1,2,5,1,1,72,42,76,16,6,4,1,1,8,3,19,49,108,36,5,2,2,0,48,118,94,19,6,5,0,118,21,1,0,0,0,0,67,57,20,19,8,1,2,16,41,6,10,18,11,13,22,27,20,0,2,14,8,36,118,51,1,101,118,4,0,0,0,0,3,16,95,118,12,1,0,1,3,2,17,118,55,34,19,2,3,0,0,4,75,118,62,6,0
82,57,2,6,15,9,6,13,118,77,18,0,0,0,6,36,40,23,112,41,0,0,6,74,2,0,118,105,0,0,0,5,118,57,3,6,10,10,3,8,83,31,8,7,16,51,39,63,118,15,4,1,1,7,26,118,53,3,11,4,0,0,0,16,107,118,7,3,2,3,1,2,48,95,118,23,13,12,1,5,118,118,77,4,1,1,1,11,57,20,0,0,0,0,0,4,46,78,45,7,0,0,0,0,77,56,25,0,0,0,3,22,15,51,27,0,0,0,11,34,4,12,0,0,0,4,15,6
98,17,9,8,22,13,2,37,80,47,32,33,9,3,1,15,102,63,10,5,16,43,20,20,32,49,8,8,37,40,15,4,99,21,11,5,11,3,4,29,114,101,29,4,6,5,3,33,40,66,24,21,103,57,10,5,114,114,3,2,17,20,6,2,65,49,32,19,15,1,2,7,114,19,4,3,14,53,26,47,109,53,4,8,48,107,53,21,110,83,1,4,15,3,0,2,35,22,17,34,55,20,2,14,84,31,11,9,32,27,7,42,99,114,20,7,19,22,6,4,47,53,6,10,2,0,0,0
50,33,26,30,18,11,4,12,119,21,3,4,6,11,19,86,28,3,0,5,9,29,75,55,43,7,0,0,0,3,7,35,49,23,6,7,24,42,51,14,119,110,12,20,13,9,3,35,66,33,17,92,50,18,6,29,100,32,4,6,3,1,1,28,60,48,74,8,1,4,14,28,119,41,26,9,8,9,10,109,72,7,3,32,107,69,15,64,119,11,2,13,14,5,1,54,29,11,12,8,10,1,15,119,82,37,9,6,4,2,7,86,61,32,13,76,59,17,4,26,119,4,2,17,14,7,2,60
25,10,6,20,46,16,23,59,62,11,10,58,60,17,11,23,116,10,1,2,7,10,15,69,38,7,3,3,13,20,76,107,55,30,26,41,22,12,10,32,52,17,12,68,99,33,12,33,116,24,6,7,20,10,4,82,80,106,60,10,15,8,5,25,22,9,15,25,48,36,22,31,66,44,61,52,41,13,9,32,116,86,73,21,5,1,0,13,116,52,8,0,0,0,6,38,7,55,109,31,11,1,1,2,35,116,102,9,0,0,2,1,9,77,116,6,0,1,10,2,11,34,16,1,0,0,5,4
3,3,22,33,38,33,45,6,29,42,62,37,11,5,24,25,116,35,33,1,0,1,10,116,65,0,0,0,0,0,1,58,32,53,15,9,42,46,27,10,42,59,27,8,38,56,81,19,116,21,13,2,3,16,91,116,116,1,0,0,0,0,0,116,46,25,1,1,9,30,66,29,43,47,61,33,47,38,42,20,116,67,37,18,14,9,9,44,116,29,0,0,0,0,4,65,34,64,12,4,5,5,14,6,49,38,12,9,18,53,52,16,116,72,5,5,9,18,21,22,106,71,0,0,0,0,0,3
12,6,33,69,14,4,5,5,67,30,45,27,1,1,7,27,26,10,32,54,16,8,40,49,48,7,3,3,19,30,38,35,56,16,46,37,12,9,18,53,41,20,42,49,62,35,45,38,81,20,40,60,28,8,37,56,25,24,27,39,62,39,12,5,19,20,117,82,4,4,9,15,9,43,117,69,36,18,13,8,92,117,117,22,14,2,3,15,10,106,117,37,37,1,0,1,1,4,98,73,0,0,0,0,4,60,117,27,0,0,0,0,0,113,117,1,0,0,0,0,1,56,75,0,0,0,0,0
3,16,41,29,5,22,86,17,45,48,25,9,1,2,90,80,124,50,0,0,0,0,16,66,38,4,0,1,52,22,1,10,8,30,56,44,14,37,41,32,30,50,40,22,11,41,79,40,124,37,0,0,0,0,36,124,57,2,0,10,63,6,3,52,26,62,28,31,10,19,28,33,16,33,61,63,23,33,26,13,124,69,9,0,0,1,8,57,124,18,2,19,19,0,0,14,11,67,79,6,4,8,18,26,3,58,124,21,17,18,6,5,86,91,124,11,5,1,2,23,76,10,4,7,7,1,1,45
7,2,2,36,81,38,19,14,49,14,3,83,111,14,11,15,111,57,9,32,26,28,7,41,19,34,23,34,26,35,16,24,3,2,10,14,73,86,70,36,40,9,5,39,97,72,43,48,111,38,7,24,33,67,27,111,60,28,10,26,27,64,28,44,10,39,57,38,20,45,15,10,44,14,25,67,96,40,9,14,111,72,13,35,44,28,17,71,70,36,11,34,44,30,9,26,13,15,21,12,14,55,46,22,11,44,75,12,41,44,25,10,40,68,101,10,10,16,19,53,66,24,41,21,8,16,9,19
7,16,6,3,75,111,8,4,43,83,21,13,33,46,12,21,26,34,20,18,40,45,23,31,71,42,6,7,5,5,41,54,55,38,11,8,41,107,12,13,80,56,13,13,49,78,30,27,60,46,28,22,27,45,28,46,111,100,12,18,10,15,9,8,38,82,33,21,19,11,25,43,31,69,25,54,101,44,20,16,63,86,27,29,26,22,11,20,111,111,3,3,5,9,5,5,17,1,0,0,1,13,43,77,58,11,3,3,10,47,60,50,77,111,17,10,5,10,13,22,81,111,2,1,0,0,0,0
1,5,33,64,121,53,0,0,17,53,31,89,35,11,2,8,23,66,80,61,27,19,6,17,17,29,60,18,14,17,16,21,6,6,2,26,121,32,11,13,24,16,12,37,73,61,26,51,58,23,8,35,87,42,22,94,92,31,6,33,63,26,15,22,9,11,4,109,121,6,2,5,31,42,32,88,56,27,12,17,73,56,18,53,53,37,13,46,91,26,7,39,61,37,7,21,1,1,1,66,121,8,4,3,10,12,16,36,85,42,23,24,59,32,24,33,34,28,10,38,62,56,40,41,25,12,2,3
0,2,2,7,119,104,1,1,4,17,17,58,83,67,5,6,16,82,61,66,24,8,2,9,1,7,60,73,10,8,3,2,6,6,1,6,119,93,5,9,26,19,9,25,67,81,24,37,86,38,11,20,51,68,19,77,32,20,16,22,51,75,30,26,7,19,7,25,119,39,5,10,24,48,24,66,57,45,17,21,56,81,20,39,69,48,11,23,77,81,10,28,58,28,4,4,4,4,21,22,119,44,7,10,31,24,23,32,32,48,18,23,42,38,14,33,45,56,12,22,88,96,6,7,13,23,4,3
49,20,2,3,19,25,56,23,37,38,72,29,42,25,19,9,109,47,20,10,9,4,3,58,124,27,0,0,0,1,3,66,76,45,5,2,2,13,34,13,86,31,15,10,26,93,53,24,124,42,4,6,12,40,26,68,124,35,0,0,0,0,0,18,71,116,13,8,11,20,12,7,25,46,40,36,52,49,21,15,124,116,40,3,2,5,3,16,124,46,0,0,0,0,0,4,30,54,16,20,36,37,28,8,52,59,32,11,13,20,18,23,101,124,7,0,0,0,0,5,63,56,0,0,0,0,0,1
104,24,3,11,17,6,8,32,62,27,16,45,50,46,7,20,85,48,13,9,8,12,11,46,115,22,0,0,0,0,0,31,114,27,3,25,36,21,10,63,68,23,11,37,45,110,35,59,69,34,12,10,8,25,26,81,115,4,3,3,0,1,2,115,97,33,5,18,40,21,7,40,80,45,21,69,50,39,11,34,115,48,13,23,18,18,6,42,115,9,7,10,9,18,6,94,56,19,12,12,35,15,6,40,49,21,18,11,29,46,31,48,97,40,12,17,14,15,3,29,115,36,14,25,9,12,3,25
9,5,13,71,25,32,25,5,46,35,50,60,26,19,12,27,13,3,31,117,65,7,20,37,44,21,22,11,2,5,16,48,20,5,23,87,51,15,30,13,32,6,23,84,55,14,46,49,80,29,70,102,39,11,35,35,25,9,51,117,46,4,22,37,24,8,69,117,16,7,12,8,12,13,62,117,50,13,14,6,89,38,44,31,30,23,42,36,33,5,23,117,55,10,33,32,0,0,62,117,0,0,0,0,1,3,86,117,20,1,1,0,10,10,42,95,60,17,7,5,41,11,19,19,24,14,30,31
42,27,14,15,17,28,15,45,148,4,1,2,5,8,3,125,55,0,0,0,0,1,5,27,0,0,0,0,0,5,5,0,65,35,15,23,20,16,10,42,148,35,8,12,8,4,1,59,131,2,0,0,0,2,3,19,0,0,0,0,0,9,7,0,48,45,15,19,11,24,21,55,148,78,6,7,4,11,3,25,119,11,0,0,0,5,5,11,0,0,0,0,0,12,6,0,53,10,0,0,2,16,16,109,142,72,0,0,0,1,96,128,24,8,0,0,0,1,148,59,0,0,0,0,0,3,114,23
191,149,2,0,0,0,0,8,177,44,0,0,0,0,0,9,5,0,0,0,0,0,18,22,0,0,0,0,0,5,22,9,191,137,0,0,0,0,0,32,85,36,0,0,0,0,3,6,0,0,0,0,0,0,16,11,0,0,0,0,0,3,19,4,191,6,0,2,0,0,0,86,87,0,0,0,0,2,1,14,0,0,0,0,0,1,5,2,0,0,0,0,0,0,7,2,191,23,0,2,1,4,3,54,91,3,0,0,0,1,0,10,0,0,0,0,0,4,1,0,0,0,0,0,0,2,6,0
91,0,0,0,0,0,0,29,41,6,0,0,0,0,0,13,66,8,0,0,2,1,0,2,19,2,0,0,8,4,1,1,147,0,0,0,0,0,0,147,147,35,0,0,0,0,0,80,96,51,1,2,2,9,10,10,69,17,1,1,5,13,12,10,147,80,6,0,0,0,0,74,147,19,1,0,0,0,0,20,103,18,10,10,1,1,0,16,63,14,16,18,1,1,0,15,91,147,111,34,2,0,0,0,147,49,33,29,3,0,0,5,93,16,1,2,0,0,5,25,26,24,21,7,0,0,4,16
131,77,16,0,0,0,0,3,131,20,0,0,0,0,0,3,68,11,3,3,0,0,0,7,18,8,12,16,2,0,0,2,27,115,126,75,5,0,0,0,125,41,13,18,2,0,0,6,73,16,0,0,0,0,4,24,30,16,17,5,0,0,1,17,46,69,48,131,88,0,0,0,28,4,6,83,49,0,13,26,15,0,0,1,0,1,52,82,18,2,0,0,0,0,24,96,73,76,68,131,67,0,0,0,0,0,70,131,113,8,4,1,4,0,0,15,44,19,36,52,8,0,0,0,0,0,25,84
13,2,0,0,0,0,1,3,2,2,9,97,11,0,2,3,2,5,218,218,22,0,0,0,12,9,218,218,20,14,13,9,5,1,1,0,0,0,6,6,23,7,1,0,0,0,3,7,11,13,27,17,0,0,0,2,3,1,99,200,0,0,0,3,1,8,37,10,0,0,0,0,18,3,21,22,4,0,0,8,6,0,0,0,0,0,2,20,6,0,0,0,0,0,1,13,0,1,12,9,4,0,0,0,0,0,7,29,36,3,0,1,3,1,1,2,3,0,0,12,14,2,0,0,0,0,0,5
107,78,2,3,2,5,6,11,113,26,9,10,7,30,34,19,130,80,0,0,0,0,1,15,13,7,0,0,0,0,0,1,130,32,11,10,1,0,0,25,114,38,53,71,8,1,0,17,130,30,6,3,0,0,0,70,20,1,0,0,0,0,0,5,130,43,0,1,0,0,8,46,105,65,72,26,4,0,5,48,77,110,44,2,0,0,18,10,12,5,0,0,0,0,3,1,36,1,0,4,2,2,86,130,54,9,3,0,0,0,78,130,2,8,4,0,0,0,130,42,0,0,0,0,0,0,31,3
153,102,0,0,0,0,3,22,153,121,0,0,0,0,6,30,153,153,5,0,0,0,13,33,26,105,20,0,0,0,16,15,153,21,0,0,0,0,0,25,153,37,0,0,0,0,0,35,153,65,1,0,0,0,0,81,94,96,6,0,0,0,0,8,35,3,0,0,0,0,0,0,79,7,0,0,0,0,0,3,103,39,0,0,0,0,0,7,29,53,2,0,0,0,0,0,0,0,0,0,0,0,0,0,0,0,0,0,0,0,0,0,0,0,0,0,0,0,0,0,0,0,0,0,0,0,0,0
2,0,0,7,39,2,0,0,2,7,6,10,11,0,0,0,12,16,2,10,52,0,0,0,21,6,0,76,218,0,0,0,4,0,0,0,36,9,3,13,4,2,1,0,15,5,5,5,30,5,0,8,46,0,1,8,28,4,0,70,218,0,0,0,8,0,0,0,6,20,104,66,22,4,0,0,6,6,25,39,40,13,0,3,36,0,0,2,23,1,0,39,218,0,0,3,40,52,25,1,1,15,55,39,83,41,8,0,0,0,9,39,42,8,0,4,20,0,0,3,11,2,0,49,218,0,0,0
28,3,0,0,8,8,82,101,91,1,0,0,11,11,32,52,32,0,0,0,0,18,37,22,2,0,0,0,2,14,57,15,21,46,74,45,0,0,42,50,128,13,11,17,13,5,14,62,39,0,0,16,125,126,74,6,3,0,1,11,20,52,128,43,4,54,75,107,7,0,0,0,128,49,24,66,16,0,0,2,37,7,34,128,122,15,2,1,15,28,64,128,32,11,32,10,2,7,5,19,43,1,0,0,53,16,3,15,35,2,5,20,18,5,15,40,16,15,21,19,21,15,18,72,73,38,1,0
59,16,2,12,142,34,1,11,142,27,3,4,14,3,6,45,25,11,10,0,0,3,40,39,18,7,0,0,0,0,3,12,82,18,1,3,109,117,43,22,142,56,8,1,3,1,1,13,32,49,52,2,0,2,6,7,22,17,4,0,0,0,0,1,142,88,3,1,8,54,77,59,142,43,5,2,0,0,4,64,44,18,6,1,0,1,17,42,22,2,0,0,0,0,0,2,142,142,12,9,9,2,0,2,142,40,9,21,17,0,0,17,70,29,17,10,7,2,0,9,14,2,1,2,5,1,0,0
73,10,0,0,0,0,0,0,115,17,0,1,50,21,1,4,147,68,0,0,22,9,0,0,86,28,3,0,0,0,0,0,100,20,0,0,0,0,0,1,123,17,0,4,52,41,6,11,147,27,0,0,12,8,5,67,62,5,0,0,0,0,36,66,92,15,0,0,1,1,7,30,95,31,0,11,60,27,25,23,147,108,15,2,6,2,6,55,14,10,37,8,0,0,63,71,9,0,0,0,0,0,16,34,147,25,0,0,1,10,42,34,147,100,16,1,0,0,1,3,5,10,59,15,0,0,8,2
52,0,0,8,33,3,3,78,48,10,5,55,24,17,59,117,2,12,88,118,41,13,12,3,3,15,118,39,2,5,24,7,23,6,32,90,38,1,1,19,118,102,20,8,1,1,14,51,22,80,118,9,3,21,11,6,0,15,118,15,8,24,4,0,8,7,43,118,88,16,0,1,118,83,19,21,29,2,5,56,38,80,27,0,0,31,29,27,1,73,68,4,2,17,4,0,0,45,58,17,63,29,1,0,13,118,70,3,7,14,24,7,17,74,21,0,0,0,11,22,6,19,8,1,1,4,7,5
7,1,0,2,83,91,27,3,66,1,0,1,35,31,16,63,99,2,0,0,0,0,4,75,10,3,1,0,0,1,15,20,10,0,0,1,81,131,67,16,131,20,1,0,7,38,39,85,111,24,7,5,0,0,1,69,57,19,3,1,0,0,3,36,20,20,4,10,124,63,15,7,131,63,4,5,14,2,1,20,131,15,11,37,6,0,0,18,73,3,1,15,4,0,1,75,21,131,22,2,6,26,26,5,116,105,33,11,8,1,1,18,105,4,1,20,10,4,13,53,16,0,0,19,18,13,16,49
5,5,0,0,10,34,0,0,10,11,1,1,21,119,8,2,6,10,15,67,99,41,4,4,16,3,58,39,27,9,19,72,5,0,0,0,48,119,5,3,119,43,7,2,20,100,16,27,28,34,48,92,27,18,12,5,3,25,119,55,4,0,2,1,22,25,0,0,86,119,2,2,119,58,0,0,19,83,32,31,102,15,1,3,11,91,83,50,50,27,7,1,1,2,2,9,43,96,0,0,31,84,0,0,38,71,1,2,82,52,4,2,119,59,0,0,35,33,10,17,44,14,0,0,0,11,9,3
34,19,0,0,0,5,18,34,23,8,0,7,100,47,17,9,80,4,0,6,53,20,6,39,62,9,2,0,0,0,3,32,20,3,0,0,4,19,56,129,14,1,0,0,79,129,87,30,129,18,1,1,15,50,39,75,76,12,3,2,0,0,3,59,73,0,0,0,3,16,41,129,29,31,5,7,111,87,36,23,129,69,8,6,17,5,2,14,85,9,5,28,7,0,0,27,49,60,63,0,0,6,43,59,19,129,56,4,6,22,37,8,87,76,31,13,19,13,10,32,43,1,0,15,13,13,42,43
0,0,0,32,127,6,0,0,44,112,68,42,59,4,0,0,26,127,124,23,10,9,0,0,0,6,25,124,44,10,0,0,3,0,0,15,127,24,2,3,127,47,1,3,50,18,2,22,77,26,10,20,68,36,1,1,0,6,29,46,49,32,4,0,4,2,3,86,127,5,0,2,127,16,3,41,63,5,1,28,90,2,12,28,35,2,0,8,1,7,51,48,9,0,0,0,0,0,0,65,97,0,0,0,115,9,3,45,66,3,5,46,48,1,0,0,3,5,42,48,5,3,5,15,2,17,59,7
14,0,0,0,0,0,8,27,96,3,0,1,7,15,64,52,175,54,10,0,1,3,5,15,22,14,57,4,0,3,16,3,0,0,0,0,0,0,1,1,158,2,0,0,0,0,7,17,175,11,0,0,1,7,18,83,30,6,0,0,2,39,91,22,0,0,0,0,0,0,0,0,167,11,0,0,0,0,0,1,175,62,3,14,14,3,3,15,72,15,3,27,30,13,11,13,0,0,0,0,0,0,0,0,151,3,0,0,0,0,0,0,175,21,1,14,8,0,0,2,37,5,2,49,38,0,0,10
1,0,0,0,140,54,0,0,140,41,0,0,66,35,2,5,107,70,6,2,0,0,0,0,1,3,5,6,5,5,3,3,8,1,0,0,140,75,0,0,140,40,0,0,69,18,0,8,126,23,1,1,1,23,27,16,0,0,0,2,12,44,30,0,23,1,0,0,140,102,1,2,140,8,0,0,31,16,8,44,44,0,0,0,0,17,68,63,0,0,0,0,3,54,34,5,23,4,0,2,140,68,6,2,123,9,0,1,12,5,16,36,7,0,0,0,0,2,58,68,0,0,1,0,3,46,30,16
129,115,1,0,1,0,0,0,81,56,3,8,29,14,26,13,53,58,22,1,3,6,46,15,3,16,91,5,0,1,25,7,129,129,1,4,5,0,0,0,67,36,3,32,92,0,0,1,129,36,7,3,8,0,0,13,27,10,41,1,0,0,0,12,129,129,1,4,14,0,0,0,36,16,2,23,129,6,0,2,129,3,0,2,11,1,1,29,23,0,0,0,0,0,13,39,129,72,0,1,21,0,0,0,20,2,0,3,129,11,0,4,129,0,0,0,10,3,2,20,17,4,1,0,0,1,11,19
1,0,11,49,52,16,10,10,30,8,4,12,12,11,30,31,140,76,8,0,0,0,0,19,25,61,16,1,1,1,0,0,0,0,7,130,140,15,2,0,47,6,10,19,41,34,14,35,140,17,0,0,1,5,5,54,67,9,0,0,5,17,3,10,0,0,2,58,140,30,2,0,36,80,22,10,63,38,6,4,140,101,3,0,1,2,2,33,64,51,5,0,0,5,2,14,1,4,7,92,140,16,0,0,31,114,38,44,22,0,0,7,54,132,8,0,0,0,5,12,51,37,2,0,0,1,19,30
6,8,0,0,6,125,6,0,15,1,0,0,2,140,85,39,29,0,0,0,0,11,84,81,4,1,0,0,0,0,111,19,10,1,0,0,50,140,16,4,136,43,3,0,3,131,39,40,37,33,51,7,0,8,70,32,4,38,78,0,0,0,93,8,28,18,3,1,82,140,5,10,140,30,2,0,1,8,2,34,88,29,22,1,0,0,2,12,51,42,25,0,0,0,0,6,38,7,0,0,22,36,4,22,140,23,0,0,0,0,0,22,78,20,2,1,1,0,1,15,18,6,0,0,1,0,9,36
0,0,6,81,72,18,0,0,1,4,45,120,108,5,0,0,19,25,120,39,4,2,6,9,3,17,107,34,14,11,14,4,0,0,0,19,58,29,2,0,22,7,13,82,120,1,0,1,118,41,112,16,9,0,0,6,7,9,120,45,119,20,0,0,0,1,6,13,28,11,3,0,21,3,1,35,120,0,0,0,120,6,0,6,19,2,0,12,18,0,0,0,120,70,0,3,0,0,17,30,12,0,0,0,9,1,2,36,120,0,0,1,102,2,0,3,26,8,1,19,11,0,0,0,120,84,1,3
121,121,0,0,2,0,0,0,27,37,1,4,99,17,0,0,121,13,0,2,32,8,0,4,54,2,0,0,0,0,5,25,121,121,0,0,11,3,4,6,17,7,0,0,121,44,2,1,121,14,0,0,28,12,1,5,37,9,3,1,0,1,10,18,54,18,0,0,5,10,121,95,18,0,0,0,91,58,110,44,121,11,0,0,15,6,5,38,36,37,5,1,0,0,0,5,3,9,24,13,16,15,63,32,34,2,3,5,15,15,112,96,121,26,0,0,0,1,10,107,46,45,1,1,0,0,0,17
1,3,30,100,39,18,55,4,46,19,14,44,20,7,10,35,123,19,9,1,2,3,10,108,10,6,15,0,0,37,45,12,7,0,0,4,18,29,123,47,37,6,3,13,17,42,56,43,123,24,1,1,2,13,26,116,10,51,16,0,0,37,51,17,47,0,0,3,49,26,14,43,99,67,12,9,4,5,4,50,97,123,48,1,0,0,1,11,9,123,44,0,0,0,0,1,43,7,0,5,67,12,1,24,123,119,0,0,0,0,0,35,123,123,31,0,0,0,0,0,0,19,61,6,1,1,0,0
34,1,1,3,0,3,33,63,4,0,0,0,0,16,94,56,72,54,5,4,1,1,24,48,17,108,3,0,0,0,0,0,3,3,71,80,13,5,17,26,46,3,9,18,74,53,55,39,144,18,0,0,3,5,15,78,65,15,0,0,0,0,1,5,0,0,34,55,111,62,0,0,66,35,6,15,137,63,1,11,144,53,1,0,3,0,0,68,61,0,0,0,0,0,2,36,0,0,1,12,138,58,1,0,28,6,17,30,51,26,3,31,97,11,4,2,0,0,7,144,65,0,0,0,0,0,0,112
15,26,35,23,19,15,6,4,30,31,12,10,24,18,4,9,51,110,25,2,2,5,5,10,23,104,12,5,1,0,1,0,0,2,23,133,64,43,8,2,22,15,16,35,12,17,57,47,133,43,2,1,0,0,15,73,54,25,6,12,1,0,0,2,0,0,27,133,57,0,0,0,47,10,20,128,133,17,6,8,133,41,0,3,4,2,24,42,46,7,1,3,6,7,61,36,0,0,1,71,98,0,0,0,35,8,8,116,133,10,0,8,81,26,19,11,4,6,48,50,1,1,12,15,4,13,113,54
1,0,0,4,30,149,14,0,23,36,8,9,33,149,20,2,147,149,10,1,8,21,2,4,66,91,3,0,0,0,0,1,1,0,1,24,57,92,55,8,97,32,18,47,29,22,6,34,149,91,4,0,0,0,0,54,52,12,0,0,0,0,4,7,14,29,17,3,8,34,30,14,60,57,57,14,6,6,22,40,149,70,13,0,0,0,0,21,47,1,0,0,0,2,4,5,20,26,10,12,6,16,11,28,82,41,12,15,6,14,24,43,149,40,0,0,0,0,0,17,27,1,0,0,1,10,1,1
12,27,33,18,3,9,16,4,104,5,13,27,6,1,1,113,130,1,0,2,15,3,1,130,5,0,0,18,130,17,3,6,27,14,56,43,11,4,4,11,73,15,47,47,29,13,4,32,130,28,7,5,4,0,0,84,35,4,1,89,124,3,0,4,11,20,110,67,8,11,5,2,22,63,130,58,3,1,0,2,130,130,73,9,2,0,0,5,26,17,3,45,111,2,0,0,21,34,45,9,1,7,3,1,50,45,44,4,0,0,0,7,10,54,33,3,3,2,1,4,5,10,13,25,18,2,0,0
0,23,41,35,3,0,0,0,0,21,84,19,0,0,0,0,4,49,129,0,0,0,0,0,0,24,129,7,0,0,0,0,14,45,39,42,21,17,10,22,22,28,57,40,69,39,15,29,129,100,69,2,6,7,9,49,71,85,129,6,0,0,14,69,17,17,18,33,29,25,12,21,47,29,11,58,67,26,10,25,129,31,6,14,15,10,12,47,96,32,16,2,2,9,49,129,6,9,18,26,35,33,11,8,26,35,34,20,34,26,11,21,129,88,28,8,10,5,1,11,80,115,34,1,0,1,2,12
46,12,14,5,12,23,53,79,156,3,0,0,0,0,4,156,44,0,0,0,5,18,16,71,0,0,0,0,7,16,4,0,60,24,47,15,12,25,20,22,156,45,3,2,1,2,3,74,144,11,0,0,0,3,8,34,7,16,0,0,0,2,3,1,56,36,13,11,18,43,28,22,156,63,2,0,0,3,5,45,156,14,0,0,0,0,0,5,18,18,0,0,0,0,2,1,58,79,11,6,8,10,4,6,156,156,2,0,0,0,0,0,77,24,0,0,0,0,0,6,7,1,0,0,0,1,11,6
7,19,47,51,132,92,0,1,15,132,77,16,13,2,0,1,0,103,45,11,3,0,0,0,8,47,23,5,1,0,1,8,64,7,0,0,132,132,32,30,132,80,12,1,0,0,0,17,14,60,57,38,5,0,0,1,4,104,33,5,1,0,0,0,132,15,0,0,2,48,35,81,132,21,1,0,0,0,0,85,39,16,29,7,0,0,0,49,1,21,11,0,0,0,0,0,86,0,0,0,0,0,18,132,92,0,0,0,0,0,0,101,8,0,0,0,0,0,0,16,0,0,0,0,0,0,0,0
17,1,0,0,0,0,139,139,11,1,0,0,0,17,139,139,7,2,0,0,17,139,139,27,10,11,2,0,4,60,15,2,120,11,0,0,0,0,68,86,139,32,0,0,0,0,68,70,67,66,0,0,0,2,37,22,24,66,1,0,0,0,2,1,139,4,0,0,0,0,0,31,139,7,0,0,0,0,0,55,126,27,0,0,0,0,0,22,48,24,0,0,0,0,0,0,27,0,0,0,0,0,0,6,33,0,0,0,0,0,0,8,24,4,0,0,0,0,0,1,6,2,0,0,0,0,0,0
85,64,0,0,0,0,0,0,81,67,0,0,0,5,1,0,7,1,0,0,1,7,1,1,13,2,0,0,4,5,0,0,93,116,0,0,0,0,0,0,36,26,0,0,0,16,4,2,19,2,0,0,0,4,2,4,13,2,0,0,28,26,0,0,25,36,0,0,0,1,133,80,6,2,0,0,0,9,101,50,25,2,0,0,0,2,24,28,6,1,0,0,62,72,4,2,27,4,1,0,0,0,146,146,0,3,3,1,0,0,146,146,1,0,0,1,0,4,146,146,2,0,0,0,21,96,146,35
185,20,7,2,0,0,0,4,33,7,93,35,0,0,0,2,0,2,185,28,0,0,0,0,0,3,165,17,0,0,0,0,185,12,4,2,0,0,0,16,80,5,14,1,0,0,2,18,2,3,35,2,0,0,4,14,0,0,43,5,0,0,4,6,185,11,0,2,2,2,0,9,85,22,13,0,0,0,0,3,1,10,18,0,0,0,0,2,0,5,12,0,0,0,1,1,185,1,0,0,1,2,6,89,52,5,3,0,0,0,72,56,0,2,7,0,0,0,91,11,0,2,6,0,0,0,49,12
37,8,1,3,143,31,0,13,143,20,1,0,14,3,2,63,30,12,2,0,0,0,22,57,17,6,0,0,0,0,3,10,72,11,1,1,87,123,56,20,143,58,4,0,4,1,1,12,42,64,27,0,0,0,1,11,23,19,2,0,2,0,0,1,143,69,0,0,2,58,87,60,143,44,0,0,0,0,0,47,64,20,4,0,0,0,2,41,21,3,0,0,7,3,0,2,143,143,9,1,2,3,1,2,143,64,6,3,0,0,0,8,69,31,8,3,2,1,1,9,9,2,1,1,15,6,0,0
1,1,2,2,12,37,83,24,5,9,38,55,52,31,103,44,11,115,110,36,14,9,18,35,1,15,21,74,46,21,13,19,21,5,1,5,34,115,83,31,115,102,7,0,3,48,69,67,34,63,54,19,2,11,23,46,0,0,53,45,27,31,7,1,45,58,4,8,112,73,11,8,115,115,3,0,1,4,3,56,43,13,24,9,0,0,7,109,1,0,45,19,0,0,1,16,30,115,17,8,24,22,0,0,35,115,5,3,17,10,1,6,2,1,1,5,26,27,50,91,0,0,0,0,0,0,12,37
1,0,0,0,88,25,2,5,27,2,2,0,25,29,17,77,21,2,3,1,5,43,34,50,28,1,0,0,3,3,2,32,1,0,0,0,136,16,1,1,82,6,1,3,74,15,7,29,48,1,1,17,48,21,14,52,41,0,0,0,2,22,67,74,3,0,0,0,136,52,6,1,113,5,0,2,60,17,11,22,20,1,0,26,114,24,25,14,2,10,3,6,27,29,113,24,0,0,0,0,23,136,136,3,18,0,0,0,8,45,136,78,2,0,0,4,25,90,136,13,1,6,2,3,10,32,136,18
10,11,135,47,2,11,6,2,37,57,135,21,1,0,0,2,4,20,135,118,19,0,0,0,9,96,135,21,1,0,1,1,17,21,134,46,8,6,4,2,130,25,24,19,18,3,1,9,45,23,14,25,106,20,0,1,107,100,26,3,6,0,0,0,1,11,39,68,73,0,0,0,53,25,17,40,60,4,1,9,74,27,6,17,79,18,1,2,135,45,0,0,1,0,0,0,1,2,5,27,36,4,2,0,3,40,41,43,25,3,5,2,38,37,16,63,37,2,1,0,72,36,1,1,1,0,0,0
0,1,4,22,123,19,0,0,56,75,3,5,95,25,6,3,32,107,61,11,0,1,6,6,0,1,91,66,1,6,17,2,3,0,0,2,123,55,2,1,123,44,0,0,96,29,2,7,81,47,6,1,6,25,10,6,0,0,14,10,6,48,30,11,7,0,0,0,123,98,4,4,123,3,0,0,62,27,11,80,37,1,0,0,1,55,72,50,0,0,0,0,6,111,43,6,6,0,0,1,98,123,14,5,64,0,0,0,23,17,34,83,3,0,0,0,1,21,82,66,0,0,0,4,14,91,26,2
18,10,12,15,5,4,3,4,143,124,6,3,1,0,0,1,143,136,0,0,0,0,0,1,19,11,0,0,0,0,6,4,42,2,0,2,8,22,52,23,143,70,0,0,1,2,9,23,143,47,0,0,0,16,38,25,3,0,0,0,1,51,108,5,58,13,40,45,18,12,13,9,143,25,5,1,0,0,2,83,93,6,2,6,6,24,32,58,0,6,24,26,14,48,34,0,8,14,77,120,20,0,0,0,143,60,14,12,3,0,0,27,90,7,1,4,2,2,7,49,9,11,9,9,9,4,11,12
63,0,0,0,0,0,8,108,23,4,1,1,2,72,84,84,1,3,3,12,25,77,47,12,0,0,0,1,5,35,109,42,28,0,0,0,0,0,2,37,126,76,10,9,2,3,16,49,14,37,41,92,101,10,1,0,0,26,115,24,23,31,10,0,24,0,0,0,0,0,0,9,126,22,4,6,1,0,0,88,89,35,126,85,21,0,0,23,0,60,126,20,2,0,0,0,4,0,0,0,0,0,0,2,126,0,0,0,0,0,0,105,126,15,16,0,0,2,1,108,4,8,26,4,1,27,19,4
27,6,24,50,9,5,24,47,87,25,2,1,5,9,55,91,51,134,34,0,0,2,2,6,0,68,19,0,0,4,0,0,9,4,9,63,120,95,4,3,134,101,0,2,30,23,10,33,134,57,1,0,0,1,3,10,0,2,0,0,3,19,2,0,17,6,3,16,100,101,9,6,134,39,4,5,6,6,0,109,134,3,0,0,0,3,3,68,0,0,0,0,5,26,2,1,11,9,2,3,11,35,14,10,134,23,4,2,1,2,9,75,134,0,0,0,1,3,1,68,1,0,0,0,8,24,1,2
14,4,0,0,0,0,0,0,144,90,0,0,0,0,0,0,144,73,23,14,0,0,5,2,0,0,68,74,5,1,7,1,41,8,0,0,0,0,0,0,144,79,0,0,0,3,4,17,126,21,0,0,0,75,92,28,3,0,0,4,8,21,88,68,51,3,0,0,0,0,0,2,144,8,0,0,0,6,57,111,23,0,0,0,2,100,144,60,11,0,0,0,0,16,91,134,30,3,0,0,0,0,0,2,66,16,9,6,1,3,25,28,3,13,19,9,2,6,80,19,37,4,6,3,1,1,40,50
29,0,0,0,7,4,6,172,0,0,0,1,71,14,2,9,0,0,3,7,29,8,0,0,0,4,13,3,2,0,0,0,172,2,0,0,1,1,13,172,37,0,0,0,27,33,23,82,2,18,9,4,10,8,1,0,0,7,17,6,5,0,0,0,172,8,2,0,0,1,7,124,172,11,0,0,0,3,8,45,19,37,3,1,2,4,3,1,0,3,2,5,20,11,1,0,172,106,1,0,0,1,3,23,172,21,0,0,0,0,3,14,10,3,0,0,0,18,24,7,0,0,0,0,2,20,11,4
24,6,1,0,0,0,58,36,9,8,12,38,49,40,26,8,8,77,83,56,64,14,7,7,10,97,65,40,1,0,0,0,46,9,57,36,1,5,17,77,22,9,16,40,30,122,92,44,122,42,33,11,5,46,59,98,45,36,48,14,1,0,0,6,0,1,122,97,1,1,2,3,11,16,122,122,29,38,10,5,122,64,106,59,3,7,6,55,34,2,3,4,0,0,32,84,0,0,10,6,0,0,0,0,0,0,48,56,0,0,0,0,2,3,86,85,0,0,1,5,0,0,33,65,0,0,23,30
0,0,0,0,0,9,3,0,0,0,0,0,0,64,38,0,0,2,5,1,1,122,55,0,0,5,27,7,4,103,29,0,0,0,4,4,5,109,49,0,9,3,10,46,38,122,122,13,122,45,30,12,6,87,85,46,14,36,79,46,11,12,2,1,0,55,71,14,4,35,21,0,8,21,119,122,34,27,5,3,122,80,74,58,19,34,27,25,38,21,4,8,8,19,41,51,0,24,19,1,0,7,5,0,0,1,14,41,35,39,8,0,0,3,14,35,122,72,17,9,9,0,0,7,30,21,82,115
69,7,0,0,0,1,5,31,3,1,0,0,57,40,19,3,90,5,0,2,64,30,8,12,61,3,0,0,0,0,0,2,28,2,0,1,6,20,64,123,7,2,8,28,50,123,123,25,123,18,7,5,10,70,81,90,102,3,0,0,0,0,0,13,59,93,54,10,6,4,16,55,28,25,100,123,56,40,14,13,123,67,60,54,18,10,8,30,104,5,0,0,0,0,0,16,19,42,33,27,17,1,1,1,6,5,9,26,47,57,30,7,123,1,2,10,32,49,6,36,97,0,0,0,0,0,0,14
147,24,0,0,0,14,6,8,147,32,0,0,0,0,2,2,11,5,2,3,2,1,1,2,2,2,2,26,117,10,0,0,147,57,0,0,0,0,1,12,138,34,0,0,0,5,3,3,34,0,0,0,9,6,2,7,6,1,1,5,138,64,0,1,147,68,0,0,0,0,0,1,82,15,0,0,1,13,4,6,34,0,0,0,29,14,1,11,6,0,0,0,147,111,12,23,147,73,0,0,0,2,3,4,33,3,0,0,0,13,15,14,26,0,0,0,46,18,3,16,12,1,0,0,147,81,4,9
0,0,0,0,0,36,16,0,0,0,2,0,1,118,43,0,0,4,23,6,5,118,38,0,0,6,7,1,0,6,0,0,3,0,1,14,22,118,112,7,100,36,26,6,5,118,94,43,17,41,116,54,12,26,4,1,8,75,24,7,0,0,0,0,6,14,89,118,34,48,13,4,118,87,70,59,11,24,26,34,54,30,10,17,13,24,41,44,19,61,4,2,1,16,19,9,0,3,27,56,21,15,2,0,2,13,30,40,111,69,16,5,14,1,0,6,32,35,99,118,10,1,0,1,2,24,83,77
0,0,0,0,1,3,80,73,0,0,0,7,31,61,66,20,19,48,40,35,40,27,39,28,8,37,27,30,23,9,7,11,32,0,0,12,35,17,61,121,36,3,0,4,44,121,59,69,121,28,2,0,6,40,30,79,24,15,43,8,4,3,9,31,121,20,0,7,18,38,78,65,113,41,7,14,107,34,5,26,121,96,2,3,20,6,5,32,11,3,1,3,15,13,57,50,83,121,41,2,0,3,20,18,34,81,121,32,13,4,0,2,34,81,47,20,10,0,0,0,0,2,10,41,21,5,5,0
50,0,0,0,0,0,0,10,172,8,0,0,0,0,0,68,121,8,1,0,0,0,46,87,0,1,3,0,0,0,60,23,36,0,0,0,0,0,4,56,172,53,1,0,0,0,3,83,92,47,34,5,0,0,47,53,13,24,17,3,0,0,56,30,71,3,0,0,0,0,1,17,172,29,0,0,0,0,6,60,111,31,10,1,0,1,49,59,33,62,29,1,0,0,7,8,78,8,0,0,0,0,0,0,172,68,3,3,0,0,0,2,131,30,7,7,2,0,1,28,45,24,12,0,0,0,4,34
5,2,1,0,0,11,120,111,14,27,0,0,0,71,120,18,39,71,4,0,0,14,106,38,34,8,6,0,0,0,12,79,10,16,15,30,8,6,20,13,117,120,1,1,0,3,18,15,49,120,19,0,0,0,0,3,10,24,58,18,0,0,0,27,7,0,1,120,92,5,2,9,120,12,0,4,12,2,2,90,120,25,0,0,0,0,0,38,42,15,12,13,2,2,0,6,1,5,6,111,120,3,0,0,120,71,12,23,20,0,0,19,120,28,0,0,0,0,14,38,16,12,0,0,0,22,19,13
0,0,0,0,8,93,46,1,8,1,0,0,0,34,124,36,3,1,1,0,2,23,121,13,0,2,1,7,30,124,21,0,10,1,0,12,124,124,25,6,124,23,2,3,16,37,59,57,41,18,22,22,7,5,24,12,1,1,4,54,76,18,4,1,9,6,24,124,124,5,0,0,124,59,64,47,13,1,1,25,42,30,23,9,7,1,11,30,0,3,5,31,124,11,1,1,0,0,39,88,8,0,0,0,6,39,124,34,0,0,0,0,3,34,75,9,17,6,0,1,0,2,8,16,124,39,0,0
0,0,0,40,126,5,0,0,9,6,1,26,57,12,10,1,84,79,0,2,3,1,7,4,95,45,0,0,0,0,0,21,0,0,0,54,126,1,0,0,27,7,2,34,92,2,0,2,126,61,1,3,6,0,0,15,92,49,1,0,0,0,0,5,0,0,1,126,126,0,0,0,10,7,26,89,47,1,0,0,126,21,16,8,1,0,0,35,126,50,6,1,0,0,0,20,0,1,19,126,40,0,0,0,0,2,89,126,17,0,0,0,38,5,35,71,7,1,3,32,103,9,2,4,0,1,9,105
14,1,0,0,0,7,126,110,22,0,0,0,2,10,52,126,4,0,1,21,27,26,23,23,0,0,26,40,10,11,7,0,30,6,8,4,1,0,26,51,126,6,0,0,2,6,9,117,39,0,0,0,16,101,92,29,0,0,0,0,4,46,126,25,22,27,126,24,1,0,0,0,126,93,27,5,29,8,0,2,20,5,0,4,126,100,33,8,0,0,0,0,14,19,87,86,0,8,126,43,17,2,0,0,16,43,36,17,47,36,25,2,1,2,2,14,126,43,13,1,0,4,17,9,25,3,17,16
1,10,9,37,44,14,7,0,0,1,83,104,82,18,14,1,3,21,136,33,14,4,3,2,47,30,50,33,11,0,0,0,0,0,1,10,40,136,69,0,8,2,29,21,4,38,136,36,65,22,72,27,16,2,64,86,18,60,106,58,26,0,0,1,4,1,0,6,130,133,20,2,64,14,2,1,6,18,48,21,136,50,8,0,0,0,7,27,39,27,55,2,0,2,2,1,3,2,0,0,27,52,83,23,73,21,1,2,1,1,31,52,136,51,0,0,0,0,7,43,23,2,0,0,0,3,17,12
72,4,2,0,0,10,93,80,14,1,1,0,0,16,125,123,43,0,0,1,7,26,44,123,0,0,0,3,13,77,60,5,45,28,26,5,2,1,12,9,56,22,36,4,1,0,18,38,125,23,6,10,48,19,3,71,4,0,0,27,125,60,50,8,16,82,125,9,0,0,0,0,10,78,125,11,2,0,0,0,69,71,75,26,49,25,9,4,4,1,5,63,125,35,9,0,48,36,48,0,0,0,0,2,3,16,64,14,12,0,0,4,0,1,25,85,92,26,6,0,0,6,77,35,28,32,6,0
0,0,0,0,0,27,125,8,8,10,3,0,0,0,125,54,69,13,3,0,0,0,47,125,22,0,0,4,4,0,0,13,14,1,7,6,1,18,62,16,125,68,23,0,1,0,20,38,104,69,34,2,7,20,37,39,30,1,0,0,1,5,125,31,13,7,69,74,0,1,3,2,125,53,25,9,12,5,1,22,46,9,3,5,125,94,54,14,0,0,0,0,13,25,125,23,1,24,99,42,0,0,0,0,37,102,88,19,19,0,0,0,8,12,10,80,125,5,0,0,1,0,23,34,24,6,10,4
13,0,0,0,1,0,17,98,56,0,0,0,0,0,4,131,49,0,0,0,0,0,1,131,2,0,0,0,0,1,2,5,26,109,26,11,6,0,2,27,81,64,60,30,0,0,0,84,131,35,5,2,0,0,0,131,25,2,0,0,1,4,0,11,3,131,65,9,3,15,22,2,26,107,100,72,3,7,24,20,89,131,31,4,0,0,0,6,13,10,0,0,3,10,0,0,2,17,12,1,4,131,70,13,71,15,3,0,0,16,55,131,41,26,2,0,1,3,2,95,0,0,0,0,4,16,1,1
4,13,12,35,17,24,115,13,37,46,37,71,10,10,42,21,83,98,9,9,6,0,0,0,1,1,3,10,61,18,0,0,12,34,93,43,9,13,107,19,124,58,20,24,8,5,38,47,81,40,0,3,13,1,1,5,0,0,0,5,124,46,0,0,30,11,22,20,42,40,25,93,124,22,4,11,37,30,6,56,77,9,0,0,14,7,3,42,1,5,2,4,124,56,0,0,68,21,0,0,4,34,124,124,124,58,0,0,4,15,25,26,60,28,0,0,32,17,0,3,16,23,0,0,89,43,0,0
15,4,0,0,0,0,0,0,139,79,0,0,0,0,0,0,139,57,1,0,0,0,0,11,46,23,5,0,0,0,1,22,41,7,0,0,0,0,0,0,139,79,0,0,0,1,3,16,103,29,1,3,11,14,18,35,66,2,0,0,1,1,3,52,50,7,0,0,0,0,0,2,139,28,2,1,1,3,33,94,32,2,0,1,5,30,139,117,70,3,0,2,1,0,23,139,53,35,0,0,0,0,0,0,86,128,27,37,15,2,3,6,1,4,30,85,46,24,44,36,6,1,14,16,1,2,59,139
28,65,14,3,9,13,12,44,4,0,2,2,8,38,121,51,0,0,3,4,1,94,121,1,0,0,0,0,1,53,121,15,6,8,8,9,31,121,20,5,54,35,51,12,18,77,61,16,5,11,97,113,8,22,60,0,0,0,10,81,13,17,33,6,23,27,3,3,15,121,42,8,121,107,15,5,4,15,10,35,23,10,19,74,40,20,2,6,0,0,6,121,43,1,0,0,63,47,29,46,3,3,3,0,121,121,20,12,42,11,0,1,2,5,6,12,71,53,20,21,6,2,16,45,10,1,5,22
3,8,3,43,93,11,0,0,55,110,6,4,4,1,0,0,21,91,11,4,3,2,0,0,4,7,36,22,47,48,4,1,11,5,3,120,76,0,0,0,120,80,5,24,12,2,5,16,23,48,30,13,2,25,39,20,11,41,108,17,7,12,50,35,5,2,4,120,120,5,0,0,64,5,34,85,54,18,34,45,8,2,15,37,13,109,120,45,12,7,5,2,0,28,120,82,2,1,3,15,63,77,13,8,5,7,71,61,19,9,13,16,5,7,96,120,11,9,5,3,26,6,15,78,19,1,10,14
5,5,87,140,21,2,2,10,64,21,73,25,5,1,5,115,48,25,8,13,9,3,18,92,14,105,76,34,10,1,1,0,4,4,66,41,15,21,23,16,29,6,54,48,102,86,9,13,141,75,2,1,17,13,4,36,50,63,13,0,1,12,1,3,1,0,0,0,1,102,72,10,54,1,0,0,31,141,32,10,141,9,0,0,4,7,1,53,57,1,0,0,2,28,4,19,2,4,0,0,0,77,68,1,55,39,0,0,0,36,17,13,141,65,0,0,0,0,0,24,41,4,0,0,2,12,3,11
0,1,3,8,11,41,27,0,0,0,0,6,31,62,88,6,14,6,0,0,10,36,43,36,34,17,4,1,1,3,8,31,6,3,5,10,41,46,11,6,14,0,0,7,127,127,26,16,127,65,1,0,6,25,28,60,37,105,11,0,0,4,10,2,0,0,1,14,44,117,46,3,51,2,1,8,114,127,8,9,127,31,0,0,8,15,9,77,33,18,1,4,22,90,66,25,0,0,47,113,27,26,26,14,12,0,45,127,25,28,3,12,108,9,24,27,2,3,4,127,20,5,8,28,34,21,11,58
23,88,59,10,9,2,1,10,92,118,18,0,0,1,1,48,39,94,21,0,0,2,1,3,4,16,21,3,5,19,4,1,20,17,38,72,130,15,5,19,130,32,0,7,20,8,5,66,70,39,0,0,9,64,27,8,14,6,2,0,2,41,29,19,13,7,11,88,130,12,7,11,130,63,21,40,32,6,1,17,66,4,0,0,129,95,30,28,9,0,0,0,7,16,93,96,6,3,8,19,10,3,26,49,68,43,16,12,14,16,4,14,17,7,0,2,130,111,11,8,0,38,23,0,14,17,64,22
31,38,17,22,38,36,36,30,20,16,1,0,22,55,65,43,3,12,28,7,8,122,69,1,0,1,38,42,6,56,23,0,4,28,70,69,31,35,9,1,13,12,8,7,105,122,11,14,104,34,30,9,13,30,10,58,9,6,44,81,16,1,0,3,0,1,9,9,17,122,96,3,31,19,32,2,40,122,21,4,122,72,11,9,15,7,2,28,20,13,5,25,94,27,16,10,0,28,97,21,17,33,11,0,7,37,122,32,0,7,2,0,122,41,46,27,8,0,0,18,33,7,1,66,122,12,6,9
0,0,0,32,55,38,39,6,3,2,0,9,12,118,75,2,89,100,0,0,3,79,20,9,42,105,27,0,0,0,6,6,15,1,1,118,51,8,12,93,26,5,3,118,109,31,14,3,118,69,3,8,5,8,6,28,45,27,4,0,15,45,79,30,38,16,9,10,17,5,16,76,9,5,24,118,73,17,15,12,118,32,22,38,13,9,2,32,30,19,32,28,64,25,13,21,2,1,1,0,0,9,99,18,15,10,0,8,9,51,97,10,87,118,4,3,7,19,8,4,14,59,69,11,2,2,2,1
7,6,3,3,69,78,8,10,68,26,29,7,9,22,7,46,7,5,54,80,13,0,0,3,0,3,49,92,1,0,0,0,24,9,8,1,52,123,11,6,123,63,6,7,10,8,3,38,29,18,7,35,101,26,15,8,15,6,28,15,10,14,32,52,10,42,123,18,1,21,4,0,123,44,55,22,6,0,0,34,64,9,2,100,123,19,10,16,50,1,0,43,83,18,32,123,0,17,80,34,5,1,0,0,35,72,46,32,3,0,0,1,32,29,2,69,123,9,0,0,23,5,10,111,101,2,1,23
45,0,0,0,0,0,0,38,115,16,3,1,0,11,135,135,32,35,10,21,33,55,135,87,3,19,11,39,50,75,67,3,20,4,0,0,0,0,0,5,135,135,29,0,0,0,9,39,58,135,121,65,19,0,4,19,2,98,135,103,40,0,0,0,11,0,0,0,0,0,0,2,135,34,2,0,0,0,0,75,86,27,20,15,0,0,0,30,0,23,53,15,0,0,0,0,0,0,0,0,0,0,0,0,8,0,0,0,0,0,0,3,2,0,0,0,0,0,0,0,0,0,0,0,0,0,0,0
120,7,3,1,0,4,33,129,104,15,6,2,0,2,24,60,70,9,0,1,57,20,0,8,0,0,0,5,75,15,0,0,117,52,100,88,1,0,10,129,129,47,2,0,0,1,25,127,78,14,1,2,43,33,18,13,2,6,3,4,19,5,0,0,31,51,97,129,44,1,0,2,129,84,52,13,3,5,27,53,92,32,4,7,5,21,77,48,30,10,0,0,0,0,0,3,12,20,20,23,30,7,0,1,15,42,39,15,25,13,1,1,99,46,4,7,8,9,1,4,16,7,0,0,0,0,0,0
0,0,0,1,39,73,43,1,24,9,0,0,9,62,90,33,42,41,8,0,0,5,16,46,0,5,8,0,0,1,5,2,9,0,0,2,67,126,24,4,126,69,0,0,18,74,27,45,72,121,14,0,0,19,60,25,1,11,11,0,0,1,23,26,16,1,10,126,61,77,9,11,126,18,13,37,11,22,10,107,59,20,19,18,40,87,97,84,45,33,10,3,2,6,36,78,9,3,12,93,19,12,28,39,88,21,29,64,17,23,10,26,95,104,59,15,10,3,1,17,16,73,34,2,0,4,1,1
0,50,41,1,0,0,0,0,31,121,62,10,3,0,0,7,98,127,24,0,0,0,0,15,17,95,23,0,0,3,1,0,68,127,74,20,14,0,0,16,46,32,62,90,127,6,2,21,127,26,1,5,13,9,3,43,37,16,0,0,2,44,37,12,124,22,6,5,15,5,11,76,27,18,18,83,127,11,14,20,127,64,18,22,29,22,2,11,17,1,0,0,54,90,51,29,16,7,7,7,11,31,38,33,15,6,6,9,6,4,33,94,41,24,6,3,33,33,6,25,2,23,7,4,76,71,12,3
7,0,0,0,0,0,0,0,121,15,2,2,0,0,15,70,43,2,2,5,8,3,67,121,2,0,0,38,56,30,26,63,14,3,0,0,0,0,0,0,121,108,43,22,1,0,8,25,27,34,121,121,6,5,45,95,40,19,28,36,15,3,23,121,15,0,0,0,0,0,0,4,121,21,6,3,0,0,44,121,24,13,34,44,12,34,116,101,6,7,14,10,11,59,93,8,8,5,0,0,0,0,0,0,81,121,20,0,0,0,6,31,21,81,64,31,15,7,15,31,1,26,51,40,30,18,20,2
13,89,40,1,3,71,72,7,26,91,37,8,31,21,29,17,3,3,7,21,95,84,3,1,116,32,6,4,9,20,2,11,62,77,29,1,2,20,58,120,8,30,25,7,28,120,101,26,42,28,51,42,41,34,32,20,62,118,73,13,1,0,0,0,1,0,0,0,0,7,85,109,57,3,0,0,0,61,120,88,120,66,12,0,0,4,13,85,19,55,33,0,0,0,2,17,0,0,0,0,0,0,1,0,23,0,0,0,0,0,4,46,54,1,0,0,0,0,24,120,3,0,0,0,0,0,10,49
0,0,2,0,0,0,0,0,11,48,6,0,0,0,0,0,28,119,94,8,3,0,0,0,21,63,102,37,44,2,0,7,0,73,119,11,0,0,0,0,61,83,119,57,0,0,0,4,119,116,27,11,21,5,4,67,39,19,20,62,119,12,5,16,0,89,103,27,5,0,0,0,9,17,90,119,47,20,0,0,70,23,19,17,12,37,52,71,21,17,13,29,36,7,28,64,0,2,1,7,12,0,0,0,0,0,3,86,106,32,0,0,8,0,16,74,36,47,22,32,34,4,7,3,0,0,8,112
0,0,0,0,0,0,0,0,0,0,0,0,0,0,0,0,0,0,0,0,0,0,0,0,0,0,0,0,0,0,0,0,6,2,0,0,0,0,0,0,179,80,6,0,0,0,0,9,66,40,88,1,0,0,2,8,1,11,41,3,1,2,4,0,15,0,0,0,0,0,0,4,179,23,1,0,0,0,0,130,145,16,29,1,3,9,52,88,0,1,19,3,7,69,99,1,20,0,0,0,0,0,0,2,179,9,0,0,0,0,4,96,128,4,0,2,34,53,34,93,19,3,0,5,33,179,56,7
15,34,31,12,4,6,60,26,19,57,130,14,4,5,37,59,19,52,130,55,0,0,0,21,0,0,72,130,1,0,0,0,16,4,25,122,14,14,82,34,130,21,4,16,0,0,46,103,103,31,5,8,1,0,1,42,5,26,58,68,2,0,1,4,13,34,47,130,54,0,0,0,130,70,28,72,15,0,0,17,130,75,0,0,0,0,0,17,14,43,6,0,4,27,0,0,0,9,20,41,67,10,0,0,35,86,43,32,13,0,0,3,56,68,0,0,0,3,3,17,3,4,0,1,9,26,2,1
79,3,2,0,4,6,19,40,0,0,2,0,9,85,64,1,19,8,0,0,9,68,96,25,19,15,5,0,1,2,11,29,83,1,0,2,26,28,35,120,15,1,0,26,75,120,39,12,120,65,1,4,8,81,45,43,33,53,13,0,0,3,34,42,34,22,61,34,10,6,52,120,34,9,11,109,83,30,32,65,120,51,25,44,16,17,24,39,32,60,38,3,2,10,37,49,20,17,33,26,9,37,57,50,23,28,11,11,10,50,117,17,120,108,10,5,3,9,23,11,21,45,24,0,0,7,7,1
94,11,3,0,0,0,5,78,86,35,71,11,5,24,124,128,10,23,33,25,37,128,66,15,123,112,8,3,3,40,38,20,24,2,0,0,0,0,3,38,128,128,13,0,0,2,54,122,47,128,128,58,14,12,12,12,33,128,67,7,1,1,0,0,8,0,0,0,0,0,0,1,128,29,2,0,0,0,0,68,53,28,36,2,0,0,0,16,0,15,10,0,0,0,0,0,0,0,0,0,0,0,0,0,0,0,0,0,0,0,0,0,0,0,0,0,0,0,0,0,0,0,0,0,0,0,0,0
2,1,14,47,120,26,19,42,59,10,22,13,7,20,60,120,98,11,0,0,2,7,9,93,0,0,0,0,2,2,0,2,13,17,19,43,42,66,120,26,40,14,31,21,63,95,36,75,120,15,1,0,5,17,15,120,21,1,0,0,0,0,0,15,58,31,4,0,6,27,120,111,81,95,36,10,62,56,61,41,120,120,19,2,3,3,1,12,11,0,0,0,0,0,0,1,9,0,0,0,0,1,38,33,117,26,3,0,0,1,23,110,13,21,2,0,0,0,0,7,0,0,0,0,0,0,0,0
0,0,0,0,0,0,0,0,102,53,0,0,0,0,0,0,96,87,12,0,0,0,1,2,0,2,7,0,0,1,5,0,6,0,0,0,0,0,0,0,135,66,0,0,0,0,2,22,135,38,5,0,0,36,97,39,7,2,4,0,0,26,135,24,31,23,0,0,0,0,0,1,135,90,5,0,0,3,13,92,64,10,1,1,20,124,112,76,127,45,0,0,3,28,74,43,55,61,7,0,0,0,0,7,85,67,30,15,1,6,38,38,44,85,13,5,15,13,44,33,73,111,21,0,2,0,0,11
