0,1,123,23,0,0,24,12,1,7,130,56,0,0,10,4,103,130,57,9,0,0,1,5,130,85,0,0,0,0,0,22,0,0,13,2,0,0,130,73,15,4,37,12,0,1,130,84,130,57,23,3,0,0,27,86,130,121,14,2,0,0,2,43,0,0,0,0,0,0,13,10,38,11,0,0,0,0,26,25,130,36,0,0,0,0,3,22,130,130,13,3,0,3,6,7,0,0,0,0,0,0,0,0,0,0,0,0,0,0,0,0,7,1,0,0,0,0,0,0,30,6,0,0,0,1,2,2
0,0,0,0,0,0,0,0,1,4,0,0,0,0,0,0,0,1,1,3,1,0,0,0,0,1,1,2,6,0,0,0,27,26,11,12,5,20,23,18,121,113,15,21,5,6,10,39,13,34,27,121,52,47,17,5,1,25,15,31,114,32,27,5,41,27,18,66,48,48,35,37,121,69,6,6,33,50,30,103,20,43,49,28,79,121,71,16,1,22,91,61,73,74,68,8,35,25,70,90,36,37,11,16,121,62,31,18,51,9,2,31,63,80,49,31,67,21,6,4,12,25,57,56,95,42,22,2
0,0,7,48,48,54,29,19,12,8,60,118,60,42,16,20,45,32,36,40,26,24,71,42,23,9,1,57,63,9,14,15,25,6,6,75,79,42,32,59,118,25,62,118,39,10,18,101,16,33,118,118,68,8,5,3,5,7,4,14,20,7,6,1,59,38,3,9,67,118,62,40,118,57,9,9,26,30,82,64,8,3,6,47,57,28,90,16,0,0,0,4,6,0,0,0,44,18,1,0,0,10,60,118,20,21,3,2,28,13,45,93,0,0,0,0,5,3,11,1,0,0,0,0,0,0,0,0
3,0,0,0,0,0,18,60,4,0,0,41,115,11,21,78,0,0,1,39,105,65,42,0,21,10,8,4,2,37,38,2,28,0,0,0,0,0,20,62,128,3,4,41,58,1,20,128,11,5,16,128,128,1,1,2,18,112,29,21,8,0,0,0,18,0,0,0,0,0,0,4,128,68,12,17,2,0,0,23,47,44,86,128,43,0,0,2,13,95,69,67,32,12,18,8,0,0,0,0,0,0,0,0,67,38,2,0,0,0,10,57,46,18,11,75,65,5,14,89,0,1,4,105,88,7,6,1
1,4,35,42,15,46,100,9,124,70,8,9,3,7,23,64,84,37,3,33,92,38,13,17,0,0,0,19,64,20,1,0,18,5,0,0,1,40,113,22,126,21,0,0,1,15,33,125,62,2,0,5,42,126,63,45,0,0,0,3,12,54,10,0,43,38,54,17,0,2,2,10,126,117,4,10,37,25,1,7,16,4,0,13,126,126,2,5,0,0,0,0,8,15,0,0,16,30,59,33,0,0,0,0,75,89,12,30,59,1,0,0,0,2,1,76,119,11,0,0,0,0,0,1,1,0,0,0
13,25,25,48,74,42,49,37,5,6,46,78,49,30,31,7,77,67,11,13,3,1,4,7,81,61,7,16,34,26,0,1,11,0,0,3,5,103,122,48,18,3,8,19,8,29,122,53,122,79,6,6,3,4,30,79,52,42,4,14,85,49,25,10,4,0,22,26,3,45,26,12,68,57,5,2,0,3,25,21,122,67,0,0,3,51,22,41,16,0,0,1,15,122,71,12,1,1,69,86,1,0,0,0,47,122,41,23,2,0,0,0,39,73,1,14,86,74,1,2,0,0,0,2,27,81,1,0
0,0,102,49,22,14,4,1,31,45,77,25,0,1,3,3,108,85,34,40,7,0,0,3,3,5,58,117,36,1,0,0,4,5,18,33,99,50,12,12,46,15,19,9,1,3,15,30,117,28,6,5,10,1,2,44,22,4,6,42,117,17,2,5,1,7,65,97,49,58,32,1,26,24,47,30,9,42,49,25,117,44,2,5,4,5,12,83,25,6,1,62,75,57,8,12,0,0,0,2,11,117,74,3,22,1,0,1,2,55,92,39,117,1,0,0,3,16,19,117,9,0,0,0,49,117,13,19
40,2,0,0,19,53,63,38,91,14,0,3,60,56,34,28,140,36,0,1,61,43,9,36,6,0,0,0,68,140,47,2,58,12,4,5,44,20,1,11,119,13,3,9,38,44,4,29,140,13,0,6,130,28,1,49,6,2,4,16,140,71,11,2,12,57,56,18,10,1,0,0,54,53,40,66,18,4,0,2,140,50,8,18,93,17,8,31,5,13,48,62,140,13,2,3,10,18,9,1,1,8,23,12,21,29,33,13,6,1,5,9,33,30,29,2,7,9,11,21,0,13,45,12,15,8,4,2
29,115,115,0,0,0,0,16,115,89,13,0,0,0,0,50,115,4,0,0,0,0,0,102,31,6,4,0,0,0,27,70,80,21,12,0,0,0,0,47,115,72,1,0,0,0,0,22,115,44,0,0,0,0,1,65,115,21,14,0,0,0,1,54,73,43,11,0,0,0,2,15,115,31,5,1,0,0,5,14,73,16,11,2,0,2,19,94,113,10,1,0,0,0,0,115,35,47,10,0,0,0,10,70,67,59,12,1,0,0,6,59,49,77,72,2,0,0,0,16,79,92,36,0,0,0,0,11
0,0,0,0,1,39,12,2,10,11,16,2,0,3,2,3,9,7,27,12,7,0,0,7,54,2,1,1,3,0,1,79,9,1,1,0,0,5,11,3,66,18,1,0,1,1,2,10,10,8,5,8,50,15,2,2,27,21,5,2,19,4,1,41,5,0,16,28,4,0,0,2,27,8,2,2,1,1,13,38,5,95,36,1,13,17,17,9,4,176,141,1,5,1,0,0,0,16,14,45,54,1,0,0,1,176,86,4,3,0,1,4,1,176,176,0,0,1,1,1,0,176,176,0,3,41,8,0
3,7,0,0,0,8,123,51,13,46,6,0,0,39,123,53,51,47,10,0,0,1,37,98,123,30,2,0,0,0,9,37,49,31,0,0,0,0,3,14,105,123,24,1,1,0,1,14,54,99,48,11,13,2,0,7,123,53,0,0,0,0,0,44,58,1,0,0,0,0,0,33,123,14,0,0,1,3,4,86,89,40,2,3,17,22,9,22,123,122,0,0,0,0,0,2,33,14,15,5,0,0,0,2,123,32,0,0,0,0,1,30,123,78,1,0,0,1,3,13,82,67,13,2,0,0,0,15
0,0,0,1,11,9,3,0,1,0,0,0,3,6,4,10,47,5,0,0,2,6,4,5,199,62,0,0,0,0,0,0,0,0,0,0,2,25,11,1,5,0,0,0,1,10,5,11,105,10,0,0,3,15,4,5,199,82,0,0,0,0,0,1,0,0,0,0,12,12,4,2,1,0,0,0,1,7,11,18,163,20,0,0,1,14,7,3,199,87,0,0,0,0,0,0,0,0,0,0,10,5,3,2,1,0,0,0,3,7,5,5,188,24,0,0,0,7,4,2,199,70,0,0,0,0,0,0
15,26,7,3,12,5,7,30,73,3,0,0,0,0,27,87,43,1,0,0,0,0,115,86,18,0,1,2,0,1,41,78,3,0,4,13,36,19,9,17,14,2,0,0,8,47,117,61,85,7,0,0,0,2,115,117,41,0,0,0,0,1,62,117,0,0,1,5,12,88,63,8,47,20,0,0,14,102,29,24,110,41,0,0,0,15,86,52,15,0,0,0,0,31,117,64,0,0,0,0,0,29,117,14,11,0,0,0,0,14,117,47,7,0,0,0,0,24,117,33,7,0,0,0,0,24,117,86
117,3,0,0,0,0,1,55,42,5,0,0,3,9,23,73,11,27,3,0,4,12,34,11,7,40,24,32,2,2,4,2,117,27,8,0,0,0,1,36,25,22,42,12,0,0,31,105,117,59,11,1,0,0,9,51,41,96,64,2,0,0,0,1,117,23,6,0,0,0,0,33,90,51,112,28,0,0,0,23,111,117,76,5,0,0,0,8,117,79,26,0,0,0,0,4,117,48,3,0,0,0,0,46,117,48,11,0,0,0,0,57,99,112,22,0,0,0,0,6,32,90,12,0,2,0,0,1
17,10,14,2,2,126,104,32,88,10,16,64,5,13,53,126,9,0,77,126,8,3,4,24,0,2,110,126,0,0,0,0,57,37,44,50,10,65,22,11,126,34,2,1,0,1,3,60,53,2,6,33,4,2,7,30,3,3,38,126,9,1,2,1,12,17,126,126,2,1,2,6,100,84,72,33,1,0,0,10,34,7,0,0,0,3,20,12,13,5,7,8,13,22,37,15,9,1,42,33,5,11,62,101,1,8,33,42,25,18,36,12,0,0,0,3,17,31,23,2,0,0,0,0,6,82,40,2
47,28,1,2,4,7,4,1,0,0,0,10,12,13,14,1,5,16,19,19,9,1,3,2,0,6,23,11,23,14,0,0,30,20,1,2,25,94,40,0,17,1,0,0,1,92,114,27,114,27,8,15,23,9,29,54,9,7,5,28,103,48,8,1,7,3,24,103,70,91,59,4,96,26,19,34,2,44,75,32,114,64,6,15,26,12,6,25,16,19,10,73,114,45,9,4,19,9,43,114,32,9,0,21,57,85,59,100,24,3,0,3,114,111,8,9,17,26,12,7,7,7,5,43,114,114,33,4
0,0,0,0,131,131,4,0,15,0,0,0,26,131,27,9,110,1,1,1,0,13,27,80,11,1,4,10,4,20,58,22,0,0,0,0,131,131,2,0,27,6,1,0,24,45,6,6,91,6,1,0,6,11,14,41,4,0,0,0,12,33,78,25,4,1,0,0,131,104,1,0,45,69,14,1,7,3,0,1,28,53,52,55,35,18,4,10,8,0,0,13,43,47,15,33,10,1,0,0,118,59,0,0,131,61,2,0,1,0,0,0,53,40,15,44,131,27,0,0,0,0,0,10,103,24,3,11
0,0,0,0,0,23,131,32,0,0,0,0,0,9,131,96,3,0,0,0,0,40,131,24,2,0,0,0,30,63,49,8,0,2,0,0,0,4,131,68,23,13,1,0,0,0,131,131,131,41,4,1,1,3,69,93,17,18,7,12,104,11,3,7,3,59,29,0,0,0,6,7,42,131,45,0,0,0,8,20,131,68,17,3,6,4,20,80,20,5,2,26,77,12,20,40,16,38,11,0,0,2,14,13,73,47,9,1,3,2,5,43,26,13,6,3,26,12,17,40,72,6,0,16,11,1,9,48
20,42,32,54,8,0,0,0,102,89,21,13,0,0,0,25,48,44,80,30,0,0,0,15,3,88,94,18,0,0,0,0,27,15,22,43,49,4,4,21,82,14,17,21,7,3,1,28,136,35,16,2,0,0,0,34,28,79,27,6,2,12,3,3,19,2,2,70,133,3,5,23,70,47,7,0,2,3,2,6,136,40,1,0,0,0,0,12,41,57,29,2,3,11,5,7,10,3,23,107,136,0,0,1,81,22,15,1,0,0,0,11,136,70,0,0,0,0,0,4,136,136,32,0,0,3,21,57
12,19,4,3,3,0,0,0,20,51,35,10,0,0,0,0,0,21,121,12,0,0,0,0,19,38,95,0,0,0,0,1,22,50,13,7,4,0,1,9,125,157,82,0,0,0,0,12,16,94,157,1,0,0,0,0,0,52,157,0,0,0,0,0,35,3,1,17,21,1,4,19,157,30,6,0,0,0,0,88,114,27,55,7,1,0,0,23,0,8,47,2,0,0,0,0,14,2,1,24,39,0,0,3,157,2,0,0,0,0,0,91,153,0,0,4,1,0,0,57,0,1,3,2,0,0,0,0
92,157,31,0,0,0,0,13,6,97,53,0,0,0,0,0,0,19,20,15,36,0,0,0,0,0,0,84,157,0,0,0,157,9,0,0,0,0,0,91,35,5,1,1,1,0,1,7,9,3,0,8,19,0,0,3,1,0,0,96,157,0,0,0,157,1,0,0,0,0,0,80,68,2,4,5,1,1,4,13,5,7,1,3,6,5,12,1,1,0,0,67,157,7,7,0,157,14,1,0,0,0,1,70,53,0,0,0,0,3,44,49,0,0,0,0,1,30,46,5,0,0,2,35,53,18,21,1
43,6,10,3,3,2,0,1,171,28,0,0,0,0,0,10,76,23,4,12,8,0,6,11,2,2,4,10,6,10,10,6,48,0,0,4,7,12,13,11,171,17,0,1,0,0,1,25,122,32,9,24,15,0,0,1,6,24,38,33,2,0,0,0,29,111,16,1,4,13,24,10,171,145,19,0,0,0,1,28,155,28,22,12,1,0,0,10,5,21,16,10,1,0,0,0,49,171,19,1,1,0,0,0,102,148,23,0,0,0,0,11,99,11,2,0,1,0,0,26,1,1,2,1,2,1,0,2
103,58,42,14,3,0,0,2,188,21,0,0,0,0,6,80,39,1,0,0,0,5,57,48,0,0,0,0,0,22,54,5,75,16,25,6,3,2,0,6,188,23,1,1,0,0,1,45,77,19,6,19,9,3,16,22,5,4,7,12,7,15,15,9,50,0,1,5,8,12,9,15,188,8,0,1,0,0,1,56,121,28,13,29,14,0,0,4,8,25,47,32,1,0,0,0,22,68,7,2,5,18,24,9,188,113,11,0,0,0,2,44,134,22,19,9,1,0,0,17,5,14,13,7,1,0,0,0
106,14,1,0,0,2,16,58,47,25,0,2,19,39,15,19,123,30,0,5,40,33,13,10,101,11,1,18,76,61,13,18,109,46,44,6,2,7,9,25,52,9,0,1,16,123,44,28,123,34,0,0,8,54,26,32,47,8,0,2,42,70,15,3,2,15,68,75,67,12,3,1,30,16,12,22,63,66,10,5,123,20,5,1,4,50,90,69,9,0,0,0,9,123,123,8,0,4,19,75,113,60,1,0,2,6,3,27,67,30,2,1,2,2,1,0,33,77,26,6,1,0,0,0,29,73,40,0
5,10,9,1,4,10,9,6,49,87,14,1,3,2,0,1,95,139,58,69,8,0,0,8,2,11,36,139,35,0,0,0,58,26,6,3,2,0,1,3,116,29,6,5,6,0,0,31,139,50,9,25,4,0,0,135,35,6,40,139,22,0,1,35,88,7,0,3,2,0,0,1,103,49,2,7,6,0,0,13,139,102,0,0,0,2,4,67,34,9,2,29,12,14,53,58,52,15,0,0,0,0,0,0,41,6,1,0,2,5,3,42,73,4,0,0,0,5,22,139,2,0,0,0,0,43,82,39
23,0,0,0,3,4,71,103,7,1,0,2,20,74,89,68,0,0,1,12,42,122,59,0,0,5,6,5,4,63,114,1,28,10,17,55,20,13,8,25,122,37,26,35,9,9,11,44,6,8,59,122,50,25,2,0,5,78,111,58,6,9,9,2,31,36,47,122,13,0,0,6,122,43,28,82,9,0,1,25,30,11,42,107,38,0,1,11,8,27,66,74,19,3,10,6,43,7,7,85,9,0,0,31,24,12,17,122,28,0,6,33,56,21,16,27,9,13,6,58,5,12,20,33,67,52,2,3
52,16,5,9,6,8,60,77,79,30,5,7,5,6,17,59,25,23,26,4,28,37,28,34,123,31,5,6,36,42,3,4,62,14,26,31,1,1,38,73,123,43,2,0,0,7,9,59,37,27,0,3,30,95,28,15,123,42,0,3,26,26,15,15,17,34,123,77,0,0,0,0,97,40,40,12,15,42,25,31,79,9,1,2,17,123,44,26,123,33,0,0,8,27,23,26,0,14,100,91,8,0,0,0,0,5,32,85,117,21,2,0,40,20,13,12,30,30,5,10,68,8,1,0,3,54,94,43
0,0,0,0,128,67,0,0,127,61,0,0,78,39,0,0,116,87,25,9,0,0,0,0,1,8,90,68,0,0,0,0,8,0,0,0,108,128,22,2,128,62,0,0,36,35,0,14,128,48,0,0,0,0,2,17,4,7,5,4,0,0,5,4,28,3,0,0,61,128,12,6,128,14,0,0,3,14,3,70,55,2,0,0,0,0,46,128,1,0,0,0,0,3,77,42,43,12,0,0,83,20,0,0,128,48,0,0,1,0,0,9,23,5,0,0,0,1,20,42,3,0,0,0,0,1,34,37
17,23,14,8,9,2,1,9,4,37,123,34,19,7,2,1,14,39,68,60,19,3,12,21,48,122,13,10,4,2,27,44,78,25,5,0,1,6,23,78,35,23,48,14,37,67,37,44,91,62,76,56,10,7,25,54,38,125,61,10,1,21,8,4,125,60,0,0,0,6,18,52,64,32,21,67,33,16,6,27,125,61,17,14,4,6,22,47,61,32,2,0,0,125,85,40,54,81,0,0,0,0,7,18,26,6,5,7,1,14,23,45,13,6,5,2,1,86,78,18,2,0,0,0,3,125,79,7
135,7,0,0,7,0,0,1,16,2,0,0,102,53,7,9,134,11,0,0,12,19,10,42,22,9,2,1,0,0,0,1,140,13,0,1,19,0,0,3,39,7,0,6,140,21,0,2,140,37,2,3,31,5,0,9,27,14,11,17,0,0,0,0,104,2,0,0,17,7,29,106,23,3,1,16,140,46,16,24,140,13,4,8,16,5,2,34,55,9,13,30,7,7,0,4,5,0,0,0,3,12,73,118,14,1,1,2,14,74,106,58,140,7,0,0,3,9,20,53,63,3,0,1,28,40,3,4
26,111,76,0,0,0,0,0,123,88,5,0,0,0,0,23,82,41,16,0,0,0,0,28,1,4,18,13,8,0,0,0,46,17,10,0,0,0,14,37,123,10,0,0,0,0,0,123,123,11,0,0,0,0,0,123,17,2,0,4,28,19,0,4,95,76,9,0,0,0,7,31,123,85,0,0,0,0,0,15,123,112,0,0,4,0,0,12,16,6,0,1,102,45,0,0,9,46,25,1,0,0,0,0,123,91,0,0,0,0,0,0,122,82,0,2,8,0,0,0,1,2,0,22,115,5,0,0
21,70,26,6,4,0,0,0,40,55,38,40,12,0,0,1,156,97,9,1,0,0,0,4,64,18,0,0,0,1,0,1,4,33,44,1,0,7,112,14,105,108,47,8,0,1,30,54,69,156,23,0,0,0,0,1,20,28,0,0,11,7,0,0,29,0,0,0,0,3,149,81,156,10,0,0,0,0,29,92,146,25,0,0,0,0,0,7,5,2,0,4,12,2,2,2,54,21,6,0,0,0,1,50,156,18,0,0,0,0,0,47,110,0,0,0,0,0,13,29,0,0,0,0,1,9,30,3
63,0,0,0,1,7,5,35,97,1,0,0,0,0,5,56,16,4,0,0,0,0,40,97,1,1,1,1,0,28,74,47,100,7,5,15,4,0,0,22,129,16,0,0,0,0,1,20,29,53,8,0,0,0,5,13,2,11,25,6,1,7,8,7,37,22,129,129,1,0,0,1,129,46,66,15,0,0,0,13,44,41,51,0,0,0,0,17,1,3,34,16,6,17,6,7,15,8,129,129,1,1,8,57,7,59,129,118,4,4,5,2,3,77,129,8,0,1,2,1,0,1,129,107,10,7,2,0
71,2,0,0,0,1,15,30,147,4,4,5,0,1,3,62,10,1,5,90,54,17,16,9,0,1,2,120,78,3,1,0,94,34,5,2,0,0,0,4,147,17,2,7,10,2,2,25,27,3,3,39,88,38,37,8,0,0,3,71,81,20,20,3,33,91,45,5,0,0,0,0,147,58,11,4,10,0,0,13,41,4,15,91,83,4,2,5,0,0,35,89,16,9,6,0,2,53,147,2,0,0,0,0,49,95,147,24,3,0,0,2,10,14,35,84,55,21,1,1,1,8,43,28,11,25,16,0
20,5,0,1,128,26,0,1,149,42,1,1,25,10,0,6,26,17,7,10,0,0,0,0,0,0,2,12,2,0,0,0,26,4,1,10,145,32,4,10,149,29,5,7,19,3,0,9,46,16,18,47,5,2,0,1,0,0,16,23,1,0,0,0,21,0,0,2,25,74,91,53,149,12,0,1,5,9,16,46,69,5,2,10,27,50,9,3,0,0,6,7,3,56,88,6,42,39,37,22,2,9,34,18,149,80,6,0,11,6,5,13,38,7,0,0,93,149,10,0,2,0,0,0,10,149,105,21
141,12,1,0,0,0,20,88,95,54,15,0,0,0,2,141,50,40,12,0,0,0,0,36,8,4,9,12,4,0,0,4,64,43,3,6,15,2,7,59,141,3,0,0,3,0,5,141,141,1,0,0,0,0,0,48,16,0,0,0,9,9,1,9,29,60,37,46,21,0,0,1,141,141,16,7,4,0,0,4,141,44,0,0,0,0,0,2,14,2,0,0,20,42,0,1,61,71,45,9,0,0,21,32,62,141,40,1,0,0,0,0,33,56,0,0,6,7,0,0,1,1,0,0,41,70,0,0
16,13,12,5,0,0,110,131,17,1,79,45,0,0,44,131,3,3,131,43,2,7,10,18,0,0,103,55,6,11,3,1,32,16,17,0,0,2,37,117,131,39,4,0,0,0,9,131,45,3,0,0,7,28,11,24,0,0,0,3,5,31,5,0,12,131,131,0,0,0,1,7,121,131,37,0,0,2,2,15,25,14,0,0,20,18,0,1,0,0,0,0,11,11,1,0,7,45,34,1,6,25,83,59,5,36,5,0,0,3,95,122,0,0,0,0,7,8,25,34,0,0,0,0,12,2,1,1
34,68,12,0,0,0,0,0,90,121,4,0,0,0,0,0,58,55,46,121,27,0,0,0,2,13,121,121,16,0,0,0,79,44,1,0,0,0,0,35,121,50,0,0,0,0,0,33,121,27,30,21,0,0,0,50,17,6,101,121,6,0,0,25,97,12,0,1,3,0,0,36,121,48,0,0,0,0,0,28,121,50,0,0,0,0,0,32,44,20,1,12,23,12,0,30,86,2,0,0,2,1,2,21,115,5,0,0,0,0,4,85,49,20,0,0,0,0,26,121,17,15,0,2,42,32,23,50
14,0,5,3,0,2,124,91,29,6,23,29,0,1,87,61,17,25,116,62,0,1,4,9,2,39,124,11,10,4,8,1,52,0,0,0,0,5,128,83,128,28,0,0,0,1,31,86,59,35,4,0,16,47,10,6,0,1,3,0,17,37,52,4,103,90,11,4,2,1,12,14,128,100,0,0,0,7,18,34,35,2,0,0,7,117,48,17,0,0,0,0,2,60,78,0,53,99,22,8,0,0,10,10,47,48,0,0,0,12,104,21,1,0,0,0,0,51,102,5,0,0,0,0,6,63,43,0
146,3,0,0,0,0,0,58,45,0,0,0,0,3,17,22,13,20,10,0,0,2,4,4,0,18,60,1,0,0,0,0,146,36,0,0,0,0,2,32,60,1,0,0,0,0,27,50,117,87,6,0,0,0,1,14,19,102,77,0,0,0,0,0,146,7,2,5,0,0,2,106,72,1,0,0,0,0,15,89,146,53,0,0,0,0,0,94,46,39,3,0,0,4,3,20,137,8,9,37,2,0,0,50,39,0,0,0,0,0,20,77,83,0,0,0,0,0,6,146,31,0,0,0,0,7,18,123
52,0,0,0,0,1,42,85,30,0,0,0,3,11,115,51,5,1,15,56,56,44,80,23,9,7,115,95,11,3,4,18,11,0,0,0,0,2,92,115,97,20,0,0,2,14,111,46,42,6,0,0,26,91,44,55,51,2,9,6,2,14,35,97,26,0,0,0,0,0,25,115,72,7,0,0,1,19,86,107,53,1,0,0,21,107,50,46,81,0,0,0,2,15,20,58,4,1,0,0,0,0,49,115,12,0,0,0,0,2,59,115,39,0,0,0,0,23,26,69,43,0,0,0,0,4,27,70
2,6,92,41,2,2,0,0,1,46,117,21,0,0,0,0,0,29,117,30,0,0,0,0,0,10,117,18,0,0,0,0,20,19,63,86,0,0,0,0,75,101,80,27,2,0,0,5,6,50,74,117,28,0,0,0,0,92,117,16,0,0,0,0,17,17,51,105,0,0,0,1,114,26,57,76,3,0,0,21,39,111,56,65,23,0,0,7,1,117,77,36,1,0,0,0,18,54,27,14,0,1,3,2,14,27,88,58,4,31,26,2,44,78,28,5,1,18,62,64,10,43,25,38,2,0,21,55
24,32,0,0,0,0,1,2,149,27,0,0,0,0,0,24,149,7,0,0,0,0,5,23,8,2,0,0,0,1,10,8,23,36,24,2,0,0,0,1,149,113,2,0,0,0,0,8,149,23,0,0,0,0,12,39,47,17,0,0,0,0,8,23,14,82,79,42,1,0,0,1,149,21,15,31,1,0,0,57,126,2,0,0,0,0,7,81,118,24,0,0,0,0,2,43,0,55,67,89,13,0,0,0,126,14,17,95,16,0,0,16,92,2,0,0,0,0,7,56,55,0,0,0,0,0,6,97
5,1,3,0,0,60,123,29,10,1,2,10,9,5,99,111,33,26,46,22,7,1,12,34,1,4,87,37,13,2,0,0,56,9,0,0,1,27,62,42,81,10,0,0,12,26,44,101,123,17,9,2,4,2,8,109,17,3,19,27,47,4,0,4,43,14,1,3,20,17,14,74,105,123,1,0,5,16,10,48,123,123,0,0,2,6,8,26,16,1,9,22,7,4,32,35,38,61,26,18,14,0,0,2,123,123,1,0,0,0,0,1,62,73,1,2,57,34,11,2,0,0,0,0,27,62,123,21
0,0,1,23,71,22,3,0,38,4,11,22,12,4,2,52,165,3,1,0,0,0,1,99,32,3,5,5,4,5,22,16,0,0,0,5,14,64,30,0,48,1,2,4,4,74,37,25,165,13,1,2,0,3,6,38,60,9,4,46,17,3,4,0,0,0,0,4,21,124,5,0,117,12,0,0,2,86,23,25,165,36,0,0,0,0,1,9,84,5,7,38,2,0,0,7,0,0,0,0,46,124,6,2,165,3,0,0,4,44,20,72,165,44,0,0,0,0,0,14,45,13,1,2,1,1,1,9
87,31,3,0,0,0,0,78,96,35,1,0,0,0,0,90,28,2,0,1,35,8,5,99,1,1,2,7,134,48,1,6,134,70,0,0,0,0,0,35,124,120,25,0,0,0,1,36,28,25,55,16,38,8,6,33,3,2,5,44,134,21,2,5,107,134,40,0,0,0,0,18,107,57,20,0,0,0,11,70,11,9,15,17,21,6,35,52,3,2,11,134,110,3,3,4,69,62,46,0,0,0,0,23,8,46,40,1,7,27,2,3,15,6,3,0,2,36,39,24,28,2,6,43,11,4,23,29
5,6,2,15,127,34,0,2,27,31,3,3,120,43,3,7,16,45,64,29,0,0,0,2,23,21,59,28,0,0,0,1,10,4,0,3,127,102,7,16,94,118,6,4,107,30,0,11,29,93,60,20,0,0,0,6,18,15,77,67,0,0,0,5,18,9,2,5,127,73,2,7,127,56,10,5,55,22,4,91,56,19,22,10,0,0,3,75,36,49,26,7,0,1,1,5,20,26,8,12,127,30,0,1,70,127,69,26,20,1,0,9,44,32,44,42,6,0,0,12,52,25,1,1,14,7,1,3
7,2,0,0,0,0,133,124,4,1,0,0,0,91,133,58,0,0,0,0,0,83,133,66,17,0,0,0,0,3,117,133,30,65,6,4,10,4,19,24,11,8,6,6,29,48,74,18,60,17,8,2,3,24,60,36,57,13,18,3,4,6,33,51,20,45,17,1,4,10,39,31,3,27,103,26,34,25,19,2,74,57,42,10,9,8,18,16,44,33,10,6,34,15,18,19,92,104,26,1,0,4,7,11,8,38,91,41,36,55,15,3,11,19,25,14,42,38,15,4,89,131,21,1,4,5,12,7
40,11,38,70,50,14,13,33,22,23,19,67,88,11,2,4,18,21,18,65,21,2,9,9,35,105,21,24,5,5,20,5,24,1,1,3,41,48,37,80,15,3,4,13,110,66,25,23,70,19,13,12,10,8,28,45,130,130,15,8,2,0,0,3,29,17,20,63,20,8,13,31,15,14,69,80,36,10,9,8,83,42,46,19,6,2,1,14,130,89,1,0,0,0,0,56,7,7,43,130,74,1,9,7,10,20,63,24,10,6,18,21,41,111,39,15,12,7,0,1,130,130,9,0,0,0,0,9
26,39,12,2,0,2,7,50,19,26,23,7,21,28,21,44,13,12,12,10,12,17,96,102,33,40,3,0,0,5,125,50,16,1,2,1,1,27,29,61,128,36,28,8,4,7,19,83,28,99,131,41,4,3,3,5,27,131,35,9,44,20,2,4,31,28,1,1,0,39,29,14,131,61,5,0,0,1,3,47,131,83,85,8,0,0,1,7,7,45,62,79,32,6,1,3,52,33,6,5,0,0,1,0,131,100,0,0,0,0,0,2,118,60,1,1,13,22,12,13,40,30,12,12,2,6,10,25
1,7,14,12,5,21,20,11,33,40,15,4,1,7,19,89,25,24,30,14,26,33,31,64,19,49,26,10,6,8,89,73,2,1,3,3,3,20,43,72,48,8,3,1,1,62,54,71,147,59,55,14,2,3,12,79,36,135,133,28,8,1,0,1,6,11,14,23,1,4,21,17,89,70,7,9,0,22,22,9,147,119,4,0,0,1,0,21,100,64,36,14,6,8,10,17,11,3,4,11,6,3,11,10,108,35,7,6,1,0,1,9,147,88,0,0,3,7,10,54,70,67,0,1,19,36,20,24
0,0,0,0,0,0,0,0,63,28,0,0,0,0,0,0,124,65,0,0,0,0,0,0,69,47,2,0,0,0,0,0,17,0,0,0,0,0,0,3,124,70,0,0,0,0,0,12,124,124,0,0,0,0,0,4,58,124,3,0,0,0,0,0,24,0,5,15,0,0,0,23,124,8,1,3,0,0,0,124,124,26,0,0,0,0,0,95,124,50,0,0,0,0,0,27,2,0,9,115,58,0,0,3,97,31,14,33,22,0,0,77,124,23,4,0,0,0,0,118,124,0,0,0,0,3,2,59
12,4,0,0,63,145,45,5,2,0,0,0,14,142,145,85,0,0,0,0,22,145,96,11,40,3,0,3,11,56,17,43,6,0,0,0,111,145,32,2,74,30,2,4,33,78,69,49,11,17,10,33,24,62,49,13,64,72,8,3,1,13,6,24,18,13,7,0,11,145,37,3,89,16,2,1,3,21,34,42,8,5,2,9,11,45,83,25,26,30,2,0,1,5,66,108,17,26,10,4,3,7,1,0,7,12,6,4,18,13,13,4,1,2,1,4,26,23,27,4,11,0,0,2,19,9,37,55
1,0,13,21,12,2,5,3,43,2,20,22,15,1,1,86,79,2,7,1,0,0,28,141,42,2,10,10,0,0,25,141,20,4,2,6,5,4,15,14,41,34,79,22,3,1,1,13,42,46,70,43,2,2,18,98,141,116,4,0,0,0,12,141,37,14,1,1,0,1,29,23,81,32,10,8,4,10,12,28,71,23,10,17,9,24,26,53,141,45,1,0,0,0,3,141,33,114,20,0,0,0,6,4,23,89,37,54,10,1,0,1,18,16,62,49,13,3,2,24,32,24,22,1,0,0,7,115
25,2,0,47,132,11,19,39,88,18,7,7,18,32,64,65,13,14,22,34,85,45,4,1,5,10,1,8,60,22,0,0,21,0,0,23,103,139,46,28,142,11,0,6,44,33,8,34,48,10,5,7,142,52,0,3,3,53,13,6,49,18,0,0,32,6,4,88,93,55,14,7,142,32,3,18,35,13,3,16,41,9,31,43,128,14,0,0,0,18,59,18,16,9,0,0,29,3,0,15,71,66,6,5,142,46,5,11,17,9,0,18,20,9,34,49,35,18,0,3,0,5,45,15,21,43,0,0
9,0,0,112,161,19,12,45,20,1,1,4,26,43,59,128,2,0,2,14,51,98,17,4,2,1,8,60,31,19,9,4,5,4,0,23,161,121,2,7,77,34,2,6,49,12,11,55,13,10,13,46,31,19,5,7,3,4,4,15,63,55,1,1,4,1,10,30,161,71,0,1,47,15,31,16,14,2,1,49,25,12,17,34,21,6,14,28,0,0,10,106,67,30,9,1,0,0,8,21,161,12,1,1,4,5,37,15,12,26,3,4,11,5,6,3,9,75,85,10,0,0,1,19,38,50,83,6
42,10,0,0,3,18,26,35,74,49,14,18,42,18,10,56,59,24,9,33,62,23,3,15,86,101,35,0,0,0,0,15,28,2,16,76,45,10,16,57,127,23,8,20,16,9,10,105,94,27,16,86,62,19,3,13,127,41,2,2,1,0,0,35,43,7,4,40,82,82,23,4,127,20,0,3,8,29,24,38,103,41,1,6,28,80,29,14,127,73,0,0,0,0,0,17,31,0,0,10,22,23,18,20,95,2,0,0,1,4,15,71,109,32,0,0,1,5,8,25,127,52,0,0,0,0,0,38
2,4,39,49,33,26,12,9,45,1,7,50,94,1,0,17,136,1,0,3,8,1,1,74,33,0,0,0,35,37,3,13,1,0,43,58,20,8,89,125,49,1,10,61,136,37,16,14,136,3,0,2,20,6,6,54,35,0,0,0,41,85,15,17,41,26,32,16,6,15,50,127,59,37,0,0,80,85,21,23,136,76,0,0,15,13,8,23,10,1,0,0,38,93,19,8,5,20,46,52,55,35,0,0,50,133,1,1,21,24,0,0,57,88,0,0,19,21,0,0,0,0,0,0,47,26,0,0
10,0,0,1,9,1,12,61,30,0,0,0,0,0,34,112,58,6,8,17,64,21,8,98,75,105,26,23,61,37,11,14,1,0,0,0,3,13,40,35,34,4,0,0,0,16,44,86,123,34,7,5,4,0,6,123,49,79,21,20,91,44,27,29,12,4,3,1,0,2,37,30,84,49,0,0,0,5,14,29,123,82,3,6,0,0,2,62,27,13,23,58,19,19,32,19,10,25,76,21,0,0,0,1,46,55,41,5,0,0,0,12,123,76,3,1,0,0,0,53,111,123,123,81,0,0,0,6
9,22,107,46,4,2,5,17,2,14,58,107,88,18,1,0,19,76,80,48,25,5,0,0,21,41,16,25,33,18,18,4,72,4,12,4,15,41,20,77,11,3,15,44,91,107,34,24,75,52,73,29,11,27,24,65,4,12,32,102,53,48,26,7,55,25,28,31,35,59,7,7,20,47,15,17,77,95,9,5,85,86,8,2,69,45,8,27,4,1,1,6,65,86,52,18,2,8,32,68,41,52,23,7,24,91,90,42,14,12,11,17,10,68,37,63,107,12,2,1,3,3,20,50,68,6,0,0
37,41,8,7,10,19,42,94,8,8,12,26,73,109,41,20,54,21,2,4,8,31,72,82,8,5,3,32,38,66,39,13,79,3,0,1,12,10,22,109,36,6,6,31,109,42,5,39,109,47,7,14,13,5,2,48,43,23,42,102,22,2,1,3,78,84,35,4,2,1,13,32,46,39,39,108,46,41,17,20,100,54,30,28,9,30,69,65,41,11,16,21,7,79,82,53,15,17,11,1,0,13,85,51,17,6,1,5,47,89,49,62,22,0,0,4,40,66,72,56,40,0,0,5,20,28,35,65
7,17,55,89,26,22,73,36,26,48,52,59,78,69,52,60,3,3,49,58,45,58,88,33,18,9,15,9,27,13,36,31,41,22,22,12,14,35,108,63,55,24,21,38,78,108,74,81,75,24,84,72,40,41,38,35,19,40,32,25,61,25,1,2,22,24,87,77,8,12,7,5,35,28,42,35,74,66,12,9,75,39,35,4,19,42,32,34,17,77,16,1,27,38,7,1,0,1,85,108,22,17,9,1,0,3,100,108,17,7,0,0,1,19,80,18,10,2,1,0,2,16,16,1,14,14,1,0
19,3,0,0,0,18,19,20,10,1,0,0,1,62,109,23,11,7,4,4,8,54,109,12,19,5,1,2,5,58,109,15,8,7,2,1,16,74,8,6,24,17,16,44,37,64,23,16,109,38,30,57,45,15,14,52,29,94,69,44,29,15,16,10,48,10,2,3,80,22,2,20,60,34,32,85,44,36,43,38,109,89,46,41,20,30,80,91,21,52,80,37,46,83,65,37,15,0,0,13,80,3,2,19,18,10,23,14,21,52,49,27,61,81,50,3,4,28,67,52,78,71,90,23,23,19,10,52
23,45,18,10,9,37,60,28,71,12,11,52,25,0,1,39,120,2,0,19,12,0,0,47,3,0,0,45,49,0,0,0,27,120,120,26,6,10,16,30,53,31,45,120,120,4,0,10,120,7,1,20,21,0,0,31,14,1,1,46,92,3,1,4,56,15,12,19,43,56,66,120,38,25,4,43,120,79,43,73,120,74,2,8,26,5,1,14,11,3,0,16,83,8,1,5,36,27,15,57,51,5,6,26,37,110,8,0,4,14,13,21,25,102,9,11,3,0,0,0,0,2,1,34,32,0,0,0
90,8,0,0,0,0,0,8,14,0,0,0,3,60,13,11,1,5,4,4,5,116,42,2,15,2,2,5,18,60,59,12,95,33,2,3,12,1,0,2,20,7,1,4,111,101,4,2,101,99,37,43,34,54,6,8,34,32,39,116,113,20,4,13,93,4,0,0,24,9,1,20,41,1,0,1,116,62,2,12,116,23,5,12,34,30,55,98,13,31,40,73,59,48,116,24,59,0,0,1,23,3,0,14,19,0,0,13,116,16,0,10,44,1,8,14,35,38,42,39,1,14,56,13,13,54,113,8
42,18,2,30,47,4,0,0,125,88,5,13,11,0,0,0,125,30,5,37,53,8,0,0,125,30,4,8,20,0,0,0,62,25,16,40,28,1,0,0,125,78,14,30,7,0,0,9,111,42,27,125,33,0,0,7,125,22,4,7,26,8,3,34,53,48,59,26,5,0,0,0,125,50,35,11,0,0,0,34,99,16,38,110,29,0,0,23,62,63,35,33,9,2,2,36,68,43,36,12,2,0,0,4,79,57,53,6,0,0,0,5,125,40,36,36,0,0,0,8,26,35,37,45,1,0,0,0
0,3,9,86,125,4,0,0,64,19,3,57,34,0,0,0,134,50,2,8,8,2,0,1,100,8,2,23,31,7,0,13,6,2,5,31,134,35,1,1,73,9,6,56,45,3,0,3,134,34,8,21,5,0,0,10,85,23,23,99,17,0,0,7,11,2,1,51,134,22,0,1,57,23,41,44,25,0,0,3,134,36,29,12,0,0,0,55,84,9,23,80,6,0,0,38,10,3,3,44,134,6,0,0,97,41,31,19,22,0,0,3,54,51,56,4,0,0,0,13,117,21,16,10,0,0,0,35
3,9,59,43,16,23,22,16,25,1,3,10,6,6,6,86,57,26,13,1,0,0,0,34,5,14,43,28,0,0,0,0,5,12,35,36,34,87,77,12,51,19,34,5,4,12,30,57,138,44,5,0,0,0,0,41,32,50,59,43,0,0,0,0,3,24,131,100,43,54,26,5,34,29,97,31,14,24,49,15,138,46,4,6,2,1,1,17,138,110,54,62,8,0,0,3,15,3,3,54,108,67,26,13,41,6,7,13,9,15,43,38,138,25,0,0,0,0,1,29,138,40,4,13,13,14,27,39
1,11,52,55,4,9,2,0,1,10,57,44,6,10,0,0,2,33,111,4,1,2,0,0,0,93,66,0,0,0,0,0,32,19,47,50,7,3,2,17,28,12,34,118,77,13,2,4,120,108,104,4,6,0,0,1,8,108,120,1,0,0,0,0,9,3,2,1,5,47,24,15,30,0,0,5,76,120,20,19,120,27,8,0,7,8,6,114,51,21,40,4,3,47,27,36,0,0,0,0,0,94,55,1,8,1,2,0,1,72,31,14,79,0,1,0,0,3,20,120,13,0,0,0,2,108,100,73
33,1,0,0,3,1,4,27,70,23,0,1,4,1,0,1,108,22,0,0,0,9,6,24,180,0,0,0,0,1,1,41,50,0,0,3,4,0,1,67,114,20,0,0,1,4,1,19,114,6,0,0,11,48,9,20,180,4,0,0,0,3,1,23,45,0,0,3,7,1,3,48,130,4,0,0,2,16,6,50,128,2,0,0,15,63,7,17,180,8,0,0,0,1,0,18,24,1,0,2,4,0,1,31,61,0,0,0,0,16,11,65,115,3,0,0,2,37,10,16,180,1,0,0,0,0,0,14
113,20,3,0,0,0,0,21,22,40,65,43,0,0,0,0,2,0,26,108,2,0,0,0,97,0,1,20,2,0,0,30,132,11,1,1,0,0,0,38,132,79,53,56,6,2,1,16,9,9,39,132,59,6,1,3,56,0,2,83,32,0,0,31,132,5,0,0,0,0,1,61,132,12,3,6,6,17,37,81,10,7,7,63,76,70,47,16,18,2,3,114,71,1,0,9,113,12,18,7,3,2,0,48,132,4,8,3,1,3,6,72,8,12,19,11,8,14,13,5,4,3,2,43,75,5,4,4
45,19,0,0,66,65,0,0,114,45,6,3,2,6,6,8,9,12,16,11,4,9,12,19,2,6,3,0,83,83,2,5,96,16,0,0,43,44,0,6,130,88,35,12,4,6,2,14,11,23,57,66,65,70,4,10,1,0,0,2,130,130,2,3,93,1,0,0,8,15,0,24,130,13,1,1,5,49,39,106,9,4,2,6,75,130,27,14,0,0,0,1,99,130,1,0,34,1,0,0,0,3,2,30,28,0,0,0,2,34,46,63,0,0,0,0,54,130,20,3,7,4,6,9,34,56,4,10
17,2,0,9,135,1,0,4,135,33,0,1,55,0,0,1,106,18,0,0,0,0,13,30,6,1,0,0,55,22,25,20,37,4,0,5,135,12,0,2,135,50,2,2,65,4,0,4,53,33,12,23,3,4,11,14,13,20,5,6,68,7,9,13,42,1,0,0,135,15,0,9,135,4,0,0,61,5,2,55,50,20,27,9,3,23,20,34,3,11,25,9,64,16,19,21,23,6,0,3,135,3,0,1,135,1,0,0,53,1,0,53,135,62,40,11,6,4,1,52,8,16,42,43,118,39,1,5
22,16,6,13,13,0,0,0,108,68,11,28,15,0,0,0,12,13,12,107,77,11,3,1,34,31,3,17,23,25,46,26,19,3,7,55,13,0,0,0,124,19,3,20,11,0,0,2,30,8,5,124,100,1,0,0,120,71,8,93,52,3,0,5,9,0,5,124,47,0,0,0,124,4,0,25,16,0,0,25,60,1,1,68,106,29,0,7,65,35,12,44,49,26,8,31,1,1,1,83,103,16,6,0,124,0,0,27,46,0,0,29,68,6,9,27,119,49,1,12,18,49,74,24,34,39,13,39
17,1,0,71,43,0,0,0,122,11,0,9,12,0,0,3,21,2,1,44,87,17,0,0,58,37,11,29,36,7,2,9,15,0,0,59,120,7,1,0,122,1,0,8,39,3,0,10,32,5,14,21,122,98,7,3,39,23,49,12,14,37,18,63,10,4,3,38,122,6,1,2,122,5,0,11,57,0,0,1,57,52,44,54,98,11,8,18,33,84,122,76,66,39,35,40,8,0,1,2,99,24,2,3,122,2,0,1,44,4,0,10,38,3,9,23,86,18,22,24,8,9,40,17,40,51,86,41
7,3,2,34,99,6,2,0,121,7,0,8,46,1,0,0,35,22,30,32,111,46,3,0,28,41,100,35,18,18,9,32,9,3,2,12,121,24,3,5,121,14,0,4,65,5,0,1,64,36,22,28,89,21,24,42,29,47,70,53,91,82,90,70,11,0,1,3,121,33,0,1,121,2,0,1,45,7,0,11,38,1,31,55,87,16,16,14,0,12,116,28,17,26,58,22,9,0,2,34,108,12,0,0,121,2,0,2,27,3,0,4,32,1,8,10,41,47,18,5,2,7,26,4,7,16,72,32
42,1,0,2,8,4,9,62,17,2,7,34,68,36,24,57,38,10,23,42,46,11,24,64,30,26,111,81,15,6,27,15,53,7,3,22,25,1,5,22,121,56,36,55,16,6,11,26,41,26,68,121,34,12,6,11,77,22,9,35,34,49,80,33,38,12,28,25,6,0,0,2,121,20,9,27,7,0,0,54,87,6,40,121,38,1,0,27,79,23,39,121,40,5,0,13,2,10,63,64,0,0,0,0,86,0,13,54,2,0,0,48,121,2,12,53,13,0,0,92,11,7,10,121,65,15,2,5
16,7,8,18,38,128,117,14,128,50,4,0,8,53,19,29,107,36,0,0,38,87,2,14,40,7,0,0,75,120,0,2,31,23,37,87,35,52,18,26,128,77,17,5,2,22,11,35,65,12,0,0,59,128,11,17,59,4,0,0,27,71,0,12,46,37,9,17,61,49,13,29,125,23,12,7,14,63,47,62,36,16,0,1,16,128,51,12,32,6,0,0,2,26,9,30,44,66,14,9,32,29,5,4,15,41,27,24,75,30,3,2,17,28,2,5,25,51,8,2,12,0,0,0,2,28,11,29
0,0,0,1,31,14,0,0,1,0,0,0,17,40,14,5,22,7,8,22,6,5,11,23,2,2,6,73,76,4,0,0,0,0,0,2,42,39,30,0,12,0,0,0,96,129,46,26,129,10,0,4,18,18,34,99,19,3,0,15,129,9,0,3,0,3,10,1,7,68,129,0,58,13,10,4,72,128,59,6,129,55,0,2,26,14,2,12,24,4,0,9,129,18,0,0,2,43,93,28,3,9,25,0,34,60,92,60,5,10,9,0,129,116,10,4,28,5,0,0,6,3,1,5,128,15,0,0
12,3,2,1,9,19,107,106,3,5,4,5,17,39,104,21,4,11,28,25,81,96,58,5,34,29,29,25,61,37,3,0,12,30,84,12,1,1,26,41,35,10,16,40,26,51,66,22,107,99,84,49,26,44,45,44,35,37,79,105,75,43,6,6,0,13,69,20,1,0,37,15,15,12,89,107,15,1,27,9,85,36,81,23,12,31,33,57,21,23,50,29,44,55,14,8,0,4,17,0,0,0,92,32,0,0,36,5,0,0,107,36,0,2,36,7,0,0,107,43,0,3,27,10,0,1,90,19
0,40,79,0,0,11,23,0,0,63,110,0,0,7,29,0,0,43,110,1,1,22,25,0,0,26,61,0,1,24,52,7,2,25,43,0,5,10,39,18,16,15,20,6,37,68,60,10,75,57,41,45,25,41,62,22,6,13,20,92,81,45,55,24,74,8,4,7,5,4,40,39,55,6,0,62,110,15,6,17,110,32,13,25,50,56,110,110,33,60,25,52,90,69,69,19,86,15,2,2,1,2,6,26,35,4,0,22,110,14,2,9,28,2,0,21,110,29,57,21,110,30,5,1,2,8,33,52
116,59,7,0,0,0,31,125,125,54,0,0,0,0,0,40,98,56,0,0,0,0,0,9,63,8,0,0,0,0,6,41,72,125,73,0,0,0,0,7,125,96,1,0,0,0,0,24,106,19,0,0,0,0,0,53,17,8,2,0,0,0,16,32,39,101,18,4,0,0,0,0,35,76,14,0,0,0,0,2,119,42,2,0,0,0,0,8,25,39,13,0,0,0,0,2,13,32,125,125,0,0,0,0,10,66,104,22,0,0,0,0,29,125,51,0,0,0,0,0,9,106,55,0,0,0,0,0
0,0,0,29,185,16,1,0,1,22,16,13,40,23,2,0,3,28,36,50,24,0,0,1,50,8,3,14,12,0,0,16,8,0,0,35,185,33,5,2,103,75,12,3,15,20,7,10,13,41,30,109,46,2,0,1,46,18,12,78,15,0,0,3,13,0,0,58,185,5,0,1,185,9,1,6,29,7,0,41,39,5,2,24,36,30,1,17,13,6,16,85,4,1,0,2,4,0,0,19,185,5,0,0,92,0,0,0,21,4,0,9,28,2,0,0,9,13,1,6,8,5,6,17,3,0,0,0
19,17,77,49,10,5,18,12,118,84,44,35,4,2,6,89,106,35,4,0,0,0,0,80,0,0,0,0,0,0,0,0,43,9,9,32,25,35,47,21,126,126,38,9,3,6,20,41,97,111,52,13,14,21,11,25,3,0,0,0,1,8,6,3,29,9,36,126,25,2,0,4,126,44,11,28,3,3,16,126,38,9,8,10,22,112,65,71,0,0,1,9,21,58,15,0,9,2,8,80,40,7,0,9,49,18,9,25,25,18,25,77,24,5,12,13,10,22,43,122,1,0,6,43,68,54,37,8
98,36,10,12,30,19,60,65,26,35,30,80,115,83,78,35,14,99,53,21,32,7,6,19,1,24,115,45,8,18,13,2,28,0,0,4,115,44,83,42,115,81,22,2,11,35,93,59,32,111,80,7,10,21,12,15,64,65,91,10,1,3,4,31,26,38,8,8,115,36,0,1,115,64,10,1,4,6,52,61,36,3,1,1,4,30,115,73,82,3,0,0,0,3,6,59,1,17,3,0,11,12,0,0,3,20,5,0,0,2,7,2,2,0,0,0,0,1,13,10,5,0,0,0,0,0,0,1
1,3,38,82,65,5,2,2,28,121,49,34,2,1,6,7,23,110,49,0,0,0,0,2,0,0,0,0,0,0,0,0,23,15,46,72,15,5,33,20,121,98,50,79,19,2,4,34,121,85,15,0,0,0,0,77,1,0,0,0,0,0,0,0,56,47,2,8,12,20,55,36,83,121,121,11,4,1,5,15,121,121,69,5,0,0,0,15,10,1,0,0,0,0,0,0,121,67,4,37,15,1,0,6,121,121,35,6,4,7,15,44,16,21,33,16,16,35,30,10,2,0,0,0,0,1,6,2
2,63,96,35,0,0,0,0,17,133,95,3,0,0,0,0,9,133,133,8,0,0,0,0,2,133,133,8,0,0,0,0,0,78,133,58,0,0,0,0,33,76,63,29,0,0,0,4,133,95,22,1,0,0,0,9,55,69,43,12,0,0,0,1,0,4,72,133,4,0,0,0,10,4,46,119,0,0,0,0,79,6,9,7,0,0,0,7,13,0,0,0,0,0,0,1,0,0,5,133,24,0,0,0,0,0,7,83,3,0,0,0,0,0,0,1,0,0,0,0,0,0,0,0,0,0,0,0
0,0,0,0,0,0,0,0,5,10,0,0,0,0,0,0,24,55,96,8,7,4,0,0,1,37,92,20,74,57,1,0,7,0,0,0,0,0,0,4,99,110,1,0,0,3,2,25,51,121,13,3,24,123,14,6,2,2,17,37,123,123,11,4,57,57,0,0,0,0,0,11,123,58,0,0,0,38,52,90,18,7,0,0,22,123,96,32,26,16,15,10,15,52,14,34,17,123,1,0,5,21,0,0,25,57,0,0,13,123,46,7,24,2,1,0,1,50,78,109,54,67,21,3,3,3,4,65
0,0,0,0,0,0,0,0,4,23,28,0,0,0,15,8,12,38,99,31,2,0,14,23,69,96,50,40,9,6,2,4,0,0,0,0,0,0,0,0,26,1,0,0,0,4,164,51,164,28,13,3,0,1,95,126,60,51,60,7,4,4,2,9,0,0,0,0,0,0,0,0,149,28,0,0,0,0,42,24,164,62,0,0,0,0,10,37,66,5,4,0,0,2,3,35,0,3,2,0,0,0,0,0,132,115,8,0,0,0,0,0,164,85,0,0,0,0,0,29,21,0,0,0,0,0,8,61
0,0,0,0,0,14,24,0,13,0,0,0,0,16,50,36,27,5,3,55,55,9,4,26,9,4,1,45,44,26,13,2,8,9,3,2,1,37,64,2,72,19,29,16,1,20,37,41,131,38,21,103,17,0,1,42,17,31,26,131,45,0,0,1,24,93,14,7,3,2,3,2,42,101,117,17,6,6,4,11,131,58,39,32,7,7,4,70,66,13,20,131,60,0,0,22,10,39,13,16,9,4,16,11,36,17,7,9,14,13,24,63,127,1,5,17,20,17,11,107,131,6,4,121,48,0,1,102
3,55,28,4,0,0,1,0,32,46,55,38,1,0,1,1,106,90,12,40,31,0,0,0,3,17,13,80,87,0,0,0,23,39,19,2,1,2,11,36,51,26,34,21,16,28,8,28,150,65,12,45,41,2,2,16,25,14,9,104,150,0,0,5,33,10,2,2,2,3,26,25,72,6,1,9,22,19,45,31,150,21,4,24,46,1,4,38,41,7,2,78,150,1,0,3,3,2,0,0,2,5,47,14,38,1,2,4,0,8,70,34,150,3,0,11,28,0,6,71,52,2,0,55,150,1,0,4
17,8,1,1,4,2,8,14,47,10,2,5,14,13,11,15,153,39,4,19,43,1,1,5,36,10,2,33,120,0,0,1,5,3,0,0,3,6,41,21,66,4,1,2,3,5,70,39,155,22,0,11,80,0,4,27,61,6,0,17,155,7,0,5,6,4,1,2,8,1,6,8,104,8,3,9,1,2,9,10,155,32,0,10,93,0,0,4,58,3,0,17,155,0,0,2,0,3,3,0,10,2,3,5,96,7,8,1,0,1,7,8,155,14,0,2,80,5,2,20,42,3,0,6,155,6,0,1
0,2,3,0,7,4,2,6,47,14,4,1,0,1,8,9,136,96,0,0,25,5,0,1,36,14,0,1,136,41,0,0,0,31,100,9,2,0,0,0,75,30,68,47,0,0,0,3,136,48,3,2,32,33,19,73,24,6,0,0,136,93,12,11,1,35,117,30,2,0,0,0,15,32,82,104,13,0,0,1,61,63,31,23,24,28,21,42,27,16,1,7,48,74,15,5,1,3,104,61,0,0,0,0,1,30,136,34,1,0,0,0,1,25,92,93,51,0,0,0,27,93,15,41,43,0,0,0
1,1,61,45,5,9,128,93,17,23,110,23,11,12,118,128,35,6,9,8,7,8,19,33,6,1,0,1,0,5,17,6,22,10,12,54,33,7,79,54,128,22,2,0,0,3,60,128,95,1,0,0,0,2,13,51,1,0,0,0,0,20,27,13,25,16,81,128,52,0,0,0,128,67,47,7,0,0,0,1,88,8,1,1,0,1,9,13,0,0,0,2,4,18,18,3,2,5,118,90,3,2,119,53,40,42,105,37,6,9,36,26,32,15,5,7,3,4,2,4,0,0,0,6,10,10,1,0
10,3,1,3,1,1,3,6,141,49,0,1,6,0,0,1,58,18,0,3,141,16,0,0,141,18,0,1,45,4,0,1,25,9,12,1,0,0,4,4,141,50,1,0,18,5,1,12,52,11,0,0,141,38,1,4,141,45,0,0,39,3,0,0,14,18,60,41,1,0,0,0,141,27,9,12,8,16,17,61,22,3,0,1,100,92,22,21,141,68,1,1,15,5,0,0,0,10,54,32,4,0,0,0,9,42,54,29,13,2,2,3,11,21,5,29,40,17,3,1,141,104,1,0,0,1,0,0
49,5,0,0,28,28,3,6,143,3,0,0,5,7,2,11,91,0,0,0,1,2,2,3,0,0,0,0,47,12,2,0,40,21,4,13,53,10,1,1,143,36,2,2,4,5,8,14,79,0,0,0,0,54,107,16,0,0,0,0,17,128,129,0,25,18,8,6,9,3,1,1,143,30,2,1,22,43,16,19,16,0,0,0,48,143,143,9,0,0,0,0,0,105,143,5,23,3,2,0,0,0,0,1,101,2,0,0,78,15,0,6,2,0,0,0,143,57,7,1,2,0,0,0,2,7,15,14
29,14,9,41,98,18,0,0,127,48,5,15,52,8,0,0,127,42,1,0,0,0,0,19,82,4,0,0,0,0,0,21,23,9,0,0,127,50,0,1,127,19,0,0,54,17,0,3,127,6,0,0,0,0,0,28,114,0,0,0,0,0,6,41,14,3,1,14,127,27,0,0,127,21,0,0,40,6,0,7,75,5,2,2,1,3,11,41,25,0,0,2,3,8,97,86,11,20,5,72,127,2,0,0,89,127,26,8,18,0,0,0,14,47,100,26,2,2,2,1,7,5,39,75,8,7,19,7
8,22,30,15,3,1,0,2,120,29,9,12,2,0,0,17,154,25,0,0,0,0,0,19,33,6,0,0,0,0,0,1,6,20,23,15,12,5,23,11,103,26,38,21,30,6,4,38,154,38,6,0,0,0,0,74,59,1,0,0,0,0,0,5,5,63,89,0,1,5,35,20,41,135,154,3,4,2,12,51,154,154,54,0,0,0,1,32,45,8,0,0,0,0,0,3,29,23,4,1,5,25,48,27,109,79,16,0,0,2,24,108,80,47,14,0,0,0,7,71,30,3,0,0,0,0,0,7
0,1,6,29,38,1,1,0,29,1,0,30,131,2,0,1,131,5,0,2,15,1,0,9,27,1,0,0,13,26,19,15,0,0,0,41,90,0,0,0,34,3,0,24,131,0,0,0,131,19,0,4,35,1,0,0,53,6,0,1,105,31,3,6,0,0,0,47,109,11,0,0,22,0,0,19,131,49,3,6,131,4,0,1,32,14,30,101,55,3,0,2,96,31,25,26,0,0,0,8,117,130,6,0,1,2,2,1,50,131,26,4,7,6,2,2,6,24,75,88,48,13,8,0,4,25,75,49
6,24,72,48,58,12,6,0,4,19,74,103,8,6,3,2,37,132,34,6,1,2,3,2,109,132,11,0,0,0,0,5,97,33,19,21,57,6,0,1,31,14,25,95,132,10,0,1,132,59,4,7,24,1,0,10,116,18,0,0,0,0,0,38,92,39,3,5,50,8,0,0,36,2,0,0,132,34,0,2,132,1,0,0,29,4,0,12,98,0,0,0,0,0,0,34,9,22,18,14,32,2,0,0,22,0,0,5,132,12,0,2,132,2,0,0,20,1,0,21,35,1,0,0,0,1,7,30
13,1,1,0,0,0,113,61,136,23,2,0,0,0,27,67,95,53,2,0,1,0,0,3,2,4,0,5,40,11,0,0,42,61,26,0,0,0,5,23,136,61,3,0,0,0,4,30,112,3,0,0,0,4,64,31,0,0,0,2,25,52,58,1,10,113,60,0,0,0,0,0,129,87,36,0,0,0,27,50,19,6,52,0,0,17,136,31,0,2,49,11,1,61,128,0,3,53,73,0,0,0,12,3,28,93,79,0,0,0,3,9,3,32,136,0,0,1,5,0,0,9,122,36,3,1,1,0
0,0,0,1,124,124,22,10,20,9,6,4,12,15,25,38,36,59,74,14,10,13,12,42,65,82,67,14,5,11,14,32,35,16,3,2,111,124,36,34,51,9,0,0,15,61,75,85,124,12,9,8,11,22,39,124,93,25,25,13,8,29,27,59,29,39,17,10,55,47,4,4,71,50,1,0,69,65,6,9,124,60,1,0,3,4,33,71,13,2,3,0,10,89,66,36,35,2,0,0,19,42,7,12,28,10,0,0,24,43,30,38,59,10,0,0,0,0,56,103,27,11,15,27,22,32,28,18
101,0,0,2,19,4,13,54,47,1,0,6,102,22,18,23,132,11,4,4,10,3,1,24,10,3,11,18,4,9,4,1,10,1,0,0,10,29,80,85,39,10,7,1,13,51,131,78,132,11,1,0,11,18,15,69,26,0,0,1,42,132,32,3,10,48,24,16,5,8,9,7,42,112,52,1,3,8,21,22,132,58,11,0,35,33,16,70,13,0,0,0,132,132,11,6,19,21,8,2,1,3,19,28,16,26,11,8,24,14,27,45,35,11,7,2,17,37,28,94,0,0,0,0,118,87,13,6
36,0,0,0,0,7,39,116,33,1,0,0,0,0,56,132,54,0,0,0,0,0,9,132,17,0,0,0,6,1,0,32,81,39,4,0,0,0,5,24,77,22,18,4,0,0,13,99,132,17,1,0,0,0,0,132,82,2,0,0,7,2,0,28,39,85,28,6,0,0,0,0,54,107,39,2,0,0,5,11,132,132,6,0,0,0,0,19,77,25,0,1,7,0,0,2,3,37,18,4,0,35,57,1,28,20,1,0,0,34,112,74,132,21,0,0,0,0,12,132,40,5,0,0,0,0,2,23
5,85,140,9,2,2,8,4,42,102,48,2,0,0,0,2,140,139,0,0,0,0,0,0,53,46,0,8,63,7,0,0,0,2,23,10,29,23,0,0,77,12,7,2,3,10,5,8,140,77,0,0,0,0,0,6,47,21,2,40,48,0,0,1,0,0,0,11,41,10,0,0,87,3,0,4,7,4,2,16,140,7,0,0,0,0,20,140,28,2,0,13,14,38,68,65,0,0,0,12,21,9,26,1,9,0,0,6,14,15,20,15,16,0,0,0,1,28,126,119,0,0,0,0,0,112,140,55
0,0,0,2,83,67,1,0,101,0,0,7,71,46,6,40,138,3,0,1,6,1,1,61,12,1,0,2,64,37,0,2,0,1,1,19,61,49,0,0,102,9,3,73,85,3,0,14,138,15,1,4,5,16,9,95,15,0,0,0,68,113,17,14,6,6,1,9,13,10,1,2,28,98,42,59,30,0,0,1,136,128,15,4,20,70,10,17,4,0,0,0,22,138,67,9,18,4,0,0,0,1,12,23,75,84,9,1,6,3,1,3,6,34,3,0,95,81,0,0,4,5,0,0,69,76,18,1
0,79,65,2,0,21,4,0,9,103,79,0,0,2,1,1,116,127,23,3,0,0,0,1,27,37,14,127,72,1,0,0,0,30,29,30,29,8,30,5,32,18,7,0,0,2,45,19,127,27,1,0,0,0,3,50,72,11,5,79,31,0,0,33,0,5,14,127,74,4,10,2,35,39,14,8,5,3,22,23,127,64,0,0,0,0,3,77,77,15,0,5,6,0,3,37,0,0,2,127,114,1,0,0,5,1,12,86,41,7,17,23,71,6,4,4,0,0,11,127,28,2,0,0,0,0,27,117
0,0,0,0,0,0,0,0,16,2,0,0,0,0,0,1,89,89,0,0,0,0,0,3,39,111,10,3,1,0,0,0,0,0,0,1,3,1,0,0,39,7,7,59,53,2,0,8,123,49,7,8,4,0,0,31,123,77,8,0,0,1,6,11,14,9,0,1,5,4,7,11,14,86,70,38,62,12,8,8,100,123,123,9,4,0,0,5,82,28,29,16,16,50,36,18,28,123,66,3,0,0,0,1,23,123,123,32,0,0,0,1,38,123,83,14,0,0,0,0,3,123,123,47,17,10,1,0
14,0,0,0,0,0,1,105,53,0,0,0,0,0,30,120,14,0,0,3,23,20,73,94,98,30,18,38,64,36,27,32,3,0,0,0,0,0,14,38,11,8,19,1,0,0,120,120,120,22,5,1,1,0,92,120,120,73,29,11,4,0,6,38,0,0,0,0,0,0,1,0,8,20,98,27,4,3,10,9,120,38,39,18,4,4,4,53,112,56,1,0,0,0,0,116,0,0,0,0,0,0,0,0,0,0,2,4,3,6,4,1,78,9,2,4,3,8,14,73,120,120,5,0,0,0,3,48
36,2,0,0,0,0,4,54,65,11,0,0,0,0,14,111,57,71,21,0,0,0,74,138,10,29,39,0,0,2,57,65,77,17,0,0,0,0,0,13,142,10,0,0,0,0,1,38,142,103,28,0,0,0,0,16,25,45,80,20,10,5,0,2,50,14,4,0,0,0,0,25,142,35,0,0,0,0,0,23,142,25,1,0,0,1,21,95,33,7,2,7,42,107,56,30,12,50,21,0,0,0,0,1,75,62,2,0,0,0,0,5,117,44,12,1,0,0,28,81,4,9,29,46,28,75,73,23
24,9,3,0,0,0,1,19,25,28,18,12,4,0,1,7,123,35,21,18,1,0,0,67,123,24,5,19,3,1,3,66,7,73,111,6,1,0,0,6,29,50,41,38,15,2,5,7,123,123,13,10,2,0,4,27,123,102,8,8,1,0,0,30,5,41,91,21,8,1,0,2,7,9,45,97,32,17,6,1,123,33,25,14,1,2,3,48,123,13,5,8,13,1,1,59,3,9,107,51,10,1,1,2,2,14,97,100,29,17,7,1,63,94,50,14,0,2,4,12,123,50,5,3,6,3,1,34
11,1,0,12,120,20,5,14,93,31,2,6,60,7,1,72,56,33,8,0,0,0,0,40,34,27,19,0,15,26,1,4,45,8,3,46,120,0,0,3,110,120,33,32,64,1,0,21,65,68,60,30,6,0,0,15,47,16,2,4,107,31,0,4,35,16,27,45,90,8,4,10,120,36,55,60,32,0,0,41,70,11,12,26,67,13,5,36,13,4,0,1,120,99,18,15,41,71,26,12,10,7,3,8,36,12,34,51,81,27,2,18,49,0,0,3,93,44,7,37,0,0,0,0,97,120,46,1
5,0,6,11,4,5,36,35,35,27,41,12,0,1,11,15,6,49,120,23,0,0,0,0,6,88,133,3,0,0,0,0,39,1,11,24,50,32,19,11,133,90,25,11,11,6,4,23,83,67,59,52,56,24,9,30,88,72,56,3,2,6,34,69,63,9,0,0,10,54,29,6,133,20,0,1,8,25,22,81,27,2,2,15,95,133,70,68,20,2,5,5,6,14,126,133,39,67,3,0,0,9,2,1,91,35,0,0,2,5,10,28,3,0,8,37,44,30,15,8,19,15,25,22,5,7,11,47
21,1,0,29,67,4,3,3,188,20,0,2,4,1,2,9,144,6,0,0,0,0,0,0,0,0,0,0,0,0,0,0,29,5,0,56,107,0,0,0,188,37,1,7,10,0,0,3,157,6,0,0,0,0,0,6,0,0,0,0,0,0,0,0,27,8,2,40,117,12,0,0,188,34,2,5,12,0,0,34,103,1,0,0,0,0,0,55,0,0,0,0,0,0,0,0,24,13,0,4,66,21,0,0,188,42,0,0,3,0,0,9,95,3,0,0,0,0,0,13,0,0,0,0,0,0,0,0
58,38,3,26,68,3,3,14,64,60,8,6,17,48,31,27,0,1,3,9,124,130,3,0,2,4,0,1,53,52,0,0,30,6,0,20,130,30,24,39,100,11,4,7,38,42,75,92,11,6,5,36,130,70,5,1,2,21,3,4,62,15,0,0,30,1,0,12,86,130,51,21,130,13,0,2,54,41,8,25,27,9,14,16,130,56,0,0,1,27,24,16,29,7,0,0,42,12,1,41,89,41,5,2,130,59,4,20,30,7,1,4,10,5,40,66,65,6,0,0,0,2,33,31,22,8,0,0
31,4,0,0,0,5,51,29,54,0,0,6,60,9,39,68,35,15,2,40,130,14,3,27,74,52,11,3,6,1,1,69,26,1,0,0,1,30,33,26,130,10,0,10,42,9,13,34,68,38,12,97,130,1,0,6,127,114,43,25,13,0,0,29,52,4,0,0,8,26,3,10,130,28,0,2,10,6,7,57,37,58,90,83,72,8,6,15,115,12,42,47,37,3,1,50,39,11,0,0,7,10,1,4,130,68,0,0,0,0,0,19,60,66,16,14,47,31,10,10,27,2,8,23,85,38,6,35
40,6,0,2,10,2,4,7,150,44,0,0,0,0,0,13,150,6,0,0,0,18,23,57,1,0,0,0,9,57,21,3,77,17,13,21,10,1,0,5,150,75,1,2,0,0,0,32,104,23,1,14,11,10,55,54,37,14,5,4,4,10,32,26,40,51,23,27,3,0,2,8,150,139,14,5,0,0,0,42,123,20,9,64,24,2,2,15,78,17,4,14,14,15,20,31,106,51,9,7,3,0,1,5,150,140,13,3,0,0,0,3,55,15,6,31,24,1,2,16,10,0,0,35,47,12,35,29
1,0,16,73,71,43,15,1,30,3,1,22,29,10,27,24,39,63,26,13,16,7,7,13,31,28,14,19,22,6,2,10,7,1,25,110,67,11,5,13,30,2,8,117,104,23,18,34,117,32,5,16,27,9,7,78,79,59,9,28,39,12,1,3,9,7,15,24,67,117,34,18,52,11,3,39,92,117,46,8,117,42,1,7,14,15,22,33,117,73,3,11,13,16,14,5,0,0,4,77,117,26,2,0,57,7,6,22,70,22,12,20,117,16,0,0,0,1,6,46,117,80,0,0,0,1,3,4
7,0,2,29,100,53,6,31,133,1,0,3,18,2,17,133,37,0,0,0,20,109,49,60,0,0,0,0,72,133,1,0,10,1,11,62,84,26,20,35,133,23,0,9,40,10,3,29,83,2,0,0,60,133,9,19,0,0,0,0,89,118,0,0,31,29,7,8,28,50,32,55,133,67,0,0,16,34,14,19,25,1,0,0,32,133,26,12,0,0,0,0,17,42,0,0,10,110,20,7,18,12,0,0,24,81,1,0,18,43,0,0,0,0,0,0,25,39,1,0,0,0,0,0,0,1,0,0
15,6,0,0,8,71,10,3,47,47,9,6,19,20,26,41,11,44,39,24,76,31,10,9,18,59,18,8,17,18,9,20,17,27,16,24,26,24,5,4,27,13,35,56,12,11,57,96,108,89,69,22,15,9,26,77,11,33,62,99,64,22,25,11,50,16,13,19,22,0,7,36,68,96,108,64,1,0,8,28,77,108,108,108,24,17,26,19,40,11,36,80,17,16,45,71,43,12,3,34,15,0,2,20,108,108,5,0,0,14,14,32,43,31,18,63,20,78,73,13,42,40,55,74,12,6,19,17
14,7,18,31,16,26,9,24,105,38,56,30,6,2,7,52,31,82,72,16,36,42,31,11,44,42,12,3,10,26,96,39,29,17,34,49,11,30,17,38,75,27,18,20,8,73,107,69,107,69,54,15,40,33,71,84,26,107,93,16,47,23,11,10,4,1,3,19,26,38,31,38,27,101,36,6,13,68,28,14,107,87,10,0,1,15,47,107,21,12,10,31,81,27,41,107,4,1,9,69,13,0,1,10,16,31,25,18,0,7,29,41,8,10,5,1,0,29,56,43,11,23,2,1,5,21,79,86
70,3,2,2,0,0,1,62,49,17,63,52,19,12,27,34,6,10,41,50,89,62,22,1,18,37,41,8,11,57,17,4,62,0,0,0,0,2,7,106,40,4,1,3,20,83,106,71,103,36,56,27,33,33,69,44,9,30,94,38,101,34,13,4,93,3,0,0,1,1,4,72,50,45,47,20,35,30,8,17,91,48,19,3,22,96,106,32,8,1,1,17,57,54,106,59,102,49,0,0,0,0,1,12,56,29,15,3,30,27,12,12,1,6,16,40,106,96,19,3,25,55,16,8,5,13,28,44
4,4,43,86,4,3,2,1,0,12,106,49,4,1,2,1,1,44,106,1,0,0,0,2,0,47,76,0,0,0,0,0,18,7,12,12,15,11,53,92,11,5,35,47,73,23,26,45,106,60,71,6,2,3,11,50,21,40,106,21,15,26,4,2,79,34,10,10,14,20,40,94,106,65,89,72,24,4,5,48,93,50,70,39,34,30,43,40,31,7,8,15,38,80,68,40,38,85,29,23,7,6,17,6,79,47,8,6,16,22,99,73,6,1,6,20,106,62,42,35,71,6,10,12,11,7,18,66
34,3,5,34,36,22,28,70,101,1,1,32,23,0,1,93,3,0,0,39,46,0,0,0,0,0,0,0,0,0,0,0,37,95,93,80,23,9,18,16,123,13,7,56,28,0,0,33,28,3,1,72,123,1,0,2,0,0,0,3,25,0,0,0,30,36,36,55,80,43,48,123,123,67,4,31,65,17,5,10,33,6,0,35,123,7,0,5,0,0,0,13,103,1,0,0,33,107,46,17,15,9,14,41,26,123,29,18,8,4,2,1,2,6,3,64,123,3,0,0,0,0,0,42,123,2,0,0
48,3,0,0,1,0,0,31,94,12,0,0,0,5,6,17,190,9,0,0,0,1,2,19,51,2,0,0,0,0,0,0,71,0,0,0,1,1,3,42,128,2,0,0,0,23,19,32,190,18,0,0,0,2,2,8,55,2,0,0,0,0,0,0,25,0,0,0,7,1,5,62,151,4,0,0,0,5,15,61,190,26,0,0,0,0,0,3,46,3,0,0,0,0,0,0,3,0,0,2,21,6,6,32,166,4,0,0,0,0,2,77,190,19,0,0,0,0,0,16,30,1,0,0,0,0,0,0
5,22,37,1,0,0,4,3,7,27,32,56,29,14,11,4,1,18,52,91,42,13,2,0,0,6,121,36,0,2,4,0,3,3,0,0,0,7,131,11,27,5,0,1,10,54,131,16,131,131,64,14,14,26,17,13,11,38,131,56,0,2,7,2,13,5,2,4,8,13,95,21,85,13,1,0,0,3,51,31,131,26,3,0,0,8,102,131,12,6,22,10,0,25,131,39,9,32,48,28,8,6,7,6,22,34,19,6,3,10,6,8,16,1,0,0,1,59,73,33,3,0,0,0,0,33,131,26
13,0,0,0,18,19,6,10,74,9,0,0,0,0,0,23,64,52,0,0,0,0,2,5,144,52,0,0,0,0,1,7,16,0,0,0,14,10,11,12,144,14,0,0,0,0,2,22,94,28,0,0,0,14,20,12,144,115,0,0,0,1,4,7,22,0,0,0,27,5,2,19,125,2,0,0,0,2,10,46,144,44,0,0,0,14,30,22,144,139,0,0,0,0,0,1,7,0,0,0,26,11,3,21,52,0,0,0,0,0,3,76,144,88,0,0,0,0,4,15,144,106,0,0,0,0,0,0
52,11,13,11,8,7,14,16,164,65,0,0,0,0,0,8,105,52,12,40,42,20,22,23,14,1,1,75,106,10,2,0,39,18,66,48,11,24,26,5,164,30,6,2,1,1,3,12,79,10,7,9,12,18,27,16,11,1,2,40,114,13,4,0,69,10,4,7,15,48,70,37,164,13,0,0,0,1,4,31,84,13,13,22,16,8,2,4,9,0,1,10,121,28,2,1,46,41,49,26,10,1,0,2,164,38,3,0,0,0,0,5,89,24,15,35,26,0,0,2,6,0,1,38,123,8,0,0
11,0,0,1,47,41,38,50,47,0,1,59,46,1,10,79,1,1,2,116,95,0,0,0,74,44,8,27,11,0,0,2,35,7,7,1,89,91,13,31,116,14,3,20,27,3,2,103,18,9,8,116,113,0,0,4,43,116,27,27,9,0,0,3,10,87,91,4,5,29,6,1,116,101,38,9,7,0,0,7,43,16,3,78,114,0,0,3,101,55,3,11,15,0,2,70,0,33,104,6,0,2,7,0,46,51,43,5,1,5,12,7,18,7,0,55,85,0,3,10,67,0,0,20,33,0,0,32
0,0,0,0,26,38,11,4,14,2,7,34,14,9,16,35,2,0,3,87,123,0,0,2,5,1,0,9,88,12,3,1,6,0,0,0,62,128,36,12,128,3,0,4,27,34,26,92,31,1,0,28,128,1,0,5,9,14,2,13,128,1,0,0,21,20,48,10,13,87,50,2,128,75,11,3,23,15,1,8,37,7,2,19,128,4,0,0,7,56,32,34,70,0,0,0,5,43,97,29,0,0,0,0,61,128,23,6,31,2,0,0,16,24,10,11,128,9,0,0,27,128,77,9,10,0,0,5
16,2,0,7,63,121,30,6,121,35,0,0,3,21,31,13,65,29,1,0,95,120,15,4,2,16,29,0,16,52,79,43,58,27,1,1,70,74,1,2,121,59,0,2,14,4,1,9,52,59,27,54,121,41,1,3,19,121,113,8,14,5,5,2,25,32,65,81,32,7,0,4,121,20,10,10,5,0,2,97,43,35,21,28,18,2,4,40,33,69,12,2,0,0,0,0,0,5,42,121,74,0,0,0,28,47,94,14,2,0,0,16,46,67,9,0,0,0,0,11,20,43,0,0,0,0,0,0
0,0,0,5,56,10,0,0,7,0,1,2,53,57,30,32,35,0,5,54,60,5,15,60,2,1,0,62,113,0,0,0,0,0,0,2,36,117,41,0,43,6,9,1,98,117,38,29,117,12,3,22,57,11,6,77,7,12,8,80,117,0,0,1,0,16,53,69,54,91,24,0,21,86,117,15,6,43,18,1,117,113,36,16,37,1,0,5,32,37,10,41,109,0,0,5,0,4,64,51,2,0,32,12,3,27,117,23,0,4,33,5,40,53,25,13,28,2,12,14,33,3,0,24,98,0,0,9
6,5,8,40,35,8,10,12,16,23,80,84,35,4,8,8,129,126,42,12,1,1,2,37,48,13,0,0,0,0,0,17,32,21,37,37,17,7,9,13,45,14,45,66,18,17,40,24,129,129,21,10,2,7,20,46,77,75,7,0,3,25,8,15,105,18,20,30,0,0,0,31,47,11,49,129,17,3,1,11,129,38,20,46,5,8,19,129,25,9,2,7,24,95,38,63,54,3,23,42,0,0,0,42,53,3,7,66,43,3,0,62,28,38,23,43,56,15,16,67,8,14,12,20,39,50,59,75
24,10,36,1,9,11,31,55,42,21,42,8,27,38,49,27,22,19,42,46,82,49,57,29,4,9,29,9,12,25,82,43,117,39,0,3,43,11,3,27,62,12,2,8,117,76,83,75,107,71,42,32,86,56,115,86,21,93,117,26,13,7,10,12,63,71,5,1,59,34,0,3,37,30,4,4,117,98,11,8,117,68,8,1,11,5,56,90,76,28,20,0,0,2,40,76,1,10,2,1,15,6,0,0,1,10,1,0,23,15,0,0,5,13,0,0,0,0,8,10,8,0,0,0,0,0,4,11
0,1,49,46,14,5,12,0,0,41,118,18,1,8,45,2,27,44,67,4,0,26,46,11,24,7,1,50,48,2,12,25,0,0,4,4,0,8,83,5,14,12,28,9,1,52,118,21,118,82,57,8,4,47,118,59,39,26,41,34,39,33,31,43,0,0,7,8,0,0,6,0,60,102,118,32,2,9,26,9,102,82,110,97,21,39,48,48,72,21,10,35,22,70,60,47,0,0,0,0,0,0,0,0,66,64,17,1,0,0,0,7,21,55,47,118,61,3,0,6,25,8,5,55,90,15,10,52
0,0,2,1,0,0,0,0,2,0,2,1,6,10,0,0,62,12,0,0,2,5,0,3,16,2,0,0,22,34,8,3,0,4,63,80,35,5,1,0,20,6,63,97,119,42,3,5,119,37,13,10,31,15,2,22,55,6,0,20,119,39,3,3,1,3,12,32,40,119,101,8,63,46,111,75,112,89,30,38,119,53,119,77,60,8,3,30,49,7,18,41,97,7,0,15,7,54,49,16,3,28,58,14,75,49,69,25,12,25,26,64,26,39,46,27,44,31,42,22,12,22,28,17,3,31,50,2
13,125,22,2,1,11,8,1,6,63,9,0,0,23,26,2,3,0,0,0,0,6,18,12,1,0,0,0,0,0,0,0,16,125,11,2,13,85,6,0,9,9,1,0,42,125,94,18,125,7,0,0,3,24,72,115,44,0,0,0,0,0,0,22,5,9,2,50,72,89,7,1,52,11,0,17,125,125,10,14,125,46,0,0,9,9,7,77,35,1,0,0,0,0,15,60,0,0,2,92,41,6,33,45,19,2,69,125,40,23,6,22,90,30,57,29,0,0,2,125,24,6,2,0,0,0,8,64
0,7,48,1,0,0,0,0,11,47,48,0,0,0,0,1,40,78,17,0,0,0,11,9,1,19,28,27,6,22,22,1,0,13,103,6,4,37,58,0,11,37,64,0,0,34,98,21,53,37,7,0,0,6,100,94,5,15,11,16,16,51,81,7,7,4,0,35,32,39,63,2,31,19,14,3,2,16,41,9,140,53,22,1,0,1,10,27,21,71,55,27,14,1,6,9,6,56,125,68,66,2,0,0,16,117,140,3,2,1,0,1,69,140,140,2,1,5,4,7,12,62,140,19,9,20,12,7
1,0,5,26,39,127,66,2,62,1,4,2,5,29,24,71,27,0,0,41,104,3,2,34,0,0,0,11,22,0,0,0,0,2,21,133,133,6,2,0,43,9,26,15,10,2,1,32,82,20,18,55,48,0,0,45,0,2,27,56,22,0,0,0,4,12,52,133,133,1,2,7,9,42,133,42,15,1,1,1,112,78,52,24,4,0,0,15,22,11,47,70,15,0,0,5,19,6,15,133,133,8,4,42,6,14,36,86,53,15,8,1,47,4,8,27,16,27,16,48,24,0,0,15,24,29,16,52
105,127,27,0,0,0,0,12,100,8,0,0,0,0,2,79,58,15,0,0,0,0,6,35,69,25,7,0,0,0,0,3,108,10,0,0,0,0,0,13,110,11,0,0,0,0,0,66,127,25,0,0,0,0,0,58,106,24,0,0,0,0,0,18,84,12,3,1,0,0,0,38,126,52,0,0,0,0,0,33,121,69,0,0,0,0,2,37,127,38,0,0,0,0,1,34,21,34,127,127,0,0,0,7,67,41,63,45,0,0,0,26,27,6,3,2,0,0,10,97,47,2,0,0,0,0,8,127
0,5,93,29,28,10,0,0,60,116,71,3,3,1,0,1,135,64,8,25,43,6,0,4,140,33,2,2,3,42,50,65,4,11,59,8,1,0,0,1,14,56,46,0,0,0,0,1,109,46,12,3,4,0,0,4,140,17,0,0,124,109,30,38,10,1,0,0,0,1,6,14,29,6,0,0,0,0,0,21,101,4,1,0,0,0,0,12,140,3,0,8,140,10,1,12,9,0,0,0,0,0,4,22,22,0,0,0,0,0,0,28,73,0,0,0,0,0,1,26,139,4,0,20,140,2,1,15
1,87,70,9,0,0,0,0,46,106,115,30,0,1,7,1,115,55,16,0,0,1,9,74,18,0,0,2,7,8,16,33,16,59,39,1,3,12,2,7,11,48,27,11,17,88,76,10,115,15,6,1,1,15,69,115,48,6,2,0,0,7,23,89,51,10,3,9,6,7,4,17,8,13,45,79,23,42,25,2,85,41,25,12,4,43,51,48,115,9,2,0,1,14,19,115,23,3,0,0,0,27,55,51,1,0,5,5,1,115,105,5,23,1,2,1,7,57,87,51,115,0,0,0,6,16,6,115
103,20,9,0,0,0,2,47,41,19,24,18,3,13,5,5,5,4,41,21,19,4,5,9,0,0,5,19,105,6,0,0,115,36,21,2,2,3,0,31,65,6,6,19,25,89,25,20,92,12,6,21,34,18,21,59,6,1,0,43,115,44,0,0,51,52,115,2,1,0,1,39,38,56,115,68,17,10,1,18,73,100,115,37,20,3,1,5,7,8,107,115,89,30,0,0,3,21,115,9,3,0,0,1,9,48,115,18,11,0,0,0,19,64,101,4,0,0,0,1,1,9,115,48,0,0,1,0
4,1,4,10,0,20,137,19,36,10,6,3,0,35,76,48,157,12,2,0,0,9,12,47,33,12,18,8,18,1,0,0,50,17,4,1,0,22,43,17,126,12,0,2,16,29,16,34,157,3,0,0,1,6,4,32,52,0,0,0,26,26,19,7,25,54,40,2,1,0,0,0,91,46,6,14,26,4,0,2,157,28,1,1,4,44,53,48,16,0,0,0,4,157,157,14,4,14,12,0,0,0,0,1,49,18,4,1,1,0,0,2,89,7,0,0,80,71,19,15,0,0,0,0,62,119,76,4
2,0,14,1,0,2,128,37,107,27,22,0,0,0,59,99,59,24,71,5,0,0,0,9,0,0,44,58,27,4,0,0,37,9,0,0,6,7,35,19,152,55,0,0,0,0,24,76,104,15,0,0,1,8,61,26,1,0,0,4,49,66,30,1,23,7,11,4,7,3,2,24,110,16,14,0,0,0,108,152,13,2,18,1,0,6,152,70,0,0,14,0,8,33,152,11,4,14,28,4,1,1,9,15,7,32,58,0,0,0,28,28,1,9,102,2,0,1,76,12,0,2,101,2,0,0,71,9
4,4,1,11,20,7,3,1,3,22,25,3,1,2,10,2,105,32,42,1,0,0,4,17,111,19,4,24,34,0,0,10,25,25,7,56,30,0,0,1,121,141,111,8,4,0,0,5,38,136,141,0,0,0,0,0,32,88,87,47,22,0,0,0,61,5,2,44,57,0,0,10,141,30,10,10,21,0,0,76,98,28,63,0,0,0,6,34,0,8,23,22,52,10,4,1,77,0,0,25,55,0,0,18,141,0,0,15,39,0,1,87,86,1,1,0,0,2,63,84,0,1,0,1,19,43,48,9
138,0,0,4,33,0,0,25,138,2,1,0,0,0,12,65,1,2,5,1,4,7,24,17,1,0,0,5,95,36,5,0,138,2,0,6,54,0,0,18,138,4,4,3,1,3,50,85,2,2,4,1,1,21,111,55,0,0,0,2,60,100,28,2,138,12,0,1,40,10,0,1,138,54,73,13,1,1,2,3,2,9,77,51,9,1,8,8,0,0,2,35,81,6,2,0,138,48,3,9,7,5,0,0,138,49,14,6,2,0,0,0,2,2,13,60,50,0,0,0,0,0,0,32,82,0,0,0
4,31,43,1,1,14,44,11,0,91,118,0,0,35,39,0,6,127,127,0,0,11,9,0,2,127,127,4,1,0,0,0,0,127,127,11,4,0,0,0,6,110,127,35,33,3,1,3,118,104,50,2,3,1,1,11,33,36,18,5,3,0,0,1,0,22,61,11,18,34,4,0,5,4,10,46,94,34,1,0,94,9,2,7,8,2,8,53,22,1,0,1,0,11,37,48,0,0,0,0,1,87,19,0,0,0,0,0,13,85,22,0,3,2,0,0,2,51,68,25,4,20,3,0,0,16,108,35
0,7,99,40,5,1,2,0,0,5,67,91,22,2,0,0,3,44,73,3,1,0,0,0,0,41,73,0,0,0,0,0,4,1,6,11,26,13,0,2,5,1,1,26,114,46,2,3,83,49,7,1,8,7,2,11,14,61,41,0,0,0,5,3,2,0,0,0,15,70,138,2,4,2,1,3,58,94,138,3,69,9,1,1,3,9,138,46,13,4,1,0,0,1,138,37,0,4,24,0,0,43,138,0,0,9,46,0,0,37,138,0,0,4,45,8,0,9,138,4,3,10,10,6,0,3,138,29
26,0,0,34,65,0,0,25,66,6,1,1,2,0,5,74,4,10,34,9,4,19,47,19,1,3,24,60,114,13,18,3,13,6,24,115,48,0,0,3,115,87,8,31,8,0,0,19,26,79,93,12,0,0,0,2,0,2,73,107,75,0,0,0,2,4,23,105,74,8,4,0,115,16,1,48,57,3,0,57,63,10,3,0,0,17,28,43,0,0,2,23,50,42,69,0,0,0,0,6,31,78,115,5,38,0,0,7,35,40,68,95,23,0,0,1,29,96,75,71,0,0,0,1,32,115,115,0
26,10,7,5,10,7,5,17,39,43,8,13,7,11,3,5,88,172,99,1,0,0,0,2,8,161,146,15,29,0,0,0,22,8,27,31,21,0,0,1,113,17,5,9,14,7,2,20,172,69,6,0,0,0,0,31,46,26,15,11,67,1,1,1,8,12,34,87,40,0,0,0,83,46,53,25,9,1,0,2,172,35,6,1,0,0,3,40,42,1,1,3,37,15,29,20,2,5,22,42,16,27,5,0,38,12,23,15,8,13,9,4,172,24,3,0,0,0,1,15,36,12,24,8,5,2,6,3
0,0,0,5,115,28,0,0,76,53,0,1,84,22,0,0,88,46,0,0,6,23,13,9,31,3,0,0,0,9,21,49,2,0,0,0,115,106,7,2,115,56,0,0,47,30,7,32,66,38,0,0,55,66,8,10,91,73,2,1,5,11,4,8,1,0,2,2,22,115,70,8,42,5,2,1,4,25,68,115,115,35,0,0,14,33,66,76,115,75,5,7,3,6,5,2,4,9,24,9,13,19,7,3,12,55,58,4,0,2,11,31,115,115,15,0,0,9,14,31,65,27,0,0,3,114,57,4
0,0,0,0,3,99,119,10,0,7,3,0,1,119,54,0,0,70,36,0,1,114,18,0,14,119,31,0,0,13,4,1,12,0,0,4,3,21,119,57,99,88,12,0,0,42,59,35,11,119,59,0,0,36,28,3,19,52,15,0,0,13,37,23,28,7,41,47,7,1,4,15,119,44,15,5,0,3,16,100,20,108,41,0,0,45,48,26,13,100,54,1,0,9,14,6,25,42,51,24,0,0,4,5,29,119,104,9,0,0,15,16,8,119,52,2,3,1,20,12,0,19,26,7,17,2,1,1
86,10,1,1,0,6,15,33,73,33,22,20,4,0,0,7,5,11,64,49,10,5,0,1,2,8,29,15,22,22,2,0,106,11,4,10,2,0,0,24,133,54,36,32,4,0,0,37,17,15,47,122,93,21,0,1,1,12,36,13,55,50,3,0,45,22,63,86,0,0,0,12,133,100,18,15,4,0,0,37,63,21,16,133,115,2,0,1,13,62,85,71,23,3,0,3,29,44,133,47,0,0,0,11,63,133,71,3,0,0,2,1,22,18,2,76,41,4,8,3,18,5,3,80,50,0,0,14
69,0,0,6,16,2,3,65,9,0,2,122,83,5,1,11,79,22,9,58,7,0,0,2,135,58,13,23,20,0,0,1,34,0,0,1,0,0,33,135,94,13,34,92,5,0,11,99,38,98,135,113,1,0,0,0,82,132,23,22,33,0,0,1,98,9,0,0,0,0,8,66,135,37,8,2,0,0,1,39,55,25,61,9,0,1,9,6,4,21,9,4,13,4,15,8,108,32,1,0,0,0,0,1,135,30,0,0,0,0,0,7,32,8,6,0,0,2,6,8,0,2,18,1,2,1,5,3
15,0,0,0,56,110,29,5,17,0,0,0,8,47,87,110,12,0,0,47,94,29,16,57,0,0,1,110,65,4,0,0,2,0,0,0,110,110,9,6,61,3,0,0,20,16,4,80,110,10,1,24,39,1,0,78,3,0,2,74,110,0,0,0,0,0,2,5,67,73,5,1,110,35,3,1,7,16,8,15,110,76,2,10,48,0,0,6,2,2,1,19,110,16,2,0,12,13,55,24,20,8,2,4,60,106,103,7,2,1,0,2,83,64,18,7,57,4,0,1,0,0,2,15,110,20,2,0
1,0,0,1,0,0,1,1,33,46,9,8,1,1,2,4,62,93,17,0,0,0,0,0,66,115,11,1,0,0,1,1,17,4,0,0,0,0,0,1,121,121,29,0,0,0,1,23,36,121,121,0,0,0,9,18,37,102,57,0,0,0,1,2,16,2,2,0,0,0,0,4,121,34,11,0,0,0,23,121,71,28,22,0,0,0,95,121,121,88,44,0,0,0,6,60,0,11,34,0,0,0,0,0,11,70,121,10,0,0,2,17,60,86,65,4,0,0,5,37,121,47,6,0,0,0,0,63
0,0,0,0,0,0,0,0,2,18,8,0,0,0,0,0,6,34,35,5,7,1,1,3,15,41,54,7,5,0,0,0,10,14,2,4,0,0,0,0,79,120,71,4,0,0,0,5,11,83,120,96,0,0,0,2,0,78,98,24,0,0,0,0,16,14,71,120,4,0,0,1,120,72,39,22,0,0,0,78,87,39,81,96,0,0,0,58,0,58,114,48,0,0,0,0,14,1,42,102,18,0,1,39,56,95,84,44,1,0,0,10,103,120,64,18,0,0,0,11,0,10,95,99,1,0,0,0
0,6,54,65,33,4,2,3,67,121,22,26,9,0,0,0,93,121,5,0,0,0,0,0,7,43,50,17,0,0,0,0,7,7,3,6,23,9,14,51,117,42,4,4,5,0,0,5,121,84,4,0,0,0,0,10,25,39,37,25,0,0,8,8,37,1,0,0,0,0,25,121,121,7,0,0,0,1,8,49,121,4,0,0,0,2,83,104,11,0,0,1,0,1,121,76,113,13,0,0,0,0,6,40,74,10,0,0,7,60,28,21,7,0,0,0,2,43,121,61,20,1,0,0,0,3,121,97
8,0,0,0,31,29,41,111,39,0,7,63,33,2,7,117,3,0,19,123,71,0,0,2,0,0,14,115,13,0,0,0,37,1,0,0,53,22,6,34,123,29,1,17,21,0,1,68,23,7,2,88,123,11,1,3,0,0,3,33,57,36,7,0,36,51,64,19,37,14,3,11,123,123,30,7,12,0,0,34,29,14,8,95,123,4,0,6,0,25,49,47,50,11,5,0,44,61,55,4,0,0,1,44,20,112,33,5,2,0,17,51,1,9,19,113,53,7,16,10,0,43,87,48,8,3,3,1
5,0,0,0,0,46,102,36,107,6,5,2,0,2,27,108,23,1,9,56,8,41,35,16,0,0,0,65,49,34,39,0,47,32,13,1,0,6,23,20,124,35,2,0,18,9,4,27,30,2,0,2,124,124,62,6,13,6,1,3,34,72,124,25,60,27,7,0,0,0,1,44,124,14,1,2,33,19,2,28,15,1,1,21,124,89,1,5,37,47,9,10,36,9,2,4,34,0,0,0,0,0,7,108,121,1,0,8,19,1,2,103,13,3,5,116,101,4,0,12,58,61,9,31,14,0,0,0
6,72,83,2,0,0,1,3,33,139,56,0,0,1,23,21,8,68,88,63,26,10,22,10,0,4,42,139,28,0,0,0,35,32,14,0,1,7,10,33,44,24,3,1,16,50,105,58,139,63,27,8,5,9,57,75,32,35,75,139,22,2,1,5,13,0,0,0,1,4,43,98,61,46,13,11,26,21,16,24,139,72,5,2,1,1,4,32,55,3,3,23,37,46,15,20,63,14,8,1,0,0,9,36,113,34,2,0,0,0,0,26,139,28,0,0,0,0,1,50,35,22,12,3,6,11,3,15
2,1,0,2,1,2,27,36,29,36,17,9,1,0,4,37,54,112,98,17,5,0,0,15,4,6,34,55,69,20,6,6,5,2,0,0,0,7,16,37,108,19,0,0,0,0,4,110,132,37,16,15,28,0,0,96,9,1,6,96,132,0,0,4,12,47,8,1,0,2,1,2,94,132,0,0,0,0,0,6,132,132,3,7,5,0,0,12,16,15,23,132,62,0,0,0,16,65,8,0,0,0,0,0,80,132,0,0,0,0,0,0,45,132,4,0,0,1,0,0,3,15,15,33,3,17,1,0
8,28,19,27,42,16,5,11,8,24,25,82,45,20,4,6,126,30,15,19,6,5,3,8,126,22,3,11,17,6,5,13,9,26,20,28,29,50,30,27,9,19,17,53,60,120,37,28,126,15,10,15,12,36,28,42,126,9,2,6,13,2,1,11,10,9,2,3,12,24,57,53,14,17,25,75,53,25,9,29,126,62,58,27,9,5,3,10,126,26,7,15,15,6,5,17,17,0,0,0,0,3,33,73,92,42,22,7,3,0,2,86,90,126,126,36,7,0,0,5,44,14,64,59,55,41,27,25
4,0,6,128,128,95,23,12,0,1,63,98,39,29,8,5,5,27,87,26,9,2,4,5,22,68,49,1,2,1,0,5,2,4,9,85,75,128,62,14,7,3,4,37,51,86,64,32,76,26,37,15,18,7,35,57,54,27,30,8,23,20,28,24,4,6,9,128,54,5,12,18,10,15,19,128,64,9,4,5,98,40,18,26,12,19,64,43,19,5,11,10,44,31,59,38,12,0,0,19,7,2,10,57,3,3,7,128,39,1,1,5,3,4,6,128,56,14,19,6,30,8,6,9,5,11,33,32
33,31,28,31,20,3,2,12,22,23,32,34,13,36,10,14,126,35,12,3,1,5,4,29,46,45,55,38,0,0,0,0,11,48,72,67,54,15,8,17,12,31,42,73,73,43,11,16,129,41,16,12,9,11,9,23,129,58,29,58,27,5,4,16,15,52,36,48,57,22,13,20,16,56,56,124,56,53,17,17,129,23,33,43,18,32,18,43,129,3,0,7,20,5,5,40,6,14,11,13,30,52,60,26,13,14,9,41,66,79,34,33,129,25,21,28,28,38,19,40,129,13,4,12,10,1,0,28
60,83,10,4,6,33,9,6,4,16,6,4,17,136,13,1,5,6,14,15,32,136,31,10,55,27,10,3,7,31,36,55,52,12,1,1,4,136,109,40,13,4,4,6,17,136,63,15,100,52,94,33,20,51,22,37,32,56,88,34,42,15,18,8,2,0,4,4,19,132,53,14,56,43,41,15,12,47,22,36,93,72,37,9,20,18,55,37,53,40,40,21,22,12,52,39,7,5,15,11,29,16,6,10,44,16,23,9,10,36,44,39,78,50,19,6,15,11,47,73,20,30,15,21,44,13,28,32
73,16,1,1,0,0,0,35,108,9,0,0,0,0,0,122,55,0,0,0,0,0,0,122,13,0,1,10,4,9,7,122,89,46,2,3,0,0,0,4,122,39,0,0,0,0,0,12,122,20,0,0,0,0,0,65,65,3,0,0,29,55,10,105,76,57,0,0,0,0,0,9,122,22,0,0,0,0,0,23,122,16,0,0,0,0,0,32,55,8,0,0,115,122,3,9,81,29,0,0,0,0,0,21,59,55,0,0,0,0,0,3,93,47,0,0,6,10,0,9,18,3,0,0,122,122,1,2
33,18,50,25,3,1,3,32,26,14,6,0,0,3,12,53,0,0,0,0,0,0,21,59,2,0,0,0,0,0,11,26,1,7,26,8,0,2,111,39,6,9,6,0,0,47,111,17,50,1,0,0,0,8,41,75,30,12,0,0,0,0,2,33,2,2,22,41,3,2,69,34,40,67,13,1,0,9,55,28,82,135,45,0,0,1,4,12,25,135,80,0,0,0,0,3,1,14,135,135,0,0,0,1,17,135,135,17,0,0,0,1,2,135,135,1,1,2,0,0,0,122,85,0,3,14,1,0
0,0,1,29,133,133,0,0,34,37,5,6,28,71,3,1,98,74,0,1,11,6,1,1,10,18,18,12,50,49,5,0,0,0,7,133,133,10,0,0,39,26,35,86,28,2,0,3,124,28,5,7,8,0,0,26,8,41,38,22,17,1,0,2,0,0,1,133,133,1,0,2,4,9,78,122,60,0,0,0,42,71,50,2,0,0,0,6,11,63,4,0,0,0,0,0,2,0,0,97,129,0,0,10,0,2,27,120,84,0,0,0,1,36,29,4,0,0,0,0,8,32,1,0,0,0,0,0
18,4,0,6,70,17,2,2,83,18,1,10,63,12,0,0,29,16,54,32,32,28,17,6,19,4,26,19,40,60,68,28,15,10,4,28,111,18,0,0,111,8,0,4,66,20,1,3,32,3,20,42,33,43,32,7,0,0,89,97,34,35,29,9,16,2,1,14,88,111,71,17,111,2,0,1,43,68,14,22,16,1,3,3,21,111,111,14,10,4,19,14,0,3,111,79,45,0,0,0,35,102,53,27,111,0,0,5,63,30,8,31,6,56,19,16,99,68,39,3,23,111,48,0,0,1,36,24
0,0,0,0,1,0,0,1,14,0,0,1,6,0,0,0,71,0,0,0,0,0,0,1,7,0,0,0,0,0,0,0,5,0,1,4,10,4,10,32,132,1,0,13,63,5,1,5,227,1,0,0,2,0,0,13,68,0,0,0,0,0,0,1,2,0,0,0,18,19,23,56,149,10,0,1,26,21,20,25,227,8,0,0,1,0,0,16,85,0,0,0,0,0,0,2,3,0,0,0,5,30,25,14,163,5,0,0,0,1,12,38,227,12,0,0,0,0,0,6,73,0,0,0,0,0,0,1
0,0,0,0,0,21,18,0,0,0,0,0,0,32,8,0,1,0,0,0,0,0,0,0,0,0,0,0,0,0,0,0,0,14,34,16,5,33,32,1,49,18,34,49,16,69,14,3,139,38,6,1,0,2,1,83,46,0,0,0,0,0,0,54,0,37,126,65,6,1,2,0,22,61,139,111,13,4,1,4,139,98,47,3,0,7,12,139,139,1,0,0,10,17,13,139,1,0,13,24,12,9,51,26,23,33,46,20,19,8,9,12,49,25,115,33,4,10,13,63,86,9,33,7,4,10,55,139
0,0,0,0,0,0,0,0,0,0,1,5,1,17,19,6,69,54,116,43,6,13,33,97,134,75,134,13,0,0,62,134,0,0,0,0,0,0,0,0,16,4,4,20,41,71,10,7,134,43,8,3,7,34,43,134,51,22,54,7,0,43,134,134,0,0,0,1,2,3,6,0,28,29,45,49,33,16,24,14,78,65,104,47,13,10,28,26,3,0,7,44,55,113,82,15,0,0,0,0,0,0,1,0,17,5,2,0,0,0,5,8,15,8,17,18,11,31,22,7,0,0,9,37,40,50,42,12
46,8,0,0,0,0,0,7,51,3,0,0,0,0,0,15,47,17,0,0,0,0,0,0,39,74,4,0,4,13,0,0,54,9,1,0,0,0,0,3,68,23,0,0,0,0,0,8,94,33,0,0,0,0,0,5,71,78,0,0,75,118,2,5,25,12,85,108,0,0,0,2,33,6,10,11,0,0,0,37,64,7,0,0,0,2,5,74,31,8,20,33,118,121,17,34,0,0,150,150,0,0,0,0,3,5,150,150,0,0,0,5,14,67,148,26,0,0,1,21,3,34,101,41,10,3,2,6
101,41,4,2,0,0,9,65,1,1,18,26,50,66,21,12,13,33,33,46,112,56,1,0,4,23,118,118,26,0,0,0,17,8,17,24,7,9,34,82,12,0,0,0,23,118,107,22,118,52,7,1,12,62,24,30,45,35,61,83,7,0,4,28,0,1,8,40,118,26,2,0,40,24,0,1,104,88,10,2,118,36,0,0,2,7,10,66,32,0,0,5,2,0,14,118,0,0,0,0,106,98,6,0,50,39,0,0,48,43,5,11,53,39,0,0,1,15,14,21,44,15,0,0,0,0,4,51
0,0,0,1,10,120,43,8,19,6,14,4,2,90,35,29,53,60,43,4,0,2,12,37,52,111,6,0,0,2,14,26,8,2,0,0,4,118,37,15,120,25,2,0,0,3,14,55,83,63,16,0,0,29,84,34,37,47,2,0,0,52,120,63,22,17,7,8,14,15,20,16,96,42,6,8,5,11,18,48,11,17,12,22,14,87,115,17,75,75,8,0,0,37,62,22,12,45,29,23,20,0,0,0,70,117,32,22,3,1,0,1,11,67,120,92,11,9,2,0,8,115,58,3,10,47,2,0
2,8,10,39,53,28,0,1,33,101,76,10,9,2,0,4,4,29,89,47,97,19,0,1,9,9,14,12,32,15,16,8,18,3,1,6,40,82,15,16,121,28,4,1,22,15,8,54,28,6,15,39,121,36,0,3,7,60,67,23,21,3,0,0,21,51,42,6,31,46,4,2,121,121,18,15,36,27,1,8,22,4,4,25,100,98,25,23,91,62,7,3,2,2,5,17,36,51,40,23,15,0,0,4,99,120,23,64,44,1,0,0,28,9,8,121,121,11,6,18,121,21,2,8,2,0,1,20
0,0,0,0,0,0,0,0,0,0,0,0,0,0,0,0,0,0,0,0,0,0,0,0,0,0,0,0,0,0,0,0,10,0,0,11,25,0,0,2,97,0,0,4,7,0,0,10,12,1,3,44,68,0,0,0,0,36,43,15,8,0,0,0,23,20,55,129,66,0,0,2,133,102,42,15,16,1,0,9,33,20,20,112,133,1,0,1,29,133,66,42,15,0,0,0,12,54,133,72,7,0,0,0,19,103,133,69,1,0,0,0,2,34,133,133,16,0,0,0,10,102,133,33,3,0,0,0
7,0,2,35,74,65,11,12,100,13,7,3,1,4,6,64,48,24,58,43,9,0,0,12,2,16,29,44,38,3,0,0,3,1,17,122,64,2,3,10,106,21,58,44,1,0,0,61,122,49,30,59,3,0,0,61,12,28,64,122,7,0,0,0,0,0,24,52,7,0,60,86,42,82,122,37,0,0,17,49,112,122,44,4,0,1,2,10,13,7,8,70,17,5,4,1,3,0,0,0,0,0,122,77,109,11,3,0,0,0,29,122,54,18,3,0,0,2,5,78,3,22,8,3,1,4,4,1
32,18,6,6,36,22,0,6,9,0,0,5,54,77,9,18,134,4,0,2,7,10,7,65,17,2,1,21,105,7,0,2,1,9,9,5,86,111,1,0,42,0,0,0,93,136,15,17,136,15,0,2,8,20,11,39,35,5,0,17,127,45,0,0,0,0,0,0,25,136,25,1,56,26,18,25,80,58,2,2,136,44,7,3,9,38,23,29,14,0,0,0,58,136,22,7,13,6,0,0,1,21,45,25,34,80,31,10,9,8,0,5,32,42,14,1,25,109,43,9,2,4,1,0,6,60,92,13
12,0,0,0,0,0,28,134,102,10,21,28,2,0,6,124,46,86,129,36,0,0,0,2,24,74,17,33,28,1,1,0,65,11,0,0,0,0,6,42,145,22,1,0,0,0,0,41,127,23,20,0,0,0,6,12,1,8,8,8,21,5,10,2,46,75,14,0,0,0,0,0,145,47,2,0,0,0,0,13,145,36,12,0,0,0,0,20,5,24,75,13,1,0,1,0,7,117,63,1,0,0,0,0,124,59,37,5,0,0,0,21,129,14,2,0,0,0,4,96,15,10,18,4,0,27,48,25
2,0,0,0,0,5,126,40,5,2,0,0,0,0,126,110,16,6,0,0,0,1,126,67,99,14,2,1,0,0,32,78,11,0,0,0,0,1,29,42,90,36,1,0,0,0,14,56,69,119,18,0,0,0,9,18,126,110,0,0,3,21,7,12,22,1,1,0,0,1,19,16,126,6,0,0,0,0,1,68,126,69,2,0,0,0,0,25,76,45,0,0,39,101,3,6,10,2,3,3,3,0,0,3,104,6,0,0,0,0,0,63,126,22,0,1,3,0,0,60,38,9,2,25,108,27,0,5
8,0,0,0,0,1,78,130,23,2,0,0,0,0,113,130,7,2,0,0,8,35,130,57,0,0,0,28,91,68,57,0,87,5,0,0,0,0,4,41,130,54,4,0,1,5,16,83,25,27,10,3,17,123,42,21,0,0,0,3,13,130,80,0,57,62,1,0,0,0,0,1,130,23,0,1,8,23,22,64,15,2,6,20,49,130,42,18,0,0,3,10,38,91,21,0,15,48,4,2,6,3,1,2,23,6,4,6,13,11,67,45,2,0,2,15,27,21,97,35,0,0,1,9,58,20,9,6
24,6,1,0,0,0,1,6,131,9,0,0,0,0,0,24,87,31,16,42,22,0,0,5,1,2,4,131,131,0,0,0,17,59,4,0,0,0,0,0,131,58,0,0,0,0,0,8,131,6,0,9,11,0,0,34,10,0,0,131,131,1,0,4,16,75,2,0,0,0,0,0,59,80,0,0,0,0,0,1,109,15,0,0,1,31,26,29,8,0,0,45,42,94,114,12,8,53,10,0,0,0,0,0,24,44,1,0,0,42,11,0,10,6,0,0,4,131,59,3,0,0,2,1,9,131,131,12
24,15,19,20,6,7,10,7,37,15,10,13,7,12,7,27,108,60,36,3,0,0,1,20,20,57,61,21,0,0,0,0,7,41,108,64,26,4,2,4,41,26,41,74,58,11,0,6,147,87,22,16,6,2,0,16,71,45,45,100,37,1,0,6,7,33,43,36,33,19,14,13,19,24,48,98,63,56,16,8,147,16,7,19,15,17,6,71,109,4,2,30,80,2,0,21,3,6,5,3,6,39,110,26,11,12,18,42,40,56,30,30,147,74,47,18,11,12,4,36,113,12,8,23,55,34,9,16
2,3,6,15,18,16,6,4,91,28,14,5,3,2,1,30,53,7,5,12,20,21,4,22,3,0,0,6,22,26,8,15,20,9,6,5,0,0,14,60,102,130,66,11,2,0,0,22,20,34,53,76,106,31,4,7,10,0,0,7,50,36,11,35,60,32,0,0,0,0,4,47,130,72,7,7,8,0,0,51,47,15,11,130,130,0,0,5,9,3,19,79,82,1,1,14,38,130,2,0,0,0,0,0,117,130,3,2,0,0,0,0,18,39,30,130,27,2,0,0,0,1,101,130,12,1,0,0
0,10,14,0,1,14,27,1,10,19,28,6,6,62,126,36,75,29,2,1,0,8,48,114,66,110,26,0,0,2,58,61,10,1,0,0,0,3,21,6,126,12,0,0,0,10,82,69,126,7,0,0,1,25,110,109,62,40,6,0,0,14,126,126,6,2,0,0,0,0,0,0,126,30,0,0,6,18,4,6,25,8,7,14,17,76,74,24,37,68,45,16,3,14,108,37,0,0,0,0,0,0,0,0,31,3,0,5,23,11,1,5,13,17,9,20,40,26,41,18,123,75,24,4,0,3,19,52
4,20,19,20,4,0,0,0,7,69,18,10,2,0,0,0,38,36,18,1,5,1,0,2,4,1,1,13,101,3,0,1,5,8,19,22,19,14,6,7,78,123,41,6,1,2,4,22,17,54,123,25,13,0,3,3,1,2,15,54,130,0,0,0,9,9,34,50,29,8,3,7,130,69,34,9,2,4,8,37,40,33,46,23,27,8,27,27,3,5,26,74,130,7,0,3,40,51,130,16,0,0,7,37,22,119,130,6,0,1,3,3,9,98,130,17,4,1,4,4,1,17,130,130,27,3,3,1
65,0,0,5,2,0,3,51,131,0,0,13,11,0,0,95,123,13,6,1,1,8,33,122,1,3,8,28,46,32,16,5,65,34,20,1,1,0,1,35,130,19,17,3,10,11,8,53,134,42,15,9,0,0,0,51,21,11,17,95,54,1,0,0,4,96,110,0,0,0,0,0,42,113,134,0,0,1,1,4,134,83,18,1,0,0,2,45,36,1,0,26,113,9,3,19,31,36,23,0,0,0,2,13,15,34,26,4,12,10,8,9,79,11,3,2,2,4,11,111,37,1,1,18,46,5,4,49
101,2,1,14,6,0,0,49,140,8,2,0,0,2,24,140,3,2,3,8,53,61,38,17,11,0,0,5,35,23,13,66,86,3,1,7,13,5,5,46,140,28,8,1,2,2,6,87,39,26,35,77,33,9,10,7,14,0,0,58,62,4,4,18,32,56,77,1,0,3,3,11,140,82,25,1,0,1,0,21,108,13,7,60,69,2,0,7,0,0,0,34,140,36,9,3,5,51,65,0,2,3,2,1,108,52,19,0,1,2,7,65,55,1,0,6,55,9,7,57,0,0,0,28,140,14,1,0
0,0,0,0,0,0,0,0,0,0,47,12,0,0,5,7,29,100,132,11,0,0,2,8,118,105,17,1,0,2,13,22,0,0,0,0,0,0,0,0,31,3,10,2,0,0,69,117,132,90,59,2,0,0,18,102,32,53,74,50,10,2,9,7,0,0,0,1,0,0,0,0,132,19,2,1,0,0,12,49,132,66,1,0,0,0,40,132,35,15,7,15,19,37,89,40,1,1,3,3,0,1,2,2,46,30,17,3,0,0,2,30,43,14,11,0,0,0,88,132,0,0,7,1,0,9,132,84
1,0,34,78,38,9,0,0,12,33,31,59,35,7,0,3,26,72,49,35,29,0,0,9,7,22,21,45,37,2,3,2,0,0,4,98,126,36,0,0,26,6,1,11,79,50,7,26,105,17,2,17,45,13,4,71,25,17,11,30,53,17,5,11,0,0,0,126,126,5,0,0,19,43,31,107,80,18,0,2,124,113,22,48,20,5,0,12,35,9,16,126,41,11,5,20,0,0,0,94,30,0,0,0,9,8,16,126,35,0,0,1,108,17,5,50,5,0,0,61,22,4,15,126,10,0,3,35
0,0,0,5,78,113,27,9,3,0,16,52,39,60,83,45,10,1,61,113,6,0,4,30,0,14,31,103,22,0,0,0,2,0,0,16,113,51,33,43,32,7,2,30,111,18,34,80,113,29,15,58,4,0,3,100,11,33,79,113,11,0,0,0,2,0,0,4,34,33,100,23,33,37,13,33,60,21,31,24,113,82,8,4,0,0,35,74,14,9,26,29,5,39,81,14,0,0,0,15,16,20,58,5,11,3,1,1,3,13,63,65,20,4,0,0,0,1,71,113,0,2,1,1,2,42,113,8
2,0,0,1,52,75,5,4,125,3,0,0,6,26,12,56,51,5,1,17,113,6,0,6,61,35,2,15,86,5,0,0,11,2,0,2,72,125,4,5,125,18,0,1,10,29,9,35,79,5,0,5,107,96,5,7,125,16,0,1,68,32,0,1,14,34,20,10,24,37,7,4,125,66,17,3,6,38,38,23,22,0,0,0,19,125,93,18,125,15,0,0,9,27,9,13,47,60,5,0,7,8,3,7,3,20,8,3,58,97,17,1,9,25,10,1,6,44,64,17,125,48,1,0,0,0,9,24
26,4,11,4,26,4,1,41,36,13,3,25,153,17,0,0,153,43,1,5,18,0,0,6,15,1,0,0,0,0,0,1,145,2,0,9,32,13,6,51,66,14,1,37,153,16,0,2,153,48,0,4,12,1,0,6,15,2,0,0,0,0,0,0,153,13,2,1,18,47,20,38,78,0,0,1,91,109,20,11,153,0,0,0,5,3,0,15,14,0,0,0,0,0,0,0,21,24,6,1,28,71,32,8,64,20,3,0,5,47,61,30,153,27,0,0,0,0,2,24,10,1,0,0,0,0,0,0
22,17,4,1,4,0,0,4,120,26,3,0,0,0,0,59,120,2,0,0,7,5,6,74,4,0,3,21,27,16,10,8,3,120,82,2,0,0,0,0,98,75,103,17,0,0,0,8,120,29,10,2,17,3,0,46,14,1,0,9,55,20,6,24,0,88,120,11,7,22,34,7,16,51,120,19,0,1,36,52,55,92,83,7,33,30,3,16,16,2,1,2,71,100,7,13,0,1,17,77,44,47,46,7,48,10,16,17,1,5,69,120,21,5,6,1,20,109,58,55,25,8,4,4,51,98,4,4
0,11,34,15,11,12,14,1,0,3,47,25,8,15,23,2,0,1,41,97,10,15,22,2,1,2,23,109,8,8,53,15,0,0,1,1,3,53,125,24,13,2,10,4,0,10,125,56,90,9,26,40,2,6,58,79,9,2,20,125,55,23,12,3,14,0,0,0,0,10,108,50,125,41,0,0,0,0,58,68,125,45,0,0,22,72,25,34,11,10,1,8,47,125,90,10,17,0,4,3,0,0,10,20,125,9,0,0,0,0,0,93,109,18,11,29,63,30,0,26,8,93,28,23,40,23,4,2
0,0,0,0,87,67,0,0,71,14,0,0,95,94,5,6,124,23,0,2,35,8,1,6,4,21,8,24,113,13,0,0,3,0,0,0,139,94,0,2,139,53,0,0,85,59,2,15,89,43,0,9,22,2,17,9,9,11,5,52,56,2,5,1,12,0,0,1,139,123,1,5,139,4,0,1,52,30,8,79,33,2,0,0,1,2,73,51,9,4,5,14,12,3,24,24,6,2,1,19,139,33,0,0,104,6,2,11,29,1,1,41,27,0,0,0,0,0,15,47,35,1,0,0,0,0,5,35
6,3,0,0,0,0,0,0,11,12,14,39,7,1,0,0,64,45,12,19,2,0,1,8,36,41,14,0,0,0,6,14,36,2,0,0,0,0,0,5,104,44,51,26,0,0,0,11,39,71,136,31,0,0,0,10,19,25,99,43,16,4,5,14,36,12,5,0,0,0,0,9,136,69,8,0,0,0,0,54,130,136,58,15,1,0,0,36,19,45,54,136,136,4,0,0,24,57,5,0,0,0,0,0,60,136,20,0,0,0,0,1,72,136,16,6,8,4,0,1,10,31,23,97,136,13,0,0
18,1,0,0,1,5,34,71,71,28,2,1,4,18,38,23,62,100,133,18,0,0,4,20,8,42,136,34,0,0,0,11,10,31,11,2,1,2,21,34,136,72,2,0,0,2,30,40,102,33,9,0,0,15,88,136,40,20,43,16,0,0,16,136,8,22,7,0,0,0,13,20,33,25,1,0,0,3,108,62,19,0,0,0,0,17,136,114,78,0,0,0,0,0,9,136,0,0,0,0,0,0,3,1,0,0,0,0,0,1,35,5,14,1,0,0,0,1,37,36,34,0,0,0,0,0,25,136
0,0,0,11,55,11,0,0,77,0,0,6,33,7,5,56,174,5,0,0,0,0,0,39,16,0,0,0,0,0,0,0,0,0,18,57,27,0,0,0,96,3,3,79,97,4,3,39,174,10,0,2,5,0,0,63,15,0,0,0,0,0,0,0,3,6,63,32,16,1,0,3,94,20,15,112,157,5,0,1,174,43,1,10,12,0,0,6,8,0,0,0,0,0,0,0,28,3,9,4,38,7,1,29,65,24,3,18,148,21,0,0,174,45,0,2,7,0,0,3,1,0,0,0,0,0,0,0
4,0,0,0,0,0,0,0,93,28,0,0,0,0,0,0,46,19,7,18,28,13,0,1,0,0,0,25,89,30,0,0,22,1,0,0,0,0,13,42,142,90,6,0,0,0,1,27,39,57,41,84,30,0,0,0,0,0,1,137,87,1,0,0,27,0,0,0,0,15,49,68,142,10,0,0,0,0,5,137,98,9,3,28,84,0,0,14,0,0,0,61,115,0,0,0,18,0,0,0,2,49,58,50,142,1,0,0,0,0,11,142,141,7,4,49,26,0,0,16,0,0,0,82,59,0,0,0
0,0,0,0,0,0,0,0,53,16,3,0,0,0,6,90,128,17,2,0,1,7,92,128,128,16,8,0,2,14,87,97,5,0,0,0,0,0,0,7,122,55,10,1,0,0,0,51,44,53,49,31,8,10,67,51,128,77,17,2,0,6,69,108,14,23,4,0,0,0,0,3,128,79,5,0,0,0,0,31,96,28,24,6,0,0,0,33,105,48,9,2,53,66,36,26,4,14,57,12,0,0,0,0,60,41,113,19,0,0,0,12,72,8,37,4,0,0,0,43,34,11,23,20,68,18,4,31
1,1,15,51,41,20,11,1,103,41,21,15,5,6,10,9,126,90,23,52,37,0,0,29,2,9,30,111,64,1,0,0,28,53,28,27,32,29,3,2,81,37,57,63,11,0,0,7,126,19,5,23,20,0,0,45,17,4,4,85,126,29,6,2,44,112,64,30,9,0,0,5,23,36,50,124,23,0,0,1,126,24,14,14,13,5,5,65,16,1,0,22,126,47,11,21,102,35,17,10,3,0,1,5,1,3,48,92,12,1,5,1,45,32,22,55,7,4,4,24,15,18,13,75,97,17,7,9
0,0,0,0,0,0,0,0,86,46,11,0,0,0,0,27,141,92,12,0,0,0,0,42,53,33,64,27,21,15,1,2,0,0,0,0,0,0,0,0,36,39,15,0,0,0,53,40,141,71,3,0,1,7,24,96,64,11,0,1,42,109,14,12,0,0,0,0,0,0,0,0,23,76,43,0,0,0,25,21,141,141,32,4,1,6,20,78,24,23,46,59,20,62,15,14,0,0,0,0,0,0,0,0,12,5,3,0,0,0,53,50,141,21,5,1,0,5,79,141,19,8,13,20,15,73,141,39
72,34,6,0,0,0,0,20,130,92,12,0,0,0,0,33,49,46,104,39,16,8,0,1,0,0,89,67,27,6,3,0,31,33,14,0,0,0,33,29,130,75,2,0,0,3,12,60,85,19,1,3,46,96,9,7,0,0,0,8,27,94,39,0,27,61,32,0,0,0,19,19,130,125,19,2,0,7,15,65,29,14,29,41,23,112,26,19,0,21,62,19,14,55,14,0,11,16,10,0,0,0,45,42,130,58,13,3,0,2,38,130,20,16,32,51,25,45,63,21,11,38,47,9,3,7,69,31
125,6,0,0,0,0,0,54,140,0,0,0,3,4,6,140,18,0,0,12,103,20,10,39,0,0,2,35,59,4,0,0,82,77,32,0,0,0,0,5,140,35,3,0,0,0,1,56,73,0,0,7,31,34,10,25,5,3,31,42,19,7,2,4,11,78,140,11,0,0,0,1,140,104,68,4,2,1,0,5,58,10,1,0,49,45,7,14,47,5,9,2,10,13,7,48,17,18,61,6,1,5,35,71,26,62,69,4,14,33,12,37,12,7,4,2,51,140,12,9,115,5,0,0,10,23,12,37
107,7,0,0,52,22,12,63,21,6,2,15,16,6,41,35,27,28,7,17,55,2,1,5,1,1,0,17,127,37,16,0,96,4,1,13,65,5,5,69,63,3,0,0,0,0,21,80,117,22,10,40,29,0,0,30,5,4,5,127,127,4,0,0,61,30,4,24,52,0,0,4,89,74,0,0,0,0,0,7,127,47,2,13,5,0,1,8,30,5,3,127,127,8,5,4,21,55,12,12,24,0,0,0,36,111,0,0,0,1,0,0,54,41,0,0,1,65,31,9,9,0,0,30,29,123,123,10
0,0,0,0,0,15,6,0,47,0,0,0,0,19,27,82,98,3,3,24,9,0,1,72,1,0,4,81,24,0,0,0,0,0,2,2,3,45,43,1,60,9,1,1,13,64,33,69,139,27,11,9,0,1,6,118,24,8,62,83,3,2,15,4,3,7,35,21,5,7,9,2,51,94,46,20,14,13,11,11,139,103,3,0,0,66,135,43,15,2,10,8,1,43,139,15,8,10,7,3,1,12,3,6,9,19,16,2,6,81,51,11,9,7,1,6,18,139,130,14,0,0,1,6,9,51,139,12
13,0,2,1,0,0,0,15,51,26,80,21,0,0,1,29,38,132,132,22,0,0,1,5,46,132,24,3,27,30,2,0,44,16,0,0,0,0,0,17,78,15,6,1,0,0,31,122,132,60,8,0,3,9,15,69,67,35,1,0,72,132,10,3,75,39,3,0,0,0,0,3,56,50,22,2,0,2,7,16,132,36,1,0,5,65,128,74,18,2,1,1,53,132,90,20,33,20,42,17,0,0,0,1,43,10,10,4,11,11,2,7,10,14,13,22,43,65,70,9,14,31,29,12,2,35,40,6
0,0,0,0,0,0,0,0,18,31,35,4,0,0,0,6,55,132,42,1,0,0,3,5,6,127,34,20,7,8,17,1,32,9,0,0,0,0,0,5,132,112,32,2,0,0,3,48,48,128,49,22,29,12,33,19,4,11,2,12,11,26,111,7,49,14,1,0,0,0,2,17,132,23,0,0,0,0,41,132,46,8,15,22,20,7,62,132,13,2,23,125,33,10,18,23,6,2,2,0,2,7,8,10,29,20,0,0,0,3,27,102,122,37,0,0,0,0,10,132,32,2,2,51,9,1,39,99
0,1,1,0,0,0,0,0,13,29,3,0,0,0,0,0,10,23,33,31,2,0,0,0,6,30,63,15,0,0,0,0,27,44,9,0,0,0,0,3,116,137,40,1,0,0,0,12,27,135,137,62,10,8,3,9,7,74,137,12,1,1,8,17,71,17,3,0,0,2,6,41,137,53,4,0,0,2,2,124,73,25,16,29,47,40,18,57,4,6,10,4,12,10,44,98,21,74,60,0,0,0,0,6,137,108,23,0,0,0,0,24,112,25,4,32,105,10,1,14,0,0,0,6,69,27,35,50
1,2,7,11,17,28,56,13,48,24,4,8,6,15,25,49,12,9,7,37,27,6,0,3,0,2,6,28,21,10,1,0,16,12,8,19,37,42,16,2,135,135,31,23,10,3,1,13,22,58,67,135,33,2,0,2,0,32,90,56,9,3,0,0,30,15,39,40,21,15,5,3,135,49,21,7,0,0,0,93,98,14,19,135,34,0,0,47,0,7,30,91,67,49,3,0,13,65,52,16,12,4,0,0,124,33,54,24,0,0,0,32,135,6,1,27,58,5,2,73,0,0,0,51,135,47,3,2
0,0,0,0,87,117,9,0,0,1,12,7,107,95,5,3,0,0,40,27,8,2,1,3,0,5,22,35,12,4,0,0,0,1,0,1,25,125,92,1,14,2,4,14,38,105,50,38,90,41,46,40,6,1,13,53,5,53,104,68,11,2,0,0,2,25,43,24,14,45,27,2,33,16,18,59,43,39,7,13,125,61,34,17,4,3,3,125,29,24,125,92,0,0,4,93,0,18,41,16,33,34,7,0,4,13,48,55,27,29,4,4,55,46,30,6,3,2,2,125,40,9,14,7,0,0,6,125
0,0,0,0,0,0,0,0,115,35,0,0,0,0,0,7,158,87,12,0,0,0,0,13,48,37,78,33,14,15,0,0,0,0,0,0,0,0,0,0,61,28,1,0,0,0,10,43,158,38,0,0,0,5,8,93,70,4,1,2,30,111,10,18,0,0,0,0,0,0,0,0,35,56,8,0,0,0,8,23,158,132,10,2,0,2,10,92,37,23,32,49,20,42,13,18,0,0,0,0,0,0,0,0,8,2,0,0,0,0,19,52,100,8,1,0,0,2,66,158,15,4,5,9,4,67,158,63
0,0,0,0,7,10,0,0,12,18,13,5,113,79,0,0,8,34,68,35,98,16,0,0,1,52,45,19,35,22,3,0,1,0,0,0,43,59,0,0,112,34,0,1,60,109,3,11,37,46,21,45,114,5,1,2,8,111,37,18,26,29,17,1,9,0,0,0,120,92,1,7,120,7,0,0,56,52,10,105,37,19,9,16,22,4,15,49,4,18,6,10,120,69,14,0,7,3,1,6,120,52,0,1,96,30,1,4,37,4,1,32,115,40,2,7,4,0,1,26,19,13,4,74,120,10,0,0
95,59,0,0,0,0,0,22,124,124,37,4,3,4,2,42,7,42,82,5,7,11,21,31,1,12,49,19,47,15,21,22,115,65,15,0,0,0,1,40,124,47,3,8,12,2,1,67,24,6,2,23,105,28,37,28,0,0,0,0,27,63,96,38,27,124,39,0,0,0,6,16,124,70,3,1,11,2,15,91,22,1,0,16,124,41,14,42,12,2,0,1,54,47,65,16,8,4,0,0,0,0,29,48,20,2,0,0,0,2,54,120,7,0,0,2,77,111,37,62,17,17,4,0,37,32,4,10
19,5,4,6,15,31,26,41,52,5,7,35,28,11,23,50,80,4,1,1,1,1,2,22,0,0,0,0,0,0,0,0,12,5,0,0,35,106,60,49,53,2,0,0,8,51,103,120,143,9,0,0,0,6,20,97,1,0,0,0,0,0,0,0,12,0,43,44,15,38,57,44,132,33,2,7,11,30,46,47,143,83,0,0,0,1,2,46,15,2,0,0,0,0,0,3,1,1,120,143,44,46,11,2,80,35,41,61,12,9,14,31,143,12,0,0,0,1,2,143,28,0,0,0,0,0,0,34
68,14,3,0,0,0,0,38,28,9,15,11,22,5,1,24,28,31,23,3,4,2,0,11,2,12,8,0,0,0,0,0,38,10,12,6,16,43,13,42,143,58,99,14,5,5,6,72,34,106,143,16,12,30,3,3,5,28,44,5,4,36,19,3,40,33,54,66,57,39,5,7,143,93,19,1,6,16,6,35,59,8,17,7,65,143,13,10,67,46,0,0,12,85,35,9,13,38,112,80,33,14,3,8,93,111,47,2,4,10,15,12,17,9,2,33,92,25,4,7,88,95,3,10,34,9,1,1
0,0,0,0,0,0,0,0,1,0,0,0,0,0,0,0,2,0,0,0,7,9,20,89,2,0,0,0,0,1,13,137,2,0,0,0,0,0,6,7,105,14,2,7,5,0,4,34,21,9,3,55,103,19,22,35,0,0,1,19,25,9,78,137,15,8,8,7,1,5,37,17,137,63,7,10,3,1,20,71,55,22,13,137,78,2,6,7,1,4,78,110,25,1,13,32,11,14,16,10,1,16,43,12,115,47,5,2,1,15,137,109,17,6,5,53,11,8,137,137,2,4,37,40,8,8,42,47
0,0,0,1,11,73,48,0,6,2,0,2,16,113,82,3,19,23,25,36,15,35,9,5,0,1,61,57,3,0,0,0,0,0,4,35,76,40,8,0,45,12,6,42,48,22,12,3,113,82,63,28,2,1,1,28,13,7,99,104,72,11,0,5,3,2,14,42,30,32,22,1,24,46,33,78,22,10,21,9,113,108,43,7,1,0,0,48,43,9,9,105,113,5,1,27,1,1,0,1,57,113,57,13,113,29,3,1,2,14,58,113,98,78,57,3,1,14,13,43,7,10,20,23,29,91,24,2
0,0,0,0,0,0,0,0,26,8,0,0,0,0,0,0,69,122,42,0,0,0,0,0,2,82,147,41,23,2,2,0,0,0,0,0,0,0,0,0,147,30,0,0,0,0,0,27,147,121,13,0,5,5,3,83,34,41,33,14,75,109,42,13,0,0,0,0,0,0,0,0,60,74,1,0,0,0,1,10,147,84,0,0,8,13,41,128,27,1,0,0,118,145,47,43,0,0,0,0,0,0,0,0,2,2,0,0,0,0,3,5,23,12,0,0,0,2,46,103,14,53,26,2,15,39,31,31
9,15,4,6,24,43,22,5,19,42,16,32,48,17,18,7,61,120,44,43,31,3,2,0,0,2,17,67,88,48,1,0,30,10,4,2,33,131,63,29,131,96,30,4,2,12,40,72,46,94,47,15,89,50,37,8,0,1,0,23,131,90,5,0,34,15,3,3,37,56,16,25,131,20,1,0,0,5,131,131,10,3,3,1,15,105,131,29,0,0,0,1,74,81,16,0,0,0,0,0,6,23,9,7,0,0,0,0,0,0,27,19,0,0,0,0,0,0,10,1,0,0,0,0,0,0,0,0
8,7,0,0,0,0,5,21,16,25,34,15,3,3,35,54,63,29,30,10,4,2,32,131,23,5,8,15,4,5,23,45,26,18,0,0,0,0,0,0,131,131,131,21,1,0,0,5,40,71,131,96,30,4,2,12,18,8,17,40,16,31,49,17,10,1,0,0,0,0,0,0,131,29,10,3,3,1,15,103,36,8,46,96,49,14,87,49,2,0,60,122,43,42,29,3,0,0,0,0,0,0,0,0,17,0,0,0,0,1,77,83,5,0,0,1,0,20,131,92,1,0,0,3,17,69,84,47
0,0,0,0,0,0,0,0,0,0,0,4,32,3,0,0,0,3,31,21,45,2,0,0,0,1,10,5,6,0,0,0,0,0,0,0,1,0,0,0,11,3,2,15,77,78,0,2,96,71,117,68,47,24,0,12,8,10,50,129,107,0,0,0,1,0,0,3,5,0,2,4,15,6,11,84,71,36,8,9,129,46,19,39,15,26,26,96,46,12,9,129,129,71,15,20,7,9,2,12,20,2,3,3,13,14,2,17,129,69,17,9,30,1,0,9,84,62,103,129,7,0,0,0,19,117,103,51
6,2,1,0,0,0,0,2,88,7,1,0,0,0,0,32,52,73,3,0,0,0,0,11,5,31,4,0,0,0,0,1,2,50,65,7,0,0,0,0,75,42,104,100,1,0,0,36,134,92,14,10,5,4,0,52,34,30,7,3,16,20,6,22,64,134,73,20,4,0,0,6,19,72,134,134,77,4,1,2,134,80,41,42,19,5,9,41,23,2,6,14,12,4,2,22,101,25,1,1,6,2,12,134,9,6,2,50,134,26,26,62,31,20,1,22,71,15,19,47,28,11,0,0,0,0,1,26
0,2,8,3,11,32,1,1,14,15,11,2,11,25,6,4,2,7,3,6,65,60,25,1,4,57,25,19,11,29,48,2,1,3,11,2,4,29,84,41,12,9,14,2,8,133,132,24,126,89,22,7,25,50,81,53,20,133,59,25,52,10,0,0,0,0,0,0,3,60,66,14,51,8,0,0,22,133,60,32,133,59,3,0,0,10,65,133,35,40,14,2,54,100,133,51,0,0,0,0,1,36,5,0,5,0,0,0,3,53,15,22,13,0,0,0,0,0,38,98,0,0,0,0,1,16,56,18
0,0,0,0,0,0,0,0,0,0,4,2,0,0,0,0,8,14,23,22,0,0,0,0,28,51,5,1,0,0,0,0,27,1,0,0,0,0,0,4,90,79,100,39,8,1,0,6,13,53,140,140,77,4,0,0,56,140,46,28,5,0,0,0,140,6,0,0,0,0,0,26,140,50,16,10,25,46,23,129,30,42,34,87,140,115,17,18,51,110,21,14,6,2,2,5,25,3,0,0,0,0,0,3,90,11,0,0,2,18,47,106,39,58,10,0,11,44,25,22,23,15,2,0,0,0,0,1
0,0,0,1,2,15,95,48,9,6,5,2,3,41,100,22,1,7,34,9,7,41,55,14,0,0,4,8,14,32,36,4,36,5,0,0,0,36,132,39,132,132,32,1,1,13,92,82,20,74,132,44,67,115,20,13,0,0,10,33,98,108,15,0,32,1,0,0,0,7,19,18,132,27,2,0,0,8,40,132,12,9,7,3,32,132,95,39,0,0,0,0,18,132,18,0,0,0,0,0,0,0,0,0,0,0,0,0,0,0,0,0,0,0,0,0,1,16,1,0,0,0,0,0,0,8,0,0
