120,14,5,40,17,1,3,39,50,8,4,11,10,9,41,34,52,19,8,15,12,13,42,38,80,9,0,0,0,0,5,65,57,4,2,10,17,50,74,99,71,12,2,5,2,11,77,90,9,3,3,29,27,25,72,67,101,0,0,2,4,0,12,120,83,76,91,1,0,10,31,24,120,35,8,3,2,1,2,34,13,12,8,28,64,15,4,10,120,75,3,5,14,1,0,35,5,37,116,15,0,0,0,0,19,83,120,1,0,0,1,10,3,58,120,6,9,6,2,2,48,120,48,0,1,0,0,0
56,7,1,1,0,3,4,36,176,31,1,0,0,3,6,44,84,1,1,0,0,0,72,52,1,0,0,0,0,0,48,29,67,24,6,1,2,1,0,41,176,42,5,1,0,0,2,64,98,22,14,24,4,0,39,26,27,3,1,5,23,32,34,37,94,48,16,5,6,1,0,5,176,39,8,2,2,0,0,29,115,5,2,25,7,0,5,39,9,5,4,17,143,27,4,4,99,23,4,3,8,2,1,9,176,54,4,0,1,1,0,8,71,23,17,11,0,1,12,18,8,1,4,30,85,8,9,8
44,0,0,1,16,10,7,72,133,17,0,0,4,2,0,48,75,11,0,1,133,73,1,3,101,26,0,2,23,19,1,6,111,17,5,7,40,18,6,35,133,32,0,0,16,11,3,25,86,16,0,0,133,69,3,5,133,45,0,0,18,4,3,12,45,75,71,40,18,4,6,4,133,46,18,5,4,19,52,61,46,9,5,5,53,78,57,22,52,9,10,3,5,4,70,50,41,9,11,4,14,23,44,49,87,43,47,29,23,3,8,20,53,24,22,31,39,7,7,2,22,43,86,6,1,1,9,2
36,60,57,31,12,1,1,2,112,39,11,1,0,7,31,49,26,3,7,4,34,62,57,22,34,5,9,3,9,7,34,22,15,13,23,11,24,33,66,43,111,56,48,17,7,0,14,46,48,18,48,58,63,6,11,4,66,57,48,5,4,1,2,1,86,1,0,0,45,48,24,39,140,13,2,3,35,5,2,33,99,13,2,10,140,22,0,1,140,33,2,0,5,0,0,0,110,2,2,10,9,16,3,23,140,5,0,0,37,6,0,9,92,8,0,0,138,21,0,0,134,15,0,0,1,0,0,0
25,0,0,0,5,10,16,32,37,5,0,0,3,10,60,25,145,39,0,10,40,1,15,41,43,4,0,30,145,0,0,4,41,1,0,2,17,5,5,46,94,14,10,2,11,4,2,15,145,30,1,8,50,0,0,15,51,3,0,37,145,0,0,2,64,2,1,7,28,2,3,56,93,37,20,1,0,0,0,28,145,20,2,6,32,0,0,13,47,4,0,67,145,0,0,1,32,0,0,20,50,1,0,39,101,2,0,0,0,0,0,77,145,1,0,3,11,0,0,40,36,3,1,42,142,9,0,4
0,1,2,0,0,0,0,1,144,92,14,0,0,0,1,12,144,96,29,3,0,0,0,4,5,4,72,31,0,0,0,7,0,2,12,0,0,0,5,9,144,144,73,2,0,0,16,75,124,77,1,1,6,2,3,15,4,0,1,0,1,2,8,35,16,9,0,0,0,0,6,19,144,65,1,0,0,0,17,144,137,14,6,8,9,1,1,16,0,0,12,10,7,3,7,10,8,29,22,0,0,0,0,0,144,144,33,1,0,0,0,0,68,25,1,1,4,4,3,5,4,0,3,9,16,0,0,9
3,0,0,14,114,148,21,5,83,2,4,20,54,65,7,28,148,1,0,0,32,4,0,23,89,4,0,0,111,11,0,1,0,0,1,22,92,99,16,1,77,8,12,52,55,15,3,13,148,9,2,1,43,6,0,31,117,0,0,0,119,17,0,7,10,2,2,31,58,34,11,7,60,49,47,20,12,4,2,4,148,45,19,2,41,13,0,24,80,0,0,0,109,31,6,42,6,4,3,25,10,8,10,4,58,36,11,11,2,0,1,6,73,13,9,3,13,19,11,30,9,1,6,7,45,36,14,31
7,4,15,6,1,16,76,128,27,17,4,1,33,129,48,22,145,99,0,0,4,14,0,4,64,24,1,0,0,0,0,0,14,33,69,23,6,1,4,6,59,14,35,34,49,16,8,20,145,35,0,0,2,2,1,48,59,4,0,0,0,0,1,14,14,115,39,24,78,5,0,0,64,26,11,21,145,17,0,3,145,48,1,0,3,0,0,18,39,0,0,0,0,0,10,34,2,29,14,7,99,55,35,16,52,47,9,11,96,23,1,0,145,90,3,1,0,0,0,1,10,5,4,6,0,0,5,10
0,0,0,0,0,0,0,0,49,11,0,0,0,99,86,11,142,153,37,0,0,61,41,15,5,58,153,18,0,1,0,1,0,0,0,0,0,0,0,0,104,19,4,0,0,0,4,38,153,58,6,0,0,0,1,88,38,10,17,0,0,0,4,26,0,0,0,0,0,0,0,0,28,51,30,0,0,0,17,14,153,120,25,0,1,0,25,99,39,4,2,5,7,2,8,18,0,0,0,0,0,0,0,0,13,2,0,0,0,0,24,29,153,9,0,0,0,0,35,153,79,1,4,4,2,1,1,32
1,0,0,0,0,30,86,18,69,0,0,0,0,3,96,100,150,0,0,0,1,0,8,90,19,0,0,36,118,0,0,2,14,2,3,15,10,9,11,15,117,12,6,7,7,3,12,48,150,10,0,0,0,0,0,87,40,0,0,24,97,0,0,7,28,13,2,10,10,9,27,24,101,112,25,1,2,3,3,8,150,99,3,0,0,0,0,12,49,2,0,16,50,0,0,2,22,19,19,63,12,0,2,5,107,25,3,1,0,0,5,65,150,16,0,0,0,0,14,100,21,0,0,4,14,3,27,35
7,10,4,3,0,0,0,0,61,20,0,0,0,0,0,0,99,14,0,0,0,0,0,0,52,11,0,0,0,0,0,0,11,10,6,18,11,20,27,22,67,20,0,0,0,0,0,5,124,3,0,0,0,0,0,8,67,1,0,0,0,0,0,11,57,0,0,0,2,33,111,158,99,8,0,0,0,0,0,102,99,4,0,0,0,0,1,14,43,0,0,0,0,32,35,22,88,0,0,0,0,0,17,158,84,0,0,0,0,0,11,158,32,1,0,0,0,109,83,61,4,0,1,0,2,158,158,8
1,12,53,28,46,4,25,3,8,46,31,13,53,23,32,1,20,108,52,3,0,5,22,3,0,19,132,9,1,6,5,0,8,13,19,55,132,4,0,2,105,101,80,8,48,2,0,19,21,120,132,0,0,0,0,0,0,27,132,2,0,0,0,0,6,5,7,61,132,0,0,2,132,36,7,16,60,0,0,33,105,28,39,5,0,0,0,4,0,1,28,16,0,0,0,0,1,1,1,17,132,24,1,2,132,19,2,8,37,14,3,28,109,15,9,4,0,0,0,2,0,0,12,15,0,0,0,0
0,0,0,49,104,22,0,0,27,15,0,4,64,44,2,5,45,51,31,61,24,5,1,5,3,7,64,82,26,4,2,1,0,0,0,0,124,99,0,0,63,4,0,0,76,62,6,37,124,25,31,28,0,0,1,60,16,10,124,100,1,0,0,1,0,0,0,1,124,99,0,0,77,39,4,5,45,25,1,5,124,81,0,0,0,0,0,12,36,66,5,6,1,2,1,1,0,1,1,0,100,48,0,0,87,69,4,2,16,6,0,1,124,105,0,0,0,0,0,0,32,116,0,0,0,0,0,0
35,1,0,0,1,2,2,24,148,3,0,0,0,0,0,88,98,22,16,6,1,0,0,12,2,3,10,52,48,1,0,0,44,2,1,8,10,8,2,10,148,43,0,0,1,2,0,30,148,23,1,2,5,6,8,19,2,1,2,16,61,57,7,2,30,18,57,102,15,4,1,2,148,87,27,2,1,1,0,41,85,26,14,0,2,8,31,56,1,10,38,16,41,33,11,1,1,25,148,113,0,0,26,13,30,148,142,5,0,0,4,10,11,61,70,0,0,0,2,5,0,9,57,6,0,0,0,0
0,1,1,0,0,4,16,11,0,0,0,0,0,58,59,4,2,5,10,4,7,117,48,2,0,3,23,117,117,117,3,0,0,0,0,2,16,37,28,2,14,2,0,10,81,117,62,18,117,44,21,4,6,41,42,48,14,22,44,117,108,0,0,0,9,1,0,12,28,8,15,51,18,17,15,96,117,28,3,4,117,45,13,16,11,9,22,91,21,3,1,40,54,19,20,47,19,1,0,1,3,12,23,117,4,12,13,31,38,58,17,9,15,2,7,54,42,24,35,107,15,0,0,2,2,16,36,115
0,0,0,2,40,43,124,12,5,0,0,0,2,8,124,109,43,0,0,0,0,0,121,124,4,0,0,0,0,0,86,44,0,0,2,88,122,12,4,1,39,10,4,20,23,8,27,49,124,16,0,0,0,5,10,75,26,2,1,1,0,43,62,13,0,0,9,124,63,0,0,0,20,53,50,100,43,4,7,8,114,59,5,0,1,49,59,33,7,0,6,2,5,124,89,5,0,0,1,41,62,26,2,2,3,3,17,50,81,23,9,6,2,16,50,14,2,16,32,10,0,27,98,4,4,19,5,0
12,36,50,19,0,0,1,1,58,18,10,10,0,0,0,21,114,32,0,0,0,0,0,26,32,3,0,4,15,5,0,7,22,50,13,21,5,1,10,11,40,3,5,41,36,7,2,26,140,20,0,0,2,0,0,49,31,2,0,1,6,1,0,5,7,2,0,1,3,14,140,106,46,13,0,2,29,32,115,118,140,41,0,0,1,1,3,64,21,1,0,0,0,0,0,23,27,104,30,0,0,9,140,105,31,30,34,5,0,1,112,140,104,26,1,0,0,0,20,140,30,3,0,0,0,0,0,53
28,19,86,31,0,0,0,11,2,3,173,173,5,2,1,2,0,2,173,173,3,0,0,0,0,25,173,99,0,0,0,0,42,3,1,0,0,1,16,58,9,2,6,29,10,38,65,21,28,57,104,65,8,11,8,2,1,22,157,140,18,0,0,0,4,2,0,0,0,1,16,21,16,0,0,0,0,7,30,11,84,41,11,0,0,0,2,13,6,16,23,27,4,0,0,0,2,0,0,0,0,0,4,24,0,0,0,0,0,0,0,0,0,0,0,0,0,0,0,0,0,0,0,0,0,0,0,0
0,0,0,0,39,114,26,2,19,23,0,0,5,106,114,13,16,48,11,0,0,4,96,35,42,15,7,0,0,0,37,55,8,4,0,18,83,114,3,0,114,114,7,5,18,36,8,12,27,91,32,26,15,3,0,4,87,45,10,4,4,3,0,3,7,1,20,114,58,7,0,0,114,17,3,47,20,0,0,103,73,43,22,18,12,1,3,68,21,82,53,6,1,0,0,3,0,0,8,114,37,0,0,0,39,0,2,114,54,0,0,50,111,14,1,4,1,0,0,114,19,16,8,1,2,3,4,56
6,1,0,0,24,80,1,0,31,4,0,0,78,138,9,6,59,23,1,2,4,8,1,2,1,6,4,2,1,2,0,0,4,0,0,0,43,138,16,4,138,7,0,0,11,138,40,36,119,13,1,0,0,1,0,5,0,2,2,0,9,27,0,0,12,9,38,88,138,138,5,3,138,62,41,18,12,25,6,13,113,7,0,0,2,12,2,13,0,0,0,0,20,74,3,2,0,3,94,110,10,0,1,0,30,58,138,46,1,0,0,0,20,14,11,11,20,15,1,2,1,0,0,5,48,44,2,2
3,0,0,34,139,10,11,21,93,7,0,1,20,4,24,94,58,25,3,0,0,0,7,74,11,7,2,0,0,0,20,118,9,0,0,10,139,42,4,3,139,19,0,0,54,3,0,22,101,81,12,0,0,0,0,4,8,49,25,0,0,0,1,17,14,1,0,7,139,58,5,3,139,6,0,0,38,9,1,33,139,18,0,0,0,0,0,56,13,15,4,0,0,5,11,12,18,14,4,1,52,130,24,2,139,33,5,0,8,11,1,46,89,37,3,0,0,0,0,90,9,9,12,0,0,8,12,19
133,2,0,0,0,0,0,14,101,2,0,0,0,0,0,8,81,11,4,0,0,0,0,5,4,5,15,29,3,0,0,0,147,1,0,0,0,0,0,111,99,12,0,0,0,0,0,23,114,13,0,0,0,0,0,37,29,6,7,7,0,0,0,3,147,1,0,0,0,0,0,147,99,63,2,0,0,0,0,71,55,96,1,0,0,0,0,8,26,7,0,0,0,0,1,7,147,0,0,0,0,0,0,147,132,7,0,0,0,0,0,147,32,14,0,0,0,0,1,69,2,0,0,0,0,0,1,7
0,0,0,1,5,12,10,9,36,12,0,0,7,18,45,23,38,9,0,0,15,13,87,44,0,0,0,0,19,15,10,9,5,0,2,4,23,31,14,45,12,1,0,1,125,139,139,30,139,8,0,0,9,33,139,139,41,0,0,0,9,28,16,41,0,0,2,30,64,25,3,4,31,24,10,79,139,55,7,4,139,70,10,19,24,7,9,50,50,1,0,1,7,5,19,48,0,0,7,77,28,1,0,0,4,10,58,139,41,0,0,0,60,32,54,50,1,0,2,37,14,0,1,1,0,2,12,77
0,0,16,55,11,3,13,8,3,0,2,18,37,32,99,62,38,0,0,0,1,4,57,133,19,1,0,0,0,0,8,69,2,2,38,73,42,0,0,1,28,6,10,86,134,40,12,40,134,40,7,6,20,13,7,116,46,17,7,12,0,0,7,23,15,21,14,39,31,0,0,2,10,40,134,134,134,1,0,1,134,134,134,31,11,0,0,6,33,26,19,33,1,0,1,2,12,17,13,11,0,0,0,1,24,20,89,36,15,0,0,2,4,16,62,30,57,7,0,0,10,12,4,2,2,0,0,3
0,34,115,31,82,48,0,0,17,117,117,19,17,5,0,0,104,60,13,0,1,1,0,22,49,1,0,0,4,7,2,21,0,57,52,12,32,6,0,0,6,6,30,10,74,51,3,4,117,12,1,0,4,11,4,18,72,13,2,1,3,0,0,1,0,4,8,9,39,104,39,0,33,3,0,0,72,117,72,26,117,27,0,0,3,7,6,25,76,35,11,4,0,0,0,0,0,13,29,68,90,117,61,1,55,117,51,7,2,68,85,29,117,68,5,0,0,0,3,16,86,13,1,3,3,0,0,11
13,12,2,0,0,4,37,29,118,61,0,0,0,1,21,52,76,55,0,0,36,69,0,2,1,3,1,0,55,139,1,0,15,2,11,14,17,38,80,37,139,13,0,2,6,19,39,96,107,6,1,2,122,129,0,7,3,31,16,7,59,62,0,0,18,39,56,90,34,6,2,3,139,139,30,16,15,19,3,20,54,10,1,1,97,92,2,7,8,33,16,3,15,5,0,0,38,22,9,11,18,8,1,5,120,70,5,1,23,20,4,11,7,3,0,0,54,41,2,4,18,4,0,0,0,0,0,16
0,0,0,86,44,18,12,9,72,0,0,21,7,3,9,151,133,0,0,0,0,0,1,151,10,0,0,0,1,4,9,12,0,0,27,151,13,0,0,0,84,8,15,151,16,0,0,57,151,20,6,8,0,0,0,97,46,5,6,5,1,0,1,4,1,2,60,65,0,0,0,1,22,30,87,151,2,0,0,0,151,106,43,30,0,0,2,14,39,2,1,3,1,0,7,28,5,2,10,3,0,0,3,41,1,5,25,47,7,1,3,7,28,20,13,14,5,0,4,29,18,0,0,0,0,0,6,44
1,0,4,13,0,0,35,132,17,26,51,32,0,0,8,130,26,50,16,0,0,0,0,7,4,3,1,1,5,7,1,1,41,8,0,10,19,15,9,126,132,30,0,0,0,3,17,132,56,13,1,0,0,9,109,29,1,2,2,6,9,4,77,16,106,56,19,6,21,19,2,6,132,61,1,11,36,56,41,18,41,10,4,20,36,96,132,59,31,6,0,0,1,1,132,101,24,65,37,4,1,0,13,15,40,30,2,36,36,5,28,41,31,36,49,86,35,9,13,14,36,51,26,1,1,4,9,11
15,34,19,52,28,2,0,0,1,2,92,94,34,8,11,15,3,69,55,17,0,7,22,28,8,132,16,0,0,10,5,1,22,47,20,21,4,48,53,9,60,14,132,86,1,11,43,59,14,132,132,63,0,0,0,1,0,132,36,10,32,35,0,0,11,15,39,51,48,68,32,9,132,91,40,14,2,12,26,63,81,36,66,21,1,0,0,2,0,9,23,64,33,6,0,0,9,25,39,40,23,0,2,2,132,130,21,4,0,0,2,1,40,16,1,3,3,5,9,4,1,1,7,11,0,0,1,5
0,0,17,14,65,90,20,2,29,8,2,2,9,40,52,24,23,86,8,2,4,1,1,2,6,64,18,0,0,0,2,2,7,4,5,64,130,34,5,2,130,32,5,12,17,7,9,24,72,40,0,0,0,0,7,36,14,7,0,0,0,0,12,19,1,1,59,130,130,3,0,0,38,7,81,121,6,0,13,42,32,9,23,10,0,0,25,117,14,2,2,0,0,4,21,45,0,0,73,130,10,16,28,5,0,0,130,130,0,0,20,9,11,15,130,101,0,3,12,11,3,3,101,38,1,4,14,9
55,41,8,3,9,14,68,132,38,2,1,1,3,4,9,132,3,0,0,0,25,60,12,17,0,0,0,0,3,78,48,0,38,98,68,27,7,3,1,30,132,49,9,1,1,11,7,132,41,1,0,0,40,132,15,28,0,0,0,0,11,122,61,0,4,21,72,24,0,0,73,51,64,70,23,2,0,48,132,28,10,1,0,0,4,132,90,6,0,0,0,0,1,60,41,1,0,0,0,0,2,5,82,30,4,0,0,0,0,13,127,31,0,0,0,0,0,18,48,29,3,4,0,0,0,4,7,11
3,22,16,5,1,0,0,0,22,129,12,4,7,3,0,0,1,93,28,5,28,89,9,0,0,3,14,14,56,93,48,18,31,48,22,0,0,0,0,0,129,126,15,35,18,1,0,2,12,17,85,129,75,34,3,2,2,31,129,75,81,13,5,5,55,20,3,0,1,0,0,1,129,19,5,9,0,0,0,58,63,19,129,84,1,0,0,45,4,51,129,14,0,1,1,6,25,37,1,0,0,0,0,0,129,39,0,0,0,0,0,28,104,15,0,0,0,0,0,50,19,6,2,1,1,2,2,15
5,29,5,3,135,96,12,16,48,54,15,0,0,1,30,37,135,39,0,0,0,0,3,39,52,3,0,0,8,6,1,15,14,91,12,13,135,31,0,0,47,65,31,21,7,0,0,2,135,25,0,1,0,0,0,15,39,3,0,0,19,109,6,8,50,52,2,4,91,24,0,1,26,21,5,42,23,2,1,3,123,10,1,4,5,10,7,51,13,0,0,0,135,135,5,12,71,14,1,1,17,15,4,11,12,3,4,22,41,40,7,5,28,12,5,5,19,29,24,88,5,1,0,0,135,135,5,18
3,0,0,1,81,31,8,1,97,23,0,0,5,7,13,23,127,15,0,0,0,0,0,61,55,3,2,3,4,1,0,19,12,1,0,4,123,29,1,4,127,35,0,1,9,6,1,13,127,32,0,0,0,0,0,28,107,1,3,2,0,0,0,41,14,3,0,6,123,13,0,2,127,13,0,2,11,1,0,44,127,4,0,0,0,0,0,93,127,4,0,0,0,0,0,52,2,0,0,0,76,60,10,9,44,0,0,0,5,13,22,127,127,32,0,0,0,0,0,109,126,51,0,0,0,0,0,6
12,5,16,13,4,3,15,16,64,9,8,9,3,6,19,156,80,53,58,25,1,0,134,156,31,85,21,0,0,32,156,112,12,4,11,8,9,2,0,4,36,22,24,15,1,0,0,17,139,15,3,0,0,0,40,129,23,4,6,1,0,1,144,98,26,16,8,11,5,0,0,11,38,60,60,4,1,0,0,4,83,33,29,3,4,8,14,23,33,16,28,4,0,6,70,50,12,16,25,11,0,0,0,1,29,19,5,1,2,6,35,16,1,0,3,6,29,42,38,10,1,0,0,17,19,19,119,41
10,13,4,8,10,3,0,4,26,33,12,5,3,2,10,20,100,144,15,7,20,3,1,1,11,54,19,41,140,64,15,0,1,1,4,14,4,0,0,3,83,7,1,3,3,2,10,24,144,61,3,18,50,5,1,8,20,19,50,93,144,21,5,3,1,3,3,9,7,0,0,0,71,29,16,6,3,0,0,4,144,24,12,18,5,0,0,113,57,55,144,79,14,0,3,81,1,6,15,16,1,0,0,0,25,49,5,1,0,0,0,0,95,20,0,0,0,0,0,104,32,6,6,0,0,0,32,144
84,7,3,83,56,0,0,36,140,9,0,0,0,0,0,57,72,36,1,0,0,0,0,10,22,38,13,63,25,0,0,0,57,15,8,140,78,0,0,0,140,27,2,8,1,0,0,9,125,100,0,0,0,0,0,1,43,80,9,23,8,0,0,0,18,3,2,100,100,0,0,0,140,6,2,21,15,0,0,39,140,29,0,0,0,0,0,30,62,24,1,4,1,0,3,13,2,1,1,59,56,0,0,0,140,9,4,35,17,0,0,19,140,0,0,0,0,0,0,59,39,2,0,0,1,1,2,16
101,6,1,30,103,5,0,19,142,9,0,0,0,0,0,22,125,7,0,0,0,0,3,32,1,0,0,2,10,9,6,4,99,20,6,37,142,10,0,12,142,46,1,0,0,0,0,22,119,36,0,0,0,0,1,23,3,1,0,1,6,6,8,8,49,50,62,46,93,11,0,2,142,63,20,2,0,0,0,37,116,7,0,0,1,13,3,46,2,0,0,0,5,53,35,5,1,38,142,90,23,0,0,0,42,28,49,71,39,3,3,39,51,4,13,2,1,39,36,72,3,29,15,0,1,79,32,1
0,0,6,21,124,82,17,0,6,0,0,10,25,31,75,66,27,8,1,0,0,5,58,70,2,6,3,2,13,37,16,2,0,0,0,23,69,83,57,10,31,1,2,62,48,4,4,13,124,26,3,5,3,0,1,17,21,17,6,38,116,40,0,0,0,0,0,10,27,32,55,34,15,2,0,9,34,24,53,20,124,21,3,3,2,1,16,96,45,16,8,95,124,6,1,36,7,15,42,124,31,21,23,18,3,18,68,50,22,20,55,14,90,4,2,17,26,13,55,124,113,29,19,47,108,6,2,70
31,3,1,54,122,7,0,21,122,15,11,8,11,0,0,117,31,10,54,16,0,0,4,31,1,7,60,67,0,0,1,1,10,11,7,122,122,0,0,2,122,77,8,45,19,0,0,30,65,31,5,0,0,0,7,31,18,15,7,1,0,0,7,8,1,3,2,122,122,0,0,0,76,16,1,69,76,0,0,70,37,8,2,2,4,7,39,79,1,3,1,3,9,31,122,9,2,1,0,53,83,0,1,1,26,1,0,89,122,0,0,22,81,3,4,20,10,4,5,34,4,2,39,106,32,28,45,1
48,29,0,0,1,17,5,1,58,38,1,0,0,0,0,4,6,9,9,17,137,28,3,2,45,69,27,27,163,113,7,27,89,29,0,0,0,0,0,3,52,15,0,0,0,0,0,18,41,5,4,63,122,0,0,13,64,10,7,163,163,4,0,64,75,27,0,0,0,0,0,8,55,10,0,0,0,0,0,9,65,12,0,20,19,0,0,6,21,11,10,163,163,0,0,3,26,26,0,0,0,0,0,4,37,20,0,0,0,0,0,4,47,4,0,0,0,0,0,11,19,4,3,98,63,0,2,6
135,25,0,0,1,6,15,20,79,4,0,0,64,40,12,26,135,27,0,0,30,13,2,11,27,4,0,0,0,0,0,0,95,29,50,20,7,25,50,71,39,19,38,24,22,96,88,106,135,37,7,3,5,22,22,117,23,1,0,0,0,0,0,5,68,82,135,33,2,1,0,2,11,48,135,109,10,8,4,6,96,135,114,14,1,1,1,12,8,6,0,0,0,0,0,0,85,31,22,1,0,0,0,0,0,3,58,12,0,0,0,0,0,18,30,1,0,0,0,0,0,0,0,0,0,0,0,0
0,0,0,0,0,0,20,2,0,0,0,0,0,6,20,1,0,0,0,0,0,0,7,6,0,0,0,0,0,0,0,0,0,0,26,9,1,14,134,17,7,3,5,20,20,125,134,34,113,12,1,1,1,13,95,134,30,1,0,0,0,0,0,19,0,0,73,37,10,24,77,2,32,21,23,101,85,102,38,18,134,93,9,9,4,7,12,53,61,10,0,0,0,0,0,4,0,0,1,6,12,19,134,14,40,15,7,28,55,74,94,22,134,26,3,2,1,3,76,84,26,0,0,0,0,0,107,32
5,16,17,83,97,99,10,7,69,72,14,35,28,18,5,13,95,78,0,0,0,0,0,3,64,30,0,0,0,0,0,1,40,4,2,0,12,125,107,25,125,10,0,0,3,18,13,73,125,36,0,0,0,0,0,50,58,57,0,0,0,0,0,4,114,79,0,0,0,15,34,14,125,60,0,0,0,0,0,7,125,67,0,0,0,0,0,8,55,42,0,0,0,0,4,12,62,106,1,0,0,0,0,0,66,125,0,0,0,0,0,0,111,87,3,0,0,0,0,3,35,7,2,1,0,0,2,23
38,12,2,4,5,6,9,44,40,7,0,0,0,0,7,82,85,65,8,0,0,0,7,71,131,121,61,0,0,0,1,38,22,9,5,5,17,12,11,33,131,29,3,0,0,0,5,58,131,29,14,0,0,0,1,125,131,54,51,0,0,0,0,131,29,19,2,7,6,2,1,6,131,49,0,0,0,0,0,15,83,22,5,0,0,0,0,17,131,11,1,0,0,0,4,131,42,29,2,6,5,3,0,1,88,84,0,0,0,0,0,1,48,56,1,0,0,0,0,1,39,86,14,0,0,0,1,19
92,103,34,0,0,0,0,0,73,117,35,0,0,0,0,0,117,74,2,0,0,0,0,0,98,65,1,3,12,0,0,0,113,91,11,0,0,0,0,1,117,95,6,0,0,0,0,12,66,117,19,0,0,0,0,7,117,46,2,2,1,0,0,2,50,39,8,0,0,0,0,12,117,35,0,0,0,0,0,77,96,99,4,0,0,0,1,58,80,93,6,0,0,0,1,6,17,51,14,7,3,0,0,0,86,117,5,0,0,1,0,5,53,117,7,0,0,10,19,14,30,23,1,0,0,0,17,34
7,7,6,10,45,22,22,27,133,13,2,0,0,0,22,93,133,34,11,0,0,0,4,45,84,15,13,0,0,0,1,133,8,8,7,12,22,12,5,9,133,22,2,0,0,0,0,44,133,16,2,0,0,0,0,82,67,13,6,0,0,0,0,25,15,10,5,61,23,4,1,6,133,118,1,1,0,0,0,11,133,133,0,0,0,0,0,20,74,59,0,0,0,0,0,5,9,7,2,16,19,24,3,1,133,48,1,1,0,0,0,26,133,57,0,0,0,0,0,22,80,26,0,0,0,0,0,7
38,10,2,2,2,1,1,22,134,19,0,0,0,0,0,101,113,13,1,0,0,0,0,58,66,32,0,0,0,0,0,30,59,23,8,25,5,1,1,11,134,113,0,0,0,0,0,28,134,73,0,0,0,0,0,15,123,54,0,0,0,0,0,18,34,21,2,11,14,15,1,10,134,61,0,0,0,0,0,79,134,44,0,0,0,0,0,41,104,30,0,0,0,0,0,31,5,134,14,0,0,4,0,0,60,134,22,0,0,0,0,1,53,134,15,5,0,0,0,1,26,25,4,6,0,0,0,20
27,26,0,0,0,129,17,0,73,129,2,0,0,7,1,1,44,129,78,3,0,0,1,4,10,16,107,48,5,0,0,2,76,38,0,0,0,7,0,1,129,129,1,0,0,0,0,22,96,95,18,7,0,1,4,21,34,33,15,33,54,24,5,4,74,10,0,0,0,0,0,7,129,10,0,0,0,0,10,129,36,15,6,2,0,5,121,129,8,7,0,0,17,91,116,15,41,13,0,0,0,0,0,2,63,10,0,0,0,0,3,29,34,5,0,0,0,1,49,71,13,2,0,0,0,6,43,26
62,80,8,0,0,0,0,2,97,135,5,0,0,0,0,1,38,135,21,0,0,0,0,0,69,135,10,0,0,0,0,0,132,21,0,0,0,0,0,5,135,45,0,0,0,0,0,48,135,115,6,0,0,0,0,32,48,130,36,4,0,0,0,1,122,11,0,0,0,0,0,78,135,45,0,0,0,0,0,38,135,29,0,0,0,0,0,17,46,11,2,0,0,0,0,5,59,0,0,0,0,0,0,115,50,1,0,0,0,0,0,38,12,0,0,0,0,0,0,0,0,0,0,0,0,0,0,0
122,18,0,0,0,0,1,111,75,6,0,0,0,0,13,122,122,11,0,0,0,0,4,115,45,3,0,0,0,0,13,50,122,88,0,0,0,0,0,6,122,45,0,0,0,0,0,23,122,19,0,0,0,2,5,60,51,6,4,1,1,18,40,32,122,65,1,0,0,0,0,4,74,101,22,0,0,0,0,7,122,75,4,0,0,0,2,38,46,28,36,3,1,3,4,28,122,31,0,0,0,0,0,26,39,24,3,0,0,0,12,81,31,10,0,0,0,0,31,103,56,3,1,0,0,0,6,100
129,14,0,0,0,0,9,61,129,25,1,0,0,0,0,34,65,50,58,0,0,0,0,13,9,31,122,2,0,0,0,2,129,47,2,0,1,0,0,0,129,56,0,0,0,0,0,21,129,21,4,0,0,0,0,67,65,30,52,0,0,0,10,41,129,129,29,0,0,0,0,0,109,129,20,0,0,0,0,1,88,32,7,0,0,0,10,54,17,0,0,0,0,1,79,120,124,44,5,0,0,0,0,24,74,26,4,0,0,0,13,31,6,5,2,0,0,0,13,18,2,0,1,4,6,4,20,20
95,6,0,0,14,123,6,14,123,14,0,0,0,0,0,5,123,4,0,0,0,0,1,123,102,7,3,0,0,0,73,123,123,15,0,0,0,1,0,14,123,13,0,0,0,0,0,22,123,2,0,0,0,0,0,57,78,3,0,0,0,0,48,123,123,71,0,0,0,0,0,0,76,60,0,0,0,0,0,1,123,25,0,0,0,0,0,4,84,20,0,0,0,0,1,14,99,47,4,0,0,0,0,2,55,33,4,0,0,0,0,1,104,17,1,0,0,0,0,1,69,13,0,0,0,0,0,2
100,101,18,0,0,0,0,10,120,107,12,0,0,0,2,38,91,41,45,6,1,7,12,39,76,20,14,1,0,0,4,55,93,34,3,0,0,0,5,107,72,27,2,0,0,0,31,120,120,20,12,0,0,0,4,120,36,10,19,18,0,0,2,34,52,82,5,1,0,0,0,14,113,120,0,0,0,0,2,26,120,84,0,0,0,0,1,63,50,1,3,4,0,0,0,69,43,38,10,13,2,0,0,15,102,84,0,0,0,0,0,13,60,24,2,0,0,0,8,75,29,4,2,0,0,0,7,100
35,14,10,6,0,0,0,21,75,46,17,5,0,0,1,29,161,100,9,3,0,0,0,67,23,16,20,137,5,0,0,7,15,21,16,27,6,2,0,2,58,6,1,3,10,17,11,49,161,19,0,0,0,0,2,109,92,17,9,29,3,0,0,10,0,0,2,122,11,0,0,0,62,30,11,36,12,3,1,5,161,51,1,0,0,0,0,22,103,14,0,2,4,4,4,18,0,0,0,139,6,0,0,0,40,5,3,88,28,0,1,13,161,19,1,1,1,0,0,37,95,65,1,0,0,0,0,7
72,0,0,0,0,1,32,120,65,15,0,0,0,7,44,62,128,62,2,0,0,0,4,20,44,44,39,0,0,0,4,9,128,21,5,0,0,0,8,99,118,10,0,0,0,0,0,115,128,75,1,0,0,0,0,76,71,73,46,0,0,0,24,25,55,101,98,6,4,5,6,8,128,72,4,2,2,1,0,22,128,79,0,0,0,0,25,94,37,0,0,0,0,0,89,95,1,7,19,4,5,21,56,2,45,3,1,1,2,3,6,23,28,3,0,0,0,0,15,45,3,0,0,0,0,0,7,20
0,0,0,0,1,25,137,19,22,4,2,0,0,4,63,85,6,4,4,4,5,6,73,53,0,0,0,0,0,2,12,0,36,14,0,0,10,58,109,32,137,52,5,3,11,8,31,83,38,17,9,12,101,34,2,5,0,0,0,0,2,1,0,0,86,38,0,0,2,6,41,77,137,33,0,0,7,12,102,137,16,1,0,0,54,43,82,46,0,0,0,0,0,0,0,0,31,0,0,0,0,0,128,137,3,0,0,0,0,11,137,69,0,0,0,0,0,1,137,31,0,0,0,0,0,0,0,0
0,0,0,0,0,0,0,0,24,0,0,0,0,1,2,20,20,0,0,0,45,121,12,30,45,32,0,0,49,121,8,1,1,0,0,0,0,0,0,0,121,13,0,0,2,12,4,17,79,15,0,0,85,121,9,19,114,121,0,0,37,95,2,0,16,0,0,0,0,0,0,9,121,9,0,0,7,41,12,72,78,95,0,0,57,121,10,12,89,121,2,16,45,88,4,0,13,3,21,23,1,0,0,8,67,10,27,16,2,16,31,74,121,64,6,1,5,24,32,57,34,32,4,63,51,19,52,27
9,0,0,0,0,0,0,3,113,20,0,0,0,16,7,22,37,53,0,0,10,113,12,7,32,113,0,0,6,63,6,0,15,4,19,50,8,0,0,3,94,11,22,22,0,16,33,56,113,113,5,2,5,36,25,35,21,71,6,44,78,46,15,11,0,12,10,62,96,8,0,0,11,76,113,45,5,1,3,5,67,20,55,58,3,2,46,74,5,1,4,30,30,20,113,51,3,77,11,37,82,6,0,0,6,113,70,35,2,1,0,0,0,3,99,113,4,2,4,0,0,0,113,84,1,2,26,6
36,41,33,55,52,1,1,9,130,5,1,11,17,0,1,85,33,1,0,0,0,0,26,42,0,0,0,0,0,0,28,13,24,43,15,39,117,63,57,19,130,58,3,10,28,7,10,48,51,13,25,13,0,0,29,30,0,0,16,16,0,0,24,10,30,5,10,27,36,81,71,36,104,41,9,0,3,5,79,130,20,50,35,3,0,0,130,130,2,6,21,22,8,25,102,44,33,13,0,1,6,44,21,5,36,118,42,0,0,0,3,7,13,130,79,3,0,0,5,13,2,16,74,95,13,15,19,6
30,2,0,7,51,22,37,87,54,16,25,16,12,65,74,99,1,88,65,16,20,124,25,0,6,124,49,1,4,9,3,1,17,49,60,17,3,9,24,33,124,124,76,4,2,9,15,26,19,124,124,7,5,6,2,1,37,104,19,0,0,0,0,3,5,6,80,116,3,0,0,0,124,35,57,74,3,0,0,36,86,15,12,11,34,0,0,18,42,0,0,1,7,0,0,13,0,1,24,41,10,0,0,0,65,9,26,96,50,16,7,26,59,2,1,3,28,4,5,50,25,0,0,1,11,0,0,13
42,0,0,0,68,39,4,40,118,31,0,0,86,39,1,1,62,12,1,4,118,87,1,1,2,3,3,11,52,25,1,0,54,1,0,0,48,41,13,77,118,55,2,15,54,29,7,21,32,14,30,118,79,39,13,6,6,6,27,59,39,10,1,1,23,15,27,4,5,18,30,74,92,31,19,5,4,18,58,106,8,4,32,37,15,85,118,25,2,25,46,17,27,58,36,2,17,34,40,38,11,0,1,1,35,106,111,11,0,1,3,3,0,22,118,20,2,8,11,1,1,87,118,0,0,2,3,0
4,1,0,65,136,1,0,0,102,14,6,58,36,0,0,7,148,5,0,0,4,0,0,27,19,0,0,7,148,8,0,1,5,0,0,12,148,34,0,0,84,3,0,40,80,6,0,7,148,4,0,2,5,0,0,33,34,0,5,51,118,0,0,2,3,1,3,6,120,38,0,0,59,13,4,34,39,5,0,0,148,23,0,4,2,0,2,7,38,3,9,36,8,9,13,3,1,1,35,62,35,13,2,0,25,9,17,38,27,5,1,5,130,14,2,2,2,1,55,68,9,3,2,0,0,32,114,15
10,94,32,10,22,0,0,0,22,10,4,41,144,4,0,1,144,32,5,6,20,1,0,4,21,12,21,7,0,0,0,0,0,6,6,1,27,18,117,78,31,2,0,5,144,115,27,17,144,18,0,1,16,16,3,27,38,10,11,8,0,0,0,0,4,9,22,1,1,13,138,113,70,9,9,6,34,114,69,33,144,31,0,0,3,9,0,30,39,4,2,1,0,0,0,7,14,51,39,13,1,0,0,2,44,20,30,47,46,2,2,12,144,3,0,2,6,0,0,63,27,0,0,0,0,0,8,30
5,1,6,3,4,9,13,5,17,19,4,6,23,22,12,3,83,129,6,1,5,6,0,2,35,82,0,0,0,16,13,0,20,17,8,8,13,7,1,2,66,5,0,4,43,26,1,16,129,34,0,0,7,27,4,48,14,6,0,0,22,129,60,5,0,27,26,34,64,12,0,0,94,32,0,6,72,40,1,4,129,62,0,9,64,36,1,12,4,1,9,27,129,129,6,1,0,4,6,8,114,49,0,0,126,77,0,0,48,24,0,0,118,85,4,49,38,1,0,0,0,9,70,126,66,3,0,0
46,95,23,10,4,0,1,3,3,14,28,57,69,4,4,0,12,111,54,11,14,4,4,1,2,77,89,1,0,0,0,0,52,135,27,31,21,0,0,0,30,12,14,87,135,0,0,5,135,94,36,4,15,0,0,13,17,52,89,2,0,0,0,0,10,78,17,18,48,0,0,0,24,6,2,64,135,7,0,3,135,20,1,9,20,2,0,17,55,12,13,6,0,0,0,0,0,2,1,1,31,18,90,43,15,0,0,3,135,93,18,12,135,5,0,0,16,15,3,42,63,8,6,2,0,0,0,1
0,0,0,0,14,11,7,9,1,3,1,6,131,50,0,0,85,126,13,10,69,8,0,0,37,63,80,72,0,0,0,0,0,0,0,0,25,20,20,11,13,2,0,1,131,85,3,3,131,40,0,2,34,14,2,11,76,15,4,5,0,29,17,4,0,0,0,0,9,46,131,4,27,2,0,1,131,109,57,2,131,7,0,0,21,13,13,39,29,0,0,0,9,131,41,19,0,1,8,3,2,66,75,3,42,8,10,1,3,50,56,16,83,2,1,0,2,26,32,41,1,0,0,0,37,131,21,5
1,17,0,0,0,32,48,0,0,1,1,0,5,123,50,0,13,5,5,12,31,123,8,3,76,59,3,1,1,15,4,4,9,0,0,0,0,123,123,8,62,38,14,3,1,77,96,18,17,35,52,98,8,17,1,2,93,67,6,21,0,0,1,58,31,19,1,0,0,62,26,12,123,23,3,0,0,0,4,79,91,42,60,104,0,0,0,16,16,2,25,123,1,0,2,66,11,19,14,4,0,6,4,7,123,72,14,0,0,0,0,38,123,48,12,20,0,0,0,16,5,3,11,123,17,1,0,1
19,11,0,0,59,46,7,27,89,51,5,1,61,79,13,9,30,97,82,7,0,0,0,1,0,40,130,12,0,0,0,0,28,12,1,1,131,52,1,11,131,84,4,0,87,31,0,12,65,92,51,6,2,1,3,8,0,17,14,5,1,0,0,0,32,12,2,8,131,45,2,12,131,15,0,1,59,17,4,82,84,7,3,2,3,3,25,103,6,9,5,1,1,1,1,3,11,25,8,33,131,4,0,0,131,43,2,9,29,0,0,14,131,24,0,0,0,0,0,19,15,22,0,0,0,0,0,0
2,1,9,21,50,27,3,2,4,9,4,6,9,27,62,22,0,1,5,20,21,63,111,4,10,12,3,1,0,7,98,25,7,1,0,10,118,44,1,4,81,45,27,23,11,11,2,15,10,15,118,118,16,4,1,0,11,110,116,23,0,0,1,2,11,2,0,0,118,78,2,7,118,28,6,1,5,7,2,40,90,34,97,44,0,0,0,3,5,118,118,18,0,0,0,0,18,11,0,0,68,28,0,0,118,72,0,0,2,0,0,0,90,94,1,0,0,0,0,0,19,112,3,0,0,0,0,0
7,0,0,2,16,16,94,68,102,0,0,0,0,0,57,127,35,0,0,0,0,0,70,104,0,0,0,0,0,0,97,50,26,20,14,62,46,3,3,12,127,43,3,0,0,4,12,40,64,0,0,0,0,63,125,25,0,0,0,0,0,40,127,11,6,17,18,90,70,3,1,4,52,29,10,5,3,27,62,38,5,0,23,6,5,127,119,7,0,6,31,1,0,31,124,2,8,4,14,18,44,32,6,5,0,32,84,13,2,4,8,2,0,32,127,6,2,8,2,0,0,10,127,1,0,0,0,0
5,6,0,0,98,43,0,1,111,25,0,0,1,1,0,16,137,52,20,0,0,0,0,20,6,16,48,15,7,0,0,0,11,1,0,54,114,6,0,6,109,2,0,1,0,0,0,40,137,19,1,0,0,0,0,40,34,15,11,28,21,1,0,0,2,0,1,137,137,0,0,0,123,18,4,23,6,0,2,7,137,45,0,0,0,0,1,15,35,5,1,5,23,30,7,9,0,0,27,137,48,1,11,1,43,67,125,84,2,0,0,0,124,100,37,0,0,0,1,13,7,9,29,6,7,10,5,7
2,0,0,0,3,132,124,3,17,10,1,0,0,27,132,71,3,12,11,0,0,16,132,30,3,12,11,0,0,10,120,17,25,17,0,0,44,124,20,2,132,105,13,0,0,4,15,22,22,89,117,2,0,0,12,7,5,42,74,7,3,0,4,6,31,10,0,3,47,9,0,11,132,17,1,0,0,0,0,68,124,38,32,12,3,0,0,18,9,4,15,41,39,1,1,5,13,1,0,45,41,0,0,8,132,10,0,0,0,0,0,33,132,20,3,5,5,3,1,12,4,3,4,28,39,17,1,1
0,12,136,102,18,28,3,0,7,136,136,25,11,12,0,0,117,136,28,2,0,0,0,2,42,42,1,7,24,19,3,4,14,16,108,24,12,3,5,12,7,18,105,27,50,27,3,2,136,31,9,4,9,4,0,5,58,15,13,23,8,1,0,4,2,0,0,20,40,19,19,12,5,3,0,1,29,60,53,15,124,7,0,0,3,2,13,64,80,10,11,5,0,0,10,41,0,0,0,53,86,12,1,0,3,0,0,35,74,43,62,35,82,4,0,3,2,1,32,134,39,2,0,3,23,46,66,61
4,29,25,55,27,1,0,0,22,1,4,36,78,15,27,69,26,0,0,0,1,13,101,137,63,1,0,0,0,4,18,84,5,20,8,20,73,18,24,8,15,0,0,20,138,41,13,24,138,20,0,0,21,7,19,87,62,29,2,0,0,0,3,101,6,0,0,0,32,49,89,23,38,1,0,0,138,92,8,4,138,40,0,0,23,6,0,10,59,65,9,0,0,0,0,7,10,0,0,1,14,55,55,16,42,9,2,0,82,124,20,6,138,15,0,0,4,5,0,44,60,10,1,0,0,1,5,38
0,0,3,60,68,13,1,0,15,11,1,67,135,15,0,0,117,116,18,9,18,4,0,0,10,42,43,18,9,0,0,0,0,0,1,16,79,48,3,0,35,3,0,36,135,11,0,0,135,52,8,7,26,0,0,6,36,50,92,13,3,0,0,1,0,0,6,84,48,36,2,0,18,3,20,93,135,13,0,0,135,21,19,32,14,0,0,50,75,10,11,4,5,24,9,42,0,1,12,113,44,0,0,0,0,18,108,116,21,0,0,0,49,13,52,93,21,1,3,28,23,1,0,1,5,16,33,68
17,3,17,2,0,1,2,18,0,8,49,9,0,12,32,2,1,11,64,11,3,7,31,10,0,5,40,18,3,2,0,0,14,0,1,4,10,29,34,78,18,3,3,34,65,147,147,39,147,33,12,6,5,24,115,137,20,34,65,9,1,2,1,1,81,7,5,21,11,5,5,35,40,24,19,147,96,31,10,9,147,105,23,62,11,4,6,32,55,14,12,20,25,6,4,3,60,11,9,15,2,0,0,2,17,5,5,65,26,4,0,1,147,19,7,36,14,0,0,56,49,0,0,22,13,0,0,38
112,31,0,0,0,3,13,11,4,0,0,4,56,48,43,5,43,0,0,3,21,16,25,38,33,7,6,11,0,0,0,9,24,17,0,1,16,24,40,12,11,5,2,22,134,134,134,27,134,24,2,4,14,53,106,134,87,7,0,0,0,0,1,29,2,0,0,6,22,13,9,4,14,51,75,134,134,24,6,8,134,134,76,37,17,6,4,27,77,37,0,0,0,0,0,6,21,2,0,0,0,9,20,6,45,29,43,27,3,0,0,7,17,82,46,5,0,2,0,1,5,10,1,0,0,5,10,3
0,1,9,7,6,10,0,0,0,2,1,0,8,73,51,3,2,0,0,2,37,37,57,27,0,1,12,6,34,14,1,1,0,0,0,3,72,43,0,0,16,7,5,20,131,131,84,26,131,25,5,6,15,59,93,131,23,11,11,6,6,1,0,6,0,0,1,19,98,9,0,0,14,52,128,131,131,27,2,3,131,131,131,24,10,5,2,13,17,16,31,10,10,15,0,0,1,0,0,4,40,10,4,6,38,25,32,20,34,0,0,1,30,42,61,9,13,3,0,0,0,2,12,11,77,77,1,0
33,5,1,2,1,0,20,71,141,4,0,0,0,0,7,62,161,13,0,0,0,0,0,45,68,48,1,0,0,0,0,0,58,32,7,7,1,0,0,7,153,10,0,0,0,0,0,58,161,26,0,0,0,0,0,51,110,48,0,0,0,0,0,0,31,6,0,0,0,0,0,15,150,36,0,0,0,0,0,21,161,43,0,0,0,0,0,26,121,44,4,0,0,0,0,7,4,0,0,0,0,0,0,0,56,15,0,0,0,0,0,1,161,8,0,0,0,0,0,25,137,15,1,0,0,0,0,11
15,11,7,62,50,0,0,1,53,15,2,4,1,44,30,24,89,0,0,0,0,46,41,65,63,2,0,0,1,4,1,19,2,1,2,79,59,4,0,0,21,4,2,46,128,137,57,21,137,13,2,5,9,58,54,92,101,0,0,0,0,11,7,16,8,3,4,69,40,2,5,23,15,20,58,137,137,17,1,2,137,92,72,45,9,4,1,34,62,1,0,0,1,5,8,54,31,0,0,6,9,3,17,131,0,2,37,67,22,2,5,12,14,13,65,53,2,0,0,16,16,1,2,14,1,1,4,69
15,15,2,17,72,1,0,0,131,99,1,4,9,0,0,0,48,75,7,12,26,1,1,2,1,18,24,131,131,2,0,0,23,16,9,35,43,0,0,0,131,58,3,5,3,0,0,5,58,14,0,1,16,19,10,7,0,3,17,99,131,21,2,0,12,24,29,34,22,9,2,1,117,11,7,8,8,9,19,83,21,1,0,0,7,20,78,36,1,43,14,12,50,24,16,1,3,41,29,85,59,15,6,2,9,12,45,64,29,17,38,100,16,121,42,0,0,12,91,42,13,131,37,3,47,79,16,5
30,4,1,5,5,59,39,16,115,1,0,0,0,64,64,64,129,3,0,0,0,4,3,27,1,0,0,0,11,24,2,0,12,6,6,63,138,129,35,11,138,36,7,12,16,52,47,76,138,3,0,0,0,9,8,22,0,0,0,0,11,42,6,0,5,13,56,138,107,3,0,0,138,110,92,54,8,1,0,25,94,4,0,0,0,3,8,86,0,0,0,0,29,26,6,5,1,1,27,42,14,1,3,10,9,8,59,61,4,0,0,11,25,1,2,23,3,0,3,87,4,0,0,0,14,17,8,20
10,0,0,19,21,6,80,127,130,2,0,0,1,8,50,130,33,1,0,0,1,70,130,61,2,0,0,3,10,23,130,38,37,20,14,22,85,23,2,15,130,43,6,10,19,22,17,77,45,20,27,71,64,108,123,40,60,58,10,3,0,8,79,66,23,47,34,11,11,7,10,10,80,60,10,6,3,1,73,54,10,15,26,47,10,4,113,47,12,42,12,2,0,22,75,22,13,5,0,0,0,1,18,11,9,1,0,0,0,0,41,21,6,2,1,0,0,0,40,35,0,3,3,0,0,2,33,33
12,17,19,2,0,10,81,91,53,16,5,0,0,7,132,132,59,11,0,0,0,41,132,132,9,15,2,0,6,81,132,32,17,16,14,18,16,0,1,18,113,114,11,0,0,1,2,41,60,44,5,6,44,71,73,68,2,2,10,34,34,132,132,10,11,17,58,28,12,0,0,6,107,45,24,3,2,10,19,39,9,4,1,14,42,79,50,12,2,2,40,69,28,20,12,3,1,42,44,3,0,0,0,0,2,18,36,35,3,1,1,0,0,0,2,50,16,9,7,0,7,1,2,12,11,4,8,16
2,11,4,12,30,0,0,0,59,23,5,67,116,0,0,0,144,59,2,4,2,0,0,1,112,40,0,3,3,2,2,6,0,10,13,19,16,0,0,0,44,19,13,102,71,0,0,0,144,24,5,10,2,0,0,23,138,2,0,0,2,11,8,21,5,12,6,11,12,0,0,0,16,31,68,68,23,1,0,0,144,19,34,25,11,8,9,87,61,0,0,0,0,15,58,111,10,27,17,14,4,0,0,0,32,89,31,45,51,7,0,0,6,3,23,78,104,57,53,75,7,18,10,3,0,20,115,127
2,0,0,0,6,97,31,4,1,0,0,0,91,141,5,1,110,9,0,0,29,55,5,12,52,8,0,0,0,5,1,1,0,0,0,0,51,92,17,8,17,0,0,0,141,141,7,8,141,8,0,0,12,38,8,28,57,2,0,1,3,3,1,3,4,0,0,0,55,75,41,59,56,2,0,0,141,112,2,3,141,29,0,0,13,8,1,5,36,5,0,0,2,10,2,1,33,2,0,0,20,50,29,80,60,25,0,1,97,70,3,0,141,54,0,0,3,2,0,1,15,1,0,0,4,14,0,0
3,2,0,25,81,0,0,0,52,1,0,42,129,2,0,10,129,41,16,10,2,0,0,13,10,21,86,129,1,0,0,0,7,3,0,28,54,0,0,0,40,2,1,123,129,0,0,8,129,17,1,12,11,0,0,45,85,31,31,12,0,0,0,4,5,5,1,13,22,0,0,1,10,9,5,129,129,0,0,0,129,68,7,31,17,0,0,4,110,78,0,0,0,0,0,1,6,4,0,3,3,0,0,3,3,4,2,63,85,0,0,0,129,36,3,23,21,0,0,0,120,55,0,0,0,0,0,0
137,12,0,0,0,0,2,137,91,4,0,3,36,16,19,137,15,21,3,36,137,40,9,27,107,132,4,9,19,0,4,26,96,99,23,3,0,0,0,25,137,36,0,3,13,8,5,81,37,8,6,65,123,23,5,16,40,14,15,17,7,0,24,57,17,112,68,2,0,0,0,0,137,78,12,1,3,2,1,14,25,2,2,22,68,20,3,9,10,8,21,10,11,2,0,3,0,79,29,0,0,0,0,0,14,66,15,1,1,1,0,0,4,3,11,25,25,7,0,1,27,26,11,10,5,0,0,4
79,14,0,0,0,0,0,13,87,4,1,6,0,0,0,43,29,1,4,187,82,2,1,24,25,0,5,187,114,0,1,42,62,8,0,0,0,0,3,81,122,14,0,0,0,0,2,35,53,7,2,35,7,0,6,28,11,1,41,187,25,0,1,14,99,13,0,0,0,0,1,51,137,28,0,0,0,11,13,21,22,0,0,0,0,10,48,67,40,0,10,31,0,0,1,70,98,30,1,0,0,0,0,1,71,12,0,0,13,51,10,6,25,0,0,0,3,30,23,68,55,0,0,0,0,0,0,67
97,38,7,14,12,10,4,28,133,33,0,0,0,0,0,16,114,29,0,0,0,0,0,1,80,83,0,0,0,0,0,0,133,1,0,0,2,14,12,83,133,19,0,0,0,0,0,46,133,39,0,0,0,0,0,8,133,44,0,0,0,0,0,5,133,72,0,0,0,0,0,5,133,50,0,0,0,0,0,14,105,10,1,0,0,0,0,57,84,6,0,0,0,0,0,18,133,67,0,0,0,0,0,25,127,105,5,0,0,0,0,12,14,19,11,1,0,0,0,9,1,0,0,0,0,0,0,3
10,9,1,1,16,99,131,66,95,33,0,1,28,73,17,4,105,64,1,1,1,0,0,3,7,8,3,51,131,55,0,1,86,4,0,0,0,5,37,53,131,35,0,0,0,2,4,11,129,18,0,0,0,0,0,27,35,3,3,131,131,0,0,13,86,68,0,0,0,0,0,3,131,45,0,0,0,0,0,19,125,8,0,0,0,0,0,23,84,6,1,55,21,0,0,10,72,52,0,0,0,0,0,3,86,60,0,0,0,0,0,8,84,23,0,0,0,0,0,9,61,6,0,1,0,0,0,16
125,14,0,0,0,0,0,68,72,2,0,0,0,0,12,133,133,6,0,0,0,0,14,104,62,2,0,0,0,5,36,40,95,37,2,0,0,0,1,37,127,18,1,0,0,0,1,72,133,19,0,0,5,16,4,50,30,2,0,0,15,74,52,49,64,50,16,0,0,0,0,11,132,51,4,0,0,0,0,19,133,27,0,0,27,34,4,31,30,3,0,0,66,107,19,32,47,20,5,3,0,0,0,5,120,37,2,1,0,0,0,21,128,62,2,17,35,26,3,13,26,6,2,23,53,43,4,13
84,9,0,0,0,0,18,96,82,2,0,0,0,0,14,98,123,4,0,0,0,0,0,104,93,1,0,0,0,0,0,97,95,25,0,0,0,0,2,35,123,24,0,0,0,0,0,32,123,73,0,0,0,0,0,24,123,26,0,0,0,0,0,42,56,68,3,0,0,0,2,20,123,62,0,0,0,0,0,28,123,18,0,0,0,0,0,82,93,4,0,0,0,0,0,88,42,101,2,0,0,0,0,0,60,115,1,0,0,0,0,1,107,51,0,0,0,0,0,8,77,17,0,0,0,0,0,20
123,17,0,0,0,0,0,27,123,68,0,0,0,0,0,13,123,61,0,0,0,0,0,39,106,7,0,0,0,0,0,41,123,107,5,0,0,0,0,12,123,47,0,0,0,0,0,49,123,23,0,0,0,0,0,98,85,3,0,0,0,0,3,106,50,123,3,0,0,0,0,0,111,117,3,0,0,0,0,6,123,58,0,0,0,0,0,29,46,3,0,0,0,0,2,68,50,84,4,0,0,0,0,4,57,87,9,0,0,0,0,10,60,45,9,0,0,0,1,14,47,24,2,0,0,0,0,11
57,8,1,0,0,0,0,17,128,23,0,0,7,3,0,9,59,4,0,18,128,54,1,6,14,3,1,12,46,22,1,4,124,31,0,0,0,0,0,27,128,79,2,2,4,4,3,26,38,15,4,65,104,41,6,10,19,11,3,52,48,14,0,0,82,53,6,1,0,0,0,5,128,23,2,0,0,8,22,89,12,11,19,19,24,113,39,25,13,67,25,7,14,36,2,0,39,16,10,23,0,0,0,5,128,108,10,0,0,0,1,9,13,85,128,32,2,3,1,1,0,128,128,7,0,0,0,0
82,110,8,0,0,0,0,13,121,73,10,0,0,0,2,24,105,42,6,0,0,0,1,29,128,22,1,0,0,0,0,37,98,35,0,0,0,0,0,86,128,47,5,0,0,0,0,72,75,30,12,4,0,0,0,35,128,29,1,0,0,0,0,52,79,126,0,0,0,0,0,5,128,77,0,0,0,0,0,34,83,11,7,3,0,0,0,29,128,28,1,0,0,0,0,5,53,73,1,0,0,0,0,3,65,26,5,0,0,0,0,54,94,15,0,0,0,0,0,54,128,46,0,0,0,0,0,7
57,0,2,5,3,0,22,81,129,2,0,0,0,0,2,115,108,24,4,0,0,0,5,105,18,26,12,0,0,0,52,53,67,39,8,30,27,2,0,13,129,66,0,0,0,0,0,38,99,30,0,0,0,0,14,54,4,0,0,0,0,4,85,45,52,36,3,6,12,14,27,72,129,42,0,0,0,0,2,129,74,29,3,0,0,0,13,60,6,29,25,0,0,1,3,6,13,3,0,0,0,0,46,94,129,1,0,0,0,0,6,129,117,31,5,0,0,0,13,121,8,29,32,0,0,0,18,42
125,4,0,0,0,1,1,51,125,4,0,0,0,0,0,69,120,0,0,0,0,0,9,90,53,1,0,0,0,0,9,73,125,26,0,0,0,0,0,17,125,26,0,0,0,0,0,20,125,5,0,0,0,0,0,44,83,1,0,0,0,0,3,39,86,125,90,0,0,0,0,4,62,125,42,4,0,0,0,2,125,29,3,0,0,0,0,26,70,3,0,0,0,0,0,41,0,106,125,13,1,0,0,0,2,25,92,83,9,0,0,0,34,14,25,18,1,0,0,21,73,43,1,0,0,0,0,18
17,6,0,0,0,8,15,5,60,50,7,5,6,15,22,9,6,31,48,31,60,24,0,1,0,124,65,3,9,4,0,0,104,37,0,0,0,0,0,2,124,124,42,8,1,0,0,8,12,82,124,50,7,0,0,1,8,124,111,4,0,0,0,0,124,20,0,0,0,0,0,20,124,24,3,0,0,0,2,104,71,23,14,9,6,7,7,33,73,61,21,1,0,0,0,0,88,6,0,0,0,0,9,91,124,35,0,0,0,0,0,30,102,35,0,0,0,0,0,7,82,118,1,0,0,0,0,0
53,0,0,0,0,0,20,130,152,10,0,0,0,0,3,88,136,12,0,0,0,0,1,102,48,7,0,0,0,0,17,61,89,35,45,10,0,0,10,58,152,42,1,0,0,0,0,36,152,109,1,0,0,0,0,12,79,66,18,0,0,0,0,8,59,17,24,41,51,0,0,0,152,16,0,0,0,0,0,32,152,15,0,0,0,0,0,41,132,27,10,0,0,0,0,24,15,0,0,4,31,0,0,0,78,0,0,0,0,0,0,6,40,0,0,0,0,0,0,7,25,0,0,0,0,0,0,5
166,86,0,0,0,0,0,2,149,158,9,0,0,0,0,1,116,151,20,1,0,0,0,1,33,28,48,3,0,0,0,15,166,51,0,0,0,0,0,6,166,24,0,0,0,0,0,15,166,62,13,0,0,0,0,15,35,66,111,3,0,0,9,7,89,7,0,0,0,0,0,0,81,1,0,0,0,0,0,1,113,6,0,0,0,0,0,4,21,6,3,0,0,0,18,11,0,0,0,0,0,0,0,0,0,0,0,0,0,0,0,0,0,0,0,0,0,0,0,0,0,0,0,0,0,0,0,0
1,4,12,5,13,50,101,26,67,4,0,1,10,42,69,63,139,12,0,0,0,0,1,47,4,0,0,0,0,0,0,0,5,7,61,66,139,16,17,8,139,15,0,7,88,16,21,51,139,9,0,0,0,0,0,34,0,0,0,0,0,0,0,0,4,3,3,46,139,2,0,0,139,81,3,16,135,2,0,16,87,28,0,0,0,0,0,4,0,0,0,0,0,0,0,0,3,18,13,59,136,6,0,0,86,139,27,36,44,0,0,0,17,49,1,0,0,0,0,0,0,0,0,0,0,0,0,0
125,31,0,2,57,22,0,12,125,89,5,7,82,20,0,1,104,79,15,6,0,0,0,0,0,0,1,1,0,0,0,0,125,11,0,0,54,61,15,32,125,57,0,0,35,34,15,48,105,25,0,0,0,0,28,33,0,0,0,0,0,0,0,0,84,40,13,11,7,32,48,45,63,43,65,2,3,10,88,125,9,1,39,6,0,0,125,57,0,0,0,0,0,0,0,0,95,68,13,18,21,4,0,1,72,125,125,5,0,0,2,1,1,10,101,11,0,0,4,0,0,0,0,0,0,0,0,0
16,55,100,29,17,9,4,10,33,121,121,5,1,2,52,40,3,75,108,1,0,16,121,12,0,8,98,7,2,56,87,0,9,11,118,105,25,10,4,5,114,118,58,31,10,1,22,28,22,111,121,1,0,3,31,5,0,23,121,19,8,8,8,0,2,5,52,121,89,0,0,0,121,20,5,42,57,0,0,39,55,35,40,0,0,0,0,10,0,4,29,6,4,0,0,0,0,0,0,4,8,0,0,0,0,0,0,1,4,0,0,0,0,0,0,0,0,0,0,0,0,0,0,0,0,0,0,0
0,0,0,0,9,9,6,2,1,1,0,0,7,4,0,0,0,0,0,0,0,0,0,0,0,0,0,0,0,0,0,0,2,0,0,1,54,107,109,40,123,48,0,0,54,58,5,21,59,16,0,0,0,0,14,25,0,0,0,0,3,3,4,1,6,2,15,51,39,59,96,28,119,19,8,3,12,26,44,123,24,2,3,2,0,0,123,123,0,0,0,0,14,46,123,53,18,14,12,11,18,25,123,96,17,19,18,10,8,14,123,107,0,0,13,27,2,3,123,106,0,0,0,18,16,57,123,41
68,0,0,16,76,9,10,81,62,2,2,0,1,33,115,98,0,2,3,0,0,21,32,1,0,0,0,0,0,0,0,0,63,16,10,5,28,47,42,84,73,123,45,1,1,23,81,34,11,100,69,0,0,10,14,0,0,0,0,0,0,0,0,0,123,21,18,18,14,6,11,123,123,55,10,12,11,0,0,85,83,32,10,0,0,0,0,42,0,0,0,0,0,0,0,0,123,0,0,5,25,7,5,123,123,0,0,2,21,5,6,123,83,0,0,0,0,9,44,111,0,0,0,0,0,14,27,2
0,0,2,82,68,0,0,0,48,6,1,101,118,0,0,10,140,10,0,2,1,4,4,74,55,1,0,0,0,22,14,24,0,0,3,66,53,0,1,0,39,4,0,124,140,2,0,9,140,12,0,7,19,3,2,36,106,5,0,0,0,5,5,13,0,0,0,10,27,6,34,3,28,8,1,102,140,7,4,1,140,36,2,25,37,1,0,4,117,12,0,1,1,1,0,1,0,0,0,2,4,30,64,1,10,5,1,25,97,52,57,3,121,20,2,13,22,6,11,35,84,12,0,0,0,1,4,24
0,1,0,1,66,46,0,0,4,1,2,18,97,55,1,2,85,38,53,15,39,27,3,9,9,19,147,9,0,0,2,0,1,1,1,1,83,48,0,1,29,1,0,0,147,116,2,6,147,26,3,0,34,31,2,15,35,15,29,13,0,0,0,0,0,5,12,10,89,27,0,0,40,6,1,6,147,81,0,3,147,15,0,2,21,6,0,24,53,2,8,3,0,0,0,18,0,15,23,23,114,11,0,0,32,0,0,8,147,43,1,9,147,0,0,0,5,3,0,48,36,0,0,0,0,0,0,41
0,17,13,8,100,52,42,25,150,32,0,7,90,39,3,10,109,44,18,9,0,0,0,0,0,0,16,31,0,0,0,0,12,6,7,2,17,86,150,91,150,38,0,1,14,62,23,21,150,33,7,6,0,0,0,5,0,0,7,38,0,0,0,0,18,53,61,50,27,2,9,8,150,19,3,20,15,1,2,39,132,3,0,0,0,0,7,59,0,0,0,8,2,0,10,12,13,27,24,26,68,39,36,14,150,78,1,9,26,5,1,13,63,18,5,4,0,0,9,30,0,0,1,3,0,0,25,24
10,0,0,11,51,17,3,8,57,25,22,36,2,1,2,11,24,7,18,124,14,0,1,78,54,2,9,11,1,0,0,124,21,2,1,97,97,6,1,12,124,51,11,21,7,0,0,25,32,24,20,124,73,0,0,5,59,6,19,71,18,0,0,91,13,5,7,124,80,2,1,4,124,29,13,41,17,2,4,58,55,10,49,71,42,1,2,58,8,6,116,112,15,0,0,4,2,7,8,32,37,10,9,4,21,5,7,49,54,18,21,59,94,5,11,5,1,1,9,124,19,2,18,45,55,0,0,25
4,7,0,0,1,93,59,3,15,12,20,15,25,96,13,3,99,61,8,6,2,7,1,27,27,48,4,0,0,0,0,18,46,2,0,0,0,89,44,32,115,31,45,30,0,3,6,40,38,11,55,107,2,0,1,71,19,3,2,13,4,0,10,115,30,66,51,0,0,7,1,13,115,115,22,4,0,3,2,27,37,17,21,106,36,49,21,3,1,0,1,45,71,37,23,100,4,109,109,0,0,17,5,0,7,93,29,0,0,115,50,0,5,10,0,1,6,115,108,2,20,16,7,2,17,51,28,7
65,1,0,11,120,2,1,20,151,34,1,0,0,0,0,35,117,64,0,0,2,4,0,0,6,3,0,0,12,12,0,0,76,11,0,28,151,0,0,1,151,41,0,0,0,0,2,16,110,21,0,0,0,27,44,19,18,0,0,0,2,13,16,10,58,22,2,36,145,2,0,2,151,53,0,1,0,3,6,31,81,12,0,0,0,33,38,30,55,13,0,0,0,1,5,8,75,20,0,9,138,8,0,3,151,49,0,0,0,2,4,6,87,30,0,0,0,2,7,6,31,15,0,0,0,0,0,0
60,132,0,0,29,62,1,0,126,132,0,0,0,0,0,0,84,30,0,0,0,0,0,8,29,0,0,1,0,0,0,7,132,132,2,2,10,3,0,0,67,122,0,0,0,0,0,1,66,3,0,0,0,0,0,19,41,0,0,0,0,0,0,20,132,43,0,0,1,0,3,70,56,17,3,1,0,8,16,17,36,0,0,0,0,2,10,34,27,0,0,0,0,7,4,34,33,0,6,56,5,1,52,132,11,1,0,4,0,21,132,132,3,0,0,0,0,4,101,132,4,0,0,0,0,61,50,52
26,5,1,7,15,6,3,13,126,18,0,1,27,36,5,77,6,3,4,7,99,132,3,6,0,45,20,1,9,72,6,0,19,19,12,35,58,1,0,7,132,10,4,28,50,7,1,45,23,38,107,132,100,21,0,3,1,132,132,7,2,2,0,0,15,17,11,32,132,7,0,0,132,14,4,12,36,0,0,12,72,18,51,85,10,0,0,4,4,35,34,18,12,9,27,6,5,6,3,42,92,16,0,0,132,29,3,10,14,0,0,7,72,1,0,14,14,1,0,10,0,2,14,33,18,4,4,0
65,46,9,68,59,14,0,1,41,39,11,105,125,19,0,1,129,76,3,3,4,1,0,10,19,2,3,25,39,5,2,2,40,33,0,9,74,129,2,0,47,6,2,24,91,129,8,16,129,9,0,1,2,4,2,53,20,0,0,3,28,12,1,6,5,5,3,48,129,110,1,0,58,20,8,30,23,45,4,2,129,59,0,1,1,2,0,6,17,3,0,0,29,35,0,1,0,0,7,112,47,17,30,0,36,58,25,89,13,5,3,0,106,101,4,1,14,4,0,0,3,2,0,0,40,43,2,0
0,0,1,29,128,72,0,1,82,0,1,5,27,20,5,103,128,0,0,0,2,0,0,100,4,0,0,4,56,9,0,1,0,0,16,51,128,37,0,0,88,9,36,28,10,6,0,22,128,12,2,2,4,0,0,63,20,1,0,11,81,9,0,2,0,0,78,128,51,17,6,0,30,23,119,105,15,17,2,2,128,64,13,11,4,1,0,15,25,5,0,35,78,0,0,1,0,5,28,20,8,77,64,0,8,2,18,46,23,70,22,10,128,4,2,7,4,9,6,88,23,0,0,9,38,26,2,17
12,1,1,0,1,12,97,51,31,0,0,0,0,0,22,113,10,1,6,8,0,0,4,38,4,1,24,94,3,0,3,10,55,54,7,0,0,15,113,77,113,27,2,0,0,2,24,113,44,2,0,0,3,49,60,48,7,5,1,7,1,9,77,78,113,104,27,2,0,1,0,35,113,113,29,3,10,13,8,12,43,32,7,2,22,79,29,15,27,78,22,6,33,37,21,24,113,16,9,29,8,0,0,113,39,24,10,4,34,27,28,91,84,13,0,1,33,27,18,24,40,13,2,0,83,113,12,15
0,39,145,9,0,4,11,2,76,34,125,52,2,0,10,68,145,40,6,2,0,0,0,95,31,1,0,0,0,0,0,6,0,24,145,38,21,18,7,0,62,26,67,120,93,5,0,1,145,42,5,9,5,0,0,32,41,1,0,0,0,1,0,9,0,9,24,11,15,46,31,2,30,14,17,70,85,14,4,2,145,22,3,11,7,1,4,44,40,0,0,0,0,0,22,31,3,9,18,7,7,20,28,20,13,5,8,12,72,99,13,18,105,8,0,1,6,14,13,113,50,11,1,0,0,0,15,40
1,0,0,1,1,42,121,115,4,4,7,5,0,0,84,110,6,5,1,0,3,23,86,11,0,3,10,17,25,64,46,4,19,10,82,51,4,55,76,113,121,20,13,11,0,0,38,121,33,8,17,27,15,12,32,8,1,26,38,28,33,36,16,2,9,24,105,121,37,0,0,1,121,121,42,28,2,0,0,13,46,42,50,13,7,2,2,5,0,67,80,12,2,0,0,0,9,19,102,50,8,0,1,14,14,121,82,8,0,0,0,0,1,51,55,0,0,6,1,0,0,23,25,0,0,52,27,0
10,12,17,48,78,13,10,20,53,1,0,2,28,11,71,124,73,7,0,0,0,0,16,124,13,13,4,0,0,0,6,49,6,3,1,6,124,89,46,8,124,34,0,0,75,29,6,44,99,57,1,0,0,0,4,93,27,4,0,0,0,0,20,110,10,16,27,19,40,124,51,8,124,92,20,0,18,34,2,37,83,40,12,5,0,1,17,35,73,13,3,3,0,3,13,37,2,49,124,61,6,12,3,0,25,124,83,0,0,4,2,0,11,48,25,9,1,5,12,3,34,35,8,6,1,5,7,12
79,1,0,0,0,0,24,106,170,19,1,0,0,0,0,79,83,73,53,11,0,0,0,1,10,42,136,48,13,0,0,0,141,12,2,1,0,0,0,39,170,16,0,0,0,0,0,63,170,70,0,0,0,0,0,3,36,44,3,8,3,0,0,0,79,10,0,0,0,0,0,6,170,16,0,0,0,0,0,33,170,56,1,0,0,0,0,14,19,36,2,2,0,0,0,1,1,0,0,0,0,0,0,0,42,2,0,0,0,0,0,1,56,4,0,0,0,0,0,1,9,2,0,0,0,0,0,2
19,23,13,0,0,0,8,16,77,15,0,0,0,0,3,130,71,1,0,0,0,0,19,135,6,0,0,6,13,16,111,135,8,1,0,3,11,12,22,57,69,4,0,0,0,0,11,135,135,23,0,0,0,0,8,98,20,24,25,27,6,15,89,40,10,12,4,15,18,3,0,6,135,39,2,1,0,0,0,25,135,89,0,0,0,0,0,4,36,84,30,16,0,0,0,0,10,5,0,0,1,1,0,0,118,60,0,0,0,0,0,0,135,124,0,0,0,0,0,0,23,63,2,0,0,0,0,0
1,2,18,16,1,0,0,1,24,80,16,9,1,0,0,0,30,130,63,40,28,9,0,0,12,50,123,46,38,24,14,18,25,9,9,4,0,1,6,21,113,74,19,2,0,0,0,7,130,85,104,32,4,0,0,39,29,98,130,48,15,1,0,6,70,13,2,0,2,4,3,22,129,49,1,0,0,0,0,13,130,26,0,0,0,0,0,67,94,6,3,2,40,18,5,44,20,83,7,0,0,0,0,1,47,130,8,0,0,0,0,1,61,31,11,7,4,1,8,79,15,0,0,0,24,44,67,112
0,0,0,0,155,155,1,0,0,0,0,0,36,92,1,0,0,0,0,0,0,0,0,0,0,0,0,0,0,0,0,0,3,0,0,12,155,155,18,5,66,23,3,1,28,76,29,29,12,16,1,0,0,4,3,2,0,0,0,0,0,0,0,0,9,9,11,155,155,41,4,3,126,62,28,47,25,12,8,23,17,17,9,6,5,28,11,6,0,7,2,0,0,1,0,0,0,2,19,133,128,68,15,2,4,28,75,101,26,7,7,2,3,50,21,27,7,2,0,0,4,52,3,0,0,0,0,0
0,0,0,0,0,0,0,0,0,0,0,0,0,0,0,0,0,0,0,0,0,0,0,0,0,0,0,0,0,0,0,0,23,1,0,6,3,1,2,16,8,1,0,3,31,5,2,5,57,2,0,1,4,0,0,4,59,0,0,0,0,0,0,32,30,2,2,33,72,35,93,133,45,17,19,13,47,15,48,117,133,37,36,6,6,0,0,21,131,1,1,0,0,0,16,129,15,21,133,133,73,13,24,45,114,133,133,35,1,1,8,70,23,84,125,34,37,35,4,3,11,2,6,9,27,46,85,52
24,1,0,0,0,0,126,105,2,0,0,0,0,29,126,46,3,0,0,0,0,7,70,107,0,0,0,0,0,0,23,27,22,12,1,0,0,0,104,67,126,39,8,0,0,6,111,68,34,29,29,1,0,2,42,96,1,0,1,3,3,2,108,53,26,28,8,0,0,0,0,1,126,18,1,0,0,1,20,66,36,8,8,1,0,4,33,58,3,5,20,9,4,1,10,9,3,8,4,1,4,39,31,1,15,2,0,8,11,83,126,84,4,1,0,1,1,4,126,126,5,3,7,0,0,0,88,126
59,53,0,0,0,0,0,4,131,70,0,0,0,1,6,16,64,16,0,12,7,0,11,49,24,2,3,131,131,0,0,12,61,108,1,0,0,1,1,0,70,57,0,0,1,48,43,16,126,3,0,0,0,11,30,82,112,3,4,118,12,0,0,24,26,99,2,0,10,30,5,0,43,21,0,0,21,61,17,11,131,33,0,0,0,2,3,21,131,21,1,2,0,0,0,31,4,15,0,0,23,49,5,0,49,39,0,0,4,23,5,9,131,76,0,0,0,0,0,7,75,131,24,1,0,0,0,3
129,70,0,0,0,0,0,5,129,33,0,0,0,0,0,27,129,9,0,3,0,0,0,33,58,2,3,129,62,0,0,13,129,91,0,0,0,0,0,5,129,12,0,0,0,0,0,81,129,14,0,0,0,0,2,78,75,3,2,28,3,0,16,52,62,83,1,0,0,0,0,1,129,65,0,0,0,0,0,7,129,43,0,0,0,25,15,14,37,0,0,0,0,26,46,85,45,43,0,0,0,0,0,0,105,64,0,0,0,0,0,1,70,31,0,1,22,48,7,7,67,5,0,0,5,28,9,33
128,32,0,0,0,0,0,15,133,14,0,0,0,0,0,38,134,2,0,0,6,12,3,78,22,0,0,0,39,69,22,37,134,31,0,0,0,0,0,24,134,22,0,0,0,0,0,27,134,18,0,4,11,6,1,41,32,5,0,22,85,33,4,18,134,31,0,0,0,0,0,21,134,16,0,0,0,0,0,19,134,17,0,1,16,7,0,5,22,2,0,12,108,41,1,3,58,30,2,0,0,0,0,22,134,21,0,0,0,0,0,24,134,26,0,3,11,3,2,11,11,2,0,28,71,13,1,1
64,24,6,2,0,0,0,24,115,10,0,0,0,4,69,125,53,21,0,0,1,56,125,67,125,20,0,0,0,6,9,23,46,33,0,0,0,0,0,5,125,52,0,0,0,0,3,21,125,90,0,0,0,0,5,17,125,76,0,0,0,0,0,9,28,2,0,0,0,0,2,50,125,5,0,0,0,0,0,82,125,5,0,0,0,0,0,93,125,5,0,0,0,0,0,73,12,0,0,0,0,0,7,52,84,0,0,0,0,0,0,102,30,0,0,0,0,0,4,125,16,0,0,0,0,0,0,42
94,32,0,1,2,0,0,24,87,38,6,0,0,0,0,27,148,16,7,0,0,0,2,62,148,107,21,0,0,0,1,52,53,148,11,0,1,0,0,0,82,113,31,1,0,0,0,3,134,39,76,8,0,0,0,32,148,7,2,0,0,2,71,148,40,95,8,0,0,0,0,1,69,28,4,0,0,0,0,62,55,16,26,2,0,0,0,56,66,11,3,0,0,0,19,85,28,25,24,7,0,0,0,5,18,2,19,12,0,0,0,24,73,2,2,0,0,0,0,69,45,5,0,0,0,0,3,25
16,0,0,0,0,0,61,125,52,6,0,0,0,0,48,132,42,9,2,0,0,3,49,132,132,27,0,0,0,0,3,115,112,7,0,0,0,0,8,107,132,66,4,0,0,0,3,38,69,87,41,0,0,0,3,37,132,24,4,0,0,0,4,132,107,49,12,0,0,0,2,15,132,20,0,0,0,0,3,82,44,13,4,0,0,0,11,104,37,3,0,0,0,0,13,105,13,2,1,0,0,0,2,4,20,0,0,0,0,0,0,16,4,0,0,0,0,0,0,11,1,0,0,0,0,0,0,1
2,6,62,112,41,1,2,1,15,90,129,24,2,5,28,9,6,129,129,8,0,1,35,15,23,72,90,29,1,2,4,7,16,4,5,67,129,2,1,5,129,129,44,2,9,1,1,26,32,129,129,13,0,0,0,2,21,22,84,103,21,0,0,3,11,0,1,120,129,0,0,2,129,22,1,12,11,0,0,49,40,24,13,1,0,0,0,8,0,1,3,9,4,0,0,0,0,0,0,14,11,0,0,0,0,0,0,0,0,0,0,0,0,0,0,0,0,0,0,0,0,0,0,0,0,0,0,0
51,7,6,35,3,0,0,52,68,6,1,3,1,2,9,111,2,0,0,0,0,7,12,13,0,0,0,0,0,0,0,0,15,1,1,15,13,8,36,126,18,1,0,4,14,33,79,126,34,58,1,0,0,38,67,21,3,13,0,0,0,0,0,0,25,4,29,126,25,6,28,126,73,11,4,4,4,18,39,126,126,53,0,0,0,1,6,106,24,12,0,0,0,1,4,46,4,1,19,126,82,10,28,32,27,1,2,38,92,12,27,126,40,0,0,0,0,1,19,126,8,0,0,0,0,38,100,95
1,8,12,15,27,20,14,0,12,2,2,13,64,26,3,6,28,21,37,45,1,1,10,30,36,7,19,45,0,0,4,122,0,9,60,106,35,0,0,0,47,4,3,122,118,5,1,10,122,55,29,58,8,0,0,14,23,10,36,122,22,0,0,35,0,0,4,115,75,1,0,0,17,7,9,122,88,4,0,0,122,20,14,51,17,2,7,85,42,11,76,87,10,0,1,62,0,0,4,16,65,49,3,0,0,7,18,49,55,16,0,0,18,3,8,98,50,6,14,67,84,3,7,12,5,0,3,122
63,5,0,0,15,9,11,127,13,3,1,29,127,27,8,26,122,27,4,20,45,6,5,23,41,12,3,0,0,4,18,38,127,1,0,2,36,16,10,79,50,1,0,5,117,127,16,28,127,24,3,4,25,41,8,29,65,81,14,0,0,0,1,5,72,0,0,13,60,25,19,78,41,17,2,1,61,127,23,22,127,36,0,0,8,12,2,16,127,23,0,0,0,0,0,21,10,5,2,55,57,5,3,14,21,56,12,3,10,10,3,5,83,43,2,1,0,1,15,29,41,0,0,0,0,0,42,106
0,0,0,1,60,58,14,0,8,18,4,16,131,20,1,0,72,131,14,22,49,1,0,1,42,18,9,54,106,0,0,4,0,2,20,48,31,30,12,0,27,9,10,31,131,32,5,15,131,40,9,29,28,7,2,37,28,12,14,131,78,3,0,1,9,8,7,18,83,17,1,1,34,14,9,55,131,6,0,3,131,38,4,15,32,6,0,6,33,3,2,28,131,56,0,0,22,1,0,0,35,33,6,6,26,9,0,13,105,27,0,1,131,37,1,10,26,2,0,1,17,2,9,69,92,12,0,0
1,42,50,20,58,37,51,31,126,58,7,21,73,31,5,7,74,77,59,11,0,0,0,0,0,9,36,30,2,0,0,0,12,8,10,1,9,55,150,118,150,27,1,0,10,47,42,34,150,38,11,14,0,0,0,5,0,0,5,61,3,0,0,0,20,36,97,45,12,4,11,14,150,33,9,17,6,1,3,28,136,5,0,1,0,0,10,58,0,0,0,19,4,1,13,11,19,9,15,14,20,46,62,22,150,51,0,5,8,6,7,63,55,12,0,2,0,0,13,51,0,0,0,1,1,2,31,20
0,0,65,42,2,2,6,6,17,9,53,85,31,24,3,6,125,11,6,4,3,5,3,33,17,0,0,0,0,0,0,3,0,0,1,1,4,30,91,58,26,1,0,5,66,139,43,27,139,5,0,0,5,26,16,99,39,0,0,0,0,19,22,10,0,0,0,0,3,52,98,18,71,33,0,0,30,119,38,5,139,79,0,0,3,50,12,21,23,1,0,0,0,139,80,4,4,7,1,2,9,43,14,2,74,12,2,7,11,9,4,29,114,15,0,7,41,105,13,63,0,11,21,12,50,139,14,0
0,0,2,5,21,64,40,14,105,3,0,3,23,61,16,55,79,1,0,0,0,16,11,26,0,0,0,0,0,25,72,5,4,1,0,0,11,67,58,6,125,53,0,0,13,44,7,21,78,12,0,0,8,125,34,11,0,6,4,0,1,125,125,6,10,16,6,10,10,19,7,4,125,10,2,12,24,23,5,69,22,17,46,49,104,125,7,16,0,115,105,5,8,50,9,0,8,60,19,25,41,2,0,0,125,17,7,23,42,0,0,5,53,34,98,73,16,1,0,1,0,67,86,8,5,8,7,0
0,0,0,117,26,12,17,5,1,0,5,114,24,7,21,50,6,3,5,14,26,13,19,20,41,15,2,2,2,1,2,13,5,1,0,9,44,128,71,21,76,7,37,94,14,21,48,70,25,7,34,126,35,0,2,8,69,63,8,4,3,0,0,9,35,7,0,0,102,128,8,10,128,50,5,14,6,9,6,33,54,15,19,128,56,0,0,3,105,23,27,61,6,0,2,27,19,95,44,10,30,39,1,0,128,128,6,0,0,0,0,0,22,18,13,60,0,0,0,0,6,4,30,87,4,2,3,4
30,21,1,42,55,20,53,26,0,3,18,127,84,30,13,0,98,127,37,46,5,1,0,0,76,63,1,1,31,16,0,0,2,3,88,63,9,23,70,20,20,3,11,77,62,76,41,6,127,84,8,9,8,10,7,13,38,29,2,1,102,30,1,1,0,0,54,84,72,8,0,0,26,4,7,112,127,4,1,5,127,9,1,8,18,13,22,56,19,1,0,2,45,80,39,10,0,0,0,13,51,21,1,0,8,1,0,75,127,5,0,4,74,14,3,13,34,9,12,43,9,13,3,2,1,19,20,5
16,1,0,0,58,136,73,9,69,45,12,0,0,22,136,44,8,41,37,6,1,12,81,11,1,6,22,56,12,27,28,7,52,1,0,55,136,45,1,11,136,43,12,7,4,2,1,36,49,33,31,36,17,2,0,3,9,8,12,47,52,10,0,2,20,15,29,136,120,4,13,10,136,110,39,29,5,1,1,16,51,34,35,13,22,6,1,5,4,18,32,53,15,0,0,0,1,7,22,33,12,10,102,35,23,68,31,9,0,0,83,99,5,17,25,1,0,0,74,67,0,2,14,8,0,1,47,7
0,0,0,0,0,8,123,60,2,11,2,4,92,103,63,5,36,61,8,7,56,25,4,4,6,16,6,4,2,6,20,5,8,2,76,69,34,8,75,48,93,82,32,9,14,39,53,25,17,59,62,91,13,7,1,1,3,75,53,15,3,2,10,2,10,5,44,123,123,11,1,4,123,51,49,58,22,7,5,47,33,10,28,57,5,5,23,38,11,62,48,11,7,33,60,27,2,3,45,123,5,0,0,1,12,17,103,123,0,0,1,7,9,23,48,49,6,4,11,21,10,28,59,57,49,47,34,14
4,5,0,15,74,118,18,0,40,72,5,2,5,31,59,44,108,49,4,0,0,0,8,75,40,2,0,3,0,0,11,36,17,7,4,79,118,6,0,0,118,110,18,13,17,1,0,10,53,92,20,0,3,14,12,9,19,21,5,0,0,12,34,29,5,2,42,118,74,0,0,0,114,22,61,60,11,1,12,44,41,9,1,2,4,25,47,63,34,25,4,0,4,112,23,17,0,4,65,84,7,0,0,0,1,3,70,118,12,1,6,3,3,0,2,115,29,16,64,54,3,0,0,4,17,118,74,21
16,16,32,79,100,55,67,34,133,40,23,9,3,6,40,139,108,24,0,0,0,0,2,37,39,10,0,0,0,0,0,0,22,13,37,64,35,6,20,41,64,32,28,16,22,10,23,55,139,16,0,0,0,0,7,65,44,5,0,0,0,0,0,0,81,24,1,6,16,32,20,31,85,7,0,6,52,80,40,33,139,43,0,0,0,1,4,25,28,5,0,0,0,0,0,0,12,5,11,15,10,73,76,40,125,85,25,3,6,107,61,38,139,73,1,0,0,1,5,24,9,1,0,0,0,1,3,1
4,0,0,4,0,2,66,132,30,7,0,0,0,6,48,117,39,25,0,0,3,11,10,27,5,0,0,0,13,73,63,15,31,7,0,54,75,8,45,111,132,21,0,0,1,0,20,132,90,6,2,9,27,19,1,12,0,2,33,61,68,46,15,3,28,91,76,46,88,7,0,2,132,132,22,2,1,0,0,13,98,9,16,10,4,0,0,29,2,6,86,32,3,7,7,2,0,57,132,37,3,0,0,0,15,65,34,5,11,10,4,9,25,2,0,0,1,7,32,85,2,1,4,4,15,81,52,23
4,7,8,5,1,13,29,10,0,2,17,35,28,63,22,3,0,8,11,8,59,85,1,0,17,31,17,8,37,48,14,10,7,6,5,1,38,122,74,7,86,6,0,0,13,100,122,72,15,3,2,4,111,122,22,14,66,54,8,3,14,31,31,54,30,39,10,24,122,122,11,3,122,92,4,5,18,22,12,20,25,39,30,68,117,35,3,4,63,122,25,11,9,7,8,10,26,28,6,27,121,4,0,0,101,57,2,3,4,0,0,0,18,14,6,22,28,1,0,1,28,21,3,2,0,5,13,8
5,3,4,8,17,4,2,9,11,1,0,7,51,2,2,18,16,0,0,7,126,28,8,24,126,8,0,0,6,8,7,87,5,3,3,9,84,83,20,19,72,4,0,13,42,23,26,88,34,48,26,77,126,20,3,6,126,126,14,8,17,7,4,14,11,19,27,47,126,68,5,6,126,67,20,17,13,11,6,25,49,108,73,68,31,0,0,1,33,126,35,6,3,7,2,0,7,5,11,30,60,44,7,4,117,37,7,3,2,10,6,9,65,33,1,0,2,15,37,24,12,13,13,3,1,3,58,33
11,21,43,12,0,0,0,6,22,34,41,5,0,1,13,55,74,104,52,8,4,34,48,29,121,121,84,68,2,3,4,21,75,56,40,14,0,0,0,10,47,33,74,68,0,0,0,1,121,98,45,7,0,1,3,42,121,81,20,1,0,10,30,121,121,10,6,3,0,0,1,81,40,8,31,86,11,2,15,51,81,17,11,26,5,0,14,72,59,15,2,0,0,13,118,121,43,29,16,1,0,0,1,42,36,9,4,4,3,1,18,86,12,3,4,13,3,0,4,18,20,4,1,1,0,1,15,23
6,12,13,12,11,6,3,3,117,8,4,28,30,5,0,10,150,48,8,0,0,0,2,73,7,17,8,0,0,0,1,17,1,0,5,24,6,5,7,8,117,25,23,21,9,3,0,2,150,85,15,0,0,0,0,33,23,26,14,0,0,0,0,8,57,25,15,7,4,7,21,96,57,126,146,9,0,0,0,4,150,73,48,5,0,0,0,70,59,8,0,0,0,0,0,27,150,49,0,0,14,25,12,49,123,75,27,6,1,0,0,3,114,59,17,8,0,0,0,9,47,16,0,0,0,0,0,2
92,3,3,32,14,0,0,16,162,4,0,0,0,0,2,125,25,8,1,0,0,0,5,64,0,0,0,0,0,0,0,0,69,7,3,16,24,5,0,3,162,75,6,0,0,0,0,38,66,120,43,0,0,0,1,18,0,3,2,0,0,0,0,0,38,20,27,16,2,0,0,1,162,41,7,0,0,0,0,62,156,28,9,0,0,0,0,58,1,1,0,0,0,0,0,1,12,87,92,2,0,0,0,1,148,79,68,5,0,0,0,38,150,16,0,0,0,0,0,78,9,0,0,0,0,0,0,3
43,0,0,0,0,0,4,98,47,0,0,0,0,0,40,133,25,15,2,0,0,7,133,133,37,13,4,2,1,7,82,86,86,22,0,1,0,0,0,18,123,18,1,0,0,0,0,58,133,133,25,1,0,0,7,51,60,72,52,10,7,9,5,23,35,97,4,0,0,0,0,0,82,58,20,0,0,0,0,9,133,27,4,0,0,4,36,133,36,6,5,4,9,49,84,72,19,30,5,1,0,0,0,4,48,10,3,0,0,0,0,24,57,4,0,0,0,0,10,65,70,0,0,0,0,1,19,70
17,44,9,4,4,2,1,2,36,97,4,0,0,0,0,1,127,114,3,0,0,0,0,20,131,62,0,0,0,3,39,131,47,15,0,0,0,0,0,71,99,23,0,0,0,0,0,46,131,131,0,0,0,0,0,5,131,131,0,0,0,0,0,7,33,0,0,0,0,0,6,100,131,3,0,0,0,0,0,77,131,16,0,0,0,0,0,60,131,35,0,0,0,0,0,27,34,0,0,0,0,0,0,27,90,0,0,0,0,0,0,43,42,0,0,0,0,0,0,20,10,0,0,0,0,0,0,5
22,0,0,0,0,0,4,130,24,0,2,17,7,3,12,130,67,85,7,15,11,2,4,13,130,99,0,0,0,0,0,5,81,26,0,0,0,0,3,71,96,25,3,0,0,0,5,125,130,90,0,0,0,0,2,37,112,82,4,0,0,0,0,12,130,61,1,0,0,0,0,8,92,67,11,0,0,0,0,16,130,36,0,0,0,0,0,84,118,37,21,1,0,0,0,55,33,4,0,0,0,0,0,8,29,2,0,0,0,0,0,15,61,0,0,0,0,0,0,86,80,6,3,0,0,0,0,61
77,10,0,1,1,1,3,110,98,128,8,6,8,2,4,35,132,132,4,0,0,0,0,8,113,69,19,0,0,0,0,55,95,77,16,0,0,0,0,16,132,132,2,0,0,0,0,24,103,99,29,4,0,0,0,25,94,9,9,2,0,0,0,102,60,14,2,0,0,0,0,14,132,22,0,0,0,0,0,121,132,37,42,18,3,0,0,39,50,11,24,18,7,2,7,31,0,0,0,0,0,0,0,0,15,0,0,0,0,0,0,6,21,8,3,4,3,0,0,2,1,0,1,4,7,3,12,10
3,8,2,27,120,15,0,0,37,102,21,44,51,3,0,0,120,19,19,62,34,0,0,23,83,24,47,25,3,0,0,17,12,5,3,43,102,22,0,5,120,46,12,54,45,4,0,25,81,15,18,120,74,7,0,26,101,2,1,10,9,2,1,95,9,3,3,55,108,9,1,2,120,22,5,26,61,5,0,8,47,4,8,61,120,30,1,11,120,10,6,8,14,4,1,63,7,2,0,11,56,15,3,6,120,20,3,14,26,2,4,16,25,5,15,95,49,15,8,8,65,21,15,24,10,3,0,11
20,3,3,62,98,5,0,5,122,16,7,34,50,5,0,19,41,4,7,63,122,25,2,25,96,1,0,2,11,4,2,91,16,5,2,26,113,21,3,3,122,27,4,29,57,4,1,8,38,9,27,122,122,17,2,5,122,35,22,24,10,2,0,20,16,13,17,25,48,9,4,17,118,57,46,15,14,4,13,50,13,15,52,74,38,36,22,19,55,8,9,48,21,6,3,42,8,85,76,2,3,1,1,4,5,97,113,2,2,0,0,1,0,16,68,53,23,3,0,0,5,0,3,101,39,0,2,12
0,0,5,10,8,54,51,18,87,4,2,7,10,63,21,48,92,1,0,0,0,6,14,30,1,0,0,0,0,7,51,9,6,0,0,0,1,70,77,9,125,35,0,0,0,52,20,26,83,7,0,0,1,125,95,19,1,2,1,0,0,113,125,30,12,15,11,10,4,21,9,4,125,13,4,13,16,31,11,50,12,16,57,43,70,125,28,9,2,79,120,5,5,53,45,8,5,42,26,30,39,0,0,0,116,49,16,23,21,0,0,3,18,39,125,64,14,2,0,0,0,51,113,12,7,4,0,0
0,0,1,129,28,15,8,4,0,0,8,85,22,12,32,23,18,5,7,12,18,12,14,5,39,29,4,0,0,0,4,14,3,0,0,13,48,130,50,14,72,11,40,73,13,31,42,56,37,13,39,130,13,0,1,1,103,70,9,8,0,0,0,6,26,7,0,0,123,130,11,11,130,56,7,11,8,15,9,43,70,26,52,130,11,0,0,1,71,20,51,64,2,2,6,17,13,77,70,29,44,36,1,0,130,130,17,0,1,0,0,0,32,37,20,32,0,0,0,0,0,1,25,67,4,1,1,0
19,5,16,24,9,3,19,32,34,5,6,9,23,11,9,40,144,0,0,0,0,1,2,81,34,0,0,0,0,0,0,7,62,1,0,1,4,26,36,58,37,5,0,3,28,144,46,48,144,12,0,0,0,11,16,142,59,0,0,0,0,0,2,19,2,18,51,43,8,23,43,24,74,66,4,29,22,80,21,20,144,118,0,0,0,3,2,34,59,5,0,0,1,2,1,6,0,20,41,99,27,0,0,0,63,5,1,109,71,0,0,44,144,9,0,3,1,0,3,137,25,0,0,0,0,2,18,31
0,1,4,10,7,63,119,11,0,0,0,3,3,18,119,119,9,0,0,0,0,1,84,94,12,0,0,0,1,9,30,43,0,12,34,90,60,14,14,3,17,4,1,63,98,13,50,119,119,13,0,1,2,0,21,119,42,2,4,12,24,31,14,11,0,7,24,76,88,4,0,0,18,55,91,97,116,3,1,4,119,119,33,4,2,0,1,18,47,7,22,19,7,5,7,14,0,2,41,71,4,0,11,4,0,16,103,101,6,0,1,0,10,30,28,22,18,9,10,14,9,2,1,3,5,23,39,41
6,28,10,1,6,98,31,6,8,13,4,1,8,82,65,15,2,4,21,81,110,57,19,5,3,41,64,60,33,22,77,23,1,4,7,26,29,57,20,6,57,88,27,12,10,24,16,32,13,30,94,93,18,15,5,5,2,44,110,89,3,2,4,6,1,13,110,98,22,23,6,3,99,74,108,56,25,20,12,35,32,16,6,6,78,101,27,18,81,23,18,6,3,14,23,45,3,7,61,31,7,25,20,8,0,11,50,37,76,63,17,2,16,13,4,7,110,58,10,13,110,30,2,1,3,4,5,25
8,20,24,45,24,8,6,7,97,121,24,26,14,11,25,25,42,76,35,72,40,4,0,5,0,1,18,107,103,55,51,6,25,9,6,9,7,11,4,8,121,90,7,6,4,9,4,14,43,22,4,31,35,53,31,25,12,3,97,121,45,5,9,20,41,51,29,4,1,1,1,6,121,62,17,4,21,38,11,18,64,31,20,21,51,121,77,71,121,30,23,16,0,2,13,68,43,30,14,3,3,4,25,77,11,31,16,6,13,20,29,22,33,121,52,25,22,7,2,3,42,82,26,0,0,1,1,4
0,0,1,2,1,26,24,0,1,0,1,3,2,9,46,25,10,15,20,11,2,0,4,20,77,51,34,2,0,0,0,2,5,3,6,8,19,19,8,1,23,0,1,6,55,62,35,48,145,64,13,0,0,5,12,74,43,95,63,0,0,0,0,0,23,1,0,0,48,52,7,23,98,7,0,0,96,145,16,24,145,78,0,0,1,5,4,19,68,34,4,2,3,0,0,3,46,29,12,21,85,45,5,18,103,145,43,21,80,90,11,15,145,145,1,0,0,0,4,7,24,18,2,12,10,1,3,2
18,25,45,1,0,0,1,39,21,33,11,0,0,8,41,77,121,116,13,1,0,18,33,25,121,121,121,26,0,1,2,28,48,58,42,1,0,0,0,4,45,61,81,12,0,0,0,1,121,91,11,1,0,0,0,48,121,23,3,0,0,13,51,121,121,18,10,0,0,0,0,76,41,18,67,38,2,0,8,46,71,8,16,19,2,0,12,62,33,0,0,0,0,7,110,119,64,12,1,0,0,0,0,55,28,8,2,2,1,0,24,112,15,1,3,6,2,0,9,30,11,4,2,0,0,0,9,16
56,29,0,0,0,1,0,2,57,98,41,13,0,0,0,0,29,41,87,40,0,0,0,17,43,77,47,5,0,2,43,63,70,80,4,0,0,0,0,0,126,114,31,26,1,0,0,8,40,81,67,126,10,0,0,3,126,126,64,4,0,0,1,4,31,110,50,2,0,0,0,0,126,47,27,7,2,0,1,75,69,19,7,40,24,4,5,54,126,48,1,3,0,0,11,126,40,75,40,8,0,0,2,15,34,58,44,16,1,0,1,9,36,35,8,4,1,0,0,9,24,10,4,2,0,1,8,48
1,46,39,3,0,0,0,0,115,115,3,0,0,0,0,0,115,115,50,67,7,0,0,1,11,76,60,83,9,0,0,0,1,88,84,7,0,0,0,0,115,115,83,8,0,0,0,9,115,42,10,27,20,3,3,79,71,72,14,41,28,3,1,21,77,115,45,2,0,0,1,14,28,71,113,53,4,1,3,13,96,87,25,8,2,0,1,25,46,14,5,8,5,1,0,30,46,83,3,0,0,0,0,14,24,99,9,2,1,0,2,13,4,93,29,2,0,0,0,0,5,15,29,9,1,0,0,0
65,0,0,0,0,0,1,124,43,12,5,1,0,1,94,124,35,11,7,5,1,5,89,102,35,15,3,0,0,0,2,24,97,40,1,0,0,0,0,21,124,114,10,0,0,0,8,61,91,84,29,2,1,6,16,48,115,7,0,0,0,0,0,38,52,59,2,0,0,0,0,4,124,27,1,0,0,1,21,124,77,6,3,1,1,12,69,115,116,0,0,0,0,0,2,58,40,5,3,1,0,0,0,7,66,0,0,0,0,0,2,51,84,0,0,0,0,0,5,115,42,0,0,0,0,0,3,69
0,0,0,0,33,161,15,0,0,2,0,0,7,161,161,7,10,6,1,0,0,161,139,35,9,0,0,0,9,41,78,117,7,0,0,0,7,161,97,3,51,41,6,0,0,161,58,11,19,39,25,4,1,8,11,6,16,8,1,17,51,20,5,8,34,17,3,0,0,107,41,6,90,12,0,0,0,3,10,54,23,4,2,1,1,4,24,41,23,1,3,28,9,0,0,10,8,24,18,4,0,0,0,0,38,19,0,0,0,0,0,7,49,4,0,0,0,0,1,13,32,0,0,0,0,0,0,11
58,98,7,0,0,0,0,7,33,125,13,0,0,0,0,0,125,125,8,0,0,0,0,11,125,82,7,0,0,3,25,123,125,125,3,0,0,0,0,0,61,91,18,3,0,0,0,4,125,31,2,0,0,0,0,26,125,3,0,0,0,0,19,125,100,38,3,0,0,0,0,0,31,31,24,17,6,2,1,3,116,10,2,1,0,0,6,37,82,0,0,0,0,0,8,119,0,1,0,0,0,0,0,0,1,1,0,1,4,3,3,5,10,0,0,0,0,1,41,50,3,0,0,0,0,0,58,101
16,0,0,1,136,43,63,136,23,0,0,0,0,14,100,136,32,0,0,0,0,0,20,136,23,0,0,0,0,0,6,90,77,70,14,28,136,25,5,46,114,56,14,1,0,0,0,75,136,9,0,0,0,0,0,59,74,10,0,0,0,0,0,44,9,131,40,61,136,0,0,0,24,72,42,20,3,0,0,0,136,18,2,2,0,0,0,0,65,24,0,0,0,0,0,0,0,4,0,1,11,0,0,0,0,1,0,1,0,0,0,0,6,0,0,0,0,0,0,0,3,0,0,0,0,0,0,0
0,0,0,2,8,53,68,7,3,0,0,0,0,3,50,35,5,0,0,0,0,0,8,69,3,0,0,0,0,0,0,24,8,1,15,216,16,10,43,25,80,17,6,7,0,0,12,41,12,10,7,1,0,0,0,20,0,0,0,0,0,0,0,5,5,4,128,216,2,0,0,2,55,18,72,216,0,0,0,5,7,1,1,0,0,0,0,0,0,0,0,0,0,0,0,0,0,11,53,216,0,0,0,0,0,0,22,128,0,0,0,0,0,0,0,0,0,0,0,0,0,0,0,0,0,0,0,0
3,0,0,0,4,68,118,55,70,51,0,0,12,82,18,2,84,38,0,0,0,3,16,13,1,0,0,0,0,0,9,5,41,4,5,9,21,14,67,76,118,99,0,0,2,14,12,56,63,38,0,0,40,117,48,18,0,0,0,0,3,18,23,4,42,43,118,15,13,11,8,43,118,75,118,6,3,11,9,99,13,13,45,25,57,81,12,22,0,0,0,0,3,5,0,0,118,20,28,14,57,23,26,118,118,63,118,3,0,0,0,62,2,11,62,12,0,0,0,0,0,0,0,0,0,0,0,0
26,38,15,16,106,26,0,0,75,67,41,93,36,0,0,1,112,59,66,32,14,0,0,11,1,12,42,31,53,38,1,0,98,49,5,22,99,10,0,0,106,43,9,66,112,32,1,12,112,12,2,14,47,12,1,72,9,2,13,51,112,42,1,5,92,53,19,11,40,9,1,6,61,33,16,93,111,16,3,8,112,62,11,26,44,8,1,13,19,7,9,19,75,27,4,8,13,49,112,7,3,1,0,2,10,10,45,88,51,5,1,4,41,5,1,32,37,7,10,36,6,10,8,19,30,9,7,8
33,12,6,8,8,10,9,19,38,12,11,32,46,9,0,16,72,6,1,4,12,5,28,87,4,3,0,1,8,29,114,15,71,35,3,6,18,8,12,24,44,14,0,8,114,78,11,20,114,21,3,6,51,38,17,81,31,9,1,5,80,64,35,10,114,58,3,4,13,1,7,35,46,17,1,49,114,20,3,14,114,46,1,7,94,60,8,53,103,18,0,0,78,65,5,11,39,23,1,0,3,18,78,35,18,0,0,5,114,81,60,40,52,1,0,0,53,74,46,83,105,41,1,0,24,31,9,11
37,2,3,3,2,20,36,59,141,10,1,1,3,37,38,66,141,5,0,0,0,0,0,19,0,0,0,0,0,0,0,0,13,26,59,86,42,18,22,18,141,122,0,17,18,22,24,34,141,39,0,0,0,0,1,17,0,0,0,0,0,0,0,0,10,7,22,141,115,0,0,1,141,15,1,60,61,0,1,92,95,3,0,0,0,0,5,71,0,0,0,0,0,0,0,0,2,0,1,53,78,23,19,8,141,18,3,47,71,10,2,20,93,3,0,0,0,0,0,18,0,0,0,0,0,0,0,0
59,14,6,51,116,24,1,13,116,11,2,8,31,9,2,100,24,1,7,64,116,21,1,13,12,75,94,64,33,15,0,1,43,20,16,116,110,11,3,7,116,79,20,40,34,3,0,18,41,9,3,22,116,33,4,9,45,26,19,12,16,9,13,47,11,16,64,115,50,7,2,6,72,7,3,77,44,6,13,65,15,3,6,30,71,28,22,29,19,81,40,34,11,2,11,23,0,1,18,59,57,29,6,0,6,8,2,88,94,17,5,12,22,43,18,4,2,2,6,10,58,108,17,2,0,2,10,5
0,1,9,4,48,116,24,3,1,2,5,9,23,46,20,3,95,17,6,13,7,11,3,71,67,36,11,0,0,0,11,53,13,3,11,29,20,71,41,34,77,29,21,27,16,4,5,30,50,7,13,63,75,7,2,70,57,6,2,5,9,12,63,116,17,10,11,41,46,30,26,13,116,40,4,8,44,12,2,18,36,3,0,13,116,91,20,42,112,13,3,8,42,21,15,113,47,23,1,1,9,59,90,75,116,24,1,15,35,1,3,50,34,12,2,85,116,15,3,10,116,30,1,8,59,21,5,47
0,3,10,4,1,5,9,1,42,24,9,8,6,0,2,6,143,36,2,0,0,0,0,45,47,6,0,0,0,0,0,17,4,0,0,2,21,36,36,20,142,71,9,0,3,6,18,69,143,125,10,0,0,0,0,19,99,7,0,0,0,0,0,18,16,1,0,2,94,64,13,22,143,31,0,0,19,25,9,79,143,32,2,2,0,0,0,21,90,1,0,0,0,0,0,43,30,62,49,35,63,26,7,13,143,143,32,9,14,17,13,12,62,22,1,3,2,18,69,34,64,0,0,0,0,0,6,68
0,5,51,44,27,30,13,2,13,20,35,50,50,16,9,12,98,83,40,1,1,3,4,37,16,14,23,6,12,23,5,9,0,5,48,31,50,18,50,18,42,14,17,57,128,41,21,59,128,100,40,4,7,3,7,111,24,27,35,2,0,0,0,1,10,30,22,8,19,16,50,71,22,118,128,65,101,14,8,10,128,128,70,10,5,0,0,15,23,17,0,0,0,0,0,0,4,99,108,10,0,0,0,3,4,128,87,1,0,0,5,2,3,64,29,0,0,0,10,3,0,2,0,0,0,0,0,0
54,2,3,1,30,60,84,130,57,14,42,2,0,0,19,130,24,35,32,0,0,0,39,130,111,22,0,0,0,0,12,130,130,79,11,1,9,8,4,69,130,32,0,0,0,0,0,122,113,11,0,0,0,0,7,115,130,38,0,0,0,0,3,94,22,24,2,0,0,0,0,0,62,35,0,0,0,0,0,3,116,40,0,0,0,0,0,8,123,60,0,0,0,0,0,4,0,0,0,0,0,0,0,0,0,0,0,0,0,0,0,0,3,0,0,0,0,0,0,0,9,3,0,0,0,0,0,0
54,43,102,83,13,14,86,106,150,41,20,9,2,6,38,150,26,0,0,0,18,19,1,12,0,0,0,0,1,0,0,0,52,52,66,63,70,108,14,14,150,73,19,11,8,18,12,72,56,2,1,21,74,25,4,12,0,0,0,3,11,3,3,1,25,59,86,36,42,28,2,7,150,98,25,4,4,5,25,62,26,1,0,4,22,45,71,25,0,0,0,0,4,21,34,2,14,17,42,26,78,38,2,9,86,5,0,1,16,9,16,79,5,0,0,0,0,10,51,26,0,0,0,0,0,13,39,6
6,0,0,9,12,0,8,8,1,0,0,0,0,5,36,7,5,0,0,0,0,6,7,3,1,0,0,0,0,0,0,1,7,0,0,68,97,23,40,17,9,2,1,23,50,75,135,28,125,17,3,2,2,33,99,107,14,2,1,0,0,0,12,23,0,0,27,42,58,46,22,0,30,14,37,135,130,31,32,9,135,135,23,26,29,4,11,39,20,29,10,0,0,0,2,2,1,8,24,47,31,28,27,1,12,135,106,37,53,27,43,7,135,135,70,11,15,1,2,6,15,16,0,0,0,0,0,0
32,3,1,21,45,43,34,23,34,2,0,0,26,41,41,42,28,14,5,0,1,51,125,36,7,10,8,1,1,15,36,0,31,7,19,131,131,29,52,19,33,9,42,24,29,131,131,31,131,44,9,3,1,23,60,55,42,17,3,0,0,0,0,2,1,3,120,131,70,6,10,0,12,29,131,131,32,15,24,4,114,87,130,16,2,2,2,24,10,1,2,0,0,0,0,4,0,0,4,7,0,0,0,0,3,5,9,18,12,0,0,0,8,23,22,1,1,0,0,0,0,0,0,0,0,0,0,0
102,32,44,8,2,3,26,82,39,37,56,7,0,0,12,40,97,17,24,5,0,0,2,123,129,33,1,0,0,0,1,38,122,53,88,32,1,0,7,44,129,129,58,19,5,0,4,36,122,83,82,105,33,2,0,20,129,80,2,2,0,0,0,8,27,5,65,61,24,4,0,8,129,15,4,10,16,15,12,63,104,41,5,28,48,39,19,18,67,18,0,1,0,0,0,1,1,0,0,0,0,0,0,0,23,2,0,0,0,2,2,3,14,26,0,0,0,6,4,1,3,4,0,0,0,0,0,0
39,5,12,11,8,96,52,28,22,55,147,33,12,18,4,5,69,147,147,15,2,0,6,8,38,77,147,137,15,3,10,13,86,42,0,0,0,2,1,12,123,33,9,0,0,0,0,22,147,52,3,0,0,0,0,47,85,23,34,1,0,5,78,88,12,25,0,0,0,0,0,0,68,72,0,0,0,0,0,3,147,19,0,0,0,0,0,37,74,3,0,0,0,0,6,27,0,0,0,0,0,0,0,0,11,10,0,0,0,0,0,3,48,2,0,0,0,0,0,51,13,0,0,0,0,0,0,13
0,0,0,3,3,0,7,5,0,0,0,0,0,7,25,1,2,0,0,0,0,2,6,7,0,0,0,0,0,0,0,2,0,0,0,46,96,28,48,12,6,0,0,12,39,122,141,21,98,13,0,1,1,21,81,141,14,5,0,0,0,0,1,33,0,0,2,62,118,36,3,0,24,13,9,141,104,38,16,6,141,141,7,29,10,3,7,31,41,41,0,0,0,0,0,3,0,2,11,36,48,34,2,0,4,121,77,45,43,35,5,0,127,141,53,12,6,0,0,0,26,35,0,0,0,0,0,0
10,0,0,18,57,29,38,33,8,0,0,0,0,46,84,49,26,9,1,0,0,20,137,46,8,9,1,0,0,12,39,1,6,0,11,137,137,28,36,16,16,6,34,37,9,122,137,33,137,32,7,1,0,15,51,75,45,12,0,0,0,0,0,1,0,0,78,137,56,4,1,0,8,31,137,137,11,12,7,2,105,121,108,13,0,0,1,8,12,2,0,0,0,0,0,1,0,0,2,8,0,0,0,0,0,7,14,28,2,0,0,0,0,28,25,2,0,0,0,0,0,0,0,0,0,0,0,0
