0,0,0,0,0,0,0,0,0,0,0,0,0,0,40,21,5,0,0,0,0,0,24,35,3,0,0,0,0,0,0,2,0,0,0,0,0,0,2,1,24,1,0,0,0,0,161,161,160,8,0,0,0,0,92,161,29,1,0,0,0,0,0,11,0,0,0,1,0,0,1,0,161,46,3,2,0,0,30,47,161,111,0,0,0,0,6,51,45,8,0,0,0,0,0,2,0,0,1,1,1,0,0,0,161,77,2,2,2,0,0,0,161,96,0,0,0,0,0,1,24,2,0,0,0,0,2,2
0,0,0,0,0,0,0,0,4,0,0,0,0,0,0,2,22,0,0,0,0,0,0,10,5,0,0,0,0,0,0,2,0,4,10,1,4,2,1,0,101,54,37,1,2,0,0,28,157,59,6,0,0,0,0,97,47,8,0,0,0,0,0,10,0,147,157,1,1,1,1,0,22,157,157,0,0,0,0,1,131,157,107,0,0,0,0,7,19,26,2,0,0,0,0,0,2,104,157,0,0,0,1,5,0,88,89,0,0,0,0,0,0,24,23,0,0,0,0,0,0,1,0,0,0,0,1,0
0,0,0,0,0,1,156,82,0,0,0,0,0,5,127,48,4,0,0,0,0,0,24,41,2,0,0,0,0,0,0,3,2,0,0,0,0,0,156,147,21,3,0,0,0,0,156,156,131,6,0,0,0,0,70,156,24,0,0,0,0,0,0,22,4,5,1,0,0,0,12,9,94,61,3,0,0,0,27,45,156,130,0,0,0,0,3,60,44,10,0,0,0,0,0,5,0,0,0,0,0,0,0,0,11,9,0,0,0,0,0,0,44,30,0,0,0,0,0,0,4,3,0,0,0,0,0,0
11,4,2,0,0,0,0,3,146,2,1,0,0,0,0,146,146,0,0,0,0,0,1,146,7,0,0,0,0,0,1,14,0,1,5,1,0,0,0,0,137,38,32,5,0,0,0,78,146,52,4,0,0,0,0,146,48,9,0,0,0,0,0,13,0,4,11,0,0,0,0,0,22,146,146,1,0,0,0,1,146,146,69,0,0,0,0,5,24,22,0,0,0,0,0,0,0,0,1,0,0,0,0,0,0,36,55,0,0,0,0,0,1,35,21,0,0,0,0,0,0,1,0,0,0,0,0,0
0,3,81,37,0,0,0,0,10,90,46,5,0,0,0,0,45,115,1,0,0,0,0,0,5,6,0,0,0,0,0,0,6,8,139,41,1,9,39,44,66,139,139,15,0,3,18,38,100,139,7,0,0,0,0,6,12,12,0,0,0,0,0,1,20,4,4,15,12,37,59,54,139,35,3,7,3,11,30,139,139,38,0,0,0,0,0,25,2,1,0,0,0,0,0,0,27,12,6,18,8,11,22,39,139,127,1,10,4,2,4,8,116,50,0,0,0,0,0,1,0,0,0,0,0,0,0,0
16,38,42,9,3,24,34,3,111,5,33,28,16,6,10,63,138,0,0,0,0,0,0,100,17,0,0,0,0,0,0,6,41,34,14,8,8,36,48,23,78,15,10,15,37,87,28,37,138,20,0,0,0,2,1,111,53,0,0,0,0,0,0,13,1,12,75,38,8,21,23,3,36,111,89,1,1,26,28,13,138,105,5,0,0,0,9,78,65,1,0,0,0,0,0,20,0,5,29,12,1,55,78,0,5,12,17,0,0,39,111,26,138,4,0,0,0,1,34,138,83,0,0,0,0,0,0,44
72,0,0,4,7,10,39,86,16,2,2,41,61,65,41,13,3,9,5,15,19,22,43,5,73,1,1,7,10,6,15,65,123,1,0,2,4,2,0,40,57,2,0,26,123,40,3,20,80,43,21,45,43,14,3,12,109,5,10,57,47,6,0,20,89,55,35,1,1,0,0,12,65,35,45,102,80,3,0,6,80,23,88,38,39,20,12,46,50,49,86,13,57,22,5,9,6,80,123,0,0,0,0,0,5,53,123,59,3,0,0,0,1,21,123,24,0,0,0,1,0,52,123,1,0,0,0,0
1,1,0,0,4,30,126,5,1,1,1,3,2,3,126,45,5,0,0,0,1,20,126,98,0,0,0,0,1,41,126,6,61,32,4,4,73,36,50,17,43,29,12,37,91,27,68,36,100,5,0,1,49,41,48,103,2,0,0,2,66,83,85,6,44,8,0,8,99,11,8,52,45,22,3,7,62,53,17,37,112,58,4,10,76,5,0,14,1,1,0,12,126,8,0,0,11,7,39,53,46,0,0,3,23,23,70,4,2,9,4,12,69,52,36,20,46,1,1,29,1,1,14,48,101,4,0,0
1,15,36,2,0,22,72,18,66,13,10,3,2,32,44,91,127,2,0,0,0,0,1,106,7,0,0,0,5,0,0,2,3,12,54,28,19,46,39,9,76,20,6,8,6,19,21,37,127,21,0,0,0,0,0,85,26,0,0,0,7,0,0,5,1,45,127,4,6,36,34,6,24,127,127,10,14,11,11,10,127,104,12,1,6,5,10,62,33,1,0,0,5,0,0,7,5,31,83,1,1,2,87,89,3,20,68,19,86,46,85,42,127,2,2,2,51,23,19,103,54,0,0,0,0,0,0,19
10,3,45,116,3,11,54,25,149,24,15,11,0,7,16,36,136,2,0,0,0,0,0,5,0,0,0,0,1,0,0,0,3,5,57,138,11,38,137,8,149,101,44,31,2,6,28,44,125,25,0,0,0,0,0,3,0,0,0,0,2,0,0,0,18,24,45,24,9,21,109,15,149,12,6,10,5,3,25,69,127,5,0,0,0,0,0,5,0,0,0,0,0,0,0,0,20,21,22,15,15,39,46,12,149,29,3,6,9,14,4,8,103,5,0,0,0,0,0,0,0,0,0,0,0,0,0,0
0,0,0,0,0,4,2,5,0,0,0,0,1,34,26,0,0,0,0,0,0,10,43,23,2,0,0,0,0,0,1,18,0,0,0,0,9,29,53,114,7,0,0,0,64,136,87,22,107,5,0,0,3,29,92,120,42,4,0,0,0,0,0,29,3,0,1,5,6,27,109,136,63,11,0,0,81,136,93,35,136,83,0,0,7,15,8,24,45,29,0,0,0,0,0,1,0,0,10,111,6,4,39,29,136,55,6,11,2,26,51,13,136,104,0,0,0,0,0,1,12,15,1,0,0,0,0,0
0,0,0,110,127,3,0,0,15,45,11,101,105,7,9,2,25,96,127,9,0,0,17,4,0,6,127,31,0,2,25,2,0,0,0,75,104,2,0,0,59,25,11,127,127,0,0,9,127,82,64,13,2,0,0,45,26,24,127,6,0,0,0,2,0,0,0,29,39,1,0,0,8,22,64,127,63,0,0,1,104,127,62,23,1,0,0,9,32,20,1,0,0,0,0,1,0,0,3,14,2,0,0,0,0,4,37,30,1,0,0,0,4,35,27,2,0,0,0,0,5,5,0,0,0,0,0,0
0,0,3,5,7,20,125,66,58,0,0,0,43,65,69,18,136,0,0,0,2,1,1,39,36,0,0,0,0,0,0,5,0,0,75,136,2,2,21,3,69,11,43,71,2,6,27,27,136,22,5,1,0,0,0,64,65,1,0,0,0,0,0,10,0,0,49,114,9,31,93,1,19,26,76,114,10,28,50,9,136,90,18,4,0,1,5,33,64,8,0,0,0,0,0,3,0,3,13,0,0,22,136,1,23,11,15,1,1,19,99,28,136,13,1,0,0,0,8,65,57,0,0,0,0,0,0,7
0,0,0,0,0,102,66,2,1,0,1,10,29,132,57,6,2,0,0,15,24,85,50,35,4,0,0,38,17,4,6,46,20,0,0,1,4,132,62,17,129,14,15,51,15,22,36,40,10,5,11,132,48,4,1,15,10,0,0,29,8,0,3,90,36,7,15,65,24,29,3,2,132,15,6,15,1,0,0,18,60,9,10,132,57,5,1,6,0,0,13,132,34,2,3,23,12,2,9,69,114,1,0,3,132,1,0,3,9,2,10,69,44,3,0,25,23,80,59,37,17,26,47,62,17,22,14,6
19,3,1,17,60,1,1,5,133,33,9,3,6,1,1,24,42,26,87,46,28,27,2,1,0,1,21,39,82,38,6,0,29,5,0,3,91,4,0,0,133,32,0,0,7,11,4,11,61,7,2,3,43,133,9,10,20,25,0,1,49,126,2,1,19,15,36,30,60,1,0,0,133,39,23,8,13,34,8,21,13,2,15,14,48,133,11,9,76,23,16,0,3,38,6,16,0,9,133,46,2,0,0,0,6,31,133,55,8,3,0,1,0,3,133,77,20,11,0,0,7,8,133,14,0,0,1,6
0,0,0,0,0,103,88,7,2,0,3,7,32,126,85,17,13,12,15,12,29,112,10,0,5,5,13,11,24,11,5,13,19,2,17,30,7,104,50,13,124,31,29,33,13,11,23,31,12,16,54,118,66,9,0,1,15,8,17,24,26,9,4,29,16,9,33,91,112,2,0,3,126,11,4,17,19,1,0,32,66,8,11,126,38,0,0,4,4,11,49,126,11,1,2,16,5,0,1,56,126,2,0,2,126,1,0,13,39,2,5,57,68,1,2,39,4,27,60,36,11,14,54,63,4,9,24,15
0,0,36,141,11,5,18,9,117,59,30,37,3,11,22,5,141,65,1,0,0,0,0,0,10,4,0,0,0,0,0,0,3,0,10,65,30,77,93,29,128,138,48,25,7,11,17,56,132,126,3,0,0,0,0,2,5,1,0,0,0,0,0,0,17,2,1,19,19,37,32,39,141,13,0,9,5,6,8,82,141,13,0,0,0,0,0,10,0,0,0,0,0,0,0,0,12,14,18,5,5,14,13,29,141,61,4,2,2,5,2,8,137,8,0,0,0,0,0,2,0,0,0,0,0,0,0,0
0,0,2,71,8,6,122,28,0,0,7,131,39,23,37,10,58,84,42,52,8,3,10,3,131,95,2,0,0,0,0,0,12,2,12,6,2,7,121,78,29,2,2,15,24,69,103,60,131,115,31,9,4,5,13,46,50,85,3,0,0,0,0,0,11,3,16,14,12,34,21,24,69,15,1,19,21,19,13,31,131,60,0,2,2,1,0,12,49,11,0,0,0,0,0,0,3,6,86,23,3,11,8,10,44,92,66,4,1,7,7,12,131,129,5,0,0,0,0,0,22,5,0,0,0,0,0,0
1,0,2,7,17,62,65,23,102,3,3,15,11,20,22,133,133,2,0,0,0,0,0,124,9,0,0,0,0,0,0,5,3,3,11,12,18,25,24,37,98,13,5,17,14,20,15,61,133,21,0,0,0,0,0,133,41,0,0,0,0,0,0,16,3,43,77,9,15,25,10,9,46,133,77,2,2,9,12,20,133,133,2,0,0,0,8,70,48,5,0,0,0,0,0,19,4,43,58,1,0,14,52,19,6,31,38,9,16,60,50,32,77,11,1,4,2,6,40,133,70,0,0,0,0,0,0,69
15,9,2,3,6,25,108,76,0,3,2,2,1,15,124,24,9,0,0,0,1,19,124,114,0,0,0,0,1,45,124,13,8,43,20,51,87,45,19,4,7,17,16,27,21,44,62,13,121,11,2,18,19,36,35,86,12,15,12,24,27,59,60,11,13,12,3,27,124,34,4,2,46,19,17,42,40,26,7,11,124,25,7,22,43,24,2,12,42,15,7,15,51,40,7,16,9,9,62,88,59,1,2,7,11,16,124,35,12,6,1,6,31,64,124,37,19,3,0,1,15,8,104,60,22,2,1,10
3,20,43,65,6,7,33,12,3,18,95,38,2,12,49,12,140,140,31,0,0,4,10,7,87,47,0,0,0,0,0,0,4,12,12,15,3,11,140,41,28,14,47,14,1,5,135,72,140,73,14,0,0,0,16,89,56,16,0,0,0,0,0,6,14,54,34,22,8,3,22,18,62,40,55,39,5,13,37,21,140,71,5,2,0,0,2,20,47,5,0,0,0,0,0,2,4,5,74,52,12,3,23,11,56,73,76,4,0,8,38,14,140,110,4,0,0,0,0,4,18,6,0,0,0,0,0,0
42,3,14,21,27,57,10,32,93,7,2,0,0,0,0,55,132,5,2,0,0,0,1,71,132,0,0,0,0,0,0,52,53,12,51,93,7,1,0,17,132,50,15,26,4,2,1,16,132,24,10,6,5,13,3,19,132,2,0,0,0,0,0,18,56,2,3,20,18,36,15,64,72,7,3,11,16,48,21,75,132,19,0,0,2,50,22,37,132,17,0,0,0,0,0,7,50,0,1,5,11,29,13,53,54,11,2,5,8,27,14,47,132,109,0,0,0,8,10,16,132,34,0,0,0,0,0,9
45,0,0,7,90,11,4,8,166,0,0,0,6,1,1,28,109,0,0,0,0,0,0,5,0,0,0,0,0,0,0,0,61,2,0,7,132,15,1,10,166,6,0,0,14,1,0,17,153,0,0,0,0,0,0,6,1,0,0,0,0,0,0,0,27,28,111,12,40,20,5,10,166,110,41,1,4,0,0,7,136,13,0,0,0,0,0,12,1,0,0,0,2,0,0,0,0,15,166,5,0,0,0,0,29,116,128,0,0,0,0,0,26,35,5,0,0,0,0,0,0,0,0,0,2,0,0,0
1,3,78,42,5,5,24,20,8,14,122,48,3,9,10,15,86,124,63,3,1,4,5,6,108,86,1,0,0,0,0,0,11,8,40,21,5,4,42,77,37,14,46,26,12,38,59,79,124,119,39,1,1,1,7,85,38,45,1,0,0,0,0,1,15,8,18,20,21,30,43,26,89,34,2,14,34,22,18,26,124,104,0,1,3,0,0,22,31,11,0,0,0,0,0,0,1,2,124,51,1,4,19,14,70,124,60,10,2,9,15,12,124,124,1,0,0,0,0,0,7,3,0,0,0,0,0,0
15,8,2,2,1,32,121,23,52,3,4,16,18,56,94,28,93,5,0,2,6,27,27,34,47,11,1,4,11,28,19,18,12,1,0,0,49,70,116,8,140,21,0,0,0,10,66,43,83,15,2,11,23,33,18,12,75,21,1,1,2,13,18,24,26,2,0,1,84,15,0,3,140,11,0,0,0,0,5,67,59,58,10,10,11,5,21,43,19,140,31,2,1,0,1,4,11,15,6,23,35,7,0,1,91,136,4,0,0,0,2,44,90,140,20,0,0,0,5,24,3,140,67,0,0,0,0,0
0,0,0,0,0,42,11,0,3,0,0,1,1,52,32,3,23,2,0,9,9,13,19,13,4,0,0,21,15,7,3,7,1,7,19,8,6,31,6,4,11,2,11,24,28,12,2,1,86,7,1,10,5,0,0,3,8,1,1,49,27,1,0,1,4,4,4,1,4,7,129,79,8,1,1,4,40,26,102,24,55,2,0,0,4,39,99,21,10,0,0,10,14,38,127,34,0,0,0,1,16,36,155,65,1,0,0,0,0,20,155,113,7,47,8,0,0,138,155,21,75,133,20,0,0,47,155,65
1,5,12,3,12,11,111,89,44,0,2,4,89,62,56,36,128,0,0,0,4,3,2,66,19,0,0,0,0,0,0,3,0,2,100,75,0,2,55,31,51,9,41,42,3,25,65,31,128,18,4,1,0,1,2,68,43,0,0,0,0,0,0,7,9,6,92,97,5,21,74,7,16,27,101,118,7,28,59,9,128,78,23,5,0,1,11,43,50,2,0,0,0,0,0,5,0,4,17,0,1,35,128,3,14,16,30,3,2,38,128,20,128,22,5,0,0,2,20,79,51,0,0,0,0,0,0,10
3,5,16,116,4,2,82,21,0,0,28,133,25,13,25,21,47,49,35,49,5,10,26,20,133,75,2,0,0,2,1,0,2,1,11,9,1,4,133,92,18,3,5,40,24,77,133,59,133,122,46,24,6,12,15,26,44,100,8,0,0,0,0,0,11,9,18,25,15,18,18,21,58,21,16,20,8,19,27,29,133,40,2,5,2,4,3,11,48,16,0,0,0,0,0,0,2,5,75,4,1,11,15,10,32,66,58,3,1,9,18,15,133,129,3,0,0,2,2,2,22,8,0,0,0,0,0,0
185,0,0,0,0,0,1,185,20,0,0,0,0,0,15,55,0,0,0,0,0,0,7,9,0,0,0,0,0,0,4,1,185,1,0,2,5,0,0,130,100,2,0,0,1,1,18,69,19,2,0,0,2,5,12,48,0,0,0,4,5,15,23,11,185,18,0,2,5,0,0,19,147,29,0,0,2,2,0,10,40,39,1,5,2,2,0,5,1,1,3,32,12,12,4,3,185,70,0,0,0,0,0,1,104,50,0,0,0,1,2,3,10,19,0,0,0,27,16,1,0,2,1,2,3,41,13,0
25,20,70,94,2,3,30,11,5,8,64,134,6,7,25,5,134,80,27,18,0,0,4,6,77,11,0,0,0,0,0,0,8,2,16,8,2,9,134,24,11,8,30,42,7,23,134,28,134,57,18,7,0,2,36,72,63,9,0,0,0,0,0,1,1,9,106,4,0,3,65,6,17,32,123,3,0,2,73,20,134,74,19,0,0,0,9,41,64,3,0,0,0,0,0,1,0,1,83,4,0,1,65,6,21,24,76,4,0,0,70,23,134,59,11,0,0,0,7,36,43,6,0,0,0,0,0,0
2,2,0,1,126,15,0,0,126,80,0,0,8,0,0,0,100,66,0,1,4,0,0,0,3,2,0,1,5,4,0,0,16,5,0,74,126,5,0,0,126,87,0,4,4,0,0,10,73,39,0,1,19,7,2,7,2,5,0,0,9,6,0,1,9,1,1,126,101,0,0,0,126,6,1,60,14,0,3,125,32,1,0,0,4,6,14,126,16,50,0,0,2,1,0,7,0,0,0,120,58,5,0,0,4,0,0,126,40,0,0,52,46,2,1,23,1,0,1,126,92,79,0,0,0,0,0,36
3,9,48,2,2,28,59,36,41,35,36,3,2,33,64,97,142,62,2,0,0,0,1,102,24,6,0,0,0,0,0,6,10,1,3,15,16,24,34,55,106,9,13,30,16,26,29,86,157,13,0,0,0,0,0,126,61,5,0,0,0,0,0,5,24,2,3,13,28,15,14,34,128,24,10,23,7,9,23,22,157,61,1,0,0,0,0,3,67,6,0,0,0,0,0,0,0,6,111,13,2,8,9,8,110,86,56,7,0,0,14,11,157,96,0,0,0,0,0,2,33,6,0,0,0,0,0,2
2,9,33,53,9,15,7,0,11,19,198,191,3,0,0,2,29,69,198,63,0,0,0,5,1,156,198,1,0,0,0,0,14,12,16,5,2,7,18,23,31,9,14,13,16,31,14,14,147,22,12,0,0,1,0,37,18,12,20,0,0,0,0,1,1,7,36,13,0,3,10,5,14,44,40,1,1,12,13,5,111,44,3,0,0,0,5,35,27,1,0,0,0,0,0,10,0,6,17,3,2,26,25,0,1,6,12,0,0,23,45,7,54,2,1,0,0,2,19,78,39,0,0,0,0,0,0,27
10,4,8,19,18,46,12,15,22,25,7,17,18,26,35,36,19,25,38,20,0,0,15,57,0,0,9,25,5,4,15,7,103,11,4,9,77,13,3,64,24,10,4,21,136,107,88,96,136,28,17,23,9,13,54,136,29,1,8,74,56,7,2,8,54,45,13,26,48,17,11,28,27,79,58,109,136,26,6,10,136,136,36,16,9,15,21,43,32,5,0,5,58,86,17,5,1,3,3,50,12,4,39,26,12,21,23,55,12,3,30,12,28,29,7,1,0,11,49,30,0,0,0,0,6,51,30,1
2,4,11,8,4,13,39,21,40,2,9,11,8,20,19,59,141,1,0,0,0,0,0,84,11,0,0,0,0,0,0,3,4,5,16,27,27,21,25,13,46,11,18,7,6,9,22,27,178,13,2,0,0,1,2,41,30,0,0,0,0,0,0,5,42,63,61,0,2,10,23,142,15,57,160,17,10,3,4,5,149,45,20,4,7,2,3,45,28,2,0,0,0,0,2,11,178,25,16,0,0,0,9,178,17,8,29,20,39,24,48,93,82,0,1,5,35,22,10,63,56,1,0,0,0,0,0,23
0,0,0,0,0,4,1,3,0,0,0,0,0,21,16,0,0,0,0,0,0,4,24,16,0,0,0,0,41,23,2,5,0,0,0,0,6,19,28,75,4,0,0,0,39,117,54,14,61,2,0,0,2,16,53,76,11,1,0,0,166,92,2,10,1,0,0,6,4,14,76,132,37,9,0,0,50,103,57,23,166,51,0,1,7,9,4,15,18,7,0,2,166,100,0,0,0,0,7,86,8,2,22,13,84,32,10,9,1,10,28,12,140,61,0,0,6,1,0,0,5,4,0,2,166,55,0,0
2,0,0,60,80,4,0,4,6,18,11,64,68,8,8,1,12,52,92,2,0,0,15,8,0,3,119,19,0,3,21,2,38,0,0,37,58,0,1,67,33,12,7,112,106,0,0,6,130,53,45,7,1,0,0,28,18,12,102,8,0,0,0,1,168,0,0,10,12,0,1,168,8,13,41,106,35,0,0,4,59,86,41,15,0,0,0,5,23,11,0,0,0,0,0,0,168,0,0,0,0,0,0,168,28,4,20,9,0,0,0,16,2,18,20,1,0,0,0,0,3,5,0,0,0,0,0,0
50,38,10,5,3,14,52,38,37,24,13,5,5,10,48,41,12,13,49,36,0,0,21,44,0,0,8,45,21,0,5,5,72,105,11,18,70,9,3,5,24,11,6,18,131,112,98,97,131,32,12,21,14,18,63,131,24,1,4,54,65,13,0,9,12,13,11,38,60,29,24,5,19,99,99,93,131,30,5,8,131,131,54,12,10,19,10,36,19,3,11,5,28,40,6,5,0,0,26,65,12,30,6,0,5,53,64,24,5,12,15,13,8,58,28,2,0,2,10,14,0,1,11,7,14,4,5,0
109,0,0,1,8,11,13,87,35,0,0,0,24,127,106,69,89,13,8,9,4,16,28,65,2,2,7,84,45,19,13,1,66,3,2,14,20,8,4,31,85,6,0,15,130,52,20,56,130,23,3,8,14,4,7,127,14,3,10,59,24,16,4,10,11,0,0,26,23,2,1,16,56,82,24,30,79,6,2,18,130,130,27,5,5,0,1,19,8,20,77,6,3,7,2,3,0,0,0,25,33,0,0,2,64,21,4,7,10,0,1,68,130,46,5,0,0,0,0,119,10,8,21,2,4,17,15,9
0,4,0,0,0,96,90,13,2,0,2,7,48,128,66,19,8,15,10,9,33,97,6,0,2,8,12,8,13,22,4,9,24,2,8,25,10,105,48,28,126,22,39,40,18,14,18,45,10,11,52,120,77,7,0,1,19,21,15,21,25,9,6,25,28,10,25,100,87,2,0,2,128,15,7,19,9,0,0,20,55,7,14,128,53,0,0,3,3,6,47,128,11,0,7,20,8,0,1,45,128,3,0,5,128,1,0,5,25,3,4,75,64,2,3,53,5,29,45,33,7,11,63,77,4,10,23,14
17,7,4,23,22,9,31,21,125,3,2,4,5,0,8,87,63,4,36,39,31,41,1,11,4,5,13,34,103,81,0,0,18,24,8,6,21,19,21,16,125,67,1,1,6,11,4,30,66,6,0,0,49,125,8,14,25,66,3,2,64,116,0,0,9,28,40,1,0,11,15,10,82,52,18,3,10,29,17,78,24,5,3,4,57,125,17,19,111,77,1,0,4,28,10,24,0,32,125,1,0,1,2,1,5,58,116,70,19,4,0,1,7,5,125,73,42,15,0,1,31,9,102,15,0,0,16,35
122,3,0,0,0,0,0,1,134,4,0,0,0,0,0,1,134,26,1,2,2,0,0,0,38,9,1,15,68,4,0,13,134,12,0,0,0,0,0,0,134,6,0,0,0,0,0,1,134,5,0,0,6,0,0,2,60,6,0,1,132,15,0,1,134,5,0,0,0,0,0,0,134,7,0,0,0,0,0,1,134,1,0,0,6,7,2,22,60,21,0,0,91,39,2,6,121,4,0,0,0,0,0,1,134,1,0,0,0,0,0,3,118,0,0,0,1,18,9,27,83,38,0,0,15,40,11,13
0,0,2,2,0,46,28,0,4,0,1,5,1,39,36,2,31,10,1,6,4,6,18,11,2,2,1,25,22,7,1,1,0,9,36,17,11,10,2,0,14,1,5,22,35,8,0,1,95,22,2,7,2,0,0,2,9,6,3,60,33,0,0,0,6,5,9,7,35,47,18,9,8,0,0,2,48,91,93,10,56,2,0,0,0,7,156,70,6,0,0,14,24,18,156,23,1,0,0,0,3,156,156,8,0,0,0,1,3,156,156,2,1,12,5,0,0,20,156,27,1,16,19,0,0,2,156,57
3,2,5,9,121,45,0,0,121,74,0,0,35,12,0,0,55,42,7,52,81,0,0,0,8,1,0,50,101,7,0,5,17,5,0,0,121,58,0,0,121,60,0,0,17,5,9,22,52,19,1,50,37,7,47,16,2,3,38,121,57,1,5,6,10,4,10,13,121,49,1,7,72,22,35,0,5,5,59,88,39,48,29,2,1,9,121,61,49,38,42,31,2,0,9,23,0,21,103,61,32,3,0,0,2,78,121,1,0,0,3,3,10,88,121,0,0,0,3,1,19,47,6,0,0,0,0,0
0,0,0,17,65,70,57,5,1,6,10,1,3,8,125,26,0,0,25,4,0,1,125,21,0,0,14,3,6,16,125,14,3,6,2,115,125,4,1,1,57,92,69,21,19,1,8,8,10,28,125,28,0,1,14,2,0,0,125,46,2,3,19,2,3,0,6,105,111,0,0,0,125,48,36,56,27,1,0,24,53,17,44,7,1,67,23,16,0,0,36,17,5,94,84,0,0,0,19,46,9,0,0,0,12,25,65,47,26,10,0,0,8,8,4,10,68,125,18,2,0,11,9,2,4,75,56,2
3,0,0,0,41,16,84,112,47,7,3,6,111,14,6,13,145,47,2,0,2,0,0,17,27,22,26,0,0,0,2,4,91,28,14,0,3,4,32,145,92,7,1,2,22,26,26,59,145,37,1,0,0,0,0,28,46,20,22,2,2,1,3,14,33,63,120,18,3,0,0,10,108,41,7,7,4,2,6,14,145,61,0,0,0,0,0,28,34,2,0,0,1,2,16,48,0,4,36,41,55,4,0,0,90,116,2,9,27,1,0,0,113,145,12,3,0,0,0,1,4,5,14,12,0,0,3,9
0,0,0,0,0,85,87,6,2,1,5,3,14,128,90,12,10,5,13,11,16,113,13,3,2,2,7,20,26,12,12,13,19,2,19,29,10,90,43,14,112,35,54,23,10,16,21,24,9,11,61,107,82,10,3,1,23,8,13,21,28,9,7,24,21,7,35,84,128,1,0,4,128,13,5,17,28,0,0,30,53,7,12,128,59,0,0,4,7,19,54,128,17,0,3,22,8,0,1,43,128,0,0,0,128,1,0,10,38,0,6,59,55,1,5,42,2,37,61,36,20,21,70,61,1,7,22,19
16,2,2,12,23,17,68,29,122,2,5,7,6,2,17,114,28,2,53,47,51,42,0,10,12,16,10,29,90,49,1,0,27,20,7,8,29,17,6,16,122,46,1,1,5,11,4,34,50,4,0,0,88,122,6,12,62,93,0,0,50,88,0,0,23,26,30,7,5,8,5,10,59,35,23,4,5,26,30,90,22,10,2,4,65,122,19,23,112,82,0,0,10,14,15,41,2,30,122,3,1,2,1,1,2,40,122,62,5,3,2,4,5,4,122,74,20,11,1,4,15,11,122,6,0,0,21,35
2,114,115,1,0,8,20,6,36,115,115,9,3,6,15,36,10,15,23,85,25,28,12,9,8,2,31,16,1,6,6,13,0,74,66,0,0,54,32,0,8,20,34,3,2,115,115,24,82,6,35,59,2,12,60,85,9,3,115,35,7,4,0,1,0,0,0,0,68,94,21,0,56,23,0,0,48,115,21,9,115,61,1,0,1,10,8,28,18,1,6,2,18,82,17,3,0,1,9,11,61,23,6,0,32,96,45,12,32,7,0,1,92,82,2,0,12,14,5,4,2,0,6,23,65,115,16,0
0,9,28,0,0,12,30,0,51,8,14,2,1,3,12,34,112,0,0,0,0,0,0,55,9,0,0,0,0,0,0,3,0,7,27,1,0,18,39,0,34,8,13,3,5,31,25,16,179,9,0,0,0,1,2,49,28,0,0,0,0,0,0,5,0,31,76,0,0,7,17,0,17,48,102,8,4,6,7,2,132,47,8,1,2,2,8,42,24,0,0,0,0,22,54,14,2,35,59,0,0,1,32,14,0,8,46,18,40,84,41,2,8,1,1,2,19,179,179,52,1,0,0,0,0,179,179,14
6,1,2,2,14,49,90,33,116,6,3,8,15,25,8,87,144,10,0,0,0,0,0,86,19,1,0,0,0,0,0,2,25,7,9,10,7,15,32,33,115,10,7,13,8,18,40,51,144,8,0,0,0,0,1,99,45,0,0,0,0,0,0,9,1,36,59,1,4,27,24,11,81,144,45,0,0,4,25,17,144,143,0,0,0,0,0,21,39,5,0,0,0,0,0,10,4,55,97,0,2,8,31,11,25,65,53,2,9,47,39,48,105,38,0,0,0,1,16,144,26,4,0,0,0,0,0,30
2,1,60,27,2,14,28,13,29,47,40,7,2,4,23,47,137,137,4,2,1,1,5,4,57,42,0,0,0,0,0,0,5,5,119,44,1,14,34,52,61,137,137,19,0,8,16,38,100,137,21,0,0,0,0,3,18,13,0,0,0,0,0,0,27,6,3,22,16,26,40,53,137,48,4,11,6,12,19,109,136,40,3,0,0,0,0,15,1,0,0,0,0,0,0,0,34,20,8,14,8,7,15,28,137,137,1,7,4,2,3,3,81,42,0,0,0,0,0,0,0,0,0,0,0,0,0,0
161,116,3,2,2,4,4,45,161,18,2,0,0,0,3,26,122,5,0,0,0,0,0,8,1,0,0,0,0,0,0,0,131,161,73,0,0,1,5,6,127,133,30,0,0,0,5,19,96,35,0,0,0,0,0,4,1,0,0,0,0,0,0,0,25,47,24,1,1,20,47,39,114,20,7,1,0,9,34,108,95,4,0,0,0,0,0,37,0,0,0,0,0,0,0,0,21,12,8,4,3,7,10,15,134,8,9,2,0,2,8,26,133,0,0,0,0,0,0,15,1,0,0,0,0,0,0,0
3,0,47,47,9,5,24,38,3,5,125,66,1,4,11,19,24,125,97,12,0,1,7,16,89,125,8,0,0,0,0,1,13,3,19,46,13,5,23,71,37,7,25,24,10,34,72,81,125,104,44,6,1,5,14,67,38,72,8,0,0,0,0,1,19,4,10,22,20,28,45,22,75,46,4,28,22,12,15,27,125,125,1,5,3,1,1,19,38,16,1,0,0,0,0,0,2,3,99,93,3,1,5,9,73,125,33,18,1,2,9,14,113,125,0,0,0,0,0,0,6,7,0,0,0,0,0,0
61,149,149,17,1,0,5,18,51,149,149,0,0,0,3,4,69,106,33,0,0,0,1,5,52,41,0,0,0,0,0,0,149,130,29,1,0,1,6,42,21,20,38,2,1,9,55,42,120,51,13,0,0,0,10,49,28,16,0,0,0,0,0,1,48,114,11,5,6,11,10,11,38,16,13,8,3,4,15,19,149,42,2,1,0,0,1,12,28,5,0,0,0,0,0,0,4,3,73,16,0,5,8,7,36,42,34,8,0,0,10,15,116,68,0,0,0,0,0,1,9,3,0,0,0,0,0,0
0,1,0,0,0,77,118,0,1,0,1,3,1,57,118,36,3,0,0,1,16,118,118,39,8,2,1,2,9,93,118,7,32,27,9,11,32,55,78,27,37,19,19,49,64,28,57,39,84,8,1,30,73,21,21,44,18,3,1,29,68,15,10,39,27,4,1,65,88,5,8,48,35,31,8,6,45,40,25,39,97,34,6,30,46,6,11,47,15,7,9,91,82,1,2,11,11,7,23,52,108,5,3,3,21,42,65,4,12,15,7,12,35,118,53,7,12,12,10,29,10,45,108,87,9,0,0,4
5,18,8,19,21,45,46,5,19,11,5,6,21,24,77,25,126,36,18,9,4,8,52,53,7,8,74,26,4,18,45,1,26,32,12,13,37,44,9,2,52,23,18,48,57,19,8,9,138,31,9,3,9,21,3,24,29,7,31,7,31,137,5,4,48,16,61,47,30,12,11,21,41,29,72,33,65,41,19,12,138,43,28,14,22,63,11,27,8,0,13,17,48,138,5,6,0,1,138,59,0,0,1,0,2,15,138,30,1,3,2,0,10,36,138,44,8,6,0,1,0,0,112,57,11,8,0,0
0,0,0,0,0,0,0,0,0,0,0,0,0,0,0,0,0,0,0,0,0,0,0,0,0,0,0,0,0,0,0,0,1,0,47,52,0,0,0,0,27,12,73,57,0,0,0,2,131,22,9,2,0,0,0,27,51,0,0,0,0,0,0,8,21,3,107,112,3,37,65,11,18,22,131,131,17,63,78,4,131,59,34,15,2,7,23,88,100,0,0,0,0,0,0,30,4,3,3,2,1,90,131,7,3,25,21,8,4,85,131,15,131,4,8,8,1,6,42,131,131,0,0,0,0,0,0,45
5,0,0,0,0,4,9,68,0,0,0,0,0,56,47,5,8,0,0,0,0,13,50,51,6,0,0,0,0,0,0,9,41,0,0,0,14,28,38,155,22,1,0,0,112,155,155,56,155,15,0,0,5,62,155,155,64,3,0,0,0,0,0,33,28,0,0,0,11,9,1,56,39,5,0,0,109,128,16,15,155,65,0,0,8,20,15,42,68,14,0,0,0,0,0,2,0,0,0,0,0,0,0,0,0,0,0,0,0,0,0,0,0,0,0,0,0,0,0,0,0,0,0,0,0,0,0,0
0,0,0,0,0,0,0,0,0,0,0,0,0,0,0,0,0,0,0,3,0,0,0,0,0,0,39,31,0,0,0,0,0,0,0,13,17,0,0,0,41,13,13,118,98,0,0,7,150,47,23,43,7,0,0,63,31,10,150,143,1,0,0,4,0,0,0,48,38,0,0,0,19,46,150,150,135,0,0,1,150,150,150,54,5,0,0,10,43,42,43,10,0,0,0,0,0,0,0,7,1,0,0,0,0,3,47,55,1,0,0,0,6,45,54,15,0,0,0,0,7,11,0,0,0,0,0,0
3,0,0,0,0,4,2,55,0,0,0,0,2,44,31,1,1,0,6,48,48,31,31,10,1,1,31,172,78,0,0,1,44,0,0,0,11,28,8,172,12,0,0,0,81,172,116,34,134,9,2,1,5,41,122,162,54,8,31,94,0,0,0,19,16,0,0,0,8,8,1,27,26,4,0,0,76,85,11,10,172,51,0,0,6,13,10,31,64,19,0,0,0,0,0,2,0,0,0,0,0,0,0,0,0,0,0,0,0,0,0,0,0,0,0,0,0,0,0,0,2,1,0,0,0,0,0,0
0,0,0,0,0,0,0,0,0,0,0,0,0,0,0,0,0,0,0,1,0,0,0,0,0,0,14,23,0,0,0,0,0,0,0,12,22,0,0,0,31,10,11,98,85,0,0,6,145,40,19,25,5,0,0,50,33,10,145,145,0,0,0,3,0,0,0,53,49,0,1,0,14,40,113,145,101,0,0,1,145,145,109,35,3,0,0,9,42,33,28,12,0,0,0,0,0,0,0,12,5,8,145,66,4,6,24,31,6,20,145,78,43,38,20,2,0,1,17,44,9,5,0,0,0,0,2,2
4,14,148,33,1,3,11,8,10,31,148,85,8,2,8,10,148,148,41,7,1,1,4,4,87,44,0,0,0,0,0,0,14,9,104,15,14,5,27,148,26,8,90,63,148,84,13,38,148,61,16,6,17,22,6,42,67,11,0,0,0,0,0,5,4,0,0,0,4,2,7,90,24,1,0,0,85,29,3,19,148,21,0,0,11,6,0,8,28,7,0,0,0,0,0,0,0,0,0,0,0,0,0,0,0,0,0,0,0,0,0,0,0,0,0,0,0,0,0,0,0,0,0,0,0,0,0,0
0,0,0,0,0,1,28,2,0,0,0,30,47,2,20,2,0,19,44,160,160,0,2,0,160,160,103,160,64,0,0,0,0,0,0,0,1,6,99,13,4,0,0,3,2,1,104,35,26,10,63,155,27,1,22,26,31,151,151,76,3,0,0,0,0,0,0,0,1,1,8,2,15,1,0,0,0,0,11,11,65,13,3,0,0,0,1,8,6,8,11,0,0,0,0,0,0,0,0,0,0,0,0,0,0,0,0,0,0,0,0,0,0,0,0,0,0,0,0,0,0,0,0,0,0,0,0,0
0,0,0,0,0,0,1,0,45,0,0,0,0,0,5,22,84,0,0,0,0,0,0,36,3,0,0,0,0,9,8,3,0,0,0,0,0,0,0,0,36,11,8,0,0,0,0,5,112,11,2,0,2,26,2,27,5,0,0,0,8,172,68,3,0,0,0,0,0,0,0,0,4,25,54,0,0,0,0,0,24,31,36,34,115,83,1,2,1,0,116,160,172,172,35,0,0,0,0,0,0,0,0,0,0,1,9,1,0,0,0,0,0,0,22,69,51,2,0,0,0,0,172,172,63,6,0,0
22,40,26,13,4,24,90,14,158,7,13,11,5,14,21,64,158,0,0,0,0,0,0,13,0,0,0,3,0,0,0,0,14,30,56,40,7,26,45,12,158,139,22,3,3,17,19,39,158,22,0,0,0,0,0,7,0,0,0,0,1,3,0,0,6,7,22,15,1,32,158,22,158,41,8,0,0,1,44,158,158,5,0,0,0,0,0,25,0,0,0,0,12,4,0,0,1,0,0,0,0,2,18,3,63,0,0,0,0,0,3,14,28,0,0,0,0,0,0,2,0,0,0,0,2,0,0,0
3,14,9,8,2,65,142,3,69,16,26,8,2,22,96,78,142,3,0,0,0,0,2,111,18,0,0,0,0,0,0,5,21,49,18,4,2,10,31,15,83,35,40,13,5,22,53,34,142,15,1,0,0,2,3,77,52,0,0,0,0,0,0,8,2,20,83,23,4,9,20,5,47,79,62,7,0,13,55,25,142,66,1,0,0,0,7,84,63,0,0,0,0,0,0,15,0,4,14,6,10,67,82,0,12,3,6,1,0,31,106,41,142,1,0,0,0,0,18,142,62,0,0,0,0,0,0,26
2,22,43,6,5,15,39,21,49,31,21,1,2,23,46,84,137,7,0,0,0,0,4,130,10,0,0,0,0,0,0,3,6,27,31,14,33,31,26,13,67,17,22,7,14,22,37,40,137,19,2,0,0,0,3,76,36,0,0,0,0,0,0,7,6,63,117,24,26,17,24,19,26,88,137,20,19,11,10,13,137,70,28,6,10,4,2,57,40,1,0,0,0,0,0,12,7,25,34,13,33,16,80,90,3,12,43,16,31,42,136,82,137,1,2,4,24,36,28,103,70,0,0,0,0,0,0,24
24,59,70,53,22,3,26,14,3,7,60,142,10,9,46,13,142,93,26,24,1,4,15,8,106,26,0,0,0,0,0,1,11,12,7,8,12,44,142,30,16,13,29,49,9,15,142,53,142,79,17,13,1,2,26,54,68,27,0,0,0,0,0,0,9,27,24,9,23,11,20,12,49,42,52,22,3,7,51,35,142,52,6,5,1,1,5,18,64,7,0,0,0,0,0,0,1,3,53,33,9,5,32,5,40,63,47,13,0,3,35,27,142,115,3,0,0,0,2,7,25,7,0,0,0,0,0,0
21,37,73,80,7,2,18,15,12,10,49,151,11,10,39,15,151,65,19,17,0,2,11,14,93,10,0,0,0,0,0,0,12,8,5,12,6,21,151,48,22,12,23,61,12,37,151,31,151,75,13,11,1,3,18,44,70,16,0,0,0,0,0,0,12,35,22,18,7,6,33,11,66,36,31,25,10,20,47,18,151,40,2,4,2,2,4,16,59,7,0,0,0,0,0,0,3,7,32,39,5,6,21,4,53,57,33,14,3,16,32,11,151,104,2,0,0,1,1,3,27,6,0,0,0,0,0,0
1,0,0,0,4,46,128,13,2,0,0,0,0,11,128,47,9,0,2,4,2,22,128,74,0,0,3,9,4,22,128,2,16,3,2,7,52,36,27,6,41,6,6,23,17,9,46,31,128,25,22,21,11,18,20,53,8,13,22,60,89,49,35,1,33,19,18,32,40,14,1,3,62,27,26,39,44,12,1,5,128,25,7,8,28,61,9,19,38,19,4,6,60,124,5,8,3,7,128,66,3,0,0,1,8,22,128,16,7,4,0,1,20,37,128,49,15,11,1,2,13,9,128,41,15,12,0,5
6,0,4,4,3,9,15,8,141,2,0,0,0,0,3,44,63,0,0,0,1,0,0,10,0,0,0,0,181,77,0,0,4,27,76,3,2,13,5,1,134,79,18,1,0,0,1,11,80,11,0,0,4,0,0,4,0,0,0,7,181,73,0,0,2,16,75,9,15,17,31,30,84,18,14,5,20,26,12,50,78,2,0,0,3,0,0,22,0,0,0,128,181,4,0,0,0,1,17,22,3,14,52,26,111,2,3,4,4,18,21,29,98,0,0,0,0,0,0,13,1,0,0,97,69,0,0,0
5,5,36,31,13,28,93,76,138,8,4,4,14,30,32,63,102,1,0,0,0,0,0,19,0,0,0,0,50,13,0,0,8,14,93,138,9,22,107,10,138,101,44,33,2,6,26,35,120,25,0,0,1,0,0,5,0,0,1,20,50,5,0,0,11,32,30,9,3,23,138,20,138,18,18,7,1,5,41,93,127,3,0,0,0,0,0,13,0,0,2,15,3,0,0,0,11,28,41,12,1,5,33,18,138,64,12,3,1,4,16,16,111,9,0,0,0,0,0,2,0,0,0,0,0,0,0,0
0,0,0,0,0,9,119,21,1,0,1,1,1,17,119,47,0,0,1,2,1,19,119,1,1,0,0,0,0,3,119,22,18,2,3,10,11,13,79,29,119,17,21,22,10,20,50,70,9,14,24,67,86,48,93,1,28,76,5,7,25,10,86,27,42,19,15,31,30,8,1,4,119,20,6,11,28,53,7,18,51,30,5,11,84,119,6,10,62,106,5,7,47,10,13,21,8,15,119,14,8,4,0,2,27,38,119,40,17,13,1,3,20,14,119,42,19,18,1,8,19,31,92,5,8,5,18,27
1,0,0,1,2,113,88,2,24,3,2,13,21,88,112,20,17,2,2,31,42,82,42,20,19,1,2,16,25,13,23,26,14,9,37,60,55,60,25,4,115,38,6,51,37,9,16,24,22,9,9,115,102,6,11,18,11,30,21,22,11,5,13,22,27,6,10,19,115,40,6,41,101,40,13,7,44,17,40,91,26,80,62,68,36,17,49,25,1,109,115,27,1,0,0,0,17,52,62,13,33,13,4,22,6,115,114,6,10,2,3,8,5,115,58,0,0,1,3,2,0,26,29,0,0,20,25,0
0,0,13,12,16,54,21,0,15,0,10,28,12,88,94,19,143,3,0,1,1,5,38,95,38,1,0,0,0,0,0,12,13,7,81,46,35,16,12,41,43,2,39,97,143,16,2,5,143,15,0,4,21,1,0,11,64,6,0,0,0,0,1,3,70,2,3,2,32,15,12,143,41,4,1,5,143,52,5,19,143,11,0,0,25,2,27,60,37,0,0,0,0,0,66,57,48,9,1,1,6,11,17,77,13,11,25,16,92,48,13,28,43,60,45,3,9,3,36,77,35,69,22,0,0,0,47,42
3,36,126,80,78,45,7,0,0,112,147,101,22,1,0,0,10,147,129,0,0,0,0,0,9,136,3,0,0,0,0,0,48,79,50,11,4,1,8,22,6,19,96,53,35,2,2,2,73,61,22,4,3,0,0,3,16,9,0,0,0,0,5,4,19,2,0,0,1,1,137,147,16,0,0,1,25,12,37,90,45,2,0,0,3,1,10,27,9,4,0,0,0,1,32,18,37,40,24,0,0,0,34,71,112,58,4,0,0,0,7,76,9,37,18,0,0,0,3,9,3,30,13,0,0,0,4,3
1,0,0,1,2,109,72,1,18,4,2,12,12,97,112,11,7,1,1,25,30,73,67,24,30,0,0,22,24,15,10,60,15,7,30,57,61,66,24,3,114,34,8,53,39,13,15,15,27,9,9,114,103,5,3,28,22,21,18,28,27,4,4,44,29,7,10,18,114,34,5,41,114,40,10,9,52,16,29,81,16,71,72,63,54,20,33,20,2,114,114,17,3,0,0,5,18,54,54,14,36,10,4,29,10,114,104,7,11,1,2,9,2,114,62,0,0,0,2,2,0,29,32,0,0,0,0,0
0,0,0,0,0,5,119,12,1,0,0,0,0,7,119,31,0,0,0,2,2,25,119,0,2,0,0,0,0,9,119,21,28,7,2,12,29,11,87,19,119,24,18,15,15,12,69,53,13,19,21,53,94,60,78,2,43,81,5,10,32,16,68,25,53,11,8,16,56,1,0,2,119,15,7,9,35,42,8,28,58,31,7,8,88,119,5,13,76,95,4,7,43,12,15,23,7,29,119,25,6,0,0,0,21,23,119,32,10,10,2,5,17,20,119,26,17,16,1,6,16,32,95,5,5,3,13,21
1,0,0,0,0,116,70,2,17,4,2,16,16,116,94,12,4,0,1,29,30,65,43,33,22,0,0,27,20,6,3,71,18,7,30,59,33,101,32,3,116,38,11,61,24,16,16,17,16,7,13,116,76,5,3,31,8,32,28,30,17,2,4,40,26,8,19,45,116,14,3,41,116,26,5,14,48,14,37,85,25,92,57,60,37,27,43,17,2,116,116,15,1,0,0,2,28,33,33,17,50,8,5,44,8,116,94,12,18,1,5,15,7,116,33,0,0,0,4,2,0,30,18,0,0,0,0,0
0,0,0,0,0,4,120,23,1,0,0,1,0,18,120,43,0,0,1,3,2,36,120,1,2,0,0,0,0,6,120,35,29,6,1,12,25,6,73,25,120,22,22,16,13,19,58,64,12,14,33,61,81,57,71,2,46,70,3,8,35,11,60,31,51,11,7,16,45,0,0,0,120,16,7,9,28,48,9,25,51,20,8,8,70,120,8,14,87,90,4,6,45,11,14,31,7,28,120,26,6,0,0,0,20,27,120,39,11,12,2,5,13,15,120,30,14,23,1,6,20,32,113,3,5,3,13,31
14,36,101,64,8,2,14,15,17,9,74,117,6,12,45,17,137,35,15,8,0,2,7,24,57,2,0,0,0,0,0,2,14,11,18,15,12,34,137,25,19,12,33,50,11,45,137,20,137,42,9,7,1,4,18,39,55,3,0,0,0,0,0,5,2,22,53,5,26,16,59,8,28,33,74,0,0,4,74,21,137,40,5,0,0,0,8,59,47,1,0,0,0,0,0,6,0,5,137,22,14,2,29,6,9,32,137,0,0,2,42,12,137,102,58,0,0,0,5,37,33,13,0,0,0,0,0,2
14,25,75,76,3,3,16,9,29,13,42,124,7,10,26,8,146,40,10,6,0,0,2,14,48,2,0,1,1,0,0,1,10,7,12,15,4,24,146,18,29,16,23,45,10,32,137,25,146,48,7,4,0,1,8,35,47,4,0,0,2,0,0,0,0,19,45,1,4,8,53,4,42,35,47,0,0,0,52,26,146,37,2,0,0,0,3,42,43,1,0,0,1,20,5,3,0,7,115,4,2,2,31,3,21,33,135,0,0,0,33,18,146,69,28,0,3,9,2,38,27,2,0,0,34,146,21,4
0,1,12,2,3,56,139,0,21,2,17,1,0,28,139,43,136,0,0,0,0,1,40,115,18,0,0,0,1,0,0,6,0,10,53,18,21,29,52,0,49,17,54,10,3,31,52,17,139,17,3,0,0,2,3,56,50,0,0,0,1,0,0,5,4,36,108,21,36,19,26,13,20,71,139,16,11,15,27,11,139,55,28,7,10,4,3,36,58,0,0,0,0,0,0,9,5,17,31,11,35,12,61,64,4,10,42,16,19,39,123,72,139,0,3,4,16,31,28,79,67,0,0,0,0,0,0,19
0,0,0,0,0,1,71,28,0,0,0,0,0,0,44,13,2,0,0,0,0,0,11,10,0,0,0,0,0,0,0,0,11,5,2,3,28,29,144,90,19,1,0,0,6,37,144,108,124,6,0,0,0,4,89,144,26,1,0,0,0,0,0,9,58,13,2,5,130,47,9,13,125,25,0,0,72,46,30,25,144,84,0,0,3,4,9,34,40,8,0,0,0,0,0,1,37,6,49,45,62,22,2,6,119,64,35,10,39,27,2,4,144,98,1,0,0,0,0,0,15,3,0,0,0,2,0,0
0,0,0,0,0,0,34,19,0,0,0,13,11,0,25,8,0,0,3,170,156,0,7,2,0,0,145,170,77,3,14,1,6,2,0,1,10,12,76,41,7,0,0,0,2,12,126,50,42,2,6,80,4,1,47,59,6,2,170,170,1,0,0,2,24,3,0,1,42,19,3,4,45,9,0,0,23,22,13,10,151,36,0,0,0,1,4,15,16,6,10,1,0,0,0,0,15,2,13,18,20,8,0,2,51,21,7,3,16,9,0,0,109,41,0,0,0,0,0,0,6,2,0,0,0,0,0,0
1,4,11,1,4,11,52,4,17,10,14,3,1,5,46,11,110,16,1,0,0,0,2,12,15,1,0,0,2,1,0,0,0,5,28,2,5,2,25,4,21,15,33,0,0,0,30,17,130,21,3,0,0,1,2,28,16,0,0,0,2,97,17,2,0,4,150,7,1,0,3,0,5,24,173,0,0,0,3,2,45,57,40,0,31,46,0,4,6,1,0,0,119,179,24,1,0,0,27,0,0,0,0,0,0,1,31,1,1,0,0,0,0,2,8,16,170,40,0,0,5,0,0,41,179,179,2,3
59,10,1,0,0,2,40,10,0,0,3,3,0,0,48,7,0,4,25,9,0,0,14,7,0,6,6,0,0,0,0,0,5,5,11,14,44,59,148,18,11,1,17,4,0,0,148,75,116,5,1,0,0,0,110,148,14,0,0,0,0,0,0,6,0,0,50,39,96,42,55,1,55,29,77,20,2,12,94,17,148,82,5,3,0,1,12,32,27,4,0,0,0,0,0,0,10,14,94,23,45,24,24,63,48,53,148,39,19,21,28,30,148,90,8,1,2,3,1,13,7,2,0,0,1,1,0,0
21,18,3,15,55,34,108,28,71,0,0,1,45,51,108,56,151,2,7,1,3,3,19,83,12,4,8,2,4,0,0,1,36,28,17,54,151,13,12,20,107,14,36,18,80,7,1,35,151,32,9,1,10,0,0,53,30,0,0,0,13,5,0,3,5,46,151,66,27,6,11,9,16,58,151,28,8,2,0,5,115,147,112,0,1,0,0,4,14,6,0,6,16,1,0,0,0,5,34,1,0,0,0,0,0,3,45,0,0,0,0,0,0,7,14,0,0,0,0,0,0,0,0,1,0,0,0,0
3,10,13,9,4,73,151,6,78,19,28,11,5,43,96,58,151,8,1,0,0,0,3,91,14,0,0,0,0,0,0,3,11,37,39,13,6,10,26,9,83,39,48,10,8,34,37,29,151,19,1,0,0,3,3,80,41,0,0,0,0,0,0,6,3,25,56,42,8,15,30,6,44,59,67,21,2,25,54,24,151,74,3,0,0,1,8,82,49,2,0,0,0,0,0,11,2,9,11,11,15,62,86,3,22,23,19,3,0,20,86,32,151,6,5,0,0,1,12,138,61,0,0,0,0,0,0,24
2,0,0,0,3,47,128,26,1,0,0,0,1,6,128,46,6,0,1,1,0,13,128,83,0,0,1,4,2,17,128,4,23,6,2,13,31,41,28,10,33,5,4,14,30,19,53,24,128,38,22,15,10,15,36,57,8,12,24,54,79,52,54,2,34,11,16,23,33,24,3,9,59,13,20,30,54,13,3,8,128,18,6,5,21,60,14,35,33,22,1,4,63,128,7,8,4,7,128,67,4,0,0,1,8,15,128,25,9,4,1,2,25,29,128,58,13,21,4,6,19,16,113,36,11,27,2,6
23,48,89,67,20,2,16,15,4,7,62,149,11,13,42,20,149,74,15,26,2,5,16,20,80,11,0,0,0,0,0,1,16,11,11,15,15,39,149,35,19,12,27,64,17,45,149,26,149,89,14,16,2,4,22,45,51,16,0,0,0,0,0,0,5,20,34,19,23,12,33,6,49,36,64,17,4,12,58,18,149,34,7,3,0,2,6,17,54,2,0,0,0,0,0,0,2,12,33,38,12,8,27,6,37,44,41,21,2,11,39,16,149,98,3,0,0,1,3,10,24,6,0,0,0,0,0,0
0,0,0,0,0,69,126,9,20,0,0,0,0,8,85,106,11,0,0,1,2,0,0,21,0,0,0,47,44,2,0,0,23,2,10,48,26,110,115,22,146,7,0,3,1,7,47,132,102,0,0,0,0,0,0,24,0,0,0,18,9,0,0,0,37,8,21,88,146,9,0,1,146,51,0,6,13,1,0,2,119,11,0,0,0,0,1,2,0,0,0,1,0,0,0,0,40,1,0,2,146,34,2,11,146,17,0,0,13,2,25,57,44,3,0,0,0,0,82,59,6,0,0,0,0,0,6,26
7,21,62,6,4,6,75,89,30,8,36,19,57,57,51,38,132,3,0,0,4,6,3,80,11,0,0,0,0,0,0,3,1,14,104,54,0,2,73,57,45,7,35,52,8,43,105,46,132,18,3,1,0,4,8,83,30,0,0,0,0,0,0,5,23,24,85,79,5,27,83,13,28,27,69,132,18,42,60,14,132,85,14,7,0,1,6,35,32,4,0,0,0,0,0,1,2,8,11,3,3,41,132,6,32,17,28,3,3,35,95,24,132,6,3,0,0,1,8,69,36,0,0,0,0,0,0,5
0,0,1,1,1,86,53,0,4,0,2,8,8,113,113,4,38,12,2,17,19,60,101,27,9,2,1,33,38,39,34,21,42,16,31,13,9,51,52,45,29,10,36,78,113,39,12,4,113,48,5,35,37,6,8,16,18,7,5,108,96,6,4,13,85,4,3,11,15,8,6,113,33,5,6,12,113,59,9,41,104,40,13,2,26,12,38,73,9,57,53,35,35,15,32,12,25,52,37,14,11,2,2,28,14,61,113,23,29,14,3,15,6,113,110,4,3,1,1,7,1,77,41,0,0,0,0,1
0,0,0,1,1,81,35,0,4,1,1,6,7,115,108,4,31,14,3,18,16,65,106,22,11,2,2,32,25,48,31,16,30,15,33,12,9,66,52,31,29,11,39,75,101,42,12,3,115,52,9,43,31,5,6,13,14,7,7,115,81,5,4,11,91,7,5,13,17,6,6,115,36,6,8,19,115,41,6,37,115,39,12,4,32,10,36,81,10,59,53,41,37,16,32,13,37,34,28,23,9,1,1,38,21,62,92,26,41,11,2,21,8,115,115,5,5,0,2,8,1,92,47,0,0,0,1,1
0,0,4,4,6,86,35,0,8,0,2,10,6,105,110,14,26,12,14,20,10,56,70,21,1,1,9,37,19,36,6,3,0,5,121,68,28,35,9,0,40,2,36,106,111,14,5,6,136,40,20,42,19,0,1,9,13,7,14,136,71,1,0,1,0,1,45,28,72,1,0,0,31,2,5,40,136,6,0,3,136,8,2,13,26,2,9,45,30,3,16,128,30,7,27,17,0,0,0,6,71,0,0,0,5,0,2,27,136,4,0,6,58,24,10,5,26,3,27,100,35,46,9,2,1,5,56,37
29,13,2,39,11,31,12,1,2,6,166,166,18,33,6,0,10,46,166,142,0,1,0,1,0,3,166,166,1,0,0,0,0,4,38,28,15,17,4,0,13,1,18,43,48,11,2,0,89,19,10,24,10,0,0,2,5,3,38,166,25,0,0,0,0,0,14,16,17,0,0,0,11,0,3,22,127,0,0,1,109,1,0,5,17,1,5,21,13,1,9,45,14,4,14,8,0,0,0,4,14,0,0,0,2,0,1,19,105,0,0,1,23,16,8,4,17,1,11,31,13,29,7,0,0,3,21,11
1,1,19,12,15,18,9,4,5,1,18,30,33,14,10,1,99,10,0,3,8,2,3,9,32,1,0,0,0,0,0,2,35,1,6,3,8,3,8,54,14,1,4,9,107,18,0,4,130,14,0,0,16,2,1,4,30,1,0,0,0,0,4,9,41,0,0,0,4,6,15,177,14,1,0,0,67,37,8,21,67,10,3,0,8,2,17,36,17,7,2,0,0,1,31,35,20,0,0,0,0,9,177,177,5,3,1,1,7,10,177,177,27,40,19,0,1,0,57,163,10,23,17,0,24,46,4,7
0,0,0,0,0,70,73,3,2,0,3,5,7,125,107,10,1,0,4,15,14,125,20,3,1,0,4,8,11,10,19,38,9,1,29,52,27,84,41,8,125,29,26,39,15,17,30,26,15,11,28,125,60,9,2,3,13,11,13,27,16,3,2,16,9,3,41,89,125,0,0,1,125,12,4,29,52,0,1,29,65,7,19,125,45,4,10,13,5,75,92,85,8,0,1,9,1,0,0,21,125,0,0,0,91,5,1,8,68,3,16,85,48,26,7,17,4,13,82,62,38,52,45,13,0,0,5,10
7,2,0,1,5,6,121,24,83,2,3,7,8,11,67,100,20,2,22,77,56,37,23,6,14,17,2,22,55,19,63,19,25,11,3,3,15,11,9,14,121,31,1,1,8,18,6,29,57,8,4,12,85,121,6,8,42,121,1,4,47,52,0,0,19,21,49,10,6,1,0,5,94,26,31,9,10,39,18,52,47,29,2,6,47,121,14,14,112,121,0,0,2,9,6,40,1,15,121,13,0,0,0,0,3,16,121,85,7,4,1,2,18,9,121,67,12,8,0,7,38,18,63,4,0,0,11,65
0,0,0,0,1,107,81,2,16,3,1,11,16,104,113,18,7,0,0,26,34,88,71,28,31,0,0,19,23,19,18,62,15,7,29,57,54,81,33,3,113,38,7,50,38,15,22,20,29,9,7,113,101,6,2,27,22,13,11,31,29,2,4,40,30,6,12,23,113,29,7,42,113,25,4,8,53,13,35,71,19,63,57,66,57,23,41,20,2,101,113,21,6,0,1,5,19,43,56,15,35,17,5,30,11,113,100,8,12,3,5,14,3,113,51,0,0,0,4,3,0,26,36,0,0,0,0,0
0,0,0,0,0,10,119,14,3,0,1,1,1,16,119,43,0,0,1,4,3,36,119,0,3,1,0,0,1,10,119,34,33,8,2,10,31,9,66,17,119,26,21,15,18,15,49,48,14,18,29,57,94,60,55,1,35,90,7,12,33,14,48,25,56,12,11,15,54,0,0,2,119,16,9,10,37,44,8,26,57,26,9,10,87,119,5,11,86,85,6,8,41,13,16,28,6,27,119,28,6,0,0,0,24,39,119,39,11,8,1,3,13,19,119,41,16,15,0,4,15,34,117,4,4,3,12,22
0,0,0,0,0,2,112,39,0,0,0,0,0,0,98,38,0,0,0,0,0,12,39,17,0,0,0,0,0,18,40,10,12,5,0,0,18,44,123,50,17,4,0,0,7,5,123,123,70,5,2,11,11,35,94,123,2,1,2,45,34,59,110,26,20,11,2,3,66,15,4,11,72,44,4,2,20,23,17,25,123,83,4,14,9,35,8,31,10,9,6,59,90,123,9,2,6,13,39,49,31,2,0,1,67,40,38,10,4,3,3,13,89,38,2,0,3,123,40,26,15,85,3,0,6,123,11,1
0,10,21,4,3,53,45,0,63,16,17,1,0,16,46,76,126,1,0,0,0,0,1,119,13,0,0,0,0,0,0,6,5,12,22,18,13,17,13,4,59,35,36,5,1,12,27,29,126,38,4,0,0,1,2,95,44,0,0,0,0,0,1,20,11,66,82,25,20,4,7,14,12,126,126,4,2,3,16,15,91,124,57,3,23,26,30,37,39,1,0,0,1,4,27,86,12,21,27,7,13,13,65,69,5,22,44,5,3,6,126,116,17,4,9,2,48,94,103,39,126,1,0,0,4,14,12,69
114,140,26,21,0,0,6,6,2,4,32,74,3,4,14,5,90,36,11,10,0,0,4,6,46,6,0,0,0,0,0,1,18,25,7,3,0,3,93,43,7,4,13,20,4,12,98,16,98,37,7,4,0,0,10,28,33,11,0,0,0,0,0,0,8,1,6,1,0,0,84,165,18,14,26,1,0,0,29,106,135,29,3,0,0,0,2,20,33,2,0,0,0,0,0,1,60,12,77,22,0,0,24,165,140,7,6,1,0,0,13,165,128,26,0,0,0,0,0,27,20,4,0,0,0,0,0,0
0,1,8,1,2,62,135,0,24,2,12,1,0,35,135,56,108,0,0,0,0,0,39,126,6,0,0,0,0,0,0,3,0,11,57,16,17,32,57,0,56,21,52,11,4,26,48,20,135,20,2,1,0,1,2,67,27,0,0,0,0,0,0,4,4,44,121,24,27,22,32,13,21,75,135,18,16,15,26,11,135,59,22,6,11,5,3,54,34,1,0,0,0,0,0,9,5,17,33,12,33,18,68,70,3,9,40,15,28,42,129,63,135,0,2,3,21,31,23,95,52,0,0,0,0,0,0,21
3,12,39,37,23,5,5,3,14,21,44,29,3,9,26,16,146,137,77,26,2,5,7,2,33,39,146,70,0,0,0,0,0,6,21,19,10,39,102,1,33,21,38,15,1,8,96,41,146,78,7,0,0,0,6,60,52,14,3,0,0,0,0,0,4,10,19,23,16,10,17,5,69,33,33,13,2,3,29,20,146,53,2,1,0,0,1,14,51,4,0,0,0,0,0,0,8,21,121,38,5,1,3,15,32,66,146,23,1,2,13,8,146,104,17,0,0,1,3,13,23,3,0,0,0,0,0,4
22,4,1,19,61,45,82,29,89,0,0,7,47,39,69,69,146,0,0,0,1,0,8,98,11,0,0,2,1,0,0,2,37,8,8,60,146,9,6,17,115,16,22,18,75,10,2,36,146,31,6,1,6,0,0,70,32,0,0,0,8,2,0,5,5,35,146,67,42,7,10,6,18,107,146,15,8,4,1,5,131,146,84,0,1,0,0,4,19,7,0,2,7,0,0,0,0,12,58,3,0,0,0,0,0,13,58,0,0,0,0,0,0,13,13,0,0,0,0,0,0,0,0,0,0,0,0,0
37,26,4,7,20,54,42,22,43,17,11,13,1,6,14,12,88,5,3,4,0,2,10,34,22,15,0,0,0,0,0,2,37,100,27,27,36,13,2,4,24,27,2,2,109,121,72,23,131,7,0,0,7,25,68,129,60,5,0,0,0,0,0,11,19,31,27,18,29,6,0,3,33,31,23,108,131,41,5,6,131,76,11,14,20,8,29,59,54,1,0,0,0,0,83,34,29,8,8,12,4,8,14,23,4,8,20,114,67,108,9,2,27,16,11,16,24,76,103,55,3,3,0,0,0,0,131,46
63,86,54,16,16,12,20,30,56,51,6,7,7,11,37,123,1,0,4,40,36,29,15,8,3,16,49,39,33,17,3,1,19,10,41,80,123,28,15,23,123,31,8,11,42,22,25,123,42,6,1,6,40,63,27,28,34,25,16,7,2,6,10,31,5,17,45,123,123,1,0,0,108,111,78,42,35,15,3,7,46,33,19,22,116,102,23,32,123,63,12,13,15,14,13,60,0,1,3,45,55,5,0,0,0,4,8,41,45,6,20,12,12,42,29,28,32,5,12,14,33,54,9,1,5,23,28,12
47,0,0,17,21,0,0,133,76,0,0,0,1,1,5,133,7,0,0,1,14,3,3,14,55,0,0,2,13,1,0,10,43,2,0,76,90,8,0,28,133,9,0,0,1,2,1,118,51,1,0,0,8,49,53,27,81,8,0,0,4,9,33,22,43,48,0,13,72,85,0,0,133,133,2,6,7,4,0,4,33,36,39,38,36,42,21,8,112,99,14,1,0,3,12,17,22,133,2,0,5,16,0,0,51,133,4,3,1,1,0,0,9,24,23,19,8,5,0,0,83,117,6,0,0,0,0,0
0,0,3,3,6,56,23,0,14,0,2,10,8,104,94,28,132,0,0,0,0,5,38,109,29,0,0,0,0,0,0,12,4,9,94,49,32,32,11,9,47,2,37,111,115,21,7,7,139,5,0,5,11,0,1,21,64,3,0,0,0,0,1,3,38,6,19,11,37,9,11,139,35,5,5,34,139,26,2,11,139,10,0,4,22,2,14,45,40,0,0,0,0,0,56,38,58,0,0,0,12,11,12,105,14,2,5,8,134,50,12,30,62,28,15,2,14,6,40,89,32,42,10,0,0,2,69,50
167,145,16,1,0,0,0,9,72,43,46,22,1,2,10,11,124,27,9,4,0,0,1,8,33,3,0,0,0,0,0,1,167,167,3,0,2,4,9,26,61,17,14,11,2,7,71,39,143,22,3,2,0,1,9,22,33,2,0,0,0,0,0,2,114,167,13,0,0,1,9,6,23,28,30,0,0,1,27,17,148,24,1,0,0,0,2,34,29,1,0,0,0,0,0,4,11,34,60,0,0,0,12,5,6,17,78,0,0,1,21,10,87,43,22,0,0,0,2,30,22,6,0,0,0,0,0,3
1,0,0,0,0,0,87,90,0,0,0,0,0,0,70,41,0,0,0,0,0,0,12,12,0,0,0,0,0,0,0,0,20,10,1,0,13,38,121,72,17,6,1,2,6,6,121,121,60,5,1,6,9,22,73,121,2,1,0,20,18,37,50,22,23,13,7,6,67,31,4,11,74,59,6,3,20,18,19,33,121,113,5,23,14,25,14,41,9,9,4,88,88,101,32,14,2,7,63,90,23,3,0,1,74,68,46,12,1,5,9,10,81,59,1,0,3,119,83,16,3,82,20,1,16,121,27,0
0,12,29,16,8,50,47,1,86,26,16,4,1,11,42,85,126,2,0,0,0,0,0,107,3,0,0,0,0,0,0,1,8,19,14,25,20,27,21,4,76,47,33,7,3,17,24,41,126,32,2,0,0,1,1,93,21,0,0,0,0,0,0,5,11,59,99,42,22,4,7,18,19,126,126,8,3,7,13,17,112,126,54,4,23,28,29,31,14,0,0,0,0,2,15,22,11,25,35,9,20,16,56,97,7,29,55,7,7,13,126,126,37,6,12,3,62,105,91,43,61,0,0,0,2,6,8,31
2,7,45,48,36,9,13,3,17,27,36,44,4,10,44,17,148,124,9,1,0,3,15,9,73,24,0,0,0,0,0,0,0,7,14,17,17,50,117,5,48,28,35,20,3,10,86,58,148,79,6,0,0,0,3,53,49,10,0,0,0,0,0,2,9,18,29,32,17,6,9,5,84,44,45,15,3,10,25,20,148,63,2,1,0,0,1,12,37,5,0,0,0,0,0,0,13,22,148,55,1,0,2,25,26,86,148,25,2,5,12,5,138,132,23,0,0,2,5,14,10,3,0,0,0,0,0,1
0,0,0,0,0,0,46,19,0,0,0,0,0,0,30,7,1,0,0,0,0,0,9,5,0,0,0,0,0,0,0,0,6,2,0,1,15,21,135,65,10,0,0,0,2,30,168,68,79,4,0,0,0,3,69,112,21,0,0,0,0,0,0,10,39,3,0,1,33,42,78,98,82,12,0,0,43,34,26,24,168,54,0,0,1,2,8,25,36,8,0,0,0,0,0,1,54,0,0,20,4,5,95,168,119,23,0,0,17,14,12,153,168,56,0,0,0,0,0,0,14,5,0,0,0,1,0,0
164,164,11,0,3,12,6,15,78,39,26,3,1,3,56,41,164,32,2,1,0,0,6,19,22,1,0,0,0,0,0,1,47,164,58,1,0,0,26,12,36,32,69,0,0,1,51,34,164,42,7,0,0,0,3,57,21,1,0,0,0,0,0,2,0,11,164,9,0,0,3,1,8,37,164,4,0,0,5,4,71,120,80,0,0,0,0,7,8,8,1,0,0,0,0,0,0,1,44,2,0,0,0,0,0,2,55,2,0,0,0,0,0,13,22,0,0,0,0,0,0,1,0,0,0,0,0,0
97,57,9,5,2,40,144,32,49,24,26,9,5,45,101,44,144,8,3,0,0,0,5,97,22,0,0,0,0,0,0,5,17,33,32,17,8,2,20,11,57,45,39,7,5,35,55,31,144,20,4,0,1,7,9,81,63,1,0,0,0,0,0,9,1,26,67,53,19,18,21,3,30,39,67,35,5,29,54,20,144,62,6,0,0,1,10,90,72,1,0,0,0,0,0,20,0,5,7,15,38,76,50,0,11,27,18,6,3,32,67,21,144,6,8,1,0,1,11,133,94,0,0,0,0,0,0,37
5,0,0,7,48,15,10,34,80,0,0,12,48,9,21,137,134,0,0,0,0,0,0,137,16,0,0,4,3,0,0,14,14,0,0,7,34,2,3,71,46,6,1,27,110,7,9,77,137,34,0,1,2,0,2,137,75,6,0,0,0,0,0,21,17,0,0,0,6,1,5,111,48,25,7,37,56,4,7,34,137,92,3,5,2,0,0,73,70,13,0,0,0,0,0,22,23,0,0,3,0,0,0,75,34,2,0,1,2,0,1,59,137,2,0,0,0,0,0,131,63,0,0,0,0,0,6,87
155,155,33,15,3,1,6,6,26,50,55,85,7,8,23,16,154,44,10,13,0,2,9,8,51,6,0,0,0,0,0,0,107,155,12,6,1,4,92,45,17,12,19,33,9,25,142,24,155,52,8,8,1,1,13,27,31,9,0,0,0,0,0,0,7,23,20,14,6,1,15,9,38,31,37,7,2,7,40,17,155,23,4,1,0,1,4,11,33,2,0,0,0,0,0,0,1,4,29,28,6,5,15,3,35,34,21,16,1,7,28,12,155,65,1,0,0,0,2,5,14,3,0,0,0,0,0,0
0,0,0,0,69,57,4,0,20,0,0,0,51,130,65,15,130,14,7,7,27,28,34,55,11,7,3,32,83,41,44,17,3,0,0,40,130,14,0,3,50,7,11,68,130,48,2,13,130,29,8,12,29,6,1,58,24,1,9,106,92,1,0,5,28,0,2,102,36,0,0,14,9,27,108,130,45,0,0,1,106,124,75,19,5,4,4,7,14,4,5,31,24,23,6,1,72,1,4,26,0,0,0,19,0,1,47,77,0,0,0,0,0,6,65,41,1,4,4,0,0,5,59,11,3,15,5,0
172,46,7,0,4,1,5,66,57,32,37,9,18,17,13,29,79,11,2,0,3,4,1,28,5,0,0,0,0,0,0,1,172,172,17,6,0,0,5,51,55,16,22,19,5,21,48,50,155,6,1,1,1,5,6,30,13,0,0,0,0,0,0,1,172,172,22,12,2,6,34,15,18,20,38,57,9,20,46,9,128,36,6,4,0,0,3,14,11,1,0,0,0,0,0,0,25,45,9,4,1,3,39,12,22,14,16,1,1,10,47,13,126,4,2,0,0,0,3,22,11,0,0,0,0,0,0,0
0,0,14,8,12,78,36,0,11,1,11,24,9,110,87,8,40,24,22,23,7,39,59,14,1,2,14,40,33,26,4,0,0,5,130,70,33,19,5,0,38,4,49,104,136,6,1,0,136,42,15,40,29,0,0,1,15,8,17,136,71,1,0,2,0,0,18,25,56,0,0,0,27,0,2,33,136,0,0,3,136,4,1,8,39,3,29,76,31,6,22,86,13,11,59,30,0,0,0,6,45,0,0,0,2,2,11,50,136,1,0,3,22,70,47,14,33,2,26,57,35,98,30,0,0,2,38,22
0,1,38,27,41,75,28,1,15,3,35,66,33,61,56,5,133,17,0,6,6,6,19,40,69,5,0,0,0,0,0,5,35,5,40,22,23,6,22,116,32,3,27,55,133,25,1,7,133,24,0,4,33,3,0,5,79,3,0,0,0,0,5,13,104,2,0,1,14,13,14,131,37,1,0,0,133,75,15,32,133,11,1,0,26,5,48,87,38,9,2,0,0,0,105,80,25,42,17,0,1,3,12,33,6,33,84,23,34,23,14,15,12,95,97,5,6,1,17,29,20,59,40,0,0,0,21,18
27,33,26,27,84,9,10,16,155,3,0,2,19,2,0,108,46,7,6,1,0,3,9,25,43,9,1,0,0,1,1,3,37,4,1,2,65,30,96,132,155,46,1,0,22,5,4,39,94,51,41,3,2,1,2,11,30,25,13,2,2,1,1,5,92,62,60,9,1,1,15,89,155,50,1,0,0,0,3,53,106,13,5,2,6,10,19,49,31,0,1,1,6,11,7,15,32,58,50,42,39,1,0,0,155,155,10,4,1,0,0,2,25,28,22,18,0,2,9,11,35,6,3,4,0,2,5,6
0,0,0,0,0,1,117,67,0,0,0,0,0,0,102,56,0,0,0,0,0,4,36,26,0,0,0,0,0,11,29,6,14,2,0,0,13,37,121,55,20,2,0,0,7,9,121,121,73,4,1,7,10,28,90,121,2,0,1,34,27,62,116,38,22,11,4,3,51,26,4,15,69,60,7,1,17,25,15,24,121,100,3,16,8,22,10,32,10,7,4,83,83,95,18,6,2,19,53,62,18,1,0,0,61,59,34,11,1,2,5,17,71,49,0,0,0,109,62,24,3,76,6,0,8,121,26,0
1,10,16,5,5,51,54,1,71,20,8,0,0,9,40,85,124,1,0,0,0,0,0,120,12,0,0,0,0,0,0,7,5,15,26,25,14,16,12,3,58,44,24,4,0,10,31,35,124,37,3,0,0,1,3,106,46,0,0,0,0,0,0,19,14,57,79,29,19,2,3,11,14,124,124,8,2,2,12,12,98,124,50,2,22,26,29,37,38,1,0,0,1,5,27,91,16,22,22,6,13,10,48,76,6,26,44,4,3,6,124,115,18,6,9,2,62,99,83,35,124,0,0,0,7,15,11,68
3,163,163,7,0,0,4,3,10,163,163,47,2,3,3,0,142,54,14,6,0,0,0,6,45,3,0,0,0,0,0,3,6,27,35,6,6,14,105,20,9,8,25,29,5,27,114,14,138,36,7,5,0,2,12,29,42,8,0,0,0,0,0,1,0,6,30,2,12,6,36,3,15,24,38,0,0,1,45,16,163,31,3,0,0,0,4,33,44,1,0,0,0,0,0,3,0,1,84,12,7,1,17,1,6,16,113,0,0,0,25,10,96,54,31,0,0,0,2,24,28,7,0,0,0,0,0,2
87,105,118,80,0,0,0,11,90,47,13,13,16,0,1,59,116,1,0,0,1,0,7,97,7,2,3,1,0,0,23,9,0,27,97,45,17,11,99,24,44,14,15,16,103,24,11,19,127,8,0,0,7,2,0,54,23,5,4,1,0,2,6,10,29,11,16,2,2,6,127,127,77,14,0,0,39,27,35,87,127,73,4,0,4,1,0,9,18,21,27,3,1,0,1,2,23,34,127,21,1,0,1,17,104,44,17,6,1,0,3,29,127,41,1,0,0,0,1,15,13,3,4,2,4,7,7,11
16,1,1,0,0,15,102,87,15,1,5,0,0,14,102,34,58,0,0,0,0,0,13,62,3,0,0,0,0,0,0,1,160,7,5,0,1,2,13,160,41,11,14,5,4,12,17,24,153,8,0,0,0,0,0,37,14,0,0,0,0,0,0,2,160,30,4,2,12,2,3,160,63,74,56,4,4,5,9,17,114,39,7,1,2,1,0,20,17,0,0,0,0,0,0,4,160,17,1,0,3,1,6,130,84,18,18,6,16,18,25,59,58,1,1,1,10,13,6,47,23,0,0,0,0,0,0,10
0,0,0,3,35,44,0,0,1,8,2,0,21,97,14,2,4,30,29,7,10,28,11,6,1,3,9,14,69,37,9,6,0,0,0,0,64,121,0,0,13,5,0,0,25,121,83,29,107,20,5,15,12,8,47,104,16,5,6,121,114,6,1,5,0,0,0,7,121,86,0,0,73,15,2,10,92,121,18,11,121,49,1,3,0,4,9,48,28,9,14,94,21,22,13,6,0,0,3,62,106,4,0,0,27,34,73,78,50,1,0,2,121,55,25,0,2,14,9,40,12,2,1,1,2,82,37,11
2,11,29,47,55,8,6,4,15,25,41,30,3,6,28,22,149,110,9,4,2,4,11,4,87,22,0,0,0,0,0,0,0,7,19,29,33,75,103,2,42,28,34,18,2,6,108,47,149,95,7,0,0,0,5,50,58,14,0,0,0,0,0,0,2,11,24,41,42,17,14,4,79,47,37,9,2,1,35,29,149,51,3,0,0,0,2,15,53,4,0,0,0,0,0,0,15,33,112,47,12,1,2,27,30,74,149,34,2,3,13,12,149,124,25,0,0,3,6,23,23,4,0,0,0,0,0,5
0,0,0,0,0,0,77,37,0,0,0,0,0,1,76,16,1,0,0,0,0,0,26,21,1,0,0,0,0,0,0,2,14,4,1,2,29,37,145,84,21,0,0,0,6,45,145,106,128,6,0,0,0,5,99,145,25,1,0,0,0,0,0,10,54,8,1,4,131,38,8,13,123,21,0,0,65,55,25,24,145,72,0,0,3,4,8,30,38,6,0,0,0,0,0,0,33,7,45,37,55,24,1,2,110,55,37,9,40,16,1,1,145,93,2,0,0,0,0,0,15,4,0,0,1,2,0,0
135,0,0,0,0,0,3,163,4,0,0,0,0,0,19,21,0,0,5,5,0,0,7,4,0,2,5,1,0,0,0,0,163,9,2,4,10,0,18,163,31,4,4,2,0,0,124,93,39,2,0,0,0,0,43,74,5,0,0,0,0,0,0,5,163,45,4,3,38,15,3,49,89,25,17,9,2,4,22,25,131,36,1,1,0,0,4,16,10,1,0,0,0,0,0,0,163,154,16,2,7,6,3,13,41,52,52,11,5,6,6,7,58,50,3,0,0,0,0,1,1,0,0,0,0,0,0,0
26,146,154,7,2,24,94,15,32,154,154,9,4,22,23,2,87,154,10,0,0,0,0,5,5,33,0,0,0,0,0,0,8,86,154,55,29,2,2,4,48,93,89,13,17,3,2,12,154,26,4,0,2,0,0,32,12,0,0,0,4,1,0,2,2,16,78,38,18,2,4,3,8,51,138,8,3,1,1,3,58,75,37,0,0,0,0,2,8,3,0,1,3,0,0,0,0,6,25,1,0,0,0,0,0,6,26,0,0,0,0,0,0,5,5,0,0,0,0,0,0,0,0,0,0,0,0,0
136,136,6,0,0,2,9,83,51,26,2,0,0,9,36,63,136,2,0,0,0,0,2,93,15,0,0,0,0,0,0,5,136,136,3,0,0,4,5,23,57,22,11,0,0,3,18,38,136,16,1,0,0,0,1,58,45,0,0,0,0,0,0,6,61,136,121,0,0,2,3,8,20,71,136,18,10,2,4,8,136,45,15,6,8,1,1,47,51,0,0,0,0,0,0,12,5,26,32,0,3,6,50,66,2,9,32,17,43,7,28,40,72,0,1,6,38,3,2,49,37,0,0,0,0,0,0,15
3,16,39,8,4,15,56,16,55,18,13,3,2,29,47,98,149,3,0,0,0,0,3,149,18,0,0,0,0,0,0,5,4,13,34,22,22,46,35,11,70,24,33,6,7,16,29,42,149,22,4,0,0,0,3,67,59,0,0,0,0,0,0,6,6,80,149,22,12,23,23,20,23,103,149,26,21,7,9,14,149,58,39,10,16,4,1,66,66,0,0,0,0,0,0,22,8,23,22,3,21,17,79,105,3,12,31,16,51,8,47,82,71,0,2,7,46,6,2,53,35,0,0,0,0,0,0,14
1,0,0,0,1,25,147,34,14,2,2,1,0,10,147,88,1,1,9,5,0,19,147,6,0,0,0,0,0,0,3,0,21,9,7,16,23,35,56,14,147,51,24,11,8,21,53,60,28,20,76,31,10,65,36,5,0,0,0,0,0,0,0,0,39,24,48,39,43,17,4,9,147,37,24,20,32,66,13,40,25,2,8,15,41,147,12,12,0,0,0,0,0,0,0,0,3,9,147,38,4,3,1,2,19,46,147,49,11,12,1,3,0,0,121,67,19,21,1,1,0,0,0,0,0,0,0,0
0,0,0,0,0,4,29,2,0,0,0,17,53,3,24,3,0,12,35,160,160,1,2,0,160,160,95,146,97,0,0,0,0,0,0,0,5,26,72,9,4,0,0,2,5,1,95,38,20,14,73,160,50,2,18,20,28,160,160,81,6,0,0,0,0,0,0,0,2,4,5,1,9,0,0,0,0,0,9,11,45,14,6,1,0,0,1,7,4,14,16,0,0,0,0,0,0,0,0,0,0,0,0,0,0,0,0,0,0,0,0,0,0,0,0,0,0,0,0,0,0,0,0,0,0,0,0,0
0,0,0,0,0,0,0,0,25,0,0,0,0,0,19,29,70,0,0,0,0,0,2,44,4,0,0,1,0,8,7,3,0,0,0,0,0,0,0,0,34,9,4,0,0,0,0,5,104,9,2,0,2,36,6,27,5,0,0,0,5,165,112,4,0,0,0,0,0,0,0,0,3,19,35,1,0,0,0,0,18,23,32,51,129,98,3,3,0,0,113,165,165,165,60,0,0,0,0,0,0,0,0,0,0,0,6,2,0,0,0,0,0,0,26,89,45,2,0,0,0,0,165,165,47,4,0,0
14,22,9,11,18,39,150,20,159,31,9,5,1,5,40,78,159,8,0,2,1,0,0,11,0,1,16,34,11,0,0,0,21,27,53,37,27,12,27,18,159,110,10,1,0,0,11,42,159,22,0,0,0,0,0,4,0,0,1,1,6,19,3,0,11,4,12,9,15,54,129,30,159,24,2,0,0,1,29,142,154,3,0,0,0,0,0,16,0,0,0,0,72,37,1,0,1,0,0,0,1,2,6,2,29,0,0,0,0,0,0,6,11,0,0,0,0,0,0,0,0,0,0,0,9,0,0,0
7,5,38,54,3,11,81,51,153,15,5,8,1,9,36,64,134,1,0,0,1,0,0,8,0,0,0,2,98,7,0,0,9,11,44,104,16,32,96,14,153,77,19,23,3,6,14,34,153,15,0,0,1,0,0,2,0,0,2,33,72,1,0,0,26,20,9,2,1,15,96,20,153,9,3,0,0,3,15,48,153,3,0,0,0,0,0,3,0,0,3,16,4,0,0,0,21,20,16,16,2,6,15,6,153,70,2,0,0,1,4,9,110,12,0,0,0,0,0,0,0,0,0,0,0,5,0,0
0,0,0,0,0,13,126,16,3,0,0,0,0,6,126,47,0,0,0,1,4,30,126,3,1,0,0,0,0,6,126,24,15,2,3,8,14,23,80,17,126,23,7,9,7,11,57,63,17,17,8,32,102,65,58,5,31,62,6,8,31,14,64,25,24,10,36,20,10,4,0,4,126,24,21,11,14,37,10,32,53,24,18,12,62,126,9,12,80,68,10,9,46,13,5,18,2,8,126,15,1,0,0,0,9,30,126,27,5,4,0,2,11,25,126,36,9,8,0,2,16,30,126,9,6,3,2,9
0,0,0,0,0,115,69,1,5,1,1,7,10,115,110,8,2,0,1,19,16,115,58,6,12,3,1,12,7,21,33,10,11,4,7,49,45,115,40,4,115,36,12,48,24,31,35,22,13,10,14,115,77,8,11,7,19,41,20,15,8,3,12,14,28,5,8,44,110,18,7,44,115,31,5,16,52,8,12,81,19,68,68,72,48,9,16,25,2,115,115,18,2,0,0,0,19,48,42,8,27,11,6,35,16,115,92,8,14,2,1,12,6,115,49,0,0,0,1,4,0,33,27,0,0,0,0,0
0,0,0,0,0,0,0,0,0,0,0,0,0,0,1,1,0,0,0,0,0,0,3,11,0,0,0,0,16,16,0,1,0,0,2,8,19,22,12,0,12,1,3,28,25,73,110,30,134,7,0,1,2,8,68,134,25,1,0,22,56,10,0,13,37,2,14,26,26,39,100,114,78,14,20,111,134,59,20,29,134,68,0,6,27,5,9,34,40,8,0,15,9,0,1,7,82,5,1,1,6,16,23,111,75,13,14,8,120,96,15,61,134,38,11,0,12,5,25,134,31,9,0,0,0,0,12,60
4,10,39,18,102,25,12,21,16,32,140,18,4,10,24,28,140,67,27,6,2,4,4,9,52,5,0,0,8,0,0,0,4,12,56,40,111,21,21,41,22,10,50,58,5,19,121,91,140,12,5,5,2,10,32,58,69,0,0,0,9,0,0,2,10,21,43,37,68,31,64,17,27,20,52,120,16,29,95,21,140,67,13,14,1,2,8,24,62,5,0,1,8,0,0,0,2,4,5,9,93,43,49,6,45,18,9,2,1,12,78,21,140,12,1,0,0,1,6,23,43,2,0,1,1,0,0,0
4,12,42,22,100,20,9,18,31,45,134,12,5,12,15,21,135,54,12,2,2,3,1,25,27,1,0,0,3,1,0,2,5,18,44,31,128,23,24,55,28,15,55,39,6,33,109,87,135,15,4,3,2,14,21,77,47,0,0,0,11,4,0,8,10,34,48,49,86,32,50,8,28,27,68,96,11,28,104,20,135,71,14,9,0,2,10,34,47,6,0,4,11,1,0,1,2,4,2,14,121,59,41,2,41,24,9,1,1,13,82,26,135,11,2,0,0,0,7,43,41,0,0,2,0,0,0,2
4,14,42,27,103,21,12,23,19,39,135,22,7,11,16,28,135,69,25,5,2,4,2,12,27,2,0,0,0,0,0,0,4,12,55,42,128,25,23,54,23,11,53,48,6,22,123,104,135,11,4,4,2,11,30,59,38,0,0,0,0,0,0,1,8,21,48,38,88,33,68,17,33,20,58,106,16,27,106,20,135,59,11,11,1,2,8,18,34,2,0,0,0,0,0,0,0,4,10,6,110,39,48,5,53,21,23,0,0,8,80,22,135,21,0,0,0,0,4,21,18,0,0,0,0,0,0,0
1,4,25,23,69,15,7,9,13,28,96,8,4,10,9,14,123,47,12,1,2,3,1,13,19,2,0,17,151,74,0,0,2,9,27,20,81,23,15,25,17,8,35,31,4,20,73,52,151,6,3,3,2,10,16,37,31,0,0,151,151,3,0,1,5,15,22,28,63,21,31,7,22,15,30,67,11,17,61,11,151,38,6,8,1,1,4,10,30,2,0,49,67,7,0,0,0,2,4,4,79,29,21,2,28,13,11,0,0,5,44,13,151,13,0,0,0,4,3,16,18,0,0,0,53,129,15,1
0,0,1,0,0,6,94,52,1,0,0,0,4,81,63,21,33,0,0,0,1,26,43,65,9,0,0,5,32,1,0,8,0,16,76,35,9,10,136,93,24,3,23,38,5,94,136,74,136,11,1,1,1,32,31,77,40,2,0,8,20,0,0,2,8,40,86,62,15,59,71,3,40,20,45,116,25,56,79,18,136,68,7,6,1,3,6,37,37,3,0,2,6,0,0,1,0,0,2,19,98,70,53,0,40,9,6,2,6,35,76,26,136,17,0,0,0,1,5,74,34,0,0,0,2,0,0,6
1,0,6,27,18,112,89,1,24,18,7,24,13,82,121,15,2,3,7,47,34,81,39,4,18,7,8,6,8,7,18,40,8,2,32,114,121,14,3,0,121,60,14,61,67,3,4,12,20,26,49,121,64,1,2,3,10,121,87,17,2,0,0,2,5,0,4,30,121,4,0,1,121,33,19,20,91,2,20,98,49,39,54,62,11,2,29,50,3,79,77,7,0,0,0,0,0,1,21,78,64,0,0,0,8,49,79,40,16,0,0,8,13,21,5,0,0,0,0,4,0,0,0,0,0,0,0,0
0,0,0,0,0,2,93,15,0,0,0,0,2,10,37,22,0,0,0,0,4,14,23,4,2,0,0,0,0,0,12,15,14,1,0,0,4,15,120,56,120,9,3,18,16,22,64,107,16,12,2,47,108,72,55,17,95,58,0,0,10,7,41,81,47,20,24,14,15,5,4,13,120,27,5,2,7,81,31,35,57,115,0,6,57,120,13,5,79,120,0,0,5,3,0,3,8,9,120,54,1,0,0,0,20,11,110,102,11,30,13,8,108,64,61,22,3,22,4,34,66,40,3,0,0,0,0,44
0,0,0,0,0,0,91,63,0,0,0,0,0,0,73,27,0,0,0,0,0,1,14,11,0,0,0,0,0,1,0,0,6,4,0,0,10,25,123,78,15,0,0,0,0,7,123,123,66,7,1,8,10,23,75,123,2,1,0,15,35,41,50,14,7,11,8,20,66,28,5,8,88,45,1,1,3,9,19,36,123,65,2,11,16,52,25,41,8,32,2,23,101,123,24,8,1,4,104,123,19,1,0,0,53,37,114,50,3,1,3,7,61,24,8,18,8,94,64,21,35,123,2,0,3,75,13,4
0,3,23,27,23,37,26,0,97,15,7,4,0,11,33,74,124,1,0,0,0,0,0,112,3,0,0,0,0,0,0,2,3,8,19,31,92,44,19,1,82,42,30,1,0,4,19,42,124,38,3,0,0,0,0,95,24,0,0,0,0,0,0,6,9,43,60,65,89,11,6,16,25,124,124,2,1,2,15,35,95,121,58,3,13,36,31,29,14,0,0,0,0,4,15,21,7,19,30,18,86,27,24,45,11,25,57,17,1,7,124,124,28,8,19,7,11,90,124,47,53,5,0,0,0,6,11,31
0,2,20,64,46,11,0,0,18,62,50,36,6,3,6,2,104,125,16,5,0,1,2,5,111,70,0,3,3,1,0,4,0,2,20,34,40,12,7,0,36,15,26,37,54,34,33,15,126,118,7,5,1,4,12,35,55,47,0,2,2,0,0,4,7,33,8,41,59,8,4,0,32,106,126,70,17,3,2,2,126,48,84,40,5,1,3,45,57,0,0,0,0,0,5,43,7,55,50,69,13,0,0,0,26,109,35,18,16,9,3,2,13,5,19,32,111,90,54,38,20,0,0,0,9,22,95,126
0,0,1,0,0,13,79,9,0,0,1,5,0,0,78,22,0,3,29,17,0,0,24,16,1,14,16,1,0,0,0,2,0,0,3,8,60,85,142,25,10,1,5,5,0,1,142,138,104,5,0,0,0,0,101,142,26,1,0,0,3,2,0,15,0,0,31,26,106,49,25,2,66,32,42,19,2,5,56,28,142,98,1,0,0,0,7,42,46,10,0,0,18,7,0,1,13,12,77,25,29,18,14,52,53,62,119,43,6,9,20,16,142,114,7,0,0,0,0,1,13,5,0,0,36,7,0,0
4,3,1,8,21,52,139,9,56,0,0,1,11,51,117,75,139,0,0,0,0,0,11,118,11,0,0,5,6,2,0,4,21,14,10,60,131,9,7,13,94,20,24,9,36,7,3,37,139,30,5,0,2,0,0,78,36,0,0,2,25,6,0,9,7,34,139,50,46,5,3,8,16,110,139,14,4,0,0,2,115,139,85,0,0,0,0,5,23,13,0,8,10,0,0,1,0,21,85,0,0,0,1,0,0,18,86,0,0,1,8,0,0,20,25,0,0,2,16,0,0,2,0,0,0,0,11,1
0,0,0,0,14,124,60,1,3,0,2,4,9,124,114,9,17,25,24,28,28,66,13,13,25,30,11,6,0,5,21,25,0,0,0,0,124,110,14,5,8,0,1,1,6,50,79,32,52,12,9,9,0,4,55,60,34,23,8,4,0,0,2,26,0,0,2,100,124,19,4,1,29,14,2,21,46,53,13,5,124,77,7,0,1,3,6,17,35,114,26,0,0,0,0,11,0,0,3,124,89,1,2,4,7,123,29,69,66,1,0,0,27,124,42,0,0,0,0,0,3,116,56,0,0,0,0,0
2,1,0,0,26,130,47,0,5,1,0,0,4,85,130,14,16,6,0,0,0,3,118,128,47,1,0,0,0,0,8,130,0,0,10,60,19,130,59,1,14,6,22,5,3,24,58,49,87,26,6,0,2,2,9,54,54,6,2,1,8,11,33,130,0,0,62,130,5,3,1,0,7,27,130,64,1,0,3,4,60,65,54,8,8,4,0,6,9,19,31,37,30,19,22,23,1,1,14,130,20,0,0,0,0,7,41,130,16,0,0,0,6,35,42,21,3,1,0,0,10,9,24,27,12,5,0,5
20,8,3,0,0,9,35,36,153,7,0,0,0,1,14,81,122,4,0,0,0,0,0,43,3,0,0,0,0,0,0,4,17,0,0,5,13,33,43,124,153,44,0,0,0,0,4,79,127,31,0,0,0,3,4,26,4,0,0,0,0,0,2,37,48,9,68,54,21,4,2,38,153,13,15,7,0,0,1,66,100,9,9,0,0,9,10,24,17,3,5,0,0,2,3,34,7,21,153,92,1,3,4,0,153,32,89,99,0,0,1,44,96,19,12,1,0,9,7,30,4,1,4,1,1,13,10,10
0,0,0,0,0,10,123,24,2,0,0,0,0,5,123,67,0,0,0,0,2,20,123,5,0,0,0,0,0,3,123,33,14,0,0,4,15,20,75,21,123,22,6,10,9,11,61,74,13,15,7,32,96,60,90,6,28,53,5,5,23,15,90,46,25,8,31,21,19,3,0,1,123,20,16,10,15,41,13,34,50,27,5,9,66,123,10,11,71,83,6,8,47,13,5,16,1,6,123,22,1,0,0,0,10,20,123,52,6,8,2,3,18,23,123,44,8,16,1,3,23,30,91,11,10,6,5,16
0,0,0,0,3,106,75,1,10,4,2,7,8,100,113,11,2,0,1,17,18,111,73,11,11,2,0,6,6,22,36,12,14,6,13,60,54,75,24,3,113,49,13,45,27,15,22,18,13,11,14,113,79,6,5,14,20,30,17,14,6,1,4,16,29,4,9,29,113,27,7,38,110,43,12,11,45,9,13,81,16,74,87,65,45,9,15,23,2,113,113,17,2,0,0,0,17,63,74,12,19,8,3,18,11,113,113,7,7,1,0,6,3,113,68,0,0,0,0,2,0,35,48,0,0,0,0,0
0,23,33,0,0,2,3,0,0,8,8,0,0,7,23,1,0,0,1,0,0,1,15,9,0,0,0,0,8,11,1,1,0,0,1,4,13,79,36,0,8,0,2,13,14,101,169,20,92,3,0,0,1,10,75,106,14,0,0,12,37,6,0,7,27,1,10,17,21,41,84,101,52,13,14,68,121,42,19,14,183,47,0,4,13,3,6,22,27,2,0,8,10,0,0,3,87,0,0,0,5,8,46,183,64,6,0,1,82,63,28,79,137,21,1,0,5,3,12,77,10,1,0,0,0,80,42,33
5,14,41,26,103,24,11,18,25,50,138,13,5,12,18,23,138,70,18,3,2,3,2,17,32,3,0,0,3,2,0,1,5,15,50,36,109,28,23,52,30,14,58,45,5,25,124,92,138,14,5,4,2,12,26,63,48,0,0,0,18,3,0,3,11,27,45,42,81,28,56,15,35,27,65,100,13,26,104,23,138,67,12,10,1,1,9,26,45,3,0,4,14,0,0,0,0,2,9,7,108,38,43,4,49,21,21,0,1,9,81,22,138,20,1,0,0,0,5,27,34,0,0,1,2,1,0,0
0,1,2,0,0,8,97,44,0,0,0,0,6,77,60,19,7,0,0,0,1,34,48,15,0,0,0,0,0,0,0,0,1,19,71,28,19,19,127,109,19,3,30,35,8,104,127,83,127,11,2,1,3,42,39,59,3,0,0,0,0,0,0,0,8,52,102,64,25,56,64,4,34,18,67,116,23,63,102,19,127,69,8,7,2,5,9,44,12,2,0,0,0,0,0,1,0,0,3,35,127,67,44,0,30,11,6,4,9,37,72,30,127,19,1,0,0,2,4,80,30,0,0,0,0,0,0,5
1,0,4,19,13,65,55,1,19,10,6,16,10,66,113,13,1,2,4,27,25,84,36,3,7,4,3,6,8,7,18,40,7,1,33,105,116,16,4,0,116,47,12,57,58,4,4,10,19,21,39,116,64,1,1,2,9,116,75,15,1,0,0,4,3,0,3,24,116,12,0,2,116,30,12,16,75,8,14,94,52,68,60,63,12,2,21,43,5,116,93,6,0,0,0,0,0,1,29,77,73,0,0,0,11,100,116,36,18,0,0,12,25,103,38,0,0,0,1,6,6,15,2,0,0,3,2,0
0,0,0,0,0,1,116,15,0,0,0,0,2,29,81,23,0,0,0,1,5,35,114,21,3,0,0,0,0,0,67,52,12,1,0,0,5,14,116,44,116,8,2,12,13,24,77,97,16,12,2,39,112,73,71,15,93,66,0,0,14,8,59,82,28,18,24,12,14,2,2,7,116,24,7,2,8,68,20,30,56,91,1,3,50,116,9,6,69,116,0,0,5,2,0,4,3,7,116,36,1,0,0,0,13,9,97,81,8,21,7,7,84,45,54,22,4,20,2,30,67,31,3,0,0,0,0,52
7,13,43,11,4,15,63,57,142,10,9,4,4,15,29,58,70,0,0,0,5,0,0,10,0,0,1,4,122,28,3,0,7,17,74,76,6,15,61,17,142,55,20,23,2,5,19,34,109,6,0,1,6,0,0,4,0,2,5,50,99,2,0,0,10,10,13,7,6,24,112,13,142,23,4,3,1,4,23,52,109,1,0,0,1,0,0,7,0,0,0,19,73,24,0,0,6,18,116,6,4,1,13,6,142,85,50,0,0,0,2,19,74,16,0,0,3,8,0,2,0,0,0,0,106,142,0,0
2,0,0,0,1,53,94,14,14,1,0,14,15,7,75,86,3,2,2,85,113,8,1,10,4,53,29,18,37,3,0,0,62,38,0,0,9,118,118,21,118,93,0,2,5,10,56,113,37,35,24,37,96,19,1,21,0,118,46,9,15,1,0,0,115,118,4,0,16,46,6,2,117,73,11,5,0,0,0,99,25,13,15,17,4,0,4,118,4,20,10,5,1,0,4,12,34,118,25,3,1,4,2,0,5,17,29,35,6,9,4,17,56,2,4,9,0,0,0,88,24,3,0,0,0,0,1,22
3,8,37,44,3,6,28,9,131,32,9,11,1,2,9,14,58,4,0,0,2,0,0,1,0,0,1,18,58,2,0,0,8,7,9,7,3,13,80,10,179,21,3,2,0,2,14,29,66,2,0,0,0,0,0,2,0,0,0,17,40,6,0,0,10,14,75,2,1,0,13,7,167,58,23,0,0,0,1,15,60,8,0,0,1,4,0,1,0,0,0,0,55,187,0,0,0,9,139,1,0,0,0,0,15,61,62,0,0,0,0,0,8,11,0,0,31,67,0,0,0,0,0,0,187,187,1,0
0,0,0,0,0,0,87,47,0,0,0,0,0,0,79,29,0,0,0,30,2,0,22,22,0,0,38,148,4,0,0,1,9,13,4,3,33,28,124,62,15,0,0,0,2,11,148,114,105,4,0,0,0,0,64,148,20,0,4,19,4,0,0,9,13,10,5,9,113,40,4,5,91,24,0,0,20,20,20,20,148,76,0,0,0,1,4,24,30,7,0,2,4,1,0,0,2,0,82,83,26,8,1,1,60,80,97,21,5,4,0,0,148,106,5,0,0,0,0,0,8,3,0,0,5,22,0,0
1,0,1,6,0,0,82,130,7,0,0,1,4,19,26,100,44,4,1,1,5,28,21,51,120,0,0,0,0,0,0,74,19,0,17,117,37,0,9,58,130,5,5,5,7,5,4,128,68,33,30,7,6,7,3,12,130,8,0,0,0,0,0,26,23,6,2,46,130,18,0,1,130,54,0,1,15,1,0,8,74,22,6,4,3,0,0,0,130,24,0,0,0,0,0,1,28,14,1,46,130,3,0,0,130,67,0,4,7,0,0,10,42,41,0,0,1,1,0,2,97,62,0,0,0,0,0,1
89,12,3,1,1,12,31,102,2,4,12,15,28,129,69,13,28,25,28,18,4,33,117,54,21,32,32,9,3,0,3,16,14,0,2,20,1,7,75,124,108,57,77,14,22,61,58,59,43,129,129,6,3,9,17,17,16,91,69,2,0,0,0,4,19,4,10,76,0,0,1,5,129,38,10,6,0,0,0,44,123,44,33,0,0,0,0,12,0,7,17,3,0,0,0,0,3,14,13,68,3,0,0,0,129,116,10,8,0,0,0,3,94,24,0,0,0,0,1,4,0,0,0,0,0,0,1,0
0,0,0,0,0,0,0,0,0,0,0,0,0,0,2,1,1,0,0,0,0,0,3,13,0,0,0,1,21,16,0,1,0,0,2,7,19,22,12,0,14,0,4,27,26,84,107,30,133,6,0,1,3,11,67,133,27,0,0,25,58,6,0,11,34,3,16,24,26,42,104,111,76,18,25,115,133,56,19,32,133,73,0,8,28,5,9,36,39,6,0,12,11,0,2,9,76,7,2,1,5,14,23,110,71,15,18,11,115,93,15,67,133,41,15,1,12,6,30,133,32,6,0,0,0,1,24,63
3,6,8,5,2,15,38,16,2,4,56,75,2,2,31,38,0,0,120,120,5,0,0,1,0,0,99,120,120,0,0,0,21,5,10,58,39,41,61,35,113,36,17,26,11,14,58,120,28,4,14,35,13,0,1,14,0,0,3,120,120,0,0,0,96,37,45,67,10,0,0,24,60,61,60,40,10,2,4,14,30,9,9,7,5,11,55,51,2,2,16,120,49,2,17,34,68,43,23,8,5,22,29,41,0,1,14,38,35,30,62,16,13,5,13,65,43,33,70,52,38,8,8,14,14,14,30,90
147,7,2,0,0,0,11,147,42,16,27,3,1,2,3,32,54,11,2,0,0,0,0,6,5,0,0,0,0,0,0,0,147,95,3,0,0,0,0,136,138,15,3,0,0,3,20,84,82,2,0,0,0,1,5,22,10,0,0,0,0,0,0,0,147,147,5,0,0,0,0,2,142,51,15,1,0,0,6,15,87,17,3,0,0,0,1,6,10,0,0,0,0,0,0,0,141,147,0,0,0,0,0,2,60,27,1,0,0,0,7,17,75,3,0,0,0,0,1,9,7,0,0,0,0,0,0,0
0,0,0,0,0,1,28,14,0,0,0,0,2,26,18,5,4,0,0,11,136,14,14,11,0,0,4,76,195,13,0,0,0,4,23,7,1,2,41,26,5,1,7,10,2,27,52,17,56,3,0,31,75,9,8,19,4,0,0,195,195,0,0,0,3,13,27,15,3,15,16,1,6,4,15,34,6,16,22,4,70,19,2,15,12,1,2,13,7,1,0,195,195,0,0,0,0,0,0,5,25,23,14,0,5,1,0,0,2,12,24,6,66,3,0,0,0,0,2,27,14,0,0,91,20,0,0,3
1,82,65,35,23,76,68,1,27,26,7,21,15,62,119,22,2,4,6,39,40,88,46,3,8,4,5,7,8,11,26,41,6,2,27,106,119,17,1,1,119,74,12,56,69,8,4,15,19,24,42,119,82,1,3,4,7,113,86,24,2,0,0,3,5,1,5,26,119,23,0,2,119,38,21,17,75,10,20,100,46,38,58,66,15,3,29,47,3,84,96,9,0,0,0,0,0,1,25,78,66,0,0,0,9,53,74,31,12,0,0,6,13,19,6,0,0,0,0,4,0,0,0,0,0,0,0,0
0,0,0,0,0,1,97,15,0,0,0,0,3,12,38,21,0,0,0,1,4,13,27,4,2,0,0,0,0,0,15,15,17,1,0,0,3,12,121,56,121,10,3,20,17,22,62,107,15,12,3,51,111,68,61,14,97,62,0,0,11,9,48,77,46,22,24,14,13,2,3,14,121,30,5,3,9,79,32,33,52,114,2,7,69,121,16,6,74,121,0,0,6,3,0,3,7,13,121,49,1,0,1,0,19,14,100,99,14,32,15,8,107,60,56,22,3,22,6,36,66,40,2,0,0,0,0,46
0,21,35,3,0,0,0,0,0,2,45,194,16,2,6,0,0,1,194,194,14,0,4,3,16,81,194,162,1,0,1,19,0,0,1,1,7,31,12,0,3,0,2,12,7,54,76,7,43,3,43,29,0,7,38,42,7,4,110,46,13,0,0,1,8,0,3,5,9,33,48,30,24,4,9,39,52,24,11,14,129,17,0,3,9,2,4,13,14,1,0,7,5,0,0,3,22,4,1,1,1,7,11,28,24,5,7,2,33,26,6,25,52,12,7,0,5,2,12,45,11,1,0,0,0,0,5,22
4,15,30,9,13,2,2,8,35,42,34,0,1,6,6,14,32,4,0,0,0,3,5,34,1,0,0,5,23,0,0,2,4,16,34,11,14,4,16,31,10,8,31,15,3,26,55,31,97,8,3,1,1,13,11,33,11,0,0,3,15,49,17,1,4,43,50,17,3,0,0,0,3,9,95,52,0,1,4,1,43,41,37,6,24,69,1,2,4,2,0,0,91,191,111,0,0,6,6,0,0,3,4,0,0,0,8,4,0,9,20,0,0,1,6,4,191,177,11,0,0,36,22,18,191,191,9,0
0,0,0,2,25,62,44,0,10,15,14,22,65,32,33,12,34,86,18,5,4,12,23,14,9,17,8,84,42,3,27,22,6,0,0,1,101,121,38,6,121,9,3,3,23,52,55,65,49,11,4,31,118,57,54,26,16,1,2,20,17,12,79,121,11,8,24,117,121,19,0,1,121,85,34,28,28,6,1,10,55,9,7,120,103,3,1,2,35,21,35,71,13,1,2,31,1,5,49,121,9,0,0,0,20,65,70,38,1,3,2,0,7,9,17,28,24,22,3,0,1,41,44,24,12,3,0,0
0,0,1,0,0,5,103,54,1,0,0,0,8,95,75,17,10,0,0,0,2,32,54,21,0,0,0,0,0,0,0,0,1,21,70,30,10,10,128,102,24,3,23,37,10,110,128,68,128,9,1,1,3,37,29,56,2,0,0,0,0,0,0,0,10,51,91,63,18,62,70,3,40,17,47,118,30,58,88,17,128,65,5,7,2,4,6,34,12,2,0,0,0,0,0,0,0,0,2,32,122,77,54,1,38,8,3,4,8,34,80,40,128,14,0,0,0,1,4,76,27,0,0,0,0,0,0,5
1,0,5,16,10,68,53,1,16,13,7,17,8,75,113,8,1,3,6,27,34,84,39,3,12,11,8,5,9,8,19,38,6,1,42,108,104,16,5,0,116,50,14,62,58,3,5,11,17,28,50,116,60,1,2,3,9,116,77,11,1,0,0,2,3,0,4,29,116,1,0,1,95,33,18,18,92,3,21,92,58,83,61,55,7,1,28,46,7,116,75,5,0,0,0,0,0,1,23,58,70,2,32,6,6,97,116,36,21,0,7,13,22,105,41,0,0,0,1,5,5,12,1,0,0,7,4,0
0,0,0,0,0,1,114,12,0,0,0,0,2,28,76,21,0,0,0,1,4,29,109,23,1,0,0,68,67,1,51,37,10,1,0,0,4,14,114,43,109,8,2,16,14,28,84,102,15,13,2,48,94,63,87,23,80,63,0,6,10,4,60,84,27,27,29,15,13,4,5,10,114,30,7,3,6,64,26,32,58,97,0,6,46,114,11,6,69,114,0,0,4,1,0,3,3,7,114,45,0,0,0,0,12,7,95,84,6,20,10,8,83,43,53,19,2,17,3,37,64,29,2,0,0,0,0,47
3,142,142,26,4,12,48,7,142,120,46,14,1,4,9,11,114,18,0,0,0,0,0,2,1,0,0,24,43,3,0,0,14,14,14,2,2,12,98,17,142,33,2,1,0,3,18,39,129,8,0,0,0,0,0,3,1,0,0,9,37,2,0,0,11,19,142,5,1,0,15,12,142,100,59,0,0,0,2,32,108,21,0,0,0,0,0,6,2,0,0,1,47,0,0,0,0,11,142,2,0,0,0,0,13,81,111,0,0,0,0,0,11,27,4,0,0,0,0,0,0,0,0,0,35,5,0,0
0,0,0,0,0,16,80,14,0,0,0,3,0,0,67,30,0,0,19,27,0,0,16,15,1,16,37,10,0,0,0,1,0,0,2,9,58,73,132,32,10,1,4,3,0,0,132,132,81,4,0,0,0,0,71,132,18,0,1,0,0,0,0,13,0,0,30,28,67,43,19,2,62,32,28,17,1,1,35,29,132,93,1,0,0,0,4,40,35,9,0,0,0,0,0,2,6,7,67,31,11,27,132,37,42,59,63,40,3,26,132,42,116,93,2,0,0,0,132,90,7,4,0,0,1,1,40,26
2,1,0,5,14,44,97,7,46,0,0,0,7,38,77,61,120,0,0,0,0,0,5,83,6,0,0,4,5,2,0,2,18,4,4,36,83,6,5,25,71,16,13,5,21,3,2,26,156,22,3,0,0,0,0,59,22,0,0,1,21,4,0,4,156,28,93,27,29,2,2,131,13,98,156,7,2,0,0,1,83,127,49,0,0,0,0,3,14,7,0,6,12,0,0,0,156,17,29,0,0,0,0,156,7,20,62,0,0,0,0,1,0,15,15,0,0,0,0,0,0,1,0,1,0,0,0,0
0,0,0,0,0,8,146,25,4,0,0,0,0,0,128,77,0,0,0,1,0,2,103,16,0,0,0,0,0,0,5,0,9,0,0,0,0,14,105,68,112,29,6,2,0,4,41,55,13,12,20,19,2,16,40,7,0,0,0,0,0,0,1,0,82,3,1,0,0,0,120,146,146,14,2,4,4,26,18,119,10,2,2,7,8,68,19,5,0,0,0,0,0,0,0,0,146,63,3,0,0,0,5,143,146,110,34,21,4,4,0,23,1,4,29,27,7,8,0,0,0,0,0,0,0,0,0,0
9,0,0,0,0,24,51,21,110,0,0,0,0,4,35,104,27,0,0,11,6,0,0,11,0,0,0,66,168,45,0,0,21,0,0,0,0,2,4,6,175,13,0,0,0,0,6,36,55,0,0,0,9,6,20,20,0,0,0,0,175,163,2,0,0,0,0,0,0,0,0,0,36,9,0,0,0,4,26,9,38,22,0,1,11,10,72,58,6,4,0,56,175,54,4,7,0,0,0,0,0,0,0,0,0,1,0,0,0,0,1,0,16,49,3,4,3,0,2,4,3,10,2,141,175,0,0,0
0,0,0,8,32,0,0,0,6,10,9,9,10,0,0,0,39,16,1,0,0,0,0,1,4,0,0,0,4,21,11,0,0,0,0,8,98,6,0,0,18,9,9,9,38,6,3,10,114,15,1,0,13,5,0,22,11,0,0,0,174,174,79,31,0,0,1,10,87,7,0,0,10,16,33,11,26,4,8,10,91,23,8,3,40,4,3,12,23,7,9,121,174,146,14,25,0,0,2,12,58,6,1,0,6,3,15,16,14,6,16,11,80,6,2,7,10,1,6,14,13,10,31,174,174,7,0,0
10,16,42,13,19,8,35,45,149,25,13,2,0,2,26,67,99,1,0,0,25,7,0,16,0,0,5,12,149,54,0,0,5,10,59,52,20,24,62,16,149,60,13,15,2,3,18,42,139,13,0,9,30,2,0,5,0,11,51,77,116,5,0,0,31,5,4,12,41,42,75,19,149,17,0,0,0,1,13,55,148,5,0,7,2,0,0,6,0,6,31,27,3,4,3,0,25,8,7,26,41,24,18,12,149,29,0,0,0,0,4,38,112,5,0,0,2,1,0,4,0,0,0,0,31,63,15,0
0,0,0,0,0,0,0,0,0,0,0,0,0,0,0,0,1,0,0,0,0,0,0,2,0,0,0,0,13,9,0,0,0,0,0,12,11,2,21,7,19,1,0,28,55,17,22,36,143,11,0,0,3,2,12,135,41,2,0,24,98,15,0,13,47,0,0,19,21,19,102,143,94,21,0,61,143,65,13,40,143,92,0,3,13,3,3,46,56,11,0,36,40,0,0,13,78,31,26,2,3,16,20,96,80,26,55,9,42,90,19,48,143,52,18,0,1,2,0,143,48,9,0,5,3,0,0,58
4,1,0,12,47,38,107,121,15,0,0,0,0,4,24,121,2,0,0,0,1,15,15,16,3,0,0,2,0,0,2,17,36,19,62,121,102,10,21,77,121,53,42,18,3,7,13,121,17,2,0,0,19,83,49,32,10,0,0,0,0,8,33,110,4,9,71,121,10,0,0,5,38,32,56,69,84,39,50,11,18,1,0,3,34,121,92,28,68,0,0,0,0,9,11,112,6,0,0,5,11,2,0,16,0,0,1,37,121,42,5,1,20,6,5,15,52,30,31,20,66,3,0,0,0,1,15,56
40,1,0,0,0,1,27,114,11,0,3,0,0,4,54,114,0,0,6,1,6,81,99,6,1,0,5,1,0,21,114,47,27,30,20,20,5,4,16,38,90,79,12,14,5,7,48,102,8,13,70,114,78,114,70,10,17,76,114,39,12,32,114,71,9,14,88,50,0,0,0,1,114,65,45,10,0,0,0,38,37,26,73,67,3,0,0,13,3,49,114,14,0,0,0,0,0,2,96,31,0,0,0,0,9,41,95,3,0,0,0,0,14,18,23,1,0,0,0,1,6,4,2,0,0,0,0,1
0,56,95,0,0,5,4,0,0,42,40,0,0,9,39,1,0,5,34,0,0,1,25,14,0,3,18,0,13,31,5,1,0,1,3,1,9,106,56,1,8,1,0,9,33,126,126,28,110,5,0,0,2,10,105,126,22,0,0,27,96,23,1,13,22,0,0,6,12,64,126,95,59,16,0,44,126,71,24,44,126,70,0,4,13,5,8,48,43,6,0,37,43,0,0,10,46,27,27,4,2,8,18,57,56,22,48,8,34,55,12,43,126,30,13,0,3,3,0,117,27,0,0,6,3,0,0,48
0,0,0,0,3,19,24,2,3,0,0,22,30,19,37,10,2,0,0,56,111,36,10,9,1,5,4,2,22,125,51,7,9,0,0,0,1,80,125,6,116,20,1,7,14,29,78,36,20,8,36,95,125,109,2,6,0,68,125,37,62,117,1,0,25,17,16,12,15,32,20,4,125,50,3,7,2,0,4,30,44,13,80,125,30,1,0,4,1,31,125,50,4,0,0,0,4,44,80,17,1,0,0,0,67,125,17,0,0,0,0,0,13,17,6,14,3,0,0,0,4,2,4,11,4,0,0,2
0,0,0,1,64,87,1,0,20,0,0,8,104,74,22,82,59,8,2,1,1,1,37,96,4,5,5,2,5,3,32,18,0,0,0,1,59,129,0,0,40,1,0,17,129,85,3,32,129,14,2,4,12,9,2,85,33,9,10,37,30,4,2,8,0,0,0,0,84,81,4,0,81,21,0,1,124,119,0,9,129,69,0,0,3,7,0,34,32,3,3,13,16,17,3,10,0,3,11,28,69,21,5,0,39,4,6,89,81,11,0,35,111,8,2,12,0,0,0,129,24,0,2,15,16,6,1,62
37,0,0,21,40,0,13,51,77,12,1,3,2,6,80,114,41,20,16,28,13,17,43,46,35,13,11,44,8,0,4,28,10,7,1,44,84,0,3,5,123,123,7,7,7,1,14,51,55,59,49,46,14,13,27,14,25,15,6,12,16,11,32,39,7,1,0,43,119,0,0,5,123,53,11,12,19,7,34,123,33,30,51,29,13,38,123,82,26,19,25,24,21,11,30,49,0,21,24,44,76,0,0,0,65,123,43,14,8,0,0,4,21,86,123,56,1,2,4,7,10,25,111,28,0,0,0,4
97,0,0,0,0,0,11,89,157,13,0,0,0,0,6,103,28,33,0,0,0,0,0,7,0,4,0,0,1,5,2,0,72,0,0,0,2,26,28,84,157,4,0,0,0,9,13,157,97,3,0,0,4,11,5,25,0,1,0,0,3,21,21,0,101,38,1,0,4,17,6,41,157,157,0,0,1,4,1,12,89,29,1,15,9,3,0,1,0,8,8,17,6,4,2,0,157,27,0,0,0,0,0,15,157,83,0,0,0,0,0,10,26,10,0,5,0,0,0,12,0,0,7,13,1,0,0,0
0,12,36,3,0,2,1,0,0,1,31,186,13,4,8,0,0,0,187,187,15,0,2,0,12,41,187,187,0,0,0,3,0,0,0,0,3,38,16,0,2,0,0,8,10,46,64,7,35,3,50,53,1,4,28,34,8,3,178,81,7,0,0,1,5,0,0,3,5,22,46,30,17,4,0,18,40,20,9,11,105,19,0,1,3,1,3,13,17,2,0,11,10,0,0,2,18,6,4,0,0,3,8,24,17,4,9,1,11,22,5,15,52,8,3,0,1,1,0,41,11,0,0,1,0,0,0,18
4,15,22,9,13,1,0,4,38,40,17,0,0,2,5,11,33,2,0,0,0,0,3,36,2,0,0,5,28,0,0,3,5,11,27,7,12,3,6,21,9,9,21,10,0,11,43,22,77,9,2,0,0,6,12,39,13,0,0,1,20,89,21,4,0,33,60,11,1,0,0,0,3,10,94,39,0,0,2,0,32,34,33,5,34,86,2,3,3,0,0,0,84,195,78,1,0,8,9,0,0,4,5,0,0,0,13,5,2,15,20,0,0,0,6,3,195,192,6,0,0,4,16,18,195,195,5,0
0,0,0,1,34,104,9,1,5,0,2,7,21,94,45,14,26,2,0,11,44,57,64,26,56,12,0,0,0,8,30,41,9,1,0,5,115,115,25,10,115,14,7,28,30,51,41,79,59,38,38,115,69,16,7,12,59,36,12,6,41,108,23,13,10,14,42,107,115,25,1,1,115,64,57,36,14,19,20,25,29,25,18,28,15,56,63,16,10,53,93,39,50,34,7,2,0,1,49,63,20,0,0,0,1,9,100,69,5,3,2,0,12,85,70,19,2,6,4,1,14,77,44,3,0,1,1,0
0,5,58,59,41,2,0,0,7,30,117,48,14,30,10,8,78,114,20,6,1,5,9,37,9,19,2,1,21,3,0,2,0,0,24,33,52,8,0,0,19,4,7,24,140,140,50,44,140,16,0,3,13,31,43,140,38,1,0,2,26,4,0,13,0,0,4,25,58,4,5,0,24,45,44,140,140,17,2,5,140,140,39,34,18,4,1,21,40,12,0,1,26,9,0,1,0,0,0,3,6,13,23,1,4,23,54,69,18,2,6,2,19,95,48,10,3,0,0,0,3,5,0,1,30,6,0,0
29,8,0,0,2,4,0,0,5,1,0,0,16,94,44,8,18,1,4,2,4,28,59,66,6,9,24,2,0,0,0,3,23,11,1,0,36,13,0,1,18,5,2,17,140,140,37,28,140,20,3,4,24,52,48,140,65,5,8,0,0,0,2,20,24,6,0,12,41,2,0,1,13,35,44,140,140,21,0,2,140,140,49,38,19,5,6,19,55,8,0,0,0,0,18,30,15,4,0,1,11,34,5,1,2,6,9,31,66,129,28,12,15,34,10,6,3,18,114,56,44,2,0,0,0,2,45,55
2,0,0,1,52,125,45,32,21,5,3,2,2,13,68,134,5,3,0,0,0,0,77,52,3,0,0,0,0,0,30,61,16,0,0,0,127,134,7,26,134,11,2,2,18,14,12,114,37,12,8,21,20,5,24,26,0,2,12,20,10,16,71,58,46,9,0,0,93,134,2,7,134,67,0,1,9,20,2,28,63,12,10,34,19,16,5,6,2,7,32,40,21,27,15,13,40,3,3,69,76,24,0,19,134,18,1,12,3,1,0,134,37,1,4,16,26,20,5,50,1,0,7,25,31,45,15,11
3,4,37,48,15,7,0,0,12,27,48,27,11,13,8,16,46,103,46,0,0,1,3,32,20,31,5,0,4,20,3,3,2,1,0,2,10,119,70,0,25,8,4,1,9,119,119,57,119,19,1,0,3,13,27,119,14,2,0,1,23,89,25,14,19,63,12,0,1,119,60,0,37,119,92,0,0,29,44,7,119,119,12,8,9,3,3,19,20,17,18,60,56,21,3,3,57,118,4,0,0,16,1,0,41,89,22,0,0,0,0,0,112,110,4,5,0,0,0,0,6,10,18,56,2,0,0,0
2,0,14,47,2,0,17,60,27,0,0,2,0,0,12,127,65,0,1,0,0,0,4,126,9,5,4,0,0,0,3,4,0,1,20,127,52,6,2,4,72,13,55,61,2,0,3,88,127,28,8,1,0,0,0,100,25,12,11,0,0,0,0,1,43,13,16,19,22,27,93,43,72,79,127,47,1,0,2,11,127,122,62,4,0,2,6,6,19,3,0,0,0,2,31,7,113,112,37,8,0,1,51,50,127,58,25,1,1,21,44,17,3,11,15,0,0,40,73,8,0,0,0,0,0,23,68,28
30,0,2,0,0,0,18,142,0,0,3,0,0,0,43,11,4,0,4,0,0,0,13,15,0,0,4,0,4,5,1,1,163,0,0,0,0,0,7,163,43,4,5,1,2,5,30,42,52,8,1,0,0,0,8,21,6,0,0,0,17,14,0,1,163,35,14,10,0,0,0,163,163,35,37,1,0,0,0,26,20,32,17,1,2,0,0,0,2,1,2,13,22,9,0,0,163,163,127,27,0,0,1,6,117,43,4,0,0,0,22,11,0,2,3,0,0,0,26,3,0,0,2,6,0,0,13,1
0,0,0,0,3,69,94,3,0,0,0,0,0,29,126,26,31,0,0,0,0,1,40,103,13,0,0,0,0,0,0,11,3,22,11,7,38,79,49,9,14,13,10,42,80,64,126,51,126,15,1,4,8,11,54,126,73,4,1,1,0,0,0,27,36,29,9,10,23,24,47,47,28,41,37,116,106,11,28,48,126,126,31,27,10,1,1,19,85,25,1,3,5,0,0,2,16,32,33,57,39,8,7,11,48,118,35,16,4,2,6,28,74,126,12,2,0,0,0,2,35,8,0,1,1,0,0,7
141,47,41,12,7,22,31,141,103,70,54,5,0,0,2,39,16,23,22,3,2,0,2,4,3,3,0,3,47,3,0,0,141,141,20,9,6,2,1,38,139,69,4,2,7,7,37,30,26,4,4,0,3,1,24,38,4,0,0,2,72,3,0,2,132,141,23,5,12,9,13,81,20,30,3,10,50,5,4,9,79,8,0,1,4,1,2,13,10,0,1,5,60,5,0,1,141,51,12,22,38,25,24,141,46,4,0,5,38,7,1,15,68,0,0,1,2,1,1,8,10,0,10,14,12,1,0,0
67,56,0,0,5,4,0,0,1,0,2,5,15,18,24,6,2,1,3,0,0,1,38,12,0,0,0,0,0,0,2,0,60,5,0,2,14,1,0,26,2,0,0,8,62,21,5,2,39,6,0,0,4,7,10,9,4,1,0,0,0,0,0,0,33,0,0,0,7,9,152,152,10,0,0,0,44,33,152,74,79,5,0,0,4,3,5,19,7,0,0,0,0,0,0,0,30,24,0,8,38,78,152,145,152,46,0,0,0,3,152,152,152,6,0,0,0,0,2,64,5,0,0,0,0,0,0,0
0,0,0,7,20,0,0,0,0,0,26,156,156,4,0,0,1,65,156,156,111,17,0,0,44,96,156,151,5,1,2,23,0,0,0,3,12,0,0,0,6,4,17,45,66,0,0,1,55,49,149,31,3,0,0,7,7,14,100,156,25,0,0,1,0,0,0,0,4,0,0,0,4,5,7,12,44,1,0,0,53,15,7,2,2,0,0,19,16,1,0,16,44,3,0,8,0,0,0,0,0,0,0,0,0,3,30,5,3,1,0,0,9,14,37,3,0,1,4,5,8,8,1,1,59,14,0,2
1,3,13,14,8,1,10,0,0,4,35,173,21,0,11,0,0,0,179,196,23,0,2,0,0,72,196,196,0,0,0,0,1,1,3,0,0,3,60,9,2,1,5,8,1,5,75,9,27,3,63,92,3,1,19,26,2,9,196,85,21,5,0,0,1,5,25,0,0,0,4,2,3,11,24,8,1,2,5,1,34,23,5,1,7,2,1,5,3,2,1,2,30,9,0,0,0,0,0,0,0,0,0,0,0,0,1,0,0,0,0,0,0,0,0,0,0,0,0,0,0,0,0,0,0,0,0,0
0,0,0,0,4,0,0,0,12,4,1,9,22,0,0,2,63,4,0,1,4,2,0,11,4,0,0,5,21,22,12,2,0,0,0,0,1,0,0,0,7,2,4,13,26,7,1,3,75,8,3,2,9,11,1,15,8,0,0,5,72,206,12,1,0,0,0,0,0,0,0,0,1,7,37,21,6,1,7,1,19,30,28,2,85,63,5,2,2,0,0,6,206,206,2,0,0,0,0,0,0,0,0,0,0,0,3,1,0,2,29,4,0,0,2,15,154,39,32,4,0,0,0,145,206,89,0,0
44,96,126,32,23,6,6,41,27,161,115,5,0,0,0,0,62,57,4,0,0,0,0,0,4,0,0,0,0,0,0,0,163,32,42,2,1,0,0,163,27,22,47,15,30,6,0,18,40,11,2,1,4,0,0,0,3,0,0,0,0,0,0,0,163,15,0,0,0,0,0,152,93,11,7,4,16,5,1,26,13,18,4,1,1,0,0,2,0,0,0,0,0,0,0,0,163,163,1,0,0,0,0,10,57,36,24,9,0,0,1,1,0,1,17,8,0,0,1,2,0,0,0,0,0,0,0,0
0,13,64,74,6,0,10,10,30,14,41,41,2,0,20,109,118,25,8,0,0,0,1,116,16,7,0,0,0,1,6,4,4,8,12,33,16,59,118,10,95,75,82,26,7,12,36,52,98,111,44,0,0,19,20,14,11,1,0,0,0,29,74,11,14,92,73,0,0,31,118,15,118,118,24,5,9,15,38,58,37,17,7,6,12,69,89,19,4,2,4,3,12,37,49,16,2,118,59,0,0,0,0,0,14,118,25,43,18,3,0,0,6,10,32,78,28,10,7,5,9,18,18,14,16,3,6,15
159,0,1,0,0,0,0,159,14,1,11,2,0,0,11,40,0,0,22,11,0,0,5,7,0,0,26,12,0,0,0,0,159,0,0,1,0,0,0,159,101,4,1,0,0,0,21,92,27,4,0,0,0,0,10,30,3,0,1,1,3,11,1,1,159,142,39,19,0,0,0,59,159,76,24,0,0,0,0,11,22,29,11,1,4,3,0,1,2,0,0,2,12,22,0,0,82,159,106,14,0,0,12,7,49,49,6,0,0,0,18,22,0,4,5,4,3,0,11,6,0,0,1,10,6,1,1,0
0,0,0,0,0,64,138,32,27,0,0,0,0,2,45,138,5,0,0,0,0,0,0,10,0,0,0,0,0,0,0,0,16,11,12,51,50,91,133,50,143,37,8,14,10,12,53,143,86,4,1,11,8,0,0,25,0,0,0,5,3,0,0,0,40,61,32,62,26,11,45,31,143,143,22,18,4,0,1,16,113,12,0,15,5,0,0,13,0,0,0,11,2,0,0,0,19,132,115,34,1,1,1,3,50,143,11,0,0,0,0,1,20,14,0,0,0,0,0,3,0,0,0,0,0,0,0,0
11,7,43,7,0,0,19,44,0,0,91,11,0,0,10,9,0,2,72,8,1,5,1,1,0,0,3,0,0,0,0,0,143,5,1,0,0,0,59,173,56,10,3,0,4,4,32,60,7,0,2,0,25,37,2,4,0,0,0,0,0,2,0,0,173,125,23,0,0,0,2,169,51,72,24,5,10,3,3,6,4,2,5,28,43,27,0,0,0,0,0,0,0,1,0,0,173,173,46,0,0,8,95,42,7,8,5,2,0,0,116,52,0,0,4,13,2,0,38,14,0,0,0,0,0,0,0,0
0,5,22,6,0,0,1,0,0,33,100,6,0,2,4,4,0,17,63,69,169,41,2,0,0,0,13,195,195,140,66,2,1,0,0,0,0,0,6,3,34,5,2,2,10,5,18,39,5,2,11,52,91,58,2,2,0,7,112,195,101,12,0,0,1,0,0,0,0,0,0,0,51,12,0,3,2,0,0,6,12,7,35,52,15,3,5,1,0,19,89,38,1,12,12,0,0,0,0,0,0,0,0,0,4,4,0,0,0,7,11,0,2,2,2,1,0,46,64,0,0,2,4,0,0,39,65,4
127,127,55,27,27,24,21,106,84,98,4,5,28,2,2,37,83,7,0,0,8,1,3,13,16,0,1,6,60,7,0,1,127,127,81,99,120,32,28,119,127,59,2,1,33,11,2,44,126,5,0,1,7,3,2,5,21,3,13,32,19,3,1,0,23,127,127,61,17,1,0,0,30,57,10,4,56,12,3,2,120,2,0,0,6,4,2,7,18,1,2,3,5,36,14,1,0,1,1,0,0,0,0,0,0,0,0,0,2,0,0,0,5,0,0,0,0,0,0,0,0,0,0,0,1,4,1,0
0,0,7,0,0,0,1,1,3,11,159,11,1,2,9,33,4,9,159,30,5,23,23,7,7,32,159,21,0,3,49,11,8,2,0,0,0,0,2,14,159,24,15,1,16,18,22,159,25,1,20,11,134,159,88,25,1,2,22,17,23,56,159,43,6,4,0,0,0,0,0,1,127,43,0,0,12,8,1,13,16,2,1,13,109,63,4,1,0,0,19,54,24,17,34,3,0,0,0,0,0,0,0,0,0,0,0,0,0,0,0,0,0,0,0,0,0,0,0,0,0,0,0,0,0,0,0,0
0,0,0,0,0,0,0,0,0,0,0,0,0,0,0,0,0,0,0,0,0,0,0,0,0,0,0,0,0,0,0,0,5,0,0,0,0,0,13,15,97,1,1,8,19,0,2,14,15,1,7,88,135,7,0,0,0,0,2,8,7,0,0,0,33,106,135,0,0,5,34,42,135,135,54,15,9,1,9,25,52,17,80,135,69,18,29,2,0,0,26,24,2,7,8,0,0,83,135,2,6,59,44,0,17,73,63,2,0,102,135,3,7,7,15,8,4,135,135,2,0,1,13,2,2,58,68,0
19,37,54,44,75,43,42,46,108,51,5,0,0,2,26,132,18,7,0,0,0,4,19,30,2,0,0,15,7,0,4,12,23,18,14,97,132,21,14,18,132,68,11,12,4,2,11,98,70,8,1,13,3,3,10,34,11,0,0,4,1,0,1,34,4,20,78,132,69,0,0,0,97,68,74,63,33,15,43,61,75,8,3,14,10,7,49,132,13,0,0,8,7,1,1,29,3,0,39,49,1,0,0,8,4,7,69,132,33,6,5,7,94,82,59,49,8,3,5,42,18,10,1,10,5,0,0,4
147,147,111,17,3,7,18,92,44,141,71,0,6,0,2,11,9,16,1,1,97,15,0,1,6,0,0,0,16,5,0,3,147,147,14,3,12,1,9,29,81,13,4,0,18,4,16,57,13,4,1,2,139,29,0,5,11,5,1,1,14,5,0,2,147,67,5,2,28,7,5,74,126,13,1,4,21,4,1,3,12,7,22,43,74,8,0,0,1,9,12,7,3,0,0,0,64,69,18,3,32,10,2,4,106,7,0,2,5,8,2,3,7,1,15,21,5,28,30,4,0,0,7,4,0,0,11,3
0,4,19,3,0,0,8,3,6,31,21,2,16,1,13,14,11,5,2,12,102,1,0,1,30,5,3,17,105,93,25,6,2,0,0,0,1,7,18,8,66,2,0,1,16,5,26,43,21,2,1,12,122,4,0,4,26,4,8,99,140,73,4,5,11,1,0,2,9,5,1,1,140,10,0,4,11,4,1,5,22,2,19,59,65,9,4,1,7,1,13,45,140,140,6,3,8,2,0,3,4,0,0,0,103,7,0,2,7,6,0,4,13,0,2,7,35,137,38,1,2,0,12,88,140,140,128,22
20,167,142,31,0,3,16,4,1,3,167,167,0,2,12,11,5,121,167,55,4,17,12,1,14,167,81,0,0,11,50,1,30,16,11,0,0,9,117,44,71,6,12,4,9,9,44,54,11,3,27,39,77,66,28,7,1,12,36,8,4,25,86,2,11,26,70,0,0,0,11,11,83,20,8,3,3,0,1,5,12,2,17,56,25,0,0,0,0,11,47,10,1,0,0,0,0,0,3,0,0,0,0,0,0,0,0,0,0,0,0,0,0,0,0,0,0,0,0,0,0,0,0,0,0,0,0,0
15,2,0,8,84,121,7,1,121,56,1,2,5,43,13,20,23,12,1,6,14,24,31,44,13,3,0,0,5,16,105,51,27,5,1,107,121,10,0,1,121,25,1,22,25,8,3,23,26,6,0,5,73,93,9,4,79,62,0,0,11,31,14,9,9,10,36,121,74,17,6,2,90,45,70,64,33,25,9,9,14,84,11,6,46,79,12,4,51,121,7,0,3,1,0,0,37,10,14,11,4,16,7,7,23,11,76,84,26,2,0,2,1,121,103,21,8,4,0,0,5,96,10,0,1,0,0,0
0,0,12,80,43,11,4,33,58,0,6,19,2,0,11,120,109,1,2,0,0,0,0,120,3,0,9,7,0,0,1,7,0,1,28,70,30,4,70,48,69,8,23,92,60,4,9,64,120,28,5,3,1,0,0,120,25,8,1,0,0,0,1,19,29,43,84,7,4,3,93,116,77,120,104,29,19,4,19,37,120,120,51,4,0,0,7,15,15,18,3,0,1,0,3,6,8,58,120,18,15,1,1,1,31,65,32,11,17,5,39,34,10,14,7,0,0,1,59,76,9,0,0,0,0,0,11,49
0,0,0,0,1,0,0,0,3,0,0,0,15,9,0,2,37,0,0,0,0,2,0,7,4,0,6,8,0,2,1,0,0,0,0,0,4,0,0,0,18,1,0,2,87,11,0,4,148,3,0,0,11,5,0,16,17,0,3,4,23,50,20,4,0,0,0,0,1,0,0,0,10,8,15,15,50,2,0,0,97,17,9,4,10,33,11,14,10,0,0,0,52,243,53,5,0,0,0,0,0,0,0,0,0,1,38,13,7,21,2,0,7,2,16,9,111,243,26,4,2,3,0,0,68,243,79,1
1,0,1,32,36,14,3,1,19,2,7,41,34,20,30,75,21,0,0,2,3,3,31,105,9,3,4,6,3,0,0,8,0,0,2,30,33,4,0,0,10,2,4,49,129,67,18,18,129,13,2,5,13,17,23,98,54,2,3,1,4,4,1,12,2,0,4,20,28,12,0,2,8,9,10,97,129,90,19,8,129,47,12,21,12,18,40,93,36,1,0,1,6,9,52,50,3,0,0,0,56,55,0,4,12,0,0,1,129,129,45,31,106,1,0,0,8,50,84,129,7,0,0,0,17,53,129,48
9,40,131,59,4,0,0,0,4,25,72,131,107,2,0,0,89,131,61,50,31,0,0,0,69,104,0,2,3,0,0,0,7,6,29,38,39,3,0,0,11,12,28,87,131,62,11,18,131,110,25,13,8,11,10,78,31,24,0,1,2,0,2,16,2,3,1,9,60,4,3,2,14,22,23,86,131,19,2,4,131,82,15,14,9,3,3,43,32,5,0,0,0,0,2,24,5,0,0,10,9,2,3,6,3,4,25,113,26,0,0,1,46,24,23,55,20,2,6,48,31,10,1,0,1,0,0,25
143,131,65,6,0,0,25,61,57,144,116,40,2,0,0,0,4,30,144,69,2,1,1,3,15,116,94,1,0,2,3,2,144,144,75,5,0,0,8,62,139,60,11,0,0,1,23,29,13,3,33,5,5,2,12,16,1,5,18,11,12,10,6,0,44,144,144,7,0,0,0,1,26,46,19,0,0,0,3,7,15,4,2,1,0,0,1,3,1,0,3,7,1,0,0,0,0,3,9,0,0,0,0,0,0,0,0,0,0,0,0,0,0,0,0,0,0,0,0,0,0,0,0,0,0,0,0,0
57,31,5,9,9,12,19,61,33,6,0,0,5,5,29,41,3,0,0,0,6,8,22,12,2,0,0,0,0,0,0,3,125,5,0,0,5,29,44,124,11,0,0,0,15,57,129,81,86,3,0,0,0,12,129,129,30,0,0,0,0,0,0,23,129,5,1,8,30,23,4,61,62,20,0,0,102,95,26,13,129,87,0,0,1,6,13,34,61,21,0,0,0,0,0,5,72,27,56,48,18,18,4,23,49,129,15,11,46,34,2,3,121,129,0,0,1,0,0,0,15,13,0,0,1,0,5,2
3,34,83,27,52,49,17,14,5,77,130,3,1,8,29,20,54,130,102,2,0,0,5,27,16,52,70,29,5,8,6,8,3,6,53,110,15,12,58,35,27,15,61,13,0,1,115,89,130,71,10,0,0,0,16,63,30,33,28,2,0,0,6,6,0,0,130,130,0,0,1,0,13,35,130,67,0,0,2,7,125,130,87,2,0,0,0,16,21,14,3,0,0,0,5,8,5,2,19,14,0,0,1,1,0,5,69,20,0,0,0,0,0,24,30,0,0,0,0,0,0,3,1,0,0,0,0,0
163,163,49,56,69,41,6,13,163,163,8,1,17,4,0,22,5,5,3,12,104,21,0,3,0,0,0,1,5,2,0,0,163,163,77,91,59,0,0,15,163,41,2,8,8,2,0,13,17,3,18,69,36,12,5,1,0,0,5,5,0,0,1,0,21,87,72,28,7,0,0,0,77,12,3,1,1,6,1,5,9,0,1,6,3,31,20,1,0,0,0,0,0,0,3,0,0,0,0,0,0,0,0,0,0,0,0,0,0,0,0,0,0,0,0,0,0,0,0,0,0,0,0,0,0,0,0,0
0,0,0,5,38,89,66,3,38,11,0,10,26,29,77,66,54,12,0,0,0,0,5,72,1,0,0,0,0,0,0,0,33,8,2,13,105,99,38,7,44,10,4,79,80,31,86,128,128,17,0,6,5,1,13,128,25,1,0,0,0,1,0,8,32,51,82,61,83,5,0,0,50,74,81,128,71,0,0,7,128,128,25,28,8,0,0,22,26,9,0,8,5,0,0,1,1,23,75,29,4,0,0,0,8,19,55,78,65,4,1,5,94,39,12,12,14,3,2,45,11,1,1,5,2,0,0,13
3,0,4,9,3,6,111,129,29,1,3,0,0,0,12,129,8,2,9,0,0,0,0,18,0,0,0,0,0,0,0,0,30,18,27,63,8,10,60,78,129,68,4,5,0,0,3,129,75,3,0,0,0,0,14,42,0,0,0,0,0,0,1,1,78,129,90,7,1,4,74,34,129,108,15,12,1,1,54,51,47,11,1,0,0,0,81,115,7,1,0,0,0,0,3,12,1,95,129,31,0,0,0,0,3,28,81,89,2,1,12,4,40,105,41,3,0,0,9,19,10,14,0,0,0,0,0,1
0,1,0,0,0,60,118,17,4,4,1,0,0,38,118,45,27,21,2,0,0,51,63,12,30,17,0,0,0,2,5,6,24,64,16,11,45,118,118,35,118,118,14,0,0,10,94,101,45,118,47,0,0,7,15,10,14,26,5,1,0,1,0,0,11,52,86,82,45,6,13,18,118,118,46,1,0,0,9,98,83,31,5,0,0,0,0,32,0,1,1,0,0,0,0,1,0,14,118,68,3,0,0,0,23,102,118,1,0,0,0,1,13,17,1,0,0,0,0,0,0,0,0,0,0,0,0,0
32,1,0,4,62,31,13,28,67,0,0,0,0,2,38,59,1,0,0,0,0,2,28,14,0,0,0,0,0,0,0,0,21,0,0,2,76,122,63,92,32,0,0,0,1,27,122,122,104,4,0,0,0,4,87,122,13,0,0,0,0,0,0,5,41,8,40,122,118,30,6,33,84,69,46,4,7,32,27,44,122,122,2,0,1,3,6,24,29,8,0,0,0,0,0,1,8,14,60,85,49,5,0,0,23,122,122,6,0,0,0,0,36,122,19,1,0,0,0,0,2,3,0,1,0,0,0,0
