6,1,2,10,33,16,7,8,89,27,6,3,5,4,6,24,8,90,64,6,3,0,0,0,0,123,57,0,0,0,0,0,14,30,40,113,44,4,1,2,123,123,12,25,13,3,2,24,44,123,50,0,0,0,0,4,0,62,29,0,0,0,0,0,20,25,12,94,123,13,4,2,123,31,2,27,71,19,14,102,123,23,0,0,0,0,0,25,2,6,0,0,0,0,0,0,6,9,2,69,123,22,0,0,123,38,5,47,84,29,13,66,123,9,0,0,0,0,0,48,4,0,0,0,0,0,0,1
20,5,0,0,7,43,11,13,8,3,0,4,18,37,33,16,29,35,42,51,16,6,3,6,75,14,20,43,17,3,7,50,8,2,0,0,7,134,36,22,58,4,0,0,1,44,90,82,134,30,19,44,7,4,9,58,33,6,14,134,66,5,6,29,15,12,0,0,5,109,9,4,103,110,0,0,0,5,11,19,134,103,1,5,0,0,0,12,24,5,2,84,125,5,1,1,8,85,11,0,1,5,0,0,59,134,4,0,0,0,0,0,87,134,0,0,0,0,0,0,3,3,4,36,55,0,0,0
0,0,0,22,130,66,0,0,13,33,7,52,130,18,0,0,28,130,109,1,1,0,1,1,15,105,130,0,0,0,1,3,0,0,0,66,115,34,0,0,57,23,16,130,130,0,0,7,130,97,34,13,1,0,0,42,25,28,44,0,0,0,0,3,0,26,22,25,11,5,1,0,7,18,118,130,30,5,0,0,95,89,92,43,2,0,0,8,22,13,1,0,0,0,0,0,3,34,14,6,5,14,1,0,0,4,24,18,11,39,2,0,0,12,39,9,3,3,0,0,1,20,25,0,0,0,0,0
4,0,0,0,0,2,2,8,0,0,0,0,0,16,19,3,4,0,0,0,0,3,19,31,8,1,2,0,0,0,3,87,0,0,0,0,1,26,57,131,13,0,0,0,15,131,83,33,131,12,6,0,0,26,51,120,24,10,39,7,0,0,4,20,1,1,0,1,2,25,131,131,80,75,0,0,10,131,101,24,131,125,0,0,0,10,8,46,23,4,7,1,0,0,34,36,2,74,48,1,3,0,13,8,57,131,40,0,0,1,10,3,49,131,44,1,0,0,0,0,1,3,29,15,0,0,3,3
39,11,8,23,47,21,37,86,77,32,23,9,9,15,11,21,19,96,50,19,9,0,0,1,6,29,16,54,89,41,7,2,23,16,17,37,44,2,0,3,140,32,1,0,0,0,0,15,64,26,3,5,4,1,0,2,1,7,32,65,24,4,2,0,9,0,0,1,39,26,53,14,137,6,0,0,0,0,22,92,105,43,25,13,1,0,0,44,8,12,44,101,8,2,2,6,0,0,11,29,10,55,140,45,20,0,0,3,1,1,140,140,87,10,5,2,0,0,20,140,17,5,36,76,1,1,37,107
1,0,0,1,66,117,38,0,11,36,16,0,1,41,117,3,31,77,57,0,0,20,84,11,69,58,5,1,1,4,9,12,18,4,0,13,117,44,1,1,117,117,30,2,8,4,6,25,28,105,99,25,3,2,11,11,28,40,11,15,12,9,3,1,11,1,0,1,104,98,0,7,92,12,4,0,3,2,64,117,61,10,5,9,3,4,107,117,38,13,8,13,2,0,2,37,6,37,31,5,41,19,0,0,4,28,117,2,0,0,11,18,106,65,62,1,0,0,9,49,56,14,0,0,1,4,5,23
0,0,0,0,0,62,122,1,0,11,11,0,0,122,104,0,9,12,30,4,0,19,74,86,23,0,2,2,0,0,4,122,15,7,5,27,2,11,51,3,83,122,69,3,0,12,15,9,11,52,122,121,12,1,0,10,19,13,43,83,1,0,0,109,22,10,13,122,37,0,0,3,122,85,13,9,3,2,1,61,39,26,43,53,32,10,2,22,3,34,108,44,3,2,5,4,1,20,51,91,20,0,0,0,40,122,50,8,0,0,0,2,18,35,18,10,15,7,0,1,5,6,10,13,15,16,13,8
11,18,1,6,90,32,0,0,52,33,6,19,37,4,0,1,142,56,0,1,7,0,0,3,9,48,3,0,0,0,0,0,69,44,1,3,103,41,0,0,86,41,7,23,142,6,0,6,142,10,0,1,24,2,0,28,32,5,0,0,0,0,0,1,127,60,0,1,76,27,0,0,90,29,0,4,142,11,0,3,142,17,0,0,28,2,0,12,35,2,0,0,0,0,0,1,133,52,0,1,34,14,0,0,50,9,0,2,142,9,0,8,142,0,0,0,20,2,0,57,27,0,0,0,0,0,1,14
17,80,135,67,9,1,7,3,50,5,57,120,32,0,12,27,135,10,1,4,2,0,0,49,30,2,0,0,0,0,0,2,45,70,37,52,51,31,9,3,48,6,20,135,135,10,0,2,135,18,9,16,18,0,0,29,42,2,0,0,0,0,0,7,3,6,25,43,17,26,15,7,11,8,106,135,40,3,5,11,107,84,96,56,4,0,0,7,26,46,8,0,0,0,0,2,8,10,14,21,34,22,14,10,14,21,21,10,2,3,8,16,0,85,64,10,2,1,0,0,0,135,79,0,0,0,0,0
0,0,0,0,0,2,8,2,0,0,0,0,0,19,42,16,5,0,0,0,0,3,73,86,0,0,0,0,0,0,83,128,0,0,0,0,0,78,19,0,15,5,0,0,0,128,75,24,128,15,2,2,2,28,50,96,13,3,3,5,13,14,17,26,6,2,0,0,27,128,54,1,55,128,9,0,0,128,43,7,128,128,16,2,2,7,4,32,28,14,23,28,22,12,5,11,23,1,0,52,112,48,3,9,128,84,9,3,2,5,16,79,41,52,34,14,1,29,72,38,20,8,11,6,0,2,22,53
59,100,18,1,0,0,26,66,139,13,3,1,0,0,0,23,178,0,0,0,0,0,0,30,39,1,0,0,0,0,0,4,9,118,31,4,6,15,18,5,134,8,4,3,5,4,6,12,178,1,0,0,0,0,0,26,60,1,0,0,0,0,0,7,12,14,26,30,36,24,21,14,146,34,9,2,0,1,7,16,178,17,0,0,0,0,0,6,70,3,0,0,0,0,0,3,6,17,63,45,16,15,9,5,95,34,17,16,10,8,4,4,178,24,0,0,0,0,0,0,56,1,0,0,0,0,0,2
0,0,0,0,0,86,88,0,18,4,0,0,0,42,144,38,39,9,0,0,0,0,31,59,4,0,0,0,0,0,0,3,14,0,0,0,3,144,106,7,144,78,0,0,0,28,93,43,127,84,0,0,0,0,4,20,5,3,0,0,0,0,0,1,25,0,0,0,4,64,29,34,144,12,0,0,0,1,7,144,144,9,0,0,0,0,0,46,3,1,0,0,0,0,0,2,10,3,3,20,5,12,19,13,144,31,0,0,0,3,8,68,144,15,0,0,0,0,0,20,2,2,0,0,0,0,0,0
0,0,0,19,27,0,0,0,0,0,3,129,129,2,0,0,4,90,60,57,29,0,1,0,44,129,19,0,0,0,0,0,0,0,0,2,16,24,0,0,14,2,2,32,129,122,1,2,129,122,38,17,30,20,1,4,20,99,22,0,0,0,0,1,0,0,0,0,44,108,0,0,48,0,0,0,97,129,2,6,129,5,0,0,4,13,1,34,42,2,0,0,0,0,0,20,0,0,0,0,100,95,0,0,54,10,0,0,54,68,0,2,129,19,0,0,0,0,0,13,57,0,0,0,0,0,0,9
0,0,0,76,88,1,0,0,52,3,0,59,65,2,0,4,132,14,0,0,0,0,0,9,43,6,0,0,0,0,0,0,0,0,2,116,36,0,0,0,47,7,3,132,91,0,0,0,132,23,1,12,5,0,0,3,43,7,0,0,0,0,0,1,0,0,2,32,13,4,0,0,14,2,1,118,132,45,2,3,132,4,1,19,27,18,24,124,22,0,0,0,0,0,10,89,0,0,0,0,33,25,0,0,0,0,0,2,132,132,5,1,3,0,1,0,18,53,51,117,24,0,0,0,0,0,15,132
0,0,0,0,0,1,117,93,4,0,0,0,0,0,106,111,1,0,0,0,0,0,77,54,0,0,0,0,3,14,53,24,13,3,24,80,0,0,52,66,117,10,5,2,0,0,29,117,40,0,0,0,17,26,50,31,0,0,0,0,4,14,79,60,6,7,117,117,0,0,0,0,117,65,117,38,2,0,0,2,34,10,7,58,105,24,14,3,0,0,0,49,46,18,74,106,0,0,64,39,0,0,0,0,0,8,94,60,20,0,0,0,0,2,9,88,57,0,0,0,0,0,21,117,17,0,4,11
0,0,7,78,114,15,0,0,1,87,87,65,47,20,8,0,47,66,20,0,0,10,20,28,92,0,0,0,0,0,0,36,0,0,1,6,35,114,18,0,14,4,7,8,93,139,29,11,139,8,0,0,6,58,48,78,76,0,0,0,0,7,38,53,7,2,0,0,58,36,10,1,63,8,0,3,139,109,2,4,139,29,0,0,18,22,11,23,19,1,0,0,1,54,36,10,9,1,0,1,56,15,0,0,41,24,7,40,139,10,0,0,139,42,3,5,7,2,5,11,3,0,0,0,0,11,8,3
0,0,1,23,56,8,2,0,51,0,0,35,78,14,15,118,93,0,0,1,3,0,0,113,18,29,1,6,8,0,0,2,10,29,11,43,25,0,0,0,59,7,7,122,122,0,0,35,122,18,2,13,10,0,0,91,71,68,1,0,0,0,0,5,20,58,27,22,9,0,0,0,17,27,31,122,100,0,0,0,122,102,28,35,12,17,7,8,61,15,0,0,2,19,35,112,2,37,41,48,5,0,0,0,0,5,15,117,22,0,0,0,4,21,14,22,61,97,4,0,25,0,0,2,25,83,41,122
0,0,0,1,5,0,6,14,3,5,2,0,0,0,28,160,24,2,1,0,0,0,17,160,28,0,0,0,0,0,1,160,7,4,0,0,2,2,0,3,36,59,27,0,0,0,0,8,62,27,60,7,0,0,0,160,146,2,2,0,0,0,0,160,17,0,0,0,0,1,11,32,127,16,3,0,0,0,0,31,36,11,24,11,0,0,0,12,155,4,5,3,0,0,0,143,4,0,0,1,0,0,21,53,80,0,0,0,0,0,2,99,48,0,0,0,0,0,0,28,63,0,0,0,0,0,0,35
0,0,0,0,157,157,0,0,31,3,0,0,143,157,1,3,32,5,0,0,2,15,6,5,0,0,0,0,1,6,4,1,0,0,0,0,157,157,0,0,63,10,0,0,114,82,0,2,31,3,0,0,1,20,9,6,13,5,2,0,0,2,4,6,1,0,0,0,157,115,0,0,58,1,0,0,68,26,3,17,32,5,0,0,1,28,6,8,47,35,2,0,0,0,1,2,0,0,0,9,157,29,0,0,15,0,0,5,51,5,6,30,51,10,0,0,0,6,7,12,49,24,0,0,0,7,3,1
1,0,0,0,0,101,130,6,70,6,0,0,0,21,102,83,34,8,4,1,0,0,1,19,0,0,1,0,0,0,0,0,41,2,0,0,0,124,91,13,153,58,2,0,0,6,29,47,87,46,43,37,0,0,0,4,0,0,17,38,0,0,0,0,45,59,3,0,0,10,2,0,153,88,2,0,0,0,0,47,138,12,23,29,0,0,0,69,0,0,36,78,0,0,1,5,2,153,30,0,0,0,0,0,64,153,28,0,0,0,0,8,47,16,1,0,0,0,11,84,0,0,6,12,0,0,20,56
0,0,0,0,1,1,1,0,0,9,12,0,0,1,3,0,0,21,63,0,0,2,3,0,0,33,100,0,0,2,3,0,14,8,0,5,8,3,1,0,105,149,80,0,0,0,1,3,15,149,149,0,0,0,0,0,0,98,149,0,0,0,0,0,28,3,1,25,26,0,0,3,149,46,6,0,0,0,0,96,121,42,40,0,0,0,0,41,0,6,22,0,0,0,0,0,6,0,0,44,64,0,0,3,149,0,0,1,0,0,0,110,149,0,0,0,0,0,0,91,2,0,0,0,0,0,0,1
3,3,0,0,3,0,0,0,155,95,0,0,2,0,0,0,155,72,0,0,0,0,0,0,1,1,0,0,0,0,0,0,21,5,0,0,3,1,0,1,155,91,0,0,0,0,5,41,132,35,0,0,0,0,43,40,0,0,0,0,0,1,28,7,11,0,0,0,6,0,0,7,113,5,0,0,1,0,74,155,18,0,0,0,0,0,155,155,0,0,0,0,0,0,155,70,0,0,35,11,2,0,0,0,0,2,40,3,0,0,12,17,0,1,24,4,0,0,68,24,0,6,12,1,0,0,98,22
0,0,0,0,1,0,0,0,7,3,0,2,4,0,0,0,30,19,0,0,6,2,0,0,3,4,0,0,136,182,3,0,3,0,0,0,1,0,3,6,14,1,0,0,4,0,1,1,54,5,0,0,40,10,0,3,2,3,17,48,182,182,1,0,2,0,0,0,0,38,69,18,20,2,0,0,0,1,41,66,54,10,0,13,34,1,0,11,2,39,126,182,182,12,0,0,35,42,16,2,4,75,27,12,40,28,36,27,5,1,13,78,46,1,0,4,3,5,8,70,1,7,30,29,10,38,14,3
0,1,0,0,2,9,0,0,35,39,0,0,2,7,2,6,108,101,6,6,1,0,1,11,11,27,12,83,132,0,0,0,5,19,0,0,5,15,0,0,49,25,0,0,13,67,24,27,166,35,1,5,1,9,15,51,51,22,11,165,94,0,0,0,10,31,0,0,25,45,0,0,102,18,0,0,55,124,5,8,166,43,0,0,0,5,2,8,78,7,13,52,2,0,0,0,5,9,0,2,36,73,0,0,101,41,1,5,28,27,0,0,166,86,0,0,0,0,0,0,48,7,0,0,0,0,0,0
5,4,2,1,6,1,0,0,30,33,24,35,2,0,0,1,0,3,9,52,5,0,0,0,0,0,1,35,46,1,0,0,14,0,1,3,4,14,34,22,157,29,18,62,5,0,5,41,28,10,27,157,37,0,0,0,0,0,16,68,39,2,0,0,32,10,7,24,74,17,11,29,157,19,1,11,11,1,2,44,78,15,42,141,67,0,0,0,0,2,33,116,132,12,0,0,50,15,0,2,104,43,0,4,157,69,0,1,10,2,0,4,49,20,3,15,75,4,0,0,7,3,1,5,157,51,2,5
0,3,2,0,0,1,1,0,13,61,15,0,4,45,22,7,93,130,3,0,2,20,3,12,119,150,60,31,13,0,3,33,3,0,0,0,0,0,1,0,127,10,0,0,0,5,13,13,150,30,0,0,0,0,0,111,150,51,14,37,56,17,64,150,4,0,0,0,0,0,0,0,150,2,0,0,0,0,0,3,58,2,0,0,0,0,0,19,4,0,0,1,3,10,86,150,2,0,0,0,0,0,0,0,124,0,0,0,0,0,0,3,47,1,0,0,0,1,1,2,0,1,0,1,2,16,3,0
5,2,0,0,0,0,0,0,97,142,0,0,0,0,0,0,52,142,6,0,0,0,0,1,142,91,4,0,0,2,3,19,27,5,0,0,0,0,0,1,142,76,0,0,0,0,0,13,111,41,0,0,0,0,4,16,142,74,0,0,0,65,50,33,29,37,7,0,1,0,0,4,142,90,21,1,0,0,0,29,110,10,3,3,1,1,6,19,22,6,4,1,1,27,44,30,105,98,5,1,2,0,3,7,104,119,33,16,26,9,0,9,71,16,5,2,3,1,0,17,1,23,18,1,1,3,1,0
0,0,0,0,0,81,67,1,31,5,0,0,0,21,101,57,22,8,0,0,0,0,3,21,0,0,0,0,0,0,0,0,16,0,0,0,0,169,88,15,169,53,4,0,0,21,58,67,84,60,27,0,0,0,0,5,0,0,0,0,0,0,0,0,42,0,0,0,0,73,16,12,169,10,0,0,0,1,2,77,169,17,7,0,0,0,0,26,0,0,0,0,0,0,0,0,16,36,62,0,0,2,2,3,169,84,28,0,0,0,0,38,169,7,0,0,0,0,0,41,0,0,0,0,0,0,0,0
32,48,105,124,9,0,1,4,72,124,108,13,0,0,0,1,12,68,124,77,1,0,0,0,0,0,121,124,10,0,0,0,2,14,89,124,0,0,0,0,61,79,85,97,0,0,0,1,97,32,23,40,13,0,0,14,2,0,10,124,110,0,0,0,6,13,14,32,9,1,0,0,5,3,21,114,25,1,0,0,46,4,6,32,11,3,4,30,3,0,0,29,124,22,5,10,0,4,0,0,11,13,0,0,0,0,1,23,19,5,0,0,0,0,1,65,16,5,4,5,0,0,0,24,68,51,5,2
37,119,0,0,0,0,0,4,10,131,39,6,9,6,0,0,30,36,34,12,15,5,0,0,33,19,0,1,0,0,0,0,131,101,0,0,0,4,4,35,26,43,1,0,8,94,13,6,68,32,0,0,9,27,6,5,21,24,8,0,0,0,0,1,115,3,0,0,0,9,50,131,34,0,0,0,0,88,121,65,131,27,0,0,0,7,14,35,13,23,11,0,0,0,7,3,16,0,0,0,0,19,66,131,131,4,0,0,1,45,131,105,131,7,0,0,0,0,9,46,8,0,0,0,9,20,26,14
5,0,0,0,0,0,8,27,40,3,0,0,0,0,53,178,2,0,0,0,0,0,92,178,119,1,0,0,0,0,27,178,5,0,0,0,0,0,0,0,113,17,4,0,0,0,3,41,17,12,22,8,0,0,53,178,42,0,2,4,0,0,60,178,0,0,0,0,0,0,0,0,127,5,1,0,0,0,0,14,55,16,20,19,0,0,0,11,0,0,11,42,1,0,22,117,0,0,0,0,0,0,0,0,78,0,0,0,0,0,0,20,73,1,0,1,1,0,0,19,0,1,5,14,4,0,0,1
0,0,0,0,0,1,0,0,0,0,0,0,1,41,36,1,3,0,0,0,0,11,66,42,2,0,0,0,0,1,4,14,0,0,0,2,34,14,0,0,11,3,1,24,134,134,70,18,134,15,2,5,11,49,97,134,56,1,0,0,5,35,2,20,0,0,0,18,38,1,0,0,14,14,16,134,134,23,2,3,134,67,20,56,35,8,4,58,59,3,0,0,76,95,2,19,0,0,0,4,7,0,0,0,0,0,0,73,134,2,0,0,85,4,3,48,91,6,5,86,32,0,0,4,105,51,13,51
73,133,7,7,10,0,0,2,30,26,6,50,133,13,1,6,133,32,1,6,21,4,1,21,33,9,1,0,0,0,0,0,7,109,13,2,38,18,0,0,23,12,4,20,133,133,14,25,133,37,3,4,20,28,14,120,53,3,0,0,0,0,0,9,0,4,4,29,56,8,0,0,10,51,119,126,133,37,1,3,133,133,75,12,7,4,1,15,32,15,0,0,0,0,0,1,0,0,3,16,2,0,0,0,0,9,61,32,1,0,0,0,0,30,28,0,0,0,0,0,0,1,0,0,0,0,0,0
1,0,0,2,31,16,6,2,2,2,8,18,44,7,4,5,87,27,10,9,3,2,3,31,55,88,0,0,0,0,0,8,5,0,0,0,2,63,79,19,84,32,34,29,7,4,25,34,72,19,41,104,32,1,4,51,107,7,0,6,3,0,2,115,34,21,0,0,0,53,51,33,122,61,4,9,0,0,10,46,71,18,9,122,97,4,2,9,69,3,2,35,64,16,27,122,36,122,3,0,0,4,0,0,122,122,0,0,0,0,0,0,28,20,3,52,102,1,0,0,43,57,46,72,87,8,7,26
0,0,0,0,0,93,16,0,12,16,0,0,0,122,61,2,66,79,0,0,0,23,38,29,26,15,0,0,0,0,0,7,5,0,0,11,88,122,21,3,122,75,0,1,6,79,32,18,89,122,0,0,0,0,1,2,4,13,0,0,0,0,0,0,9,0,0,122,122,13,4,25,122,8,1,48,28,3,1,81,122,8,0,0,0,0,0,57,2,0,0,0,0,0,0,1,11,0,0,65,44,1,4,114,78,0,1,99,54,0,0,67,106,0,0,2,1,0,0,122,5,0,0,0,0,1,7,17
12,13,6,48,85,37,15,5,7,58,67,54,44,41,19,6,49,139,88,0,0,12,40,12,44,139,85,0,0,6,5,5,8,4,5,16,47,23,32,41,32,63,45,19,19,3,1,23,139,82,17,0,0,0,0,66,139,17,0,0,0,0,0,42,68,45,4,0,1,4,10,47,39,24,7,1,1,1,1,5,139,60,0,0,0,0,0,11,139,30,0,0,0,0,0,7,34,30,2,0,0,0,0,29,45,43,3,0,0,0,0,0,139,110,0,0,0,0,0,0,99,62,0,0,0,0,0,0
7,4,0,6,23,3,0,0,110,132,0,0,0,0,0,0,64,123,38,1,1,9,17,6,5,19,44,7,0,0,15,12,28,8,0,25,46,0,0,1,132,83,0,0,8,3,2,26,60,36,5,9,62,43,36,30,21,25,16,1,1,2,46,54,13,2,0,123,71,0,0,8,88,6,0,8,4,1,49,132,19,18,9,10,26,5,108,132,20,48,29,1,0,0,32,76,0,0,16,132,32,0,0,0,0,0,74,115,1,0,17,22,27,16,59,11,0,0,50,91,72,30,11,1,0,0,22,89
0,0,0,0,112,123,0,0,0,26,13,0,12,43,1,0,0,63,88,0,0,0,0,0,0,70,101,3,0,0,0,0,14,6,0,0,123,65,0,1,86,123,41,0,2,4,0,6,12,123,123,0,0,24,23,10,9,33,108,43,3,1,9,18,23,0,0,45,123,4,0,9,123,27,2,3,4,8,3,82,57,22,28,21,14,51,24,32,59,10,7,13,2,2,7,43,3,3,9,123,76,0,0,1,123,52,16,22,3,0,0,41,94,21,37,28,1,0,0,27,19,33,33,12,0,0,0,6
16,1,0,0,5,10,1,3,142,38,5,0,0,0,0,17,62,87,50,2,0,2,6,10,19,39,38,2,0,1,8,11,34,6,0,4,2,1,0,3,142,95,1,0,3,2,0,11,88,51,13,3,29,46,58,14,12,10,7,0,1,8,87,36,33,1,1,34,20,0,0,7,142,6,0,1,5,1,10,112,69,13,5,42,74,22,60,63,29,71,22,8,4,4,45,29,6,0,4,142,25,0,0,2,43,0,5,19,1,0,49,104,7,2,3,4,3,3,142,99,20,9,1,0,0,0,142,96
1,0,0,0,7,121,121,5,16,17,1,0,6,121,104,1,28,92,78,15,2,55,32,25,13,27,71,25,0,0,23,85,0,34,69,34,62,115,13,0,69,25,72,107,2,25,18,20,121,86,47,24,1,0,1,80,12,40,83,32,8,3,4,5,0,66,79,42,16,1,0,0,9,38,108,121,1,0,0,2,95,121,55,17,0,0,4,16,22,19,24,31,11,6,14,10,0,1,13,22,1,0,0,0,1,3,11,14,7,0,0,0,7,13,8,7,8,9,18,11,5,1,2,6,13,33,76,26
14,3,3,5,7,9,29,65,37,21,7,6,4,10,26,20,5,6,9,43,42,14,24,6,14,22,9,9,4,1,3,14,111,4,0,0,26,22,31,111,26,5,0,0,17,124,124,41,68,8,0,1,3,25,104,98,16,7,3,1,1,2,2,7,13,0,69,78,21,18,63,75,62,7,11,35,8,124,80,28,124,40,0,0,0,9,20,75,24,7,1,0,0,0,6,24,0,1,124,124,2,0,1,1,20,4,107,124,2,1,0,7,59,40,94,14,0,0,21,90,37,39,10,1,0,0,9,41
14,119,3,2,36,53,1,0,64,70,1,0,58,97,0,0,109,119,0,0,1,3,0,0,10,16,0,0,0,0,0,0,9,40,2,5,119,119,0,0,119,78,0,1,31,58,1,9,119,64,0,0,0,0,0,10,2,1,0,0,0,0,0,0,6,4,36,119,100,26,0,0,119,21,48,57,7,4,0,75,87,3,2,0,0,0,0,119,6,0,0,0,0,0,0,14,0,0,35,88,1,0,0,0,11,5,101,119,0,0,0,13,58,39,51,17,0,0,0,57,24,9,0,0,0,0,0,10
1,1,0,4,7,125,125,6,37,3,0,0,0,16,125,125,48,0,0,0,0,0,3,125,1,0,0,1,0,0,0,2,2,9,120,125,19,38,13,1,93,36,122,39,0,1,5,65,125,19,7,3,0,0,0,108,17,0,0,0,0,0,0,4,0,0,118,96,0,0,0,0,17,25,125,125,0,0,0,0,125,100,43,32,0,0,0,2,14,4,0,0,0,0,0,0,0,0,2,2,0,0,0,0,0,3,15,24,0,0,0,0,3,22,17,6,0,0,0,0,0,1,0,0,0,0,0,0
0,0,0,2,29,11,4,10,11,6,1,0,0,0,8,145,72,2,0,0,0,0,1,145,43,0,0,0,0,0,0,145,9,3,0,0,2,5,3,14,36,58,15,0,0,0,0,8,115,33,28,0,0,0,0,145,145,1,0,0,0,0,0,145,19,0,0,0,0,0,7,59,118,18,3,0,0,0,0,31,61,16,18,1,0,0,0,16,145,2,0,0,0,0,0,127,13,0,0,2,1,0,4,41,111,0,0,0,0,0,0,67,55,0,0,0,0,0,0,14,145,0,0,0,0,0,0,45
0,0,0,0,13,142,0,0,56,1,0,0,2,35,2,3,142,6,0,0,21,1,0,1,13,0,0,0,142,5,0,0,0,0,0,0,8,51,0,0,82,4,0,0,0,2,0,1,142,4,0,0,32,2,0,1,13,0,0,0,142,10,0,0,0,0,0,0,1,3,0,0,80,2,0,0,0,0,0,3,142,1,0,0,26,33,7,13,8,0,0,0,129,98,32,5,0,0,0,0,0,0,0,0,25,0,0,0,6,30,24,16,46,0,0,0,5,142,142,34,0,0,0,0,6,142,142,40
0,0,0,6,26,25,7,0,0,2,10,43,22,0,0,0,102,25,8,18,6,0,1,3,134,56,1,7,5,1,0,0,9,5,0,74,15,5,2,0,66,82,70,46,3,0,0,2,119,31,80,134,6,0,0,6,134,13,4,8,0,0,0,27,12,2,22,134,10,0,0,0,134,28,21,72,4,0,0,48,64,11,18,134,35,0,0,23,134,14,10,40,5,0,0,31,0,0,9,134,64,30,12,3,63,13,17,95,56,10,0,16,66,7,9,37,4,0,0,26,28,24,19,26,1,0,0,2
1,2,0,0,4,58,1,0,37,12,0,0,10,137,20,9,70,19,0,0,5,34,13,14,4,2,0,0,28,48,7,3,8,0,0,0,2,137,69,4,137,41,0,0,3,122,30,31,65,30,0,0,29,137,16,9,89,70,16,0,7,67,16,12,19,7,0,1,2,88,47,4,131,12,0,0,0,24,54,89,53,4,0,0,7,137,72,24,137,59,5,0,1,17,3,5,25,16,0,0,2,5,0,0,20,22,7,1,0,0,6,5,57,26,5,3,0,4,8,1,137,86,0,0,0,0,0,0
27,2,0,0,2,19,7,13,140,11,0,0,0,0,0,27,140,11,9,34,25,0,1,34,5,85,82,49,18,0,0,0,27,13,0,2,0,1,0,3,140,4,0,0,0,0,0,130,140,22,1,1,0,0,2,140,47,34,5,0,0,0,0,6,3,4,0,0,0,1,0,0,136,87,0,0,0,0,0,16,140,140,0,0,0,0,0,19,39,25,0,0,0,0,0,0,10,2,0,0,0,0,0,0,140,61,0,0,0,0,0,7,140,74,0,0,0,0,0,5,14,3,0,0,0,1,0,1
3,3,1,1,14,50,0,0,102,110,3,3,7,7,0,0,139,139,0,0,0,0,0,0,24,10,0,0,0,3,0,0,20,6,0,0,5,18,1,5,139,139,0,0,0,0,0,15,139,128,0,0,0,0,0,7,8,3,0,0,26,14,0,0,21,0,0,5,2,0,0,9,139,13,0,0,0,0,0,139,139,8,0,0,0,0,0,105,7,0,0,9,44,1,0,3,2,0,0,3,3,0,0,1,139,6,0,0,0,0,0,60,139,3,0,0,0,0,0,70,18,0,0,6,11,0,0,3
2,0,0,0,1,5,0,1,40,26,0,0,1,5,1,7,112,99,12,23,10,0,0,10,26,16,11,109,117,0,0,2,5,7,0,0,3,9,1,3,58,10,0,0,11,51,19,33,167,33,3,17,5,5,9,53,44,23,52,167,57,0,0,0,16,13,0,0,19,32,0,4,110,20,0,0,53,92,4,7,167,59,0,1,0,4,1,8,72,11,33,36,0,0,0,0,11,5,0,1,23,55,0,0,105,68,2,3,23,22,0,0,167,125,0,0,0,0,0,0,38,9,0,0,0,2,0,0
5,0,4,10,0,0,10,23,8,2,3,2,1,6,17,13,0,1,16,8,0,1,15,15,0,7,11,1,1,24,1,0,113,16,1,3,14,14,16,89,14,1,0,0,63,127,68,31,94,4,0,0,4,39,65,127,7,0,0,0,27,127,3,8,81,88,10,5,52,96,0,4,64,34,0,0,127,127,6,7,127,56,0,0,17,80,26,39,7,4,11,7,82,127,7,3,0,14,6,2,61,127,4,0,56,45,4,2,34,79,11,7,42,15,1,0,4,63,64,14,0,2,5,3,16,47,12,0
10,44,6,6,7,12,2,0,74,18,8,37,64,6,1,5,136,6,0,6,35,7,0,16,14,2,5,44,114,43,42,35,92,69,7,15,7,1,1,12,75,29,16,129,136,0,0,6,136,17,6,23,22,0,0,44,21,7,57,131,47,1,4,7,136,26,1,7,4,11,6,24,70,31,73,136,37,0,0,0,92,102,86,33,3,0,0,6,12,7,13,14,1,0,6,4,136,62,0,0,2,3,0,0,49,12,13,8,0,1,0,0,0,8,20,3,0,9,13,1,0,1,2,6,3,9,6,1
7,7,1,1,5,1,0,1,20,34,31,30,0,0,0,1,0,1,13,60,3,0,0,0,0,0,1,47,56,0,0,0,24,1,0,1,3,14,28,25,156,39,27,50,1,0,3,38,17,11,34,156,12,0,0,0,0,0,14,98,50,0,0,0,39,5,4,19,55,14,10,26,156,16,3,11,4,1,2,47,70,11,32,156,28,0,0,0,0,0,19,129,144,9,0,0,52,12,0,3,91,33,0,3,156,56,0,1,4,2,0,5,56,13,2,29,62,3,0,0,1,0,0,9,156,45,1,1
1,0,0,0,0,0,0,0,129,12,0,0,0,0,0,0,60,7,0,0,0,2,2,19,1,6,0,0,2,31,75,67,3,0,0,0,0,0,0,0,146,17,0,0,0,0,0,3,52,10,0,0,0,25,7,4,49,79,1,0,0,25,10,11,4,0,0,0,0,0,0,1,132,18,0,0,0,0,2,34,28,61,5,0,6,100,8,12,146,77,2,0,4,146,63,51,4,6,0,0,0,0,0,0,84,88,3,0,1,52,10,7,21,47,2,2,30,146,16,0,146,146,1,0,15,135,11,6
4,0,0,0,0,0,0,0,145,13,0,0,0,0,0,21,145,19,0,0,0,0,0,48,65,2,0,0,0,0,3,23,3,1,0,0,1,0,0,1,145,21,0,0,0,0,0,52,145,18,0,0,0,0,0,126,48,0,1,0,0,0,7,28,10,4,0,1,1,0,0,1,145,145,2,0,0,0,0,4,145,145,16,4,2,0,0,32,69,7,2,0,0,0,0,35,17,1,0,0,1,1,49,33,145,61,1,0,0,0,6,42,95,42,9,8,37,27,7,25,65,5,0,0,5,8,7,69
3,0,0,0,0,0,0,8,31,0,0,0,0,0,0,58,14,0,0,0,0,0,0,12,0,0,0,0,0,0,0,0,151,20,0,0,0,0,0,31,151,5,0,0,0,0,0,84,66,4,0,0,0,1,0,10,0,0,0,0,0,0,0,0,151,51,4,0,0,0,0,0,151,59,4,0,0,0,0,2,61,44,64,0,0,1,1,3,0,8,64,14,0,0,0,0,151,49,1,1,1,0,0,0,151,151,18,0,0,0,1,6,17,127,151,6,0,2,10,4,0,14,131,58,3,2,1,0
1,0,0,0,0,0,3,8,35,1,0,0,0,0,32,180,23,0,0,0,0,0,41,180,180,9,0,0,0,0,14,180,1,0,0,0,0,0,0,0,86,18,1,0,0,0,0,32,28,12,7,4,0,0,14,180,41,0,0,1,0,0,66,180,0,0,0,0,0,0,0,0,99,4,0,0,0,0,0,9,45,7,7,15,1,0,0,15,0,0,6,17,0,0,33,132,0,0,0,0,0,0,0,0,67,0,0,0,0,0,0,11,50,5,0,1,0,0,0,11,11,67,42,10,0,0,0,1
1,0,1,20,39,13,5,4,50,16,26,15,12,2,3,29,111,33,4,3,0,0,0,91,11,4,0,0,0,0,0,20,19,1,0,1,6,96,58,34,129,28,44,49,4,4,18,72,43,7,21,108,47,6,23,129,50,6,1,3,4,2,17,129,64,52,0,0,10,90,19,14,129,118,3,14,4,0,4,28,49,38,53,129,72,3,5,13,78,83,42,23,6,1,3,33,23,129,35,0,0,7,1,0,76,129,4,0,0,0,0,0,7,15,24,16,0,0,0,0,0,12,17,2,0,0,0,0
16,0,0,0,0,0,14,41,92,0,0,0,0,0,2,99,138,0,0,0,0,0,0,90,22,0,0,0,0,0,0,6,55,41,4,0,0,0,75,112,138,33,1,0,0,0,6,52,138,5,0,0,0,0,0,41,52,0,0,0,0,0,0,4,38,132,105,19,0,0,4,15,106,57,4,2,1,0,7,39,138,21,0,0,0,0,4,66,44,0,0,0,0,0,5,22,0,3,29,79,19,2,1,0,21,18,19,38,12,3,11,42,65,20,36,13,0,0,42,138,5,0,5,7,2,3,106,136
0,0,24,72,49,0,0,0,44,3,2,95,115,0,0,21,45,3,4,95,34,0,4,81,9,4,2,19,9,1,62,123,0,0,0,15,60,18,0,0,41,5,2,42,123,32,1,30,123,27,27,101,36,2,1,61,10,78,123,85,10,0,16,28,0,1,8,10,53,99,0,0,11,102,83,15,120,90,0,1,92,123,52,7,8,0,0,6,7,38,60,8,0,0,0,0,0,6,35,34,24,8,0,0,0,76,82,7,5,2,0,0,0,44,18,0,0,0,0,0,0,2,0,0,0,0,0,0
0,0,0,0,0,2,0,0,0,0,0,0,0,50,15,0,7,4,0,0,0,85,78,9,28,10,0,0,0,5,29,33,0,0,0,0,8,36,43,3,8,0,0,7,95,121,43,5,121,81,0,2,11,101,66,17,57,84,0,0,0,1,5,7,5,0,12,18,10,94,121,70,26,1,1,70,121,26,35,103,121,20,1,39,40,5,1,62,64,11,0,0,0,0,0,27,6,2,85,121,6,11,5,20,26,0,9,94,32,2,5,106,85,0,0,29,46,3,3,98,48,0,0,0,0,0,25,95
4,16,1,3,3,120,77,2,17,99,7,2,30,114,9,0,83,96,6,3,40,35,0,0,70,95,2,0,0,0,0,0,5,85,120,66,9,32,24,0,25,115,30,30,120,81,2,1,120,71,3,6,38,44,1,26,63,30,0,0,0,0,0,15,0,8,63,36,7,0,0,0,7,8,64,120,83,9,0,0,120,25,102,91,9,2,0,67,62,14,8,0,0,0,0,65,0,0,0,2,0,0,0,0,0,0,18,35,0,0,0,0,4,10,76,52,0,0,0,1,17,26,23,2,0,0,0,2
0,0,0,0,9,24,29,2,0,0,0,0,1,6,80,33,0,0,0,0,0,0,22,25,0,0,0,0,0,0,2,2,0,0,0,83,55,26,20,1,9,1,0,84,84,26,127,82,78,5,0,1,6,18,88,127,4,0,0,0,0,35,115,36,0,0,0,42,46,6,0,0,39,23,1,74,127,27,4,7,127,56,1,5,53,102,14,33,9,83,23,0,24,111,89,31,0,0,0,0,60,35,0,0,36,15,0,0,127,77,2,2,65,69,1,0,34,78,5,4,30,127,20,0,10,13,0,0
0,0,0,0,3,4,0,0,2,0,0,0,50,72,20,12,50,0,0,0,7,22,26,79,9,0,0,0,0,0,0,5,0,0,0,0,2,82,101,0,14,9,9,0,55,119,61,16,119,29,4,0,11,42,13,94,40,1,0,0,0,0,0,9,3,27,38,0,0,73,119,8,9,90,119,2,2,77,92,11,110,119,40,0,0,5,47,65,32,6,0,0,0,0,0,19,3,26,114,2,0,1,35,15,1,10,119,47,1,9,112,11,75,9,34,35,0,2,77,119,70,0,0,0,0,0,0,49
20,1,0,0,11,92,14,9,45,3,0,0,15,50,15,20,9,34,11,1,25,33,5,3,5,25,25,62,53,2,0,2,79,2,0,0,5,131,38,56,96,5,0,0,19,136,39,40,145,107,32,7,4,32,9,18,13,36,51,127,50,1,0,0,48,11,0,0,0,22,20,39,100,14,4,0,0,46,47,31,145,47,1,3,0,4,2,11,39,8,2,93,63,1,0,0,27,56,9,0,0,0,0,0,71,89,38,4,0,0,0,0,145,136,1,0,0,0,0,0,16,7,0,26,7,0,0,0
5,23,42,14,34,116,20,0,2,116,116,1,2,78,53,4,50,116,54,0,0,4,30,39,21,10,0,1,2,3,4,13,6,38,116,36,39,15,0,1,7,58,75,33,86,116,75,14,116,34,16,6,5,35,99,113,35,10,2,5,5,2,2,13,25,1,10,25,26,2,0,19,7,14,116,116,82,31,5,3,116,116,116,36,4,6,5,13,33,27,5,10,13,3,0,0,49,6,4,2,0,0,0,24,1,0,31,14,0,0,4,1,0,15,39,3,2,5,3,0,1,5,2,2,7,14,6,3
0,3,4,6,3,6,2,0,5,17,4,0,0,13,35,8,4,5,8,8,0,5,32,30,1,5,8,5,1,0,0,3,0,0,0,3,26,40,48,47,8,5,6,37,77,123,123,25,123,22,5,6,3,34,99,123,32,0,0,3,3,0,0,14,14,0,1,54,38,21,37,123,22,24,89,123,63,22,7,123,123,123,95,28,3,4,5,19,36,10,0,0,1,14,4,3,7,1,37,123,6,0,0,49,65,23,58,35,0,0,0,123,40,28,22,1,0,19,8,32,4,3,0,0,0,110,24,2
39,135,0,0,0,1,0,0,16,50,4,7,0,13,15,0,0,5,29,14,1,4,27,9,0,3,5,7,7,3,3,1,94,65,0,0,14,10,0,0,9,4,0,0,79,135,62,14,92,3,0,0,5,39,89,104,12,0,1,0,2,15,32,24,69,25,0,0,54,6,0,1,47,10,0,8,135,61,4,4,135,41,0,6,62,43,9,17,21,9,4,12,58,87,95,70,10,5,0,4,33,1,19,72,35,18,8,76,135,1,2,5,135,60,12,46,45,3,0,0,13,56,77,82,54,12,6,9
5,0,0,9,59,25,49,49,36,0,0,27,119,22,22,95,98,0,9,5,3,0,1,114,4,0,14,24,105,7,0,2,109,46,39,21,35,21,29,86,72,13,4,85,119,1,0,35,119,24,3,9,17,0,0,87,24,1,0,32,108,2,0,5,21,60,83,30,8,0,0,0,16,44,72,119,72,0,0,0,97,119,56,19,6,0,0,3,14,7,0,4,88,59,0,0,3,3,5,2,0,1,3,4,3,9,25,7,0,6,9,4,0,16,16,0,6,9,27,8,0,1,0,0,119,72,2,2
0,0,53,88,65,1,0,0,59,34,0,6,14,0,0,1,127,127,0,0,0,0,0,5,80,68,3,0,1,0,0,0,0,0,5,25,127,72,18,3,99,10,0,1,37,3,0,30,127,26,0,0,0,0,0,93,127,16,0,0,4,1,0,18,0,7,30,0,42,84,37,0,55,113,30,1,11,5,0,3,127,113,0,0,0,0,0,32,79,1,0,0,1,0,8,80,0,40,127,0,0,2,4,0,7,108,113,0,0,0,0,0,29,48,4,0,0,0,0,13,29,0,0,0,0,0,2,52
0,73,76,27,49,75,0,0,0,121,121,1,2,36,18,1,7,90,121,3,0,9,40,24,5,5,92,85,0,0,0,6,0,58,93,37,28,6,0,0,16,47,31,30,121,121,49,14,121,50,9,6,10,46,74,80,34,33,16,21,1,0,0,9,2,0,2,12,21,7,2,6,13,19,95,121,102,16,1,6,121,121,107,35,7,4,1,15,29,16,2,0,2,8,1,3,3,1,1,13,5,1,0,7,8,6,25,12,0,0,2,24,2,24,27,2,0,2,14,7,4,9,5,1,0,3,3,2
2,23,84,10,0,0,0,0,105,120,27,0,0,0,0,0,129,122,0,0,0,0,0,22,129,67,0,0,4,29,5,54,24,6,0,0,0,0,0,0,129,89,0,0,0,0,0,3,129,47,0,0,0,0,0,40,129,0,0,0,24,87,31,107,27,0,0,0,0,0,0,6,129,7,0,0,0,0,0,85,110,2,0,0,0,0,2,84,19,0,0,0,9,35,44,48,6,0,0,0,0,0,0,3,117,12,0,0,0,0,0,66,110,9,0,0,0,0,0,77,11,9,0,0,0,0,5,10
39,0,0,0,0,17,71,129,0,0,0,0,0,19,17,0,0,0,0,0,0,1,0,0,0,0,0,0,0,0,0,0,251,7,0,0,0,0,0,208,5,0,0,0,0,0,0,0,0,0,0,0,0,0,0,0,0,0,0,0,0,0,0,0,251,59,0,0,0,0,0,7,6,0,0,0,0,0,0,0,0,0,0,0,0,0,0,0,0,0,0,0,0,0,0,0,251,25,0,0,0,0,0,21,3,0,0,0,0,0,0,0,0,0,0,0,0,0,0,0,0,0,0,0,0,0,0,0
94,4,0,0,0,0,0,37,139,9,1,0,0,0,0,61,18,26,35,0,0,0,0,4,0,38,42,0,0,0,0,0,134,20,2,0,0,0,0,12,139,96,3,0,0,0,0,27,43,114,91,4,0,0,5,13,0,64,90,7,0,0,0,0,87,5,2,2,1,0,0,23,139,19,0,0,0,0,2,139,120,52,3,0,0,0,11,101,9,44,15,3,0,0,0,1,27,4,32,44,10,0,0,10,139,64,0,2,1,0,0,69,139,74,0,0,0,6,10,29,7,6,4,2,0,20,39,23
0,0,0,0,0,0,0,1,36,2,0,0,0,0,10,149,78,0,0,0,0,0,2,149,148,10,0,0,0,1,41,149,1,0,0,0,0,0,0,0,66,15,0,0,0,0,0,14,41,7,1,1,0,0,1,149,21,0,0,0,0,0,121,149,0,0,0,0,0,0,0,0,79,2,0,0,0,0,0,3,28,17,10,5,0,0,0,14,12,14,46,11,0,0,25,95,0,0,0,0,0,0,0,0,62,7,3,0,0,0,0,3,71,149,11,0,0,0,0,3,13,138,131,91,2,0,0,4
0,0,1,20,46,83,11,0,52,3,2,17,19,130,33,27,141,54,2,0,0,3,7,42,25,38,15,14,23,0,0,0,0,2,6,116,76,27,1,0,84,14,14,130,79,27,2,4,141,32,3,4,4,0,2,66,45,6,1,8,50,8,8,29,0,0,8,68,78,36,0,0,18,78,83,33,78,29,0,0,141,105,22,1,2,0,4,58,19,0,0,0,11,8,41,77,0,0,42,141,8,0,0,0,0,29,102,64,2,0,0,0,5,26,39,5,0,0,1,6,2,14,19,0,0,1,13,24
6,14,4,0,7,48,84,48,111,12,2,0,0,0,21,101,151,0,0,0,0,0,0,55,27,0,0,0,0,0,0,4,93,98,37,0,1,18,11,17,136,87,37,1,0,0,1,20,151,6,0,0,0,0,0,24,51,0,0,0,0,0,0,3,98,81,45,4,0,2,4,6,73,27,20,4,0,16,39,29,151,9,0,0,0,0,7,88,51,0,0,0,0,0,0,17,3,11,43,14,4,4,4,1,11,2,19,55,24,29,40,43,76,6,3,7,1,1,17,151,10,0,0,0,0,0,30,151
0,0,0,3,10,1,0,0,1,4,8,99,131,27,0,0,94,131,32,58,57,13,3,4,58,93,0,0,0,0,0,0,0,0,0,0,22,11,0,0,17,4,2,14,131,131,5,8,131,56,5,8,35,38,7,54,46,14,0,0,3,30,0,10,0,0,0,0,37,31,14,0,14,19,13,50,131,69,5,4,131,65,12,13,17,10,4,28,45,1,0,0,49,117,4,12,0,0,0,0,7,60,63,1,19,3,1,5,65,118,17,11,88,6,1,1,3,18,31,65,6,2,8,3,44,90,28,12
20,44,35,27,11,5,2,1,39,31,20,75,50,3,2,6,93,108,10,1,0,0,1,13,3,65,27,0,0,0,0,0,93,64,14,38,39,0,0,0,26,9,7,73,132,37,15,27,132,29,1,3,10,11,12,99,32,8,0,0,0,0,0,5,45,50,1,23,26,0,0,0,28,15,5,132,132,21,3,5,132,65,5,25,25,8,4,45,34,5,0,0,0,0,0,7,3,10,0,1,21,10,0,0,5,1,1,16,132,132,14,14,132,15,1,4,31,42,26,132,50,2,0,0,0,0,0,43
38,1,0,1,5,1,0,12,149,45,0,0,0,1,1,5,100,21,3,2,14,100,32,5,1,18,22,1,3,109,87,5,50,2,5,33,8,0,0,10,149,29,4,2,2,1,0,10,80,20,87,52,44,44,3,2,1,49,103,16,32,51,21,6,26,44,84,31,5,0,0,0,149,53,65,5,0,0,0,31,123,10,32,29,20,0,0,33,4,8,50,107,88,30,9,4,66,54,65,44,0,0,0,4,78,41,92,25,0,0,0,13,96,18,10,5,0,0,0,28,5,2,35,34,1,0,0,2
23,5,0,0,1,3,2,2,131,103,44,0,0,0,0,0,22,127,144,0,0,5,3,0,0,55,91,3,0,13,27,3,54,3,0,0,3,1,1,12,144,33,1,0,0,4,2,8,79,22,12,1,12,137,36,6,8,31,16,0,1,109,102,20,47,0,2,18,7,0,0,20,144,5,3,3,5,5,1,32,57,19,79,38,50,66,5,4,6,70,68,9,24,48,24,12,17,16,33,31,7,0,0,2,144,27,32,2,0,0,0,43,78,8,34,25,15,0,0,30,6,11,47,73,52,21,8,5
0,0,0,3,131,99,0,0,1,8,13,0,19,12,4,10,2,17,52,0,0,0,58,29,26,18,34,0,0,0,26,56,6,7,0,78,131,9,0,0,77,131,68,10,14,0,0,4,13,128,131,0,0,0,0,1,2,48,131,0,0,0,0,1,8,2,5,131,131,0,0,0,131,47,20,49,25,0,0,50,95,31,33,0,0,0,0,20,1,4,15,0,0,0,0,0,0,9,49,105,23,4,0,0,61,52,99,90,7,2,0,5,55,28,6,0,0,0,0,3,2,0,0,0,0,0,0,0
4,1,0,0,57,130,30,1,130,53,0,0,1,9,21,7,82,34,0,0,0,0,0,0,0,0,0,0,0,0,0,0,20,5,0,4,4,31,12,1,130,67,0,0,0,0,5,29,88,24,0,0,0,0,34,28,0,0,0,0,0,0,9,9,11,0,42,95,1,0,0,5,85,5,51,5,0,0,56,126,28,25,21,0,0,0,130,130,38,27,2,0,0,0,31,73,0,0,130,130,2,0,0,0,0,2,130,26,0,0,4,5,16,118,130,3,0,0,13,14,23,89,22,10,6,0,0,7
5,1,0,0,6,41,24,1,133,32,0,0,1,3,0,27,133,75,1,0,0,0,0,8,11,45,27,10,6,0,0,0,21,7,8,28,7,0,1,0,133,117,0,0,0,0,0,8,133,91,0,0,0,0,0,7,62,36,11,12,63,2,0,2,21,0,3,49,110,5,0,6,133,11,0,0,2,0,0,119,133,4,0,0,0,0,0,95,69,0,0,8,56,3,5,36,4,8,5,3,75,33,1,1,133,69,3,0,2,0,0,27,133,16,0,0,0,0,0,76,16,0,0,1,8,3,24,70
11,3,34,119,31,0,0,3,149,36,2,9,5,0,0,24,140,16,0,0,0,0,0,6,1,0,0,0,0,0,0,0,19,2,2,70,149,11,0,0,149,37,0,5,35,1,0,6,147,16,0,0,0,0,0,2,0,0,0,0,0,0,0,0,12,5,53,149,149,6,0,0,149,50,61,45,18,1,0,21,138,10,0,0,0,0,0,12,0,0,0,0,0,0,0,0,0,0,46,78,1,0,0,0,34,56,94,55,0,0,0,0,35,34,6,0,0,0,0,0,0,1,2,0,0,0,0,0
1,0,0,0,0,98,89,12,50,17,1,0,0,17,101,72,14,35,23,32,16,16,26,9,0,0,14,113,39,36,36,3,24,2,1,45,67,119,21,13,137,53,2,5,3,16,18,55,73,52,18,39,48,2,0,4,0,0,7,89,71,16,0,0,19,17,17,86,122,9,0,0,137,64,15,13,10,0,2,53,70,4,0,4,53,25,24,60,0,0,0,7,123,76,1,0,0,17,80,114,23,1,0,0,40,65,62,9,0,0,1,19,13,21,21,0,6,10,29,46,0,32,80,22,49,21,5,1
6,0,1,8,32,18,6,7,82,27,7,3,4,4,5,20,6,98,66,6,4,0,0,0,0,121,53,0,0,0,0,0,17,33,40,106,39,4,1,2,121,121,13,26,13,3,2,27,39,121,54,0,0,0,0,4,0,51,29,0,0,0,0,0,31,34,15,102,121,9,3,3,121,34,4,36,75,16,11,95,121,20,1,0,0,0,0,22,0,1,0,0,0,0,0,0,9,14,2,62,121,26,0,0,121,30,5,45,91,42,18,88,118,7,0,0,0,0,0,66,1,0,0,0,0,0,0,0
0,0,0,0,0,2,1,3,0,0,0,0,0,22,18,4,5,1,1,0,0,3,20,36,6,1,4,0,0,0,3,87,0,0,0,0,2,27,63,125,13,0,0,0,19,131,74,34,131,12,6,0,0,26,48,127,23,11,41,2,0,0,7,22,0,1,0,1,2,26,131,131,84,64,0,0,10,131,99,24,131,119,0,0,0,10,7,45,22,4,4,0,0,0,37,29,2,66,33,2,8,1,14,10,67,131,35,0,0,2,12,3,59,131,45,0,0,0,0,0,1,6,48,14,0,0,2,0
0,0,0,24,131,65,1,0,12,32,6,54,131,18,0,0,28,131,109,1,1,0,1,1,3,89,131,0,0,0,1,4,0,0,0,67,122,37,0,0,57,23,14,131,131,0,0,6,131,98,34,14,1,0,0,37,26,32,43,0,0,0,0,4,0,24,16,25,11,8,1,0,8,17,113,131,30,4,0,0,98,84,93,46,2,0,0,9,28,11,0,0,0,0,0,1,5,45,10,4,5,10,0,0,0,6,25,20,12,39,0,0,0,13,40,11,4,4,0,0,0,15,25,0,0,0,0,0
40,24,14,31,31,2,4,23,124,22,4,0,0,1,3,14,43,50,37,6,0,0,0,1,0,24,11,37,68,19,0,0,16,10,6,12,39,2,0,0,137,41,0,0,0,0,0,6,79,28,2,0,0,0,0,1,0,1,9,37,14,5,2,0,10,0,0,0,16,20,83,37,137,4,0,0,0,0,18,106,117,45,20,4,0,0,0,37,9,22,47,96,7,2,1,1,0,0,3,21,5,13,137,106,32,0,0,0,0,0,137,137,137,14,4,0,0,0,4,137,37,13,31,85,0,0,10,88
1,0,0,1,75,123,40,0,12,44,17,0,1,44,123,4,33,83,65,0,0,19,91,12,55,44,3,0,0,0,7,12,21,6,0,13,123,50,1,1,123,123,32,3,9,5,7,29,24,102,107,30,3,3,13,11,10,23,6,1,0,0,0,0,13,1,1,1,112,110,0,10,101,12,5,0,3,3,70,123,19,5,5,11,3,6,123,123,0,0,1,1,0,0,3,6,7,40,41,5,44,18,0,1,3,23,123,2,0,0,12,22,21,12,73,2,0,0,11,49,0,0,0,0,0,0,0,2
0,0,0,0,0,56,129,3,0,13,13,0,0,129,129,0,11,12,38,4,0,23,88,89,31,0,2,2,0,0,5,129,18,9,5,35,6,10,51,2,96,129,76,4,1,11,17,9,13,58,129,129,15,2,0,10,26,14,44,93,2,0,0,117,28,9,7,129,53,0,0,3,129,61,8,9,3,2,1,67,39,13,24,55,39,11,3,25,3,24,92,51,2,0,0,1,2,6,3,66,31,0,0,0,34,23,2,6,1,0,0,2,7,1,0,0,0,0,0,2,0,0,0,0,0,0,0,0
18,89,147,83,11,1,7,3,61,6,65,147,36,0,12,32,147,8,2,5,2,0,0,57,39,0,0,0,0,0,0,3,55,68,33,51,60,43,9,6,55,6,23,147,147,12,0,3,147,21,12,19,20,0,0,33,56,1,0,0,0,0,0,6,2,2,4,13,9,6,1,0,7,8,90,147,43,1,0,0,126,94,106,47,3,0,0,9,36,19,3,0,0,0,0,2,0,0,0,0,0,0,0,0,0,0,2,1,0,0,0,0,0,8,8,1,0,0,0,0,0,7,2,0,0,0,0,0
0,0,0,0,0,2,0,0,0,0,0,0,0,26,24,5,1,0,0,0,0,5,26,14,0,0,0,0,0,0,0,0,0,0,0,0,0,105,41,0,18,7,0,0,0,134,116,29,131,12,0,0,0,30,59,96,2,0,0,0,0,0,0,0,12,5,0,0,31,134,86,2,64,134,21,0,0,134,62,9,134,134,23,1,0,5,5,22,7,0,0,0,0,0,0,1,47,4,0,52,115,46,5,13,134,116,17,3,1,4,22,86,22,51,45,19,4,28,73,21,0,1,1,0,0,2,11,2
23,74,67,4,2,6,8,19,67,15,12,4,3,3,8,100,27,17,1,0,0,0,54,91,6,9,0,0,0,0,6,9,4,31,37,5,10,41,32,3,34,2,6,5,39,91,28,62,130,48,2,0,1,5,12,107,27,33,1,0,0,0,0,2,0,1,9,27,16,58,122,1,68,96,9,0,22,90,54,10,130,130,0,0,1,3,1,20,34,10,0,0,0,0,0,0,0,11,130,128,9,7,11,0,15,130,130,6,0,3,7,0,40,130,6,0,0,0,0,0,3,4,0,0,0,0,0,0
0,0,0,0,8,123,110,0,50,38,0,1,37,129,13,4,90,129,31,0,1,5,2,11,18,62,37,0,0,0,0,7,3,0,0,3,8,41,129,48,129,26,2,3,9,21,19,40,129,29,1,0,0,0,0,46,25,4,3,0,0,0,0,4,25,14,54,115,7,4,34,32,129,79,12,4,0,0,6,35,129,80,0,0,0,0,0,6,26,6,0,0,0,0,0,0,5,16,33,72,15,7,17,4,94,129,17,8,1,0,0,1,75,106,0,0,0,0,0,1,3,4,0,0,0,0,0,0
0,0,0,7,23,37,110,12,11,7,0,0,0,16,124,32,36,17,0,0,0,0,39,56,6,1,0,0,0,0,0,4,4,0,0,70,124,24,36,8,124,93,0,3,23,11,71,33,86,121,0,0,0,0,5,25,6,6,0,0,0,0,0,1,9,0,0,9,124,110,1,4,124,13,1,3,39,11,1,124,63,9,0,0,0,0,0,124,6,0,0,0,0,0,0,13,1,0,0,3,28,120,50,1,37,1,1,3,7,12,33,111,124,0,0,0,0,0,0,124,42,0,0,0,0,0,0,24
0,0,0,0,0,127,52,0,0,0,0,0,0,82,127,3,3,1,0,0,1,42,127,16,4,1,1,9,11,51,87,12,1,2,3,2,8,127,53,1,13,0,0,8,40,127,70,16,127,27,4,3,3,15,55,56,16,15,9,69,35,10,7,1,2,8,81,92,20,7,11,1,25,13,13,93,111,14,2,2,127,39,9,11,8,4,4,31,24,4,1,12,61,29,6,14,0,0,26,127,5,0,0,0,1,9,74,127,19,0,0,0,36,41,85,19,0,0,2,14,5,34,55,6,14,10,6,11
0,0,4,101,75,5,1,0,2,39,66,52,8,6,9,2,35,123,40,0,0,0,2,5,76,123,0,0,0,0,0,0,0,0,13,123,25,0,0,0,22,8,19,123,37,2,3,8,123,117,5,3,4,0,1,13,53,101,0,0,0,0,0,0,0,0,13,105,27,7,0,0,20,2,7,123,123,15,0,1,123,13,4,12,17,0,0,77,60,6,0,0,0,0,0,59,0,0,2,10,47,39,0,0,1,17,59,23,114,50,0,0,47,39,112,5,7,0,0,45,53,32,13,0,0,0,0,55
0,29,88,47,1,5,3,1,125,29,61,53,0,0,1,53,127,9,1,0,0,0,0,60,6,0,0,0,0,6,7,3,4,13,35,20,3,8,70,35,70,13,27,37,12,22,25,18,127,7,1,0,5,5,1,48,17,0,0,2,59,112,42,17,10,17,38,9,6,9,118,66,105,76,6,0,1,11,41,46,127,86,0,5,12,2,0,6,16,6,25,125,127,41,8,7,12,70,84,8,2,0,0,2,26,127,47,0,0,0,0,1,32,118,3,1,0,0,0,0,2,3,18,53,3,0,0,0
64,114,1,0,0,1,1,0,36,37,0,0,0,35,33,2,4,0,0,0,0,10,56,36,3,0,0,0,0,1,1,9,11,114,14,3,25,12,0,0,12,10,1,22,127,127,66,16,127,13,1,4,10,46,90,127,54,1,0,0,5,32,1,15,0,9,6,18,28,1,0,0,12,13,16,127,127,23,2,3,127,62,19,51,31,7,4,55,55,3,0,0,68,89,2,19,0,0,0,3,4,0,0,0,0,0,0,64,127,2,0,0,73,3,3,41,84,5,5,82,28,0,0,3,95,50,12,49
56,127,9,5,7,0,0,1,22,28,6,44,127,13,1,4,127,38,1,7,24,4,1,15,33,10,1,0,0,0,0,0,3,95,14,1,36,18,0,0,19,12,4,17,127,127,14,21,127,39,3,4,19,28,14,106,45,3,0,0,0,0,0,10,0,3,3,23,53,9,0,0,8,46,115,115,127,36,1,3,117,127,74,10,7,13,4,14,26,12,0,0,0,30,43,2,0,0,2,10,2,0,0,0,0,7,54,26,4,10,0,0,0,23,26,1,9,112,5,0,0,0,0,0,3,116,60,0
1,0,0,2,30,15,7,2,2,2,9,18,43,6,4,5,91,27,11,9,3,2,2,30,58,86,0,0,0,0,0,9,5,0,0,0,2,60,81,19,87,33,36,28,6,4,24,35,70,19,42,107,28,1,3,50,106,6,0,7,2,0,1,117,35,20,0,0,0,53,53,33,123,59,4,8,0,0,10,48,73,18,11,123,86,4,1,8,63,4,3,39,66,16,30,123,37,123,2,0,0,4,0,0,123,123,0,0,0,0,0,0,32,21,2,51,94,1,0,0,37,55,47,75,88,7,7,22
5,0,0,0,0,0,0,1,125,123,0,0,0,0,1,6,64,128,55,0,1,11,21,7,4,26,56,7,0,0,18,15,28,7,0,0,0,0,0,1,128,93,0,0,8,3,2,32,70,38,7,10,70,48,42,34,24,26,21,2,1,3,58,65,13,2,1,4,0,0,1,12,97,7,1,4,3,1,56,128,20,19,11,11,28,5,120,128,23,55,39,2,0,0,32,89,0,0,44,65,0,0,0,0,0,0,97,105,0,0,20,28,33,20,64,12,0,0,57,115,85,33,12,1,0,0,23,108
0,0,0,0,0,0,0,0,0,29,13,0,0,0,0,0,5,82,82,0,0,0,0,1,6,59,97,14,0,0,0,0,19,6,0,7,21,0,0,2,108,130,48,0,0,2,0,8,15,130,130,0,0,29,25,13,11,33,125,65,1,1,11,24,29,0,0,69,122,0,0,12,130,31,3,4,4,9,3,99,68,24,30,28,16,60,26,39,72,11,8,16,2,2,9,58,4,3,11,130,91,0,0,2,130,62,19,26,3,0,0,48,116,25,43,37,1,0,0,30,25,42,41,16,0,0,0,8
9,0,0,0,0,0,1,15,120,63,13,0,0,0,4,23,58,141,65,0,0,0,3,1,22,48,44,1,0,0,6,12,20,1,0,0,0,0,3,8,141,86,1,0,2,2,2,20,94,65,17,2,24,46,62,12,10,10,8,0,1,9,99,36,29,0,0,0,0,0,0,6,141,6,0,1,5,1,8,109,77,13,6,42,77,26,53,60,26,74,28,8,5,6,45,29,5,0,0,0,0,0,0,2,54,0,2,2,0,0,54,119,9,3,2,5,5,4,141,115,17,12,2,1,0,0,141,102
0,0,0,1,8,128,117,15,3,3,1,3,1,128,128,4,10,52,44,4,0,128,123,13,15,11,42,21,0,4,33,128,0,25,92,51,64,106,9,0,40,18,55,128,18,31,35,3,128,111,56,33,4,4,8,35,16,24,102,93,5,0,0,21,0,25,69,40,10,0,0,0,11,9,23,128,40,0,0,0,88,11,5,28,5,0,0,19,5,0,6,3,1,0,0,3,0,0,1,2,0,0,0,0,0,0,0,2,0,0,0,0,0,0,0,0,0,0,0,0,0,0,0,0,0,0,0,0
4,0,0,0,1,2,12,23,0,0,0,0,1,1,0,0,0,0,0,0,0,0,0,0,0,0,0,0,0,0,0,0,88,4,0,1,31,19,37,121,25,4,0,1,62,135,30,18,102,13,0,0,3,28,7,7,10,2,0,0,0,0,0,0,15,0,86,67,37,19,76,82,51,2,39,44,23,135,78,27,135,18,4,2,1,13,27,100,33,4,0,0,0,0,27,55,0,8,135,113,2,0,1,1,7,2,135,135,2,1,0,3,32,55,135,34,0,0,18,62,39,85,25,2,0,0,14,37
31,1,0,0,1,39,33,50,85,45,7,0,9,45,17,26,109,67,21,1,0,2,27,60,39,18,9,0,0,0,7,58,21,0,0,0,0,0,6,37,138,108,16,0,0,3,6,35,57,138,38,0,2,23,45,4,26,17,8,0,0,7,40,35,21,0,0,0,0,0,3,13,138,11,0,3,11,7,4,110,72,18,6,39,59,53,69,37,54,63,11,2,1,12,62,40,5,0,0,0,0,0,0,3,112,0,0,1,1,0,38,138,29,7,4,24,14,15,138,85,19,22,3,2,0,5,138,59
2,2,2,5,102,122,11,0,3,12,48,57,53,20,0,0,74,122,16,19,5,0,0,0,44,122,39,4,0,0,0,0,44,5,0,0,11,122,67,36,51,18,8,11,36,90,19,19,122,102,2,5,9,13,14,44,52,48,9,0,0,0,27,76,21,0,0,0,0,4,19,65,70,52,10,0,2,34,30,40,122,122,34,1,0,3,8,27,47,67,36,1,0,1,15,40,3,0,0,0,0,0,2,15,122,32,3,0,0,0,3,40,122,118,20,0,3,17,17,4,3,24,10,0,1,18,61,8
0,0,0,0,0,0,0,0,65,5,0,0,0,0,0,8,136,52,8,0,0,0,0,21,8,61,56,0,0,0,0,0,0,6,21,15,2,0,0,0,119,35,48,7,0,0,0,3,136,52,5,0,0,0,1,17,51,64,28,0,0,0,15,12,8,15,29,82,136,21,0,2,52,32,68,52,44,6,1,13,136,12,3,5,9,8,26,131,41,14,2,0,0,16,103,73,12,1,0,4,136,136,14,33,19,3,0,4,64,47,26,44,89,29,0,0,19,12,7,114,88,71,5,0,0,5,8,32
0,0,1,21,39,12,6,4,52,16,22,14,14,2,2,24,125,46,3,2,0,0,0,70,12,8,0,0,0,0,0,13,18,1,0,1,6,90,61,35,126,31,47,45,4,4,18,67,55,7,23,91,38,6,18,126,36,3,0,1,8,16,18,126,65,52,0,0,7,97,21,16,126,119,4,17,5,0,5,30,50,39,50,126,79,4,7,18,74,78,38,24,49,12,5,41,42,126,0,0,0,8,1,0,91,126,0,0,0,0,0,0,9,15,24,23,1,0,0,0,0,14,19,11,62,1,0,0
5,0,0,0,0,0,17,21,51,0,0,0,0,0,2,27,124,0,0,0,0,0,0,33,19,0,0,0,0,0,0,3,67,47,3,0,0,0,73,111,144,37,0,0,0,0,4,48,144,7,0,0,0,0,0,43,62,0,0,0,0,0,0,4,45,144,97,18,0,0,3,14,117,57,3,3,1,0,7,47,144,22,0,0,0,0,4,84,50,1,0,0,0,0,8,28,0,3,32,88,16,2,1,0,24,20,19,42,11,3,10,45,69,24,40,10,0,0,39,144,5,0,7,8,3,3,121,144
0,0,0,138,138,4,0,0,23,59,37,138,58,19,24,4,138,138,8,2,0,0,7,10,63,61,8,3,0,0,0,0,0,0,0,138,51,0,0,0,56,28,21,138,136,0,0,3,138,99,10,14,8,0,0,51,41,14,0,0,0,0,0,14,0,0,0,16,50,1,0,0,8,15,51,96,130,1,0,0,102,64,44,11,4,0,0,21,29,2,0,0,0,0,0,8,0,0,0,1,1,0,0,0,0,0,1,3,1,0,0,0,0,0,0,0,0,0,0,0,0,0,0,0,0,0,0,0
0,0,0,0,1,1,0,0,0,0,0,0,2,5,1,0,0,0,0,0,0,0,0,0,0,0,0,0,0,0,0,0,0,0,0,0,40,15,0,0,6,0,0,0,135,116,46,12,85,25,0,0,5,17,50,63,30,11,0,0,0,0,0,3,0,0,0,0,25,144,24,0,49,3,0,0,144,144,44,25,144,61,0,0,10,17,13,93,53,22,0,0,0,0,0,11,0,0,4,11,87,144,23,1,46,10,29,20,17,144,73,48,144,21,3,0,0,2,6,123,72,2,0,0,0,0,0,16
0,0,0,0,0,58,54,4,0,0,0,0,0,16,118,80,2,0,0,0,0,0,23,64,0,0,0,0,0,0,0,0,26,1,0,7,12,103,123,29,36,9,2,31,63,45,123,123,123,23,1,1,3,0,28,123,5,0,0,0,0,0,0,2,70,37,71,57,14,11,8,24,43,123,113,46,57,2,0,13,123,123,35,4,3,0,0,16,7,6,0,0,0,0,0,0,2,28,123,58,12,16,5,0,22,110,82,1,5,18,31,42,15,59,14,0,0,0,1,14,0,1,0,0,0,0,0,0
0,0,3,6,3,39,19,0,69,4,7,19,11,136,57,33,160,71,3,1,0,3,10,50,36,50,17,20,28,0,0,0,0,0,18,36,13,12,1,0,107,20,34,129,77,27,4,6,160,44,3,5,4,0,2,88,62,9,2,12,65,12,10,42,0,0,14,8,15,18,0,0,23,101,112,27,64,33,0,0,160,135,28,1,2,0,5,73,27,0,0,0,13,24,68,89,0,1,20,2,0,0,0,0,0,44,81,2,0,0,0,0,6,32,14,0,0,0,2,7,1,0,0,0,1,32,33,14
0,0,0,0,0,0,0,0,17,7,1,0,0,0,0,0,6,15,26,16,23,6,0,0,3,0,11,76,127,62,5,11,13,8,6,6,0,0,0,0,130,82,8,1,0,0,0,10,59,111,104,24,3,0,0,22,4,12,126,130,37,1,1,10,8,8,12,35,74,61,15,3,130,29,8,6,2,6,10,110,108,21,5,0,0,0,8,130,8,4,17,63,27,8,27,81,1,0,0,0,17,58,45,15,130,6,0,0,0,3,22,114,107,10,0,0,1,23,36,59,7,0,0,0,4,15,55,72
0,0,0,0,0,27,28,2,0,0,0,0,0,7,122,44,0,0,0,0,0,0,26,35,0,0,0,0,0,0,0,0,1,0,0,1,6,132,110,7,23,6,2,16,21,71,132,128,124,15,0,0,0,0,46,132,6,0,0,0,0,0,0,1,30,21,41,25,17,64,41,31,49,132,64,42,17,6,6,22,132,132,18,2,0,0,1,24,16,12,0,0,0,0,0,0,5,34,132,56,3,0,0,0,16,132,85,5,12,12,13,17,40,91,4,0,0,2,12,53,3,3,0,0,0,3,11,3
3,24,139,34,5,9,20,4,39,32,67,51,16,16,7,8,139,21,4,4,1,1,14,107,21,1,1,2,25,36,40,77,1,1,0,1,4,48,88,56,40,3,0,6,27,139,67,47,139,46,39,18,1,15,27,117,35,56,80,43,33,6,19,41,0,0,0,0,2,35,139,63,91,15,0,0,19,139,70,14,139,88,7,0,0,7,3,21,38,26,31,23,8,0,0,0,0,0,0,0,0,1,10,0,6,1,0,0,0,3,5,0,20,5,0,0,0,0,0,0,1,0,0,0,0,0,0,0
0,0,0,0,0,0,3,0,0,0,0,0,0,35,154,13,9,7,1,0,1,52,154,44,8,10,6,25,21,80,102,23,0,0,0,0,0,1,1,0,29,1,2,11,4,140,96,33,154,69,9,4,1,26,63,98,26,41,25,89,52,6,2,1,0,0,0,1,0,0,0,0,57,21,23,88,44,25,10,5,154,67,11,20,12,6,9,67,41,9,2,18,83,58,14,26,0,0,0,0,0,0,0,0,5,37,78,14,16,2,0,0,82,77,34,3,2,4,15,37,8,0,0,0,17,105,52,24
1,0,0,0,0,71,89,16,66,20,1,0,0,16,97,86,20,44,26,34,16,13,22,8,0,0,15,131,44,35,25,1,31,3,5,33,8,83,43,16,147,59,3,5,1,13,19,60,88,58,19,41,52,3,0,5,0,0,6,90,73,23,0,0,24,21,24,65,47,5,0,0,147,70,13,13,7,0,2,60,84,4,0,4,54,46,33,67,0,0,0,5,95,143,3,0,0,28,70,8,6,1,0,0,49,78,32,1,0,0,5,20,13,1,0,0,4,72,64,34,5,3,1,1,22,118,25,3
0,0,0,0,32,29,2,0,4,0,0,2,31,62,114,91,8,1,8,28,51,60,59,98,7,16,36,134,84,24,1,0,0,0,0,40,101,24,0,0,29,6,9,134,134,44,36,79,134,41,32,18,7,11,19,134,31,16,61,134,52,4,0,1,0,0,0,28,5,0,0,0,13,10,51,134,30,0,0,1,134,49,50,85,4,0,0,29,42,3,1,31,18,0,0,14,0,0,0,0,0,0,0,0,0,0,4,44,5,0,0,0,9,2,7,30,3,0,0,2,2,0,0,0,0,0,0,1
130,79,0,0,0,1,0,2,12,7,0,0,16,42,2,1,17,1,0,0,5,20,3,6,3,1,0,0,0,0,0,0,142,47,11,1,5,28,16,79,22,5,1,2,51,142,60,32,142,13,0,0,8,77,29,75,42,4,0,0,0,0,0,2,52,69,74,43,72,14,4,18,44,39,25,65,142,109,13,11,142,107,9,3,5,10,5,21,26,1,0,0,0,0,0,1,4,10,4,29,29,0,0,0,9,60,89,97,59,3,0,0,34,132,45,2,0,0,0,0,0,0,0,0,0,0,0,0
0,0,0,0,5,4,0,0,0,0,0,0,11,24,72,30,1,0,8,133,127,19,51,31,4,57,58,133,48,9,3,0,0,0,0,9,66,16,0,0,22,6,12,95,133,74,91,72,133,39,33,68,23,10,55,119,18,12,34,133,92,8,1,0,0,0,0,9,7,0,0,0,12,14,86,133,27,0,0,2,133,67,72,72,0,0,0,13,36,5,5,65,18,0,0,4,0,0,0,0,0,0,0,0,0,0,8,25,0,0,0,0,2,2,10,19,0,0,0,0,0,0,0,0,0,0,0,0
124,130,26,5,0,0,0,1,57,35,0,0,0,32,10,4,5,0,0,0,0,16,6,3,1,0,0,0,0,0,0,0,130,130,11,5,6,8,14,30,77,20,1,3,34,130,107,38,130,6,0,0,1,65,56,73,31,1,0,0,0,0,0,1,97,130,23,39,44,4,1,4,31,64,55,117,130,71,14,6,130,124,29,6,5,10,7,18,10,0,0,0,0,0,0,0,0,2,0,6,6,0,0,0,0,31,42,37,17,0,0,0,3,52,29,1,0,0,0,0,0,0,0,0,0,0,0,0
