0,0,0,0,1,1,0,0,0,0,0,0,0,0,0,0,0,0,0,0,0,0,0,0,0,0,0,0,0,0,0,0,0,0,1,17,83,38,7,0,27,7,2,4,5,12,19,25,123,4,0,0,0,0,1,15,18,0,0,0,0,0,9,14,0,0,2,26,72,43,85,4,32,30,10,14,10,16,111,26,111,14,0,0,0,12,152,66,11,0,0,0,0,14,152,42,4,2,6,3,6,85,138,13,0,11,73,7,4,76,152,12,0,13,114,1,1,40,152,12,0,8,118,2,0,34,152,11
25,18,0,6,145,3,0,1,145,16,2,2,81,3,0,18,82,28,52,5,0,0,0,1,0,1,12,0,0,0,0,0,18,11,0,5,145,7,0,0,145,53,1,6,98,1,0,14,125,31,2,0,0,1,6,9,0,0,0,0,0,0,0,0,12,2,0,1,145,34,54,17,145,18,0,2,78,7,6,64,63,3,0,0,0,2,39,51,0,0,0,0,0,0,0,0,42,1,0,2,20,23,145,118,145,35,1,0,12,7,14,31,31,14,4,0,0,0,5,7,0,0,0,0,0,0,0,0
1,0,0,0,2,2,0,0,1,0,0,0,72,91,0,0,50,13,1,0,31,72,6,11,30,11,10,16,17,2,8,25,1,0,0,0,22,12,0,0,16,1,0,0,128,128,3,2,128,82,21,0,25,32,4,4,14,39,100,13,3,0,2,5,0,2,0,0,62,41,0,0,38,0,0,0,128,128,4,16,128,22,3,0,9,15,5,79,33,11,24,8,13,39,16,21,0,0,0,0,97,74,0,0,21,0,0,0,128,124,7,28,128,0,0,0,4,11,9,128,32,0,0,0,38,99,17,34
14,21,17,147,51,0,0,0,109,18,18,147,29,0,0,5,147,7,1,1,0,0,0,9,33,0,0,0,0,1,0,1,30,25,19,118,29,1,0,0,53,12,9,147,128,1,0,0,147,11,2,13,8,0,0,15,41,0,0,0,2,1,0,4,14,12,4,10,20,48,54,12,20,4,4,66,147,52,15,0,147,16,4,13,27,0,0,7,51,1,0,1,0,0,0,2,6,1,10,7,3,32,40,27,9,7,12,36,59,22,9,0,147,40,2,9,14,0,0,0,33,4,0,0,3,0,0,0
0,0,0,0,2,120,33,1,21,14,0,0,2,120,50,7,120,67,1,0,0,25,16,11,16,43,7,0,0,0,0,1,6,0,0,0,23,120,24,1,120,98,0,0,5,95,14,14,108,104,0,0,0,6,15,24,20,1,0,0,0,0,7,40,13,3,4,74,106,54,2,2,120,11,1,4,4,8,9,112,35,6,0,0,0,58,84,96,10,0,0,0,0,20,65,120,1,0,1,102,120,4,0,0,12,1,2,17,23,0,6,53,7,0,0,0,0,16,45,73,5,0,0,0,14,48,43,45
43,37,5,20,87,14,0,27,149,53,4,16,54,11,0,22,76,27,1,0,0,0,0,2,45,7,0,0,0,0,0,2,36,58,2,3,149,127,0,8,149,23,0,0,47,50,1,42,97,31,12,5,0,1,2,7,36,11,1,0,0,0,0,4,44,15,1,7,149,132,0,4,149,24,1,1,19,19,1,27,92,6,1,1,0,2,15,36,32,2,0,0,0,0,1,17,20,13,10,45,111,41,0,0,149,52,8,14,2,0,0,0,70,18,0,0,0,0,0,3,37,2,0,0,0,0,0,3
102,3,0,9,15,0,0,23,143,37,0,0,7,2,0,7,75,15,0,2,142,55,1,1,44,22,21,13,17,10,1,2,118,9,3,13,33,9,0,19,143,21,0,0,19,9,2,13,94,12,0,1,143,57,2,9,76,30,8,4,19,6,1,13,60,56,69,23,18,5,2,4,143,50,6,4,9,32,18,33,34,7,5,10,67,119,17,42,53,16,8,2,7,6,3,93,38,10,16,6,16,20,34,38,131,53,14,23,25,5,2,22,28,40,15,39,62,11,1,2,36,78,31,5,3,0,0,10
27,37,61,22,17,3,1,2,138,48,7,2,1,9,9,22,29,3,3,10,44,94,17,23,34,13,5,1,8,11,2,71,23,7,21,9,27,32,48,40,138,62,14,15,10,2,5,41,33,34,17,64,93,13,1,1,47,102,31,3,4,0,0,7,77,1,0,0,57,42,14,35,138,9,0,1,29,6,1,41,100,16,0,5,138,27,0,2,138,34,2,1,4,0,0,0,102,3,3,10,11,18,3,16,138,8,0,0,30,9,0,5,97,9,0,0,105,28,0,1,112,19,0,0,0,0,0,0
0,0,1,0,2,12,23,3,1,0,1,0,6,27,43,4,0,0,0,0,0,45,84,6,0,1,5,1,0,79,79,0,0,0,0,0,2,54,118,4,7,0,0,0,20,118,118,4,49,72,39,0,1,84,118,8,3,111,118,0,0,38,42,0,3,32,79,33,24,28,44,6,25,9,11,30,91,67,14,5,118,67,21,1,6,6,5,70,68,63,59,0,0,0,0,27,4,18,44,72,33,0,0,0,2,8,24,118,77,6,0,0,118,11,14,5,4,3,1,71,97,0,0,0,0,0,0,85
0,0,0,2,3,36,138,5,2,1,1,4,57,71,128,24,105,44,3,5,37,16,5,21,58,25,0,0,0,0,2,8,3,1,58,21,24,27,44,8,14,2,48,34,19,12,55,77,138,24,6,4,0,0,10,68,74,10,0,0,0,0,2,9,0,2,138,48,4,0,0,0,15,6,138,138,97,5,1,3,138,38,13,31,33,2,0,6,59,23,4,0,1,1,1,3,0,0,24,9,18,1,0,0,13,1,7,18,138,25,0,1,138,18,0,1,63,7,0,8,46,12,0,0,9,18,0,1
0,0,0,86,58,0,0,0,63,7,3,70,91,0,0,5,164,28,9,2,2,0,0,14,21,16,27,0,0,0,0,0,2,0,0,22,98,12,0,3,55,3,0,23,164,23,2,19,164,19,0,0,10,4,1,47,46,13,19,0,0,0,0,0,2,0,0,0,86,37,5,15,61,15,0,5,164,30,0,6,164,45,0,1,12,1,0,32,58,13,8,0,0,0,0,3,6,0,0,0,44,26,19,33,33,5,1,11,117,22,1,6,164,7,1,2,3,0,0,53,70,3,0,0,0,0,0,9
0,1,23,125,49,1,0,0,47,125,72,97,18,0,0,0,59,112,0,0,0,0,0,0,11,12,0,0,57,5,0,0,0,0,1,39,125,70,13,19,84,38,8,22,64,33,1,7,55,38,0,0,0,0,0,2,6,2,0,0,82,10,0,0,8,0,0,0,45,89,125,125,125,1,0,0,19,32,13,44,70,5,0,0,1,1,0,10,3,1,0,1,87,21,0,0,103,7,6,4,0,2,64,125,125,1,0,0,0,1,7,56,53,2,0,0,0,23,8,8,0,0,0,0,38,113,2,0
15,9,5,19,23,3,3,3,33,0,5,11,29,17,7,17,147,0,0,0,20,26,2,68,10,1,3,3,80,147,5,6,6,24,13,38,47,0,0,0,54,4,9,23,116,13,0,5,147,5,0,20,54,10,0,17,18,33,31,92,132,27,0,0,1,5,12,63,63,9,0,0,62,7,2,8,147,39,0,1,147,18,1,17,16,2,0,3,39,18,13,112,46,0,0,1,0,0,0,8,83,44,4,1,39,29,2,6,94,31,0,0,147,40,0,1,2,0,0,0,34,1,0,33,49,0,0,0
7,4,1,2,9,12,10,6,138,72,3,0,4,6,1,14,41,58,1,0,0,29,8,2,0,1,0,0,0,85,58,0,12,0,4,10,25,18,8,6,138,6,0,0,10,18,4,44,56,0,0,0,33,138,23,12,0,1,4,1,6,138,90,0,29,6,6,13,74,21,0,1,138,39,0,7,45,16,1,4,26,18,26,47,138,109,2,1,0,57,138,10,16,37,7,0,42,13,0,2,67,37,0,0,138,52,1,16,18,2,0,0,20,31,23,97,68,0,0,0,25,64,59,5,1,0,0,6
11,24,8,27,80,11,0,3,132,87,3,0,0,0,0,5,132,30,0,0,6,1,1,2,1,0,1,41,74,4,0,0,23,4,0,1,33,68,29,20,132,48,0,0,0,0,9,43,118,26,0,0,1,4,47,20,0,0,0,2,78,49,24,0,18,84,77,3,2,27,15,6,132,69,16,0,0,0,31,59,24,0,0,2,2,13,132,42,0,0,0,1,35,106,132,2,0,25,132,18,0,0,0,0,3,21,112,6,0,0,3,3,0,0,92,33,5,8,22,1,0,0,81,56,15,29,27,0
0,0,0,0,75,36,0,0,44,76,8,4,99,62,5,1,19,90,63,42,2,1,1,0,4,59,124,21,0,0,0,0,10,0,0,0,125,90,0,2,125,80,15,1,68,51,3,18,39,63,89,23,5,3,6,8,8,33,14,4,1,0,0,0,26,1,0,0,125,96,0,3,125,12,1,0,37,25,21,116,66,7,5,6,5,7,51,106,10,15,0,1,2,1,1,2,20,6,0,3,125,39,0,1,125,17,0,1,15,2,2,21,125,33,0,0,0,0,2,20,17,19,0,0,0,0,0,0
9,4,32,86,14,1,1,10,5,13,44,21,19,13,11,12,24,7,27,112,70,5,2,7,42,9,7,18,21,24,34,45,3,0,13,43,85,73,11,7,58,12,24,14,14,16,14,33,8,3,12,115,115,4,2,2,0,0,27,87,61,54,47,15,9,16,22,11,103,67,5,3,111,100,33,7,10,5,2,15,15,31,115,115,19,0,0,0,0,0,115,115,18,0,0,0,0,78,115,6,7,6,2,0,4,115,111,2,0,0,0,0,0,30,87,8,1,0,0,0,0,0,44,49,65,0,0,0
105,14,0,0,0,0,8,122,37,7,0,0,0,0,39,122,3,1,1,0,0,2,85,47,0,0,13,18,0,0,76,25,98,41,51,22,2,0,2,118,122,22,0,0,2,7,21,122,9,1,0,0,24,97,122,30,13,14,2,0,2,23,122,62,78,53,20,37,39,20,3,19,122,63,0,0,10,12,16,31,9,33,26,18,75,61,9,5,23,122,39,2,6,9,6,8,69,58,1,0,12,38,7,25,42,30,12,10,8,1,26,41,42,24,15,8,9,2,21,61,54,73,17,0,0,0,2,24
4,19,85,71,6,0,0,1,118,136,43,17,2,0,0,4,46,98,6,0,0,1,1,3,3,6,2,3,21,25,1,1,27,16,16,38,45,22,21,15,136,58,7,11,16,6,7,21,60,30,39,14,4,2,1,3,0,0,8,30,57,39,1,1,15,6,12,23,16,84,97,27,136,26,4,1,2,19,33,79,95,5,4,5,28,38,0,7,0,0,1,9,69,136,2,0,11,18,50,118,33,7,2,0,136,79,14,9,2,1,0,1,68,6,0,0,90,55,0,0,0,3,14,7,98,92,0,0
90,0,0,0,2,15,25,70,22,10,0,0,2,37,30,9,109,65,0,0,0,1,2,5,40,16,1,0,0,0,3,13,83,0,0,0,0,3,42,109,131,79,0,0,0,13,34,39,102,134,0,0,0,0,0,5,14,33,11,0,0,0,1,5,82,24,78,19,0,1,11,40,138,27,19,5,0,0,4,86,128,18,0,0,0,0,1,54,13,4,0,0,0,0,4,34,3,11,138,115,0,0,0,0,72,66,138,57,0,0,0,7,39,17,112,29,0,0,6,29,0,0,39,13,0,0,19,35
27,80,68,2,0,0,0,0,9,25,128,20,0,0,0,0,5,19,171,53,0,0,0,0,0,1,46,188,188,0,0,0,49,16,0,0,0,0,0,3,36,4,1,0,0,0,0,8,71,19,20,4,0,0,0,7,11,7,19,188,176,0,0,0,14,1,0,0,0,0,20,48,43,2,0,0,0,0,6,32,105,19,0,0,0,0,0,3,19,12,23,38,8,0,0,0,18,0,0,0,0,0,37,84,88,7,0,0,0,0,2,35,92,28,0,0,0,0,0,2,25,25,11,0,0,0,0,0
140,0,0,0,0,0,0,107,164,17,0,0,0,0,0,96,59,73,0,0,0,0,0,2,9,58,2,0,0,0,0,0,134,12,0,0,0,0,0,102,164,34,0,0,0,0,0,91,125,82,2,0,0,0,0,4,17,58,1,0,0,0,0,0,125,69,0,0,0,0,0,3,164,47,0,0,0,0,0,38,164,32,1,0,0,0,0,28,16,44,4,0,0,0,0,0,10,6,0,0,0,0,0,0,63,3,0,0,0,0,0,6,57,5,0,0,0,0,0,3,11,5,0,0,0,0,0,0
90,19,0,1,12,15,3,12,66,11,1,1,4,3,1,7,19,1,1,10,50,41,0,2,2,4,4,15,20,33,5,2,142,2,0,0,1,4,26,160,114,4,0,0,10,11,30,37,26,3,4,5,100,49,1,2,2,19,13,7,16,14,2,1,160,18,0,0,0,0,11,160,141,65,0,0,16,20,11,19,14,2,1,2,55,76,13,5,20,14,2,1,3,5,12,8,160,9,0,0,0,0,0,160,126,23,0,0,22,30,9,32,6,0,0,4,51,34,6,3,37,3,0,0,4,6,4,16
0,1,29,111,81,126,46,0,126,32,35,47,6,56,36,26,126,58,20,1,7,15,3,45,0,4,12,7,29,57,2,1,0,0,12,126,126,13,0,0,74,15,32,126,26,0,0,12,126,13,6,9,14,6,2,53,5,0,0,16,80,18,0,1,0,0,10,41,76,52,0,0,9,12,51,126,9,1,0,0,95,36,22,24,9,6,8,10,7,0,0,12,71,21,7,2,0,2,126,71,21,7,0,0,0,1,18,53,53,37,7,0,3,2,2,6,6,59,40,3,0,0,0,0,6,54,52,0
61,0,0,0,0,0,3,91,155,0,0,0,0,0,0,81,155,26,0,0,0,0,0,50,35,57,0,0,0,0,0,0,116,32,0,0,0,0,0,32,155,7,0,0,0,0,0,122,155,38,0,0,0,0,0,103,67,76,1,0,0,0,0,1,38,39,0,0,0,0,0,1,144,84,0,0,0,0,0,12,155,70,0,0,0,0,0,24,105,43,2,0,0,0,0,8,1,0,0,0,0,0,0,0,17,12,0,0,0,0,0,0,91,8,0,0,0,0,0,6,48,9,0,0,0,0,0,2
0,41,27,13,3,5,1,0,0,1,33,74,6,4,1,0,0,6,87,71,0,0,0,0,0,60,128,12,0,0,0,0,6,15,1,1,3,93,44,8,62,12,13,9,4,19,26,23,39,74,63,28,0,0,0,4,71,128,104,1,0,0,0,15,55,11,0,0,3,116,32,17,128,26,1,0,0,2,6,19,82,24,13,0,0,0,2,47,128,45,4,0,0,0,1,128,122,51,2,1,0,20,9,19,81,128,27,0,0,0,0,0,11,43,128,10,0,0,0,4,86,9,35,11,3,6,8,85
6,1,23,42,8,2,0,4,60,15,11,59,38,11,1,7,168,37,1,1,1,1,0,19,31,2,0,9,10,0,0,2,15,0,0,2,23,34,6,11,74,1,0,3,101,96,7,28,168,3,0,0,3,7,3,73,50,0,0,6,4,0,0,12,2,0,0,0,12,74,57,4,97,32,0,0,69,85,4,3,168,88,0,0,2,2,0,8,49,12,0,0,2,3,0,3,3,3,0,0,1,14,49,9,87,136,0,1,7,11,5,1,168,157,0,0,0,1,5,2,14,7,0,1,2,30,13,0
15,0,0,0,6,38,13,10,105,31,21,7,0,1,3,14,49,39,151,104,1,1,2,3,0,1,151,151,4,2,1,0,45,25,29,6,8,31,8,6,151,36,2,0,0,0,2,19,77,9,1,3,1,11,49,25,0,0,6,51,7,24,55,3,40,16,104,28,1,0,1,114,58,13,46,40,1,0,13,44,8,0,0,5,1,30,99,36,16,0,0,0,0,31,76,19,44,0,12,6,0,0,32,151,2,0,15,57,13,3,58,148,1,1,1,53,22,13,27,10,37,6,1,4,1,5,13,9
15,24,36,36,29,38,5,2,46,60,25,61,46,2,0,0,123,58,3,2,2,1,8,10,7,2,4,10,6,7,8,8,22,5,1,7,16,48,85,52,130,97,24,25,20,24,32,34,41,57,23,83,41,2,13,15,59,13,10,9,6,1,7,25,90,13,9,11,9,22,29,128,130,48,12,8,5,12,14,53,65,5,4,42,90,101,17,25,84,4,0,6,18,28,22,79,130,44,5,0,0,0,0,45,88,52,10,0,1,6,8,29,12,1,0,16,66,108,29,20,5,0,0,21,31,35,64,113
0,6,132,132,6,0,1,2,40,132,132,43,0,0,2,6,132,116,26,2,0,0,0,13,107,12,0,0,0,0,0,10,5,5,49,80,17,4,3,2,31,62,92,24,2,2,4,7,132,21,28,32,8,2,1,22,132,1,0,0,0,0,0,26,12,5,32,68,13,6,23,17,18,13,15,46,38,12,32,16,96,1,1,9,13,36,32,46,132,0,0,0,0,0,0,48,2,6,13,14,5,4,17,6,1,4,8,79,17,3,7,2,69,1,5,66,4,7,7,16,132,0,0,1,0,0,0,34
29,45,22,7,3,0,3,11,11,92,55,0,0,1,1,1,21,116,19,0,0,0,1,2,70,121,0,0,0,0,0,0,121,34,1,1,2,0,2,18,39,30,13,11,35,30,19,15,121,52,4,1,2,5,13,62,121,120,0,0,0,0,0,4,121,11,0,1,2,0,2,66,47,20,14,41,44,6,4,24,121,108,13,8,3,0,1,15,121,72,0,0,0,0,0,3,121,54,0,0,0,0,0,14,58,34,2,1,1,0,1,11,121,108,2,0,0,0,0,0,121,42,0,0,0,0,0,2
0,0,0,0,0,0,0,0,2,0,0,0,0,0,0,0,14,0,0,0,0,0,0,3,3,0,0,0,0,0,0,0,143,0,0,0,0,0,0,33,126,4,0,0,0,0,0,21,143,26,0,0,0,0,0,36,48,13,3,3,0,0,0,5,143,57,8,0,0,0,0,22,143,14,0,0,0,0,4,36,143,56,1,0,0,0,29,143,31,19,5,7,9,5,31,60,71,143,51,7,1,0,0,0,41,19,20,21,34,26,26,28,58,0,0,0,7,18,87,143,105,1,0,0,0,1,25,143
5,140,28,1,0,0,0,0,8,139,16,0,0,0,0,0,17,140,6,0,0,0,0,0,2,14,0,0,0,0,0,0,49,35,7,6,8,19,23,33,140,140,45,0,0,0,0,27,22,140,70,5,3,1,0,3,2,24,3,1,1,0,0,0,104,79,3,2,8,32,29,40,140,100,2,0,0,0,1,67,60,17,10,4,7,11,8,31,0,0,0,0,2,2,0,0,20,140,140,12,3,0,0,0,68,140,39,7,0,0,0,1,20,21,0,0,0,0,0,2,0,6,0,0,0,0,0,0
98,76,2,2,4,0,0,0,38,16,2,9,101,15,1,12,142,3,0,0,11,5,1,45,32,10,0,0,0,0,1,6,142,23,0,1,19,1,0,5,59,6,0,2,142,27,0,9,142,2,0,0,26,7,1,43,40,5,0,0,0,4,21,14,142,3,0,0,26,10,0,9,71,9,0,0,142,54,0,1,142,35,0,0,20,3,1,9,16,2,0,0,0,0,15,15,128,10,0,0,35,26,0,3,84,11,0,0,110,83,1,3,142,37,0,0,3,4,0,1,4,1,0,0,1,5,3,1
23,13,1,38,124,0,0,8,86,59,15,15,24,1,0,37,59,7,14,36,95,14,0,11,92,1,0,0,3,2,0,12,18,0,0,40,124,2,1,15,124,3,0,14,71,4,1,68,94,18,0,26,124,13,0,6,124,18,0,2,5,1,0,4,15,3,0,28,124,0,0,4,124,24,0,20,88,6,1,10,88,18,0,33,102,34,2,7,85,17,0,2,5,3,1,3,9,3,0,4,124,7,0,2,94,4,0,2,69,28,6,46,80,3,0,0,30,85,10,21,77,2,0,0,1,5,2,7
20,0,0,19,131,1,0,9,91,0,0,11,101,6,2,70,131,0,0,0,0,0,0,95,6,0,0,0,2,3,3,3,50,2,0,32,131,7,0,4,81,4,0,41,131,4,0,40,131,11,0,1,2,0,0,104,27,2,4,4,3,0,0,6,22,1,0,2,87,62,17,10,51,65,13,27,131,17,0,2,131,131,4,2,1,0,0,9,24,18,8,4,1,5,0,0,3,4,3,2,33,27,14,8,99,71,2,2,33,13,0,0,122,93,0,0,0,3,0,1,3,2,0,0,1,11,2,0
21,0,0,39,87,25,9,32,89,16,8,76,88,5,0,7,151,13,2,1,1,1,0,34,18,0,0,0,8,8,0,5,15,11,1,5,22,34,54,48,72,9,6,46,100,10,2,13,151,7,1,3,8,0,0,48,39,0,0,0,7,1,0,5,47,151,34,11,7,1,5,12,33,43,77,151,31,0,0,0,151,31,12,27,7,0,0,9,42,0,0,0,4,5,1,5,104,66,13,6,6,0,0,35,20,11,21,55,126,18,0,7,151,2,1,10,41,11,0,20,37,2,0,0,0,0,0,2
42,28,120,0,0,0,5,36,19,45,120,0,0,0,23,113,21,20,120,23,5,13,48,57,120,97,78,8,1,2,2,10,56,17,0,0,0,0,16,32,29,1,0,0,0,0,18,73,120,11,0,0,0,0,8,60,120,89,0,0,0,0,3,84,18,3,0,0,9,14,57,74,115,26,0,0,0,0,13,62,120,62,2,1,0,0,2,13,50,5,3,4,0,0,15,120,27,51,10,4,10,5,3,8,120,79,0,0,0,0,0,8,97,40,7,3,0,0,0,5,9,15,32,14,0,0,0,9
135,32,0,2,6,4,13,19,83,14,0,0,60,41,12,23,135,24,0,0,29,14,2,11,29,4,0,0,0,0,0,0,90,29,49,19,8,24,50,73,39,18,35,23,22,97,92,105,135,35,7,3,5,21,23,119,25,1,0,0,0,0,0,6,59,80,135,33,2,1,0,2,12,49,135,115,10,8,4,6,101,135,111,13,1,1,1,13,8,6,0,0,0,0,0,0,73,33,25,1,0,0,0,0,0,4,63,14,0,0,0,0,0,22,33,1,0,0,0,0,0,0,0,0,0,0,0,0
0,0,0,0,0,0,21,1,0,0,0,0,0,6,21,1,0,0,0,0,0,0,8,6,0,0,0,0,0,0,0,0,0,0,25,9,1,14,134,15,6,2,5,20,21,128,134,33,110,12,1,1,1,13,99,134,33,1,0,0,0,0,0,22,0,0,70,37,10,21,83,9,30,21,23,102,89,102,39,17,134,98,10,9,5,7,12,54,67,12,0,0,0,0,0,5,0,3,6,4,10,18,134,22,39,14,7,26,55,77,90,22,134,26,3,2,1,3,66,83,28,0,0,0,0,0,94,35
8,25,0,0,2,18,5,2,4,4,4,4,5,44,33,6,14,5,2,167,105,8,19,18,18,1,3,235,235,0,0,19,0,2,0,1,6,23,19,4,11,10,20,8,3,8,6,8,17,33,21,15,5,0,0,2,11,13,9,235,142,0,0,0,1,2,16,8,2,8,11,4,42,23,10,1,0,2,5,11,29,20,5,0,0,0,0,2,45,15,4,82,23,0,1,5,0,7,53,5,0,0,0,0,3,40,48,0,0,0,0,0,5,36,27,0,0,0,0,0,9,34,25,1,1,0,0,3
149,11,0,9,111,12,1,55,149,4,0,0,0,0,0,18,18,2,0,0,0,0,4,5,2,0,0,0,4,16,7,2,149,88,0,82,108,0,0,2,149,17,0,1,7,2,2,3,2,0,0,0,2,9,30,4,0,0,0,0,1,25,22,0,149,24,0,32,101,53,7,46,149,4,0,0,16,14,4,26,0,0,0,0,8,24,14,0,0,0,0,0,0,21,15,0,149,2,0,0,40,88,12,69,149,0,0,0,4,19,5,32,0,2,3,0,4,28,9,0,0,0,6,5,2,21,11,0
141,70,5,1,1,0,10,39,141,30,3,3,1,0,33,141,141,50,5,11,10,2,5,64,3,3,2,14,21,3,1,2,141,39,3,3,0,0,1,52,141,141,31,8,2,0,6,56,141,141,3,1,5,7,10,49,2,0,0,1,12,12,7,4,141,11,0,0,0,0,0,74,141,32,0,0,0,0,0,65,49,19,0,0,0,0,0,13,0,0,0,0,0,0,0,0,15,0,0,0,0,0,0,7,0,0,0,0,0,0,0,0,0,0,0,0,0,0,0,0,0,0,0,0,0,0,0,0
132,117,0,0,0,0,0,17,130,31,4,0,0,0,1,43,132,58,3,3,1,0,0,5,29,37,18,7,4,0,5,28,132,34,0,0,0,0,0,126,132,46,0,0,0,0,0,49,132,40,1,0,0,0,0,16,127,117,26,2,0,0,0,10,132,0,0,0,0,0,0,86,132,5,0,0,0,0,0,51,121,5,0,0,0,0,0,16,130,6,0,0,0,0,0,17,15,0,0,0,0,0,0,3,10,0,0,0,0,0,0,1,1,0,0,0,0,0,0,0,0,0,0,0,0,0,0,0
124,76,0,0,0,0,0,6,99,124,11,0,0,0,0,3,88,59,8,0,0,0,0,7,74,32,1,0,0,0,1,14,124,124,0,0,0,0,0,1,124,41,2,0,0,0,1,44,124,44,2,0,0,0,0,17,48,28,6,5,3,0,1,7,124,76,0,0,0,0,0,63,120,12,0,0,0,0,0,78,124,39,0,0,0,0,0,10,85,23,5,1,0,0,0,12,96,0,0,0,0,0,0,75,124,0,0,0,0,0,0,60,124,6,0,0,0,0,0,19,58,1,0,0,0,0,0,10
115,66,0,0,0,0,0,2,129,23,0,0,0,0,0,9,82,61,0,0,0,0,0,6,129,73,0,0,0,0,0,49,129,27,0,0,0,0,0,8,113,13,0,0,0,0,0,45,129,18,0,0,0,0,0,47,129,9,0,0,0,0,0,81,129,34,0,0,0,0,0,6,114,40,0,0,0,0,0,13,129,41,0,0,0,0,0,23,129,11,0,0,0,0,0,27,66,18,0,0,0,0,0,27,82,3,0,0,0,0,0,61,88,2,0,0,0,0,0,70,129,30,0,0,0,0,0,24
26,18,17,10,14,4,1,7,133,21,0,0,0,0,0,26,133,11,0,0,0,0,0,46,122,11,0,0,0,0,0,64,35,23,3,5,43,27,1,4,133,62,0,0,0,0,0,15,133,35,0,0,0,0,0,21,133,59,0,0,0,0,0,23,35,76,5,4,7,6,0,0,133,69,0,0,0,0,0,41,133,3,0,0,0,0,0,131,102,3,0,0,0,0,0,111,50,25,1,1,0,0,0,15,41,15,0,0,0,0,6,43,75,0,0,0,0,0,2,129,86,0,0,0,0,0,0,85
22,6,0,0,0,0,3,6,35,28,0,0,0,0,0,1,27,42,0,0,0,0,0,0,11,39,6,0,0,0,0,0,47,1,1,1,0,0,0,21,72,4,0,0,0,0,0,15,82,34,0,0,0,0,0,1,25,36,4,0,0,0,0,2,24,3,131,187,0,0,0,10,83,3,22,24,0,0,0,20,113,11,0,0,0,0,0,8,29,4,0,0,1,0,0,10,0,0,187,187,0,0,0,1,24,5,187,187,0,0,0,3,45,4,74,111,0,0,4,15,14,0,2,4,0,0,5,14
12,0,0,0,0,18,92,76,42,4,0,0,0,1,6,65,130,28,0,0,0,0,0,20,125,43,0,0,0,0,0,8,130,1,0,0,0,1,25,96,130,52,0,0,0,0,0,45,130,100,0,0,0,0,0,7,130,36,0,0,0,0,0,16,130,65,0,0,0,0,0,17,130,39,0,0,0,0,0,42,130,14,0,0,0,0,0,60,79,0,0,0,0,0,0,17,50,130,0,0,0,0,0,2,92,70,0,0,0,0,0,17,71,2,0,0,0,0,0,40,6,0,0,0,0,0,0,4
0,0,0,0,0,8,124,60,0,1,2,0,0,0,118,81,8,0,0,0,0,0,47,53,2,0,0,0,0,0,5,2,4,9,9,2,8,67,124,75,26,26,8,0,0,0,124,124,124,15,1,0,0,0,39,124,24,0,0,0,0,0,0,5,19,84,97,7,6,13,10,16,40,124,124,0,0,0,7,27,124,124,36,0,0,0,2,24,24,2,0,0,0,0,0,6,99,20,7,0,0,0,12,49,124,72,45,4,10,2,2,24,22,22,21,5,28,10,10,26,12,1,0,0,0,0,1,16
40,0,0,0,0,1,11,134,94,0,0,0,0,0,0,134,30,0,0,0,0,0,5,134,2,0,0,0,0,0,3,53,134,8,0,0,0,0,0,53,134,27,0,0,0,0,1,55,77,1,0,0,0,0,10,87,5,0,0,0,0,0,3,25,134,36,0,0,0,0,0,18,134,60,12,3,0,2,10,16,19,4,43,16,0,9,87,46,1,0,4,1,0,0,15,9,134,50,0,0,0,0,0,0,134,134,37,3,0,0,0,1,7,45,134,28,0,2,11,4,0,0,16,3,0,0,1,0
63,99,41,21,23,1,1,22,143,11,3,4,10,2,14,77,14,6,9,0,0,4,48,22,0,0,0,0,0,0,1,1,70,44,11,50,137,0,0,5,144,32,14,14,63,1,0,37,51,46,82,0,0,0,0,2,0,0,2,0,0,0,0,0,55,30,1,36,144,0,0,1,144,19,2,16,103,0,0,33,144,27,13,0,0,0,3,13,0,0,0,0,0,0,0,0,31,4,0,10,131,24,52,27,144,4,0,7,83,10,8,75,74,1,0,0,0,0,21,63,0,0,0,0,0,0,0,0
0,0,0,16,71,5,0,0,13,3,0,8,91,48,12,7,128,27,0,1,73,11,3,12,7,1,0,19,133,8,0,0,0,0,0,30,83,0,0,0,35,2,0,70,133,13,8,20,133,8,0,10,93,6,4,44,8,0,1,67,133,4,0,0,0,0,3,42,33,2,0,0,29,9,6,133,133,2,0,0,133,26,5,27,80,20,1,10,7,2,5,29,133,28,0,1,0,0,0,10,32,3,0,0,4,1,1,46,128,5,0,1,46,4,1,31,61,12,10,54,3,1,3,57,41,15,9,8
42,24,0,1,5,8,6,25,59,40,7,23,52,12,0,24,135,33,3,13,26,9,0,14,59,16,0,0,0,0,0,0,135,60,0,0,4,2,5,26,74,58,2,2,135,96,1,8,135,8,0,0,33,35,3,41,60,13,0,0,0,0,0,17,135,87,0,0,20,10,0,5,62,27,6,16,135,65,0,1,135,36,5,7,21,6,0,15,73,5,0,0,0,0,0,17,135,70,0,0,34,34,0,0,20,40,15,8,66,56,0,0,123,67,13,3,1,0,0,0,50,8,0,0,0,0,0,1
0,0,0,0,15,91,1,0,54,41,4,0,9,94,8,4,24,44,40,21,10,5,1,1,1,9,46,47,36,2,0,0,16,2,0,0,32,121,7,6,121,23,0,0,3,49,18,28,47,11,8,9,8,95,70,20,31,18,6,7,7,17,22,17,21,100,2,0,18,118,1,1,104,83,3,0,29,71,17,14,89,43,0,0,27,121,68,26,121,72,0,0,0,4,14,20,10,121,4,0,5,18,0,0,4,31,5,1,98,74,0,0,121,121,0,0,51,38,0,0,63,68,0,0,0,0,0,0
44,0,5,30,8,0,0,116,14,0,0,34,104,3,1,49,100,1,1,42,70,0,0,55,109,0,0,0,0,0,0,67,22,1,1,120,76,0,1,80,120,14,16,58,26,1,0,112,53,14,65,120,21,0,0,16,120,6,12,21,0,0,0,71,8,5,15,120,66,0,0,3,120,70,46,78,7,0,0,19,57,18,38,120,23,12,4,5,71,5,8,71,31,4,0,28,0,0,5,41,23,0,0,0,19,19,23,38,14,4,6,7,12,3,1,5,15,41,41,19,23,4,4,25,24,11,4,8
12,2,0,58,121,4,0,2,160,21,1,8,22,2,0,17,81,28,25,0,0,0,0,1,0,1,31,4,0,0,0,0,13,2,0,4,160,37,1,3,160,34,0,1,46,7,0,22,137,31,16,0,0,0,0,2,0,1,32,4,0,0,0,0,14,2,0,3,138,46,7,7,160,15,0,3,29,3,0,43,160,10,3,0,0,0,0,16,0,2,12,1,0,0,0,0,5,11,10,18,28,16,10,4,160,30,3,8,6,0,0,10,148,1,0,0,0,0,2,27,1,0,0,0,0,0,6,9
0,0,0,0,0,138,138,0,3,12,3,0,0,68,138,68,1,3,6,1,3,138,138,33,0,6,11,10,10,138,31,0,3,18,24,19,9,133,57,0,48,138,51,7,1,19,46,25,8,26,65,65,22,10,34,11,2,12,17,21,8,7,4,0,10,4,10,10,2,11,17,9,138,30,7,4,1,0,1,38,45,7,9,88,68,0,0,7,1,4,10,58,30,10,2,0,12,0,1,14,7,2,5,12,138,6,0,0,0,0,0,20,56,4,1,38,28,1,0,5,0,0,6,72,26,0,0,0
35,6,1,5,18,2,0,2,130,65,0,1,8,2,0,0,130,29,0,0,19,22,4,2,21,2,0,0,37,26,1,0,62,14,4,23,12,0,0,3,130,68,2,6,5,11,6,16,91,12,0,0,15,130,81,26,72,4,0,0,7,32,37,28,100,2,1,7,24,15,2,30,130,5,0,1,11,29,34,88,87,13,0,0,60,130,51,38,130,28,0,0,2,6,8,19,91,0,0,0,5,23,41,74,55,4,0,0,6,25,12,33,128,19,0,0,18,52,12,11,130,32,0,0,0,0,0,1
19,3,0,0,2,9,2,9,103,0,0,0,4,16,6,97,134,0,0,0,0,0,0,111,7,0,0,0,0,0,0,3,4,10,60,22,6,3,0,1,85,7,11,52,33,13,4,65,134,16,0,1,0,0,0,134,34,1,0,0,0,9,1,9,0,4,68,24,14,25,30,0,73,51,16,64,62,20,4,4,134,128,2,3,1,3,0,18,30,8,0,0,16,133,1,1,0,0,0,2,5,31,35,2,50,6,0,1,15,21,9,34,134,13,0,0,8,17,6,134,7,0,0,1,105,134,3,12
32,125,125,1,1,1,0,0,18,125,125,0,0,0,0,0,38,115,59,0,0,0,0,0,29,44,16,0,0,0,0,0,57,96,21,4,1,3,6,5,76,12,1,0,0,0,0,2,106,12,0,0,0,0,0,1,52,6,0,0,0,0,0,1,42,9,6,3,2,10,125,125,96,3,0,0,0,0,5,52,107,2,0,0,0,0,0,8,48,0,0,0,0,0,0,8,100,0,0,4,3,0,26,125,125,0,0,0,0,0,9,125,47,0,0,0,0,9,65,37,13,0,0,0,0,30,125,20
11,88,4,1,0,6,5,0,2,17,0,0,0,37,30,0,5,18,9,1,15,54,16,3,0,20,36,88,69,18,0,0,2,14,0,0,0,108,48,0,14,1,0,0,0,126,126,23,126,40,5,0,0,19,50,71,39,36,21,76,83,0,0,2,0,0,1,8,39,126,27,0,103,32,1,2,18,123,43,14,126,52,0,0,0,1,13,48,52,1,0,15,51,17,30,24,0,17,35,119,41,12,0,0,70,22,15,69,22,6,2,21,106,8,0,0,0,1,42,126,26,6,1,1,5,11,75,43
14,0,0,0,18,38,5,9,131,30,0,0,2,6,3,14,88,32,0,0,5,33,0,0,2,0,0,0,20,129,6,2,27,6,18,33,37,69,13,17,131,28,7,1,1,15,10,41,75,8,0,0,23,131,8,7,34,3,1,0,16,131,13,13,9,14,131,124,12,3,2,4,131,64,117,32,7,20,6,13,19,1,47,37,52,131,7,7,28,5,56,20,6,26,0,12,0,0,30,14,0,0,33,64,1,3,68,35,1,0,8,32,0,0,106,65,4,0,0,4,0,0,100,51,0,0,0,0
6,19,59,43,3,3,5,7,5,31,99,23,9,6,5,7,18,125,79,11,5,1,0,1,7,58,89,30,6,1,0,0,9,44,40,10,3,5,18,7,15,23,34,37,10,7,24,24,125,46,14,3,0,0,9,46,32,17,6,5,51,47,0,0,15,59,53,13,1,0,9,16,9,12,29,120,38,10,6,5,125,33,8,18,13,11,2,13,33,3,0,0,103,125,1,0,6,1,0,0,0,1,125,98,11,1,0,6,24,58,125,44,123,4,0,1,28,56,34,71,14,9,0,0,122,125,3,4
0,4,53,1,0,45,79,0,0,1,58,3,0,34,118,5,0,7,66,1,0,14,118,18,0,11,34,1,1,3,94,54,5,3,3,51,60,118,118,9,70,11,3,6,4,32,118,63,10,1,0,28,41,34,118,14,2,1,2,11,13,9,118,118,6,10,16,118,95,4,1,1,103,31,19,53,10,0,0,9,33,4,14,70,24,0,0,3,4,11,65,61,10,0,4,11,4,1,0,117,94,0,0,0,23,6,12,90,38,0,0,2,44,8,14,10,0,0,0,8,5,8,60,12,0,0,0,1
11,1,1,1,9,106,59,42,30,19,26,20,12,23,22,32,84,61,9,8,5,8,4,16,15,16,12,2,6,24,36,24,48,7,33,93,25,21,26,71,116,96,11,2,0,6,18,60,50,59,14,6,16,15,7,21,69,44,25,2,4,5,3,15,18,12,125,125,2,0,0,1,89,26,56,124,4,3,15,67,34,6,2,5,14,41,67,54,90,4,0,0,1,15,34,69,0,1,23,84,5,0,0,0,0,0,38,125,15,1,4,4,1,0,51,125,16,15,67,29,3,0,8,44,4,29,125,81
0,2,153,41,1,0,6,4,67,7,47,82,9,0,7,76,153,12,1,2,0,0,0,111,38,0,0,0,0,0,0,10,0,0,91,76,55,15,0,0,72,16,17,134,138,3,0,1,153,28,2,8,4,0,0,26,54,1,0,0,0,0,1,12,0,1,7,6,33,82,18,0,32,12,12,78,93,16,0,0,153,26,6,14,4,0,0,35,70,0,0,0,0,0,0,19,2,9,18,6,7,14,15,8,20,6,11,31,47,26,5,3,153,48,1,3,5,3,0,3,53,10,0,0,0,0,0,2
2,2,8,7,17,43,54,26,112,58,1,7,28,48,13,8,137,111,0,0,0,0,0,0,13,5,0,0,0,1,1,0,16,4,0,4,32,108,71,16,137,53,0,0,1,35,31,33,137,43,0,0,0,0,0,19,3,0,0,0,0,3,1,4,25,56,42,85,51,43,2,1,137,107,9,1,0,3,1,70,94,7,0,0,0,0,2,137,8,0,0,0,0,0,2,24,1,23,65,121,2,0,0,0,26,120,49,5,0,0,0,10,60,123,3,1,1,0,0,35,12,11,2,2,2,0,5,11
0,2,4,39,95,18,0,0,126,37,11,27,38,26,5,13,126,20,0,3,2,3,11,70,7,0,1,71,101,16,11,9,0,0,4,123,50,0,0,0,82,33,42,89,13,0,0,9,126,16,3,0,0,0,3,67,30,1,0,17,113,19,4,13,0,0,20,100,5,0,0,0,13,22,122,80,1,0,0,0,126,66,56,2,0,0,0,10,34,30,38,50,25,5,1,7,14,15,20,16,0,0,2,2,16,81,126,9,0,0,0,2,18,73,126,7,0,0,0,0,15,83,74,11,0,0,1,1
11,0,0,0,0,0,146,146,44,1,0,0,0,2,93,107,10,4,4,6,1,13,24,9,6,19,3,0,0,1,9,4,146,34,0,0,0,0,76,136,146,34,2,2,0,0,19,73,62,26,23,32,2,0,0,3,10,66,10,1,0,0,0,2,116,146,44,1,0,0,0,1,146,64,1,0,0,0,0,28,85,5,2,9,11,6,2,25,12,8,0,0,1,1,8,32,15,53,43,8,2,5,9,9,122,47,0,0,0,0,18,77,47,1,0,0,5,7,7,67,7,8,0,0,2,2,5,12
8,3,1,24,136,28,0,0,40,85,36,3,26,4,0,0,1,45,77,27,4,0,0,0,0,1,37,53,9,1,0,0,17,5,2,136,136,0,0,0,136,49,9,49,31,0,2,10,15,12,16,49,8,1,8,5,0,0,45,31,2,0,1,0,1,1,1,136,136,0,0,3,38,9,5,106,136,6,34,47,10,11,6,5,2,2,85,53,5,6,10,8,5,1,17,23,0,0,0,57,106,0,1,18,1,20,47,136,136,2,4,4,5,49,81,11,0,0,6,9,5,34,19,6,1,0,1,4
11,14,0,0,3,91,7,0,0,2,7,1,30,155,29,0,0,17,50,6,5,155,125,0,0,1,19,31,6,42,98,0,5,2,0,3,15,155,81,2,38,51,43,6,33,155,31,5,4,58,141,28,14,22,1,0,0,1,32,130,29,5,0,0,7,3,9,91,74,100,12,1,118,24,12,21,3,9,6,25,21,7,6,6,38,30,1,10,0,0,0,23,59,40,0,0,0,0,7,53,46,11,0,0,33,15,20,34,3,1,0,3,17,3,0,6,35,8,3,2,0,0,0,22,62,8,0,0
0,0,0,0,77,97,0,0,18,25,0,0,136,136,0,0,30,97,10,0,11,12,0,0,0,11,18,13,19,4,0,0,2,0,0,0,136,136,1,1,106,59,0,0,88,136,4,13,44,62,2,0,1,32,7,2,1,5,5,6,16,20,6,2,10,0,3,5,136,136,3,7,136,7,2,2,21,45,7,79,35,4,1,3,5,30,15,24,17,41,3,1,0,3,12,5,5,4,26,31,108,82,2,3,97,36,25,22,4,3,2,26,37,13,8,13,2,1,11,29,36,45,2,0,1,1,4,25
19,14,0,0,0,10,29,9,19,25,14,12,1,0,2,2,6,48,115,28,0,0,0,0,3,16,137,45,0,0,0,0,20,97,31,1,0,0,2,1,55,41,33,8,0,0,0,1,137,67,46,3,0,0,0,10,10,14,105,36,0,0,0,1,1,61,95,36,5,1,0,0,20,9,41,38,26,52,31,16,137,13,2,1,0,10,31,97,31,17,18,5,0,0,0,6,0,0,35,53,41,41,21,0,5,0,3,20,137,137,75,39,137,3,0,3,21,45,81,137,68,5,5,5,0,0,11,79
46,24,0,3,2,2,4,22,106,4,1,2,1,1,6,113,106,4,1,0,0,0,0,82,19,18,10,0,0,0,0,9,33,1,3,5,1,1,7,134,115,10,6,5,0,0,2,74,134,22,0,0,0,0,0,87,69,31,0,0,0,0,0,15,76,8,1,2,3,2,5,93,134,22,0,0,0,0,0,55,134,125,0,0,0,0,0,3,29,115,11,0,0,0,0,0,42,60,12,3,1,0,0,2,134,40,0,0,0,0,0,6,134,94,0,0,0,0,0,2,19,87,13,0,0,0,0,0
4,55,49,4,0,3,23,6,10,54,30,5,6,12,30,15,8,24,27,9,7,8,2,1,5,11,13,2,0,1,2,12,63,1,0,0,24,80,127,127,127,38,4,0,0,7,46,63,22,41,37,31,1,1,4,3,5,3,21,33,1,0,1,2,127,127,78,51,91,40,20,92,127,31,13,2,0,0,4,76,28,5,6,7,0,3,39,32,0,0,13,21,2,14,45,5,15,91,127,45,4,0,0,0,53,37,109,24,3,13,6,21,5,1,5,7,6,63,96,23,0,0,0,0,1,96,127,5
0,1,12,75,20,1,5,6,0,2,27,46,21,25,12,1,33,36,6,17,5,7,14,11,30,39,14,12,0,0,0,0,0,0,0,12,15,49,105,22,15,2,0,11,90,143,95,30,143,29,0,0,5,43,69,131,53,27,11,5,1,0,0,2,0,0,3,3,37,89,59,1,38,39,33,49,143,129,15,7,143,91,15,7,8,9,5,66,58,6,2,6,3,0,4,52,0,6,67,12,4,12,14,0,4,26,113,44,12,4,0,0,77,69,33,1,0,0,0,37,19,1,0,0,0,0,15,100
26,33,62,106,49,0,0,0,120,83,8,6,9,0,0,0,44,12,2,6,68,11,1,13,111,1,0,0,2,1,0,25,41,3,1,20,121,3,0,1,121,11,0,1,32,4,0,5,74,4,0,0,121,27,0,6,121,4,0,0,6,2,2,21,42,2,0,21,121,0,0,0,121,4,0,1,40,21,0,5,90,12,0,0,105,63,1,3,121,25,0,0,2,1,1,3,20,15,2,25,121,16,0,0,80,31,1,4,57,36,0,0,117,14,0,0,56,55,2,5,97,14,0,0,0,1,1,1
2,2,1,21,116,0,0,0,116,34,1,15,68,1,0,0,58,6,0,14,109,16,2,25,100,2,0,1,12,5,1,66,4,2,1,20,116,0,0,0,116,30,1,18,78,0,0,2,42,6,0,56,116,0,0,9,116,0,0,9,28,0,0,69,3,0,5,49,116,0,0,0,116,3,0,26,74,0,0,19,37,0,0,43,116,4,0,7,100,0,0,12,53,4,11,71,0,0,2,49,73,0,0,0,61,4,2,50,56,2,1,13,21,0,0,6,116,33,2,10,6,0,2,15,93,56,73,42
0,1,0,0,72,73,0,0,27,15,2,1,53,70,6,14,16,19,9,20,8,34,36,19,83,87,2,2,3,18,11,2,7,0,0,9,119,97,2,3,119,41,6,5,39,37,4,12,50,44,18,40,53,12,2,14,107,84,3,3,8,2,1,30,9,1,0,68,119,3,0,0,119,9,1,27,59,2,0,17,63,2,0,31,119,16,4,39,104,1,0,5,17,4,3,119,1,1,1,60,114,0,0,0,119,12,2,35,52,0,0,3,49,3,0,72,92,0,0,5,71,0,0,28,33,0,0,84
36,6,0,0,14,103,138,138,61,11,2,2,55,95,99,53,39,11,1,1,1,0,14,49,4,0,0,6,34,63,68,37,138,14,0,0,0,1,41,122,138,30,2,1,0,0,8,85,44,21,7,16,14,1,1,6,0,0,3,17,14,2,2,0,113,89,8,0,0,0,0,31,138,137,1,0,0,0,2,45,42,6,0,4,18,15,8,13,0,0,0,0,4,2,0,0,138,33,0,0,0,0,0,24,96,59,0,0,0,0,0,10,5,2,0,0,0,2,2,1,0,0,0,0,0,0,0,0
92,2,0,0,0,7,126,126,53,0,0,0,0,66,126,97,93,8,1,0,1,11,17,55,12,5,2,5,1,0,3,5,126,29,0,0,0,0,1,21,102,16,1,0,0,0,9,113,126,22,1,0,0,0,2,91,29,5,2,9,14,5,2,10,126,9,0,0,0,0,0,38,126,83,4,0,0,0,0,26,126,115,0,0,0,0,1,24,20,4,0,0,2,6,5,8,126,0,0,0,0,0,0,59,107,6,0,0,0,0,0,44,63,10,0,0,0,0,0,19,2,0,0,0,0,0,0,0
67,30,0,0,2,2,5,18,83,32,7,0,0,0,0,17,45,43,10,0,0,0,3,140,101,16,0,0,0,0,10,140,60,56,1,0,0,0,7,18,131,45,2,0,0,0,1,27,71,91,7,0,0,0,0,6,140,34,0,0,0,0,0,58,37,4,0,0,0,0,53,53,140,7,0,0,0,0,5,64,110,44,1,0,0,0,0,6,140,42,0,0,0,0,0,12,70,14,4,0,0,0,5,10,140,11,0,0,0,0,0,9,123,14,0,0,0,0,0,9,140,17,0,0,0,0,0,21
70,27,1,5,13,20,38,54,13,6,5,30,109,65,19,3,34,11,96,124,7,1,0,6,22,7,109,124,16,1,23,33,40,0,0,0,0,18,124,124,71,8,0,0,8,50,64,24,74,26,1,1,0,1,0,6,19,18,21,117,1,0,0,3,124,1,0,0,0,0,3,91,119,6,0,0,0,0,3,65,96,15,0,0,0,0,0,39,34,23,9,11,0,0,0,8,79,1,0,0,0,0,1,96,38,0,0,0,0,0,8,124,63,0,0,0,0,0,0,117,27,0,0,1,0,0,0,65
0,8,70,66,2,0,0,0,4,18,69,50,1,0,0,0,19,119,73,11,0,0,0,0,1,24,111,119,8,0,0,0,42,15,31,53,24,9,2,41,30,10,20,119,75,1,0,14,119,80,13,7,4,0,0,28,68,79,99,64,1,0,1,8,84,8,5,8,11,10,4,55,36,10,25,119,33,0,1,39,119,44,25,52,2,0,0,39,88,11,1,3,1,0,6,100,17,10,29,34,30,7,6,19,118,19,20,43,6,5,24,77,39,14,35,119,6,1,15,34,21,4,6,8,1,2,22,72
49,5,1,12,39,14,3,13,2,0,0,16,119,46,2,2,92,0,2,29,36,33,12,52,21,1,142,142,75,78,11,17,38,0,0,1,13,71,64,91,8,0,0,0,64,142,22,8,115,3,0,0,33,48,19,61,19,11,7,15,80,45,7,12,26,0,0,0,2,37,115,86,28,11,0,0,40,106,48,12,142,42,0,0,35,18,3,17,8,10,7,4,64,58,5,4,5,0,0,0,0,3,57,27,28,1,0,0,0,4,22,71,70,7,1,0,15,11,12,72,7,55,15,4,25,13,5,8
129,38,2,0,0,0,0,1,129,19,0,0,0,0,4,127,49,12,0,0,1,24,102,129,17,21,1,4,13,48,30,4,129,44,9,5,0,0,0,0,129,59,0,0,0,0,0,12,113,80,0,0,0,0,7,24,37,65,0,0,0,0,1,1,68,53,19,8,0,0,0,1,129,18,0,0,0,0,0,61,129,11,0,0,0,0,0,73,93,40,1,0,0,0,0,5,22,18,25,16,0,0,0,0,129,36,2,0,0,0,0,10,129,10,0,0,0,0,0,28,104,4,0,0,0,0,0,30
100,19,0,0,0,0,0,9,129,10,0,0,0,0,0,27,128,3,0,0,0,0,57,129,27,0,0,0,0,21,112,65,108,3,0,0,0,0,0,52,129,34,0,0,0,0,0,29,129,38,0,0,0,0,0,17,75,6,0,0,0,0,2,24,129,15,0,0,0,0,0,31,129,31,0,0,0,0,0,31,115,5,0,0,0,0,0,62,80,5,0,0,0,0,0,27,127,9,0,0,0,0,0,40,126,15,0,0,0,0,0,91,58,0,0,0,0,0,1,100,51,0,0,0,0,0,0,36
13,26,23,25,6,5,8,13,74,90,9,0,0,0,0,14,145,49,0,0,0,0,0,26,145,12,0,0,0,0,0,45,2,43,136,74,10,5,0,0,56,56,48,17,28,8,0,10,145,16,0,0,1,0,0,52,145,9,0,0,0,0,0,59,0,1,14,16,30,66,18,5,43,35,5,5,35,30,3,3,145,40,0,0,1,0,0,50,145,4,0,0,0,0,0,122,6,0,0,0,1,11,15,36,55,18,1,1,1,1,1,36,71,13,0,0,0,0,2,66,72,0,0,0,0,0,1,135
0,0,0,0,0,15,141,86,2,0,0,0,0,5,141,95,0,0,1,1,0,9,141,63,0,0,0,0,0,43,135,43,11,0,0,0,1,23,48,76,107,17,16,4,0,3,41,113,18,13,51,49,4,2,44,34,5,2,5,8,1,9,55,63,21,46,20,12,16,19,12,17,141,141,16,2,0,1,5,46,46,45,42,93,28,2,0,1,1,0,3,30,32,54,17,1,66,51,11,3,0,0,0,24,81,135,8,0,0,0,1,57,21,29,29,37,4,0,0,11,0,0,1,15,9,3,0,0
0,0,0,0,0,128,128,3,4,1,1,0,0,112,128,30,12,18,35,5,0,52,71,16,2,4,19,12,8,16,33,8,3,0,0,0,8,86,78,44,20,5,1,2,11,29,89,101,128,37,24,8,0,1,13,128,23,20,69,56,12,4,0,4,20,0,0,1,4,4,24,128,46,41,15,16,18,11,6,44,128,89,4,0,0,0,20,85,35,16,19,3,0,0,12,27,60,5,8,1,0,1,20,128,66,6,1,0,0,0,0,121,25,3,0,0,0,0,23,75,0,0,0,0,0,0,5,5
8,3,5,7,36,26,26,24,16,44,77,12,5,35,58,52,86,80,59,0,0,0,22,131,87,26,0,0,0,0,2,38,28,4,2,0,24,18,0,20,131,122,70,2,0,0,0,27,65,131,131,4,6,6,1,11,45,42,2,0,0,0,0,7,31,0,0,16,22,9,8,11,131,18,0,0,0,1,3,117,91,38,11,2,9,14,6,49,9,10,2,0,0,0,0,4,27,2,0,4,17,73,95,55,131,30,0,0,0,0,12,106,131,26,2,0,0,0,0,46,1,2,0,0,0,0,0,0
37,0,0,0,1,1,7,32,135,0,0,0,0,0,2,122,54,27,3,0,1,1,1,28,2,7,0,0,0,0,0,0,34,1,0,0,1,20,82,72,136,22,0,0,0,0,3,132,124,15,0,0,0,0,0,79,4,0,0,0,0,0,0,3,136,8,0,0,0,15,45,96,136,136,1,0,0,0,0,34,69,104,3,0,0,0,0,9,1,1,0,0,0,0,0,0,136,9,0,0,0,0,4,53,136,16,0,0,0,0,0,133,28,15,1,0,0,0,4,72,0,0,0,0,0,0,0,0
0,0,0,0,0,1,0,0,0,0,0,0,0,0,0,0,0,0,0,0,0,0,0,0,0,0,0,0,0,0,0,0,5,2,0,0,38,50,8,0,124,26,0,0,12,5,0,6,32,3,0,0,14,7,1,7,0,0,0,1,4,5,3,0,8,1,0,0,14,33,119,27,142,13,0,0,4,3,60,142,30,1,0,0,15,29,142,86,0,0,0,1,6,114,94,0,0,0,0,0,0,4,142,48,1,0,0,0,0,0,142,139,0,0,0,0,0,26,142,71,0,0,0,0,0,138,142,0
117,85,11,19,92,17,0,2,143,47,1,0,0,0,0,12,71,9,0,0,0,0,0,10,0,0,0,0,0,0,0,0,143,50,0,0,24,33,9,58,143,57,0,0,0,0,2,29,58,50,2,0,0,0,10,7,0,0,0,0,0,0,0,0,143,143,23,13,6,10,5,40,143,30,6,5,3,0,13,100,30,11,6,0,0,0,51,38,0,0,0,0,0,0,0,0,117,109,17,31,34,0,0,1,143,28,9,27,43,0,0,34,74,51,30,0,0,0,1,6,0,0,0,0,0,0,0,0
76,44,2,0,0,6,26,36,115,42,0,0,9,6,21,85,61,20,0,1,64,23,14,11,80,28,2,0,1,0,0,9,9,12,24,4,8,14,21,46,26,8,41,12,1,4,103,123,123,18,3,2,7,17,70,102,66,12,0,0,0,0,0,15,63,123,68,2,1,0,3,18,17,69,123,123,12,0,4,12,123,72,17,48,6,0,2,18,46,18,0,0,0,0,0,0,123,123,25,1,0,0,0,1,3,25,42,88,41,2,0,0,96,43,10,43,20,0,0,0,14,1,0,0,0,0,0,0
51,65,69,20,1,2,1,9,35,12,10,34,8,8,10,16,108,111,35,0,0,0,2,20,4,48,115,1,0,4,4,2,0,31,119,119,20,5,0,0,52,13,31,119,97,11,0,5,119,70,10,6,9,3,15,62,13,36,41,1,0,43,45,12,0,4,15,30,73,78,9,0,7,119,119,33,114,49,0,0,52,119,114,3,5,0,4,14,10,101,50,0,0,3,7,3,0,20,29,3,7,21,8,0,0,71,70,3,4,1,0,0,0,24,35,0,0,0,0,0,2,5,2,0,0,0,0,0
103,2,4,5,14,1,0,65,57,1,0,2,142,6,0,7,142,4,0,0,22,0,0,9,30,0,0,0,0,0,0,0,96,3,4,46,60,4,1,85,75,5,4,41,142,16,0,26,142,4,2,9,22,0,0,25,55,0,0,0,0,0,0,4,83,58,24,111,87,0,0,15,77,69,41,142,31,0,0,5,142,29,18,75,10,0,0,9,67,0,0,0,0,0,0,5,15,34,26,58,27,4,4,3,24,35,10,40,36,22,24,10,96,17,4,34,39,8,0,1,52,2,0,0,0,0,0,1
23,5,14,42,7,7,6,17,19,70,118,27,0,0,3,21,4,102,118,0,0,0,8,6,1,40,103,17,6,14,11,3,29,17,33,64,9,7,7,11,118,112,22,9,2,1,5,34,24,90,118,2,1,24,17,7,0,19,96,27,8,34,11,0,9,11,47,118,98,22,0,1,118,96,27,22,32,3,10,60,36,91,46,0,0,41,45,25,0,66,83,10,1,22,9,0,0,66,66,14,58,35,0,0,10,118,103,3,6,1,0,0,11,71,29,0,0,0,0,0,1,14,16,5,0,0,0,0
6,19,13,10,11,15,44,6,17,90,26,5,6,7,27,17,23,100,135,40,0,0,40,22,146,12,34,29,0,0,3,78,23,12,6,0,1,12,146,56,146,137,5,0,0,0,20,88,69,146,88,64,3,0,0,1,61,15,53,105,19,0,0,15,28,43,39,4,0,0,5,8,146,17,4,1,0,0,0,60,135,17,6,9,9,0,0,17,6,0,2,32,60,0,0,3,1,3,2,1,0,0,0,0,22,0,0,0,0,0,0,5,7,0,0,0,0,0,0,1,0,0,0,0,1,0,0,0
122,0,0,2,5,0,0,83,78,9,1,13,93,5,0,20,104,25,1,3,8,0,0,28,74,5,0,0,0,0,0,28,122,16,5,16,13,1,2,86,96,3,0,3,48,63,18,71,93,15,0,0,5,9,6,88,89,2,0,0,0,0,6,64,122,34,14,30,29,8,7,47,113,31,17,34,14,16,5,35,114,100,12,15,4,2,1,15,45,13,6,20,5,0,1,50,95,0,0,6,90,39,11,77,122,3,1,6,15,4,0,78,122,11,2,8,8,1,0,15,36,3,2,44,24,0,0,13
19,1,0,18,27,5,4,38,46,6,0,57,151,11,0,4,160,50,7,4,13,1,0,6,18,21,38,2,0,0,0,0,43,2,0,0,16,20,39,160,71,3,0,1,160,62,8,18,160,28,1,0,18,3,0,15,41,13,20,2,0,0,0,0,77,43,47,6,2,7,14,76,61,18,17,14,58,36,14,18,160,21,2,2,6,0,0,23,54,2,2,0,0,0,4,17,2,15,94,40,1,4,22,12,28,22,50,30,25,25,3,4,160,21,3,3,4,2,1,51,27,1,0,2,3,9,26,31
6,2,0,14,45,36,3,3,55,41,26,8,3,5,3,8,6,13,54,105,11,0,0,30,49,2,6,37,9,0,0,117,18,4,1,98,102,4,1,7,117,79,14,13,9,1,1,21,29,37,44,117,67,0,0,3,30,3,22,117,37,0,0,41,13,5,4,117,88,1,1,3,117,23,9,41,21,2,6,83,62,15,37,33,39,4,8,67,1,3,57,113,72,0,0,1,7,7,4,37,52,7,6,8,28,2,3,42,70,16,14,62,117,8,6,4,3,1,4,117,12,3,11,48,95,6,2,17
11,36,13,14,3,5,7,4,54,1,4,36,23,5,3,40,113,3,10,29,62,57,9,74,1,80,94,33,57,76,1,0,8,98,62,52,19,0,0,0,64,1,7,77,140,2,0,10,140,20,26,47,23,1,0,24,23,63,60,63,18,1,8,11,14,33,18,27,78,42,1,3,51,16,2,35,140,24,0,0,140,30,2,14,16,0,0,11,37,2,3,80,51,2,5,5,9,11,13,62,48,18,0,1,22,8,3,61,108,24,1,5,140,10,1,4,4,2,4,50,32,0,0,16,41,33,15,16
13,0,0,0,6,26,9,25,125,30,0,0,1,9,4,16,96,42,0,0,4,32,0,0,7,3,0,0,26,110,2,0,29,6,10,22,22,52,10,15,125,26,2,1,2,22,11,36,81,13,0,0,15,125,13,7,58,16,0,0,9,115,20,14,9,12,125,125,17,8,3,11,125,66,106,34,9,26,8,19,24,3,40,37,43,125,10,8,104,13,25,10,3,21,4,44,1,1,34,16,1,2,42,78,2,7,78,33,2,0,15,56,0,0,116,73,5,1,0,7,7,1,83,67,0,0,0,15
0,0,65,88,3,6,18,0,11,7,96,113,6,17,16,2,123,27,24,12,2,4,4,10,36,1,0,0,47,57,2,2,0,0,5,8,2,58,123,0,8,3,17,32,11,123,123,16,123,13,7,6,7,27,65,86,33,0,0,5,123,58,0,6,0,0,19,24,9,39,39,0,24,25,50,46,11,44,39,7,123,80,15,4,15,14,8,20,39,8,3,5,94,58,2,4,0,1,7,8,38,45,5,0,48,51,6,4,6,31,34,12,123,83,1,1,50,23,1,4,28,3,0,1,82,86,14,39
26,4,2,27,12,3,19,50,24,1,0,0,7,37,11,31,128,28,0,0,1,10,4,17,72,27,0,0,6,42,1,0,17,13,56,128,14,1,3,4,36,10,30,57,35,62,11,16,128,28,8,4,3,27,13,42,55,6,0,0,18,128,12,9,7,3,44,82,1,0,33,116,8,13,128,128,13,3,9,27,100,63,128,43,10,20,6,14,12,2,58,47,34,79,5,5,13,19,57,31,9,3,13,71,1,0,20,10,5,8,75,110,1,2,53,22,0,0,30,96,0,0,82,46,0,0,1,15
0,0,0,0,12,9,51,29,9,10,2,11,51,20,7,6,121,81,0,1,0,1,1,3,74,44,0,0,1,10,0,0,27,2,1,16,10,8,42,89,45,2,0,0,16,49,16,38,135,62,0,0,0,6,3,17,51,24,0,0,21,93,1,0,31,17,51,135,18,6,2,11,93,11,19,35,31,73,16,31,135,30,3,0,6,58,12,39,33,4,0,0,24,135,16,10,4,2,53,95,3,0,25,80,29,26,135,123,14,7,7,19,97,41,86,34,19,45,8,18,18,3,57,33,23,67,4,7
53,3,16,30,16,8,5,26,150,1,1,4,3,2,1,115,22,0,0,47,16,0,0,11,0,0,3,91,13,12,6,0,26,1,1,3,42,68,23,22,150,11,0,0,10,14,3,114,87,0,0,9,34,43,1,21,1,1,6,27,76,93,32,11,60,31,1,0,3,41,50,5,150,124,0,0,1,4,2,7,69,19,16,21,19,21,2,7,1,5,61,94,31,12,0,1,63,129,14,1,0,1,1,0,150,150,0,0,0,0,0,0,27,28,6,2,0,2,1,0,0,3,13,26,8,6,2,0
25,7,58,164,8,0,0,5,48,148,164,75,1,0,2,2,164,133,15,0,0,0,0,2,30,9,0,0,0,0,0,0,25,15,26,49,22,4,3,5,58,16,16,55,43,12,20,21,164,11,2,2,0,0,6,34,41,0,0,0,0,0,0,0,1,6,8,23,33,8,0,0,56,19,10,104,40,1,0,2,164,30,3,14,6,0,0,3,41,0,0,0,0,0,0,0,6,5,1,1,14,10,2,6,44,7,0,7,56,15,1,2,164,7,0,1,12,1,0,1,29,0,0,0,0,0,0,0
10,2,36,116,75,5,5,10,12,8,8,32,66,26,33,13,117,15,13,16,19,3,0,33,98,1,0,0,0,0,0,24,10,2,2,57,117,5,2,11,43,108,44,43,83,7,9,6,117,55,74,37,17,1,0,11,117,5,0,0,0,0,0,20,25,0,0,40,117,1,0,12,110,25,5,35,114,5,0,53,101,15,7,28,78,6,1,24,117,8,0,1,1,0,0,13,24,1,0,20,87,0,0,6,94,10,0,37,114,1,1,15,87,14,3,21,25,13,9,16,77,12,0,1,0,1,2,9
22,0,0,0,1,17,10,3,199,18,0,0,2,2,1,5,142,9,0,1,54,4,0,0,27,2,0,0,3,0,0,0,40,3,0,20,10,4,1,0,199,32,0,0,5,1,0,4,160,8,0,0,61,11,0,6,32,1,0,0,2,0,0,2,41,8,3,54,26,0,0,0,199,26,0,3,2,2,2,33,128,3,0,0,23,18,8,34,33,2,0,0,0,0,0,0,32,8,1,15,43,7,0,0,199,30,2,1,1,0,2,22,84,7,5,0,0,0,18,49,24,1,0,0,0,0,0,8
27,8,0,0,0,0,12,40,131,35,0,0,0,0,1,22,81,68,0,0,0,0,0,0,131,77,4,0,0,0,0,22,49,64,9,0,0,0,0,3,131,71,0,0,0,0,0,5,131,59,0,0,0,0,0,2,131,131,8,0,0,0,0,7,26,51,7,0,0,0,0,7,131,14,0,0,0,0,0,54,131,3,0,0,0,0,0,52,131,15,0,0,0,0,14,131,9,19,21,6,0,0,0,3,91,14,2,0,0,0,0,27,95,0,0,0,0,0,0,68,72,0,0,0,0,0,5,107
91,22,0,0,0,0,0,9,140,43,0,0,0,0,0,6,140,102,0,0,0,0,0,13,96,19,0,0,0,1,31,92,140,19,0,0,0,0,0,20,140,112,0,0,0,0,0,10,140,75,0,0,0,0,0,19,124,33,0,0,0,0,0,6,140,2,0,0,0,0,0,39,140,14,0,0,0,0,0,73,140,4,0,0,0,0,0,68,106,6,0,0,0,0,0,12,35,0,0,0,0,0,0,7,30,0,0,0,0,0,0,9,11,0,0,0,0,0,0,4,2,0,0,0,0,0,0,0
15,75,33,0,0,0,0,0,63,140,25,0,0,0,0,0,140,140,0,0,0,0,0,0,75,95,1,0,0,0,0,0,4,67,47,0,0,0,1,2,110,71,12,0,0,0,0,17,140,38,0,0,0,0,0,30,140,42,0,0,0,0,0,7,5,18,47,36,3,1,1,3,84,68,19,1,0,0,0,7,140,20,0,0,0,0,0,30,140,4,0,0,0,0,0,53,0,8,61,38,8,7,0,0,30,19,27,9,12,5,0,2,140,5,0,0,0,0,0,29,134,0,0,0,0,0,0,49
2,0,1,6,3,41,102,14,25,2,0,0,0,69,81,59,99,5,0,0,0,0,21,130,17,0,0,0,0,0,130,130,2,20,8,0,2,30,53,1,39,18,21,25,4,11,24,56,130,14,2,3,0,0,5,91,65,14,5,1,1,4,31,51,10,130,49,3,0,1,0,1,16,64,130,130,2,0,1,3,130,111,47,25,0,0,0,8,87,83,13,1,0,1,0,6,5,113,25,3,0,0,0,0,2,26,47,28,0,0,0,0,8,47,41,5,0,0,0,0,23,7,0,0,0,0,0,4
12,6,0,1,2,11,14,10,66,70,1,0,2,4,0,1,141,68,0,0,0,0,0,4,141,58,0,0,0,0,0,7,51,11,0,0,0,0,0,13,111,23,0,0,0,0,0,23,141,28,0,0,0,0,0,24,141,84,0,0,0,0,0,3,18,0,0,0,0,0,4,61,130,5,0,0,0,0,1,76,141,59,0,0,0,0,0,24,141,56,0,0,0,0,0,37,26,0,0,0,0,0,2,22,141,0,0,0,0,0,0,61,141,0,0,0,0,0,0,61,100,0,0,0,0,0,0,57
21,2,0,0,0,39,51,45,98,5,0,0,0,0,9,132,23,0,0,0,0,0,132,132,1,0,0,0,0,0,132,132,40,7,5,10,2,6,14,54,132,11,0,0,0,0,2,79,69,3,1,0,1,4,44,68,60,15,3,1,0,0,38,98,22,31,68,100,3,0,1,9,132,82,17,9,0,0,0,16,80,76,22,3,2,3,3,6,66,132,21,8,2,0,0,6,1,21,65,51,0,0,0,0,31,82,48,5,0,0,0,0,60,31,1,0,0,0,0,7,30,33,5,3,0,0,0,4
0,0,0,0,12,51,72,0,16,0,0,0,19,81,57,74,49,0,0,0,0,0,9,127,0,0,0,0,0,0,0,0,11,0,0,3,53,19,50,56,24,1,0,10,135,55,29,66,107,6,0,0,8,6,14,135,0,0,0,0,0,0,0,0,130,0,0,2,30,7,14,117,68,17,0,9,135,22,2,11,135,71,0,0,23,1,1,13,2,0,0,0,0,0,0,0,135,9,13,13,22,7,1,60,96,11,0,0,135,36,0,11,135,42,0,0,8,1,0,0,6,1,0,0,0,0,0,0
10,8,47,67,1,1,2,8,13,120,120,13,0,0,5,2,2,120,120,2,0,0,2,1,4,40,83,24,2,0,0,3,43,19,30,23,1,4,7,20,120,120,24,3,0,0,2,23,23,114,107,3,5,15,4,6,0,33,83,26,9,7,0,0,12,19,97,120,40,0,0,1,120,81,15,37,12,0,3,64,54,105,20,0,1,18,14,35,1,71,64,5,2,5,0,0,0,28,35,46,83,13,0,0,18,120,68,13,11,0,0,1,14,83,11,0,0,0,0,0,1,12,6,0,0,0,0,0
0,0,0,0,0,20,4,0,0,2,0,0,0,82,44,1,0,3,3,6,39,93,35,0,0,0,1,17,80,118,11,8,5,0,0,0,0,118,61,5,96,34,6,0,0,83,71,32,18,31,32,74,42,10,22,8,0,1,73,118,62,7,1,2,17,56,19,0,2,118,40,7,118,37,5,0,6,37,99,55,89,50,7,10,3,8,96,76,18,36,75,70,0,0,0,3,0,68,33,0,21,59,2,0,59,97,4,0,29,74,17,11,112,118,0,0,0,2,7,13,9,33,5,2,0,4,1,0
1,0,0,97,24,0,18,44,24,8,17,42,8,0,1,119,31,4,3,0,0,0,0,119,2,0,0,0,0,0,0,21,14,9,49,65,5,1,45,74,90,60,118,32,3,0,6,43,57,33,89,30,6,0,0,94,32,1,1,2,0,0,0,93,8,16,119,119,0,0,1,5,108,73,99,42,5,6,2,14,22,8,18,28,35,84,35,9,20,0,0,3,4,14,65,93,1,0,18,35,2,0,0,5,0,4,29,45,62,35,0,0,1,1,0,3,115,119,36,2,11,10,0,0,5,35,89,94
4,16,18,11,21,14,1,2,11,4,2,9,56,63,3,2,28,37,45,20,3,8,11,15,16,7,29,55,0,0,8,113,0,10,74,101,32,1,0,0,47,5,3,124,115,7,0,4,124,84,33,34,8,0,0,14,15,15,45,124,23,0,0,16,0,1,8,87,66,3,3,4,18,4,6,124,94,4,0,0,124,13,11,53,22,3,3,117,52,12,41,76,18,0,1,70,0,0,0,29,55,14,4,2,0,8,9,57,66,13,1,0,19,1,3,88,81,10,5,77,65,2,1,11,12,3,7,124
122,19,0,1,10,8,8,65,14,6,3,25,131,29,7,12,131,41,6,14,50,2,3,8,59,15,1,0,2,3,13,16,131,2,0,1,13,16,13,86,33,3,1,9,131,131,17,21,131,23,4,3,29,34,4,25,62,72,8,1,0,0,1,2,49,0,0,13,23,32,39,97,38,17,3,1,45,131,33,14,131,29,0,0,6,12,2,19,120,23,0,4,3,1,3,26,3,10,9,56,36,6,6,15,13,67,36,3,5,12,4,2,75,45,7,0,1,2,14,30,24,3,2,0,1,2,58,92
0,0,9,35,15,0,0,0,1,1,0,16,139,15,0,0,110,79,2,4,81,5,0,0,49,63,21,0,0,0,0,0,0,0,1,16,47,11,11,3,16,2,0,5,139,80,1,2,139,60,0,0,46,16,0,5,77,60,0,0,0,0,0,2,0,0,2,2,25,58,139,37,41,2,2,3,139,139,29,8,139,8,0,0,14,15,2,45,65,8,0,0,0,0,6,39,0,2,55,29,4,16,46,22,15,9,112,56,22,45,11,3,109,42,53,6,0,1,0,50,50,19,0,0,0,0,1,30
0,0,1,41,58,35,8,0,10,4,0,44,45,49,99,5,52,68,32,2,2,10,89,20,10,37,115,1,0,5,23,15,0,0,8,94,37,0,0,0,42,13,2,136,136,3,1,1,136,92,20,12,11,0,0,14,37,36,95,0,0,0,0,7,0,0,7,26,82,11,0,0,26,2,1,56,136,4,0,3,136,3,1,10,29,0,0,64,52,0,0,0,0,0,10,46,0,0,0,1,80,27,1,0,7,0,0,3,136,19,1,5,136,0,0,0,42,5,1,76,42,0,0,0,0,0,13,46
42,4,8,21,11,3,10,120,13,27,32,114,60,8,15,63,19,120,29,21,35,16,0,0,5,12,30,18,63,34,9,21,19,7,10,120,35,1,7,120,120,26,9,10,6,10,32,120,27,21,6,3,66,88,9,6,6,27,58,8,55,43,8,31,13,15,25,120,27,0,0,15,85,51,20,28,3,21,26,19,12,120,11,0,7,78,29,5,0,120,92,25,4,5,0,0,4,3,10,69,20,9,1,3,7,106,21,24,10,9,4,1,9,120,13,1,0,2,1,0,0,32,14,20,3,0,0,0
5,1,34,30,1,1,4,4,131,12,3,9,0,0,0,41,120,3,0,0,0,4,7,14,1,0,0,0,0,5,35,4,4,2,16,28,7,25,29,3,131,81,4,14,4,14,8,25,91,20,0,0,3,131,87,11,0,1,6,0,0,122,131,19,8,17,15,16,5,10,19,8,124,7,3,13,15,31,13,88,17,31,77,30,60,131,32,17,0,60,131,16,6,55,50,5,2,35,35,44,47,2,0,0,131,19,9,22,38,0,0,9,42,51,85,36,13,2,3,4,3,35,65,13,14,18,13,4
0,0,5,134,14,7,11,13,0,0,18,73,6,10,43,42,9,12,10,8,20,17,21,4,36,31,1,0,1,4,3,4,4,4,3,29,60,84,31,13,71,14,70,80,13,32,25,48,20,13,65,128,28,1,7,4,15,9,1,10,7,34,40,6,26,9,1,1,108,134,17,12,134,61,7,12,16,32,9,42,59,18,28,134,40,0,2,1,0,0,55,134,9,7,11,0,17,103,59,12,21,74,12,1,134,134,9,0,1,3,0,0,23,22,11,44,0,0,0,0,0,0,21,77,0,0,0,0
2,5,9,25,22,80,115,7,90,45,7,3,1,32,103,88,34,11,0,0,13,36,65,47,1,0,0,0,4,26,92,39,5,13,29,80,58,10,6,4,115,103,24,9,13,9,7,32,36,20,1,2,114,105,9,7,49,2,0,0,12,33,22,54,4,10,47,115,43,8,5,3,115,46,17,53,43,15,5,33,33,13,5,11,115,76,4,8,53,26,4,2,7,10,9,21,3,4,14,35,25,33,112,19,79,29,6,29,51,13,13,13,12,28,22,44,115,20,5,5,9,85,49,1,1,2,6,14
20,5,17,7,18,111,24,34,71,3,2,17,53,8,13,89,31,37,24,17,52,13,39,73,10,21,53,1,1,36,59,48,21,6,18,19,34,36,4,10,121,15,3,25,48,8,4,55,24,10,8,108,121,20,40,52,25,7,3,4,2,11,52,121,16,15,13,64,51,5,0,1,121,44,7,17,23,5,1,13,24,5,9,66,121,48,12,5,19,58,31,11,32,31,47,74,3,17,52,48,4,0,0,0,46,67,73,12,6,0,0,1,7,23,91,92,78,6,0,0,10,121,107,22,11,2,1,2
0,0,21,7,24,129,14,0,52,10,17,9,27,109,29,60,106,4,1,13,59,4,6,102,18,9,2,15,77,21,48,69,1,7,18,18,23,78,11,0,38,8,25,24,53,32,7,22,129,14,2,30,36,6,4,70,21,9,9,129,129,13,16,15,1,38,30,37,20,1,1,0,35,22,15,97,78,7,0,2,129,43,7,11,12,3,1,20,28,1,2,53,129,29,3,8,0,10,22,33,3,0,2,0,5,19,71,90,7,0,0,0,77,80,60,8,3,0,0,2,12,13,48,72,79,4,0,1
6,9,3,7,53,41,29,9,1,1,5,16,41,54,57,7,129,79,7,25,45,12,6,2,124,30,0,0,0,1,1,2,7,7,36,19,18,103,71,11,25,7,12,24,37,72,94,18,129,50,2,4,6,17,32,50,81,20,0,0,0,2,2,17,4,10,129,50,5,5,30,47,17,28,115,129,27,10,8,8,129,129,55,23,2,2,1,37,61,25,3,0,0,0,2,34,8,5,13,9,2,1,40,103,34,20,22,25,0,0,20,68,58,120,25,5,0,0,0,3,12,30,12,1,6,3,0,1
24,31,1,1,50,102,19,5,33,0,0,0,7,54,85,105,28,0,1,2,3,22,40,58,5,0,17,14,8,19,22,18,20,14,5,4,122,128,10,5,128,38,3,0,7,38,18,45,67,1,0,0,0,4,64,50,0,0,6,4,6,17,72,24,11,27,16,11,123,64,14,17,58,66,27,1,1,3,15,46,9,8,55,8,1,19,71,22,0,1,30,11,2,25,66,21,8,89,110,37,54,15,11,17,9,125,128,0,0,0,6,19,0,25,128,7,0,0,1,2,0,1,128,68,0,0,0,0
62,0,0,0,19,65,18,60,161,2,0,0,0,1,2,161,61,9,20,4,3,4,0,18,0,2,11,9,16,6,0,0,74,41,66,19,4,24,5,7,161,47,6,0,0,0,0,40,122,2,0,0,1,10,9,19,1,1,2,2,7,10,3,2,12,40,161,60,0,0,0,0,161,114,73,3,0,0,5,29,51,1,0,0,0,2,61,79,8,2,0,0,0,8,40,29,0,2,38,8,0,0,58,31,5,13,25,1,1,10,72,15,2,0,0,0,1,40,111,32,66,10,0,0,0,5,77,61
63,0,1,2,50,139,68,100,67,0,0,3,41,14,18,89,0,0,0,27,62,11,2,0,0,0,16,18,6,1,0,0,139,1,0,0,38,139,24,76,139,1,0,0,4,14,55,122,12,13,6,8,12,15,28,10,0,3,24,10,8,7,0,0,139,24,0,0,0,15,14,24,139,30,0,0,0,0,6,36,54,42,3,1,6,14,17,12,1,3,3,2,23,57,10,1,139,7,0,0,7,5,0,36,139,9,0,0,0,1,31,44,11,2,0,0,0,38,109,15,2,0,0,0,2,42,55,15
1,0,0,0,0,0,8,25,3,3,4,12,4,0,2,6,15,29,27,33,4,0,2,8,21,40,54,43,46,28,19,16,20,3,2,0,0,0,32,52,95,33,22,9,0,0,4,27,12,12,45,102,20,7,10,10,5,0,14,66,66,115,71,18,24,37,60,17,0,0,1,4,125,80,17,3,0,0,0,16,63,29,89,75,5,1,13,41,2,4,84,125,112,14,14,11,0,41,125,30,0,0,0,0,9,124,125,41,25,4,0,1,12,8,16,39,91,55,92,55,1,0,3,34,75,52,125,45
52,3,4,39,22,1,0,3,161,5,0,2,0,0,1,81,34,5,0,0,0,0,2,55,0,0,0,0,0,0,0,0,44,6,0,5,23,12,23,16,161,80,7,1,1,0,0,23,57,90,39,0,0,0,0,18,0,1,1,0,0,0,0,0,37,1,0,1,1,1,37,139,161,16,1,0,0,0,0,151,123,21,8,0,0,0,0,49,0,0,0,0,0,0,0,0,39,9,45,65,2,0,3,56,161,47,5,1,0,0,0,106,161,22,0,0,0,0,0,47,2,0,0,0,0,0,0,0
0,62,51,0,0,0,0,0,62,127,37,0,0,0,0,0,109,127,33,37,5,0,0,0,0,18,47,127,29,0,0,0,3,127,121,2,0,0,0,0,82,127,127,21,0,0,0,4,127,83,9,16,15,5,4,68,11,28,23,77,61,12,5,12,84,127,50,7,3,4,10,30,18,28,67,64,31,16,10,5,103,19,6,6,4,10,7,49,9,2,0,1,13,57,29,18,52,5,0,0,0,3,21,68,20,3,0,0,6,13,24,20,20,2,0,0,2,13,13,18,0,0,0,1,10,64,16,3
23,5,0,0,0,0,5,39,125,26,0,0,0,0,0,19,121,55,0,0,0,0,0,7,129,47,2,0,0,0,3,83,50,39,0,0,0,0,2,16,129,43,0,0,0,0,0,8,129,57,0,0,0,0,0,4,129,129,9,0,0,0,1,13,28,69,3,0,0,0,0,1,129,18,0,0,0,0,0,41,129,3,0,0,0,0,0,72,129,9,0,0,0,1,22,129,8,18,25,1,0,0,0,0,75,12,4,0,0,0,0,25,88,0,0,0,0,0,0,81,55,0,0,0,0,0,5,123
37,0,0,0,1,11,11,7,203,21,0,0,0,0,1,7,148,10,0,0,13,1,0,0,1,0,0,0,2,0,0,0,63,7,1,19,8,3,0,1,203,39,0,0,0,0,0,4,158,9,0,0,12,8,0,7,1,0,0,0,1,0,0,1,59,14,4,53,18,0,0,0,203,29,0,1,0,0,0,28,119,0,0,0,1,6,5,47,3,0,0,0,0,0,0,1,44,14,0,16,35,4,0,0,203,32,0,1,0,0,0,19,82,6,1,0,0,0,0,59,3,0,0,0,0,0,0,3
2,0,0,3,3,33,97,10,19,0,0,0,0,39,118,83,80,0,0,0,0,0,35,136,8,0,0,0,0,0,136,136,2,25,12,0,5,44,52,2,43,19,40,14,0,7,26,49,136,17,4,1,0,0,3,92,63,36,0,0,0,0,26,85,12,136,44,1,0,2,2,3,11,72,136,67,0,0,0,1,132,119,49,11,0,0,0,3,77,97,1,0,0,0,0,1,0,92,24,0,0,0,0,0,0,15,33,7,0,0,0,0,4,19,16,1,0,0,0,0,6,2,0,0,0,0,0,0
0,0,0,0,5,79,69,2,2,0,0,0,0,27,114,50,9,0,0,0,9,62,72,32,41,0,0,0,0,5,13,53,6,2,41,23,2,109,114,9,114,10,7,5,7,42,78,97,53,17,0,0,77,91,13,38,66,21,0,0,3,7,4,48,5,9,114,114,55,8,10,1,114,37,29,53,43,28,2,15,93,96,0,0,47,62,0,4,43,63,0,0,1,0,0,0,0,3,18,50,114,4,1,0,13,25,68,69,60,7,0,2,96,114,15,21,7,8,0,0,22,21,0,0,0,0,0,0
0,1,56,34,16,34,7,0,0,2,97,11,1,24,46,6,4,6,45,16,2,17,64,8,60,32,6,1,0,1,17,37,0,0,14,41,83,36,3,0,11,1,9,42,47,123,84,7,107,89,23,5,3,30,69,22,35,123,75,0,0,1,3,15,0,0,14,100,50,2,0,0,20,3,10,123,68,11,2,2,123,41,7,50,14,1,1,78,71,40,20,0,0,0,7,59,0,0,36,52,17,0,0,0,0,0,3,118,115,0,0,0,77,1,0,56,76,1,1,90,57,0,0,0,0,0,13,123
0,0,0,6,78,40,0,0,13,8,1,12,125,52,1,2,112,96,13,27,54,5,1,4,52,14,8,64,98,1,0,7,0,0,0,9,125,27,1,1,45,2,0,17,125,36,3,6,125,25,3,14,66,18,4,35,24,16,39,51,125,19,1,12,1,1,1,26,125,10,0,0,19,31,23,43,125,11,0,3,125,103,21,14,17,6,13,28,10,13,57,28,18,44,25,5,0,0,14,25,95,13,0,0,2,14,89,20,31,9,0,5,11,25,108,5,0,6,29,22,6,2,41,41,6,44,32,3
6,43,29,3,5,2,47,41,0,5,28,22,11,27,109,5,33,9,0,4,2,15,84,20,99,11,0,0,0,0,12,25,16,47,25,5,10,13,54,25,17,6,13,30,125,101,20,14,125,9,0,3,19,30,22,45,125,9,0,0,1,1,1,28,125,16,1,12,22,17,42,52,67,16,4,41,125,22,4,14,125,31,3,8,47,2,0,18,125,24,1,1,0,0,0,10,96,1,0,10,54,11,7,66,52,4,1,4,116,92,13,30,125,47,1,2,15,9,1,13,78,40,0,0,0,0,0,7
1,2,1,6,125,41,0,0,43,125,22,18,71,7,0,0,44,42,29,84,81,0,0,2,125,25,16,17,14,1,0,11,10,1,0,15,125,39,2,3,125,47,4,13,51,16,4,15,48,19,8,79,125,14,0,6,114,14,7,13,36,15,9,73,15,7,5,18,125,19,1,2,125,49,8,10,48,11,2,36,36,15,66,55,114,23,3,14,15,50,87,15,19,27,5,10,2,13,16,22,61,7,0,1,48,77,21,8,4,2,18,20,11,10,21,11,3,58,46,5,12,4,15,20,16,56,26,5
75,3,2,32,47,5,2,94,65,6,16,97,62,2,6,94,14,92,67,64,42,4,2,12,7,42,18,12,53,47,2,2,36,10,10,110,97,1,0,49,110,36,14,19,11,4,11,110,20,25,38,13,36,91,10,7,23,9,29,17,41,66,12,26,6,14,17,92,52,1,0,1,64,69,29,18,4,7,33,21,7,81,92,8,14,60,32,5,20,19,110,61,8,12,1,14,0,23,33,50,38,2,0,0,2,110,87,5,3,0,2,1,0,110,98,11,3,0,0,0,0,7,45,73,10,1,0,0
14,33,36,1,2,7,18,57,27,73,33,6,17,6,17,37,4,72,57,4,6,6,21,13,0,4,24,18,33,55,17,3,11,50,63,3,1,16,50,16,19,46,11,12,20,63,112,16,106,27,4,8,19,17,92,66,28,9,2,26,124,49,8,8,76,104,14,14,7,14,27,17,39,25,15,99,124,22,12,12,124,23,0,9,41,17,10,71,38,13,3,11,124,43,4,13,46,54,6,1,6,12,13,18,20,2,0,11,124,36,20,21,109,0,0,1,52,34,24,86,44,4,0,0,46,113,20,17
38,7,2,9,4,6,25,37,113,86,0,0,0,17,10,8,39,32,0,0,0,84,32,5,23,29,38,23,4,25,6,2,64,27,64,90,4,1,4,15,113,32,22,16,8,75,53,26,113,61,2,2,1,64,43,23,71,93,18,5,0,0,0,4,24,13,60,26,5,12,32,101,29,13,98,106,10,13,5,33,113,21,40,59,8,4,2,94,84,25,3,0,0,0,0,113,40,113,39,1,8,22,16,51,38,34,24,18,11,58,44,35,8,1,6,39,38,29,65,45,39,2,0,1,8,2,3,113
12,9,53,114,17,2,1,6,95,30,17,32,53,6,1,28,17,11,3,24,114,14,1,6,30,53,13,0,1,2,4,18,3,6,23,44,21,66,114,18,91,21,10,46,35,20,27,45,18,60,46,114,77,3,4,4,19,114,37,2,1,1,29,25,8,27,114,39,1,15,63,13,114,76,67,32,2,3,13,32,37,23,13,94,90,8,9,3,15,60,11,15,24,8,60,41,5,16,81,25,0,4,102,50,18,35,56,29,4,14,84,35,13,11,3,40,75,12,10,23,61,100,13,17,24,2,0,0
0,0,3,80,22,18,56,6,66,39,6,19,5,35,60,10,57,53,8,20,22,15,7,3,3,2,27,115,60,9,6,9,2,0,2,48,18,42,115,11,106,44,10,23,10,22,39,40,44,13,0,1,28,115,51,35,26,2,17,59,9,24,47,115,27,39,2,3,17,34,59,9,115,70,1,0,14,37,23,32,18,9,47,52,91,93,13,19,11,2,39,66,9,10,50,115,20,115,13,3,12,12,1,1,32,53,2,2,51,82,18,17,93,22,45,26,6,19,17,76,5,4,46,115,11,4,15,17
9,52,50,40,29,6,4,3,108,39,36,30,25,20,8,29,7,56,118,35,22,54,19,3,59,19,105,66,24,8,11,31,29,52,18,41,118,8,0,0,118,72,13,21,65,7,2,14,30,24,27,22,66,88,18,5,24,3,4,17,36,94,27,17,31,17,28,37,118,55,1,5,118,36,46,14,36,30,16,53,14,16,49,24,58,118,26,15,9,27,95,39,17,48,17,10,5,7,45,35,16,26,27,2,3,18,63,21,15,64,36,2,1,11,44,18,7,25,104,11,4,15,56,11,0,1,72,35
0,0,0,0,17,103,27,0,4,4,0,0,2,100,121,7,2,6,3,2,2,41,121,6,5,3,2,8,8,81,99,7,5,0,0,16,121,121,9,1,121,59,11,7,44,66,56,21,26,45,46,43,11,4,20,7,11,10,13,68,24,9,5,3,3,1,3,121,121,10,26,3,121,30,22,89,43,2,1,30,68,18,25,28,11,1,5,27,3,6,39,93,15,3,5,3,1,2,1,24,18,19,107,33,22,15,14,32,14,31,63,17,22,11,16,0,0,0,102,57,1,3,12,14,6,22,85,14
73,13,1,0,0,3,25,101,11,0,0,0,0,28,88,30,102,0,0,0,0,2,18,79,11,0,0,0,0,0,0,3,27,38,12,0,0,62,48,15,33,8,2,0,1,132,95,48,132,14,0,0,0,11,26,132,35,0,0,0,0,0,0,9,6,9,11,53,26,79,49,0,71,132,40,6,6,74,22,6,132,132,11,0,0,2,3,19,34,1,0,0,1,1,1,4,10,7,16,132,51,0,0,0,132,38,4,38,21,0,0,28,132,24,1,0,0,0,7,32,13,0,0,0,0,2,13,10
0,0,4,3,31,40,3,0,47,43,4,1,9,15,3,2,28,60,34,0,0,3,2,0,0,63,52,0,0,2,1,0,11,2,10,48,50,79,24,16,130,79,10,7,4,18,20,58,42,130,92,0,0,0,33,21,2,84,88,4,0,0,37,17,7,13,130,130,25,6,1,4,130,64,90,90,15,13,19,43,34,14,3,1,10,67,130,50,1,4,3,1,2,8,130,69,0,1,21,45,14,65,15,0,1,3,21,48,70,98,23,0,0,3,5,5,40,51,25,3,0,3,5,5,23,28,37,6
10,17,5,5,5,3,3,6,21,54,16,4,9,7,10,10,2,10,26,75,141,16,2,1,3,68,46,123,141,4,0,0,5,3,0,0,1,12,22,9,33,5,0,0,0,2,44,49,100,30,35,99,44,1,2,21,45,141,123,141,120,0,1,2,1,0,0,0,3,30,10,3,88,11,0,0,0,3,8,31,141,33,7,10,0,0,0,10,54,61,76,43,9,3,5,4,0,0,0,0,0,5,4,2,78,22,1,0,0,0,3,30,141,75,0,0,0,0,0,9,46,51,13,14,22,6,0,0
0,0,0,0,0,137,137,3,33,0,0,0,0,52,137,82,41,12,0,0,0,23,29,28,13,13,2,1,1,1,2,4,17,2,0,0,34,137,65,9,137,24,0,0,2,24,54,82,111,8,0,0,5,34,60,53,19,5,0,0,9,16,35,77,30,33,8,23,81,25,0,1,137,68,2,1,3,5,10,51,54,27,11,8,20,38,39,79,70,67,6,5,40,8,11,40,13,13,18,43,24,0,0,2,51,14,4,2,1,0,7,55,25,6,1,1,0,0,13,132,44,13,0,3,29,2,1,117
120,33,0,0,0,0,0,13,130,34,9,0,0,0,2,130,47,17,35,10,10,8,38,103,2,1,2,4,49,38,27,7,130,45,0,0,0,0,0,5,130,130,7,0,0,0,3,40,43,54,22,8,8,14,28,61,0,0,2,10,29,13,15,13,130,8,0,0,0,0,0,44,130,15,0,0,0,1,23,130,24,4,2,2,5,24,83,106,12,0,0,1,0,2,7,41,52,2,1,0,0,0,0,40,76,0,0,0,0,0,1,130,39,0,0,0,0,0,7,130,12,0,0,0,0,0,0,38
0,2,22,23,1,1,0,0,70,92,20,12,0,0,0,0,149,149,2,0,0,0,0,8,102,149,57,8,3,4,12,32,10,1,0,2,1,1,2,3,149,39,1,1,0,0,1,9,149,57,0,0,0,0,0,25,149,15,1,1,1,4,28,109,6,0,0,0,0,0,0,10,149,2,0,0,0,0,0,68,149,15,0,0,0,0,0,53,147,6,0,0,0,0,0,23,1,0,0,0,0,0,0,1,41,0,0,0,0,0,0,21,37,0,0,0,0,0,0,18,6,0,0,0,0,0,0,2
2,0,0,0,5,73,17,7,31,0,0,0,0,4,10,52,8,0,0,0,0,0,0,21,0,0,0,0,0,0,0,0,27,0,0,0,1,53,23,22,107,14,0,0,0,0,2,20,15,8,0,0,0,0,0,3,0,0,0,0,0,0,0,0,24,25,223,28,0,7,5,11,77,52,223,9,0,0,0,12,11,7,44,1,0,0,0,2,0,0,0,0,0,0,0,0,0,4,223,62,0,0,0,0,3,20,223,45,0,0,0,0,0,3,120,8,0,0,0,0,0,0,0,0,0,0,0,0
139,38,2,3,6,51,22,73,139,24,0,0,0,0,82,139,81,18,1,0,0,0,34,139,2,0,0,0,0,0,0,1,53,33,3,29,41,10,99,73,139,139,20,0,0,0,39,137,129,139,59,14,3,0,3,36,4,1,0,0,0,0,0,1,29,4,1,67,66,5,24,16,139,18,3,0,0,0,4,47,44,15,12,12,4,0,0,2,0,0,0,0,0,0,0,0,0,0,0,0,0,0,0,0,0,0,0,0,0,0,0,0,0,0,0,0,0,0,0,0,0,0,0,0,0,0,0,0
23,13,2,23,116,15,1,5,100,58,24,77,60,1,1,15,85,17,14,61,59,8,6,65,10,20,26,15,65,41,11,17,28,6,4,46,116,4,1,9,116,31,16,45,62,6,3,59,18,33,86,62,56,44,7,12,3,17,32,30,34,74,28,3,4,15,36,67,111,0,0,0,65,66,99,21,9,13,13,18,22,14,77,63,18,77,21,6,37,24,61,98,14,12,3,1,5,32,83,30,22,1,7,7,6,60,116,14,5,2,0,5,4,7,80,116,26,11,0,0,42,12,14,60,12,5,1,4
0,0,0,2,41,117,25,0,65,47,1,1,67,79,3,1,87,110,44,7,3,1,0,5,1,14,48,21,38,35,1,1,4,3,28,6,7,104,116,3,117,39,6,0,4,43,21,18,103,16,0,0,0,17,51,54,0,0,1,2,73,117,24,6,2,4,117,45,6,8,11,1,58,20,55,38,3,5,28,25,12,0,2,30,12,61,117,28,30,7,2,8,17,117,85,9,0,0,8,13,58,76,57,11,0,0,8,27,3,11,117,42,0,0,3,66,24,54,96,2,41,8,3,26,15,35,33,24
0,6,77,32,12,22,20,0,17,44,61,21,22,11,8,28,28,49,128,12,3,2,1,28,0,14,96,1,0,0,0,0,1,3,25,25,37,10,38,49,48,10,7,38,128,30,22,82,128,42,31,1,8,2,5,128,26,9,19,0,0,0,0,2,10,38,33,3,11,15,25,65,26,120,128,26,84,31,9,6,128,128,38,3,5,0,0,10,22,12,0,0,0,0,0,0,4,123,100,2,1,0,0,1,1,102,128,1,0,0,2,1,4,74,25,0,0,0,4,2,0,2,0,0,0,0,0,0
6,8,5,1,5,129,69,1,4,1,0,5,15,101,129,22,58,7,0,0,1,9,129,118,20,1,0,1,75,29,16,22,0,0,0,16,48,100,15,0,31,8,0,22,95,36,16,5,129,59,0,2,6,6,9,29,53,15,7,5,40,42,3,8,0,0,1,21,97,88,22,0,34,0,0,3,36,62,59,22,129,4,0,0,4,27,14,97,71,4,1,0,8,72,22,48,0,0,12,68,65,40,34,13,8,5,71,67,6,9,35,20,74,40,42,5,2,16,13,82,38,12,36,6,4,32,15,55
2,9,22,15,15,46,61,4,19,29,58,3,0,3,98,53,117,40,13,0,0,0,13,84,48,4,0,1,19,74,29,26,3,13,39,117,20,21,21,0,49,98,31,10,1,1,25,23,117,45,0,0,0,2,12,87,27,12,29,38,24,81,37,41,14,14,10,117,89,0,0,0,58,15,2,37,47,0,0,47,89,68,0,0,0,0,2,53,73,117,26,28,26,0,0,8,19,5,12,65,94,0,0,2,9,65,110,54,57,0,0,17,57,117,47,0,1,1,1,16,26,87,3,3,48,21,6,0
7,7,3,29,47,3,0,2,86,15,1,1,1,1,1,13,16,0,0,0,13,30,2,5,0,0,0,0,10,30,6,5,18,3,0,10,69,97,15,13,126,8,0,0,2,8,9,38,17,1,0,0,36,52,2,4,5,0,0,0,12,40,8,8,22,91,93,15,49,64,5,3,73,74,123,4,1,5,6,9,5,18,147,11,22,42,6,3,4,46,147,3,6,12,1,2,0,86,147,26,3,0,0,0,0,39,147,56,0,0,0,0,0,80,147,9,0,0,0,0,0,59,147,0,0,0,0,0
10,5,31,33,1,0,4,15,66,25,3,5,0,0,4,32,143,101,0,0,0,0,0,6,143,88,13,0,0,0,2,65,0,4,23,35,3,0,0,0,69,84,43,11,0,0,0,1,143,78,0,0,0,0,0,40,143,80,2,0,0,2,22,115,0,1,6,0,0,0,0,0,22,20,37,2,0,0,0,4,143,7,2,0,0,0,0,111,133,0,0,0,0,0,10,143,0,0,0,0,0,0,0,0,1,0,0,0,0,0,0,3,26,0,0,0,0,0,6,92,39,0,0,0,0,0,0,139
5,13,33,135,39,29,0,0,146,76,34,22,0,0,0,4,146,27,10,78,21,0,0,6,3,2,4,146,146,16,7,7,0,2,84,55,4,0,0,0,106,65,129,48,0,0,0,2,146,20,6,13,5,1,4,38,13,1,9,146,98,7,8,9,0,0,20,8,0,0,0,0,12,11,95,94,0,0,0,0,80,20,30,23,0,0,9,45,13,2,3,17,4,5,21,37,0,0,0,0,0,0,0,0,0,0,10,28,0,0,0,0,2,2,20,54,6,0,0,3,28,19,4,6,1,0,0,13
7,0,0,7,18,21,121,73,29,32,17,12,17,13,55,88,41,14,65,56,4,0,1,71,0,0,40,100,18,0,0,1,23,22,20,5,13,27,49,57,46,14,35,4,0,2,78,117,121,28,16,11,3,0,9,121,20,13,69,67,5,0,0,1,32,92,87,19,11,1,0,6,33,69,121,16,0,1,12,12,121,99,37,1,0,0,16,50,53,37,7,5,0,0,2,30,24,91,75,15,11,0,0,3,9,17,39,24,49,13,34,10,50,54,18,0,2,3,76,70,105,58,0,0,0,0,4,33
16,29,14,18,30,16,52,47,38,29,81,51,2,0,2,61,1,0,55,119,22,1,2,2,40,55,10,42,22,2,7,19,24,9,21,2,0,3,73,98,121,22,15,14,3,0,16,121,36,13,89,102,10,0,0,6,22,121,93,68,6,0,0,0,23,57,121,12,0,0,10,11,121,111,55,4,0,0,16,47,82,48,14,9,1,0,3,39,13,90,17,3,0,0,0,0,10,20,43,22,40,8,19,7,44,55,23,1,7,5,78,66,121,79,1,0,0,0,8,48,10,13,0,0,0,0,0,0
20,0,0,4,41,31,41,121,6,21,62,23,80,53,23,9,2,10,56,39,0,1,33,15,26,3,5,11,0,0,11,45,51,2,1,0,2,4,39,125,125,33,51,30,7,3,13,63,20,10,46,125,31,0,0,0,16,4,6,57,20,2,1,12,43,25,40,57,0,0,12,54,125,104,7,8,5,0,3,47,42,14,10,110,80,3,0,1,5,8,5,61,122,14,2,6,17,70,77,68,0,0,2,13,88,125,23,6,1,0,0,5,7,17,27,79,28,0,0,0,0,41,104,81,55,0,0,0
0,0,6,20,2,7,33,2,69,5,14,23,1,7,27,13,147,12,1,0,0,0,1,41,9,1,0,0,0,0,0,1,3,25,38,12,2,11,44,10,74,11,52,51,7,16,54,53,147,38,9,2,0,0,3,75,30,3,0,0,0,0,0,2,2,72,147,15,0,0,8,12,21,84,147,66,1,0,0,4,147,147,71,6,0,0,0,12,35,7,0,0,0,0,0,0,13,11,20,5,0,8,119,147,36,44,40,4,0,0,13,112,103,29,16,1,0,0,5,18,25,0,0,0,0,0,0,3
76,127,55,3,5,8,68,64,27,121,37,0,0,33,127,69,8,2,0,2,39,50,25,22,0,1,4,5,19,10,0,0,41,27,29,44,127,65,94,77,127,36,2,3,3,10,119,127,76,3,0,5,11,8,26,46,0,1,4,7,7,8,6,1,52,47,13,10,71,104,4,0,127,73,2,1,1,0,10,41,26,1,0,0,0,1,71,94,0,0,0,0,0,19,56,25,8,80,70,5,3,10,2,1,26,51,9,0,0,3,8,12,2,0,0,0,0,0,27,49,1,0,0,0,0,2,45,20
112,31,7,21,11,69,69,48,30,3,6,20,11,101,112,111,20,0,0,0,0,18,45,112,0,0,0,0,0,31,48,0,38,112,49,84,79,23,7,7,37,8,17,111,111,13,8,57,97,11,0,1,4,3,16,112,4,0,0,0,1,12,25,5,0,50,15,7,112,112,6,0,21,38,9,18,112,43,3,3,88,85,5,3,6,6,2,6,6,3,0,0,5,14,5,3,2,5,29,49,86,112,17,1,52,51,19,5,11,41,20,8,24,22,0,0,0,34,24,3,5,0,0,0,0,15,16,12
0,8,12,10,8,0,0,0,0,26,37,4,11,21,0,0,2,19,19,6,42,70,13,6,42,115,37,3,6,15,50,77,4,10,5,2,6,3,0,0,5,5,3,4,70,104,6,2,106,57,6,2,19,56,13,9,110,115,22,0,0,13,10,1,0,8,45,9,5,0,0,0,5,1,14,104,115,15,0,1,115,25,4,31,39,10,12,96,94,48,3,1,18,115,77,52,1,20,59,5,0,0,0,0,0,11,40,115,56,0,0,0,18,94,115,77,41,7,7,41,11,28,47,35,115,73,13,26
46,29,41,27,21,28,20,31,142,8,5,3,5,6,6,142,41,0,0,14,47,8,1,26,0,1,3,15,11,1,0,0,37,28,15,15,37,42,10,17,142,98,9,2,2,8,9,65,76,6,0,2,9,79,58,29,0,0,1,6,5,14,36,28,63,32,13,70,29,10,6,12,142,53,6,7,3,20,27,60,20,5,6,36,13,103,103,59,10,0,0,1,0,7,44,124,23,59,74,73,40,0,0,0,60,142,46,18,17,4,0,2,5,16,16,84,90,8,1,7,41,10,1,8,10,0,1,41
0,0,0,0,1,3,0,0,6,0,0,0,0,1,1,2,26,0,0,0,0,0,0,2,1,0,0,0,0,0,0,0,0,0,1,37,28,16,0,0,131,5,3,24,14,15,10,29,212,5,0,0,0,0,0,29,34,0,0,0,0,0,0,1,0,0,1,43,10,9,73,13,156,32,14,52,9,8,34,16,212,52,2,0,0,0,0,14,32,1,0,0,0,0,0,1,3,26,72,20,2,8,52,18,171,29,50,43,5,11,53,51,212,97,3,0,0,0,0,18,13,4,0,0,0,0,0,0
26,29,10,1,2,62,65,7,115,90,4,2,0,3,26,64,99,13,6,5,1,2,53,115,83,1,0,0,0,0,2,58,58,77,24,1,0,1,5,21,115,115,28,17,3,1,1,21,102,37,47,62,33,7,4,44,94,3,0,0,1,0,2,99,56,84,86,0,0,0,9,48,115,115,40,5,6,5,4,65,40,14,16,45,83,28,4,31,62,7,4,4,5,1,1,58,0,85,115,0,0,0,0,0,9,94,70,3,0,0,0,0,2,9,16,28,4,0,0,0,10,3,3,2,0,0,0,0
48,14,29,41,40,81,6,12,9,22,115,130,11,13,76,28,100,130,130,10,1,33,80,19,130,130,70,12,0,2,14,34,53,45,5,3,4,3,0,2,57,42,68,33,0,0,0,3,130,130,58,3,0,0,0,28,97,63,2,0,2,9,15,49,0,4,0,0,0,0,0,0,26,18,2,0,0,0,0,0,130,7,0,0,0,0,0,96,30,0,0,0,0,0,11,130,0,0,0,0,0,0,0,0,0,0,0,0,0,0,0,0,5,0,0,0,0,0,1,22,0,0,0,0,0,0,3,35
