19,12,0,0,84,121,16,2,40,78,0,0,0,37,42,9,42,39,0,0,0,1,10,13,21,74,7,0,0,0,0,1,121,30,0,0,117,121,6,7,91,46,0,2,11,28,7,8,121,18,0,0,1,8,6,20,103,56,2,0,0,0,0,1,121,22,7,51,113,18,2,12,97,7,3,29,16,4,0,16,121,14,2,10,3,1,0,5,120,4,0,0,0,2,2,17,35,4,3,93,121,6,8,41,32,2,1,6,4,3,43,119,88,7,1,3,0,0,10,61,42,0,0,0,0,3,15,49
7,30,14,5,18,100,17,3,98,15,1,3,27,51,9,18,133,10,0,0,0,0,1,51,60,1,0,0,0,0,0,7,31,7,0,0,0,118,70,18,90,9,0,1,2,32,59,53,133,17,0,0,0,1,20,90,84,3,0,0,0,1,12,14,30,66,50,7,3,5,10,6,75,26,17,34,21,20,14,19,133,42,1,0,0,5,41,86,30,8,9,0,0,34,133,16,1,32,77,13,26,52,15,3,32,54,29,13,51,73,5,18,100,133,26,0,0,4,20,64,3,69,105,0,0,7,34,5
0,0,16,10,1,8,38,1,0,0,2,25,25,31,41,0,0,15,9,9,68,47,15,0,0,129,44,2,14,19,1,0,0,0,3,27,11,41,118,0,9,1,5,23,14,89,129,12,129,105,13,4,16,23,65,33,27,129,40,0,1,0,0,0,0,0,9,71,59,11,3,1,21,6,41,129,32,18,18,8,129,31,9,26,13,2,7,101,91,16,1,0,0,0,0,29,1,0,0,3,92,11,1,4,8,3,2,18,83,11,2,14,129,27,1,8,77,15,5,84,129,11,0,0,0,0,0,28
4,1,5,13,112,12,0,0,136,7,4,1,1,0,0,14,136,8,1,0,0,1,1,28,11,3,19,5,4,14,4,2,0,0,136,119,44,0,0,0,90,14,131,104,0,0,0,15,136,19,10,8,0,0,0,37,36,9,8,8,32,26,1,0,0,0,120,71,10,0,0,0,11,9,83,136,18,0,0,0,136,41,27,60,6,0,0,2,51,3,0,12,136,46,0,0,0,0,3,12,19,0,0,0,0,0,13,63,20,0,0,0,41,34,37,42,3,0,0,0,21,9,3,57,69,1,0,0
4,16,68,32,3,0,1,2,2,93,106,8,0,31,18,0,12,45,8,0,0,60,57,12,26,2,0,0,0,3,17,23,10,6,4,1,0,59,28,15,12,5,1,0,0,137,112,8,137,50,0,0,0,76,76,28,65,40,0,0,0,0,2,9,0,0,0,1,1,137,75,0,69,1,0,0,0,137,54,32,137,39,0,0,0,7,10,81,43,33,1,0,0,0,0,15,0,1,1,0,0,87,57,0,36,25,8,0,0,31,14,26,137,59,3,0,0,0,0,127,76,54,3,0,0,0,0,29
53,63,48,12,3,8,18,12,28,92,77,24,6,4,10,11,53,45,55,4,0,0,0,54,14,9,66,41,0,0,0,21,109,28,6,2,4,19,90,58,109,46,25,15,7,20,104,62,37,16,31,20,24,26,22,67,12,5,8,9,2,2,12,109,18,53,57,27,6,8,15,8,105,67,6,2,6,64,109,39,109,18,7,2,9,62,109,79,44,23,31,33,7,4,8,53,22,10,24,33,18,19,11,15,17,5,10,91,76,45,34,12,109,19,7,9,6,14,16,107,57,7,2,8,20,55,21,60
10,10,47,12,10,51,53,11,12,6,9,40,55,42,15,9,68,40,75,41,19,10,6,8,31,24,78,53,17,4,3,7,44,15,62,8,9,56,81,36,117,45,78,73,7,2,8,38,108,74,117,86,18,11,6,8,27,14,26,75,105,34,9,4,15,59,117,23,5,2,0,4,111,56,117,31,14,5,9,33,20,47,61,19,33,28,20,22,0,21,61,55,68,12,3,0,33,25,31,5,4,23,22,60,1,85,34,19,24,27,6,2,1,102,52,2,7,21,2,2,0,8,20,18,93,48,0,0
1,6,10,2,23,119,8,0,3,41,62,15,8,119,38,0,26,119,33,0,0,8,16,3,15,92,78,0,0,0,0,5,36,14,8,2,51,111,18,21,86,102,64,14,4,11,22,20,35,96,82,30,7,8,17,14,39,27,22,6,0,0,1,73,22,2,3,32,63,17,13,16,119,19,2,1,3,30,89,88,113,29,11,8,5,37,119,74,43,16,26,15,17,26,21,25,3,17,18,52,68,0,0,0,16,43,48,17,4,10,13,10,95,60,8,2,3,32,51,24,41,2,0,0,3,74,90,40
0,0,3,21,33,33,63,0,11,11,28,4,3,29,66,13,23,19,38,12,4,2,42,103,25,0,3,7,7,1,10,118,17,8,16,48,48,21,3,9,103,73,118,27,3,1,2,22,29,19,89,97,62,15,4,8,52,0,1,24,62,25,8,118,70,28,97,67,5,1,1,30,118,65,111,36,15,11,6,21,15,10,28,103,100,32,8,6,32,3,12,118,49,2,0,13,89,35,46,6,1,1,5,49,12,29,34,15,30,18,16,17,0,51,52,38,31,5,0,0,4,2,9,85,89,0,0,0
10,0,0,0,3,48,56,26,33,8,0,0,33,137,19,3,104,39,0,0,4,12,1,6,12,12,5,9,10,2,2,4,8,0,0,0,0,76,137,39,137,28,0,0,1,57,84,68,135,52,0,0,0,0,0,17,21,15,6,13,15,0,0,7,60,45,25,6,1,31,66,23,137,122,5,1,0,0,10,62,61,10,5,3,0,0,15,102,9,0,0,2,9,1,23,79,22,87,137,21,0,0,0,0,86,137,50,10,0,0,0,0,5,13,19,59,0,0,5,16,0,0,1,16,2,1,35,44
0,0,0,0,4,0,0,0,10,0,0,16,140,32,7,20,137,1,0,2,19,8,6,139,47,0,0,0,0,0,0,28,0,0,0,0,1,0,0,0,15,1,0,17,143,88,4,11,143,24,0,4,30,27,6,58,118,13,0,0,0,0,0,10,0,0,0,0,0,0,0,0,19,5,2,77,143,15,1,3,143,29,3,23,47,6,2,41,110,9,0,0,0,0,0,8,0,0,0,0,0,0,0,0,6,0,0,45,143,2,0,1,143,3,0,33,71,3,1,55,103,0,0,0,0,0,0,26
0,0,0,30,108,0,0,0,74,3,1,59,141,3,0,37,141,2,0,1,4,0,0,46,0,0,0,0,0,0,0,0,0,0,0,10,112,7,0,0,48,6,2,46,141,24,3,24,141,14,1,3,17,5,2,80,0,0,0,0,0,0,0,0,0,0,0,10,116,11,0,0,29,25,6,61,141,19,0,4,141,84,4,11,15,1,0,18,1,0,0,0,0,0,0,0,0,0,0,27,44,0,0,0,17,7,6,141,133,1,0,2,140,30,8,23,11,0,0,18,6,0,0,0,0,0,0,0
8,0,0,0,17,129,79,34,93,0,0,0,1,6,18,129,18,0,0,0,0,0,43,62,0,0,0,1,0,1,66,25,33,1,0,0,4,92,62,41,129,9,0,0,0,1,14,129,63,23,27,4,0,0,27,32,0,1,23,12,0,3,38,6,27,89,95,4,7,13,1,2,129,129,52,0,0,0,0,11,129,47,31,5,0,0,0,4,7,6,69,33,0,0,0,2,3,129,124,4,0,0,0,0,25,129,80,1,0,0,0,0,26,31,30,7,4,9,3,5,9,2,8,4,0,11,43,18
0,0,0,0,56,8,0,0,18,5,0,5,163,53,0,3,163,43,0,1,33,9,0,9,12,2,0,0,0,0,0,0,0,0,0,3,86,3,0,0,36,2,0,7,163,35,0,15,163,13,0,0,37,9,0,46,10,0,0,0,0,0,0,0,0,0,0,0,87,22,0,0,38,9,3,10,163,62,3,7,163,33,3,3,31,6,2,29,2,0,0,0,0,0,0,0,0,0,0,1,96,41,0,0,24,28,5,11,163,79,2,6,101,69,3,2,10,5,2,24,0,0,0,0,0,0,0,0
0,0,0,0,0,0,0,0,17,6,2,29,107,70,3,3,164,69,2,5,18,20,4,11,88,30,0,0,0,0,0,1,0,0,0,0,4,0,0,0,35,5,2,36,164,24,3,4,164,44,2,7,34,7,3,18,86,14,0,0,0,0,0,1,0,0,0,0,7,0,0,0,34,6,0,58,164,8,0,1,164,21,0,19,38,2,0,16,90,1,0,0,0,0,0,6,0,0,0,0,8,1,0,0,23,6,0,13,164,33,0,1,164,41,0,4,27,6,0,9,67,7,0,0,0,0,0,2
58,2,0,0,0,0,25,128,97,0,0,0,6,26,15,128,4,0,0,0,17,68,94,37,12,0,0,0,3,16,26,36,52,31,84,13,0,0,0,39,128,31,14,20,30,11,3,113,68,7,5,88,115,33,25,52,91,4,4,8,2,1,7,57,15,36,102,40,11,0,0,1,128,53,23,26,11,0,3,59,53,12,37,128,34,0,1,47,63,13,51,43,0,0,0,29,15,2,0,5,32,2,1,7,14,0,0,7,38,7,27,89,41,2,16,16,2,1,19,128,12,3,53,42,2,9,14,35
2,2,18,18,103,58,0,0,131,67,2,5,23,9,0,2,75,112,28,1,0,4,2,0,0,8,39,17,15,32,4,0,10,0,0,0,113,94,1,3,131,36,0,0,11,15,5,19,104,30,0,0,0,89,40,12,0,3,3,1,6,131,44,0,21,1,0,0,61,70,21,6,131,10,0,0,8,15,17,65,35,11,0,0,0,124,48,24,1,37,28,2,5,55,9,0,5,0,0,0,1,20,131,48,50,0,0,0,0,4,93,131,52,20,0,0,0,11,28,81,14,29,4,1,26,29,0,0
15,0,3,13,2,19,104,51,6,15,18,17,2,7,95,61,31,18,6,10,2,1,10,65,2,0,16,74,64,4,1,5,28,7,2,2,27,67,119,38,24,7,4,12,25,7,130,130,130,16,0,0,1,2,51,130,29,15,24,16,19,9,2,15,87,22,9,11,49,33,7,26,93,36,5,21,69,15,13,21,130,63,2,2,2,1,4,68,61,11,2,0,24,42,3,21,15,18,18,19,11,53,53,3,60,8,0,0,4,28,42,74,130,4,0,0,0,0,2,130,26,0,0,0,8,26,22,69
7,12,1,0,5,67,88,9,56,26,8,2,2,15,61,130,79,4,3,10,18,3,8,130,16,24,47,23,15,1,0,3,12,86,37,15,13,32,30,16,58,69,19,6,20,68,11,38,130,46,5,0,2,6,3,104,60,36,14,5,14,4,1,5,56,53,10,2,1,6,31,51,32,130,84,4,6,26,6,5,105,130,62,2,0,1,1,11,28,21,8,17,22,24,9,4,130,61,1,3,0,0,0,2,120,130,4,0,0,0,5,5,23,68,12,2,0,17,45,5,0,1,4,15,12,28,35,0
0,14,17,75,7,10,18,0,2,112,66,2,0,15,15,3,9,63,112,0,0,0,11,22,57,112,49,0,0,0,1,43,6,32,41,74,43,2,0,0,11,85,42,7,54,39,30,16,92,30,31,0,5,11,34,100,105,79,19,0,0,0,0,58,47,8,3,10,68,23,4,25,37,16,7,62,112,15,4,11,112,64,5,14,14,4,3,21,112,58,1,0,0,0,0,37,19,6,92,82,25,4,2,14,15,19,95,42,37,11,5,11,75,112,51,9,8,0,0,0,67,112,5,0,0,0,0,4
0,0,0,3,66,113,6,0,7,0,0,0,72,113,49,9,38,11,5,9,15,19,98,41,21,4,2,13,19,6,93,87,0,0,0,37,113,58,1,0,13,4,3,21,113,69,5,12,113,16,4,11,37,17,7,59,65,25,5,25,50,8,4,9,0,0,0,52,102,85,24,0,4,12,34,97,93,30,34,0,55,40,30,16,10,81,45,7,47,3,0,0,6,29,40,69,0,0,2,46,56,109,56,0,0,1,11,22,8,57,113,0,0,14,16,2,1,110,69,3,10,9,16,0,0,12,18,82
5,97,29,0,1,25,17,0,10,90,48,1,1,18,14,0,0,7,22,36,36,16,28,4,16,2,13,42,18,7,14,35,0,101,55,1,26,15,0,0,9,20,16,5,122,126,83,14,126,9,5,14,19,55,121,101,27,7,34,47,5,0,1,12,0,7,5,6,61,35,0,0,18,17,41,126,126,58,5,4,126,119,56,34,18,10,5,24,40,30,38,26,2,0,0,5,4,1,8,11,13,11,6,5,2,12,79,90,16,1,0,0,14,126,87,15,0,0,0,0,3,55,52,4,0,0,0,0
0,0,0,0,30,83,3,0,0,0,0,0,19,102,97,25,29,4,0,1,1,4,65,66,23,12,5,3,0,3,1,3,0,0,0,18,59,91,24,3,21,8,4,71,125,119,71,60,125,36,4,6,10,8,35,125,49,7,0,0,2,57,3,10,0,0,0,14,22,9,52,19,16,53,89,125,122,5,11,14,125,125,67,20,8,29,5,13,23,12,1,0,20,125,5,1,1,1,6,57,14,7,35,15,25,18,26,11,1,2,21,67,5,22,12,1,15,61,23,13,13,18,1,1,41,66,1,1
0,0,0,0,52,126,18,0,50,9,0,0,4,126,107,41,126,6,0,0,0,2,36,114,11,0,0,0,0,5,106,66,8,1,0,3,75,126,6,0,126,54,0,1,10,43,8,14,92,23,0,0,7,42,85,36,2,0,0,0,0,16,124,66,8,1,0,8,95,34,0,1,126,13,1,3,19,4,1,62,47,4,27,54,41,43,28,31,7,10,55,22,4,5,43,76,0,35,25,2,26,19,0,0,44,79,69,3,4,0,0,9,41,14,38,28,1,1,14,25,2,7,65,18,2,4,35,9
115,115,15,2,12,3,0,5,35,18,1,7,103,33,0,1,83,67,30,12,7,6,1,1,1,4,74,110,4,1,3,0,34,26,5,2,9,3,27,111,33,10,2,21,72,20,27,32,94,20,3,5,5,10,24,44,1,1,7,10,14,78,86,4,3,1,42,115,4,2,46,65,76,24,14,11,3,10,52,62,68,60,5,14,13,4,5,15,0,4,6,79,115,85,18,0,1,1,87,115,0,0,0,0,46,38,115,93,0,0,0,2,47,38,41,6,5,1,5,9,0,18,73,86,49,2,2,0
8,1,0,0,17,57,146,72,146,11,0,0,0,1,64,139,85,59,20,0,0,0,0,21,2,24,20,0,0,0,0,2,46,20,0,0,37,34,6,18,146,37,0,0,0,0,2,51,146,21,0,0,0,0,1,37,17,0,0,0,0,0,0,20,70,48,0,0,5,8,1,2,146,89,0,0,0,0,0,57,96,4,0,0,0,0,10,118,20,0,0,0,0,0,5,49,97,81,0,0,0,0,0,2,104,90,4,0,0,0,0,15,112,11,2,0,0,0,0,51,16,5,3,0,0,0,4,32
1,0,0,0,0,47,124,41,8,0,0,2,17,73,124,72,0,0,16,39,63,124,79,3,0,0,55,31,4,35,124,0,29,78,51,3,5,24,110,55,124,59,3,3,11,1,32,100,25,6,27,55,63,3,2,10,27,20,124,39,2,0,0,2,4,62,124,5,0,0,0,0,50,44,78,22,1,0,4,30,16,7,12,19,18,2,12,42,78,29,14,3,0,0,0,9,0,12,95,9,0,0,0,0,0,2,82,79,1,0,0,1,9,16,87,54,0,0,3,17,31,73,40,0,0,0,0,10
15,1,0,0,3,9,1,2,91,15,1,1,2,1,0,3,8,7,2,9,146,20,0,0,1,0,0,35,150,19,0,0,20,0,0,0,4,8,1,3,150,9,0,3,11,1,0,7,17,4,1,18,150,23,0,0,0,6,22,106,150,9,0,0,8,41,63,0,1,0,0,1,99,74,63,6,9,0,0,8,15,19,97,71,87,16,0,2,0,23,150,99,68,6,0,0,0,64,110,0,0,0,0,0,1,53,90,6,1,0,0,0,4,20,57,31,4,0,0,0,5,19,70,1,0,0,0,0
0,0,0,0,7,21,51,1,4,0,0,0,4,22,53,29,0,0,0,0,1,67,90,4,0,0,0,0,0,81,105,0,51,4,0,0,0,37,148,83,83,11,0,2,16,24,100,69,9,0,0,13,102,75,55,5,2,1,0,1,9,39,47,1,148,7,0,0,0,9,35,136,148,17,0,1,16,2,1,26,13,1,0,14,148,6,0,4,5,8,1,4,21,0,0,0,148,9,0,1,2,0,0,59,148,14,0,0,5,5,2,15,4,0,0,5,90,13,1,1,3,8,0,4,17,0,0,0
16,14,12,0,4,15,37,16,47,18,0,0,14,41,27,39,123,17,0,0,0,1,7,80,39,19,24,1,0,0,2,6,5,16,21,0,14,49,67,8,119,67,1,0,16,29,10,10,123,60,0,0,0,0,0,48,95,10,5,0,0,0,0,68,26,0,0,0,31,56,118,123,123,7,0,0,0,4,14,109,110,19,0,0,0,0,0,48,55,1,0,0,0,0,3,123,66,21,54,75,60,9,6,81,123,33,10,0,0,0,0,107,59,2,0,0,0,0,13,96,4,0,0,0,0,2,44,54
0,0,0,0,6,3,0,0,9,0,0,4,104,78,13,14,160,2,0,0,8,13,13,79,61,1,0,0,0,0,0,10,0,0,0,0,14,1,0,0,23,1,0,10,160,75,11,14,160,8,0,0,25,23,11,63,105,4,0,0,0,0,0,3,0,0,0,1,18,0,0,0,31,19,13,64,160,14,1,1,160,70,13,13,29,3,2,7,107,3,0,0,0,0,0,1,0,0,0,3,7,0,0,0,6,11,16,107,105,3,0,1,160,53,15,22,11,1,0,15,70,3,0,0,0,0,0,4
0,0,0,8,80,3,0,0,14,1,0,19,158,47,16,30,95,2,0,0,4,9,15,113,4,0,0,0,0,0,0,2,0,0,0,5,111,1,0,0,31,3,2,15,158,57,13,18,158,11,1,2,29,16,12,76,16,0,0,0,0,0,0,2,0,0,0,5,99,2,0,0,24,20,10,80,158,3,0,1,158,66,11,18,23,1,0,17,16,1,0,0,0,0,0,1,0,0,0,10,52,1,0,0,6,10,12,89,158,1,0,0,105,74,15,19,12,0,0,5,11,5,0,0,0,0,0,0
14,0,0,56,117,2,2,39,113,0,0,1,14,1,1,133,21,0,0,0,0,0,0,29,0,0,0,0,0,0,0,0,12,0,0,40,133,13,0,6,133,2,0,6,57,5,0,69,84,0,0,0,0,5,26,32,0,0,0,0,0,0,18,21,20,13,0,1,133,112,1,0,133,102,1,2,41,20,0,5,47,17,3,36,35,33,43,13,1,0,0,9,13,13,57,115,49,77,0,0,41,94,29,22,97,133,2,2,4,2,0,0,5,15,5,62,59,9,0,0,20,1,0,29,94,18,11,52
7,0,0,0,12,54,28,31,143,1,0,0,0,1,11,121,75,9,0,0,0,0,0,15,1,1,2,1,0,0,0,1,25,4,0,0,15,138,49,40,143,13,0,0,0,7,22,122,143,3,0,0,0,0,1,19,3,0,0,0,0,1,3,3,25,126,74,22,45,42,3,5,143,143,21,0,0,2,1,17,73,18,10,3,0,0,26,37,0,0,3,0,0,6,55,6,15,143,82,11,1,0,0,1,14,143,24,1,0,0,0,0,1,11,46,17,0,0,5,2,0,4,41,6,0,1,12,0
48,12,18,3,0,0,0,23,50,3,0,0,0,0,9,96,51,60,3,0,0,0,22,42,6,106,56,0,0,2,5,0,26,14,19,3,2,13,12,40,47,8,4,5,6,35,51,62,149,62,1,0,0,0,10,66,66,70,16,0,0,0,0,0,108,7,7,6,3,15,32,135,74,32,48,53,8,12,5,12,149,44,6,3,0,0,1,34,93,4,0,0,0,0,0,16,149,6,10,5,3,5,6,145,74,5,9,25,10,1,1,67,149,3,1,5,3,0,0,72,88,0,0,0,0,0,0,33
0,0,3,2,7,29,122,4,1,0,1,1,7,95,122,2,40,34,0,0,3,61,50,24,25,79,33,3,7,14,9,8,0,0,17,122,49,29,53,0,25,3,23,74,10,36,111,23,122,74,3,4,0,9,22,39,50,58,2,0,11,89,10,4,0,0,47,122,31,0,0,0,14,11,110,122,1,0,0,2,122,31,36,56,2,16,27,36,64,42,0,0,6,75,36,17,0,0,6,77,33,0,0,0,1,2,27,86,4,0,1,4,6,4,16,122,18,5,9,4,91,30,8,19,4,11,13,10
0,0,63,44,4,4,38,12,0,0,71,53,14,34,72,2,42,28,8,40,16,43,35,7,68,47,2,5,3,1,3,6,1,0,18,8,7,28,128,20,6,0,16,19,20,128,128,5,128,20,2,11,11,65,49,32,100,26,0,1,4,2,1,6,0,1,50,83,27,20,34,0,23,8,13,127,47,67,31,2,128,22,4,12,4,9,6,17,107,41,0,0,0,0,0,16,8,12,41,59,3,0,6,20,4,7,16,128,36,0,0,0,127,95,15,36,4,0,0,3,75,109,0,0,0,0,0,1
0,4,28,52,13,0,0,0,8,6,5,61,57,3,1,3,136,97,5,4,3,1,1,8,44,54,0,0,0,0,0,0,0,3,8,18,46,39,3,0,30,1,0,16,135,134,11,15,155,27,0,0,7,22,11,41,60,22,0,0,0,0,0,0,0,0,0,0,20,155,61,0,67,6,0,4,94,155,6,7,155,22,0,0,4,8,2,38,61,4,0,0,0,0,2,8,0,0,0,0,5,56,67,6,49,3,0,1,29,76,21,13,155,16,0,0,0,4,5,45,40,0,0,0,0,2,40,21
0,0,0,0,2,39,135,87,43,0,0,0,0,0,51,155,11,0,0,0,0,15,61,51,2,0,0,0,0,3,38,26,37,10,0,0,0,24,104,34,155,18,0,1,1,0,30,122,81,21,4,17,26,27,37,35,30,15,2,2,7,17,30,36,42,61,19,0,0,0,0,0,155,86,11,0,1,0,0,11,93,27,6,16,20,3,5,8,13,22,5,7,41,23,22,5,3,155,108,0,0,0,0,0,59,155,79,1,1,4,1,0,15,22,7,10,29,31,4,0,23,2,0,0,19,29,19,11
54,14,1,20,87,8,0,0,18,33,23,56,117,3,0,0,97,94,11,2,0,0,1,10,19,25,0,0,27,91,23,13,15,18,2,4,86,96,7,4,89,51,54,16,40,41,10,20,36,41,55,16,22,17,4,11,11,1,1,22,119,56,6,11,4,32,35,13,84,71,6,2,105,92,55,15,28,23,6,18,36,9,7,19,63,105,18,31,37,7,2,29,119,18,7,36,0,80,66,1,1,7,1,0,0,54,70,51,20,1,0,0,7,34,92,88,42,8,1,4,12,40,61,96,92,6,1,6
5,0,3,12,1,1,82,107,4,0,0,0,3,11,15,105,1,3,1,4,64,68,9,5,44,20,4,6,15,14,12,24,8,0,25,115,24,1,20,65,115,6,2,32,19,7,6,115,19,3,1,54,98,65,29,23,63,11,2,12,12,9,28,89,4,5,6,91,111,2,0,0,115,77,12,42,42,0,0,6,40,13,3,115,115,1,1,2,115,2,1,40,63,0,1,26,0,13,11,17,60,6,1,0,30,84,14,7,11,0,3,6,10,8,0,26,115,0,0,3,100,0,0,19,95,0,0,18
0,0,0,0,8,113,10,0,10,10,0,0,7,113,80,5,22,23,0,0,5,27,84,17,11,9,1,1,8,21,39,10,3,0,0,1,38,113,33,28,97,60,0,0,22,105,13,33,43,55,1,1,59,62,6,7,78,13,0,1,24,29,7,12,42,19,8,78,76,62,16,27,113,43,8,38,36,31,10,64,69,11,0,13,113,52,4,25,113,36,1,17,46,11,2,36,12,4,3,29,47,65,24,10,81,12,3,14,25,28,19,113,38,2,0,66,101,9,9,80,63,1,0,25,45,6,8,113
0,0,0,0,3,36,18,0,2,0,0,0,0,18,62,44,1,0,0,0,0,0,11,18,0,0,0,0,0,0,4,3,1,4,6,13,97,115,25,4,110,49,14,9,26,57,71,110,39,3,0,0,1,43,72,56,30,0,0,0,0,2,23,44,2,8,16,23,60,85,78,32,41,81,33,14,23,30,41,66,58,26,3,3,32,78,33,24,115,13,0,0,0,1,6,32,17,6,25,115,65,43,48,40,36,7,12,15,21,93,115,101,14,15,8,3,8,43,115,115,23,7,0,0,0,0,113,115
8,12,5,65,117,2,0,1,83,103,29,19,26,1,1,16,25,55,117,2,0,0,6,23,1,4,89,72,18,7,8,5,16,3,0,12,117,101,21,9,117,59,6,2,36,20,8,51,31,27,35,23,4,7,35,45,0,4,7,13,31,63,35,11,24,9,23,63,62,61,18,14,90,23,21,17,10,7,36,117,37,32,8,8,4,16,114,79,6,117,50,5,15,29,13,2,38,10,30,83,12,16,21,25,15,30,32,46,19,17,9,9,86,117,10,0,1,0,2,15,27,117,13,0,0,0,0,0
36,29,16,7,18,17,37,54,13,13,6,0,1,81,118,31,4,52,44,7,16,118,32,1,0,11,107,110,27,24,0,0,8,19,11,26,118,41,22,6,80,118,60,8,8,18,50,7,28,118,102,19,7,3,6,3,16,30,46,118,21,0,0,0,7,19,40,29,33,20,13,12,118,58,40,8,3,0,2,50,58,10,14,20,40,9,23,51,39,5,4,27,34,16,20,28,5,30,118,73,0,0,0,0,9,34,118,46,0,0,1,9,5,1,64,85,6,11,39,20,1,0,29,20,5,26,64,18
0,0,2,7,15,27,57,1,1,17,11,4,49,87,33,1,0,136,73,3,20,48,2,0,5,136,31,0,2,1,0,0,6,1,3,38,27,66,119,7,136,103,18,10,13,24,63,37,46,136,64,0,1,0,0,1,0,45,15,0,0,0,0,0,6,2,6,66,69,14,3,3,136,26,5,24,32,8,3,92,136,16,1,0,0,0,0,29,0,0,2,0,0,0,0,0,1,10,3,6,67,21,0,1,136,136,2,3,43,11,0,16,105,38,0,0,0,0,0,4,1,0,0,0,0,0,0,0
4,0,0,4,78,15,73,55,146,4,0,0,0,0,65,146,100,2,0,0,0,0,0,29,1,0,0,0,0,0,0,0,28,3,0,3,146,29,3,3,146,51,0,0,3,1,2,17,146,18,0,0,0,0,0,7,1,0,0,0,0,1,1,0,37,17,9,3,49,68,3,2,146,39,1,0,0,0,0,46,138,8,0,0,0,0,0,38,2,3,0,0,0,0,1,2,5,58,98,15,3,6,0,0,135,146,21,0,0,0,0,5,95,34,0,0,0,0,0,3,2,3,0,0,0,0,0,0
10,0,0,0,29,63,132,111,54,2,0,0,1,8,73,132,11,18,16,1,2,19,20,30,10,28,13,1,1,3,10,29,64,17,28,51,79,35,11,40,132,61,7,0,0,0,2,86,64,78,54,1,0,0,0,10,7,40,26,3,0,0,0,2,13,36,132,132,11,0,0,0,132,80,112,20,0,0,0,55,57,11,10,2,0,0,14,132,4,1,6,7,2,3,21,24,0,47,71,17,1,0,0,0,4,5,102,68,0,0,0,7,7,13,70,18,0,0,12,57,16,41,21,0,0,0,21,29
122,9,3,5,29,0,0,17,122,11,3,2,3,10,3,40,3,1,23,26,17,36,7,2,12,24,44,18,2,7,10,6,69,18,122,78,10,0,0,14,122,25,27,15,19,4,0,41,23,2,4,12,115,119,42,30,63,12,8,4,7,22,36,122,2,4,96,117,7,0,0,0,86,50,57,64,20,1,0,2,22,15,63,122,122,30,7,12,95,84,92,39,12,7,7,80,0,0,10,34,10,0,0,0,2,13,28,18,0,0,0,0,4,9,54,43,2,3,4,2,1,25,74,13,2,12,9,0
2,13,10,0,1,23,71,12,2,3,4,3,4,9,51,39,0,0,0,0,2,13,29,18,10,0,0,0,0,0,9,34,12,6,6,77,89,86,97,40,121,27,6,12,22,15,65,121,19,0,0,3,88,49,59,62,6,0,0,0,3,4,108,115,7,22,36,121,62,12,7,5,119,117,42,31,22,2,4,13,19,3,0,48,121,23,26,13,10,0,0,17,74,18,121,68,2,6,9,7,13,26,43,15,18,35,7,2,2,1,25,26,4,11,3,43,121,10,4,2,25,0,0,21,121,8,2,4
69,97,34,120,20,0,0,0,84,100,6,9,7,30,13,1,2,1,4,51,19,31,36,9,14,27,33,50,12,6,22,20,20,74,41,70,45,6,0,0,32,45,6,23,124,124,58,20,124,25,13,13,14,53,77,96,38,42,38,17,5,1,0,2,2,11,22,33,23,1,0,1,14,23,93,124,124,28,3,4,124,123,103,53,16,12,4,18,58,35,2,4,11,13,2,3,2,1,1,3,8,13,21,7,1,2,31,45,3,7,45,14,5,28,46,25,10,4,6,2,21,69,7,4,4,2,0,0
2,0,0,1,29,46,7,5,5,9,18,4,3,17,52,22,2,14,39,6,2,2,39,34,11,4,4,3,2,1,2,8,11,10,2,8,68,32,3,4,15,8,3,44,124,120,124,56,124,22,2,6,13,22,106,124,19,1,0,0,6,28,34,41,8,2,0,11,51,24,16,9,14,43,59,124,124,23,15,11,124,124,54,29,45,23,4,27,26,6,0,0,85,88,40,80,0,1,7,10,32,61,45,18,10,24,27,12,5,6,28,60,13,37,16,3,60,23,8,17,1,0,0,0,124,70,23,29
0,0,0,0,61,64,18,4,44,5,1,3,16,33,72,85,18,27,26,24,13,6,25,26,4,111,48,10,9,3,1,0,6,3,9,74,126,24,1,2,126,78,15,26,69,20,5,27,65,86,69,17,0,0,0,11,26,60,12,4,1,1,6,31,7,3,5,116,110,0,0,1,126,23,6,111,62,1,5,110,49,7,14,32,1,0,13,126,3,1,19,27,2,5,11,36,5,1,1,59,12,1,14,11,3,1,8,126,47,4,18,37,51,29,29,44,9,2,20,126,17,9,8,4,2,23,22,46
12,4,0,1,30,4,2,12,8,6,1,2,133,56,0,0,90,133,18,3,34,15,0,2,12,54,38,35,11,0,0,0,35,0,0,0,42,6,22,133,31,4,2,15,133,48,6,16,133,24,2,4,20,10,4,34,46,5,1,13,35,0,0,3,133,58,4,2,11,2,8,133,26,30,60,90,89,6,2,16,133,80,42,19,6,0,3,17,34,1,0,12,15,3,16,15,45,133,37,1,0,0,0,2,5,36,99,72,0,0,0,0,8,11,53,64,0,0,7,9,2,0,22,12,0,3,39,11
17,8,0,0,0,3,127,84,29,4,0,0,0,0,127,127,25,2,0,0,0,0,25,113,11,0,0,0,0,0,2,13,17,109,40,0,0,6,52,33,127,127,13,0,0,0,14,97,127,58,0,0,0,0,1,53,42,7,0,0,0,0,0,5,42,37,11,16,22,9,16,44,127,38,1,0,0,0,1,106,127,21,0,0,0,0,0,37,44,5,0,0,0,0,0,2,32,32,43,31,16,0,0,5,127,98,14,1,0,0,0,7,127,19,0,0,0,0,0,20,34,1,0,0,0,0,1,6
64,11,1,0,0,7,55,93,9,0,0,0,0,0,67,124,0,0,0,0,0,1,86,23,0,0,0,0,0,0,21,35,52,45,25,18,20,85,124,113,124,42,2,0,0,1,64,124,20,0,0,0,9,31,75,30,1,0,0,0,2,15,59,124,30,124,124,64,16,12,11,21,98,124,75,5,3,2,2,10,15,3,4,8,39,60,7,4,5,0,4,25,20,28,23,79,15,11,31,2,0,0,11,124,2,5,28,8,16,20,10,35,12,8,6,10,37,29,1,1,7,6,10,54,16,6,0,4
11,20,7,0,1,10,78,49,130,47,1,0,0,0,41,130,130,2,0,0,0,0,3,118,18,0,0,0,0,0,0,10,4,130,130,2,0,1,0,0,123,130,107,27,0,0,0,11,130,12,5,3,0,0,0,36,45,3,0,0,0,1,0,3,3,130,110,5,1,1,9,7,17,35,91,104,8,1,8,6,130,43,20,27,1,0,0,7,44,4,1,0,0,1,0,2,2,10,18,9,6,9,12,8,10,30,15,7,2,1,11,19,41,77,15,5,0,0,0,1,13,11,0,0,0,0,0,0
0,3,16,25,13,6,1,0,4,4,10,10,21,27,21,8,127,13,1,0,3,10,17,70,60,18,3,0,0,0,3,16,0,0,16,29,29,38,4,0,27,1,2,10,90,111,3,5,132,34,0,0,8,19,13,26,68,14,0,0,0,14,73,17,0,0,0,0,22,129,31,0,28,4,0,0,55,126,31,8,129,7,0,0,1,52,132,72,11,2,0,0,0,89,132,29,0,0,0,0,1,118,70,0,0,0,0,0,3,93,81,1,3,7,0,0,4,103,101,3,19,73,1,0,1,32,74,11
0,3,13,19,42,31,0,0,38,69,65,43,16,1,3,5,142,78,5,0,0,0,1,27,31,5,0,0,0,2,16,14,0,5,20,27,10,9,5,0,27,10,15,7,21,43,43,35,142,24,0,0,0,4,14,107,47,25,9,0,0,0,8,15,0,0,17,35,50,57,1,0,93,7,0,6,80,111,7,12,142,60,0,0,1,7,15,25,44,14,1,0,0,7,68,19,0,0,0,0,38,136,14,0,78,9,0,0,34,76,32,22,133,8,0,0,0,49,142,70,4,0,0,0,0,57,142,34
0,0,0,0,1,18,113,5,1,0,0,0,2,15,83,26,0,0,0,0,0,42,87,8,0,0,0,0,0,52,105,0,85,0,0,0,0,53,144,123,130,9,0,0,10,9,92,91,12,1,0,0,77,65,54,8,0,1,0,1,17,38,53,0,144,6,0,0,7,22,16,55,144,19,0,0,13,5,0,18,12,2,0,2,112,15,0,1,0,5,2,4,32,3,0,0,144,97,5,2,5,0,0,2,144,38,0,0,6,8,3,7,1,1,1,3,50,15,1,0,1,2,2,4,34,11,0,0
15,27,28,44,44,15,16,4,20,20,6,0,1,10,31,24,121,39,1,0,0,1,8,39,30,14,14,0,0,0,6,20,16,2,4,29,125,92,47,32,125,31,1,1,1,9,35,58,125,51,0,0,0,0,0,17,56,11,13,3,0,0,0,20,20,17,78,125,112,10,2,6,125,61,79,38,1,0,0,23,76,6,8,0,0,0,8,79,23,0,1,0,0,1,24,105,0,1,55,125,1,0,0,0,5,14,125,99,2,0,0,1,4,10,125,14,0,0,4,14,4,7,97,12,0,0,12,35
1,0,1,0,0,7,106,146,21,3,4,2,2,1,31,126,8,2,5,45,39,4,2,6,3,8,1,17,40,10,26,4,51,1,0,0,0,4,32,115,146,11,0,0,0,0,13,146,73,5,3,26,72,1,0,10,4,42,25,30,54,0,0,0,111,22,0,14,6,0,0,17,146,73,0,0,0,0,0,6,76,30,40,12,19,2,0,4,0,54,74,10,7,0,0,0,41,143,49,55,8,0,0,0,125,146,5,0,0,0,0,0,19,49,24,0,0,0,0,0,0,12,16,0,0,0,0,0
11,92,125,19,7,20,4,0,73,69,24,2,2,8,8,26,35,12,5,0,0,2,5,17,53,29,3,0,0,0,1,18,5,2,33,31,23,125,43,3,125,19,4,7,5,32,22,43,66,45,15,13,1,2,4,10,101,108,3,0,0,0,0,3,8,2,26,45,46,125,25,11,125,10,1,7,8,25,15,80,125,40,5,2,0,0,0,19,115,55,0,0,0,0,0,0,16,2,12,38,30,125,25,14,125,5,4,6,2,14,9,109,125,42,0,0,0,0,0,33,66,32,0,0,0,0,0,0
0,0,0,0,16,78,118,9,24,0,0,0,0,14,122,122,27,4,5,5,3,16,16,58,11,4,1,8,13,12,5,6,6,0,0,0,89,103,25,6,94,8,0,0,0,8,22,122,122,17,3,2,0,0,0,122,10,4,2,9,28,15,3,5,16,14,1,13,122,10,0,2,108,122,0,0,0,0,0,8,122,122,0,0,4,4,0,15,9,9,2,6,60,30,0,0,2,58,98,46,54,0,0,0,33,122,62,0,0,0,0,0,32,90,22,11,5,5,0,0,0,2,38,21,24,13,0,0
126,126,16,2,1,0,0,0,34,47,20,14,10,8,11,5,18,26,9,2,32,55,46,12,18,40,7,0,1,13,65,11,22,126,79,7,17,38,9,0,11,7,3,3,28,104,59,11,55,71,12,3,23,39,42,13,25,97,11,0,3,27,13,2,0,1,5,5,13,126,97,0,54,1,0,2,9,126,84,43,126,36,0,0,7,22,11,52,35,29,0,0,21,70,11,4,0,0,54,112,20,37,14,0,42,13,110,55,4,17,17,27,111,13,22,6,3,19,26,81,77,12,0,0,7,31,20,23
0,0,5,9,17,125,10,0,104,19,7,3,2,86,33,17,125,31,0,0,9,7,4,21,14,4,0,32,125,94,1,3,16,21,120,77,17,36,3,2,79,41,125,100,2,6,1,7,125,26,8,5,5,3,5,71,6,3,1,125,120,12,7,13,52,15,36,57,2,0,0,46,19,9,43,125,36,1,0,17,69,54,15,28,22,3,3,45,11,11,6,35,44,14,14,14,31,4,3,49,34,1,0,13,41,5,2,44,64,2,0,9,42,38,8,39,47,4,3,35,24,41,47,26,16,2,1,10
2,33,29,5,14,71,35,1,25,19,4,1,10,55,66,20,20,103,29,3,11,27,19,6,6,44,25,0,0,12,24,5,11,0,6,19,8,108,118,13,118,48,2,1,0,29,39,48,63,65,6,0,10,85,17,7,12,60,18,0,1,30,30,4,11,6,118,118,6,8,8,5,118,28,59,43,1,10,26,54,117,35,0,1,6,58,43,33,53,56,8,0,10,118,15,4,0,0,52,91,5,0,0,0,4,5,51,118,5,3,6,3,88,19,22,36,9,18,13,19,19,1,0,10,94,118,12,7
6,0,0,0,0,18,142,73,90,0,0,0,0,0,24,142,29,0,0,0,0,0,0,25,0,0,0,0,0,0,0,0,56,37,3,0,0,2,89,140,142,51,0,0,0,0,6,142,106,2,0,0,0,0,0,28,1,0,0,0,0,0,0,1,29,142,54,5,0,0,0,5,142,142,6,1,5,3,9,36,62,6,0,0,0,0,10,101,6,0,0,0,0,0,1,19,2,126,94,12,2,5,4,0,7,46,22,6,9,10,10,9,39,13,6,0,0,6,23,49,4,0,0,0,0,0,22,49
0,0,0,0,91,31,1,0,114,19,0,0,92,37,18,31,77,11,0,5,15,23,6,15,0,0,18,19,11,39,41,1,3,0,0,2,112,74,16,0,114,40,0,1,90,47,1,14,78,16,0,5,17,102,30,12,46,16,25,17,5,15,18,14,4,4,7,36,90,33,9,3,114,67,22,32,65,28,1,22,96,9,1,19,99,114,19,46,114,17,0,0,0,6,12,54,4,26,30,32,25,15,2,2,11,103,25,31,22,3,0,0,25,6,11,114,91,5,0,30,37,1,7,28,13,76,70,100
29,14,72,72,7,4,39,36,98,27,37,35,5,4,59,96,124,114,18,2,0,0,0,42,59,26,0,0,0,0,0,4,13,4,66,104,4,0,13,76,93,19,71,124,21,0,1,45,124,17,2,6,1,0,0,97,92,3,0,0,0,0,0,18,31,7,27,69,4,0,2,67,48,42,21,64,25,0,0,29,124,124,12,11,1,0,0,5,64,33,0,0,0,0,0,2,22,4,18,32,1,0,3,57,66,81,12,10,0,0,0,4,82,124,1,0,0,0,0,0,7,20,0,0,0,0,0,0
8,0,1,0,2,49,10,33,5,0,0,0,2,77,89,39,3,0,0,0,0,3,67,71,3,0,0,0,0,0,16,32,64,5,0,0,30,132,36,72,85,52,3,2,24,119,53,63,48,42,27,25,11,15,56,58,65,41,9,1,0,1,17,52,56,52,2,46,132,62,17,21,132,66,6,8,49,24,20,92,66,54,43,9,0,0,7,41,53,45,8,0,0,0,0,6,36,31,1,15,132,46,0,0,132,131,8,3,45,5,0,0,30,68,51,0,0,0,0,1,10,21,7,0,0,0,0,0
1,17,21,18,5,51,86,11,18,36,32,6,0,4,48,80,20,49,14,2,1,3,2,8,1,13,3,15,35,9,0,0,20,18,6,5,39,136,136,43,136,41,1,0,0,4,94,136,104,11,0,0,2,12,6,24,0,1,2,4,28,20,0,0,17,136,136,59,57,20,9,5,136,136,61,5,0,0,3,29,65,7,0,0,0,3,23,59,2,3,1,0,14,38,17,8,13,96,105,27,5,0,0,0,14,34,53,72,4,0,0,6,25,29,8,11,8,3,5,15,15,8,1,7,9,12,8,3
0,5,19,4,12,35,70,16,48,6,17,3,0,0,50,141,99,0,0,0,0,0,0,141,7,0,0,44,17,0,0,5,4,50,105,29,18,3,0,0,72,15,42,41,83,8,2,48,141,8,0,1,4,2,1,124,38,0,0,5,4,0,0,10,3,24,52,41,36,4,0,0,62,41,8,65,141,7,0,2,141,117,1,5,6,0,0,7,39,10,0,0,0,0,0,1,0,6,15,9,53,41,2,0,63,59,5,18,89,21,2,7,141,112,1,0,0,0,0,8,8,9,0,0,0,0,0,0
12,21,39,11,4,1,8,57,3,10,34,122,82,3,6,13,122,122,49,77,21,0,0,11,26,29,57,35,1,0,0,6,7,0,0,1,3,8,50,112,86,21,37,57,20,4,17,60,73,49,122,84,5,0,0,15,23,60,54,2,0,0,0,11,111,15,6,11,6,3,32,122,122,16,8,2,0,0,3,45,58,20,79,11,0,0,0,14,0,22,46,0,0,0,0,0,56,59,60,12,2,1,23,25,122,8,3,0,0,0,8,119,38,0,0,0,0,0,3,122,3,0,1,0,0,0,0,9
51,11,8,5,1,0,3,28,46,18,5,0,0,0,8,34,32,8,19,17,1,0,0,22,1,2,17,31,4,0,0,1,21,6,5,19,30,11,18,25,122,18,1,1,1,4,19,61,34,9,1,2,2,14,32,48,1,0,0,10,9,5,23,28,32,26,21,25,21,1,9,93,75,60,24,8,32,39,12,10,7,0,0,0,50,127,127,51,15,0,0,0,1,19,127,127,127,31,2,0,0,0,2,127,52,17,6,19,127,28,0,8,10,5,10,61,127,127,29,20,127,37,9,7,7,13,30,116
2,0,31,65,10,3,55,51,0,16,127,74,39,10,10,8,4,35,52,17,21,15,48,15,8,8,10,5,3,15,25,12,39,4,2,3,2,19,127,127,86,9,19,41,32,7,23,124,8,31,87,105,19,5,7,5,4,39,63,38,4,3,2,4,92,127,127,35,2,4,9,82,127,127,24,3,0,0,0,42,10,17,67,42,6,1,0,1,0,11,42,34,17,4,0,0,25,121,82,11,0,0,0,2,13,83,17,0,0,0,8,6,0,5,24,3,2,13,25,1,0,0,9,10,27,54,6,0
0,0,0,0,7,121,56,0,4,5,0,0,3,77,60,13,5,23,13,9,14,4,15,12,0,13,47,39,67,3,0,0,17,2,0,16,80,121,47,6,121,114,9,0,1,13,47,30,20,116,55,15,24,11,3,5,21,29,58,31,13,14,3,4,27,2,1,121,121,6,0,4,121,27,2,8,9,1,0,103,57,12,11,18,31,15,2,46,16,20,19,11,13,19,19,23,2,1,27,121,121,0,0,1,88,35,103,37,10,0,0,56,89,17,15,16,40,12,1,49,16,13,22,37,50,30,28,49
2,0,6,34,96,15,0,0,61,14,13,12,5,1,2,30,53,22,10,0,0,0,6,35,27,10,20,13,0,0,0,15,8,0,3,22,32,67,30,17,23,8,9,29,40,13,19,28,119,19,2,2,3,4,23,71,37,9,1,2,1,9,20,37,15,0,0,0,1,54,124,124,44,24,22,31,29,2,17,124,83,69,31,11,28,30,10,12,10,1,0,0,40,124,124,39,42,22,1,0,3,20,38,88,124,51,2,0,0,0,4,124,73,23,8,18,123,26,0,12,8,4,8,51,124,115,23,15
5,18,12,2,1,17,67,6,10,3,0,0,1,10,99,32,2,0,0,1,9,40,65,16,25,11,0,2,35,85,22,5,9,4,2,6,22,119,112,34,119,20,3,7,5,40,91,119,31,7,13,56,53,31,13,8,31,79,27,12,12,35,8,1,13,46,115,107,55,72,41,11,119,119,74,14,5,14,23,55,47,24,23,42,16,1,0,6,2,63,65,9,1,0,0,0,46,15,25,10,0,34,119,40,106,69,14,0,0,0,29,58,44,57,5,0,0,0,0,5,9,72,31,0,0,0,0,0
6,0,0,0,0,2,70,126,45,0,0,0,0,1,15,107,11,2,2,1,1,21,12,10,0,0,1,1,5,57,21,0,23,18,33,4,0,0,68,126,126,34,3,0,0,5,18,126,43,4,0,0,5,126,10,15,2,25,36,4,5,115,24,0,11,68,126,11,0,0,0,3,97,126,113,25,13,11,1,7,27,55,21,28,41,87,6,4,27,126,30,3,3,12,1,1,0,31,126,4,0,0,0,0,0,9,68,92,27,0,0,0,9,42,29,57,20,0,0,4,13,41,3,0,5,3,2,5
1,0,0,0,0,115,139,38,12,3,0,0,0,1,139,132,13,8,0,0,0,0,82,115,11,0,0,0,0,0,12,60,57,1,0,0,14,100,66,65,139,60,1,0,0,0,24,100,58,88,17,0,0,1,11,38,36,7,1,0,0,3,19,56,89,14,8,39,14,6,0,5,139,34,0,0,0,0,0,44,75,23,4,1,1,4,9,22,5,5,6,12,14,35,34,13,25,43,38,84,1,0,0,0,139,115,9,1,0,0,1,18,43,24,2,2,0,0,8,26,2,10,24,23,7,2,11,10
0,0,0,6,126,67,2,3,62,2,0,1,22,10,4,83,54,34,42,0,0,0,22,80,7,19,54,2,1,4,23,28,2,3,8,29,54,65,7,1,95,15,38,61,11,4,1,50,126,65,61,4,0,0,0,58,27,34,126,11,0,0,0,2,4,58,74,29,14,14,2,0,26,125,126,42,0,0,0,1,126,126,57,5,0,0,0,11,54,16,7,9,5,0,0,1,0,64,126,13,1,0,0,0,0,104,125,0,0,0,0,0,22,79,60,0,0,0,0,0,13,11,1,3,1,0,0,0
44,0,0,0,15,9,3,59,53,7,4,0,0,0,14,131,3,4,8,0,0,8,54,93,5,2,0,1,7,14,17,15,61,0,5,17,14,9,3,58,136,72,47,0,0,0,1,51,24,49,136,16,0,0,8,24,10,49,113,13,3,0,3,10,39,23,52,78,1,0,0,10,136,68,21,8,0,0,0,43,136,42,91,14,0,0,0,8,2,22,96,16,1,0,0,0,3,68,125,25,0,0,0,0,122,136,70,6,0,0,0,0,103,46,1,2,1,0,0,0,3,1,2,10,11,0,0,1
32,44,0,0,0,48,51,5,121,123,0,0,0,4,2,1,123,69,0,0,0,0,0,20,46,0,0,0,0,0,0,38,49,123,38,14,1,0,1,1,123,103,5,7,0,0,1,8,118,38,0,0,0,0,18,49,28,0,0,0,0,0,24,69,6,123,94,123,31,0,0,0,123,15,15,83,20,0,5,33,37,2,0,0,0,3,59,62,65,2,0,0,0,0,17,84,0,24,21,98,43,1,0,0,10,11,34,123,48,8,2,2,25,4,3,6,20,26,35,33,74,0,0,0,0,0,3,61
4,132,98,10,8,0,0,0,2,132,132,0,0,0,0,0,44,132,65,0,0,0,0,0,19,121,22,2,0,0,0,0,57,132,10,2,6,0,0,25,71,132,36,0,0,0,0,28,83,132,5,0,0,0,0,3,48,24,0,0,0,0,0,0,39,29,4,0,0,0,9,52,132,45,0,0,0,0,1,68,95,16,0,0,0,0,0,59,48,1,0,0,0,0,0,17,79,84,0,0,0,0,5,15,90,116,5,0,0,0,0,1,46,27,15,1,0,0,0,14,44,1,0,0,0,0,3,19
47,1,0,6,15,17,10,83,143,4,0,0,0,0,0,62,53,0,0,0,0,0,0,8,0,0,0,0,0,0,0,0,48,9,48,25,35,41,12,93,151,13,7,0,0,0,0,117,94,0,0,0,0,0,0,5,2,0,0,0,1,0,0,0,14,24,144,41,2,5,58,42,151,85,47,9,0,0,7,24,86,9,0,0,0,0,0,1,2,0,0,0,5,0,0,0,1,1,4,1,0,42,151,151,104,15,4,1,0,0,70,151,57,4,0,0,0,0,0,41,1,0,0,0,2,0,0,0
0,0,0,32,48,5,28,28,5,0,0,1,9,13,79,132,40,9,2,0,0,1,10,121,3,3,6,1,2,7,1,5,0,0,0,8,98,91,1,0,27,7,1,6,86,126,57,102,132,23,1,0,1,7,25,132,19,8,5,0,0,19,18,25,0,0,2,18,56,108,3,0,43,80,50,59,62,41,6,11,132,132,17,3,2,1,2,30,25,32,19,0,0,5,7,6,0,0,0,35,47,51,6,0,105,46,9,6,11,39,21,27,132,78,4,0,0,0,2,16,7,7,12,0,0,5,13,6
10,0,0,10,72,65,29,7,99,0,1,11,40,31,19,47,150,0,0,0,2,0,1,94,14,0,0,0,0,0,0,2,38,0,3,20,97,6,1,9,86,13,18,29,96,6,0,23,150,33,6,1,8,1,0,87,37,0,0,0,0,0,0,7,30,70,113,11,22,5,1,5,17,125,150,32,21,0,0,0,145,150,100,2,1,0,0,5,24,11,0,0,0,0,0,0,2,88,94,0,0,0,0,0,0,45,84,0,0,0,0,0,0,20,25,0,0,0,0,0,0,2,0,0,0,0,0,0
0,0,0,1,13,24,74,19,3,0,1,4,3,26,64,28,0,2,7,12,6,48,88,5,4,4,7,20,9,80,82,2,20,2,1,8,94,121,113,59,121,14,12,22,4,7,50,121,29,26,51,85,15,8,8,1,11,24,44,121,16,8,3,0,29,48,99,121,111,20,7,12,121,121,45,8,5,2,2,27,58,23,6,32,47,6,0,2,15,17,6,31,57,4,0,0,0,22,76,117,15,0,0,0,21,100,50,6,3,0,0,0,6,16,21,12,16,3,0,0,2,29,19,10,32,6,0,0
2,0,0,0,4,60,87,47,70,0,0,0,0,0,25,140,29,0,0,0,0,0,0,27,0,0,0,0,0,0,0,0,30,11,7,20,99,108,105,71,140,24,2,0,0,1,32,140,127,1,0,0,0,0,0,24,1,0,0,0,0,0,0,0,23,66,117,110,72,6,1,4,140,140,36,1,0,0,0,12,131,11,0,0,0,0,0,9,2,0,0,0,1,1,0,2,1,16,78,32,0,0,0,0,94,40,26,4,0,0,1,34,54,1,0,0,0,0,1,73,4,0,0,0,1,0,0,7
0,0,0,0,7,127,65,1,4,1,0,0,0,48,127,33,5,1,0,0,0,0,99,127,8,0,0,0,0,0,5,72,26,0,0,1,105,127,45,12,127,42,4,0,0,20,63,39,40,28,19,11,1,1,15,86,44,0,0,1,0,0,6,127,46,6,3,41,127,30,3,19,127,26,4,1,1,0,8,75,21,6,4,8,4,28,55,33,9,3,0,1,1,23,40,115,12,67,37,22,87,47,6,4,32,107,73,5,1,0,2,17,3,11,32,42,13,13,23,7,17,21,5,5,3,10,17,19
3,1,0,0,35,43,70,48,73,0,0,0,0,3,44,151,62,0,0,0,0,0,0,36,1,0,0,0,0,0,0,0,22,0,0,0,151,68,14,14,151,11,0,0,9,9,12,81,151,5,0,0,0,0,0,15,2,0,0,0,0,0,0,1,31,22,21,11,73,91,3,0,151,75,6,0,3,4,0,7,151,12,0,0,0,0,0,11,4,1,0,0,0,0,0,0,2,68,148,15,5,3,0,0,87,151,57,0,0,0,0,0,66,43,0,0,0,0,0,0,2,1,0,0,0,1,0,0
1,0,0,0,8,93,83,43,50,12,2,3,2,0,33,122,27,10,3,32,111,42,12,12,46,14,13,26,50,37,53,54,35,3,0,0,15,71,40,38,123,50,0,0,0,0,8,90,74,18,12,79,62,11,4,12,24,45,123,74,22,1,0,2,59,4,14,62,13,10,19,37,123,19,1,1,0,0,7,123,59,12,1,2,3,14,22,79,21,25,30,5,1,5,11,7,8,3,77,111,7,0,0,4,42,9,49,40,0,0,3,123,97,14,6,0,0,1,5,123,22,0,0,0,0,24,24,13
1,0,0,1,13,19,116,79,16,2,0,0,0,4,41,135,9,5,0,0,5,20,7,17,22,5,0,0,0,1,0,2,12,10,6,15,125,58,33,33,135,50,5,4,9,9,27,135,80,27,3,0,0,6,6,25,16,5,0,0,0,2,2,10,13,13,11,38,75,23,3,7,135,55,8,4,4,4,3,50,100,17,4,0,0,4,9,23,12,17,2,0,0,2,3,4,12,0,0,12,52,111,20,16,135,1,0,0,4,19,118,119,44,5,1,0,0,0,135,124,12,3,0,0,0,0,31,69
0,0,0,22,41,8,37,28,3,0,0,0,6,11,98,131,32,8,2,0,0,1,13,117,4,5,4,1,3,7,2,6,0,0,0,9,114,86,2,0,23,5,1,4,71,108,70,103,131,18,0,0,0,4,24,131,25,9,2,0,0,13,12,29,0,0,0,11,100,100,0,0,48,69,30,35,65,41,4,10,131,131,8,1,1,1,1,26,40,31,6,0,0,3,4,6,0,0,0,15,74,65,9,0,118,30,3,4,15,36,13,21,131,69,1,0,0,0,1,13,15,11,7,0,0,2,5,6
0,0,12,35,19,14,5,0,5,17,78,48,22,28,4,2,76,37,11,2,3,6,2,12,55,46,4,0,0,0,0,0,0,0,0,13,27,25,31,0,10,1,3,16,38,109,22,12,135,22,1,2,4,17,9,48,95,51,0,0,0,0,0,1,0,0,2,20,33,49,101,12,9,11,54,80,15,19,50,63,135,125,37,19,1,2,1,13,71,45,0,0,0,0,0,0,0,0,0,12,46,135,135,52,84,5,8,4,0,4,118,135,134,73,9,2,0,0,0,78,15,19,0,0,0,0,0,0
24,56,28,8,20,95,17,3,57,88,15,1,0,1,11,35,124,14,3,0,0,0,0,45,20,0,0,0,0,0,0,3,11,22,77,38,14,11,20,5,49,21,7,7,10,4,28,47,124,14,1,0,0,0,11,55,16,1,1,0,0,0,39,15,56,5,1,6,23,62,124,124,97,91,3,1,6,7,27,45,105,121,15,0,0,0,5,19,3,9,50,9,0,0,24,8,124,97,103,66,44,25,42,84,124,90,8,0,0,0,1,59,91,55,2,0,0,0,0,3,3,3,11,3,0,0,0,0
4,3,2,4,30,43,31,24,20,5,1,0,0,3,36,103,47,0,0,0,0,0,7,88,13,0,0,0,0,0,0,6,9,8,12,11,38,32,19,17,26,8,6,2,56,96,67,83,139,8,0,0,1,10,32,139,48,1,0,0,0,0,0,9,17,5,7,6,12,53,47,44,79,46,23,11,73,139,22,10,139,116,2,0,2,7,4,23,50,9,0,0,0,0,0,1,2,15,139,22,4,8,3,1,19,111,139,20,8,10,1,0,104,139,32,0,0,0,0,0,13,8,0,0,0,1,0,0
0,0,0,9,32,58,3,0,0,1,13,15,23,39,56,16,1,2,16,16,40,18,42,19,0,0,1,86,119,12,2,1,0,0,0,5,54,75,9,0,8,4,4,25,119,119,85,33,119,21,5,7,23,31,85,119,17,1,2,27,119,98,0,6,2,4,10,20,23,32,7,0,8,26,119,119,86,25,2,4,104,117,98,40,36,14,2,17,12,5,19,100,119,31,0,1,8,5,5,9,5,7,6,9,5,5,39,25,3,2,13,23,0,6,30,40,60,11,5,1,11,8,13,29,30,6,0,2
39,7,1,2,3,2,3,36,27,9,11,3,0,7,42,37,1,1,13,16,9,9,45,12,8,4,2,2,6,3,7,13,70,10,0,2,12,6,27,95,27,7,2,20,97,117,116,42,102,21,2,4,8,25,119,119,38,53,2,0,0,1,5,13,119,36,0,7,12,1,7,72,37,26,76,119,114,18,5,10,119,109,108,30,8,4,4,28,83,51,2,0,0,0,0,16,119,11,2,2,0,0,2,119,54,16,30,12,3,2,8,49,12,26,63,8,0,8,21,11,35,39,4,0,0,0,8,32
9,114,114,1,1,2,0,2,50,114,114,1,0,7,8,6,23,71,30,2,0,2,10,11,5,44,26,22,3,0,0,1,20,108,64,8,13,15,3,2,6,26,50,18,63,114,88,16,114,39,12,3,3,27,84,114,45,14,4,7,23,5,1,17,14,17,16,32,42,4,0,17,4,42,114,114,114,34,7,3,114,114,114,15,3,5,7,25,40,9,2,1,6,9,12,16,42,30,15,13,6,0,0,15,0,41,83,32,7,0,0,0,1,21,74,36,0,0,0,0,5,12,26,16,0,0,1,0
2,0,0,0,1,6,36,53,2,0,0,0,0,12,68,51,1,0,0,0,27,79,26,27,1,0,0,11,59,71,12,2,14,8,5,10,45,85,118,49,118,19,1,0,1,9,89,89,24,4,0,19,68,35,9,13,20,19,1,27,69,29,7,4,16,57,118,72,51,26,26,13,102,100,45,3,3,11,29,31,12,1,0,9,27,66,88,13,26,13,1,23,41,21,44,21,0,5,18,4,13,78,108,14,0,7,8,1,3,58,118,41,15,8,0,0,1,118,118,12,118,57,1,0,0,22,55,44
1,0,0,6,68,55,17,3,39,6,1,3,7,4,6,31,34,7,5,1,0,6,31,35,0,0,8,12,4,5,32,12,11,0,0,0,3,118,118,61,105,15,0,1,12,6,27,113,26,8,2,16,88,96,85,32,63,15,2,3,5,17,86,102,105,14,0,7,12,58,38,41,118,67,0,7,14,1,3,50,26,22,63,114,99,14,4,7,104,77,71,22,5,3,2,16,90,10,20,69,14,1,1,24,118,11,2,2,0,0,2,118,44,14,28,10,2,2,8,28,8,18,42,8,0,3,13,8
36,3,0,8,10,6,9,23,3,1,0,54,40,19,12,1,45,17,1,17,9,3,4,38,17,28,4,1,0,0,5,18,17,17,3,2,11,65,40,11,12,0,0,3,13,137,99,22,137,48,2,3,3,18,48,67,37,94,22,0,0,0,0,3,0,1,0,0,6,137,137,1,94,32,0,0,5,137,70,17,137,51,0,0,0,6,7,36,73,11,1,0,0,0,2,38,3,32,29,48,15,37,41,1,98,137,36,3,0,10,15,4,137,42,2,0,0,0,3,54,24,0,0,0,0,0,10,86
44,63,38,57,56,2,0,8,120,103,3,0,0,0,0,32,105,25,0,0,0,0,0,32,6,1,3,0,0,4,6,6,75,21,14,40,120,31,6,18,120,55,1,0,0,0,1,30,86,12,0,0,0,8,29,47,3,0,0,0,0,63,81,12,26,32,120,120,31,1,0,0,111,48,106,15,0,0,3,39,18,3,12,10,8,52,55,32,1,0,0,0,5,107,76,6,2,8,51,41,6,3,0,0,3,10,120,41,0,0,0,1,0,1,30,119,90,27,6,1,24,8,9,43,65,59,53,41
1,0,0,0,0,12,90,26,0,0,0,0,0,19,128,47,15,0,0,0,0,2,49,120,7,0,0,0,0,0,0,14,7,0,0,0,9,20,32,62,11,4,2,9,81,128,96,47,128,18,2,2,5,21,61,128,74,1,0,0,0,0,0,25,11,28,62,7,9,8,18,44,15,41,100,96,85,33,9,8,128,128,46,15,5,3,3,28,90,11,0,0,1,2,0,9,0,9,128,42,0,0,0,0,1,8,114,50,3,0,0,0,55,28,29,14,11,3,5,53,23,0,0,0,1,2,9,88
3,0,1,7,37,31,23,13,9,0,0,1,6,15,89,111,39,0,0,0,0,1,21,130,5,0,0,0,2,0,0,5,0,0,1,5,38,62,73,15,40,9,6,6,96,88,54,57,130,22,2,0,9,11,18,130,37,0,0,0,2,1,0,10,25,74,84,8,3,31,71,36,22,130,130,13,33,31,11,8,130,130,58,1,3,1,0,7,29,12,0,0,1,0,0,1,1,65,130,9,0,0,0,0,0,95,127,0,0,0,0,0,1,53,29,0,0,0,0,0,0,3,1,0,0,0,0,0
11,7,43,120,62,0,6,20,119,120,92,52,5,0,0,3,120,116,0,0,0,0,0,13,12,5,0,0,8,19,0,1,30,56,53,76,6,0,1,12,68,41,35,58,9,0,0,38,120,19,0,0,1,2,0,92,17,0,0,0,39,88,1,8,1,17,27,28,24,26,20,1,26,84,34,38,42,9,0,3,120,120,5,1,16,21,0,8,11,2,0,0,84,120,0,1,33,59,14,0,5,14,18,4,6,118,79,2,4,2,0,0,4,58,13,0,56,62,0,0,0,0,0,0,64,64,0,0
0,0,5,40,4,3,64,17,0,4,117,123,10,0,27,8,5,123,123,30,1,0,6,7,8,72,6,0,0,0,0,0,71,8,0,0,1,22,123,123,20,1,5,2,0,13,123,77,71,8,7,0,0,0,48,97,16,2,0,0,0,0,0,7,123,123,65,12,4,7,11,31,63,43,32,17,10,16,25,18,123,75,2,0,0,0,5,21,22,6,0,0,0,0,0,0,1,48,123,14,0,0,0,0,8,48,123,27,0,0,0,0,39,85,21,0,0,0,0,0,4,3,0,0,0,0,0,0
0,0,0,0,2,37,130,34,35,0,0,0,0,10,83,130,21,0,0,0,0,0,0,30,0,0,0,0,0,0,0,0,9,13,24,27,62,94,54,32,130,74,20,12,15,25,40,130,130,5,0,0,0,5,2,31,0,0,0,0,0,8,12,6,3,24,130,61,11,2,1,2,130,101,76,23,8,3,7,52,70,5,0,0,2,9,23,121,1,3,0,0,3,14,12,12,0,0,45,47,40,29,0,0,2,1,12,17,55,128,30,31,64,1,0,0,3,31,59,130,42,10,1,0,0,1,4,35
108,125,56,16,7,11,13,25,46,68,69,41,13,12,1,6,125,120,10,19,7,0,0,12,17,13,12,106,54,0,0,0,28,92,75,54,8,8,0,2,72,23,8,32,44,51,6,29,125,52,3,5,1,2,1,64,33,6,26,40,1,0,0,4,0,2,104,120,3,0,0,0,24,64,118,117,15,1,0,3,125,125,30,4,0,0,0,13,33,9,0,0,0,0,0,1,0,7,49,41,0,0,0,0,0,27,105,32,0,0,0,0,6,60,21,0,0,0,0,0,1,3,0,0,0,0,0,0
40,48,34,0,2,20,114,114,47,31,4,0,0,0,114,114,31,6,5,19,2,1,77,95,23,2,21,72,0,0,0,19,21,114,114,9,19,16,7,13,93,114,32,2,3,7,14,48,80,32,34,9,10,2,5,44,79,4,12,7,0,0,1,76,12,31,75,78,52,15,5,5,114,78,75,22,10,8,7,32,33,11,19,22,30,6,4,22,68,17,10,7,2,0,2,93,22,28,88,26,0,0,0,0,2,19,113,42,0,0,0,0,1,24,96,11,0,0,0,0,21,54,42,4,0,0,0,0
0,0,17,40,69,81,25,1,71,7,23,29,10,15,41,123,130,0,0,0,0,0,1,130,14,0,0,0,0,0,0,9,0,0,49,86,39,4,0,0,41,8,19,99,111,23,12,52,130,31,5,5,3,3,6,130,62,2,0,0,0,0,0,12,0,5,67,77,7,0,0,0,12,46,130,130,42,1,0,2,130,130,78,15,1,0,3,10,40,13,0,0,0,0,1,6,0,7,44,6,0,15,6,0,0,7,70,22,3,38,47,1,5,28,26,0,0,28,60,21,17,1,0,0,0,0,13,45
123,81,12,0,13,6,4,59,10,2,0,0,73,68,39,9,70,0,0,0,4,10,50,74,49,0,0,0,0,0,1,19,25,109,12,7,60,11,0,0,6,5,5,34,123,123,52,22,123,23,5,5,8,21,52,123,109,4,0,0,0,0,0,15,19,19,0,11,76,6,0,0,4,21,50,123,123,20,4,4,123,123,63,28,6,2,4,24,93,22,0,0,0,0,0,5,5,3,0,0,53,16,5,5,6,9,6,15,97,12,2,3,85,31,7,2,1,0,2,16,52,1,0,0,0,0,0,6
0,0,0,0,33,5,0,0,0,0,0,5,94,52,8,1,55,18,3,7,14,19,9,8,60,38,6,4,0,0,0,0,0,0,0,1,78,37,0,0,7,2,4,22,124,124,65,26,124,33,4,4,4,27,56,115,85,28,0,0,7,14,0,3,0,0,0,6,123,19,0,0,11,28,54,117,124,32,5,5,124,124,52,21,4,8,5,26,57,16,0,0,9,85,19,4,0,0,3,35,55,5,0,0,10,24,60,68,46,4,0,0,59,82,25,7,28,18,0,0,4,3,1,20,89,124,61,4
11,4,47,8,0,5,44,67,2,2,39,27,21,91,68,7,70,16,4,3,7,48,37,71,43,8,0,0,0,1,1,21,16,13,24,22,17,33,74,46,23,4,4,76,65,132,132,41,132,50,2,6,4,27,51,108,68,22,0,0,17,21,0,3,1,14,54,59,78,24,3,0,22,47,69,132,75,27,9,8,132,132,42,29,4,5,2,30,50,9,0,0,19,57,3,4,0,2,14,44,77,5,0,0,5,39,71,34,12,4,3,0,76,62,30,11,10,15,1,6,10,1,0,0,14,47,2,3
5,5,31,12,20,132,80,18,132,3,1,1,4,40,43,122,57,2,0,0,16,31,9,14,0,0,0,0,4,16,11,0,21,14,25,111,84,117,71,27,132,66,23,22,8,21,29,131,94,3,0,1,56,55,2,14,0,0,0,0,12,9,0,0,3,31,96,108,64,0,0,0,132,132,79,15,6,10,3,14,44,5,0,0,20,67,5,11,0,0,0,0,0,1,0,0,2,33,36,62,20,0,0,0,11,105,40,20,11,1,0,0,2,4,3,13,16,4,0,0,0,0,0,0,0,0,0,0
0,0,0,0,0,16,22,0,0,0,0,0,19,65,35,2,0,0,0,0,13,36,92,67,3,0,0,0,0,0,14,74,9,6,0,0,3,117,117,22,88,15,3,23,34,42,111,99,28,11,37,114,65,27,42,53,61,11,14,8,0,0,12,117,32,86,38,34,43,117,16,6,117,100,8,7,0,3,9,46,41,8,46,117,7,2,9,31,22,17,24,63,7,3,3,27,5,25,104,92,14,2,0,0,32,20,23,20,23,17,24,32,10,1,0,5,11,21,117,86,31,18,3,11,6,10,43,24
16,6,7,64,79,32,23,3,31,48,48,43,43,26,83,45,89,45,12,0,0,0,20,71,50,8,0,0,0,0,0,33,35,5,4,24,51,114,72,21,84,78,67,23,22,22,35,58,41,114,100,0,0,0,0,4,20,42,18,0,0,0,0,5,8,17,106,114,59,83,65,16,114,114,79,10,0,8,36,84,81,46,19,0,0,0,0,4,0,4,4,0,0,0,0,0,0,8,114,83,1,0,0,0,16,109,114,9,0,0,0,0,7,22,3,0,0,0,0,0,0,0,0,0,0,0,0,0
6,0,0,0,0,27,52,69,7,0,0,0,0,4,53,58,1,0,0,0,0,0,28,32,0,0,0,0,0,0,0,2,24,20,8,10,34,47,70,126,24,10,6,27,36,118,128,115,128,15,1,3,3,15,102,128,21,0,0,0,0,0,0,12,18,105,76,66,37,14,11,12,36,78,70,128,58,45,25,15,128,128,35,22,5,3,5,31,19,5,0,0,0,0,0,1,1,6,25,53,24,15,8,0,33,73,87,26,10,27,20,5,66,89,14,1,0,0,0,1,0,0,0,0,0,0,0,0
0,0,0,0,0,44,37,1,0,0,0,1,1,74,105,14,6,0,0,1,1,15,73,87,1,0,0,0,0,0,0,9,13,10,12,36,103,116,79,15,116,38,26,19,7,59,110,72,52,23,49,34,4,10,26,74,26,11,1,0,0,0,0,19,7,15,69,116,96,15,0,0,76,42,51,45,58,29,66,44,98,44,12,12,4,10,95,86,83,39,0,0,0,0,0,6,0,0,4,35,89,12,0,0,4,35,60,74,102,17,7,3,84,116,31,7,4,3,9,17,35,28,0,0,0,0,1,7
0,0,0,0,41,74,25,0,8,7,14,18,85,114,114,59,66,16,8,1,0,3,65,114,6,0,0,0,0,0,1,30,2,0,0,5,53,112,104,5,51,57,100,47,77,45,32,28,88,76,74,14,37,10,16,89,89,15,0,0,1,1,8,81,9,8,78,114,55,33,21,7,114,69,90,22,12,9,15,36,35,66,46,23,57,10,2,7,57,57,3,1,0,0,0,4,2,5,68,36,0,0,0,0,6,34,114,15,0,0,0,0,1,13,53,4,0,0,0,0,0,2,0,0,0,0,0,0
