8,2,0,0,0,0,0,0,105,32,2,5,2,0,0,1,18,12,3,81,123,0,0,0,0,0,0,116,123,0,0,0,5,1,0,0,0,0,0,0,123,70,6,7,2,0,0,3,25,28,11,123,123,0,0,0,0,0,1,123,114,0,0,0,0,0,0,0,0,0,0,0,123,7,1,2,2,0,0,36,63,4,2,80,123,0,0,13,0,0,0,95,123,1,0,0,0,0,0,0,0,0,0,0,107,0,0,0,0,0,0,33,80,0,0,31,86,0,0,27,0,0,0,89,123,0,0,0
7,5,55,36,2,0,0,2,29,28,32,43,9,0,0,0,74,48,1,0,0,0,0,0,1,0,0,0,0,0,0,0,39,3,6,14,18,0,0,44,122,14,3,35,66,0,0,11,188,53,0,0,1,0,0,29,47,8,1,0,0,0,0,3,56,0,0,2,5,0,1,78,96,27,5,34,30,1,1,22,188,82,2,2,0,0,0,32,96,44,19,0,0,0,0,7,32,0,0,0,0,0,9,110,120,23,0,1,0,0,0,67,188,146,2,0,0,0,0,7,46,85,25,0,0,0,0,0
0,0,18,39,16,6,0,0,0,8,74,47,9,12,3,0,0,6,30,43,52,10,3,2,0,0,0,32,77,83,28,0,0,0,0,26,105,43,0,0,5,1,1,6,43,109,26,12,55,5,5,58,32,12,22,47,3,7,22,136,116,10,1,2,0,0,1,136,136,11,0,0,10,30,26,43,84,41,2,2,68,63,8,4,9,6,3,15,5,110,45,46,42,4,0,2,0,0,3,136,136,0,0,0,0,14,30,103,64,2,0,0,9,90,19,1,1,0,0,0,36,136,23,3,0,0,0,0
2,0,0,0,117,103,1,3,9,0,0,0,10,26,72,70,15,0,0,0,0,4,117,117,4,0,0,0,0,0,98,117,1,0,0,3,117,35,2,2,9,2,3,26,87,34,15,8,117,10,3,4,7,7,14,86,69,1,0,0,0,0,11,105,9,1,1,3,72,71,52,65,9,7,26,83,25,2,42,52,59,47,29,20,3,5,11,10,38,4,0,0,0,15,65,27,9,5,0,1,45,93,98,84,45,12,1,2,0,1,86,117,12,3,2,1,3,34,34,47,0,0,0,0,23,86,49,0
131,8,0,0,0,0,0,8,96,12,4,4,0,0,0,1,7,4,9,46,26,3,0,0,1,29,11,18,9,0,0,0,131,20,0,0,0,0,0,2,126,9,0,0,4,1,0,4,34,19,1,5,58,21,0,1,101,131,3,1,7,3,0,0,131,6,0,0,0,0,0,52,102,3,0,0,3,0,0,34,53,117,6,8,24,3,1,4,131,131,2,1,0,0,0,0,131,30,0,0,0,0,0,17,101,22,1,0,0,0,0,22,114,131,3,0,0,0,0,3,32,131,23,1,0,0,0,0
0,125,132,12,2,15,34,4,39,132,132,1,0,5,3,5,132,132,20,0,0,0,0,8,13,15,14,16,9,0,0,0,10,23,47,21,43,16,12,20,37,22,27,6,0,0,6,37,132,21,2,1,0,0,0,57,46,6,2,8,11,1,0,6,39,30,70,37,21,51,48,44,70,52,32,9,0,3,6,30,132,69,5,1,0,0,3,26,44,12,0,8,36,10,8,15,6,25,132,99,21,5,4,1,12,24,28,47,71,36,28,20,30,5,0,4,3,6,52,132,5,0,0,0,27,23,36,51
5,1,0,0,5,55,64,9,136,6,0,0,2,15,23,89,117,5,0,0,0,1,0,23,0,1,1,0,1,3,4,2,15,18,44,40,6,28,33,3,136,77,8,0,0,4,14,42,110,13,0,0,0,0,57,51,1,0,0,1,2,2,32,18,4,5,46,119,65,28,1,1,65,11,7,7,24,16,95,92,11,0,0,0,2,5,136,128,10,0,0,0,0,0,101,136,3,0,0,5,53,136,15,9,8,0,0,21,39,16,20,14,4,0,0,23,22,5,42,40,58,0,0,0,0,0,8,136
2,0,0,0,15,55,113,77,0,0,8,19,110,97,19,4,28,13,35,14,13,5,6,70,63,44,12,0,0,0,10,58,20,15,2,0,0,22,46,41,83,91,72,12,12,15,21,17,16,97,137,11,2,0,0,5,15,137,137,0,0,0,0,4,24,8,1,0,1,58,20,13,137,49,6,0,0,2,6,67,113,52,58,0,0,0,0,11,2,23,35,1,0,0,1,2,14,79,12,2,1,7,0,0,137,137,2,0,0,0,0,3,95,21,0,0,0,1,0,3,6,1,1,0,0,1,2,3
149,135,0,0,0,0,16,149,149,23,0,0,0,0,2,57,25,3,0,0,0,0,6,30,1,0,0,0,0,0,3,7,140,149,1,0,0,0,0,0,96,84,3,7,6,3,23,31,38,2,0,0,0,0,25,79,8,0,0,0,0,0,16,22,149,149,4,2,2,0,0,18,20,25,7,29,55,3,2,3,110,10,0,2,9,1,1,10,16,2,0,0,0,2,4,4,149,17,0,0,2,1,5,66,16,4,0,1,47,18,12,15,80,20,1,0,8,1,0,2,8,2,5,2,1,2,2,1
3,0,0,0,51,137,93,1,53,12,0,0,5,97,128,31,20,3,0,0,71,52,38,50,39,0,0,0,9,9,77,137,17,7,4,6,137,101,1,0,137,47,1,1,15,5,1,8,19,10,1,6,137,21,1,3,123,13,3,4,28,3,2,52,8,2,8,43,91,14,0,2,96,5,1,5,14,15,4,46,10,5,6,6,93,49,4,10,94,46,14,4,8,0,0,3,1,1,2,46,54,27,7,0,36,28,13,10,17,8,2,10,4,49,59,8,14,13,1,2,27,94,48,0,0,0,0,0
0,0,0,0,13,108,48,0,18,10,1,5,11,52,47,8,18,6,1,15,32,16,5,18,57,19,2,0,0,0,5,80,6,0,0,6,69,44,12,3,96,35,4,15,11,5,4,9,11,9,3,61,83,3,3,6,129,7,0,2,8,2,11,38,17,0,0,50,129,12,4,7,136,5,0,4,16,5,2,26,21,3,2,13,136,22,1,3,136,99,3,1,26,4,2,5,6,3,86,136,46,0,0,0,90,34,56,60,9,0,0,3,20,96,85,34,48,4,0,0,39,136,89,3,5,0,0,0
26,9,0,15,143,12,0,4,155,132,1,2,9,1,0,15,155,90,1,0,0,0,5,27,36,8,2,0,4,38,21,26,34,5,0,7,155,15,0,7,155,45,0,2,11,1,0,41,138,73,0,0,0,0,25,24,21,12,0,0,0,10,51,13,24,18,5,25,126,4,0,0,155,47,3,5,3,0,7,54,61,2,0,0,0,0,106,70,0,0,0,0,0,2,79,18,5,3,1,7,35,3,0,0,47,6,0,1,0,0,0,8,4,0,0,0,0,0,6,8,0,0,0,0,0,0,0,0
0,0,0,0,16,143,88,0,1,0,0,0,11,143,85,6,1,2,0,2,41,72,49,4,24,37,4,8,41,13,1,2,8,0,0,0,4,143,143,14,130,13,1,0,0,48,107,68,32,19,7,22,51,3,5,3,77,35,1,7,36,0,0,0,33,9,6,24,13,19,26,7,143,16,2,3,1,1,4,18,89,28,57,46,16,0,0,1,40,78,68,27,8,0,0,1,30,2,1,4,5,23,38,20,143,14,0,0,0,1,3,15,143,37,25,5,0,0,1,3,7,10,37,26,4,0,1,2
23,21,8,15,7,0,7,22,28,11,17,10,4,0,4,29,12,64,45,1,0,0,0,7,91,42,29,13,0,0,0,17,65,4,5,21,5,0,0,66,40,4,7,59,14,0,0,55,107,31,3,2,1,0,0,55,32,63,25,9,0,0,0,13,104,1,1,1,0,1,5,101,49,33,2,22,30,27,21,29,147,151,10,2,4,1,0,4,16,151,81,0,0,0,0,0,46,52,44,0,0,0,3,28,77,151,45,0,0,6,13,12,91,151,36,0,0,0,0,0,13,151,53,0,0,0,0,0
75,0,0,0,0,0,30,151,33,0,0,3,3,5,40,151,12,0,0,5,8,17,29,24,27,0,0,0,0,0,3,50,151,16,0,0,0,0,6,93,151,6,0,1,0,0,6,92,40,3,1,15,6,6,13,21,25,0,0,1,0,0,7,55,151,76,0,0,0,0,0,1,151,61,0,0,0,0,0,4,56,8,5,27,3,0,0,1,20,1,3,12,1,0,0,16,151,48,0,0,0,0,25,119,129,54,1,0,0,0,8,98,34,6,1,3,4,7,8,9,5,2,1,4,3,1,2,3
77,26,0,0,0,10,123,118,86,69,9,0,0,29,54,25,26,63,65,13,0,1,5,7,2,10,82,123,1,0,0,0,123,110,0,0,0,0,0,10,123,45,0,0,0,0,0,48,99,23,12,2,0,0,0,43,14,40,36,7,0,0,0,1,123,50,0,0,0,0,0,11,123,37,0,0,0,0,0,26,123,79,1,0,0,0,0,5,18,39,14,3,3,1,0,0,123,32,0,0,0,0,0,9,123,44,0,0,0,0,0,8,123,67,3,0,0,0,0,0,11,20,34,11,1,0,0,0
12,0,0,0,0,4,147,83,6,0,0,0,0,59,147,45,2,0,0,0,3,138,147,7,47,5,0,0,0,42,85,32,11,10,4,5,2,7,110,16,82,30,1,0,0,3,97,42,25,13,6,21,13,19,40,9,147,20,2,3,2,3,7,10,10,24,29,2,2,6,2,3,71,39,10,0,1,11,11,26,35,4,1,4,6,33,57,27,147,25,0,0,0,1,4,11,1,16,19,0,0,7,29,3,2,33,20,0,2,55,49,1,45,69,63,0,3,47,27,14,147,108,10,0,0,0,1,7
0,0,0,1,28,69,30,2,39,7,0,0,11,35,12,28,94,8,0,0,0,0,0,71,32,1,0,0,2,31,21,86,12,2,0,0,12,27,120,60,84,98,10,1,8,10,9,25,53,107,24,0,0,0,1,13,19,29,4,8,44,32,9,11,123,2,0,0,0,0,60,121,123,20,1,0,0,0,6,61,23,20,6,0,0,16,65,60,4,6,1,4,21,123,85,22,123,12,0,0,0,0,5,45,121,2,0,0,0,0,53,79,1,0,0,0,3,112,104,19,23,0,0,0,13,123,45,18
52,1,0,0,0,3,94,127,107,2,0,0,0,0,44,167,27,0,0,0,0,5,14,44,0,0,0,0,0,7,14,5,109,10,0,0,0,7,38,25,167,20,0,0,0,0,4,55,92,1,0,0,0,2,8,40,1,0,0,0,9,21,9,10,158,15,0,0,0,0,1,1,167,23,0,0,0,0,0,3,77,10,8,18,5,7,14,15,0,0,4,7,4,21,29,11,122,11,0,0,0,0,0,4,167,58,2,0,0,0,0,4,62,46,71,37,1,0,0,0,0,2,62,79,13,5,2,0
7,0,0,11,1,1,8,11,142,5,0,0,0,1,4,4,151,3,0,0,0,0,0,10,26,1,1,5,2,4,11,13,15,3,0,25,37,1,0,0,151,10,0,0,0,0,0,9,151,38,4,2,0,0,0,11,42,28,61,32,1,0,1,1,10,0,0,9,54,9,0,5,123,6,0,0,0,0,0,52,151,33,1,0,0,0,0,151,99,43,38,10,0,0,0,60,0,2,0,11,44,2,0,1,24,26,2,1,2,0,0,38,151,64,0,0,0,0,0,121,151,53,1,2,0,0,0,38
0,0,0,1,109,114,3,0,9,33,11,6,29,20,15,7,49,25,13,4,9,11,9,8,114,27,0,0,0,11,13,17,0,0,0,0,95,114,57,5,8,0,0,0,1,22,114,32,109,20,0,0,1,9,47,45,103,30,0,0,0,19,14,23,2,0,0,0,114,103,32,23,68,6,0,0,0,7,47,57,114,33,0,0,0,0,6,39,103,103,0,0,0,0,6,22,7,1,0,20,111,22,0,6,105,39,0,2,3,0,0,24,114,114,0,0,0,0,0,8,73,114,0,0,0,2,0,1
0,0,0,91,137,65,0,0,8,1,0,36,72,9,1,1,103,26,0,1,4,0,0,10,137,39,0,0,0,0,0,30,0,0,0,0,137,122,0,0,19,5,0,2,87,33,0,1,137,74,0,0,5,4,0,5,127,35,0,0,1,21,15,84,0,0,0,0,137,96,0,0,21,0,0,3,46,34,0,9,127,4,0,0,4,9,4,84,69,5,2,6,28,42,15,48,0,2,24,20,119,48,0,0,1,1,26,39,19,2,0,3,37,0,0,13,5,0,0,65,65,12,5,5,4,1,1,39
90,116,0,0,49,37,0,0,56,56,0,0,64,83,1,1,136,92,0,0,72,80,0,1,86,62,0,0,0,7,4,3,101,98,0,0,8,23,7,6,47,7,0,0,121,136,8,9,136,34,0,0,31,55,4,13,82,26,0,0,0,3,0,3,28,25,0,0,23,50,25,6,57,2,0,0,136,136,5,8,136,12,0,0,13,14,1,18,17,0,0,0,0,0,0,2,1,0,0,0,26,60,19,0,4,0,0,0,66,68,1,3,11,0,0,0,2,2,0,4,0,0,0,0,0,0,0,0
0,0,0,0,0,0,0,0,61,1,1,5,0,0,0,7,137,28,3,0,0,0,0,14,6,15,8,11,58,6,2,5,0,0,0,9,4,0,0,0,59,3,3,137,94,0,0,10,137,26,5,18,12,0,0,20,19,15,7,19,137,2,0,0,0,0,0,17,14,0,0,0,23,5,3,137,137,0,0,0,137,21,5,62,51,0,0,4,38,6,1,20,137,2,0,2,1,1,0,20,48,1,0,0,9,6,1,60,137,0,0,0,137,2,0,27,107,0,0,12,39,1,0,14,137,4,0,2
14,1,1,1,25,12,4,30,24,0,0,0,154,41,1,6,154,0,0,0,26,5,0,29,40,0,0,2,70,7,1,8,7,8,26,16,46,3,0,5,30,1,0,16,154,16,0,5,154,6,0,1,35,3,0,35,64,0,0,4,88,0,0,7,1,0,4,15,45,3,7,32,27,5,1,66,154,4,1,1,154,18,1,11,33,0,0,6,61,1,0,2,79,4,0,8,0,0,0,0,13,9,48,90,19,0,0,8,154,32,16,7,154,1,0,2,31,1,0,11,32,0,0,0,49,9,3,12
63,19,2,8,23,0,0,0,17,1,0,5,152,15,0,0,152,45,12,5,33,3,0,2,19,15,42,97,0,0,0,0,84,11,0,3,56,4,0,0,29,0,0,1,152,45,1,6,152,11,0,0,31,9,1,35,53,6,5,39,2,0,1,9,77,5,0,3,74,2,0,0,40,7,0,12,152,15,0,0,152,42,0,2,25,2,0,10,42,4,0,4,6,6,27,17,46,11,1,5,63,2,0,0,41,14,0,7,152,5,0,0,152,68,2,4,13,0,0,0,12,9,2,26,20,3,4,2
0,0,0,1,54,59,0,0,33,44,0,0,17,6,0,0,96,73,4,0,0,0,0,1,173,127,0,0,0,4,2,15,8,1,0,0,21,53,0,1,107,64,0,0,2,7,1,7,71,53,5,0,1,27,22,25,173,18,0,2,9,9,10,83,9,0,4,18,14,9,0,4,103,4,0,1,2,4,2,53,77,18,4,7,21,40,13,26,173,72,2,4,15,3,3,15,1,0,4,21,40,2,0,0,70,0,0,2,7,0,0,25,111,39,7,4,2,0,0,9,173,107,3,6,9,0,0,8
33,34,0,0,4,1,0,0,112,38,1,0,0,2,3,19,160,27,0,2,16,31,8,62,10,3,0,5,30,54,47,31,65,13,0,0,1,5,1,17,92,8,0,1,8,32,17,37,160,11,1,15,40,4,4,56,26,2,0,31,131,9,5,26,40,0,0,3,3,1,0,33,105,29,6,6,9,6,1,14,160,61,3,16,32,0,0,10,26,6,1,59,160,5,1,7,28,0,0,1,8,0,0,14,114,8,0,0,0,0,0,20,160,19,1,5,10,4,4,62,21,4,22,60,115,12,5,14
34,5,0,1,5,16,7,15,146,12,1,7,21,3,3,28,37,3,0,23,123,7,3,18,96,5,11,2,7,1,1,81,59,16,3,3,3,2,0,12,146,63,3,11,19,0,0,11,44,11,2,66,146,7,2,8,103,3,1,8,35,6,3,113,88,3,0,0,0,0,0,21,146,22,1,2,6,4,4,57,44,10,51,75,118,16,7,21,49,26,99,57,25,0,0,21,63,1,0,0,0,0,0,35,146,18,0,0,0,0,0,59,56,15,35,14,2,1,3,50,1,4,48,57,18,2,2,3
29,16,0,1,1,0,4,15,137,31,0,0,0,0,2,33,137,7,0,3,0,0,0,38,15,0,1,57,11,0,0,9,62,18,0,1,4,0,0,4,137,77,0,0,0,0,11,44,110,22,0,0,0,0,31,49,34,0,1,10,2,0,1,31,20,3,0,0,5,3,18,22,80,5,0,1,0,1,136,137,137,17,0,0,0,0,137,137,78,24,3,3,3,2,4,43,3,4,4,2,3,3,3,1,19,20,40,10,0,1,15,21,137,78,16,0,0,0,5,103,110,22,1,9,10,0,0,43
5,2,1,0,0,16,18,3,5,26,36,0,0,5,2,0,1,49,95,1,0,0,0,0,54,126,51,0,0,0,0,0,27,4,2,5,8,2,1,12,126,126,66,0,0,0,0,18,17,126,126,0,0,0,0,2,4,126,92,0,0,0,0,0,19,60,32,49,21,1,0,2,126,126,51,0,0,0,0,39,75,87,30,0,0,0,0,19,1,66,12,0,5,10,0,0,6,126,126,42,0,0,0,0,20,126,108,5,2,4,0,0,16,56,21,2,1,2,2,1,1,7,0,0,19,33,1,0
33,103,80,13,7,4,5,1,8,129,129,3,1,2,4,1,18,129,129,0,0,0,2,1,8,108,129,1,0,0,0,0,129,87,22,34,12,0,0,4,70,58,28,3,4,24,26,20,129,37,7,0,0,6,13,35,75,41,12,2,2,2,1,15,29,106,87,30,11,1,0,1,24,44,43,23,8,5,2,6,129,74,13,3,0,0,0,13,65,10,0,0,8,27,14,22,12,19,31,18,29,15,20,59,13,7,9,9,39,32,18,47,79,29,2,0,0,0,5,63,19,7,0,0,45,47,10,7
7,65,79,1,0,1,6,11,6,122,122,2,0,0,1,4,1,50,122,29,0,0,1,3,0,0,122,68,0,1,0,0,0,87,122,2,1,35,27,0,8,79,77,1,1,52,73,26,35,23,52,13,3,9,48,77,2,1,52,45,15,28,17,4,3,13,6,0,0,87,102,2,18,96,10,1,1,43,50,10,76,53,8,6,10,18,35,45,6,1,1,34,47,14,46,37,10,122,22,0,0,7,13,2,1,122,60,16,17,0,0,0,2,22,19,65,113,44,27,14,15,5,10,10,22,24,43,69
19,2,13,10,0,0,8,116,17,0,0,70,32,1,8,126,1,2,10,126,62,0,2,11,7,10,14,63,11,2,0,0,7,2,60,126,1,0,0,12,25,9,30,35,2,0,5,120,61,20,20,126,20,0,4,55,2,2,10,126,84,0,0,0,1,0,20,96,21,88,44,6,30,36,75,57,5,9,23,21,65,62,31,14,23,7,6,14,6,2,0,75,126,5,3,5,18,16,6,9,56,89,34,13,116,33,5,0,3,18,30,35,18,6,3,1,16,51,23,21,6,0,0,22,126,4,4,11
39,23,0,3,47,8,0,0,38,8,0,6,154,4,0,0,154,23,0,0,20,0,0,1,30,21,5,1,0,0,0,0,96,13,0,3,36,14,0,4,52,3,0,18,154,1,0,3,154,17,0,1,26,0,0,7,45,33,2,0,0,0,0,0,128,7,0,4,20,3,0,7,49,3,0,52,154,0,0,1,154,6,0,8,29,0,0,14,60,5,0,0,0,0,0,13,105,5,0,1,9,1,0,17,30,2,0,28,154,2,0,2,154,1,0,7,31,0,1,17,39,0,0,0,0,1,5,25
39,23,0,3,47,8,0,0,38,8,0,6,154,4,0,0,154,23,0,0,20,0,0,1,30,21,5,1,0,0,0,0,96,13,0,3,36,14,0,4,52,3,0,18,154,1,0,3,154,17,0,1,26,0,0,7,45,33,2,0,0,0,0,0,128,7,0,4,20,3,0,7,49,3,0,52,154,0,0,1,154,6,0,8,29,0,0,14,60,5,0,0,0,0,0,13,105,5,0,1,9,1,0,17,30,2,0,28,154,2,0,2,154,1,0,7,31,0,1,17,39,0,0,0,0,1,5,25
5,40,22,15,0,0,0,0,64,124,15,0,0,0,3,20,38,87,124,2,0,0,2,40,4,7,124,24,0,0,0,0,9,101,37,57,7,0,0,0,41,82,20,45,52,19,24,59,124,32,8,3,4,4,16,124,48,13,31,5,0,1,22,10,55,64,22,54,18,0,0,5,36,52,52,124,47,12,3,9,124,92,29,18,6,34,88,28,20,1,0,0,0,59,124,11,21,13,24,14,2,0,11,77,14,8,14,45,53,38,7,15,1,4,49,25,25,61,57,2,0,2,69,17,3,36,61,0
124,8,1,2,0,0,2,86,124,21,5,9,6,12,15,45,12,9,35,59,31,37,17,5,4,19,26,23,13,4,5,4,124,36,1,2,0,1,11,53,124,12,0,0,0,22,124,76,93,35,5,2,2,31,56,29,11,59,68,15,3,0,0,0,72,5,0,0,0,0,17,104,116,3,0,0,0,1,67,110,124,58,1,0,0,0,9,40,29,54,21,0,0,14,22,18,44,10,0,0,0,0,0,14,124,4,0,0,0,0,0,31,124,7,3,3,1,2,33,63,4,0,5,8,1,31,124,36
8,8,4,1,1,1,0,1,16,22,58,20,0,0,2,8,133,97,52,4,0,0,1,43,133,65,3,2,3,0,0,47,15,2,0,0,0,0,1,13,65,19,27,2,0,0,3,96,133,133,45,0,0,0,0,54,133,80,2,1,2,0,0,55,3,0,0,0,0,0,3,12,133,23,0,0,0,0,0,24,133,58,0,0,2,9,9,32,57,1,0,0,2,10,23,133,3,0,0,1,3,0,0,3,122,10,0,0,0,0,0,37,126,20,0,0,10,26,32,95,49,10,2,1,9,24,24,80
45,9,0,0,0,0,0,12,119,96,0,0,0,0,0,3,119,119,0,0,0,0,0,1,37,15,1,2,48,26,2,7,90,20,0,0,0,0,0,14,119,119,0,0,0,1,6,30,98,69,0,0,0,19,92,46,4,3,0,0,78,44,59,40,74,13,0,0,0,0,0,27,119,5,0,0,0,10,25,119,25,10,24,15,14,96,119,79,40,31,23,8,40,26,86,113,31,14,0,0,0,0,5,20,46,26,8,0,0,0,1,56,67,36,46,10,4,3,3,84,22,57,51,15,5,1,19,32
61,8,0,0,0,0,0,10,128,16,0,0,0,0,0,4,135,24,1,14,50,1,0,0,2,2,1,42,135,4,0,0,66,50,0,0,0,0,0,0,127,31,0,0,0,0,0,9,135,13,1,24,36,0,0,15,6,2,2,99,135,0,0,0,49,47,2,0,0,0,0,5,107,8,0,0,0,0,1,14,135,32,5,23,15,0,0,8,14,8,4,131,135,0,0,0,12,7,28,17,0,0,0,8,78,1,6,3,0,0,1,16,135,8,2,9,2,0,0,23,35,5,5,134,81,0,0,2
80,29,1,0,0,0,0,29,76,39,4,0,1,27,25,61,130,19,4,0,1,12,14,56,54,1,0,0,31,73,5,16,34,109,6,0,1,4,0,6,70,55,3,0,5,58,41,31,130,22,2,0,5,13,25,52,51,4,0,0,130,108,2,5,15,85,5,0,12,43,9,4,67,26,0,0,35,88,8,5,130,34,0,0,12,31,7,26,27,0,0,0,130,130,2,8,4,2,0,0,6,59,13,2,95,24,0,0,4,25,9,7,130,38,0,0,29,50,3,5,2,0,0,0,72,96,1,1
0,0,0,0,0,13,19,4,15,3,0,0,3,93,31,5,69,26,0,0,2,23,7,5,11,5,0,0,6,25,11,1,13,2,0,0,0,112,123,24,123,13,0,0,0,54,91,52,82,10,0,0,0,12,24,16,0,0,0,0,16,86,28,1,109,90,0,0,0,63,102,12,123,75,0,0,0,2,16,39,26,0,0,0,0,30,44,58,1,3,0,0,44,123,12,2,110,120,0,0,0,4,22,6,36,24,0,0,0,20,110,17,0,1,0,0,0,103,123,25,16,53,0,0,11,123,27,0
26,17,0,0,45,56,5,4,137,2,0,0,6,14,6,58,61,0,0,0,137,97,4,27,0,0,0,3,91,30,2,6,28,2,0,0,25,62,8,7,137,13,0,0,13,12,3,25,51,1,0,0,137,111,3,10,0,0,0,4,57,48,0,0,48,19,0,0,13,40,5,6,137,58,0,0,25,26,2,13,24,1,0,0,137,107,0,2,0,0,0,0,50,84,0,0,66,99,0,0,2,12,0,0,74,107,2,2,63,48,0,0,1,0,0,2,93,74,0,0,0,0,0,11,64,17,0,0
4,8,4,1,15,83,126,52,8,9,6,3,16,118,126,73,39,4,0,0,1,32,126,118,4,0,0,0,0,4,50,107,22,17,6,1,0,31,56,32,35,9,13,23,9,25,66,44,126,23,7,11,3,6,13,46,13,5,8,21,6,3,36,68,62,20,7,3,1,4,15,32,56,22,13,31,37,40,32,18,126,62,19,24,8,6,5,26,27,16,38,93,48,60,14,13,5,11,58,10,0,1,8,10,21,90,23,2,0,11,18,5,101,42,5,1,4,40,58,56,9,1,3,6,27,126,79,20
0,0,3,72,118,118,118,28,45,4,4,37,118,32,3,22,118,10,0,0,0,0,2,30,34,17,6,1,0,6,13,40,5,1,0,26,74,88,47,14,27,8,12,99,77,5,6,12,118,27,5,7,3,0,0,31,51,45,22,1,0,0,0,5,68,8,1,1,5,55,26,28,56,27,45,94,16,0,2,20,44,118,64,25,2,5,3,4,33,60,14,1,2,28,36,6,63,5,7,14,3,1,2,27,87,12,8,3,1,8,8,47,10,41,17,1,3,118,92,8,0,7,8,3,2,118,118,1
2,2,3,12,4,17,41,23,2,3,57,60,5,23,64,18,0,2,114,114,4,6,53,19,3,27,100,41,20,23,6,5,1,0,2,3,11,57,36,22,8,1,0,0,18,114,106,24,74,4,0,3,9,27,96,86,4,0,0,3,54,113,9,5,0,0,2,5,29,114,12,1,44,30,0,0,25,113,11,9,105,56,8,13,20,42,16,21,2,2,28,17,37,97,10,2,1,12,9,33,63,51,2,0,54,114,68,20,13,26,4,4,39,105,92,63,14,2,0,0,3,41,114,55,4,3,0,0
22,0,0,0,45,21,5,27,158,2,0,2,29,3,2,121,26,1,0,22,158,5,0,13,0,0,1,44,79,1,0,0,42,3,0,0,57,29,0,3,158,47,1,9,28,3,0,23,49,12,1,45,158,11,0,4,0,0,6,45,41,4,0,0,53,6,0,0,23,22,0,0,158,16,0,1,22,17,3,39,41,1,0,7,158,84,4,15,0,0,0,3,27,12,5,0,38,19,9,4,4,2,0,0,158,34,0,0,24,14,1,5,17,0,0,1,124,45,0,2,0,1,0,4,14,1,0,0
39,0,0,3,20,7,34,65,76,33,2,0,0,4,10,30,87,32,1,0,0,5,18,125,83,1,0,0,0,0,117,131,72,6,7,41,33,1,0,28,131,9,3,0,0,2,4,53,37,44,30,1,1,5,9,46,16,19,10,2,1,0,31,114,26,15,29,89,32,1,2,14,131,89,17,7,0,0,0,32,68,76,15,0,0,4,12,7,6,23,17,9,17,28,35,5,37,24,34,37,0,0,1,25,14,131,35,6,1,45,24,2,8,25,7,1,5,131,106,4,1,0,0,0,3,86,131,5
9,6,2,23,144,1,0,0,29,20,10,22,28,3,7,13,29,40,4,29,36,3,2,1,69,144,5,0,0,0,0,0,1,0,1,51,144,5,0,0,7,0,1,5,29,38,44,14,102,23,0,4,11,12,26,16,144,48,0,0,0,0,0,39,0,0,0,39,144,66,0,0,13,0,0,0,41,66,6,7,84,21,0,0,0,2,23,66,144,6,0,0,0,0,10,113,0,0,0,0,130,144,1,0,1,0,0,0,7,30,12,3,27,0,0,0,0,2,24,43,95,10,0,0,0,0,24,97
0,5,9,2,0,0,0,0,49,43,7,0,0,0,0,6,146,67,0,0,0,0,0,54,146,36,0,0,0,0,0,34,2,9,13,1,0,0,0,0,111,41,2,0,0,0,0,4,146,112,0,0,0,0,0,30,146,39,0,0,0,0,0,54,8,9,14,7,0,0,0,0,111,18,4,3,0,0,0,11,146,10,0,0,0,0,0,112,89,4,0,0,0,0,1,146,18,15,24,21,0,0,2,8,30,1,17,33,5,5,2,25,52,0,0,0,0,1,12,146,7,0,0,0,0,0,40,146
0,0,0,0,66,48,0,0,145,0,0,0,36,10,0,24,145,3,0,13,66,16,4,105,3,0,0,19,145,27,2,6,0,0,1,2,48,55,0,0,130,8,7,4,18,6,0,13,145,4,0,0,60,15,2,74,10,0,0,6,145,22,1,6,4,4,3,1,9,21,0,0,80,68,19,2,1,0,0,1,145,64,0,0,46,18,2,18,8,0,0,2,137,32,1,2,10,34,1,0,0,1,0,0,56,109,14,0,0,0,0,1,102,38,5,1,28,31,15,16,1,0,0,0,60,34,3,0
36,3,1,7,10,6,18,129,4,6,26,25,12,13,15,9,20,25,11,2,0,1,5,13,1,5,6,6,3,4,6,1,164,1,0,0,0,0,11,164,40,9,5,1,0,1,14,30,43,18,4,2,0,0,0,5,3,4,5,11,4,0,0,1,164,1,0,0,0,0,1,164,128,16,9,2,0,0,0,67,36,37,3,1,0,0,0,4,3,9,15,10,9,0,0,0,164,0,0,0,0,0,3,152,164,0,0,0,0,0,9,121,44,12,2,0,0,0,9,55,16,38,45,1,0,0,0,3
0,0,0,0,6,78,55,2,3,0,0,0,1,88,38,14,92,0,0,0,0,10,12,140,140,1,0,0,0,0,2,140,0,0,0,5,14,39,52,28,12,1,0,2,10,82,29,20,140,12,0,0,0,6,8,63,140,5,0,0,0,0,7,113,5,1,1,36,67,3,7,11,29,11,10,25,9,11,4,6,140,27,3,5,0,0,0,24,83,6,0,0,2,24,24,39,3,5,127,140,40,0,0,0,10,16,82,61,8,0,0,0,91,7,9,16,2,0,7,39,21,0,0,0,4,47,42,32
3,4,8,41,33,5,3,6,76,25,8,2,0,0,1,29,144,30,0,0,0,0,0,22,76,17,0,15,47,3,0,2,1,4,10,41,42,16,5,4,70,35,9,2,0,0,9,35,144,83,0,0,0,0,0,17,57,31,2,5,85,68,0,2,0,2,18,144,51,2,0,0,63,38,18,17,4,0,1,8,144,13,0,0,1,0,0,76,56,1,0,44,144,22,1,29,0,0,4,121,144,3,0,0,24,3,2,23,25,0,0,8,144,0,0,0,0,0,0,99,82,1,1,39,24,0,0,55
67,0,0,0,0,0,2,88,116,2,0,0,0,0,1,72,53,12,1,0,0,0,0,7,7,32,1,0,0,0,1,6,92,4,0,0,0,0,2,79,144,34,0,0,0,0,1,42,67,58,12,0,0,0,3,9,10,77,8,0,1,46,9,5,123,4,0,0,0,0,0,55,144,11,0,0,0,0,1,65,64,9,1,0,9,24,44,35,5,6,0,0,42,144,73,15,53,0,0,0,0,0,0,83,144,1,0,0,0,0,0,90,60,2,0,4,71,32,8,16,0,0,0,0,144,144,8,0
0,0,0,0,0,3,15,10,3,11,4,2,6,25,9,7,172,55,4,0,0,2,1,172,172,6,0,0,0,0,136,172,5,0,0,0,0,1,15,10,41,28,6,1,1,0,0,10,144,95,4,0,0,0,0,67,70,16,0,0,0,0,57,172,8,21,20,2,0,0,2,2,46,50,0,0,0,0,0,5,104,18,0,0,0,0,0,53,21,0,0,0,0,0,0,62,1,20,63,104,10,0,0,0,18,9,1,16,6,0,9,26,16,1,0,0,0,0,30,46,2,0,0,0,0,0,6,14
17,0,0,1,0,0,69,140,46,7,33,37,2,0,5,109,6,4,126,83,3,0,0,0,1,33,127,17,0,0,0,0,58,9,10,4,1,3,31,125,140,21,2,1,0,0,1,140,49,6,12,33,17,0,0,6,9,12,19,12,4,1,0,4,27,140,80,1,0,0,0,3,140,140,10,0,0,1,0,20,43,14,5,14,6,16,11,2,0,0,9,11,4,25,7,0,39,140,74,0,0,0,0,0,27,117,25,0,0,0,0,1,4,15,23,5,3,4,1,1,0,4,40,15,1,4,1,0
4,0,0,7,7,6,76,99,63,22,3,1,4,12,44,81,31,56,43,28,11,11,16,11,0,1,20,104,32,12,6,0,20,14,3,68,91,7,22,31,133,43,1,1,2,1,8,88,55,11,3,11,27,60,60,25,35,56,13,13,10,27,32,8,18,29,15,133,133,19,9,4,117,48,3,4,3,0,12,76,42,24,10,18,17,5,26,71,47,106,8,3,2,6,3,5,6,8,6,108,133,103,34,25,12,1,0,4,7,5,13,59,78,1,0,0,0,0,10,98,48,6,0,0,9,16,21,53
40,17,1,0,0,0,1,7,45,40,4,0,0,0,0,10,139,83,0,0,0,0,0,4,139,29,0,0,0,0,0,4,60,0,0,0,0,0,0,26,102,7,0,0,0,0,0,27,139,48,0,0,0,0,0,12,139,32,0,0,0,0,0,7,48,0,0,0,0,0,1,45,120,12,0,0,0,0,0,34,139,20,0,0,0,0,0,46,139,32,0,0,0,0,0,40,51,10,0,0,0,0,0,13,119,34,0,0,0,0,0,10,139,97,0,0,0,0,0,23,139,139,3,0,0,0,0,11
94,2,0,1,15,47,70,117,87,20,40,39,25,22,13,42,57,10,19,31,9,1,12,66,14,10,9,5,2,20,43,31,132,26,8,48,43,11,2,26,132,30,22,43,13,0,0,26,50,8,10,97,81,4,0,10,79,30,12,9,24,46,13,19,114,94,20,63,25,0,0,2,132,83,1,4,33,7,0,17,45,21,2,15,132,22,0,5,37,15,3,23,66,54,11,9,71,37,14,24,21,1,3,13,105,29,0,0,24,29,8,47,27,12,1,3,74,80,26,42,17,9,2,29,51,30,19,25
2,0,0,11,38,24,75,29,2,0,0,1,2,7,127,127,1,0,0,0,6,39,116,127,21,2,0,1,44,117,23,11,29,0,0,19,69,19,3,21,15,1,0,8,64,109,48,37,127,13,4,4,7,33,61,127,38,16,28,37,24,27,7,13,29,2,0,4,28,34,31,20,31,15,4,63,127,32,2,3,127,57,7,13,9,3,1,7,62,19,18,54,26,1,0,1,18,50,22,8,5,0,11,10,14,39,16,65,54,0,0,0,127,109,8,8,3,0,0,0,57,15,1,8,51,15,0,1
0,0,0,0,0,1,4,5,21,1,0,0,0,0,4,26,62,47,0,0,0,0,1,34,11,32,5,3,6,3,4,17,1,0,0,0,2,23,49,31,33,8,0,0,0,2,47,147,123,12,0,0,0,0,14,170,16,1,0,0,3,21,45,86,15,11,3,12,20,12,11,9,95,113,4,3,3,2,12,37,107,65,1,0,1,10,13,35,6,0,0,0,21,183,76,23,16,8,1,1,4,32,17,14,139,30,3,0,0,5,5,48,27,6,0,0,16,106,23,27,0,0,0,0,112,183,15,1
0,0,0,0,0,15,62,1,1,0,0,0,0,15,146,31,12,0,0,0,0,0,134,146,31,0,0,0,0,0,11,146,4,1,0,0,24,87,33,1,83,17,0,0,2,24,83,44,120,10,0,0,0,0,17,101,146,0,0,0,0,0,0,146,13,4,0,0,30,58,7,5,102,19,0,0,2,3,3,43,38,2,0,0,0,0,27,92,34,0,0,0,0,0,25,146,4,0,0,0,0,25,34,33,13,0,0,0,0,0,14,93,1,0,0,0,0,0,29,84,11,0,0,0,0,0,16,79
42,2,0,0,0,0,1,46,7,0,0,0,0,0,3,26,0,0,0,0,0,0,0,2,0,0,0,0,0,0,0,0,34,55,24,2,0,0,2,25,20,6,29,15,0,0,28,109,115,11,2,0,0,0,4,60,27,4,0,0,0,0,0,0,11,101,31,2,0,0,0,0,17,46,124,42,0,0,0,7,150,125,31,6,0,0,0,10,150,122,0,0,0,0,0,0,14,116,15,0,0,0,0,0,5,132,148,5,0,0,0,0,46,150,90,2,0,0,0,0,41,150,21,0,0,0,0,0
0,1,4,4,10,46,107,7,0,16,20,14,92,104,20,2,0,17,12,1,7,7,0,0,0,0,0,0,0,0,0,0,7,0,1,4,8,45,82,39,128,96,63,18,21,21,40,54,27,68,70,31,6,0,0,0,0,0,0,0,0,0,0,0,94,43,60,60,15,15,10,44,128,59,31,47,11,6,8,68,94,11,8,75,29,0,0,48,0,0,0,25,15,0,0,0,128,16,13,24,20,11,70,128,63,5,5,24,32,28,80,128,89,0,1,32,17,0,4,128,6,0,0,58,48,0,0,16
4,7,19,121,100,17,30,13,27,56,46,47,17,14,24,13,18,121,121,77,0,0,0,0,0,79,121,121,18,3,0,0,7,2,8,54,78,113,28,14,113,92,51,18,17,33,14,36,29,121,42,1,2,6,7,4,3,27,14,30,103,24,1,0,8,0,0,0,7,18,2,3,121,11,0,0,2,9,21,40,121,66,6,3,2,10,48,31,25,39,20,91,121,20,3,2,0,0,0,0,0,0,0,0,1,0,0,0,0,0,1,0,47,16,0,0,0,1,5,5,13,22,17,40,23,8,7,4
0,0,0,2,53,99,48,1,19,60,33,20,78,51,31,20,30,106,66,8,2,0,7,39,12,12,13,18,23,9,16,13,4,4,0,0,0,4,64,19,34,20,6,0,0,4,118,74,118,14,3,3,5,6,27,102,25,3,1,15,118,83,9,5,21,42,0,0,0,0,7,7,63,118,62,0,0,0,13,14,118,118,32,1,16,14,2,15,12,2,0,0,118,94,2,4,19,25,6,0,0,0,0,0,87,118,28,0,0,0,0,0,11,77,37,40,28,6,0,0,0,0,20,98,118,53,0,0
0,0,0,6,21,44,121,93,24,2,0,0,1,45,121,109,17,7,9,5,17,10,1,15,0,0,1,2,23,10,0,0,14,16,28,69,121,75,47,23,121,70,23,13,8,12,49,121,80,5,2,3,41,60,14,37,0,3,32,19,69,33,0,0,8,13,23,75,68,47,28,4,121,71,19,14,7,4,4,17,41,5,1,0,5,41,15,16,1,5,11,6,22,66,24,0,26,2,0,0,2,35,121,121,71,19,0,0,0,4,31,121,7,2,0,0,3,69,72,11,0,0,0,0,9,91,33,3
29,83,20,2,0,0,0,7,35,23,42,9,0,0,3,56,66,27,2,0,0,2,8,47,59,29,0,0,4,2,0,1,34,12,2,0,0,0,31,142,43,9,12,3,0,0,29,73,142,39,1,0,0,0,0,15,64,26,0,0,11,15,1,0,79,0,0,0,0,0,13,142,142,11,0,0,0,0,2,97,142,47,0,0,0,2,1,7,30,6,0,0,3,36,9,3,131,0,0,0,0,0,34,142,142,2,0,0,0,0,0,142,106,8,0,0,0,4,15,51,2,0,0,0,0,18,14,3
75,14,1,6,43,36,67,55,119,16,0,1,6,9,25,76,6,0,0,4,75,114,13,6,0,0,4,7,79,65,7,0,115,16,5,34,27,4,0,18,119,29,2,14,16,2,0,32,15,8,20,116,119,37,4,1,0,22,96,37,27,28,5,0,71,69,68,29,2,0,0,16,119,71,31,4,5,1,2,39,13,3,25,80,53,40,15,24,22,17,46,36,31,75,13,15,119,31,19,0,0,0,1,89,21,38,48,16,3,1,4,17,2,4,12,43,71,83,18,7,28,0,0,2,44,97,14,32
49,5,4,0,0,0,0,10,83,30,10,2,2,0,0,14,22,12,5,6,8,0,1,7,5,8,36,12,2,0,0,0,55,4,5,1,0,0,0,6,154,12,1,4,3,0,0,13,51,12,2,20,18,2,0,6,51,35,23,1,0,0,0,3,25,14,71,34,0,0,0,0,112,39,29,1,0,1,5,26,29,119,30,2,10,7,9,11,30,128,72,0,0,0,0,0,0,6,154,48,0,0,0,0,5,71,154,39,0,0,0,1,1,154,154,3,0,0,0,0,0,150,154,0,0,0,0,0
172,0,0,0,0,0,2,159,11,0,0,2,6,5,14,30,5,12,4,4,9,5,19,8,6,11,5,4,7,3,4,7,172,10,2,2,0,0,20,143,78,21,5,1,0,1,30,93,15,38,17,2,3,2,6,4,6,12,4,9,7,2,4,9,172,148,19,2,0,0,1,78,113,73,16,1,0,0,4,24,17,3,3,2,6,21,44,21,11,13,0,0,1,8,27,20,115,172,33,0,0,0,0,6,10,34,28,11,0,0,1,2,4,9,38,28,10,15,11,6,36,40,15,4,1,2,8,15
27,4,4,17,21,0,0,7,19,21,41,24,8,0,1,2,133,133,19,2,0,0,0,1,29,71,100,9,0,0,0,0,19,14,69,91,28,0,0,5,52,26,55,27,0,3,3,4,133,68,10,2,0,0,0,45,133,70,50,0,0,0,0,41,0,1,89,103,18,5,0,0,14,13,115,77,9,8,4,0,133,29,26,7,0,0,1,67,133,10,0,0,0,0,2,133,1,1,10,22,24,17,1,0,0,0,12,50,24,18,14,2,51,5,4,11,2,1,15,56,85,36,3,0,0,0,1,111
0,0,2,6,45,123,15,1,5,9,2,7,10,33,43,13,4,91,34,18,1,1,5,1,1,123,26,2,0,0,0,0,13,12,0,0,86,123,18,3,112,123,4,0,0,14,31,26,31,123,37,0,0,0,1,4,2,92,9,0,0,0,0,0,16,18,6,23,79,29,4,5,123,38,0,0,0,2,7,110,123,28,1,0,0,0,0,58,11,7,1,0,0,0,0,3,1,2,50,123,41,5,4,3,123,0,1,49,17,4,8,103,123,0,0,0,0,0,0,114,17,1,0,0,0,0,0,19
45,18,3,2,2,11,25,59,130,3,0,0,0,12,20,76,102,5,0,0,0,3,3,11,56,7,0,0,0,5,4,11,49,0,0,1,10,35,54,95,147,13,0,0,0,0,1,93,121,6,0,0,4,12,5,15,48,0,0,0,18,67,9,19,115,7,8,41,41,5,9,51,147,26,0,0,1,0,0,40,89,6,8,12,18,8,1,20,29,3,2,1,74,110,5,18,52,13,45,41,15,3,4,14,147,9,18,4,0,0,0,115,64,3,11,9,22,7,1,76,31,14,3,4,132,63,1,2
82,29,0,0,0,0,0,3,123,81,1,6,62,6,0,3,99,6,2,8,87,15,2,36,118,12,16,5,18,1,0,20,123,26,0,0,0,0,0,12,123,51,17,30,35,4,1,15,66,21,65,103,53,3,1,19,98,11,6,8,18,6,31,78,123,8,0,0,0,0,0,31,123,66,12,5,0,0,0,42,10,24,72,88,19,0,1,7,3,26,98,36,6,1,16,29,123,6,2,1,0,0,0,33,123,62,7,0,0,0,0,89,10,29,48,17,3,13,7,14,0,9,41,15,6,32,15,0
2,58,23,20,39,20,3,1,40,11,1,11,51,15,6,76,70,7,9,7,0,0,3,71,3,1,19,31,52,19,4,7,6,12,4,2,18,123,54,7,119,49,2,1,20,45,25,32,49,18,0,0,3,33,52,60,0,0,0,0,40,123,84,23,5,76,51,3,7,79,23,2,63,77,32,1,2,71,67,15,8,1,0,0,5,123,105,7,0,0,0,0,2,123,86,1,1,21,13,1,1,76,114,1,0,5,2,0,0,114,123,1,0,0,0,0,0,123,66,0,0,3,2,0,0,44,6,0
2,0,0,0,102,120,0,0,129,75,0,2,39,46,0,3,129,72,1,0,0,0,10,46,8,4,3,16,19,3,21,25,13,7,3,5,103,129,0,0,129,62,2,2,15,15,1,14,114,12,0,0,3,10,45,67,11,1,0,1,2,1,47,98,14,15,5,10,31,43,13,2,129,60,10,2,1,1,5,93,71,20,6,0,2,4,20,105,30,15,6,11,8,8,17,25,6,82,72,0,0,6,8,1,28,129,66,2,0,0,0,7,53,78,44,3,0,7,8,17,20,17,4,13,14,58,29,3
36,8,22,4,0,0,0,20,44,49,77,14,0,0,0,11,146,91,16,5,0,0,0,9,68,12,15,135,17,0,0,2,69,12,0,0,0,0,0,22,91,24,6,0,0,0,0,60,146,32,0,0,0,0,0,48,104,4,0,20,70,6,0,24,55,3,0,0,0,0,1,89,91,36,8,0,0,0,6,73,146,88,0,0,0,0,0,16,69,23,0,10,51,14,2,8,14,1,0,0,0,0,6,56,91,2,0,0,0,0,18,140,146,27,0,0,0,0,0,117,27,9,0,17,24,1,0,21
0,49,119,6,0,0,0,0,2,53,119,15,13,4,0,0,22,52,119,8,3,2,0,1,19,37,101,23,3,0,0,1,3,18,96,8,5,21,73,5,18,11,36,19,87,97,33,9,119,37,13,5,13,16,2,46,20,9,22,66,34,1,0,6,10,10,28,4,2,69,119,13,60,92,22,0,12,59,82,25,119,98,14,0,1,4,0,27,39,17,7,45,15,7,2,12,6,25,115,9,1,8,54,20,50,72,31,2,0,14,62,18,29,12,3,0,0,20,85,71,11,0,0,0,5,85,91,43
8,117,23,0,0,52,132,4,8,33,4,0,0,29,132,45,1,1,0,0,0,24,132,36,0,0,0,0,0,22,132,20,24,6,0,0,0,93,132,12,114,20,0,0,0,21,132,77,22,0,0,0,0,50,110,51,5,0,0,0,0,38,97,25,98,23,0,0,0,9,24,13,132,29,0,0,0,9,17,15,6,0,0,0,0,36,67,14,2,0,0,0,0,36,52,13,117,43,0,0,0,1,6,11,37,12,0,0,0,43,34,5,0,0,0,0,0,26,81,3,0,0,0,0,0,43,50,0
62,14,0,0,0,0,0,29,136,20,0,0,0,0,5,57,121,51,8,0,0,1,27,43,4,25,19,0,0,7,58,23,68,27,0,0,0,0,0,3,136,50,2,0,0,0,0,13,63,19,31,37,4,9,75,44,11,0,8,31,3,17,127,58,57,3,0,0,0,0,0,45,136,12,1,0,0,0,0,62,136,37,52,53,15,1,0,14,11,2,21,93,127,23,15,22,56,2,0,0,0,0,0,32,136,52,0,0,0,0,0,15,136,31,0,1,26,8,9,10,6,2,1,18,136,22,5,3
1,33,99,55,16,0,0,0,44,120,54,17,4,0,0,0,27,117,18,76,29,0,0,0,29,68,20,110,41,0,0,0,10,29,24,61,56,0,0,0,120,105,6,23,29,0,0,5,45,88,53,59,5,0,0,1,25,61,62,120,8,0,0,0,17,18,5,65,67,0,0,0,120,8,0,42,54,0,0,66,120,30,13,8,0,0,0,34,15,20,29,68,1,0,0,0,31,5,1,42,59,3,0,8,98,0,0,76,80,0,0,62,120,7,0,1,1,0,0,87,17,6,3,27,5,0,0,7
2,0,0,0,0,8,85,47,31,0,0,0,0,0,12,99,7,0,0,0,0,0,10,21,3,0,0,0,0,0,6,17,28,2,0,0,0,12,97,62,133,4,0,0,0,0,10,133,45,2,0,1,1,0,6,20,2,2,0,0,0,0,8,17,42,88,24,0,0,2,5,6,133,133,4,0,0,0,0,7,50,43,42,7,1,0,0,0,1,38,79,3,0,0,0,1,1,133,131,0,0,0,0,0,16,133,114,0,0,0,0,0,5,133,133,1,0,7,11,1,0,62,133,10,5,51,27,0
11,22,0,0,0,0,26,34,98,40,1,0,0,0,31,65,138,37,4,0,0,0,13,80,17,46,32,0,0,1,36,28,36,44,1,0,0,0,3,32,131,141,19,0,0,0,0,29,91,141,51,0,0,0,0,25,26,120,40,0,0,0,1,23,51,0,0,0,0,0,5,39,141,26,1,0,0,0,0,76,141,77,10,0,0,0,0,17,67,79,17,0,0,0,0,20,40,8,3,0,0,0,0,4,141,22,0,0,0,0,0,33,141,30,0,0,0,0,0,20,61,11,0,0,0,0,0,21
0,0,0,0,0,0,0,0,0,0,0,0,0,12,39,2,18,1,0,0,0,108,127,12,87,3,0,0,0,21,37,54,0,0,0,0,0,0,20,5,12,0,0,0,0,34,128,28,128,31,0,0,0,56,128,37,127,22,0,0,0,20,53,23,0,0,0,4,0,0,41,13,122,3,0,0,0,6,119,47,128,25,0,0,0,31,50,58,28,3,0,0,0,116,128,22,0,0,2,18,6,2,1,0,80,0,0,4,1,0,4,46,72,0,0,0,0,70,88,84,5,0,0,0,0,89,89,31
1,0,1,0,1,17,7,2,40,15,0,0,0,5,0,0,20,6,0,0,0,0,0,0,0,0,0,0,0,0,0,0,5,47,89,1,0,3,1,0,114,47,129,6,0,0,0,4,129,33,12,0,0,0,0,27,37,2,0,0,0,0,0,9,96,79,73,0,0,0,0,73,52,53,129,34,0,0,0,29,129,36,129,36,0,0,0,53,129,10,14,1,0,0,0,98,96,36,6,0,0,0,0,82,129,22,30,5,0,0,0,103,50,23,129,27,0,0,0,16,42,51,86,4,0,0,0,24
9,21,5,0,0,0,0,0,44,77,17,0,0,0,0,0,79,160,11,0,0,0,0,0,84,124,0,0,0,0,0,0,9,10,17,5,0,0,0,0,160,29,1,0,0,0,0,14,160,108,0,0,0,0,0,24,41,49,0,0,2,6,7,6,4,1,3,2,1,3,12,23,160,12,0,0,0,0,2,17,160,42,0,0,0,0,0,17,44,3,0,3,6,6,3,17,9,0,0,0,0,0,10,57,160,65,0,0,0,0,2,16,160,108,0,0,0,0,0,0,16,18,3,0,0,0,0,2
0,0,50,136,86,3,0,0,3,25,39,17,6,0,0,0,6,86,45,2,0,0,0,0,136,136,67,1,0,0,1,2,6,2,6,41,136,123,0,4,44,51,26,2,10,5,0,12,71,136,24,0,0,0,0,1,136,136,16,0,0,0,0,26,6,0,60,136,98,77,0,4,62,5,6,25,2,1,0,47,73,20,0,0,0,0,0,14,39,6,0,0,0,0,0,2,0,0,56,136,2,0,0,0,1,0,1,17,1,0,0,2,0,0,0,0,0,0,0,0,0,0,0,0,0,0,0,0
0,0,0,0,7,6,10,2,27,5,0,0,0,2,6,6,123,3,0,0,0,0,0,54,185,0,0,0,0,0,0,185,1,2,8,19,7,0,0,0,37,18,1,1,0,0,1,2,55,4,0,0,0,1,8,41,185,0,0,0,0,0,0,185,0,0,4,22,17,23,6,0,12,2,0,1,1,3,14,12,20,0,0,0,0,6,23,23,185,0,0,0,0,0,1,113,0,0,1,14,6,15,11,0,6,0,0,0,0,2,11,8,20,2,0,0,0,0,3,5,185,2,0,0,0,0,0,104
15,0,0,0,0,0,19,89,182,4,0,0,0,0,10,182,155,3,0,0,0,1,1,46,0,0,0,0,0,1,3,2,35,27,12,0,0,1,5,4,182,113,2,0,0,0,0,29,182,35,2,0,0,0,0,24,0,3,6,1,0,0,0,0,47,63,11,0,0,0,0,1,182,50,2,0,0,0,0,129,86,4,0,0,0,0,0,89,0,0,0,0,0,0,0,0,30,9,0,0,0,0,0,3,25,1,0,0,0,0,0,15,1,0,0,0,0,0,0,3,0,0,0,0,0,0,0,0
8,0,0,0,23,130,38,10,117,2,0,0,0,19,42,130,67,0,0,0,0,0,2,130,67,0,0,0,0,0,2,130,26,29,5,15,63,68,2,2,130,55,0,0,0,2,5,28,51,3,0,0,0,8,52,124,78,0,0,0,0,0,18,130,14,11,4,61,60,0,0,14,53,13,0,1,0,3,49,79,29,3,0,0,0,19,104,51,117,0,0,0,0,0,9,130,0,0,20,84,53,2,2,3,2,12,43,32,1,0,17,16,28,50,5,0,0,0,15,12,26,7,1,0,0,0,5,73
30,36,8,15,117,84,5,10,82,79,8,2,3,7,9,24,11,38,33,11,16,14,44,19,0,8,16,88,67,4,2,1,64,19,7,0,11,34,3,16,117,59,11,1,0,1,2,34,20,87,57,4,1,11,39,9,0,13,19,77,117,20,25,1,22,99,106,39,0,0,0,1,107,35,69,35,0,3,9,64,15,27,67,5,2,34,71,27,7,31,45,45,43,15,43,7,7,117,117,47,0,0,0,0,4,36,117,117,2,0,0,1,1,43,105,18,9,36,3,0,15,17,37,12,6,46,19,14
4,0,0,0,11,68,122,122,74,4,2,3,32,116,20,20,83,2,0,0,0,1,17,34,1,0,0,0,0,0,46,29,122,27,9,7,8,19,44,100,74,26,37,57,14,13,5,30,59,14,4,8,5,7,47,80,0,1,2,4,17,61,122,23,122,95,10,15,6,0,0,1,83,27,11,62,80,6,0,2,66,23,4,13,37,52,12,19,3,4,3,5,63,122,7,1,122,90,5,5,3,4,1,7,36,17,2,2,76,42,6,8,9,10,5,19,80,38,8,9,13,4,0,14,67,49,1,1
5,67,84,6,0,5,9,10,17,122,108,5,5,8,1,0,36,69,19,10,13,12,12,6,3,52,69,35,23,11,3,0,8,45,98,98,3,0,1,3,17,39,41,19,31,63,18,8,69,82,4,2,17,48,6,7,9,47,6,1,19,122,26,2,0,0,17,86,35,14,0,0,13,2,7,38,117,72,6,10,68,8,1,1,34,113,27,54,17,5,0,0,59,122,30,9,0,0,0,0,12,20,0,0,2,59,73,7,46,68,2,3,6,39,74,122,99,47,7,12,14,48,40,61,78,69,2,1
8,20,24,30,39,2,1,17,70,5,6,29,30,2,3,53,39,9,21,52,2,0,0,35,0,4,2,1,0,0,0,0,14,0,0,14,17,18,55,61,40,4,1,24,29,70,45,52,132,58,2,1,0,3,7,92,65,49,1,0,0,0,0,6,1,0,0,0,0,57,120,11,94,24,0,0,0,49,77,47,132,52,0,0,0,1,24,132,90,14,0,0,0,0,40,132,0,1,63,64,9,22,22,3,28,1,6,10,5,10,46,93,80,4,0,0,0,0,71,132,132,44,0,0,0,0,15,103
13,5,0,0,0,2,21,11,65,43,0,0,0,1,3,21,76,35,0,0,0,0,1,35,5,3,0,0,0,0,1,7,15,0,0,5,2,4,13,30,43,6,0,0,0,0,7,103,82,28,0,0,0,0,3,97,13,24,1,0,0,0,2,12,2,0,0,1,3,22,146,115,80,15,0,0,0,0,67,146,146,74,0,0,0,0,0,40,56,34,1,0,0,0,0,6,0,0,0,0,0,5,146,101,94,0,0,0,0,0,46,146,146,3,0,0,0,0,0,146,64,0,0,0,0,0,0,32
58,139,125,0,0,0,0,0,139,139,14,0,0,0,0,9,139,25,0,0,0,0,0,36,7,0,0,0,0,0,0,4,8,139,139,1,0,0,6,4,40,139,29,0,0,10,31,26,139,12,0,0,0,0,6,60,14,1,0,0,0,0,0,2,8,11,7,3,3,29,50,12,78,20,2,0,0,12,58,37,139,39,0,0,0,0,1,8,18,2,0,0,0,0,0,0,0,17,95,14,6,20,8,1,58,73,61,3,3,3,10,19,103,34,0,0,0,0,25,53,4,1,0,0,0,0,3,5
57,22,4,1,8,8,57,129,1,0,0,0,0,45,129,75,0,0,0,0,0,4,3,0,0,0,0,0,0,0,0,0,18,10,5,15,86,91,87,89,129,26,4,2,4,26,104,129,15,2,2,2,19,39,4,4,0,0,0,0,1,1,0,0,42,52,17,38,80,34,43,30,129,92,9,5,5,19,17,26,10,0,0,22,66,81,16,4,0,0,0,8,35,17,0,0,84,12,0,0,0,2,121,129,34,13,0,0,0,27,111,59,0,0,0,4,22,78,86,4,13,35,17,7,38,27,9,5
15,1,4,15,2,0,9,55,133,10,1,2,0,0,1,133,73,5,8,2,0,0,0,44,0,0,2,1,0,0,0,0,19,19,9,24,2,0,1,26,133,90,5,6,0,0,2,54,133,12,0,0,0,0,12,62,1,0,0,0,0,0,2,5,16,45,133,43,10,0,0,8,83,31,19,27,28,8,65,118,56,6,0,0,0,0,88,133,12,0,0,0,0,0,6,39,0,3,99,91,58,0,0,0,4,33,39,120,97,5,11,9,93,133,18,1,0,0,7,49,32,30,0,0,0,0,0,9
13,6,9,65,73,4,0,0,19,20,19,9,23,4,0,0,126,126,12,1,8,1,0,1,59,93,54,13,0,0,0,0,3,7,19,126,79,43,2,2,56,126,89,18,10,6,2,14,52,126,71,1,0,0,0,1,25,60,3,7,3,0,0,0,6,3,19,30,105,120,5,8,126,60,19,4,4,10,4,73,126,50,5,0,0,0,0,24,2,6,0,0,0,0,0,0,0,7,126,81,23,2,0,0,58,99,107,5,0,0,0,2,43,17,1,0,0,0,0,3,0,0,0,0,0,0,0,0
0,0,2,48,43,27,1,0,21,25,27,66,17,12,4,3,141,73,9,2,0,0,0,13,141,59,33,2,0,0,0,29,1,0,1,66,49,7,6,16,41,9,8,69,37,6,5,18,141,63,3,1,0,0,0,39,141,58,0,0,0,0,0,67,53,7,6,23,9,0,5,29,14,42,102,70,15,0,0,1,141,82,43,1,0,0,2,51,141,32,0,0,0,0,0,141,71,24,3,0,0,0,0,12,15,27,33,18,7,4,3,0,15,17,19,8,3,4,10,29,91,11,7,0,0,0,0,128
0,0,0,16,139,51,0,0,24,16,2,36,153,3,0,0,153,85,1,5,12,0,0,7,153,33,2,4,9,9,4,15,1,0,0,10,112,16,0,1,57,12,1,22,153,5,0,2,153,75,0,2,11,0,0,17,108,12,0,0,0,5,22,41,1,0,0,0,86,18,8,16,48,7,1,18,153,6,0,1,153,10,0,4,8,0,4,72,28,0,0,0,0,0,41,56,4,0,0,0,23,8,4,14,5,1,0,5,51,3,0,0,25,1,0,1,1,0,0,9,1,0,0,0,0,0,0,3
179,0,0,0,0,0,0,173,10,0,0,0,3,4,9,34,4,10,1,0,3,4,12,6,3,6,2,7,30,10,1,4,179,3,0,0,0,0,3,136,75,14,1,0,0,0,9,86,13,30,6,0,1,1,3,4,3,7,2,20,21,1,3,5,179,177,14,0,0,0,0,37,95,72,7,0,0,0,3,14,15,3,2,2,3,14,37,15,18,18,0,1,0,2,17,14,88,179,34,0,0,0,0,0,16,33,20,5,0,0,0,1,4,10,35,17,4,6,5,3,31,27,10,1,0,0,2,8
1,0,0,0,17,140,81,7,15,6,5,5,23,128,33,15,123,49,6,4,9,7,1,6,37,13,1,13,40,32,2,3,38,0,0,0,0,131,140,51,140,34,20,2,0,8,20,71,81,100,45,3,1,0,0,3,23,10,4,34,41,25,7,4,63,21,0,0,0,10,37,54,140,89,4,0,0,0,5,63,76,91,69,24,10,1,0,3,1,1,11,28,61,61,11,2,28,54,0,0,0,6,8,4,119,106,2,0,0,0,0,1,18,48,33,10,2,0,0,0,0,0,4,11,15,1,0,0
0,0,0,0,21,60,125,22,1,1,3,16,125,89,40,5,125,58,7,14,26,4,2,9,125,68,0,0,0,0,0,1,13,1,10,5,0,12,125,79,79,10,14,12,16,19,56,69,125,58,43,13,3,0,0,7,125,24,2,2,2,2,0,24,26,3,15,14,3,5,14,14,125,11,3,0,0,0,0,42,106,34,38,7,0,0,0,17,85,3,9,4,3,14,13,86,5,5,67,45,6,1,6,5,125,1,7,15,7,0,0,77,125,22,14,7,0,0,0,38,13,14,20,35,9,3,10,15
48,57,24,24,8,4,4,12,107,122,18,14,3,0,0,0,39,122,2,5,2,1,2,1,29,25,0,0,0,13,29,6,81,94,27,23,0,0,0,0,122,86,12,15,0,6,6,15,48,26,4,9,8,122,37,8,7,55,6,0,0,98,98,4,97,90,22,37,11,1,0,0,84,26,14,40,23,18,41,57,11,111,33,0,2,122,51,16,2,122,27,0,0,56,23,0,67,38,5,8,17,14,7,9,6,62,25,16,27,14,15,6,11,83,11,0,0,64,58,5,26,84,5,0,0,49,35,3
49,20,3,7,20,4,2,3,9,4,5,20,32,17,41,39,0,0,6,121,50,25,26,3,0,0,11,121,36,4,1,0,85,25,4,22,74,1,0,0,48,52,48,36,69,7,17,11,7,11,62,121,19,23,24,1,0,0,1,95,62,41,16,0,73,11,1,17,112,2,0,1,121,17,8,13,87,4,1,28,45,7,21,121,38,4,7,10,0,0,0,121,121,12,7,0,63,3,0,13,89,2,0,3,121,45,3,17,63,0,0,3,31,14,5,34,20,2,6,3,0,0,1,108,121,0,0,0
40,7,0,0,0,0,0,3,113,19,0,0,0,0,0,15,96,87,2,0,0,0,0,3,109,137,4,2,4,2,0,0,19,19,5,0,0,0,0,2,127,7,0,0,0,0,0,60,156,156,0,0,0,0,0,22,74,128,0,0,30,25,0,0,4,5,7,5,0,0,0,0,140,3,0,0,0,0,0,21,156,40,0,0,0,0,0,51,62,19,0,7,78,20,0,12,0,3,7,4,0,0,0,0,70,18,7,0,0,0,0,8,156,6,0,0,0,0,0,68,64,0,0,0,65,42,1,25
3,1,5,6,5,3,0,2,41,4,4,29,20,1,1,28,19,13,73,136,76,0,0,3,69,119,79,67,3,0,0,0,2,2,1,0,4,8,9,3,88,12,6,1,2,1,0,15,136,30,98,104,0,0,0,26,37,38,136,136,0,0,0,0,22,5,2,0,0,0,2,27,69,30,12,0,0,0,0,15,136,53,5,1,0,0,0,15,123,63,91,34,0,0,0,2,20,19,3,0,0,0,0,12,63,8,0,0,0,0,0,28,136,16,0,0,0,0,0,52,136,63,0,0,0,0,0,20
107,47,0,0,0,0,0,5,103,40,0,1,16,15,18,13,44,23,42,12,14,19,16,14,1,16,85,54,36,6,0,0,127,107,0,1,4,0,0,0,83,48,4,18,104,21,2,10,127,31,18,5,16,6,1,24,21,10,27,18,127,19,0,1,127,62,2,2,2,0,0,3,59,30,40,109,38,1,0,1,127,22,22,38,9,3,12,64,13,1,1,10,127,25,21,26,127,52,1,0,0,0,0,7,41,49,50,50,3,0,0,1,3,7,104,60,4,1,4,16,1,3,32,25,67,11,9,9
10,45,4,0,0,95,131,10,69,3,0,0,0,108,131,47,68,0,0,0,0,25,121,82,0,0,0,0,0,53,102,6,15,0,0,0,0,33,131,34,131,11,0,0,0,10,42,54,86,2,0,0,0,54,75,24,0,0,0,0,0,79,100,0,50,98,13,0,0,2,33,22,131,85,0,0,0,19,23,25,19,0,0,0,0,96,74,10,0,0,0,0,1,37,54,5,14,129,28,0,0,2,1,1,14,47,1,0,4,32,12,2,0,0,2,0,0,20,14,3,1,0,0,0,1,8,5,7
121,2,0,0,0,0,8,55,62,8,17,48,18,3,6,25,0,34,96,71,6,0,0,0,6,9,59,121,6,0,0,18,121,3,0,0,0,0,1,89,121,34,10,3,1,1,12,82,16,87,60,6,0,1,28,16,1,23,37,121,56,17,16,6,121,18,0,0,0,0,0,17,121,23,8,7,0,3,31,46,10,7,8,21,5,11,121,70,3,0,0,3,57,55,58,51,99,4,0,0,0,0,0,36,121,24,14,13,5,1,1,23,18,7,15,57,113,15,15,25,27,1,0,2,54,23,25,66
65,2,1,34,77,1,0,44,123,69,7,32,45,0,0,2,60,33,15,71,9,0,0,0,0,0,6,96,26,0,0,0,119,4,2,17,69,2,2,65,123,123,9,16,19,1,1,13,51,51,13,73,49,0,0,2,0,0,5,76,40,0,0,0,101,0,0,3,68,10,9,71,123,10,0,1,1,0,9,123,59,4,0,27,61,13,17,49,0,0,0,26,74,7,2,0,41,0,0,0,18,29,40,84,123,0,0,0,0,0,22,123,31,0,0,0,4,19,98,56,0,0,0,3,22,31,45,4
3,5,1,0,1,2,0,2,12,101,30,0,1,2,0,0,0,75,122,10,0,0,0,0,0,43,95,6,0,0,0,0,32,15,2,8,3,0,0,0,131,131,26,3,0,0,0,5,23,77,131,89,0,0,0,1,38,91,101,29,0,0,0,1,45,5,11,6,6,8,0,6,131,22,2,1,0,0,0,131,96,29,54,36,4,1,0,81,39,28,44,58,17,11,8,9,6,1,38,78,37,0,0,3,78,0,0,3,5,0,0,131,73,3,0,0,7,6,29,131,3,1,5,15,31,24,49,44
46,3,2,0,0,0,5,56,136,8,0,0,0,0,14,74,136,17,5,30,15,3,5,43,1,15,70,67,19,2,1,1,32,28,28,2,1,0,0,8,136,22,1,0,0,0,0,75,136,40,5,1,1,0,7,112,28,70,63,7,1,0,19,17,29,16,12,2,3,4,10,22,136,47,0,0,0,0,0,13,136,55,8,7,0,1,20,39,19,11,9,21,5,5,122,71,42,1,0,0,0,0,1,32,136,9,0,0,0,0,0,44,136,45,13,14,7,1,0,14,18,9,13,50,106,20,14,24
114,20,0,0,0,0,0,4,130,15,3,43,41,0,0,1,14,18,5,87,77,0,0,0,18,21,2,4,33,11,0,0,92,28,20,3,0,0,0,5,133,24,9,48,16,0,0,15,22,15,26,133,71,0,0,0,7,8,17,63,64,11,0,0,24,17,85,23,0,0,0,1,133,49,25,15,1,0,0,21,66,14,19,133,43,0,0,3,0,0,26,133,69,0,0,0,33,17,23,2,0,0,0,4,133,83,15,1,0,0,0,2,77,31,12,89,26,1,0,0,0,0,4,83,133,19,0,0
111,71,0,0,0,0,0,10,132,57,0,0,0,0,0,42,92,20,0,0,3,81,18,21,0,0,0,0,18,132,15,0,65,59,5,0,0,10,7,22,132,15,0,0,2,16,6,50,61,3,0,0,39,132,33,15,0,0,0,0,7,93,58,34,64,28,0,0,0,34,21,8,132,41,0,0,10,76,14,20,12,0,0,0,69,132,17,14,8,0,0,0,4,25,19,93,65,80,1,0,0,11,7,2,50,25,0,0,18,127,7,4,0,0,0,0,22,132,14,1,12,0,0,0,0,17,21,65
25,6,0,0,6,88,49,10,85,31,0,0,2,11,1,18,105,93,4,0,2,2,0,4,7,23,7,4,36,11,0,0,63,3,0,0,0,6,34,133,133,45,0,0,0,0,2,48,117,42,0,0,2,4,17,35,4,0,0,0,32,26,12,8,133,8,0,0,0,0,7,133,133,10,0,0,0,0,6,133,25,1,0,0,0,0,37,125,0,0,0,0,5,21,32,29,20,0,0,0,0,0,40,133,16,0,0,0,0,0,16,133,13,0,0,0,0,0,32,133,0,0,0,0,0,23,65,27
68,61,1,0,0,0,0,11,84,19,0,0,16,23,20,86,115,0,0,0,96,35,15,124,0,0,0,0,124,43,11,5,62,57,3,0,2,11,2,4,68,9,0,0,34,85,9,31,124,5,0,0,71,34,7,99,3,0,0,1,124,68,1,4,15,23,1,0,2,55,11,1,94,33,0,0,16,85,4,4,124,72,0,1,79,32,1,10,1,0,1,32,124,33,0,0,0,7,3,0,1,40,17,0,95,84,3,0,2,17,1,1,91,35,0,0,47,73,4,4,0,0,2,12,37,30,0,0
5,0,0,67,138,23,1,8,37,3,5,8,13,2,1,25,2,0,13,29,17,5,1,0,0,3,27,6,0,2,11,5,10,0,0,2,138,93,1,6,111,4,1,3,11,6,1,29,17,4,18,37,2,0,0,1,0,14,53,13,0,0,0,0,16,8,0,2,138,65,0,0,124,31,1,0,8,1,0,6,26,84,16,5,1,0,0,5,0,138,109,4,0,0,0,0,9,65,33,3,33,32,0,0,26,138,128,0,1,0,0,0,5,138,136,0,0,0,0,0,2,138,70,0,0,0,0,0
0,0,0,0,0,0,26,17,18,2,0,0,0,9,124,47,105,14,0,0,0,10,90,50,39,0,0,0,1,37,34,34,25,1,0,1,0,0,58,61,124,31,0,0,0,1,83,88,124,28,0,0,0,15,124,45,15,2,0,0,0,50,124,29,52,1,0,4,4,3,3,21,124,7,0,0,0,21,100,97,22,0,0,0,0,55,124,77,60,4,0,0,0,2,59,124,3,0,0,0,1,8,8,13,8,0,0,0,0,7,62,35,65,1,0,0,0,8,38,39,124,11,0,0,0,0,3,83
8,14,3,0,0,0,1,6,3,20,53,2,0,3,4,3,44,61,28,2,0,2,0,0,22,20,0,0,0,0,0,0,61,34,9,0,0,0,0,5,107,93,124,10,0,0,0,17,72,88,124,42,0,0,0,1,124,60,17,2,0,0,0,4,36,42,74,3,0,0,0,5,124,84,25,1,0,0,0,39,124,47,124,39,0,0,0,8,103,48,98,17,0,0,0,7,1,74,124,19,0,0,0,0,62,124,61,4,0,0,0,2,124,29,17,2,0,0,0,42,29,36,50,1,0,0,0,24
4,0,1,12,1,0,6,44,106,28,0,0,0,0,2,21,132,56,0,0,0,0,0,2,10,9,3,0,0,0,0,2,16,5,4,69,34,0,0,12,132,95,0,2,0,0,0,25,132,81,1,0,0,0,0,13,4,14,8,3,0,0,0,0,8,2,2,78,82,0,0,4,111,12,3,14,5,0,2,132,132,36,11,0,0,0,0,132,17,28,88,17,0,0,0,0,0,0,2,89,66,0,0,0,31,0,3,40,38,0,1,44,132,33,9,0,2,0,0,124,85,41,117,30,0,0,0,29
7,0,0,1,0,9,98,123,7,0,3,31,8,6,100,123,1,0,3,123,40,3,22,36,8,1,2,78,34,0,7,28,31,0,0,0,0,0,17,98,45,1,0,0,0,16,114,123,102,7,0,22,29,2,31,123,8,0,0,58,123,2,0,4,3,3,12,4,0,2,22,23,103,40,2,0,0,5,48,37,123,66,0,2,24,3,4,32,13,3,0,11,123,11,0,1,0,4,28,10,0,0,0,0,80,16,12,8,0,0,0,29,123,28,1,6,13,0,0,46,9,3,1,57,98,2,0,1
145,10,1,4,0,0,0,53,144,18,17,14,0,0,0,72,7,3,43,102,0,0,0,2,0,0,33,90,0,0,0,0,139,14,3,13,6,1,1,68,145,15,1,0,0,0,0,115,54,14,10,41,13,0,0,3,0,0,23,85,6,0,0,0,145,46,0,0,1,1,4,16,145,88,0,0,0,0,0,8,76,7,1,12,19,0,0,1,1,2,4,21,14,0,0,0,145,11,0,0,0,0,0,42,145,51,0,0,0,0,1,89,29,14,7,13,2,0,3,27,2,6,13,22,7,0,0,0
3,3,2,1,6,12,137,116,98,24,18,1,0,1,100,151,59,18,21,6,6,2,0,46,6,29,16,3,4,4,3,4,35,43,4,0,1,5,10,10,151,151,1,0,0,0,7,55,134,57,5,0,1,3,12,25,4,13,8,0,2,10,10,8,28,18,10,0,0,0,16,25,151,20,0,0,0,0,2,101,122,16,2,1,2,5,8,38,7,5,2,2,2,11,8,9,15,0,14,41,2,0,24,50,151,28,0,1,0,0,4,49,127,32,5,1,0,0,0,15,1,14,24,5,0,0,0,0
0,1,3,4,10,7,3,0,3,5,0,6,22,7,3,0,8,24,12,75,76,5,0,0,0,1,1,81,148,7,0,0,3,1,4,2,9,8,4,7,28,5,1,6,29,14,1,5,101,36,9,52,110,1,0,11,4,4,2,70,148,4,0,0,16,1,1,2,5,2,8,31,31,4,2,26,22,6,1,7,148,27,9,74,78,1,0,63,20,3,4,148,148,6,0,11,31,2,0,0,0,1,1,9,8,0,0,3,22,28,3,7,89,1,2,19,12,10,7,148,77,6,26,148,47,0,1,110
0,0,0,0,0,0,0,0,68,43,0,0,0,0,0,3,68,63,13,15,1,1,22,23,0,0,9,24,19,29,24,18,13,0,0,0,0,0,0,5,135,55,3,2,0,0,1,27,35,21,7,23,11,27,45,26,0,0,1,2,26,114,33,5,33,64,8,0,0,0,0,6,135,132,9,3,10,9,7,40,16,13,5,11,53,135,49,11,22,134,37,3,15,68,44,5,22,77,10,0,0,1,9,7,21,93,7,3,19,47,60,8,49,135,25,8,80,57,20,3,44,135,100,19,62,122,4,1
9,0,0,3,27,21,52,21,71,8,7,4,3,10,26,38,18,4,7,9,6,5,6,18,3,0,0,0,35,43,12,2,25,19,15,20,19,3,3,13,148,29,10,10,5,1,0,9,23,2,2,16,31,14,7,3,3,0,1,17,53,19,3,1,14,21,8,4,0,22,170,80,47,10,4,2,3,12,53,132,8,0,0,3,21,67,46,22,9,3,4,8,14,10,27,13,32,0,0,0,3,99,170,170,67,0,0,0,1,2,105,170,5,1,2,7,16,15,130,108,20,2,1,0,0,1,18,45
0,0,0,16,124,45,4,0,5,5,11,36,30,22,12,5,41,72,80,24,10,2,3,13,29,47,47,72,41,3,0,3,0,0,3,60,124,32,2,0,28,4,4,43,34,24,22,44,101,36,24,3,2,0,3,81,23,11,4,37,85,6,9,33,0,0,3,73,124,57,0,0,52,31,6,31,61,85,8,6,124,79,15,10,8,1,1,12,8,10,23,58,29,9,16,12,0,3,50,89,124,28,0,0,13,124,124,21,19,24,3,1,27,124,99,2,0,0,0,0,3,12,36,45,8,0,0,0
0,0,0,0,0,0,0,4,41,0,1,3,9,9,24,125,15,31,14,10,12,12,71,45,20,11,0,0,1,8,114,105,4,1,0,0,0,0,0,2,125,72,9,1,0,1,9,91,54,29,84,27,7,14,57,31,0,0,18,24,90,54,88,35,3,0,0,0,0,0,0,0,125,22,1,0,0,0,11,94,52,11,21,15,12,51,107,49,0,1,3,7,125,111,25,0,1,0,0,0,0,0,0,2,125,8,1,0,0,0,2,125,63,13,18,23,42,58,17,54,31,20,2,7,73,125,15,4
0,0,0,0,0,0,0,0,0,0,0,0,0,0,0,0,0,0,0,3,0,0,0,0,0,0,0,0,0,0,0,0,6,0,0,22,41,0,0,3,106,10,5,7,11,0,0,14,17,23,37,36,1,0,0,0,0,6,4,0,0,0,0,0,13,0,4,79,148,11,0,5,148,6,1,6,65,6,1,47,148,148,20,5,0,0,0,7,36,90,3,0,0,0,0,0,6,0,1,23,148,31,2,6,148,3,0,4,70,14,7,101,148,148,0,0,0,0,6,116,51,95,11,0,0,0,0,26
2,0,0,0,41,106,3,2,84,27,0,0,8,16,1,37,81,133,26,0,0,0,0,10,1,73,56,0,0,0,0,0,2,0,0,8,28,65,2,4,108,10,3,9,2,3,1,75,134,53,8,0,0,0,0,80,29,17,23,3,0,0,0,2,6,5,41,134,24,2,0,4,87,93,35,13,0,0,0,13,134,93,0,0,0,0,0,61,39,5,0,0,0,0,0,16,0,1,120,134,9,0,0,0,22,20,64,98,68,3,5,25,92,22,3,3,6,2,6,134,21,2,0,0,0,0,0,47
5,1,106,125,26,45,51,12,10,53,139,67,1,0,0,4,0,60,139,40,0,0,0,0,0,129,139,3,0,0,0,0,80,0,1,0,0,15,58,95,109,20,17,0,0,0,0,39,17,52,49,5,0,0,0,0,5,55,29,2,0,0,0,0,116,1,0,0,0,0,3,110,139,28,0,0,0,0,0,39,42,59,4,0,0,0,0,0,6,25,10,2,0,0,0,0,139,11,0,0,0,0,6,29,139,50,0,0,0,0,0,8,22,33,0,0,0,0,0,4,0,5,0,0,0,0,0,0
0,0,0,0,8,119,75,1,7,11,3,2,97,128,68,6,80,128,6,2,15,15,21,47,65,54,0,0,0,0,1,20,3,1,0,0,15,128,75,4,57,12,1,0,6,42,88,56,128,94,2,0,1,1,3,84,37,29,0,0,0,0,0,10,3,4,50,5,16,34,3,0,73,64,34,4,3,8,2,9,128,82,0,0,0,0,5,51,42,2,0,0,0,0,8,33,0,3,111,30,3,0,0,0,19,25,59,33,8,2,5,9,50,15,3,5,2,2,71,115,6,0,0,0,0,0,70,119
0,0,17,130,75,10,7,1,90,7,14,15,1,1,7,17,141,56,7,0,0,0,0,10,91,28,6,0,0,6,7,28,0,0,33,141,112,27,0,0,74,4,33,117,67,1,0,12,141,30,7,5,4,0,0,29,41,26,19,26,5,2,7,14,0,0,0,15,141,114,1,0,44,10,1,54,141,5,0,1,141,25,1,6,9,0,2,32,38,4,2,5,4,11,20,21,0,0,0,0,27,40,14,6,19,0,0,15,99,5,2,4,110,1,0,3,10,0,2,44,6,0,0,0,0,2,9,14
3,0,0,0,0,1,127,146,48,0,0,0,0,0,59,146,47,1,0,0,0,0,1,59,2,2,0,0,0,0,5,5,86,8,0,0,8,2,17,63,146,51,0,0,0,0,8,103,133,14,0,0,0,0,0,49,7,0,0,0,0,0,6,15,116,43,0,1,10,0,0,1,146,72,0,0,0,0,0,30,127,10,0,0,0,0,0,43,23,3,1,0,0,0,0,10,120,57,0,0,4,0,0,3,146,131,0,0,0,0,0,1,56,28,0,0,0,0,0,11,16,0,0,0,0,0,2,21
75,6,10,15,4,6,30,33,151,83,12,1,1,1,6,19,151,63,7,0,3,19,11,39,21,30,0,0,13,87,18,8,78,4,45,139,59,2,2,12,151,49,13,10,6,0,0,36,74,47,29,34,7,10,19,37,38,63,2,0,3,54,27,12,41,9,2,66,151,14,0,2,151,33,2,11,19,0,4,45,59,13,6,14,8,27,32,28,19,9,1,0,3,91,24,7,17,0,0,14,97,8,4,5,135,2,0,5,18,0,3,54,10,0,0,0,0,5,14,19,0,0,0,0,0,5,0,0
4,0,2,4,5,47,132,54,37,18,7,5,37,53,89,51,132,117,10,4,11,4,0,2,76,44,0,0,2,15,4,3,26,2,20,39,13,7,16,14,132,41,6,1,0,0,3,30,132,75,13,0,0,0,4,28,54,15,1,0,13,60,20,31,9,1,50,132,67,5,1,2,132,15,7,24,16,0,0,40,132,39,24,21,4,0,4,20,24,35,6,12,3,21,17,14,0,0,0,38,124,25,0,0,132,18,1,22,41,0,0,14,128,5,1,3,2,4,13,37,3,5,1,2,3,39,14,1
4,5,4,2,0,0,0,0,54,29,9,1,0,0,0,0,145,78,0,0,0,3,0,1,53,16,0,1,90,85,0,2,12,20,2,0,0,0,0,0,82,56,10,0,0,0,0,1,145,41,0,0,8,22,6,50,28,1,0,0,145,145,7,13,3,76,50,0,0,0,0,0,23,91,68,0,0,0,0,1,95,37,14,1,16,32,18,64,3,0,0,0,145,145,15,13,0,29,100,7,0,0,0,0,0,40,74,2,0,0,0,0,1,14,24,19,63,13,1,1,0,0,0,23,145,69,0,0
4,8,13,2,0,0,0,0,98,11,0,0,0,0,0,11,146,124,0,0,0,0,0,4,38,78,0,1,56,52,0,0,2,3,8,5,0,0,0,0,133,12,3,1,0,0,0,3,146,43,0,0,3,3,0,18,35,13,0,11,146,61,0,5,7,8,4,1,0,0,0,0,100,31,6,0,0,0,0,3,146,8,0,0,7,12,2,54,26,0,0,0,146,146,3,15,11,23,1,0,0,0,0,0,36,52,11,0,0,0,0,4,114,19,3,0,4,10,11,78,5,0,0,0,146,74,14,20
0,0,0,18,31,1,0,0,0,3,3,102,130,4,0,0,41,130,31,41,34,0,0,0,14,130,99,10,4,0,0,0,0,0,0,1,35,36,3,0,20,4,1,15,130,108,0,1,130,98,3,8,26,14,1,22,65,42,14,16,19,2,14,41,0,0,0,0,24,99,69,1,46,5,0,0,90,130,3,2,130,10,0,0,4,7,1,65,35,1,0,0,3,10,27,82,0,6,23,8,7,44,42,2,12,82,63,4,8,38,3,0,67,113,35,1,1,2,0,12,30,13,1,0,8,53,11,7
45,3,0,3,21,15,0,5,146,29,0,1,2,0,2,12,88,21,9,4,10,5,13,32,37,22,45,51,59,0,0,8,66,1,0,4,35,8,0,10,146,41,4,10,4,0,0,12,111,30,46,48,13,1,1,30,62,7,10,20,67,10,14,47,48,0,0,5,38,5,0,17,146,16,2,1,0,0,0,71,122,54,102,32,0,0,0,13,4,12,99,37,26,8,5,10,14,2,41,41,19,0,0,4,146,13,22,3,0,0,0,129,101,18,15,2,1,11,47,146,0,0,15,8,16,57,44,10
3,2,0,16,118,8,0,0,129,51,0,1,7,0,0,14,129,52,0,3,1,0,0,17,17,4,0,60,70,0,0,1,2,1,0,0,80,72,3,3,122,19,0,0,3,4,1,104,129,19,0,0,0,0,0,121,36,2,0,16,85,18,0,6,10,3,0,0,5,41,6,3,129,84,0,0,0,0,0,13,129,102,0,0,4,2,0,19,28,6,0,0,97,43,0,2,15,0,0,0,1,1,1,3,129,15,0,0,0,0,0,21,129,14,0,0,3,6,4,97,6,0,0,0,64,65,8,19
126,1,0,0,0,0,2,47,105,10,5,27,9,0,0,26,1,7,89,93,10,0,0,0,8,2,52,126,3,0,0,10,126,8,0,0,0,0,0,43,126,28,6,1,0,0,1,55,25,63,75,8,0,0,12,19,1,13,50,126,64,8,6,4,126,31,0,0,0,0,0,5,126,35,4,4,1,0,17,34,14,7,3,7,5,3,101,93,0,1,1,9,76,75,48,38,126,11,0,0,0,0,0,15,126,45,11,14,18,2,1,1,4,3,5,22,83,23,24,35,5,0,0,0,51,50,26,46
51,6,1,0,0,0,1,47,147,1,0,0,0,0,4,79,147,12,2,20,6,0,0,40,3,7,68,76,13,0,0,2,35,33,26,0,0,0,0,3,147,20,0,0,0,0,0,47,147,25,2,1,0,0,1,77,43,60,57,5,0,0,11,22,37,13,7,0,0,0,5,29,147,45,0,0,0,0,0,9,147,52,4,3,0,0,10,29,24,8,4,9,7,3,85,79,50,0,0,0,0,0,0,32,147,11,0,0,0,0,0,30,147,56,9,9,10,1,0,3,9,7,8,25,91,22,15,20
16,0,0,0,0,0,0,18,8,0,0,0,0,0,0,35,4,2,0,0,0,0,0,8,0,1,0,0,0,8,0,0,120,109,0,0,0,0,1,77,120,80,0,0,0,0,9,120,59,17,0,0,0,24,69,35,1,7,1,0,0,106,66,1,105,55,0,0,0,0,16,120,110,51,0,0,0,0,52,120,13,52,15,0,0,36,120,28,1,39,24,4,2,51,53,0,120,86,0,0,0,0,0,18,113,120,9,0,0,0,0,9,10,120,67,3,0,2,2,2,0,12,83,27,8,13,2,0
75,75,44,0,0,0,0,0,56,121,121,6,0,0,0,0,41,60,15,0,0,0,0,0,0,0,0,0,0,0,0,0,92,121,121,3,0,0,0,0,121,121,113,3,0,0,0,12,72,120,69,1,0,0,0,6,5,5,2,0,0,0,0,0,6,59,121,47,0,0,0,0,84,35,70,31,0,0,1,87,32,28,21,5,0,0,20,121,2,3,8,2,0,0,24,32,5,21,56,51,2,0,3,10,0,0,44,105,32,3,4,10,1,1,26,28,5,1,32,95,0,0,3,8,1,1,79,69
0,0,0,18,109,8,0,0,109,19,0,10,28,1,0,8,142,93,34,16,0,0,0,5,0,5,47,61,0,0,0,0,0,0,2,27,57,31,14,1,141,16,5,47,20,5,6,17,142,38,15,12,0,0,0,59,22,7,33,118,1,0,0,1,0,0,0,3,44,33,41,2,132,30,0,4,5,9,29,17,142,95,0,1,0,0,0,15,42,13,5,39,10,0,0,0,1,0,2,55,64,6,3,0,142,12,3,3,1,2,3,40,142,40,0,0,0,0,0,136,20,7,7,15,3,0,0,30
7,0,0,0,0,0,0,10,21,0,0,1,7,6,4,37,19,13,0,2,36,26,2,2,38,52,17,38,118,9,0,0,5,0,0,0,0,0,0,8,67,9,0,2,7,4,2,48,80,29,1,16,32,18,4,13,135,79,7,68,141,18,0,13,2,1,0,0,0,0,0,0,39,10,0,0,2,25,12,9,68,1,0,1,13,91,22,58,141,19,9,141,123,3,5,141,0,0,0,0,0,0,0,0,0,0,0,0,3,35,25,3,14,0,0,0,13,137,65,28,141,3,2,38,10,16,82,141
4,0,0,5,3,13,100,120,5,0,0,66,31,4,53,82,17,0,0,62,50,1,26,84,39,0,0,6,10,2,11,120,19,2,3,1,0,0,30,88,120,15,0,5,18,0,32,102,34,3,0,26,120,5,2,20,33,0,0,1,19,3,7,120,23,15,51,8,0,0,1,5,120,62,16,6,10,0,0,26,39,14,11,94,120,2,0,3,37,47,29,27,17,0,0,16,1,78,120,2,0,0,0,0,39,120,90,6,1,0,0,0,8,24,36,91,8,0,0,0,3,64,81,28,0,0,0,0
0,1,47,18,1,37,74,38,1,1,84,87,0,0,36,59,12,69,131,24,0,0,3,9,44,102,24,0,0,0,1,3,1,0,0,0,2,90,93,67,23,6,6,3,0,0,131,131,131,30,35,1,0,0,23,131,18,25,21,5,2,1,2,5,6,21,6,1,1,18,13,5,108,99,0,0,0,0,14,31,131,131,0,0,0,0,2,41,32,21,12,2,0,0,2,8,3,13,8,2,0,0,9,16,131,25,0,0,0,0,1,21,131,34,0,0,0,0,1,20,13,4,0,0,0,1,5,15
4,1,1,0,0,6,145,100,107,18,8,0,0,0,69,152,65,18,13,4,1,0,0,41,4,22,15,2,1,1,1,2,47,38,0,0,0,3,15,16,152,116,0,0,0,0,5,49,152,40,2,0,0,0,6,25,2,9,6,0,0,5,9,10,44,22,2,0,0,0,9,23,152,15,0,0,0,0,0,97,144,10,0,0,0,0,5,45,5,4,1,1,1,6,7,10,18,0,7,25,0,0,21,44,152,7,0,0,0,0,2,53,152,22,3,0,0,0,0,15,2,14,24,2,0,0,0,0
25,0,2,19,1,9,92,83,23,0,1,121,51,0,4,39,8,8,11,66,27,1,17,35,107,31,3,0,0,0,5,57,70,5,2,0,0,3,32,121,121,8,15,63,15,0,0,121,15,30,121,121,8,0,0,2,64,121,65,3,0,0,0,0,24,113,46,0,0,0,0,18,121,121,32,2,0,0,0,44,37,33,64,26,3,1,1,2,24,42,36,1,0,0,1,5,52,121,18,0,0,0,0,0,20,121,28,1,0,0,0,4,4,11,22,15,3,1,0,1,17,13,12,4,0,0,0,3
22,10,8,3,3,2,15,14,8,2,2,2,1,2,36,52,34,24,10,1,0,0,2,25,1,3,1,0,0,0,0,0,0,1,61,63,7,2,5,0,21,5,35,51,8,1,15,38,116,12,3,4,1,0,2,46,1,0,0,0,0,0,0,0,0,0,166,167,1,0,0,0,6,19,162,161,2,0,0,0,28,47,52,14,0,0,0,1,0,0,0,0,0,0,0,0,0,0,143,167,5,0,0,0,0,3,167,167,0,0,0,0,0,6,62,18,0,0,0,0,0,0,0,0,0,0,0,0
0,0,0,0,0,0,0,0,0,0,0,0,0,0,0,0,0,0,0,0,0,0,0,1,11,0,0,0,0,0,0,8,0,0,0,0,1,22,20,9,3,2,0,0,3,78,57,9,86,8,0,0,0,6,32,89,176,55,0,0,0,0,0,60,6,2,1,2,32,36,18,17,26,22,1,3,50,70,21,8,176,41,0,0,0,2,7,39,176,144,0,0,0,0,0,7,12,1,1,7,29,26,9,5,20,9,5,16,30,8,4,8,176,37,1,0,0,0,0,18,176,176,0,0,0,0,0,2
2,0,0,0,0,0,0,0,0,0,0,0,0,0,0,0,1,0,0,0,0,0,0,0,1,0,0,0,0,0,0,0,136,19,0,0,0,0,0,9,28,2,0,0,0,0,5,36,87,6,0,0,0,0,0,34,42,3,0,0,0,2,14,15,130,39,0,0,0,0,0,23,65,24,0,0,0,0,2,22,83,34,0,0,0,43,41,19,16,0,0,0,0,148,175,20,40,32,5,0,0,0,1,27,60,19,0,0,0,89,34,16,11,3,0,0,0,175,175,4,0,0,0,0,0,175,175,0
0,0,0,0,0,0,0,0,0,0,0,0,0,0,7,2,0,0,0,0,4,5,25,10,0,0,0,2,10,9,4,1,0,0,0,0,16,4,0,0,7,2,0,0,87,71,96,26,95,15,0,0,5,14,129,134,23,2,1,3,5,5,4,18,0,0,0,0,37,134,19,5,39,11,0,1,134,134,51,32,134,62,0,0,11,10,16,129,43,7,1,1,1,1,0,20,0,0,0,0,45,134,69,8,25,11,12,0,30,114,36,26,134,11,3,0,0,1,19,134,33,0,0,0,0,0,68,70
66,6,0,0,0,0,55,102,2,0,0,0,0,4,44,39,0,0,0,0,0,1,7,0,0,0,0,0,0,0,0,0,17,5,0,3,2,1,128,128,21,17,20,2,0,29,128,128,115,17,6,0,0,9,65,69,16,0,0,0,0,0,0,1,22,128,97,17,5,0,2,14,26,128,128,8,0,4,20,21,128,128,109,3,0,1,5,19,32,8,0,0,0,1,12,10,111,116,49,1,0,0,0,8,8,87,45,0,0,0,0,0,1,18,25,0,1,3,4,2,2,1,0,0,3,4,10,4
0,14,102,129,49,3,1,0,7,23,25,129,67,19,5,0,129,129,14,2,0,2,1,1,49,75,56,4,0,0,0,0,0,1,15,121,39,0,0,0,25,26,33,129,129,2,0,6,129,129,18,14,17,1,0,46,38,22,1,0,0,0,0,6,3,1,1,19,25,0,1,3,5,23,129,129,111,0,0,1,59,75,117,17,6,0,0,11,5,0,0,0,0,0,0,1,11,3,2,1,0,0,3,5,14,11,31,8,0,0,0,2,0,3,18,0,0,0,0,0,0,0,0,0,0,0,0,0
30,0,0,24,60,6,61,54,141,0,0,0,0,0,17,141,54,0,0,0,0,0,1,54,8,2,0,0,0,0,1,7,55,5,0,35,141,3,0,6,141,27,0,0,0,0,0,45,112,7,0,0,0,0,2,47,4,0,0,0,0,0,10,36,43,17,0,11,141,8,0,3,141,89,1,1,2,0,0,21,73,9,0,0,0,13,48,23,0,0,0,0,0,12,100,21,51,86,1,2,70,35,0,0,128,141,13,16,25,2,0,0,5,10,5,14,63,54,35,1,0,0,0,0,1,49,71,1
2,0,0,0,6,124,115,9,124,78,1,0,11,36,31,37,106,97,0,0,0,0,0,10,4,2,0,2,5,3,1,0,11,16,49,10,4,33,15,6,124,84,7,0,0,0,5,45,124,14,0,0,0,0,6,47,1,0,1,2,9,10,4,5,4,10,104,75,1,0,0,0,75,32,27,35,3,1,36,113,27,4,2,0,0,0,88,124,0,0,0,0,2,77,97,42,5,9,70,55,0,0,0,7,2,4,106,120,1,0,4,10,11,18,92,25,1,1,22,48,1,9,69,21,3,41,65,13
0,0,4,82,6,10,37,7,21,31,9,12,0,6,64,46,51,121,56,0,0,16,39,32,64,101,56,0,0,2,5,20,1,3,12,121,51,0,0,1,56,121,63,29,5,0,0,13,73,121,26,0,0,0,0,3,6,47,28,0,0,0,0,0,4,1,4,121,93,1,0,4,121,37,9,28,19,1,1,95,121,30,0,0,0,0,1,81,4,1,0,1,2,11,7,4,0,1,7,105,45,0,0,0,42,9,26,91,15,1,3,31,51,1,0,5,3,1,75,121,1,2,2,0,1,50,121,14
1,7,14,22,58,47,2,0,1,10,10,6,59,103,4,0,1,110,65,9,13,32,5,0,0,36,76,107,8,2,1,0,9,4,4,11,120,120,11,10,103,82,10,3,28,57,8,10,26,120,53,1,0,0,0,1,0,22,65,50,0,0,0,0,11,4,21,120,72,28,2,3,120,15,6,77,15,3,1,65,81,18,1,0,0,0,5,70,1,1,2,1,0,2,4,4,12,15,49,92,24,5,4,12,21,1,7,113,120,28,24,57,13,0,0,0,8,8,58,120,4,0,0,0,0,0,14,75
18,1,0,3,138,97,11,16,138,16,0,0,7,11,8,66,124,9,0,0,0,12,20,21,9,3,0,0,19,73,40,5,55,25,1,3,99,95,77,22,138,70,1,1,7,6,2,20,73,9,0,0,11,84,30,16,23,21,1,0,7,41,29,5,138,18,3,1,0,3,26,66,138,41,3,0,0,5,11,61,48,13,2,0,12,47,28,33,79,34,0,0,1,6,9,14,121,4,19,50,12,0,0,46,138,19,9,3,0,1,3,64,18,9,7,2,4,38,14,10,32,1,0,0,2,21,14,26
54,20,5,0,1,0,0,9,129,20,0,0,0,0,0,23,60,21,24,16,6,7,29,40,0,1,10,61,129,43,17,8,91,3,0,1,6,0,0,29,129,40,2,2,7,2,2,16,36,13,3,7,65,42,48,31,0,0,0,0,129,119,27,11,86,0,0,2,13,3,0,31,129,7,0,0,4,7,16,118,22,1,0,7,89,66,23,29,0,2,0,1,122,118,3,1,29,0,0,2,7,3,0,28,97,0,0,0,0,2,30,109,20,1,1,1,22,121,70,24,2,44,6,0,40,84,2,0
4,1,0,0,3,42,22,2,72,65,0,0,0,3,2,3,126,82,0,0,0,0,0,9,82,15,0,0,0,0,0,14,17,3,0,2,8,2,3,5,126,45,0,0,0,0,0,69,126,70,0,0,0,0,0,120,93,22,0,0,0,0,28,78,20,6,1,5,13,0,0,1,126,125,0,0,0,0,0,11,126,126,7,0,0,0,0,33,27,73,36,0,0,0,15,35,24,18,2,6,14,0,0,0,126,122,0,0,0,0,0,0,120,126,9,0,0,0,0,0,13,69,45,1,0,0,2,2
36,11,0,20,64,0,0,4,146,68,3,0,0,0,0,10,16,31,24,7,0,0,0,0,0,0,14,6,0,0,1,0,44,2,0,34,88,0,0,5,155,82,18,3,2,0,0,18,44,52,122,75,0,0,0,1,0,0,71,63,0,0,0,0,25,3,3,41,49,19,9,2,155,22,5,7,2,1,1,70,155,29,55,73,0,0,0,24,0,0,80,128,0,0,0,0,17,0,0,6,29,29,23,8,155,24,0,0,0,1,5,38,155,27,5,14,0,0,0,23,1,5,40,35,0,0,0,0
16,0,0,6,22,2,1,28,145,0,0,0,0,0,0,145,137,0,0,0,0,0,0,145,2,0,0,0,0,0,0,6,2,0,1,31,38,3,1,5,145,14,1,0,0,0,1,145,145,23,0,0,0,0,0,145,23,0,0,0,0,0,0,14,1,7,5,44,78,10,0,0,124,142,7,2,1,0,0,7,145,145,0,0,0,0,0,16,20,6,0,0,0,0,0,2,1,2,0,6,26,3,0,0,25,22,0,0,0,0,0,0,26,16,0,0,0,0,0,0,0,0,0,0,0,0,0,0
5,2,0,0,0,0,12,12,63,10,0,0,0,0,2,37,153,9,0,0,0,0,0,144,153,15,1,15,22,0,0,153,14,18,12,10,0,0,0,1,65,64,1,0,0,0,0,4,98,40,1,0,0,0,0,88,153,1,0,1,3,1,2,153,9,6,8,18,2,0,0,0,79,11,1,0,0,0,0,25,63,17,0,0,0,0,0,32,149,14,0,0,0,0,1,137,4,3,2,2,1,0,1,2,24,14,2,0,0,0,0,14,48,37,0,0,0,0,0,41,104,129,2,0,0,0,0,6
2,16,111,55,8,0,3,2,26,2,18,124,57,6,19,21,124,5,5,14,10,5,13,117,15,7,19,22,14,9,10,20,0,1,5,8,31,43,27,0,13,1,0,22,124,111,10,9,124,6,0,2,17,17,7,68,73,4,0,0,0,11,19,23,0,0,0,2,9,124,124,6,44,8,0,0,52,124,109,22,124,31,0,0,6,10,5,18,37,2,0,0,0,29,28,12,1,0,19,124,27,31,34,3,104,6,10,24,2,5,23,36,124,11,0,0,0,1,3,29,18,2,0,0,0,8,10,19
1,3,7,51,35,2,0,0,0,2,7,120,88,2,7,1,15,105,46,28,10,1,27,32,21,120,67,0,0,0,27,25,6,22,16,45,29,0,0,0,19,10,9,106,120,0,0,1,120,120,45,14,13,0,0,10,30,120,36,0,0,0,0,3,5,47,16,31,25,0,0,0,12,5,10,120,120,0,0,0,120,14,7,42,13,0,10,81,47,3,0,0,0,13,60,66,16,14,6,14,16,6,4,7,8,11,36,120,29,2,3,7,8,6,28,120,41,3,23,47,4,34,54,13,2,15,85,54
17,4,0,0,96,57,0,0,122,85,2,0,4,5,0,0,57,51,13,27,32,1,0,0,0,1,2,58,122,1,0,0,42,9,13,50,107,15,0,0,122,94,18,3,1,0,1,17,35,43,43,31,68,7,5,9,0,0,0,30,122,4,0,0,10,8,101,122,12,0,0,0,119,25,59,57,7,0,21,86,22,3,4,16,44,17,81,100,2,0,1,83,122,6,4,4,0,0,23,27,3,3,1,0,1,1,12,77,70,15,6,8,84,26,3,15,26,3,17,45,29,14,10,92,29,3,2,6
118,17,37,44,32,2,0,10,119,47,27,9,6,4,22,63,1,3,11,70,119,10,16,6,2,0,0,55,107,6,1,2,18,9,119,109,4,0,0,6,41,7,29,77,33,5,72,109,65,15,9,64,57,10,54,67,2,3,25,119,51,0,0,0,0,0,11,21,18,27,18,3,30,8,2,58,111,67,5,6,119,35,6,18,18,7,8,36,9,5,29,99,32,8,5,7,1,0,0,0,5,47,119,26,46,35,0,0,16,93,22,7,99,47,0,0,0,2,6,13,10,9,6,6,10,15,11,5
2,8,4,33,130,26,0,0,0,16,20,5,77,10,0,0,1,7,48,17,0,0,1,4,14,0,10,8,0,0,1,38,6,4,0,26,130,29,0,1,65,108,40,12,50,6,0,2,12,40,130,86,0,0,0,0,0,0,72,127,0,0,0,4,8,0,0,6,130,40,3,10,130,18,3,3,43,5,0,83,74,21,51,25,0,0,0,73,9,5,38,130,7,0,0,8,2,1,1,49,130,6,1,3,48,0,0,29,44,0,0,83,115,14,0,0,0,0,0,130,25,29,20,41,5,4,4,20
0,0,0,0,87,99,3,0,87,71,2,2,17,10,2,1,53,74,30,52,1,0,0,0,0,0,10,62,1,0,0,0,17,4,0,37,122,30,4,2,122,105,0,2,2,3,3,13,79,66,14,56,3,0,0,3,0,0,21,119,2,0,0,0,11,2,1,122,122,6,0,2,122,13,1,12,13,3,0,114,122,11,17,10,0,0,0,59,0,0,38,41,0,0,0,0,0,0,0,14,122,85,1,1,122,0,0,1,18,19,3,64,122,9,6,1,0,0,0,48,6,4,19,6,0,0,0,0
28,0,0,108,56,3,5,51,117,4,1,9,7,9,9,120,6,1,1,7,34,95,29,6,0,0,0,0,14,64,18,0,23,1,0,83,109,32,31,12,139,35,4,37,40,7,0,19,33,13,4,80,139,12,0,1,0,0,0,4,46,16,0,0,34,0,0,2,18,56,103,25,139,10,0,4,25,28,11,45,48,2,0,27,139,63,5,10,0,0,0,5,64,22,0,0,32,13,5,12,4,1,8,4,139,8,0,0,3,23,18,86,9,0,0,0,40,133,36,25,2,0,0,2,17,15,11,6
0,0,9,131,60,12,8,5,52,0,0,46,16,1,6,117,65,0,0,0,1,8,11,114,1,0,0,0,10,68,26,3,0,0,0,84,97,11,14,18,60,3,1,119,89,2,0,17,131,27,5,19,12,2,0,33,8,7,3,45,83,21,0,0,0,0,0,8,20,22,122,75,52,2,0,25,87,76,40,10,131,22,1,13,19,5,1,20,26,6,1,56,131,3,0,1,0,0,0,9,3,5,66,25,67,1,0,0,1,31,49,13,131,4,0,0,7,13,7,46,16,0,0,3,89,59,7,9
0,0,2,60,80,11,14,33,49,3,0,103,90,1,0,17,134,22,3,15,13,5,2,38,4,3,2,20,57,38,4,1,0,0,0,7,18,17,119,117,61,4,0,30,95,79,54,12,134,40,3,21,36,6,1,10,16,6,1,51,134,5,0,0,0,0,0,20,9,5,70,35,109,6,0,0,2,36,66,18,134,13,0,0,20,30,13,53,12,0,0,5,134,80,8,5,0,1,5,45,24,0,0,0,61,28,8,4,1,0,1,9,91,4,0,0,4,34,21,83,1,0,0,0,18,95,30,10
0,0,0,0,0,1,2,0,8,0,0,2,2,3,17,24,7,1,10,63,52,0,1,14,0,2,13,49,45,14,1,0,0,0,0,1,2,6,2,0,18,3,4,14,15,35,48,56,139,40,54,45,2,0,9,84,17,26,129,139,29,0,0,0,0,0,2,5,1,0,0,0,20,38,52,42,10,4,2,7,139,139,30,3,0,0,0,32,139,72,101,139,20,0,0,31,0,0,0,0,0,0,1,0,15,7,4,0,0,0,10,23,118,15,1,0,0,0,0,139,107,3,2,33,6,0,7,139
39,84,44,4,3,21,18,13,4,14,13,2,1,11,50,6,15,9,1,0,0,1,11,16,2,1,0,0,0,0,0,0,0,20,34,16,80,124,80,5,11,6,8,12,13,41,124,61,124,15,3,0,0,0,47,116,14,0,0,0,0,0,0,2,31,14,0,3,18,124,124,66,115,111,56,17,7,5,24,69,124,124,38,1,0,0,2,17,11,3,0,0,0,0,0,0,85,120,1,33,28,4,6,7,124,124,6,0,0,0,0,6,19,59,8,0,0,0,0,2,1,0,0,0,0,0,0,0
0,0,0,0,0,0,0,0,0,0,0,0,0,7,9,2,9,0,0,0,0,8,10,22,5,0,0,0,0,6,3,10,3,0,5,2,0,0,20,46,14,3,11,11,2,97,131,71,131,31,1,1,0,58,103,97,70,10,0,0,34,105,20,26,0,1,50,12,0,0,6,5,21,19,131,115,4,23,45,9,131,46,88,36,0,9,37,109,39,24,33,17,77,123,64,47,0,2,15,4,0,0,0,0,6,27,103,43,4,1,1,2,12,19,131,46,1,15,12,18,18,34,87,16,6,88,59,12
0,0,0,1,21,20,7,3,1,1,0,1,47,38,0,0,7,36,8,0,11,11,0,0,0,4,2,0,0,0,0,0,2,7,10,24,91,87,5,3,33,7,25,26,129,131,4,8,131,112,20,5,14,31,4,27,12,15,3,0,0,0,0,2,28,36,21,11,131,97,1,17,36,81,131,114,38,38,0,9,131,70,131,69,1,1,0,28,13,6,3,0,0,0,0,4,73,23,17,60,68,42,19,40,61,26,38,22,12,16,46,131,21,25,78,22,0,0,1,34,0,3,3,0,0,0,0,0
22,53,75,5,5,1,0,1,46,21,6,4,89,127,7,7,66,53,55,54,37,49,0,2,23,5,26,127,27,0,0,3,0,5,61,48,39,0,0,0,47,5,11,83,127,24,0,3,127,52,16,38,32,6,4,25,16,10,8,127,120,3,5,8,0,0,2,32,16,0,0,0,9,7,85,127,65,0,0,0,91,32,116,69,21,5,20,40,40,4,19,90,39,6,28,35,0,0,0,3,1,4,0,0,0,0,17,19,7,49,53,0,5,0,22,27,35,75,80,4,84,2,2,8,15,19,7,25
53,1,2,6,33,17,3,99,42,42,26,16,44,20,5,20,16,32,115,42,0,0,6,28,11,25,49,9,0,0,0,4,127,14,8,16,13,11,3,41,39,7,11,41,111,92,43,62,98,5,5,1,6,14,42,127,22,4,5,0,0,0,0,19,127,2,0,0,13,50,23,81,44,53,4,1,116,127,16,15,127,98,0,0,8,11,4,39,46,2,0,0,0,0,1,16,26,74,7,0,2,15,28,72,11,127,55,3,20,43,13,5,42,62,10,1,7,26,50,38,5,0,0,0,0,0,46,56
62,25,6,1,0,0,3,19,112,50,70,129,5,0,5,87,32,64,55,129,27,1,17,46,31,56,73,15,3,3,78,124,29,4,1,0,0,0,1,37,83,3,0,12,5,1,21,129,78,40,79,129,31,4,26,91,18,86,129,68,2,0,33,41,7,3,2,0,0,0,0,2,120,13,0,0,0,0,0,31,129,98,18,1,0,0,0,12,8,46,87,3,0,0,0,0,0,0,0,0,0,0,0,0,6,0,0,0,0,0,0,0,7,1,0,0,0,0,0,0,0,0,0,0,0,0,0,0
1,0,0,0,0,1,21,15,16,0,0,0,0,2,22,17,10,0,0,0,0,4,6,6,0,0,0,0,1,8,13,0,12,5,29,32,2,8,92,44,120,33,7,4,0,10,70,65,58,6,0,2,19,120,74,18,0,0,0,2,7,63,120,39,6,9,118,73,1,0,1,0,96,32,93,40,1,10,20,42,17,21,57,66,50,105,53,22,5,1,71,120,23,35,79,52,2,4,27,12,4,20,72,11,2,4,50,25,5,105,92,9,5,13,25,14,4,97,120,8,0,0,19,46,20,81,120,2
0,0,0,5,98,6,0,0,51,33,2,37,131,17,0,1,131,112,2,2,5,3,0,6,17,11,1,2,24,45,3,3,0,0,0,8,57,17,35,21,61,12,1,61,131,31,10,23,131,35,1,4,18,20,4,87,14,16,23,17,41,75,2,7,0,0,0,0,5,31,54,40,71,25,0,1,83,113,27,12,131,92,3,8,20,39,9,23,45,20,14,14,21,55,23,58,0,0,0,0,7,66,8,1,82,15,4,1,6,61,11,35,100,32,15,0,3,84,43,52,68,76,9,0,4,74,17,24
4,62,30,44,116,21,2,0,11,75,12,31,92,9,0,0,9,84,21,5,0,0,0,0,0,7,2,0,0,0,0,0,14,17,3,26,128,66,2,6,128,101,19,11,72,21,0,4,25,48,95,58,0,0,0,1,0,0,9,8,0,0,0,0,9,14,3,91,128,21,0,1,128,15,3,32,83,14,2,85,128,27,41,15,0,0,0,32,0,0,4,2,0,0,0,0,2,1,0,6,128,84,1,0,128,10,0,1,84,44,3,47,128,9,0,0,0,0,0,24,0,0,0,0,0,0,0,0
1,0,0,1,38,3,0,0,33,7,0,0,12,1,0,0,8,1,0,0,1,1,0,0,0,0,0,0,0,1,0,0,12,8,1,64,136,5,0,0,136,93,3,27,63,3,0,16,77,22,2,5,71,68,0,8,13,26,12,9,40,58,1,0,5,2,1,46,136,47,31,4,136,23,2,25,78,20,3,98,85,20,31,19,48,47,11,52,24,48,136,38,17,10,1,13,4,0,0,0,19,90,51,8,136,17,0,0,17,53,20,58,100,27,3,1,3,96,47,64,116,21,23,1,0,1,7,51
22,2,42,118,17,2,28,111,29,1,2,17,40,16,55,118,56,7,0,2,77,46,65,118,43,2,0,0,0,16,54,104,0,0,8,71,82,70,11,4,25,1,0,20,106,40,71,118,118,56,1,2,43,39,67,92,40,22,1,1,59,118,56,18,0,0,0,1,26,16,3,0,33,20,11,36,99,11,6,9,118,33,5,4,10,43,62,66,7,1,0,0,37,118,42,7,0,0,0,0,1,0,0,0,2,8,18,13,7,0,0,0,6,9,9,5,5,6,12,4,0,0,0,0,1,6,8,0
18,35,19,51,60,25,59,30,35,49,17,62,161,52,0,5,112,138,81,21,45,7,0,9,1,8,27,8,0,0,0,0,79,122,2,7,35,21,21,22,80,22,2,52,161,149,5,25,161,35,11,6,48,26,5,79,14,3,4,0,0,0,0,0,7,14,0,0,13,6,0,0,41,8,0,0,122,69,0,3,161,28,0,0,13,10,0,10,1,0,0,0,0,0,0,0,0,0,0,0,0,0,0,0,0,0,0,0,0,0,0,0,0,0,0,0,0,0,0,0,0,0,0,0,0,0,0,0
