19,4,1,1,0,0,25,83,45,4,0,0,0,0,35,130,130,21,0,0,0,0,9,130,23,13,10,5,0,0,28,126,18,13,3,5,9,5,6,8,130,66,0,0,0,0,2,49,98,30,0,0,0,0,10,90,0,0,0,0,0,0,21,64,8,1,0,0,2,5,69,130,62,7,0,0,0,0,31,130,16,2,0,0,0,0,36,130,0,0,0,0,0,0,0,2,2,0,0,0,0,3,130,130,0,0,0,0,0,0,130,130,0,0,0,0,0,0,22,38,0,0,0,0,0,0,0,0
28,55,29,2,3,6,7,40,27,23,10,2,6,5,1,12,135,37,3,0,0,0,0,60,68,86,33,0,0,0,0,9,135,5,0,0,0,2,5,103,79,135,29,0,0,1,1,7,107,135,44,0,0,0,0,6,135,86,12,0,0,0,0,43,135,0,0,0,0,0,2,135,135,24,1,0,0,0,0,87,77,31,5,0,0,0,0,28,75,2,0,0,0,0,0,40,62,0,0,0,0,0,3,135,28,0,0,0,0,0,0,24,5,0,0,0,0,0,0,3,0,0,0,0,0,0,0,0
6,0,0,0,1,0,0,1,17,0,0,1,4,0,0,7,40,0,0,0,0,0,0,16,24,0,0,0,0,0,0,7,30,0,0,1,4,0,0,7,20,1,0,4,17,1,0,12,86,7,0,0,0,0,0,33,31,9,0,0,0,0,0,6,16,0,0,0,1,0,24,57,15,9,1,6,8,1,19,15,91,32,0,0,0,0,2,17,20,21,4,0,0,0,3,11,0,0,3,1,0,0,191,145,4,1,0,0,0,0,191,179,16,2,0,0,0,0,191,139,3,1,0,0,0,0,191,110
16,123,42,0,0,0,0,0,123,123,12,0,0,0,0,40,80,20,5,0,0,0,0,44,1,6,9,5,0,0,0,0,14,85,34,3,4,7,5,19,77,26,6,2,3,2,0,46,123,45,3,0,0,0,0,72,33,109,87,2,0,0,0,1,94,11,0,0,0,3,5,77,67,123,28,0,0,1,0,7,123,123,16,0,0,0,0,20,123,62,28,8,2,0,0,52,118,1,0,0,0,0,2,123,117,20,1,0,0,0,0,62,38,14,1,0,0,0,0,19,35,0,0,0,0,0,0,26
30,164,39,0,0,0,0,0,146,164,4,0,0,0,0,0,54,18,0,0,0,0,0,0,1,1,0,0,0,0,0,0,78,157,6,0,0,0,0,1,129,60,1,0,0,0,1,13,47,6,0,0,0,0,7,14,6,1,0,0,0,0,2,3,82,26,0,0,0,0,27,64,37,3,0,0,0,0,29,84,6,0,0,0,0,0,80,79,3,0,0,0,0,0,41,50,15,0,0,0,0,0,164,164,42,3,3,0,0,0,22,164,6,3,12,9,0,0,24,27,35,9,1,1,0,0,15,35
131,135,58,6,0,0,0,3,0,41,135,21,0,0,0,0,0,43,135,74,0,0,0,0,0,82,135,5,0,0,0,0,135,60,8,0,0,0,0,43,54,87,49,0,0,0,0,3,7,123,109,1,0,0,0,0,0,54,64,0,0,0,0,0,135,106,7,5,3,0,0,5,135,18,2,2,1,0,0,40,55,19,8,0,0,0,0,17,0,3,2,0,0,0,0,0,95,21,4,8,14,1,1,19,85,11,5,4,7,0,0,28,76,7,0,0,0,0,0,22,9,31,16,0,0,0,0,0
204,204,1,0,0,0,0,1,57,32,2,2,1,0,0,5,46,19,8,0,0,0,0,7,1,8,6,0,0,0,0,0,204,129,0,0,1,0,0,8,39,11,6,6,12,0,0,9,76,7,1,0,0,0,0,15,8,10,5,0,0,0,0,1,204,61,0,0,0,0,0,10,49,32,23,2,1,0,0,4,27,37,16,0,0,0,0,1,44,18,3,0,0,0,0,2,204,33,0,0,0,0,0,9,65,5,1,0,0,0,0,16,10,3,2,0,0,0,1,3,34,1,0,0,0,0,4,15
213,113,0,0,0,0,0,10,40,9,5,6,14,1,0,10,76,10,3,1,1,0,0,16,27,5,0,0,0,0,0,4,213,74,0,0,0,0,0,16,81,34,22,2,1,0,0,6,28,64,36,0,0,0,0,1,38,16,1,0,0,0,0,2,213,56,0,0,0,0,0,11,116,11,1,0,0,0,0,24,35,11,6,0,0,0,0,8,22,1,0,0,0,0,1,6,213,23,0,0,0,0,4,47,59,0,0,0,0,0,21,61,25,0,0,0,0,3,29,39,2,0,0,0,0,9,42,5
61,4,0,0,0,0,4,61,89,18,0,0,0,0,0,35,120,42,0,0,0,0,0,6,110,29,0,0,0,0,0,6,120,5,0,0,0,0,3,75,84,4,0,0,0,0,6,120,120,39,0,0,0,0,2,60,89,38,0,0,1,2,20,28,120,21,0,0,0,0,0,77,120,71,0,0,0,0,0,45,120,59,0,0,0,11,34,40,18,0,0,0,0,13,120,96,69,20,0,0,0,0,0,14,110,28,0,0,0,1,42,79,23,10,0,0,0,26,120,36,0,0,0,0,0,17,86,58
1,0,0,0,0,4,23,9,0,0,0,0,0,52,23,0,19,4,0,0,1,23,26,27,20,7,11,46,22,14,6,11,0,0,0,0,0,16,70,4,6,0,0,0,0,54,51,5,74,20,0,0,0,13,12,10,32,9,1,4,4,48,18,5,0,0,0,1,12,51,87,3,33,1,0,0,0,18,99,74,63,8,0,0,0,72,73,24,9,0,0,0,0,47,142,28,1,2,3,25,135,88,53,8,110,38,9,13,34,53,103,142,32,3,23,28,86,142,135,33,5,39,82,11,11,83,142,19
1,3,15,46,33,0,0,0,52,64,18,6,2,0,0,0,37,87,15,0,0,0,0,0,23,55,11,0,0,0,0,1,0,1,32,74,7,0,0,0,32,36,41,13,0,0,0,1,99,17,1,0,0,0,0,8,55,11,0,0,0,0,1,10,0,0,24,59,7,0,0,0,6,5,37,31,3,0,0,0,66,5,4,3,0,25,13,13,18,4,0,0,0,134,190,14,0,0,2,30,15,0,0,0,0,0,1,29,24,12,0,0,5,1,1,3,91,190,15,3,11,111,41,10,109,190,190,21
28,113,72,9,1,31,37,21,20,113,45,0,5,28,38,47,14,30,12,1,30,113,9,1,53,90,4,2,9,25,2,1,6,19,39,113,33,1,11,20,8,1,0,57,26,41,113,74,113,58,0,2,5,84,60,17,70,54,0,0,0,18,13,9,0,0,0,48,44,60,4,0,10,10,7,100,73,47,11,2,105,14,4,26,17,5,28,105,21,9,0,0,0,76,101,46,3,9,0,0,21,105,5,0,14,45,7,15,34,66,15,0,6,5,21,32,57,66,42,21,32,10,5,21,3,33,75,82
5,0,3,11,0,0,18,105,5,0,0,0,0,42,43,67,9,17,5,14,37,112,38,1,36,20,26,112,85,12,1,28,17,1,12,45,8,15,35,66,10,2,10,11,7,94,73,48,112,78,8,1,0,57,30,37,37,51,21,112,49,1,4,25,48,24,8,4,20,30,53,64,28,101,110,16,4,24,17,4,63,17,109,61,0,2,4,85,11,1,11,30,15,1,25,112,76,81,36,13,4,16,3,30,100,43,22,10,0,0,0,71,12,8,69,61,0,0,0,15,2,1,46,92,5,3,10,31
0,3,113,21,2,5,22,2,3,2,93,105,72,13,4,0,38,65,64,26,22,4,14,22,5,20,80,13,0,13,44,8,0,1,27,13,10,85,23,0,6,2,13,33,113,113,16,3,87,43,17,7,31,23,13,19,9,62,78,2,0,18,23,2,0,42,71,1,2,94,35,0,3,31,113,105,18,51,8,1,113,30,28,81,17,3,0,8,73,41,39,1,0,0,0,3,3,36,42,1,0,1,113,18,1,14,31,44,32,25,113,9,58,3,3,48,52,39,99,34,58,4,1,0,0,0,66,59
5,2,3,53,120,1,0,0,120,24,3,18,27,7,2,2,22,8,2,3,18,54,47,4,21,13,7,5,11,19,58,45,5,0,1,22,120,103,75,7,120,8,5,22,33,32,27,49,34,73,75,75,33,40,31,5,18,93,120,24,4,11,23,18,6,7,86,120,81,36,37,5,120,64,57,52,1,8,16,31,92,76,25,23,4,0,0,3,16,46,27,17,20,0,0,0,0,0,22,96,83,0,0,0,59,20,20,47,37,0,0,10,102,51,1,2,2,0,0,8,8,20,10,13,8,0,0,0
0,0,0,1,14,3,0,0,10,1,0,0,123,39,0,0,149,88,0,0,28,12,0,0,38,79,46,14,1,0,0,0,0,0,0,0,31,11,0,0,38,4,0,0,149,53,0,1,149,84,0,0,20,8,0,2,75,41,4,12,9,0,0,0,0,0,0,0,42,23,0,0,44,0,0,0,149,67,4,19,149,12,0,0,12,8,3,105,76,3,0,0,9,5,2,21,0,0,0,0,54,14,0,0,13,16,7,10,149,25,1,8,149,65,7,4,9,2,1,70,74,3,0,1,6,31,25,23
57,2,0,0,0,3,62,65,141,1,0,2,4,0,16,141,23,3,7,28,29,0,0,10,4,2,9,123,31,0,0,1,20,32,75,2,4,22,125,49,141,83,20,0,1,2,32,141,94,4,0,8,36,0,1,23,13,2,0,27,28,29,3,4,19,75,125,2,1,0,0,0,141,102,28,0,0,0,0,16,106,8,3,24,24,1,2,12,1,0,18,39,31,41,8,2,32,8,2,0,0,1,1,2,141,35,0,0,0,0,0,2,89,15,5,12,1,0,0,0,0,0,21,32,7,1,0,0
22,0,0,0,0,7,56,40,43,3,0,1,0,2,21,31,22,5,2,128,115,0,0,1,0,0,1,136,136,0,0,0,76,4,0,0,0,18,47,46,136,12,0,0,0,0,2,38,39,12,1,51,65,0,0,1,0,0,0,136,136,0,0,0,136,37,0,0,0,1,6,11,136,30,0,0,0,0,0,14,39,2,0,10,30,5,4,11,0,0,0,136,136,0,0,0,89,65,0,0,0,0,0,4,69,29,0,0,0,0,1,23,13,0,0,0,1,2,13,23,1,0,0,57,81,0,1,2
34,22,31,15,0,1,4,60,40,25,5,0,0,0,24,139,26,23,4,0,0,0,26,139,21,10,0,0,0,0,2,48,32,7,6,5,1,18,69,45,139,114,23,0,0,0,9,69,57,139,80,2,1,1,2,40,36,24,18,5,4,4,0,29,53,68,27,0,0,3,12,18,139,77,11,0,0,0,0,44,135,27,9,1,8,13,1,22,18,19,2,2,31,40,0,0,108,68,22,0,0,0,0,9,139,68,11,0,0,0,0,34,104,9,0,0,2,4,5,54,18,11,0,3,94,41,0,0
81,0,0,0,0,0,7,124,94,0,0,0,0,0,6,127,31,0,0,0,0,0,7,127,6,0,0,0,0,6,17,30,127,32,0,0,0,3,3,39,83,8,0,0,0,27,69,125,127,5,0,0,0,4,36,127,31,0,0,0,0,23,46,40,99,43,0,0,2,36,17,11,127,40,0,0,1,81,43,20,127,51,0,0,0,14,31,34,54,0,0,0,0,28,38,31,20,10,0,1,17,20,7,13,127,43,0,1,7,13,4,12,104,18,0,0,0,7,34,32,84,11,0,0,0,3,11,17
54,0,0,8,67,5,0,41,96,4,0,0,0,4,17,84,33,19,6,0,0,6,27,22,134,26,2,0,0,0,0,30,67,0,0,23,120,3,0,16,134,34,2,0,1,0,0,33,46,114,48,0,0,0,0,1,134,70,11,0,0,0,0,15,58,0,0,9,134,17,1,11,134,7,0,0,1,0,0,37,134,38,7,0,0,0,0,19,80,28,2,0,0,0,0,26,23,27,42,55,67,1,0,2,134,113,33,2,0,0,0,7,103,71,12,0,0,0,0,3,46,39,3,0,0,0,0,6
109,11,0,0,0,28,16,29,122,3,0,0,0,33,72,106,134,2,0,0,0,27,24,89,19,0,0,0,0,28,28,39,67,10,0,0,8,92,21,15,134,38,0,0,1,47,15,25,134,12,0,0,0,36,54,45,85,1,0,0,0,14,17,49,35,9,1,6,33,24,8,11,134,21,0,2,3,4,7,57,92,3,0,0,0,12,43,64,134,18,0,0,0,1,3,25,34,9,0,1,1,1,8,29,125,10,0,0,0,0,6,61,68,0,0,0,0,0,12,90,111,2,0,0,0,0,0,79
33,37,124,35,0,0,1,23,126,126,25,1,0,0,0,18,21,126,86,0,0,0,0,0,0,52,126,0,0,0,0,0,13,81,112,15,0,0,0,0,126,126,31,4,0,0,0,8,48,126,26,0,0,0,0,3,0,49,43,0,0,0,0,0,26,34,28,35,5,0,11,12,126,26,9,18,2,0,0,66,126,28,12,0,0,0,0,80,7,24,28,0,0,0,0,2,35,16,3,2,0,0,26,37,72,76,51,2,0,0,1,23,107,21,38,1,0,0,0,81,38,9,6,0,0,0,0,19
0,0,0,44,71,31,5,4,40,24,14,133,99,48,16,7,150,102,10,9,2,3,6,20,28,17,26,6,2,1,0,1,10,0,0,11,63,21,11,25,56,7,4,53,150,54,5,21,150,21,3,6,13,11,4,69,43,0,0,0,10,15,2,7,30,3,2,18,19,6,17,46,28,35,44,150,93,15,19,7,150,129,37,25,5,5,5,15,29,1,0,0,2,51,22,7,3,1,52,35,1,12,42,41,48,45,45,12,3,19,52,28,79,65,10,3,6,6,2,8,2,12,16,2,6,18,6,0
2,16,19,13,0,10,67,21,70,24,23,0,0,10,32,121,69,11,6,0,1,32,121,121,18,5,1,0,8,52,79,48,10,33,27,41,18,2,10,9,57,92,49,1,0,0,8,23,31,114,92,0,0,0,27,34,38,85,61,0,0,0,14,34,11,15,0,40,121,14,15,12,121,97,11,1,4,3,11,53,111,52,21,1,0,0,0,31,62,67,20,0,0,0,0,8,19,108,12,9,110,16,0,0,37,121,45,10,3,0,0,0,30,21,34,38,19,0,0,16,84,7,1,1,3,1,3,53
5,7,0,0,0,4,11,5,23,38,2,1,0,0,4,3,123,104,0,0,0,0,0,0,27,15,0,0,0,0,1,2,25,3,0,0,1,91,123,55,124,84,0,0,0,0,33,85,77,124,0,0,0,0,0,11,4,7,0,0,0,0,0,1,124,104,0,0,0,80,39,20,124,124,17,7,0,0,4,75,50,7,3,5,0,0,5,124,7,0,0,0,0,0,0,22,124,79,2,1,0,1,2,33,106,98,25,26,10,7,26,60,46,8,5,24,23,10,9,72,34,2,0,0,1,6,21,36
0,0,1,7,117,97,8,0,0,0,0,0,43,120,23,0,21,46,0,0,9,73,17,1,75,100,0,0,0,3,0,0,0,0,0,1,114,120,32,0,12,1,0,2,75,94,3,1,120,44,0,0,9,14,1,9,120,96,0,0,0,0,0,4,12,7,5,4,2,73,46,7,14,6,9,52,31,22,1,1,120,19,3,10,5,1,0,51,120,105,0,0,0,0,0,21,11,40,53,17,0,0,3,3,5,15,27,59,21,0,0,0,47,120,37,11,5,0,0,9,114,120,5,0,0,0,0,3
0,0,0,0,0,0,0,0,0,0,8,14,0,0,13,23,0,10,109,88,0,0,8,19,13,93,65,9,0,0,0,0,0,0,0,0,0,0,1,2,20,2,0,0,0,0,65,157,82,8,10,4,0,0,29,157,13,8,11,0,0,4,7,9,1,0,0,0,0,0,0,1,116,36,0,0,0,0,5,40,157,69,0,0,1,4,7,66,17,5,0,0,17,43,26,10,1,3,1,0,0,0,0,0,44,5,4,1,0,3,5,53,43,3,0,0,0,88,140,157,2,1,0,0,5,157,157,42
0,0,0,0,0,0,0,0,8,0,0,0,0,0,0,5,26,0,0,5,7,0,0,17,1,0,1,61,69,0,0,0,0,5,1,0,0,0,0,0,99,47,11,0,0,0,0,39,141,37,2,9,9,0,0,100,20,2,33,141,81,0,0,6,36,39,6,4,1,0,0,1,99,141,73,0,0,0,0,6,111,141,42,0,0,1,5,9,16,11,21,26,1,0,3,4,54,5,2,6,5,37,141,71,141,47,5,0,0,0,141,141,19,26,9,1,1,25,79,55,19,3,2,0,0,4,18,37
155,30,8,4,6,7,22,155,53,41,18,32,19,2,0,21,100,114,3,0,0,0,0,4,14,19,0,0,0,0,0,0,155,155,21,4,1,10,23,116,102,77,27,73,11,0,0,20,155,15,4,7,1,0,0,32,18,2,0,0,0,2,1,4,41,155,82,10,1,1,0,0,9,52,49,135,12,2,0,0,58,60,42,22,0,0,0,5,12,9,2,2,0,0,0,2,2,26,19,0,0,13,6,0,0,1,5,12,6,13,2,0,1,9,11,4,0,0,0,0,0,2,0,1,0,0,1,0
0,0,0,0,1,2,0,0,3,0,0,0,1,8,11,3,1,0,0,0,1,2,15,9,0,0,1,0,0,0,0,0,0,0,1,0,2,27,8,0,6,0,0,0,10,127,33,10,73,9,1,0,0,15,34,53,13,7,13,4,0,0,0,2,0,0,0,0,1,79,118,3,31,10,0,0,9,125,30,10,115,20,0,0,0,35,148,48,13,4,5,3,0,5,148,58,12,29,15,0,0,12,74,14,27,16,2,0,62,117,21,10,3,1,9,20,111,148,148,21,2,2,17,4,1,10,148,148
62,125,0,0,0,0,0,1,129,129,6,0,0,0,0,0,116,129,10,0,0,0,0,2,108,63,0,0,0,0,0,19,30,34,0,0,0,0,0,0,129,107,0,0,0,0,0,5,129,32,0,0,0,0,0,51,74,2,0,0,0,0,4,87,2,1,0,0,0,0,0,0,86,10,0,0,0,0,2,60,48,1,0,0,0,0,50,129,10,0,0,0,0,2,114,105,0,0,0,0,0,0,0,0,2,0,0,0,0,0,10,20,1,0,0,0,0,4,129,68,0,0,0,0,0,24,129,20
0,0,0,0,0,18,112,23,0,0,0,0,0,0,87,38,0,0,0,0,0,0,21,17,0,0,5,16,38,13,3,2,0,0,0,0,47,106,150,59,20,1,0,0,0,0,150,150,124,7,0,0,1,3,97,150,15,0,5,11,14,64,45,12,0,0,0,0,30,23,16,4,87,21,0,0,0,0,40,46,150,78,0,0,19,12,6,47,22,4,0,0,150,150,41,2,0,0,0,0,0,0,0,0,3,1,0,0,0,0,0,0,16,6,0,0,5,2,0,0,0,0,0,0,47,24,0,0
0,0,0,0,0,9,32,0,102,0,0,0,0,17,119,107,140,0,0,0,0,0,6,128,9,0,0,0,0,0,0,3,0,0,0,0,0,0,0,0,133,38,29,0,0,0,1,36,140,44,6,0,0,0,0,97,34,1,0,0,0,0,0,7,0,0,2,0,0,0,0,0,18,132,140,0,0,1,5,0,121,140,88,0,0,1,15,10,19,9,0,0,3,14,8,3,0,0,0,0,0,0,0,0,0,10,25,0,0,29,109,1,21,12,13,0,0,22,140,108,20,0,0,8,31,22,14,53
0,0,0,0,0,0,0,0,1,0,0,0,0,0,0,0,7,8,0,0,0,0,0,0,2,22,14,0,0,0,0,0,80,0,0,0,0,0,0,13,162,10,0,0,0,0,0,10,119,61,0,0,0,0,0,2,33,74,13,0,0,0,0,0,162,0,0,0,0,0,0,92,162,4,0,0,0,0,0,45,162,33,0,0,0,0,0,14,69,74,3,0,0,0,0,0,162,0,0,0,0,0,0,85,162,9,0,0,0,0,0,38,162,27,0,0,0,0,0,5,106,32,1,0,0,0,0,1
24,16,2,38,124,5,0,0,124,74,9,3,9,1,7,16,124,46,7,0,0,0,6,33,42,5,1,3,14,3,13,61,12,17,18,124,124,0,0,1,68,34,18,23,8,18,39,41,124,33,2,1,5,10,17,84,27,13,14,1,13,22,22,43,0,3,69,124,111,2,0,0,15,107,107,116,7,3,2,3,92,124,41,2,0,5,17,20,10,50,26,1,1,17,44,6,5,1,17,31,34,50,22,38,6,35,45,46,5,32,23,14,13,37,9,0,0,21,70,23,13,9,12,14,6,15,37,11
18,96,84,39,19,8,7,15,49,124,62,0,0,1,1,12,33,124,108,2,1,2,1,2,61,102,37,17,0,3,2,5,10,91,124,82,0,0,0,6,35,124,47,13,1,9,43,20,95,69,12,2,2,14,28,14,58,38,0,0,1,72,13,7,9,5,43,28,2,0,4,99,13,4,44,106,14,2,10,29,75,14,13,31,5,8,34,75,17,58,4,0,1,74,44,16,8,16,18,6,11,3,4,75,6,2,11,33,10,0,14,109,16,33,85,27,3,0,5,32,7,110,45,0,0,1,5,2
0,0,0,0,0,0,0,0,0,0,63,22,0,0,25,10,0,0,142,72,0,0,13,11,0,0,142,76,0,0,0,0,0,0,0,0,0,0,1,0,17,0,2,0,0,0,142,127,117,5,15,4,0,0,87,142,19,1,35,11,0,0,0,8,0,0,0,0,0,0,0,0,128,35,1,0,0,0,28,36,142,93,0,0,0,0,6,43,33,7,0,0,0,0,0,1,0,0,31,8,0,0,0,0,98,103,117,17,0,0,0,0,142,124,6,0,0,0,0,0,9,3,0,0,0,0,0,0
0,0,0,0,0,0,0,0,3,0,0,0,0,0,0,1,15,0,0,0,2,0,0,6,1,0,0,18,42,0,0,0,0,4,15,23,31,0,0,0,85,45,40,0,0,0,0,20,149,46,6,4,10,0,0,76,23,1,0,84,149,0,0,5,0,57,149,104,47,0,0,0,19,149,149,0,0,0,0,1,122,149,96,2,3,0,0,7,15,10,0,65,149,0,0,0,0,22,108,18,0,0,0,0,0,36,85,0,0,0,0,0,0,16,20,0,1,0,0,0,0,0,0,31,74,0,0,0
39,83,63,18,14,7,1,3,103,20,6,52,40,1,0,3,5,11,108,129,96,0,0,0,10,36,129,68,3,0,0,2,23,13,28,17,18,50,33,17,129,15,7,28,22,9,1,8,24,20,29,88,86,4,2,17,15,38,93,25,5,2,14,50,12,23,79,64,29,15,8,3,129,9,7,23,33,12,1,17,47,21,2,29,124,27,1,9,55,102,32,2,6,0,16,32,4,14,28,6,21,46,46,9,106,68,21,9,15,14,1,5,32,23,53,110,21,0,0,6,21,9,71,22,0,0,30,42
147,13,0,0,0,0,0,52,147,33,0,0,0,0,0,27,80,62,0,0,0,0,0,18,5,9,1,0,0,0,0,2,147,102,0,0,0,0,0,23,147,37,0,0,0,0,0,25,92,8,0,0,0,0,1,68,24,0,0,3,2,0,0,26,147,147,0,0,0,0,0,0,147,57,0,0,0,0,0,17,62,4,0,0,0,0,11,55,57,1,0,1,2,0,0,38,139,73,0,0,0,0,0,3,119,55,1,0,0,0,0,11,30,68,24,0,0,0,1,9,31,30,7,0,0,0,0,8
7,23,87,20,1,2,42,52,12,14,76,77,2,4,39,50,42,119,42,3,1,22,30,22,65,82,0,0,0,0,0,4,15,48,23,20,18,5,69,81,16,23,45,49,10,0,106,119,119,70,21,2,1,0,18,119,24,15,0,0,0,0,3,36,119,66,22,11,15,26,19,42,71,37,27,59,95,64,18,19,119,65,0,3,8,3,2,36,32,2,0,0,0,0,1,36,34,5,28,35,1,12,46,63,78,85,17,0,12,59,47,13,119,52,0,0,0,1,3,25,4,0,0,0,0,0,11,42
25,113,94,16,23,5,0,0,113,113,65,10,5,0,0,6,70,22,10,100,60,1,0,5,3,9,101,113,89,11,3,1,34,98,69,28,17,2,9,40,34,51,57,20,25,48,33,29,113,13,7,47,37,10,1,7,15,23,82,80,47,1,3,18,37,82,34,7,32,9,5,21,22,45,97,57,24,22,19,12,113,10,10,29,42,14,1,15,36,32,4,23,76,14,2,15,37,16,30,26,8,1,20,44,8,25,50,8,19,43,58,20,87,71,30,16,16,14,1,5,22,16,55,73,12,0,1,10
39,1,4,14,11,8,114,64,10,20,81,19,5,2,45,64,8,31,122,11,0,0,29,57,8,11,60,32,1,3,20,28,35,7,12,2,0,0,122,122,122,35,11,6,2,2,39,122,28,28,20,37,34,14,41,55,6,26,24,18,4,0,58,77,62,28,111,71,2,0,2,15,122,67,25,12,2,9,25,67,87,30,11,11,21,46,43,36,56,49,29,23,26,22,12,20,5,26,100,50,7,7,12,5,34,102,65,23,0,0,17,37,29,7,33,67,2,1,18,36,22,17,17,5,4,28,47,36
53,146,7,0,0,0,0,0,36,146,9,0,0,0,0,0,75,146,17,0,0,0,0,0,27,86,56,0,0,0,0,0,82,146,3,0,0,0,0,0,70,112,3,0,0,0,0,16,146,25,0,0,0,0,0,7,102,10,1,0,0,0,0,0,127,52,3,0,0,0,0,0,95,4,0,0,0,0,0,5,146,4,0,0,0,0,0,1,107,2,0,0,0,0,0,0,42,30,11,0,0,0,0,0,71,4,0,0,0,0,0,0,146,4,0,0,0,0,0,0,81,1,0,0,1,2,0,0
0,0,0,2,88,91,12,3,2,0,2,96,110,27,11,12,10,64,57,69,107,13,0,1,104,110,55,3,1,0,0,9,6,0,0,14,110,58,9,4,86,21,35,58,62,9,5,18,26,101,110,99,49,1,0,14,26,110,67,9,11,17,22,36,11,6,22,19,27,63,41,2,110,7,7,14,27,20,1,24,47,39,14,25,86,26,0,15,21,75,68,17,8,9,17,24,11,11,25,23,14,26,74,26,110,22,3,18,20,13,10,16,53,18,20,55,30,3,2,22,22,24,36,7,5,14,45,38
0,0,1,0,54,102,0,0,4,0,0,5,115,85,8,5,24,10,15,55,82,14,9,18,8,70,87,53,56,6,0,2,2,4,3,0,19,115,77,1,19,3,8,12,63,81,49,1,115,22,18,27,32,18,1,6,19,40,39,43,48,12,1,16,56,32,17,1,6,69,75,115,23,16,45,51,22,33,66,15,115,11,2,20,32,15,3,9,50,36,11,19,40,13,4,20,36,40,37,31,24,8,57,115,76,39,7,10,8,19,115,62,115,95,5,14,5,4,5,7,13,15,57,47,4,0,3,11
226,0,0,0,0,0,0,120,54,0,0,0,0,0,0,22,19,0,0,0,0,0,0,15,10,0,0,0,0,0,0,7,226,49,0,0,0,0,0,18,77,7,0,0,0,0,0,7,26,0,0,0,0,0,0,18,16,0,0,0,0,0,0,12,226,226,0,0,0,0,0,0,37,21,0,0,0,0,0,0,30,3,0,0,0,0,0,2,17,0,0,0,0,0,0,8,39,146,1,0,0,0,0,0,10,10,0,0,0,0,0,0,18,3,0,0,0,0,0,0,8,1,0,0,0,0,0,4
113,4,0,79,54,0,0,79,53,15,17,9,8,4,0,37,1,2,13,22,21,67,16,1,30,41,5,4,1,27,20,6,42,3,2,128,128,3,11,86,128,18,8,25,32,7,13,128,21,44,99,84,51,56,12,5,28,128,43,2,0,16,13,2,15,27,15,128,128,41,4,7,128,128,22,38,30,2,7,37,29,11,42,17,0,21,33,10,0,10,17,1,1,31,19,0,4,17,32,23,63,47,6,0,35,56,34,5,6,1,1,1,2,4,18,0,0,4,6,1,0,2,23,1,0,2,0,0
0,3,22,4,1,0,2,2,0,0,3,5,18,49,11,1,23,29,0,0,5,44,57,26,15,34,27,1,0,0,8,13,14,3,13,5,21,14,37,62,17,1,2,16,128,153,29,16,153,100,2,2,11,55,31,43,46,85,49,3,0,0,0,1,41,52,13,8,20,7,9,33,34,9,4,127,153,33,5,7,153,26,4,28,30,4,3,32,91,5,1,0,1,2,0,8,5,8,2,1,3,5,10,18,11,0,0,16,153,20,5,3,153,0,0,4,67,2,0,66,72,0,0,0,0,8,8,28
9,13,8,6,27,39,7,4,4,1,3,4,30,56,30,58,18,2,2,0,0,0,15,125,2,0,0,0,0,4,24,38,9,3,2,4,11,119,125,16,80,37,26,1,11,48,38,34,47,76,57,0,0,0,3,60,12,19,12,9,7,11,15,24,8,23,125,87,11,29,26,4,111,64,68,9,2,4,7,38,31,24,14,1,0,4,42,96,1,8,9,6,0,27,103,11,0,1,48,36,28,79,35,0,1,3,33,14,8,102,125,4,0,0,0,1,2,121,125,28,0,0,0,0,0,106,125,4
76,2,0,0,0,4,27,111,4,1,0,0,1,113,122,17,14,3,0,0,0,66,122,29,5,4,1,0,0,1,119,46,122,15,0,0,19,34,12,52,15,2,1,8,100,122,44,10,122,40,4,2,7,44,44,39,37,33,28,15,1,0,7,23,121,28,10,4,17,25,11,20,10,14,77,99,76,33,1,1,122,35,39,30,9,3,1,54,36,4,4,8,6,5,12,90,76,78,23,1,0,0,0,2,0,16,54,44,54,4,0,0,10,37,39,25,41,11,1,13,19,50,29,0,0,1,5,32
97,1,0,0,3,6,1,88,153,1,0,0,0,0,5,153,18,2,0,0,3,46,61,49,8,1,0,0,2,96,102,9,91,16,0,0,1,0,0,16,153,33,0,0,0,1,2,96,68,2,1,6,72,87,16,24,68,8,7,12,46,73,18,18,109,16,3,0,0,0,0,3,153,38,0,0,0,2,2,23,44,31,37,24,29,22,6,13,23,15,64,56,27,4,0,5,68,11,5,0,0,0,0,5,153,41,0,0,0,0,0,13,46,60,22,6,10,0,0,0,0,11,25,28,45,2,0,0
6,5,0,1,1,0,0,0,49,18,0,0,0,0,0,0,74,13,0,0,0,0,0,10,51,8,0,1,1,0,0,20,62,29,4,29,111,0,0,6,128,46,0,0,0,0,2,11,121,16,0,0,0,2,22,70,92,15,0,0,0,0,9,110,75,1,0,29,128,15,1,21,128,8,0,0,0,0,25,91,43,15,1,3,1,5,74,78,15,5,2,23,25,14,102,128,38,11,0,2,128,46,0,18,92,75,0,0,0,0,9,67,73,111,2,6,1,0,9,15,17,21,13,128,65,7,18,17
127,35,0,0,0,0,6,108,127,15,0,0,0,0,9,123,95,24,0,0,0,0,25,87,60,4,0,0,0,0,5,117,125,127,6,0,0,0,0,13,127,63,0,0,0,0,5,94,127,36,3,0,0,0,1,81,27,21,8,0,0,0,2,13,37,127,31,0,0,0,0,4,107,44,0,0,0,0,0,15,127,59,1,0,0,0,4,58,39,20,2,0,0,0,2,17,18,15,10,2,0,0,5,24,91,37,0,0,0,0,0,2,72,15,0,0,0,0,10,48,2,0,0,0,0,0,4,13
93,2,0,0,0,0,9,119,42,0,0,0,0,1,91,112,112,0,0,0,0,0,28,119,10,0,0,0,0,0,52,63,119,106,1,0,0,0,0,28,101,22,2,0,0,0,5,51,119,12,0,0,0,0,1,65,37,1,0,0,0,0,6,30,96,36,0,0,0,1,22,99,116,26,1,0,0,4,34,39,119,86,0,0,0,0,1,15,24,11,0,0,0,0,6,6,63,68,2,0,0,0,9,70,108,119,11,0,0,0,10,22,119,42,8,0,0,1,11,25,7,9,4,0,0,3,26,13
0,0,0,0,74,134,0,0,66,63,0,0,77,120,1,0,89,130,0,0,0,3,0,0,4,29,6,0,0,0,0,0,7,0,0,0,54,137,4,3,137,58,0,0,15,59,5,15,111,67,0,0,0,0,0,1,12,42,0,0,0,0,0,0,16,2,0,0,45,137,5,8,137,5,0,0,0,6,3,72,137,27,1,0,0,0,1,35,9,35,0,0,0,0,9,5,15,8,0,0,9,19,0,0,137,21,0,0,0,0,0,34,124,6,0,0,0,7,14,61,3,1,0,0,0,37,76,13
20,1,0,80,134,0,0,1,147,4,0,7,8,0,0,19,75,2,0,0,0,1,0,12,1,1,0,0,0,0,1,1,14,3,0,84,147,0,0,0,147,23,0,12,26,0,0,3,107,8,0,0,0,0,0,4,2,0,0,0,1,1,0,1,10,0,0,20,147,11,0,0,147,2,0,5,47,0,0,33,102,2,0,0,0,0,1,23,0,1,0,0,0,1,1,0,1,0,0,19,147,30,0,1,69,0,0,7,46,17,37,100,26,0,0,0,0,9,128,147,3,3,2,0,0,0,14,64
43,2,0,0,1,11,21,69,91,1,0,0,0,8,12,143,22,18,0,0,0,25,17,26,12,16,4,4,3,1,6,14,68,4,0,0,0,15,96,117,143,61,0,0,0,6,14,101,62,77,4,0,0,18,21,23,10,15,1,2,6,21,43,13,143,43,0,0,0,0,12,71,143,68,0,0,0,0,1,63,51,13,0,0,8,64,21,38,0,0,0,0,3,24,45,35,143,143,0,0,0,0,0,27,108,139,0,0,3,6,0,1,13,12,0,0,12,30,1,1,0,0,0,0,1,3,1,2
0,0,33,135,24,0,0,0,135,5,10,132,33,0,0,60,135,0,0,0,0,0,0,96,4,0,0,0,0,0,0,3,0,0,0,64,67,0,0,0,79,5,1,135,135,0,0,41,135,15,1,11,11,0,0,117,24,0,0,0,0,0,0,7,0,0,0,8,51,11,0,0,24,55,28,113,133,2,0,0,135,135,17,22,10,0,0,5,21,6,0,0,0,0,0,3,3,1,0,0,26,18,1,0,25,53,23,14,7,2,1,0,16,63,11,2,0,0,0,2,1,0,0,0,0,0,1,5
49,37,93,18,6,4,15,32,155,27,2,1,1,0,0,3,99,6,0,0,0,0,1,2,0,0,0,0,0,0,0,0,32,23,48,14,13,29,32,17,155,44,11,1,2,3,10,19,94,4,0,0,0,0,30,17,0,0,0,0,0,0,0,0,41,39,28,0,0,19,125,38,83,35,22,0,0,10,155,83,14,0,0,0,0,1,155,41,0,0,0,0,0,0,0,0,53,19,32,8,4,33,118,46,2,5,30,18,50,54,155,65,0,0,0,0,2,14,155,19,0,0,0,0,0,0,0,0
143,46,40,12,18,2,1,55,84,29,53,47,24,0,0,22,25,14,41,26,56,16,20,32,19,39,82,32,51,7,2,0,160,45,8,12,41,21,45,55,160,61,100,40,20,0,0,33,12,54,160,15,5,1,2,2,0,37,160,1,0,0,0,0,160,11,0,0,0,0,14,46,160,25,12,0,0,0,0,23,41,21,68,0,0,0,0,1,1,6,51,0,0,0,0,0,4,0,0,0,0,0,0,0,1,0,0,0,0,0,0,0,0,0,0,0,0,0,0,0,0,0,0,0,0,0,0,0
7,2,0,0,0,0,17,10,129,51,0,0,0,0,14,52,129,33,5,1,0,3,23,59,14,18,26,5,5,16,19,3,28,7,0,0,0,0,0,1,129,83,0,0,0,0,5,35,129,48,4,0,0,8,63,50,18,36,53,1,0,3,107,60,17,0,0,0,0,0,2,16,98,5,0,0,0,0,63,129,69,19,12,3,0,25,129,126,10,11,41,23,8,17,129,81,44,0,0,0,0,0,3,36,27,0,0,0,0,0,11,23,129,26,7,1,0,2,29,88,22,12,23,20,45,94,57,24
31,6,0,0,0,0,0,3,0,15,15,0,0,0,0,0,7,45,63,0,0,0,0,2,116,107,35,0,0,0,0,16,21,17,0,0,0,0,0,0,92,124,62,0,0,0,0,6,15,124,124,0,0,0,0,2,40,124,96,2,0,0,0,8,26,50,17,0,0,0,0,2,124,94,38,3,1,0,2,69,114,54,38,8,1,0,3,108,22,16,32,47,11,0,2,15,95,82,19,0,0,0,4,35,36,78,68,36,33,12,19,31,124,12,4,20,24,4,5,109,70,26,46,39,9,0,0,35
140,0,0,0,0,0,0,60,140,2,0,0,0,0,0,95,88,23,1,0,0,0,0,44,26,17,2,8,7,4,1,10,140,2,0,0,0,0,0,55,140,30,0,0,0,0,0,25,127,8,0,0,0,0,0,58,39,0,0,0,1,2,2,40,140,53,0,0,0,0,0,4,140,21,0,0,0,0,0,9,128,3,0,0,0,0,0,23,84,0,0,0,0,0,0,4,119,117,0,0,0,0,0,0,133,74,0,0,0,0,0,1,68,69,3,0,0,0,0,3,43,20,1,0,0,0,0,0
5,0,0,0,0,0,21,130,30,0,0,0,0,0,22,127,52,0,0,0,0,0,4,35,17,9,0,0,0,0,0,17,95,0,0,0,0,0,0,121,130,1,0,0,0,0,0,62,122,8,0,0,0,0,0,26,50,47,1,0,0,0,0,3,130,3,0,0,0,0,0,32,130,10,0,0,0,0,0,5,130,67,0,0,0,0,0,1,43,116,5,0,0,0,0,0,130,0,0,0,0,0,0,92,130,6,0,0,0,0,0,42,130,66,0,0,0,0,0,3,41,130,7,0,0,0,0,0
4,0,0,0,0,0,0,2,45,0,0,0,0,0,0,31,109,0,0,0,0,0,0,83,88,0,0,0,0,0,0,83,138,3,0,0,0,0,0,16,138,6,0,0,0,0,0,37,138,1,0,0,0,0,0,48,138,0,0,0,0,0,0,44,138,28,0,0,0,0,0,5,138,33,0,0,0,0,0,0,138,27,0,0,0,0,0,3,138,2,0,0,0,0,0,14,100,29,0,0,0,0,0,0,138,26,0,0,0,0,0,0,138,19,0,0,0,0,0,0,116,5,0,0,0,0,0,3
120,122,0,0,0,0,0,0,122,122,0,0,0,0,0,16,117,86,10,0,0,0,0,29,33,74,13,0,0,0,0,8,73,122,4,0,0,0,0,1,111,36,0,0,0,0,0,77,122,16,0,0,0,0,0,119,71,6,0,0,0,0,0,69,3,22,3,0,0,0,8,6,93,57,0,0,0,0,8,42,122,78,0,0,0,0,1,35,58,5,0,0,0,0,4,53,0,0,0,0,0,0,11,11,44,2,0,0,0,0,39,122,47,3,0,0,0,0,47,122,17,0,0,0,0,0,34,98
93,0,0,0,0,0,0,139,125,0,0,0,0,0,0,139,139,0,0,0,0,0,0,98,66,0,0,0,0,0,0,61,139,35,0,0,0,0,0,20,139,22,0,0,0,0,0,24,139,6,0,0,0,0,0,51,111,0,0,0,0,0,0,57,74,29,0,0,0,0,0,0,139,31,0,0,0,0,0,1,139,9,0,0,0,0,0,36,124,0,0,0,0,0,0,52,1,0,0,0,0,0,0,0,26,11,0,0,0,0,0,0,70,16,0,0,0,0,0,4,92,1,0,0,0,0,0,23
0,0,0,0,0,0,0,0,73,20,0,0,0,0,0,0,145,55,0,0,0,0,0,0,145,50,0,0,0,0,0,1,6,0,0,0,0,0,0,2,145,32,0,0,0,0,0,10,145,55,0,0,0,0,0,9,145,17,0,0,0,0,0,17,20,7,1,0,0,0,0,2,145,19,0,0,0,0,0,27,145,17,0,0,0,0,0,30,145,59,0,0,0,0,0,3,3,27,21,0,0,0,0,0,73,121,12,0,0,0,0,2,145,77,0,0,0,0,0,3,145,33,0,0,0,0,0,2
147,11,0,0,0,0,0,7,147,19,0,0,0,0,0,3,147,2,0,0,0,0,0,24,145,0,0,0,0,0,0,42,147,24,0,0,0,0,0,1,147,15,0,0,0,0,0,3,147,6,0,0,0,0,0,14,147,0,0,0,0,0,0,35,24,7,0,0,0,0,0,0,147,26,0,0,0,0,0,5,147,3,0,0,0,0,0,51,110,0,0,0,0,0,0,84,0,0,0,0,0,0,0,0,18,6,0,0,0,0,0,0,76,12,0,0,0,0,0,21,73,1,0,0,0,0,0,55
145,6,1,0,0,0,0,77,138,37,26,0,0,0,0,44,70,66,73,0,0,0,0,4,10,36,67,1,0,0,0,0,145,1,0,0,0,0,1,145,145,35,0,0,0,0,0,111,136,55,7,0,0,0,0,3,18,51,30,0,0,0,0,0,135,0,0,0,0,0,0,145,145,4,0,0,0,0,0,85,116,39,3,0,0,0,0,2,25,55,20,0,0,0,0,0,0,0,0,0,0,0,0,0,0,0,0,0,0,0,0,0,2,0,0,0,0,0,0,0,4,2,0,0,0,0,0,0
85,45,11,0,0,0,0,11,131,25,0,0,0,0,0,50,87,7,0,0,0,0,11,74,25,6,0,0,0,0,9,54,113,4,0,0,0,0,0,73,131,38,0,0,0,0,2,34,68,18,0,0,0,0,14,30,60,4,0,0,0,0,4,49,131,20,0,0,0,0,2,51,131,19,0,0,0,4,71,74,12,1,0,0,0,1,124,131,11,0,0,0,0,0,63,89,57,5,0,0,0,1,38,43,12,2,0,0,0,13,131,52,0,0,0,0,0,54,131,68,0,0,0,0,0,13,131,38
16,58,85,42,14,0,0,4,53,125,120,56,14,1,5,8,44,125,125,0,0,0,10,17,3,48,125,3,0,0,16,12,32,5,0,4,16,8,7,19,125,55,1,3,12,4,0,6,125,61,6,0,0,0,0,28,24,41,22,0,0,0,12,15,37,6,0,0,1,3,36,77,125,11,0,0,0,2,12,83,53,4,0,0,0,0,22,125,9,0,0,0,0,0,58,84,30,47,14,2,24,21,20,31,67,3,0,4,26,32,61,125,60,19,0,0,0,0,25,111,22,5,0,0,0,1,60,41
52,10,0,2,3,9,13,37,163,36,0,0,0,0,1,11,123,29,1,2,8,9,0,0,0,0,0,2,28,52,1,0,78,9,0,4,14,2,0,41,163,37,0,0,0,0,0,17,115,16,0,3,29,37,1,2,0,0,1,18,62,66,0,0,42,0,0,1,30,14,29,85,163,6,0,0,0,0,7,121,101,3,7,20,17,6,0,10,0,0,4,49,97,24,0,0,23,26,11,16,45,12,19,30,163,46,4,0,0,0,5,76,118,4,2,3,15,2,0,8,0,0,0,7,133,12,0,0
22,62,13,31,21,0,0,0,45,0,1,40,57,1,2,63,114,39,0,0,0,0,6,56,124,30,0,0,0,0,0,41,5,15,8,21,28,0,1,2,44,6,6,72,125,0,0,23,125,44,4,4,6,0,0,74,118,32,2,0,0,0,0,26,6,0,0,4,14,28,48,69,23,45,38,70,46,0,2,30,124,125,34,8,1,0,0,5,39,111,63,0,0,0,0,2,33,4,2,1,37,58,36,125,121,13,2,1,0,0,0,111,125,57,1,0,0,0,0,2,55,32,12,0,2,1,0,0
4,18,0,0,0,1,2,1,3,10,0,0,0,10,28,5,0,2,0,0,0,2,37,20,2,0,0,0,0,0,5,13,1,3,0,1,13,36,19,16,9,2,1,17,57,139,139,19,136,24,4,3,3,32,139,139,28,19,12,0,0,0,11,30,7,0,0,10,37,17,23,72,26,10,7,126,139,64,16,11,139,53,10,25,29,11,11,72,59,16,13,2,11,9,1,10,29,5,4,1,5,3,23,100,13,4,7,71,127,11,8,21,139,55,18,39,38,6,3,57,58,4,0,0,6,36,9,18
13,31,43,5,1,12,45,11,9,66,42,2,0,1,53,35,14,46,29,0,0,0,22,30,4,21,5,7,6,0,0,1,6,5,99,89,27,45,111,38,19,9,63,55,8,34,134,107,134,26,7,6,1,10,83,134,33,6,1,9,4,0,0,6,9,5,134,105,4,1,1,11,13,32,134,134,19,10,10,7,134,134,90,41,2,2,3,16,23,25,2,6,4,0,0,0,10,4,7,1,1,1,2,26,1,10,24,29,28,7,1,3,4,51,23,6,3,0,0,0,0,8,1,2,6,0,0,0
76,95,29,0,0,0,1,7,32,94,95,0,0,0,7,24,110,110,29,0,0,0,5,18,67,107,9,0,0,0,0,2,42,110,85,21,12,0,0,0,110,88,24,4,3,0,0,6,96,77,31,2,0,0,2,26,106,23,0,0,0,0,0,82,14,11,12,15,85,15,0,3,110,12,1,1,17,6,6,44,85,34,5,1,0,0,19,44,83,84,18,0,0,0,0,35,22,5,1,2,90,30,0,0,110,67,6,0,9,4,0,4,83,104,21,0,0,0,0,4,90,59,8,0,0,0,0,1
0,0,0,0,70,132,60,2,54,1,0,1,15,71,74,57,30,1,12,90,45,0,1,11,11,84,73,67,16,0,0,0,5,1,0,2,132,45,3,1,132,25,0,2,54,8,5,22,81,7,4,16,9,8,3,7,6,25,19,11,3,1,0,1,7,1,2,29,132,32,2,0,132,10,0,10,46,0,0,20,49,1,0,0,1,34,25,22,13,4,0,0,0,38,92,40,1,0,10,70,104,4,1,0,71,4,0,22,44,8,19,33,17,0,0,0,7,132,54,19,70,10,0,0,4,132,105,58
0,0,0,1,18,97,28,1,92,0,0,0,0,18,29,19,176,6,0,0,0,0,0,10,61,0,0,0,0,0,0,24,5,0,0,0,19,67,21,23,133,1,0,0,0,1,6,50,176,5,0,0,0,0,0,38,63,0,0,0,0,0,0,41,31,5,0,0,9,13,4,17,176,18,0,0,0,0,0,21,176,51,0,0,0,0,0,11,55,1,0,0,0,0,0,38,10,1,0,0,3,1,3,15,176,24,0,0,0,0,0,18,176,58,0,0,0,0,0,1,35,2,0,0,0,0,0,11
2,4,8,1,3,22,24,6,6,0,1,2,14,72,88,23,5,0,1,1,0,5,95,118,2,0,0,3,1,3,7,53,4,4,14,5,75,118,27,8,49,7,29,21,30,98,54,41,12,3,33,52,24,4,31,118,24,0,0,2,3,15,41,118,27,26,3,3,118,118,10,8,118,90,7,7,20,19,9,25,19,6,6,41,104,23,5,8,26,0,0,6,20,15,80,68,65,38,40,24,52,97,9,13,118,93,13,11,5,0,0,5,2,6,5,85,91,5,1,0,2,23,16,44,35,5,21,7
155,62,0,0,0,0,0,11,155,77,0,0,0,0,0,10,54,1,0,0,0,0,0,29,26,0,0,0,0,0,0,10,155,155,0,0,0,0,0,0,155,91,0,0,0,0,0,19,74,0,0,0,0,0,0,42,24,0,0,0,0,0,2,26,155,155,0,0,0,0,0,0,102,49,0,0,0,0,0,5,85,2,0,0,0,0,0,15,16,0,0,0,0,0,4,26,155,97,0,0,0,0,1,3,37,5,0,0,0,0,1,20,39,0,0,0,0,0,0,29,5,0,0,0,0,0,4,25
10,0,0,0,0,94,41,7,106,19,0,0,0,41,65,70,128,49,0,0,0,0,1,50,8,7,0,0,0,0,0,12,35,9,1,5,34,122,40,4,128,128,3,1,0,19,14,36,93,52,10,9,7,4,9,85,22,0,0,0,1,1,13,62,25,4,3,11,29,30,23,15,128,15,1,1,0,1,27,128,72,15,1,3,5,9,51,128,38,16,1,12,10,6,24,29,1,0,56,66,9,7,11,8,41,0,14,26,1,0,5,109,109,1,0,0,0,0,7,128,22,1,0,4,2,4,38,95
158,45,0,0,0,0,0,11,158,46,0,0,0,0,0,4,63,60,0,0,0,0,0,1,6,7,2,2,1,0,0,0,158,19,0,0,0,0,0,57,158,58,0,0,0,0,0,13,69,36,0,0,0,0,0,5,3,2,0,0,0,0,0,0,158,20,0,0,0,0,0,86,158,8,0,0,0,0,0,66,48,5,0,0,0,0,0,68,6,2,1,4,2,0,0,6,158,78,0,0,0,0,0,2,158,13,0,0,0,0,0,33,46,4,0,0,0,0,1,66,18,1,0,1,2,0,0,16
23,0,0,0,0,0,39,107,1,0,1,1,0,0,43,68,0,0,2,7,3,2,11,26,0,6,10,5,3,2,1,0,43,0,0,0,0,0,28,131,12,1,0,0,0,0,90,125,52,7,0,0,0,0,22,113,7,1,0,0,0,1,2,7,129,0,0,0,0,0,5,131,122,18,0,0,0,0,17,131,131,60,0,0,0,0,1,24,10,5,0,0,0,0,0,3,131,0,0,0,0,0,0,131,131,2,0,0,0,0,1,131,65,5,0,0,0,0,20,125,0,0,0,0,0,0,15,42
140,85,0,0,0,0,0,7,140,10,0,0,0,0,0,58,62,0,0,1,0,0,0,61,7,4,1,4,5,2,1,3,140,99,0,0,0,0,0,6,140,27,2,0,0,0,1,74,132,18,1,0,0,0,0,71,18,0,1,4,7,3,2,9,140,140,0,0,0,0,0,1,78,140,36,0,0,0,0,4,49,101,27,0,0,0,0,5,10,5,0,0,0,1,2,3,140,88,0,0,0,0,0,16,110,47,5,0,0,0,0,29,9,12,6,0,0,0,0,3,0,0,0,0,0,0,0,0
62,21,26,4,2,0,24,99,9,24,37,9,5,1,50,91,15,26,40,25,1,0,38,68,62,116,12,0,0,0,5,33,118,26,5,5,8,11,26,84,79,73,21,14,18,16,31,47,69,37,25,40,34,15,26,65,118,25,0,0,1,0,1,66,75,110,59,17,0,1,18,39,79,17,30,26,3,12,49,91,114,73,7,6,21,46,54,26,118,41,0,0,0,0,1,27,7,13,11,20,7,1,62,72,9,18,23,18,1,1,63,92,64,93,11,0,0,0,9,82,35,14,0,0,0,0,16,50
58,0,0,0,0,0,1,66,64,0,0,0,0,0,0,11,43,1,0,0,0,0,0,7,18,2,0,0,0,0,0,1,154,0,0,0,0,4,11,174,99,5,0,0,0,0,0,24,50,1,0,0,0,0,0,14,28,0,0,0,0,0,0,6,174,40,0,0,0,8,69,174,174,19,0,0,0,0,0,26,43,14,0,0,0,0,0,0,29,2,0,0,0,0,0,1,174,174,0,0,0,0,6,25,108,42,0,0,0,0,0,0,30,10,0,0,0,0,0,0,16,2,0,0,0,0,0,1
51,2,0,0,0,0,29,108,31,4,0,0,0,8,54,87,33,23,0,0,0,6,42,39,12,3,0,1,12,6,3,8,65,1,0,7,2,1,69,115,115,64,2,0,0,5,28,115,29,99,5,0,0,76,55,10,7,4,0,0,1,42,82,63,115,66,22,87,26,0,8,36,115,51,7,2,2,10,86,75,12,17,7,7,5,97,115,29,0,0,2,15,7,39,55,62,33,100,98,42,42,0,0,0,25,70,115,11,2,3,6,3,4,30,53,35,0,0,4,4,0,0,9,57,3,1,1,0
0,0,26,99,113,32,34,0,5,26,114,83,20,83,34,0,58,114,77,4,1,11,3,2,32,105,50,3,0,0,0,0,6,3,17,57,114,15,2,3,85,72,114,58,9,3,2,10,25,114,114,65,4,0,0,3,47,95,43,4,0,0,0,6,4,4,4,25,46,41,1,1,114,32,11,16,6,7,5,93,57,11,27,103,9,0,0,62,48,38,30,23,0,0,0,4,2,1,0,0,5,56,6,1,60,79,0,0,1,11,6,38,75,57,8,6,0,0,1,35,2,9,14,3,0,0,10,5
0,0,0,0,58,50,0,0,0,0,0,1,74,56,0,0,10,11,26,116,74,26,13,7,3,29,116,116,47,28,116,58,0,0,0,0,76,66,0,0,9,0,0,0,65,69,1,2,76,12,10,25,68,73,6,9,40,12,72,67,80,116,69,76,0,0,0,0,83,62,0,0,23,1,0,0,56,54,1,3,95,17,1,61,89,14,1,6,50,16,17,116,116,21,9,21,0,0,0,0,50,41,0,0,33,0,0,0,28,33,1,5,81,5,0,8,24,23,4,14,0,0,1,51,98,36,1,0
55,11,2,14,10,0,0,11,17,6,2,47,42,0,0,0,111,5,0,1,0,0,0,1,103,1,0,0,0,0,0,1,48,7,1,8,17,5,34,118,21,5,1,47,79,2,3,48,118,7,0,6,4,0,0,3,118,1,0,0,0,0,0,4,90,50,42,86,43,8,29,118,118,43,9,40,46,4,8,71,97,11,0,12,13,0,0,0,118,3,0,0,0,0,0,1,22,40,52,37,4,106,118,24,44,45,26,5,16,35,118,118,83,4,1,2,6,3,17,45,108,1,0,0,0,0,0,3
37,41,84,37,17,3,5,22,78,101,91,21,0,0,5,60,24,23,82,47,0,0,3,35,35,33,13,0,0,0,0,16,19,6,21,67,45,7,2,12,54,7,8,6,7,8,59,144,66,16,30,11,0,0,28,144,8,18,11,1,1,8,15,9,0,0,0,1,72,34,0,0,80,16,0,0,28,27,16,36,144,74,2,2,0,0,8,63,8,8,3,29,13,10,14,4,0,0,0,0,50,45,0,0,22,1,0,21,71,73,53,76,57,5,0,11,15,18,144,144,1,1,1,6,6,13,144,46
0,0,0,1,23,64,12,0,36,41,11,29,66,28,3,5,73,94,99,75,12,0,0,7,17,50,102,53,16,0,0,0,0,0,0,0,1,72,34,0,59,29,4,3,4,34,21,34,131,39,5,33,20,0,0,67,32,28,32,75,29,0,0,1,35,7,0,0,8,70,69,27,98,131,40,0,0,7,13,24,80,131,41,6,3,0,1,10,12,10,27,17,1,0,6,10,68,2,1,19,131,75,36,112,131,52,7,2,3,6,13,131,8,15,10,4,28,11,7,45,0,0,0,0,9,9,29,22
119,127,0,0,0,0,0,0,127,127,0,0,0,0,0,15,127,60,0,0,0,0,0,31,46,18,0,0,0,0,0,24,127,127,7,0,0,0,0,0,127,69,0,0,0,0,0,56,127,44,0,0,0,0,0,58,44,49,4,0,0,0,0,0,95,112,5,0,0,0,0,0,91,125,2,0,0,0,0,6,127,46,0,0,0,0,0,18,30,14,2,0,0,0,0,1,46,127,2,0,0,0,0,0,21,78,20,1,0,0,0,1,16,2,1,0,0,0,0,4,0,0,0,0,0,0,0,0
2,6,36,14,2,0,3,1,35,64,88,7,0,0,0,0,74,121,117,0,0,0,0,0,79,82,121,54,0,0,0,0,21,4,0,0,0,0,12,23,115,27,0,0,0,0,0,14,121,70,0,0,0,0,0,1,121,65,0,0,0,0,0,3,11,0,0,0,0,0,23,71,121,1,0,0,0,0,0,87,121,16,0,0,0,0,0,44,96,8,0,0,0,0,3,62,2,0,0,0,0,0,37,104,47,0,0,0,0,0,12,121,66,0,0,0,0,0,30,121,8,0,0,0,0,0,66,120
142,142,1,0,0,0,0,0,43,142,11,0,0,0,0,0,5,48,27,6,0,0,0,0,0,11,29,6,0,0,0,0,142,120,0,0,0,0,0,38,142,107,30,5,0,0,0,33,10,55,91,47,4,2,1,2,3,57,80,47,0,0,0,0,106,63,0,0,0,0,0,12,142,77,3,1,0,1,3,51,31,113,17,12,7,11,7,19,10,69,25,29,10,1,0,0,1,6,0,0,0,0,0,0,22,82,0,0,0,0,0,1,11,142,19,8,1,0,0,0,1,24,18,62,15,1,0,0
85,0,0,0,0,0,0,50,127,9,0,0,0,0,0,32,111,19,0,0,0,0,0,10,40,23,0,0,0,0,0,1,133,0,0,0,0,0,0,54,134,13,0,0,0,0,0,29,134,59,0,0,0,0,0,1,30,102,10,0,0,0,0,0,134,4,0,0,0,0,0,45,134,7,0,0,0,0,0,44,134,50,0,0,0,0,0,7,85,107,9,0,0,0,0,0,99,6,0,0,0,0,0,16,134,12,0,0,0,0,0,30,134,17,0,0,0,0,0,25,134,13,0,0,0,0,0,7
131,6,0,0,0,0,0,7,132,2,0,0,0,0,0,24,132,1,0,0,0,0,0,17,99,1,0,0,0,0,0,7,132,2,0,0,0,0,0,37,132,7,0,0,0,0,0,19,132,6,0,0,0,0,0,10,129,0,0,0,0,0,0,15,113,61,1,0,0,0,0,6,132,31,0,0,0,0,0,6,132,10,0,0,0,0,0,11,122,14,0,0,0,0,0,6,24,104,16,0,0,0,0,0,90,111,0,0,0,0,0,0,117,64,0,0,0,0,0,0,86,27,0,0,0,0,0,0
106,1,0,0,0,0,0,18,140,4,0,0,0,0,0,22,140,34,0,0,0,0,0,3,72,44,0,0,0,0,0,0,87,4,0,0,0,0,0,33,140,3,0,0,0,0,0,49,140,18,0,0,0,0,0,19,113,74,0,0,0,0,0,0,48,22,0,0,0,0,0,3,140,30,0,0,0,0,0,8,140,53,0,0,0,0,0,4,140,70,0,0,0,0,0,0,13,1,0,0,0,0,0,2,140,7,0,0,0,0,0,23,140,14,0,0,0,0,0,37,140,12,0,0,0,0,0,13
10,11,0,0,0,0,0,0,141,67,0,0,0,0,0,0,141,67,0,0,0,0,0,0,120,60,0,0,0,0,0,0,21,4,0,0,0,0,0,0,141,35,0,0,0,0,0,2,141,22,0,0,0,0,0,1,141,5,0,0,0,0,0,2,23,0,0,0,0,0,0,3,141,1,0,0,0,0,0,29,141,1,0,0,0,0,0,38,141,0,0,0,0,0,0,37,15,0,0,0,0,0,0,5,141,0,0,0,0,0,0,36,141,0,0,0,0,0,0,65,136,0,0,0,0,0,0,45
0,0,0,0,0,0,0,0,0,0,0,0,0,0,0,0,0,0,0,0,0,0,0,0,0,0,0,0,0,0,0,0,17,0,0,0,0,0,0,6,41,3,0,0,0,0,0,6,105,2,0,0,0,0,0,24,22,0,0,0,0,0,0,13,147,4,0,0,0,0,0,43,147,39,0,0,0,0,0,13,147,33,0,0,0,0,0,28,33,0,0,0,0,1,21,35,106,8,0,0,0,0,147,147,94,23,0,0,0,0,147,147,66,7,0,0,0,0,147,122,4,0,0,0,0,0,147,56
0,0,0,0,0,0,0,0,1,13,57,5,0,0,0,0,22,104,95,2,0,0,0,11,15,74,36,2,1,0,1,10,2,0,0,0,0,0,0,1,59,65,52,0,0,0,0,9,12,114,140,0,0,0,0,0,0,86,122,0,0,0,0,0,27,0,0,0,0,0,0,39,140,15,3,0,0,0,0,92,140,90,52,0,0,0,0,6,16,60,127,0,0,0,0,0,80,0,0,0,0,0,0,102,140,3,0,0,0,0,0,140,140,56,0,0,0,0,0,17,26,45,16,0,0,0,0,0
30,15,29,59,4,1,2,11,36,9,2,29,121,27,12,17,148,24,1,10,34,4,0,3,52,11,7,0,0,0,0,0,27,4,7,101,50,5,2,4,27,3,7,105,83,84,39,12,148,9,3,8,9,15,9,34,90,6,1,0,0,0,0,3,66,5,6,55,11,0,0,7,14,9,28,148,77,3,1,1,148,32,12,51,24,0,0,6,100,3,0,0,0,0,0,2,78,3,0,2,2,0,0,7,5,1,1,43,145,0,0,0,148,3,0,19,68,0,0,10,81,0,0,0,0,0,0,8
14,108,60,8,3,10,49,13,9,65,65,9,7,27,37,9,16,102,45,37,10,7,3,0,28,87,8,0,0,6,13,1,7,8,13,22,78,25,30,15,91,27,0,1,8,18,64,46,47,61,2,0,0,36,66,14,2,11,8,1,1,99,99,1,2,0,1,6,51,62,14,1,47,2,1,11,24,22,75,88,45,59,21,0,0,38,105,48,1,119,119,2,1,39,26,0,0,30,46,11,6,14,10,0,23,38,97,100,13,10,12,17,119,119,53,10,1,0,3,20,7,119,60,2,20,32,1,0
13,0,0,27,21,3,8,31,6,2,2,0,0,14,72,61,47,17,13,25,19,29,55,17,58,11,20,125,32,1,0,24,15,13,6,28,95,78,17,14,83,80,40,0,1,12,29,23,67,45,94,22,0,1,6,27,22,4,9,67,55,18,11,32,7,34,125,125,57,21,0,0,105,55,57,62,10,0,0,48,64,14,52,41,1,0,0,65,3,1,37,125,30,25,5,5,0,0,42,125,19,2,31,20,9,0,7,125,87,1,3,29,68,0,1,22,20,1,2,125,25,1,25,39,0,0,0,29
0,0,25,95,32,0,0,0,0,3,11,82,129,22,0,0,0,20,97,80,85,26,0,0,0,21,129,55,20,9,7,3,0,0,6,34,82,21,0,0,16,12,11,72,129,21,0,0,120,90,129,53,13,0,0,3,11,22,129,55,0,0,0,0,0,0,0,0,75,73,0,0,21,1,0,11,129,32,0,2,129,5,1,3,12,0,0,48,51,5,16,0,0,0,0,17,0,0,0,1,55,62,0,0,4,0,0,2,53,50,0,2,129,0,0,0,8,3,0,37,62,0,0,0,0,0,0,21
8,28,18,75,71,16,11,2,79,127,41,6,1,1,13,15,35,127,110,0,0,1,7,7,7,127,47,0,0,1,0,0,11,25,43,69,10,0,0,3,127,93,25,5,0,0,0,17,127,48,6,0,0,0,0,53,16,8,2,0,0,2,4,8,23,2,4,3,0,12,18,12,106,21,2,0,0,6,29,44,127,44,0,0,0,0,0,22,19,5,0,0,0,0,0,4,9,0,0,0,3,120,37,12,127,7,0,0,0,51,63,119,127,12,0,0,0,0,5,118,3,0,0,0,0,0,13,46
62,6,0,1,24,6,2,6,22,5,6,8,1,3,12,8,79,39,5,1,0,0,4,9,112,34,0,0,0,0,0,4,41,2,0,9,27,21,18,13,23,1,0,0,0,121,100,34,132,32,0,0,0,10,42,101,96,33,0,0,0,0,0,35,1,0,0,1,62,115,25,3,116,16,0,1,25,132,53,21,132,86,0,0,0,4,13,78,51,9,0,0,0,1,7,91,0,0,8,47,53,74,7,0,54,2,3,8,24,30,12,55,100,5,0,0,0,0,23,132,52,2,0,0,1,1,16,125
29,11,2,6,10,3,7,29,0,0,0,4,20,14,36,34,14,1,0,0,0,0,9,57,3,3,3,0,0,0,0,2,33,3,1,6,20,7,58,149,12,1,0,5,96,49,30,60,115,9,0,0,4,5,7,87,24,2,0,0,0,0,0,6,149,34,50,44,3,3,41,149,118,25,2,1,25,23,19,149,149,61,1,0,3,1,0,7,23,6,0,0,0,0,0,1,68,60,49,30,16,35,18,44,149,121,11,0,0,1,2,82,87,39,13,0,0,0,0,9,15,2,0,0,0,0,0,3
4,1,1,3,89,58,2,3,35,19,29,13,10,3,0,15,32,44,19,5,2,1,1,8,26,40,18,4,2,0,0,3,8,4,2,5,35,77,90,65,129,22,9,2,2,6,31,48,49,88,44,0,0,0,1,8,22,100,15,0,0,0,0,0,27,77,41,29,36,14,63,81,135,84,25,0,0,2,18,51,96,17,3,0,0,0,7,70,53,8,0,0,0,0,0,10,14,11,4,1,0,0,135,135,13,14,7,0,3,17,135,135,72,0,0,0,1,11,73,135,71,0,0,0,0,0,0,31
27,118,12,0,7,104,10,0,28,122,15,0,0,0,0,0,4,37,1,0,1,1,0,0,0,0,0,0,0,0,0,0,53,114,70,6,7,4,2,5,122,101,6,1,5,4,2,36,35,57,10,4,57,33,0,2,1,24,2,0,21,11,0,0,18,41,63,58,62,8,24,45,122,116,34,20,37,17,6,45,41,31,5,2,51,51,2,6,5,122,5,1,7,3,0,0,55,20,58,100,7,3,102,122,75,79,33,8,14,11,10,92,4,84,7,2,15,7,0,0,9,122,0,0,0,0,0,0
0,0,0,0,13,47,53,16,0,6,1,0,0,120,69,1,0,54,28,0,7,97,7,0,2,99,21,0,1,6,0,0,2,0,2,13,2,40,140,140,94,33,2,0,0,44,89,102,36,95,25,0,0,3,1,3,1,25,8,0,0,0,0,0,42,30,16,71,20,11,53,80,140,104,2,0,0,0,20,98,86,25,2,2,0,0,0,3,0,0,0,1,1,2,1,0,47,140,2,3,8,20,6,0,140,140,0,0,0,0,0,0,20,24,2,5,3,1,0,0,0,0,0,3,9,4,0,0
89,0,0,0,0,0,0,75,94,1,0,0,0,0,0,92,89,6,0,0,0,0,1,46,32,14,1,0,0,0,0,6,133,0,0,0,0,0,0,60,138,8,0,0,0,0,0,37,138,56,0,0,0,0,0,2,28,93,13,0,0,0,0,0,120,3,0,0,0,0,0,44,138,3,0,0,0,0,0,49,138,55,0,0,0,0,0,6,71,115,16,0,0,0,0,0,60,4,0,0,0,0,0,7,138,2,0,0,0,0,0,39,138,8,0,0,0,0,0,38,138,17,0,0,0,0,0,13
0,0,0,0,33,38,2,0,59,1,0,0,25,17,3,22,181,41,0,0,0,0,0,12,87,22,0,0,13,15,1,0,0,0,0,0,16,72,29,0,66,4,0,0,23,53,19,56,181,20,0,0,0,0,1,62,99,10,1,8,37,4,0,0,0,0,3,4,9,38,23,0,102,22,1,4,18,25,11,20,181,54,0,0,0,0,1,18,92,8,0,0,51,18,2,2,0,0,1,1,2,76,77,0,109,6,0,0,1,62,69,70,181,4,0,0,0,0,2,65,54,0,0,0,46,41,4,7
11,2,2,0,1,15,60,65,25,0,0,0,0,3,93,112,26,3,7,4,6,6,14,27,1,1,27,10,0,0,0,1,12,7,13,70,33,36,37,14,117,24,4,6,1,11,31,70,60,2,1,0,0,49,114,68,26,3,11,1,0,1,38,90,6,11,37,117,62,0,0,0,61,38,14,26,19,69,16,15,24,117,39,4,10,117,73,34,111,116,24,0,0,3,21,71,0,0,12,117,62,0,0,0,1,34,115,66,20,12,2,2,10,117,84,5,4,8,1,7,9,76,29,0,0,0,2,4
0,0,0,1,43,98,34,1,3,2,3,6,14,47,122,22,1,0,0,8,13,79,122,14,22,3,0,1,3,33,43,30,5,3,6,38,122,44,6,8,107,10,14,34,58,23,13,51,19,20,68,122,23,17,23,4,48,108,44,13,1,3,9,11,4,5,22,75,122,9,0,2,122,121,67,40,70,0,1,24,40,53,97,79,0,0,0,1,7,122,69,14,0,0,0,2,0,2,41,63,21,2,0,0,4,69,97,26,7,6,0,0,2,20,15,8,9,18,1,0,9,13,5,2,1,7,25,15
0,0,13,64,91,34,14,6,3,11,115,63,35,28,109,25,55,27,35,4,5,9,65,90,115,28,0,0,0,0,3,40,2,2,8,33,45,43,3,8,5,2,43,46,75,115,21,4,115,52,12,5,8,46,33,38,115,49,0,0,0,0,2,58,15,12,11,84,66,8,0,1,5,7,30,115,115,33,3,2,105,49,43,22,5,6,5,48,45,2,0,0,0,3,19,115,24,1,0,18,57,19,3,17,0,0,3,50,115,25,5,7,2,7,8,13,14,17,15,39,3,0,0,0,32,49,52,82
4,4,19,0,0,5,68,36,33,4,5,0,0,0,45,118,6,0,2,12,7,7,84,89,3,0,6,27,21,9,12,10,28,21,37,7,9,6,1,12,13,6,12,29,31,57,79,42,118,7,1,3,1,9,95,118,49,4,7,1,0,8,44,48,8,23,118,44,5,1,0,1,8,12,78,118,58,11,4,3,118,48,13,37,16,57,22,27,41,57,15,1,4,109,105,65,0,3,53,16,1,0,0,0,1,1,30,118,82,0,0,0,6,37,91,81,35,27,4,4,12,118,70,5,6,23,3,6
0,0,8,112,34,0,0,0,0,1,7,98,130,3,0,0,0,7,84,88,110,3,0,0,0,12,130,42,14,2,17,11,0,0,3,45,75,18,0,0,9,9,10,74,130,16,0,0,77,83,130,49,15,0,0,3,9,23,130,30,0,0,0,0,0,0,0,0,74,74,0,0,15,0,0,2,130,45,0,2,130,10,3,1,12,1,0,42,55,10,23,0,0,0,0,17,0,0,0,1,77,53,0,0,5,0,0,0,51,58,1,2,130,0,0,0,4,5,1,36,62,0,0,0,0,0,0,24
0,0,0,25,63,0,0,0,4,5,1,37,130,0,0,0,52,57,1,2,5,0,0,0,77,52,0,0,0,0,0,1,0,0,0,17,56,10,22,0,12,1,0,43,130,9,2,1,130,44,0,2,15,0,0,2,74,73,0,0,0,0,0,0,0,0,0,0,9,24,130,29,14,0,0,3,78,84,130,48,130,15,0,0,9,10,10,75,75,17,0,0,0,0,3,46,14,2,17,11,0,13,130,41,108,3,0,0,0,7,86,88,130,3,0,0,0,1,7,98,33,0,0,0,0,0,8,112
0,0,0,7,93,46,2,0,15,38,30,18,23,5,0,2,21,68,14,2,0,0,0,0,10,51,35,1,0,0,0,0,6,6,1,1,53,114,52,21,95,36,2,0,1,4,18,37,38,99,9,0,0,0,0,2,14,62,12,0,0,0,0,0,19,25,3,3,25,29,130,130,93,47,1,0,0,0,52,130,82,11,0,0,0,0,11,85,39,4,0,0,0,0,0,4,1,0,8,69,3,0,95,130,43,22,3,1,0,0,130,130,130,36,0,0,0,0,40,130,43,4,0,0,0,0,0,4
20,0,0,0,133,109,3,17,133,1,0,0,5,12,13,112,30,4,5,2,1,16,64,37,12,4,0,0,0,4,31,16,40,2,0,3,133,57,0,1,133,24,3,0,2,1,0,10,65,42,46,9,0,1,1,5,11,40,27,3,0,0,0,2,30,4,22,107,132,2,0,2,133,30,20,5,0,0,0,43,111,45,8,0,0,0,0,22,6,31,23,5,0,0,0,0,1,4,114,133,13,0,0,0,48,96,133,15,0,0,0,6,37,97,16,0,0,0,0,3,1,21,6,0,0,0,0,0
0,1,0,0,15,77,0,0,32,17,0,0,15,143,56,17,29,46,9,0,0,10,41,23,0,41,27,0,0,5,8,0,7,0,0,0,51,143,9,6,143,44,0,0,13,131,23,44,81,95,7,0,0,0,18,23,1,29,14,0,0,2,14,6,39,20,0,0,64,143,3,3,143,70,1,2,2,25,19,44,60,9,2,2,1,3,94,88,6,1,0,0,0,4,77,41,76,59,1,7,48,36,0,0,137,133,15,10,0,0,1,0,24,32,43,16,0,1,3,7,7,9,12,6,3,1,9,5
0,7,32,8,11,159,122,0,55,2,22,15,4,64,82,135,159,0,0,0,0,0,3,159,16,0,0,3,16,0,0,8,1,24,75,28,31,31,32,3,81,3,24,32,84,40,3,29,159,14,0,0,3,3,0,82,54,0,0,0,17,3,0,9,0,0,16,98,46,13,11,4,92,11,0,39,114,23,2,4,159,37,0,1,4,1,0,16,37,1,0,0,4,4,2,6,1,0,2,34,29,1,0,4,13,0,0,14,41,0,0,1,47,0,0,0,1,0,0,5,2,0,0,0,0,0,0,0
22,1,35,43,55,21,3,18,186,2,0,2,7,4,0,136,186,0,0,0,5,1,0,45,0,0,0,2,41,1,0,0,28,4,1,23,125,53,3,4,186,56,0,2,16,8,1,25,186,15,0,0,1,3,3,19,0,0,0,0,31,10,1,1,21,2,0,58,122,1,0,2,186,15,0,3,17,0,0,27,106,2,0,0,0,0,1,14,0,0,0,0,2,1,0,0,0,0,0,4,14,0,0,0,0,0,0,0,1,0,0,0,0,0,0,0,0,0,0,0,0,0,0,0,0,0,0,0
150,150,0,0,0,0,0,18,150,42,0,0,0,0,0,81,142,0,0,0,0,0,0,129,11,0,0,0,0,0,0,16,117,150,26,0,0,0,0,0,148,117,3,0,0,0,0,6,142,2,0,0,0,0,1,69,8,0,0,0,0,0,1,16,34,105,20,0,0,0,1,33,60,45,4,0,0,0,0,23,104,4,0,0,0,0,8,32,9,0,0,0,0,0,4,8,30,0,0,0,0,0,2,39,33,0,0,0,0,0,21,65,9,0,0,0,0,9,80,32,0,0,0,0,0,2,25,4
127,89,0,0,0,0,0,0,127,42,0,0,0,0,0,6,127,4,0,0,0,0,1,33,14,0,0,127,127,4,6,15,127,32,0,0,0,0,0,2,127,9,0,0,0,0,0,37,122,4,0,0,0,0,2,82,15,2,0,18,11,3,15,31,121,15,0,0,0,0,0,0,127,51,0,0,0,0,0,4,106,87,2,0,0,0,0,6,17,35,17,2,2,0,0,3,59,17,0,0,0,0,0,0,127,78,0,0,0,0,0,0,69,127,14,0,0,0,0,0,1,41,73,7,0,0,0,0
0,0,0,2,23,27,0,0,20,19,0,0,52,78,0,0,25,49,10,3,16,29,1,1,52,11,4,3,9,18,4,23,1,0,0,0,50,116,4,2,102,24,0,0,32,91,8,24,70,45,0,0,38,81,4,5,69,118,30,24,65,27,2,4,8,9,2,0,58,118,8,4,112,33,4,0,22,47,15,35,118,46,0,0,40,79,12,14,118,57,6,10,118,102,12,14,24,33,6,4,21,81,9,8,18,11,3,9,15,27,67,24,118,47,2,2,7,24,37,43,89,26,2,42,118,45,2,5
16,4,1,0,0,8,7,2,15,1,0,0,0,22,73,40,8,0,0,0,7,9,65,118,0,0,13,118,118,116,42,28,2,1,4,13,51,30,5,0,39,38,7,5,32,45,42,8,17,16,11,12,26,6,29,107,19,9,13,90,96,23,23,71,0,0,3,48,88,1,0,0,94,11,1,16,74,2,0,32,67,6,1,22,109,4,2,25,118,56,28,75,39,4,2,52,0,0,0,26,78,0,0,0,44,0,0,18,108,7,6,58,35,0,0,15,88,8,6,68,116,3,1,13,46,9,6,118
44,11,5,112,112,13,4,22,110,12,2,53,53,1,0,4,85,12,6,61,66,0,0,2,112,3,0,0,0,0,0,9,58,11,2,27,112,68,29,80,112,9,2,18,72,12,1,6,76,3,0,20,108,14,1,5,112,1,0,0,1,0,1,30,112,27,19,85,15,4,5,79,22,6,22,108,21,18,13,10,36,42,40,6,34,43,7,3,58,26,3,0,1,1,3,15,112,112,37,45,2,0,1,47,0,3,48,112,19,0,0,0,0,20,68,26,16,2,0,0,1,8,5,1,10,6,3,1
0,0,0,1,70,28,34,14,10,46,2,3,104,28,1,0,43,124,2,0,1,0,0,0,43,43,0,0,39,16,0,0,23,1,0,2,16,31,124,124,124,75,0,0,23,29,31,35,60,124,1,0,1,2,0,5,6,25,1,0,75,58,0,0,115,70,14,39,9,0,20,61,124,27,0,0,0,0,5,80,117,11,0,0,12,26,2,53,2,1,0,0,68,115,2,1,16,49,42,45,21,1,1,2,124,26,3,5,2,0,0,32,120,8,0,0,40,24,1,17,1,2,7,8,62,50,3,1
0,0,0,0,24,94,2,0,1,1,3,13,64,69,6,2,91,87,21,15,13,4,4,8,58,59,11,34,14,0,0,3,3,0,0,0,13,95,101,15,15,4,1,11,69,115,39,27,115,19,1,2,5,14,19,82,88,4,0,5,12,1,0,36,39,115,46,2,1,17,98,36,28,70,108,101,41,10,7,13,115,75,50,27,5,1,9,36,44,2,0,0,4,11,42,82,2,115,108,3,1,0,0,0,0,27,83,70,11,0,0,0,3,6,33,75,35,1,5,5,0,0,2,22,36,38,57,26
69,8,1,0,4,11,25,68,30,10,0,0,1,57,59,24,6,19,1,0,30,106,17,4,20,62,2,0,7,7,0,1,8,0,3,29,43,27,112,87,11,0,2,17,7,42,140,93,140,16,0,0,1,27,94,125,39,21,0,0,1,1,0,5,0,0,4,32,74,38,12,1,50,42,3,32,40,54,43,15,140,139,0,1,2,1,9,40,47,16,0,1,10,7,0,1,1,3,0,4,67,38,1,0,57,140,0,0,14,33,4,0,94,140,0,0,0,4,0,0,7,6,0,0,8,31,0,0
1,0,1,0,0,14,81,21,18,1,0,0,8,46,68,26,140,89,13,0,3,23,26,26,17,61,64,18,1,0,1,4,2,0,67,112,0,1,36,43,53,14,44,19,7,42,40,54,140,57,9,0,3,13,3,92,34,11,17,7,0,0,10,87,0,0,140,140,0,0,0,2,11,49,140,94,0,2,3,2,81,140,139,10,0,0,1,27,8,5,16,29,1,0,42,72,0,0,13,8,0,0,12,23,0,3,61,13,0,1,11,7,0,9,39,9,0,1,3,1,1,3,28,38,0,0,1,0
0,0,0,0,0,0,0,0,8,0,0,0,0,0,3,10,53,7,0,0,0,9,64,53,34,47,3,0,0,25,40,12,2,0,0,0,0,0,0,1,137,54,0,0,0,0,5,34,139,32,0,0,0,0,60,112,34,9,0,0,0,34,139,52,7,0,0,0,0,0,0,2,104,13,0,0,0,9,62,62,21,6,1,0,0,11,139,131,139,107,0,0,0,6,139,83,0,0,0,0,0,0,0,0,0,0,0,0,0,3,9,0,10,25,9,0,0,4,67,18,139,139,5,0,0,13,30,31
0,0,0,0,0,0,0,0,0,4,2,0,0,0,0,0,0,0,0,0,0,0,0,0,0,0,0,0,0,0,0,0,1,1,0,0,0,0,0,3,39,112,91,6,0,0,0,17,16,82,139,13,0,0,0,0,39,27,11,0,0,0,0,7,19,0,0,3,1,0,0,16,139,34,17,3,1,0,0,99,139,117,109,1,0,0,0,15,65,74,72,13,0,0,0,31,9,4,136,45,2,0,0,1,139,64,139,54,2,0,0,36,139,31,83,12,0,0,0,96,42,16,33,13,0,0,3,86
96,18,2,6,3,11,80,126,126,97,0,0,2,5,7,26,22,72,2,0,33,52,1,3,0,5,2,3,105,75,0,0,126,79,37,34,6,0,0,17,126,16,0,0,3,8,1,46,38,1,0,0,61,126,5,12,10,13,4,2,36,67,2,1,78,75,16,18,15,17,7,9,126,126,3,1,21,17,1,4,14,5,12,12,103,67,1,1,12,7,20,12,10,10,3,3,104,124,14,1,4,10,4,8,60,65,3,1,32,40,8,5,0,15,11,6,44,25,0,0,1,20,9,7,19,6,0,0
130,32,20,13,0,0,20,110,132,1,0,1,19,6,1,132,13,3,7,27,131,23,1,16,7,11,17,10,11,5,1,6,46,36,51,81,45,14,5,18,132,47,3,4,11,3,3,63,43,22,6,29,123,5,1,8,8,19,12,25,27,0,0,0,41,32,7,30,132,59,8,20,132,81,3,2,8,11,8,63,37,14,1,9,59,36,7,14,14,17,2,10,26,3,0,0,24,22,75,98,65,16,2,21,132,92,40,16,3,1,1,40,12,10,4,34,18,6,1,1,11,10,4,2,6,9,1,0
11,17,16,0,0,0,0,1,6,43,54,0,0,0,0,0,9,15,3,0,0,0,0,0,0,0,0,0,0,0,0,0,136,35,14,0,0,0,0,8,121,115,55,0,0,0,0,6,56,61,33,2,0,0,0,20,39,0,1,0,0,0,0,49,64,57,136,63,0,0,0,8,119,46,136,45,0,0,0,28,50,16,42,15,2,0,4,38,34,4,6,6,6,1,4,71,8,9,136,45,0,0,25,136,5,5,136,136,0,0,7,63,9,3,92,136,4,1,7,10,14,28,32,23,2,1,5,9
1,52,43,2,3,16,10,1,1,15,19,3,20,125,22,1,10,25,10,0,0,109,70,4,30,72,35,0,0,15,35,19,4,20,8,6,9,55,101,6,16,3,6,52,104,125,28,9,125,79,10,7,11,35,22,31,49,116,55,0,0,0,3,10,8,120,32,16,4,2,15,5,14,19,28,125,119,5,1,1,125,23,12,65,28,0,2,73,46,4,0,0,0,25,64,88,4,28,4,1,1,12,30,3,1,2,4,43,81,46,26,1,22,15,45,38,51,4,3,34,6,4,15,20,40,77,48,35
0,9,116,72,12,0,0,0,4,8,32,68,97,16,7,6,67,46,6,4,23,11,25,33,10,25,71,28,7,2,2,2,0,0,3,12,29,57,83,8,20,3,0,11,122,122,13,10,122,31,2,0,20,37,12,46,40,16,21,11,2,12,33,10,0,0,46,11,9,53,122,12,15,53,101,24,61,108,18,1,122,104,74,10,5,9,15,29,12,1,19,27,5,38,92,14,0,3,107,15,0,2,5,1,2,53,122,5,0,3,16,5,2,54,86,17,0,2,33,12,0,0,59,64,2,14,27,0
12,35,1,0,0,11,10,6,0,1,0,0,0,41,65,6,0,0,0,0,0,5,48,33,0,0,0,0,0,0,2,4,5,0,0,0,12,70,65,44,16,1,0,1,89,138,138,52,138,8,0,0,6,22,96,138,29,0,0,0,0,0,2,19,4,27,30,30,26,26,29,22,41,56,36,138,138,66,9,9,138,138,17,17,12,6,5,34,41,9,0,0,0,5,10,3,6,32,28,18,10,7,13,17,7,61,55,105,35,4,1,0,53,131,22,8,1,9,1,0,4,2,0,0,1,19,12,0
44,59,2,3,31,9,15,23,2,48,11,15,128,26,3,0,4,84,15,30,64,0,0,0,0,0,18,27,35,0,0,0,18,3,9,45,21,24,128,112,112,90,13,11,47,27,69,69,18,80,19,50,128,21,1,1,0,0,64,92,50,0,0,0,28,18,41,128,85,12,24,20,128,60,10,24,17,13,12,56,29,9,8,13,83,56,4,8,0,19,44,21,8,1,0,0,12,28,20,57,128,35,0,0,92,93,13,11,20,2,0,0,6,28,19,18,21,2,0,0,0,39,22,0,0,0,0,0
65,98,113,68,27,24,23,21,74,36,10,14,47,14,35,62,2,3,65,75,97,31,26,4,0,0,31,9,0,1,12,1,3,3,56,68,113,99,25,4,113,51,15,11,55,48,18,42,34,33,113,60,5,8,18,7,0,0,34,13,0,1,3,0,5,21,75,18,48,113,66,2,113,95,76,15,19,39,21,39,27,5,20,39,7,49,113,18,0,0,3,5,0,8,34,0,1,20,95,11,2,9,13,4,5,49,79,21,2,13,55,13,0,0,36,83,13,59,51,0,0,0,6,12,1,9,9,0
8,8,1,0,1,13,29,16,31,7,0,0,0,23,42,50,41,7,0,0,0,0,3,32,0,0,0,0,0,0,0,0,19,25,7,14,49,95,20,9,115,83,1,8,14,66,46,54,82,64,0,0,0,18,91,43,2,0,0,0,0,0,20,23,15,38,23,81,37,31,19,8,99,15,29,93,41,49,46,71,87,46,19,40,43,115,115,115,115,30,1,0,0,2,37,114,2,6,1,5,8,34,33,7,46,18,24,49,21,23,34,64,52,115,97,93,29,14,5,12,65,69,7,0,0,0,5,10
50,30,22,12,1,1,3,18,32,6,7,29,20,65,51,30,31,15,15,30,14,30,39,96,13,19,16,26,9,0,2,17,14,39,57,30,44,75,40,13,71,56,98,20,27,73,63,53,55,35,120,114,6,16,18,67,57,36,23,11,0,0,0,30,12,19,71,120,104,62,34,18,120,120,103,52,12,19,30,90,61,42,79,119,4,0,0,3,9,38,61,16,0,0,0,0,4,13,57,48,1,0,0,1,16,84,77,15,0,0,0,0,7,10,3,2,0,0,0,0,0,0,1,0,0,0,0,0
