18,9,10,7,30,4,106,66,120,2,0,39,124,2,5,45,146,0,0,1,2,0,0,76,11,0,0,0,0,0,0,2,31,60,103,10,7,4,23,28,91,29,19,37,146,18,6,26,146,28,6,3,14,0,0,78,34,0,0,0,0,0,0,5,0,2,146,16,0,2,7,3,13,43,146,40,24,10,4,1,125,146,101,3,2,0,0,4,21,8,0,0,0,0,0,0,0,0,45,1,0,0,0,0,0,3,63,1,0,0,0,0,0,13,24,0,0,0,0,0,0,1,0,0,0,0,0,0
0,0,0,0,18,63,45,0,0,0,0,0,1,21,124,25,0,0,0,0,0,0,124,29,0,0,0,0,0,0,109,18,3,0,0,12,124,61,16,1,75,23,4,3,45,31,83,34,11,12,15,9,4,24,112,23,0,0,8,3,0,1,124,25,3,0,0,40,124,0,0,0,124,6,1,18,92,6,0,22,25,3,26,59,58,65,47,9,0,0,51,24,2,7,124,29,0,0,0,29,124,0,0,0,109,2,1,18,92,0,0,17,54,6,66,56,7,0,0,5,0,0,124,42,0,0,2,0
3,0,0,0,128,7,0,0,128,4,0,0,62,2,0,0,44,1,0,0,0,17,1,0,1,2,0,0,3,98,7,0,5,0,0,0,128,5,0,0,128,3,0,0,74,7,1,3,37,4,0,0,9,128,4,3,16,68,0,0,1,128,12,1,6,0,0,0,128,6,0,0,128,23,8,7,76,10,0,3,16,40,82,46,43,76,1,1,7,128,39,5,14,21,0,0,9,1,0,0,128,7,0,0,128,44,11,3,45,1,0,0,25,28,108,23,2,1,0,0,0,16,46,15,57,26,0,0
1,0,0,68,82,0,0,3,47,0,0,32,52,2,3,114,39,2,11,81,17,3,6,58,1,4,24,114,8,7,45,5,0,0,0,53,59,0,8,9,44,5,4,114,114,0,0,49,114,38,13,20,2,0,0,90,25,26,56,114,2,0,0,1,0,0,4,13,10,1,80,80,11,28,28,99,48,1,40,36,114,114,24,15,1,0,2,24,31,40,8,37,5,0,1,4,0,0,88,91,0,0,26,26,3,3,48,51,0,0,55,81,27,17,10,8,0,0,65,114,5,2,0,1,3,2,74,78
97,9,0,1,0,4,4,21,1,1,0,57,40,49,19,1,5,0,0,126,97,22,9,25,39,0,0,25,11,0,0,126,88,0,0,0,5,35,22,95,6,0,0,0,48,126,75,12,64,4,2,54,32,53,59,45,20,1,1,122,25,0,0,63,100,1,4,6,26,16,7,87,39,6,0,0,126,75,7,9,126,36,1,8,20,10,4,12,20,5,1,114,26,0,0,2,52,21,17,40,26,1,0,14,39,19,2,16,126,7,0,2,126,52,0,3,10,0,0,0,12,3,0,26,6,0,0,0
1,0,0,3,93,9,0,0,112,6,0,5,68,12,8,36,42,0,0,29,23,10,46,67,3,0,0,99,82,1,8,27,1,0,0,0,112,19,0,5,112,3,0,4,97,23,3,30,47,1,0,32,73,23,37,88,5,0,3,50,56,10,59,109,5,1,3,10,112,8,2,51,112,69,17,16,90,4,0,3,53,32,16,112,88,1,6,7,5,9,35,65,34,2,39,65,19,7,9,45,17,1,2,88,40,112,45,12,9,0,0,28,7,43,16,65,77,1,0,1,19,6,14,62,76,1,0,19
5,0,0,3,141,0,0,0,6,5,16,22,17,13,8,2,49,90,51,7,3,8,6,6,30,77,109,0,0,2,19,12,3,0,0,4,141,5,0,2,19,1,1,2,43,66,34,18,141,24,1,1,8,14,23,41,46,10,3,22,42,55,82,23,0,1,4,25,141,0,0,0,55,4,4,29,141,17,1,3,141,17,0,3,18,4,1,8,29,1,20,84,31,7,4,3,4,3,3,12,141,0,0,0,52,4,2,23,141,3,0,0,141,3,0,1,16,0,0,1,22,0,2,3,0,0,0,1
4,5,17,21,12,11,4,1,51,103,50,5,2,7,3,5,40,112,131,0,0,2,21,14,0,32,128,1,1,8,26,9,11,1,2,2,21,53,32,16,136,20,2,0,4,11,24,48,71,13,2,19,51,71,97,24,0,1,6,13,9,28,136,87,37,1,2,18,108,22,3,5,136,8,0,1,15,5,2,17,51,1,20,102,50,13,5,5,0,0,91,128,8,4,36,29,33,2,3,32,120,0,0,0,136,0,0,2,18,0,0,10,44,0,3,6,0,0,1,4,0,0,26,33,0,0,0,0
0,39,78,31,12,45,20,0,1,123,67,1,5,30,14,0,35,68,17,0,1,22,33,24,56,24,2,0,12,39,3,18,0,14,97,58,25,33,0,0,12,17,25,9,57,123,7,4,123,53,0,0,5,72,24,25,43,26,0,0,31,123,7,4,1,5,4,7,23,123,19,0,33,9,9,44,82,123,2,2,123,27,4,15,21,32,12,34,18,6,1,19,64,103,9,9,12,58,3,1,11,68,21,0,47,18,5,13,94,59,1,3,123,44,12,31,14,6,1,9,8,5,11,123,35,3,3,4
16,2,8,122,28,1,2,9,79,1,1,35,26,6,10,77,122,47,0,3,26,7,8,14,62,27,1,2,2,4,12,4,7,2,3,87,55,17,76,38,28,4,8,122,48,5,23,42,122,10,1,8,3,7,21,57,39,1,0,0,8,88,74,20,114,11,8,17,7,1,18,52,69,24,21,122,64,0,0,4,122,35,8,45,31,16,2,10,24,12,0,0,77,122,11,6,122,7,2,15,12,0,0,6,98,11,10,67,54,0,0,3,16,34,24,39,63,27,0,0,23,50,2,2,72,46,0,0
2,121,29,0,2,27,17,0,37,90,14,0,1,16,29,27,64,29,1,0,28,50,4,28,32,17,2,0,73,102,2,8,3,41,30,6,48,107,4,2,121,40,0,0,11,75,26,33,73,27,0,0,67,121,6,8,44,8,0,1,43,101,14,25,12,2,6,28,89,121,1,3,121,13,3,14,19,37,12,56,33,7,2,23,100,121,12,17,36,18,2,14,17,20,12,20,15,19,8,23,69,38,1,2,121,29,10,19,28,10,1,19,31,14,27,121,36,4,2,6,5,2,19,82,10,1,26,28
1,97,92,14,39,29,6,0,10,49,28,4,18,49,112,28,1,18,35,0,0,0,119,57,2,23,16,0,0,0,119,22,7,15,7,3,119,113,21,28,53,31,17,1,63,77,29,10,17,31,53,4,12,19,58,24,74,87,47,2,0,2,41,51,5,8,29,55,87,41,20,23,88,39,21,34,50,16,1,10,40,7,2,5,79,51,8,18,119,8,0,0,6,6,5,89,7,10,34,44,28,4,17,16,4,45,91,59,35,0,0,0,26,16,9,46,116,3,0,0,119,22,0,0,2,0,0,16
21,0,0,13,57,21,18,55,34,0,0,0,6,49,46,115,11,2,2,1,10,62,64,85,11,7,26,10,4,50,42,35,20,2,3,106,107,0,0,10,98,9,5,23,29,11,6,35,77,6,1,53,69,19,18,48,120,37,56,25,4,6,4,38,7,4,15,120,73,33,7,4,38,24,33,39,24,42,20,4,56,56,36,22,37,41,12,3,120,37,7,3,7,48,18,33,1,43,60,11,27,77,42,10,0,81,120,6,13,34,7,0,3,77,120,11,13,51,13,0,18,21,18,7,31,120,18,6
57,0,0,0,4,15,29,121,8,0,0,3,6,85,79,55,19,8,40,12,4,21,44,63,0,0,40,30,13,60,43,0,88,6,1,7,20,8,7,40,31,3,1,24,71,52,36,59,128,32,32,18,8,18,35,98,5,10,85,83,7,35,28,0,54,28,14,32,17,14,12,3,44,20,3,41,80,33,12,4,128,64,17,13,9,6,2,13,46,12,47,71,43,102,4,5,0,21,114,9,11,34,14,0,8,65,128,6,7,23,12,0,104,64,26,5,8,63,36,18,13,11,11,0,12,128,34,8
25,0,1,0,0,0,22,87,5,3,2,1,9,61,87,37,15,24,76,71,34,53,10,5,3,2,93,87,1,2,10,86,83,29,19,8,0,0,3,17,42,18,32,80,3,2,11,11,115,59,57,24,0,6,13,22,12,12,115,115,10,43,46,6,115,35,9,5,0,0,0,33,68,13,21,115,25,12,3,26,81,12,8,35,30,96,98,39,6,16,8,5,4,112,115,17,75,64,4,0,0,0,0,7,34,25,12,43,37,38,6,18,0,20,30,53,68,70,11,0,3,61,27,10,4,16,22,3
0,0,0,20,62,22,119,70,48,10,24,48,41,12,35,113,42,4,3,1,0,1,44,136,0,0,0,0,0,0,33,48,11,0,6,14,9,1,123,109,136,17,20,25,9,2,44,136,37,11,13,72,47,10,56,65,35,5,3,6,2,0,35,136,38,8,5,17,37,1,1,3,136,55,1,7,14,2,0,16,50,10,8,69,59,7,0,3,21,7,8,20,4,0,2,38,40,18,34,98,26,0,0,0,136,80,4,17,7,0,0,0,21,12,4,51,44,1,0,0,5,13,7,13,11,0,0,0
0,0,0,0,36,6,7,1,28,0,0,0,163,17,0,0,163,13,0,0,43,2,0,0,48,7,0,0,0,0,0,0,0,0,0,0,26,25,55,12,48,1,0,0,163,69,6,0,163,14,0,0,39,4,0,3,51,3,0,0,0,0,0,4,0,0,2,4,28,18,22,3,49,4,0,6,163,36,3,0,163,6,0,2,22,1,0,43,34,0,0,0,0,0,0,46,0,0,23,43,31,0,0,0,36,1,0,23,163,1,0,0,163,2,0,0,13,0,0,35,17,0,0,0,0,0,0,77
13,0,0,61,142,0,0,4,147,5,0,4,26,0,0,31,29,10,12,0,0,0,8,10,0,1,12,2,0,0,16,2,13,0,0,61,147,0,0,2,147,30,2,10,62,0,0,15,59,38,70,4,0,0,0,0,0,5,85,3,0,0,0,0,8,0,0,37,147,0,0,1,147,4,0,14,86,0,0,34,124,11,17,0,0,0,0,11,0,5,27,0,0,0,0,0,2,0,0,26,147,0,0,0,147,0,0,13,91,0,0,36,131,1,0,0,0,0,0,17,3,1,0,0,1,1,0,0
65,3,0,0,1,7,45,86,6,3,0,0,12,38,7,11,11,19,10,2,17,16,4,1,0,0,4,3,34,86,42,0,140,1,0,4,14,11,79,140,100,6,5,10,6,6,4,32,42,13,3,21,49,5,0,8,3,0,0,90,140,61,31,4,140,9,1,28,30,0,0,33,140,14,29,12,0,0,0,19,10,29,21,14,12,0,0,0,2,2,1,140,140,1,0,0,140,11,3,20,12,0,0,28,140,2,2,0,0,0,11,62,0,1,2,0,1,8,32,3,0,0,0,48,73,19,8,0
21,14,13,1,0,0,0,4,96,29,6,2,0,0,13,64,101,9,5,4,0,0,20,111,34,3,0,0,0,0,0,31,44,2,0,1,2,0,0,9,133,76,17,25,0,0,0,4,57,22,18,124,16,0,0,106,40,0,0,8,1,0,0,133,54,0,0,0,10,0,0,10,133,11,1,9,0,0,0,54,86,7,4,133,35,0,0,26,32,0,0,95,21,0,0,133,42,1,0,3,13,0,0,5,133,0,0,0,0,0,0,77,120,1,1,46,9,0,0,44,5,0,0,133,32,0,0,21
15,17,0,0,0,1,8,7,131,29,0,0,0,0,11,33,107,38,0,0,0,7,8,37,0,4,0,0,1,37,9,0,14,0,0,0,8,15,44,33,51,2,0,1,31,44,139,143,155,10,0,0,2,10,67,155,19,4,0,0,5,28,5,11,36,0,0,4,31,3,1,6,105,23,0,22,146,18,14,14,155,94,1,6,7,1,6,33,33,15,10,15,4,1,0,1,29,0,0,3,14,0,0,16,95,34,3,35,74,0,0,0,155,71,3,6,2,0,0,1,17,11,24,9,0,0,0,0
0,0,0,5,10,46,10,0,68,3,0,0,1,5,4,18,118,5,0,0,0,0,4,36,3,27,26,4,26,13,4,3,1,0,0,13,17,16,3,1,24,3,1,4,26,53,22,52,143,51,2,0,0,5,14,143,77,143,66,1,1,1,21,56,1,1,6,6,8,9,4,1,22,29,36,39,31,13,1,4,143,75,12,2,1,1,4,51,74,27,0,0,0,0,116,143,0,1,143,43,0,0,0,0,6,7,143,26,0,0,0,0,75,32,143,22,3,0,0,27,16,6,17,13,6,3,19,20
0,0,0,0,144,95,0,1,68,0,0,0,75,50,5,32,37,0,0,5,11,0,0,6,0,0,0,24,56,0,0,0,3,0,0,0,144,133,0,2,144,1,0,0,77,34,0,19,72,0,0,1,10,0,0,4,0,0,0,7,86,1,0,0,2,3,30,133,144,53,0,0,113,56,62,40,31,7,0,2,54,19,14,4,9,0,0,2,0,1,3,15,77,4,0,0,0,0,40,144,63,3,0,0,2,21,98,103,37,1,0,0,2,14,60,21,4,0,0,0,0,4,18,58,18,0,0,0
3,1,0,2,81,29,0,0,88,33,0,0,9,5,0,0,41,19,0,0,16,17,0,0,3,51,5,3,71,70,0,0,10,1,0,1,105,19,0,0,139,21,0,0,5,2,0,4,37,28,3,1,34,35,0,1,38,146,24,8,35,16,0,0,8,0,0,16,98,1,0,2,104,3,0,0,5,2,1,44,80,146,0,0,9,16,2,14,146,146,1,0,1,0,0,3,0,0,0,30,80,1,0,1,76,43,0,3,16,3,5,41,146,146,0,0,0,0,0,11,67,99,0,0,0,0,0,17
32,4,1,0,0,2,72,51,4,2,2,5,2,6,73,35,4,3,6,1,0,13,52,5,0,0,12,6,5,33,29,0,24,38,4,0,0,16,126,42,126,54,5,0,0,0,44,72,19,37,68,0,0,3,10,5,0,7,92,6,0,2,1,0,10,126,28,0,0,2,3,1,88,58,5,0,0,8,17,68,58,33,17,0,0,0,9,105,8,125,96,0,0,0,0,1,1,34,4,0,0,44,4,0,4,4,1,0,0,126,74,38,126,70,4,0,0,19,53,126,126,126,83,0,0,0,0,8
3,2,1,21,16,0,0,5,16,1,1,1,0,0,0,12,132,2,0,0,0,0,0,132,132,2,0,0,0,0,0,132,2,32,26,132,85,0,0,2,20,19,28,54,10,0,0,0,132,7,0,5,1,0,0,25,132,0,0,0,0,0,0,132,0,19,16,132,132,33,46,17,8,14,11,64,68,6,4,1,112,3,0,13,14,0,0,25,53,0,0,0,1,32,27,88,10,2,0,3,18,34,82,39,7,7,2,11,46,12,12,6,21,0,0,6,40,31,52,35,6,0,0,2,12,79,72,25
0,0,58,86,27,7,10,1,17,10,5,18,16,4,18,0,141,88,0,0,0,0,5,8,72,29,0,0,1,1,2,8,0,0,10,35,68,141,24,0,58,9,1,5,21,28,3,4,141,48,0,0,0,0,0,2,74,11,2,1,4,3,1,4,1,0,0,20,14,56,16,0,43,3,1,1,1,20,14,24,141,5,0,0,0,4,14,141,53,42,12,0,3,10,16,43,1,0,0,15,21,23,6,2,2,1,2,8,48,77,18,14,141,29,3,3,9,28,29,141,141,141,17,0,0,0,10,86
0,3,42,43,50,92,8,0,5,19,20,3,14,125,59,0,18,115,36,1,6,125,43,0,3,83,125,16,7,16,2,0,0,0,0,3,125,125,2,0,39,11,4,41,125,113,12,5,125,125,20,6,4,13,12,67,23,35,43,32,59,19,28,31,0,0,0,6,119,58,0,0,12,25,44,78,37,3,0,1,87,62,29,9,1,4,17,46,6,0,0,0,14,14,47,62,0,0,0,10,96,3,0,0,3,4,6,2,0,1,2,7,1,5,3,0,2,11,6,6,0,0,0,0,0,2,12,20
4,0,0,62,130,6,0,4,126,0,0,3,14,0,0,75,143,0,0,0,0,0,0,94,25,1,0,0,0,0,0,7,7,0,0,3,115,123,4,2,143,7,0,0,12,6,0,16,143,1,0,0,0,0,0,40,55,0,0,0,0,0,0,8,37,8,0,0,3,89,12,7,143,50,0,0,0,1,0,3,143,17,0,0,0,0,0,22,61,1,0,0,0,0,0,11,48,33,0,0,0,5,1,0,106,77,0,0,0,0,0,0,143,112,0,0,0,0,0,8,37,21,0,0,0,0,0,4
5,0,31,73,0,0,6,75,24,0,7,21,2,1,43,123,26,6,17,63,10,1,10,46,0,48,83,83,10,0,0,0,0,0,27,123,1,0,0,7,64,9,22,123,2,0,1,66,123,64,26,6,0,0,0,55,15,46,86,26,17,2,0,1,20,12,5,36,1,0,8,107,19,61,123,110,2,0,0,3,123,90,75,16,1,0,0,11,35,9,9,8,21,13,3,9,82,123,98,17,0,0,2,68,15,95,52,28,14,0,0,1,20,5,17,36,40,0,0,12,38,9,7,2,2,2,1,24
11,0,0,0,1,6,38,40,111,0,0,0,0,0,5,128,48,0,0,0,0,36,21,83,5,1,0,0,1,89,23,3,18,0,19,60,11,8,38,44,128,9,0,2,2,2,8,89,69,4,0,0,22,104,55,42,22,1,0,0,2,43,36,73,27,4,29,113,124,13,1,1,128,21,0,12,25,3,0,7,56,6,0,60,110,39,6,8,87,1,1,14,13,6,5,58,14,1,0,4,106,81,8,6,128,9,0,3,15,6,0,62,56,3,6,112,23,0,0,25,21,1,19,91,4,0,0,36
24,0,0,11,70,20,0,12,141,1,0,0,0,0,0,104,141,0,0,0,0,0,0,98,11,0,0,0,0,0,0,9,57,3,0,0,22,57,3,17,141,18,0,0,0,0,0,41,141,12,0,0,0,0,0,132,45,4,0,0,0,0,0,25,96,10,0,0,2,11,1,6,141,40,0,0,0,0,0,4,141,104,0,0,0,0,0,11,46,28,0,0,0,0,0,2,62,52,0,0,0,0,0,0,141,77,0,0,0,0,0,0,141,85,0,0,0,0,0,0,15,10,0,0,0,0,0,0
2,2,0,44,131,48,2,0,108,66,1,3,16,24,10,22,55,28,7,20,25,0,0,5,0,0,4,18,16,0,2,16,18,5,0,60,131,13,0,8,131,131,16,12,38,3,3,20,31,56,58,80,19,18,9,8,0,0,18,72,13,9,2,0,21,5,0,8,131,18,0,9,131,9,2,5,50,5,52,131,24,4,3,10,13,65,119,104,0,0,0,9,10,44,42,0,0,2,7,85,131,5,0,0,10,14,62,66,20,0,14,43,56,33,14,1,2,4,18,55,3,0,0,3,7,7,8,1
75,15,0,13,5,2,13,77,121,23,0,0,0,4,17,49,28,1,0,0,0,58,82,23,5,6,0,0,0,23,72,13,121,104,0,21,49,11,0,6,109,65,0,1,38,89,53,18,74,7,0,0,4,48,86,73,37,13,0,1,5,5,5,19,121,84,0,6,21,17,0,2,60,30,1,73,121,26,3,4,121,30,1,13,18,6,3,35,64,5,0,0,5,4,0,13,121,62,3,2,1,1,0,11,51,14,10,121,45,0,0,10,69,4,2,103,14,0,0,64,36,5,0,3,10,1,3,51
2,1,5,23,35,25,11,1,14,0,6,21,9,16,65,62,134,4,0,0,0,2,10,115,36,1,0,0,2,64,39,44,7,42,79,71,17,2,1,3,41,4,55,134,90,4,5,11,134,15,1,12,24,7,1,19,42,3,0,21,72,62,19,20,16,21,13,8,15,27,35,56,32,4,7,34,134,109,16,10,134,16,0,12,30,6,0,59,45,4,5,127,44,0,0,14,18,0,0,2,29,18,8,19,12,16,7,17,101,68,3,4,134,47,2,1,5,5,0,57,68,7,13,39,1,0,0,48
30,43,30,11,16,31,41,63,26,7,0,0,2,10,36,70,1,0,2,7,43,77,65,11,23,11,7,6,12,30,80,101,34,47,87,38,30,15,8,39,29,23,17,39,81,90,115,49,86,29,30,25,33,28,93,101,25,45,75,20,34,49,3,8,28,6,16,15,16,1,18,115,10,23,82,115,86,17,37,33,90,115,80,21,4,51,37,22,16,10,14,5,27,115,13,1,50,41,13,0,0,2,9,57,16,2,8,5,0,18,76,22,3,9,13,4,2,54,70,3,1,8,29,14,9,45,11,1
22,91,39,34,6,0,0,0,38,112,13,17,31,21,12,1,21,44,39,59,62,33,30,20,41,67,50,46,18,2,7,15,63,39,27,5,8,6,0,26,35,32,7,25,83,112,75,20,112,50,27,19,12,39,71,102,39,43,11,1,0,0,9,20,62,2,3,7,10,1,2,57,31,23,88,112,77,21,5,60,88,99,94,35,36,25,28,24,63,10,1,2,8,16,62,84,16,2,3,10,25,11,9,40,5,1,16,10,12,5,46,112,0,4,24,46,55,11,59,69,66,93,25,22,14,7,17,27
7,91,71,0,0,0,8,27,5,49,108,5,1,9,17,17,0,4,73,42,2,4,11,6,0,1,29,15,6,7,2,0,9,83,51,1,10,21,53,39,7,17,48,23,79,108,93,31,91,17,33,42,12,20,82,108,15,2,17,72,103,36,7,4,33,50,53,40,26,14,29,32,22,47,86,108,71,26,9,14,108,97,69,42,18,22,33,41,27,5,0,75,108,9,30,29,1,20,67,51,15,4,1,0,0,17,28,36,32,4,0,0,9,16,28,63,90,44,31,17,31,33,14,10,76,11,27,37
1,1,8,32,104,63,14,2,62,38,30,31,20,26,28,29,34,12,9,108,45,1,11,15,26,27,8,71,27,0,0,2,0,0,9,43,45,25,9,0,15,21,30,42,93,108,74,25,89,24,5,32,45,22,87,108,18,12,4,56,84,5,2,9,12,2,0,6,30,87,76,27,32,36,108,84,87,44,27,24,80,108,95,14,37,34,12,21,8,4,0,6,80,26,3,2,29,28,32,53,25,32,35,16,69,40,30,4,0,66,64,17,5,7,18,2,10,108,94,18,10,0,0,3,19,13,30,23
0,0,0,2,73,30,1,0,8,2,5,0,0,0,2,17,37,5,15,15,18,9,7,81,31,58,106,40,27,12,3,15,2,0,0,14,82,84,29,13,79,18,15,3,3,17,33,71,47,13,27,19,28,1,1,46,41,12,18,2,13,3,7,126,26,29,0,39,126,110,11,8,126,126,9,6,9,16,12,40,33,15,8,39,79,1,1,9,1,0,2,12,9,1,10,107,85,41,0,33,126,21,0,6,126,126,49,29,7,7,10,26,1,11,38,126,32,20,8,1,0,0,10,65,8,3,2,4
35,16,2,0,7,39,66,40,31,16,13,18,1,0,1,9,112,25,3,16,20,36,20,17,32,16,13,21,28,74,119,76,61,119,80,3,4,13,20,18,51,59,18,27,26,41,1,4,119,72,39,67,23,13,1,5,27,85,119,118,28,24,15,16,1,54,75,65,95,26,6,2,49,4,0,11,52,54,1,10,119,9,4,7,14,25,4,54,24,16,28,27,34,70,39,38,0,0,0,19,70,27,53,26,18,0,0,24,71,6,2,8,119,2,4,7,7,1,0,83,33,17,64,36,21,5,1,24
56,64,0,0,0,10,9,1,45,110,19,51,24,9,11,2,6,30,105,116,72,20,14,8,79,116,82,13,1,2,5,32,116,82,0,2,4,3,1,0,46,29,4,20,36,81,67,16,87,31,51,30,6,15,44,72,31,67,47,1,0,0,0,4,116,40,5,12,4,0,0,2,24,25,59,116,42,19,5,3,96,77,41,15,5,8,20,36,41,6,0,0,0,2,10,24,116,16,3,1,0,1,0,21,32,3,7,20,72,70,7,9,21,8,5,7,33,69,80,82,30,3,0,0,4,20,26,85
0,0,0,0,0,8,31,24,0,0,0,4,7,33,22,2,0,0,6,32,117,65,16,1,29,34,46,34,43,41,31,22,68,7,0,1,4,20,88,117,12,3,2,13,39,117,74,32,65,19,23,29,23,28,60,64,20,50,117,29,7,15,3,2,117,117,29,15,5,5,14,52,26,29,47,107,44,28,26,10,84,69,42,18,4,25,47,18,25,8,5,0,1,117,74,5,20,29,9,3,0,2,94,48,2,2,5,11,2,41,117,8,1,3,5,2,0,70,117,1,0,0,2,0,0,82,57,0
11,12,1,16,68,7,5,24,110,0,0,2,24,3,4,129,34,0,0,0,0,0,0,29,0,0,0,0,0,1,3,0,9,4,0,4,93,62,6,1,129,9,0,1,52,17,4,32,87,1,0,0,0,20,57,20,0,0,0,0,0,55,102,0,23,14,0,0,35,122,17,1,129,55,0,0,19,41,10,14,29,1,0,0,16,129,109,11,0,0,0,0,2,124,129,0,16,64,46,19,15,39,12,0,54,69,2,0,5,129,34,0,2,2,3,0,14,129,89,5,13,7,1,0,1,23,51,23
0,0,0,0,0,65,155,55,0,0,0,0,0,85,155,44,0,7,2,0,0,153,155,3,0,11,5,0,0,85,155,2,19,25,28,1,0,40,155,60,92,43,4,0,0,16,135,71,15,72,22,0,0,17,45,5,0,29,16,0,0,1,6,1,11,27,47,1,0,0,0,0,132,25,3,0,0,0,0,39,63,15,1,0,0,0,0,25,2,3,1,0,0,0,0,0,1,18,40,0,0,0,0,0,48,35,37,0,0,0,0,15,70,33,7,0,0,0,0,15,2,5,18,6,0,0,0,0
0,22,40,7,5,7,27,13,2,25,68,10,17,15,7,4,8,39,118,0,0,0,3,9,17,19,118,4,0,0,0,9,3,83,86,9,27,8,20,16,11,19,62,46,118,96,54,40,118,57,53,6,7,16,44,118,57,44,118,6,1,1,1,10,39,40,17,19,30,19,40,46,25,43,118,118,95,17,6,13,118,118,118,29,6,2,3,26,63,19,2,1,1,4,25,26,34,61,27,11,4,1,4,15,8,31,40,11,0,0,0,1,9,46,53,3,0,0,0,0,3,11,49,4,0,0,5,2
117,1,0,0,0,10,30,75,41,5,2,4,8,27,70,40,8,0,0,5,22,22,49,16,41,0,0,0,2,2,11,32,117,0,0,0,4,14,10,84,29,6,5,13,51,117,117,54,117,26,5,2,3,30,117,117,40,1,0,0,0,0,12,40,42,4,11,5,5,5,4,58,52,48,117,77,64,44,13,38,117,117,99,14,12,19,31,38,37,5,0,0,0,5,37,52,40,12,17,12,21,2,0,16,68,12,24,3,11,3,3,117,10,16,32,23,64,35,23,41,32,29,16,10,12,17,29,46
0,0,0,8,47,8,2,0,137,12,0,1,2,11,5,15,168,31,0,0,0,0,0,34,23,1,0,0,0,0,0,2,0,0,0,16,90,2,0,0,108,4,0,12,28,11,8,60,168,12,0,0,0,0,1,133,49,2,0,0,0,0,0,7,0,0,0,5,86,7,0,0,110,49,1,24,46,1,0,5,168,125,0,1,1,0,0,9,43,10,0,0,0,0,0,0,0,0,0,1,54,3,0,0,134,63,2,6,11,0,0,0,168,98,0,0,0,0,0,0,14,3,0,0,0,0,0,0
0,0,0,0,22,7,0,0,6,4,0,7,65,41,6,3,64,19,0,1,4,5,4,6,5,1,0,0,0,0,0,0,0,0,0,0,15,30,44,0,15,5,2,15,66,35,11,3,97,17,1,1,2,2,0,7,4,0,0,0,0,0,0,0,20,0,0,0,0,23,178,178,68,2,0,0,5,27,62,85,123,6,0,0,0,1,0,2,3,0,0,0,0,0,0,0,178,2,0,0,4,3,133,178,178,7,0,0,0,0,4,110,94,8,0,0,0,0,0,7,2,0,0,0,0,0,0,0
14,4,8,8,18,9,2,4,59,5,1,0,1,2,5,22,156,1,0,0,0,0,0,27,32,0,0,0,0,0,0,1,16,3,1,4,22,25,18,9,81,7,1,0,1,5,11,27,156,8,0,0,0,0,0,23,45,0,0,0,0,0,0,4,25,6,6,0,1,17,46,42,64,25,9,1,0,14,70,56,156,24,0,0,0,0,21,128,28,0,0,0,0,0,37,35,7,0,0,0,20,67,56,19,9,1,0,1,12,80,156,104,22,1,0,0,4,28,156,156,0,0,0,0,3,39,156,58
10,11,54,27,59,29,11,23,131,33,29,4,0,0,0,131,131,1,0,0,0,0,0,96,1,0,0,0,0,0,0,7,36,39,63,28,21,12,3,1,131,40,37,9,6,2,1,75,131,13,0,0,0,0,0,131,27,4,0,0,0,0,0,13,16,15,1,1,16,40,21,10,108,91,3,1,2,3,4,18,131,131,0,0,0,0,0,16,24,16,0,0,0,0,0,0,21,23,10,5,2,5,28,23,131,131,1,0,0,0,1,7,101,110,0,0,0,0,0,0,3,3,0,0,0,0,0,0
59,57,69,32,7,4,9,14,52,48,75,45,29,8,5,56,84,14,9,0,0,0,0,127,22,0,0,0,0,0,1,66,32,12,12,6,3,7,47,41,81,87,65,13,17,14,22,24,88,27,75,46,29,21,5,102,127,2,0,0,1,1,0,87,13,6,102,43,11,2,5,5,80,22,19,14,23,25,88,66,109,55,4,9,25,85,91,24,127,56,0,0,1,2,2,10,1,3,14,12,30,8,14,7,3,55,41,22,64,13,21,2,59,127,12,0,0,3,15,2,43,76,0,0,0,0,0,0
7,3,0,7,29,16,40,16,7,6,9,5,54,62,27,13,19,34,20,11,28,31,0,1,11,26,59,103,20,8,1,2,20,6,2,105,82,12,30,12,94,73,65,28,10,12,21,25,22,26,77,92,65,12,10,13,13,18,19,28,60,63,37,18,11,3,34,122,30,0,0,1,85,24,102,82,4,12,22,68,5,65,103,28,82,56,26,18,0,122,122,51,22,6,4,1,0,0,27,60,0,0,0,0,0,5,122,73,0,0,1,1,0,67,122,5,0,1,1,0,0,64,52,1,0,0,0,0
1,0,0,0,125,15,0,0,119,9,0,0,82,7,0,0,54,3,0,0,0,15,2,0,0,2,0,0,1,90,8,0,3,0,0,0,125,17,0,0,125,7,0,0,88,14,3,5,39,4,0,0,1,125,20,4,18,56,0,0,1,113,20,2,4,1,0,0,125,16,0,0,97,27,12,10,82,19,3,5,10,54,77,31,28,95,6,2,12,113,24,3,19,30,6,3,10,2,0,0,125,15,0,0,124,68,24,6,42,2,0,0,13,34,125,31,17,9,0,0,1,13,25,16,100,44,1,2
15,7,8,89,27,21,4,5,7,0,0,116,68,16,2,79,26,0,0,10,4,0,0,128,7,0,0,0,0,0,0,76,16,0,0,2,36,128,38,34,44,4,4,53,46,79,43,30,23,2,5,111,9,0,0,128,28,0,0,7,0,0,0,128,29,4,2,6,112,44,8,33,128,25,3,11,46,14,5,12,40,9,5,128,12,0,0,9,17,0,0,89,9,0,0,128,12,10,21,39,75,1,0,2,128,26,1,9,35,0,0,1,36,5,0,31,2,0,0,0,1,0,0,108,13,0,0,11
33,7,4,7,21,27,74,39,1,0,1,31,117,38,41,27,28,1,1,15,14,2,4,117,21,0,0,0,19,1,0,37,8,9,14,45,52,43,91,27,116,8,9,37,30,26,60,58,74,16,21,71,24,8,0,35,86,13,2,3,28,4,0,30,13,18,22,117,117,7,9,12,117,22,3,35,53,13,1,19,47,117,10,8,36,31,1,6,29,117,48,32,35,0,0,2,16,6,2,32,102,18,27,50,89,29,2,24,62,3,2,45,116,117,4,0,1,1,9,18,9,53,18,14,67,16,15,4
0,0,0,0,0,2,49,0,0,0,0,0,0,49,52,2,11,0,0,0,0,17,46,42,8,0,0,0,0,0,0,8,0,0,64,2,0,4,157,3,10,4,50,15,0,93,157,22,157,15,7,2,0,26,80,125,52,0,0,0,0,0,0,8,0,0,157,12,0,0,37,0,10,20,157,135,0,5,37,4,157,133,79,33,0,0,5,14,47,11,0,0,0,0,0,0,0,0,25,2,0,0,0,0,0,2,37,48,0,0,0,0,7,41,42,14,0,0,0,0,4,7,0,0,0,0,0,0
0,0,0,0,7,5,0,0,8,1,0,0,146,66,0,0,146,52,0,0,107,24,0,0,85,16,0,0,0,0,0,0,0,0,0,4,31,53,2,0,25,5,10,25,146,146,2,1,146,41,9,5,57,32,0,41,75,5,0,0,0,0,0,33,0,0,7,46,37,11,0,0,5,11,146,146,65,35,0,0,99,109,146,21,6,3,0,20,53,36,9,0,0,0,0,19,0,0,4,5,0,0,0,0,0,0,41,14,0,0,0,0,0,8,57,4,0,0,0,0,1,10,9,0,0,0,0,0
0,0,0,0,0,5,5,0,0,0,0,0,0,15,39,0,0,0,0,0,0,4,54,11,1,0,0,0,0,0,5,10,0,0,0,11,34,52,12,0,7,0,0,28,57,143,143,11,113,23,0,2,5,26,143,110,51,15,0,0,0,0,5,32,0,0,4,63,33,6,0,0,29,2,2,143,143,31,10,6,143,41,0,30,49,5,9,52,67,25,0,0,0,0,0,7,0,0,1,8,7,0,0,0,7,0,0,92,143,0,0,1,143,0,0,36,100,0,0,79,80,0,0,0,0,0,0,27
3,12,115,33,8,7,21,17,61,78,49,56,27,10,3,1,64,88,8,44,64,9,0,0,7,21,14,29,43,69,4,0,7,2,18,19,9,28,115,80,115,45,4,10,23,42,62,31,68,35,7,18,95,115,4,6,1,94,22,8,36,115,3,0,15,3,18,62,17,1,15,8,115,12,4,11,6,7,38,96,17,10,28,28,53,42,83,83,0,86,42,9,7,6,19,21,0,2,44,44,8,0,1,0,9,10,20,27,23,9,15,12,0,0,20,27,17,13,100,78,0,0,13,5,0,0,98,104
20,11,0,0,5,101,93,13,5,13,3,12,61,118,35,1,118,44,6,21,46,38,5,11,29,12,5,54,46,63,7,11,20,19,1,2,62,58,22,23,36,31,6,10,118,96,9,18,118,39,8,20,37,38,19,38,32,13,15,118,63,32,36,17,36,9,2,56,89,8,2,22,63,49,102,70,51,18,2,17,83,26,83,66,26,12,34,33,49,19,4,7,11,36,66,23,24,17,8,61,36,2,2,3,88,53,37,22,12,13,25,21,2,2,25,51,103,69,11,3,13,1,0,3,19,44,39,13
0,6,41,36,49,117,13,0,114,16,7,7,35,93,21,26,59,9,0,3,26,117,17,19,21,8,4,13,9,33,65,64,12,25,3,7,62,117,34,4,117,52,11,40,61,42,5,18,38,19,18,117,76,39,13,24,22,31,41,44,10,3,14,32,36,22,27,27,76,42,5,28,117,25,42,32,36,32,38,51,54,23,25,69,36,58,75,27,32,61,67,17,4,17,30,12,73,44,44,34,13,2,4,8,12,13,61,70,68,29,10,6,34,8,0,8,20,45,55,21,10,6,0,0,0,52,101,14
20,12,1,0,5,10,14,16,62,27,9,11,37,11,20,101,8,1,3,17,121,41,14,13,68,1,0,0,15,18,30,85,13,2,0,0,41,42,9,7,121,38,2,12,42,22,16,73,40,14,6,71,121,21,5,9,50,23,4,11,44,14,16,19,13,38,44,7,19,45,7,2,121,65,120,4,12,17,26,68,13,5,103,62,91,74,35,20,6,20,73,37,26,18,12,1,83,57,24,3,3,7,12,14,25,49,112,4,5,12,74,43,0,1,121,43,7,47,51,21,0,4,81,49,10,69,36,0
9,39,39,1,2,12,73,67,8,42,46,12,0,0,105,90,5,11,70,76,10,19,110,22,6,8,20,16,78,68,27,2,31,22,14,3,7,29,34,29,109,79,39,19,12,6,67,68,9,17,27,56,120,53,121,16,10,31,9,2,18,49,83,9,47,21,15,22,65,25,3,6,121,39,4,11,43,24,4,32,34,29,13,52,121,76,2,6,29,57,11,2,11,4,0,0,19,28,29,64,64,1,0,0,121,57,11,18,13,6,5,15,14,14,16,99,77,32,6,4,11,15,6,7,10,7,1,0
11,31,0,5,131,131,0,0,131,131,0,0,17,28,0,2,131,61,0,0,0,0,0,18,12,1,0,0,0,0,0,2,57,131,1,0,45,131,1,0,131,131,0,0,1,0,0,7,131,3,0,0,0,0,0,38,28,0,0,0,0,0,0,7,51,131,15,4,11,16,0,0,63,37,5,3,6,1,0,1,131,15,0,0,0,0,0,9,36,3,0,0,0,0,0,6,47,33,2,1,14,16,14,61,52,26,0,0,7,5,1,2,120,52,0,0,0,0,0,0,15,7,0,0,0,26,5,0
0,1,5,3,6,76,43,25,5,8,11,0,0,1,55,115,5,5,16,14,13,2,29,115,0,0,3,55,80,42,10,9,7,11,5,0,0,26,11,7,68,87,53,6,2,4,10,50,10,23,44,32,39,22,40,107,4,0,5,68,20,4,42,101,23,70,4,0,0,60,36,12,115,115,10,4,20,58,15,39,15,5,4,9,50,115,34,20,65,15,3,2,3,14,29,80,61,113,32,35,1,10,12,15,22,85,9,6,81,115,17,12,21,36,6,2,35,115,16,5,114,55,1,1,2,6,13,40
83,12,4,4,26,24,6,24,119,24,13,21,86,22,5,51,28,29,10,37,119,38,3,1,30,40,6,0,4,1,1,0,84,44,24,58,69,2,0,1,119,42,8,47,39,9,4,27,15,25,39,119,102,25,3,3,23,18,6,5,13,8,1,0,14,23,85,73,25,4,1,1,84,32,83,11,6,19,27,51,4,4,119,35,67,83,21,8,12,32,119,6,8,13,3,0,0,8,64,5,1,8,104,12,13,20,108,1,0,0,59,63,3,8,119,11,4,14,15,16,0,11,92,6,4,27,5,0
16,2,7,9,3,0,44,26,130,7,2,16,4,0,14,52,26,6,8,44,8,0,7,29,16,18,2,1,0,0,9,73,28,81,80,54,9,2,3,9,130,34,23,44,11,4,0,4,51,12,5,40,36,20,7,4,51,52,2,2,2,2,6,26,11,41,27,22,18,34,130,37,130,9,5,18,38,49,22,27,41,0,0,1,74,130,105,19,59,0,0,0,1,24,92,130,43,64,40,1,0,2,52,43,130,35,8,3,49,11,5,12,25,3,4,26,130,51,20,9,67,7,5,6,8,32,36,72
24,46,43,4,7,29,44,10,64,7,7,8,41,23,18,18,14,1,1,16,141,8,0,1,4,8,3,5,16,5,5,4,15,1,0,0,2,98,120,22,141,10,1,16,22,17,40,70,38,13,29,117,141,9,1,1,6,122,68,14,14,6,4,3,58,32,0,0,4,47,38,16,141,50,1,8,2,1,3,17,72,17,70,117,20,0,2,8,3,107,104,15,2,1,3,6,58,86,3,1,3,2,0,0,141,54,0,0,0,0,0,4,51,12,11,2,0,0,2,7,0,1,6,4,4,4,6,5
3,5,4,27,41,25,53,13,64,24,8,5,4,2,1,21,128,32,60,61,0,0,0,30,4,2,75,128,7,5,3,0,5,12,91,58,2,3,8,7,49,11,43,38,9,6,4,26,128,33,12,6,1,3,3,73,22,2,24,73,10,15,3,8,1,2,77,62,4,3,45,26,12,41,128,61,2,2,51,44,83,123,75,3,1,3,24,23,14,12,1,0,1,7,4,4,13,4,5,16,86,29,35,13,1,3,7,2,37,26,128,108,3,5,6,0,0,2,128,128,10,2,0,0,0,1,61,84
45,129,11,5,5,0,6,4,20,104,12,13,4,5,31,3,1,1,1,9,4,2,12,12,0,0,0,0,30,68,14,7,47,50,0,0,0,18,129,40,12,7,1,2,3,43,129,38,79,4,1,3,16,19,83,120,7,0,0,1,110,129,4,5,8,7,9,5,2,12,48,19,44,52,10,6,3,16,42,12,129,75,2,2,46,60,11,37,7,0,24,21,129,129,3,3,6,15,33,26,62,23,4,5,91,92,2,1,4,6,4,9,50,61,9,6,46,38,2,2,3,9,96,43,37,15,6,2
0,0,9,56,32,32,1,0,6,20,135,135,6,6,1,1,14,135,135,72,0,0,0,3,0,9,78,135,5,0,0,0,1,0,6,32,17,6,67,97,21,4,13,39,14,2,2,17,86,13,10,12,6,0,0,22,7,0,8,120,61,1,0,1,135,41,0,1,0,1,55,135,56,20,0,6,17,13,7,46,79,37,0,0,9,4,0,2,7,1,0,2,78,24,0,0,135,94,0,0,0,0,5,33,64,47,0,0,0,0,29,38,19,30,0,0,7,26,37,8,1,0,0,0,30,52,14,1
29,22,12,2,3,0,0,4,110,31,2,0,0,0,4,78,97,7,3,0,0,0,8,128,34,0,0,0,0,0,0,37,56,4,0,3,8,0,0,8,131,82,17,11,0,0,0,5,56,26,26,84,5,0,0,93,37,0,0,6,1,0,0,131,62,0,0,2,27,0,0,12,131,11,4,5,0,0,0,61,92,9,11,131,20,0,0,26,27,0,0,85,15,0,0,123,38,0,0,10,30,0,0,6,131,0,0,0,0,0,0,87,131,2,1,46,6,0,0,55,5,0,0,131,27,0,0,16
44,0,0,0,0,0,28,154,9,1,0,3,36,14,1,17,32,14,0,0,11,4,0,1,4,1,0,0,0,0,0,0,174,0,0,0,0,0,2,174,54,3,2,3,17,23,4,37,51,14,1,0,4,4,0,6,2,0,0,0,0,0,0,0,174,35,1,8,16,0,0,174,145,29,31,9,3,1,0,15,13,27,21,1,0,0,0,0,0,0,0,0,0,0,0,0,174,174,44,28,11,0,0,4,101,38,5,0,0,0,0,0,0,2,5,0,0,0,0,0,0,0,0,0,0,0,0,0
5,3,19,87,28,13,15,14,125,10,1,15,5,2,9,78,72,1,0,0,5,46,77,56,21,0,0,0,0,22,39,41,12,8,21,79,102,62,9,9,125,42,3,24,49,15,1,10,74,11,4,60,65,32,17,18,98,0,1,6,2,2,6,62,13,8,3,9,83,103,10,8,125,37,4,6,15,19,1,36,97,13,31,125,15,0,0,17,38,2,35,86,0,0,1,57,4,14,14,24,34,6,2,0,125,59,9,3,1,0,0,5,125,63,22,23,0,0,0,6,3,8,80,100,0,0,0,3
10,4,4,7,71,76,21,20,121,88,5,5,14,23,10,3,56,62,63,98,30,28,30,20,77,121,62,17,2,1,2,19,34,3,8,1,13,35,23,17,121,54,14,24,12,10,2,13,85,45,47,60,35,44,34,41,71,21,2,0,0,11,45,74,14,14,115,21,0,0,1,1,121,60,31,7,14,7,3,39,49,24,36,66,121,75,33,51,53,61,33,26,14,27,46,82,0,4,26,4,0,1,40,10,16,15,9,1,1,0,34,50,5,13,29,30,10,3,60,62,5,37,27,17,5,34,110,7
0,0,0,0,0,115,122,0,16,18,1,0,0,122,122,12,16,14,4,3,3,25,101,69,6,3,31,20,4,21,23,30,10,1,0,3,34,103,92,3,122,91,5,6,3,36,34,14,50,47,15,60,49,3,9,31,74,4,4,8,3,0,3,57,14,0,1,70,69,3,0,3,122,11,2,12,3,0,0,65,95,8,17,104,28,0,0,24,32,7,6,38,30,0,5,47,1,0,6,122,36,0,0,0,111,5,8,45,2,0,2,61,60,0,1,9,22,10,55,103,22,52,5,14,39,9,15,7
22,10,5,1,0,17,11,12,113,25,4,5,6,16,21,18,63,15,4,9,13,41,113,113,60,9,0,0,1,7,47,102,49,89,25,10,9,10,4,10,103,67,42,47,15,14,4,7,57,113,113,100,25,30,34,36,113,108,12,0,0,0,4,41,18,18,14,24,82,27,2,6,113,12,7,7,10,17,4,59,49,26,48,29,23,54,26,49,60,20,6,0,0,5,28,78,5,0,0,13,71,20,15,6,112,2,2,3,11,2,0,85,60,15,54,26,24,5,1,57,16,9,15,21,48,34,53,29
0,0,0,1,11,71,73,6,0,0,0,3,14,69,81,27,19,11,16,25,46,72,31,20,24,54,37,10,14,46,5,11,10,7,9,48,114,114,73,26,114,34,18,25,22,43,99,114,43,22,44,38,20,72,38,21,20,6,2,0,8,114,36,12,4,9,17,67,92,64,96,1,84,42,23,22,9,28,100,40,10,5,16,10,4,114,113,9,0,31,28,2,1,82,27,0,0,0,2,12,1,17,58,0,19,4,2,1,5,22,61,27,18,22,39,9,1,10,50,71,15,75,70,17,14,4,1,12
0,0,22,9,1,19,70,4,76,6,6,2,0,0,50,60,154,54,0,0,0,0,2,52,44,13,0,0,0,0,0,4,0,0,154,105,3,4,4,0,116,10,55,139,6,0,1,18,154,22,2,5,0,0,0,48,50,4,0,0,0,0,0,6,1,2,35,41,10,50,82,5,40,47,33,118,41,12,29,6,154,81,14,12,2,0,0,10,60,2,0,0,0,0,0,6,1,17,69,26,2,9,10,2,16,68,52,5,7,9,6,7,151,65,8,0,0,2,1,8,31,10,0,0,0,0,0,0
30,25,12,20,14,32,24,38,51,33,5,0,0,0,15,45,43,36,3,0,0,0,5,23,16,18,5,0,0,0,8,10,49,49,52,36,31,32,21,44,50,23,10,15,15,23,68,80,126,34,3,1,1,3,28,126,32,75,45,0,0,0,0,7,3,27,51,20,4,3,75,50,13,22,24,60,28,23,94,19,126,84,10,7,1,6,29,105,107,95,35,0,0,0,0,21,0,0,0,14,30,12,74,18,0,0,0,3,10,30,126,16,126,0,0,0,1,13,59,126,126,3,0,0,0,0,0,113
0,0,0,7,35,6,25,2,137,0,0,0,10,8,22,100,168,0,0,0,0,0,0,120,9,0,0,0,0,0,0,3,0,0,0,12,68,1,0,0,126,8,2,7,47,11,1,54,168,17,0,0,0,0,0,135,37,0,0,0,0,0,0,8,0,1,49,38,35,0,0,0,92,68,70,41,15,0,0,3,168,136,5,1,0,0,0,14,41,6,0,0,0,0,0,1,0,0,27,19,6,2,0,0,80,11,23,25,8,0,0,2,168,14,1,1,0,0,0,21,26,0,0,0,0,0,0,2
2,0,0,0,4,115,45,3,21,8,8,15,11,93,72,17,2,2,5,25,43,20,104,70,27,2,1,0,1,0,31,115,81,15,4,1,2,72,115,67,32,10,8,8,23,38,62,52,33,20,31,17,43,28,37,16,62,23,27,4,2,0,1,76,115,17,1,1,1,15,106,85,32,5,2,3,27,36,90,66,115,18,4,0,5,9,8,19,37,4,4,2,5,12,4,10,52,28,37,29,23,67,115,66,115,54,12,2,1,5,65,115,51,3,0,0,0,3,16,72,38,5,0,0,0,5,28,29
113,68,54,38,45,34,24,55,113,90,113,23,1,0,1,17,113,74,98,20,5,1,1,53,67,4,1,0,0,0,0,113,44,113,113,58,9,1,0,2,83,71,36,6,2,2,23,35,60,50,34,11,8,8,21,36,74,18,24,8,7,12,8,93,17,67,49,3,0,0,0,4,8,15,111,25,5,1,4,9,40,17,30,18,30,16,45,29,101,67,2,2,4,23,44,21,19,24,45,8,0,0,0,4,3,10,37,7,6,2,5,11,1,76,69,22,29,4,3,0,29,113,25,1,0,0,1,0
2,0,0,0,130,22,0,0,130,18,3,0,93,23,11,48,30,9,14,9,60,130,21,18,28,1,1,14,95,41,2,17,2,0,0,0,130,31,0,0,112,3,0,2,125,28,9,43,20,1,0,21,80,90,20,23,20,12,20,22,76,15,9,25,5,0,0,0,130,31,0,0,130,10,0,5,104,11,0,1,24,3,4,117,47,1,2,4,66,37,35,55,7,1,5,11,3,0,1,6,130,24,0,0,73,3,6,5,62,5,7,33,9,0,3,27,0,0,35,23,13,5,13,31,10,13,16,7
9,14,18,10,32,18,12,30,10,1,20,21,3,1,3,46,15,5,9,36,65,10,7,5,116,58,0,2,14,2,5,13,23,4,4,12,49,45,47,39,86,4,2,6,15,7,2,90,62,24,0,0,112,40,0,5,116,98,0,0,10,3,0,0,80,44,9,18,20,4,7,10,66,104,36,24,32,4,0,6,116,58,6,20,109,19,0,1,116,88,0,0,1,0,0,0,95,99,6,5,14,1,5,10,20,112,39,24,71,27,19,10,116,62,5,22,111,20,0,0,108,50,0,0,0,0,0,0
29,6,9,9,41,5,1,16,127,8,0,0,2,1,11,108,23,15,5,0,0,0,105,42,0,3,4,0,0,1,117,2,28,3,0,1,92,20,3,7,127,75,9,0,8,2,6,60,28,54,120,0,0,0,53,25,0,6,127,0,0,0,50,2,29,31,58,0,17,64,40,9,127,94,25,0,1,4,4,63,45,31,47,1,0,0,46,56,0,2,44,2,0,0,65,16,2,65,127,0,0,2,3,0,24,127,127,0,0,0,0,1,5,42,80,5,0,0,3,2,0,0,71,14,0,0,8,1
37,34,9,26,29,14,23,56,1,2,16,108,92,24,13,8,23,4,30,51,6,0,7,69,29,7,3,2,0,1,13,59,25,72,24,29,41,75,97,17,79,75,84,44,38,36,26,22,8,20,108,108,48,7,5,8,40,82,43,26,5,0,2,20,12,15,108,49,8,41,68,9,108,59,41,9,7,24,85,78,21,43,30,60,60,24,60,29,58,89,34,23,11,2,0,1,0,3,46,108,32,21,27,2,4,91,79,8,4,10,23,9,8,61,11,3,30,27,7,4,103,28,2,2,18,16,1,13
3,0,0,0,14,46,93,29,25,15,1,0,0,3,107,88,22,17,31,3,1,19,62,19,0,1,61,16,5,10,32,6,47,10,0,0,27,68,6,8,110,110,28,10,7,6,7,38,22,38,30,39,80,31,48,44,7,1,12,9,21,3,35,102,59,85,13,6,25,29,3,5,110,52,23,22,8,26,52,90,30,8,15,52,72,105,102,50,67,31,19,18,13,3,10,71,9,110,45,18,17,14,1,0,18,66,39,52,18,24,36,39,43,17,23,110,68,14,26,42,110,69,5,12,7,1,5,34
24,22,0,2,91,65,2,0,123,50,0,0,6,2,0,14,70,0,0,0,0,0,0,40,5,0,0,0,0,2,0,4,87,63,0,0,16,58,21,17,66,53,2,1,3,1,0,7,122,2,0,0,0,0,0,20,17,0,0,0,7,50,0,3,95,10,0,0,0,2,43,135,46,7,0,0,3,2,28,127,114,13,0,0,1,24,3,14,10,8,0,0,24,135,1,1,85,6,0,0,0,0,13,135,28,0,0,0,0,0,45,135,33,2,0,0,2,69,100,131,26,64,0,0,10,119,14,4
25,24,14,8,20,49,21,32,14,0,2,38,16,16,41,99,4,1,50,119,4,0,8,21,11,10,59,87,1,0,1,3,28,14,1,1,36,119,29,13,119,38,2,1,5,29,28,73,28,13,9,18,46,57,53,34,6,16,64,32,2,13,74,119,23,19,11,9,44,83,7,8,119,33,2,0,6,14,13,114,22,2,0,6,119,108,27,28,6,0,0,0,44,42,75,119,4,42,53,41,17,12,8,6,54,70,58,14,21,10,14,26,14,1,0,17,119,34,29,10,17,1,1,23,77,12,5,31
44,32,48,17,0,0,6,88,29,95,19,17,14,8,22,35,6,108,24,7,16,8,19,6,39,17,12,4,13,1,0,3,14,53,64,25,3,22,9,11,21,70,7,0,8,122,83,23,106,25,2,0,2,23,93,105,46,55,34,0,1,0,14,10,23,40,3,1,37,122,5,8,21,16,3,3,36,122,14,10,122,35,1,1,3,15,122,83,31,6,1,0,0,7,122,30,0,10,56,77,69,41,1,0,2,3,95,47,10,15,4,2,3,0,8,31,57,27,66,11,2,1,0,1,7,14,122,5
28,0,0,0,6,125,49,30,57,2,0,0,9,73,25,53,80,6,11,37,29,2,4,64,3,40,35,20,26,56,12,2,32,41,9,3,0,19,45,49,47,34,31,60,16,7,5,34,125,24,7,19,35,4,2,66,7,8,33,39,88,58,8,1,96,125,18,9,0,0,0,5,23,106,121,125,11,0,0,1,79,125,65,46,35,0,0,6,11,23,29,45,86,14,20,12,48,125,4,2,3,0,0,0,5,27,16,49,57,18,0,0,8,13,9,17,39,11,8,20,0,0,2,35,125,13,17,6
9,19,137,29,3,2,0,5,0,22,137,22,1,2,0,0,0,29,137,6,0,0,0,0,0,2,137,50,1,2,2,0,53,13,42,4,0,0,2,137,10,5,90,22,6,3,2,21,21,40,100,2,0,0,0,0,4,11,104,29,7,0,0,0,97,74,20,0,0,0,7,74,46,12,0,0,0,11,39,22,27,3,0,0,0,6,76,27,4,1,0,2,6,23,106,6,9,37,13,1,6,43,109,4,4,4,0,0,0,34,137,11,0,0,0,0,0,32,137,14,1,0,1,0,0,52,137,4
137,55,1,2,2,0,0,2,114,36,7,0,0,0,3,11,0,2,8,15,95,6,5,1,0,0,0,41,137,6,2,1,137,11,0,0,0,0,0,22,107,5,0,0,0,0,18,37,0,0,0,3,72,28,28,4,0,0,0,23,137,16,0,0,137,35,1,2,0,0,0,14,79,25,6,3,2,22,13,4,0,0,0,9,44,20,43,13,0,0,0,21,137,17,3,3,137,33,2,2,0,8,13,21,32,4,0,0,1,137,66,11,23,0,0,0,10,58,95,81,11,1,7,39,128,5,6,29
10,93,124,53,0,0,0,2,0,1,124,124,4,0,0,0,0,2,124,121,1,0,0,0,0,0,124,55,0,0,2,2,44,9,8,14,9,0,0,13,8,2,32,74,61,2,0,1,42,29,124,39,5,0,0,0,7,6,124,76,0,0,0,0,45,10,0,0,7,14,28,14,8,0,0,0,50,56,39,4,61,1,0,0,4,4,61,39,11,1,6,3,0,5,97,11,5,3,33,0,0,17,106,18,0,17,51,0,1,49,97,2,1,24,89,0,0,3,109,23,0,10,92,0,0,8,109,3
0,11,96,2,0,18,97,0,0,7,108,17,0,32,85,0,1,61,94,1,0,18,44,0,0,19,109,19,7,4,26,0,0,11,107,12,11,1,4,1,4,6,67,40,57,1,0,0,55,55,33,4,9,0,0,1,8,12,21,14,50,8,0,0,0,0,0,1,8,7,127,58,4,0,0,2,45,31,127,29,57,1,0,1,8,3,40,79,9,0,0,16,41,11,12,17,0,0,2,1,0,0,127,49,0,0,0,0,0,3,127,99,3,0,0,0,0,1,127,127,0,0,0,2,10,100,127,55
0,0,0,0,5,114,26,1,37,0,0,0,0,72,107,66,57,2,0,0,0,0,7,37,3,0,0,0,0,0,0,0,11,3,0,0,133,133,16,2,133,56,0,0,23,74,47,64,133,19,0,0,0,0,15,40,1,0,0,0,0,0,2,13,18,11,5,37,133,49,0,0,133,37,5,6,21,3,10,97,46,3,0,0,0,0,67,133,1,0,0,0,0,0,36,85,1,4,8,133,69,0,0,0,30,13,7,45,12,0,0,28,85,8,3,0,0,0,5,87,17,8,28,12,0,0,21,46
0,0,0,0,0,4,1,0,0,0,0,0,0,49,20,0,5,0,0,0,0,19,49,29,8,0,0,0,0,0,2,15,0,0,0,0,14,51,13,5,10,1,0,0,44,140,77,15,140,9,0,0,1,49,94,121,64,2,0,0,0,0,0,15,0,1,1,1,118,60,2,1,66,13,0,2,140,140,9,7,140,41,0,0,6,13,18,77,44,3,0,0,0,0,39,58,0,0,0,32,137,12,0,0,29,16,12,74,140,12,0,2,96,16,4,3,1,0,14,96,25,2,1,0,0,0,39,95
0,0,10,24,18,12,57,15,32,0,1,17,13,9,64,142,78,0,0,0,0,1,2,142,13,5,2,0,1,2,0,6,0,27,133,99,10,0,0,0,50,9,36,142,57,1,2,77,142,30,5,14,4,0,0,142,54,14,6,0,0,0,0,5,0,40,77,46,6,0,0,0,12,31,77,142,49,0,0,0,142,142,66,39,2,0,0,3,51,13,0,0,0,0,0,0,0,1,7,6,1,0,0,0,0,3,27,60,3,0,0,0,10,45,40,12,0,0,0,0,8,8,0,0,0,0,0,0
8,11,6,0,0,22,50,30,27,1,2,0,0,1,19,137,9,0,0,0,0,0,3,65,0,0,0,0,0,0,0,1,6,52,45,5,4,18,47,14,27,6,25,11,36,69,55,130,132,4,0,0,1,7,30,137,19,0,0,0,0,0,0,9,4,22,7,1,2,22,137,27,59,120,3,1,20,110,79,14,137,137,0,0,0,6,3,28,31,6,0,0,0,0,0,1,2,100,101,1,0,0,21,5,17,137,39,0,0,0,5,1,35,137,0,0,0,0,0,0,3,4,0,0,0,0,0,0
15,2,0,0,0,22,28,36,10,2,0,0,0,26,47,47,77,23,0,0,0,6,38,94,130,41,0,0,0,2,9,104,33,3,0,0,40,29,10,9,71,0,0,0,23,23,19,35,90,27,0,4,51,38,47,81,135,72,2,0,1,2,11,128,24,5,0,9,69,7,0,1,84,0,0,5,33,3,0,29,135,109,7,16,39,1,0,7,135,135,11,0,0,0,0,2,4,4,6,39,43,0,0,0,32,0,0,23,28,0,0,40,135,44,0,1,0,0,0,34,135,33,0,0,0,0,7,26
33,2,2,0,1,3,4,47,138,0,0,0,0,0,0,138,63,1,2,0,0,0,0,25,0,1,1,0,0,0,0,0,50,9,6,30,52,24,19,29,138,36,0,0,0,0,8,61,119,3,0,0,0,0,44,35,0,0,0,0,0,0,44,5,63,103,7,26,75,51,15,5,138,93,2,1,8,7,50,89,52,2,0,0,2,6,123,100,1,1,0,0,6,39,138,15,70,138,12,17,13,14,6,1,68,48,8,49,40,6,10,15,91,18,0,0,14,24,4,16,16,13,0,0,35,47,17,3
5,5,10,3,6,19,56,46,7,4,48,25,0,0,13,71,20,54,84,30,0,0,4,11,58,102,54,11,0,0,0,0,44,15,63,34,0,1,16,47,18,6,37,38,1,1,38,102,129,36,5,4,0,0,21,76,105,64,1,0,0,0,0,0,56,5,31,11,0,0,14,129,19,7,31,84,25,33,61,49,129,56,3,13,5,7,10,32,103,29,0,0,0,0,0,0,18,6,68,13,0,0,32,118,25,54,45,0,3,31,129,60,129,112,6,0,0,6,19,45,65,16,0,0,0,0,0,1
2,7,5,3,11,9,2,4,16,2,1,0,1,6,7,105,130,0,0,0,0,0,2,130,51,0,0,0,0,0,4,44,5,22,38,15,7,2,0,0,23,5,16,70,53,30,23,35,130,10,0,5,4,2,17,130,85,0,0,0,0,8,96,77,39,19,19,16,5,14,9,37,50,30,16,90,106,91,15,12,130,87,4,18,25,12,26,32,71,1,0,4,6,8,79,78,7,1,1,16,30,30,7,11,79,54,10,10,37,84,10,5,130,87,16,55,13,3,1,1,73,7,13,59,7,1,1,18
4,0,0,6,81,83,76,1,64,61,4,4,6,26,119,14,39,28,8,12,9,3,39,52,21,2,5,39,16,6,28,17,15,5,1,95,123,3,0,0,123,60,5,27,16,1,1,12,66,23,7,55,45,4,2,17,54,18,9,27,14,0,0,16,4,1,6,123,58,0,0,0,91,17,38,106,7,2,15,92,41,109,26,7,31,11,23,51,18,123,39,1,1,0,0,4,0,0,16,107,1,0,0,0,4,26,123,116,0,0,0,6,17,123,75,2,0,0,1,5,0,39,11,0,0,0,0,0
0,0,56,85,4,2,7,7,2,43,101,83,0,0,0,1,48,119,37,3,0,0,4,63,12,15,13,0,0,0,81,119,8,2,30,20,0,0,54,85,69,63,89,27,0,0,8,44,12,93,82,27,0,0,0,0,0,7,60,11,0,0,1,5,16,26,91,37,0,0,13,31,119,92,48,4,0,0,0,28,55,40,34,19,0,0,2,24,38,77,119,12,0,0,4,50,55,112,101,34,0,0,16,41,20,80,77,57,6,0,0,2,13,4,2,26,15,4,29,33,27,13,11,0,0,3,52,119
47,4,0,0,0,116,116,61,54,15,1,0,0,36,30,29,51,72,2,0,0,0,1,3,112,116,0,0,0,22,57,23,83,93,15,0,0,4,6,35,116,53,6,0,0,0,5,47,59,50,13,0,0,1,20,29,40,10,0,0,8,80,90,34,5,116,20,0,0,30,9,0,47,35,2,0,0,33,96,70,65,15,3,0,0,1,56,92,8,21,47,5,5,17,13,4,4,25,2,0,7,92,14,0,25,98,2,0,0,37,23,9,112,37,1,0,0,14,28,71,94,116,62,0,0,0,1,25
21,0,0,47,85,9,0,30,99,1,0,2,2,0,2,77,39,8,28,28,20,16,17,68,54,27,38,20,16,9,17,46,19,0,0,44,97,11,1,7,120,5,0,7,28,6,4,47,16,1,4,1,42,41,87,99,81,22,7,6,14,9,118,120,36,14,3,13,99,6,0,2,110,40,1,4,55,9,0,1,8,2,0,0,120,62,12,4,120,11,0,0,18,20,36,60,4,24,45,62,34,2,0,0,20,54,47,39,40,4,0,0,1,2,19,69,101,22,0,0,120,120,16,18,19,11,1,4
26,2,0,6,96,66,57,46,85,0,0,0,7,10,35,86,25,0,0,1,41,72,38,37,33,0,0,3,26,23,40,54,55,16,14,70,115,2,0,4,115,8,3,2,19,1,0,12,49,0,0,19,115,6,0,21,74,6,2,13,30,1,0,50,10,12,115,115,115,9,1,3,78,36,115,52,6,0,1,2,20,7,10,106,84,0,0,8,46,1,0,32,18,0,1,91,12,6,43,57,76,30,16,14,18,13,54,67,18,21,56,30,5,3,8,107,49,3,1,4,10,1,3,105,14,0,2,25
23,18,26,2,6,119,61,10,32,64,38,1,1,97,75,25,55,59,13,5,2,6,13,12,79,32,6,8,3,5,49,115,115,119,103,14,15,86,27,20,24,77,119,33,64,26,6,6,101,70,36,25,8,8,5,6,60,89,67,42,5,7,15,32,99,36,13,5,8,12,36,71,31,1,1,4,70,61,40,26,119,12,10,6,9,8,3,29,58,18,21,12,14,12,17,36,6,17,5,0,0,1,17,14,10,24,41,0,1,10,15,9,119,27,19,1,3,2,1,45,30,9,12,22,43,13,14,26
8,30,32,18,6,1,0,2,31,9,30,123,41,13,12,27,136,11,1,15,9,8,29,105,27,0,0,3,4,21,82,67,24,17,12,11,2,9,10,61,41,9,14,56,116,116,17,24,136,28,10,35,28,19,4,30,60,11,42,74,7,4,5,36,4,1,9,53,24,12,4,13,25,23,14,34,89,44,4,6,136,79,14,10,6,4,0,15,96,55,105,73,0,0,0,4,5,15,13,25,27,24,18,4,16,15,8,38,22,2,0,0,136,108,2,1,0,0,0,0,104,60,13,4,0,0,0,0
1,75,23,0,0,13,3,1,18,106,10,0,0,0,1,4,6,63,29,13,5,13,17,9,1,3,83,69,8,7,13,20,7,19,13,0,0,24,63,10,138,38,1,5,8,6,20,29,31,43,22,50,70,38,25,18,24,56,44,23,8,17,22,44,30,9,1,0,0,22,65,20,138,46,13,3,3,9,12,57,55,67,59,28,18,27,13,13,33,100,57,22,1,0,0,1,10,138,138,0,0,0,9,4,49,138,138,8,0,0,0,5,9,79,138,63,4,1,0,0,5,45,67,22,1,0,0,0
0,0,0,0,0,89,122,3,3,0,0,0,0,25,122,59,5,0,0,0,0,56,122,18,2,0,0,0,6,12,81,37,20,7,0,0,0,122,122,10,122,44,0,0,0,14,122,121,51,14,0,0,1,18,59,58,15,8,7,2,16,21,26,28,47,45,10,1,0,17,16,11,107,44,18,16,5,11,78,120,98,26,2,0,0,7,43,122,43,22,6,1,0,2,6,11,49,35,16,6,14,4,1,7,56,56,53,32,4,8,8,19,95,53,8,0,0,1,12,38,32,4,0,0,0,2,21,49
14,16,23,8,0,0,86,82,16,17,13,0,0,0,121,128,98,10,2,0,0,0,26,128,13,0,0,0,0,0,6,46,8,38,62,27,13,3,3,8,88,128,84,2,4,2,5,46,128,111,49,0,0,0,6,115,26,6,0,0,0,0,30,128,13,50,60,52,41,5,7,10,128,122,66,18,11,2,4,40,60,41,20,1,0,0,13,34,41,14,2,1,1,12,22,52,39,43,22,6,2,3,6,25,29,83,36,1,0,0,0,9,10,37,30,6,2,0,1,5,25,53,14,12,4,4,7,4
1,1,4,45,90,0,0,0,69,91,163,157,53,0,0,5,23,163,163,30,0,0,0,0,0,91,163,0,0,0,0,0,2,1,0,9,75,1,0,0,163,40,1,10,59,2,0,13,107,20,1,0,0,0,0,2,0,1,0,0,0,0,0,0,1,0,2,13,31,2,0,0,163,26,10,21,33,4,0,24,104,3,0,0,0,0,0,8,0,0,0,0,0,0,0,0,0,0,2,9,1,0,0,0,27,17,10,15,1,0,0,0,18,2,0,0,0,0,0,0,0,0,0,0,0,0,0,0
49,26,1,0,0,0,117,127,9,2,0,0,1,2,127,127,8,0,0,0,0,0,16,83,0,0,0,0,0,0,0,0,74,57,5,0,0,6,33,79,60,14,4,5,9,57,57,115,127,9,0,0,0,8,11,127,10,0,0,0,0,0,0,0,71,105,9,0,0,1,11,30,53,87,36,30,4,12,9,13,127,125,7,3,0,1,0,11,26,5,0,0,0,0,0,0,76,44,2,0,0,0,7,44,29,127,22,1,0,0,2,3,84,127,6,0,0,0,0,0,8,4,0,0,0,0,0,0
8,8,4,5,35,37,34,28,28,10,4,20,25,3,18,60,120,3,6,23,15,0,0,79,85,0,0,0,0,0,0,35,39,9,12,54,21,37,22,24,120,103,19,28,8,4,4,30,120,28,25,87,53,15,4,57,120,0,0,0,1,0,0,69,44,20,27,59,26,7,27,28,120,28,21,21,13,32,66,66,74,13,4,14,48,92,70,58,120,0,0,1,1,2,0,104,61,72,32,16,11,2,4,11,16,50,23,41,76,13,11,5,35,70,15,30,23,7,10,12,120,0,0,9,10,0,0,78
29,23,60,64,15,7,22,32,40,71,61,69,12,2,1,1,142,124,3,0,0,0,0,0,31,52,17,0,0,0,0,0,40,79,13,6,6,4,27,44,63,31,18,20,38,13,3,13,142,43,2,0,2,1,7,75,27,31,8,0,0,0,55,46,6,55,33,2,3,16,64,4,75,31,16,1,30,60,31,6,142,107,17,0,1,2,5,34,10,17,74,6,0,0,38,26,0,0,142,8,0,4,25,0,26,72,142,5,0,8,11,0,91,121,81,2,0,0,0,7,6,5,39,11,0,0,11,16
35,2,0,16,11,0,0,27,146,21,0,0,0,0,0,35,87,6,0,3,33,14,15,27,0,0,0,28,146,16,2,0,31,9,6,53,14,2,2,10,146,37,4,5,0,5,6,29,83,8,0,0,12,74,79,19,0,0,2,27,146,28,38,12,15,8,4,8,1,6,29,50,144,21,2,1,0,33,77,110,33,0,0,0,0,146,134,51,55,0,12,31,42,15,38,67,0,1,1,7,11,6,26,21,26,42,2,0,0,5,54,78,33,49,42,26,0,15,19,20,96,20,12,12,8,3,0,23
14,3,1,2,2,6,61,48,5,5,16,12,8,20,56,22,2,2,2,4,51,66,6,3,7,17,0,1,20,50,1,0,5,0,4,20,20,9,84,33,59,3,0,0,4,8,81,67,11,12,10,6,66,58,9,8,22,130,29,1,16,17,0,0,13,1,1,8,23,43,27,17,130,23,4,1,2,3,2,34,57,130,130,14,19,3,0,8,7,130,130,1,2,0,1,5,7,7,86,27,2,5,6,8,130,35,43,5,0,1,2,38,110,84,19,0,0,0,59,130,27,50,23,0,0,1,60,130
4,0,0,4,64,111,94,2,54,32,2,1,1,26,124,30,32,15,5,5,0,3,51,53,13,2,2,28,15,8,36,8,17,5,3,100,124,11,1,0,124,58,11,18,8,2,2,13,60,23,16,32,12,1,1,12,46,25,19,29,7,0,0,6,4,1,13,124,59,0,0,0,91,18,49,98,3,0,4,66,46,117,16,6,10,4,9,44,15,124,28,0,0,0,0,0,0,0,23,124,0,0,0,0,4,26,124,113,0,0,0,3,15,124,76,1,0,0,0,3,0,56,8,0,0,0,0,0
32,2,12,22,6,4,41,142,27,6,11,1,3,23,93,103,6,6,10,28,41,6,15,46,0,13,52,35,60,22,9,6,68,7,14,33,61,23,6,38,142,59,80,1,2,1,4,60,25,93,142,7,2,0,2,17,0,71,142,18,2,0,0,0,38,12,19,43,33,7,1,4,142,40,12,6,0,0,0,23,111,35,45,0,0,0,0,1,0,10,22,0,0,0,0,0,6,46,91,39,4,2,0,0,142,142,32,13,0,0,0,0,58,22,0,0,0,0,0,0,0,0,0,0,0,0,0,0
13,5,21,36,56,10,8,29,134,23,11,9,12,0,0,134,134,76,35,0,0,0,0,84,5,33,13,0,0,0,0,2,1,6,38,53,30,5,3,2,134,28,53,30,4,0,0,66,134,24,4,0,0,0,0,129,32,1,0,0,0,0,0,8,2,56,78,54,23,3,0,0,38,134,134,17,1,0,0,1,134,134,27,1,0,0,0,9,34,5,0,0,0,0,0,2,2,26,66,16,0,0,0,0,27,52,28,5,1,0,0,3,124,30,3,0,0,0,0,8,18,0,0,0,0,0,0,3
25,38,13,5,4,10,6,17,81,74,33,4,0,0,1,30,27,83,42,3,0,0,0,3,26,80,16,2,0,0,2,10,21,3,6,2,9,15,63,59,167,86,12,0,0,1,28,86,62,123,111,0,0,0,0,1,1,82,31,0,0,0,0,0,29,7,4,14,66,19,16,18,167,46,3,2,7,4,10,74,157,20,11,0,0,0,0,3,0,2,3,0,0,0,0,0,21,33,30,57,20,0,0,0,167,167,14,6,1,0,0,1,73,23,0,0,0,0,0,0,0,0,0,0,0,0,0,0
2,1,0,22,135,3,0,0,66,62,5,5,46,5,5,16,17,25,36,66,23,21,16,5,9,15,44,25,21,19,6,2,7,1,0,40,135,2,0,1,135,22,4,19,62,5,6,20,25,8,9,59,24,37,28,8,59,37,45,17,10,9,9,31,2,1,9,73,135,0,0,0,76,45,61,36,50,2,8,21,11,71,115,22,12,17,16,10,14,104,135,5,3,2,3,16,0,2,51,85,51,0,0,0,1,77,135,26,6,0,0,0,0,89,135,0,0,0,0,0,0,42,67,0,0,0,0,0
2,4,4,1,1,58,155,1,10,1,4,8,17,63,159,18,159,0,0,0,1,6,65,101,45,0,0,0,0,0,0,12,21,17,15,6,17,11,21,47,46,5,8,17,125,32,9,22,159,2,0,0,15,5,2,26,88,0,0,0,0,0,0,0,23,33,33,5,14,18,18,45,55,11,9,13,114,64,5,6,159,24,0,2,11,2,0,3,85,1,0,0,0,0,0,0,41,5,5,13,14,14,18,57,56,14,8,39,35,38,4,4,159,17,2,1,0,0,0,19,55,0,0,0,0,0,0,15
116,39,0,2,41,1,0,0,20,1,0,9,143,14,0,2,143,10,0,1,31,3,0,7,71,2,0,0,0,0,0,0,72,43,0,1,55,29,0,0,19,6,9,22,143,130,8,18,143,35,8,4,23,24,8,79,86,2,0,0,0,0,0,10,5,12,3,21,43,19,0,0,5,25,139,135,111,24,0,1,129,143,115,16,5,2,0,10,43,13,0,0,0,0,8,14,0,0,1,4,1,0,0,0,0,1,29,11,0,0,0,0,0,14,23,0,0,0,0,0,0,2,0,0,0,0,1,1
0,0,0,0,0,1,0,0,0,0,0,0,0,14,21,0,1,0,0,0,0,2,34,13,3,0,0,0,0,1,2,5,0,0,9,12,34,15,0,0,6,1,0,18,117,137,110,15,137,13,0,2,6,31,134,131,55,14,0,1,29,20,2,15,0,0,4,28,53,1,0,0,15,12,7,137,137,30,7,4,137,54,9,36,27,6,8,39,89,9,0,1,99,7,0,10,0,0,0,6,22,0,0,0,3,1,0,70,137,0,0,1,137,3,0,20,60,0,0,59,82,0,0,0,81,1,0,33
0,0,0,0,0,1,30,0,0,0,0,0,0,1,35,1,0,0,0,0,0,0,10,6,0,0,0,0,0,0,0,0,3,0,0,0,10,38,164,7,17,1,0,1,10,33,164,42,129,6,0,0,0,3,111,150,19,1,0,0,0,0,0,8,29,17,6,2,29,40,67,37,120,28,3,3,77,66,47,25,164,84,0,0,5,7,10,33,30,6,0,0,0,0,0,0,32,19,15,12,12,18,14,59,154,64,9,12,36,56,6,10,164,87,0,0,1,0,0,1,9,2,0,0,0,0,0,0
6,2,0,3,24,78,124,13,44,4,1,5,49,59,103,32,157,0,0,0,11,8,25,79,31,0,0,0,0,0,0,3,22,15,3,5,20,21,60,59,91,18,6,11,84,49,14,38,157,6,1,1,18,7,0,24,50,0,0,0,0,0,0,5,43,44,52,18,9,4,15,41,64,84,90,32,13,14,8,24,157,91,38,7,1,1,0,32,57,7,0,0,0,0,0,12,20,42,73,28,48,23,19,11,92,51,34,2,9,11,26,99,74,124,24,0,0,0,2,36,18,13,0,0,0,8,12,1
3,2,6,11,14,56,23,9,55,24,5,3,3,19,23,42,35,5,5,10,29,27,32,32,0,1,32,32,24,75,47,1,7,10,13,8,35,30,8,11,38,17,8,3,15,47,61,41,135,40,38,13,10,4,29,72,12,30,122,68,71,1,0,0,1,19,32,25,54,12,0,1,55,28,18,21,100,38,10,8,135,60,7,1,2,2,4,14,66,19,12,24,135,12,0,1,0,11,116,41,15,2,0,0,8,48,135,61,17,1,0,0,135,135,50,2,2,0,0,1,36,13,1,26,135,22,0,1
0,0,58,128,38,4,3,8,25,32,87,128,8,1,4,15,28,37,35,45,12,5,2,7,34,19,14,12,9,15,13,16,0,0,17,52,15,15,92,128,3,10,42,78,77,91,41,19,38,39,52,35,3,10,21,32,8,44,72,69,12,2,0,0,3,2,11,3,5,15,84,121,31,1,0,0,23,119,107,56,128,87,14,1,1,10,13,61,22,70,101,21,0,0,0,1,0,1,11,24,42,10,5,1,38,2,2,16,19,26,19,21,128,13,2,1,1,0,2,73,65,19,20,0,0,0,8,16
1,1,15,130,52,5,3,5,26,26,13,31,1,2,14,22,21,52,68,3,2,10,8,15,0,35,130,1,1,11,1,0,0,0,26,130,39,15,0,0,37,44,63,130,41,1,0,3,130,107,78,4,0,0,9,41,15,58,130,1,0,12,71,17,0,0,0,21,59,102,25,0,4,10,27,83,85,39,27,1,45,23,22,11,27,57,69,30,6,1,4,7,12,66,130,21,0,0,0,11,116,57,33,5,4,3,2,10,25,56,60,17,6,2,5,24,34,35,46,15,5,11,47,29,16,12,15,8
76,0,0,0,135,37,0,16,135,73,1,1,99,17,0,0,135,34,1,0,0,0,0,34,15,0,0,0,5,0,0,11,85,1,0,0,135,53,6,40,135,56,2,4,80,17,0,4,95,25,4,21,21,1,0,41,35,0,0,0,5,0,0,46,50,1,0,0,78,62,21,56,135,13,0,1,36,17,1,42,75,6,1,21,52,8,3,39,18,0,0,5,9,1,5,100,12,1,0,0,8,18,44,43,135,15,0,0,2,4,8,79,62,7,2,16,25,52,7,24,2,0,0,6,14,49,75,41
14,15,6,12,43,3,4,25,76,30,2,0,0,0,16,56,145,119,10,0,0,0,0,24,9,106,17,0,0,0,0,0,4,1,7,23,90,3,5,20,95,7,6,11,10,13,41,90,169,43,3,0,0,0,3,102,44,30,7,0,0,0,0,2,0,2,55,86,54,1,0,0,89,59,65,55,6,1,0,4,169,107,5,1,0,0,0,11,56,5,0,0,0,0,0,0,17,26,20,25,71,6,0,0,80,30,31,72,14,0,0,0,169,20,1,2,1,0,0,8,37,0,0,0,0,0,0,1
16,2,0,38,123,4,0,1,103,19,15,53,46,0,0,2,123,1,5,52,30,0,0,68,77,0,0,0,0,0,0,40,14,0,0,24,123,17,0,2,123,5,3,28,78,7,0,18,110,1,3,71,123,4,0,45,123,0,0,0,2,1,0,76,9,13,17,41,123,17,0,1,123,99,20,18,60,7,0,8,61,25,19,82,123,5,0,16,121,28,10,7,4,1,1,45,0,9,32,45,29,0,0,0,10,59,30,9,3,0,0,0,2,7,6,20,6,0,0,0,3,5,3,1,0,0,0,0
0,0,0,1,16,13,3,0,15,0,0,0,4,11,12,22,6,0,0,0,1,30,18,5,7,0,0,0,0,7,25,24,3,1,1,22,124,24,6,1,124,24,2,10,78,29,19,40,56,13,0,0,119,124,31,13,124,46,0,0,8,28,40,49,3,1,0,14,124,0,0,1,124,9,0,7,124,13,2,35,74,31,0,2,124,55,1,9,124,64,0,0,7,1,0,9,0,0,0,17,124,0,0,0,65,0,0,10,114,13,10,49,92,15,0,0,79,41,8,15,102,29,0,0,2,0,0,13
13,1,0,3,9,15,133,53,10,1,0,0,20,50,133,58,25,71,48,20,51,31,23,15,46,133,46,5,2,0,1,12,0,3,24,23,62,33,41,3,82,15,41,12,0,1,56,68,133,96,16,0,0,0,5,57,27,69,14,0,0,0,0,2,38,41,35,4,5,16,1,6,32,108,133,11,0,0,0,2,133,122,25,0,0,0,0,12,37,2,0,0,0,0,0,1,54,133,21,2,1,0,0,4,10,102,122,5,0,0,0,0,24,29,27,1,0,0,0,0,2,0,0,0,0,0,0,0
0,0,1,21,25,40,62,4,4,0,0,1,5,22,64,96,8,8,30,56,44,92,25,20,19,25,16,47,22,18,3,9,0,0,1,95,112,8,0,0,33,8,13,31,31,15,20,55,116,37,32,70,39,1,5,57,8,3,13,116,105,1,3,10,0,4,42,116,96,0,0,0,13,72,116,56,8,0,0,2,95,116,84,35,21,0,0,7,6,11,19,116,99,0,0,0,0,3,31,81,18,0,0,0,12,46,92,20,2,0,0,1,7,22,53,44,9,0,0,0,4,5,4,53,101,0,0,0
8,37,26,121,33,3,1,9,14,77,122,3,1,6,9,10,13,89,122,0,0,2,4,6,20,34,121,2,0,0,1,9,8,18,12,62,57,72,18,3,28,42,42,4,4,35,122,56,76,35,67,0,0,0,75,122,24,40,69,2,0,0,1,18,0,3,13,22,36,58,15,0,16,42,48,21,10,29,29,9,122,85,8,0,0,0,10,41,76,37,2,0,0,0,13,20,0,32,108,18,14,0,0,0,3,52,122,9,0,0,0,0,64,122,92,0,0,0,0,2,20,32,28,0,0,0,3,5
4,0,0,0,78,97,26,21,122,13,0,0,0,3,19,51,93,14,0,0,0,27,30,19,6,0,0,0,2,11,55,54,22,5,1,25,111,38,4,9,122,37,0,2,8,11,4,32,61,5,0,0,72,122,73,21,9,0,0,0,5,28,122,106,20,7,2,8,28,67,21,15,122,29,4,1,9,17,20,103,16,6,6,34,122,71,20,22,42,20,6,13,13,6,8,34,5,85,81,34,9,10,5,3,22,122,121,24,2,0,2,19,2,11,32,82,50,1,2,3,19,28,12,15,8,0,0,1
12,0,0,0,109,52,15,18,79,40,0,0,14,42,18,16,113,61,0,0,1,1,0,12,19,1,0,0,26,10,0,7,10,0,0,0,109,122,38,31,123,26,0,0,0,9,26,51,77,14,0,0,0,29,51,51,9,0,0,0,11,19,55,47,39,7,1,23,116,51,7,15,123,30,0,1,24,38,9,41,30,2,0,2,62,123,123,53,27,1,0,0,0,4,123,123,23,14,8,11,23,53,16,16,96,34,14,4,25,22,18,78,11,10,9,39,83,37,11,13,85,28,3,2,0,0,4,29
0,0,0,0,0,4,1,0,0,0,0,0,0,8,14,1,0,0,0,0,0,0,6,6,0,0,0,0,0,0,0,0,0,0,0,1,52,89,7,0,6,2,0,5,41,127,127,34,98,6,0,0,0,6,87,127,32,0,0,0,0,0,0,18,0,0,0,28,127,43,9,6,28,36,17,87,127,68,23,14,127,123,8,5,1,2,10,48,63,12,0,0,0,0,0,4,0,0,0,3,25,127,85,16,23,8,2,9,34,126,85,69,127,27,1,0,0,0,8,127,24,2,0,0,0,0,0,46
58,24,0,0,0,8,31,126,6,3,0,0,0,39,131,32,4,0,0,0,0,1,46,80,0,0,0,0,0,0,0,2,63,33,9,4,2,22,55,131,22,13,23,25,18,112,131,70,131,32,6,1,0,4,40,131,10,1,0,0,0,0,0,6,32,131,94,15,1,1,1,5,12,59,131,88,10,7,2,3,92,131,97,3,0,0,0,8,7,8,0,0,0,0,0,0,1,107,25,1,0,0,0,0,0,10,76,7,0,0,0,0,0,22,34,0,0,0,0,0,0,1,0,0,0,0,0,0
0,0,2,38,40,17,65,60,12,22,59,43,14,9,17,12,28,122,51,0,0,0,3,21,57,122,0,0,0,0,0,11,14,3,11,45,23,8,65,53,122,76,28,3,3,4,33,46,43,122,75,0,0,0,1,18,6,73,2,0,0,0,0,1,10,18,122,122,38,1,0,1,122,58,85,42,8,2,22,72,91,20,3,3,1,1,34,122,16,2,0,0,0,0,0,17,0,2,107,35,0,0,0,0,4,14,95,122,12,1,5,7,72,65,50,23,2,0,5,30,11,1,0,0,0,0,0,2
0,0,0,0,0,7,85,33,0,0,0,0,29,83,34,15,52,4,0,0,12,42,25,37,12,0,0,0,0,0,0,3,4,1,0,1,39,40,119,115,15,3,0,3,39,119,119,85,119,21,0,0,15,52,38,101,26,2,0,0,0,0,0,6,13,38,80,71,62,11,8,16,52,62,18,55,116,37,28,14,119,119,1,2,4,5,7,37,5,1,0,0,0,0,0,2,0,7,72,63,65,7,0,0,49,83,28,60,112,4,0,0,106,117,3,2,0,0,0,0,0,0,0,0,0,0,0,0
0,0,0,2,35,82,134,16,40,1,0,8,65,134,51,90,78,3,0,0,0,1,11,134,0,0,0,0,0,0,0,0,24,28,20,33,28,30,62,31,91,22,18,126,49,37,9,19,134,20,2,8,1,0,0,38,10,0,0,0,0,0,0,0,10,76,134,65,11,0,0,1,28,51,58,134,68,0,0,1,134,51,16,29,5,0,0,24,32,0,0,0,0,0,0,6,6,13,39,28,15,0,0,0,2,13,17,71,122,0,0,0,92,35,15,10,9,0,0,18,35,0,0,0,0,0,0,10
0,0,0,0,2,23,1,0,8,4,0,0,6,81,19,9,18,15,0,0,0,1,3,7,0,0,0,0,0,0,0,0,12,0,0,0,3,122,35,7,122,66,0,0,2,112,56,58,90,92,0,0,0,0,5,38,14,1,0,0,0,0,0,3,37,19,67,32,85,122,15,9,122,33,19,20,5,20,66,122,122,25,0,0,0,0,15,122,16,2,0,0,0,0,0,1,0,54,122,108,27,3,0,0,49,80,107,122,8,2,6,11,103,71,10,0,0,0,0,11,1,0,0,0,0,0,0,0
0,0,0,0,0,4,3,0,0,0,0,0,0,6,5,0,0,0,0,0,0,0,1,0,0,0,0,0,0,0,0,0,0,0,0,0,7,73,77,3,6,1,0,0,43,137,133,13,135,18,0,0,2,23,91,86,48,5,0,0,0,0,0,4,0,0,17,67,27,90,118,3,49,14,23,59,79,137,66,22,137,83,8,2,5,14,19,117,73,13,0,0,0,0,0,30,0,0,26,76,6,4,0,0,12,28,94,123,10,13,3,5,83,108,91,5,0,0,0,53,10,10,6,0,0,0,0,19
0,0,0,0,12,31,11,0,45,5,0,0,5,118,125,26,118,89,0,0,0,23,38,32,21,30,0,0,0,0,0,1,0,2,65,67,134,61,6,0,96,24,91,134,35,53,36,70,134,65,5,6,0,0,1,134,57,10,0,0,0,0,0,8,0,9,98,69,17,2,0,0,11,39,134,134,7,0,0,4,99,104,53,29,0,0,0,10,10,1,0,0,0,0,0,0,0,0,1,4,0,0,0,0,0,0,16,44,0,0,0,0,0,0,6,5,0,0,0,0,0,0,0,0,0,0,0,0
