33,11,0,0,0,0,0,1,137,55,0,0,0,0,0,33,131,41,4,1,0,0,0,90,37,4,3,17,10,2,10,66,40,8,0,0,0,0,0,7,137,137,5,1,2,0,0,21,68,115,25,25,45,5,0,8,82,3,1,3,4,2,5,51,21,0,0,0,0,0,0,9,137,30,0,2,4,0,1,125,113,12,2,45,92,37,12,38,23,2,0,8,10,61,60,20,0,0,0,0,0,0,0,0,123,24,0,0,0,9,32,23,52,5,0,3,12,136,114,22,1,3,1,0,2,70,61,6
27,17,7,13,33,0,0,1,140,146,86,1,0,0,4,16,17,73,166,22,0,3,20,11,0,0,53,12,0,2,7,0,45,1,1,39,68,0,0,4,166,33,4,1,0,0,0,33,73,31,54,9,1,0,17,9,0,0,11,2,0,0,5,0,28,4,2,40,119,0,0,0,166,11,1,1,0,0,0,22,133,9,12,1,0,0,0,6,0,0,3,0,0,0,0,0,10,17,12,59,101,0,0,0,166,88,6,1,0,0,0,5,106,13,0,0,0,0,0,2,0,0,0,0,0,0,0,0
0,3,0,0,7,21,33,15,0,0,0,0,63,111,26,0,27,54,2,5,66,39,0,0,15,19,0,0,1,1,0,0,0,0,0,0,2,40,133,49,18,2,0,0,61,133,56,5,133,121,3,3,39,63,9,18,74,48,0,0,15,15,6,7,0,0,0,0,0,17,133,51,37,7,1,1,40,112,68,12,133,13,0,0,5,9,63,133,28,4,0,0,1,5,133,116,1,1,72,21,0,0,14,6,12,5,43,11,0,2,10,9,12,4,12,2,0,0,37,45,0,2,5,0,0,0,96,52
0,0,2,3,4,81,49,0,3,9,7,10,4,34,18,0,8,93,43,1,0,4,2,0,0,92,113,1,0,0,0,0,0,72,95,15,2,3,0,0,29,21,65,126,25,0,2,10,126,120,15,12,4,0,0,24,32,126,70,0,0,0,0,1,4,117,126,28,4,0,0,1,15,24,50,126,108,1,0,4,126,42,5,57,50,3,2,65,99,52,5,0,0,0,0,18,7,4,11,16,25,0,0,4,11,1,0,58,103,1,0,7,43,0,0,19,65,4,3,50,23,6,0,0,0,0,0,12
38,0,0,7,82,2,0,5,139,0,0,0,0,0,3,21,82,0,0,0,0,2,36,72,18,0,0,0,0,0,13,74,49,2,0,1,139,12,0,4,139,6,0,0,3,4,4,17,47,1,0,3,26,53,63,57,0,0,0,0,0,9,89,139,21,73,47,20,135,4,0,0,139,102,25,2,7,15,7,12,19,1,4,23,59,119,26,12,2,0,15,17,7,21,59,127,0,68,96,41,31,0,0,0,3,39,45,33,26,1,0,0,0,1,46,44,27,3,0,0,1,0,51,62,2,0,0,9
39,1,0,31,36,14,18,23,140,4,0,1,1,0,6,89,40,1,0,0,2,3,71,130,0,0,0,0,0,0,52,82,43,4,1,45,83,1,0,1,140,46,6,15,14,0,1,15,32,15,6,43,115,18,64,40,0,0,0,0,14,6,123,140,19,17,54,37,56,3,0,0,140,31,32,16,16,2,0,35,53,2,0,21,140,24,4,18,0,0,0,0,59,23,44,34,18,37,53,21,3,0,3,14,49,18,42,35,8,10,9,19,17,1,0,0,140,71,10,15,2,24,3,1,57,19,8,1
54,0,2,4,5,2,1,34,171,0,0,0,0,0,2,162,33,1,0,0,0,0,46,70,0,0,0,0,0,0,53,11,49,0,0,1,15,11,4,13,171,44,2,0,0,0,1,60,75,49,64,4,0,0,24,30,0,0,70,11,0,0,41,7,46,0,0,2,14,16,3,10,171,10,0,0,0,0,0,65,164,18,24,1,0,0,0,16,0,0,43,7,0,0,0,0,28,4,1,11,29,7,3,3,171,2,0,0,0,0,0,53,171,0,0,0,0,0,0,25,2,0,0,0,0,0,0,0
1,71,125,5,3,36,57,3,4,15,125,42,19,58,54,5,2,7,62,118,37,5,2,0,10,44,21,77,38,4,2,0,20,16,12,0,0,109,125,19,125,43,3,1,3,52,125,58,31,32,14,33,98,41,10,8,12,61,17,30,52,5,0,0,20,75,109,0,0,7,31,4,125,45,48,3,0,4,30,93,18,22,7,0,20,57,51,39,32,30,3,1,7,5,0,1,1,67,75,1,0,0,0,0,2,28,125,7,0,0,0,4,4,28,54,17,0,0,1,3,9,10,6,4,0,0,0,0
0,0,2,67,77,1,0,4,66,0,0,1,5,0,3,69,141,11,0,0,0,0,0,106,17,10,5,2,0,0,8,19,0,0,10,141,141,1,0,0,102,13,16,23,32,1,2,15,141,59,3,0,0,0,0,29,31,48,20,12,7,2,3,11,0,0,12,141,141,6,2,0,32,43,110,75,31,0,0,1,141,46,16,0,0,0,1,61,37,2,0,0,7,8,19,47,0,0,0,38,94,14,16,0,6,2,7,30,71,3,1,2,110,2,1,0,0,0,2,59,45,0,0,0,1,7,11,37
1,1,0,19,121,29,2,0,6,11,27,121,94,14,2,1,121,114,30,23,3,3,2,5,46,38,16,11,0,0,0,0,9,8,1,4,41,99,85,13,13,10,19,57,50,46,11,9,121,67,16,12,5,7,3,24,68,29,37,17,0,0,0,6,17,121,59,4,0,5,27,8,7,43,121,93,13,2,0,2,121,45,73,54,2,0,0,15,121,14,8,0,0,0,0,30,3,121,61,16,31,30,3,2,29,25,61,52,17,13,5,14,21,12,25,97,35,1,0,1,48,5,1,1,1,0,1,31
35,7,0,0,0,0,9,15,21,1,0,0,0,59,58,26,6,4,0,0,3,80,74,6,7,39,15,2,1,15,16,3,13,2,0,0,0,28,119,33,12,3,2,2,2,119,119,21,119,33,1,0,0,36,71,46,71,83,11,3,2,17,17,20,71,69,21,6,2,28,95,38,49,58,53,20,6,19,25,16,119,33,17,4,3,7,23,82,68,17,22,7,2,9,24,118,13,119,106,3,0,0,0,0,9,59,106,50,10,2,0,0,3,1,17,89,53,15,41,48,13,3,1,3,4,1,78,119
0,0,0,0,0,0,0,0,0,0,0,0,0,0,0,0,0,0,0,0,0,0,0,0,0,0,0,0,0,0,0,0,0,0,0,0,0,2,37,5,31,9,0,0,0,0,5,5,101,5,0,0,0,1,8,29,7,0,0,0,11,35,27,11,16,1,0,0,0,1,111,62,61,42,0,0,0,0,95,68,90,21,0,0,0,36,152,54,5,1,0,0,2,84,152,18,5,2,1,5,3,27,152,62,41,19,1,2,1,9,152,152,17,10,5,6,3,66,152,61,100,59,1,0,0,22,130,48
26,3,12,8,7,17,34,38,125,14,2,0,0,27,38,125,21,11,2,3,4,50,82,56,7,4,1,1,2,18,95,74,14,25,82,47,19,2,4,4,125,125,54,4,0,0,2,28,22,66,125,76,10,12,5,5,8,61,125,33,3,6,8,11,13,5,16,18,55,17,51,25,125,41,10,1,0,0,12,116,75,17,46,20,4,6,0,23,13,21,55,16,1,0,0,4,4,8,99,67,37,1,4,3,125,80,52,5,0,0,1,22,80,27,32,3,0,4,0,10,12,7,21,4,0,1,0,3
43,5,0,0,0,5,46,75,120,1,0,0,2,6,19,158,14,0,0,1,72,56,4,23,0,2,1,1,20,11,0,0,42,2,0,1,16,45,46,33,158,9,0,1,2,3,14,115,76,6,4,54,53,7,0,14,0,0,14,29,8,0,0,0,63,28,0,1,23,25,0,0,158,58,0,0,0,0,0,8,121,26,25,76,3,0,0,2,0,0,38,94,0,0,0,0,38,118,0,0,2,2,0,0,158,158,0,0,0,0,0,1,76,30,8,9,0,0,0,10,0,0,23,49,0,0,0,2
5,0,0,2,2,2,8,35,46,51,8,5,0,0,2,25,134,134,2,0,0,1,0,12,25,35,0,8,17,42,0,1,5,0,5,22,16,8,7,21,68,8,0,0,2,15,73,109,134,15,0,0,3,11,18,134,21,1,0,0,35,97,5,11,0,1,4,15,27,90,7,0,122,61,0,0,10,45,22,15,134,114,2,7,13,4,3,25,13,5,2,31,48,16,0,1,0,29,6,0,3,46,6,0,97,134,7,0,1,3,0,0,134,134,5,16,3,0,0,0,3,5,4,89,10,0,0,0
133,12,11,14,4,0,0,15,138,3,0,5,25,0,0,44,11,0,0,66,138,6,0,3,19,4,2,51,76,1,2,24,52,21,81,45,0,0,0,5,138,14,9,4,29,4,0,35,28,0,0,14,138,55,2,4,12,29,39,56,55,12,3,4,17,14,33,23,1,1,8,14,138,47,11,12,31,2,3,11,29,8,7,57,138,31,5,5,77,76,26,18,21,9,6,18,16,11,15,66,41,6,14,20,138,20,3,13,20,4,8,52,25,11,11,67,112,35,8,6,27,75,17,16,11,17,27,29
16,22,37,34,25,58,14,19,104,29,5,8,40,7,8,68,15,3,13,70,134,13,3,16,27,5,14,16,10,15,18,60,25,7,6,18,84,78,21,23,134,15,4,5,33,7,8,76,25,0,3,18,134,33,14,12,0,0,6,12,16,12,43,20,39,10,3,7,17,38,42,50,134,36,2,6,20,0,0,21,36,2,0,64,134,9,7,3,0,0,0,14,67,22,81,31,51,1,2,26,23,6,4,57,134,4,0,2,4,0,0,97,37,0,0,61,134,1,0,13,1,0,1,35,134,7,6,6
23,0,0,0,25,65,33,33,123,1,1,18,19,3,9,91,14,1,2,100,104,37,0,3,34,25,42,24,14,15,1,23,50,5,0,0,33,68,6,18,123,10,0,3,13,13,2,60,34,2,1,43,123,114,9,9,18,26,11,18,21,24,14,33,27,102,91,16,27,12,0,2,123,123,25,0,45,21,0,4,30,21,2,5,123,80,3,4,31,64,17,1,5,6,5,13,0,74,123,4,2,0,0,0,1,57,36,10,106,48,0,0,26,8,8,19,82,60,2,18,44,12,12,8,5,5,3,23
11,4,1,37,35,16,28,12,127,21,1,6,5,11,13,48,33,1,0,0,28,127,35,7,13,0,0,0,5,123,86,30,11,4,7,34,43,27,5,6,127,15,1,13,37,15,1,39,26,2,1,68,127,93,3,3,60,21,2,17,38,31,10,14,13,11,10,15,27,64,4,5,127,43,7,12,13,4,5,39,36,6,1,127,127,0,2,16,48,31,10,86,44,0,0,0,4,3,20,93,24,34,14,6,52,15,2,11,12,7,27,120,40,6,1,73,33,1,8,93,8,26,51,99,19,1,1,1
59,17,10,34,126,109,8,16,126,19,5,7,32,58,32,89,116,0,0,0,35,56,16,50,35,0,0,0,4,6,1,13,20,4,5,26,36,54,20,54,47,7,5,22,34,56,120,70,126,9,1,1,3,27,51,99,46,0,0,0,0,0,0,14,47,0,0,2,10,22,38,126,60,42,42,62,22,8,7,29,126,112,22,9,1,1,2,11,21,1,0,0,0,0,0,1,126,20,0,0,7,16,10,79,126,25,8,1,0,0,0,36,53,34,4,0,0,0,0,14,0,0,0,0,0,0,0,0
1,0,0,34,121,121,82,6,34,30,113,78,68,38,9,2,18,21,121,101,3,2,9,8,4,1,61,107,15,0,16,26,11,5,5,10,105,51,9,3,73,95,22,11,29,14,2,11,44,30,30,39,36,29,4,7,1,0,12,74,121,37,0,0,4,3,3,17,94,47,14,4,84,22,6,4,12,20,28,82,24,4,0,10,58,40,1,18,0,0,0,8,121,67,0,0,1,2,7,55,76,21,12,4,57,10,14,20,15,15,15,50,15,0,0,12,35,12,46,56,0,0,0,23,121,33,11,0
0,0,0,0,15,3,0,0,8,1,0,0,138,46,0,0,138,44,0,0,55,12,0,0,54,12,0,0,0,0,0,0,0,0,0,0,31,11,14,2,30,1,0,0,138,74,1,2,138,39,0,0,39,14,0,3,45,8,0,0,0,0,0,0,0,0,13,23,16,43,98,9,41,2,1,14,138,138,23,14,138,17,1,0,15,12,17,102,20,2,0,0,0,0,62,40,0,0,37,69,38,8,6,0,27,35,6,71,136,29,2,4,72,127,49,2,3,1,10,46,4,8,80,9,0,0,44,25
0,0,16,8,25,58,66,0,26,3,5,31,116,91,9,25,87,36,5,1,4,4,28,134,2,17,26,0,0,0,75,24,0,3,117,39,16,9,13,0,35,10,28,138,138,11,1,3,138,104,15,15,16,0,1,23,20,39,70,0,0,0,3,4,0,0,8,7,25,0,0,0,26,1,0,70,138,0,0,1,138,3,0,15,43,0,0,32,56,1,1,0,0,0,0,8,0,0,0,1,12,0,0,0,9,0,0,30,138,0,0,1,138,0,0,8,57,0,0,27,60,0,0,0,0,0,0,8
2,18,20,11,25,42,5,0,4,27,101,99,24,23,1,1,118,107,42,45,7,4,0,13,60,21,1,1,46,66,25,20,28,21,5,4,22,16,6,16,20,21,19,23,49,118,38,22,118,48,11,11,24,30,22,71,32,10,5,26,118,42,3,12,8,1,0,1,25,52,68,33,32,22,7,14,60,72,60,29,118,81,6,5,38,14,4,21,19,4,2,6,117,62,10,13,5,5,2,15,97,28,15,6,118,16,1,4,13,12,18,52,118,55,0,1,54,2,0,6,4,1,0,2,118,24,13,7
8,0,0,0,0,0,5,50,133,0,0,0,0,0,4,133,117,0,0,0,14,31,15,113,50,0,0,0,7,16,14,49,29,1,0,0,0,0,0,17,133,5,0,0,0,0,0,83,133,35,0,0,1,10,20,133,18,40,25,0,0,4,22,35,21,0,0,0,3,1,0,17,133,32,0,0,0,0,0,28,133,133,0,0,0,0,0,8,37,93,31,0,0,0,0,0,21,8,0,0,0,1,0,2,133,77,0,0,0,0,0,2,133,90,0,0,0,0,0,0,59,13,0,0,0,0,0,0
0,0,0,0,39,63,4,1,51,34,0,0,55,87,0,0,89,74,0,0,1,1,0,0,4,4,0,0,0,0,0,0,5,1,0,7,29,104,81,10,133,77,0,0,17,44,4,19,67,52,0,0,0,0,3,13,0,0,1,1,0,0,0,1,6,0,0,22,27,70,127,37,103,5,0,0,0,6,35,136,22,2,0,0,0,0,50,122,0,0,0,0,0,0,38,38,0,0,0,0,0,33,136,66,13,0,0,0,0,2,136,136,8,0,0,0,0,0,110,136,12,3,12,3,0,0,30,74
19,100,75,58,26,1,1,1,66,124,21,0,0,14,21,2,9,26,16,29,4,6,32,24,2,0,13,58,46,1,0,2,66,115,30,2,10,32,2,5,13,44,9,0,48,124,69,19,124,5,0,1,7,46,79,124,30,4,1,5,76,49,1,14,32,44,0,0,19,124,15,3,33,26,8,34,113,124,9,6,124,60,4,6,11,34,13,37,55,4,0,0,25,73,9,9,8,2,0,0,14,121,20,19,18,5,3,20,20,15,10,20,43,8,1,3,7,21,69,48,78,1,0,0,1,20,30,21
13,26,18,8,2,1,8,20,19,12,19,18,4,3,17,22,129,40,6,8,14,0,3,16,17,5,5,62,129,8,1,0,32,74,44,56,10,0,0,1,30,9,19,129,90,12,24,37,129,25,4,12,15,4,9,82,33,4,5,47,115,48,6,4,80,11,7,54,11,0,0,14,43,24,68,129,39,0,0,10,125,129,71,46,27,3,0,6,16,10,1,31,129,74,10,1,29,0,0,32,31,0,0,22,34,3,22,26,1,3,18,68,1,27,29,12,19,13,36,6,0,2,0,41,129,22,2,1
20,42,122,52,2,0,0,0,1,21,122,61,5,0,0,1,13,92,122,8,0,0,0,3,9,24,113,90,1,0,5,4,81,26,19,40,22,0,0,12,11,13,19,77,122,21,15,18,122,55,34,7,6,7,15,76,32,10,43,114,27,11,3,9,34,58,4,8,26,12,1,3,10,22,35,74,122,35,11,5,122,98,30,10,7,3,5,19,35,12,6,16,24,19,6,10,11,14,4,4,48,51,37,42,38,33,3,4,40,82,34,13,96,82,8,3,17,12,4,8,28,10,3,5,40,41,13,29
19,37,13,30,38,14,6,4,19,25,2,4,62,90,8,2,19,54,36,15,49,64,6,2,53,76,50,48,6,8,3,2,32,20,7,7,31,10,4,20,6,4,4,14,120,112,30,10,120,42,17,6,10,24,36,60,32,25,4,2,18,51,8,6,23,7,2,4,34,15,50,120,7,8,13,56,120,60,44,8,120,32,12,16,9,10,13,61,24,1,0,10,76,45,8,22,1,0,2,4,13,33,120,69,0,0,0,1,7,50,120,21,14,0,0,0,1,7,120,107,3,0,0,0,40,58,120,59
22,39,35,48,12,2,3,12,55,78,36,8,0,0,1,27,22,10,14,13,3,1,11,51,21,10,0,0,0,27,28,27,19,12,23,122,58,9,11,25,122,41,23,21,10,6,11,67,18,4,6,29,70,43,14,17,96,16,0,0,2,5,7,29,17,8,51,122,24,0,1,44,48,23,30,57,73,63,81,20,40,0,1,3,30,122,122,39,122,24,0,0,0,6,8,38,56,11,12,29,19,1,10,122,12,1,16,122,108,21,13,6,50,9,23,96,36,13,30,29,122,32,1,0,0,0,0,39
0,6,43,30,9,49,86,7,1,32,55,4,6,55,104,21,2,8,23,8,16,110,108,3,4,6,4,1,3,40,110,10,27,9,6,2,3,110,110,20,110,48,20,19,8,28,72,70,10,28,110,106,27,40,18,7,4,22,57,72,38,19,8,4,22,18,110,63,1,7,10,2,110,42,51,17,0,0,12,82,10,10,30,23,6,24,52,42,0,7,38,39,41,25,3,0,0,0,108,97,0,0,0,0,4,12,86,101,0,0,0,3,11,33,28,14,0,0,4,7,14,43,38,22,35,1,0,3
0,0,0,1,18,90,24,0,11,7,2,3,13,65,79,31,17,32,81,22,59,43,26,15,24,31,74,33,33,5,2,15,27,13,10,19,25,43,52,28,64,38,42,51,10,9,2,8,110,95,110,15,2,8,21,48,3,16,110,70,60,110,24,5,37,95,110,79,9,2,4,11,26,52,92,110,6,0,0,3,52,24,42,27,3,15,31,57,0,1,21,94,71,110,31,7,0,12,105,37,20,2,0,0,0,4,32,68,110,13,0,0,0,9,21,15,20,18,22,1,0,1,12,35,10,17,12,0
0,0,0,0,0,50,128,69,6,8,3,0,0,128,128,27,91,8,3,0,0,11,45,128,51,1,0,0,0,0,0,57,9,0,0,11,8,4,60,89,89,45,13,0,0,10,17,51,128,59,28,0,0,0,0,48,128,2,0,0,0,0,0,74,31,10,1,56,47,0,2,19,128,36,1,1,0,0,0,28,105,11,3,0,0,0,0,24,128,0,0,0,0,0,0,62,20,33,5,29,49,6,0,0,111,71,1,1,0,0,0,1,72,7,0,0,0,0,0,10,121,10,0,0,0,0,0,6
0,6,2,5,8,22,70,0,0,0,2,38,86,47,21,0,50,28,7,23,29,7,20,15,24,9,2,4,6,89,53,15,5,2,0,0,0,99,122,21,102,12,5,9,17,30,122,91,19,4,8,34,122,40,39,8,18,23,9,8,17,59,86,10,52,97,13,23,17,63,50,11,122,122,12,7,14,6,16,37,21,6,23,74,118,16,1,2,18,62,49,33,11,1,3,1,48,122,56,37,16,7,2,1,44,120,11,9,2,26,43,20,9,2,20,66,46,5,8,18,30,34,5,16,28,1,0,0
0,148,148,0,0,0,0,0,11,148,113,0,0,0,0,0,64,148,20,0,0,0,0,0,10,83,3,0,0,0,0,0,8,147,148,0,0,0,0,1,50,142,54,0,0,0,0,1,148,54,0,0,0,0,0,5,28,24,0,0,0,0,0,2,60,16,4,0,0,0,0,17,65,4,0,0,0,0,0,8,148,0,0,0,0,0,0,25,32,0,0,0,0,0,5,18,27,21,0,0,0,0,0,3,43,0,0,0,0,0,0,9,126,0,0,0,0,0,0,25,21,0,0,0,0,0,3,23
1,0,0,0,0,0,4,5,143,9,0,0,0,0,0,48,160,57,0,0,0,0,2,69,23,38,18,0,0,1,4,4,0,19,35,11,0,0,0,0,160,22,28,6,0,0,0,18,160,25,0,0,0,0,0,72,46,7,1,0,0,3,5,18,5,21,27,18,4,0,0,2,90,73,25,23,0,0,0,3,160,124,1,0,0,0,0,27,50,9,0,0,0,0,5,20,11,1,0,4,23,2,0,10,129,119,2,1,0,0,0,19,139,160,0,0,0,0,0,6,11,12,0,0,0,0,0,2
0,57,10,0,6,20,2,0,3,7,1,0,5,47,32,11,1,0,2,9,71,30,4,3,10,17,8,9,20,29,3,1,2,6,4,0,48,126,5,2,103,12,1,4,21,73,27,33,24,7,2,43,67,22,2,4,0,0,0,5,63,134,2,0,8,7,3,5,62,134,8,6,134,52,3,4,11,30,5,30,50,11,1,28,134,66,0,2,0,0,0,2,134,134,1,1,7,57,10,8,28,28,6,0,75,134,6,2,11,1,0,0,15,15,0,6,134,39,0,0,0,0,0,2,134,78,1,2
0,14,86,46,0,0,5,0,58,102,40,5,0,0,1,2,145,145,6,0,0,0,0,5,16,66,62,2,0,0,0,1,0,0,45,64,40,2,0,0,115,31,31,24,33,0,0,23,145,50,2,0,0,0,0,79,44,8,0,0,0,0,0,13,0,2,145,61,19,1,0,0,21,111,145,17,9,0,0,1,145,145,41,0,0,0,0,29,49,3,0,0,0,0,0,49,0,1,82,9,0,0,0,0,0,18,85,5,1,0,0,0,7,16,13,4,0,0,0,13,22,0,0,0,0,0,0,60
29,0,0,0,0,0,5,135,165,1,0,0,0,0,5,165,23,6,4,0,0,13,49,44,0,6,16,0,0,22,36,0,45,6,4,0,0,0,2,20,165,60,0,0,0,0,1,96,101,69,24,0,0,2,11,23,0,12,33,0,0,5,3,0,28,25,44,13,0,0,0,2,165,46,8,4,0,0,0,49,142,12,0,0,0,3,8,36,0,0,0,0,0,9,7,0,30,36,9,8,4,0,0,7,165,165,3,3,0,0,0,4,63,35,0,0,0,0,2,10,2,2,0,1,1,1,2,1
24,23,0,0,1,21,62,10,2,13,14,22,31,34,14,0,0,4,39,110,75,38,4,0,47,102,77,21,9,14,15,31,24,6,0,0,0,4,27,34,70,45,22,22,1,0,7,35,15,38,68,134,18,0,0,1,56,134,83,18,0,0,0,0,40,3,0,0,2,19,48,68,134,36,2,3,0,0,13,51,60,59,72,51,4,0,0,3,31,94,49,4,0,0,0,0,49,1,0,1,1,6,134,134,134,15,0,0,0,0,9,134,88,23,9,0,0,0,0,51,8,14,12,0,0,1,2,6
136,18,1,0,0,0,7,119,29,0,0,0,0,0,9,81,13,0,0,0,0,0,0,17,2,0,0,0,6,17,2,5,56,84,54,0,0,0,1,44,126,38,6,0,0,0,3,60,30,4,0,0,2,4,11,13,4,0,0,1,34,42,4,4,12,28,21,0,0,6,70,55,35,19,4,0,0,2,71,101,6,0,0,0,0,21,131,37,1,0,0,0,6,115,77,9,0,0,0,0,8,38,62,34,0,0,0,0,2,58,136,101,5,0,0,0,0,136,136,33,62,0,0,0,0,89,136,78
12,1,0,0,7,77,82,14,146,54,19,2,4,23,39,23,72,50,80,42,31,22,1,6,36,18,8,11,8,4,0,3,38,5,6,4,24,54,21,15,146,23,1,0,5,16,7,31,102,2,0,0,33,118,17,21,35,1,0,0,3,12,5,16,18,61,146,37,6,3,3,0,146,92,67,14,10,42,16,19,119,8,0,1,15,134,34,27,91,9,0,0,0,2,2,6,26,33,75,21,21,33,4,7,14,14,32,20,43,81,6,3,98,31,17,15,9,18,4,3,66,7,0,0,0,0,0,1
113,3,0,0,0,0,0,15,146,2,0,1,6,9,25,80,160,7,0,1,7,8,12,29,81,1,0,0,0,5,5,8,57,0,0,0,0,0,4,45,66,8,5,0,0,1,78,128,160,14,0,0,0,1,20,65,86,4,0,0,0,4,4,7,33,40,14,2,0,0,0,13,82,103,40,0,0,0,6,11,160,45,6,0,0,0,0,16,75,1,0,0,0,0,3,15,59,95,39,2,0,0,0,5,46,69,69,43,12,1,0,2,160,13,2,8,3,0,3,14,53,2,0,0,0,5,32,10
0,101,129,4,1,0,0,1,7,74,129,26,24,6,1,3,79,129,62,2,4,2,1,8,17,61,28,22,24,10,13,4,1,67,88,6,22,7,5,1,33,9,36,43,129,36,1,3,129,63,6,8,23,8,3,33,29,20,12,45,129,20,7,11,0,0,0,3,12,9,40,21,13,7,7,94,101,18,10,5,129,28,10,29,12,8,21,63,15,0,0,7,52,104,44,28,0,0,4,6,0,3,53,37,0,0,0,5,16,84,52,11,12,3,0,2,5,35,112,40,8,0,1,7,19,36,66,21
39,38,14,0,0,0,13,33,142,52,10,0,0,0,12,34,98,6,0,0,0,3,4,10,1,0,0,0,2,6,9,7,63,117,82,26,10,2,0,6,142,55,17,19,9,1,7,13,91,8,0,0,1,10,60,15,1,0,0,0,7,49,58,4,94,21,14,16,22,36,60,103,142,19,10,12,19,36,84,66,24,35,24,0,0,29,142,34,8,27,20,2,1,49,87,8,54,2,0,0,0,3,32,56,142,58,32,1,0,6,16,47,20,84,107,16,0,3,10,10,15,29,43,20,0,0,0,4
0,0,0,0,1,5,113,62,10,3,0,0,0,0,93,94,5,6,3,1,0,1,37,20,0,0,0,1,1,6,17,0,21,2,2,18,68,36,60,34,128,62,5,0,1,4,44,104,43,57,48,30,1,4,18,20,0,0,15,70,11,11,15,0,18,16,90,102,56,3,0,1,128,45,55,21,10,4,41,88,25,6,4,7,3,8,128,100,0,0,6,31,4,5,128,19,8,14,70,32,8,1,4,10,2,4,35,64,124,11,20,7,0,0,1,24,44,20,128,22,0,0,3,9,3,7,128,18
5,6,22,14,4,4,1,9,24,40,30,11,0,0,0,6,71,87,43,0,0,0,8,22,124,77,5,0,0,0,2,11,34,5,2,3,0,0,9,39,124,124,74,13,3,2,3,20,105,98,82,59,34,9,1,5,124,70,1,1,0,0,12,12,35,17,8,0,0,0,0,7,124,17,4,2,4,12,43,124,108,22,5,16,36,53,76,69,89,21,11,1,1,8,124,51,2,8,13,19,2,0,0,0,31,3,2,1,0,0,13,49,124,43,9,0,0,2,21,38,37,60,89,5,0,4,17,10
0,0,0,0,0,13,19,5,14,0,0,0,0,9,26,22,93,0,0,0,39,3,2,31,7,0,0,0,156,23,0,0,0,0,0,0,1,33,36,2,32,3,1,0,0,11,47,27,156,4,0,0,55,5,2,41,9,0,0,0,156,27,0,2,0,10,8,6,9,14,3,0,40,36,22,0,0,1,4,5,156,31,1,0,59,12,4,13,6,0,0,0,156,48,1,2,0,7,6,4,1,2,79,37,10,11,6,0,0,47,110,13,33,3,0,0,18,79,156,44,1,0,0,0,132,138,92,9
0,0,0,0,16,124,25,0,59,0,0,0,8,123,52,71,79,1,0,0,0,0,5,66,17,0,0,0,0,0,1,31,6,3,0,6,124,124,10,1,124,37,0,3,35,59,14,35,124,9,0,0,0,0,18,51,38,0,0,0,0,0,2,41,7,6,3,33,124,25,1,2,124,30,3,10,28,6,20,65,70,10,0,0,0,0,79,93,78,3,0,0,0,0,5,58,14,0,0,1,124,108,8,12,100,42,4,0,9,17,10,38,58,111,7,0,0,0,6,10,59,31,2,0,0,0,0,9
26,4,0,0,0,0,0,2,136,148,0,0,0,0,0,1,150,150,0,0,0,0,0,0,27,27,0,0,0,0,0,0,37,5,0,0,0,6,9,17,150,150,0,0,0,0,3,53,150,150,0,0,0,0,3,38,7,4,0,0,0,0,1,6,12,0,0,0,0,2,2,6,150,10,0,0,0,0,5,133,46,7,0,0,0,0,39,150,3,0,0,0,0,0,18,78,0,0,0,0,0,0,0,0,0,0,0,0,0,0,0,1,0,0,0,0,0,0,2,28,0,0,0,0,0,0,9,48
4,7,0,0,5,4,0,0,125,82,0,0,7,5,0,0,125,75,0,0,45,6,0,0,0,0,8,14,63,4,0,0,19,2,0,0,7,30,7,5,125,81,0,0,2,9,5,35,100,36,0,1,50,15,18,19,0,0,6,17,38,4,2,0,18,33,9,9,27,12,1,3,125,85,65,3,1,1,24,115,20,3,57,12,6,10,125,112,0,0,10,9,6,5,104,31,65,74,8,4,2,0,0,1,77,125,101,8,0,0,0,2,1,5,125,61,0,0,11,10,0,0,112,73,1,1,33,11
16,4,0,0,1,8,11,14,144,59,0,0,0,0,5,44,46,21,3,16,20,3,1,5,26,4,1,3,5,1,1,13,19,5,1,1,25,64,41,19,144,69,10,1,2,13,37,95,70,37,91,52,8,0,18,25,12,16,100,23,3,0,3,2,34,49,38,9,30,31,18,14,144,68,23,2,3,4,65,144,24,7,23,9,0,0,144,144,0,1,51,6,0,0,144,97,69,51,13,0,0,0,1,7,4,17,17,0,0,0,7,8,2,13,11,0,0,0,50,28,0,1,8,2,0,0,91,39
5,2,10,14,91,47,34,16,50,19,0,0,5,17,89,120,41,35,6,11,10,10,25,36,1,4,6,124,95,0,0,0,17,2,1,26,124,24,2,2,124,77,1,5,20,10,4,23,68,63,2,3,4,24,21,39,9,3,6,121,7,1,12,50,8,3,4,83,124,33,3,0,124,11,7,30,19,11,22,90,46,2,0,0,4,54,78,77,107,32,2,4,0,3,10,47,2,2,0,4,39,97,22,4,11,39,16,5,10,30,22,33,70,11,21,11,0,1,32,52,124,20,0,0,0,0,0,40
21,51,53,23,74,13,5,4,79,117,32,5,1,1,3,12,69,50,11,19,20,16,5,6,82,75,52,28,94,2,0,1,61,19,3,2,68,31,20,70,117,64,13,10,0,0,6,56,77,30,30,63,8,13,17,16,108,8,1,13,106,19,25,53,65,91,20,20,64,11,5,18,117,85,20,3,0,4,33,48,8,6,23,42,56,101,115,25,9,0,0,5,41,79,117,104,35,8,0,4,17,0,0,6,23,34,20,2,0,0,0,2,0,5,24,41,49,11,4,0,4,0,0,6,33,15,38,22
0,0,0,9,129,3,0,0,18,36,40,60,136,6,1,8,100,136,38,3,1,0,0,21,42,49,17,29,5,2,1,3,0,0,0,2,99,4,0,0,16,8,2,15,136,51,27,42,136,44,2,2,6,10,28,136,100,33,26,27,3,17,29,37,0,0,0,4,52,1,0,0,18,38,16,87,136,14,3,7,136,136,12,11,10,3,5,49,50,47,36,14,5,23,48,32,0,0,0,1,7,0,0,0,8,1,0,31,65,0,0,4,62,12,0,3,6,0,0,19,9,26,16,4,0,0,0,0
0,0,0,0,8,27,20,5,5,0,0,17,65,15,1,3,66,0,0,4,10,1,0,28,9,0,0,0,0,0,0,1,6,24,52,34,52,44,36,14,9,3,5,47,138,138,14,10,138,15,3,7,19,40,17,80,54,2,0,0,0,0,0,4,3,15,26,34,102,36,27,29,6,10,26,138,138,46,2,1,138,58,25,40,16,8,2,11,94,6,0,0,0,0,0,1,5,2,1,4,41,55,16,27,1,1,0,19,95,138,45,4,138,7,0,7,17,30,37,54,118,5,0,0,0,0,0,5
27,4,33,130,34,2,2,81,36,5,22,16,13,27,97,130,11,6,3,0,18,87,105,79,28,3,4,0,0,1,48,130,1,1,54,130,78,21,5,3,18,5,38,89,130,37,30,22,107,91,31,3,13,21,45,22,6,27,37,1,0,0,11,49,0,0,0,11,66,130,117,7,8,0,0,55,124,61,35,16,54,11,1,18,9,1,0,5,1,2,0,0,0,0,0,0,0,0,6,59,34,64,39,3,0,0,0,2,1,7,17,10,0,0,0,0,0,0,0,0,0,0,0,0,0,0,0,0
0,0,0,0,0,0,0,0,0,0,0,0,0,0,0,0,0,2,10,9,0,0,0,1,27,37,31,5,0,0,3,49,0,0,0,0,1,4,2,0,10,1,0,2,57,20,2,13,113,57,36,18,9,1,0,44,50,132,132,10,0,0,0,6,0,0,10,80,8,29,43,4,14,22,53,25,91,96,33,4,132,52,23,18,16,4,32,92,99,40,13,3,0,0,26,132,0,4,28,132,56,2,2,0,19,86,120,75,10,3,1,0,9,14,67,132,59,6,28,35,61,2,1,38,21,3,26,132
45,15,0,0,0,0,0,1,147,147,7,1,2,0,0,4,68,102,21,10,20,2,0,12,91,4,3,16,6,2,6,36,51,4,0,0,0,0,0,4,147,61,1,2,11,5,7,42,70,12,3,13,81,58,39,18,29,0,0,0,3,52,133,44,5,2,0,0,0,0,0,0,122,27,0,0,1,21,122,46,18,4,1,0,9,143,147,21,2,13,6,0,0,48,109,8,0,0,0,0,0,0,0,0,24,7,0,0,0,1,31,14,44,85,24,0,0,5,25,12,2,94,77,0,0,0,2,2
0,0,0,0,18,90,22,1,14,33,1,1,46,58,1,0,11,20,0,0,0,0,0,0,0,0,0,0,0,0,0,0,6,0,0,0,13,125,95,10,125,92,1,1,29,94,12,28,88,63,0,0,4,3,10,27,12,11,0,0,0,0,1,6,17,1,4,0,3,59,75,16,125,3,0,0,1,14,54,125,29,3,0,0,0,0,125,125,8,3,0,0,0,0,125,125,3,2,125,57,0,0,2,3,5,4,92,24,0,0,18,30,0,2,51,9,0,0,76,65,2,1,13,2,0,0,105,103
31,22,4,5,3,0,0,0,31,21,2,5,53,12,0,0,60,55,1,2,26,3,0,0,18,34,18,0,0,0,0,0,50,21,1,2,6,3,2,3,36,16,1,5,73,23,1,1,123,48,0,1,15,3,0,5,23,16,6,3,0,0,4,2,51,1,0,0,2,15,32,54,28,1,0,0,34,96,27,27,82,3,0,0,2,7,47,92,7,0,0,0,0,0,107,23,7,0,0,0,0,12,181,136,1,0,0,0,1,66,181,41,2,0,0,0,0,9,181,91,0,0,0,0,0,0,181,51
23,132,132,3,0,0,0,0,19,130,132,48,7,0,0,0,55,132,132,4,0,0,0,0,1,61,85,0,0,0,0,0,59,72,41,7,2,0,0,4,61,30,10,49,77,1,0,4,132,39,5,6,9,0,0,1,11,20,26,2,0,0,0,0,70,8,2,10,4,0,0,8,72,5,1,33,80,3,1,10,132,5,0,7,19,2,7,43,19,2,3,1,0,15,37,10,29,0,0,1,2,12,19,32,31,0,0,1,62,45,20,43,26,0,0,0,23,41,104,85,2,0,0,0,0,71,132,14
0,0,0,0,122,51,11,0,100,2,0,0,42,11,1,8,160,19,0,0,0,0,0,4,42,3,0,0,0,0,0,1,0,0,0,0,34,53,60,8,113,2,0,3,24,15,4,17,160,11,0,0,0,0,1,76,31,1,0,0,0,0,21,42,0,1,41,44,13,8,14,2,133,17,0,3,6,13,6,6,160,102,10,0,0,0,1,20,14,16,37,13,0,0,19,21,0,4,33,74,151,3,0,0,159,18,0,5,38,6,1,2,160,45,2,0,0,0,0,0,15,6,17,7,0,0,0,0
0,0,0,65,55,18,4,0,93,2,1,42,36,14,18,49,127,8,0,2,4,2,22,125,4,0,0,1,7,7,121,109,0,0,0,79,100,0,0,0,100,10,13,68,88,0,0,3,127,29,7,18,43,3,3,24,7,2,1,20,127,29,62,31,1,5,6,18,111,5,0,0,29,55,123,36,31,0,0,2,127,41,55,8,35,19,5,31,8,1,0,4,127,53,6,7,2,4,3,11,27,8,0,0,18,20,19,9,3,4,23,26,4,4,13,6,12,73,44,7,3,8,2,5,72,62,9,2
0,13,24,40,35,37,14,0,2,104,101,5,9,46,7,1,46,143,48,0,1,3,1,7,11,125,51,1,0,0,0,1,7,48,45,30,23,14,45,19,24,87,85,6,5,89,81,15,143,65,13,0,1,14,15,29,49,29,9,0,0,0,0,1,2,4,18,14,2,44,118,21,113,9,5,5,0,54,101,27,143,42,0,0,0,2,6,12,44,4,0,0,0,0,0,8,7,26,57,53,18,18,2,0,130,20,14,39,19,13,1,9,143,33,0,0,0,0,5,27,13,0,0,0,0,0,7,21
70,1,0,0,20,19,1,25,138,7,0,0,0,0,4,138,44,3,3,1,0,0,60,131,0,0,7,8,0,0,48,30,60,1,0,0,27,6,1,23,138,9,0,0,0,0,2,111,76,1,0,0,0,0,55,138,0,0,0,0,0,0,107,76,77,44,3,4,27,5,0,3,138,138,3,0,0,0,0,2,61,31,11,3,0,0,4,20,1,0,0,1,0,0,27,18,61,89,36,19,6,0,0,0,138,138,7,0,0,0,0,4,7,24,23,19,13,6,2,3,1,0,1,8,8,3,2,1
0,0,0,0,0,123,123,0,3,5,12,4,34,123,123,1,0,14,60,29,52,42,5,0,1,16,49,7,2,12,5,0,17,1,0,52,22,54,43,2,109,69,53,8,1,12,19,13,8,21,123,79,1,3,9,4,0,0,123,54,3,9,6,0,13,3,5,123,61,3,2,2,112,18,10,22,6,3,29,73,9,5,27,12,0,15,123,37,0,1,58,8,0,10,123,18,0,1,4,22,83,32,2,1,4,1,18,17,27,31,27,13,0,0,18,15,12,62,104,6,0,0,14,8,4,35,114,7
43,8,3,22,6,0,1,14,130,22,1,6,19,0,0,15,26,1,0,49,130,3,0,2,35,10,6,46,68,1,0,3,70,26,32,18,0,0,0,27,130,47,1,5,14,4,8,22,22,4,0,44,130,33,10,5,25,18,19,79,65,5,0,1,19,12,70,130,68,0,2,6,64,3,1,20,17,19,109,66,12,28,4,2,28,85,114,15,15,23,45,24,21,11,5,3,0,0,2,130,130,0,0,0,1,27,12,102,54,4,17,1,14,130,28,3,2,4,14,2,3,47,77,15,4,4,2,4
0,0,9,4,1,64,97,0,2,0,4,3,27,62,72,10,57,11,1,19,56,14,2,3,129,38,0,0,11,5,0,1,6,0,1,1,0,46,119,10,90,3,0,2,3,8,46,47,84,33,3,25,23,0,0,3,129,48,0,1,32,14,0,0,6,12,129,9,0,4,4,2,85,41,129,35,2,0,0,13,101,73,8,13,2,0,0,8,85,64,0,1,56,13,0,1,0,6,129,24,3,0,0,0,1,5,129,129,109,0,0,0,61,20,4,31,40,1,21,35,25,9,0,0,21,34,61,28
81,1,0,0,1,11,15,118,98,7,3,1,0,0,1,87,4,2,9,14,10,10,20,28,0,0,0,17,42,22,13,0,133,30,0,0,1,2,1,26,133,46,8,6,3,3,2,26,9,10,8,17,40,76,28,9,2,3,1,8,10,46,59,16,133,70,0,0,0,0,0,2,133,29,0,1,8,42,16,33,19,1,0,2,60,133,35,28,70,31,16,1,1,28,20,37,133,62,0,0,0,2,0,0,39,13,0,0,33,133,3,1,54,28,0,0,39,133,13,21,133,22,0,0,0,4,8,52
129,6,1,32,60,0,0,10,129,11,1,32,22,0,0,7,0,0,0,129,128,0,0,0,21,2,3,96,47,0,0,7,122,28,39,122,39,0,0,4,129,42,23,28,6,0,0,16,5,7,18,129,86,2,1,2,3,0,16,129,71,0,0,0,26,23,28,77,36,19,2,0,129,51,10,9,3,2,8,33,9,8,22,84,50,14,13,14,0,0,62,129,16,0,0,0,3,23,33,3,5,10,18,6,33,57,8,0,0,0,7,26,8,19,28,8,0,6,15,12,0,0,30,44,24,23,10,0
36,3,0,0,1,29,54,45,21,1,1,1,8,27,46,42,3,1,3,3,40,86,11,1,13,20,5,6,80,72,6,1,32,7,0,0,19,120,31,18,120,5,0,8,28,28,27,76,33,9,7,42,120,89,5,4,52,88,73,8,12,35,5,10,28,45,68,31,57,60,3,3,120,107,24,2,32,47,5,9,29,25,6,14,93,120,4,4,116,55,22,2,3,4,1,56,0,40,120,29,16,1,0,0,10,57,54,14,100,72,1,0,40,37,7,3,35,42,2,3,58,56,7,0,0,2,16,20
2,0,0,81,125,1,1,13,28,0,0,49,82,5,18,120,133,6,0,0,2,1,4,133,21,5,2,1,8,18,2,6,8,0,0,57,73,2,11,75,55,5,4,133,133,1,3,16,133,13,4,11,17,4,3,56,41,1,0,0,34,26,13,31,15,0,0,5,11,1,14,133,13,15,31,125,79,12,26,32,133,49,30,26,5,9,25,50,16,5,5,5,8,28,30,22,27,25,5,0,0,7,8,55,3,6,5,4,3,54,76,26,38,16,8,2,0,14,42,63,19,9,8,6,3,3,35,51
6,41,36,6,0,1,36,33,90,5,16,10,0,0,12,130,142,16,8,5,2,0,3,82,1,6,9,5,6,17,22,8,36,41,30,15,3,4,3,4,126,11,23,40,27,17,3,25,157,39,23,37,6,1,0,40,13,10,38,110,26,8,7,0,9,10,9,5,3,9,16,7,90,40,18,11,17,19,8,11,157,53,6,6,8,3,2,64,38,5,11,42,132,19,3,15,3,5,6,2,1,5,35,17,24,6,6,5,2,5,49,49,110,4,0,0,3,10,80,157,44,1,5,17,54,14,11,104
0,0,0,0,14,3,0,0,6,1,0,0,129,29,0,0,129,27,0,0,42,5,0,0,51,7,0,0,0,0,0,0,0,0,0,0,28,10,5,0,19,0,0,0,129,66,0,2,129,21,0,0,28,12,0,3,50,8,0,0,0,0,0,0,0,0,0,4,15,58,101,1,28,0,0,0,98,129,31,14,129,10,0,0,8,10,11,89,25,2,0,0,0,0,42,33,0,0,4,36,25,89,67,0,3,0,0,7,38,129,107,24,16,0,0,0,0,17,129,129,0,0,0,0,0,0,129,111
0,15,135,54,0,0,0,0,24,117,135,71,1,0,0,2,63,135,23,1,0,0,2,33,10,57,41,0,0,0,18,18,0,7,118,56,12,0,0,0,27,13,37,135,100,0,0,0,135,90,11,10,10,0,0,7,24,39,35,0,0,0,0,2,0,1,7,11,27,1,0,0,18,1,0,79,135,0,0,1,135,2,0,17,27,0,0,37,50,0,0,0,0,0,0,12,0,0,0,3,10,0,0,0,2,0,0,44,135,0,0,0,128,0,0,13,51,0,0,39,60,0,0,0,0,0,0,17
24,0,0,40,101,4,9,86,140,15,0,0,2,1,4,141,38,15,1,1,6,18,2,8,1,6,24,22,6,16,13,1,27,2,1,115,141,3,4,17,141,15,1,12,26,2,2,66,97,5,1,0,36,34,9,29,25,18,48,4,2,3,6,62,12,13,21,110,111,6,14,29,141,74,31,39,18,7,19,38,42,3,3,3,22,50,45,38,3,0,1,2,4,8,41,141,4,4,6,10,5,36,73,29,52,16,8,5,1,11,45,69,25,11,12,14,8,6,31,54,0,0,5,21,58,30,36,33
27,18,55,54,6,1,1,2,125,29,16,2,35,5,0,20,23,6,7,27,125,33,0,4,31,58,52,20,15,2,0,4,16,29,38,29,10,3,5,11,125,34,9,21,40,3,4,33,42,43,18,86,125,22,4,6,40,91,28,13,11,14,11,7,24,31,48,103,16,0,1,4,121,73,58,63,52,10,2,23,25,16,5,29,125,95,51,28,36,33,2,1,9,28,106,61,22,3,13,22,15,1,10,30,5,22,37,18,48,8,40,23,5,20,18,69,125,13,7,5,73,125,15,8,17,1,8,12
7,1,12,19,59,124,11,2,124,27,9,8,9,30,20,44,79,14,34,23,3,16,29,18,17,2,16,37,20,3,11,14,6,25,92,65,26,38,4,2,124,110,55,38,22,18,6,21,63,18,1,12,111,83,56,59,23,0,0,5,27,28,43,103,12,10,5,4,33,103,39,15,124,31,2,4,40,42,16,68,37,5,4,25,124,47,9,18,16,3,5,9,13,29,42,39,36,5,0,3,28,41,49,26,124,52,0,3,41,5,2,15,16,5,0,5,124,48,26,6,10,3,3,2,10,12,40,58
2,0,0,5,21,128,56,18,39,1,5,46,14,18,42,100,10,14,67,83,11,1,0,4,52,18,21,11,0,0,0,6,41,2,9,15,75,128,24,15,128,17,6,4,2,13,18,77,50,11,54,29,4,20,42,17,18,1,17,47,27,3,13,19,17,29,114,76,28,20,1,2,128,104,36,18,24,14,3,20,42,6,1,13,100,89,74,64,16,0,0,4,28,25,45,104,11,11,14,11,31,80,16,14,118,19,4,5,33,21,13,70,21,3,4,33,128,23,4,16,13,2,4,8,9,23,30,34
8,0,0,2,0,0,4,44,96,0,0,0,0,0,6,141,141,20,0,0,0,0,2,56,35,19,6,0,0,0,0,10,2,0,0,16,17,4,2,14,138,3,0,0,0,0,0,98,141,17,0,0,0,0,0,101,53,3,0,0,0,0,0,32,8,0,0,2,14,29,2,3,141,47,0,0,0,0,0,10,141,116,2,4,1,0,0,8,32,11,2,12,10,0,0,19,18,10,0,0,0,5,1,1,141,141,0,0,0,0,0,0,141,141,0,2,1,0,0,0,9,4,0,20,22,0,0,5
1,0,20,28,32,41,8,2,165,10,1,8,29,20,4,29,61,23,20,7,1,1,3,11,12,20,42,14,1,0,1,2,18,0,0,0,5,177,104,18,177,38,3,0,4,38,34,52,84,47,39,12,7,2,3,11,33,8,8,8,5,2,7,14,63,15,9,0,1,86,43,29,177,22,1,0,0,1,4,39,126,11,6,14,23,7,0,12,4,2,3,17,16,3,4,7,84,55,10,0,0,2,1,23,177,72,4,0,0,0,0,2,109,14,3,16,6,0,0,0,0,1,6,26,12,1,0,0
56,0,0,0,0,0,6,143,153,0,0,0,0,0,0,161,34,0,0,0,0,0,0,55,1,0,0,0,0,0,0,9,65,0,0,0,1,0,1,68,162,11,0,0,0,0,0,115,84,12,4,15,3,0,0,39,10,0,0,2,1,0,0,42,93,7,0,0,0,1,0,8,162,55,0,0,0,0,0,11,110,17,2,36,10,0,0,5,9,0,0,23,11,0,0,44,94,54,0,0,0,0,0,1,162,162,0,0,0,0,0,0,41,24,0,10,3,0,0,0,1,0,0,39,20,0,0,10
0,0,0,0,20,53,28,15,7,3,2,7,43,104,31,15,37,6,1,0,2,6,26,41,11,13,11,5,43,37,2,4,1,1,5,7,17,47,31,12,10,6,8,30,38,46,7,8,80,13,1,1,2,4,3,32,18,2,0,0,148,154,6,9,28,11,16,14,11,17,24,38,11,10,14,48,57,42,6,12,50,47,3,4,28,34,28,33,3,4,1,2,154,154,8,1,57,1,0,0,3,16,69,126,3,0,6,8,28,40,48,40,5,1,4,13,78,113,54,27,0,12,50,23,154,154,14,1
72,39,71,55,12,17,31,41,23,63,41,38,14,12,10,8,1,28,86,40,5,0,0,0,0,36,113,105,19,0,0,0,51,11,10,19,18,16,68,59,124,93,37,2,2,9,22,58,24,119,124,3,0,0,0,1,4,97,124,7,0,0,0,0,15,18,44,108,29,5,9,14,124,86,32,10,6,3,12,82,124,41,18,0,0,0,0,23,18,17,6,0,0,2,4,10,10,23,43,38,14,7,7,13,87,91,63,3,0,0,5,41,82,27,1,0,0,1,5,28,6,0,0,0,3,40,14,5
51,133,0,0,3,1,0,0,9,24,0,0,34,51,13,7,12,1,2,26,43,16,12,14,0,0,0,16,133,59,0,0,23,51,0,0,16,14,17,31,16,4,0,1,133,97,12,24,113,9,2,26,46,14,7,69,6,1,0,55,133,31,0,1,2,0,0,0,8,17,53,107,22,25,3,9,95,63,17,14,133,74,3,16,26,2,0,11,15,3,0,129,133,0,0,0,1,0,0,0,2,11,33,98,49,44,0,0,3,16,12,36,72,58,0,1,4,1,15,9,8,1,0,51,133,6,10,4
33,21,55,9,20,2,0,31,2,8,10,22,115,33,0,0,13,26,48,48,22,6,0,1,13,12,70,48,0,0,0,7,105,0,0,8,34,1,1,135,16,2,0,29,135,27,4,18,135,37,26,13,17,8,3,25,16,12,94,57,10,3,0,0,135,0,0,2,8,0,0,135,43,5,7,116,90,3,5,59,135,37,16,48,12,2,1,9,39,5,4,6,55,50,0,4,135,8,2,0,0,0,0,48,71,2,4,15,6,1,9,71,44,43,15,14,7,4,0,9,11,5,0,0,86,58,0,1
26,10,19,9,0,0,13,67,0,1,28,23,0,0,1,0,3,2,18,14,0,1,8,10,0,0,67,80,5,3,7,2,33,4,7,6,0,1,182,182,85,17,51,28,0,1,53,154,14,11,78,122,0,0,0,1,0,0,20,47,0,0,0,0,17,0,0,0,0,0,17,150,111,20,6,1,0,0,6,75,22,25,105,99,0,0,0,0,0,0,162,145,0,0,0,0,0,0,0,0,0,0,0,0,0,0,0,0,0,0,0,0,0,0,6,2,0,0,0,0,0,0,32,24,0,0,0,0
8,6,3,23,46,70,47,11,34,7,1,1,11,76,129,27,133,65,75,17,33,33,36,21,45,66,80,16,7,6,1,3,0,0,1,49,79,68,34,8,58,9,21,10,12,74,54,26,133,22,5,1,3,34,16,61,44,2,1,3,8,53,20,27,4,20,36,112,53,1,0,0,29,101,133,34,13,8,2,1,125,64,81,14,19,47,20,22,111,8,1,0,2,34,20,23,19,13,10,81,24,0,0,3,45,36,34,12,21,54,19,22,31,11,16,8,36,74,7,6,70,21,5,0,1,1,0,3
0,0,0,0,13,18,36,58,40,33,2,8,44,26,6,4,99,35,1,23,30,0,0,3,1,0,0,111,119,0,0,0,5,0,0,0,0,10,39,112,80,52,0,0,1,10,12,47,55,31,0,5,11,9,55,18,2,0,0,67,119,20,25,6,34,18,11,0,0,1,17,98,116,39,13,4,1,9,17,89,6,9,88,32,7,46,119,23,0,0,45,49,119,46,76,14,28,68,43,2,1,0,0,2,103,63,19,2,1,1,6,56,27,36,119,35,3,5,45,41,0,0,68,119,45,9,20,3
1,4,27,65,49,3,3,1,8,87,44,27,17,0,0,0,30,124,8,0,0,0,0,8,30,74,1,0,0,0,6,14,7,61,96,66,24,4,1,1,17,75,119,49,16,6,2,9,11,51,77,58,0,0,0,9,10,7,25,32,2,5,43,34,40,34,21,28,124,58,5,5,124,32,6,6,76,38,7,39,47,20,54,44,0,3,10,5,0,2,99,53,1,14,24,0,12,2,0,0,54,124,71,8,75,21,0,0,27,36,124,59,18,6,3,0,0,48,124,17,0,0,4,1,0,84,124,0
48,1,2,6,4,1,8,71,149,3,2,0,0,0,18,149,17,9,28,8,2,6,120,109,1,1,13,38,38,35,62,13,47,5,15,18,2,5,4,7,149,60,23,4,0,0,8,46,33,41,137,34,0,0,61,36,5,25,52,25,27,14,36,17,39,0,0,4,4,12,9,8,149,16,4,0,0,0,0,65,106,13,46,16,18,6,0,24,0,3,20,15,52,48,0,0,22,0,0,23,14,0,0,3,149,0,0,0,0,0,0,83,121,0,0,1,36,11,0,58,9,4,0,1,62,47,1,2
0,0,0,21,42,37,44,24,4,0,0,0,2,13,78,84,88,24,0,0,2,8,13,54,34,8,0,2,2,29,61,14,3,3,0,2,38,120,55,18,18,10,5,0,0,8,89,120,120,20,5,1,0,5,27,120,18,35,95,15,12,54,50,16,40,20,8,71,26,36,12,4,58,102,47,0,0,0,4,13,120,80,19,1,1,1,11,51,67,59,58,2,0,5,47,102,17,32,21,120,37,0,0,0,51,120,31,19,7,0,0,0,14,70,39,34,32,8,15,23,13,44,33,35,26,27,60,67
0,0,0,0,54,79,6,1,28,8,2,0,12,38,21,24,34,10,13,3,0,0,1,40,73,0,1,0,0,2,47,127,10,5,1,6,113,96,4,3,127,69,3,2,11,26,11,27,21,34,20,10,11,49,25,8,2,0,1,4,29,46,56,36,6,2,0,6,82,127,35,19,71,8,0,1,5,47,76,127,22,4,0,0,1,94,118,41,8,1,0,3,25,25,29,28,30,0,0,0,2,127,127,127,68,4,0,0,0,13,54,127,72,26,0,0,0,9,25,23,14,5,0,0,21,20,4,7
25,107,122,44,0,0,0,0,122,103,86,0,0,0,2,74,35,6,6,4,1,2,53,122,15,4,1,0,0,0,9,103,32,35,65,62,0,0,0,0,113,96,120,11,0,0,0,7,21,20,82,122,8,2,10,33,48,12,16,18,0,0,3,121,16,20,31,48,0,0,0,5,122,52,22,8,1,0,2,24,26,5,19,70,35,14,6,15,11,15,30,21,8,3,0,4,18,7,3,0,0,1,28,63,41,32,4,0,0,0,26,54,18,64,95,1,5,9,4,10,0,40,122,4,4,2,0,0
29,21,0,0,4,13,32,19,84,41,3,5,2,4,16,67,46,41,15,14,9,28,88,34,21,28,95,114,28,40,20,10,54,17,87,34,2,2,0,34,114,57,28,19,1,0,2,26,85,57,49,51,8,3,6,33,52,25,59,41,0,1,28,97,12,10,114,114,20,6,2,8,79,20,44,57,70,36,59,72,48,7,5,9,6,7,60,114,21,29,6,1,3,2,18,60,5,2,13,32,47,31,11,14,20,11,32,89,114,54,13,15,86,15,16,11,3,5,27,83,12,4,0,0,2,6,75,80
4,3,1,3,2,2,63,84,0,0,0,0,0,1,77,81,1,0,0,0,0,0,38,57,0,0,0,0,0,0,5,5,7,27,107,60,10,1,14,28,19,7,15,49,68,30,103,77,122,41,7,4,4,6,72,122,20,17,11,28,9,8,19,17,1,2,47,80,29,19,1,0,19,16,94,122,69,5,1,4,122,43,55,42,39,13,80,92,11,5,3,20,10,11,122,73,0,1,43,76,20,15,8,4,6,4,28,44,48,21,33,29,0,0,10,48,122,30,36,12,2,1,0,33,32,15,115,22
0,0,1,18,44,21,1,1,109,17,0,0,1,1,3,41,126,69,21,0,3,15,6,74,2,9,7,2,56,94,5,3,0,0,3,21,77,41,10,1,91,4,0,0,6,10,13,48,126,8,0,5,15,19,7,118,8,0,8,52,75,81,6,6,0,4,1,7,23,23,18,8,74,125,7,5,12,4,1,4,126,121,5,12,11,13,5,18,9,10,9,42,60,126,14,3,3,111,8,0,1,1,3,4,28,126,54,23,9,0,0,8,105,39,9,28,15,3,3,63,9,17,15,83,67,21,5,11
14,16,30,74,50,17,8,8,115,105,64,20,9,5,1,23,29,52,127,52,13,1,1,4,11,20,21,12,32,14,7,8,27,11,24,56,127,49,2,8,127,41,9,9,42,12,6,42,55,8,8,17,98,50,13,13,0,2,2,5,45,48,18,13,16,19,98,127,54,14,5,16,107,42,53,71,41,18,65,36,47,13,2,4,25,64,92,31,7,8,8,12,75,64,15,4,7,4,18,24,15,13,62,87,1,2,5,45,78,66,30,7,24,9,2,5,7,43,79,17,46,13,9,5,20,46,55,17
0,0,0,0,0,0,19,128,0,0,0,0,0,14,29,128,0,9,0,0,12,128,17,3,10,126,1,0,8,121,6,0,0,1,0,2,3,1,15,89,8,0,0,3,4,28,128,128,88,108,1,0,3,118,97,28,24,128,1,0,2,11,0,3,0,0,3,15,4,0,1,0,24,14,19,25,7,3,25,9,128,39,5,0,0,0,11,124,29,17,0,0,0,0,8,128,0,0,2,14,0,0,0,0,8,6,6,5,0,0,0,2,21,5,1,0,0,0,4,68,0,0,0,0,0,0,19,128
0,0,0,0,5,14,0,0,2,1,0,0,4,12,4,0,46,124,0,0,0,1,2,1,52,126,0,0,0,0,0,0,0,1,5,5,8,7,0,0,35,10,20,12,21,26,7,5,126,126,7,0,0,2,3,54,41,78,0,0,0,0,1,32,7,45,18,5,1,0,0,0,18,126,126,25,6,1,0,0,74,35,126,105,0,0,9,118,8,0,3,25,0,0,47,126,40,123,0,0,0,0,0,0,37,126,24,6,0,0,0,0,1,11,53,126,0,0,1,3,2,0,42,126,0,0,15,63
10,0,0,0,6,3,0,1,114,8,0,0,0,0,0,7,152,25,0,0,0,0,0,11,33,2,0,0,0,0,1,4,5,0,0,0,11,5,1,5,89,8,0,0,1,6,14,52,152,30,8,0,0,0,38,152,12,3,15,0,0,0,118,68,3,0,0,0,9,7,1,7,109,56,3,2,3,3,2,11,152,152,66,0,0,0,11,36,6,25,152,3,0,0,38,21,6,0,0,0,5,8,2,9,152,10,0,0,0,0,0,10,152,40,3,0,0,0,0,0,13,6,16,0,0,0,0,0
53,1,0,0,0,1,4,22,136,25,3,0,0,1,3,67,34,13,10,1,17,86,20,17,0,0,0,0,47,109,3,3,54,4,0,0,1,6,10,19,136,11,0,0,3,3,3,68,49,0,3,29,62,83,13,16,0,0,3,52,80,63,7,4,43,111,4,1,5,2,1,1,136,136,1,2,3,4,3,8,31,4,3,24,40,97,30,6,13,18,4,21,53,136,14,2,33,119,36,7,3,0,0,5,99,75,9,16,7,1,0,17,4,7,13,88,96,47,8,1,16,110,23,20,17,41,4,1
0,0,8,40,130,13,7,2,8,20,14,43,19,44,22,4,32,101,52,17,2,7,0,1,19,34,107,39,0,0,0,1,0,3,51,77,78,13,1,7,34,11,33,91,130,28,2,18,130,72,26,7,16,5,2,44,32,26,68,48,35,5,1,1,31,2,13,31,51,32,6,60,33,24,39,77,130,64,0,2,130,61,15,7,16,8,13,27,42,3,0,2,64,55,20,11,96,11,16,15,5,1,4,62,7,14,89,130,29,5,8,14,37,20,28,53,39,12,47,23,26,9,1,2,4,27,60,20
0,0,0,0,0,0,0,0,0,0,19,21,9,7,3,0,20,34,115,54,13,12,9,18,4,23,97,56,19,10,0,3,0,0,0,0,0,0,0,0,13,3,0,1,5,21,56,19,142,46,8,3,8,29,94,137,36,36,114,33,18,16,22,16,0,0,0,0,0,0,0,0,28,19,1,0,0,0,12,15,142,59,4,1,0,16,112,142,31,21,40,6,3,99,142,51,0,0,0,0,0,0,0,0,0,0,5,20,6,1,6,4,31,54,33,67,20,13,57,78,37,89,142,18,4,44,85,18
11,0,0,5,5,4,23,115,13,1,0,0,0,0,36,131,18,2,2,8,3,0,29,93,5,0,3,6,1,0,0,3,18,31,56,103,20,2,8,39,30,16,9,4,55,85,101,73,131,6,0,0,1,16,87,131,12,0,0,0,0,0,0,8,0,7,46,131,123,13,0,0,70,20,7,15,131,93,8,5,131,33,0,0,8,8,6,14,1,0,0,0,0,0,0,0,0,0,0,15,131,60,0,0,30,2,0,1,131,67,0,8,35,2,0,0,1,0,0,7,0,0,0,0,0,0,0,0
16,15,1,40,112,0,0,6,69,139,41,1,0,0,14,38,7,45,124,7,0,2,34,13,0,0,3,0,0,0,1,0,42,5,0,89,144,0,0,1,144,56,8,3,3,0,0,14,67,39,46,0,0,0,0,1,0,0,1,0,0,0,0,0,23,5,2,98,144,0,0,0,144,27,2,11,10,0,0,18,130,11,4,0,0,0,0,6,0,0,0,0,0,0,0,0,3,14,14,117,101,0,0,0,144,121,17,22,5,0,0,0,69,21,0,0,0,0,0,0,0,0,0,0,0,0,0,0
149,40,0,0,0,3,10,28,97,84,9,0,0,0,0,3,1,9,6,0,0,0,0,0,0,0,0,0,0,0,0,0,149,39,10,2,0,2,5,56,149,59,11,0,1,1,0,27,14,27,20,1,11,10,0,1,0,0,0,0,0,0,0,0,149,72,8,2,1,37,113,149,149,83,2,1,4,2,1,114,25,12,3,12,59,21,1,6,0,0,0,0,3,0,0,0,72,149,47,0,0,8,18,37,93,111,1,0,0,0,0,10,2,5,1,3,3,0,0,0,0,0,0,0,0,0,0,0
0,0,0,0,0,2,0,0,0,0,0,0,0,0,0,0,0,0,0,0,0,0,0,0,0,0,0,0,0,0,0,0,1,0,0,0,25,171,29,6,84,1,0,0,3,58,32,39,21,1,0,0,0,0,0,0,0,0,0,0,0,0,0,0,45,6,0,0,152,171,40,20,171,68,0,0,2,43,36,73,104,14,0,0,0,0,1,6,0,0,0,0,0,0,1,2,122,32,0,0,126,146,2,2,171,146,0,0,0,2,0,3,41,14,0,0,0,0,0,3,0,0,0,0,0,0,2,3
0,0,9,69,97,61,2,0,3,90,89,43,17,52,15,3,38,129,67,0,0,4,3,8,16,129,54,0,0,0,0,0,0,0,4,41,128,12,0,0,16,26,27,24,58,32,35,30,129,40,3,0,1,2,19,80,99,47,1,0,0,0,0,21,0,0,0,12,112,26,0,0,36,28,5,22,129,14,3,4,129,67,1,2,9,7,12,60,37,0,0,0,1,4,21,129,0,1,4,5,36,31,1,0,19,38,53,23,28,5,2,2,44,51,9,1,36,64,12,7,3,0,0,0,15,31,28,129
1,0,0,4,102,84,9,4,86,54,7,2,15,16,9,18,30,51,68,27,0,0,0,2,9,22,51,20,0,0,3,15,20,2,0,0,111,132,14,12,132,42,0,0,3,14,12,47,82,41,40,8,0,0,1,11,0,8,53,17,4,0,0,0,36,13,0,28,132,22,0,0,132,38,1,1,2,0,6,69,42,5,7,1,0,0,79,132,0,0,8,10,12,10,63,42,35,63,2,20,132,15,0,0,75,132,76,30,1,0,2,8,3,3,47,74,3,2,49,34,0,0,8,22,3,17,98,39
11,10,0,0,132,82,1,1,132,42,0,0,45,32,0,2,132,34,0,0,0,0,1,8,1,0,0,0,0,4,2,2,20,3,0,0,112,132,26,8,132,84,0,0,18,17,0,15,104,38,6,3,0,0,6,24,0,0,1,3,23,52,13,7,30,1,0,7,81,54,6,8,132,14,0,0,1,3,3,106,49,4,2,3,0,0,51,123,0,0,1,7,122,44,29,19,24,25,4,13,93,10,0,0,132,90,3,0,0,0,0,13,24,9,2,2,0,0,23,44,11,3,1,21,47,7,24,27
107,14,1,0,1,1,14,62,76,5,3,14,48,12,13,93,3,2,8,16,31,3,1,3,3,2,2,4,38,36,7,5,28,1,2,10,26,14,36,73,142,12,13,8,8,5,17,142,34,9,92,59,4,0,0,4,0,0,32,95,84,10,0,0,43,45,2,3,31,39,13,4,142,142,3,0,3,2,0,18,72,22,41,20,0,0,5,12,0,0,25,86,107,15,4,1,15,142,41,0,0,4,3,0,74,142,5,0,0,0,0,0,7,20,15,9,1,0,1,1,0,0,3,15,137,16,1,0
30,13,3,4,74,85,0,1,125,76,0,0,0,2,0,2,82,26,0,0,35,111,4,5,38,12,0,0,42,125,5,5,23,35,52,38,21,11,0,0,125,67,7,0,4,11,3,16,36,16,8,8,108,125,6,9,66,125,12,2,34,76,3,3,4,5,27,81,7,5,11,7,45,11,9,13,7,7,32,99,32,75,46,28,57,28,10,31,25,125,33,3,4,3,10,10,0,0,47,125,1,0,7,34,21,17,49,110,3,0,5,18,86,55,7,5,1,0,1,16,29,13,1,1,3,4,17,26
7,8,3,41,44,7,6,4,0,0,10,32,52,18,69,24,1,4,20,6,1,3,126,37,2,2,6,1,0,0,103,52,1,4,18,27,82,47,6,2,28,6,50,46,51,33,18,27,7,7,62,69,51,11,7,3,9,2,2,3,21,28,62,19,11,4,4,5,126,126,6,4,126,34,4,10,29,52,16,38,39,14,5,104,126,4,0,1,30,1,0,38,110,18,14,7,16,8,2,39,126,33,0,0,126,60,3,14,19,3,0,0,43,15,2,63,126,0,0,0,21,2,0,43,125,0,0,0
1,0,0,12,16,17,127,58,2,3,8,10,20,49,58,11,51,22,18,17,5,57,27,20,45,18,2,1,53,30,9,17,22,50,123,5,6,7,81,73,22,14,9,5,62,68,77,28,129,42,0,0,16,31,31,25,42,17,0,1,107,66,13,6,0,10,67,9,10,109,79,2,28,7,7,13,82,60,34,12,129,15,2,6,36,6,0,11,40,3,0,5,129,48,5,6,8,9,25,0,0,65,88,13,70,26,17,3,1,7,23,35,129,46,3,2,24,2,0,2,23,5,1,29,129,6,0,1
16,3,26,123,54,0,0,8,123,16,25,50,6,0,0,107,93,15,43,123,5,0,0,36,0,0,68,123,4,0,0,0,0,31,122,116,10,3,0,0,102,37,120,123,18,3,0,25,123,28,13,19,6,2,6,86,10,11,74,83,10,4,4,7,0,7,24,46,49,18,0,0,10,28,24,42,48,27,10,1,87,49,7,2,0,1,27,47,22,10,8,1,2,14,22,34,0,4,9,47,73,8,0,0,1,7,11,36,54,49,35,1,44,56,5,1,0,9,52,36,28,16,0,0,2,18,21,17
2,1,9,38,23,8,2,15,133,0,0,5,7,1,1,145,145,0,0,0,0,0,0,140,9,0,0,0,2,13,0,6,2,0,0,2,36,61,1,1,145,6,0,0,6,9,1,46,145,7,0,0,0,1,2,103,27,7,0,0,2,24,7,15,10,8,0,0,15,38,9,1,145,100,0,0,0,1,0,3,145,69,0,0,0,0,2,35,53,21,0,0,0,2,5,21,9,84,26,0,0,2,3,0,47,145,19,0,0,0,0,0,68,100,43,5,0,0,0,12,33,4,7,5,0,0,1,51
0,1,1,76,131,7,0,0,109,7,9,112,64,0,0,27,131,4,2,31,11,0,0,48,5,1,1,131,73,0,0,0,0,3,9,32,79,27,6,2,59,5,11,131,112,1,0,6,131,14,7,20,7,0,0,33,30,7,9,131,47,0,0,1,0,33,93,28,5,5,4,1,10,10,69,131,26,1,0,0,131,48,41,49,4,0,0,13,73,13,15,73,16,1,2,14,0,5,25,16,22,6,0,0,0,1,13,44,35,31,1,0,49,44,18,21,13,3,0,5,46,21,4,4,3,1,2,14
0,0,0,0,0,7,144,55,10,1,2,3,12,45,88,64,3,2,11,22,12,16,33,42,2,2,38,24,5,1,27,45,22,11,14,0,0,0,103,144,144,34,9,3,0,0,18,123,37,27,80,66,3,0,1,6,0,1,64,57,20,2,19,19,39,46,65,31,4,2,2,31,144,87,10,12,2,0,0,57,82,31,52,20,7,11,19,13,0,2,38,55,39,24,10,0,37,38,8,10,9,16,5,4,144,144,14,23,9,4,0,0,28,39,17,95,60,12,12,1,0,15,16,8,4,8,7,0
48,28,5,4,16,55,14,8,2,1,0,0,14,90,85,10,3,2,1,37,39,14,34,20,21,22,31,47,11,2,10,14,24,2,0,0,3,136,71,21,116,36,8,0,1,90,67,50,34,57,58,9,0,0,8,19,24,100,59,10,0,0,0,2,58,46,0,0,2,136,43,16,136,64,2,0,0,13,16,60,84,40,31,4,0,0,3,56,25,55,9,0,0,0,3,20,102,136,3,0,1,42,4,3,78,88,24,5,1,0,6,45,16,2,5,8,7,2,41,136,25,9,2,0,0,0,16,108
0,0,0,0,9,3,11,2,18,1,0,0,135,43,2,1,135,22,0,0,51,11,0,4,32,3,0,0,0,0,1,1,0,0,16,17,7,22,72,4,26,3,2,25,135,135,24,14,135,22,2,2,31,26,15,114,17,2,5,0,0,0,67,39,0,0,44,46,20,4,3,0,32,29,11,101,135,26,1,2,135,135,35,10,24,3,4,29,5,16,96,6,0,0,26,14,0,0,0,1,38,7,0,0,64,12,0,2,135,33,0,0,135,44,3,0,13,1,0,0,6,3,13,1,0,0,0,0
0,0,0,0,15,2,7,0,28,1,0,1,136,19,1,1,136,10,0,1,42,4,0,7,22,1,0,0,0,0,2,2,0,0,19,7,7,22,94,0,28,2,4,26,136,136,26,14,136,20,2,3,29,19,14,123,12,5,6,0,0,0,55,40,0,0,83,29,10,3,11,0,27,17,21,135,136,20,3,2,136,126,18,19,29,2,2,23,11,27,69,1,0,0,12,10,0,0,3,2,19,0,0,0,33,3,0,12,136,3,0,0,136,17,0,3,35,0,0,0,20,2,6,0,0,0,0,0
0,0,0,0,83,145,14,0,0,8,14,2,15,145,24,0,11,58,40,1,2,13,20,9,38,60,25,2,0,0,14,53,4,6,1,9,145,100,0,0,43,103,57,3,8,6,0,3,11,106,122,16,2,0,0,2,33,67,41,11,1,0,0,16,9,2,0,65,145,4,0,1,145,24,5,7,4,0,0,29,66,13,19,43,13,2,0,11,50,8,4,20,9,2,0,15,1,0,6,145,77,0,0,0,86,3,5,60,2,0,5,36,43,1,1,3,12,22,57,45,68,37,4,1,10,19,18,17
14,1,0,2,55,124,19,18,128,11,0,0,0,1,11,56,30,17,8,0,0,1,48,30,9,8,4,2,1,2,27,30,27,7,2,39,91,4,0,0,130,41,3,0,0,0,3,21,30,39,41,2,0,0,23,25,2,5,17,31,21,12,20,18,11,2,6,130,103,0,0,1,70,7,10,9,0,0,34,80,9,4,3,0,0,0,125,103,1,7,3,6,21,60,73,30,0,0,59,130,59,0,0,0,0,1,130,118,0,0,4,6,1,35,115,13,0,0,18,18,1,130,106,0,0,8,19,7
0,0,0,123,142,105,0,0,36,78,5,17,118,18,2,0,55,83,25,5,3,2,1,4,104,8,17,12,14,5,0,46,3,1,0,1,130,142,30,4,87,71,1,2,40,30,7,16,37,44,2,1,2,11,26,7,59,11,5,4,9,6,28,26,9,0,0,0,76,140,59,40,91,5,0,0,0,5,26,141,17,22,7,0,0,24,63,27,4,11,15,13,4,7,50,16,12,1,2,37,68,12,3,10,121,4,1,0,0,0,1,73,51,33,8,0,0,2,32,28,1,11,13,10,8,12,46,4
62,8,18,41,9,0,0,25,135,7,2,0,0,0,1,80,29,7,15,2,2,4,10,42,0,1,15,11,30,29,7,7,27,20,90,135,7,0,0,0,135,53,29,17,0,0,1,13,58,6,14,1,1,25,18,9,0,0,6,3,47,135,10,0,1,4,75,135,15,3,1,1,61,26,82,132,2,0,6,20,15,0,8,20,15,70,47,20,0,8,2,3,132,135,10,0,0,0,6,28,14,11,3,1,0,0,25,99,20,10,2,0,0,0,10,67,125,28,2,0,4,71,7,8,83,65,0,0
58,75,115,26,7,2,6,10,39,126,126,0,0,0,0,0,80,126,31,0,0,0,0,1,12,45,7,5,4,0,0,1,109,126,63,0,0,0,4,14,126,78,7,0,0,0,0,1,126,12,0,0,0,0,0,21,19,1,0,0,2,2,7,15,123,58,17,0,0,0,2,126,51,32,2,0,0,0,4,20,103,3,0,0,0,0,36,57,8,0,0,0,0,0,65,35,126,94,3,0,0,0,4,39,20,16,3,5,19,23,23,16,4,3,1,0,3,20,92,36,21,6,1,0,0,2,69,59
194,22,23,0,0,0,0,19,63,10,25,0,0,0,0,3,149,13,6,0,0,0,0,7,2,0,0,0,0,0,0,0,194,3,0,0,0,0,0,18,80,1,0,0,0,0,0,3,194,0,0,0,0,0,0,12,5,0,0,0,0,0,0,0,194,16,0,1,1,0,0,13,70,15,0,0,0,0,0,2,133,10,0,0,0,2,12,26,3,0,0,0,0,0,1,2,194,3,0,0,1,1,1,33,38,2,0,0,4,4,3,10,18,1,0,0,27,81,43,14,0,0,0,0,1,10,5,0
22,3,1,6,22,21,119,49,3,0,2,6,54,43,105,29,2,0,3,6,4,4,74,57,0,0,0,0,0,0,41,35,22,5,1,16,62,26,119,47,119,44,16,15,7,8,78,96,25,17,25,117,38,9,24,18,11,13,10,25,16,4,51,61,20,42,78,51,56,4,0,0,119,100,40,3,1,1,11,59,27,30,31,49,35,17,36,39,7,39,68,32,19,18,18,6,3,28,119,66,6,0,0,0,24,109,72,8,1,0,1,14,12,82,77,28,18,0,1,11,0,3,15,65,115,46,30,5
4,39,15,2,14,16,5,2,120,120,5,0,1,1,1,5,100,29,0,6,52,75,15,7,2,9,9,9,84,76,13,1,8,120,120,16,4,0,0,0,120,120,29,19,18,2,1,11,20,38,18,59,120,104,15,3,15,120,40,12,20,61,10,1,4,51,49,44,33,9,16,0,89,8,7,34,29,25,32,49,21,17,11,34,84,76,36,34,33,85,15,6,5,14,30,53,0,1,3,5,13,29,52,1,1,0,0,3,25,95,60,9,9,4,0,0,3,30,68,64,20,11,0,0,1,16,27,47
0,11,36,37,19,13,0,0,0,21,35,70,28,14,0,0,8,64,88,34,3,0,0,0,20,55,34,4,0,0,1,3,8,10,21,27,25,118,64,9,97,79,30,26,26,24,21,25,32,31,47,39,89,12,3,17,46,18,35,5,3,10,17,24,35,95,42,0,3,84,50,9,118,98,36,2,19,56,18,26,22,2,0,4,94,118,65,19,19,0,0,0,4,82,118,30,68,111,31,3,4,0,1,1,17,31,17,5,118,118,2,0,2,3,1,1,54,118,47,1,6,8,6,4,1,29,56,2
3,4,2,39,121,9,3,3,9,17,7,53,48,30,3,0,34,84,83,10,2,3,0,1,27,45,76,9,1,0,0,2,6,0,9,55,75,14,22,110,36,9,17,114,121,12,0,10,121,52,29,12,28,6,2,29,18,15,39,17,34,26,8,2,121,2,3,8,13,3,5,121,34,16,71,121,99,9,2,21,121,30,38,46,28,13,43,37,15,0,0,1,24,47,45,22,121,42,9,2,0,0,3,58,19,5,28,32,14,13,47,88,2,0,7,32,68,56,29,7,8,0,0,1,7,31,63,19
1,1,0,4,12,0,0,0,125,10,0,0,0,0,1,5,153,22,0,10,13,0,0,10,9,4,14,39,30,2,1,1,0,0,0,0,21,5,0,0,102,10,1,2,8,10,7,44,153,29,5,1,3,5,35,153,6,3,20,10,11,25,86,18,0,0,0,0,18,9,1,1,109,78,5,5,6,3,1,9,153,153,61,0,0,0,7,32,5,28,153,16,0,3,22,4,1,0,0,4,18,2,0,1,153,10,0,0,1,0,0,8,153,42,5,0,0,0,0,0,18,8,27,1,0,0,0,0
0,0,0,2,12,9,1,0,1,11,14,1,1,4,0,0,21,15,14,1,0,0,0,2,4,0,0,0,11,8,1,2,5,8,18,110,118,27,3,1,112,120,100,25,16,10,0,15,55,98,120,22,13,4,3,5,11,12,7,15,107,35,4,4,13,3,29,117,120,9,4,38,120,42,31,42,81,8,12,56,72,11,21,14,65,64,34,21,3,3,3,11,93,84,12,2,80,8,38,51,27,3,13,92,41,19,62,97,55,21,36,23,22,0,0,6,26,47,80,40,21,24,24,10,55,48,24,12
0,0,0,35,11,12,15,2,0,0,0,0,0,23,51,7,0,0,0,0,0,3,16,0,0,0,0,0,0,0,0,0,0,2,2,105,126,126,54,1,8,6,9,31,49,126,126,23,126,22,6,5,4,29,100,85,16,0,0,0,0,0,0,2,1,19,64,52,126,126,15,1,8,36,126,126,46,40,15,6,126,126,97,30,4,5,8,37,36,4,0,0,0,0,19,34,0,1,13,30,41,20,4,2,0,1,24,23,19,18,26,1,3,8,17,6,3,34,35,6,1,0,0,0,0,19,68,37
24,8,0,0,0,3,32,37,4,1,0,1,38,67,44,34,76,13,1,3,26,33,112,135,21,4,0,0,0,107,135,75,47,11,0,2,11,18,3,10,8,6,7,31,95,135,59,21,135,43,7,7,15,46,58,135,78,20,0,0,0,1,9,18,32,45,17,14,10,3,0,6,5,24,135,135,76,30,5,4,130,103,80,32,5,6,4,23,33,15,0,0,0,0,0,1,6,45,4,0,0,0,0,0,0,4,22,9,0,0,0,0,0,0,5,2,0,0,0,0,0,0,0,0,0,0,0,0
0,0,0,0,0,0,0,0,0,0,0,0,9,24,15,0,0,0,2,19,57,27,21,4,0,0,10,98,26,0,0,0,0,0,0,2,3,0,0,0,7,4,4,29,58,132,114,20,117,20,6,6,8,47,115,128,26,7,10,41,14,0,0,6,0,0,0,21,14,0,0,0,8,18,83,132,93,24,7,4,132,91,78,69,15,7,9,55,59,32,18,6,2,0,0,23,0,0,0,6,9,0,0,0,9,43,34,81,17,0,0,0,27,128,132,94,15,1,2,17,25,60,132,55,1,0,0,12
0,2,6,1,0,0,0,0,3,5,6,9,0,0,0,0,7,12,31,18,0,0,0,0,0,0,37,50,0,0,0,0,1,60,105,17,3,0,0,0,33,20,48,120,46,0,0,1,120,48,72,55,4,0,0,11,5,15,120,120,0,1,1,0,23,14,14,5,9,3,8,36,19,2,4,52,120,39,10,7,120,16,8,9,19,24,90,81,12,16,53,11,0,83,120,14,16,0,0,0,3,45,59,39,0,4,9,4,29,120,75,3,7,86,19,0,4,56,120,33,2,120,93,0,0,30,96,6
0,0,74,90,8,2,0,0,0,0,122,122,7,6,2,0,0,0,122,121,0,0,1,1,0,0,80,42,0,0,0,0,0,0,0,5,19,52,9,0,6,0,6,13,34,111,25,15,55,9,54,31,0,8,18,48,9,9,104,63,21,5,0,0,0,0,0,0,3,92,122,11,38,7,0,0,10,116,64,44,122,28,0,0,0,4,30,53,21,6,2,1,45,65,30,11,1,7,22,30,6,26,94,10,24,22,31,5,0,11,52,86,15,1,7,17,8,26,122,71,1,0,2,3,6,56,122,19
12,29,18,3,13,82,62,9,20,70,76,20,20,26,3,1,88,121,18,0,0,0,1,1,21,88,11,1,0,0,0,0,27,121,69,15,1,1,10,6,24,41,85,102,22,0,0,0,121,35,8,8,1,0,0,26,43,3,0,0,0,2,13,21,69,65,19,21,5,1,0,30,3,6,33,109,26,13,4,0,44,33,38,17,1,46,44,11,11,1,0,0,0,110,121,13,43,0,0,1,6,16,37,108,0,0,1,5,6,121,81,7,0,0,2,1,0,121,120,0,0,0,0,0,0,98,89,0
29,0,0,28,46,3,2,34,58,8,3,0,0,0,26,101,1,3,20,3,1,18,84,9,0,0,16,9,9,48,29,0,24,5,4,122,63,0,0,2,122,88,25,9,4,0,1,15,16,34,122,32,7,3,3,2,0,1,76,35,32,22,1,0,14,1,1,122,122,0,0,1,122,15,3,21,25,0,0,49,61,7,11,13,65,40,1,19,0,0,4,3,61,122,3,0,1,0,0,91,122,0,0,0,122,1,0,32,47,0,0,42,68,0,0,8,119,18,2,32,0,0,0,10,122,69,0,0
9,0,1,55,131,29,2,0,169,42,0,2,20,6,0,1,129,40,7,1,0,0,0,0,0,0,14,7,0,0,1,1,26,0,0,1,119,115,30,6,169,30,0,0,15,11,0,9,151,17,0,0,0,0,1,9,0,0,2,1,0,0,1,1,44,5,15,22,15,44,36,11,169,38,0,0,2,4,1,26,99,13,6,1,0,0,15,49,0,0,1,0,0,0,22,19,52,15,21,65,98,2,0,0,169,83,1,2,6,0,0,0,45,28,27,8,0,0,2,4,0,0,20,12,0,0,8,7
0,0,1,4,8,14,11,2,1,14,34,23,16,66,17,2,43,128,44,5,2,20,6,6,9,81,128,44,0,0,0,0,3,1,1,2,6,60,41,22,19,13,32,19,3,12,100,34,128,79,16,1,0,2,26,35,56,33,22,4,0,0,0,4,58,44,5,1,4,57,19,12,55,32,22,36,22,43,25,18,128,20,1,4,3,6,52,127,32,1,0,0,0,0,63,76,40,86,5,2,19,39,0,0,9,11,5,6,33,115,11,8,12,0,27,14,10,22,128,128,0,0,13,2,0,0,128,128
26,47,10,7,9,2,2,4,1,6,10,108,125,11,2,0,125,125,41,68,46,1,0,0,125,72,0,0,0,0,0,10,12,8,1,1,6,22,39,27,12,3,4,24,75,125,26,12,125,91,16,16,9,15,11,30,80,33,2,0,0,0,2,26,0,0,11,52,13,26,53,19,49,5,0,12,68,118,26,16,125,28,0,0,3,6,4,60,48,4,1,0,0,0,6,44,0,3,24,77,56,6,0,0,28,33,12,57,87,17,2,7,109,46,17,3,0,0,3,86,14,3,2,0,0,2,22,91
51,0,0,13,104,38,5,86,106,0,0,0,0,0,51,132,8,0,0,15,33,20,124,38,9,4,45,132,64,8,11,6,30,6,10,132,114,5,0,18,132,35,4,12,7,0,4,87,58,15,3,5,7,6,23,30,27,3,10,32,27,8,22,59,9,10,10,111,128,22,6,0,132,37,11,24,14,2,4,57,43,3,0,1,8,26,31,41,10,6,0,1,6,14,24,23,0,0,6,31,56,46,14,1,34,4,1,12,21,15,17,99,14,9,6,0,0,2,77,65,3,3,8,0,0,5,55,28
25,0,1,14,9,6,53,148,157,1,0,0,0,0,5,157,28,2,1,3,0,1,0,18,0,0,7,48,5,12,0,0,65,2,1,8,21,40,2,20,157,8,0,0,0,0,0,87,99,1,0,0,0,19,6,21,0,16,3,0,1,31,1,0,64,91,2,0,0,24,5,1,157,129,0,0,0,0,0,7,86,29,1,0,0,8,6,13,0,32,3,0,0,3,0,0,11,157,99,0,0,0,0,0,92,129,47,6,0,0,0,4,58,17,1,1,0,0,0,26,1,4,0,0,0,1,0,4
0,0,0,1,25,21,1,0,15,1,0,1,103,104,32,17,83,33,36,17,31,33,21,37,22,3,16,19,75,41,73,76,0,0,0,2,37,12,0,0,43,3,1,22,132,67,5,28,132,14,1,11,97,14,4,74,21,9,8,21,132,32,2,2,0,0,0,10,28,0,0,0,22,28,29,114,132,1,0,1,132,96,25,29,81,5,0,4,34,32,27,40,132,6,0,1,0,0,1,14,6,0,0,0,3,14,78,86,22,0,0,0,49,64,47,26,41,12,1,0,10,40,32,23,46,16,11,14
27,40,18,1,1,3,28,42,146,28,9,1,0,0,2,61,40,16,36,20,8,10,3,2,0,1,21,63,9,4,2,0,29,49,12,2,1,1,4,8,146,108,11,10,4,1,0,16,56,37,19,76,49,9,2,5,2,21,21,16,13,5,0,0,18,8,4,3,5,2,21,40,146,22,0,1,6,6,18,146,79,11,16,37,63,17,7,76,4,5,8,24,42,43,5,3,2,8,3,3,15,24,35,17,146,100,0,0,12,19,10,71,146,86,52,43,1,0,0,19,0,0,30,123,100,11,0,0
64,0,0,0,43,18,4,110,24,0,0,0,129,49,16,52,88,10,2,1,2,4,24,94,7,8,6,60,30,24,38,2,120,0,0,0,37,6,3,129,45,3,0,12,129,24,4,51,129,20,0,2,16,5,1,78,34,9,12,52,15,2,0,6,104,6,2,7,21,3,4,129,47,28,8,41,129,12,17,52,129,65,5,12,12,0,12,37,35,7,12,2,0,0,16,77,26,17,52,20,8,0,6,19,24,15,44,5,4,3,42,41,64,15,11,2,2,5,10,57,5,1,1,4,9,21,38,86
2,7,97,33,0,0,15,35,3,8,64,13,0,9,74,30,8,28,43,17,13,14,45,9,16,108,116,24,6,1,0,0,0,6,46,37,60,37,4,0,9,6,42,25,32,92,97,28,116,78,52,5,0,4,31,76,54,116,22,0,0,0,0,1,3,0,2,14,94,111,15,6,25,52,35,54,47,42,23,13,116,116,18,3,0,1,4,29,71,36,0,0,0,6,8,12,23,0,0,0,53,116,39,43,104,67,1,0,0,14,20,77,94,71,1,0,0,0,13,43,11,8,5,0,0,12,20,21
23,22,33,130,5,0,0,23,84,92,21,10,0,3,10,21,129,56,9,3,0,1,6,46,22,14,10,65,48,6,0,0,59,20,23,63,11,0,0,55,45,18,24,84,64,41,45,33,130,24,5,9,7,10,25,80,68,6,2,39,69,20,5,5,28,111,50,10,3,3,2,14,21,50,61,130,42,27,15,8,130,94,43,31,5,7,29,47,44,2,0,7,70,48,66,23,1,17,18,18,10,7,3,0,9,4,5,45,40,50,27,13,66,12,6,11,20,19,30,50,3,1,0,4,47,92,96,16
43,0,0,3,4,0,18,154,154,1,2,1,0,0,0,154,24,1,18,19,0,0,4,12,0,0,18,19,0,0,11,7,65,5,0,6,35,3,1,39,154,17,0,0,0,0,0,128,101,1,3,2,0,0,0,21,0,0,10,10,0,0,0,0,39,126,26,21,22,0,0,1,154,154,4,0,0,0,0,9,65,15,2,2,0,0,18,31,0,0,0,0,1,5,20,14,46,154,33,1,1,0,0,2,32,154,7,0,0,0,1,1,2,6,6,8,0,0,7,4,0,0,6,5,7,6,11,6
74,0,0,0,0,0,0,37,154,0,0,0,0,0,8,154,23,2,2,0,0,2,77,49,0,1,5,0,0,10,73,0,50,1,0,0,0,2,4,25,154,64,2,0,0,0,4,94,59,83,69,0,0,0,31,28,0,16,94,0,0,2,23,0,49,0,0,0,0,2,5,22,154,16,0,0,0,0,0,81,148,23,15,0,0,0,1,29,0,3,18,0,0,0,1,1,20,0,0,0,0,1,1,17,154,0,0,0,0,0,0,141,83,0,0,0,0,0,17,122,0,0,0,0,0,0,11,16
15,11,2,1,0,0,0,0,141,141,9,0,0,0,0,0,71,124,103,11,0,0,2,2,1,0,136,33,0,0,10,5,53,6,0,0,0,0,0,5,141,72,0,0,0,0,0,17,139,34,4,0,0,0,6,21,0,0,15,3,0,0,6,3,57,15,0,0,0,1,2,12,141,87,5,0,0,0,1,63,57,18,23,1,0,0,49,96,0,0,7,2,0,0,71,29,101,32,0,0,0,0,1,4,141,141,13,0,0,0,0,0,14,33,78,12,0,0,3,5,0,0,59,20,0,0,14,5
105,35,4,19,11,3,0,26,150,95,3,0,0,0,1,73,91,25,1,0,0,0,69,83,13,6,0,0,0,0,60,72,102,8,3,54,76,8,0,21,150,84,10,0,0,0,0,51,53,98,99,0,0,0,18,27,16,101,46,0,0,0,12,19,65,6,0,3,46,25,0,8,150,23,2,0,0,0,0,80,150,70,73,0,0,0,0,12,0,67,42,0,0,0,0,0,4,0,0,0,0,0,0,1,95,7,0,0,0,0,0,8,64,25,9,0,0,0,0,1,0,10,17,0,0,0,0,0
0,0,0,0,118,60,1,0,0,7,0,0,6,3,0,0,0,0,0,0,0,0,0,0,0,0,0,0,0,0,0,0,19,8,0,1,133,90,3,3,135,135,5,0,7,11,1,17,19,46,2,0,7,28,2,4,0,0,0,0,0,1,0,0,35,7,1,3,90,65,13,12,135,58,0,0,12,22,8,99,57,17,4,2,135,135,9,25,0,10,25,8,20,12,0,0,13,124,33,0,7,23,9,0,135,135,18,10,22,10,1,9,33,68,16,31,103,58,2,6,10,73,67,40,10,7,4,3
0,0,0,0,0,0,0,0,0,0,0,0,4,24,1,0,1,0,0,0,0,7,2,1,0,0,0,0,0,0,0,0,0,0,0,0,9,15,0,0,17,0,0,0,104,158,22,14,158,8,0,0,8,61,27,52,31,1,0,0,0,0,0,1,0,0,0,6,15,63,45,2,98,8,0,1,140,158,40,10,158,50,0,0,10,23,4,18,41,3,0,0,0,0,3,10,0,0,3,77,83,40,27,6,158,40,0,23,101,91,19,3,158,98,3,0,0,1,1,6,9,4,6,3,0,0,7,15
0,0,0,121,143,4,2,0,77,23,2,135,136,0,3,62,104,94,14,1,0,0,28,62,0,4,2,0,0,0,0,0,0,0,14,93,74,3,2,0,93,16,7,143,143,0,0,10,143,56,8,20,6,0,0,46,20,4,0,0,0,0,0,2,0,0,7,27,15,0,0,0,18,15,19,143,105,0,0,1,143,64,22,51,7,0,0,10,26,1,0,0,0,0,0,1,0,0,0,1,0,0,0,0,0,0,1,15,5,0,0,0,5,3,1,4,0,0,0,0,0,0,0,0,0,0,0,0
0,0,0,3,5,13,78,14,6,2,3,8,54,67,79,20,104,1,4,3,11,10,3,115,73,5,2,0,0,0,5,55,39,0,0,0,0,0,23,30,120,52,29,19,2,6,29,41,99,15,33,84,25,1,0,55,120,2,1,1,1,0,0,104,40,20,0,0,0,0,0,3,120,87,3,9,5,0,0,19,68,11,4,91,120,1,0,24,120,0,0,9,27,1,1,120,15,23,0,0,0,0,0,2,84,90,0,0,0,1,29,22,15,7,0,23,113,39,34,10,43,0,0,7,57,12,5,118
0,6,58,17,1,3,45,8,16,18,41,8,8,6,19,25,36,37,27,18,12,4,3,26,1,7,58,46,10,5,24,20,10,0,5,25,26,10,60,20,140,103,27,2,7,6,30,43,37,140,130,6,0,0,0,3,0,24,116,108,42,0,0,0,42,11,5,79,78,2,1,6,140,21,1,19,24,1,1,70,140,40,12,1,0,0,0,24,2,4,5,34,92,0,0,0,29,25,5,77,66,0,0,0,140,5,2,44,37,0,0,50,140,1,0,0,0,0,0,42,5,0,0,12,62,0,0,1
30,23,0,0,3,0,2,11,138,7,2,2,0,0,4,89,26,6,11,28,13,2,4,41,0,2,7,21,59,16,0,0,24,2,0,0,1,1,10,32,53,1,0,0,6,10,32,138,138,24,22,7,2,1,7,136,14,12,49,108,49,1,0,0,16,6,7,1,0,3,36,33,78,112,3,0,6,18,25,14,138,138,2,0,0,0,0,15,28,22,10,43,74,0,0,0,1,54,138,26,0,0,4,3,15,138,67,0,0,0,2,1,48,138,3,0,0,0,1,1,3,8,1,11,61,1,1,0
45,52,16,10,2,2,5,17,132,46,5,4,1,0,3,34,19,12,7,91,117,4,0,0,0,0,0,125,132,15,13,28,26,21,25,74,30,7,9,17,132,37,10,11,9,4,7,47,50,3,2,47,75,33,6,7,8,1,11,132,70,4,2,5,8,24,24,54,21,26,5,5,100,38,13,10,7,23,33,49,17,0,0,0,20,92,119,47,22,2,7,66,30,10,37,92,5,1,4,43,24,10,2,3,27,2,7,21,34,45,9,19,14,7,9,20,55,107,65,37,86,19,4,2,0,3,27,110
46,154,81,0,0,1,1,2,27,154,67,2,1,0,0,3,1,90,66,12,10,0,0,0,1,15,24,46,16,0,0,0,125,154,59,8,0,0,0,52,152,72,13,2,0,0,0,86,26,40,80,12,2,0,0,1,0,10,38,59,30,1,0,0,12,50,154,37,0,0,0,7,130,90,73,1,0,0,0,20,53,21,8,1,0,0,0,23,1,1,4,23,94,28,1,6,0,4,53,9,1,3,2,0,9,35,32,0,0,0,2,6,12,28,12,0,0,0,0,6,0,13,43,41,54,12,1,2
0,0,0,0,0,0,0,0,0,0,0,0,0,0,0,0,0,0,0,0,0,0,0,0,0,0,0,0,0,0,0,0,3,9,48,27,0,0,0,0,61,24,10,0,0,3,3,8,10,0,0,0,3,21,14,18,1,0,0,0,0,0,31,21,8,20,130,122,21,27,23,1,130,78,74,19,12,21,57,91,20,40,75,0,4,86,130,76,10,59,57,0,0,0,130,86,0,74,130,10,11,26,35,1,5,130,130,5,6,5,7,12,2,103,130,2,1,2,9,3,4,83,115,0,0,0,1,2
9,18,7,5,11,19,6,5,12,23,10,20,50,37,16,8,81,116,27,47,68,17,2,2,114,104,1,0,3,7,2,6,11,12,18,72,11,2,7,4,18,2,1,39,56,91,34,10,116,39,2,2,7,32,9,33,74,15,0,0,17,47,11,27,13,9,11,59,49,29,0,2,34,33,7,47,116,79,6,6,116,92,31,5,8,2,2,45,23,4,5,1,50,106,17,44,19,22,14,62,116,40,0,2,116,40,5,10,106,79,9,18,101,53,34,5,11,13,19,30,1,2,8,4,80,68,6,1
21,0,0,0,9,47,24,86,41,6,0,0,7,30,30,76,29,2,0,0,0,8,103,53,1,0,0,0,1,13,126,29,58,0,0,0,26,63,23,101,117,9,1,5,15,43,30,92,18,4,7,81,61,59,126,23,0,0,20,48,14,42,126,15,61,11,7,7,32,15,6,60,126,36,3,5,8,8,3,40,44,8,49,126,20,2,2,41,0,0,126,126,10,9,16,1,18,18,49,10,3,1,11,16,50,26,20,3,0,0,8,50,35,6,11,7,5,9,12,116,1,0,15,12,21,53,38,13
0,3,1,1,1,9,145,71,6,0,0,0,1,2,58,91,1,1,3,1,4,28,24,9,1,12,6,0,0,12,29,4,19,0,0,7,17,18,135,138,145,10,0,0,0,0,48,145,56,30,29,5,1,7,10,15,7,23,22,7,1,1,1,1,54,60,15,7,25,43,2,11,145,145,1,0,0,1,0,30,92,21,2,3,2,0,0,12,6,0,0,9,8,0,0,3,12,145,145,13,3,4,0,0,53,145,19,4,4,0,0,0,19,8,1,4,7,0,1,18,3,0,0,3,7,7,4,5
135,6,9,2,0,0,26,135,46,0,0,0,0,29,69,135,0,0,0,2,29,73,19,3,0,2,4,8,19,16,4,0,66,24,32,38,10,0,16,135,135,39,2,0,0,4,69,135,48,2,1,6,12,16,15,21,0,0,0,8,52,42,17,0,19,52,130,111,9,3,0,1,135,103,23,3,0,0,1,34,44,2,0,1,5,15,37,38,0,0,0,19,69,51,17,0,4,6,12,20,13,34,13,1,34,5,4,7,5,4,10,72,7,0,0,0,1,29,37,64,0,0,1,2,21,135,24,0
123,10,5,19,34,8,9,123,37,85,34,39,32,19,22,12,7,39,16,5,55,71,23,4,0,15,2,0,14,9,0,0,123,123,3,5,25,14,0,17,32,14,9,23,85,123,69,16,121,67,10,2,8,51,70,45,19,45,6,0,1,1,0,4,123,123,11,23,31,7,0,0,6,15,67,123,94,34,5,2,123,56,51,15,5,6,3,29,26,3,0,0,0,0,0,13,17,52,6,4,3,82,40,3,18,6,11,23,19,82,50,12,29,34,13,3,5,7,2,5,6,4,0,0,0,0,0,0
24,3,0,0,0,0,0,3,197,92,3,0,0,0,0,44,134,59,77,1,0,0,35,48,0,0,94,33,2,3,48,4,47,1,0,0,0,0,0,11,197,107,2,0,0,0,0,47,150,75,79,5,0,0,29,39,0,0,81,26,4,6,51,3,37,0,0,0,0,0,0,9,197,15,0,0,0,0,0,75,119,13,17,1,0,0,0,52,2,1,33,12,10,0,0,0,0,0,0,0,0,0,0,0,3,0,0,0,0,0,0,1,2,0,0,0,0,0,0,1,0,0,0,0,0,0,0,0
0,0,0,0,0,0,0,0,1,0,0,0,18,89,7,3,89,0,0,0,8,53,18,41,33,0,0,0,0,0,0,4,0,0,0,0,4,2,0,0,26,0,0,2,65,169,21,9,169,13,0,0,9,57,19,52,90,4,0,0,0,0,4,18,0,0,0,0,8,10,35,19,80,2,0,4,120,109,94,35,169,46,0,0,11,11,5,16,62,17,5,3,0,0,2,6,48,55,2,0,0,1,22,39,149,82,25,3,1,19,69,62,169,49,1,0,0,2,3,19,35,5,0,0,1,18,19,13
3,4,8,43,36,27,7,3,125,17,1,10,22,24,6,54,70,5,0,0,83,94,16,45,0,0,0,0,125,73,0,0,20,8,8,63,125,36,1,5,125,73,5,13,46,24,5,37,29,26,5,7,121,71,11,21,0,0,0,0,41,23,0,0,32,54,19,115,125,12,0,3,115,98,27,33,63,29,16,35,9,4,3,6,54,76,26,10,0,0,0,0,3,0,0,0,12,25,5,17,125,50,8,4,19,43,14,12,48,125,34,7,0,0,1,3,19,69,11,0,0,0,0,0,0,0,0,0
9,25,11,0,0,0,0,1,15,131,58,5,8,21,11,6,125,103,23,11,14,18,5,2,97,82,0,0,0,24,11,1,24,52,29,7,8,1,1,3,34,20,12,12,69,85,44,20,131,29,0,0,8,45,25,52,68,12,0,0,42,131,48,15,39,38,8,9,27,33,9,4,35,34,5,15,127,65,5,4,131,67,2,3,16,14,7,42,16,0,0,25,131,96,10,16,4,19,7,29,89,14,0,0,47,21,4,8,59,25,1,13,64,17,1,0,4,7,7,54,1,0,0,11,126,47,7,8
2,138,29,5,23,36,0,0,0,9,12,10,138,119,4,0,65,53,17,3,34,43,7,5,70,61,3,0,6,16,5,20,5,17,3,1,20,138,29,4,87,26,15,2,30,138,55,28,39,47,54,11,11,11,5,9,25,5,5,9,24,46,17,33,54,12,0,0,4,138,44,12,138,22,0,0,0,26,38,97,50,49,5,1,3,16,28,37,5,67,62,24,9,5,2,1,34,49,14,7,5,29,7,8,71,83,10,0,3,3,13,49,102,37,2,0,2,5,15,99,45,39,13,0,0,0,1,38
1,20,8,0,0,10,145,48,5,1,0,0,0,2,57,84,1,1,2,1,2,25,23,8,1,11,3,0,0,6,24,2,18,0,0,0,16,42,145,126,145,7,0,0,0,0,57,145,61,21,25,3,0,6,7,17,7,26,13,2,0,0,1,1,53,76,44,8,28,26,4,13,145,145,5,0,0,0,1,31,95,22,2,3,1,0,0,9,5,0,1,4,4,0,0,4,6,144,145,6,1,0,0,0,38,145,28,1,2,2,1,1,12,10,1,2,4,7,12,15,0,0,0,0,3,24,23,4
1,35,54,10,10,42,6,3,59,43,43,11,4,35,25,24,45,72,57,8,0,0,1,6,2,3,38,35,15,6,5,3,24,6,1,0,83,145,12,16,145,41,0,0,17,70,26,38,138,78,20,3,0,0,0,13,3,12,33,104,35,2,0,1,38,8,2,65,145,66,4,2,145,19,0,13,19,12,2,55,145,26,0,0,0,0,0,98,32,11,11,21,1,0,0,21,11,1,3,67,43,0,1,2,145,18,0,14,12,0,0,19,87,68,0,0,0,0,0,7,27,7,0,0,0,0,2,19
0,0,1,14,125,125,36,1,44,4,6,10,10,37,125,125,125,1,0,0,2,1,13,125,9,0,0,9,37,6,2,13,0,0,13,125,125,17,9,10,82,21,36,125,9,1,0,13,125,21,3,2,0,0,5,105,21,0,0,0,10,35,22,32,6,0,2,52,19,7,25,58,18,38,38,119,22,5,4,2,125,104,16,4,0,0,2,23,20,4,0,0,2,37,16,11,15,2,3,13,3,1,13,32,19,8,3,4,3,6,10,15,38,14,1,0,0,8,31,36,2,0,0,0,2,89,48,4
3,0,0,37,12,1,33,66,29,6,2,5,10,21,25,83,20,4,4,8,11,23,10,32,3,0,0,0,0,0,0,4,24,7,11,141,64,1,16,48,141,29,20,71,18,7,10,110,42,14,42,37,23,24,10,20,8,2,0,0,0,2,12,9,3,5,19,141,119,15,4,0,120,60,35,125,56,50,17,10,22,2,1,4,25,141,80,10,2,1,0,0,0,27,84,8,1,1,1,22,60,61,35,8,0,3,6,55,141,56,9,0,4,51,56,10,45,70,38,5,11,46,60,14,0,7,15,4
5,5,10,18,11,10,4,8,8,31,95,28,10,49,9,11,81,91,61,12,5,34,18,21,39,75,51,18,3,0,0,2,17,15,21,9,41,19,7,17,50,14,8,8,120,163,22,29,163,54,1,1,22,76,28,50,121,60,37,42,8,0,0,17,6,11,16,5,10,11,4,1,46,8,7,94,163,32,4,1,163,48,1,23,31,6,1,28,161,40,2,4,0,0,0,35,0,0,0,0,0,0,0,0,4,0,0,7,8,0,0,0,61,19,0,2,2,0,0,0,23,18,0,0,0,0,0,4
0,0,0,0,0,0,0,0,111,33,3,7,6,0,0,1,66,27,7,52,102,6,1,16,38,12,12,24,52,9,7,36,8,1,0,0,0,0,0,0,147,52,1,3,27,14,4,19,91,24,3,22,147,147,40,37,34,10,3,2,11,21,66,144,10,6,11,6,0,0,0,0,147,34,33,24,20,52,52,81,42,13,1,2,147,147,62,41,105,31,2,15,17,20,31,64,0,0,3,4,0,0,0,0,1,1,10,21,14,7,5,2,10,21,1,5,32,21,4,0,41,45,3,5,2,2,1,2
0,1,50,18,19,38,7,0,1,0,18,44,33,42,19,3,15,17,23,59,15,4,0,2,80,47,7,4,29,15,1,10,3,0,3,6,122,123,24,9,95,8,3,6,10,57,46,55,39,7,4,33,55,4,0,8,60,3,0,1,31,21,5,27,12,13,29,104,123,86,4,8,123,123,38,20,10,12,4,35,47,39,16,92,87,2,0,2,28,5,3,8,17,26,4,5,0,22,104,123,28,0,0,0,15,123,123,25,29,1,0,0,3,26,13,44,123,44,0,0,0,0,2,10,26,69,5,0
70,21,0,0,0,0,7,37,130,17,0,0,0,6,38,44,20,0,0,0,0,9,29,22,4,0,0,0,5,10,0,1,96,52,8,1,5,7,10,36,110,19,0,2,34,130,130,93,130,15,0,0,4,30,117,130,14,0,0,0,18,45,3,16,29,11,3,10,40,17,7,25,51,101,50,36,92,63,20,28,130,130,16,4,6,12,16,59,17,2,0,0,2,12,4,6,22,5,0,1,17,66,30,56,38,50,24,5,2,2,69,97,28,38,5,0,0,0,59,53,0,0,0,0,0,0,1,1
12,10,22,5,0,0,31,57,44,45,42,3,0,7,102,108,12,42,22,6,3,33,43,12,26,87,63,11,0,5,36,53,5,9,51,10,6,16,8,7,121,108,36,10,3,10,10,40,32,49,88,120,40,42,32,5,98,100,110,42,10,36,91,121,8,0,1,7,34,17,4,5,121,11,4,4,17,11,5,48,111,39,121,65,3,0,0,8,23,121,121,30,1,0,6,10,0,0,0,0,0,0,0,0,9,0,0,0,0,0,0,0,9,1,0,0,0,0,0,1,1,1,0,0,0,0,3,4
