0,0,0,0,0,0,0,0,0,0,0,0,0,0,0,0,1,0,0,0,0,0,0,1,0,0,0,0,0,0,0,0,2,3,23,42,2,0,0,0,8,4,1,1,0,0,0,2,12,1,0,0,0,0,0,6,4,2,0,0,0,0,0,0,1,2,82,203,195,0,0,0,9,11,3,23,21,0,0,0,6,10,1,0,0,0,0,0,5,0,0,0,0,0,0,3,0,0,32,203,203,0,0,0,6,6,153,200,49,0,0,0,0,2,136,30,0,0,1,0,2,0,38,18,0,0,2,3
119,88,0,0,0,0,0,5,119,107,0,0,0,0,0,23,119,34,0,0,0,0,0,87,90,7,0,0,0,0,0,72,119,27,0,0,0,0,0,14,119,18,0,0,0,0,8,115,119,10,0,0,0,0,3,119,119,0,0,0,0,0,0,104,31,20,0,0,0,0,0,0,84,50,0,0,0,0,0,17,119,58,0,0,0,0,0,52,119,3,0,0,0,0,0,77,0,0,0,0,0,0,0,0,18,3,0,0,0,0,0,14,69,3,0,0,0,0,0,89,111,23,1,0,0,0,0,24
119,29,0,0,0,0,0,44,127,72,0,0,0,0,0,6,127,111,0,0,0,0,0,3,118,57,0,0,0,0,0,17,127,72,0,0,0,0,0,8,127,91,0,0,0,0,0,14,127,53,0,0,0,0,3,56,71,5,0,0,0,0,1,119,114,4,0,0,0,0,0,20,127,13,0,0,0,0,1,59,68,7,0,0,0,0,20,122,84,5,0,0,0,0,3,113,7,0,0,0,0,0,0,0,51,14,0,0,0,0,0,3,70,22,0,0,0,0,0,17,69,14,0,0,0,0,0,41
1,1,1,0,0,0,0,0,37,10,0,0,0,0,0,0,22,4,0,0,0,0,0,0,6,2,0,0,0,0,0,0,4,0,0,0,0,0,0,0,49,11,0,0,0,0,0,5,16,4,0,0,0,0,5,5,14,3,0,0,0,0,1,1,2,0,0,0,0,0,5,3,14,0,0,0,0,0,13,26,2,0,0,0,0,0,46,23,18,56,15,0,0,0,18,22,4,0,0,0,0,0,17,15,10,1,0,0,1,2,6,14,5,216,20,0,2,7,15,5,9,255,255,0,0,0,4,5
8,0,0,0,0,0,0,2,0,2,3,0,0,0,0,0,0,4,11,0,0,0,0,0,0,11,22,7,1,0,0,0,32,11,1,0,0,0,0,3,20,30,14,0,0,0,0,1,2,28,57,0,0,0,0,0,0,23,38,0,0,0,0,0,9,9,17,14,0,1,6,6,63,7,1,0,0,0,0,17,20,6,7,0,0,0,0,4,0,1,4,0,0,0,0,0,3,1,255,255,0,0,3,4,37,10,165,255,0,0,0,9,20,21,20,7,0,0,0,3,0,10,30,0,0,0,0,0
101,0,0,0,0,0,0,123,104,0,0,0,0,0,7,136,29,0,0,0,0,0,49,133,0,0,0,0,0,13,60,11,78,10,0,0,0,0,0,54,136,28,0,0,0,0,0,102,136,6,0,0,0,0,6,57,1,0,0,0,1,32,32,17,70,133,0,0,0,0,0,1,136,131,0,0,0,0,0,27,74,2,0,0,0,3,6,95,0,0,0,2,25,62,16,11,93,76,0,0,0,0,2,50,49,37,0,0,0,0,6,66,6,0,0,0,0,0,17,104,0,0,0,5,17,11,28,29
126,29,0,0,0,0,0,9,126,26,0,0,0,0,0,10,44,20,0,1,9,47,15,10,0,0,0,15,42,117,17,0,126,27,0,0,0,0,0,32,126,21,0,0,4,10,1,34,29,2,0,0,42,126,24,5,0,0,0,0,65,116,34,3,126,48,1,0,0,0,0,20,126,53,1,0,25,13,1,14,11,1,3,22,126,85,8,3,2,3,5,8,51,54,15,6,126,2,0,0,0,0,0,100,96,1,0,1,19,5,1,69,3,0,1,27,126,19,0,3,1,2,2,8,60,55,0,0
79,6,0,0,0,0,0,68,27,3,6,80,8,0,0,31,0,0,14,114,47,3,0,0,0,0,1,114,102,0,0,0,71,10,0,1,0,4,13,64,114,6,0,19,14,0,5,93,11,3,0,93,114,18,0,1,0,0,0,114,114,6,0,0,79,39,12,4,1,2,2,15,114,96,7,8,4,0,0,14,26,9,2,114,80,0,0,0,0,0,0,114,94,0,0,0,91,38,1,0,0,0,0,23,114,71,4,2,1,0,0,7,11,12,6,40,69,5,0,0,0,0,0,66,95,7,0,0
25,12,60,55,1,6,30,56,22,90,109,20,0,0,0,3,7,118,31,7,17,13,0,0,0,8,17,74,64,34,0,0,118,50,4,0,5,19,16,68,118,60,92,15,5,1,1,24,4,42,50,41,118,32,1,1,0,0,0,28,77,33,0,0,118,118,0,0,1,1,0,2,118,40,2,2,7,35,36,30,10,2,4,54,80,48,51,25,2,0,11,118,42,0,0,3,118,93,0,0,0,4,4,1,24,27,0,0,25,65,18,4,12,0,1,4,5,19,20,67,6,0,15,73,1,0,7,63
19,5,0,1,24,38,22,31,23,80,63,22,14,27,48,6,4,17,77,54,32,14,32,8,2,2,10,8,16,23,50,21,54,17,11,4,6,21,10,20,142,100,58,37,11,6,1,8,20,16,87,142,142,1,0,0,0,21,135,57,31,4,5,0,37,35,61,20,0,0,0,2,142,33,13,9,21,0,0,41,61,4,20,80,142,2,0,14,0,6,55,38,51,4,0,0,32,19,10,5,0,0,6,24,142,40,4,2,5,2,1,29,58,7,13,24,116,16,1,16,0,15,36,28,27,2,0,0
119,16,14,6,3,0,1,87,76,57,95,7,0,0,0,27,6,33,119,49,0,0,0,1,0,23,80,36,5,1,0,0,108,31,83,25,1,0,0,45,119,80,15,1,0,0,1,63,35,52,109,44,5,7,10,9,0,6,101,42,3,15,8,0,48,46,74,6,0,0,0,8,119,51,29,0,0,0,13,94,23,7,4,4,4,28,99,86,0,0,2,2,3,98,63,0,64,34,17,3,0,4,23,16,15,23,19,0,0,17,61,17,4,2,0,0,0,32,119,25,0,0,0,0,0,107,82,0
32,3,1,17,52,7,1,15,43,20,25,65,24,13,7,24,121,66,33,41,10,4,6,68,69,2,2,13,93,52,16,52,24,1,1,48,93,11,2,23,121,34,35,24,7,2,1,61,56,47,121,43,0,0,2,15,15,9,56,29,13,14,19,24,10,7,40,101,52,2,0,1,121,57,48,32,2,0,0,31,121,101,70,43,0,0,0,11,0,15,112,92,2,0,0,0,31,15,28,17,17,4,0,5,98,72,67,15,0,0,0,8,118,75,16,9,2,3,17,56,0,3,34,37,6,11,26,4
73,26,1,0,0,0,0,39,127,67,0,0,0,0,0,2,123,85,0,0,0,0,0,0,78,56,0,0,0,0,0,4,127,63,0,0,0,0,0,14,127,98,0,0,0,0,0,12,127,41,0,0,0,0,0,32,57,12,0,0,0,0,2,90,127,39,0,0,0,0,0,36,127,22,0,0,0,0,0,63,99,33,1,0,0,0,0,60,55,49,1,0,0,0,0,37,127,19,0,0,0,0,0,58,127,43,0,0,0,0,0,22,102,95,1,0,0,0,0,2,39,50,2,0,0,0,0,0
103,50,0,0,0,0,0,28,91,46,1,0,0,0,2,62,103,17,1,0,0,0,2,96,115,1,0,0,0,0,0,115,115,60,0,0,0,0,0,48,115,115,13,0,0,0,0,13,60,115,22,0,0,0,0,8,89,10,0,0,0,0,0,72,115,104,0,0,0,0,0,22,115,35,0,0,0,0,0,75,67,19,3,0,0,0,0,48,21,1,0,0,0,0,2,22,90,2,0,0,0,0,0,77,79,0,0,0,0,0,11,105,48,0,0,0,0,3,49,112,1,0,0,0,0,7,74,21
40,0,0,0,0,0,0,31,159,2,0,0,0,0,3,159,74,6,0,0,0,1,26,106,16,4,3,1,3,6,9,11,47,1,0,0,0,0,0,3,159,9,0,0,0,0,0,15,159,28,0,0,0,0,0,8,44,7,2,1,2,2,2,13,38,0,0,0,0,0,0,4,159,1,0,0,0,0,0,43,159,26,0,0,0,0,0,15,29,26,6,1,0,0,0,3,14,0,0,0,0,0,1,6,159,0,0,0,0,0,0,115,137,1,0,0,0,0,0,130,21,2,0,0,0,5,11,32
65,126,2,0,0,0,0,0,60,126,4,0,0,0,0,2,37,126,16,0,0,0,0,2,118,67,6,5,0,0,0,13,126,107,1,0,0,0,0,5,121,57,5,0,0,0,0,31,126,49,1,0,0,0,0,58,113,32,0,0,0,0,0,18,37,126,33,0,0,0,0,0,26,126,65,0,0,0,0,2,88,126,7,0,0,0,0,10,68,64,0,0,0,0,0,10,48,77,7,0,0,0,0,7,20,101,12,0,0,0,0,0,30,49,1,0,0,0,0,5,73,27,0,0,0,0,0,14
117,15,0,0,0,0,6,64,17,0,0,0,0,0,91,117,0,0,0,0,0,0,117,117,1,0,0,0,0,0,66,117,55,2,0,0,0,0,31,117,17,2,0,0,0,0,79,116,40,5,0,0,0,0,27,117,5,0,0,0,0,0,43,117,89,0,0,0,0,0,8,97,95,23,0,0,0,0,6,71,105,51,0,0,0,0,1,34,9,4,0,0,0,0,3,13,36,1,0,0,0,0,15,111,111,3,0,0,0,0,2,117,30,3,0,0,0,0,20,117,0,0,0,0,0,4,22,48
101,64,4,0,0,0,0,7,115,50,3,0,0,0,0,52,115,19,0,0,0,0,0,105,99,7,0,9,4,0,0,115,113,74,0,0,0,0,0,16,87,50,4,0,0,0,0,59,115,14,1,0,0,0,0,86,115,0,0,0,0,0,0,115,115,78,0,0,0,0,0,12,71,115,34,0,0,0,0,2,56,85,22,0,0,0,0,6,115,3,0,0,0,0,0,72,87,55,0,0,0,0,0,13,115,23,2,0,0,0,0,34,17,11,4,0,0,0,0,6,62,0,0,0,0,0,0,33
0,2,10,2,1,14,41,7,1,0,5,4,4,15,58,10,15,12,10,6,0,9,39,18,1,4,10,27,23,14,49,6,5,67,94,31,11,0,1,0,15,5,33,67,132,46,23,17,132,43,10,12,17,17,22,61,27,20,14,111,120,12,1,0,38,34,28,34,30,2,7,29,28,6,10,132,132,9,3,9,132,30,8,61,29,2,2,92,44,7,3,102,73,6,6,40,32,23,17,14,7,2,8,36,9,7,8,132,55,4,5,13,83,8,13,132,41,4,2,49,56,2,8,12,6,3,13,62
40,8,4,20,26,2,5,46,35,2,2,47,133,22,10,43,131,10,1,5,14,7,9,132,10,2,2,13,18,21,30,44,133,14,3,10,26,18,4,77,30,5,2,40,133,104,5,25,133,19,3,7,36,17,5,113,58,5,4,35,43,15,5,17,100,14,5,0,19,29,19,54,16,25,24,50,133,70,9,6,133,65,18,11,10,7,32,58,25,0,0,1,10,57,100,43,6,5,43,31,1,3,7,11,1,5,46,29,10,6,4,1,6,7,45,14,0,0,15,11,1,7,17,7,0,5,29,6
111,31,19,2,0,1,29,158,2,2,28,56,24,25,31,30,3,22,72,58,15,6,1,0,6,32,88,36,5,2,0,2,158,46,0,0,0,0,21,158,111,25,9,4,4,13,30,63,7,9,14,13,34,29,20,6,12,9,9,3,8,15,78,56,158,78,0,0,0,0,0,1,130,46,8,1,2,5,7,24,3,3,11,40,67,31,9,5,0,0,0,29,35,15,32,12,158,29,0,0,0,0,0,57,74,52,11,2,1,4,2,15,1,4,15,25,52,44,1,0,0,0,0,9,51,52,0,0
2,22,97,46,11,2,2,2,12,57,98,18,10,6,18,12,22,20,29,13,21,16,30,24,1,0,1,24,100,99,32,7,1,1,3,10,23,47,93,35,17,2,0,3,17,93,104,30,80,28,16,18,14,10,42,41,2,4,11,120,120,25,7,1,0,0,0,0,0,16,120,70,56,4,0,0,4,47,52,35,120,45,10,8,14,24,29,66,4,5,7,24,120,87,35,9,3,0,0,0,0,0,33,93,64,3,0,0,0,0,15,71,105,12,0,6,20,29,27,49,0,0,0,13,120,81,27,2
1,1,0,0,0,0,0,0,3,3,0,0,0,0,0,0,24,13,0,0,0,0,0,0,77,60,22,35,31,0,0,0,1,0,0,0,0,0,0,3,7,5,0,0,0,0,0,1,61,10,0,0,0,0,1,7,166,64,15,64,33,7,12,44,1,2,7,0,0,0,2,5,4,5,23,1,0,0,2,8,16,0,12,4,0,2,8,17,104,20,2,8,12,20,105,129,1,166,166,8,0,0,0,0,0,42,166,93,0,0,0,0,0,0,166,166,7,0,0,0,94,46,5,57,13,1,4,6
0,0,3,15,128,49,1,0,65,41,11,8,27,69,33,23,74,27,6,1,2,11,6,17,5,3,9,11,19,50,27,12,3,1,1,27,128,26,4,3,128,51,9,15,56,13,3,15,50,16,0,0,7,97,11,8,1,2,0,0,48,128,29,3,25,5,17,91,95,8,10,44,53,9,17,92,57,11,21,24,9,0,0,0,34,128,36,14,16,44,5,2,100,128,0,0,106,7,8,21,33,18,8,96,0,0,2,29,128,40,16,3,1,1,0,1,51,89,36,1,29,48,3,4,32,35,1,5
45,0,0,0,55,126,89,99,52,0,0,0,44,121,126,126,14,0,0,0,49,53,19,12,0,0,0,1,22,3,0,0,9,12,27,57,88,115,85,14,126,60,12,18,4,25,104,83,105,7,0,0,4,9,9,17,0,0,0,1,19,12,4,0,53,45,34,65,55,52,4,6,126,36,12,27,25,17,2,49,78,2,0,0,2,18,14,34,0,0,0,0,2,17,18,0,28,21,14,66,54,31,1,8,126,49,17,25,12,12,1,18,61,9,0,0,1,7,3,11,0,0,0,0,1,9,8,0
8,1,1,13,98,87,11,8,134,40,4,1,18,19,11,40,58,49,3,1,21,44,45,11,15,22,7,5,26,73,72,10,25,6,0,2,134,59,2,1,134,27,1,2,35,7,3,12,66,23,10,26,100,30,10,5,34,121,17,14,20,11,12,11,21,14,0,8,134,15,0,0,134,32,0,4,14,9,32,58,32,6,1,6,23,54,128,69,61,18,2,5,4,1,17,84,13,3,1,5,63,11,0,0,45,12,3,8,12,11,13,16,33,13,11,24,41,50,51,43,134,19,4,2,1,2,9,71
3,3,20,24,6,3,30,58,7,2,8,6,3,4,141,141,7,1,0,0,5,48,141,141,120,14,0,0,8,30,84,141,1,4,20,14,5,17,30,33,17,4,18,18,23,54,26,29,95,45,17,1,0,3,25,63,24,90,60,0,0,0,28,134,1,17,73,6,1,2,3,4,7,17,118,35,5,6,2,2,121,72,48,4,0,0,5,36,42,75,40,0,0,0,101,71,3,5,11,0,0,0,1,4,4,3,20,2,0,0,1,5,4,4,11,0,0,0,7,9,1,0,0,0,0,0,50,18
46,0,0,47,106,7,0,36,127,6,0,0,0,0,0,55,81,13,1,1,0,0,0,5,6,2,6,52,14,0,0,1,43,9,7,127,127,1,0,10,127,59,7,12,4,0,0,27,65,52,22,5,2,2,2,8,3,2,4,9,12,13,3,1,8,9,13,110,127,36,1,0,127,25,14,27,15,14,11,127,30,4,2,2,2,15,64,127,0,0,0,1,5,44,55,4,0,0,0,20,82,114,31,0,9,0,0,1,13,64,46,95,14,0,0,0,0,4,62,127,18,0,0,0,0,10,54,26
8,14,22,12,6,0,0,0,13,25,26,28,6,0,0,0,100,61,22,1,0,0,14,35,14,17,64,1,0,3,123,43,67,11,4,9,1,0,0,10,60,33,18,85,17,0,0,4,123,123,70,7,0,0,0,14,21,111,123,1,0,0,2,4,68,1,0,0,0,0,0,31,92,14,31,68,12,10,13,57,123,17,10,25,12,11,8,123,75,23,14,0,0,1,1,123,8,0,0,0,0,1,3,19,19,1,0,3,6,25,71,68,117,4,0,2,6,24,33,100,96,1,0,0,0,0,1,123
59,50,7,1,1,5,7,69,84,43,35,31,24,12,8,26,125,18,10,9,5,1,24,65,18,17,5,8,2,1,35,47,97,90,15,1,0,0,0,4,125,79,84,23,12,0,0,10,30,35,85,110,40,7,26,16,29,15,12,18,8,16,60,102,76,55,2,0,0,0,0,2,125,43,7,7,0,0,0,28,54,8,26,125,38,0,0,17,3,11,36,125,52,31,10,3,70,48,16,15,0,0,0,0,125,85,5,0,0,0,0,7,74,20,13,24,11,10,0,11,1,1,20,91,81,23,0,0
0,1,0,0,6,2,0,0,12,7,7,7,76,25,2,8,55,63,130,9,14,3,1,22,13,32,125,12,1,0,0,4,0,0,0,0,11,26,34,2,36,2,0,0,93,137,15,34,137,15,5,0,6,17,9,108,29,2,12,9,15,16,0,6,1,8,27,9,34,23,31,4,73,24,1,15,137,65,4,5,137,72,0,1,7,9,1,14,29,2,0,0,23,86,2,1,0,1,11,3,17,101,63,0,82,3,2,2,48,104,26,29,137,8,0,0,2,42,12,64,6,1,2,2,8,137,12,4
15,16,62,36,4,0,5,17,3,85,122,31,7,2,16,3,8,59,122,86,2,4,20,2,66,122,33,7,0,1,4,5,33,10,16,11,9,12,57,68,10,19,13,7,5,82,122,29,95,31,9,14,3,17,122,69,52,29,5,2,1,6,22,24,17,7,3,5,35,57,42,16,52,27,20,65,32,39,42,27,122,43,3,19,13,13,16,81,25,16,3,1,7,74,34,18,13,17,86,7,8,40,17,19,27,54,115,8,18,24,21,47,58,68,61,10,35,48,20,43,12,1,0,1,11,72,75,54
15,19,18,12,126,9,2,18,40,20,26,11,2,3,21,62,52,58,34,7,11,18,15,16,9,29,32,9,39,27,2,0,19,29,27,39,126,8,20,25,36,25,59,33,15,64,42,32,126,42,11,15,13,7,6,52,17,6,4,50,126,36,9,1,39,46,80,46,44,8,22,55,15,56,126,77,4,13,11,13,126,78,76,35,12,19,4,11,19,3,1,35,126,114,3,2,72,38,12,0,0,3,6,54,40,11,19,20,5,1,3,51,17,23,57,50,11,6,1,2,1,1,28,126,58,24,0,0
106,14,1,1,6,26,18,66,128,57,0,0,0,1,6,49,110,13,0,0,0,2,4,27,6,1,0,0,2,19,22,18,128,55,7,3,5,3,2,17,128,47,0,0,0,2,0,36,69,8,0,0,3,50,37,26,47,52,0,0,1,43,55,12,128,110,40,6,3,1,10,10,128,51,4,1,3,8,30,88,46,48,18,3,8,59,13,28,106,121,5,0,0,9,5,6,10,58,74,28,28,25,8,3,53,128,33,12,18,7,21,60,54,74,18,6,4,0,1,20,84,11,1,0,0,0,0,32
87,31,4,8,5,3,2,20,126,100,45,8,1,0,0,36,9,11,46,126,40,3,1,5,0,0,47,94,13,0,0,0,112,15,9,57,11,0,0,13,126,84,9,6,1,1,1,46,20,24,14,93,91,10,2,8,0,1,19,89,30,0,0,0,51,52,31,83,15,0,0,4,126,126,24,11,1,5,8,52,16,11,14,58,45,69,19,17,0,3,23,36,13,10,0,0,10,91,113,40,0,0,0,0,40,126,39,18,9,2,0,0,1,7,24,107,42,6,0,0,0,2,29,40,7,3,0,0
61,13,7,5,0,0,26,129,25,12,57,62,31,11,16,40,2,18,43,26,29,4,0,0,2,21,27,12,10,10,1,0,57,12,41,11,0,0,14,129,129,44,31,7,14,11,34,129,19,34,129,61,17,3,0,2,0,57,96,17,1,0,0,0,30,59,111,24,0,0,0,6,129,129,34,1,0,0,0,35,58,43,47,38,12,0,0,17,0,98,59,10,1,1,0,0,13,129,59,2,0,0,1,4,26,129,63,0,0,0,0,2,17,69,31,0,0,4,19,7,1,28,19,0,0,26,31,0
18,17,4,15,62,45,60,10,0,1,9,19,131,105,25,0,1,51,48,7,40,43,20,1,25,57,19,0,0,1,2,6,13,1,0,0,12,131,131,13,73,55,36,7,50,104,95,26,7,49,131,44,7,1,3,6,4,25,72,23,0,0,0,0,25,4,2,14,42,29,28,14,94,21,3,1,0,1,52,131,52,16,28,21,3,2,40,131,6,9,50,38,32,6,9,12,0,4,70,34,10,5,1,2,6,9,78,23,0,0,11,51,54,12,27,3,0,1,28,131,83,23,25,7,6,3,11,44
1,1,0,0,3,72,68,65,19,8,2,0,0,6,92,130,3,1,1,1,8,130,130,68,2,0,2,2,3,103,103,93,23,18,4,12,16,25,12,8,75,122,53,5,1,2,23,78,9,20,49,111,23,59,54,27,0,1,43,58,7,29,35,20,48,8,5,67,32,1,0,6,130,64,12,7,2,0,0,34,24,18,19,92,69,4,0,7,0,5,33,74,17,0,0,0,18,16,15,62,21,0,0,0,130,85,16,12,2,3,4,23,15,11,9,41,35,33,9,9,1,5,17,30,7,3,0,0
15,3,0,0,0,0,81,98,6,2,3,0,0,0,22,86,0,2,4,1,1,18,31,6,0,0,0,4,16,24,45,0,23,29,73,1,0,0,96,122,122,22,10,0,8,6,20,122,15,0,0,10,74,122,66,11,0,0,3,14,11,83,122,15,9,48,122,30,5,1,0,2,116,90,45,18,18,2,0,7,16,5,39,122,116,34,2,0,0,0,122,122,14,20,29,4,5,5,11,8,21,22,1,2,51,30,3,6,12,4,1,4,9,6,19,30,24,2,0,1,3,2,67,64,1,0,0,0
3,1,0,5,8,3,40,16,21,3,1,2,25,6,9,22,14,4,0,3,60,15,12,8,19,7,0,1,1,28,42,10,8,6,3,0,0,1,124,103,88,9,0,2,28,4,55,124,11,0,0,32,124,75,55,11,0,0,10,16,15,106,124,7,17,111,124,2,0,0,36,33,120,124,41,8,9,0,6,28,13,8,46,124,86,8,2,0,0,1,124,124,16,18,16,0,13,52,87,0,0,0,0,4,4,56,36,1,0,2,1,2,0,2,27,35,2,4,4,0,0,0,53,51,17,3,0,0
8,0,1,4,17,57,33,24,15,0,2,13,9,27,21,28,28,9,27,128,16,6,9,14,0,1,7,134,92,0,1,1,58,15,0,0,17,16,8,17,48,4,0,0,72,63,11,23,134,12,5,20,41,18,8,67,11,1,2,76,134,13,0,3,18,12,9,8,48,24,4,9,51,36,0,4,83,49,4,11,134,76,0,0,36,52,5,17,8,1,0,0,134,134,0,1,0,2,5,6,38,26,35,1,24,14,2,9,20,36,46,14,38,13,0,0,6,134,104,27,0,0,0,0,39,134,13,1
12,36,57,41,24,3,1,15,18,11,121,84,1,0,0,22,0,4,121,121,1,0,0,0,13,47,121,93,1,0,0,2,16,3,22,121,56,2,1,20,110,36,17,23,4,0,0,49,12,29,103,46,0,0,0,4,1,4,121,115,0,0,0,0,3,2,64,121,8,0,7,6,85,27,24,121,6,0,0,25,41,35,17,1,0,0,0,24,7,12,27,35,0,0,0,1,7,0,9,58,9,3,48,103,9,21,19,121,44,16,22,13,33,70,47,8,1,1,0,15,4,9,61,42,3,1,1,4
2,0,7,107,25,2,0,1,121,11,6,17,2,0,0,47,129,38,7,4,1,0,0,61,9,11,11,65,40,0,0,4,0,0,8,122,65,3,1,1,92,13,19,95,8,0,0,18,129,49,6,4,0,2,4,89,20,13,8,45,38,38,10,20,8,9,34,63,19,0,1,12,20,70,80,86,4,0,0,1,127,129,34,7,0,0,1,19,9,27,35,81,15,16,4,6,3,34,129,15,0,0,0,1,5,52,129,33,0,0,0,0,52,129,47,4,3,1,0,0,5,7,12,40,31,4,0,0
10,0,0,0,1,3,31,152,140,18,0,0,5,5,17,132,74,11,0,0,0,1,26,30,33,0,0,0,0,1,19,83,63,0,0,0,4,2,3,96,152,10,0,0,0,0,0,102,102,8,2,0,0,5,17,23,12,0,0,0,4,41,26,40,68,62,3,1,7,1,0,17,152,94,0,0,0,0,0,20,75,7,0,0,7,29,21,17,17,6,3,3,31,73,23,5,21,152,39,0,0,0,0,0,114,152,8,5,1,0,0,0,10,10,5,17,20,21,5,2,22,19,8,8,14,17,3,4
0,0,0,0,6,25,4,2,40,32,0,0,2,11,5,1,84,175,38,0,0,0,1,0,3,116,150,0,0,0,0,0,0,1,1,0,1,14,16,2,128,13,0,0,0,1,2,23,175,84,3,0,0,0,0,25,51,61,40,0,0,0,0,0,0,2,16,13,7,1,1,0,140,10,1,1,2,0,0,8,175,32,0,0,0,0,0,30,90,35,7,0,0,0,0,10,0,0,1,6,21,14,0,0,108,5,0,0,3,2,0,7,175,15,0,0,0,0,0,32,100,3,0,0,0,0,0,18
23,7,0,1,2,28,118,136,61,6,4,1,0,0,70,136,88,18,1,0,1,6,6,39,8,4,1,2,41,51,3,2,54,101,6,0,0,4,24,46,136,58,0,0,0,0,8,75,136,19,0,0,0,5,10,31,2,10,15,20,12,16,6,3,18,73,39,3,6,24,11,7,136,26,1,0,0,8,13,88,136,26,1,0,0,0,0,41,17,27,14,22,20,0,0,1,8,13,37,22,56,46,11,6,136,45,25,6,3,11,11,55,135,7,0,0,0,0,1,96,29,3,0,3,26,15,11,27
1,0,0,0,21,93,51,3,0,0,9,19,28,118,77,0,5,10,27,13,8,100,67,6,10,5,6,9,7,16,27,13,3,0,0,0,25,118,118,11,64,37,44,5,26,94,49,36,10,32,96,28,65,42,5,2,6,4,4,7,30,34,23,50,14,24,87,101,31,64,56,12,118,114,50,7,20,13,18,42,24,9,4,4,118,71,0,3,0,0,0,5,102,58,12,15,15,14,71,45,0,1,58,55,25,65,57,12,45,11,3,16,1,3,1,5,118,39,0,0,2,7,13,24,47,26,0,0
77,9,0,0,4,5,3,23,119,8,0,3,9,17,5,49,5,3,17,23,35,114,87,12,11,6,32,23,4,12,116,53,119,18,1,0,0,0,3,24,119,8,0,16,38,13,2,28,12,29,32,104,119,74,30,5,41,119,56,11,5,7,37,36,80,24,41,30,0,0,0,7,108,15,1,4,9,45,55,28,51,82,20,32,35,58,39,8,83,119,30,3,0,0,0,1,5,7,20,28,6,4,15,16,10,62,26,12,13,20,17,4,33,119,15,0,0,6,29,23,35,119,17,0,0,0,9,31
0,0,1,1,2,86,43,0,0,0,0,0,0,136,136,0,0,0,8,5,3,136,136,1,0,1,32,14,5,136,136,0,0,0,0,0,3,66,30,0,11,3,1,8,33,136,103,15,113,30,44,13,5,64,62,45,8,11,118,50,19,44,14,5,0,0,0,0,2,2,0,0,14,19,14,47,30,22,4,6,121,58,11,11,4,40,33,37,9,2,2,5,25,134,39,10,0,0,0,0,0,0,0,0,1,0,0,1,0,0,6,5,7,2,0,0,2,29,72,28,16,9,1,5,8,36,37,12
1,3,0,0,0,0,0,0,0,1,0,0,0,0,2,0,0,0,0,0,0,0,1,0,0,0,0,0,0,0,0,0,36,72,22,9,2,0,0,4,8,19,23,52,36,22,35,12,133,15,5,6,3,7,26,62,133,43,0,0,0,0,0,5,123,30,7,13,4,0,3,24,41,21,60,133,35,23,5,9,133,104,42,44,10,12,4,13,133,133,0,0,0,0,0,1,68,38,31,0,2,7,7,33,44,9,4,8,15,133,32,21,133,119,1,4,5,39,10,8,133,106,0,0,0,0,0,0
10,11,8,4,8,2,16,25,7,6,4,1,7,28,42,23,128,81,0,0,6,14,2,1,78,39,0,9,62,45,7,2,1,4,25,12,11,5,36,57,35,10,20,11,15,19,16,17,128,75,0,0,0,1,0,20,59,32,11,59,64,17,12,7,11,2,7,92,34,8,87,103,108,30,2,2,4,13,43,66,128,28,0,1,4,3,1,29,52,3,2,17,79,122,57,17,13,7,64,128,12,4,5,10,128,39,51,55,0,0,1,12,128,35,0,2,5,6,12,11,33,16,15,52,111,39,20,5
7,0,0,3,71,21,18,87,0,0,0,0,87,55,62,22,30,3,0,0,1,12,118,94,72,30,4,2,2,10,18,43,3,0,0,0,21,25,68,128,11,1,0,0,101,107,43,35,128,13,0,0,4,12,14,45,96,7,0,0,1,0,3,103,14,0,0,0,0,3,23,128,45,16,0,0,21,32,40,128,128,48,0,0,3,2,4,22,25,1,0,0,0,0,19,67,27,0,0,0,1,1,2,69,128,7,0,0,0,0,2,113,114,13,0,0,0,0,10,30,5,0,0,0,0,1,17,19
3,0,0,0,0,0,6,28,65,1,0,0,0,0,0,26,114,71,24,1,2,1,7,51,45,34,32,12,20,35,47,51,17,0,0,0,0,0,3,35,108,3,0,0,0,0,2,31,149,78,20,7,11,9,2,26,23,78,94,39,54,45,13,8,14,0,0,0,0,0,0,21,106,7,0,0,0,0,1,52,149,79,20,2,0,0,0,149,66,52,122,83,7,1,1,59,1,0,0,0,0,0,0,0,16,8,3,0,0,0,0,15,83,1,1,0,0,1,3,149,59,2,2,14,6,6,50,149
1,0,0,12,23,91,32,32,22,1,0,10,48,125,38,15,13,2,15,28,26,13,7,5,15,20,39,16,6,1,0,1,5,0,3,4,125,125,13,9,125,19,0,2,39,125,15,31,54,10,3,25,29,17,8,8,69,13,8,7,3,2,10,23,14,26,23,18,125,87,3,6,125,88,43,8,29,21,8,32,27,35,27,11,13,10,26,19,14,26,66,5,2,1,17,17,4,33,55,23,93,13,0,0,2,94,117,5,1,0,0,0,2,125,113,2,0,0,1,1,0,60,125,3,1,9,3,0
2,0,0,33,122,14,4,2,3,6,4,35,81,96,28,3,1,34,66,3,20,23,1,0,0,14,113,3,0,0,0,0,0,0,6,58,113,10,0,0,19,16,10,122,122,3,0,0,122,117,90,12,8,0,0,22,29,39,122,33,0,0,0,11,3,1,4,28,56,14,9,2,16,6,3,43,122,25,0,0,122,23,1,8,22,0,0,46,89,4,13,15,0,0,0,84,9,7,1,4,54,17,6,9,13,1,0,1,122,56,0,4,122,5,0,0,8,4,0,31,66,1,0,0,0,0,0,66
3,0,0,35,82,1,0,7,0,0,0,12,125,37,0,0,28,67,2,3,60,18,0,0,73,98,1,2,1,3,2,2,3,0,0,13,87,16,56,71,14,1,0,8,125,87,9,3,125,92,0,0,19,25,2,6,57,61,4,4,4,4,1,5,0,0,0,0,11,23,125,107,31,2,0,0,82,117,112,23,125,14,0,0,8,11,7,64,94,26,6,1,0,0,4,22,6,4,0,0,0,0,26,11,32,80,35,1,0,8,30,8,125,63,35,3,2,1,1,23,98,63,0,0,0,0,0,3
0,0,0,2,104,105,0,0,97,70,2,4,63,26,0,0,132,41,7,4,0,0,0,31,40,4,32,73,5,0,0,13,17,1,0,0,89,132,3,3,132,48,0,0,8,17,1,6,132,21,0,0,0,0,0,52,82,0,1,12,9,1,0,58,48,0,0,0,38,109,5,7,132,8,0,0,0,1,0,29,132,59,0,0,0,0,0,21,68,16,0,0,4,1,4,49,46,18,0,0,0,15,1,1,132,88,0,0,0,0,0,6,102,109,0,0,1,4,1,2,7,10,0,0,2,9,9,15
4,24,13,3,6,136,26,0,6,0,1,4,6,126,56,10,107,5,2,6,30,22,20,43,6,5,10,26,47,9,3,2,0,2,7,6,12,136,36,0,37,3,2,20,58,136,51,26,136,9,7,9,22,32,20,92,21,40,57,15,22,4,4,6,11,12,16,20,21,13,4,21,53,35,10,100,136,14,2,7,136,102,8,14,13,2,4,16,26,11,12,7,0,7,30,14,9,12,2,9,18,3,7,17,38,62,16,41,72,0,4,6,125,136,27,10,4,0,0,8,4,9,44,53,0,1,3,5
123,123,0,0,0,0,0,7,67,87,16,0,0,0,0,12,4,41,31,14,46,5,0,0,0,5,63,116,123,34,0,0,123,50,5,1,0,0,8,92,123,11,1,0,0,0,2,112,55,28,36,23,18,2,0,4,13,49,123,40,18,1,1,4,29,71,107,13,0,0,3,18,123,123,24,0,0,0,0,22,79,49,12,0,0,0,0,11,32,20,29,6,1,2,36,58,9,94,55,2,0,0,0,0,18,123,17,0,0,11,25,2,5,21,6,0,0,9,56,21,1,1,1,0,1,2,16,28
10,20,0,0,0,0,0,0,62,121,0,0,0,5,10,3,38,111,20,9,5,35,52,10,36,121,16,10,5,10,4,1,48,21,0,0,0,0,2,10,82,48,0,0,0,58,77,28,121,61,0,0,0,39,69,38,109,114,0,0,0,0,32,62,12,1,0,0,1,6,19,29,52,6,0,0,5,35,34,29,121,46,13,8,0,6,24,48,20,5,17,29,0,5,121,118,14,39,13,3,3,6,4,6,63,57,21,24,7,5,2,5,121,121,44,15,0,0,0,0,7,20,121,113,0,2,8,6
124,103,0,0,0,4,43,29,34,11,0,0,0,51,124,33,122,31,0,0,0,12,44,41,55,34,0,10,29,6,4,3,41,34,20,1,0,4,107,38,77,35,15,0,0,9,78,60,124,39,1,0,1,9,11,50,37,13,0,0,23,73,42,12,8,79,117,3,0,0,3,2,27,124,112,0,0,0,0,2,103,96,68,12,3,7,15,53,9,5,9,8,47,67,39,30,40,45,8,0,0,0,0,1,48,124,17,0,0,6,6,0,7,60,50,25,11,21,18,4,4,10,28,58,52,4,2,3
2,0,7,55,57,2,5,24,51,54,28,36,11,1,1,6,55,21,0,56,121,0,0,12,0,0,8,86,110,0,0,0,48,0,1,14,13,5,4,59,18,8,8,25,42,30,15,30,83,13,5,73,76,4,8,65,3,1,6,121,117,1,0,0,86,2,3,6,3,1,1,121,29,15,63,64,19,7,2,21,116,49,32,34,22,14,9,14,12,2,2,96,121,44,4,3,121,10,0,0,0,0,0,121,51,6,13,9,8,37,30,40,7,5,6,4,15,65,103,40,10,22,37,27,59,60,16,19
5,0,8,49,74,15,36,41,6,5,1,4,17,54,118,48,55,25,23,14,22,52,88,118,80,48,58,0,0,3,30,118,2,3,3,34,118,36,2,0,66,86,33,39,35,12,13,18,76,85,110,98,23,13,15,35,118,45,9,0,0,4,72,114,3,4,21,32,79,78,2,0,103,17,9,20,20,10,8,57,22,10,22,17,8,38,45,23,25,14,3,1,0,28,72,25,0,6,18,10,45,57,9,1,55,22,13,6,14,19,19,23,41,32,68,33,6,9,5,10,32,29,58,31,2,7,1,2
0,1,6,33,95,76,22,2,0,0,2,57,91,37,33,8,31,6,11,38,7,11,22,15,94,18,4,1,1,19,41,54,13,9,8,16,116,116,83,32,115,26,9,19,16,41,86,76,16,8,9,46,23,49,19,6,13,4,3,12,14,59,62,20,8,14,42,116,100,35,10,9,64,37,19,19,23,23,79,49,19,27,25,3,8,93,60,14,21,24,62,11,2,14,14,12,1,3,18,78,116,34,0,0,5,91,78,28,34,6,8,4,9,89,116,17,0,1,2,3,15,12,73,53,0,0,1,26
0,0,0,0,0,97,49,4,132,2,0,1,14,30,30,55,35,4,7,19,81,14,2,6,6,23,23,25,15,3,1,1,15,1,1,14,52,139,44,14,141,10,1,4,14,39,26,95,75,29,58,28,38,5,2,11,2,68,94,2,1,4,5,3,26,24,7,82,141,11,1,3,141,118,5,14,16,2,2,14,79,18,15,4,0,2,32,21,9,11,5,0,0,28,36,18,23,45,12,35,85,0,1,2,141,141,20,8,6,0,0,1,13,24,48,50,1,1,5,2,2,0,9,32,1,6,10,7
21,1,0,6,34,48,14,45,30,0,0,0,0,19,83,126,7,8,20,40,20,115,113,12,2,3,27,52,16,68,95,23,9,35,30,11,26,37,8,14,37,20,18,23,36,30,59,78,126,49,69,68,6,8,23,82,21,11,126,126,4,1,3,7,45,51,16,19,11,3,7,9,25,70,64,88,45,8,9,14,126,126,26,5,1,1,7,66,30,4,51,8,0,10,62,58,11,14,5,11,7,4,15,9,8,16,7,4,1,2,40,37,64,12,3,0,0,0,13,104,18,0,0,12,15,19,32,26
0,0,10,127,16,0,0,0,0,1,81,127,8,0,0,0,1,10,127,98,0,0,0,0,0,0,92,87,0,0,0,0,0,0,0,55,61,0,0,0,22,5,15,67,98,5,0,3,127,56,127,37,5,1,0,7,15,11,127,127,5,0,0,4,0,0,0,16,49,17,0,0,22,4,0,46,107,35,1,4,127,9,1,5,8,4,16,69,19,1,6,52,13,28,80,38,0,0,0,0,16,68,38,0,2,2,3,1,36,100,11,8,21,3,3,0,3,12,34,95,19,6,10,18,6,33,61,31
5,7,1,0,4,7,13,14,41,40,0,0,1,2,7,17,42,106,66,18,9,7,0,6,3,81,122,29,14,18,0,0,10,2,0,1,28,19,12,21,122,56,0,0,1,1,4,46,122,89,16,0,0,0,11,67,94,50,54,19,12,0,0,22,26,16,2,3,10,7,15,14,122,53,8,3,3,3,27,36,112,21,8,1,0,1,70,122,122,8,0,5,19,0,1,64,34,77,21,10,4,1,2,6,42,122,90,4,1,1,3,2,55,100,113,7,0,0,4,10,122,21,7,5,4,6,6,48
126,54,0,0,0,0,0,0,138,65,0,0,0,0,0,0,138,52,0,0,0,0,0,0,138,45,0,0,0,0,0,4,81,18,0,0,0,0,0,0,138,59,0,0,0,0,0,4,138,55,0,0,0,0,0,6,138,41,2,0,0,0,0,3,7,3,0,0,0,0,0,0,120,11,0,0,0,0,0,56,138,8,0,0,0,0,0,91,138,18,1,0,0,0,0,30,0,0,0,0,0,0,0,0,18,5,0,0,0,0,0,11,138,50,0,0,0,0,0,26,110,6,0,0,0,0,0,55
17,0,0,0,1,7,49,91,103,53,4,4,9,2,7,96,17,23,4,26,100,48,0,4,5,20,7,16,62,26,1,1,34,10,23,0,0,2,17,34,132,26,6,1,4,5,2,92,50,6,2,46,106,64,3,9,4,4,3,39,54,17,8,4,9,81,132,6,0,0,0,0,132,73,125,20,24,42,18,13,24,8,1,1,33,132,37,9,8,80,18,6,11,30,10,4,4,27,54,4,5,24,21,32,2,7,44,23,81,87,9,1,6,90,76,8,21,33,12,3,5,132,23,3,12,6,2,0
1,0,0,24,42,29,5,3,109,22,1,3,23,15,1,25,93,25,0,0,2,12,43,77,0,1,4,7,55,50,26,8,4,0,0,57,126,49,3,2,126,31,0,0,10,26,9,20,49,14,0,0,0,50,72,31,7,13,12,4,6,15,92,58,6,0,0,66,126,17,2,6,75,3,0,14,14,20,46,74,36,81,3,0,0,77,95,16,23,126,70,0,0,8,40,31,0,0,0,126,90,0,0,0,10,1,2,126,16,1,5,16,51,37,0,5,0,1,27,72,22,31,6,0,0,1,126,67
0,0,1,0,0,119,119,0,0,4,16,0,0,52,119,32,8,2,6,0,0,4,119,119,5,2,0,0,0,70,119,45,5,25,34,18,1,26,25,0,63,49,77,20,1,5,8,4,18,12,94,79,0,0,6,31,6,2,21,18,0,0,16,67,16,83,56,94,35,0,0,0,119,22,11,63,36,0,0,17,46,40,59,65,0,0,0,8,3,30,119,106,5,0,2,4,30,43,14,33,94,15,0,0,48,91,24,30,74,4,0,1,39,71,4,1,2,4,14,23,38,32,22,48,15,0,5,32
7,0,0,0,5,99,121,10,31,54,11,0,9,34,11,6,47,64,37,7,3,0,0,3,137,107,6,1,1,0,0,28,37,0,0,0,0,3,11,14,137,31,1,0,0,3,2,18,74,33,8,9,23,29,4,5,137,21,0,1,3,3,2,88,28,0,0,0,0,0,0,10,110,3,0,0,0,6,19,82,94,98,0,0,2,32,26,19,137,109,0,0,0,0,0,25,8,1,0,0,0,0,0,5,79,54,0,0,0,0,2,26,125,137,0,0,0,0,2,5,74,109,0,0,0,0,0,0
55,90,16,7,2,0,1,8,55,126,63,0,0,0,2,4,29,122,86,22,0,0,0,7,34,9,21,31,10,12,5,49,126,69,6,0,0,0,2,42,96,58,7,0,1,15,62,52,126,40,21,34,2,2,15,60,18,6,21,107,42,15,0,4,81,126,7,0,0,0,0,14,80,55,36,15,2,6,11,14,126,61,5,3,4,26,14,39,15,7,1,13,59,126,8,4,72,83,4,0,0,0,0,0,21,31,37,5,0,0,2,4,47,14,8,4,19,49,29,35,3,2,0,2,51,126,14,3
61,0,0,0,4,5,8,48,56,19,3,14,62,1,1,27,69,58,9,13,16,4,1,2,0,2,3,18,49,55,8,0,35,0,0,0,0,4,54,113,127,80,13,4,11,2,3,107,25,102,20,13,46,68,3,1,0,2,5,19,102,115,4,0,64,17,25,4,0,0,8,27,127,77,2,2,3,4,1,49,38,17,2,28,127,59,2,4,5,13,8,17,94,39,2,2,23,42,127,62,2,1,0,0,127,99,30,10,5,39,30,12,9,5,0,4,36,127,32,3,2,4,5,14,37,19,10,4
50,37,7,1,3,7,3,35,89,62,3,30,66,3,3,40,1,2,4,122,122,11,4,1,0,10,33,47,12,5,5,0,51,7,7,7,14,20,6,63,122,28,1,11,19,10,3,110,23,2,16,122,122,58,4,9,3,12,94,122,14,3,1,5,101,10,0,4,25,36,6,29,122,41,0,1,14,16,27,76,16,1,1,43,122,54,15,28,22,1,8,89,22,3,2,65,71,12,0,13,33,1,0,7,103,51,1,0,1,8,7,31,9,8,1,18,83,49,4,8,13,0,1,12,32,7,1,66
64,10,3,13,1,1,6,25,46,24,7,15,34,16,0,12,2,0,11,79,118,9,0,2,36,6,0,16,20,0,0,34,31,1,14,85,1,0,9,53,107,22,21,27,12,0,1,75,13,10,30,108,118,12,0,0,38,33,7,45,51,3,3,6,3,2,2,24,3,10,96,97,118,26,5,16,11,2,55,118,31,6,15,118,91,5,3,41,5,2,17,118,40,5,3,4,0,0,0,0,2,55,65,18,51,3,0,0,0,3,57,118,98,4,5,17,47,17,8,118,3,1,2,20,111,44,3,2
1,6,7,6,79,53,13,0,10,10,31,12,9,24,16,29,123,41,3,2,3,1,2,110,64,21,2,57,123,7,4,40,9,9,5,30,69,27,3,6,24,10,18,12,37,114,17,15,123,77,0,2,8,25,11,74,118,39,1,19,69,65,11,31,3,4,1,41,67,6,0,0,40,6,0,28,123,42,4,4,123,53,0,2,6,5,11,81,43,21,1,17,65,34,27,51,2,4,5,33,42,0,0,0,36,17,1,38,123,5,0,0,123,107,1,1,5,9,2,9,19,31,4,3,27,68,10,4
55,27,0,0,58,120,0,1,127,45,0,0,0,4,3,30,25,3,1,0,3,9,14,21,54,22,2,0,1,2,6,21,101,70,9,1,55,34,1,3,127,55,1,0,0,0,0,25,44,14,0,0,11,40,5,12,127,35,0,0,4,13,4,12,23,127,63,12,20,11,10,8,101,42,10,7,12,7,3,42,27,127,46,1,7,19,2,15,37,127,74,14,11,4,0,1,11,19,14,5,7,13,46,24,127,119,9,0,5,10,10,7,73,127,40,0,0,0,0,16,10,91,34,11,66,50,1,5
15,9,0,0,0,0,0,1,14,0,0,0,0,0,0,3,5,1,0,0,2,1,2,7,73,45,0,0,0,0,1,26,7,6,0,0,0,0,0,1,15,0,0,0,0,0,0,6,17,14,0,2,3,0,2,3,203,203,0,0,0,0,0,2,7,0,0,0,0,0,0,2,3,0,0,0,0,0,5,7,92,19,0,0,0,0,9,6,203,203,0,0,0,0,0,0,5,1,0,0,0,0,0,0,0,0,0,0,0,0,1,0,132,7,0,0,0,0,0,3,203,135,0,0,0,0,0,2
12,16,16,19,11,8,0,0,118,118,11,6,2,1,0,1,26,56,52,118,68,3,1,0,0,47,118,59,14,0,0,0,38,42,36,61,14,4,0,0,118,107,7,6,3,1,5,22,41,40,26,54,41,5,10,14,22,39,43,43,82,8,0,11,17,31,58,98,37,9,1,1,73,9,9,25,27,12,79,78,13,1,1,13,10,9,118,96,55,1,1,62,53,2,44,115,5,22,18,14,46,50,42,13,2,5,13,26,61,26,28,8,3,9,6,22,38,18,80,32,81,3,1,13,17,4,25,118
37,6,43,49,31,31,36,25,0,6,42,31,113,55,3,0,0,5,96,28,19,20,12,4,0,9,61,13,11,2,1,1,13,2,1,7,15,55,72,24,72,85,78,10,24,30,14,13,7,50,124,31,7,13,7,1,0,8,124,53,30,59,11,0,55,3,3,11,11,48,32,31,124,24,5,2,3,14,10,46,26,30,30,30,24,56,15,7,0,1,10,111,92,117,19,0,45,57,7,8,2,16,17,27,124,124,9,2,3,32,3,24,10,53,16,10,6,114,47,5,0,1,4,69,94,46,39,3
0,0,0,0,0,8,148,121,4,0,0,0,0,0,148,148,22,11,3,3,2,20,84,148,1,2,2,7,8,57,46,10,0,0,2,4,3,11,44,21,74,5,7,5,1,1,48,148,148,101,23,0,0,3,31,148,14,82,81,0,0,9,20,6,3,1,4,3,0,1,7,10,59,13,18,5,0,0,0,10,148,94,12,0,0,0,0,8,13,55,49,0,0,0,0,0,0,0,0,0,0,0,0,0,0,0,0,0,0,0,0,0,0,0,0,0,0,0,0,0,0,0,0,0,0,0,0,0
14,0,0,0,0,0,126,111,78,1,0,0,0,0,92,128,87,0,0,0,0,0,6,128,3,0,2,14,7,4,14,70,22,25,10,0,0,0,30,20,128,98,2,0,0,0,9,65,128,34,0,0,0,0,2,112,11,0,0,0,0,7,33,128,12,13,18,4,2,1,0,3,128,31,6,2,2,1,1,128,61,6,0,0,0,0,12,128,5,0,0,0,0,2,22,62,0,0,0,0,0,0,0,0,46,37,0,0,0,1,1,33,50,6,0,0,0,0,8,128,50,0,0,0,0,0,0,64
0,0,0,0,0,0,0,0,0,2,2,0,0,0,0,0,94,4,3,0,0,0,0,15,187,44,13,11,0,0,0,27,1,3,1,3,1,0,0,0,4,18,8,0,0,0,0,0,146,8,12,1,0,0,0,25,187,43,10,14,0,0,0,183,0,6,14,8,0,0,0,0,5,19,8,0,0,0,0,0,39,5,7,2,0,0,0,20,187,2,0,0,0,0,0,187,0,6,11,0,0,0,0,0,0,4,15,0,0,0,0,0,5,8,9,0,0,0,0,0,187,5,0,0,0,0,0,106
0,0,0,0,0,0,0,0,0,0,0,0,0,0,0,0,2,2,7,10,0,0,0,0,0,14,27,26,0,0,0,0,1,5,16,15,0,0,0,1,81,11,11,0,0,0,2,36,148,76,62,71,5,0,0,24,15,119,133,148,17,0,0,1,1,8,71,56,12,1,2,4,145,26,29,15,21,8,1,8,148,35,6,11,8,1,2,47,53,42,39,88,29,3,3,19,30,9,24,39,8,1,4,52,65,30,94,61,11,2,0,7,148,20,26,5,0,2,16,126,27,3,8,19,3,31,131,55
0,3,13,0,0,0,0,1,49,134,49,0,0,0,0,6,74,147,32,0,0,0,0,0,82,147,12,0,0,0,0,0,13,0,0,0,0,0,1,14,147,32,1,0,0,0,2,47,147,44,0,0,0,0,0,11,147,13,0,0,0,0,3,51,31,1,0,0,0,0,0,2,147,6,0,0,0,0,0,20,147,1,0,0,0,0,3,42,41,0,0,0,0,0,38,140,9,8,0,0,0,0,0,0,147,35,2,0,0,0,0,22,104,0,0,0,0,0,1,34,43,0,0,0,0,0,5,18
87,4,0,0,0,0,0,9,130,9,0,0,0,0,0,16,130,17,0,0,0,0,0,21,122,14,0,0,0,0,0,28,130,26,0,0,0,0,0,6,130,11,0,0,0,0,0,77,130,17,0,0,0,0,0,71,130,62,0,0,0,0,0,12,83,45,0,0,0,0,0,1,130,85,0,0,0,0,0,9,130,78,0,0,0,0,0,7,130,74,0,0,0,0,0,2,3,5,0,0,0,0,0,0,65,16,0,0,0,0,0,0,130,20,0,0,0,0,0,14,130,13,0,0,0,0,0,36
124,48,0,0,0,0,0,6,124,23,0,0,0,0,0,33,88,27,0,0,0,0,0,54,97,42,0,0,0,0,0,5,124,124,0,0,0,0,0,3,124,75,0,0,0,0,0,10,118,92,0,0,0,0,0,21,112,35,0,0,0,0,0,23,47,100,1,0,0,0,0,1,124,20,0,0,0,0,2,61,88,12,0,0,0,0,15,115,124,18,0,0,0,0,0,45,11,8,1,0,0,0,0,0,105,33,1,0,0,0,0,11,94,87,0,0,0,0,1,19,109,43,0,0,0,0,0,16
121,24,0,0,0,0,0,27,115,46,0,0,0,0,3,37,104,7,0,0,0,0,0,76,107,7,0,0,0,0,0,40,121,12,0,0,0,0,2,83,66,5,0,0,0,0,42,121,121,15,0,0,0,0,5,111,121,16,0,0,0,0,0,39,92,9,0,0,0,0,0,35,121,67,0,0,0,0,4,37,121,63,0,0,0,0,0,42,86,5,0,0,0,0,1,98,35,47,2,0,0,0,0,2,121,36,0,0,0,0,1,36,69,6,0,0,0,0,0,92,11,0,0,0,0,1,35,90
0,0,0,0,0,0,0,1,31,17,0,0,0,0,0,1,157,157,0,0,0,0,0,0,95,112,0,0,0,0,0,0,0,0,0,0,0,1,0,0,111,15,0,0,0,0,0,2,157,96,0,0,0,0,0,8,113,69,1,0,0,0,0,6,0,0,0,0,0,1,0,0,126,0,0,0,0,0,0,10,157,1,0,0,0,0,0,95,100,2,0,0,0,0,12,99,0,0,0,0,0,0,0,0,58,0,0,0,0,0,0,15,157,3,0,0,0,0,0,105,60,1,0,0,0,0,12,107
2,3,6,37,101,18,44,42,42,1,5,14,21,9,31,127,5,0,2,43,127,25,7,22,10,1,0,11,90,22,1,2,6,1,1,73,127,2,2,4,127,7,0,15,62,6,6,69,42,0,1,9,98,39,5,18,14,17,17,64,77,6,0,0,3,3,12,127,127,14,2,0,127,63,44,62,51,5,1,3,35,24,10,21,44,28,0,3,13,52,57,33,4,1,0,0,0,0,6,37,58,119,27,0,1,21,32,28,14,39,121,25,11,25,12,26,8,3,73,42,17,42,22,0,0,0,7,31
1,0,0,0,0,62,128,34,26,1,1,0,0,3,56,128,11,6,23,1,0,1,0,9,0,0,27,4,0,11,3,0,28,20,67,49,32,99,79,34,128,50,16,4,1,5,34,128,74,8,4,0,0,56,37,18,0,0,2,0,3,92,52,0,20,54,128,128,24,29,20,5,127,65,80,67,20,24,19,22,25,1,0,1,8,118,90,18,26,3,0,4,4,36,50,16,8,10,13,55,62,82,50,6,11,27,15,29,41,33,12,2,5,1,1,24,72,26,9,8,55,2,0,1,2,2,3,36
0,2,5,5,25,111,91,7,67,19,15,5,22,70,33,88,45,35,64,0,0,0,30,82,22,43,37,2,3,13,25,51,7,10,7,53,70,85,57,3,111,59,3,3,0,13,20,47,111,19,0,0,0,0,17,63,74,31,0,1,46,23,7,19,4,4,14,83,66,12,0,1,57,18,18,20,5,0,25,80,111,5,2,0,0,0,55,111,107,7,0,0,75,73,11,41,0,1,101,83,6,1,0,0,1,2,107,93,1,0,2,5,51,7,35,31,0,0,17,58,18,2,11,3,19,63,60,53
27,10,40,31,34,32,10,30,46,1,0,0,8,28,41,124,3,2,0,4,117,107,12,11,20,49,3,2,28,29,3,1,17,1,2,4,82,124,15,21,124,12,1,4,10,25,16,90,33,9,3,54,124,29,3,8,27,20,2,11,22,15,27,13,28,87,2,0,45,124,2,4,124,100,0,0,4,22,17,25,24,1,0,6,86,124,19,9,0,0,0,0,20,81,61,4,8,124,18,7,8,16,4,0,16,49,0,0,3,60,25,4,0,0,0,0,32,124,19,1,4,12,1,0,7,65,22,1
116,26,0,3,20,10,25,24,33,53,14,15,26,13,29,26,10,24,19,70,94,7,2,3,116,116,30,21,15,2,1,8,51,15,5,16,16,21,57,43,116,29,3,8,25,15,37,92,84,12,3,15,116,66,4,28,116,50,8,3,6,7,12,61,50,52,47,41,6,1,0,2,116,57,25,17,24,38,11,24,102,37,10,12,108,116,7,20,116,35,2,6,14,10,27,29,42,81,43,29,0,0,0,0,6,5,44,81,6,5,3,5,16,16,32,41,14,5,4,10,20,8,11,5,0,2,54,36
0,1,11,5,3,15,51,8,9,4,3,4,3,5,73,35,1,1,2,8,36,36,97,19,4,0,0,15,104,28,24,8,7,17,51,66,108,12,7,6,112,44,9,37,64,14,13,32,23,18,14,94,112,34,28,12,12,17,15,25,43,18,27,28,12,11,21,98,104,3,3,11,112,22,8,95,68,3,1,47,40,13,35,112,100,7,2,30,11,48,84,81,56,4,1,9,0,7,42,87,112,35,1,0,31,2,3,27,78,65,29,70,30,10,6,13,27,36,16,78,25,30,16,26,63,20,3,13
0,0,0,24,8,45,68,2,13,12,13,27,11,20,29,11,8,25,17,13,2,1,13,18,5,7,8,52,12,1,4,12,24,4,6,15,38,88,110,20,121,66,21,18,2,7,42,46,30,65,50,121,23,5,6,10,6,64,77,25,3,0,1,4,23,14,35,121,33,5,2,2,121,28,12,11,4,6,65,112,107,42,11,23,18,16,82,89,38,61,42,37,2,0,1,2,0,0,11,121,9,0,0,0,17,6,36,109,17,8,42,37,121,18,17,5,0,3,42,93,48,6,3,5,1,21,121,28
1,4,22,5,2,1,0,0,4,1,15,17,6,19,7,4,26,45,60,21,0,2,4,6,0,8,45,86,8,0,0,0,36,7,7,3,32,31,12,31,40,5,4,7,76,118,30,30,136,54,16,14,14,9,14,54,21,17,23,81,122,3,0,1,45,10,1,0,26,69,16,28,47,46,21,14,56,57,7,25,136,76,8,2,19,7,5,55,36,16,12,13,101,21,4,18,3,53,136,23,6,34,20,2,14,8,136,106,5,14,20,61,42,7,7,28,11,7,91,136,17,10,2,1,22,15,61,110
5,7,1,8,87,47,58,17,16,12,10,8,13,30,135,32,105,25,71,101,28,13,19,22,41,17,87,150,9,2,0,20,5,6,4,29,114,32,13,6,44,15,10,26,27,37,45,22,150,16,14,17,2,9,9,41,66,8,34,150,14,0,0,11,6,26,11,40,35,11,10,1,39,37,22,74,56,7,5,2,150,76,9,5,1,1,1,23,93,1,7,30,1,9,10,39,20,9,1,18,34,2,1,15,42,35,14,20,37,7,2,17,89,55,5,0,0,1,14,53,24,1,0,0,1,20,74,49
1,0,4,19,3,1,3,1,8,12,1,7,3,8,5,3,40,144,28,0,1,5,1,0,12,144,144,0,0,0,0,0,3,0,0,6,6,4,13,6,65,17,0,7,10,2,1,4,144,144,1,0,0,0,0,9,133,117,17,0,0,0,12,22,3,0,0,17,11,1,3,2,74,5,0,1,5,2,8,15,144,5,0,0,0,1,25,132,58,5,1,0,0,26,144,75,0,4,8,16,8,0,0,0,20,25,30,8,1,0,1,5,104,47,8,1,0,1,16,60,13,121,49,0,0,13,58,16
79,0,0,0,0,0,3,112,114,22,2,0,0,0,0,43,95,35,4,0,0,0,0,2,87,18,1,3,0,0,0,9,135,7,0,0,0,0,0,26,135,43,16,1,0,0,0,23,85,74,58,9,0,0,0,1,71,83,16,4,3,0,0,0,135,45,0,0,0,0,0,3,135,75,2,0,0,0,0,31,115,44,25,4,0,0,0,42,68,39,5,3,11,9,3,12,135,78,0,0,0,0,0,0,131,135,12,0,0,0,0,1,56,61,27,0,0,0,0,17,34,19,4,3,3,2,1,10
53,14,0,0,0,0,0,2,65,42,14,34,6,1,0,5,74,138,29,26,5,0,0,0,28,96,138,30,0,0,0,0,39,1,0,0,0,0,4,35,65,7,2,7,4,8,66,102,138,39,2,5,3,5,20,42,138,46,40,3,0,0,0,20,1,1,4,18,1,0,4,7,71,63,0,0,0,0,25,35,138,68,0,0,0,0,4,32,138,3,0,0,1,12,6,43,6,3,6,98,21,0,0,0,126,68,0,6,2,0,0,1,138,76,0,0,0,0,0,8,96,6,0,0,11,27,20,32
48,27,26,30,28,36,11,46,110,36,2,4,3,4,48,134,6,2,4,32,28,21,55,42,0,1,7,85,43,9,12,4,18,2,0,5,74,72,12,25,134,52,1,2,11,5,22,134,58,23,1,8,82,60,90,43,2,5,3,14,25,62,134,22,14,22,24,74,44,3,0,0,134,82,15,5,8,1,1,47,63,7,2,42,134,36,15,34,12,23,10,33,53,26,43,10,17,10,9,39,53,21,3,10,108,47,4,1,7,12,10,25,23,15,4,11,36,54,36,11,2,6,11,59,37,10,6,1
0,0,19,14,5,13,27,4,2,1,10,5,47,78,31,6,126,58,0,0,31,66,11,21,95,22,7,4,5,36,4,5,0,0,15,10,9,96,119,0,26,5,22,13,31,126,126,9,126,56,3,1,14,55,35,45,43,12,1,2,3,126,67,10,0,19,96,37,24,40,25,0,16,34,126,55,3,23,28,4,112,87,60,37,14,35,20,25,13,5,9,41,22,81,31,11,4,9,22,20,28,49,27,8,51,62,23,9,2,13,36,23,21,72,26,44,26,0,0,0,3,23,28,72,49,1,5,4
35,10,1,0,51,48,12,17,88,9,1,0,30,40,37,64,89,10,12,1,0,9,6,31,3,0,17,3,0,5,9,6,14,8,3,9,72,123,4,2,123,45,0,1,24,55,6,21,107,34,0,0,14,48,10,12,34,23,0,0,2,12,7,10,24,12,90,116,60,42,6,7,123,21,83,93,4,10,11,85,70,23,1,6,5,11,22,123,26,34,1,0,1,0,0,9,123,16,50,35,0,3,4,40,23,7,91,123,1,0,2,18,62,15,79,103,2,0,3,82,22,3,4,3,2,1,7,59
3,0,0,12,19,71,21,2,6,23,45,48,15,30,60,38,13,53,25,3,2,2,12,29,1,1,2,5,51,59,20,3,8,0,0,0,67,134,36,8,134,21,1,0,10,62,65,75,52,21,10,19,7,10,20,35,0,2,17,49,88,81,11,2,32,3,0,0,73,130,55,14,134,18,0,0,12,14,5,33,72,6,4,16,5,29,44,27,0,0,20,54,17,45,58,0,21,2,0,0,1,16,60,66,99,6,0,0,0,2,70,134,11,0,0,0,1,71,134,32,0,0,0,0,1,65,134,9
99,19,0,2,2,3,33,47,135,39,8,1,0,0,1,23,45,15,66,24,4,14,10,10,8,40,61,42,8,8,2,1,135,123,0,0,0,0,1,5,135,55,0,0,1,9,5,26,49,1,0,0,21,114,74,51,29,18,1,0,4,15,52,124,135,45,0,1,0,0,0,12,129,23,0,0,3,12,37,58,9,5,14,31,68,78,47,41,63,51,19,12,6,6,34,128,135,13,2,0,1,0,0,24,46,12,14,20,0,1,14,30,15,10,13,12,1,0,7,36,43,36,11,3,0,3,5,19
0,0,0,0,14,148,26,0,0,0,0,0,0,104,51,0,2,9,2,1,4,61,27,0,20,148,14,0,0,18,7,0,0,0,0,3,87,95,2,0,10,3,3,1,2,23,10,3,47,43,16,3,2,4,1,1,148,148,13,3,3,0,0,1,0,0,1,77,102,5,0,0,18,4,5,17,2,0,0,4,87,7,1,0,0,1,2,25,148,30,0,4,5,0,0,109,0,0,20,139,39,0,0,0,1,1,42,88,0,0,0,0,18,0,14,23,1,1,0,16,130,0,2,2,0,0,4,148
3,13,113,7,0,2,12,12,2,7,116,39,0,5,7,5,3,4,116,36,0,0,6,15,3,5,82,11,3,5,3,12,62,23,17,20,18,22,48,70,30,5,20,10,49,94,71,47,99,13,68,12,2,9,36,91,10,3,107,18,0,2,4,2,33,38,25,64,48,54,3,3,90,23,0,0,90,116,13,14,116,73,0,0,6,29,9,29,30,10,1,0,3,29,21,14,8,2,15,57,83,54,27,7,103,23,72,98,34,67,4,19,116,30,6,10,4,16,15,90,27,45,1,0,4,11,2,9
0,23,21,26,64,112,8,0,2,106,112,6,8,57,6,1,71,112,87,4,2,6,5,17,31,29,55,89,10,2,2,3,9,27,68,57,28,4,2,37,7,67,50,19,62,100,29,9,112,35,12,3,5,33,36,54,76,34,14,32,7,0,0,5,8,0,4,3,10,3,38,112,7,9,40,87,74,25,22,49,112,34,33,29,13,11,4,53,112,16,4,7,4,8,17,47,4,3,1,0,2,13,29,81,8,6,4,6,6,12,22,108,73,5,4,5,15,28,13,35,56,0,0,0,15,88,78,33
6,6,2,2,1,0,0,0,32,128,23,3,0,1,0,0,7,128,128,16,16,9,0,0,7,39,109,9,5,3,0,0,25,5,0,20,6,0,0,1,128,128,1,1,10,1,0,11,58,89,17,15,119,50,0,4,24,37,13,6,14,15,2,3,22,1,7,126,18,0,0,3,128,10,6,11,7,2,3,128,53,15,20,26,58,8,7,83,4,28,39,29,16,5,1,1,1,0,29,128,19,0,0,0,58,3,29,81,2,0,0,69,68,1,3,5,1,0,8,128,17,19,23,9,0,0,14,65
62,63,17,5,0,2,5,12,1,3,29,54,34,23,15,5,17,113,80,38,31,4,9,11,12,72,16,12,17,2,0,0,19,27,15,2,14,21,4,17,13,1,4,6,62,124,50,25,124,18,11,2,3,28,44,118,22,6,1,1,48,13,5,10,2,0,0,0,32,53,61,80,55,25,0,2,124,124,16,11,124,51,0,0,5,10,32,52,15,0,0,0,27,47,65,13,2,0,0,4,27,34,95,35,17,5,0,3,29,59,120,30,37,6,0,0,0,1,124,99,0,0,0,0,4,57,124,8
2,73,95,14,4,0,0,2,33,113,71,20,10,0,1,16,80,101,73,1,1,0,0,24,4,12,121,30,1,0,0,0,3,121,113,26,8,0,0,0,40,19,49,121,121,0,1,18,121,21,7,13,14,0,1,52,32,6,20,17,20,18,2,4,49,49,17,16,3,0,0,18,9,17,53,121,57,2,0,1,113,92,63,45,7,10,20,7,20,13,4,15,31,13,24,6,87,2,0,0,0,0,0,100,5,1,8,24,51,33,2,11,15,6,12,8,64,91,59,47,33,5,7,3,3,5,25,61
42,23,9,8,0,0,0,7,49,14,37,35,7,6,3,16,153,10,3,1,0,0,0,26,67,5,0,6,11,6,1,2,62,22,2,0,1,2,12,43,62,7,9,8,24,66,12,31,153,6,0,0,2,14,9,41,72,1,0,10,8,52,95,15,53,29,1,0,2,10,33,35,87,18,0,0,27,61,25,9,153,48,0,7,31,29,8,18,20,1,19,44,101,153,125,10,3,5,12,8,2,4,29,16,109,11,5,2,2,10,18,17,153,39,1,23,19,7,2,24,7,4,77,114,58,35,26,4
8,1,1,0,44,126,38,9,73,3,0,0,2,30,61,106,18,2,0,1,5,6,86,126,21,1,0,0,0,0,79,126,45,2,0,0,46,126,16,10,126,47,5,6,2,6,3,23,46,54,25,62,23,8,20,32,126,95,6,3,0,0,11,63,39,32,62,12,8,22,8,1,126,42,9,2,0,0,2,48,62,16,6,18,9,9,17,56,99,31,1,0,0,1,16,64,2,15,126,55,4,1,0,0,29,33,54,35,5,1,2,9,8,0,12,10,1,1,33,43,12,0,0,2,1,0,49,103
3,1,1,7,38,46,9,0,51,17,6,6,12,5,5,11,17,16,16,11,1,6,32,23,24,8,0,0,0,1,18,98,25,1,0,0,6,58,120,32,137,60,29,14,2,2,16,33,14,41,75,74,12,4,5,3,15,50,25,2,1,24,8,15,83,15,9,16,2,8,41,61,137,81,9,7,5,1,2,84,35,24,17,44,81,26,8,11,5,14,16,32,25,54,17,2,27,137,85,55,16,1,0,6,70,137,136,34,20,0,0,7,19,42,27,113,135,3,1,2,30,35,37,52,9,2,15,16
120,6,0,1,5,3,1,80,39,6,4,20,37,22,11,27,15,7,1,53,60,2,5,14,0,0,14,120,90,2,0,0,120,0,0,0,2,3,4,79,86,3,2,9,49,64,15,33,78,12,4,40,22,9,10,46,6,3,25,120,105,3,0,0,120,15,0,0,0,7,31,120,78,68,13,2,25,28,22,58,82,118,17,9,4,2,1,6,10,13,44,96,13,0,0,0,93,120,0,0,0,1,4,12,81,120,1,0,0,0,1,10,27,61,5,0,0,0,2,10,15,33,21,16,35,17,3,4
3,10,0,0,3,9,6,5,24,30,16,1,0,2,12,13,148,113,20,2,0,0,2,9,17,38,107,51,0,1,21,16,26,21,3,5,4,2,1,5,74,41,19,5,2,3,17,17,148,116,8,1,0,0,1,3,95,56,85,20,0,0,0,0,7,3,7,14,3,0,1,5,84,1,3,1,0,1,16,35,148,7,0,0,0,0,5,130,107,5,0,0,0,0,30,83,3,2,13,7,2,1,1,3,12,1,9,8,20,7,3,23,54,0,0,0,2,1,57,148,6,0,0,0,0,0,148,148
46,5,1,0,0,0,34,105,40,25,10,3,0,0,11,90,22,19,3,1,2,20,38,29,0,0,1,6,18,27,15,0,92,32,0,0,0,0,57,138,138,32,0,0,0,4,12,116,38,1,0,0,12,82,44,13,1,1,0,2,6,61,98,3,138,48,0,0,0,0,0,134,138,70,0,0,7,7,1,11,21,15,14,17,63,59,9,5,3,47,26,17,42,37,17,3,138,92,0,0,0,0,0,54,115,48,2,7,9,8,2,3,22,23,12,11,19,18,6,5,6,18,9,2,78,86,0,0
138,45,0,1,0,0,0,2,138,54,0,0,0,0,0,12,51,43,4,1,0,0,0,16,3,12,21,35,24,0,0,0,138,123,0,0,1,0,0,0,138,49,5,0,0,0,0,65,110,11,1,0,0,0,0,83,43,24,17,5,0,0,0,8,138,138,0,0,0,0,0,0,62,124,45,0,0,0,0,5,82,117,13,0,0,0,1,9,32,24,0,0,0,1,11,8,84,138,12,0,0,0,0,0,27,109,15,0,0,0,0,0,14,50,3,0,3,19,11,1,2,2,0,0,1,22,43,12
65,1,1,0,0,0,0,21,138,1,0,0,0,0,0,107,67,11,8,3,0,0,1,23,0,4,19,4,3,7,2,0,48,4,5,0,0,0,0,6,138,38,0,0,0,0,7,49,102,40,1,0,0,38,70,18,0,1,4,0,2,64,83,3,27,6,73,43,1,0,0,4,138,22,14,10,0,1,64,116,18,7,17,1,0,32,138,48,0,0,2,3,0,42,138,6,4,16,98,69,12,1,0,6,7,85,138,23,1,0,7,13,0,29,138,31,0,0,21,8,0,0,82,62,2,8,23,1
3,1,65,100,7,0,2,4,42,11,24,42,22,3,1,8,115,50,25,17,1,0,0,17,4,4,16,40,3,0,16,16,7,0,19,43,27,6,91,120,46,5,5,69,120,9,9,27,120,20,6,15,15,3,3,54,18,3,9,51,41,17,6,5,120,120,5,3,4,2,40,110,50,70,35,120,61,5,6,18,115,35,10,24,18,32,79,28,12,2,0,1,11,57,98,26,120,89,1,0,1,4,13,23,21,23,5,31,55,59,34,7,5,7,4,14,60,54,17,6,19,22,2,1,6,8,20,21
19,0,0,0,0,0,2,39,20,1,0,0,0,0,152,187,18,1,0,0,0,0,213,213,13,2,0,0,0,0,213,114,33,0,0,0,0,0,0,7,72,12,0,0,0,0,0,6,57,15,0,0,0,0,1,5,64,16,0,0,0,0,2,5,30,0,0,0,0,0,0,19,74,1,0,0,0,0,0,22,69,11,0,0,0,0,0,12,73,26,0,0,0,0,0,0,37,0,0,0,0,0,0,8,62,0,0,0,0,0,0,8,83,0,0,0,0,0,0,8,70,2,0,0,0,0,0,6
38,1,0,0,0,2,9,61,132,7,0,0,1,6,11,46,150,10,0,0,0,0,1,80,78,26,2,1,0,0,0,33,28,0,0,0,0,0,7,58,150,17,0,0,0,0,6,29,150,25,0,0,0,0,0,4,120,17,0,0,0,0,0,35,44,0,0,0,0,0,0,11,150,1,0,0,0,0,0,46,150,51,0,0,0,0,0,15,68,83,3,0,0,0,0,1,13,0,0,0,0,0,0,10,150,0,0,0,0,0,0,100,150,27,0,0,0,0,0,76,57,38,2,2,5,1,0,8
0,0,0,1,124,124,1,0,76,12,0,0,18,39,1,7,124,59,37,43,6,0,0,8,33,31,27,75,13,0,0,8,0,0,4,25,124,43,0,0,92,13,0,0,13,6,0,22,124,15,1,9,9,2,4,77,21,38,17,30,21,5,9,23,4,11,3,10,124,111,0,0,51,124,3,0,4,2,0,1,103,93,1,0,0,1,8,27,13,17,5,2,1,5,22,33,3,26,124,117,27,19,0,0,28,110,110,8,0,0,0,0,16,51,64,1,0,0,4,6,10,70,15,3,0,0,2,2
2,0,0,0,28,78,44,8,14,17,2,0,3,114,70,13,35,126,25,5,18,42,5,2,24,40,14,10,99,61,89,14,0,3,11,6,74,52,9,0,63,13,13,8,7,25,15,29,126,64,3,9,50,4,0,50,11,5,4,105,126,29,7,2,0,1,1,14,69,34,3,0,126,25,1,2,26,54,15,16,126,57,0,2,25,35,6,36,11,1,5,89,116,68,3,5,0,1,0,20,93,2,0,0,110,64,0,3,43,3,0,4,85,41,0,0,27,29,6,23,13,0,0,7,60,40,3,20
97,7,0,0,0,0,0,16,129,2,0,0,0,0,0,27,129,22,0,0,0,0,0,7,77,58,0,0,0,0,0,0,114,0,0,0,0,0,0,43,129,4,0,0,0,0,0,57,129,13,0,0,0,0,0,31,129,27,0,0,0,0,0,16,129,7,0,0,0,0,0,27,129,55,0,0,0,0,0,5,129,34,0,0,0,0,0,15,127,0,0,0,0,0,0,38,129,4,0,0,0,0,0,40,129,29,0,0,0,0,0,30,129,14,0,0,0,0,0,28,87,1,0,0,0,0,1,30
69,40,0,0,0,0,0,4,133,51,0,0,0,0,0,0,133,68,0,0,0,0,0,0,53,100,0,0,0,0,0,0,133,18,0,0,0,0,0,9,133,21,0,0,0,0,0,6,133,24,0,0,0,0,0,19,132,51,0,0,0,0,0,15,133,21,0,0,0,0,0,14,133,23,0,0,0,0,0,6,133,9,0,0,0,0,0,25,133,0,0,0,0,0,0,52,51,41,0,0,0,0,0,0,109,18,0,0,0,0,0,8,133,0,0,0,0,0,0,35,98,0,0,0,0,0,0,48
9,0,0,0,0,2,138,43,8,0,0,0,0,12,164,20,13,0,0,0,0,6,164,22,164,22,0,0,0,4,75,37,13,3,0,0,0,0,0,17,34,4,0,0,0,0,0,9,31,2,0,0,0,0,0,6,164,12,0,0,0,0,0,73,10,21,1,0,0,0,0,1,30,11,0,0,0,0,0,2,21,7,0,0,0,0,1,7,164,164,0,0,0,0,0,21,15,5,0,0,0,0,0,1,11,1,0,0,0,0,0,5,61,21,0,0,0,0,2,9,164,164,0,0,0,0,0,0
18,29,30,50,40,10,3,10,7,7,16,127,50,19,5,4,56,93,25,15,2,0,2,8,3,32,83,36,0,0,0,0,34,90,35,13,17,23,4,14,17,15,32,107,127,102,0,3,127,45,7,14,29,17,0,17,33,21,30,20,2,1,3,9,51,57,10,30,88,45,0,0,38,7,1,10,127,127,0,2,127,14,0,0,9,14,1,27,47,2,0,0,0,7,8,26,27,41,6,24,127,57,0,2,17,48,18,19,127,48,0,1,100,56,9,1,2,2,1,13,35,80,7,0,0,4,1,9
1,3,3,39,76,21,0,0,50,2,2,17,65,59,7,29,125,4,0,1,10,11,11,125,19,0,1,23,114,29,11,27,3,5,4,63,42,7,0,0,49,4,1,115,125,3,0,7,125,37,0,9,10,8,5,59,37,11,2,15,90,63,6,13,2,5,12,39,16,2,2,1,19,3,4,125,125,6,2,5,125,9,0,23,38,16,69,125,24,6,5,13,14,45,60,84,0,0,0,3,15,50,57,4,0,0,0,15,85,77,51,3,6,5,10,15,61,20,27,34,35,16,2,0,1,7,23,67
0,0,0,0,0,0,0,0,3,2,1,0,0,0,0,1,8,27,5,0,0,0,0,0,8,21,7,0,0,0,0,0,3,0,0,0,0,0,0,0,33,22,0,0,0,0,0,4,10,30,0,0,0,0,0,1,15,27,0,0,0,0,0,5,10,0,0,0,0,0,1,15,48,3,0,0,0,0,0,23,14,8,0,0,0,0,0,24,103,255,0,0,0,0,0,2,14,9,0,0,0,0,0,5,27,4,0,0,0,0,0,19,81,46,0,0,0,0,0,9,255,255,1,0,0,0,0,0
39,0,0,0,0,0,0,8,155,2,0,0,0,0,0,50,73,18,1,0,0,3,13,37,20,48,36,24,3,3,25,2,27,0,0,0,0,0,0,4,155,20,1,0,0,0,0,39,137,91,19,0,0,0,0,5,121,74,14,33,21,0,0,0,11,0,0,0,0,0,0,1,155,23,0,0,0,0,0,26,155,105,5,0,0,0,0,7,98,65,7,13,18,1,0,1,1,0,0,0,0,0,0,0,155,58,0,0,0,0,0,4,140,108,5,0,0,0,19,38,22,54,8,9,5,39,34,26
5,3,0,0,0,2,6,1,53,144,11,0,0,1,1,0,11,137,146,25,0,0,1,1,0,1,112,102,0,0,2,0,32,5,0,0,0,1,1,1,146,146,2,0,0,0,0,17,60,119,52,36,6,0,0,7,0,0,65,101,12,0,0,0,35,2,0,0,0,0,1,5,146,29,0,0,0,0,0,83,122,16,7,15,5,1,3,66,1,2,35,28,5,3,5,3,35,4,0,0,0,0,0,1,146,55,0,0,0,0,0,6,112,33,0,1,4,2,0,6,2,0,0,2,18,12,11,3
30,4,0,0,0,30,58,93,35,19,4,3,3,10,66,111,7,5,1,4,6,50,41,17,5,3,0,0,2,111,73,3,25,8,17,37,7,13,56,46,111,51,6,3,4,5,50,111,23,23,6,6,103,111,24,17,15,19,11,2,34,107,18,3,13,18,99,100,7,1,0,0,111,28,39,19,22,23,32,92,21,6,1,10,111,86,31,51,40,25,1,4,32,36,15,6,3,11,48,25,61,33,0,1,44,8,9,9,98,100,17,43,73,5,0,14,52,35,13,49,4,2,0,5,28,85,22,2
1,0,3,2,65,106,13,2,124,1,0,0,20,23,3,39,124,1,0,0,0,0,0,52,37,15,0,0,0,0,12,50,11,20,17,28,27,89,47,4,124,79,25,0,6,9,5,31,124,37,5,0,0,0,0,52,65,54,0,0,0,18,16,12,11,91,124,124,12,4,3,4,26,124,124,35,10,0,0,1,124,33,44,33,13,2,2,39,42,4,0,0,22,107,17,29,44,41,17,19,9,2,7,43,24,38,18,22,23,9,15,8,14,0,3,40,64,28,20,17,6,0,0,0,21,113,39,15
107,5,4,0,0,0,0,100,58,8,44,28,3,0,0,42,2,1,47,128,24,0,0,0,0,0,82,83,1,0,0,0,128,37,0,0,0,0,0,46,128,48,9,11,3,0,0,25,11,15,20,107,47,0,0,1,0,23,81,34,4,0,0,0,128,51,0,0,0,0,0,128,128,30,1,2,3,1,1,85,22,10,20,41,41,3,3,24,3,54,40,9,2,4,7,1,128,16,0,0,0,0,0,96,128,51,0,0,0,0,0,66,46,25,7,4,15,19,3,15,0,3,4,0,9,96,64,0
0,0,0,28,82,40,4,0,77,51,9,40,55,40,51,28,92,85,34,42,6,1,11,30,6,15,51,45,15,0,0,4,0,0,0,73,46,0,0,0,57,26,12,120,86,2,6,58,120,68,21,16,5,1,10,120,27,40,69,75,49,1,4,7,0,0,0,33,8,0,0,0,13,14,55,120,30,0,0,4,120,54,45,53,14,10,70,75,19,7,2,32,38,10,120,120,0,0,0,2,1,0,0,0,0,0,9,31,10,1,0,0,0,0,11,96,51,13,16,4,0,0,9,92,44,12,88,64
0,0,0,0,0,0,115,87,17,4,0,0,1,0,105,115,3,3,5,29,26,15,91,38,0,0,2,61,88,25,9,1,30,1,2,17,20,6,45,74,115,89,16,1,0,0,24,79,24,44,100,30,7,7,24,17,0,7,42,97,27,14,3,0,28,95,43,32,63,10,3,17,115,115,45,3,1,1,5,75,41,10,15,10,11,14,19,55,1,14,41,30,7,5,1,2,72,86,23,16,10,16,24,20,22,56,38,8,4,67,82,15,15,3,3,1,1,19,115,67,4,12,13,0,0,0,80,94
0,0,86,63,35,30,6,0,29,46,113,42,6,18,9,12,124,124,32,30,2,0,0,25,6,23,21,124,23,4,5,2,0,0,49,30,16,67,28,0,48,22,41,29,28,115,23,48,124,79,8,11,6,11,25,124,5,3,4,85,61,16,43,26,2,5,11,42,34,31,6,0,61,49,15,56,61,42,4,9,124,92,3,1,35,32,17,43,9,3,0,3,49,53,124,26,8,7,8,17,26,27,1,4,65,36,10,27,37,29,3,6,78,37,3,4,32,26,23,12,12,5,2,20,60,21,14,6
13,8,2,2,6,12,21,51,30,21,28,22,4,0,8,50,16,26,59,35,7,11,12,5,14,22,23,13,14,23,31,37,18,20,23,1,25,50,30,43,119,78,39,10,0,0,15,91,38,30,119,119,10,9,11,11,13,12,56,118,43,15,4,8,7,81,116,13,22,17,0,0,119,34,32,9,28,22,62,119,61,3,5,20,20,39,103,119,2,0,4,44,44,94,63,4,0,9,19,11,45,44,2,0,41,7,12,34,63,27,12,34,119,9,3,14,30,12,9,101,5,0,2,45,55,30,16,8
1,1,0,0,1,131,36,0,43,111,1,0,6,60,3,0,61,131,7,0,0,0,0,2,49,88,4,0,0,7,24,23,25,14,0,0,6,55,2,0,131,131,10,4,1,4,0,6,59,93,25,46,12,0,0,5,30,13,9,11,7,10,13,15,30,6,1,0,1,4,0,11,131,18,1,3,0,0,1,131,66,12,16,78,10,1,26,116,15,41,20,15,1,0,17,8,3,1,27,13,0,0,0,5,24,1,21,3,0,0,6,131,10,5,6,2,0,1,120,131,2,4,3,1,0,1,130,68
39,5,0,0,0,8,8,17,120,12,1,0,2,14,10,16,73,3,0,3,16,54,109,17,0,0,0,11,12,38,120,19,29,4,1,1,1,5,27,19,120,39,0,11,13,12,8,14,26,8,36,118,66,74,71,8,16,18,59,111,9,28,120,17,47,9,17,44,16,5,37,37,120,11,2,5,17,22,8,42,31,56,29,44,46,80,54,27,23,105,111,71,8,1,10,14,15,15,55,65,9,5,4,4,71,33,23,5,7,2,10,22,50,120,22,11,16,4,8,16,11,115,36,15,34,14,3,3
55,15,0,0,0,0,20,36,95,18,1,0,0,0,35,107,28,14,5,3,0,0,98,93,8,2,16,11,7,16,23,38,32,11,0,0,0,1,26,29,137,68,31,0,0,0,20,51,37,98,137,2,0,0,46,45,28,67,39,40,20,13,9,28,38,16,2,1,1,0,2,18,137,28,4,0,0,0,4,112,89,44,41,0,0,0,61,82,2,19,19,17,2,12,104,7,5,1,8,4,1,0,0,9,40,0,1,2,4,1,40,134,10,0,0,0,0,4,137,91,0,0,0,0,0,13,137,4
22,2,0,1,142,88,3,12,145,4,0,0,12,11,2,78,100,3,6,3,8,3,5,72,2,0,1,2,19,15,5,5,49,3,0,0,69,145,16,13,145,33,0,0,2,7,5,41,126,14,0,0,0,7,40,50,22,1,0,13,41,9,7,23,81,14,0,0,0,38,9,1,145,25,0,0,0,2,27,54,76,8,0,0,0,12,90,94,57,2,0,3,25,23,11,60,40,87,15,0,0,0,1,0,82,114,6,0,0,0,6,16,53,105,3,0,0,0,10,19,32,41,10,10,3,7,4,14
4,1,0,23,45,6,31,8,10,5,0,29,130,19,4,1,118,70,2,4,23,3,0,4,25,16,9,24,11,8,1,0,0,0,0,1,10,44,130,22,26,4,0,2,87,121,130,26,130,23,0,0,8,13,7,71,73,28,27,45,10,0,0,5,5,0,0,0,0,13,108,8,97,59,0,0,0,14,69,18,130,89,0,0,0,1,8,47,110,22,10,5,0,5,45,29,12,0,0,0,0,0,0,1,105,7,0,0,0,1,8,35,54,6,0,0,0,8,63,119,23,15,7,0,0,23,112,69
69,1,5,28,2,0,0,62,150,0,0,0,0,0,0,133,63,4,1,0,0,0,3,91,29,16,10,2,0,0,1,23,58,1,1,41,48,20,1,13,150,5,0,0,1,0,0,82,136,49,0,0,0,0,2,57,67,13,0,0,0,7,7,18,38,12,4,34,44,18,1,4,150,76,0,1,2,0,0,24,150,85,0,0,0,0,0,3,21,16,2,2,9,15,4,1,34,77,6,5,25,18,0,0,150,150,0,0,0,0,0,0,50,92,2,3,1,0,1,2,3,7,7,4,6,7,1,0
27,44,30,5,30,98,39,6,1,65,114,12,29,32,3,1,55,114,57,5,0,0,0,2,42,61,6,2,18,22,16,11,36,114,114,9,15,21,10,27,8,95,114,41,58,41,4,2,62,92,41,20,39,5,0,3,5,11,5,17,103,65,31,3,74,20,6,0,1,12,35,114,11,3,2,7,46,64,32,30,79,3,0,5,33,21,49,32,3,0,0,38,114,46,29,4,15,17,13,2,0,2,13,48,7,4,0,2,13,96,50,37,11,10,1,1,4,100,114,21,7,5,0,1,21,49,83,14
3,65,67,13,33,15,1,0,40,117,47,7,4,3,2,5,10,24,64,53,9,5,0,2,0,3,37,64,23,12,5,0,65,95,69,11,2,0,0,38,22,47,43,52,35,0,1,12,80,50,37,21,6,19,4,15,6,13,34,117,52,96,14,2,115,37,3,2,1,0,1,105,41,3,0,30,75,51,13,32,53,9,0,4,17,117,95,41,23,51,3,2,12,117,38,7,55,81,16,5,5,2,1,9,8,6,6,10,117,88,9,6,8,1,1,3,40,115,60,6,102,58,3,5,8,26,9,23
99,62,0,0,0,0,0,0,132,61,0,0,0,0,0,0,85,61,0,0,0,0,0,5,61,65,0,0,0,0,0,1,114,30,0,0,0,0,0,3,132,37,0,0,0,0,0,4,119,22,0,0,0,0,0,16,132,80,0,0,0,0,0,10,48,9,0,0,0,0,0,2,132,12,0,0,0,0,0,34,122,18,0,0,0,0,0,38,132,132,0,0,0,0,0,7,2,0,0,0,0,0,0,0,53,2,0,0,0,0,0,24,132,78,0,0,0,0,0,16,132,132,14,6,1,0,1,8
6,2,25,18,0,17,91,62,8,1,48,76,29,6,86,54,118,11,13,40,26,3,7,59,34,3,7,22,15,33,29,23,18,1,0,0,33,103,103,23,131,60,12,13,9,12,88,105,67,35,41,69,59,31,19,20,22,2,0,2,24,43,65,23,36,1,0,21,74,35,0,4,131,23,0,1,2,8,19,112,43,37,25,15,44,63,41,36,6,6,60,36,20,7,3,6,17,7,0,43,77,7,3,1,131,80,0,2,2,0,1,18,59,120,23,2,0,0,2,5,0,14,41,46,34,3,0,0
85,36,2,0,0,1,2,12,58,80,118,16,4,1,0,8,5,65,118,27,18,1,0,1,8,42,36,40,5,1,0,2,107,78,19,0,0,0,0,21,118,47,13,5,13,3,1,43,39,14,8,19,106,16,2,6,47,70,19,15,7,13,14,9,55,118,55,1,0,0,0,0,69,64,43,10,24,47,12,10,20,3,0,0,36,118,93,26,27,19,2,0,1,103,118,34,74,55,6,1,1,16,13,6,10,9,6,9,72,118,16,1,1,0,0,4,55,118,51,2,54,46,5,1,1,25,57,6
71,105,0,0,0,0,0,0,43,132,0,0,0,0,0,0,75,103,0,0,0,0,0,0,46,80,2,0,0,0,0,0,132,35,0,0,0,0,0,1,132,66,0,0,0,0,0,5,114,57,0,0,0,0,0,6,132,73,2,0,0,0,0,1,132,3,0,0,0,0,0,10,132,3,0,0,0,0,0,32,97,4,0,0,0,0,0,64,132,32,0,0,0,0,0,27,98,0,0,0,0,0,0,28,113,1,0,0,0,0,0,48,71,1,0,0,0,0,0,44,132,21,0,0,0,0,0,36
40,7,0,0,2,6,6,44,133,3,0,0,0,0,3,118,128,8,0,0,0,2,5,107,40,26,6,19,10,0,0,9,29,0,0,0,0,0,3,75,150,9,0,0,0,0,2,49,150,16,0,0,0,0,0,23,94,8,0,5,7,0,0,33,43,0,0,0,0,0,0,18,150,2,0,0,0,0,0,48,150,61,0,0,0,0,0,10,55,53,3,1,0,0,0,4,14,0,0,0,0,0,0,12,150,0,0,0,0,0,0,109,150,25,0,0,0,0,1,101,30,19,2,3,5,8,10,14
0,0,0,0,12,50,46,5,16,0,0,1,2,6,56,86,48,50,4,9,11,1,2,45,10,25,4,7,78,38,0,0,0,7,11,0,0,83,74,7,42,26,46,0,0,1,94,89,128,50,10,1,32,9,7,92,16,13,5,8,128,37,0,1,7,111,128,4,0,5,2,2,31,128,128,12,6,5,6,14,113,77,101,19,40,62,23,12,6,45,47,6,46,58,11,2,9,25,86,57,6,0,0,7,19,26,22,16,19,24,59,46,25,40,39,12,32,36,31,28,8,79,60,8,14,17,5,8
11,7,26,28,0,0,8,54,7,4,108,84,0,0,17,30,33,4,64,71,15,2,7,14,104,18,12,16,5,0,2,42,4,5,13,0,4,58,54,33,14,1,14,9,6,71,132,91,79,25,29,66,39,9,112,97,88,14,22,38,22,14,26,50,0,0,0,11,71,73,18,0,90,5,0,1,60,86,39,23,132,56,11,13,8,14,29,92,14,11,20,32,72,47,19,9,0,0,5,66,77,10,2,3,55,3,0,39,61,9,0,10,132,30,0,0,0,6,14,83,16,59,33,7,6,15,12,8
61,0,0,0,0,0,0,26,130,0,0,0,0,0,0,21,130,9,0,0,0,0,0,11,130,21,0,0,0,0,10,86,117,0,0,0,0,0,0,22,130,1,0,0,0,0,0,10,130,1,0,0,0,0,0,18,86,0,0,2,26,34,37,64,115,0,0,0,0,0,0,57,130,11,0,0,0,0,0,21,130,10,0,0,0,0,0,24,84,22,33,33,32,7,0,19,86,0,0,0,0,0,0,65,130,0,0,0,0,0,0,66,72,0,0,0,0,0,0,84,85,14,17,3,0,0,0,130
1,1,0,0,54,134,3,0,12,37,19,1,9,134,5,0,66,69,40,2,0,6,7,9,29,63,89,4,0,0,2,6,29,4,0,0,91,134,2,3,134,107,53,17,1,14,1,6,71,56,93,87,1,0,0,9,71,37,16,7,7,4,20,34,43,7,0,1,116,35,0,8,134,27,3,7,0,0,0,63,58,34,44,56,4,1,5,39,4,21,24,58,46,14,10,7,21,75,7,3,54,20,0,0,125,112,1,0,0,0,0,17,39,22,4,1,0,2,11,46,1,4,7,26,23,32,11,6
3,1,3,73,74,33,2,2,40,7,0,2,19,39,4,28,159,97,0,0,0,1,8,91,92,75,13,23,51,11,5,60,0,0,0,1,29,46,5,0,61,8,0,0,27,31,10,32,159,58,0,0,0,0,2,116,140,26,3,10,58,45,12,104,0,0,0,0,4,7,3,0,85,12,0,1,26,21,8,15,159,46,0,0,0,0,0,57,87,15,0,15,24,11,15,38,0,0,0,0,0,0,1,0,50,15,4,0,0,1,3,20,159,38,1,0,1,1,2,51,45,2,0,1,11,33,64,23
13,4,0,2,16,30,2,7,139,58,0,0,0,1,1,50,134,70,10,14,26,10,3,69,4,3,5,55,139,38,2,4,23,3,0,0,22,19,6,10,139,52,0,0,1,2,2,53,139,37,0,5,29,29,9,71,5,0,4,52,138,66,6,8,32,4,0,0,7,8,6,11,139,18,0,0,0,0,0,53,109,7,0,5,8,6,30,46,0,0,3,51,56,41,28,3,14,17,10,0,0,0,0,5,139,78,12,0,1,0,0,16,52,10,0,2,29,40,53,13,0,0,0,0,14,103,81,0
23,133,41,9,17,5,0,0,2,54,58,76,108,13,0,0,7,100,81,86,9,0,0,0,12,2,21,124,34,3,8,24,50,24,17,15,11,12,17,17,20,13,31,51,67,87,23,18,133,58,37,33,36,17,9,34,13,8,14,91,133,25,4,1,2,0,4,10,65,57,38,16,32,6,2,7,49,51,34,21,133,19,1,3,35,52,38,50,8,1,0,0,133,105,14,4,0,0,0,0,38,43,7,9,12,1,2,3,4,3,5,28,12,1,2,5,17,34,41,19,0,0,0,0,107,77,16,0
3,0,0,0,0,0,0,3,93,1,0,0,0,0,1,36,142,1,0,0,0,0,0,45,90,7,0,0,0,0,0,23,19,3,0,0,0,0,0,15,142,9,0,0,0,0,0,90,142,17,0,0,0,0,0,50,142,58,0,0,0,0,0,5,55,7,0,0,0,0,0,20,142,38,0,0,0,0,0,22,142,45,0,0,0,0,0,4,142,67,0,0,0,0,0,0,76,0,0,0,0,0,0,46,142,2,0,0,0,0,0,33,142,7,0,0,0,0,0,19,142,41,0,0,0,0,0,2
0,0,1,4,0,0,0,0,29,4,3,2,0,0,0,2,68,27,52,20,0,0,0,2,1,65,125,25,0,0,0,0,4,4,16,33,9,3,8,10,83,25,51,30,0,0,0,4,125,45,37,5,0,0,6,43,22,44,83,20,1,8,50,17,17,20,33,102,87,3,6,19,111,81,71,13,9,1,2,28,92,56,68,31,17,8,32,51,6,0,0,5,20,69,125,28,31,15,16,125,125,6,2,13,125,61,22,31,16,13,44,41,33,15,17,41,70,26,44,31,0,0,0,13,93,125,32,0
0,0,0,0,1,0,0,0,2,6,5,0,0,0,0,0,0,26,19,0,0,0,0,0,0,33,45,0,0,0,0,0,9,6,25,85,45,7,1,3,111,108,44,12,2,1,1,8,22,116,116,0,0,0,0,2,12,116,116,3,0,0,0,0,15,21,74,116,75,6,0,4,116,29,19,52,71,11,1,88,83,28,23,0,0,0,8,91,81,29,17,4,1,0,2,45,41,26,7,49,116,11,0,0,87,9,1,28,116,16,1,57,116,21,0,0,0,0,4,88,90,89,7,6,8,0,1,19
5,0,0,0,1,8,107,120,3,0,0,2,47,89,39,48,1,53,23,2,78,127,7,0,40,127,18,0,3,28,21,6,3,0,0,0,0,1,42,84,25,4,1,0,11,127,127,74,127,127,41,0,19,71,25,41,39,127,34,0,1,61,67,17,0,0,0,0,0,0,2,0,23,29,12,2,4,15,14,5,127,71,8,0,5,14,34,54,39,14,0,0,35,94,64,20,0,0,0,0,0,0,0,0,0,2,0,0,0,0,0,0,8,6,0,0,0,3,46,24,29,11,0,0,4,12,49,85
0,0,0,0,0,0,0,0,0,0,0,0,0,0,0,0,53,13,0,0,0,0,0,15,147,16,0,0,0,0,0,26,0,0,0,0,0,0,0,0,21,1,0,0,0,0,0,5,147,72,0,0,0,0,0,10,147,120,0,0,0,0,0,6,1,0,0,0,0,0,0,2,126,5,0,0,0,0,0,57,147,57,0,0,0,0,0,12,147,95,0,0,0,0,0,0,22,6,0,0,0,0,0,6,147,46,0,0,0,0,0,46,147,92,0,0,0,0,0,7,147,130,0,0,0,0,0,0
59,10,3,5,13,26,3,43,117,24,2,4,6,15,15,71,31,2,0,1,57,68,83,111,50,3,0,6,117,111,17,27,26,20,47,49,9,15,1,6,79,7,25,11,3,6,28,72,43,17,27,28,24,43,52,54,38,67,117,64,41,65,8,6,1,4,50,89,5,8,32,2,6,8,98,34,1,16,27,10,117,40,30,7,0,3,11,32,41,23,78,16,4,8,0,7,0,0,1,3,1,14,117,5,3,0,3,3,1,57,117,19,117,1,0,0,0,8,50,117,46,0,0,0,6,19,3,25
22,4,0,1,0,1,1,1,8,2,3,59,26,27,21,1,0,1,10,74,70,24,16,0,0,9,46,32,9,14,9,0,1,0,0,0,8,18,2,0,8,1,0,11,75,118,102,10,114,44,21,15,20,50,98,51,13,43,98,40,4,0,0,1,0,0,0,0,6,2,0,0,15,7,6,118,104,33,6,4,118,49,19,63,15,6,6,118,116,60,102,35,5,0,2,60,0,0,0,0,0,0,0,0,0,0,6,86,7,0,0,0,74,24,81,118,7,0,0,49,111,19,13,15,9,11,101,99
0,0,0,0,0,15,18,0,0,0,0,0,0,4,21,1,0,0,0,0,0,0,3,5,0,0,0,0,0,0,0,0,0,3,49,37,20,126,110,0,7,6,42,49,10,44,126,34,126,21,4,6,1,3,54,126,33,6,4,13,0,0,0,8,3,34,126,126,34,25,6,0,8,23,126,126,48,35,10,5,126,101,39,42,7,4,32,44,37,7,2,4,0,15,88,19,1,7,10,20,42,86,126,26,0,0,4,19,71,98,26,0,13,4,3,6,29,44,49,19,17,4,0,4,11,17,65,21
18,0,0,0,0,34,82,94,49,15,2,1,0,2,39,115,4,4,3,3,2,35,61,17,5,3,0,0,0,103,100,3,24,9,30,46,5,10,39,50,115,37,5,3,3,3,23,115,32,10,0,1,67,115,35,20,6,10,7,0,18,115,39,1,10,12,106,105,11,3,0,0,113,30,27,18,18,26,31,87,17,2,0,2,106,111,27,42,27,13,2,1,23,41,22,5,4,2,26,29,93,56,0,0,43,5,2,6,65,86,22,49,37,1,0,1,46,62,12,39,3,1,0,0,13,98,33,1
0,0,25,95,102,24,2,0,14,31,92,73,12,27,13,6,118,122,41,15,1,1,3,18,10,36,42,89,22,1,1,1,0,0,12,35,34,98,10,0,43,20,35,37,30,103,25,28,122,107,15,10,4,7,18,122,14,11,9,94,86,19,30,26,2,8,8,37,36,34,3,0,54,63,18,57,61,34,5,6,122,91,4,0,13,39,28,43,14,2,0,3,34,63,122,25,7,3,2,6,27,42,4,5,74,30,5,11,25,29,4,8,52,25,2,7,29,30,11,15,50,18,4,12,39,22,11,11
0,26,72,173,173,46,0,0,16,22,7,52,126,21,3,3,5,28,18,7,16,7,2,1,0,0,1,5,29,6,0,0,2,4,5,13,173,173,3,1,75,22,1,1,110,78,1,11,16,10,3,13,41,9,0,3,0,0,0,4,45,7,0,0,3,3,9,3,173,173,42,2,63,32,10,1,20,19,1,27,15,6,0,2,51,22,1,8,0,0,0,0,30,14,0,0,1,4,20,7,9,38,20,0,16,26,11,1,1,7,15,7,5,5,0,1,31,43,9,2,0,0,0,0,7,5,0,0
14,4,0,1,8,16,21,49,42,26,28,8,0,0,3,51,4,31,70,30,3,2,4,1,5,23,27,9,4,11,19,25,29,24,24,3,21,53,25,42,124,92,31,2,0,0,6,79,45,42,121,124,7,4,6,12,3,2,48,124,44,12,5,7,10,55,124,18,22,11,0,1,124,41,22,4,15,16,35,124,49,5,7,24,13,42,79,124,1,0,5,49,58,103,41,4,0,2,19,18,63,33,0,0,52,8,10,30,47,26,12,53,124,5,1,3,26,17,12,102,3,0,0,21,58,42,19,11
17,0,0,0,0,2,29,131,73,3,0,0,0,3,24,131,129,29,3,0,0,0,1,15,17,13,16,17,49,6,2,10,56,10,2,1,1,20,28,43,131,24,0,0,0,0,5,75,131,7,0,0,0,0,5,66,23,11,0,8,66,10,7,33,34,70,99,7,1,2,0,0,131,91,14,0,0,0,0,12,131,46,0,0,0,0,1,36,55,39,0,7,58,31,1,5,1,43,131,26,7,0,0,0,41,131,45,7,1,0,0,0,69,62,6,0,0,3,2,9,22,3,0,0,46,127,8,10
2,3,10,50,122,73,9,4,25,79,34,14,38,17,6,17,25,83,27,0,0,1,2,13,8,122,17,0,0,1,0,0,1,2,4,10,76,122,62,22,25,31,14,2,6,16,85,122,122,66,13,0,0,0,14,109,49,99,5,0,4,8,0,3,0,19,44,42,77,23,5,2,33,92,99,7,1,0,9,29,122,118,8,0,0,0,1,30,70,25,1,7,9,10,1,2,24,33,9,4,9,6,0,0,25,89,77,4,0,0,0,0,113,108,23,0,0,0,1,5,26,11,1,6,10,8,5,5
27,2,0,0,10,84,117,38,17,5,14,8,55,117,117,39,22,38,94,14,15,19,5,9,38,33,23,1,0,1,5,6,1,0,27,31,64,79,29,6,76,18,49,19,6,12,28,116,117,50,60,5,0,0,0,70,6,41,117,3,0,0,1,0,0,32,78,39,7,3,0,0,19,117,110,46,1,0,0,4,105,117,25,0,0,0,0,8,13,72,52,0,0,10,8,0,24,45,60,18,0,0,0,4,8,117,81,17,0,0,0,1,7,117,14,2,7,3,2,1,2,6,0,2,16,25,10,0
7,21,118,32,13,22,11,3,10,39,96,23,1,1,2,1,1,14,84,23,2,0,0,0,0,0,7,6,1,0,0,0,24,10,85,41,13,30,34,46,68,28,129,52,0,19,32,37,11,14,129,72,2,0,0,1,0,0,22,9,0,0,0,0,45,11,21,65,112,122,32,17,129,52,18,6,3,35,27,65,60,23,56,14,0,0,1,26,1,1,7,1,0,0,0,0,105,52,109,123,35,16,14,11,129,37,77,120,4,2,1,44,70,30,1,0,0,0,1,27,0,1,0,0,0,0,0,0
3,2,0,0,0,0,0,0,22,2,0,0,0,0,0,0,6,0,0,0,0,0,2,2,0,0,0,0,0,3,2,2,74,20,2,0,0,0,1,15,133,29,1,0,0,2,12,16,52,3,0,0,4,40,77,20,5,4,0,0,3,57,98,23,90,8,1,1,1,0,13,42,133,24,0,17,23,38,54,36,16,4,9,50,30,98,133,19,133,113,6,4,1,62,133,31,88,11,11,28,18,5,14,32,133,24,5,23,26,39,13,24,15,79,104,103,28,28,29,5,96,71,72,35,28,17,72,29
2,4,0,0,0,0,0,0,24,94,6,0,0,0,0,0,28,122,18,1,0,2,2,1,40,80,7,6,9,23,21,7,6,5,0,0,0,0,0,0,122,122,19,6,2,0,0,7,20,73,41,49,82,40,3,3,122,39,2,9,30,109,31,71,5,0,0,0,0,0,0,0,122,13,1,1,4,1,2,100,48,6,24,95,105,17,6,52,122,3,37,122,64,22,3,71,0,0,0,0,0,0,0,0,83,0,0,0,0,0,0,67,79,2,8,16,7,2,7,104,31,1,9,113,74,5,4,19
39,28,0,0,0,69,83,5,119,119,0,0,0,10,6,11,119,43,0,0,1,1,2,35,6,0,0,0,12,40,8,6,71,119,19,0,0,0,4,1,119,99,2,0,0,0,4,75,119,11,0,0,3,4,8,96,17,0,0,0,82,84,4,7,10,119,88,0,0,0,0,0,35,119,35,0,0,0,0,11,67,94,15,8,4,7,5,16,4,0,1,26,119,52,5,3,32,64,10,0,0,0,0,5,25,119,2,0,0,0,0,2,6,30,5,9,5,14,5,5,0,0,0,22,80,113,0,0
133,69,0,2,4,0,0,19,74,30,2,0,3,4,7,21,0,0,2,2,60,56,1,1,0,0,0,2,42,85,2,0,133,9,0,0,0,0,0,90,132,15,3,9,6,3,6,67,6,5,17,82,67,29,1,1,0,0,12,52,133,32,0,0,133,21,0,0,0,0,0,24,133,44,0,3,2,0,0,11,20,6,16,70,44,0,0,2,2,6,9,53,133,2,0,0,133,12,0,0,0,0,0,51,132,53,1,0,0,4,12,30,7,8,3,19,24,18,45,3,8,4,1,45,133,26,20,2
5,3,2,1,50,94,33,22,63,41,14,4,7,11,21,65,31,73,57,22,33,6,8,27,12,4,16,45,123,17,19,26,19,9,9,29,86,88,7,12,123,56,13,8,4,5,10,67,42,20,35,24,30,13,35,38,0,0,5,87,123,30,13,9,6,4,3,21,43,36,9,8,86,20,3,2,1,6,107,123,39,4,6,12,7,2,123,123,21,3,22,123,32,3,14,45,0,0,2,4,44,43,5,1,0,0,3,6,11,18,55,29,33,0,0,0,2,1,42,123,19,0,0,8,8,2,33,123
1,0,0,0,2,19,76,13,1,3,12,6,15,43,77,17,35,61,23,5,6,19,108,51,28,19,4,9,10,13,28,30,42,7,0,0,2,5,38,31,94,101,99,10,7,4,4,16,21,117,117,21,8,2,0,2,11,42,56,83,18,5,2,0,79,48,0,0,1,8,8,16,117,102,11,1,2,3,0,45,59,22,20,19,34,49,28,20,25,19,14,23,21,101,84,13,96,117,0,0,0,0,1,1,87,117,7,2,21,24,3,4,8,6,2,1,81,117,40,5,49,23,2,2,7,72,82,11
33,0,0,0,0,0,0,25,90,1,0,0,0,0,0,13,116,18,0,0,0,0,2,10,142,123,0,0,0,0,11,95,68,0,0,0,0,0,0,35,137,0,0,0,0,0,0,6,142,3,0,0,0,0,0,10,142,6,0,0,2,7,73,142,88,0,0,0,0,0,0,40,142,4,0,0,0,0,0,18,139,7,0,0,0,0,0,13,88,26,32,13,10,9,15,24,68,0,0,0,0,0,0,40,108,0,0,0,0,0,0,40,69,1,0,0,0,0,0,63,64,19,27,1,0,0,0,89
0,0,0,0,0,0,0,3,61,26,0,0,0,0,0,2,165,165,0,0,0,0,0,1,88,46,6,31,2,8,5,0,0,0,0,0,0,0,0,1,156,16,0,0,0,0,0,11,165,66,0,0,0,2,14,105,39,11,0,0,1,65,80,33,0,0,0,0,0,0,0,0,114,53,0,0,0,0,0,8,165,51,0,0,0,3,25,104,17,5,12,7,1,53,91,30,0,0,0,0,0,0,0,0,22,3,0,0,0,0,0,14,90,3,0,0,0,0,2,144,85,12,18,10,0,1,3,40
2,1,0,0,0,0,0,1,140,69,0,0,0,0,0,3,140,140,0,0,0,5,14,38,12,14,0,5,3,28,54,6,5,12,0,0,0,0,0,0,140,140,0,0,0,0,0,14,140,37,0,0,0,10,79,93,0,0,1,4,1,47,140,11,2,2,0,0,0,0,0,0,135,23,0,0,0,0,0,86,140,22,9,4,0,3,19,86,17,14,36,76,4,11,25,2,0,0,0,0,0,0,0,0,38,0,0,0,0,0,0,29,140,7,1,0,0,0,2,66,47,9,8,30,16,35,9,7
15,3,0,0,0,0,0,0,137,99,5,0,0,0,0,2,46,61,40,100,38,10,1,1,0,3,8,105,56,11,22,5,54,6,0,0,0,0,0,0,137,45,0,0,0,3,2,11,80,14,5,17,61,108,9,11,7,18,44,47,52,38,1,3,28,30,65,4,0,0,0,0,137,120,96,4,2,3,1,16,38,34,50,31,51,32,2,9,22,96,93,7,7,5,0,3,2,10,75,6,0,0,0,2,8,78,137,7,1,0,0,9,4,18,75,56,80,26,8,7,46,41,14,9,21,18,42,106
11,9,0,0,0,0,0,0,12,8,0,0,0,0,0,0,13,11,8,9,1,0,0,1,163,85,15,6,1,0,0,27,11,6,0,0,0,0,0,0,18,5,0,0,0,0,0,1,26,4,0,0,0,0,0,11,102,34,6,0,0,0,12,128,8,1,0,0,0,0,0,2,8,1,0,0,0,0,0,12,23,98,2,0,0,0,0,10,20,193,193,9,0,0,3,20,3,0,0,0,0,0,0,2,16,42,0,0,0,0,0,4,92,193,0,0,0,0,0,1,103,193,110,29,9,0,0,0
36,5,0,1,0,4,121,62,1,0,0,0,0,5,121,55,24,5,2,8,14,11,115,76,3,4,24,71,46,8,7,2,23,31,31,73,7,5,41,8,27,8,5,84,25,8,99,53,121,35,5,2,0,0,24,115,31,13,38,26,1,0,15,27,58,50,13,69,20,19,3,2,26,42,19,121,54,34,9,11,121,103,8,5,0,31,44,39,12,2,1,0,0,35,121,41,23,8,1,3,9,100,67,25,36,9,2,5,14,102,41,28,30,4,0,0,0,64,69,33,3,4,2,1,2,37,64,11
51,19,12,63,47,35,33,47,44,10,34,54,98,48,25,20,122,21,28,4,1,4,7,46,25,7,12,0,0,0,0,3,73,10,2,8,39,69,43,35,122,77,122,59,30,22,17,20,111,37,115,86,48,17,10,44,28,3,0,0,3,4,8,57,49,12,7,21,14,6,4,58,122,34,12,14,10,15,34,102,27,4,11,29,122,120,52,59,37,4,0,0,25,16,11,74,29,33,22,8,0,3,5,29,39,4,11,4,0,5,29,83,25,28,50,20,44,49,28,20,23,48,40,5,8,5,1,7
2,12,11,4,2,0,0,0,57,121,18,2,1,0,0,0,112,123,95,6,0,0,0,24,9,13,123,90,6,6,7,8,51,34,8,0,0,0,0,10,120,123,44,0,0,0,0,13,98,116,66,4,1,1,5,38,15,8,11,38,31,61,47,17,58,9,51,51,1,0,0,16,123,29,5,2,0,0,9,67,40,21,18,4,1,2,59,82,3,2,2,61,55,48,14,29,16,3,24,90,86,6,0,3,123,5,1,6,10,1,4,59,42,3,0,0,0,12,31,42,5,1,3,2,22,111,22,14
37,0,0,0,0,3,69,120,86,0,0,0,0,0,12,120,19,1,1,17,3,0,6,72,7,7,60,80,1,0,0,2,120,58,5,0,2,2,2,62,120,14,0,0,0,0,6,117,120,12,0,0,0,0,3,112,61,22,13,7,13,3,0,8,31,120,120,1,0,0,0,0,49,76,93,1,0,0,1,9,120,74,8,0,0,0,0,11,67,15,0,0,27,8,0,11,0,16,120,25,3,2,0,0,4,30,120,24,8,5,0,1,36,86,24,1,0,2,1,1,23,15,0,0,13,70,5,2
1,2,0,8,88,26,40,1,31,79,19,10,60,11,2,1,5,36,46,75,8,0,0,0,2,1,10,115,22,3,18,17,34,3,0,0,10,31,117,25,117,48,10,6,6,12,21,33,20,37,77,39,5,7,9,10,0,11,24,117,70,40,0,0,64,3,0,0,0,0,14,42,117,17,1,0,0,0,28,117,57,51,19,14,9,14,44,71,1,5,18,86,97,68,4,1,9,0,0,0,0,0,3,16,98,7,0,0,0,0,12,117,65,36,3,2,0,40,117,91,0,3,5,18,34,117,106,0
4,5,2,1,1,32,67,36,1,1,3,15,130,51,26,15,29,60,118,31,89,10,0,0,5,31,130,10,1,0,0,0,9,0,0,0,0,16,52,130,21,1,0,0,49,130,45,22,130,37,13,1,17,31,6,25,54,17,57,3,6,13,1,14,0,0,1,43,16,13,91,67,70,21,2,1,1,82,96,15,130,26,0,0,0,6,4,56,43,1,0,0,26,16,3,55,0,3,35,130,18,0,2,0,26,99,58,11,0,0,2,0,79,106,2,0,0,0,0,16,32,29,1,6,16,5,1,15
99,57,22,6,2,15,14,48,2,8,37,60,21,48,12,2,0,0,11,14,6,5,0,0,0,0,0,0,0,0,0,0,104,33,5,7,3,1,35,121,51,21,70,66,9,2,15,56,4,5,62,43,33,1,0,0,0,0,0,0,0,0,0,0,119,70,47,121,6,0,20,121,121,112,30,12,13,7,5,64,11,4,14,48,85,14,1,1,0,0,0,2,2,0,0,0,20,121,121,121,18,15,18,5,22,121,82,20,12,68,66,1,0,2,23,43,51,90,24,0,0,0,2,5,7,12,0,0
1,3,0,0,0,0,0,1,40,88,16,0,0,0,9,40,17,63,99,0,5,66,69,34,24,24,48,7,5,113,121,83,0,0,0,0,0,0,0,0,84,22,1,0,8,3,7,39,16,11,2,34,121,121,41,20,23,0,2,93,121,121,81,121,0,0,0,0,0,0,0,0,31,3,0,0,4,5,57,64,11,2,10,71,73,27,50,66,10,1,14,121,110,33,3,15,0,0,0,0,0,0,0,0,11,13,1,0,0,0,9,27,19,42,23,8,10,16,29,63,3,9,9,40,121,61,9,2
0,0,0,0,0,0,0,0,0,0,0,0,0,0,0,0,5,11,13,4,0,0,0,0,32,20,46,26,1,0,0,7,8,1,0,0,0,0,0,1,49,36,26,0,0,1,3,11,41,62,64,8,1,8,22,10,51,25,49,114,22,0,6,29,41,31,25,18,0,0,0,3,115,45,6,3,17,27,22,31,13,6,7,2,36,133,133,42,74,19,4,42,10,21,133,133,64,15,18,39,11,18,25,83,20,11,2,10,44,91,93,20,28,50,3,1,133,133,49,6,133,133,6,2,6,27,35,61
1,12,1,0,0,0,0,0,16,24,0,0,1,1,7,6,29,139,87,0,1,6,3,1,2,109,139,51,14,2,0,0,1,7,1,1,1,0,0,0,105,31,3,3,4,0,0,7,139,139,26,0,0,0,2,96,38,60,64,52,64,22,8,40,7,4,1,0,0,0,0,0,87,32,4,1,0,0,0,19,139,45,0,0,0,0,6,139,58,16,6,16,8,13,67,63,6,2,0,0,0,0,0,2,24,53,17,0,0,0,0,23,50,36,54,10,0,0,6,139,9,0,2,4,1,9,65,139
1,4,0,0,0,0,0,0,9,20,7,1,0,0,0,0,44,127,21,1,0,0,0,0,60,120,106,23,1,3,2,3,1,36,101,2,0,0,0,0,55,31,91,33,0,0,0,2,127,127,14,3,0,0,1,26,49,67,12,10,20,15,12,33,0,90,127,18,11,2,0,0,18,15,126,127,115,12,0,2,127,9,6,19,24,3,8,82,23,1,0,2,11,45,45,69,2,7,15,2,32,18,6,26,1,0,2,17,127,40,1,2,24,8,7,13,48,8,30,79,24,52,3,0,1,15,58,32
0,0,0,0,0,9,42,0,2,1,1,3,9,99,133,2,21,70,13,2,1,60,133,24,13,44,29,49,36,17,29,16,0,0,0,0,1,5,6,0,50,4,0,0,6,53,67,32,133,121,14,0,4,20,14,48,18,51,24,26,27,122,35,7,0,0,0,0,0,1,0,0,131,16,0,0,2,20,12,16,133,50,0,0,46,32,3,21,31,1,0,6,133,110,20,29,0,0,0,0,0,0,0,0,112,53,2,0,0,0,0,3,133,39,0,0,22,41,21,19,6,0,0,8,94,74,11,12
97,68,0,0,0,0,0,1,147,124,0,0,0,1,42,77,43,10,1,11,12,16,147,78,24,8,36,72,25,6,32,40,61,7,0,0,0,0,0,6,147,37,9,10,2,4,11,46,72,21,22,62,18,28,57,45,68,7,7,1,0,15,118,75,7,0,0,0,0,0,0,0,147,10,0,0,1,11,41,55,24,7,10,19,14,83,95,32,7,14,7,9,3,39,130,13,0,0,0,0,0,0,0,0,37,3,0,0,0,0,9,30,88,27,36,48,7,4,8,48,7,58,47,52,7,4,5,2
4,2,0,0,0,0,0,2,79,33,2,1,0,6,46,77,12,8,4,9,14,40,119,48,20,6,0,0,1,3,132,80,16,0,0,0,0,0,0,2,133,75,24,20,3,0,4,23,19,31,48,133,57,12,31,10,7,58,62,21,5,5,56,29,21,3,0,0,0,0,0,2,133,59,9,4,6,3,0,53,52,61,69,68,59,11,0,18,14,100,133,38,7,0,0,3,2,11,10,0,0,0,0,0,61,133,109,4,0,0,0,3,25,71,75,41,34,3,5,22,39,44,44,22,24,6,25,92
10,19,6,0,11,71,60,32,3,2,0,5,114,114,5,0,114,65,8,11,51,19,8,23,43,37,31,25,47,33,19,21,8,10,20,11,26,56,57,51,8,5,4,4,88,114,13,9,114,37,4,1,10,17,7,42,111,105,50,9,6,15,18,26,4,6,13,16,76,57,35,49,20,58,55,11,49,40,8,21,77,82,89,14,2,3,9,18,99,25,14,5,3,28,29,59,0,0,0,0,3,31,35,37,16,13,4,0,1,12,85,90,14,9,14,8,0,4,114,89,95,20,13,2,0,1,26,65
0,53,113,30,2,0,0,0,0,46,114,25,11,9,1,0,51,50,48,14,6,4,1,16,20,19,114,44,6,11,7,15,1,30,59,63,33,16,18,3,3,13,35,31,50,114,31,4,107,19,4,8,14,40,12,38,45,30,41,13,9,28,18,27,19,40,37,103,73,14,7,2,3,2,9,114,108,26,3,1,114,23,6,32,16,5,1,20,114,68,49,6,3,0,0,6,18,15,7,17,80,83,40,9,23,20,43,75,86,22,8,11,87,3,4,54,78,14,5,57,114,24,1,5,9,0,1,65
69,18,28,22,4,8,43,119,32,15,10,25,19,45,65,95,41,19,3,13,35,25,87,119,23,23,3,15,38,19,34,25,6,3,56,119,26,0,13,31,9,1,9,53,16,10,90,74,82,26,2,2,2,6,87,100,18,19,4,0,29,77,62,36,0,0,1,119,85,48,7,3,11,6,17,119,54,9,6,4,119,26,13,26,7,36,31,40,11,7,1,0,49,119,26,9,15,8,1,31,64,91,15,6,25,25,44,60,25,31,21,8,2,1,15,59,57,56,21,5,0,0,0,1,12,41,7,0
0,20,4,0,0,0,0,0,3,42,48,0,0,0,0,0,1,46,129,0,0,0,0,0,79,118,52,1,0,0,1,6,23,15,4,2,1,0,0,1,129,129,74,1,0,0,1,13,24,96,129,17,4,3,9,7,22,31,104,53,34,16,9,11,26,1,0,1,0,0,2,15,129,15,3,0,0,0,57,129,25,8,19,4,5,28,129,125,5,7,8,10,37,121,81,7,7,0,0,0,0,0,1,11,4,1,0,0,0,0,25,52,4,0,0,0,0,5,111,76,87,28,7,0,0,15,55,45
31,5,3,1,0,0,0,23,32,6,9,117,25,0,0,30,2,9,17,117,13,0,0,0,3,15,2,1,0,0,0,0,28,21,30,2,0,4,27,41,117,24,11,49,11,2,4,61,19,34,22,117,76,4,1,1,60,117,7,7,3,0,1,12,93,21,2,0,24,60,72,73,117,33,6,9,12,10,39,63,39,55,20,14,51,19,37,40,48,83,41,35,7,4,8,36,81,117,26,1,21,25,1,3,66,117,57,114,28,3,6,3,51,12,51,91,28,7,21,91,30,13,17,22,8,19,55,85
0,0,0,0,0,7,15,0,4,0,0,0,6,104,141,5,35,63,2,0,2,45,141,30,9,44,25,47,31,22,27,13,0,0,0,0,0,0,2,0,69,2,0,0,0,19,78,43,141,97,2,0,2,16,19,39,24,44,14,20,27,141,26,3,0,0,0,0,0,0,0,0,141,18,0,0,0,1,6,21,141,38,0,0,34,37,4,19,14,0,0,0,114,141,23,20,0,0,0,0,0,0,0,0,94,41,0,0,0,0,0,0,141,34,0,0,19,37,15,21,1,0,0,0,78,70,10,9
8,8,0,2,19,42,24,8,22,2,1,4,11,27,68,130,67,38,68,12,3,5,4,58,6,90,110,5,0,2,2,2,0,0,0,26,45,17,15,7,83,4,2,65,50,7,10,77,149,29,7,1,0,0,1,116,44,24,19,0,4,49,20,14,1,0,0,2,8,11,42,18,98,24,1,15,45,29,36,15,149,76,0,1,5,5,0,12,34,5,0,1,61,100,5,3,1,0,0,0,0,8,50,4,149,8,0,0,0,12,50,37,149,45,1,6,7,1,0,10,15,7,3,36,130,25,0,0
1,0,0,0,0,0,0,0,50,10,0,0,0,0,0,1,81,50,0,0,0,0,0,4,162,95,0,0,0,0,2,124,21,0,0,0,0,0,0,1,142,21,0,0,0,0,0,3,138,56,0,0,0,0,0,5,162,162,0,0,0,0,0,42,21,2,0,0,0,0,0,0,117,4,0,0,0,0,0,14,139,4,0,0,0,0,0,58,162,22,1,0,0,0,27,162,0,0,0,0,0,0,0,0,6,0,0,0,0,0,0,1,41,0,0,0,0,0,0,20,63,3,5,0,0,0,12,48
0,0,0,0,0,0,0,0,25,4,0,0,0,0,0,0,136,67,1,0,0,0,0,22,162,162,112,29,0,0,1,77,11,1,0,0,0,0,0,0,59,12,0,0,0,0,0,1,127,10,0,0,0,0,0,84,162,18,3,3,0,0,41,162,7,2,0,0,0,0,0,0,45,7,0,0,0,0,0,2,40,2,0,0,0,0,0,24,162,51,0,0,0,0,14,147,0,0,0,0,0,0,0,0,3,0,0,0,0,0,0,0,11,0,0,0,0,0,0,9,162,20,0,0,0,0,0,33
1,0,0,1,8,6,28,7,125,47,0,4,14,6,16,16,105,32,8,0,10,58,25,8,15,2,9,7,5,27,45,51,33,1,0,0,0,0,25,14,125,71,0,1,5,3,22,50,60,29,15,21,125,68,24,12,36,5,37,28,23,28,33,97,20,0,0,0,0,0,0,16,110,7,0,0,1,3,90,125,95,18,18,9,28,23,122,125,42,19,51,91,81,9,8,23,0,0,0,0,0,0,0,3,16,0,0,0,0,0,9,40,104,0,0,0,0,0,21,125,40,1,0,6,63,71,82,78
91,13,0,0,0,0,0,60,100,32,31,30,6,14,49,135,25,32,63,51,16,45,53,55,29,17,27,135,53,0,2,36,57,3,0,0,0,0,0,24,135,121,38,8,0,4,18,85,55,81,135,64,4,19,26,25,57,67,27,58,29,19,2,13,43,0,0,0,0,0,0,5,135,23,4,1,0,1,14,129,51,15,30,19,3,23,85,79,5,18,9,2,13,93,42,8,1,0,0,0,0,0,0,0,55,0,0,0,0,0,1,42,32,0,0,0,0,15,27,63,14,24,7,0,1,29,16,7
31,116,8,0,0,0,1,17,12,116,32,0,0,3,9,5,7,67,42,36,0,0,14,15,2,0,18,61,8,0,5,8,116,116,8,0,1,8,6,61,14,57,13,7,15,85,55,22,72,15,2,6,4,11,53,73,11,4,2,31,47,11,1,7,116,69,5,2,1,3,3,55,35,31,16,65,66,43,11,16,116,25,2,12,16,18,74,70,12,6,1,11,34,91,90,10,115,33,0,0,1,12,36,72,12,9,2,6,46,116,58,15,3,0,0,0,10,66,116,33,0,0,0,0,0,51,116,4
0,0,0,0,0,0,0,0,4,0,0,0,13,35,28,9,149,36,5,0,8,13,20,57,70,58,64,1,0,8,17,6,0,0,0,0,0,0,0,0,46,3,0,0,3,7,75,33,149,94,0,0,9,8,18,28,78,22,1,3,45,94,52,20,0,0,0,0,0,0,0,0,117,2,0,0,0,0,9,53,149,38,0,0,14,9,61,149,37,15,31,35,89,40,50,53,0,0,0,0,0,0,0,0,12,0,0,0,0,0,1,37,37,0,0,0,0,0,67,149,123,8,8,7,4,5,45,149
7,2,0,0,0,0,0,0,76,79,16,0,0,0,0,4,43,87,127,89,1,0,0,7,0,3,127,105,1,0,0,0,19,8,0,0,0,0,0,0,127,27,0,0,0,0,0,68,127,50,48,40,4,11,36,127,29,21,105,78,15,10,21,24,4,1,0,0,0,0,0,0,127,49,0,0,0,0,0,11,127,127,68,17,0,1,11,40,24,59,83,29,7,6,12,12,0,0,0,0,0,0,0,0,90,6,0,0,0,0,0,5,127,11,4,2,0,0,18,82,2,7,9,3,1,24,55,18
1,2,0,0,0,0,0,0,0,17,30,6,0,0,0,0,0,1,35,50,0,0,0,0,0,0,3,17,0,0,0,0,37,29,0,0,0,0,0,0,113,129,98,24,0,0,0,8,9,27,129,129,4,0,0,2,0,0,84,125,2,0,0,0,63,23,0,0,0,0,0,2,129,79,14,8,1,1,9,80,45,18,70,111,15,11,39,48,14,5,90,129,76,0,0,3,59,43,0,0,0,0,0,0,129,129,34,16,0,0,3,11,24,47,80,47,1,1,12,12,14,23,12,55,105,3,0,2
51,8,0,0,0,0,0,5,136,121,2,0,0,5,3,45,41,71,6,5,8,34,41,39,45,6,4,13,17,5,13,44,97,17,0,0,0,0,0,6,136,73,3,4,5,9,10,64,62,21,6,31,63,104,51,39,51,2,0,1,9,61,136,66,60,5,0,0,0,0,0,17,123,11,0,0,1,25,108,136,8,1,0,0,14,136,136,27,0,0,0,0,0,56,136,7,1,0,0,0,0,0,0,2,1,0,0,0,0,3,33,17,0,0,0,0,0,18,54,2,0,0,0,0,0,3,13,0
5,20,22,0,0,0,7,15,44,25,7,0,0,0,11,53,6,5,14,1,1,35,54,32,0,0,11,9,22,41,16,0,12,1,0,0,0,15,47,43,134,60,12,0,0,3,26,76,23,62,101,24,1,7,24,11,0,0,42,75,54,9,3,2,52,0,0,0,0,12,21,34,134,17,0,0,10,20,19,59,37,8,9,12,25,62,109,80,2,0,4,30,96,134,55,63,47,0,0,0,0,0,2,44,134,1,0,1,12,7,57,134,27,7,31,42,53,23,45,97,0,0,7,27,130,134,35,16
