5,5,5,22,116,89,17,14,170,90,12,20,22,4,14,57,170,20,0,0,0,26,17,15,44,0,0,0,0,9,10,30,69,8,4,5,49,115,36,89,170,118,9,5,1,2,4,67,145,21,0,0,2,60,23,25,36,0,0,0,0,6,6,53,83,9,0,0,23,26,3,19,170,16,0,0,0,9,3,42,80,0,0,0,1,62,23,41,38,0,0,0,0,1,2,30,0,0,0,0,0,0,0,0,6,0,0,0,0,0,0,0,8,0,0,0,0,4,1,3,7,0,0,0,0,0,0,2
4,0,0,0,0,0,0,2,133,0,0,0,0,0,0,32,150,0,0,0,0,0,0,14,134,0,0,0,0,0,0,4,21,0,0,0,0,0,0,2,150,3,0,0,0,0,0,7,150,1,0,0,0,0,0,3,150,0,0,0,0,0,0,4,41,0,0,0,0,0,0,3,150,4,0,0,0,0,0,4,150,1,0,0,0,0,0,4,150,0,0,0,0,0,0,4,43,0,0,0,0,0,0,23,150,1,0,0,0,0,0,42,150,0,0,0,0,0,0,10,120,0,0,0,0,0,0,12
4,118,91,0,0,1,0,0,4,118,118,0,0,0,2,3,4,94,118,30,2,2,3,9,0,3,69,25,5,13,2,0,13,118,20,0,0,6,34,11,13,47,23,0,1,44,57,23,56,14,3,4,29,34,26,63,2,0,2,4,46,118,39,5,47,10,1,1,1,7,65,62,40,9,3,9,18,40,28,23,100,21,0,0,78,89,29,49,25,3,0,0,107,118,24,20,82,54,4,4,6,4,3,24,14,7,2,14,65,54,25,19,6,0,0,3,33,109,98,44,63,3,0,2,31,87,12,21
47,0,0,0,79,38,16,51,157,11,0,0,0,0,14,82,123,12,0,0,0,4,19,17,9,0,0,0,1,7,19,12,22,5,3,22,149,49,32,46,157,23,3,8,8,4,27,134,130,2,0,0,0,29,23,24,41,0,0,0,0,2,7,27,41,17,8,17,52,76,26,58,157,87,9,8,3,4,3,37,87,4,0,0,3,44,17,32,22,0,0,0,0,1,2,40,74,3,0,0,30,31,7,39,157,6,0,0,0,10,3,60,41,0,0,0,2,39,14,34,15,0,0,0,0,0,0,18
10,1,0,0,62,43,0,1,65,0,0,0,61,49,7,36,138,18,0,0,0,0,3,32,100,18,0,0,0,0,5,8,1,0,0,0,96,72,2,2,35,2,0,9,125,52,43,80,138,15,0,1,2,1,23,120,86,10,0,0,0,9,17,9,0,0,0,0,54,138,7,2,52,32,13,32,64,50,17,34,138,94,8,6,2,3,3,15,58,3,0,0,0,25,12,13,1,0,0,0,57,102,5,3,127,13,1,0,13,28,13,71,138,33,1,0,0,10,4,22,20,0,0,0,0,23,10,18
3,0,0,1,6,9,56,40,36,0,0,0,0,0,14,111,92,38,1,0,1,2,4,51,13,20,2,2,27,52,24,12,25,31,4,25,63,5,5,27,88,56,44,5,0,0,0,54,113,37,9,3,12,26,8,63,13,6,1,5,94,113,14,11,85,113,20,36,82,5,0,0,71,113,113,85,36,5,0,0,53,72,35,40,41,9,3,12,5,9,33,78,108,22,1,2,97,113,31,16,13,1,0,0,78,55,13,39,98,14,0,0,8,45,42,19,30,9,3,5,0,9,71,31,19,54,2,0
27,5,0,0,2,59,75,44,15,3,6,20,45,22,22,66,2,0,2,46,75,86,75,16,0,0,10,39,68,47,10,3,31,2,1,35,49,35,34,57,121,24,12,31,16,4,11,96,18,9,20,121,77,6,0,1,0,0,52,111,9,1,0,0,28,26,24,121,33,2,2,10,121,81,17,10,8,5,2,20,30,6,27,63,98,14,2,9,0,5,118,52,9,0,0,0,69,48,5,15,9,7,22,95,31,121,37,2,0,0,0,1,3,25,117,14,4,0,0,0,0,27,121,2,0,0,0,0
0,0,0,3,105,46,19,6,8,0,0,5,24,37,103,47,134,2,0,0,2,9,16,51,134,14,0,0,0,0,1,15,0,0,0,44,134,17,1,0,29,3,1,87,65,6,17,26,134,9,1,4,2,0,3,61,134,3,0,0,0,0,0,20,0,0,0,7,84,57,3,3,24,23,25,40,50,30,6,15,134,64,17,6,1,0,0,11,134,1,0,0,0,0,1,38,2,0,0,0,103,49,2,5,83,5,2,0,24,22,4,50,134,14,2,0,0,0,0,19,124,4,0,0,0,0,3,22
2,0,0,2,32,4,2,2,10,0,0,2,61,40,18,29,82,0,0,0,21,19,11,103,5,0,0,2,142,104,0,7,11,0,0,7,39,0,0,13,27,2,2,35,142,9,1,5,142,6,2,4,56,40,4,37,8,0,0,0,142,142,4,6,17,2,0,5,11,0,0,17,7,10,19,92,51,0,0,1,51,37,20,19,119,29,0,5,2,0,0,11,142,112,6,6,10,1,0,0,0,0,1,13,2,0,3,17,12,5,3,4,0,3,4,22,106,6,0,0,0,0,0,121,142,2,0,1
141,58,3,11,6,0,0,24,141,52,0,0,0,3,3,10,20,13,2,2,0,1,3,13,1,1,2,15,8,1,0,0,141,141,14,8,6,0,0,0,104,99,1,2,52,49,19,14,70,1,0,0,6,14,19,77,12,0,0,6,20,5,0,4,141,141,3,5,29,2,0,0,30,42,4,14,141,37,2,3,141,31,1,1,14,6,2,15,27,3,0,12,24,1,0,0,88,100,2,18,31,0,0,7,6,20,18,79,102,4,0,0,70,56,11,6,2,0,0,0,13,3,2,6,10,1,0,0
0,0,0,68,104,12,0,0,106,2,2,11,5,8,5,6,156,13,0,7,30,2,0,4,15,3,1,13,78,23,3,1,0,1,64,156,39,0,0,0,99,18,93,156,1,0,0,1,156,19,11,8,38,11,3,38,13,0,0,1,102,24,2,6,5,7,52,61,18,6,12,15,14,14,107,156,3,0,7,11,103,41,67,62,23,20,6,27,5,0,0,0,34,45,8,12,0,0,0,17,23,10,22,22,10,2,7,25,8,1,17,53,2,2,13,31,97,9,1,3,5,0,0,0,40,14,2,7
3,28,19,0,0,0,0,0,0,19,61,11,10,7,1,0,8,51,54,4,4,5,2,4,6,91,26,0,0,3,5,2,1,81,63,0,0,67,27,0,12,27,43,7,16,146,82,14,146,35,9,2,7,43,40,60,28,21,5,3,44,19,6,2,1,12,4,0,1,146,136,0,100,6,0,0,0,146,105,16,146,38,0,1,5,9,13,38,26,10,7,15,60,5,2,7,0,1,6,13,9,48,19,0,87,54,11,3,0,6,2,1,146,92,1,0,0,0,1,23,15,39,33,3,4,1,2,8
5,7,18,16,16,12,3,8,32,81,31,7,4,6,7,8,27,21,1,13,3,0,0,7,0,0,0,70,14,0,0,4,21,5,4,1,0,0,25,149,18,15,4,0,0,0,10,35,41,9,1,1,0,0,2,23,6,6,11,41,3,0,0,0,80,0,0,0,0,0,12,149,82,13,0,0,0,0,4,149,54,38,0,0,0,18,9,5,7,7,3,5,1,72,79,6,98,50,5,0,0,0,0,149,149,44,0,0,0,10,6,149,29,7,0,1,13,149,43,13,4,10,10,2,4,149,107,17
85,12,0,0,0,0,0,0,143,60,0,0,0,0,0,7,77,90,0,0,0,0,0,10,33,26,0,0,0,0,0,1,122,2,0,0,0,0,0,0,143,6,0,0,0,0,0,49,143,17,0,0,0,0,0,63,45,71,0,0,0,0,0,4,111,0,0,0,0,0,0,21,143,44,0,0,0,0,0,25,143,86,0,0,0,0,0,5,74,94,3,0,0,0,0,0,81,0,0,0,0,0,0,41,143,8,0,0,0,0,0,67,143,17,0,0,0,0,0,41,73,7,0,0,0,0,4,54
18,4,5,27,26,0,0,0,143,40,1,5,6,0,0,12,62,34,5,6,2,22,8,7,3,6,2,35,50,95,13,0,24,1,7,16,70,14,0,0,143,6,0,1,17,2,0,16,70,1,0,3,54,123,12,6,0,8,29,6,19,143,23,0,11,22,33,16,47,14,0,0,143,79,17,5,10,0,0,10,71,23,10,79,125,22,0,3,16,111,96,23,23,14,0,0,0,51,95,26,3,0,0,0,71,143,49,3,0,0,0,0,34,42,9,85,61,3,0,1,67,45,7,19,16,6,1,4
10,16,0,0,0,0,0,0,14,7,2,26,19,0,0,0,0,0,33,209,197,0,0,0,0,28,209,209,58,0,0,0,6,11,0,0,0,0,0,0,26,5,1,2,0,0,0,4,22,5,34,127,0,0,0,2,2,1,91,209,2,0,0,0,0,19,4,0,0,0,0,0,8,25,5,0,0,0,0,0,37,9,2,1,0,0,0,4,13,2,7,94,15,0,0,9,0,14,12,0,0,0,0,0,0,15,6,0,0,0,0,0,7,5,0,0,0,0,0,4,5,0,0,3,3,0,0,17
0,0,18,1,0,0,0,0,3,13,13,0,0,0,0,0,6,17,3,43,63,0,0,0,0,0,11,188,188,0,0,0,1,0,6,1,0,1,2,3,9,8,5,0,0,0,0,0,22,9,1,9,58,8,0,1,0,0,0,68,188,58,0,0,20,1,0,0,1,2,2,15,9,1,0,0,0,0,0,2,12,0,0,8,52,8,3,8,0,0,0,95,188,46,0,0,17,0,0,0,5,6,39,38,1,0,0,0,0,5,66,16,0,0,0,0,20,39,59,5,0,0,0,10,188,188,5,0
22,5,7,21,1,0,1,125,125,63,6,5,0,0,0,44,73,15,0,21,45,0,0,1,0,0,0,75,62,0,0,0,47,15,102,109,0,0,0,84,125,58,23,4,0,0,3,99,75,15,7,31,5,0,19,21,0,0,8,125,12,0,1,3,9,21,88,67,3,5,22,10,103,67,43,11,3,10,40,29,32,2,6,7,2,9,125,125,33,4,17,44,1,0,11,99,7,48,32,1,0,2,23,19,6,45,64,22,3,4,22,19,16,10,115,39,2,4,22,35,31,13,42,2,0,0,12,93
72,51,4,1,1,0,3,40,85,50,65,50,25,0,0,35,59,122,94,7,1,0,0,3,18,54,7,2,9,8,1,0,47,92,21,4,20,23,22,40,122,36,12,0,1,5,23,68,66,48,19,0,0,37,69,10,0,6,2,1,8,100,79,1,44,85,10,2,50,122,25,22,122,95,6,3,5,20,22,50,27,21,33,20,17,86,102,21,13,25,40,30,28,56,48,12,16,122,6,0,2,20,9,0,14,122,26,3,1,15,10,0,1,17,46,17,4,30,56,1,2,22,31,4,0,24,87,2
23,3,0,0,8,132,109,18,109,14,0,3,6,25,60,59,14,2,0,3,20,16,15,65,8,0,0,37,91,9,3,26,93,56,0,0,33,115,4,4,132,69,6,15,21,2,1,7,47,6,4,37,125,19,4,44,49,1,1,40,26,12,14,60,88,84,0,0,9,15,0,2,132,14,0,8,21,0,0,30,54,0,0,63,132,1,0,20,44,9,1,6,20,9,20,49,40,43,2,0,0,0,0,1,132,6,0,1,6,0,0,34,50,2,0,41,132,0,0,12,60,34,2,9,30,0,0,12
5,2,3,6,42,63,9,0,129,19,0,2,29,11,0,8,39,4,0,1,129,20,0,2,0,0,0,0,50,35,5,0,13,9,28,42,64,4,1,4,129,15,0,11,56,4,0,9,43,2,0,0,129,53,0,2,0,3,0,0,68,94,2,0,48,13,7,37,70,4,0,27,124,30,6,24,52,17,4,13,19,3,1,0,129,129,4,7,6,106,4,0,45,104,3,0,69,31,3,42,16,0,0,3,12,13,14,43,34,8,1,2,2,34,83,52,122,52,0,0,0,129,82,14,12,10,0,0
96,44,3,0,0,0,0,9,109,53,39,32,8,0,0,13,52,15,9,74,50,1,1,23,2,0,0,119,119,1,0,3,98,51,3,2,1,0,0,5,119,21,3,25,21,4,0,26,31,0,1,41,100,27,9,49,8,0,0,69,119,4,2,24,89,82,0,0,3,1,0,0,119,54,0,2,38,38,4,5,42,0,0,7,116,119,16,48,51,0,0,55,119,4,4,52,34,88,12,0,0,1,2,0,34,21,0,10,44,30,22,1,25,5,8,52,97,45,23,15,43,3,2,19,52,4,13,53
18,34,32,32,13,4,9,30,65,65,9,5,10,1,4,81,4,3,1,9,117,18,0,2,11,2,0,1,83,27,0,3,33,9,15,121,31,2,3,59,121,54,12,42,15,0,2,45,24,8,2,52,121,6,0,4,3,0,0,14,115,9,1,5,76,2,6,46,1,0,0,121,100,16,25,67,4,0,4,69,16,1,0,104,94,2,16,57,0,0,0,78,121,11,1,0,57,0,0,0,0,0,2,121,42,2,7,40,9,1,14,121,1,0,0,42,47,29,37,49,0,0,1,47,88,33,20,4
37,30,6,9,14,4,2,17,143,92,7,0,0,0,0,17,111,69,0,0,1,1,0,0,1,1,0,0,4,2,0,0,19,2,0,0,2,19,68,93,143,13,0,0,0,0,13,92,143,12,0,0,0,5,1,6,0,0,0,0,1,8,3,0,57,112,5,5,2,11,69,79,143,143,1,0,0,0,8,49,109,20,0,0,0,5,1,5,0,0,0,0,0,6,4,1,121,143,14,9,1,0,1,12,82,143,2,0,0,0,0,10,12,16,0,0,0,4,4,1,0,0,0,0,0,3,3,0
29,6,3,7,4,2,9,19,68,1,0,0,0,0,24,106,96,0,0,0,0,0,0,99,3,0,0,0,3,4,0,5,0,0,0,2,26,59,70,9,52,3,0,0,0,9,125,121,129,10,0,0,0,0,4,129,28,0,0,0,1,2,0,18,1,3,11,25,53,96,41,2,129,81,6,3,0,9,61,35,129,129,0,0,0,0,1,24,33,9,0,0,0,3,1,4,0,5,43,94,29,6,0,0,129,56,21,12,4,3,3,38,129,24,0,0,0,0,6,127,8,1,0,0,0,2,6,35
2,2,0,0,10,12,49,40,0,0,0,14,68,58,16,2,39,17,9,42,44,31,5,8,8,7,6,122,121,1,0,0,0,0,0,0,1,11,104,86,9,2,3,6,19,122,93,10,122,37,7,13,6,56,19,32,56,20,10,122,107,2,1,7,4,0,0,0,1,4,45,118,28,9,49,36,15,28,13,63,122,36,33,16,2,4,6,101,52,8,7,52,76,8,16,85,13,0,0,0,0,0,7,66,48,2,4,3,0,0,4,122,85,69,42,9,1,0,2,42,44,26,34,31,0,0,0,35
72,3,0,1,3,0,0,8,138,68,0,0,3,0,0,2,69,63,11,22,78,0,0,0,19,113,26,6,19,14,0,0,94,7,3,3,1,0,0,7,138,68,1,2,6,0,0,21,94,38,5,19,68,5,0,11,46,19,1,1,67,53,0,13,68,37,3,0,0,0,0,5,138,99,1,1,7,7,1,38,68,7,0,2,58,55,24,39,24,0,0,0,68,94,28,27,122,41,0,0,0,0,0,3,138,130,4,5,18,26,5,4,8,10,2,9,97,79,25,17,5,1,0,3,45,50,29,19
0,0,0,1,2,7,1,0,60,14,0,4,29,38,2,0,179,59,1,2,25,3,0,0,23,6,1,7,115,62,23,8,0,0,0,4,6,0,0,0,99,6,1,22,41,3,0,3,179,18,1,11,33,0,0,8,41,7,9,112,179,25,3,5,0,0,1,2,1,0,0,0,72,10,6,36,17,3,0,3,179,13,1,11,7,0,0,30,45,7,29,146,60,3,0,5,0,0,0,0,0,1,2,0,42,0,0,2,6,21,9,7,179,6,0,0,1,2,1,30,44,2,2,11,32,15,4,6
0,1,3,2,0,0,1,1,96,22,2,0,0,0,0,20,151,72,1,2,5,3,0,67,25,12,2,20,69,32,19,24,0,0,0,0,0,3,7,6,151,7,0,0,0,1,2,33,151,59,2,3,7,20,4,42,26,14,4,26,122,134,8,8,1,9,13,0,0,0,1,1,147,54,14,0,0,0,0,3,151,44,1,0,11,47,15,36,8,26,56,11,54,119,8,7,4,44,42,15,0,0,0,0,55,132,50,0,0,0,0,0,111,48,5,0,1,6,9,18,43,52,22,1,2,3,2,1
0,0,0,0,5,106,31,0,1,2,1,0,12,63,24,2,27,8,12,5,6,17,4,7,60,5,1,0,0,0,0,38,6,1,0,15,34,119,104,16,119,53,15,3,4,38,66,49,27,46,67,23,20,21,5,7,79,31,5,0,1,3,3,28,16,13,8,110,119,56,18,16,119,40,6,5,5,11,32,119,44,37,20,8,30,38,19,37,51,89,18,1,2,3,6,11,2,6,23,19,119,119,16,15,79,94,14,2,2,8,32,119,92,99,11,7,2,1,10,38,10,21,7,14,17,17,63,16
48,115,27,4,1,2,19,37,48,41,0,0,0,0,8,58,7,1,0,5,93,36,2,9,0,0,0,106,115,58,0,0,55,38,5,13,44,19,58,85,115,36,0,0,4,2,20,94,15,4,0,6,115,47,6,11,0,0,4,103,89,19,0,0,41,84,18,28,47,25,12,5,84,39,0,0,1,52,115,86,52,12,11,35,48,9,30,68,0,0,55,74,20,1,0,0,6,3,8,16,34,115,18,6,115,38,0,0,2,66,38,30,111,56,3,8,4,0,1,8,0,0,7,23,18,29,1,0
0,3,30,18,20,109,22,0,69,48,68,13,8,57,26,28,111,60,77,9,0,0,0,10,6,17,111,4,0,0,0,0,9,18,33,11,9,9,82,79,78,89,111,7,1,1,11,63,46,90,40,0,0,11,20,2,9,14,5,0,0,36,51,2,16,111,111,0,0,0,23,40,107,97,56,1,11,16,11,37,17,5,3,1,15,89,85,4,0,0,0,0,36,111,86,0,0,44,68,2,3,5,11,1,0,13,24,8,38,19,3,0,0,0,0,24,81,38,8,0,0,0,0,0,111,106,4,0
13,1,0,0,0,7,5,8,76,56,15,14,3,0,1,18,35,15,16,67,29,2,0,19,91,0,0,3,9,16,7,77,50,4,0,0,0,8,4,3,134,95,14,23,22,2,0,7,36,23,14,91,134,13,0,9,129,12,4,4,26,4,1,49,54,0,0,1,1,2,1,10,134,3,0,1,21,37,17,87,34,26,0,5,134,121,12,15,113,114,4,3,27,5,0,2,11,1,1,2,9,4,0,11,71,9,0,0,3,18,22,108,44,111,0,0,16,40,15,14,48,134,4,9,29,11,0,0
20,3,0,0,0,1,29,58,30,0,0,0,0,0,11,120,7,0,0,0,16,25,40,59,0,0,0,1,120,120,8,1,20,23,9,25,28,9,14,14,120,22,1,2,3,5,12,61,36,5,0,0,28,92,24,20,0,0,2,10,120,117,6,0,11,8,5,26,34,21,37,49,84,21,3,5,4,11,23,73,17,10,48,42,34,92,17,14,0,2,81,120,52,66,3,0,11,0,0,0,2,42,120,64,120,4,0,0,0,11,55,120,58,25,44,12,0,0,7,60,5,4,69,112,13,0,0,14
7,0,0,0,1,2,14,13,38,3,1,0,0,0,0,5,4,1,4,28,18,0,0,0,2,2,12,91,47,0,0,5,24,2,15,17,0,1,3,10,73,9,1,0,0,0,0,5,10,13,17,16,7,0,0,0,12,17,13,64,35,0,0,0,8,3,159,162,6,0,0,1,52,11,29,73,1,0,0,9,44,36,14,8,0,0,0,7,29,29,21,76,14,0,0,0,1,0,52,162,131,58,132,49,3,11,122,162,57,14,6,1,12,79,141,9,0,0,0,0,11,90,103,31,0,0,0,0
9,1,0,0,3,138,90,4,135,55,0,0,0,53,57,14,75,100,1,1,2,6,4,1,1,5,1,11,10,27,16,0,67,23,0,0,0,60,38,9,138,53,0,0,0,9,9,14,82,29,0,0,1,138,61,8,0,0,0,1,3,138,108,0,63,14,0,0,0,0,0,18,138,2,0,0,2,60,32,68,17,0,0,0,2,138,104,14,0,0,0,2,3,82,69,2,23,0,1,3,0,0,0,68,51,0,0,0,21,42,9,51,0,0,0,0,27,65,26,12,0,0,0,0,3,17,22,4
12,10,51,7,0,0,0,33,5,6,84,42,0,0,0,3,0,0,29,57,9,0,0,0,144,13,5,29,9,0,0,1,58,17,9,0,0,0,0,54,144,35,92,75,0,0,0,31,10,6,92,144,1,0,0,0,144,27,23,78,2,0,0,1,70,38,1,0,0,0,0,4,144,28,9,11,0,0,0,15,73,7,28,144,20,0,0,5,66,31,22,144,21,0,0,1,40,30,1,0,1,5,9,7,144,36,0,0,0,0,1,11,56,5,0,24,21,1,5,8,12,16,14,78,45,0,0,0
0,0,0,0,2,33,16,1,45,10,1,0,0,7,10,15,71,92,13,0,0,0,0,2,154,91,3,0,0,0,0,10,1,0,1,15,17,14,5,1,90,8,1,1,0,1,3,31,154,51,0,0,0,0,0,24,154,79,0,0,0,0,0,8,1,0,1,8,14,38,20,8,87,26,1,0,0,0,7,24,154,50,0,0,0,0,0,6,154,91,0,0,0,0,0,1,5,0,0,0,5,37,15,12,141,9,0,0,0,0,4,41,154,44,0,0,0,0,0,4,154,24,0,0,0,0,6,32
6,2,0,33,118,0,0,0,120,34,1,13,43,0,0,0,119,120,0,0,0,4,12,5,90,120,0,0,0,13,120,56,7,1,0,19,120,2,0,0,120,35,0,13,54,2,5,11,103,44,0,0,0,107,84,20,19,2,0,0,0,74,120,44,4,0,0,13,120,3,0,2,100,3,0,6,62,14,27,70,33,5,0,0,0,92,69,24,42,5,0,0,0,16,17,16,1,0,0,0,95,26,0,2,37,5,0,0,58,17,7,37,41,22,0,0,0,2,7,10,12,3,0,0,0,4,6,7
110,10,11,6,4,0,0,26,15,42,32,12,0,0,0,0,10,36,24,39,18,0,0,0,23,0,3,42,103,10,5,36,147,6,4,9,28,0,0,52,70,12,14,53,10,0,0,11,49,12,4,25,38,0,0,4,24,0,0,31,147,27,4,17,147,1,0,2,37,4,3,58,145,8,10,65,6,0,0,27,39,17,8,45,35,0,0,0,18,1,0,54,147,13,1,10,147,0,0,3,9,4,19,72,147,2,4,26,2,0,0,57,7,4,12,57,24,0,0,2,5,1,1,36,147,2,0,1
36,133,15,7,107,133,0,0,95,133,0,0,2,10,2,1,51,24,0,0,1,8,4,16,15,0,0,0,68,89,1,4,61,133,13,4,18,18,0,0,42,74,0,0,2,46,9,4,77,0,0,0,11,49,9,20,8,0,0,1,112,133,0,4,67,54,1,0,1,7,13,18,26,4,0,0,9,44,16,9,54,4,0,0,55,127,6,8,5,29,2,4,94,133,1,0,21,0,0,0,0,5,37,21,10,0,0,0,1,19,39,32,12,6,0,0,62,133,10,13,26,68,1,3,37,52,0,0
27,31,0,0,0,0,1,22,12,13,1,0,2,8,9,22,7,23,60,10,4,10,49,22,0,1,47,27,1,2,77,36,16,15,0,0,0,0,1,31,72,17,1,0,0,0,5,37,154,131,105,20,0,0,0,5,8,19,134,154,42,0,2,0,8,38,3,0,0,5,1,0,78,10,2,0,0,33,18,37,154,32,6,6,1,1,5,70,49,16,12,89,154,0,0,1,5,3,0,1,6,43,8,5,71,31,0,0,2,81,17,16,154,31,0,0,1,4,8,72,50,2,3,27,99,18,16,25
37,117,29,2,0,1,6,13,27,104,59,9,0,0,33,48,4,3,40,40,1,0,40,39,0,1,25,12,0,0,54,46,10,17,32,26,75,34,33,19,20,4,1,1,2,16,123,123,93,16,14,15,0,0,46,123,14,20,56,15,0,0,1,5,0,0,0,4,82,123,27,0,123,18,0,0,5,58,73,57,123,83,0,0,0,0,3,52,18,12,1,2,0,0,0,6,0,2,27,31,94,48,3,0,105,22,67,20,4,11,6,57,123,35,7,0,0,0,0,123,23,2,0,0,0,0,0,10
7,1,0,1,3,52,36,12,28,24,11,1,1,13,15,7,0,11,40,66,8,2,2,0,42,16,17,129,22,0,0,5,19,1,9,103,30,26,11,19,144,30,18,7,0,1,3,39,16,24,58,33,4,0,0,0,14,1,7,115,71,0,0,5,6,20,101,144,12,0,0,1,144,41,80,91,0,0,0,11,52,7,9,33,15,0,0,3,1,0,1,80,59,0,0,0,0,20,144,144,9,1,2,0,12,8,94,144,92,1,0,3,11,2,1,24,32,4,4,11,0,0,0,18,33,2,0,0
4,2,1,1,3,61,31,9,63,31,5,1,4,12,5,11,177,68,0,0,0,0,0,1,71,12,0,0,0,0,0,2,6,11,51,12,4,8,5,6,114,8,8,8,1,0,0,33,177,28,0,0,0,0,0,13,66,10,0,1,2,1,3,10,0,0,11,11,28,12,1,0,109,5,2,7,10,22,11,24,177,26,0,0,0,0,6,70,46,6,1,3,23,22,17,18,0,0,13,4,7,51,35,0,51,22,11,14,7,74,34,47,177,91,13,2,0,2,25,177,10,14,12,12,7,17,74,61
6,21,16,9,0,0,0,0,18,29,17,5,0,0,2,4,3,7,37,46,15,0,1,2,68,62,10,35,27,0,0,4,5,87,126,22,4,0,0,1,19,12,73,86,73,2,6,10,124,35,23,47,30,0,4,17,90,33,19,93,51,0,0,20,0,47,126,31,54,71,24,0,26,3,23,55,126,89,4,1,126,11,0,7,43,8,8,22,53,61,12,29,41,9,7,6,0,0,0,0,19,126,126,0,23,1,0,0,42,126,60,17,60,0,0,0,4,12,39,54,78,20,0,0,1,8,30,60
1,7,21,37,75,41,1,0,2,10,43,54,73,3,0,0,24,101,56,19,37,2,0,0,14,126,126,1,1,0,1,0,56,7,5,4,42,74,16,32,43,10,7,13,126,32,0,6,126,126,8,1,31,6,14,38,58,104,55,0,0,16,108,29,62,0,0,11,90,38,18,87,34,1,4,11,113,43,23,40,94,5,5,8,17,9,78,93,9,0,0,1,3,69,126,30,37,1,0,0,30,49,13,35,11,0,1,3,3,6,33,43,0,0,1,4,15,36,17,5,0,0,0,1,3,17,21,12
6,10,2,3,2,0,0,0,12,71,29,15,15,6,0,0,7,121,132,29,3,6,2,0,19,132,78,13,0,0,0,1,10,13,2,1,4,8,1,1,132,132,6,2,4,3,1,12,46,129,73,39,0,0,0,4,3,43,55,19,0,0,0,0,18,1,0,0,6,67,14,19,132,19,0,0,0,11,10,132,87,10,14,17,0,0,41,91,0,12,30,7,0,13,40,8,23,4,4,3,17,41,6,6,132,7,1,0,1,5,24,59,36,0,1,5,2,14,132,69,1,0,0,0,0,28,132,36
19,10,3,6,4,0,0,0,147,42,1,1,0,0,0,1,91,21,11,57,64,1,1,1,34,40,40,36,29,2,3,26,39,4,0,2,4,8,1,4,147,68,0,0,0,1,6,37,84,39,41,31,4,2,42,24,3,18,79,31,3,4,14,3,22,3,2,10,5,4,1,7,132,9,0,0,1,4,71,147,39,2,2,0,0,2,147,147,62,0,1,1,1,4,39,64,0,0,0,3,10,15,4,0,18,0,0,5,12,16,21,69,147,0,0,0,0,0,17,112,147,5,0,2,1,0,0,20
0,0,0,0,2,3,0,0,1,20,17,0,2,3,8,2,1,75,71,2,2,2,2,1,0,134,116,4,2,2,0,0,26,12,1,0,3,8,24,10,103,134,92,1,1,1,1,6,14,134,134,5,4,1,0,1,0,94,95,3,12,57,7,0,64,71,3,0,1,6,9,6,134,86,7,0,0,0,0,70,85,27,27,23,30,3,1,57,5,15,17,55,85,58,7,1,5,134,62,0,0,0,0,0,63,134,53,0,0,0,0,9,46,40,5,4,6,2,3,23,1,6,12,40,26,4,1,1
1,3,32,32,4,0,0,1,13,24,19,47,50,1,0,0,103,135,20,8,9,0,0,0,24,135,41,27,43,11,0,0,60,27,19,22,11,0,4,12,68,36,29,135,68,0,0,4,135,88,2,10,6,0,1,81,48,15,1,18,45,16,15,39,135,25,2,6,36,4,1,5,62,48,19,71,111,5,1,3,135,135,12,13,8,0,0,38,31,14,0,1,1,17,27,33,90,6,0,0,9,8,19,29,71,39,3,4,13,15,30,23,53,78,3,1,1,13,5,4,4,5,0,0,13,100,11,1
50,10,4,0,0,0,0,12,116,84,31,0,0,1,7,30,14,54,68,1,1,49,67,12,0,5,22,5,18,108,74,0,63,5,0,0,0,0,2,18,116,28,1,4,6,5,11,46,13,6,1,19,116,108,61,11,0,1,3,3,52,116,91,0,30,116,25,0,0,0,1,2,91,68,51,21,14,15,24,32,3,4,5,24,116,116,34,7,0,26,50,18,63,31,0,0,1,116,44,1,5,11,0,0,0,38,55,28,49,76,6,0,0,34,51,43,85,32,2,0,0,84,74,18,26,7,1,0
13,7,3,0,0,114,44,14,84,36,0,0,0,29,35,57,34,44,0,0,3,104,50,18,1,0,0,0,19,114,6,0,54,19,0,0,0,61,42,20,114,113,23,8,3,5,10,43,6,13,20,45,107,70,32,13,0,0,2,9,41,64,2,0,71,114,27,0,0,5,9,13,114,110,34,7,7,3,1,40,7,10,14,81,114,10,1,7,0,0,2,39,64,1,0,0,29,114,52,0,0,0,3,2,7,111,58,6,4,38,31,1,0,6,14,42,102,100,33,0,0,0,0,19,57,23,12,0
1,3,54,74,71,9,9,6,11,5,72,118,50,2,0,1,118,27,29,23,4,0,0,30,54,7,23,61,59,5,0,13,8,2,8,7,13,18,112,97,44,47,78,62,53,22,25,18,81,38,96,87,33,0,0,5,91,23,38,29,18,2,0,6,40,0,0,0,1,3,43,70,118,26,6,16,6,0,8,101,64,22,18,118,63,0,0,9,105,24,17,20,3,0,0,6,21,0,0,1,2,0,0,15,118,0,0,1,0,0,0,118,65,2,5,71,17,0,0,87,29,7,11,33,5,2,1,7
5,2,0,0,7,28,12,31,54,1,0,0,18,65,14,19,71,4,0,1,115,35,2,11,0,0,0,0,115,46,0,0,22,13,0,0,19,82,18,43,115,33,0,0,15,79,21,36,64,10,0,0,115,115,11,12,0,0,0,0,115,78,0,0,13,12,1,0,65,115,17,19,79,21,1,0,8,42,50,115,18,20,19,54,75,99,37,24,0,1,4,60,68,23,0,0,8,0,0,0,34,91,28,27,115,26,1,0,5,13,7,94,47,35,21,59,29,2,8,51,0,2,10,115,34,0,0,0
18,1,0,0,0,3,15,60,123,61,14,6,9,11,22,91,28,56,62,108,80,11,2,0,72,74,17,30,26,11,0,0,57,5,0,0,3,2,0,2,154,67,2,6,12,0,0,8,77,63,14,75,154,5,0,1,56,89,23,39,15,1,0,0,56,6,0,2,8,1,0,6,154,10,0,2,8,0,0,60,90,18,7,58,83,2,1,22,36,27,8,11,5,23,11,3,42,26,0,1,5,4,0,1,154,31,2,1,1,1,15,62,42,0,1,9,13,8,79,84,3,0,0,5,42,41,15,14
14,23,31,2,3,27,6,4,1,20,95,14,9,2,2,0,7,71,124,3,0,0,5,12,6,94,124,8,0,0,2,12,119,32,30,4,4,3,2,54,37,28,67,15,25,29,7,19,124,100,97,0,0,2,2,27,20,107,93,9,8,7,0,0,104,8,0,0,12,12,19,124,81,26,3,0,13,55,34,32,124,38,0,0,0,2,1,31,45,11,0,9,24,8,0,9,52,124,12,1,6,1,1,14,27,87,48,1,0,0,3,5,124,21,8,1,0,0,0,83,58,5,0,11,7,0,0,34
29,2,10,37,8,1,0,23,57,26,29,7,0,0,2,39,164,37,4,0,0,0,0,18,101,7,0,0,0,0,0,2,6,1,31,164,9,0,0,8,59,7,6,63,3,0,8,92,164,13,1,0,0,0,1,67,142,12,0,0,0,0,0,1,1,0,2,65,40,42,13,1,54,27,13,86,35,11,1,5,164,78,4,2,0,0,0,7,132,12,0,0,0,0,0,3,1,0,0,0,3,44,24,2,55,31,4,2,11,14,2,0,164,66,0,0,0,0,0,0,74,10,0,0,0,0,0,0
0,1,5,4,61,128,45,0,23,1,0,0,8,89,63,23,129,47,3,0,1,4,2,46,69,51,12,0,0,0,4,94,0,0,0,1,109,110,7,1,59,3,1,7,17,14,13,35,129,104,7,0,0,4,5,39,48,85,31,1,1,80,37,11,14,7,4,33,31,80,20,16,73,56,22,9,8,2,6,19,129,27,6,0,0,20,42,91,28,7,0,0,0,129,89,31,13,28,25,129,32,2,0,1,34,73,20,21,2,0,0,2,13,5,4,13,8,13,33,35,59,27,2,0,0,23,40,19
17,1,0,0,11,26,63,51,8,5,12,12,16,63,26,28,85,25,35,15,8,42,13,30,30,48,69,12,6,3,0,3,1,0,0,1,24,24,144,88,30,1,0,0,3,75,144,105,144,51,0,0,1,35,19,38,64,31,9,6,51,25,0,6,4,5,10,26,86,25,30,18,132,44,9,5,3,3,54,55,144,45,0,0,1,1,4,39,64,8,0,4,78,27,1,11,1,2,8,46,33,13,5,8,79,16,7,3,0,0,2,35,144,15,0,0,1,4,3,98,39,2,0,1,37,80,12,21
1,0,0,3,38,65,41,3,78,26,0,0,9,13,15,52,138,104,7,6,3,0,5,47,11,16,7,23,38,2,1,5,15,4,4,65,33,14,19,6,138,28,1,1,0,1,2,10,138,43,2,7,13,0,0,24,27,5,2,31,116,0,0,2,5,4,4,72,61,13,2,2,138,20,2,6,4,2,8,39,138,17,0,2,9,1,2,128,25,1,0,20,126,5,3,26,0,0,2,28,61,31,3,0,26,18,18,9,17,21,27,73,138,41,4,0,0,0,4,138,47,12,0,16,50,4,3,39
0,54,72,31,4,3,0,0,6,11,42,21,8,13,7,4,146,89,7,6,0,1,3,25,104,44,1,4,10,0,0,12,2,4,9,19,21,53,59,8,32,7,2,12,95,84,33,37,146,63,1,1,3,9,14,94,100,29,0,5,8,1,1,14,11,20,12,5,18,15,29,57,52,46,15,38,123,21,5,12,146,97,6,4,4,1,1,29,107,2,0,0,0,0,1,33,26,3,4,6,6,7,29,119,69,52,37,8,31,14,5,34,146,69,8,0,0,0,3,24,63,2,0,0,0,10,25,36
44,0,0,3,15,2,12,99,25,4,16,11,7,1,29,125,17,3,10,11,16,3,4,14,30,0,0,0,0,0,0,10,40,5,0,7,44,39,38,65,142,87,6,8,4,1,31,127,46,33,11,54,65,3,3,21,45,0,0,1,5,0,0,22,86,9,5,37,11,15,16,13,142,24,1,5,4,0,0,78,104,6,2,73,142,1,0,26,49,0,0,10,26,0,0,26,24,5,4,45,40,14,8,10,142,4,0,1,2,4,19,142,77,4,0,30,81,6,13,135,32,0,0,20,38,0,0,14
42,3,0,0,0,1,34,89,92,4,3,12,6,3,21,117,3,2,15,70,31,1,7,16,3,4,44,63,10,0,0,10,23,47,94,11,0,0,1,16,51,16,51,12,0,0,30,117,117,36,43,18,4,0,15,79,6,7,97,49,9,2,0,0,0,37,117,117,21,0,0,1,15,105,117,38,0,0,0,4,117,75,88,33,5,0,0,21,23,4,5,62,46,5,0,13,14,45,57,59,22,0,0,14,4,117,81,38,5,0,0,0,14,8,27,117,46,0,1,18,33,3,5,46,11,0,1,38
42,63,10,0,0,10,3,3,97,50,9,2,0,0,6,7,5,61,46,5,0,13,23,4,5,46,11,0,1,36,33,3,14,69,32,1,7,17,4,2,43,19,4,0,15,79,117,36,87,34,5,0,0,20,117,76,27,115,47,0,1,19,14,8,3,11,6,3,20,117,94,4,52,12,0,0,29,117,52,16,117,39,0,0,0,4,15,104,81,40,6,0,0,0,3,117,0,0,0,1,33,87,42,4,97,12,0,0,1,15,22,46,117,117,22,0,0,1,0,37,59,57,22,0,0,14,14,46
126,0,0,4,2,0,12,126,16,0,0,71,70,4,21,56,18,0,0,36,27,0,0,26,22,0,0,0,0,0,0,29,60,12,1,0,2,4,73,126,126,13,1,26,18,2,35,126,25,3,2,116,39,0,0,11,26,0,0,10,3,0,0,36,60,126,47,6,3,2,8,24,126,126,16,4,0,0,0,22,42,20,4,115,50,0,0,3,12,1,0,55,28,0,0,18,22,106,53,6,9,2,8,11,40,52,7,1,9,5,38,124,32,15,8,54,16,0,4,59,2,2,10,103,26,0,1,1
1,11,39,11,28,87,9,0,10,0,2,4,10,61,64,53,4,0,1,2,12,23,21,30,44,36,3,3,7,12,16,14,7,3,0,0,117,117,13,1,116,41,0,0,26,58,27,50,51,26,3,2,3,1,9,40,84,117,5,2,2,0,1,2,19,1,0,3,91,117,2,4,85,12,1,3,12,11,16,78,117,46,1,1,0,0,12,102,117,117,0,0,0,0,0,1,19,4,7,79,52,14,0,1,61,20,16,27,4,1,4,18,117,117,13,9,0,0,2,29,117,89,0,0,0,0,0,0
2,6,21,58,17,7,19,5,138,3,8,40,5,0,3,68,138,44,4,0,0,0,0,49,10,31,22,17,19,6,0,0,0,11,129,80,17,0,2,0,87,11,22,130,75,0,0,56,138,36,4,4,4,2,1,115,49,13,4,8,68,46,7,7,0,4,29,46,43,3,2,0,24,57,118,119,48,0,0,1,138,121,42,7,2,14,18,28,22,0,1,6,22,123,34,12,12,7,8,17,42,11,10,15,26,28,48,5,0,0,0,8,6,19,38,4,1,3,5,4,0,0,15,23,10,8,4,1
24,7,8,2,0,0,4,46,9,1,0,10,4,9,35,38,145,6,0,2,1,3,12,21,135,20,0,0,0,0,0,1,2,4,8,2,7,14,16,9,13,2,1,5,28,65,71,32,150,15,0,1,1,7,29,79,150,53,0,0,0,0,0,1,4,0,0,2,15,45,97,46,29,15,9,22,34,22,30,26,150,77,5,4,1,1,2,15,150,53,0,0,0,0,0,0,90,0,0,3,48,44,39,70,74,7,2,0,0,1,33,59,150,40,0,0,0,0,2,20,139,26,0,0,0,0,0,0
71,31,3,2,32,112,33,36,112,2,0,0,10,72,33,66,99,2,0,0,0,0,9,112,2,2,0,0,0,0,35,76,26,19,6,39,112,85,3,4,112,67,1,2,21,47,10,41,87,9,0,0,0,17,32,96,2,0,0,0,0,2,48,103,7,11,21,112,112,31,21,1,102,41,26,33,22,21,20,55,39,7,0,0,8,75,48,88,39,11,0,0,0,11,31,84,0,0,10,30,28,54,57,15,8,11,26,25,35,79,42,27,69,37,8,3,8,28,38,67,48,24,0,3,5,16,15,32
73,29,11,9,2,2,2,80,28,12,22,21,17,20,26,25,119,9,2,0,9,6,11,89,18,1,0,1,50,37,16,15,104,94,15,20,12,0,0,3,48,23,9,97,93,6,4,4,119,20,3,12,34,5,2,32,23,3,1,30,119,107,32,11,80,82,28,23,10,0,0,1,35,25,27,119,47,14,1,1,116,38,22,55,21,6,2,48,25,31,45,119,100,8,2,16,29,41,14,13,15,7,3,4,7,20,8,32,50,48,6,1,83,107,11,13,10,14,4,3,50,73,20,55,74,0,0,0
114,33,4,4,5,14,34,106,62,11,0,1,14,111,64,39,18,17,19,3,5,98,55,8,45,29,11,1,1,8,28,11,97,114,60,22,10,17,1,11,40,30,3,7,106,114,10,20,113,26,21,1,12,27,12,63,17,18,14,0,2,44,42,9,6,60,15,6,69,57,0,0,41,21,6,9,89,114,1,6,114,35,0,0,9,61,20,22,22,6,0,0,13,114,53,17,1,9,3,5,86,84,8,5,15,11,27,21,43,26,9,27,23,7,6,3,42,91,42,10,68,39,0,0,5,63,32,23
75,31,22,9,1,4,18,13,122,51,9,1,0,1,14,35,58,24,10,1,9,25,21,20,0,15,12,8,37,40,41,7,46,38,29,42,15,26,12,8,122,49,3,5,5,14,13,35,58,32,6,1,29,122,43,6,17,6,3,3,14,95,82,12,11,16,16,36,49,122,50,28,122,14,2,7,13,56,49,122,32,7,3,7,55,122,26,36,40,36,15,1,7,31,16,28,14,17,40,97,53,34,14,10,122,101,46,36,18,11,12,63,46,15,0,15,105,43,5,27,53,4,1,0,20,26,8,50
14,0,0,0,8,42,35,36,5,0,0,0,2,15,64,117,1,0,0,0,0,31,56,23,1,1,1,0,1,21,27,10,8,1,0,0,27,65,69,70,117,22,0,0,15,35,23,93,37,15,0,1,13,56,27,26,8,1,0,2,14,60,56,66,52,33,16,7,22,38,77,61,117,20,0,1,5,11,49,117,44,6,5,29,20,43,54,51,0,0,2,50,117,91,64,21,17,39,45,45,18,3,2,1,68,11,7,38,38,48,42,55,44,5,1,2,14,117,117,69,30,31,23,21,97,54,117,56
37,49,4,2,1,8,2,2,12,16,16,21,32,29,1,1,18,30,113,33,10,4,4,8,16,129,94,28,4,14,16,7,24,19,0,0,3,41,14,5,46,34,1,0,5,27,12,17,59,27,20,5,0,15,45,27,129,93,28,4,0,0,6,19,8,4,0,4,36,105,58,36,51,4,0,0,2,22,44,126,99,26,0,0,4,54,51,36,129,129,4,0,0,0,3,18,13,21,33,47,70,18,5,8,71,51,36,9,7,6,3,27,129,102,6,6,10,10,2,3,129,129,1,0,0,0,0,0
0,2,23,44,98,28,19,2,55,55,53,16,9,12,42,67,69,20,6,21,4,0,0,56,4,3,31,66,7,0,0,4,3,3,41,68,29,17,12,19,40,85,101,16,0,0,0,19,27,30,36,44,3,1,0,22,18,1,6,27,4,4,10,37,2,2,137,137,3,0,1,8,79,42,98,80,0,0,0,23,33,23,42,69,25,17,0,3,3,2,11,28,59,46,38,16,0,0,58,137,40,4,2,0,2,11,137,137,10,0,0,0,4,9,43,107,112,61,2,1,33,21,21,12,57,59,8,10
26,3,0,0,4,15,14,20,57,0,0,0,4,42,28,47,177,37,1,0,0,0,3,54,31,42,23,76,15,0,0,0,23,4,1,2,9,20,44,80,108,6,1,3,23,20,9,35,177,19,0,0,0,0,0,41,100,15,4,20,27,0,0,2,34,79,33,23,10,2,2,18,86,61,32,19,8,6,2,13,177,37,2,0,0,0,0,30,116,3,0,1,33,4,0,9,11,24,8,4,10,6,10,24,33,8,4,4,12,45,29,43,177,1,0,0,0,3,7,133,83,0,0,0,22,25,2,32
20,5,1,8,13,45,48,17,83,63,10,4,2,2,3,17,9,16,17,39,30,4,3,1,0,0,27,37,14,12,23,0,91,41,4,11,21,15,11,17,134,134,29,8,0,0,0,22,17,35,81,134,2,0,0,0,0,0,77,91,0,0,0,0,65,11,8,55,10,0,0,14,134,16,4,4,0,0,0,69,97,14,35,134,0,0,0,11,0,0,66,130,0,0,0,0,16,1,2,82,24,0,0,7,134,4,1,9,5,0,0,116,75,2,8,15,0,0,16,134,0,0,21,61,9,4,12,12
6,1,4,31,24,4,4,10,135,22,0,1,3,1,4,60,135,69,0,0,0,0,0,11,39,15,0,0,0,7,11,5,20,6,1,18,41,35,18,39,135,133,0,1,12,8,2,38,135,105,0,0,0,0,2,21,12,1,0,0,0,9,24,10,34,40,66,72,14,16,5,19,135,67,76,29,3,4,1,135,135,25,1,0,0,0,11,88,1,0,0,0,0,4,29,19,77,67,60,17,0,0,0,1,43,88,129,13,0,2,2,9,51,30,3,0,0,0,12,42,0,0,0,0,0,1,35,18
19,1,0,0,61,27,5,9,136,3,0,0,8,5,2,48,75,0,0,0,37,56,4,17,0,0,0,0,70,68,0,0,27,9,15,63,69,3,0,0,136,41,5,6,8,8,6,18,65,3,0,0,37,136,18,11,0,0,0,0,29,136,56,0,5,7,99,136,5,0,0,0,84,22,73,78,2,17,37,39,8,1,32,40,24,136,55,14,0,14,56,15,12,89,36,0,0,0,35,39,0,1,0,0,0,0,64,99,3,1,1,0,0,1,115,103,3,3,1,0,0,15,74,23,0,0,0,0
1,0,0,0,0,27,28,5,0,0,0,1,1,93,78,1,0,0,0,3,6,129,114,3,0,0,0,0,0,59,71,15,6,0,0,0,3,133,74,4,68,50,32,26,3,74,67,11,6,12,38,133,28,42,35,7,4,0,4,64,3,3,27,76,47,6,0,0,32,91,21,15,133,30,8,8,0,7,8,50,52,6,36,133,0,0,0,24,4,3,83,133,0,0,0,12,38,26,0,0,2,10,1,1,133,34,0,0,0,0,0,46,69,1,7,12,0,0,0,87,15,3,52,95,0,0,0,9
0,0,0,0,0,0,0,0,24,1,0,0,0,0,7,32,19,16,2,0,4,40,59,51,35,66,10,13,20,39,7,1,12,0,0,3,2,0,0,7,143,18,0,1,1,0,0,47,134,129,12,0,0,1,5,16,57,143,49,37,7,1,0,0,18,15,7,39,14,0,0,2,143,37,2,18,6,0,0,31,143,31,0,0,0,0,0,29,143,37,3,11,46,13,1,8,19,39,13,45,9,0,0,0,143,33,12,34,7,0,0,32,143,33,0,0,0,6,10,32,91,15,0,0,17,143,51,5
10,3,3,42,28,0,0,0,99,17,2,3,0,0,0,0,123,14,0,0,0,0,0,12,123,52,1,1,0,0,0,14,8,8,9,92,112,3,1,2,123,53,7,8,4,1,0,9,123,21,0,0,0,0,0,55,123,7,0,0,1,2,2,115,4,3,17,123,111,2,1,3,123,17,26,32,6,0,0,24,123,12,1,1,0,0,0,30,123,0,0,0,1,0,1,123,0,0,8,79,60,0,0,0,40,10,15,56,21,1,0,2,75,10,3,6,0,0,0,8,82,1,2,5,0,0,0,83
141,0,0,0,0,0,0,42,141,2,0,0,0,0,0,46,95,26,0,0,0,0,0,13,24,29,0,0,5,16,3,1,141,8,0,0,0,0,0,14,141,8,0,0,0,0,0,53,141,6,0,0,0,0,0,53,35,10,2,1,25,23,2,9,141,10,0,0,0,0,0,39,141,43,0,0,0,0,0,20,140,44,0,0,0,3,4,17,56,18,0,0,7,18,7,7,141,95,0,0,0,0,0,10,141,51,0,0,0,0,0,32,45,15,3,2,0,7,26,49,88,16,1,1,0,12,28,22
67,0,0,0,0,0,0,75,40,0,0,0,2,16,19,50,66,2,0,0,3,24,15,79,49,2,0,0,3,28,11,62,114,1,0,0,0,0,1,96,78,18,7,1,1,5,13,45,88,66,28,3,2,9,5,17,81,23,0,1,84,114,5,12,114,1,0,0,0,0,0,83,114,6,1,0,0,0,0,51,102,47,7,0,3,1,1,29,26,25,12,54,114,66,2,4,114,0,0,0,0,0,0,114,95,0,0,0,0,0,0,108,69,0,0,0,1,3,4,85,9,1,3,24,114,103,8,14
15,0,0,0,4,83,80,65,147,3,0,0,3,29,18,69,30,0,0,12,30,1,0,10,0,0,0,25,28,0,0,0,38,3,11,10,28,33,102,90,147,6,0,0,1,7,29,138,80,5,0,12,24,0,0,14,0,0,0,17,40,0,0,0,52,90,26,20,110,42,11,9,147,147,3,0,3,1,4,19,71,18,1,5,18,3,1,7,0,0,0,14,36,0,0,0,5,147,109,6,12,16,1,0,51,147,18,0,2,8,6,13,17,16,4,7,10,1,0,3,0,0,0,12,25,0,0,0
57,15,0,0,5,15,17,11,67,32,0,0,2,11,34,64,51,108,3,0,0,0,0,4,3,43,38,1,0,0,0,0,42,7,2,15,66,30,12,18,130,77,4,13,31,19,23,56,130,75,0,0,0,0,0,7,20,44,21,1,0,0,0,0,26,2,0,10,29,3,4,92,130,18,1,11,22,2,1,89,130,17,0,0,0,1,4,85,35,23,12,2,8,52,53,16,65,0,0,0,5,13,13,79,90,0,0,0,11,41,26,130,111,1,0,0,4,26,20,130,29,4,1,1,17,130,92,35
43,26,28,4,30,35,28,70,124,34,18,4,0,1,2,124,48,3,19,81,102,58,1,18,46,61,9,39,63,22,0,0,82,109,105,14,2,3,5,28,124,118,30,1,7,8,1,40,52,20,3,5,124,122,2,10,66,70,2,1,32,25,3,1,22,19,124,83,0,0,2,13,124,55,59,19,16,9,1,26,18,18,18,31,94,25,0,2,11,29,10,12,31,39,41,6,0,1,17,8,0,2,36,9,1,9,20,4,3,18,44,3,0,0,1,6,23,27,11,0,1,2,8,39,46,29,9,2
76,0,0,6,12,5,1,126,21,26,26,77,125,26,1,44,93,126,25,22,22,3,0,9,13,65,11,22,66,8,0,3,112,38,9,29,15,0,0,126,126,42,60,70,5,0,0,102,79,30,66,91,17,1,3,41,16,18,10,14,28,6,7,26,33,126,101,22,3,0,0,1,126,126,8,5,2,1,3,23,28,10,15,60,43,9,8,17,11,31,14,9,3,0,1,4,1,38,103,3,0,0,0,0,35,27,17,6,0,0,0,11,10,0,1,1,1,2,5,13,0,1,1,0,0,3,3,0
97,3,0,0,0,0,0,77,75,0,0,0,0,0,4,63,125,7,0,0,0,0,0,41,30,9,14,25,20,22,5,5,125,44,0,0,0,0,0,15,125,10,0,0,0,0,0,14,125,15,0,0,0,0,0,22,88,33,29,19,3,0,0,13,122,5,0,0,0,0,0,125,125,26,0,0,0,0,0,38,125,44,0,0,0,0,0,25,125,14,0,0,0,0,0,24,125,0,0,0,0,0,0,89,125,15,0,0,0,0,0,35,115,39,0,0,0,0,1,26,116,11,0,0,0,0,0,28
83,69,13,8,74,44,1,4,13,16,0,0,141,114,0,1,14,19,2,0,8,4,0,3,0,0,0,0,0,0,0,0,39,28,2,0,136,141,2,3,58,38,1,0,140,136,3,9,20,35,3,0,0,0,0,1,0,0,0,0,0,0,0,0,18,9,0,1,141,134,1,4,141,3,0,0,80,74,3,29,36,2,0,0,0,0,0,7,0,0,0,0,0,0,0,0,33,4,0,1,141,52,0,8,141,25,0,1,59,11,0,2,21,1,0,0,0,0,0,1,0,0,0,0,0,0,0,0
7,0,0,5,37,41,43,21,126,2,0,0,0,2,41,133,92,2,0,0,0,2,1,64,0,0,0,0,0,4,3,0,15,11,11,51,78,82,29,8,133,98,5,4,1,5,25,66,133,39,0,0,0,2,1,32,0,0,0,0,0,6,4,1,11,10,18,107,92,4,1,4,133,57,10,11,14,1,1,133,122,18,0,0,0,0,3,133,3,0,0,0,0,5,11,7,3,23,24,27,57,13,7,1,52,133,42,9,6,0,0,13,67,102,0,0,0,0,1,17,4,1,0,0,0,1,9,3
21,4,1,4,2,44,88,35,4,0,1,19,28,93,103,18,23,12,22,20,8,8,10,21,7,35,54,37,5,0,0,1,8,2,2,9,7,36,108,57,32,4,1,13,46,77,83,64,128,51,21,1,1,4,11,99,25,83,103,2,0,0,0,0,4,5,17,107,13,12,57,38,43,114,17,9,22,46,40,10,128,97,3,0,1,1,0,49,77,20,8,0,0,0,0,28,0,8,34,128,21,0,0,0,12,98,46,30,0,0,4,4,104,28,2,1,0,0,5,76,79,0,0,0,0,0,0,89
78,3,1,3,1,0,0,27,148,7,1,2,4,2,1,97,36,4,1,3,35,35,25,35,1,0,0,0,131,79,11,4,70,5,1,0,0,0,3,13,148,50,1,3,10,8,2,49,45,14,1,10,109,94,38,15,0,0,0,9,109,65,24,5,64,25,6,0,0,0,2,7,148,32,1,1,10,26,9,45,28,19,58,16,82,108,13,17,3,10,49,57,46,9,6,6,15,96,59,4,0,0,0,0,126,78,13,1,1,2,1,11,55,56,47,11,3,3,1,5,1,9,37,98,28,1,0,0
102,60,1,3,18,12,0,0,79,57,2,5,48,26,4,1,100,51,12,11,24,20,8,13,39,22,40,62,37,2,0,0,130,55,0,2,11,6,0,0,88,27,2,17,130,75,17,16,130,27,3,5,18,24,18,58,66,8,0,35,56,1,2,9,130,33,1,8,7,0,0,0,88,26,30,130,122,7,0,2,130,61,38,41,18,5,19,32,34,0,0,8,11,3,39,73,130,13,0,1,0,1,1,5,67,7,11,35,30,14,3,4,14,14,24,57,15,9,13,13,22,5,8,23,11,16,25,36
0,0,0,0,38,125,28,1,0,0,0,4,41,85,50,6,64,9,0,5,8,7,15,33,30,15,4,2,9,27,16,25,0,6,14,4,38,125,69,3,7,7,19,19,4,34,125,35,125,9,0,2,1,3,49,75,77,68,10,2,3,4,3,12,8,28,54,68,45,20,1,0,23,21,44,88,46,9,5,5,125,60,2,17,17,1,1,16,102,95,2,1,28,22,0,0,3,4,58,119,21,6,1,0,7,8,14,92,86,8,1,1,125,97,8,10,29,5,0,10,66,33,1,0,37,118,3,1
36,19,7,18,14,7,4,7,139,21,4,3,9,5,1,2,25,25,17,12,3,0,0,0,13,5,3,10,82,18,1,4,15,0,0,36,71,15,17,12,141,21,1,3,2,6,7,17,49,19,14,34,16,0,0,0,40,4,2,4,141,39,1,3,23,1,0,66,141,5,3,13,141,7,0,10,18,1,2,49,82,10,4,35,48,3,0,3,50,34,1,11,141,32,0,0,8,2,0,57,109,0,0,0,141,8,0,23,34,0,0,32,95,8,3,26,46,0,0,9,80,141,23,46,104,6,0,1
0,2,16,13,9,1,0,0,136,1,1,2,2,3,3,38,159,0,0,0,0,0,2,78,23,0,0,0,12,20,13,12,0,0,0,3,18,60,7,0,67,5,1,2,7,57,29,92,159,31,2,0,0,0,18,159,16,11,6,6,3,17,83,52,0,4,51,16,5,34,8,0,79,52,47,41,8,20,4,10,159,159,13,2,0,0,1,27,33,51,47,67,0,1,8,5,0,4,53,23,0,0,0,0,64,14,21,52,5,0,0,0,159,21,3,1,0,0,0,10,68,9,17,26,0,0,0,1
42,3,0,0,2,11,7,23,165,0,0,0,0,3,4,87,42,0,0,0,4,90,39,19,0,1,2,0,11,64,61,49,51,7,2,10,12,7,1,10,165,10,1,5,11,7,2,51,67,28,9,36,82,87,21,11,17,50,82,15,6,28,24,17,39,7,2,5,1,0,0,1,165,30,3,7,3,0,0,7,94,36,63,89,35,0,2,3,32,57,56,15,6,0,0,2,24,0,0,1,0,1,0,5,165,9,1,0,0,0,35,124,49,8,22,8,0,0,110,110,12,3,16,8,9,1,10,20
11,9,3,2,4,50,91,71,25,25,2,0,0,18,124,124,35,51,1,0,1,64,124,36,9,17,1,1,18,48,67,20,28,9,3,24,7,1,1,10,124,44,0,0,0,0,7,22,60,60,4,0,1,17,55,25,12,61,88,22,7,44,64,2,15,10,20,124,16,0,0,1,85,14,6,5,0,0,11,38,69,20,2,0,0,3,26,80,124,77,72,39,1,0,2,124,0,0,5,124,43,0,0,0,12,8,11,56,7,0,3,9,30,8,0,0,9,18,8,31,95,0,0,3,7,16,18,124
16,6,13,8,2,15,13,5,146,88,0,0,0,1,1,2,146,63,0,0,0,0,0,2,5,2,5,24,48,8,0,2,21,4,7,11,14,22,12,7,146,79,0,1,0,2,5,36,120,36,0,0,6,21,20,17,7,0,7,13,8,16,47,36,27,26,18,31,9,42,27,13,146,146,15,8,1,5,15,112,43,19,15,14,11,30,80,66,45,16,7,0,19,36,33,26,56,51,17,48,13,0,0,0,146,146,18,24,4,0,0,0,6,40,67,62,10,2,9,3,10,49,54,3,26,8,4,1
15,0,0,0,2,12,92,122,14,2,5,8,77,95,33,62,0,1,16,69,74,67,92,6,69,17,14,16,5,29,85,34,14,4,4,4,4,4,14,66,122,51,41,22,11,12,22,77,18,21,122,122,13,1,0,0,26,28,122,99,7,0,0,2,14,36,34,5,0,0,0,0,122,31,20,8,0,0,4,89,44,7,45,66,7,9,26,73,0,0,37,74,103,17,2,1,7,29,30,2,0,0,0,4,35,18,56,8,0,0,4,62,57,6,10,3,4,4,18,91,6,0,2,22,82,11,2,7
22,0,0,5,16,2,0,10,156,59,11,2,0,1,1,21,50,49,112,104,2,3,4,8,5,33,124,35,0,1,8,26,43,1,0,1,50,8,0,6,156,67,0,0,2,1,1,13,121,44,27,28,5,13,4,7,16,35,72,14,4,2,0,1,45,5,0,3,72,1,0,4,156,27,0,0,5,0,1,77,118,5,0,0,0,11,15,53,52,3,0,0,8,8,1,4,32,41,3,11,38,0,0,0,156,156,1,0,1,0,0,15,79,59,3,0,0,0,0,11,26,9,0,0,22,45,1,1
0,0,10,96,110,6,4,0,24,30,15,14,18,8,9,2,12,30,110,76,7,0,0,0,7,8,82,60,1,0,0,4,1,0,38,110,110,2,1,0,58,33,76,110,10,0,0,4,110,49,72,45,6,0,0,24,8,6,95,110,25,0,0,1,1,0,19,46,22,13,102,33,23,23,97,110,18,6,17,14,103,43,71,41,3,0,0,9,36,29,84,28,7,0,0,1,9,0,0,0,0,2,77,53,110,13,14,13,0,1,14,106,48,18,32,83,1,0,0,14,47,17,15,7,2,2,0,3
117,34,0,0,0,6,6,25,104,63,3,0,0,7,11,55,30,7,0,0,0,27,73,32,43,21,0,0,2,24,22,9,117,34,0,0,0,3,13,41,63,36,2,0,0,98,101,37,105,27,0,0,0,32,70,58,46,27,0,0,3,117,39,14,55,23,3,3,2,4,35,44,88,26,0,0,0,42,93,40,117,86,9,10,18,9,14,31,5,4,3,18,98,96,20,7,3,34,22,24,7,1,4,1,59,117,51,1,0,1,6,5,88,115,34,17,28,3,0,1,1,2,4,48,117,7,0,0
1,0,0,0,8,129,41,0,16,12,7,0,2,129,87,4,1,5,24,16,6,45,22,0,8,2,15,10,5,7,4,20,12,0,0,0,36,129,36,3,129,49,16,2,12,28,9,14,25,30,87,44,4,7,4,4,13,37,129,28,1,0,0,2,16,15,4,9,41,43,13,5,129,44,11,0,2,10,13,53,91,64,7,3,2,15,29,26,96,129,58,1,0,1,0,0,1,125,43,5,21,13,0,0,13,108,98,3,0,0,0,2,100,79,33,1,0,0,1,3,114,46,0,0,6,1,0,2
3,52,19,0,1,9,7,1,81,129,17,0,0,0,0,5,129,104,0,2,17,4,2,26,4,26,16,10,31,5,5,2,0,129,129,10,7,0,0,0,36,71,110,44,96,10,7,35,111,14,0,1,14,13,15,129,8,3,0,1,9,65,50,15,2,44,84,16,47,7,7,5,22,16,19,89,129,10,1,3,129,48,4,16,33,9,2,27,11,7,27,18,49,44,7,4,1,17,20,19,8,2,3,2,3,3,9,129,75,3,1,0,54,9,5,59,39,1,3,45,29,22,33,5,6,22,5,15
7,22,4,10,24,21,40,7,36,1,2,44,59,11,5,45,87,3,1,0,4,3,7,127,9,2,3,1,0,14,20,22,46,52,10,3,10,5,25,16,31,11,2,25,127,56,4,13,127,18,1,3,22,18,16,82,49,9,7,6,2,31,74,17,7,55,51,16,9,3,1,1,14,12,13,127,116,17,0,1,100,13,6,31,32,65,116,45,9,0,0,0,0,127,127,11,35,7,3,2,5,25,16,10,14,4,1,23,127,127,0,1,0,0,0,4,61,127,24,0,0,8,8,1,2,51,27,0
8,5,1,0,11,104,40,9,122,9,0,0,1,18,29,88,103,35,3,0,0,0,4,102,13,8,10,1,0,21,29,20,35,0,0,0,21,74,34,26,122,83,1,0,0,4,7,52,85,74,3,0,0,54,52,48,58,21,0,0,0,36,75,27,51,28,1,3,15,21,6,11,122,27,0,0,0,17,44,94,61,14,0,0,0,122,117,53,109,34,2,3,6,24,35,65,19,57,27,39,3,1,0,1,20,23,9,12,5,6,33,27,113,69,8,0,0,13,41,22,111,63,9,16,28,2,1,6
44,97,57,0,0,2,7,20,138,115,12,0,0,1,4,10,83,47,8,6,34,14,0,4,0,0,3,56,129,35,0,0,8,49,70,15,17,22,7,5,138,65,11,1,3,7,4,34,102,26,1,30,42,0,0,7,1,7,14,105,58,1,0,0,16,8,3,12,43,37,26,21,138,40,2,6,16,9,4,52,106,4,0,17,16,8,2,28,7,9,4,29,31,22,24,4,42,22,5,5,8,3,15,59,138,54,2,1,3,1,16,43,48,1,0,0,2,76,83,38,0,1,10,7,9,128,104,3
56,100,50,11,9,2,3,16,96,19,0,2,8,5,19,116,7,7,2,3,9,45,34,23,1,3,0,2,5,85,71,1,5,29,68,68,116,5,4,8,116,23,1,13,54,8,11,89,47,4,6,10,66,74,12,20,4,34,51,16,24,70,35,1,1,4,16,116,116,2,0,0,105,28,17,106,37,1,3,39,49,27,33,15,31,6,3,42,1,47,85,12,22,55,0,0,0,2,10,85,22,14,8,0,12,1,3,116,94,9,3,15,76,10,4,13,11,27,23,55,3,5,3,0,21,116,14,4
4,0,10,48,62,13,13,10,19,35,140,79,19,7,3,5,76,131,107,5,17,8,0,4,23,20,1,1,31,27,1,2,9,0,1,3,6,34,140,73,140,41,23,5,5,28,45,43,43,42,34,8,95,42,0,2,23,27,1,1,32,17,0,0,77,13,4,8,28,14,66,52,140,18,0,0,10,8,15,63,56,5,0,4,114,57,6,11,39,20,0,2,12,7,4,9,48,22,10,47,22,1,0,10,140,34,0,0,2,21,13,76,31,0,0,0,17,116,39,29,72,2,0,0,0,8,9,32
16,8,0,10,29,73,34,6,137,105,2,0,1,6,6,50,59,57,9,13,30,3,0,18,35,4,0,0,5,1,0,1,48,23,3,35,57,15,3,8,137,122,1,1,7,1,1,26,79,34,4,7,127,15,0,6,61,5,0,0,13,2,0,0,33,22,43,40,56,29,7,27,137,92,21,1,5,5,4,124,69,15,0,5,100,25,3,28,67,7,0,0,8,0,0,0,10,55,136,53,9,3,1,5,62,137,78,6,10,0,0,8,23,30,5,17,91,1,0,0,51,6,0,0,4,0,0,0
15,4,0,1,12,19,113,99,144,51,0,0,0,13,59,52,90,53,17,5,45,41,0,2,4,14,4,1,42,47,0,0,83,30,7,13,28,9,8,20,144,80,0,0,2,5,5,32,88,16,0,1,81,90,11,8,24,21,1,2,27,21,6,7,57,76,17,48,26,0,0,4,144,87,1,0,1,28,29,50,41,0,0,0,10,140,88,30,100,10,0,0,1,13,17,24,37,79,30,54,23,0,0,0,35,56,5,2,24,56,8,3,53,7,0,0,4,55,27,18,96,4,0,0,0,0,1,34
42,10,4,5,3,0,0,7,114,35,8,3,1,0,2,50,62,38,5,5,1,1,67,123,12,8,0,0,1,11,126,48,57,9,0,1,3,5,12,36,126,77,24,22,2,0,1,16,18,20,84,103,14,7,53,42,1,3,35,82,22,15,125,49,79,3,0,1,12,9,9,47,126,8,2,3,9,12,2,59,46,4,15,23,58,95,20,34,31,4,30,97,12,6,10,49,56,12,5,13,15,7,7,31,126,3,0,0,16,16,3,74,55,20,2,8,75,88,15,27,99,60,5,2,1,4,5,21
42,1,3,22,18,10,71,86,141,59,2,1,0,4,18,53,28,30,10,29,20,9,38,73,7,1,8,14,7,5,102,141,60,6,64,130,28,3,0,16,141,53,10,21,9,4,2,67,55,24,17,38,74,50,12,6,13,3,24,34,13,35,41,47,14,25,71,113,43,1,0,2,141,110,62,28,8,23,16,25,31,1,10,16,32,141,46,11,2,12,21,16,11,69,55,8,22,36,34,22,26,2,0,3,7,22,26,12,5,9,8,1,0,0,21,31,13,26,7,1,0,9,27,16,5,16,4,1
2,22,98,5,0,2,1,2,56,62,102,12,0,0,0,0,168,82,8,0,0,0,0,1,78,9,1,1,2,2,0,4,14,7,48,4,0,0,10,68,58,31,43,4,3,1,2,21,168,43,3,0,0,0,0,9,83,19,2,4,22,5,0,5,36,7,7,2,0,5,16,67,85,1,0,2,3,10,67,65,168,40,0,0,0,0,2,23,85,58,5,17,41,0,0,0,1,2,2,0,10,39,46,10,139,18,1,2,14,34,55,56,168,76,0,0,0,0,1,25,62,48,1,11,43,0,0,0
9,12,22,34,36,12,4,7,21,14,18,28,43,26,5,15,115,20,26,23,14,23,19,83,78,53,29,23,6,52,40,36,23,1,2,8,105,21,11,23,115,35,55,32,14,2,1,26,37,72,115,77,8,4,8,20,115,115,69,1,1,17,19,39,47,13,15,18,23,10,13,50,115,30,14,9,8,6,3,47,64,19,13,17,36,30,17,39,67,28,6,0,0,43,72,108,43,53,11,30,14,2,1,7,115,10,4,21,22,9,3,34,34,2,2,17,84,105,60,30,39,16,3,3,5,41,88,82
53,1,0,0,0,1,1,57,142,3,0,0,0,0,0,142,74,3,0,7,19,5,4,63,0,0,0,69,91,1,0,0,54,8,1,7,9,3,1,20,142,81,0,0,0,0,0,48,128,46,1,1,1,2,5,16,0,0,1,52,78,0,1,1,35,5,1,5,1,1,9,16,142,18,0,0,0,0,2,142,104,5,0,0,0,1,12,80,13,0,0,21,40,0,1,5,3,0,0,2,1,2,5,7,142,0,0,1,1,1,2,139,142,0,0,0,0,0,0,82,16,0,0,4,14,5,4,4
13,13,13,20,8,5,0,1,24,59,65,5,0,1,4,10,113,166,30,2,1,0,1,9,18,40,21,32,81,15,6,1,17,2,0,0,3,24,26,25,65,8,2,0,0,14,47,58,166,54,4,1,0,0,5,50,43,36,26,138,58,0,0,0,16,12,6,13,23,32,39,48,118,27,6,0,0,10,24,42,166,75,1,0,0,0,1,8,75,33,12,55,53,2,0,0,12,40,23,27,22,2,1,5,89,62,22,0,0,3,8,14,166,55,0,0,0,0,0,14,61,7,0,1,76,27,0,2
75,76,19,1,0,0,17,61,109,39,9,0,0,0,0,11,135,77,0,0,0,0,0,8,57,80,2,3,2,0,0,0,30,135,51,27,11,3,18,19,70,12,6,20,14,2,3,39,135,30,0,0,0,0,0,43,92,14,0,0,1,7,9,8,45,12,1,6,5,5,95,135,83,15,9,16,21,20,17,41,135,46,1,0,0,0,1,64,43,3,0,0,0,6,19,22,135,51,2,0,0,0,3,30,76,71,85,14,1,2,1,12,130,69,41,1,0,0,2,51,18,1,0,0,0,1,27,27
4,6,6,9,31,10,0,3,21,23,14,1,0,7,15,14,148,51,3,0,0,0,3,14,87,20,0,0,18,16,0,2,1,1,0,3,21,24,4,1,44,1,0,0,22,67,23,31,148,6,0,0,0,7,9,61,79,1,0,0,26,87,8,10,0,0,33,67,23,13,1,0,83,27,4,32,75,33,2,4,148,64,0,0,3,17,6,15,34,1,0,0,35,144,12,6,0,0,56,135,5,0,0,0,41,33,61,148,17,0,0,2,126,39,11,13,3,55,47,29,3,0,2,4,9,148,70,1
46,14,4,2,1,13,43,108,45,16,0,0,0,24,35,59,31,7,0,0,0,11,39,43,17,8,5,1,0,0,4,17,46,29,116,102,4,3,12,46,44,15,31,53,22,65,101,67,116,38,6,4,1,17,47,90,49,19,15,6,2,14,11,6,0,1,86,116,68,69,10,1,9,29,108,116,23,14,12,8,116,116,65,16,2,28,24,18,23,3,0,0,0,80,88,9,8,0,0,0,47,116,22,17,22,3,13,5,1,35,44,44,1,6,10,0,0,107,50,1,0,0,0,0,0,52,43,4
1,2,1,5,38,10,1,2,32,2,0,0,21,35,17,36,134,0,0,0,4,12,7,110,22,0,0,0,80,76,3,12,0,0,45,41,31,13,0,0,51,6,20,55,73,23,2,8,134,11,3,5,15,30,9,57,24,0,0,0,62,134,19,10,0,0,134,81,1,0,0,0,14,10,134,134,10,0,0,0,106,24,86,79,8,48,28,32,3,2,53,36,28,134,28,5,0,0,16,10,0,2,5,4,0,0,50,44,2,1,2,2,0,0,73,95,6,2,0,0,0,1,102,62,2,1,0,0
4,3,5,2,0,0,0,0,63,21,51,11,0,0,0,55,123,10,10,1,0,1,7,123,56,0,0,0,55,123,61,108,31,3,0,0,0,0,0,0,122,38,47,6,2,3,0,5,59,33,34,4,11,77,59,36,12,4,17,14,39,123,95,27,32,2,0,0,0,0,0,2,123,7,2,9,18,6,0,13,29,13,43,104,111,100,47,8,82,61,70,28,13,33,35,15,10,17,16,0,0,0,0,0,123,44,9,5,1,0,0,2,42,17,67,108,14,4,1,2,19,36,59,53,4,1,0,1
12,15,9,29,12,15,109,43,126,7,11,14,15,10,11,120,126,7,2,0,0,1,13,126,2,0,0,0,0,21,37,13,126,9,2,0,0,2,95,126,126,126,96,7,3,4,5,66,126,123,35,0,0,2,20,96,7,0,0,0,0,27,77,19,126,0,0,0,0,0,0,39,126,21,3,0,0,1,0,43,38,19,3,0,0,22,24,9,0,0,0,0,1,43,47,2,0,0,0,0,0,0,0,0,0,0,0,0,0,0,0,0,0,0,0,0,0,1,0,0,0,0,0,0,0,5,0,0
23,68,37,0,0,0,17,50,19,25,40,9,3,85,30,42,1,0,16,11,5,84,48,3,0,0,0,0,0,0,0,0,29,14,2,1,23,38,69,48,28,1,0,0,4,131,131,42,131,82,0,0,0,86,52,24,7,13,0,0,0,0,0,0,1,10,4,32,131,50,14,0,77,9,10,38,58,84,53,16,131,52,2,0,0,7,32,131,17,7,0,0,0,1,17,29,0,0,33,131,42,1,0,0,12,18,127,120,12,0,0,1,48,51,59,21,9,3,18,44,0,0,1,13,11,4,13,8
0,0,0,0,0,0,0,0,126,0,0,0,0,0,0,30,157,9,0,0,0,0,0,31,67,34,0,0,0,0,0,4,11,0,0,0,0,0,0,3,157,5,0,0,0,0,0,23,157,12,0,0,0,0,0,32,124,8,0,0,0,1,0,24,46,12,0,0,0,0,0,5,157,58,0,0,0,0,0,22,157,37,0,0,0,0,0,12,96,16,0,0,0,0,9,24,104,22,0,0,0,0,0,3,157,117,0,0,0,0,0,0,135,87,1,0,0,0,0,5,33,35,16,1,0,0,9,17
54,100,5,5,14,1,0,0,143,143,0,0,0,0,0,0,72,110,6,11,29,3,3,2,4,0,0,13,55,12,8,21,90,82,5,10,4,0,0,0,143,88,0,0,0,1,1,13,115,25,1,8,27,36,46,18,1,0,1,34,143,44,27,20,63,58,7,2,2,0,0,1,143,24,2,0,0,5,11,45,59,1,1,5,10,41,81,51,16,2,29,68,41,22,9,15,43,60,9,0,0,0,0,0,99,37,5,3,15,16,31,62,44,12,13,16,5,9,35,104,61,41,23,15,0,0,1,15
50,73,8,1,0,0,0,0,121,121,0,0,0,1,11,12,21,17,0,0,5,21,47,20,1,0,0,0,80,67,19,12,69,99,14,1,0,0,2,11,88,40,0,5,9,10,42,38,38,7,2,14,15,20,41,49,1,1,6,56,60,52,7,1,44,15,8,2,30,87,49,121,82,21,10,21,8,3,8,121,76,78,18,22,6,0,0,7,4,6,57,84,16,0,0,0,63,6,0,0,51,121,26,95,121,49,1,0,0,0,3,121,57,106,36,1,0,0,0,4,1,21,100,7,0,0,0,0
61,1,0,0,0,0,4,25,7,0,1,4,3,7,33,20,2,1,41,35,4,5,36,47,3,4,122,80,6,1,4,25,41,1,0,1,2,15,39,37,36,10,2,8,7,15,55,42,6,2,10,57,13,9,35,67,2,1,15,17,4,28,81,114,13,8,4,2,4,8,94,107,73,35,5,3,1,2,13,74,31,6,23,58,2,12,8,14,0,0,9,106,21,31,44,9,4,0,0,1,0,22,144,144,60,0,0,0,0,3,47,144,29,0,0,1,10,144,57,52,0,0,0,12,7,92,144,66
33,19,27,60,12,17,19,40,141,24,5,10,1,0,6,120,46,4,1,7,2,1,15,57,12,0,4,19,7,0,0,9,32,32,63,140,54,0,0,0,141,70,12,33,12,0,0,10,81,30,38,57,3,0,2,16,38,16,13,8,0,0,0,4,10,10,36,141,73,5,31,16,141,75,53,56,10,0,4,53,53,26,30,21,4,4,25,56,29,19,6,3,1,1,2,3,2,1,10,15,5,4,141,103,53,49,33,9,0,0,54,141,30,30,47,17,1,1,7,57,11,8,10,6,1,1,2,1
43,0,0,0,42,12,20,110,15,0,1,13,13,31,119,69,19,5,27,64,24,7,25,30,1,2,42,101,15,0,0,0,20,0,0,10,77,27,28,74,38,12,7,0,5,57,76,78,119,27,20,10,0,1,12,92,40,9,36,119,39,8,0,3,6,20,67,119,45,3,8,18,41,119,73,9,1,6,7,13,119,119,15,0,1,6,1,11,43,7,0,8,57,81,3,5,0,2,77,100,0,0,1,1,24,38,109,60,0,0,0,0,80,49,15,3,11,8,0,1,6,9,5,8,41,32,1,0
4,1,1,6,6,18,8,7,4,0,1,14,43,25,46,30,2,0,0,84,128,33,38,15,2,0,0,101,39,11,12,27,23,1,0,3,15,41,14,31,19,1,0,7,98,128,28,21,128,16,5,53,19,41,33,56,15,6,6,128,63,1,2,2,8,1,1,12,69,117,5,5,59,9,0,0,43,128,18,17,128,24,0,2,3,16,38,96,18,3,1,59,92,22,24,42,0,0,0,40,128,43,0,0,44,10,19,32,66,38,14,35,66,23,10,3,0,10,55,69,61,35,6,20,21,7,12,38
2,13,10,22,46,63,21,0,53,14,25,47,9,15,26,69,128,10,3,4,0,0,8,101,18,2,1,6,1,0,8,32,6,43,106,78,31,1,0,1,57,33,58,128,39,0,0,1,128,30,12,25,5,0,0,20,38,15,26,28,1,0,2,12,28,19,49,20,4,1,39,92,15,11,41,128,53,5,36,15,128,59,42,41,4,0,6,54,25,19,22,9,1,2,16,32,3,5,6,0,0,0,111,128,1,2,10,13,4,4,128,79,37,32,19,6,0,0,64,128,20,16,22,7,1,1,6,52
132,1,0,0,132,65,2,70,117,18,0,0,132,78,4,6,65,6,0,0,0,0,0,3,0,0,0,0,0,0,0,0,132,0,0,2,132,62,15,132,132,31,1,6,132,29,1,4,43,6,0,0,0,0,0,1,0,0,0,0,0,0,0,0,132,0,0,2,67,25,13,132,65,4,0,7,80,16,5,34,12,0,0,0,0,0,0,8,0,0,0,0,0,0,0,0,132,0,0,0,3,5,11,83,11,0,0,0,7,9,32,28,1,0,0,0,0,0,1,2,0,0,0,0,0,0,0,0
123,6,0,9,13,4,1,28,56,10,2,31,40,2,7,21,95,55,89,19,0,0,0,14,9,59,123,8,0,2,0,1,123,12,0,3,5,0,0,58,92,7,5,40,79,1,0,48,123,37,6,4,5,0,0,64,53,27,15,4,15,19,2,14,100,48,0,0,0,0,0,39,123,100,59,26,16,0,0,20,102,123,60,6,2,2,2,4,18,46,5,7,46,27,4,0,36,82,15,1,4,18,9,16,123,50,6,0,0,4,12,53,33,50,12,0,1,35,82,15,4,9,4,2,15,94,69,5
17,3,2,21,124,41,4,16,86,6,2,15,72,66,56,92,139,9,0,0,0,0,8,139,17,0,0,0,0,5,5,9,6,6,6,52,109,37,2,5,112,26,17,139,95,15,3,27,139,47,4,4,1,0,1,139,35,3,0,0,0,4,13,44,1,0,0,26,86,26,8,1,26,91,34,59,57,14,6,3,137,139,16,4,1,0,0,23,29,20,0,0,0,0,5,9,0,0,0,25,40,3,1,0,9,18,1,1,3,2,1,0,7,21,0,0,0,0,0,0,0,0,0,0,0,0,0,0
24,21,8,6,3,13,3,4,31,39,64,18,0,0,2,6,48,72,56,8,0,0,0,1,103,55,9,4,6,20,4,6,38,14,21,7,1,14,17,20,138,49,76,18,4,5,3,40,28,58,136,28,24,42,16,13,57,53,17,6,1,4,22,43,41,25,10,9,6,22,21,16,138,88,5,9,37,11,3,32,45,10,4,48,138,92,29,46,17,0,0,3,6,16,97,127,72,33,6,3,1,2,1,4,138,77,2,7,31,3,0,6,23,5,2,90,138,6,1,8,6,16,19,29,28,13,31,28
0,0,10,11,15,78,28,1,37,10,1,5,22,60,45,24,59,23,1,7,12,8,4,27,0,0,0,59,86,13,1,0,23,0,0,0,0,127,127,13,127,37,0,0,0,46,68,45,76,39,0,2,3,117,74,10,0,0,0,15,30,115,127,1,90,3,1,0,0,32,43,36,127,4,0,0,0,42,64,91,13,0,0,0,0,127,127,15,7,5,1,0,0,79,104,15,29,2,12,13,0,0,0,43,22,0,0,0,2,41,32,66,0,0,0,0,2,63,47,2,6,1,0,0,1,9,25,36
12,25,36,0,0,7,4,4,3,17,113,24,0,2,0,0,134,28,49,32,0,0,0,9,134,16,12,1,0,0,0,22,79,17,6,0,0,0,0,23,134,58,114,44,0,0,0,12,79,38,134,134,0,0,0,3,134,23,14,9,0,2,6,48,83,26,8,0,0,0,0,5,134,19,11,7,0,0,0,32,74,15,51,134,8,0,1,8,29,23,48,47,2,1,7,14,26,37,25,13,13,8,1,1,134,56,0,0,0,0,8,25,48,3,3,9,3,5,57,26,6,4,29,20,1,0,12,29
17,3,1,3,0,0,1,1,176,19,3,17,6,0,0,10,78,24,46,107,30,4,1,6,38,13,18,19,4,3,25,57,28,0,0,0,0,1,7,10,176,15,1,2,1,0,4,23,99,31,25,43,31,8,0,3,5,34,40,56,45,7,3,4,45,3,0,0,0,0,1,7,176,8,0,0,0,0,0,46,130,24,29,15,1,6,8,16,1,22,13,14,129,17,17,3,16,1,0,0,0,2,3,9,176,2,0,0,0,3,5,66,103,1,1,0,4,68,58,31,0,1,4,3,76,65,79,23
0,3,22,5,6,37,9,0,108,27,30,14,8,22,6,40,134,63,31,6,0,4,11,55,5,56,39,11,8,6,5,2,27,32,95,11,0,3,1,7,105,31,117,76,0,0,0,4,134,32,21,7,0,1,0,37,14,15,17,4,8,16,10,7,134,31,25,5,0,0,0,17,104,40,131,134,1,0,0,5,134,38,42,56,1,3,10,43,15,1,1,2,7,30,28,31,134,30,4,2,1,0,0,11,134,10,9,39,5,2,14,19,8,12,53,54,4,1,9,12,3,2,19,34,27,9,18,17
0,0,0,0,0,0,0,0,109,8,0,0,0,0,1,13,194,7,1,1,0,0,0,39,51,13,18,6,0,7,11,8,0,0,0,0,0,0,0,0,96,4,0,1,1,7,9,29,194,3,0,0,2,11,11,74,52,1,2,0,5,94,88,25,0,0,0,0,0,0,0,0,106,29,4,4,1,1,0,2,194,72,5,14,13,8,2,9,28,50,43,38,31,39,17,4,0,0,0,0,0,0,0,0,106,11,0,0,0,0,0,10,194,56,9,9,0,0,12,85,19,29,62,28,2,0,13,35
11,9,4,2,2,0,0,0,99,3,2,5,18,1,0,27,145,60,54,14,0,1,3,23,10,42,129,19,3,0,4,7,35,4,2,4,6,0,0,10,118,6,1,14,56,1,0,22,145,22,2,1,2,0,2,111,58,9,8,1,19,15,3,27,56,1,0,9,6,0,0,25,88,46,8,28,29,0,0,9,145,124,1,1,1,0,5,66,52,25,0,0,40,80,11,13,28,4,11,11,3,0,0,20,43,9,5,5,0,0,0,40,77,9,0,0,3,7,90,145,4,2,0,0,17,102,142,53
19,16,0,0,0,41,26,2,20,50,2,0,0,5,3,2,11,79,45,6,2,1,0,0,0,44,134,26,2,5,1,0,50,23,14,22,2,4,11,11,50,12,0,0,0,13,46,26,134,120,16,0,0,0,8,30,32,61,111,22,0,0,3,13,2,3,14,134,35,3,3,2,71,28,4,29,8,14,16,8,134,21,0,0,0,2,37,122,18,1,6,2,0,0,129,133,0,0,0,134,85,0,0,0,30,14,2,107,59,1,14,18,32,10,0,1,4,25,90,45,30,0,0,0,1,11,73,89
21,45,28,22,3,1,2,8,136,132,4,0,6,7,11,92,23,21,2,49,136,60,13,33,0,34,41,57,77,20,2,0,15,11,3,0,0,0,4,39,50,4,0,0,0,1,17,136,77,25,18,72,57,6,17,124,7,93,71,103,29,0,0,0,4,20,6,1,0,0,0,2,125,11,0,1,0,0,1,19,136,79,15,35,3,0,0,13,8,65,61,67,7,0,0,0,0,4,9,6,3,1,0,0,111,18,0,4,4,1,0,1,136,16,1,7,0,0,6,48,13,13,8,13,5,28,13,15
12,12,2,0,0,0,3,28,48,3,0,0,0,0,14,134,123,38,23,57,24,2,10,87,7,81,65,84,16,0,0,0,3,25,11,3,0,0,0,0,136,7,2,4,2,0,0,8,151,52,11,30,2,0,0,20,17,61,47,55,6,9,1,2,1,9,11,6,6,7,0,0,111,54,3,5,8,7,0,3,151,45,7,6,1,1,22,113,18,4,3,8,18,55,37,60,11,27,0,1,13,35,0,0,59,151,17,2,1,9,1,0,31,127,60,115,22,0,12,32,40,4,13,35,14,5,14,72
30,0,0,0,2,12,38,119,12,0,0,0,6,73,56,69,12,1,5,43,98,31,23,44,0,0,9,70,36,1,0,0,34,0,0,2,14,16,30,119,40,3,0,0,7,91,75,109,119,29,16,43,10,8,11,98,11,7,20,118,94,50,1,0,34,25,60,24,27,1,4,25,74,51,43,2,0,9,15,23,119,55,4,1,19,49,25,66,11,4,4,8,119,119,11,4,5,21,119,23,4,0,1,5,8,17,94,41,11,4,1,4,19,2,8,23,15,35,44,47,0,0,0,1,40,62,17,2
21,6,6,13,68,53,87,73,83,3,0,0,2,6,32,132,18,0,0,0,0,0,0,56,0,0,0,0,0,0,0,0,5,24,28,103,132,26,7,18,132,132,27,14,8,3,12,132,99,15,0,0,0,0,24,71,0,0,0,0,0,0,0,0,1,10,14,26,55,93,48,2,39,48,17,5,2,19,86,119,16,20,4,0,0,4,125,55,0,0,0,0,0,0,0,0,1,60,94,18,9,20,20,2,6,52,132,9,1,7,10,16,5,114,50,2,1,0,9,8,0,4,3,0,0,0,0,0
2,2,1,1,7,59,114,71,9,7,20,30,64,132,51,7,132,120,14,8,5,37,38,58,89,75,16,7,0,0,0,13,15,2,10,48,11,11,46,69,91,63,125,50,22,16,13,33,132,132,120,13,1,0,0,5,52,40,0,0,0,0,0,0,18,7,36,132,43,1,4,7,132,28,39,22,0,0,1,92,39,43,11,0,0,0,0,45,0,2,0,0,0,0,0,0,0,0,42,63,13,2,3,1,4,1,40,35,0,0,0,8,0,0,0,0,0,0,0,3,0,0,0,0,0,0,0,0
16,0,0,7,29,10,48,92,58,2,5,15,0,0,12,119,2,0,4,46,6,1,14,44,1,0,2,6,0,0,1,46,9,2,25,52,49,9,7,31,30,6,10,22,5,2,58,119,119,16,8,14,3,1,53,119,24,6,30,50,0,0,0,17,26,86,88,57,2,1,4,11,20,59,119,109,6,1,6,11,119,109,31,3,5,5,19,50,27,4,14,25,3,6,88,80,10,111,51,22,4,15,13,3,0,13,100,66,6,15,24,1,2,22,32,12,60,74,12,3,0,0,0,1,33,79,116,45
48,29,42,11,15,19,15,53,42,14,2,19,46,53,12,7,126,87,1,2,5,2,2,13,34,19,2,6,24,1,0,1,2,14,100,126,84,2,0,0,55,18,17,60,103,15,2,17,126,56,6,2,10,4,1,68,44,6,0,2,42,10,1,9,3,0,8,99,92,6,12,22,15,64,126,123,44,5,1,5,95,126,61,10,12,0,0,15,27,16,5,18,42,1,0,1,5,0,1,9,7,29,83,32,20,8,16,15,6,58,98,39,103,26,6,8,22,4,12,95,12,2,1,20,58,2,0,6
127,65,1,5,22,10,16,39,127,127,1,0,8,27,7,22,16,26,5,3,48,93,3,1,3,63,1,0,5,10,0,0,127,127,20,25,22,1,2,6,127,57,0,0,3,63,117,50,87,25,0,0,10,56,54,25,31,68,6,0,0,0,0,1,12,98,51,34,40,28,5,2,74,28,0,0,13,60,71,26,127,24,0,0,0,2,13,43,52,17,3,0,0,0,0,51,0,2,13,22,82,47,13,0,62,48,4,9,27,11,6,17,75,14,0,0,0,0,6,79,14,0,0,0,0,0,17,87
25,3,3,9,3,9,58,40,13,1,1,41,41,29,64,55,4,3,48,127,64,26,34,5,2,8,56,87,9,14,68,14,4,30,63,74,3,3,6,3,74,25,78,59,1,0,6,35,127,53,127,114,3,0,0,27,6,22,127,127,0,0,0,11,1,66,93,15,0,0,0,0,12,23,127,72,0,0,0,0,81,26,61,36,1,0,5,64,7,2,39,72,10,4,15,116,7,71,29,0,0,0,0,0,0,14,46,37,13,0,0,0,0,1,16,74,18,0,1,3,1,0,0,30,13,3,8,49
70,54,1,1,1,2,19,53,53,33,0,0,0,0,21,57,22,2,1,0,0,0,15,111,9,0,0,0,0,0,13,115,64,18,63,67,7,12,74,109,115,35,7,7,2,8,74,107,47,18,11,8,4,21,30,23,18,9,0,2,2,5,22,102,6,17,88,115,38,46,23,17,115,85,58,26,2,61,69,27,26,2,0,0,1,83,115,59,55,12,0,0,0,4,24,115,0,0,3,1,7,68,63,56,0,1,4,0,0,101,78,4,3,0,0,0,0,28,48,32,15,0,0,0,0,0,2,54
12,1,0,0,51,120,16,6,154,0,0,0,4,24,13,126,100,0,0,0,16,22,23,97,2,0,0,0,2,1,2,1,23,5,0,0,81,127,11,8,154,30,0,0,8,13,11,49,119,3,0,0,0,1,23,53,0,0,0,0,0,0,2,0,58,6,0,0,73,106,16,29,154,34,0,0,2,2,5,59,58,1,0,0,0,1,9,31,0,0,0,0,0,0,0,0,103,2,0,0,53,110,16,36,154,3,0,0,0,1,3,87,15,0,0,0,0,0,0,27,0,0,0,0,0,0,0,0
136,71,18,12,11,22,7,14,16,2,0,0,29,118,25,10,136,0,0,0,4,27,12,131,39,1,0,0,31,25,9,47,33,29,38,46,64,59,4,0,17,0,0,0,56,119,15,11,136,4,0,0,2,10,11,69,53,0,0,0,1,3,16,43,0,0,3,29,136,51,0,0,44,9,0,0,62,80,7,8,136,30,0,0,2,2,3,19,35,0,0,0,0,0,7,14,0,0,0,5,136,87,0,0,68,1,0,0,42,77,15,36,136,3,0,0,0,0,2,56,8,0,0,0,0,0,1,13
7,3,114,92,5,6,16,26,7,4,114,114,5,4,10,11,78,12,44,37,1,0,0,76,42,1,0,13,53,19,2,46,14,2,3,10,19,19,114,99,101,18,56,89,7,8,39,55,32,29,58,114,25,1,0,5,37,30,12,34,97,51,0,10,23,71,66,55,21,5,27,20,114,103,12,7,14,13,7,27,33,28,13,46,75,35,3,4,9,27,17,114,53,22,4,1,2,20,98,49,0,0,7,1,34,49,34,8,14,6,6,0,6,6,1,12,45,19,11,1,3,2,0,5,64,98,25,1
89,117,62,4,7,1,3,4,93,51,27,7,1,9,26,12,6,31,26,24,3,8,11,1,3,28,27,22,0,0,1,0,18,51,47,1,22,68,25,9,117,65,16,0,0,19,47,36,15,57,47,3,4,89,44,3,11,9,4,5,0,32,61,45,40,3,0,0,64,97,11,32,117,14,2,5,12,40,15,75,12,4,4,38,57,117,81,13,65,6,1,8,6,23,92,105,31,1,2,28,56,39,5,33,117,11,8,19,11,5,2,90,16,14,16,111,108,16,2,8,56,113,21,21,26,1,3,10
42,20,17,9,3,2,8,35,104,46,8,0,1,6,7,38,111,8,0,0,1,7,18,135,35,7,5,1,4,47,17,31,104,83,11,0,0,10,28,20,50,30,6,0,1,54,95,18,135,44,0,0,2,31,22,32,60,14,0,0,18,135,12,6,12,23,0,0,3,87,50,3,133,8,0,0,0,48,79,22,135,13,0,0,8,58,20,43,14,18,0,0,31,135,8,5,8,2,0,0,2,63,27,6,135,40,0,0,0,6,8,9,128,13,0,0,3,22,11,25,4,7,0,0,4,16,2,1
8,11,42,36,0,0,0,0,63,147,147,50,0,0,0,0,50,126,147,7,0,0,0,4,29,115,147,0,0,0,0,6,21,6,0,0,0,0,0,0,147,32,0,0,0,0,0,4,126,18,0,0,0,0,0,5,74,18,2,1,0,0,0,4,12,0,0,0,0,0,0,2,147,2,0,0,0,0,0,31,143,16,0,0,0,0,0,12,88,29,0,0,0,0,0,0,3,0,0,0,0,0,0,2,106,0,0,0,0,0,0,48,118,3,0,0,0,0,0,47,51,5,0,0,0,0,0,43
5,2,9,80,51,14,0,3,116,9,4,20,7,1,0,73,75,9,9,47,79,19,3,45,3,79,36,32,69,7,0,0,3,2,9,87,56,25,43,9,88,12,19,72,10,0,0,67,116,46,31,14,26,12,3,96,13,116,58,16,14,2,0,0,94,49,9,4,3,16,79,47,45,102,116,34,1,0,0,5,116,116,55,4,0,0,0,6,18,29,25,17,1,0,0,1,116,116,9,0,0,1,4,6,73,75,68,1,0,0,0,2,16,34,32,1,0,0,0,2,6,2,1,1,0,0,3,4
62,49,7,2,0,0,69,123,48,6,0,0,8,11,75,123,24,1,0,0,28,42,39,64,13,1,0,26,31,11,71,65,37,9,59,63,1,0,22,59,123,33,11,8,5,2,11,84,42,7,2,76,68,22,20,25,0,0,0,30,16,17,108,51,14,21,70,51,0,0,9,8,123,73,30,8,0,0,2,44,59,4,12,109,11,0,2,55,0,0,12,123,28,10,11,1,8,6,3,7,10,22,19,15,18,9,1,0,2,16,78,73,20,0,0,5,1,4,123,121,0,0,2,50,24,8,90,39
26,1,5,43,38,11,20,36,34,30,32,79,34,5,1,6,146,69,4,0,0,0,1,28,46,12,10,2,0,0,1,5,85,45,16,6,23,20,8,44,34,3,1,17,124,116,21,38,146,16,0,0,4,13,14,143,78,2,0,0,0,0,6,22,5,28,33,15,86,34,0,0,45,25,12,57,146,44,2,4,146,83,8,9,7,3,1,28,76,4,0,0,0,0,10,20,0,0,0,4,92,18,0,0,7,59,23,15,30,12,0,0,83,146,14,3,1,0,0,4,22,9,0,0,0,0,6,9
11,1,0,10,57,50,15,32,84,8,0,0,1,2,3,45,40,1,0,0,10,105,40,27,0,0,0,5,25,120,40,0,25,12,10,89,120,4,6,24,120,35,6,12,11,3,3,42,14,4,22,73,80,72,8,3,0,0,38,115,48,49,2,0,5,9,18,120,97,0,0,0,64,21,11,31,22,4,21,55,25,11,37,46,17,3,25,55,7,6,45,120,88,0,0,3,0,0,0,51,120,17,0,0,0,0,1,11,89,71,38,22,52,2,2,1,0,7,37,120,33,1,0,44,104,0,1,44
52,20,9,2,0,4,7,23,120,61,61,3,10,4,1,41,26,42,38,6,29,33,30,30,19,9,5,8,5,13,83,50,51,14,5,2,3,17,21,25,139,35,5,15,32,4,2,60,28,4,4,100,139,39,33,24,9,6,1,13,13,19,122,44,70,17,5,4,9,2,1,12,139,28,1,8,11,0,0,43,47,1,6,139,139,4,2,13,16,48,49,83,26,3,10,2,45,0,0,0,15,14,3,28,139,0,0,0,1,1,14,121,30,1,6,31,30,13,39,62,12,7,24,62,25,5,1,6
25,28,5,2,2,7,4,4,22,54,77,2,0,0,0,3,72,97,60,0,0,0,0,0,95,46,9,7,4,9,2,4,53,23,12,4,0,4,14,21,137,77,77,3,3,2,1,35,27,69,116,12,24,32,17,14,52,41,11,5,1,5,35,60,55,21,5,2,1,12,25,20,137,63,4,7,23,5,2,38,38,8,5,42,137,73,32,24,3,0,0,4,12,13,129,105,77,33,5,2,2,1,0,4,137,67,2,7,16,0,0,3,28,5,2,99,137,2,1,3,3,16,17,44,40,4,30,11
0,0,8,9,18,32,3,0,132,15,12,4,8,10,6,92,132,46,14,0,0,5,10,72,4,47,26,26,22,3,3,1,16,38,69,4,2,9,1,1,128,52,132,20,1,0,0,5,132,47,17,1,0,1,1,47,18,19,13,11,18,17,10,8,132,38,20,0,0,0,0,15,109,70,132,58,0,0,0,7,132,45,79,33,0,1,7,42,13,0,3,2,3,21,37,27,132,27,9,2,0,0,0,11,132,13,17,17,0,0,11,37,7,8,59,35,0,0,18,17,1,1,20,42,26,5,13,8
0,0,7,12,14,11,0,0,55,42,14,5,3,6,3,8,55,85,109,1,1,0,0,7,70,82,42,2,2,3,4,9,0,0,21,47,50,14,11,0,75,14,9,3,3,20,35,45,143,47,31,9,35,14,3,75,18,13,19,19,75,53,56,48,2,0,7,43,143,20,7,3,95,40,12,8,10,9,9,10,143,68,5,25,41,2,0,22,21,3,6,127,143,10,15,11,0,0,0,5,77,41,9,4,97,2,0,1,18,12,3,31,143,3,0,2,11,3,9,76,18,1,11,76,70,8,11,18
28,40,4,19,32,0,0,1,81,55,7,2,0,0,4,38,17,4,6,9,9,44,70,55,2,0,1,6,10,105,95,24,46,11,2,11,38,7,4,8,124,95,36,27,8,0,1,15,17,27,43,124,124,29,10,1,1,23,79,63,34,37,10,6,32,19,24,5,13,12,10,11,124,23,8,8,10,1,26,100,36,12,38,124,89,7,52,57,4,103,124,65,4,0,0,2,5,12,21,9,13,8,13,8,31,8,3,0,0,0,38,74,66,5,7,4,1,1,55,124,63,54,45,3,0,0,1,42
8,0,0,0,0,17,92,118,15,1,4,30,74,36,71,44,1,0,5,114,86,7,0,0,0,0,1,23,17,12,2,0,33,15,4,1,1,11,78,118,118,29,9,23,12,16,35,81,29,8,11,101,118,108,5,4,1,0,2,15,34,37,32,13,26,54,118,21,2,0,1,8,118,32,18,7,14,52,47,63,11,0,1,4,118,118,30,12,9,30,12,12,20,18,11,6,20,6,47,64,27,1,0,8,1,0,6,36,65,59,16,5,7,1,0,0,21,89,20,3,84,81,2,0,2,7,2,3
16,27,12,7,20,26,2,3,16,87,64,0,0,0,0,5,10,118,74,1,0,1,1,14,14,42,71,12,6,6,1,6,43,19,9,14,16,59,47,38,118,77,33,0,0,0,11,56,22,48,103,11,12,3,1,23,59,11,10,8,43,31,7,23,118,36,4,8,18,86,27,31,118,46,3,0,0,1,16,118,28,6,22,7,19,105,46,77,16,1,2,4,46,118,84,25,41,56,41,47,11,2,0,19,86,109,22,4,22,14,12,68,15,5,1,2,50,118,57,19,2,1,0,0,1,81,34,3
2,1,1,1,11,50,61,20,43,65,11,11,21,49,47,14,10,17,11,56,61,9,3,4,0,0,0,4,6,1,0,0,22,18,28,73,16,20,15,5,141,141,67,65,7,11,7,17,25,36,108,141,35,3,0,6,0,1,24,68,6,0,0,0,18,27,28,32,0,0,0,4,141,65,33,21,1,1,3,99,78,20,32,130,81,32,12,67,20,25,25,34,15,2,0,0,16,18,8,5,5,1,0,6,141,40,5,0,0,0,4,46,121,33,73,45,12,6,2,62,17,15,50,39,36,2,0,1
0,0,0,0,0,0,0,0,3,0,0,0,1,0,0,0,74,31,0,0,0,0,0,2,70,85,0,0,0,0,0,0,0,0,1,4,0,1,0,0,10,3,3,21,26,73,13,8,132,30,2,2,6,18,6,49,132,43,0,0,3,1,0,7,25,0,4,14,2,1,9,132,8,14,24,99,30,38,30,43,132,67,16,11,2,7,17,53,107,6,0,0,1,0,17,76,37,3,9,4,0,0,21,132,6,0,0,3,7,30,117,132,16,2,1,13,17,74,132,112,54,2,1,2,1,6,89,132
65,24,3,12,21,0,0,5,101,6,0,0,2,4,25,85,36,44,29,10,11,4,12,34,13,126,25,1,0,0,0,0,31,48,7,31,27,0,0,0,47,22,3,19,91,44,62,88,126,46,3,3,6,6,28,126,73,48,4,0,0,0,0,12,3,47,30,81,31,1,0,0,31,55,39,91,107,8,2,10,126,126,22,13,5,1,20,101,48,20,2,1,5,11,25,57,3,6,46,112,20,0,0,0,3,4,52,97,20,1,1,5,53,17,41,27,0,0,25,101,75,10,3,9,7,10,22,66
19,6,1,0,13,122,17,9,122,21,0,0,2,37,18,26,61,30,8,1,7,66,71,13,11,3,5,0,1,25,93,45,27,4,3,48,74,54,7,6,122,37,5,11,16,10,5,21,33,12,10,46,122,59,29,6,86,50,13,11,25,15,39,54,19,8,10,59,65,14,24,13,122,39,14,20,13,4,2,40,34,51,92,33,83,16,3,12,22,122,98,10,9,0,0,0,45,96,66,10,2,1,11,15,49,122,96,8,0,0,0,2,16,84,71,6,0,0,0,0,0,18,46,9,2,0,0,0
35,10,21,53,18,14,24,18,41,16,31,65,12,9,10,62,110,81,17,7,7,0,3,70,16,68,19,1,0,0,0,0,20,7,4,37,31,47,124,25,124,94,30,9,5,19,50,42,101,124,42,0,0,0,0,5,19,14,5,0,0,2,4,4,27,17,42,124,33,7,12,18,124,52,28,19,5,3,8,110,83,18,5,0,0,1,6,120,1,0,0,0,0,6,15,3,31,13,10,24,16,3,34,85,42,5,9,35,80,18,15,95,124,3,1,3,2,3,9,124,7,0,0,0,0,6,15,14
37,9,4,3,4,5,10,48,122,95,27,1,0,0,0,50,33,51,36,66,44,0,0,8,16,95,53,30,11,1,2,10,98,5,0,1,2,0,0,118,122,74,0,0,0,3,3,64,73,21,1,13,42,76,12,17,17,3,0,3,9,54,27,45,116,45,2,0,0,0,3,47,122,21,0,0,0,9,16,122,24,3,0,1,16,122,46,30,3,0,0,0,3,122,50,14,67,22,0,0,0,3,52,30,122,22,0,0,0,44,25,36,12,1,0,0,0,122,68,6,0,0,0,0,0,47,18,0
0,34,112,4,3,29,23,2,5,35,92,60,24,8,25,11,0,9,97,95,25,0,0,0,0,45,112,2,0,0,0,0,26,4,9,6,14,112,68,11,112,41,19,12,4,13,33,36,12,26,111,40,18,29,12,7,8,45,92,1,1,7,39,46,22,20,112,72,15,13,2,2,112,39,51,19,8,19,16,32,10,9,15,4,20,112,38,13,7,38,30,0,2,24,60,49,0,10,105,73,22,0,0,0,1,11,56,98,63,9,1,0,1,92,91,9,11,21,5,0,2,70,99,3,3,14,9,3
2,0,0,0,1,1,12,24,92,0,0,0,0,0,18,106,122,23,1,0,22,20,4,88,16,4,0,1,79,75,10,25,5,1,0,1,5,3,14,17,105,26,4,0,0,0,7,40,122,22,5,6,18,20,5,99,17,3,15,83,75,39,5,18,32,15,4,6,13,10,7,8,119,122,38,0,2,0,2,27,122,107,30,5,14,14,40,35,19,8,16,68,22,33,88,25,11,4,11,29,23,10,6,10,122,20,4,3,6,4,7,110,69,10,8,81,85,28,44,27,54,18,7,25,14,23,104,24
0,5,66,73,14,1,3,0,77,75,77,25,5,1,10,19,130,46,1,0,0,0,7,94,19,2,3,4,0,0,22,60,10,54,98,20,16,26,24,3,31,22,67,35,108,117,25,41,130,25,1,0,5,14,16,130,46,9,0,0,0,0,3,14,7,5,5,21,28,90,110,4,49,52,17,13,67,97,45,16,130,119,8,1,4,3,1,29,26,2,0,0,0,0,0,0,0,0,58,112,23,9,7,0,39,15,81,68,0,2,7,22,51,15,14,1,0,0,0,41,0,0,0,0,0,0,0,0
0,0,0,0,0,0,0,0,38,24,0,0,0,0,0,1,130,101,12,3,0,0,2,6,9,5,14,18,64,42,21,4,0,0,0,0,0,0,0,0,87,8,0,0,0,0,0,41,136,36,8,3,6,3,0,81,15,3,10,15,136,80,0,3,0,0,0,0,0,0,0,0,128,35,0,0,0,0,0,13,136,85,0,0,33,22,0,12,14,3,0,0,136,136,1,2,4,1,0,0,0,0,0,0,136,71,0,0,0,0,0,1,136,61,0,0,67,40,0,0,3,3,1,7,136,90,1,2
0,0,0,0,0,11,17,0,0,0,0,0,4,14,6,1,7,0,0,0,0,1,0,5,3,0,0,0,0,0,0,0,2,3,5,4,9,135,135,27,23,3,1,0,19,135,134,42,135,16,0,0,2,20,10,59,68,14,0,0,0,0,0,1,21,33,135,62,23,49,41,24,64,24,63,118,35,29,29,19,135,60,4,6,1,4,2,10,84,15,0,0,0,0,0,1,61,15,45,33,11,2,15,92,14,34,47,135,44,12,25,13,96,132,29,14,2,1,3,18,49,12,4,4,2,0,0,3
0,0,0,0,0,0,0,0,52,3,0,0,0,0,0,42,155,13,8,4,32,4,0,101,10,3,4,15,163,33,0,4,0,0,0,0,0,0,0,0,73,0,0,0,0,0,1,17,163,5,0,0,63,7,0,27,26,3,1,14,163,41,3,10,0,0,0,0,0,0,0,0,101,6,0,0,0,0,0,3,163,13,0,0,58,16,0,8,16,7,10,43,163,24,0,2,0,0,0,0,0,0,0,0,90,30,0,0,0,0,0,1,163,47,0,0,43,13,0,6,3,0,2,18,118,34,2,1
0,0,0,0,0,0,0,0,0,0,0,0,0,0,0,0,0,0,0,0,0,0,0,0,0,0,0,0,0,0,0,0,39,23,5,62,57,0,0,0,149,56,2,3,3,1,0,7,46,9,0,2,35,27,23,5,10,38,3,0,2,11,25,3,50,29,10,118,89,0,0,0,149,44,4,7,4,2,7,104,75,38,26,14,50,27,26,90,28,149,39,5,4,5,11,3,13,19,9,98,71,0,0,0,89,39,7,15,26,18,37,66,149,33,5,3,12,13,57,149,141,110,8,0,0,0,0,20
41,102,80,13,11,7,2,6,46,78,107,6,0,3,8,7,0,15,76,108,4,1,7,6,2,0,24,108,15,0,0,1,94,11,10,3,18,70,19,42,88,16,4,12,30,76,82,47,86,19,4,30,15,16,53,93,7,1,0,102,67,0,0,1,108,17,9,40,35,19,12,30,101,80,60,46,53,15,5,27,89,108,50,16,14,2,3,15,7,6,0,49,70,0,0,0,71,108,41,6,5,2,14,15,36,108,54,1,0,0,0,3,0,28,37,15,16,1,0,0,0,0,0,34,40,0,0,0
0,1,9,76,76,2,0,0,10,37,30,37,91,20,3,3,117,117,21,7,9,6,4,18,41,99,20,0,0,0,0,0,0,0,2,117,117,0,0,0,53,35,19,101,35,1,0,14,117,117,11,3,0,0,2,78,32,27,2,0,6,6,7,41,0,0,0,65,117,36,4,1,24,46,35,77,19,6,2,8,100,114,17,9,12,3,6,27,9,2,0,3,22,13,43,88,0,0,0,1,16,115,59,6,19,9,2,0,2,9,63,73,37,19,1,9,25,3,16,115,0,0,5,24,61,11,22,29
121,31,0,0,0,0,0,34,71,62,66,12,5,32,6,4,72,62,50,5,3,19,10,15,33,31,26,5,0,4,14,4,121,101,10,1,1,2,2,6,91,20,1,10,31,121,28,19,121,13,0,3,13,45,26,39,36,10,2,6,27,61,92,32,49,101,26,4,8,11,32,32,40,20,9,57,80,23,28,24,121,40,12,20,32,5,1,17,26,60,70,37,56,12,5,8,22,22,6,27,60,19,41,33,65,121,45,6,8,5,31,39,51,121,77,3,1,0,0,3,5,66,78,4,1,0,0,0
46,9,11,44,20,12,18,20,61,25,17,44,10,6,7,66,106,105,12,8,1,0,0,41,9,72,15,3,0,0,0,0,30,11,4,34,28,44,98,22,123,111,11,9,4,13,44,40,113,123,6,0,0,0,0,7,13,15,3,1,2,4,5,2,41,12,32,122,21,6,11,41,123,38,26,23,8,4,8,123,93,18,0,0,0,0,7,123,1,0,0,0,0,11,19,6,49,30,6,13,8,0,19,113,41,10,8,36,60,8,11,76,123,5,1,3,2,1,6,123,9,0,0,0,0,5,13,18
13,0,0,0,0,4,103,97,31,15,15,11,23,27,39,38,18,89,95,36,47,5,0,0,48,125,107,8,0,0,0,2,38,0,0,0,0,0,5,75,125,48,15,2,1,4,1,60,48,58,81,8,17,61,11,15,105,34,9,0,1,18,16,31,57,44,5,0,0,1,2,15,125,56,4,3,8,18,5,22,76,4,1,20,49,114,19,34,125,4,1,12,24,28,16,46,92,93,15,0,2,2,0,7,68,87,15,8,11,11,37,26,40,14,10,55,46,12,28,20,111,38,15,14,11,0,0,25
80,27,0,0,0,0,3,41,88,16,5,29,27,18,10,44,62,11,10,42,17,8,5,70,48,72,17,19,5,0,0,26,109,55,1,4,5,2,2,46,66,32,5,38,29,35,82,28,109,95,14,18,6,14,47,31,74,109,7,0,0,0,0,6,109,1,0,17,28,3,2,89,84,10,23,105,26,7,15,88,109,39,22,27,12,5,10,107,57,17,0,0,0,1,7,83,26,19,9,33,34,6,3,53,72,83,10,12,9,0,11,109,55,16,9,38,49,5,6,59,93,5,0,1,0,0,4,78
5,7,3,0,17,37,39,6,114,69,27,1,8,4,0,45,121,41,8,12,6,1,2,44,5,4,4,91,87,3,2,3,71,29,1,0,0,0,7,4,121,121,42,0,0,0,0,10,103,98,41,5,4,4,7,25,4,1,2,31,89,28,7,5,38,110,21,0,0,0,0,0,121,48,6,0,0,0,25,76,27,11,11,6,4,1,112,121,0,0,1,27,65,20,46,27,1,51,97,30,15,1,2,1,7,8,11,20,32,29,51,16,0,0,0,1,0,10,121,69,0,0,0,0,5,10,121,58
4,9,67,25,1,6,77,88,13,12,39,51,14,10,61,34,30,8,34,64,9,4,47,116,29,2,2,1,0,0,9,97,25,5,3,10,4,4,141,141,141,49,16,12,0,2,74,107,50,31,84,108,0,0,0,9,5,1,7,11,0,0,0,4,51,42,95,61,15,8,11,18,141,62,9,2,1,2,4,101,57,7,12,13,0,0,6,64,0,0,0,1,0,0,0,0,26,15,23,16,37,84,27,12,141,36,1,1,6,11,4,52,32,1,0,0,0,0,0,8,0,0,0,0,0,0,0,0
1,57,33,3,8,96,24,0,48,104,52,9,10,13,6,15,29,35,21,76,86,11,13,25,16,90,17,14,21,1,21,30,77,111,27,15,31,11,0,2,23,22,23,57,97,55,42,47,115,39,41,18,31,9,33,82,9,115,64,7,5,0,0,2,81,115,31,43,15,4,1,2,18,20,31,115,111,10,2,4,115,38,16,37,12,1,1,64,60,34,6,0,0,0,1,36,25,37,24,20,20,27,5,6,0,1,3,42,102,88,2,0,45,1,3,14,29,23,2,43,46,1,0,0,0,0,18,85
1,1,0,3,8,19,31,2,0,0,0,11,115,59,4,0,21,50,19,4,47,17,1,5,9,96,58,0,0,0,0,0,2,0,0,0,4,27,114,29,9,1,0,13,112,115,29,18,115,40,4,2,21,48,20,53,69,68,29,4,6,27,21,18,68,54,3,12,13,22,80,37,28,41,21,85,91,63,16,16,115,105,24,22,15,26,19,36,36,7,0,0,10,115,91,30,65,21,20,75,32,26,20,25,13,15,7,11,22,86,91,28,10,34,17,3,4,37,115,36,1,6,11,3,9,76,43,4
2,2,17,10,0,3,15,14,28,14,3,1,1,7,13,15,132,36,1,1,18,3,2,16,15,4,0,2,142,30,0,0,6,10,67,89,9,0,0,2,36,4,12,47,66,31,12,25,143,15,0,4,48,7,7,44,21,4,0,7,143,3,0,0,11,6,8,47,28,12,66,85,50,11,2,77,142,51,16,8,143,44,1,15,49,3,0,8,23,3,0,55,143,0,0,0,1,1,0,0,2,12,59,70,52,9,7,2,24,65,30,15,143,29,2,5,11,6,3,33,11,2,1,35,105,16,3,5
117,3,1,43,24,3,3,120,77,0,4,122,32,0,1,79,0,0,1,46,14,0,0,0,0,0,0,0,0,0,0,0,74,17,1,15,47,53,20,82,122,27,2,40,23,0,3,122,15,5,2,90,58,0,0,3,0,0,0,0,0,0,0,0,119,104,1,0,1,9,12,9,122,122,1,5,9,3,2,24,23,8,0,41,122,12,1,5,0,0,0,3,19,0,0,0,92,79,24,3,2,1,3,16,70,27,0,1,4,4,98,106,0,1,0,7,80,30,99,29,0,0,0,2,39,11,9,0
63,0,6,6,1,1,7,97,46,5,23,19,11,25,22,131,68,15,30,13,6,8,45,131,15,0,1,2,1,2,70,131,2,0,74,83,16,13,13,36,18,5,16,52,15,1,82,131,131,40,30,20,3,0,70,131,33,15,34,33,2,0,9,62,22,26,35,27,24,74,41,11,53,31,63,81,24,29,21,20,131,55,17,10,2,5,4,52,31,8,9,7,0,0,0,9,6,43,73,42,14,8,2,0,35,18,24,72,26,44,15,4,117,19,4,2,1,6,1,8,2,0,0,0,0,0,0,0
14,2,25,45,23,5,6,17,146,8,1,6,43,4,4,55,28,3,0,15,146,4,0,0,0,0,0,0,4,0,0,0,17,4,10,77,110,41,39,24,146,27,1,24,65,10,1,24,56,5,0,73,146,0,0,2,0,0,0,1,3,0,0,0,23,24,9,0,16,55,76,37,146,75,9,7,19,16,3,37,56,11,1,41,128,6,0,10,0,0,0,0,2,0,0,0,46,141,27,0,0,0,1,4,92,146,38,2,11,6,1,4,18,16,2,13,99,20,1,0,0,0,0,0,1,0,0,0
33,34,1,7,116,40,0,2,52,41,15,40,15,14,29,19,41,24,19,17,5,8,34,113,28,8,0,0,0,1,26,85,77,15,1,1,51,49,1,25,116,40,81,68,8,2,1,38,21,19,116,116,28,1,5,34,3,2,7,22,23,3,57,68,51,52,3,4,4,9,0,7,116,116,16,8,4,0,0,23,24,17,22,76,116,7,0,4,3,30,16,44,80,3,6,1,63,79,5,11,2,0,1,12,105,116,10,5,10,35,39,24,2,10,8,12,107,102,18,0,39,39,5,5,30,10,0,1
0,0,0,31,109,27,1,0,12,65,24,10,41,5,4,13,10,75,81,1,0,0,17,19,4,8,75,27,5,4,11,7,18,2,0,2,83,118,24,13,122,104,20,0,12,23,13,33,28,101,79,1,1,24,52,31,12,18,85,93,27,11,65,36,34,29,11,38,52,51,25,16,122,47,6,6,3,66,65,49,11,2,0,0,0,122,122,42,2,0,0,4,8,23,122,79,6,21,29,20,13,38,67,20,5,20,75,3,0,50,93,18,1,5,42,21,0,47,38,7,10,18,6,1,0,0,25,17
2,2,26,12,0,1,18,13,40,7,3,2,0,4,17,20,142,29,1,0,16,2,1,17,15,4,1,1,131,24,0,0,4,7,78,93,14,0,0,3,39,2,9,58,73,17,8,33,142,12,0,3,36,3,3,50,22,4,0,7,142,1,0,0,6,3,9,37,35,18,74,88,56,11,2,54,142,52,17,7,142,47,1,13,35,1,0,7,24,5,0,49,142,0,0,0,1,1,0,0,1,13,77,72,62,17,6,0,13,62,39,13,142,32,1,4,12,3,1,23,18,2,0,24,80,6,0,5
44,7,5,7,40,4,0,42,73,40,70,18,1,0,0,44,6,10,37,113,28,1,3,2,42,59,16,18,5,1,3,1,52,10,3,9,37,11,0,21,119,40,3,7,4,5,3,48,29,16,6,60,117,40,5,4,69,18,4,11,27,3,0,29,26,12,73,77,10,0,0,3,119,31,29,11,1,20,41,87,13,64,57,1,27,113,54,18,12,102,69,0,6,8,5,7,3,17,119,116,0,0,1,1,3,91,119,40,0,10,7,9,0,99,119,0,2,58,20,1,0,41,41,0,0,59,60,0
29,15,7,7,0,0,0,0,55,26,2,0,0,0,0,2,0,33,11,0,0,0,0,0,0,5,6,0,0,0,0,0,61,19,35,83,0,0,0,11,124,102,13,9,0,1,1,41,45,124,45,0,0,15,15,20,22,36,56,2,0,0,2,14,9,23,93,124,8,2,0,1,124,39,33,66,9,8,21,58,63,5,0,0,0,43,79,96,77,7,6,2,1,1,19,124,8,17,13,30,36,117,6,2,11,3,5,25,29,117,85,39,4,0,0,0,0,8,119,124,11,0,0,0,0,0,80,124
0,5,20,2,3,0,0,2,0,1,6,4,35,6,0,0,0,1,0,0,4,1,0,0,0,0,0,0,0,0,0,0,3,4,10,3,11,27,75,96,15,8,12,6,114,114,33,7,114,49,6,1,20,12,7,53,21,5,0,0,0,5,29,31,24,16,1,10,30,26,89,77,60,100,103,14,10,50,49,46,82,24,105,72,17,3,20,99,92,47,0,5,9,17,60,78,14,6,27,114,32,4,20,35,41,25,14,26,6,1,66,114,51,39,19,48,57,35,50,114,112,97,1,7,54,28,0,1
0,0,0,0,0,0,0,0,0,0,0,4,28,31,21,5,0,4,8,17,60,79,90,47,1,6,53,29,0,1,110,98,0,0,4,1,0,0,0,1,6,1,20,12,7,52,114,50,103,73,17,3,20,99,83,24,19,48,58,35,49,114,52,40,6,4,35,6,0,0,0,1,12,6,114,114,34,7,15,8,104,14,10,49,49,46,60,100,14,26,6,1,64,114,42,24,21,2,3,0,0,2,1,5,9,2,10,26,75,99,3,3,1,10,30,25,87,76,25,16,26,114,32,4,20,36,14,6
19,13,20,9,6,16,27,44,92,9,4,3,1,3,4,77,11,4,0,0,0,0,0,1,0,0,0,0,0,0,0,0,36,18,11,3,4,53,134,28,134,38,0,0,1,9,26,80,57,10,0,0,2,19,18,11,0,0,0,0,0,0,0,0,21,110,134,3,0,5,12,4,128,81,56,43,19,20,72,47,12,0,0,12,18,98,134,20,0,0,0,0,0,8,19,0,0,55,134,36,0,0,0,0,0,32,75,134,70,9,6,0,0,0,0,134,119,42,51,0,0,0,0,20,29,15,13,0
0,0,0,0,1,27,12,0,4,0,0,0,0,4,1,0,0,0,0,0,0,0,0,0,0,0,0,0,0,0,0,0,28,9,1,0,43,126,121,8,126,48,1,1,0,32,28,43,36,13,2,12,11,6,20,13,0,0,0,0,0,0,0,0,95,126,42,11,73,123,11,6,126,66,70,62,28,5,82,109,11,9,19,4,5,11,126,42,0,0,0,0,0,0,0,0,126,126,62,62,28,22,6,10,43,117,78,72,80,27,11,6,22,84,59,4,2,0,9,1,0,0,0,0,0,0,0,0
0,0,0,0,0,1,4,2,0,0,0,0,3,4,44,14,0,1,10,19,88,14,17,3,0,21,89,29,26,0,0,0,1,0,0,1,22,54,36,6,7,0,0,1,50,62,135,52,103,49,42,20,70,34,104,73,33,110,135,29,14,0,0,0,1,3,12,4,21,62,27,16,40,13,4,10,104,67,27,21,135,97,1,0,14,5,6,25,135,128,38,18,5,0,0,2,0,10,31,20,10,3,2,1,20,43,14,49,45,10,2,0,135,113,1,1,1,0,0,2,84,20,1,2,6,0,0,7
