0,0,0,0,0,0,0,0,0,0,0,0,0,0,0,0,0,0,0,0,0,0,0,0,4,2,0,6,1,0,0,0,55,15,1,1,2,0,0,3,165,20,1,0,0,0,0,13,61,34,51,17,5,0,0,3,16,35,64,63,8,0,0,0,96,88,3,4,7,0,0,0,165,58,0,0,0,0,0,21,165,37,41,4,0,0,2,62,68,59,131,58,0,0,0,8,94,65,0,1,4,0,0,0,165,55,0,0,0,0,0,14,165,59,0,0,0,0,0,19,148,54,29,13,0,0,0,3
6,4,12,6,5,0,0,1,128,0,1,1,0,0,0,79,161,3,2,0,0,0,0,89,3,6,11,0,0,0,0,0,1,10,23,26,8,4,0,0,145,4,6,16,5,2,0,44,161,12,1,0,0,0,0,95,25,16,15,0,0,0,0,1,0,1,0,4,20,31,2,0,137,46,0,2,7,10,1,2,161,109,1,0,0,0,0,8,30,20,17,0,0,0,0,0,1,17,2,0,14,21,1,0,127,136,2,0,0,2,1,0,161,135,1,0,0,0,0,0,10,11,14,0,0,0,0,0
18,7,34,22,4,0,0,9,131,8,12,1,1,0,1,131,61,1,8,35,99,10,6,93,34,47,37,28,28,0,0,0,6,46,49,22,6,0,0,0,110,30,60,35,0,0,0,51,131,26,28,19,6,1,0,78,15,34,84,25,33,14,2,0,25,54,51,17,0,0,0,0,53,55,45,61,0,0,0,1,131,108,15,8,5,0,0,4,40,20,10,8,131,52,0,0,29,23,30,28,1,0,0,4,39,69,16,17,1,0,0,0,131,117,2,0,15,3,0,0,19,9,0,0,131,55,0,0
33,0,0,0,0,0,1,129,63,1,0,0,0,0,0,109,52,11,1,0,0,0,2,129,26,20,6,1,1,2,5,41,92,0,0,0,0,0,0,88,108,3,0,0,0,0,0,129,129,101,0,0,0,4,1,47,43,72,1,0,0,40,21,7,95,3,0,0,0,0,0,40,129,10,0,0,0,0,0,52,129,38,0,0,0,15,11,30,27,24,0,0,0,60,45,8,22,8,2,1,7,6,12,32,129,0,0,0,0,0,6,99,129,1,0,0,1,44,23,40,19,13,0,0,1,103,71,5
43,38,3,0,1,1,3,23,116,66,9,0,0,0,9,119,24,5,4,3,30,52,76,119,0,0,0,0,16,50,58,8,33,105,79,8,0,0,0,1,119,110,31,4,5,0,0,16,23,14,22,8,48,95,41,38,0,0,0,0,6,119,119,2,9,19,119,54,0,0,0,5,95,32,51,27,9,2,0,19,15,6,3,119,115,46,3,8,0,0,5,112,52,59,17,0,10,5,9,10,1,1,11,12,6,27,20,14,10,6,1,1,14,19,10,60,18,15,0,0,2,4,38,119,22,5,0,0
57,26,0,0,0,0,1,12,74,10,0,0,0,0,7,33,126,0,0,1,4,0,0,76,51,2,13,123,73,0,0,23,51,65,38,5,0,0,2,30,44,16,49,34,0,0,18,44,126,23,5,2,0,0,1,112,89,3,8,21,26,23,8,95,122,89,32,15,9,30,19,10,57,76,112,49,2,14,14,12,114,126,54,4,0,1,1,10,45,13,0,0,35,25,28,40,121,26,7,33,27,6,2,15,126,88,36,15,9,3,1,31,13,29,27,21,8,11,14,9,1,1,0,0,25,43,29,4
19,0,0,0,0,0,9,121,14,1,4,2,3,3,35,121,1,0,3,99,121,17,26,27,0,0,0,121,121,10,3,0,43,36,46,1,0,2,10,76,121,34,3,0,0,1,6,108,17,0,0,21,44,42,36,23,0,0,0,121,121,22,7,0,60,59,45,4,7,16,9,41,68,80,18,3,4,4,7,27,7,1,9,17,36,35,14,2,0,0,0,32,121,32,1,0,52,15,16,37,5,4,3,67,101,79,33,9,2,4,10,63,4,17,60,80,31,47,16,1,0,0,1,40,92,28,7,0
25,49,19,58,54,0,0,1,50,56,55,118,1,0,0,12,63,16,27,65,10,5,9,30,67,22,22,87,1,1,2,8,18,24,27,41,63,4,0,7,118,28,23,69,20,4,0,36,61,50,21,118,92,1,0,0,109,86,12,24,9,0,0,0,13,31,23,22,118,25,1,4,118,8,2,11,66,28,3,53,61,75,11,56,96,21,1,11,60,94,7,21,33,1,0,0,4,4,9,35,78,17,67,24,111,15,15,26,24,11,53,52,55,47,2,1,7,9,41,73,26,36,1,2,39,12,8,16
49,33,4,1,0,0,0,1,176,13,0,0,0,0,0,34,176,2,0,0,0,0,0,55,17,8,0,0,0,0,0,1,62,17,6,0,0,0,0,6,176,19,0,0,0,0,0,29,176,6,0,0,0,0,0,44,36,11,4,0,0,0,0,1,25,57,15,0,0,0,0,0,141,88,1,0,0,0,0,5,176,37,0,0,0,0,0,4,48,13,5,0,0,0,0,0,9,73,18,3,0,0,0,0,86,70,5,1,0,0,0,0,176,48,0,0,0,0,0,0,36,12,0,0,0,0,0,0
0,5,8,16,70,30,8,6,8,21,23,27,60,13,0,2,113,32,9,29,18,6,0,14,19,22,9,81,66,1,0,0,2,13,24,29,49,18,23,13,27,20,25,17,122,62,2,3,122,25,1,5,39,32,3,17,27,50,9,30,82,20,1,4,3,3,2,1,12,18,108,96,15,8,11,49,98,27,102,41,122,22,11,16,10,10,39,57,32,67,5,2,7,11,10,37,1,0,0,0,13,80,122,18,24,2,0,2,2,11,122,96,14,2,1,1,0,1,122,105,24,5,0,0,1,2,48,122
30,6,0,0,0,0,0,34,86,26,2,0,0,0,0,57,83,107,50,1,0,0,0,21,66,29,20,3,1,1,14,45,26,31,2,1,0,0,0,3,148,43,5,0,0,0,0,37,148,70,38,16,18,0,0,34,16,15,23,30,98,27,23,3,39,44,5,4,1,0,0,0,122,102,15,0,0,0,0,1,148,40,1,5,28,0,0,44,30,0,0,34,148,12,6,15,23,50,8,0,0,0,0,0,114,53,0,0,0,0,0,0,148,36,0,0,8,2,0,18,28,3,0,10,148,33,1,9
55,18,2,0,0,0,0,11,158,21,0,0,0,0,0,43,158,2,0,0,0,0,0,55,21,8,3,0,0,0,0,2,43,64,3,0,0,0,0,0,158,50,0,0,0,0,0,9,158,3,0,0,0,0,0,39,51,8,0,0,0,0,0,3,20,88,21,4,0,0,0,0,102,73,10,3,0,0,0,1,158,39,0,0,0,0,0,20,71,6,0,0,0,0,0,6,0,87,82,53,2,0,0,0,31,120,39,31,0,0,0,0,153,148,0,0,0,0,0,0,40,10,0,0,0,0,0,2
61,12,0,0,0,0,0,44,91,97,44,1,0,0,0,23,93,43,31,3,1,1,13,58,7,0,0,0,0,2,68,27,95,42,6,0,0,0,0,16,152,71,33,12,13,0,0,26,37,26,34,34,125,31,27,5,0,0,0,0,6,12,90,36,78,81,10,0,0,0,0,0,152,56,3,2,21,0,0,28,57,0,0,28,152,19,7,19,10,0,0,2,46,11,25,48,74,49,1,0,0,0,0,0,152,56,0,0,8,3,0,9,36,6,0,7,152,60,1,8,33,0,0,1,52,11,1,13
25,0,0,0,0,0,0,52,12,0,0,0,0,0,3,69,17,0,0,0,0,0,2,62,68,1,0,0,0,0,0,18,31,0,0,0,0,0,0,132,35,0,0,0,0,0,12,132,117,23,0,0,0,0,4,78,132,56,0,0,0,0,0,8,95,0,0,0,0,0,0,112,132,13,0,0,0,0,0,54,132,71,0,0,0,0,0,6,132,87,0,0,0,0,0,0,132,0,0,0,0,0,0,55,132,3,0,0,0,0,0,25,132,9,0,0,0,0,0,20,132,12,0,0,0,0,0,10
4,0,0,0,0,0,14,85,48,3,0,0,0,0,9,65,120,23,0,0,0,0,0,17,94,58,0,0,0,0,0,2,67,0,0,0,0,0,6,85,124,21,0,0,0,0,1,25,124,51,0,0,0,0,0,2,124,63,0,0,0,0,0,2,124,0,0,0,0,0,0,55,124,3,0,0,0,0,0,48,124,4,0,0,0,0,0,46,124,4,0,0,0,0,0,45,84,0,0,0,0,0,0,86,102,0,0,0,0,0,0,118,93,0,0,0,0,0,0,124,54,0,0,0,0,0,8,121
0,0,2,46,24,13,7,10,53,43,39,92,0,0,0,9,139,87,16,62,22,0,0,0,0,5,19,138,45,0,0,0,0,0,0,10,57,2,3,15,61,14,10,10,2,0,9,64,148,53,12,45,11,0,0,22,15,10,19,148,46,0,0,0,0,0,0,35,63,1,0,0,106,6,0,3,12,4,3,19,148,50,5,7,0,0,0,9,58,26,40,148,3,0,0,0,0,0,1,60,50,0,0,0,84,53,5,18,18,2,0,3,148,95,0,0,0,0,0,1,77,27,11,23,0,1,0,0
78,3,0,0,0,0,0,39,98,22,0,0,0,0,0,0,127,12,0,0,0,0,0,0,55,24,0,0,0,0,0,0,127,1,0,0,0,0,0,116,127,15,0,0,0,0,0,15,127,8,0,0,0,0,0,0,98,16,0,0,0,0,0,0,119,0,2,9,0,0,0,127,127,4,0,0,0,0,0,98,127,15,0,0,0,0,0,1,110,15,0,0,0,0,0,0,44,1,9,43,1,0,0,55,127,0,0,2,0,0,0,127,127,6,0,0,0,0,0,28,95,13,0,0,0,0,0,0
44,3,8,27,9,0,0,6,151,8,0,0,0,0,0,25,87,36,0,0,0,0,0,0,48,64,0,0,0,0,0,0,33,2,1,54,24,0,0,2,151,17,0,5,2,0,0,20,131,77,0,0,0,0,0,2,74,105,0,0,0,0,0,0,12,1,1,79,25,0,0,1,151,5,1,16,7,0,0,43,151,64,0,0,0,0,0,11,87,95,0,0,0,0,0,0,1,0,1,107,42,0,0,0,151,4,1,26,16,0,0,22,151,62,0,0,0,0,0,9,64,78,0,0,0,0,0,0
35,0,0,0,0,0,0,36,137,9,0,0,0,0,0,12,137,22,0,0,0,0,0,0,109,15,0,0,0,0,0,0,54,0,0,0,0,0,8,60,137,1,0,0,0,0,0,20,137,4,0,0,0,0,0,1,137,12,0,0,0,0,0,0,116,0,0,0,0,1,13,57,137,5,0,0,0,0,0,10,137,13,0,0,0,0,0,0,137,9,0,0,0,0,0,1,137,4,0,0,0,0,2,23,137,23,0,0,0,0,0,2,137,30,0,0,0,0,0,1,107,3,0,0,0,0,0,8
49,102,136,12,0,0,0,0,136,136,39,0,0,0,0,10,78,72,20,0,0,0,0,11,72,28,0,0,0,0,0,0,2,47,136,2,0,0,0,0,105,82,85,3,0,0,0,40,136,25,3,0,0,0,0,55,87,32,0,0,0,0,0,0,0,25,136,2,0,0,0,0,9,27,136,13,0,0,0,1,103,86,47,0,0,0,0,3,90,40,0,0,0,0,0,0,0,19,76,0,0,0,0,0,0,7,98,4,0,0,0,0,15,33,43,2,0,0,0,0,67,39,0,0,0,0,0,0
31,79,0,0,0,0,0,0,74,90,0,0,0,0,0,0,104,26,0,0,0,0,0,1,82,2,0,0,0,0,0,2,72,49,8,9,0,0,0,0,121,23,0,0,0,0,0,4,129,4,0,0,0,0,0,4,98,0,0,0,0,0,0,6,26,18,79,167,0,0,0,0,106,9,11,21,0,0,0,1,137,4,0,0,0,0,0,1,90,2,0,0,0,0,0,2,1,20,148,167,8,0,0,0,27,10,72,167,5,0,0,0,90,8,14,22,0,0,0,2,68,3,0,0,0,0,0,2
96,14,1,0,0,0,6,111,83,9,0,0,0,0,53,82,41,3,0,0,0,24,65,76,28,0,0,0,0,5,26,106,50,40,19,5,8,7,17,78,112,72,13,3,4,3,75,101,37,31,10,6,76,95,55,81,96,10,0,0,5,18,25,112,24,105,77,22,0,1,2,6,99,52,82,33,7,8,7,54,37,30,74,48,105,61,14,32,112,53,30,9,11,13,4,40,58,11,7,2,0,0,0,19,23,20,39,5,0,0,0,31,4,12,66,20,1,0,2,19,30,22,31,7,12,11,4,9
0,1,13,10,2,9,20,0,0,0,11,29,7,30,28,0,0,0,1,37,23,35,41,3,0,0,0,25,49,69,11,0,9,3,1,47,96,45,73,8,91,17,18,37,25,47,82,37,5,3,16,94,94,60,74,8,5,5,13,27,38,101,29,4,12,10,42,110,110,5,2,2,110,59,51,77,29,20,6,22,10,21,110,83,103,38,3,4,3,8,66,110,26,9,3,2,0,2,57,110,4,0,0,0,8,59,96,99,8,0,0,0,0,14,70,59,45,0,0,0,0,1,12,73,84,0,0,0
129,46,0,0,0,0,0,1,129,15,0,0,0,0,0,4,129,3,0,0,0,0,0,15,104,0,0,0,0,0,0,21,129,13,0,0,0,0,0,7,129,4,0,0,0,0,0,9,129,0,0,0,0,0,0,19,115,0,0,0,0,0,0,31,129,21,0,0,0,0,0,0,129,21,0,0,0,0,0,3,129,5,0,0,0,0,0,12,129,1,0,0,0,0,0,11,129,4,0,0,0,0,0,7,129,2,0,0,0,0,0,20,129,3,0,0,0,0,0,20,114,2,0,0,0,0,0,5
57,4,1,1,0,0,0,1,86,2,0,0,0,0,0,1,78,2,0,0,0,0,0,0,52,0,0,0,0,0,0,7,33,9,40,147,0,0,0,0,107,5,3,4,0,0,0,1,96,4,0,0,0,0,0,0,66,4,0,0,0,0,0,1,2,2,77,175,29,3,0,0,42,14,74,175,0,0,0,1,83,6,5,8,0,0,0,7,56,1,0,0,0,0,0,9,0,0,23,175,48,8,1,0,1,1,78,175,5,1,2,1,17,6,45,175,0,0,0,5,33,2,4,10,0,0,0,14
129,17,0,0,0,0,0,0,129,13,0,0,0,0,0,5,129,8,0,0,0,0,0,13,117,0,0,0,0,0,0,14,129,18,0,0,0,0,0,0,129,6,0,0,0,0,0,17,129,4,0,0,0,0,0,22,129,8,0,0,0,0,0,9,129,21,0,0,0,0,0,0,129,24,0,0,0,0,0,2,129,12,0,0,0,0,0,5,129,3,0,0,0,0,0,14,94,14,18,86,0,0,0,5,129,5,0,0,0,0,0,16,129,0,0,0,0,0,0,13,94,0,0,0,0,0,0,20
70,18,2,5,0,0,0,0,80,21,0,0,0,0,0,0,73,18,0,0,0,0,0,0,68,11,0,0,0,0,0,0,42,21,28,186,1,0,0,0,106,18,2,4,0,0,0,1,93,14,0,0,0,0,0,2,91,5,0,0,0,0,0,1,3,4,16,186,31,1,2,0,54,12,13,168,3,0,0,7,95,2,0,1,0,0,0,12,93,3,0,0,0,0,0,1,2,7,24,186,27,3,5,2,5,5,23,186,13,0,0,0,53,16,17,84,0,0,0,2,65,6,0,0,0,0,0,1
29,0,0,0,0,0,0,43,25,0,0,0,0,0,0,53,47,4,0,0,0,0,0,21,43,13,2,0,0,3,0,1,58,0,0,0,0,0,0,29,79,0,0,0,0,0,0,24,113,13,0,0,0,0,0,6,36,17,0,0,19,138,3,1,78,1,0,0,0,0,0,7,102,3,0,0,0,0,0,5,111,7,0,0,2,51,6,6,13,1,0,9,186,186,6,3,42,1,0,0,0,0,0,19,72,0,0,0,0,17,5,20,28,0,0,0,7,186,39,10,14,0,5,24,81,186,111,56
23,20,58,10,0,0,15,5,195,78,7,0,0,0,2,7,146,21,0,5,6,0,0,0,0,0,0,13,9,0,0,0,34,13,25,17,0,1,0,0,195,69,4,1,0,0,1,7,141,18,0,4,4,17,19,8,6,2,2,6,5,15,14,7,45,3,1,2,1,14,21,12,195,17,0,0,0,0,7,46,96,16,7,14,4,31,49,28,56,33,3,8,4,18,17,11,55,13,0,0,0,4,13,12,195,75,4,0,0,0,0,6,70,48,32,11,7,6,2,5,33,53,9,8,11,3,0,0
1,6,57,4,0,4,52,3,140,33,25,0,0,1,21,26,197,15,0,0,0,0,0,26,55,2,0,5,4,0,0,0,0,1,66,18,0,0,0,0,141,40,38,4,0,0,0,0,197,25,0,0,0,0,0,7,73,4,0,5,3,3,1,1,0,0,13,11,2,4,2,0,117,11,9,8,1,3,3,11,197,4,0,0,0,0,4,68,53,1,0,1,1,31,35,23,0,0,0,0,2,22,21,0,71,1,0,0,0,10,17,26,197,4,0,0,0,0,2,59,55,14,6,10,3,7,11,15
0,0,16,12,0,1,11,1,105,26,18,4,0,0,2,4,201,34,0,0,0,0,0,1,53,11,3,4,0,0,0,0,0,0,1,3,0,0,13,3,152,2,0,0,0,0,4,23,201,10,0,0,0,0,0,12,73,9,2,4,0,0,0,0,0,0,3,10,0,1,12,3,155,17,2,2,0,0,2,8,201,19,0,0,0,0,0,4,75,11,3,6,0,0,0,0,0,0,17,22,0,1,28,8,110,4,4,4,0,0,15,46,201,8,0,0,0,0,0,27,66,9,2,7,0,0,0,0
0,0,1,7,6,6,2,0,96,1,0,2,8,4,6,5,204,7,0,0,0,0,0,6,51,6,2,9,1,0,0,0,0,0,5,13,21,55,25,0,101,9,13,4,2,18,61,52,204,13,0,0,0,0,1,62,80,7,2,14,1,0,0,1,0,0,45,48,14,7,5,0,86,53,87,20,1,2,6,7,204,80,4,0,0,0,0,8,84,14,3,9,0,0,0,0,0,0,3,3,0,1,20,2,79,7,6,3,0,1,8,11,204,18,0,0,0,0,0,8,66,9,2,5,0,0,0,0
0,0,0,10,24,14,10,1,36,0,0,13,26,8,11,26,142,0,0,0,0,0,0,142,142,0,0,0,0,0,0,142,0,0,2,32,17,0,0,0,45,4,3,57,30,0,0,1,142,4,0,2,1,0,0,56,142,0,0,0,0,0,0,142,0,0,2,43,29,1,2,0,22,7,4,28,25,1,2,1,142,12,2,4,1,0,0,23,142,0,0,0,0,0,0,142,3,3,20,129,18,0,0,0,6,8,31,39,4,0,0,0,56,10,16,5,0,0,4,23,50,0,0,0,0,0,14,108
147,45,0,0,0,0,24,125,147,5,0,0,0,0,32,147,72,1,0,0,0,0,1,27,6,0,0,0,0,0,0,1,147,66,0,0,0,0,0,14,147,46,0,0,0,0,0,13,129,6,0,0,0,0,0,3,11,0,0,0,0,0,0,0,147,77,0,0,0,0,0,0,147,36,0,0,0,0,0,29,123,11,0,0,0,0,0,25,7,2,0,0,0,0,0,0,83,17,0,0,0,0,0,0,147,38,0,0,0,0,0,2,70,24,0,0,0,0,0,1,1,1,0,0,0,0,0,0
63,153,73,0,0,0,0,4,153,153,2,0,0,0,0,16,85,24,0,0,0,0,1,20,9,0,0,0,0,0,0,3,136,153,1,0,0,0,0,9,98,49,0,0,0,0,9,115,76,6,0,0,0,0,10,106,22,1,0,0,0,0,0,15,117,70,0,0,0,0,0,1,96,48,0,0,0,0,0,20,153,50,0,0,0,0,0,13,30,8,0,0,0,0,0,1,33,73,0,0,0,0,0,0,69,60,0,0,0,0,0,0,110,35,0,0,0,0,0,1,15,4,0,0,0,0,0,0
2,116,10,0,0,0,0,0,123,41,8,0,0,0,0,7,205,1,0,0,0,0,0,26,47,0,0,0,0,0,0,2,26,41,5,3,4,0,0,1,118,7,3,10,20,9,3,23,205,4,0,0,0,0,0,47,71,0,0,0,0,0,0,4,7,29,17,7,2,0,0,0,99,33,10,35,11,1,0,2,205,45,1,0,0,0,0,8,79,1,0,0,0,0,0,1,0,1,4,1,2,15,8,0,77,6,1,2,1,11,12,19,205,7,0,0,0,0,0,37,64,0,0,0,0,0,0,4
34,3,1,3,2,2,40,108,8,3,2,53,75,39,64,35,0,1,11,47,88,68,27,0,0,30,55,5,9,66,17,0,1,0,1,54,32,8,69,59,14,0,0,37,24,19,134,96,108,45,83,38,44,12,52,49,12,131,134,8,4,2,0,0,2,0,2,77,34,2,0,1,51,11,1,83,63,14,11,10,134,60,4,4,4,1,3,17,63,21,9,0,0,0,0,4,1,0,0,4,39,33,10,18,69,51,0,2,72,53,0,0,134,112,0,0,1,1,0,0,39,10,0,0,0,0,0,0
0,0,1,4,2,2,7,4,68,3,1,2,2,1,17,50,177,5,0,0,0,0,15,177,13,0,0,0,0,0,62,177,0,5,12,14,1,0,0,0,85,5,6,15,5,0,0,7,177,12,0,0,0,0,0,28,33,10,4,11,5,2,37,177,6,4,8,8,1,0,0,1,63,12,8,19,7,0,0,2,177,15,0,0,0,0,3,54,49,9,13,12,2,0,3,41,3,0,0,7,7,0,2,9,20,3,5,2,1,0,6,20,127,10,0,0,0,0,3,79,104,36,0,0,0,0,1,22
0,0,0,1,106,172,9,0,20,6,0,0,11,161,7,5,21,7,0,0,0,6,10,19,15,5,0,0,5,10,3,3,1,3,2,78,172,120,6,0,14,5,2,4,3,14,7,12,34,3,0,1,2,2,8,21,36,3,0,1,9,8,2,11,0,1,3,172,172,0,0,0,7,4,7,27,31,1,0,1,57,7,4,7,3,0,0,4,15,1,0,16,13,3,2,14,0,0,0,172,172,0,0,0,16,3,3,42,95,0,0,5,28,14,14,3,2,1,0,4,6,1,0,5,17,5,0,2
31,1,1,15,6,0,1,121,26,12,13,45,22,0,2,28,126,13,6,2,1,1,4,63,148,5,0,0,0,1,5,74,36,30,19,2,0,0,0,46,105,22,20,9,11,0,1,46,64,10,11,11,77,16,12,54,148,0,0,0,8,13,11,125,18,47,22,0,0,0,0,0,132,39,6,3,19,0,0,4,85,16,0,16,148,3,0,8,148,52,0,1,35,16,0,26,26,9,7,3,0,0,0,10,43,10,1,0,6,5,18,27,67,13,0,7,63,28,16,13,148,32,0,1,31,39,9,44
33,49,9,30,151,50,0,0,65,28,13,12,85,22,1,5,9,8,20,28,40,11,0,0,0,0,1,11,24,8,6,3,30,20,0,20,151,66,0,0,151,7,0,7,88,22,1,6,24,0,0,3,125,48,6,1,0,0,0,0,17,46,24,1,5,12,11,102,151,0,0,0,74,18,10,47,65,12,13,9,11,0,0,39,116,24,21,8,0,0,0,32,36,32,23,2,0,0,2,56,151,12,0,0,1,1,2,46,128,16,8,3,28,1,2,34,25,10,12,42,4,0,0,112,45,2,2,9
10,29,40,9,1,0,0,1,48,133,45,7,0,0,0,0,3,92,120,17,9,5,0,1,4,15,66,30,20,1,0,4,70,40,9,2,0,0,2,10,133,133,38,17,1,0,0,12,22,48,133,94,21,9,1,4,0,11,79,89,16,1,0,0,29,113,66,13,0,0,0,0,133,79,17,2,1,5,18,84,31,4,7,17,26,62,62,53,7,5,22,16,2,5,17,31,9,60,33,26,4,4,0,0,17,25,10,1,17,47,61,19,2,0,0,0,0,12,133,50,1,0,0,0,0,21,133,35
2,22,35,122,52,0,0,0,1,21,15,26,22,0,0,0,0,8,49,15,0,0,0,1,0,0,21,22,1,0,6,80,20,45,20,109,155,21,0,0,57,56,24,21,90,10,0,6,9,17,54,48,31,3,0,0,0,0,5,23,25,5,4,0,27,13,0,8,155,100,1,2,155,6,1,2,81,29,2,24,40,3,3,11,129,32,0,3,0,0,0,1,36,42,18,1,9,4,2,71,155,10,0,0,140,10,2,22,55,2,1,11,31,0,0,10,130,18,4,7,0,0,0,11,47,34,19,0
25,1,0,8,80,3,0,9,142,13,0,0,9,2,0,54,91,3,0,0,66,54,8,26,66,0,0,0,7,27,34,76,36,13,1,15,95,5,1,1,142,76,0,3,21,9,1,11,78,11,0,0,142,108,15,14,57,20,0,0,11,23,73,64,34,2,0,2,24,32,15,11,142,9,0,0,11,31,19,114,44,3,0,0,94,142,22,31,111,35,0,0,5,15,15,39,6,0,0,0,0,10,9,10,34,0,0,0,0,11,28,99,14,0,0,0,11,48,45,38,28,0,0,0,0,0,29,72
21,7,2,0,0,41,131,68,22,10,9,4,0,0,131,131,4,12,40,3,0,0,131,102,31,12,36,11,6,8,131,56,43,48,32,1,0,1,3,3,97,74,29,0,0,0,9,14,18,79,84,0,0,0,34,19,98,120,4,0,0,0,10,17,24,69,43,1,0,0,0,1,95,37,23,6,0,0,0,35,71,42,20,0,0,0,0,57,118,78,1,0,0,0,0,6,1,62,61,9,7,4,3,0,8,7,26,36,19,1,0,8,50,2,5,3,0,0,0,89,98,4,0,0,0,0,0,85
6,34,7,0,14,128,76,9,73,36,0,0,12,128,17,30,72,21,0,0,0,0,36,71,7,0,0,0,0,3,114,85,16,7,0,0,70,128,57,69,56,11,0,0,0,3,36,128,27,18,8,0,0,1,118,61,3,20,9,0,0,7,103,9,44,19,1,0,14,23,14,49,102,20,0,0,0,0,13,63,128,67,27,11,2,1,3,19,3,47,39,13,2,0,0,1,33,0,0,0,0,0,9,102,125,19,0,0,0,0,14,67,128,42,1,3,10,5,0,8,8,14,3,3,5,3,2,10
12,5,4,0,0,107,124,89,79,15,3,0,0,49,124,75,34,54,27,0,0,11,124,31,68,68,15,0,0,12,69,17,68,45,16,0,0,2,4,11,104,72,23,0,0,0,0,11,124,52,17,0,0,0,0,76,74,55,14,0,0,0,0,57,81,75,10,0,0,0,0,16,43,124,43,3,1,0,0,8,25,49,52,35,9,0,0,44,21,3,7,3,0,0,7,124,11,124,52,0,0,2,1,0,5,124,34,3,6,12,7,1,3,9,39,35,14,4,2,0,1,4,57,12,0,0,0,11
58,46,4,0,38,125,6,5,19,0,0,0,92,149,13,16,55,0,0,0,4,11,3,54,83,0,0,0,0,0,0,42,3,7,4,0,52,149,57,1,137,7,0,0,45,149,16,19,104,14,0,0,0,0,0,20,89,0,0,0,0,0,0,57,44,17,0,0,7,149,72,7,149,32,0,0,0,25,13,23,49,2,0,0,0,0,9,57,28,0,0,0,0,0,4,98,53,53,1,1,10,21,0,1,99,23,0,0,0,0,0,37,11,0,0,0,0,4,19,46,7,0,0,0,0,4,20,71
26,13,0,0,35,142,26,5,24,0,0,0,67,142,10,15,103,12,0,0,1,3,0,16,93,27,0,0,0,0,0,1,28,5,0,0,8,142,43,8,86,9,0,0,1,55,18,31,142,2,0,0,0,0,0,30,142,1,0,0,0,0,0,6,120,50,0,0,1,110,31,9,93,49,0,0,0,0,0,4,142,15,0,0,0,0,0,13,126,0,0,0,0,0,0,28,111,53,0,0,0,0,2,9,43,7,0,0,0,0,1,39,78,1,0,0,0,0,0,58,70,0,0,0,0,0,0,48
7,86,109,5,4,6,1,0,56,135,56,0,0,0,0,0,93,135,6,0,0,0,0,10,74,58,4,0,0,0,0,8,44,35,23,0,0,0,4,4,135,59,1,0,0,0,4,9,99,8,0,0,0,0,21,69,135,15,0,0,0,0,0,34,83,32,0,0,0,0,2,10,60,18,0,0,0,17,60,24,118,5,0,0,0,7,78,73,135,40,0,0,0,0,0,18,53,2,0,2,0,3,7,21,12,17,0,0,1,45,31,9,135,95,0,0,0,6,13,13,135,71,0,0,0,0,0,0
26,14,15,32,8,0,5,47,45,21,37,101,21,0,5,43,103,56,46,66,27,0,0,11,1,1,8,112,97,0,0,0,15,10,35,23,7,1,6,25,112,99,69,18,2,0,4,31,43,78,102,51,29,0,0,4,1,2,7,112,112,0,0,0,5,9,84,63,0,0,0,0,110,34,25,19,0,0,0,100,35,6,31,31,5,3,10,112,0,0,8,112,112,14,7,5,0,0,46,78,0,0,0,0,7,1,42,80,0,0,0,23,8,0,8,22,0,3,33,112,0,0,0,13,75,20,38,29
35,87,24,14,20,0,0,0,140,10,0,1,3,0,0,12,140,0,0,0,0,0,0,42,75,0,0,0,0,0,0,31,26,26,16,41,118,0,0,0,140,31,0,3,8,0,0,1,140,2,0,0,0,0,0,25,105,0,0,0,0,0,0,35,37,2,2,13,140,52,0,3,140,10,0,0,4,1,0,8,140,0,0,0,0,0,0,24,100,0,0,0,0,0,0,31,51,0,0,0,56,75,9,8,140,0,0,0,0,0,0,9,140,0,0,0,0,0,0,15,79,0,0,0,0,0,0,18
145,18,0,0,0,0,6,25,133,26,0,0,0,0,0,5,145,17,0,0,0,0,0,1,50,4,0,0,0,0,0,2,145,6,0,0,0,0,0,14,145,11,0,0,0,0,0,7,145,10,0,0,0,0,0,7,56,6,0,0,0,0,0,2,145,3,0,0,0,0,0,5,145,19,0,0,0,0,0,2,145,4,0,0,0,0,0,20,63,0,0,0,0,0,0,11,145,2,0,0,0,0,0,5,145,5,0,0,0,0,0,13,125,1,0,0,0,0,0,40,37,0,0,0,0,2,19,32
19,4,0,0,3,10,50,65,27,0,0,0,0,5,33,138,5,0,0,0,0,7,47,71,0,0,0,0,138,129,38,5,39,17,13,11,39,38,14,23,138,24,8,4,13,21,13,100,30,1,0,0,16,112,89,35,0,0,0,0,138,138,88,1,9,20,57,18,7,2,0,9,63,45,40,8,19,21,2,7,12,11,16,10,79,106,13,12,1,7,14,31,138,56,11,8,4,0,1,0,0,0,3,36,1,2,2,2,10,7,18,12,5,26,38,18,27,8,2,4,1,14,22,33,138,25,0,0
3,2,9,14,5,9,3,5,9,15,15,2,2,4,3,8,0,1,17,9,5,28,15,0,0,0,5,18,18,41,11,1,25,2,4,2,20,69,28,76,106,7,7,18,17,16,10,49,17,3,8,79,74,51,27,11,46,11,15,38,24,17,15,27,138,18,10,1,2,9,12,138,138,99,21,12,3,1,0,13,25,24,89,138,28,0,0,1,21,49,108,50,4,0,0,5,138,20,1,0,0,0,1,138,128,130,23,0,0,0,0,67,3,26,82,21,0,0,0,0,0,5,67,44,3,0,0,0
49,1,2,1,0,9,8,20,160,3,0,0,0,2,3,81,46,20,7,4,0,9,7,12,20,13,1,7,22,5,3,1,53,0,0,0,0,10,21,26,160,26,3,0,0,0,0,52,76,77,45,2,0,0,0,2,5,20,16,44,19,0,0,0,35,47,66,1,0,6,14,15,160,123,24,0,0,0,0,42,133,52,26,4,0,0,0,4,0,1,19,35,0,0,0,0,1,147,160,0,0,0,0,0,51,160,132,0,0,0,0,0,26,52,15,8,1,0,0,0,0,0,3,19,7,0,0,0
0,0,0,0,0,141,129,0,30,0,0,0,5,141,126,17,141,2,0,0,0,10,42,45,71,7,5,70,32,6,1,4,1,0,0,2,4,77,44,0,71,3,0,12,17,18,5,3,141,5,0,0,0,5,4,14,77,1,0,3,15,141,36,14,4,1,1,8,5,1,0,0,53,8,1,9,8,0,0,3,141,7,0,0,0,68,34,43,13,0,0,0,0,141,62,15,0,1,4,13,1,0,0,0,8,1,2,6,5,12,2,5,17,0,0,0,4,133,57,23,12,0,0,0,0,101,33,18
0,0,0,0,16,7,0,0,157,0,0,1,6,1,0,45,157,0,0,0,0,0,0,81,11,0,0,0,0,0,0,2,0,0,2,1,15,4,0,0,143,19,9,2,7,0,0,29,157,17,0,0,0,0,0,90,33,0,0,0,0,0,0,6,0,66,92,0,2,2,0,0,45,157,139,0,0,0,0,1,157,118,14,0,0,0,0,18,47,0,0,0,0,0,0,4,0,63,89,0,1,1,0,0,11,37,50,1,4,5,0,4,157,11,3,0,0,0,0,48,44,0,0,0,0,0,0,12
50,7,5,5,6,21,42,43,19,36,33,6,2,14,10,3,46,33,3,0,0,4,14,15,55,64,26,32,0,0,0,1,131,39,0,0,7,3,1,13,45,14,3,6,95,130,46,17,131,24,0,1,8,32,55,96,131,59,2,4,15,12,2,8,125,82,0,1,18,6,5,5,31,29,6,49,131,35,7,5,131,78,7,15,19,5,3,40,117,6,1,3,18,6,24,75,57,5,0,0,2,13,30,43,11,5,0,13,66,31,18,5,119,16,0,6,12,2,6,91,39,2,0,0,21,39,49,52
13,5,12,100,62,3,0,3,45,21,15,7,9,2,0,10,2,17,48,63,35,0,0,0,0,0,1,74,127,1,0,0,6,0,0,30,127,56,4,8,127,25,6,2,28,27,6,45,30,18,17,16,114,59,0,1,0,0,0,9,127,46,0,0,6,13,25,65,127,26,1,3,127,111,34,19,39,15,2,21,30,7,0,2,127,80,0,3,0,3,7,13,127,33,0,0,0,7,23,28,57,22,1,0,5,50,27,7,18,20,17,1,1,5,15,39,118,14,3,1,0,61,90,37,32,0,0,0
5,11,7,0,0,5,11,10,66,23,1,0,0,0,5,28,143,82,3,0,0,0,0,9,84,88,41,1,0,0,0,1,9,26,28,0,0,0,4,26,76,27,26,4,0,0,3,36,143,134,2,0,0,0,0,31,79,143,44,3,2,0,0,6,2,26,42,0,0,0,8,6,47,39,48,15,1,2,12,9,143,45,4,0,0,0,5,143,94,62,9,4,9,17,66,143,0,2,4,0,0,0,5,1,19,34,11,0,0,0,14,20,41,66,16,0,0,0,12,67,105,56,8,0,1,3,23,109
29,9,7,16,6,0,1,38,119,12,7,3,4,1,2,64,146,1,0,0,0,5,19,119,54,1,0,0,0,18,101,48,90,33,4,2,5,0,0,14,101,11,3,9,73,7,4,37,146,10,0,0,8,23,16,109,61,0,0,0,5,42,55,98,57,30,2,0,5,2,4,11,108,25,0,10,75,14,7,11,146,48,0,1,32,62,10,30,54,3,0,0,28,75,42,76,6,0,1,20,1,3,24,19,42,1,0,0,4,19,28,39,81,1,0,0,7,55,50,103,57,2,0,0,7,42,19,64
66,9,0,0,0,0,0,47,44,10,0,0,0,0,0,3,12,2,0,0,0,0,0,2,0,0,0,0,0,0,0,0,175,0,0,0,0,0,0,175,69,1,0,0,0,0,0,22,46,5,0,0,0,0,0,12,16,9,0,0,0,0,0,0,175,0,0,0,0,0,0,175,115,16,0,0,0,0,0,32,58,26,0,0,0,0,0,0,45,21,0,0,0,0,0,0,175,1,0,0,0,0,0,175,175,23,0,0,0,0,0,57,26,48,0,0,0,0,0,0,19,38,0,0,0,0,0,0
12,0,0,0,0,0,0,38,27,0,0,0,0,0,0,27,41,0,0,0,0,0,0,12,17,0,0,0,0,0,0,6,32,0,0,0,0,0,1,127,66,1,0,0,0,0,0,22,76,5,0,0,0,0,0,14,45,17,0,0,0,0,0,7,75,0,0,0,0,0,1,193,95,8,0,0,0,0,0,102,92,16,0,0,0,0,0,1,58,31,0,0,0,0,0,0,179,0,0,0,0,0,0,193,175,0,0,0,0,0,0,193,77,1,0,0,0,0,0,46,58,3,0,0,0,0,0,18
66,0,0,0,0,2,18,75,104,22,0,0,0,1,15,100,33,17,17,33,8,17,32,22,65,54,120,22,0,1,2,5,25,0,0,0,1,2,31,120,45,2,0,0,0,0,52,120,120,31,0,0,0,7,62,89,120,26,8,0,0,36,83,29,23,5,1,0,0,0,26,76,120,28,0,0,0,0,10,101,120,45,0,0,0,8,89,71,23,10,1,0,0,93,120,19,19,52,50,12,0,0,1,6,71,47,3,0,0,0,14,26,67,53,1,0,0,0,56,46,15,42,15,0,0,6,10,6
38,5,0,0,0,11,19,40,120,32,0,0,0,0,0,34,120,89,14,0,0,0,2,19,2,24,23,28,71,3,3,2,70,22,5,2,0,0,1,36,120,45,1,0,0,0,0,49,120,51,4,0,0,0,12,118,26,90,24,41,18,4,16,22,27,91,55,7,0,0,0,5,82,120,15,0,0,0,0,55,63,120,27,0,0,0,24,70,42,120,13,9,0,0,51,66,7,39,39,4,0,0,0,6,41,77,40,1,0,0,1,68,22,18,14,3,0,1,68,82,5,8,9,0,0,0,120,105
35,40,26,7,2,0,0,1,41,97,37,0,0,0,1,9,55,130,15,3,1,0,3,14,24,97,107,13,2,0,0,0,39,4,8,34,9,0,0,6,130,57,2,1,0,0,0,23,130,101,0,0,0,0,0,2,89,80,1,0,0,0,0,0,9,3,54,76,0,0,0,1,130,7,10,16,0,0,0,51,130,45,0,0,0,0,0,20,108,77,0,0,0,0,0,0,9,13,46,130,7,0,0,0,87,4,15,99,1,0,0,25,130,22,0,1,0,0,0,42,104,53,0,0,0,0,0,0
46,76,11,0,15,124,6,2,10,0,0,0,47,145,18,9,61,0,0,0,6,30,9,43,100,0,0,0,0,0,0,33,3,4,4,0,12,145,101,3,102,8,0,0,13,145,38,22,123,11,0,0,0,1,1,21,107,0,0,0,0,0,0,52,46,21,0,0,2,145,72,8,145,31,0,0,0,12,14,24,57,2,0,0,0,0,5,69,46,0,0,0,0,0,1,102,45,60,2,0,3,12,0,1,87,17,0,0,0,0,0,36,10,0,0,0,0,3,26,50,21,0,0,0,0,1,12,91
24,131,47,0,0,0,5,9,26,86,48,0,0,1,1,1,82,88,3,0,0,0,0,10,76,17,0,0,0,0,0,23,15,27,6,3,1,6,18,19,75,18,2,0,0,0,3,12,60,6,0,0,0,3,35,39,136,3,0,0,0,0,10,50,25,3,41,167,4,1,2,10,59,4,5,9,0,4,8,23,41,23,0,0,0,18,31,15,167,49,0,0,0,0,3,11,1,1,117,167,4,0,0,0,7,7,77,167,0,0,2,6,47,84,14,16,0,2,1,1,120,63,0,0,0,0,0,0
128,78,0,0,0,0,0,1,128,34,0,0,0,0,0,0,128,4,0,0,0,0,0,7,104,0,0,0,0,0,0,18,128,83,0,0,0,0,0,0,128,22,0,0,0,0,0,0,128,5,0,0,0,0,0,6,128,0,0,0,0,0,0,13,128,25,1,0,0,0,0,0,128,8,0,0,0,0,0,5,128,1,0,0,0,0,0,12,128,0,0,0,0,0,0,7,70,24,27,63,0,0,0,0,128,13,0,0,0,0,0,1,128,2,0,0,0,0,0,4,92,0,0,0,0,0,0,15
16,3,0,0,0,0,21,101,31,12,10,0,0,0,9,104,4,5,35,3,0,0,12,28,0,10,19,0,0,0,1,3,14,0,0,0,0,0,105,138,34,1,0,0,0,0,61,138,64,5,0,0,0,0,40,128,27,3,0,0,0,0,1,14,138,47,0,0,0,0,35,125,138,62,0,0,0,0,4,51,138,58,0,0,0,0,1,19,39,10,0,0,0,0,0,0,138,71,0,0,0,0,0,0,138,55,0,0,0,0,0,0,138,44,0,0,0,0,0,0,15,6,0,0,0,0,0,0
137,59,2,0,0,0,0,83,137,4,0,0,0,0,0,87,116,26,8,4,0,0,0,13,4,5,15,78,2,0,0,0,74,137,44,0,0,0,0,19,137,103,14,0,0,0,0,44,137,19,0,0,0,0,0,62,21,2,3,24,1,0,0,12,0,137,44,0,0,0,0,0,13,137,59,0,0,0,0,0,53,137,19,0,0,0,0,9,18,19,1,0,0,0,0,4,0,133,23,0,0,0,0,0,0,122,30,0,0,0,0,0,0,43,10,0,0,0,0,0,0,4,0,0,0,0,0,0
19,3,12,13,1,12,174,51,179,31,8,5,0,4,52,93,85,12,2,22,3,0,0,5,0,0,8,27,1,0,0,0,29,20,54,21,1,1,39,10,179,67,7,0,0,0,9,31,132,12,2,11,4,3,7,8,1,0,14,18,1,0,0,0,35,4,8,8,2,16,17,8,179,22,1,0,0,0,4,49,112,29,2,0,1,4,23,31,13,10,3,4,9,11,9,3,42,4,5,1,0,13,29,16,179,70,3,0,0,0,2,16,73,91,35,7,2,0,0,1,3,12,12,38,29,6,3,1
0,0,0,1,150,129,0,0,2,3,7,4,52,14,0,9,3,5,4,4,21,15,23,44,0,0,0,19,150,43,12,2,1,1,1,2,150,150,15,9,24,10,11,2,12,14,13,33,7,19,25,13,8,0,0,0,0,3,6,111,150,2,0,0,3,12,13,18,150,71,3,4,48,41,11,3,2,1,2,18,48,18,4,4,4,0,0,6,9,8,3,67,150,0,0,0,1,1,1,1,110,50,3,8,11,4,0,0,0,0,2,29,69,5,0,1,5,0,0,12,16,3,0,19,150,0,0,0
14,24,13,1,1,13,15,8,70,63,7,1,0,0,6,12,17,48,56,117,4,1,0,0,3,6,97,101,2,0,0,0,51,9,1,5,56,69,39,31,133,49,0,0,1,3,14,48,66,45,12,23,20,21,1,5,37,51,93,54,16,10,1,2,63,32,5,20,85,15,2,5,133,35,1,1,0,2,11,60,44,7,0,1,11,13,107,57,39,14,1,2,19,69,107,48,20,2,0,1,28,14,9,25,63,1,0,0,3,24,42,133,2,0,0,1,11,103,133,23,0,0,0,0,2,59,133,14
56,128,5,0,0,18,42,8,25,24,0,0,0,10,115,65,13,0,0,0,0,0,15,59,0,0,0,0,0,0,2,7,28,22,0,0,1,128,89,9,128,29,0,0,0,47,117,97,111,3,0,0,0,0,11,94,8,0,0,0,0,0,7,40,75,67,0,0,4,128,19,4,128,109,0,0,0,6,3,10,114,3,0,0,0,0,0,50,29,0,0,0,0,0,0,38,83,128,1,0,5,12,3,1,113,74,0,0,0,0,0,1,89,3,0,0,0,0,0,10,20,0,0,0,0,0,0,12
41,129,37,0,0,0,0,0,104,129,1,0,0,2,17,5,20,14,0,0,0,1,37,23,0,0,0,0,0,0,3,13,120,129,2,0,0,14,4,2,45,38,0,0,2,129,98,16,89,2,0,0,0,25,103,102,23,0,0,0,0,0,11,53,60,62,0,0,12,105,6,2,63,21,0,0,21,129,19,7,129,32,0,0,0,9,8,31,44,0,0,0,0,0,2,44,11,10,0,0,51,112,2,1,95,76,0,0,13,46,4,2,118,43,0,0,0,0,0,4,46,0,0,0,0,0,0,15
2,0,1,119,34,0,1,8,106,2,3,37,8,0,1,86,60,2,3,110,36,0,0,32,0,0,0,120,78,0,0,0,0,0,13,120,14,0,0,0,71,7,21,120,8,0,0,33,120,24,10,51,11,0,0,49,7,4,3,120,120,1,0,0,0,0,55,50,0,0,0,0,10,20,111,120,0,0,0,0,93,120,57,28,1,0,0,2,8,15,6,120,118,0,0,0,0,5,33,3,0,0,0,0,0,22,52,9,0,0,0,0,1,39,35,3,0,0,0,0,0,4,2,62,24,0,0,0
2,0,0,0,1,2,0,0,106,0,0,0,0,1,0,16,195,2,0,0,0,0,0,10,23,0,0,0,0,0,0,0,1,1,0,3,5,2,0,0,170,9,0,1,2,1,0,42,195,7,0,0,0,0,0,51,50,0,0,0,0,0,0,1,1,16,5,6,2,0,0,0,108,135,9,2,0,0,0,3,195,64,0,0,0,0,0,7,52,0,0,0,0,0,0,0,10,73,13,0,0,0,0,0,69,103,10,0,0,0,0,0,195,22,0,0,0,0,0,3,39,0,0,0,0,0,0,0
2,4,17,6,0,0,0,0,41,91,24,11,0,0,0,0,61,125,48,0,0,0,0,0,13,124,93,1,0,0,0,0,7,21,23,0,0,0,0,0,125,94,27,0,0,0,0,10,125,110,28,1,0,8,17,78,10,37,47,2,1,85,80,11,8,67,58,0,0,0,0,0,35,125,125,0,0,0,0,4,86,84,48,19,19,26,23,40,2,0,4,49,40,125,81,7,30,24,3,0,0,0,18,32,31,38,20,0,0,0,27,97,4,12,21,32,11,7,10,46,0,0,17,120,36,14,4,0
109,3,1,5,0,0,0,45,140,13,1,0,0,0,0,76,108,31,31,42,0,0,0,8,6,28,65,78,9,9,6,3,114,18,3,3,1,0,0,9,140,37,0,0,0,0,1,30,140,29,0,3,6,4,17,42,2,1,2,9,123,72,21,7,91,20,1,0,8,3,0,8,140,17,0,0,0,0,12,66,49,1,0,0,1,10,51,135,1,1,3,22,107,61,20,14,71,34,0,0,9,3,4,6,111,31,0,0,0,14,32,37,55,8,0,0,0,4,23,105,20,50,16,21,5,8,7,9
47,68,18,0,0,0,0,3,33,40,60,0,0,2,11,5,0,12,36,13,55,34,8,0,0,0,3,26,116,60,0,0,19,20,10,11,8,17,28,26,21,4,0,0,1,53,136,37,66,23,20,25,28,20,73,51,8,15,112,136,47,8,0,0,0,0,4,16,68,136,13,0,101,10,2,3,20,101,83,39,136,74,7,1,1,1,11,28,37,28,36,42,69,46,2,2,0,0,10,23,58,46,5,0,81,65,36,17,18,7,1,3,136,55,2,7,7,0,0,22,23,10,1,43,108,34,0,7
4,0,0,2,15,26,54,33,17,0,0,0,2,12,60,132,26,24,14,16,11,15,11,24,0,5,39,70,15,0,0,0,0,3,98,78,37,13,12,5,84,37,115,18,3,2,16,87,132,41,21,5,0,0,1,43,12,6,36,40,57,0,0,1,0,16,132,77,2,9,14,1,11,23,132,103,9,1,1,1,77,52,59,23,16,23,28,20,9,0,0,11,48,10,39,31,0,3,11,9,1,29,109,54,2,1,28,29,44,61,64,47,0,0,5,12,85,132,58,16,0,0,0,0,3,18,109,72
1,0,1,9,31,15,1,1,123,10,0,2,5,1,2,17,195,57,0,0,0,0,0,4,40,5,0,0,0,0,0,0,0,0,4,14,29,27,3,0,149,4,0,4,10,1,0,36,195,23,0,0,0,0,0,33,35,2,0,0,0,0,0,0,0,4,1,4,5,20,8,0,158,14,0,5,5,3,1,3,195,48,0,0,0,0,0,3,24,2,0,0,0,0,0,0,0,0,0,0,1,13,16,1,162,12,0,0,0,2,10,5,195,41,0,0,0,0,0,0,9,1,0,0,0,0,0,0
26,63,17,1,0,0,0,4,42,101,9,0,0,0,4,31,64,125,22,11,1,0,2,16,13,118,114,12,0,0,0,0,39,13,17,24,1,0,0,2,125,65,1,0,0,0,0,15,125,100,0,0,0,0,0,2,85,81,3,0,0,0,0,0,10,4,59,49,0,0,0,1,125,8,13,9,0,0,0,47,125,25,0,0,0,0,0,28,124,61,0,0,0,0,0,0,5,18,88,114,0,0,0,0,61,6,34,101,0,0,0,18,125,8,1,2,0,0,0,52,125,36,0,0,0,0,0,3
1,3,13,87,10,1,0,0,24,75,56,65,7,0,0,1,28,85,132,40,0,0,0,0,14,97,79,15,1,3,0,0,0,3,27,34,12,0,0,0,85,15,10,64,22,0,0,11,132,67,82,23,3,0,0,14,16,18,91,81,118,24,0,0,2,20,48,19,0,0,0,0,41,16,57,103,1,0,0,1,132,25,14,13,7,0,0,44,51,3,5,122,132,7,0,14,0,18,75,3,0,0,0,0,2,4,62,50,0,0,0,0,122,12,23,18,0,0,0,47,71,2,4,81,18,0,0,63
50,6,0,0,0,0,0,16,104,12,3,7,2,2,10,31,14,2,2,15,5,9,39,26,79,3,0,0,0,1,4,29,69,0,0,0,0,0,1,97,139,47,13,32,7,0,0,10,37,14,14,116,61,1,4,9,72,0,0,3,4,0,0,58,108,1,0,0,0,0,1,139,139,5,1,6,14,2,0,77,50,2,1,35,139,33,4,16,15,0,0,1,25,10,7,83,68,70,40,1,0,0,0,53,139,101,1,0,11,10,1,50,29,6,0,0,139,105,5,12,14,0,0,0,17,21,8,54
12,164,22,0,0,0,0,3,12,57,43,0,0,0,0,2,47,88,9,0,0,0,0,3,62,36,0,0,0,0,0,9,9,28,16,111,11,1,3,8,57,12,2,1,0,0,1,11,50,9,0,0,0,0,12,36,108,8,0,0,0,0,2,37,3,1,19,191,37,0,0,0,28,5,20,114,0,0,2,8,34,33,1,1,0,0,15,15,138,65,0,0,0,0,1,6,0,0,10,191,9,0,0,0,0,3,48,191,1,0,0,0,25,73,36,65,0,0,0,0,86,62,0,0,0,0,0,0
13,8,63,92,0,0,0,3,131,5,11,22,0,0,0,52,131,27,0,0,0,0,0,17,32,49,8,0,0,0,0,0,18,19,52,131,14,4,9,14,96,9,21,131,27,2,1,38,131,33,3,4,0,0,0,57,74,61,5,0,0,0,0,0,7,3,75,20,12,9,19,19,17,49,114,83,29,6,2,2,131,131,32,6,0,0,0,6,74,52,1,0,0,0,0,0,0,7,129,4,0,0,0,0,0,36,131,5,0,0,0,0,39,90,50,0,0,0,0,0,40,32,1,0,0,0,0,0
29,0,0,0,0,0,1,124,66,5,2,0,0,0,0,118,26,8,26,8,0,0,0,38,0,2,45,15,0,0,0,2,124,20,0,0,0,0,2,124,114,12,0,0,0,0,0,124,77,7,0,0,0,0,0,124,21,3,4,0,0,0,0,17,124,124,0,0,0,0,0,12,124,124,0,0,0,0,0,11,115,97,0,0,0,0,0,11,25,18,0,0,0,0,0,1,93,124,0,0,0,0,0,0,83,124,0,0,0,0,0,0,43,73,0,0,0,0,0,0,4,7,0,0,0,0,0,0
34,9,22,17,0,4,104,63,177,58,17,7,0,1,33,73,87,26,5,21,0,0,0,3,0,0,7,37,0,0,0,0,34,19,27,23,3,2,57,27,177,52,3,0,0,0,15,56,148,14,4,13,0,0,1,11,0,0,13,30,0,0,0,0,46,8,10,10,5,17,15,11,177,30,1,0,0,0,1,39,132,27,2,1,1,0,3,37,5,3,3,7,6,11,7,1,51,15,21,2,1,13,22,15,177,110,4,0,0,0,1,12,76,96,30,17,3,0,0,0,0,3,13,46,14,5,3,0
139,58,34,10,0,0,0,5,47,42,110,91,0,1,7,9,152,137,36,14,0,0,1,1,45,26,5,16,1,0,0,0,55,24,29,17,8,3,23,33,53,12,20,18,1,4,152,100,152,57,10,4,0,0,26,76,47,16,5,25,1,0,0,0,2,3,19,59,17,5,5,1,80,33,30,23,3,2,28,19,152,57,1,0,0,0,3,28,52,7,4,10,0,0,1,8,0,0,1,13,19,60,17,0,89,6,2,3,2,13,20,16,152,37,1,0,0,0,0,20,34,22,5,3,2,1,1,10
2,0,0,5,11,7,4,15,144,10,4,5,4,2,0,19,149,6,2,1,0,0,0,32,11,3,8,24,0,0,0,0,66,18,25,8,0,2,2,34,117,16,61,26,0,1,0,24,149,21,7,1,0,0,0,53,33,7,9,22,0,0,0,0,149,44,44,6,0,0,0,27,71,49,149,51,0,4,24,24,149,81,38,7,0,2,10,31,48,10,10,21,0,0,0,3,42,20,37,10,2,1,10,22,27,6,12,8,2,14,128,49,149,7,3,1,0,4,41,114,70,2,5,8,0,0,0,16
6,5,0,0,0,22,90,5,5,4,0,0,2,42,119,14,1,0,0,0,10,119,119,2,0,0,0,0,1,101,119,3,17,2,0,0,0,95,119,12,116,12,0,9,20,37,119,63,16,4,0,40,119,80,49,8,29,13,3,7,8,13,31,10,42,9,1,2,0,13,24,9,119,14,0,1,5,47,117,47,25,8,3,12,54,69,77,24,40,33,6,3,4,3,7,11,3,0,0,2,4,77,32,5,35,1,0,0,0,49,119,33,109,12,0,1,8,10,26,30,60,5,0,3,16,13,14,26
100,21,17,1,0,0,0,33,48,20,32,21,0,2,1,10,124,17,19,18,0,0,0,2,124,25,1,1,0,0,0,0,71,37,84,38,0,0,0,0,124,62,72,37,0,0,4,15,100,81,119,71,0,1,11,9,124,82,7,4,0,0,0,2,20,18,56,30,2,0,9,14,64,18,20,16,7,5,70,56,110,21,18,11,0,4,119,92,124,26,2,5,0,0,1,31,8,14,63,38,7,2,1,3,0,2,18,46,12,7,8,1,124,30,14,6,0,1,10,17,124,11,0,1,0,0,0,17
12,11,14,26,70,7,0,1,9,10,24,23,99,18,0,0,0,30,118,35,50,4,0,0,3,81,52,6,3,0,0,1,5,1,4,7,35,39,8,4,60,62,76,21,25,10,4,10,5,40,121,45,109,21,0,0,0,9,23,10,41,13,1,2,10,16,50,11,26,11,2,6,121,84,63,9,17,5,0,27,18,27,121,65,121,22,0,6,0,66,121,12,18,4,0,0,1,83,121,3,0,0,0,0,8,110,121,3,1,1,0,0,1,25,121,22,5,4,0,0,0,20,115,7,5,4,0,0
1,91,19,0,0,11,2,0,138,19,3,0,1,17,8,51,153,0,0,0,0,0,0,78,2,0,0,0,0,0,0,0,1,7,1,0,3,23,11,1,132,17,9,1,11,14,2,29,153,18,1,0,0,0,0,82,15,0,0,0,0,0,0,2,1,73,102,2,2,5,6,1,44,153,149,1,1,0,0,2,153,118,18,0,0,0,0,19,29,0,0,0,0,0,0,2,0,54,107,2,5,2,0,0,10,33,50,2,8,9,1,4,151,9,3,0,0,2,1,64,25,0,0,0,0,0,0,15
1,14,15,42,22,0,0,0,81,38,5,20,20,1,1,2,183,53,0,0,0,0,0,3,63,9,0,0,0,0,0,0,11,26,27,81,14,1,0,4,105,20,28,93,28,3,0,3,183,26,0,1,0,0,0,7,60,11,0,0,0,0,0,0,10,7,6,8,7,37,102,60,94,3,4,24,40,76,57,22,183,6,0,0,1,1,1,23,57,0,0,0,0,0,4,4,3,10,16,27,2,11,89,27,105,59,3,0,0,13,41,24,183,38,0,0,0,5,4,22,27,0,0,0,0,22,46,21
24,7,27,4,1,0,1,39,108,10,5,0,0,0,2,119,29,9,20,9,2,6,3,23,119,5,11,7,0,0,0,24,3,36,119,8,0,0,0,0,119,49,119,17,0,0,0,21,119,59,89,25,0,0,0,25,106,54,119,47,0,1,3,10,10,54,98,12,0,0,12,11,22,24,119,53,0,0,18,13,119,40,48,11,4,4,41,60,53,15,32,13,0,13,119,68,14,40,64,9,0,1,14,11,18,30,118,20,1,1,19,17,7,10,36,47,10,4,11,4,52,11,23,12,2,4,28,15
3,3,0,2,22,110,30,3,50,67,18,7,16,30,10,8,12,40,60,70,2,0,0,3,10,9,20,57,5,0,2,14,28,25,6,35,38,41,9,1,122,122,10,3,1,5,3,18,12,41,28,44,16,29,12,5,0,3,14,60,30,25,15,0,13,13,113,122,8,0,0,0,91,25,78,27,1,6,26,51,6,1,21,20,14,106,63,18,0,0,2,11,9,44,58,2,9,4,122,86,0,0,0,2,0,2,122,119,0,0,2,1,0,0,122,122,2,5,4,0,0,2,106,111,2,2,3,1
18,134,57,0,0,0,0,0,71,134,8,0,0,0,12,6,37,65,0,0,0,0,27,32,2,1,0,0,0,0,2,17,89,134,2,0,0,12,6,2,45,58,0,0,0,89,111,22,77,2,0,0,0,11,95,126,28,0,0,0,0,0,4,68,39,56,0,0,4,116,13,2,63,26,0,0,0,134,42,12,134,40,0,0,0,4,10,30,61,0,0,0,0,0,0,42,9,15,0,0,27,105,3,0,85,103,0,0,3,23,3,2,114,53,0,0,0,0,0,2,51,0,0,0,0,0,0,11
6,0,2,111,10,0,1,22,77,1,4,25,1,0,0,105,32,2,6,125,20,0,0,22,0,0,0,125,74,0,0,0,0,0,20,125,3,0,0,0,71,11,45,113,0,0,0,39,125,28,16,67,6,0,0,43,5,5,6,125,125,0,0,0,0,0,68,62,0,0,0,0,8,21,125,107,0,0,0,0,75,125,69,19,0,0,0,2,8,21,10,125,67,0,0,0,0,4,43,3,0,0,0,0,0,24,67,6,0,0,0,0,1,48,42,1,0,0,0,0,0,8,5,56,10,0,0,0
1,0,3,4,1,0,8,8,86,5,4,1,0,0,22,132,104,0,0,0,0,0,62,161,4,0,0,0,0,0,107,161,3,1,2,4,2,0,1,12,88,6,2,0,0,0,3,33,161,14,0,0,3,0,2,69,23,3,0,2,24,12,76,144,0,0,0,6,23,2,3,8,113,9,0,0,1,1,7,24,161,40,0,0,8,2,0,4,16,2,0,8,48,7,1,2,0,0,12,37,17,1,0,0,123,8,8,11,2,1,1,10,161,8,0,0,2,3,2,19,4,1,0,1,21,14,3,2
78,57,1,0,0,0,0,0,128,69,0,0,0,0,2,16,38,32,2,0,16,33,14,16,98,84,2,0,8,9,3,13,96,64,2,0,0,0,0,0,128,35,0,0,0,3,4,18,42,6,0,0,6,47,21,43,77,15,0,0,0,8,55,108,48,69,115,0,0,0,0,1,71,45,92,0,0,5,15,33,8,90,101,0,4,40,21,17,15,73,84,46,7,11,25,32,0,28,128,0,0,0,0,0,0,46,128,0,0,0,0,0,0,105,128,0,0,0,0,0,0,53,83,38,2,0,0,0
0,0,0,0,0,0,0,0,38,0,0,0,0,0,0,7,105,0,0,0,0,0,0,9,6,0,0,0,0,0,0,0,2,3,0,2,3,1,0,0,184,10,0,1,2,1,0,39,204,6,0,0,0,0,0,61,36,0,0,0,0,0,0,1,7,19,4,3,0,0,0,0,130,148,9,2,0,0,0,3,204,66,0,0,0,0,0,10,45,0,0,0,0,0,0,0,5,93,29,0,0,0,0,0,72,137,12,0,0,0,0,1,204,29,0,0,0,0,0,5,37,0,0,0,0,0,0,0
0,0,0,0,2,7,52,64,43,0,0,0,0,0,8,123,123,7,4,9,4,0,0,79,16,2,3,33,64,5,2,10,29,17,1,0,2,16,41,48,73,28,7,0,0,0,3,123,123,28,0,0,4,2,0,123,40,2,0,1,116,42,3,18,27,123,41,1,1,2,1,5,40,123,76,0,0,0,1,9,123,100,8,0,3,9,25,51,24,3,0,0,95,106,22,17,13,35,18,5,4,9,12,20,17,28,8,0,0,10,76,54,6,6,1,0,0,31,123,49,0,0,0,0,21,66,77,29
29,0,0,0,0,0,18,119,119,6,5,16,16,1,0,103,12,1,2,27,83,13,9,30,0,0,0,0,2,2,28,81,52,63,19,0,0,0,7,82,119,55,4,0,19,9,3,115,32,2,0,0,119,83,14,29,0,0,0,0,7,13,43,67,28,112,32,0,0,3,23,27,65,53,8,0,6,37,112,64,11,0,0,0,87,119,70,38,15,0,0,0,6,12,20,54,3,0,0,0,3,38,100,25,0,0,0,0,0,51,119,34,11,0,0,0,3,28,119,74,32,17,3,0,0,2,10,56
0,16,55,66,28,17,0,0,1,98,118,9,1,0,0,0,1,118,108,10,5,6,0,0,5,13,30,19,29,43,7,2,20,20,30,58,4,0,0,0,118,93,109,16,5,0,0,3,8,37,68,63,118,57,0,0,0,0,9,31,73,116,2,0,9,15,57,33,0,0,0,0,118,26,27,22,8,0,0,28,46,4,13,118,117,4,0,16,0,0,64,118,25,5,0,0,0,7,86,13,0,0,0,0,45,9,51,24,0,0,0,23,33,1,5,69,21,4,16,64,0,0,13,113,41,4,5,2
0,0,0,0,0,125,70,0,29,10,0,0,0,121,125,45,52,7,0,0,0,0,32,125,17,0,0,0,0,0,1,122,14,0,0,0,2,125,34,5,125,61,3,1,1,57,14,19,65,32,7,6,10,15,8,79,28,0,0,0,0,0,15,125,41,0,0,0,1,119,22,22,125,5,0,0,0,12,38,94,17,2,0,1,7,66,93,59,21,0,0,0,0,2,34,125,35,0,0,0,0,15,12,28,83,4,1,1,0,1,17,68,16,2,4,9,0,7,47,28,67,0,0,0,0,0,3,63
0,0,2,17,11,125,52,0,0,0,8,8,7,125,125,2,0,4,3,0,1,125,67,4,0,14,17,0,1,52,6,0,10,13,18,30,14,125,65,1,12,2,11,94,49,85,89,17,104,59,12,5,4,13,37,34,9,72,43,0,0,1,1,4,87,29,14,21,12,17,18,14,16,6,12,125,125,25,9,4,119,18,4,25,23,6,21,93,12,7,0,0,0,0,20,90,20,5,0,0,4,27,57,19,0,0,3,11,43,72,56,1,0,0,4,16,29,30,22,48,8,0,0,0,1,5,16,125
0,0,0,26,25,0,0,0,2,3,3,113,100,1,0,2,23,49,32,20,9,0,0,9,6,16,62,22,0,0,3,5,0,0,0,9,9,18,70,3,12,2,1,39,109,114,20,3,140,72,22,11,20,23,4,14,19,32,76,38,18,20,0,2,0,18,47,2,1,9,67,7,15,8,71,71,44,53,18,1,140,40,56,18,7,9,9,64,19,15,51,8,30,72,19,26,0,54,140,1,0,0,5,2,3,41,140,39,0,0,4,8,12,81,140,14,0,0,1,6,1,53,140,2,1,3,2,2
122,3,0,0,0,0,0,34,38,1,2,9,37,34,15,41,4,2,6,38,46,36,77,51,24,10,4,2,0,1,85,77,89,2,0,0,0,0,1,83,110,25,12,23,8,2,4,61,11,24,52,122,23,1,0,2,31,122,44,16,0,0,0,7,64,13,9,52,5,0,1,56,122,31,4,3,0,0,0,47,66,51,122,61,3,0,8,23,1,117,122,10,0,2,14,5,20,34,37,122,28,0,0,0,122,61,12,2,0,0,2,28,45,23,10,0,0,0,47,96,13,20,11,0,0,3,56,34
9,122,6,0,0,0,0,0,142,94,2,0,0,0,0,34,142,1,0,0,0,0,0,56,0,0,0,0,0,0,0,0,6,112,10,0,0,4,2,0,134,39,7,0,0,10,4,46,142,16,0,0,0,0,0,83,6,0,0,0,0,0,0,0,1,62,106,6,0,1,1,0,49,142,127,0,0,1,0,2,142,115,11,0,0,0,0,17,19,1,0,0,0,0,0,2,0,53,124,5,4,2,0,0,7,40,64,4,9,12,1,5,101,13,3,0,0,3,2,79,15,0,0,0,0,0,0,17
16,0,0,1,0,0,6,27,109,0,0,0,0,0,12,134,24,0,0,0,0,0,89,134,1,0,0,0,0,0,61,134,20,0,0,8,10,1,1,8,134,7,0,0,0,0,0,18,63,5,0,0,12,5,26,50,94,21,0,0,1,0,30,134,13,7,47,55,5,0,0,1,134,35,14,5,0,0,0,7,62,32,1,0,6,5,1,7,127,133,0,0,1,0,0,2,0,8,83,55,0,0,0,0,29,102,57,19,0,0,0,0,40,103,47,6,0,0,0,0,73,134,3,2,0,0,0,0
6,18,7,15,37,26,136,14,7,3,0,4,31,33,136,86,3,2,4,5,2,24,136,37,0,0,2,3,0,13,136,3,11,21,6,13,103,75,44,18,62,118,17,6,87,32,16,28,21,60,113,25,0,4,34,13,0,0,21,13,0,2,19,0,4,0,0,0,11,71,92,22,136,34,3,0,8,23,11,92,71,19,27,4,0,0,0,33,0,0,5,2,0,0,0,0,4,0,0,0,0,9,123,56,136,0,0,0,0,2,26,100,66,0,0,0,0,0,0,19,0,0,0,0,0,0,0,0
0,0,0,0,0,0,0,0,11,0,0,0,0,0,0,9,34,0,0,0,0,0,0,19,2,0,0,0,0,0,0,0,1,21,10,4,0,0,0,0,131,26,12,0,0,0,0,51,154,17,0,0,0,0,0,97,36,9,0,0,0,0,0,1,1,23,105,46,0,0,0,0,114,87,49,12,0,0,0,2,154,143,0,0,0,0,0,7,56,31,0,0,0,0,0,0,0,1,122,85,0,0,3,8,37,147,148,24,0,0,0,0,154,154,8,0,0,0,0,0,17,45,7,0,0,0,0,0
22,0,0,0,0,34,132,35,132,5,0,0,0,1,75,132,49,1,0,0,16,70,78,50,27,0,0,0,1,26,40,73,69,6,0,0,0,0,11,43,132,47,0,0,5,6,1,28,67,14,1,2,113,116,20,12,67,19,1,0,12,28,33,113,52,18,0,0,0,0,0,4,132,30,0,1,5,7,5,75,36,16,27,51,77,55,14,23,50,78,19,9,7,14,34,22,4,4,0,0,0,0,0,0,66,22,0,0,0,5,51,21,14,2,4,10,3,37,132,13,1,3,2,2,1,61,109,5
26,6,0,0,0,3,81,91,54,29,0,0,0,0,114,68,114,40,0,0,0,0,42,85,114,2,0,0,0,0,4,42,114,50,1,0,0,3,20,43,114,68,3,0,0,0,2,44,114,27,0,0,0,0,0,70,97,2,0,0,11,57,30,48,112,114,13,0,0,5,10,6,84,49,6,3,3,11,13,17,114,33,0,0,0,0,0,32,31,1,0,0,96,52,14,28,25,27,2,0,0,10,68,57,78,1,0,0,0,8,27,73,91,1,0,0,0,0,1,93,6,0,0,1,75,26,9,32
0,1,35,14,11,73,16,0,6,1,38,15,8,97,27,7,138,24,12,1,1,12,12,39,15,2,0,0,0,0,0,2,0,0,0,1,3,131,102,0,40,0,0,0,0,138,95,25,138,4,0,0,0,8,20,45,6,0,0,0,0,0,0,0,0,0,0,22,75,75,45,14,119,11,0,0,12,71,63,30,138,41,0,0,0,0,3,16,0,0,0,0,0,0,0,0,12,0,0,3,42,138,36,41,138,14,0,0,14,90,61,68,138,29,0,0,0,0,1,20,0,0,0,0,0,0,0,0
3,0,0,0,0,1,134,54,25,0,0,0,0,3,127,134,3,0,0,1,3,41,97,13,0,0,0,1,5,35,91,0,55,0,0,0,0,1,53,98,134,6,1,0,0,1,22,107,48,8,9,55,11,16,21,9,0,0,0,79,35,23,24,0,109,68,13,0,0,0,0,47,134,79,0,0,0,0,0,14,92,23,20,54,0,0,0,1,0,0,3,124,21,0,0,0,30,74,47,3,0,0,0,5,134,32,2,1,0,0,0,69,110,11,10,17,3,0,0,22,0,0,3,48,51,0,0,0
7,13,7,0,0,0,43,101,5,17,24,5,0,0,42,49,9,16,83,29,0,0,4,16,0,11,83,53,1,0,0,0,33,2,0,0,0,2,77,141,26,6,5,4,0,1,141,141,141,26,19,3,0,0,25,141,19,14,76,26,0,0,0,1,113,35,3,0,0,0,7,39,94,49,35,30,1,1,24,31,141,83,5,3,0,0,2,25,36,12,11,2,0,0,0,1,34,31,49,13,1,0,7,21,111,25,11,19,2,1,49,44,141,25,0,0,0,0,13,49,13,1,0,0,0,0,14,36
93,14,0,0,0,1,25,79,51,33,28,17,0,2,48,36,161,42,11,8,0,0,14,69,92,13,12,1,0,0,0,4,120,67,37,1,0,0,1,27,78,28,28,23,1,3,80,77,161,29,6,5,0,1,30,70,93,3,0,0,0,0,25,52,4,63,103,10,3,0,0,1,63,33,54,75,36,5,14,11,161,38,4,3,1,3,28,73,46,0,0,0,0,2,48,143,0,0,1,0,1,0,0,0,26,0,0,2,15,4,0,2,114,1,0,0,0,7,5,23,37,0,0,0,0,5,5,51
0,0,0,0,0,0,0,0,0,0,4,3,0,0,0,0,0,1,54,20,0,0,0,0,11,29,60,8,0,0,0,3,28,3,2,19,6,0,0,2,141,33,34,8,0,0,0,7,16,39,141,31,0,5,13,12,4,27,141,40,0,0,6,14,39,12,9,141,90,0,0,1,141,22,5,13,3,4,2,41,41,19,33,28,16,33,43,49,44,39,44,8,0,1,28,90,4,2,2,141,102,0,0,0,141,40,14,105,24,0,0,18,90,63,98,29,2,0,0,11,16,91,108,5,0,0,0,6
0,0,0,0,1,25,126,37,5,0,0,0,9,125,73,15,142,5,0,0,0,22,31,49,23,1,0,0,0,0,0,3,4,1,2,8,20,33,88,77,48,1,0,0,9,143,87,58,143,13,0,0,0,19,20,58,14,1,0,0,0,0,0,0,3,1,6,15,28,72,27,39,143,11,0,0,33,143,20,21,143,38,0,0,0,5,3,12,1,0,0,0,0,0,0,0,2,0,0,0,6,56,15,21,138,19,0,0,7,61,7,9,143,31,0,0,0,0,0,1,0,0,0,0,0,0,0,0
15,7,10,0,1,5,75,149,64,18,70,20,0,0,30,126,21,66,149,45,0,0,0,4,1,81,67,15,0,0,0,0,140,57,11,0,0,0,25,103,149,77,4,0,0,0,15,102,116,43,67,6,0,0,0,16,0,7,24,8,0,0,0,0,54,61,53,16,3,0,0,7,149,37,5,5,1,0,0,104,65,3,0,0,0,0,4,123,0,0,0,0,0,0,0,0,7,2,0,1,1,0,0,0,64,6,0,0,0,0,0,39,11,0,0,0,0,0,0,35,0,0,0,0,0,0,0,0
0,0,0,0,0,0,12,10,1,0,0,0,2,3,5,21,0,0,0,5,13,22,1,0,0,0,0,9,10,38,10,0,41,19,12,0,0,0,70,100,127,17,6,14,5,4,16,122,17,5,12,127,48,23,1,2,0,0,13,105,70,28,5,0,28,89,75,7,0,0,0,7,127,127,33,8,0,0,0,17,43,41,26,127,62,0,0,2,0,0,41,127,84,1,0,0,16,121,24,3,0,0,0,0,35,127,48,8,0,0,0,0,3,30,48,125,10,0,0,0,0,0,63,127,12,0,0,0
