1,3,21,4,0,0,121,108,47,13,7,3,3,1,52,121,26,7,0,0,9,12,4,19,19,1,0,0,8,19,9,10,5,13,89,70,0,0,7,16,121,83,28,8,0,1,14,76,59,12,0,0,14,38,40,14,3,0,5,11,37,73,48,6,3,1,101,121,0,0,0,3,49,14,90,121,4,14,31,53,19,3,21,51,10,69,121,39,63,15,28,18,14,19,48,53,0,0,21,36,0,0,0,0,0,0,76,121,2,1,0,0,9,3,104,121,5,6,6,6,35,4,41,77,0,0,12,70
0,0,0,0,8,38,0,0,0,1,3,0,40,137,0,0,0,5,5,5,55,137,1,0,49,105,0,3,41,24,0,0,1,0,0,0,30,137,6,3,44,42,54,13,46,137,9,14,7,52,136,114,36,22,0,0,40,137,53,16,12,7,2,1,12,18,26,6,41,137,6,6,137,57,25,5,6,37,8,38,35,16,72,36,0,0,8,28,3,36,46,20,3,0,3,6,6,95,71,12,14,35,0,0,53,28,43,16,26,36,24,39,41,9,9,0,0,2,21,59,7,3,13,2,0,0,6,23
26,45,9,0,11,112,20,13,60,51,16,6,3,5,15,27,133,43,5,1,0,0,1,4,12,15,16,20,31,1,0,0,70,17,2,28,22,25,10,133,86,22,7,5,6,8,18,72,133,10,1,0,2,1,0,10,31,1,0,2,80,6,0,1,96,8,8,133,74,0,0,50,133,55,17,4,0,0,2,37,133,14,6,0,2,1,0,10,33,0,0,0,76,10,0,2,21,28,82,133,26,0,0,1,87,79,66,32,13,0,0,2,133,4,1,7,9,1,1,15,22,0,0,0,47,24,3,6
4,0,0,0,129,30,3,0,129,0,0,0,78,6,0,14,90,0,0,0,0,2,30,30,2,0,0,0,0,3,71,7,7,0,0,1,129,114,25,1,129,0,0,0,60,25,1,20,69,0,0,3,29,56,56,15,1,3,4,1,2,18,129,11,6,4,36,100,75,20,4,0,129,75,23,38,30,4,0,4,54,28,75,49,38,12,2,1,2,34,129,10,4,4,7,4,0,3,72,97,2,0,0,0,20,110,100,38,1,0,0,0,6,50,61,5,0,0,0,0,0,9,65,1,0,0,0,0
0,0,2,17,10,31,24,16,1,1,1,0,1,51,125,20,9,5,5,3,1,37,125,56,11,5,0,0,0,29,38,54,3,0,0,23,125,125,23,2,83,41,19,1,15,77,90,20,34,53,90,9,3,14,35,24,40,65,6,1,0,5,14,29,11,6,0,34,125,51,0,1,125,64,5,4,48,7,2,33,52,64,15,5,6,6,7,20,35,125,8,2,1,0,0,0,6,25,23,82,125,15,0,0,55,125,34,16,13,1,0,0,42,123,17,4,0,0,0,1,30,77,0,0,2,11,0,0
0,0,0,1,50,92,12,2,30,1,0,0,72,132,40,34,132,18,0,0,5,15,23,118,40,12,12,0,0,0,0,8,4,4,5,17,54,63,12,4,72,11,4,48,132,55,6,12,132,50,1,3,10,3,1,85,48,7,0,0,0,0,23,42,3,16,33,31,33,48,56,5,15,110,103,23,68,37,21,3,132,132,25,3,3,0,3,40,21,3,0,0,0,0,34,43,1,32,100,50,8,5,3,4,3,56,132,16,1,5,3,2,7,20,52,34,0,0,4,16,0,0,14,11,0,0,16,32
23,4,23,3,0,25,137,126,53,18,1,0,1,37,49,126,51,113,0,0,2,19,5,5,14,27,1,5,26,49,2,1,56,23,137,71,39,5,26,41,137,43,10,15,15,2,2,97,72,47,4,20,16,10,31,28,9,3,10,24,21,11,19,42,15,25,44,83,76,17,7,7,137,137,40,23,29,6,2,38,52,16,7,31,15,28,28,14,12,12,9,9,4,3,19,33,10,13,34,129,17,2,0,5,58,65,37,22,1,0,2,70,6,7,11,32,18,8,12,23,34,53,8,4,2,0,2,7
2,6,77,64,52,0,0,0,66,36,13,20,30,0,0,0,20,26,29,50,110,4,0,0,19,49,159,25,8,2,8,0,3,0,0,8,122,14,0,0,86,7,0,7,52,6,0,4,68,16,1,20,86,1,0,0,102,30,12,2,1,0,0,1,2,2,2,6,94,39,24,1,73,24,5,7,34,11,15,13,60,9,2,19,62,6,14,5,85,4,0,1,1,0,28,18,0,1,35,8,9,19,159,7,7,17,30,4,3,3,159,48,5,6,37,9,5,18,159,15,7,1,33,1,0,3,159,17
0,0,156,32,9,1,20,2,6,9,156,27,7,5,33,11,2,2,156,71,6,16,34,4,7,11,156,25,0,1,43,12,1,0,20,15,88,7,0,0,63,8,11,4,61,12,1,16,31,11,17,12,72,28,5,7,86,43,38,2,3,3,2,7,2,0,0,0,96,42,17,3,92,2,0,0,62,20,1,16,54,9,0,3,84,11,0,5,119,23,0,0,2,0,0,4,15,4,12,1,15,45,156,36,120,5,0,0,20,24,23,41,33,0,0,0,58,40,16,22,61,0,0,0,0,3,66,60
1,4,47,41,2,2,37,1,1,4,35,18,31,38,25,1,62,5,0,3,22,30,12,26,53,12,0,0,0,0,1,4,0,0,22,10,1,16,138,8,11,1,5,26,26,138,138,14,138,19,0,2,9,47,51,56,59,18,2,3,33,23,13,3,0,0,103,57,7,20,24,0,27,15,21,138,64,43,25,6,138,47,5,19,8,6,8,49,57,4,1,4,115,43,7,13,0,12,31,10,5,80,107,0,5,36,72,16,23,75,44,3,104,88,50,2,3,9,6,59,19,22,37,10,26,18,9,21
120,3,2,8,8,0,24,125,20,3,8,23,14,28,63,113,3,13,22,14,9,103,74,2,20,26,10,1,0,41,46,22,28,5,47,54,4,0,9,56,125,16,17,22,7,9,16,106,29,13,75,85,33,23,10,2,28,83,30,11,4,1,5,19,10,4,48,118,31,0,0,0,125,19,6,35,12,0,0,15,84,8,4,79,82,1,0,8,21,30,1,15,27,11,48,19,1,1,2,43,84,0,0,0,125,3,1,18,36,0,0,56,90,0,0,43,73,1,0,48,0,0,2,41,110,28,54,4
0,10,48,26,47,15,0,0,116,68,8,16,38,3,0,18,116,76,30,18,41,9,7,36,3,27,30,16,23,23,12,3,0,3,25,80,83,2,0,0,116,13,15,58,37,1,0,85,116,11,3,14,13,18,32,116,1,14,19,22,11,36,116,9,0,2,29,114,33,0,0,0,54,40,15,116,58,0,0,5,116,116,9,38,25,6,3,12,4,14,33,68,39,12,24,3,0,4,9,16,66,13,0,0,75,36,2,18,92,10,0,0,116,69,1,8,54,2,0,0,7,17,6,6,68,7,11,9
0,0,61,98,8,34,46,4,30,83,117,45,3,20,13,23,18,117,117,23,2,14,45,10,0,1,70,117,96,12,22,5,8,4,4,15,39,79,52,7,117,27,1,5,19,44,17,40,51,7,1,41,57,43,49,27,21,0,0,43,115,18,25,37,8,18,45,86,92,12,0,0,117,44,25,17,10,6,1,20,43,18,45,46,57,13,2,13,6,34,79,43,23,4,2,14,0,0,59,83,42,0,0,0,88,4,19,40,52,0,0,20,96,33,44,5,1,0,0,13,5,26,64,17,0,0,0,0
0,0,0,4,78,0,0,0,43,0,0,15,162,0,0,5,162,0,0,0,25,0,0,19,82,1,0,0,0,0,0,2,0,0,0,3,76,14,12,0,43,3,1,37,162,7,0,5,162,9,1,8,36,0,0,39,104,0,0,0,0,0,0,16,0,0,0,2,22,26,52,2,10,12,29,134,146,16,5,0,162,64,36,41,11,1,0,9,95,1,0,0,0,11,7,18,1,0,25,8,3,3,18,8,1,0,7,32,36,72,52,10,83,12,8,10,4,19,40,63,42,2,0,2,25,29,10,11
14,40,28,6,28,4,0,0,2,4,18,35,101,27,6,6,33,71,80,28,12,2,5,25,18,13,12,7,0,0,21,21,0,7,4,5,94,9,0,0,12,1,0,0,153,97,29,33,142,23,7,0,10,18,25,121,17,15,50,8,0,0,0,3,0,0,0,1,123,13,0,0,53,8,0,0,153,45,1,5,153,65,1,0,28,5,1,14,43,24,29,1,0,0,0,0,0,0,0,0,109,22,0,0,65,12,0,0,153,35,0,0,153,50,0,0,12,0,0,0,35,6,0,0,0,0,0,0
0,0,0,2,55,46,6,1,94,49,0,0,46,72,16,28,149,55,0,0,0,0,2,26,6,1,0,0,6,3,0,0,11,0,0,0,23,149,59,16,149,71,0,0,16,66,24,27,135,60,0,0,0,0,0,17,1,0,0,0,15,15,1,1,58,4,0,1,74,149,18,8,149,20,0,0,1,11,8,67,66,2,0,0,0,1,42,137,0,0,0,0,17,26,51,20,51,20,15,16,39,26,0,1,149,54,3,1,1,0,0,23,46,20,3,9,19,5,29,30,22,16,1,0,16,14,30,23
9,9,15,15,4,10,23,26,1,1,10,79,43,26,68,16,77,39,8,9,10,14,35,65,67,83,10,9,4,0,1,11,6,4,4,16,4,12,85,84,16,3,4,39,46,127,109,22,139,102,2,8,13,18,14,33,96,68,1,7,3,0,0,1,0,0,0,36,61,28,16,5,53,1,1,12,34,67,24,9,139,19,0,0,1,3,4,51,89,12,0,1,0,0,0,20,0,0,0,84,53,2,0,0,18,3,6,58,24,3,0,2,139,3,2,4,10,18,57,139,56,0,0,0,0,1,24,139
3,0,0,0,8,70,38,33,115,7,1,4,7,5,21,142,39,19,44,52,36,0,0,22,2,66,64,5,1,0,0,0,28,7,31,23,10,73,20,7,142,92,6,2,0,3,7,39,126,69,72,15,0,0,0,11,0,49,74,2,0,0,0,0,13,12,80,71,25,20,2,1,142,34,16,10,1,2,2,113,99,9,1,0,0,0,7,142,6,9,3,0,0,0,1,27,6,5,5,35,51,27,3,3,73,34,3,5,3,6,7,51,35,3,0,0,0,4,31,142,56,0,0,0,0,0,2,103
12,0,0,0,2,6,12,32,135,10,0,9,28,3,4,21,24,4,13,107,140,1,0,0,3,47,60,35,13,0,0,1,24,1,0,0,3,2,7,111,140,21,0,5,33,1,3,27,39,4,2,46,140,2,0,0,2,4,14,30,22,0,0,1,54,1,0,0,0,0,4,135,140,14,0,1,33,2,1,61,38,2,0,11,140,13,0,2,0,0,0,12,29,4,4,0,108,37,0,0,0,2,8,66,140,95,0,1,20,3,13,17,18,3,2,46,140,12,10,3,2,12,27,18,21,8,11,6
18,8,11,6,2,10,26,14,140,15,9,2,13,3,3,42,24,4,14,15,140,101,0,1,0,1,7,57,120,50,0,0,28,4,3,0,0,0,0,11,140,19,0,1,34,2,0,7,36,3,1,50,140,20,0,1,0,0,3,128,63,2,0,0,25,0,0,1,2,5,14,31,140,3,0,0,41,6,2,36,31,2,2,25,140,28,0,3,3,2,5,114,29,1,0,0,20,0,0,0,2,42,64,40,140,1,0,0,29,5,10,93,23,3,5,18,133,12,0,6,2,5,11,35,14,0,0,0
16,0,0,0,3,2,9,80,137,7,0,7,29,0,2,27,23,1,2,46,137,0,0,1,0,1,7,20,14,0,0,0,40,1,0,0,0,0,8,137,137,7,0,3,29,0,3,82,39,0,0,25,137,4,0,4,0,0,0,11,30,6,7,1,119,28,0,0,1,4,12,92,137,103,0,1,13,3,17,29,30,3,2,77,137,13,17,6,3,26,40,43,31,9,11,6,137,24,0,6,9,2,4,18,137,35,2,0,1,2,28,53,14,13,6,24,48,42,22,10,25,19,24,19,15,28,22,37
0,0,0,1,64,124,19,0,48,8,0,0,30,109,49,86,42,9,0,0,0,0,14,114,10,0,0,0,8,20,17,22,4,1,0,23,124,31,0,0,124,69,3,6,107,23,3,21,68,61,15,0,0,19,33,28,11,2,0,1,5,50,50,11,2,0,0,52,124,9,0,0,113,6,0,50,109,5,20,88,44,7,0,0,0,49,92,58,40,10,15,19,2,16,27,15,0,0,24,91,90,15,0,0,6,11,73,124,50,2,4,22,32,74,74,6,0,1,12,21,46,47,33,3,0,0,0,11
0,0,0,0,2,54,93,9,72,0,0,0,0,18,48,67,29,0,0,3,34,46,3,16,17,25,31,19,38,19,1,2,11,1,10,29,7,48,135,32,135,10,2,5,1,9,43,101,72,8,2,39,68,9,0,4,72,18,6,10,18,3,2,27,16,24,135,135,36,10,10,5,135,109,32,45,11,2,4,20,73,12,0,29,61,7,2,3,8,0,0,46,21,0,12,29,16,17,28,56,129,100,0,0,123,123,7,17,35,10,0,0,13,14,1,8,55,11,4,11,3,0,7,40,5,1,3,17
10,2,71,61,32,13,13,15,5,5,128,89,20,23,29,14,27,29,128,56,4,9,71,24,25,72,128,12,1,1,26,55,52,2,1,12,19,3,0,22,37,2,3,39,118,27,2,11,128,29,50,6,10,5,1,22,17,22,79,10,1,8,1,0,53,2,2,11,8,0,0,39,46,5,0,58,128,1,0,13,128,13,0,8,22,14,14,23,18,1,0,0,1,125,61,5,14,1,6,7,1,0,2,19,20,0,0,19,112,6,5,22,49,3,1,12,44,39,118,63,3,10,10,2,6,108,73,14
13,32,115,63,8,26,28,13,126,27,34,32,11,3,6,69,29,2,6,37,25,3,6,11,0,3,25,29,1,0,20,10,3,67,126,60,126,27,0,0,126,35,21,42,97,20,0,5,47,9,1,40,65,3,5,8,14,3,10,6,6,1,5,31,6,3,4,3,126,84,4,3,126,13,0,3,90,33,1,31,56,1,0,34,109,10,2,14,17,0,0,6,40,6,8,45,3,8,4,8,113,48,126,60,96,63,6,6,32,4,15,38,31,9,0,13,81,6,3,12,6,1,1,16,41,2,2,9
101,8,0,12,99,9,0,12,127,68,6,0,0,0,0,15,41,45,3,1,0,4,12,5,6,1,0,3,8,4,17,22,89,10,1,16,122,10,5,36,127,54,11,7,0,0,0,52,31,23,19,85,32,14,11,6,2,0,0,25,13,14,39,56,44,127,44,28,62,6,10,18,127,127,30,6,8,5,13,62,25,4,7,91,27,4,49,116,2,0,22,127,13,3,8,29,39,110,45,12,5,4,11,10,12,26,11,7,31,34,55,19,27,24,16,6,15,12,35,110,11,4,7,44,12,0,18,63
17,20,3,11,18,55,69,23,48,123,10,5,14,63,11,0,28,105,7,6,14,17,18,6,18,2,0,17,31,45,25,16,32,40,6,26,101,8,0,1,127,59,1,15,43,6,0,11,42,21,1,35,127,34,23,22,16,1,0,24,54,51,53,45,23,16,5,29,127,8,0,0,127,35,7,21,45,3,0,23,57,18,9,67,127,29,10,13,9,34,36,52,44,34,31,24,2,5,13,37,38,6,0,0,107,51,15,17,9,18,15,14,33,15,5,31,106,127,52,14,5,17,20,29,18,36,111,33
0,0,0,0,25,61,18,26,41,11,0,0,53,124,27,13,68,27,0,0,0,6,13,14,12,20,8,2,0,0,0,0,8,0,0,0,6,124,119,60,124,26,0,0,15,107,48,42,90,46,0,0,0,1,21,20,17,13,0,1,0,1,19,22,78,35,0,0,0,124,107,43,124,87,3,0,0,13,23,46,32,15,5,6,7,6,113,52,68,18,0,0,1,6,61,45,102,124,2,0,0,3,17,8,75,124,14,17,7,3,2,3,19,54,10,11,20,14,8,4,53,61,2,1,11,16,5,3
0,0,0,0,3,123,43,2,0,0,0,1,48,123,64,4,68,31,1,4,80,99,1,5,70,28,4,18,9,10,3,8,5,0,0,1,76,123,96,15,94,15,7,15,32,98,72,25,67,7,9,71,34,9,1,35,95,4,6,40,19,0,0,100,39,52,17,5,21,38,56,47,123,28,31,17,9,3,0,10,63,7,8,114,57,0,0,16,74,5,12,40,15,0,0,106,7,123,41,6,0,0,0,0,41,26,53,59,6,0,0,5,52,9,7,43,24,0,0,11,20,8,31,33,10,1,0,8
12,50,14,3,1,0,0,5,8,19,6,35,83,8,0,0,120,41,0,8,19,3,0,6,51,14,2,10,46,48,3,12,36,9,0,0,3,8,29,69,22,7,0,7,82,68,20,9,123,87,1,5,19,7,0,4,35,42,10,43,93,12,0,1,4,2,70,31,0,3,72,70,24,2,22,11,10,42,49,39,123,9,0,2,12,11,13,123,39,13,13,16,83,14,2,34,1,1,123,106,0,0,0,1,3,1,123,123,5,6,6,7,62,29,123,83,6,6,10,104,50,29,40,6,6,1,2,56
0,0,0,122,122,1,1,1,38,67,19,61,33,0,3,12,36,122,93,0,0,0,8,10,2,114,98,0,0,0,2,1,1,0,2,122,72,8,11,2,77,29,29,122,29,0,0,6,122,90,42,5,0,0,0,17,19,96,74,0,0,0,0,1,4,27,11,28,24,5,7,6,12,32,92,122,7,0,0,0,122,35,37,55,0,0,0,57,58,16,10,0,0,0,0,64,21,60,13,14,3,1,3,2,3,25,21,56,7,0,0,0,21,7,17,100,4,0,0,23,74,13,7,4,0,0,0,48
17,36,10,86,86,1,1,5,46,119,102,2,0,0,9,17,2,119,119,1,0,1,10,5,3,119,119,1,0,0,0,0,34,18,23,119,55,1,0,0,119,102,55,24,0,0,0,5,29,117,119,0,0,0,0,1,3,84,41,0,0,0,0,0,4,34,54,117,10,0,0,0,119,35,28,87,6,0,0,56,83,17,14,0,0,0,0,63,5,4,2,0,0,0,0,2,2,12,5,34,13,0,0,0,30,16,17,78,11,0,0,13,88,23,6,2,0,0,0,28,7,1,0,0,0,0,0,2
16,14,18,1,0,12,24,27,24,12,17,3,3,29,21,38,130,2,1,0,0,9,11,71,34,0,0,0,0,0,0,4,5,31,76,1,5,51,41,6,27,12,11,1,33,161,45,37,161,9,0,0,1,33,31,138,66,0,0,0,0,0,0,13,0,1,9,4,6,88,129,3,64,33,11,28,44,135,22,7,161,90,4,2,1,6,4,20,80,5,0,0,0,0,0,2,0,3,48,37,20,7,8,0,78,5,4,19,49,18,7,11,161,13,0,0,0,1,1,22,56,0,0,0,0,0,0,5
28,0,0,3,77,24,0,4,174,0,0,0,7,1,0,27,141,2,0,0,0,0,0,5,7,0,0,0,0,0,0,0,36,5,0,3,41,42,0,0,174,17,0,0,4,2,0,8,174,13,0,0,0,0,0,3,6,2,0,0,0,0,0,0,30,9,5,33,13,4,1,0,174,25,2,2,0,0,0,20,174,7,0,0,0,0,0,10,2,1,0,0,0,0,0,0,7,34,80,5,0,0,1,0,174,135,27,0,0,0,0,1,117,26,0,0,0,0,0,0,1,0,0,0,0,0,0,0
0,0,0,0,0,1,37,6,0,0,0,0,0,7,46,1,0,0,0,0,0,2,49,5,0,0,0,0,0,5,41,0,13,0,0,0,2,17,119,109,9,1,0,0,26,115,119,35,42,9,0,0,10,31,119,86,3,0,0,0,26,74,119,9,116,12,0,0,20,8,16,56,71,10,0,1,119,50,11,30,119,41,0,4,63,13,9,55,7,2,0,4,119,39,26,10,57,119,8,7,21,0,0,1,37,33,5,24,119,3,0,9,119,47,1,4,56,2,0,39,7,3,1,18,119,4,1,3
0,0,41,117,16,8,33,1,7,37,117,28,0,0,21,8,108,117,26,0,0,0,3,16,47,14,0,0,0,0,0,1,0,10,44,33,5,12,117,10,10,24,74,16,0,0,117,63,117,45,12,1,0,0,23,110,49,4,0,0,0,0,0,5,1,28,117,52,1,2,68,6,9,44,117,55,0,3,62,19,117,96,41,10,0,0,7,27,45,8,0,0,0,0,0,0,2,4,7,2,1,7,117,17,37,13,6,2,0,2,117,62,117,15,2,0,0,0,15,60,31,1,0,0,0,0,0,1
18,1,12,90,74,2,1,39,54,0,5,48,53,8,2,113,24,0,2,68,104,21,2,54,42,12,11,38,23,1,0,43,80,2,5,58,32,1,1,113,43,6,18,113,96,0,0,44,113,42,37,69,20,0,0,59,15,68,113,63,6,0,0,1,110,52,28,5,5,0,1,88,44,58,91,77,55,0,1,21,49,113,87,12,3,0,0,2,5,53,51,1,0,0,0,0,13,113,69,4,0,0,0,0,12,76,36,1,0,0,0,0,0,30,24,0,0,0,0,0,0,6,2,0,0,0,0,0
25,0,0,0,7,16,74,83,20,2,0,0,44,83,66,34,61,16,0,2,22,26,61,56,2,0,0,1,45,52,78,8,101,39,1,2,28,4,3,20,72,19,1,8,122,18,1,22,122,33,0,4,76,7,1,57,8,1,0,6,122,18,11,10,67,122,10,11,32,0,0,0,36,42,8,37,122,1,0,10,122,53,1,9,72,2,1,50,8,3,7,43,122,2,0,4,77,30,9,9,20,1,1,14,13,7,33,76,120,1,1,11,65,54,52,25,22,1,1,40,5,6,65,58,40,0,0,3
49,1,0,2,4,5,61,61,25,1,1,37,69,52,49,23,120,3,1,11,15,9,38,75,24,1,1,15,65,27,8,8,123,5,0,3,9,4,5,30,78,4,1,42,123,62,2,5,123,5,0,10,37,42,8,25,37,0,0,0,60,123,14,10,123,31,13,11,9,2,0,2,72,11,1,48,123,39,0,2,123,25,1,18,73,24,2,6,29,4,2,13,95,55,3,2,36,54,79,11,4,1,0,1,18,27,66,59,59,19,0,1,40,81,62,39,23,2,0,0,9,17,68,82,32,1,0,0
0,0,0,0,0,0,61,28,0,0,0,0,4,17,47,9,0,0,0,0,10,21,24,5,0,0,0,0,2,20,18,1,57,4,0,1,4,7,89,104,24,3,0,14,55,77,120,50,74,6,0,8,16,14,78,111,12,2,0,17,34,25,19,13,120,39,1,4,14,11,5,25,75,19,1,37,120,85,8,10,120,48,0,7,29,32,16,33,36,5,0,6,89,120,20,12,120,57,5,7,31,14,0,1,64,24,0,19,120,64,1,1,120,28,0,1,36,81,19,7,48,13,0,0,25,116,23,4
1,0,0,0,1,27,63,25,5,0,0,0,0,18,104,37,2,0,0,0,2,29,90,12,3,0,0,0,0,2,92,21,52,3,0,0,59,53,28,46,112,36,0,2,43,37,49,56,23,9,0,3,120,77,66,20,74,0,0,0,7,11,95,62,46,48,6,12,120,7,0,4,120,48,1,3,78,8,0,44,28,8,1,7,120,21,5,12,120,3,0,3,27,6,6,28,14,23,7,24,120,3,0,4,106,41,8,11,56,3,1,47,15,7,15,46,120,3,1,8,118,28,25,21,11,0,0,0
16,0,0,3,90,22,40,28,118,2,1,16,25,8,15,55,64,1,1,52,103,33,7,18,118,0,0,2,20,37,7,33,35,4,6,37,118,2,1,7,118,8,4,14,33,8,1,24,80,4,0,59,118,37,0,8,115,3,0,8,61,40,4,17,9,11,82,66,84,0,0,0,118,69,66,16,21,6,0,7,45,36,56,61,113,26,0,3,62,59,39,51,38,1,0,0,0,6,97,27,6,0,0,0,3,41,98,7,1,0,0,0,1,18,101,30,3,0,0,0,1,29,60,12,0,0,0,0
0,0,0,0,10,30,98,13,4,0,0,0,2,11,95,44,2,0,0,0,10,43,93,22,8,0,0,6,12,9,25,27,11,0,0,0,110,55,63,34,120,6,1,13,24,13,45,77,64,5,1,51,109,54,48,35,120,7,1,9,24,14,14,46,39,6,3,15,120,14,3,9,120,22,2,10,38,15,2,11,94,8,0,34,120,66,1,4,120,6,0,1,28,77,15,15,16,13,50,43,70,1,0,0,120,49,24,16,34,13,0,2,51,27,15,34,105,32,0,1,53,23,6,23,67,16,0,0
0,0,0,0,0,1,8,3,0,0,0,0,0,3,9,1,3,0,0,0,0,0,3,5,1,0,0,0,0,0,0,0,0,0,0,0,0,0,40,45,2,0,0,0,0,0,8,9,15,2,0,0,0,0,0,5,2,0,0,0,0,0,0,0,224,12,0,0,0,0,132,224,45,10,0,0,0,0,0,28,10,12,0,0,0,0,0,0,1,0,0,0,0,0,0,0,224,224,0,0,0,0,17,177,51,32,0,0,0,0,0,2,4,5,0,0,0,0,0,0,0,0,0,0,0,0,0,0
0,0,0,0,0,5,0,0,0,0,0,0,2,28,23,0,0,0,0,0,0,5,39,20,1,0,0,0,0,0,1,9,0,0,0,0,27,51,0,0,6,0,0,0,49,138,97,13,97,4,0,0,1,31,120,133,55,1,0,0,0,0,2,36,0,0,0,0,110,100,0,0,53,7,0,0,138,138,11,7,138,51,0,0,4,12,10,24,98,15,0,0,0,0,0,2,0,0,0,0,138,100,0,0,84,13,0,1,119,70,1,2,138,40,0,0,0,1,0,3,58,6,0,0,0,0,2,8
0,0,1,137,80,0,0,3,107,1,1,66,26,0,0,95,137,0,0,0,0,0,0,123,19,0,0,0,0,0,0,11,0,0,1,137,76,0,0,0,65,11,9,137,92,0,0,26,137,35,5,9,2,0,0,101,61,4,0,0,0,0,0,15,0,0,0,83,35,0,0,0,8,37,89,137,51,0,0,0,116,137,67,18,1,0,0,3,39,18,0,0,0,0,0,1,0,0,1,18,2,0,0,0,0,7,49,35,1,0,0,0,1,31,31,1,0,0,0,0,1,2,0,0,0,0,0,0
0,0,6,31,116,39,4,0,77,71,18,23,73,18,0,2,72,117,33,0,0,0,0,1,13,18,0,0,0,0,0,0,0,1,5,15,73,51,117,37,117,82,18,19,36,13,29,47,114,40,0,0,0,0,0,10,1,1,0,0,0,0,0,0,1,8,74,117,17,4,117,46,117,117,36,17,1,0,70,117,111,35,0,0,0,0,0,38,0,0,0,0,0,0,0,0,17,23,25,68,102,17,0,0,96,117,29,10,3,0,0,1,25,43,0,0,0,0,0,0,0,0,0,0,0,0,0,0
0,0,0,0,69,34,0,0,15,14,6,7,31,22,4,6,15,13,21,9,12,7,29,41,35,2,49,19,1,0,6,55,1,0,0,0,90,65,18,1,83,10,1,3,36,28,6,18,28,10,7,23,39,5,1,8,64,11,6,3,4,27,32,51,5,3,3,0,18,34,126,100,85,22,1,1,15,17,32,97,23,4,1,1,24,48,17,20,11,4,6,23,126,126,75,14,27,23,96,35,0,0,71,72,126,25,9,2,3,17,39,113,12,1,5,6,39,107,62,17,3,4,91,88,120,126,28,4
0,0,1,2,52,30,40,1,35,0,0,0,55,24,9,17,50,5,0,3,43,8,0,12,83,9,0,0,0,0,2,16,5,6,43,2,6,37,137,31,121,20,7,0,16,34,83,87,37,0,0,2,69,64,38,37,26,0,2,2,3,13,137,88,4,17,137,46,2,0,31,6,104,95,92,30,14,1,7,14,22,12,77,93,85,30,13,2,0,0,137,53,7,14,90,8,0,0,52,32,36,0,0,0,37,10,15,27,60,0,0,1,54,23,62,17,0,0,0,2,3,4,137,17,0,0,0,0
1,2,22,20,9,36,75,3,66,8,1,3,12,38,31,27,77,14,0,0,0,4,17,13,10,0,0,0,0,0,56,13,8,3,17,57,32,62,111,7,128,33,1,12,17,35,46,47,63,11,1,3,78,95,57,9,2,2,13,5,10,58,128,20,7,28,67,34,32,69,37,0,128,94,55,9,16,15,3,37,31,21,100,38,87,41,6,15,2,30,128,21,13,19,13,2,0,70,128,0,0,3,4,0,6,90,128,0,0,0,0,0,1,32,89,2,0,0,0,0,0,16,73,0,0,0,0,0
37,64,5,4,4,62,12,4,11,35,0,0,46,125,8,2,57,83,4,0,7,30,3,6,31,25,24,9,0,0,2,32,32,8,2,2,26,125,56,15,113,78,0,0,3,109,28,18,57,125,4,0,0,1,8,21,13,38,42,34,0,0,26,25,34,5,1,10,125,107,9,17,125,21,0,0,1,6,4,79,89,25,18,9,0,1,21,50,3,4,39,34,1,1,88,40,47,21,0,0,37,101,13,19,125,32,0,0,0,0,2,63,125,49,16,5,0,0,0,15,9,14,76,43,0,0,1,0
0,0,0,0,53,98,13,0,4,68,14,4,38,79,21,0,42,126,19,2,1,12,10,3,79,113,4,0,0,0,1,22,6,5,5,7,86,80,0,0,126,126,22,5,17,19,0,11,37,126,48,21,22,6,1,8,34,25,4,1,2,13,14,48,5,6,52,66,47,10,0,0,126,20,13,37,13,0,8,126,51,13,8,25,18,32,44,121,9,20,10,9,4,61,59,6,0,0,39,112,13,1,0,0,29,7,46,99,9,0,1,32,126,26,13,27,7,7,7,49,18,24,20,36,13,8,6,2
0,0,6,11,22,21,28,14,36,51,18,42,81,32,14,5,124,83,5,2,1,6,7,4,11,3,0,0,8,87,20,1,5,0,10,33,126,88,18,5,126,21,3,5,39,60,46,64,72,19,2,5,21,74,45,12,4,5,4,10,24,126,46,0,21,18,11,14,126,126,0,1,126,89,14,3,41,31,2,18,44,22,45,37,30,22,5,9,8,10,57,106,18,14,3,0,2,44,79,48,84,15,0,0,23,126,85,6,5,5,0,0,4,27,23,4,3,21,7,0,0,1,13,36,6,15,19,0
134,125,26,39,64,6,0,9,134,68,62,5,0,0,0,29,32,38,134,66,1,0,0,9,17,47,93,73,109,19,0,1,125,26,10,21,43,30,1,18,134,23,0,0,0,0,0,33,79,21,8,3,0,0,0,25,16,1,28,73,29,5,5,26,74,68,67,30,9,9,0,4,134,55,1,0,0,0,0,18,73,7,3,6,5,2,7,23,1,0,0,12,21,24,28,17,28,12,31,78,53,3,1,11,134,25,1,7,9,0,0,60,43,7,6,19,6,8,19,14,0,0,4,24,13,6,33,14
0,0,0,0,0,0,0,0,0,0,0,0,0,0,0,0,0,0,0,0,0,0,0,0,0,0,0,0,0,0,0,0,0,0,0,0,0,0,0,0,0,0,0,0,0,0,0,0,5,0,0,0,0,0,0,1,0,0,0,0,0,0,0,0,0,0,1,5,1,0,0,0,1,5,4,2,0,9,10,0,12,4,0,0,0,10,68,7,1,0,0,0,0,0,42,12,0,0,0,4,10,33,0,0,0,0,1,1,9,216,134,0,0,0,0,0,0,216,216,36,0,0,0,0,0,26,216,216
1,0,10,19,0,16,120,10,15,4,67,64,5,7,72,41,4,12,120,67,8,7,4,3,65,90,72,6,1,2,0,13,24,0,0,0,0,11,59,16,120,67,27,8,0,1,16,32,17,25,120,71,3,6,9,7,73,68,92,11,2,3,1,20,38,3,2,2,2,2,10,17,120,15,4,1,2,13,49,95,39,9,36,16,2,22,120,80,74,38,42,1,0,0,22,64,8,27,113,10,3,0,0,3,40,58,68,33,12,16,15,22,84,53,49,33,12,22,54,32,120,23,0,0,0,2,7,29
9,0,0,7,71,51,39,49,63,0,0,17,69,36,29,100,123,0,0,0,0,0,1,123,10,0,0,0,0,0,0,6,82,3,0,22,75,35,6,66,81,14,18,102,89,0,0,35,123,38,10,6,2,0,0,104,42,1,0,0,0,0,0,20,67,95,111,54,21,2,0,11,45,114,123,89,10,0,0,3,87,123,108,11,0,0,0,5,26,23,3,0,0,0,0,5,0,48,97,6,0,0,0,0,0,40,55,0,0,0,0,0,0,17,28,0,0,0,0,0,0,4,2,0,0,0,0,0
13,1,0,0,9,26,28,19,49,6,0,1,2,3,25,36,6,0,0,26,32,1,18,11,0,6,7,36,22,0,0,0,53,6,0,0,33,123,41,47,43,1,0,0,10,98,123,98,92,7,1,7,5,14,96,123,14,12,23,30,6,0,1,5,95,51,2,2,36,90,28,10,87,34,0,0,91,108,18,15,123,108,1,0,2,7,9,35,31,19,17,7,0,0,0,0,24,75,73,63,48,7,0,0,68,108,41,49,69,19,0,0,123,123,2,0,0,0,0,0,9,5,0,0,0,0,0,0
0,0,0,0,25,112,34,0,2,0,0,2,28,112,112,32,10,0,0,32,63,42,38,53,28,0,0,38,19,1,6,105,3,0,0,18,59,54,89,62,31,4,2,98,87,27,22,47,112,36,16,72,11,0,4,49,33,10,17,112,14,0,2,55,25,0,0,38,21,3,11,99,47,10,12,112,22,0,0,68,112,40,26,52,3,0,0,44,29,16,46,112,8,0,2,27,10,3,13,112,28,0,0,15,108,55,30,21,0,0,0,39,40,44,85,22,0,0,0,11,26,20,12,5,0,0,1,14
1,0,0,4,33,110,102,21,16,1,0,26,59,54,61,60,44,0,1,55,38,5,9,114,16,3,11,114,50,1,2,30,19,3,2,84,83,22,16,46,114,47,15,77,17,0,5,46,56,20,28,114,28,0,1,70,49,53,49,62,9,0,3,68,62,9,9,61,13,0,0,75,114,46,45,62,5,0,0,39,51,30,60,113,11,0,3,37,35,113,52,11,0,0,0,4,70,80,49,33,1,0,0,14,33,56,79,28,0,0,0,4,29,30,17,10,0,0,1,9,26,17,1,0,0,0,1,4
5,0,0,0,2,21,98,50,8,0,0,0,3,34,86,44,6,0,0,1,8,33,30,14,36,2,0,0,0,3,14,27,88,13,0,5,79,47,33,37,113,17,0,2,47,40,46,78,48,3,0,2,63,113,32,45,24,0,0,0,5,60,78,80,82,37,0,3,113,47,0,1,113,29,0,2,52,94,29,19,87,15,0,0,31,113,49,22,57,8,0,0,70,77,18,16,12,38,66,55,57,12,0,0,18,48,59,81,67,21,1,0,70,85,41,37,46,21,2,1,31,28,7,23,93,20,0,0
0,0,0,0,12,2,0,0,3,3,2,11,124,18,0,0,34,62,95,36,44,2,1,2,3,11,124,86,0,0,16,15,0,0,0,0,23,4,0,0,21,2,0,0,124,35,0,1,124,40,6,1,29,5,0,1,26,14,47,23,0,0,0,0,0,0,0,0,37,25,0,0,23,0,0,0,124,124,16,20,124,7,0,0,12,13,42,104,22,2,0,0,0,0,65,32,0,0,0,17,65,19,0,0,3,3,36,84,122,86,19,19,12,15,109,12,1,6,91,124,0,0,68,10,0,0,124,56
0,2,126,12,1,24,125,0,16,18,81,68,8,37,97,23,126,67,10,4,0,0,19,88,29,5,0,0,0,0,0,6,0,3,126,29,16,0,0,0,26,19,72,126,121,0,0,0,126,63,9,12,11,0,0,7,29,4,0,0,0,0,0,1,0,0,0,3,24,6,24,3,19,0,0,33,126,11,3,2,126,1,0,6,29,1,0,23,36,0,0,0,0,0,0,3,0,0,7,2,2,6,126,38,7,0,1,1,57,66,126,17,126,0,0,0,13,12,12,54,39,0,0,0,0,0,0,6
0,0,110,72,1,0,2,1,0,0,83,111,17,0,19,12,0,7,96,42,2,0,54,45,0,0,59,25,0,0,85,60,0,0,10,16,21,4,5,0,7,3,8,38,111,13,0,0,63,52,70,17,15,1,0,1,6,11,111,63,0,0,1,1,0,0,4,0,8,20,111,15,8,0,1,1,57,95,98,13,79,6,1,0,5,8,71,99,10,3,11,5,0,0,102,35,0,0,111,22,1,2,69,6,0,1,111,36,1,24,61,6,0,8,111,12,0,2,73,53,0,1,98,8,0,0,111,26
0,1,84,5,0,20,111,0,0,8,67,24,1,23,111,6,0,44,64,1,0,6,111,10,0,11,111,0,0,6,97,2,0,3,111,23,8,1,6,0,8,14,96,93,56,2,1,0,80,95,71,7,5,0,0,2,12,28,111,0,0,0,0,0,0,0,2,2,8,10,111,27,10,0,0,9,75,47,63,8,111,1,0,1,9,4,17,57,20,1,0,0,0,0,31,26,0,0,81,24,0,1,95,20,0,0,66,25,1,16,111,15,8,0,40,11,0,1,103,86,0,0,14,4,0,0,111,47
5,1,1,2,5,35,34,4,53,1,0,1,5,22,28,77,29,3,0,2,73,72,13,14,126,20,0,0,11,8,0,1,30,2,0,1,14,126,72,28,126,26,3,6,6,11,34,56,66,28,6,36,104,10,2,4,126,39,0,2,9,0,0,0,72,15,16,126,68,35,9,51,126,28,6,4,11,1,0,47,90,22,1,17,109,5,0,8,116,36,0,2,4,0,0,0,13,21,83,126,19,2,1,0,90,46,69,27,4,5,2,11,75,10,1,3,29,30,7,11,83,13,0,0,0,0,0,0
4,4,12,27,51,46,8,5,56,21,18,67,45,56,42,16,135,86,26,8,0,1,14,19,8,19,86,80,4,1,0,0,1,41,135,56,12,0,0,0,47,24,74,135,64,0,0,0,135,56,12,19,7,0,0,18,43,13,42,41,2,0,0,5,2,19,41,19,15,0,0,0,14,3,8,135,135,0,0,0,135,7,2,36,36,0,0,41,78,0,0,3,2,0,0,22,6,0,0,1,6,2,3,8,1,0,0,58,134,8,1,0,110,4,1,36,62,0,0,33,77,0,0,0,0,1,3,35
22,0,0,0,11,6,0,1,2,0,0,0,129,66,0,0,125,44,0,0,46,29,1,3,44,41,22,3,0,0,0,0,16,0,0,0,30,26,5,32,22,1,0,0,129,129,2,3,129,51,0,0,23,29,2,6,55,18,1,0,1,0,0,1,9,0,0,0,21,89,44,91,47,1,0,0,98,129,19,34,129,16,0,0,4,14,28,129,20,2,0,0,0,2,86,46,8,6,21,30,31,56,19,23,32,24,49,38,51,105,9,23,91,46,16,0,1,2,22,102,4,4,0,1,6,8,97,34
1,7,25,34,36,32,17,1,82,53,26,11,6,3,23,30,23,5,8,0,0,13,67,19,0,3,14,13,25,26,32,0,6,0,14,47,97,63,38,11,158,30,6,2,24,20,54,88,45,63,84,0,0,1,11,6,0,16,87,25,14,1,3,0,18,0,9,54,158,2,0,3,158,6,0,5,92,2,1,28,136,18,11,0,0,0,0,4,0,2,11,9,10,0,0,0,11,0,0,6,158,9,0,2,158,0,0,1,88,3,0,30,124,0,0,0,0,1,0,11,0,0,0,0,4,30,8,0
0,0,0,0,3,2,0,0,0,0,0,0,2,17,25,1,0,0,0,0,0,2,31,19,0,0,0,0,0,0,0,4,0,0,0,0,26,30,4,1,10,1,0,0,110,139,110,23,139,5,0,0,7,38,126,139,38,0,0,0,0,0,0,25,0,0,0,2,53,40,57,21,34,26,21,76,139,99,11,7,139,91,15,17,19,11,8,28,82,4,0,0,0,0,0,4,0,0,1,11,24,21,102,32,7,12,33,78,34,15,139,50,139,50,24,16,1,2,24,38,55,2,0,0,0,0,0,1
0,1,12,101,79,2,0,0,4,38,107,45,51,26,61,34,50,47,105,0,0,1,29,62,6,21,106,3,0,0,0,0,0,0,0,53,99,1,0,0,33,8,7,111,135,36,37,46,135,42,9,9,15,5,18,120,55,16,21,0,0,0,0,3,0,0,0,36,32,0,0,0,11,38,110,135,116,0,0,1,134,135,101,28,6,0,0,6,34,16,0,0,0,0,0,1,0,0,0,4,0,0,0,0,0,3,32,22,0,0,0,0,0,18,26,1,0,0,0,0,1,1,0,0,0,0,0,1
2,113,113,0,0,0,15,8,9,94,113,21,0,0,9,40,3,9,84,46,0,0,64,73,2,12,40,6,0,4,86,28,1,81,113,30,24,1,0,0,59,68,78,33,19,2,0,4,11,27,97,110,37,3,0,0,6,76,113,13,2,0,0,0,2,1,28,32,113,3,0,1,113,4,1,6,82,16,2,34,64,29,2,10,78,42,2,8,81,85,27,1,3,6,7,2,0,0,0,19,113,0,0,0,34,0,1,10,79,15,23,39,89,13,0,0,11,30,26,26,64,12,0,0,5,26,13,8
0,1,12,43,27,14,113,48,105,55,30,31,5,2,37,40,97,16,0,0,0,0,0,2,4,0,0,0,0,0,0,0,11,17,51,34,60,16,86,53,140,13,8,11,3,0,43,98,140,7,0,0,0,0,0,8,2,1,0,0,0,0,0,0,32,56,35,42,96,6,0,0,140,26,4,18,49,0,0,2,140,3,0,0,0,0,2,10,2,0,0,0,0,0,6,2,40,22,1,8,94,25,16,22,140,26,0,3,45,9,56,42,47,2,0,0,0,3,140,50,0,0,0,0,0,0,140,23
3,5,14,8,11,31,33,9,8,13,13,1,1,9,60,36,2,3,42,14,2,6,41,17,13,26,34,7,2,25,26,15,11,6,1,50,119,42,25,3,119,93,43,21,16,12,48,45,18,20,103,105,33,12,61,21,22,22,8,18,42,119,51,19,8,5,8,119,89,0,0,0,119,49,25,46,13,2,3,43,69,8,40,66,119,70,20,29,24,52,35,34,119,40,2,1,0,1,7,87,43,66,15,0,32,13,14,28,16,64,56,53,30,11,5,4,24,119,66,45,13,8,15,6,7,6,6,9
2,0,0,17,86,130,40,2,13,20,8,2,2,23,49,58,6,7,22,43,3,1,28,73,0,0,21,117,29,27,24,13,17,3,0,130,130,6,1,2,101,55,17,17,11,2,3,16,9,22,33,12,22,25,11,14,1,26,21,22,6,12,33,5,4,0,0,130,130,0,0,0,58,10,2,119,51,2,14,57,21,83,35,3,16,27,20,18,4,86,40,11,19,13,10,1,0,0,0,130,74,0,0,0,32,32,18,130,105,0,0,3,66,95,24,13,12,7,0,2,3,11,19,23,27,14,5,1
1,2,10,38,96,39,7,2,114,139,72,76,76,3,0,0,125,139,59,2,0,0,0,0,3,9,118,24,0,0,0,0,9,5,9,33,35,21,19,0,139,107,8,13,8,2,0,9,123,61,0,0,0,0,0,2,1,4,0,0,0,0,0,0,10,1,25,59,5,3,17,17,139,27,10,26,2,0,0,60,139,4,0,0,0,0,0,32,1,0,0,0,0,0,0,0,27,15,9,6,1,4,10,28,139,36,12,6,0,4,12,38,136,7,0,0,0,0,0,11,2,0,0,0,0,0,0,0
4,10,23,95,27,36,36,8,130,83,16,10,1,2,13,56,118,14,0,0,0,0,0,7,1,0,0,0,0,0,0,0,4,14,82,26,13,44,81,13,130,85,33,1,0,1,19,61,130,12,0,0,0,0,0,7,2,0,0,0,0,0,0,0,8,28,130,32,21,41,118,28,130,118,64,0,0,0,35,92,120,19,0,0,0,0,0,7,2,0,0,0,0,0,0,0,0,16,130,21,2,0,0,0,26,103,130,0,0,0,0,0,20,27,4,0,0,0,0,0,1,0,0,0,0,0,0,0
1,0,0,1,5,30,124,25,30,1,0,0,0,0,124,113,24,0,0,0,0,0,6,30,1,0,0,0,0,0,0,0,7,24,124,57,33,41,124,25,124,114,50,0,0,0,74,118,123,14,0,0,0,0,1,26,1,0,0,0,0,0,1,1,11,35,76,19,21,23,77,37,124,104,55,0,0,0,28,78,73,7,0,0,0,3,19,67,0,0,0,0,0,6,65,10,32,30,40,16,12,15,25,93,73,67,23,0,0,0,14,93,23,19,10,10,5,13,14,32,0,0,2,23,17,34,66,2
0,0,0,0,114,34,0,0,121,33,0,0,103,36,0,0,110,33,2,2,9,0,0,0,11,0,1,12,121,0,0,1,4,0,0,0,121,63,0,0,121,38,0,0,88,33,2,12,98,14,0,0,7,9,34,16,8,0,0,2,121,45,14,3,6,4,11,24,121,41,0,0,121,40,40,10,50,14,13,48,21,8,46,2,0,22,113,33,3,4,46,29,45,88,38,2,0,4,40,51,37,0,0,0,5,45,121,13,4,0,0,1,0,16,114,1,0,0,2,1,0,5,96,25,1,0,0,0
9,0,0,31,102,4,2,27,10,1,8,111,111,3,6,37,42,111,60,100,39,0,0,6,54,79,6,2,5,5,0,7,9,1,0,72,111,1,1,12,99,31,33,58,46,1,5,30,17,62,73,111,19,0,0,0,31,111,28,5,1,0,0,4,4,1,0,79,111,0,0,0,111,13,5,53,53,0,0,26,62,7,6,111,59,0,0,18,73,21,2,27,19,0,0,74,0,0,0,40,58,0,0,0,82,0,0,49,76,0,0,31,69,0,0,43,35,3,2,37,17,0,0,45,59,3,1,55
10,3,0,0,30,28,34,14,66,32,0,0,86,41,3,0,64,35,2,2,38,45,0,0,30,39,0,2,56,52,0,0,3,0,0,0,5,34,112,20,112,29,0,0,13,41,30,22,54,19,0,0,59,112,4,5,90,88,0,0,19,40,0,0,37,6,0,0,7,69,112,42,112,28,0,2,10,32,47,95,70,62,0,1,24,112,20,12,99,101,0,0,1,6,0,0,112,68,15,36,41,24,26,19,112,90,2,8,48,10,1,6,73,112,2,5,34,10,0,0,35,48,0,0,0,0,0,0
2,0,0,0,2,44,49,7,39,0,0,0,2,16,37,94,27,3,0,1,53,79,14,18,130,21,0,0,6,8,0,2,25,0,0,2,19,130,85,36,130,17,1,5,4,7,36,80,66,30,4,37,64,12,2,5,130,50,0,2,3,0,0,0,67,18,28,130,66,32,10,28,130,38,12,5,6,1,1,37,87,27,2,18,55,6,0,7,120,44,1,1,1,0,0,0,6,18,93,130,12,1,0,0,73,57,80,28,2,3,3,6,74,11,1,3,9,15,10,11,92,15,0,0,0,0,0,0
2,6,1,2,28,87,50,24,0,39,55,1,11,62,31,0,1,30,112,29,26,27,14,1,25,73,51,17,9,3,1,19,106,91,1,0,4,16,29,57,10,58,22,10,33,99,63,10,89,30,43,14,12,28,74,42,32,26,108,30,7,3,1,14,64,111,13,3,6,4,0,7,11,36,112,107,43,29,5,4,112,40,60,67,5,4,4,34,80,20,61,35,0,0,0,27,46,104,13,10,2,0,0,12,10,63,73,64,10,0,0,5,47,5,17,112,41,0,0,23,76,1,0,9,2,0,0,71
2,5,6,17,63,36,14,2,111,38,11,11,16,3,10,29,27,3,7,3,15,20,43,20,10,2,5,38,73,18,7,6,4,3,12,44,95,35,12,7,139,29,4,4,32,21,24,69,46,54,70,5,0,2,8,6,0,3,34,100,92,6,3,3,18,3,6,41,139,3,0,3,139,6,0,5,100,3,0,26,124,15,9,1,1,3,0,6,0,1,9,62,48,17,6,0,14,0,0,1,139,63,15,11,139,0,0,0,75,18,1,32,112,0,0,0,17,22,1,13,0,0,0,1,40,118,65,9
0,0,1,21,17,40,70,5,14,11,17,23,26,32,45,13,8,50,27,7,6,75,29,2,30,37,3,0,8,37,5,1,1,0,6,43,34,33,37,14,14,1,8,23,61,117,51,15,98,35,0,0,3,76,77,21,49,96,13,2,0,5,4,8,1,1,7,4,4,37,129,84,44,11,4,1,41,129,119,16,129,55,1,0,3,17,8,11,65,44,31,16,0,0,9,12,0,11,129,47,0,2,38,14,26,98,107,1,0,8,26,3,129,129,9,0,0,0,0,0,37,63,35,16,0,0,0,0
0,0,1,43,126,37,0,0,18,44,5,12,65,114,2,0,35,126,75,1,3,21,5,1,48,126,26,0,0,0,5,12,0,0,0,126,126,7,0,0,74,37,10,126,48,5,0,10,126,82,18,6,0,4,14,74,25,21,7,1,0,7,51,33,0,5,7,73,58,37,17,0,18,20,18,126,48,0,0,2,104,97,21,30,8,5,4,19,36,52,13,12,4,9,20,23,4,16,15,9,13,11,11,3,15,8,5,39,97,10,0,0,86,27,2,11,41,16,1,5,9,9,5,12,39,33,44,39
0,0,0,0,1,1,2,0,13,0,0,0,0,5,12,6,125,5,0,0,0,0,1,22,24,1,0,1,33,38,5,4,0,0,23,79,44,11,7,0,60,10,51,36,11,29,51,31,154,36,9,1,0,2,7,67,71,4,0,33,117,11,0,5,33,30,119,87,17,9,4,6,21,50,154,104,3,2,1,3,154,154,115,11,0,0,0,12,46,22,0,34,66,0,0,1,142,44,9,0,0,7,4,8,27,19,59,15,7,43,22,15,26,54,28,3,0,6,16,56,3,8,0,10,26,4,2,4
12,2,0,0,0,17,57,39,0,0,0,0,30,71,51,16,93,23,0,0,20,44,14,17,69,56,3,0,9,9,0,1,33,14,0,0,12,32,36,22,21,4,0,0,51,136,69,24,136,19,0,0,2,50,44,74,88,14,0,0,20,44,12,21,57,25,0,0,70,48,0,3,70,22,1,8,136,131,4,5,136,70,0,1,5,10,8,49,35,5,0,0,5,48,38,40,34,12,5,24,76,13,0,2,47,7,7,58,125,4,0,14,132,24,8,4,2,2,32,128,19,8,5,1,8,23,32,40
0,0,2,105,84,7,1,0,130,23,4,33,25,7,5,63,99,46,28,0,0,0,0,84,3,17,18,5,1,0,0,2,0,0,0,56,130,37,2,0,49,13,8,23,60,73,20,73,130,25,1,0,0,4,6,130,30,0,0,0,0,0,0,7,0,0,35,130,110,17,1,0,18,106,130,78,21,34,7,3,130,130,51,0,0,1,0,9,23,8,0,0,0,0,0,0,0,0,20,40,1,0,0,0,0,26,110,24,0,0,0,0,2,47,25,0,0,0,0,0,0,2,0,0,0,0,0,0
0,0,0,0,4,42,132,25,19,0,0,0,0,0,132,121,19,0,0,0,0,0,6,32,1,0,0,0,0,0,0,0,13,24,42,43,74,64,132,33,132,78,16,0,0,0,72,132,132,7,0,0,0,0,2,34,2,0,0,0,0,0,3,2,35,45,18,13,58,39,12,22,132,105,8,0,0,0,0,39,94,4,0,0,0,4,33,65,0,0,0,0,0,7,94,10,72,18,3,10,39,18,5,51,132,51,1,0,0,0,0,56,30,18,8,14,14,16,21,20,0,0,0,13,32,35,81,8
0,0,0,1,112,12,0,0,50,70,12,22,112,11,0,1,20,62,59,98,49,0,0,0,8,72,84,42,9,3,0,0,2,0,0,0,112,17,0,0,112,44,1,7,112,13,0,5,93,27,4,24,112,10,0,18,78,27,23,22,37,6,4,27,4,1,0,0,112,29,0,1,112,26,5,4,82,29,8,40,62,6,8,34,93,51,9,33,79,3,1,4,20,14,10,47,11,3,0,0,112,19,0,0,108,69,12,8,46,7,0,2,36,16,16,75,84,1,0,2,87,13,3,16,29,1,0,6
30,0,0,16,89,8,3,22,64,0,0,3,34,21,20,82,72,2,0,4,114,51,9,4,114,2,0,0,3,1,0,1,17,11,9,52,76,3,2,8,94,42,8,38,51,7,10,42,101,18,8,50,108,18,4,2,114,9,0,1,2,0,0,0,39,8,6,42,68,17,13,20,114,8,0,30,90,19,3,34,114,3,0,6,114,29,1,15,114,1,0,0,3,1,0,4,12,3,0,0,12,63,77,52,36,0,0,0,23,69,63,87,106,2,0,1,63,67,15,39,114,3,0,0,0,1,0,5
0,0,0,0,15,77,13,0,26,0,0,0,3,59,75,62,31,0,0,0,0,0,2,26,0,0,0,0,0,6,4,0,5,0,0,0,134,134,11,2,134,21,0,0,39,110,49,78,134,6,0,0,3,9,10,37,2,0,0,0,41,91,28,5,11,27,16,11,134,134,0,0,134,121,17,4,30,17,4,32,65,6,0,0,3,14,71,81,4,4,3,10,72,69,49,7,22,23,11,8,63,59,11,22,39,76,15,1,1,1,17,67,8,14,10,9,20,8,14,15,6,1,4,16,43,35,43,12
25,54,26,36,63,9,1,1,98,50,4,30,66,10,1,4,37,19,4,11,55,34,9,9,62,30,6,2,11,10,6,13,35,19,1,2,111,54,13,5,111,35,1,4,100,38,5,17,88,27,2,8,111,74,5,6,111,59,9,4,11,7,2,3,10,5,49,35,40,95,48,11,85,26,65,23,27,66,35,64,111,52,27,20,42,111,26,13,111,41,0,0,20,53,12,1,0,4,72,35,2,1,0,0,2,21,111,36,1,1,1,0,22,58,94,42,3,4,0,0,20,27,4,1,75,68,2,0
9,0,0,0,11,29,19,2,0,1,1,1,5,64,107,4,17,11,2,7,6,91,109,12,14,34,24,13,7,32,62,8,65,7,0,34,109,35,13,4,83,67,24,41,67,40,71,14,97,42,34,109,48,26,17,18,109,49,21,18,30,0,1,31,25,24,1,55,109,1,0,3,109,19,4,57,104,1,1,47,75,5,4,81,109,8,4,45,96,0,0,12,45,12,14,108,9,2,1,15,46,18,16,27,47,12,8,45,69,8,3,24,33,11,6,35,71,9,6,24,48,15,3,37,49,5,12,52
2,16,33,5,14,64,20,1,6,43,114,38,25,19,8,3,39,76,114,67,1,0,0,5,26,26,114,114,0,0,0,8,27,27,26,22,27,48,32,12,114,60,69,17,4,11,31,32,62,53,114,43,0,0,0,13,39,16,55,54,0,0,0,74,17,69,114,85,13,3,0,1,114,42,64,92,8,0,0,37,80,12,34,79,5,1,1,52,5,0,4,99,15,2,2,50,34,26,16,32,12,2,4,50,28,3,7,105,57,5,2,19,57,3,1,12,6,4,9,78,3,8,10,37,17,8,6,7
5,0,0,0,19,42,36,21,37,31,0,0,27,59,12,10,35,94,17,3,8,7,3,14,10,22,9,9,28,16,3,3,12,0,0,0,13,119,105,32,131,35,0,0,3,56,59,57,96,51,3,1,30,69,6,7,29,61,5,2,18,30,1,0,66,18,0,3,117,131,12,9,131,52,0,0,5,23,28,65,81,11,0,0,5,54,59,51,61,41,0,0,2,39,18,18,42,8,25,85,89,6,0,11,128,23,23,7,2,4,22,125,56,9,1,2,5,16,37,58,34,4,0,2,5,52,88,33
1,0,4,4,8,26,36,19,6,2,7,10,8,10,23,26,46,13,13,10,12,41,41,38,49,1,0,0,0,6,35,62,22,4,8,105,102,33,22,11,128,64,31,44,20,12,24,43,10,12,21,128,128,57,26,7,0,0,0,10,12,11,21,6,23,9,29,128,47,7,0,6,128,29,29,83,32,56,67,48,13,2,2,59,87,95,77,16,0,0,0,7,4,0,0,0,19,11,8,40,85,128,3,2,6,2,2,18,46,128,125,16,3,1,0,0,0,28,84,18,0,0,0,0,0,0,0,0
0,0,0,0,0,0,0,0,0,2,23,5,0,0,0,0,0,15,117,74,11,6,1,0,37,117,117,15,4,7,5,36,14,4,2,1,0,0,0,2,117,60,57,10,8,4,2,17,33,44,117,66,75,46,9,28,103,117,82,3,7,11,4,74,13,23,53,79,30,8,0,1,117,56,41,12,14,29,23,48,48,13,10,23,112,117,31,43,117,15,3,1,10,13,6,108,4,2,9,41,102,56,6,5,13,8,13,16,8,7,7,16,10,21,41,52,21,10,1,1,74,28,11,4,2,4,18,34
6,0,8,21,1,2,49,116,17,34,30,46,0,0,0,39,23,84,36,33,11,0,0,2,2,40,100,113,32,0,0,0,47,12,71,116,1,0,15,114,116,66,20,7,0,0,0,95,51,116,39,5,0,0,0,11,3,17,104,35,2,0,0,2,20,26,116,116,0,0,0,3,115,44,98,99,0,0,0,32,51,14,2,4,0,0,0,116,3,1,2,5,5,2,5,40,26,7,20,43,2,0,0,47,3,2,28,116,42,1,0,12,18,21,18,30,10,0,0,36,6,3,4,2,0,0,7,48
24,1,0,1,0,11,35,49,72,0,0,0,5,39,55,138,141,0,0,0,0,0,2,141,8,0,0,0,0,0,0,5,38,13,3,3,5,11,31,46,98,16,6,8,28,43,12,56,141,29,1,0,0,2,1,141,39,0,0,0,0,0,0,9,29,64,41,33,63,58,37,26,101,133,28,16,15,19,44,70,141,141,10,0,0,0,0,12,27,7,0,0,0,0,0,1,4,7,2,5,82,115,38,18,49,12,0,0,6,15,23,55,18,23,0,0,0,0,0,2,0,0,0,0,0,0,0,0
126,73,10,1,1,2,2,14,22,13,3,13,76,61,47,9,87,5,0,0,30,31,88,92,103,8,0,0,0,0,4,41,61,88,77,21,34,32,8,2,11,5,6,35,93,126,25,5,126,30,6,5,24,54,15,37,126,17,0,0,0,0,3,45,0,0,6,23,40,43,75,2,6,8,64,126,55,28,19,5,118,115,102,29,3,4,1,22,64,41,5,0,0,0,7,69,7,11,7,0,0,4,61,24,46,14,15,4,0,1,16,26,41,68,28,1,0,0,0,13,7,33,9,2,0,1,4,2
0,5,29,56,13,4,0,0,1,20,24,42,12,11,7,1,23,99,12,0,0,0,16,22,28,48,3,0,8,69,31,19,0,0,5,26,93,32,1,0,5,5,4,31,60,122,89,12,108,22,1,3,2,15,105,106,37,11,2,72,104,72,17,26,0,4,52,57,53,13,0,0,9,6,43,122,72,29,8,3,122,37,12,66,11,4,9,79,53,22,7,61,39,5,11,51,0,16,38,13,0,0,0,0,0,0,22,122,41,0,0,0,21,65,98,120,14,0,0,21,24,117,35,7,0,0,1,15
0,0,0,1,15,25,14,0,0,0,0,2,55,93,35,9,2,0,0,0,2,18,80,56,0,0,0,3,15,55,25,7,0,0,2,2,24,119,107,0,9,4,13,13,15,119,119,22,101,14,4,3,2,33,68,119,8,1,0,3,13,57,25,19,0,29,49,81,93,56,13,0,9,56,119,85,7,31,15,3,95,119,79,39,4,3,2,11,8,12,5,64,42,9,2,2,2,15,17,54,37,43,21,2,4,21,41,25,3,63,117,17,39,43,38,21,1,14,55,79,10,10,18,107,30,0,0,5
22,8,2,7,49,44,91,24,74,3,0,0,12,17,134,135,76,5,0,0,0,0,6,52,2,0,0,0,0,0,0,0,20,6,2,13,96,135,32,7,135,53,0,0,25,41,19,55,135,30,0,0,0,0,2,28,1,0,0,0,0,0,5,2,19,19,71,130,57,57,15,4,135,115,65,15,1,7,4,56,79,19,2,0,0,0,24,119,0,0,0,0,0,0,65,17,42,19,35,16,1,1,9,19,32,120,47,3,0,0,0,6,11,32,17,4,0,1,6,12,1,2,2,0,0,3,19,7
133,87,2,1,1,1,8,35,59,5,0,0,0,1,52,36,0,0,0,0,0,0,32,22,0,0,0,0,0,0,0,4,133,91,6,4,11,9,10,16,20,4,1,5,61,64,133,58,105,7,0,0,2,6,87,133,31,3,0,0,0,0,0,16,51,67,29,17,45,80,21,2,76,15,4,14,83,133,40,16,133,66,0,0,4,8,7,42,40,9,0,0,0,0,2,10,1,0,5,46,49,28,37,5,53,44,83,82,25,25,8,5,133,66,20,0,0,0,1,55,10,2,1,0,0,0,24,42
9,1,0,18,118,0,0,2,84,11,2,21,92,12,4,33,63,9,4,18,52,17,7,82,36,4,2,22,53,11,5,27,4,1,0,18,118,1,0,1,113,52,16,38,109,7,3,27,84,20,21,105,52,6,2,29,70,6,3,34,63,7,2,29,4,0,0,14,118,0,0,1,118,14,2,16,118,6,5,54,51,6,5,54,118,38,13,43,34,15,16,10,61,39,25,67,0,0,2,25,103,0,0,0,53,35,35,35,84,6,9,52,11,36,77,14,36,35,15,20,4,64,83,5,8,5,4,8
8,34,12,19,31,30,68,19,33,59,15,20,12,16,90,35,16,24,18,27,52,26,75,20,90,20,0,1,12,8,30,46,72,47,10,22,83,16,1,6,112,63,12,22,70,19,3,16,69,46,11,22,112,63,3,4,112,89,0,1,24,4,0,1,42,23,6,19,73,24,2,8,89,26,3,13,70,47,17,70,112,57,1,6,78,107,14,15,112,64,0,0,2,1,0,0,44,16,5,20,62,24,23,30,65,44,4,18,79,31,5,9,112,75,2,8,57,22,0,1,58,31,0,0,0,0,0,0
0,0,0,0,0,39,45,0,0,0,0,1,1,104,90,0,4,23,7,3,2,116,116,6,41,59,0,0,0,10,54,34,0,0,0,0,0,103,116,6,41,12,14,3,2,87,96,45,32,100,72,8,3,25,12,6,44,112,3,0,0,3,13,16,9,12,19,41,68,116,74,12,116,89,16,6,4,41,66,94,76,34,12,3,9,20,11,15,14,6,1,0,2,23,50,35,3,16,64,102,43,11,2,1,101,80,46,12,3,2,9,48,22,8,1,2,11,27,25,56,26,60,3,1,5,10,8,9
4,24,14,32,86,15,4,1,72,79,13,6,5,7,10,53,42,48,43,4,0,1,26,65,3,10,50,14,2,6,20,10,58,17,14,14,35,94,91,90,103,106,67,9,7,6,8,66,23,42,88,33,3,4,37,72,3,3,24,20,3,6,65,35,81,105,106,61,11,15,14,36,106,94,52,8,0,0,27,67,8,9,36,43,8,24,106,31,3,9,44,21,3,5,56,41,16,15,91,99,2,0,0,14,15,18,71,41,0,1,29,69,7,14,36,51,8,10,54,33,10,24,73,15,0,0,26,37
57,27,1,0,8,25,19,27,18,35,4,2,13,69,15,5,10,48,12,3,16,65,9,2,13,51,11,4,20,59,8,1,52,4,1,2,5,22,84,96,104,58,5,1,2,64,84,45,17,60,24,11,55,76,10,6,52,44,12,2,19,60,18,9,31,11,29,35,21,23,32,19,106,16,6,4,6,23,108,108,53,50,8,1,21,70,66,54,10,64,26,5,25,66,17,3,4,11,29,76,108,38,21,2,93,108,25,23,56,37,83,84,81,85,11,0,0,13,52,54,5,108,11,0,0,25,17,1
0,0,0,0,0,0,0,0,0,0,0,0,0,0,0,0,0,0,0,0,0,15,18,0,0,0,0,0,0,46,48,0,16,3,9,27,8,1,1,10,123,14,4,3,14,9,1,55,41,8,0,21,113,120,75,10,26,31,22,38,16,93,100,7,30,49,123,82,10,5,3,6,123,123,106,15,15,1,2,20,67,34,4,119,123,7,1,5,112,40,19,64,53,2,2,29,81,43,26,1,7,19,15,9,25,37,24,3,10,19,35,102,13,6,1,52,122,17,12,31,58,7,3,31,49,3,2,33
0,1,33,35,7,8,120,12,10,32,119,7,0,1,104,107,4,17,104,18,12,51,20,27,3,12,31,10,10,45,50,5,15,15,6,1,1,20,120,23,120,49,3,0,2,6,112,120,60,3,9,29,50,104,41,49,17,28,20,15,13,55,52,9,12,75,24,1,0,1,0,1,120,120,24,15,13,5,39,45,24,1,7,26,22,10,120,115,3,4,13,16,54,47,40,24,10,18,2,0,0,0,3,26,20,26,12,33,39,10,25,64,16,20,19,27,28,6,27,46,7,20,16,2,10,20,16,18
35,39,31,31,6,16,6,4,40,63,117,67,8,13,5,10,110,117,111,4,0,5,13,27,37,25,2,87,63,4,8,17,27,23,12,17,21,53,20,10,117,52,13,5,11,36,15,31,45,21,17,11,42,55,60,75,22,4,6,17,25,14,48,117,5,14,30,42,10,1,0,2,62,28,7,18,10,16,60,43,50,11,22,22,21,22,67,82,40,8,20,52,9,1,5,90,0,2,24,61,8,0,0,0,0,0,14,117,24,13,20,6,27,1,1,56,42,22,73,117,10,1,1,29,30,31,117,117
16,6,10,6,16,17,22,23,13,28,94,11,2,2,11,9,4,19,131,51,1,2,14,8,47,77,42,7,0,0,2,9,55,77,6,8,35,11,8,18,32,24,9,1,66,85,125,44,103,11,33,7,4,10,98,132,23,22,20,0,0,0,0,8,19,35,66,32,58,6,0,0,48,18,2,17,132,58,13,9,132,72,0,3,18,6,10,35,47,7,0,0,0,0,0,1,0,0,17,36,60,1,0,0,34,40,78,96,132,16,0,0,132,116,33,3,3,1,0,0,17,5,0,0,0,0,0,0
36,2,0,5,123,62,49,25,123,2,0,0,1,3,29,115,15,0,0,0,0,15,69,28,4,0,0,0,0,1,36,30,54,7,6,32,123,9,0,16,123,21,4,2,10,7,5,58,27,1,0,2,60,68,62,30,93,0,0,0,4,10,32,91,11,26,123,123,79,2,4,2,88,98,102,20,25,15,2,5,21,9,15,39,97,64,3,8,118,26,13,5,6,8,2,62,0,0,27,12,1,21,97,12,0,3,21,9,13,54,73,2,8,9,19,29,17,15,21,8,34,50,18,3,0,0,0,9
0,0,0,0,6,45,58,6,4,0,0,0,0,6,77,60,3,0,0,0,0,0,2,12,0,0,0,0,0,0,0,0,12,6,0,0,131,131,61,15,131,32,0,0,15,28,87,131,69,1,0,0,0,0,17,40,0,0,0,0,0,0,6,5,54,19,11,26,131,89,0,3,131,81,5,1,14,13,9,19,46,3,0,0,12,32,118,65,39,1,0,0,0,0,30,65,13,26,104,104,56,7,10,3,63,72,53,16,33,43,4,1,71,9,4,7,35,88,19,21,131,10,0,0,0,0,4,29
0,0,0,0,119,33,0,0,34,33,7,9,119,58,4,14,66,24,14,33,23,27,17,47,56,17,8,19,38,19,7,30,2,0,0,0,119,51,0,0,119,92,13,25,119,45,2,12,71,48,19,92,105,30,7,23,88,15,2,8,56,33,11,27,2,1,5,31,119,35,0,2,119,35,36,31,112,45,15,65,25,19,68,32,99,101,25,45,48,48,80,3,12,44,22,36,0,0,6,30,25,0,0,0,6,24,42,26,11,0,0,1,0,11,57,17,4,1,0,0,1,19,49,0,0,0,0,0
0,0,0,0,0,9,13,0,1,0,0,1,3,21,37,5,25,0,0,4,8,33,42,57,28,0,0,0,0,0,3,36,10,20,16,18,19,91,85,3,120,55,28,42,20,38,68,30,125,15,17,100,106,27,21,42,125,1,0,1,1,0,1,31,54,41,21,56,72,8,4,11,102,21,16,38,67,19,24,92,125,5,2,27,125,65,23,53,125,1,0,0,4,1,0,31,34,8,5,31,63,4,2,13,28,14,13,81,60,10,16,31,97,19,8,35,40,25,14,25,125,3,0,2,3,1,0,25
54,31,60,48,28,15,9,37,62,94,81,63,42,8,2,6,11,23,92,119,66,7,6,6,57,50,47,111,39,2,1,10,73,27,8,38,57,24,9,32,119,26,8,23,51,26,9,21,27,17,26,102,81,46,30,4,11,10,24,49,54,57,10,9,22,26,68,15,49,63,26,46,119,62,36,4,56,95,19,30,22,2,4,16,87,119,119,53,12,6,20,7,30,57,59,59,0,14,55,7,2,1,0,0,6,28,26,1,23,8,0,0,2,0,0,0,38,25,11,15,4,0,0,0,0,5,5,21
0,0,0,0,0,0,0,1,3,0,1,14,44,51,1,6,50,24,38,21,38,74,12,41,26,7,19,55,30,12,48,69,21,22,18,1,0,0,0,37,116,55,26,84,33,10,5,116,48,16,48,116,21,10,9,47,17,10,43,77,17,8,27,43,42,68,76,10,3,10,2,20,116,116,22,10,7,20,57,62,15,6,14,98,19,18,82,59,9,3,13,66,79,61,60,37,27,11,21,18,12,12,3,16,39,5,9,12,10,28,56,55,8,9,5,9,15,61,116,67,1,0,0,6,69,116,114,9
0,0,7,37,46,26,10,1,4,3,5,27,54,42,8,6,65,51,21,6,1,3,9,28,16,29,12,0,0,0,16,21,0,0,1,4,58,118,20,1,22,3,0,3,64,121,36,23,121,39,8,0,0,18,19,68,34,58,71,0,0,0,3,7,0,0,14,76,51,117,20,0,31,44,57,49,29,105,19,6,121,54,6,0,0,7,72,102,37,13,9,0,0,0,121,104,0,0,10,49,58,54,7,1,5,10,35,40,56,25,12,7,6,12,113,27,5,10,80,40,44,34,62,20,0,4,114,82
22,39,59,30,10,7,20,25,27,7,9,46,54,19,16,16,66,92,99,17,5,1,3,17,9,80,88,21,2,0,1,4,126,89,32,33,28,4,39,85,62,16,15,114,126,4,0,25,126,72,20,7,12,1,0,77,38,15,19,55,17,0,0,4,42,126,108,27,10,0,0,2,11,41,126,126,63,0,0,1,97,126,95,16,3,0,0,6,22,15,1,16,6,0,0,0,0,4,10,2,0,0,0,0,0,2,24,14,0,0,0,0,0,12,16,1,0,0,0,0,0,1,0,0,0,0,0,0
83,9,1,2,38,60,76,100,102,2,0,1,12,20,57,113,13,0,0,0,0,25,47,39,0,0,0,0,2,43,55,0,46,55,53,53,87,51,21,16,113,92,24,20,21,8,11,107,47,10,0,0,0,33,50,41,1,1,2,3,6,42,17,1,15,24,52,15,16,64,77,18,77,36,4,2,5,18,76,113,51,65,10,0,0,14,60,55,16,29,23,11,2,5,6,5,1,20,78,99,100,15,3,0,100,112,9,27,37,21,21,18,101,88,11,1,1,1,4,22,5,29,21,3,3,2,7,4
0,0,0,0,33,86,47,6,34,1,0,0,2,20,81,103,14,0,0,0,0,4,30,33,0,0,0,0,0,0,41,5,12,5,0,3,130,81,21,4,130,40,0,2,33,24,17,52,39,3,2,9,72,130,130,23,2,2,9,3,5,25,130,70,22,7,6,9,45,39,35,16,127,16,5,5,26,15,20,37,10,1,68,94,126,61,44,25,9,35,130,34,8,8,56,24,21,44,30,16,1,0,1,6,9,10,36,42,24,18,22,8,15,22,54,16,8,13,48,63,69,55,60,2,0,0,2,22
0,0,20,35,52,71,28,0,20,30,45,15,4,23,43,32,8,5,5,11,22,31,29,15,7,16,31,23,16,9,10,16,3,1,16,25,24,94,118,15,85,32,48,29,9,7,59,79,32,6,11,77,109,6,3,11,118,46,27,5,11,1,1,30,9,70,118,14,9,45,70,8,118,118,98,14,11,2,19,41,29,25,33,116,118,1,0,5,118,73,35,18,17,1,0,28,0,35,118,6,0,0,0,0,0,52,67,7,0,0,0,0,0,8,53,70,6,0,0,0,6,52,55,10,0,0,0,0
0,0,0,4,71,83,10,2,55,45,23,9,29,31,10,19,46,88,39,1,0,0,0,14,26,38,43,0,0,0,0,13,12,7,4,25,47,124,38,6,124,77,8,2,2,32,29,63,62,72,82,0,0,0,8,40,23,25,30,0,0,0,0,7,12,11,20,51,80,47,11,7,86,28,64,33,6,2,74,124,109,36,23,4,0,0,70,124,24,5,7,0,0,0,0,20,42,33,29,15,34,43,36,24,64,41,124,36,2,11,47,94,91,124,88,8,0,0,3,28,16,11,0,0,0,0,0,2
0,0,0,3,36,81,62,13,6,13,8,4,16,41,117,61,19,42,14,6,4,35,78,27,17,18,55,43,15,27,35,13,17,21,21,42,33,41,34,21,97,117,73,16,22,16,13,31,34,117,114,39,0,0,3,10,10,40,73,54,2,0,0,0,87,66,41,117,54,0,8,40,117,101,50,67,35,0,0,60,104,44,30,69,2,0,0,12,7,39,28,45,1,0,0,0,18,93,81,52,4,0,0,1,26,88,105,42,2,0,0,0,19,30,4,6,0,0,0,0,0,2,3,4,0,0,0,0
2,0,0,9,12,25,75,8,148,0,0,0,1,4,27,52,80,0,0,0,0,0,0,6,0,0,0,0,0,0,0,0,22,15,34,29,12,74,148,39,148,27,10,3,0,6,57,135,148,1,0,0,0,0,0,9,0,0,0,0,0,0,0,0,14,57,148,86,5,5,3,3,148,91,72,35,0,0,1,9,148,5,0,0,0,0,0,4,0,0,0,0,0,0,0,0,0,25,92,57,0,0,0,0,74,58,61,44,0,0,0,0,61,16,0,0,0,0,0,0,0,0,0,0,0,0,0,0
9,0,1,39,77,46,121,131,25,0,0,0,0,11,112,131,0,0,0,1,0,25,70,7,0,0,0,0,0,0,0,0,24,4,15,131,130,1,2,36,131,39,12,34,5,3,16,131,31,15,18,36,4,11,17,10,0,0,0,1,0,0,0,0,4,4,18,131,131,5,0,0,131,62,38,52,47,0,0,28,47,22,22,9,2,5,5,18,0,0,3,0,0,0,0,0,0,1,79,54,36,1,0,0,18,62,131,25,9,0,0,1,6,28,77,1,0,0,0,1,0,1,8,0,0,0,0,0
