0,0,0,0,0,0,0,0,9,0,0,0,0,0,0,4,24,0,0,0,0,0,0,102,7,0,0,0,0,0,2,141,21,5,2,0,0,0,0,1,141,21,0,0,0,0,0,23,131,27,0,0,0,0,0,30,54,14,0,0,0,0,1,101,43,43,38,68,7,0,4,18,141,121,26,10,0,0,0,22,90,11,2,1,0,0,0,111,46,10,0,0,0,0,0,60,110,55,26,18,4,0,5,141,87,141,112,46,0,0,0,17,7,7,31,86,0,0,0,49,4,0,1,6,0,0,5,116
0,0,8,19,52,22,6,0,32,4,2,13,77,38,7,21,106,3,0,3,14,3,4,107,77,16,26,73,2,0,2,34,3,0,0,2,54,75,0,1,133,18,0,8,84,78,2,13,81,6,0,16,118,17,14,133,77,3,4,7,2,1,21,133,21,1,0,0,11,21,2,3,133,13,0,2,35,27,5,16,38,11,1,33,133,26,6,46,63,42,15,7,16,1,10,133,25,7,0,0,0,0,0,4,131,25,0,2,8,6,2,29,21,15,11,54,61,14,1,6,65,50,32,21,7,0,0,58
6,0,0,56,65,53,34,21,63,15,1,6,22,17,11,55,10,7,2,27,126,27,0,2,0,0,0,5,28,8,0,0,15,1,9,132,66,39,14,6,132,28,6,47,38,12,1,29,35,27,5,14,132,19,0,1,9,21,2,3,24,2,0,0,2,1,17,132,89,4,5,8,117,19,13,132,87,7,0,14,81,83,3,11,132,21,0,7,48,77,0,1,3,0,0,1,3,0,2,32,81,17,23,72,14,4,4,99,107,3,0,2,80,41,7,19,32,4,2,13,49,22,5,0,0,0,7,18
71,1,0,1,1,0,1,73,85,85,73,31,9,1,0,31,56,76,40,19,1,0,0,11,42,8,0,0,0,0,0,29,141,28,0,0,0,0,0,26,141,79,35,26,3,0,1,32,25,17,30,141,49,3,2,7,31,0,0,23,8,0,0,51,141,127,0,0,0,0,0,0,141,92,1,3,2,3,15,49,31,1,1,63,48,19,31,33,8,2,4,78,14,0,0,11,116,141,0,0,0,0,0,0,100,57,0,0,0,0,0,6,42,6,1,6,0,0,2,7,9,23,15,44,3,0,0,0
0,0,0,2,1,2,23,7,46,5,0,8,14,10,10,1,165,20,0,0,1,0,0,4,58,2,0,0,5,0,0,3,0,0,0,0,0,10,48,10,87,7,0,0,0,6,39,20,165,21,0,0,0,0,0,15,62,2,0,0,5,1,0,5,0,11,17,3,0,4,10,2,72,57,8,0,0,9,27,22,165,19,0,0,0,1,15,113,62,0,0,0,5,4,0,22,0,11,9,0,0,52,75,0,4,8,3,0,0,131,155,31,92,0,0,0,0,16,76,165,34,0,0,0,3,26,63,164
24,0,0,0,0,0,2,71,13,0,0,0,0,0,58,136,3,0,0,0,0,0,126,136,0,0,0,14,8,10,136,95,27,1,5,3,0,0,0,13,73,6,0,0,0,0,4,37,30,4,0,0,0,0,30,116,14,0,0,0,0,0,86,124,9,7,100,115,0,0,0,1,57,27,41,11,0,0,0,2,22,6,10,0,0,0,1,15,49,1,1,0,0,0,1,41,0,0,136,136,0,0,1,0,1,8,136,136,0,0,0,0,1,4,108,46,0,0,0,0,8,2,30,21,0,0,1,12
10,36,12,17,0,0,0,0,117,20,0,0,0,0,0,57,121,6,0,0,4,5,15,121,12,0,0,43,121,20,18,71,7,7,8,110,24,0,0,0,105,84,2,4,0,0,0,8,121,48,0,0,0,0,1,89,60,0,0,23,50,8,8,112,3,1,0,117,121,0,0,1,94,11,0,9,22,1,1,74,53,5,0,0,0,0,6,96,25,0,0,0,7,10,18,115,0,0,10,111,121,0,0,0,43,44,44,25,33,2,1,28,42,50,15,8,3,1,0,27,13,0,1,3,2,1,4,41
28,64,78,52,20,0,0,0,139,71,13,23,9,0,0,1,136,27,0,1,10,5,2,20,6,1,0,17,139,19,2,4,76,27,1,25,63,27,2,2,139,55,0,15,28,11,2,15,118,47,0,4,18,0,0,5,1,2,0,22,139,19,0,1,38,18,8,14,81,43,2,6,139,61,7,4,19,15,2,46,114,16,0,2,6,0,1,29,1,0,5,92,109,3,0,1,12,34,36,30,17,1,0,2,84,139,27,5,2,0,0,15,32,51,17,10,2,0,0,7,1,1,9,34,10,3,4,6
14,2,0,0,0,29,74,116,1,0,0,0,0,85,78,34,3,0,0,0,0,2,73,90,4,0,0,0,0,26,33,63,45,32,21,3,1,11,34,66,6,3,2,5,15,33,86,18,57,16,0,0,0,10,73,58,20,5,0,0,2,94,39,40,15,14,7,4,3,9,119,119,40,5,2,7,34,64,110,61,119,16,0,0,11,29,12,34,7,4,0,0,14,64,15,5,11,50,119,28,0,3,106,85,57,78,119,8,2,14,72,56,85,22,7,1,8,85,23,22,0,0,0,0,6,64,20,0
75,82,12,45,124,40,0,3,124,124,15,15,10,5,4,10,28,57,45,37,25,4,1,7,77,124,21,3,1,0,0,19,58,51,66,72,124,12,2,13,111,66,49,7,2,5,31,61,85,22,7,4,2,5,17,30,85,40,2,0,0,0,0,83,30,16,79,20,3,1,8,90,12,26,118,23,0,0,9,31,76,63,54,19,0,0,0,7,66,95,4,0,0,0,0,3,24,1,0,0,0,0,6,52,16,6,8,6,0,0,9,69,48,52,22,6,0,0,0,83,26,72,5,1,0,0,0,14
9,0,0,1,3,7,17,32,8,9,6,1,0,3,23,18,0,2,11,19,7,15,33,4,1,6,4,6,2,21,33,4,31,12,3,31,23,1,3,21,85,80,32,6,1,0,3,19,4,14,47,82,54,4,1,2,13,23,5,22,20,5,3,0,17,31,54,22,26,3,0,1,85,56,38,2,2,8,8,42,8,8,5,26,83,96,30,13,4,5,2,9,24,148,107,0,4,23,38,4,1,17,148,30,2,26,34,0,0,144,148,3,0,4,2,9,18,148,148,0,0,0,0,11,21,148,115,0
0,0,67,50,5,5,1,0,60,35,51,36,4,1,0,0,193,93,4,0,0,0,0,0,79,16,0,0,1,0,0,0,0,0,23,27,12,44,25,0,77,20,24,27,17,42,33,35,193,55,2,0,0,0,4,59,84,11,0,0,5,0,0,2,0,0,0,29,21,6,2,0,97,30,2,48,43,8,4,7,193,73,0,2,0,0,0,13,84,9,0,2,3,0,0,0,0,0,0,6,10,5,15,7,94,35,0,13,25,6,1,0,193,85,0,0,0,0,0,0,45,11,0,0,5,0,0,0
95,129,1,0,0,0,0,0,95,79,0,0,0,1,6,17,32,7,2,36,23,5,9,11,13,24,12,70,26,0,0,3,75,124,5,0,0,0,0,6,108,34,0,0,0,0,0,13,48,43,5,12,1,0,0,1,31,129,77,37,4,0,0,0,23,37,26,42,6,0,0,3,115,4,1,7,1,0,0,40,101,97,0,0,0,0,0,20,129,129,10,0,0,3,10,11,18,4,5,49,18,0,0,0,60,47,8,23,8,0,0,17,129,129,0,0,0,6,20,17,68,72,0,0,0,57,121,14
31,4,3,5,0,35,83,22,158,16,0,0,0,1,12,87,91,4,1,0,7,29,21,35,5,10,2,0,1,23,53,25,47,29,52,62,0,0,1,1,158,103,8,3,1,0,0,11,85,25,4,24,64,17,10,8,0,0,6,8,17,27,47,7,17,12,42,50,1,2,1,1,158,25,12,6,3,1,1,86,101,8,12,38,69,0,0,39,0,14,68,35,15,1,0,0,1,0,1,3,2,37,27,2,129,0,0,0,1,25,22,158,104,4,4,9,6,4,13,140,2,9,13,10,10,15,30,9
11,3,0,8,126,17,0,0,146,14,0,4,21,0,0,7,113,2,0,0,4,1,0,20,1,0,0,9,146,4,0,1,16,1,0,11,135,33,0,3,146,23,0,2,13,8,0,10,131,20,0,0,4,0,0,6,2,0,0,25,146,1,0,0,11,6,20,87,82,4,0,1,146,43,30,20,7,1,0,16,107,7,0,0,1,0,0,41,2,0,0,27,146,3,0,5,6,5,27,28,4,1,2,11,32,60,77,8,0,0,0,7,33,29,25,3,0,0,0,9,2,0,2,23,119,7,1,3
22,1,3,7,0,1,4,14,21,32,33,37,0,0,0,2,136,140,26,4,0,0,0,2,21,82,101,13,24,25,2,2,43,5,0,0,0,0,0,27,98,18,2,0,0,0,0,15,140,68,2,0,0,8,10,53,32,15,5,4,61,124,20,21,21,0,2,1,0,0,1,70,125,12,0,0,0,0,4,51,140,24,0,0,0,52,20,30,10,0,0,0,5,140,37,8,7,2,13,27,0,0,0,16,137,19,3,2,0,1,2,29,82,6,0,0,17,125,33,23,1,32,19,0,8,140,14,0
0,22,62,0,0,0,3,1,35,53,56,2,0,0,3,4,130,130,4,0,0,0,0,0,26,41,11,42,68,0,0,0,3,47,86,10,3,4,1,1,47,40,62,22,8,7,1,2,130,113,4,1,1,1,0,5,41,27,5,22,130,24,0,2,5,6,3,2,3,37,80,19,50,1,0,2,6,44,59,56,130,4,0,0,1,6,12,130,25,0,0,0,130,97,18,32,0,0,0,2,1,16,74,5,6,0,0,0,0,13,52,68,25,0,0,0,0,2,51,130,1,0,0,0,28,94,97,44
0,0,0,0,3,128,13,0,1,10,0,0,0,98,46,11,3,16,13,0,0,6,101,128,2,3,13,6,0,0,128,128,1,16,0,0,0,101,14,0,19,28,2,0,1,35,6,2,92,96,41,7,1,4,2,9,7,21,49,91,46,2,29,27,2,21,2,0,2,33,3,0,32,24,1,0,1,30,6,7,128,61,22,2,1,2,4,56,15,7,19,41,96,22,8,19,4,3,0,0,1,20,4,0,67,128,7,0,0,2,0,6,48,128,128,4,0,0,7,22,2,10,128,99,13,5,8,5
24,56,17,1,1,0,0,3,26,20,24,21,7,3,1,9,24,8,36,131,65,1,0,6,4,2,3,67,119,41,48,11,75,45,5,5,12,0,0,0,41,6,4,15,86,14,4,21,131,10,3,92,112,2,1,32,1,0,6,131,131,13,2,0,51,13,0,1,9,8,12,27,43,22,1,11,89,29,10,6,131,64,1,34,69,0,0,4,4,6,75,131,131,0,0,0,2,2,8,16,9,9,13,10,70,49,1,2,7,22,13,3,102,86,2,14,32,2,0,0,0,4,32,41,46,7,1,0
44,22,0,2,9,17,5,4,62,86,22,5,7,0,1,6,47,16,32,43,23,7,6,37,31,5,19,123,123,7,4,16,75,32,17,8,7,0,0,0,123,36,4,17,28,2,1,9,90,8,2,47,120,11,5,43,123,11,3,123,119,0,0,39,39,30,31,6,2,1,0,6,67,14,8,6,10,16,29,53,103,31,1,13,63,54,25,11,123,67,5,50,44,0,0,3,1,22,87,13,0,0,4,2,1,11,41,51,19,4,5,2,113,58,5,24,13,11,5,2,123,54,1,6,51,2,0,0
65,13,0,0,80,69,2,10,9,9,6,1,117,117,4,9,38,7,6,2,1,7,22,52,3,1,3,6,2,8,72,21,87,0,0,0,117,94,5,57,67,52,26,9,96,64,1,7,12,20,31,50,54,16,9,7,1,0,0,4,29,32,54,9,117,1,1,22,117,16,3,117,117,20,5,25,86,14,3,23,24,2,1,8,117,72,4,8,5,1,0,1,44,40,20,11,117,5,2,11,34,9,26,117,20,9,3,17,40,28,32,30,4,0,0,3,62,100,26,3,18,12,6,1,27,22,2,4
0,0,0,0,6,9,3,0,79,1,0,0,21,16,11,32,210,8,0,0,0,0,1,56,48,2,1,3,0,0,0,6,0,0,0,6,20,10,1,0,124,2,0,1,44,22,2,14,210,10,0,0,1,1,0,29,65,1,0,0,0,0,1,13,0,0,0,9,23,3,0,0,129,12,0,5,69,4,0,1,210,35,0,0,1,0,0,5,67,6,0,1,2,0,0,1,0,2,0,1,15,14,0,0,112,14,0,4,37,8,0,0,210,43,0,0,0,0,0,0,47,3,0,0,2,0,0,0
0,0,0,0,0,0,0,0,73,17,0,0,0,0,0,7,170,170,7,1,2,0,0,5,70,98,83,23,7,3,0,0,0,0,0,0,0,0,0,0,148,25,17,12,0,0,0,4,170,67,3,1,0,0,1,35,89,17,2,3,27,29,9,22,0,0,0,0,0,0,0,0,52,30,31,49,7,2,3,4,170,35,11,7,0,0,6,158,36,0,0,0,5,18,68,112,5,1,0,0,0,0,0,0,64,36,5,1,0,0,1,4,84,50,5,0,0,0,2,37,45,3,0,0,2,4,41,67
3,0,0,0,64,105,24,10,112,2,0,3,16,41,34,114,57,0,1,119,29,0,0,40,0,0,14,122,23,0,0,0,16,0,0,0,122,104,2,5,122,22,0,0,27,23,3,23,95,5,0,13,11,8,51,43,0,0,0,57,107,20,20,4,22,9,4,12,113,62,2,2,122,37,2,2,17,13,6,12,32,1,0,3,28,55,98,37,16,1,1,21,42,15,50,57,5,17,72,88,23,5,7,1,52,64,37,12,11,5,2,0,11,2,0,18,97,21,5,9,116,15,5,7,14,5,3,35
20,5,5,22,24,3,4,33,55,2,5,136,40,0,1,57,1,46,105,136,43,1,0,0,1,136,128,7,0,0,0,0,25,2,0,37,46,12,8,16,136,13,2,50,26,3,0,38,23,38,88,136,37,1,0,1,1,73,56,3,9,6,14,13,13,4,6,15,12,26,15,9,136,16,1,8,8,7,0,14,55,5,3,42,99,3,0,1,0,0,0,3,58,27,15,8,5,6,10,34,13,1,0,0,136,16,2,6,3,0,0,28,44,1,0,11,99,33,2,23,0,0,0,1,73,128,13,0
62,0,0,0,4,3,7,107,145,0,0,0,0,0,0,145,42,1,0,0,0,0,5,57,5,0,0,9,31,14,9,12,102,16,6,8,24,2,2,25,145,14,0,0,0,0,0,57,94,10,0,0,1,18,12,13,2,0,0,0,14,60,29,3,27,107,145,16,7,0,0,0,145,145,82,0,0,0,0,9,67,15,12,17,9,15,3,5,0,0,10,35,21,21,4,0,1,51,145,0,0,1,45,10,8,56,122,1,0,0,30,32,6,17,59,21,0,0,6,15,0,0,37,53,4,0,0,1
55,97,0,0,2,2,0,0,37,87,7,1,0,0,0,1,40,6,4,1,0,0,0,7,36,49,5,3,0,0,0,1,96,109,0,0,0,0,0,0,68,58,45,13,1,0,0,3,33,20,42,40,22,0,0,3,112,120,2,0,1,0,0,1,49,49,63,47,0,0,0,0,120,16,23,8,5,0,0,30,63,62,30,58,49,0,0,12,120,120,8,3,1,0,0,0,1,3,120,120,6,15,52,2,22,30,120,44,0,5,34,17,36,120,63,10,1,4,23,32,67,120,13,0,0,0,66,44
53,3,4,2,9,12,8,23,138,5,1,16,13,0,0,46,21,6,15,107,83,4,1,2,8,39,40,10,5,2,10,11,68,19,4,0,1,13,39,38,138,24,0,3,11,8,2,42,50,3,0,30,138,133,15,4,4,2,3,5,24,53,138,27,37,111,96,0,0,0,3,4,138,74,8,0,13,10,9,45,17,0,23,74,138,58,11,18,0,7,138,52,24,17,28,0,3,23,35,0,0,0,31,10,31,13,4,0,0,0,30,45,9,0,17,21,8,12,36,26,3,7,65,11,1,21,34,12
4,43,98,11,7,2,0,1,0,2,71,142,28,2,0,0,0,0,76,142,1,0,0,0,0,0,62,142,0,0,0,0,5,5,2,0,17,13,1,1,6,1,2,6,52,27,0,3,43,15,54,98,2,1,0,7,4,5,142,142,2,0,2,3,0,0,0,0,11,65,25,2,10,2,0,0,18,48,45,14,50,7,2,0,0,1,68,35,4,2,17,22,8,5,90,31,0,0,0,0,1,101,103,7,2,0,0,0,0,23,142,34,2,1,0,0,0,1,142,30,0,0,0,0,1,8,141,24
37,0,0,0,1,30,25,43,92,2,3,31,52,2,2,38,11,0,0,31,84,8,9,59,13,0,0,0,21,8,6,65,54,0,0,0,0,22,16,40,136,4,1,35,31,0,0,78,20,5,7,136,116,1,1,16,57,10,9,24,9,1,1,40,67,8,0,0,0,5,28,25,136,98,6,15,3,0,0,24,29,25,21,136,44,0,0,0,15,8,27,103,6,1,2,3,65,3,0,0,0,0,48,85,136,49,3,5,0,0,1,136,23,12,10,103,18,5,2,24,0,0,12,136,11,4,0,0
30,10,5,5,7,9,2,13,132,1,0,0,0,1,1,71,74,5,3,4,57,29,10,25,0,0,0,5,138,78,1,0,24,4,0,3,44,42,9,17,138,5,0,0,4,16,9,52,56,0,0,0,39,138,47,17,0,0,1,22,138,138,8,0,30,25,3,21,94,4,0,1,138,58,1,2,33,34,2,6,14,1,0,2,138,138,2,2,0,0,14,22,31,41,0,0,18,28,7,23,55,3,0,3,58,40,1,3,51,45,1,6,0,3,18,11,101,59,0,0,0,2,53,7,4,0,0,0
0,0,0,0,64,134,6,0,58,4,0,0,15,121,53,22,33,5,0,0,63,33,21,9,0,0,7,7,35,21,1,0,4,0,0,31,134,104,2,2,134,9,1,5,47,61,8,24,66,5,0,0,111,25,0,1,0,0,1,2,25,6,0,0,4,2,12,134,134,5,0,0,134,39,50,127,33,7,0,8,40,2,1,1,90,33,2,6,0,1,1,0,13,7,10,0,2,0,7,121,6,0,1,3,6,7,49,134,11,1,0,0,2,1,5,87,63,16,2,0,0,2,7,7,7,6,12,0
131,20,1,12,57,84,27,92,4,32,49,37,38,23,0,1,25,19,19,56,112,5,0,16,1,10,27,131,131,2,0,0,75,52,23,32,11,19,30,47,55,28,20,7,3,3,2,32,4,6,19,54,90,4,0,0,0,0,36,131,95,1,0,0,6,10,130,131,47,11,2,6,49,41,48,19,12,21,13,12,6,2,2,16,57,46,6,0,0,0,27,63,13,22,15,0,0,0,10,49,131,93,4,0,6,5,5,6,33,50,41,11,1,0,0,0,29,79,14,2,0,0,0,0,8,80,43,0
4,67,54,0,0,0,0,1,20,84,18,1,0,0,0,0,20,45,38,13,7,5,3,4,135,113,7,0,0,0,3,27,16,14,12,0,0,0,24,84,55,47,6,0,5,2,2,16,11,23,16,8,44,39,43,19,63,19,2,4,5,8,101,135,130,4,0,0,0,0,20,135,89,7,0,0,4,6,19,43,2,3,3,29,60,29,21,7,14,14,24,39,57,57,33,48,135,4,0,2,2,10,19,135,89,5,0,13,26,23,25,34,42,36,2,1,3,24,42,33,33,74,30,81,135,56,0,3
7,27,20,0,0,0,74,56,69,21,3,0,0,0,59,124,23,0,0,4,68,61,36,103,57,8,2,10,56,39,7,19,10,49,40,0,0,14,38,5,38,21,8,0,0,46,70,58,102,10,3,20,31,24,30,102,50,8,9,33,50,33,10,31,2,0,0,0,0,27,108,8,98,9,0,0,0,36,67,22,124,61,0,6,74,6,3,14,36,4,0,5,124,41,7,32,1,0,0,0,0,1,61,24,124,55,0,0,0,1,19,18,124,95,3,22,72,0,0,1,20,7,4,52,124,6,0,9
23,14,2,0,0,20,29,43,45,1,3,14,20,17,33,84,32,5,10,38,52,21,8,26,44,1,0,0,12,20,11,76,24,0,0,0,0,60,47,17,142,16,0,8,22,4,9,44,40,6,0,27,142,21,6,20,61,0,0,0,27,15,8,101,41,2,0,0,0,11,34,18,142,31,1,9,14,0,1,34,55,12,3,111,142,2,0,6,69,14,6,32,40,3,2,48,78,28,0,0,0,0,25,34,142,142,7,9,3,0,0,4,23,34,12,142,96,0,0,0,19,16,16,85,22,0,0,2
5,18,12,6,0,0,0,1,109,38,4,1,2,5,3,45,130,0,0,1,3,1,2,93,3,0,0,12,19,1,0,2,20,76,1,0,6,9,0,0,45,41,3,2,68,119,17,50,130,13,0,0,5,19,12,130,29,0,0,5,22,3,0,9,15,61,10,8,33,57,0,0,33,130,52,8,85,109,1,4,130,130,10,0,3,6,1,16,34,5,0,2,11,6,0,2,0,15,113,58,13,10,0,0,3,130,129,7,6,4,0,0,42,117,11,0,0,1,0,0,5,2,0,0,6,13,1,0
28,6,2,15,45,10,1,9,63,1,1,27,57,19,13,77,130,0,0,3,67,16,3,122,2,0,1,28,130,28,0,3,38,27,7,49,24,0,0,0,66,13,8,130,77,0,0,8,130,11,3,10,56,7,0,51,10,2,4,37,130,11,0,5,44,48,10,33,13,0,0,0,23,26,22,130,69,1,0,0,116,26,11,24,33,5,11,51,13,8,29,90,93,3,3,13,49,53,6,13,7,0,0,0,16,22,9,94,108,1,0,0,57,38,11,37,50,5,8,25,54,43,32,60,5,0,0,8
0,0,0,2,1,10,117,29,0,0,5,37,8,15,118,14,59,62,35,35,8,10,16,12,26,68,10,3,72,95,1,1,0,0,3,5,22,60,69,11,20,5,8,2,1,15,118,53,118,17,1,0,15,26,31,71,29,4,0,1,118,118,2,3,2,3,4,5,39,50,8,9,57,69,58,4,1,4,14,39,118,78,25,3,43,84,11,25,5,0,0,0,55,118,33,13,1,2,9,77,33,5,6,7,118,66,16,12,3,2,6,53,66,22,5,8,118,56,2,8,0,1,19,12,65,38,9,3
25,39,8,35,26,0,0,0,26,17,9,52,62,5,5,17,38,32,23,55,26,1,3,19,0,11,26,60,30,12,2,0,36,63,5,22,60,0,0,0,33,15,5,46,131,8,1,11,131,55,30,44,6,1,0,24,10,10,124,131,19,2,0,0,13,55,4,7,89,83,2,0,26,8,2,11,100,88,38,25,131,45,11,5,2,0,4,35,68,22,79,70,0,0,0,1,4,6,0,0,102,131,1,0,50,22,1,0,35,76,31,30,131,15,0,0,0,0,8,80,57,2,3,11,2,5,43,52
3,0,0,0,1,105,42,3,118,4,0,0,1,44,51,60,119,16,0,0,0,0,0,8,10,8,2,0,0,0,0,0,22,0,0,0,0,168,57,5,168,12,0,0,0,26,19,30,168,20,0,0,0,0,0,1,18,7,0,0,0,0,0,2,29,0,0,0,0,29,25,11,168,1,0,0,0,1,2,45,168,8,0,0,0,0,2,9,11,6,0,0,0,0,10,7,20,5,3,0,0,11,20,11,168,10,2,0,0,1,2,53,150,29,3,0,0,0,4,20,2,38,20,0,0,0,9,3
1,127,127,1,0,1,0,0,0,47,57,104,19,16,1,0,64,108,44,63,5,3,1,1,62,69,17,30,22,18,3,9,10,28,16,0,7,36,16,7,13,3,5,9,43,127,24,11,127,60,6,5,5,22,16,33,79,41,14,52,33,4,2,16,3,1,0,0,35,66,12,8,45,5,0,0,95,107,4,11,127,24,0,0,3,5,10,77,62,3,0,1,11,49,43,34,0,0,0,0,27,44,29,24,8,0,0,0,68,77,18,22,34,0,0,0,2,8,74,127,4,2,0,0,0,59,127,49
0,0,0,0,0,55,30,0,79,0,0,0,0,9,16,12,193,13,0,0,0,0,0,7,93,12,0,0,0,0,0,0,0,0,0,0,0,18,41,2,103,6,3,0,0,10,22,30,193,7,0,0,0,0,0,39,100,12,1,0,0,0,5,11,18,3,0,0,0,6,29,23,116,32,15,0,0,1,15,33,193,69,1,0,0,0,0,12,78,76,8,0,0,0,1,4,3,0,0,0,0,13,26,15,111,3,0,0,0,4,50,76,193,27,0,0,0,0,1,55,66,19,0,0,0,0,1,21
9,45,55,1,0,0,50,59,19,13,32,9,5,11,33,36,115,0,0,0,2,4,5,63,26,0,0,5,62,36,1,6,51,53,18,0,0,0,114,121,47,27,8,22,8,20,80,75,121,9,1,3,7,7,18,76,37,1,0,2,94,39,4,8,28,121,121,3,0,0,2,8,31,90,58,119,11,5,1,3,121,82,25,29,7,7,3,16,32,7,4,32,85,65,6,10,10,54,37,1,4,14,5,3,24,14,14,22,28,69,11,9,121,58,12,16,5,5,4,19,12,6,5,93,70,8,1,6
25,36,121,11,0,0,6,41,121,31,40,7,0,0,0,82,98,19,1,0,0,0,0,28,11,32,6,4,27,15,0,0,14,10,57,16,1,2,20,121,60,15,34,25,7,10,22,29,121,31,0,0,0,1,0,25,33,20,2,10,74,31,0,1,73,61,15,7,5,3,33,121,107,13,0,3,5,10,76,79,121,45,0,0,5,19,4,15,15,3,0,0,44,121,2,1,6,68,61,70,29,2,1,0,121,103,14,33,17,2,5,13,121,62,0,0,30,43,6,4,4,1,0,2,50,78,8,3
3,0,0,0,0,59,124,10,82,14,6,1,0,18,54,32,20,13,29,37,12,5,1,1,1,0,1,14,14,2,6,7,28,0,0,37,21,23,24,19,155,2,0,0,1,1,4,29,55,2,1,9,45,37,1,3,0,0,0,8,43,31,4,1,30,12,35,155,80,0,0,3,155,51,22,11,4,1,0,4,40,4,0,0,83,24,0,1,0,0,0,0,46,62,6,0,1,6,127,155,32,0,0,0,30,54,155,155,6,0,0,0,5,6,9,53,80,13,0,0,0,0,0,5,89,39,2,0
135,2,0,0,0,0,0,30,135,3,0,0,0,0,0,39,66,18,0,0,0,0,0,7,22,14,3,2,1,0,0,0,135,10,0,0,0,0,0,26,135,1,0,0,0,0,0,59,128,19,0,0,0,0,0,8,34,28,3,0,0,0,0,0,70,57,135,35,0,0,0,2,135,49,41,10,0,0,0,10,135,54,0,0,0,0,0,1,36,37,1,0,0,0,0,0,3,13,135,131,27,19,47,44,58,52,85,101,60,23,5,0,80,70,3,0,0,0,0,0,10,33,10,0,0,0,0,0
55,7,0,0,0,0,1,18,35,12,0,0,0,0,0,12,94,8,0,0,0,0,0,27,148,0,0,0,0,0,0,148,75,9,0,0,0,0,0,16,38,11,4,0,0,0,0,28,98,4,1,0,0,0,0,21,108,0,0,0,0,0,0,121,47,26,82,35,0,0,0,15,45,76,61,12,6,0,0,3,51,15,26,10,6,0,0,10,50,4,5,0,0,0,0,42,4,19,157,116,0,0,0,0,7,30,157,91,4,0,0,0,5,12,157,47,4,0,0,1,7,7,157,30,0,0,0,3
133,32,0,0,0,0,9,47,91,5,0,18,31,4,6,101,0,0,1,133,83,3,1,5,0,0,18,133,27,5,1,0,66,32,0,0,0,25,118,82,133,32,0,0,8,5,20,133,20,0,0,17,85,42,3,15,0,0,6,51,43,19,1,0,81,133,5,0,0,11,47,19,109,133,7,0,4,26,3,10,12,2,0,0,46,88,3,2,0,0,0,0,30,34,2,0,24,133,7,0,0,3,3,3,5,23,2,0,5,64,15,2,0,0,0,0,11,50,11,0,0,0,0,0,20,20,0,0
1,0,0,0,5,117,83,11,53,0,0,0,1,24,59,72,122,7,2,4,3,0,0,78,15,3,2,26,91,6,0,3,74,29,0,1,41,122,47,33,122,30,0,0,0,0,13,51,122,10,0,0,2,4,7,96,24,2,1,4,92,63,15,25,49,122,42,31,55,17,0,1,53,122,33,0,0,0,0,1,82,102,22,0,0,4,8,19,8,42,31,4,11,35,14,8,21,91,24,46,38,0,0,0,37,101,15,0,0,0,0,0,28,70,18,0,0,0,0,0,28,122,37,0,0,0,0,0
0,0,0,0,0,1,64,126,5,0,0,9,21,17,63,117,33,24,3,15,38,14,7,5,126,17,0,0,0,0,0,113,37,3,0,0,0,2,23,108,126,18,0,0,0,1,12,85,64,48,1,0,1,2,2,13,126,29,0,0,0,0,0,59,126,26,5,10,5,1,3,67,126,27,0,0,0,0,0,26,76,6,0,0,0,0,0,50,126,2,0,0,0,0,0,32,73,37,91,119,1,0,0,6,104,32,13,6,0,0,0,32,55,68,41,6,2,0,0,12,90,12,7,2,1,0,0,13
14,7,15,4,0,2,2,6,12,38,25,1,0,0,6,10,16,20,44,25,20,0,0,11,0,0,8,33,184,48,0,0,23,1,0,0,0,6,16,22,25,3,0,0,0,13,37,35,95,17,8,17,24,0,2,43,3,5,8,97,184,9,0,0,10,1,0,0,0,6,23,28,51,25,0,0,0,6,6,11,180,27,2,6,21,2,0,19,17,5,13,145,184,9,0,2,16,0,0,0,0,3,11,59,49,2,0,0,0,0,0,41,114,3,1,4,2,0,0,69,39,5,51,167,50,0,0,29
0,0,0,75,48,1,9,5,58,9,2,114,84,4,0,10,106,43,56,23,2,0,0,12,1,14,105,57,21,6,0,0,1,0,0,12,15,15,46,92,40,10,2,68,114,64,6,10,114,40,7,8,18,9,4,35,12,10,10,12,87,72,6,4,77,9,2,1,5,15,34,114,30,80,22,8,45,54,7,14,72,90,24,5,36,52,16,21,16,4,4,3,42,108,46,31,90,98,21,2,0,0,0,15,40,112,7,2,8,3,0,1,12,27,5,6,114,88,0,0,25,2,7,10,47,57,16,35
59,0,0,0,0,0,21,123,57,0,2,9,1,0,25,119,1,0,11,61,13,3,25,38,0,0,19,38,22,1,0,0,123,44,11,0,0,3,5,75,51,1,0,0,0,57,89,90,82,5,0,2,7,7,52,123,9,0,0,8,61,7,1,11,28,35,47,26,19,72,4,3,123,30,0,0,3,123,42,26,123,78,0,0,4,7,7,27,11,5,0,0,40,22,0,2,9,17,2,8,25,123,17,0,123,123,0,0,3,67,11,5,123,59,0,0,4,4,2,6,1,0,1,3,24,15,1,1
11,0,0,0,0,0,1,33,51,3,0,0,0,0,0,29,87,48,0,0,0,0,0,2,41,98,0,0,0,0,0,0,25,1,0,0,0,0,4,74,104,3,0,0,0,0,0,30,128,35,0,0,0,0,0,4,122,63,0,0,0,0,0,0,22,24,29,26,3,0,11,120,128,5,0,2,0,0,1,78,128,38,0,0,0,0,0,2,128,66,0,0,0,0,0,3,37,54,43,70,72,84,13,11,128,49,0,5,9,4,1,13,128,94,0,0,0,0,0,0,128,128,9,0,0,0,0,4
10,0,0,81,110,0,0,0,15,21,18,98,60,1,0,4,118,80,7,2,0,0,0,19,42,31,6,21,34,0,0,6,15,3,0,32,118,17,0,0,7,7,6,46,118,54,9,13,118,28,2,1,4,8,10,114,76,11,2,6,58,9,0,43,7,2,0,0,118,76,0,0,12,9,1,15,118,59,2,4,118,70,1,4,6,4,2,20,94,32,2,15,46,2,0,6,0,0,0,0,48,118,0,0,26,22,0,0,25,103,5,6,118,98,0,0,0,3,2,7,49,43,7,24,10,0,0,0
0,0,0,1,110,40,4,7,5,13,3,22,120,49,0,0,80,100,2,3,7,4,0,1,96,82,0,0,8,0,0,0,17,0,0,7,120,19,4,22,9,4,2,29,120,26,0,7,120,26,2,3,7,5,0,32,120,14,0,0,16,0,0,6,69,2,0,54,62,2,0,14,3,6,12,120,120,12,0,0,113,27,11,19,12,9,12,59,108,1,0,1,9,0,1,96,50,0,0,10,21,14,7,47,0,0,0,39,120,46,2,0,15,0,1,16,47,32,22,65,74,0,0,0,1,0,2,120
0,0,0,0,0,0,0,0,127,11,0,0,0,0,0,35,138,8,0,0,0,0,1,65,138,48,0,0,0,0,0,12,0,0,0,0,0,0,0,0,92,28,10,0,0,0,0,16,138,13,0,0,0,0,0,55,138,6,0,0,0,0,14,138,0,0,3,0,0,0,2,0,26,25,50,4,0,0,31,9,137,30,6,0,0,0,52,70,33,0,0,0,0,0,82,137,0,0,0,0,0,6,9,0,1,1,2,0,1,36,138,29,3,1,0,0,0,11,138,65,0,0,0,0,0,6,138,60
1,8,33,33,24,38,2,0,1,4,157,146,24,26,1,0,4,7,157,157,0,2,1,1,0,4,157,152,0,0,0,0,1,3,1,0,2,4,0,0,7,3,10,6,19,72,11,7,88,22,50,11,1,12,11,40,24,19,149,36,0,1,23,20,0,0,0,0,0,2,0,0,36,16,0,0,9,42,12,10,66,34,1,0,21,33,39,39,42,23,0,0,6,17,118,58,0,0,0,0,0,0,0,0,13,4,0,0,0,0,30,24,14,14,15,1,22,30,110,66,52,39,26,1,9,12,79,47
0,39,43,4,21,49,0,0,0,20,21,11,3,0,0,0,1,1,0,0,0,0,0,0,0,0,0,0,0,0,0,0,47,88,60,17,15,13,1,31,29,32,32,66,49,1,0,10,68,10,3,9,4,0,0,14,6,1,0,1,5,2,0,1,19,108,69,43,34,1,0,7,10,27,58,103,28,6,0,3,48,19,16,29,7,54,34,6,26,2,0,1,9,142,124,22,1,41,18,9,12,53,28,0,0,4,8,23,24,142,111,0,0,1,1,7,8,142,142,0,142,19,0,0,0,142,142,23
2,6,1,0,0,31,133,12,2,0,0,0,1,31,133,33,3,1,0,0,15,51,90,14,0,0,0,7,38,14,5,2,9,2,61,73,4,21,133,44,133,18,6,9,0,1,92,132,49,19,0,0,0,16,33,21,1,0,0,1,15,32,50,3,9,13,48,93,50,51,16,4,133,66,12,20,7,1,2,15,41,3,0,0,28,63,23,12,1,0,0,0,43,133,100,7,47,11,0,0,11,39,20,14,60,14,0,0,0,11,18,25,9,0,0,0,21,133,44,9,20,12,0,0,40,133,20,6
0,1,9,29,45,3,0,0,8,0,0,11,141,58,0,1,129,57,0,0,15,18,1,4,41,124,17,4,4,0,0,0,0,2,13,42,68,0,0,0,29,1,0,55,141,10,1,1,141,47,0,5,27,5,2,15,87,53,1,0,10,28,36,33,0,3,16,53,40,0,0,0,16,4,2,141,141,0,0,0,141,15,4,42,29,2,3,27,34,0,0,11,25,60,41,20,3,1,3,20,8,0,1,7,1,2,5,141,85,0,0,0,97,27,16,89,25,0,0,1,36,10,15,54,14,3,0,0
53,34,11,0,4,3,2,44,17,2,0,0,84,60,9,29,136,0,0,0,10,14,7,114,34,0,0,3,7,2,3,27,8,55,73,33,39,10,0,0,27,3,5,10,136,80,2,12,136,3,0,0,22,17,3,76,80,0,0,0,0,0,6,34,1,5,7,13,63,136,17,0,38,21,3,1,136,132,0,1,136,62,1,0,12,5,0,11,65,2,0,0,0,0,16,24,0,0,0,0,31,108,19,0,28,72,4,3,48,46,0,0,136,76,0,0,0,0,0,7,24,0,0,0,0,0,15,14
14,3,0,0,3,31,16,8,0,0,0,4,17,72,74,3,8,0,0,2,4,16,56,50,3,0,0,9,20,9,2,12,21,0,0,3,45,55,8,14,15,0,0,2,136,142,68,21,142,3,0,0,6,32,59,124,39,0,0,3,18,5,1,13,9,0,0,0,35,142,18,15,66,34,0,0,92,142,2,5,142,47,0,0,4,13,2,20,52,0,0,0,14,6,0,11,9,2,0,0,20,142,28,5,72,68,0,0,11,60,10,16,142,25,0,0,0,0,5,84,37,0,0,4,8,2,0,39
0,8,104,91,9,0,0,0,35,13,18,55,100,6,0,0,142,77,4,4,12,1,0,0,31,27,19,37,7,0,0,0,1,0,17,142,29,0,0,1,54,9,4,142,142,1,0,1,142,41,3,16,14,0,0,53,61,16,9,28,4,0,0,29,11,0,1,43,10,0,0,10,11,12,41,142,75,0,0,1,137,142,69,55,5,0,0,30,71,73,2,2,1,0,0,15,11,0,0,1,0,0,4,30,11,5,31,49,2,0,0,7,9,62,48,17,0,0,1,6,14,20,1,0,0,0,3,24
0,0,0,0,0,0,0,0,0,1,3,0,0,0,0,0,2,3,8,0,0,0,22,29,4,2,1,1,1,0,39,39,7,2,1,6,1,0,0,0,127,34,26,3,0,0,3,10,28,33,115,17,0,0,21,22,12,66,58,6,0,0,10,18,12,7,4,127,94,0,0,0,127,33,14,57,31,4,35,38,100,22,29,9,1,6,91,80,90,69,36,8,2,0,1,18,1,0,0,127,127,0,0,0,127,27,26,127,89,1,2,18,124,63,127,28,0,1,4,27,86,20,39,17,3,0,0,27
1,0,0,5,81,42,0,0,82,33,0,0,21,18,1,4,38,107,17,6,3,0,0,0,6,21,17,31,82,12,3,6,8,0,0,33,123,10,0,1,123,41,0,2,33,8,1,11,103,89,5,3,16,20,21,23,8,11,5,12,123,122,20,13,6,1,1,110,123,0,0,0,123,8,1,40,38,1,2,31,56,1,0,5,21,62,49,32,2,2,5,25,123,120,17,3,0,0,2,111,50,0,0,0,79,15,11,94,27,0,0,4,49,8,13,45,16,8,0,3,0,4,53,86,32,5,0,0
14,1,2,40,73,8,2,12,133,3,0,1,4,3,3,93,91,10,18,33,1,0,0,16,0,1,9,133,58,0,0,0,15,2,0,2,133,49,1,2,133,39,0,0,13,9,1,24,133,17,1,2,0,0,0,30,15,6,9,116,40,0,0,12,19,15,7,25,132,24,0,0,133,58,4,3,3,2,0,26,91,5,0,0,0,0,6,104,69,39,6,30,8,0,1,42,15,9,5,16,74,10,1,5,98,35,2,1,0,1,12,36,61,4,0,0,0,9,60,54,133,53,5,5,0,0,5,29
12,7,7,11,142,30,3,16,142,0,0,0,40,17,4,142,79,0,0,2,0,1,8,61,0,0,1,6,6,12,10,1,13,5,6,11,142,96,0,2,142,30,1,0,60,14,0,47,135,1,0,0,0,1,26,54,0,0,0,0,0,12,45,3,15,30,2,3,127,113,1,0,142,109,2,1,16,4,0,9,92,4,0,0,0,2,23,39,0,0,0,0,0,6,48,4,40,58,2,2,32,36,0,0,82,107,0,0,0,0,4,8,18,5,0,0,0,4,29,18,5,3,0,0,0,11,37,3
128,23,2,1,4,2,0,14,60,3,0,0,0,0,3,64,48,28,6,41,10,0,1,31,4,9,7,152,83,0,0,0,81,28,2,2,1,1,7,27,64,4,0,0,0,9,55,58,152,62,8,12,1,0,7,38,27,23,12,152,97,0,0,0,22,2,0,0,0,2,52,51,126,12,0,0,0,7,42,31,152,33,0,1,0,0,1,8,58,6,1,94,47,0,0,0,25,26,23,2,0,0,13,22,149,41,2,0,0,0,1,6,152,38,0,0,0,0,0,0,45,3,0,14,9,0,0,1
16,3,3,62,126,13,0,8,126,10,0,12,26,0,0,115,41,0,0,0,0,11,21,66,1,0,0,0,0,35,19,1,8,3,1,17,126,58,0,0,126,39,2,10,36,2,0,18,74,8,0,0,0,13,30,29,7,0,0,0,0,67,36,6,5,5,3,26,124,15,0,0,126,29,5,9,25,5,15,26,27,0,0,0,0,101,94,19,60,21,0,0,0,126,94,12,0,2,2,19,71,9,1,0,11,9,4,7,15,31,21,5,6,0,0,0,25,126,34,3,126,124,0,0,5,83,22,4
127,6,0,0,0,0,0,29,131,10,0,0,0,0,0,10,23,7,5,9,33,11,0,4,0,2,18,111,98,47,0,0,131,0,0,0,0,0,0,113,131,5,0,0,0,0,0,38,41,32,17,6,5,1,0,3,5,31,47,106,4,0,0,0,131,14,0,0,0,0,0,45,131,18,0,0,0,0,0,17,83,70,9,0,0,0,0,2,4,39,26,24,9,2,1,0,131,90,5,0,0,0,0,0,131,72,0,0,0,0,0,0,71,131,9,0,0,0,0,0,4,55,72,55,4,0,0,0
0,0,0,2,86,16,0,0,17,36,2,7,66,7,0,0,100,79,0,1,1,1,1,1,13,7,0,11,33,8,1,0,2,0,0,1,80,101,6,3,88,59,0,0,25,29,6,14,59,62,0,0,0,11,13,7,2,0,0,0,12,42,10,1,15,0,0,0,38,134,45,35,134,4,0,0,0,17,23,128,21,2,0,0,0,13,54,45,0,0,0,0,0,33,36,0,7,0,7,8,56,134,134,107,44,0,2,0,0,1,99,134,2,0,0,0,0,3,134,108,0,0,0,0,0,6,112,25
0,2,2,1,24,35,4,1,109,33,5,2,8,4,0,0,192,26,0,0,0,0,0,0,40,7,0,0,0,0,0,0,8,1,0,0,10,17,3,9,160,12,1,0,0,0,0,5,192,8,0,0,0,0,0,10,66,9,3,0,0,0,0,1,13,1,0,0,1,6,13,32,159,6,0,0,0,0,1,27,192,12,0,0,0,0,0,10,74,21,3,0,0,0,0,0,2,0,0,0,0,0,13,78,111,0,0,0,0,0,2,77,192,1,0,0,0,0,0,27,71,5,0,0,0,0,0,3
5,4,1,7,19,33,7,1,12,8,14,89,20,6,1,2,5,13,52,125,10,0,0,1,26,65,32,2,0,0,0,11,12,0,0,8,70,8,1,11,100,14,20,32,4,2,1,33,11,16,119,118,0,0,0,0,0,125,114,9,0,0,0,0,7,4,18,47,54,4,0,3,125,68,21,11,6,0,0,23,66,125,100,20,0,0,0,2,6,125,125,2,0,0,0,0,0,16,65,28,1,0,0,0,22,125,89,5,0,0,0,0,82,125,15,0,0,0,0,0,53,67,9,0,0,0,0,4
0,0,1,4,105,92,0,0,130,18,7,13,39,8,0,2,142,20,0,0,0,0,0,6,12,0,0,0,0,0,0,0,0,34,54,18,33,53,0,0,102,19,54,77,6,0,0,10,142,21,6,2,0,0,0,47,33,0,0,0,0,0,0,3,16,136,139,30,2,4,1,1,16,33,142,125,6,8,1,0,142,80,48,8,1,10,36,29,26,0,0,0,0,1,20,12,37,31,14,6,1,22,41,20,0,1,22,27,17,101,41,0,4,85,17,4,7,63,60,6,1,67,10,0,0,3,23,2
6,0,0,0,0,0,22,157,2,0,0,0,0,8,8,28,0,0,0,0,0,1,0,0,0,0,0,0,0,0,0,0,45,85,43,2,4,1,13,93,66,18,4,3,38,73,18,37,173,16,0,0,3,11,0,10,16,0,0,0,0,0,0,1,25,87,46,7,35,24,4,8,76,22,11,16,88,27,0,4,173,17,1,1,1,0,0,103,138,3,0,0,0,0,0,27,23,1,0,0,19,26,17,50,29,13,2,3,25,14,1,9,173,7,0,0,0,0,0,109,173,4,0,0,0,0,0,58
26,2,3,7,0,0,0,13,1,0,0,0,0,0,1,3,0,0,0,0,0,0,0,0,0,0,0,0,0,0,0,0,46,5,19,22,1,0,10,64,77,14,1,0,0,2,17,48,8,2,0,0,0,9,5,4,0,0,0,0,0,0,0,0,9,6,99,61,2,3,5,6,75,20,58,22,0,4,34,62,7,10,69,26,35,60,71,19,0,0,38,147,109,35,3,0,4,84,107,19,1,5,14,4,0,75,147,20,0,2,9,2,0,44,147,48,14,22,26,0,0,1,147,147,147,147,19,0
1,0,1,2,0,0,52,155,44,55,19,6,0,0,24,78,19,155,42,0,0,0,0,4,0,151,29,0,0,4,0,0,38,2,0,0,0,0,28,77,155,114,1,0,0,0,18,105,111,155,8,0,0,6,22,15,0,16,2,0,0,42,16,0,48,1,0,0,0,0,0,1,155,13,0,0,0,0,11,122,68,5,0,0,0,5,122,110,12,7,1,0,0,16,26,16,1,0,0,0,0,0,0,0,12,0,0,0,0,0,0,6,4,0,0,0,0,0,6,10,4,1,0,0,0,0,0,2
9,28,0,0,0,0,0,0,31,7,0,0,0,0,0,0,54,0,0,0,0,0,0,2,1,0,0,0,0,0,0,0,43,174,13,0,0,0,0,0,174,88,4,0,0,0,0,4,174,3,0,0,0,0,0,21,10,0,0,0,0,0,0,0,101,95,9,3,3,0,0,0,149,102,9,0,0,0,0,3,174,14,0,0,0,0,0,43,14,0,0,0,0,0,0,2,124,8,0,4,11,0,0,7,110,60,1,0,0,0,0,5,174,90,1,0,0,0,0,17,13,4,0,0,0,0,0,1
0,0,0,7,30,24,1,0,15,1,0,9,84,75,8,12,121,4,0,1,4,4,6,103,98,17,25,73,3,0,2,49,2,0,0,0,6,46,6,2,119,14,0,1,37,86,15,16,80,6,0,2,106,34,19,132,99,3,4,12,2,2,12,132,26,4,0,0,0,2,3,6,132,23,0,1,27,13,6,19,44,34,6,25,132,27,3,32,104,75,12,3,6,1,2,132,22,3,0,0,0,0,0,4,131,12,0,2,7,1,0,30,24,19,10,46,31,3,2,13,50,35,12,9,8,2,4,83
11,3,10,97,35,21,8,14,23,2,1,14,27,10,10,43,3,1,0,45,130,6,0,1,0,0,0,2,10,1,0,0,7,0,3,136,93,81,13,7,136,14,3,28,45,26,7,41,24,12,7,38,136,7,0,1,0,5,3,7,16,1,0,0,3,1,32,136,46,2,3,6,116,26,26,136,54,3,0,9,52,77,11,24,114,6,0,4,20,55,3,2,1,0,0,0,1,0,4,71,69,13,40,76,4,3,7,136,118,4,2,2,75,49,8,25,16,1,0,10,49,27,2,0,0,0,0,15
17,1,0,0,11,29,13,4,148,77,0,0,1,0,3,8,103,50,1,4,97,7,0,0,0,0,0,1,26,2,0,0,55,6,0,0,1,12,2,1,148,97,0,0,7,4,3,21,101,46,1,4,129,33,6,9,12,13,0,0,11,1,0,0,47,26,0,0,0,0,0,3,148,23,0,0,1,8,49,148,85,7,0,0,21,50,111,139,45,6,0,0,0,0,2,31,22,14,0,1,0,0,7,19,20,11,0,0,0,0,83,50,11,0,0,0,0,1,126,129,6,0,0,0,0,0,28,48
24,4,1,0,0,0,1,5,23,24,65,28,6,3,12,16,4,50,43,17,20,18,2,1,25,29,29,9,23,28,5,2,76,37,0,0,9,12,11,15,140,76,19,9,29,20,42,59,62,61,37,26,140,124,9,9,140,75,5,5,24,40,8,11,19,8,0,0,18,18,2,9,140,17,0,1,58,33,6,98,103,86,20,45,140,59,3,24,108,125,20,13,11,4,3,10,2,0,0,0,0,0,0,0,86,4,0,1,6,2,1,38,45,25,53,24,30,4,2,47,35,32,42,2,0,0,2,14
0,0,2,25,23,33,44,2,22,3,4,76,39,17,29,19,2,2,2,46,70,0,0,0,0,0,0,0,0,0,0,0,9,1,5,19,128,81,22,13,140,17,4,49,115,52,22,77,59,24,8,140,140,7,0,2,27,13,2,8,26,12,0,1,26,21,5,15,140,53,7,9,140,70,7,15,89,53,26,35,39,15,50,66,140,61,23,14,6,7,19,28,91,14,1,0,18,15,2,5,63,41,30,10,39,25,3,3,13,40,21,12,6,3,8,8,12,47,77,21,0,0,2,7,15,3,8,0
16,106,60,18,7,0,0,0,47,126,3,0,0,0,0,0,126,32,0,0,0,0,0,19,126,0,0,0,0,0,0,27,24,66,86,59,31,0,0,0,100,48,4,5,4,0,0,4,116,47,1,0,0,0,0,14,126,3,0,0,0,0,0,42,19,9,2,38,105,11,4,8,106,5,0,11,20,0,0,21,93,104,1,0,0,0,0,13,114,126,3,0,0,0,0,8,5,6,6,32,33,2,1,3,50,93,21,21,14,0,0,4,83,126,6,0,0,0,13,15,12,126,10,0,0,0,47,9
22,1,0,0,0,0,0,142,4,0,0,0,0,0,7,142,0,0,0,0,0,0,0,9,0,0,0,0,0,0,0,0,59,7,0,0,0,0,0,56,62,2,0,0,0,0,6,142,140,15,0,0,0,0,0,79,6,2,0,0,0,0,0,0,17,0,2,9,0,0,2,99,142,19,0,0,0,0,4,79,142,89,0,0,0,28,17,22,25,9,0,0,0,90,27,2,3,1,15,60,4,0,1,24,142,29,7,5,0,0,2,54,142,31,22,1,1,75,61,55,1,61,38,1,2,130,36,1
9,0,8,24,21,107,92,44,5,1,1,0,1,66,133,60,0,0,0,0,3,133,121,5,0,0,0,0,18,98,31,0,4,0,0,0,25,133,74,3,75,2,0,0,1,24,91,46,17,0,0,0,0,46,35,15,0,0,0,0,27,69,6,0,18,3,0,0,67,37,0,1,118,43,5,5,7,5,0,3,11,7,4,11,29,65,8,1,0,0,0,0,9,108,30,0,29,5,0,0,29,32,5,7,106,42,5,5,11,53,17,23,3,5,3,10,49,133,51,1,0,0,0,0,0,133,133,0
1,3,0,19,48,0,0,0,41,64,3,0,0,0,0,0,39,118,116,22,0,0,0,0,0,6,95,120,2,0,0,0,1,15,6,35,91,0,0,0,132,57,3,0,0,0,0,2,132,81,30,20,4,0,0,11,18,14,34,132,100,1,0,1,0,14,17,65,84,0,0,0,88,49,9,1,0,0,0,4,132,7,0,1,5,4,3,88,29,1,0,13,132,40,6,27,0,2,3,60,85,0,0,0,35,37,2,6,2,0,0,1,125,19,0,0,0,1,2,59,20,0,0,5,99,23,6,30
27,0,0,0,0,0,4,84,142,11,0,0,0,0,1,73,38,6,0,0,0,0,0,0,0,0,0,0,0,0,0,0,71,2,0,0,0,0,7,62,142,50,0,0,0,8,9,26,87,16,0,0,0,142,39,9,0,9,1,0,0,46,6,0,108,12,8,6,0,0,3,50,142,26,10,0,0,31,39,83,12,62,51,2,5,142,54,14,0,101,31,0,8,50,4,0,62,78,26,11,0,0,0,0,111,142,50,4,5,4,2,6,1,51,86,11,28,41,11,0,0,18,8,0,12,114,20,0
0,0,0,0,0,0,0,0,1,0,0,1,0,0,0,0,0,0,0,15,14,0,0,0,0,2,5,19,8,0,0,0,4,0,0,21,107,1,1,9,119,2,0,22,54,0,0,12,19,1,0,119,119,0,0,1,2,6,9,92,95,0,0,1,3,1,0,26,119,29,52,96,119,40,3,27,96,9,2,4,32,7,1,63,119,13,0,1,7,0,0,62,119,1,0,3,10,1,0,0,11,15,103,119,119,57,8,15,13,7,15,81,16,15,8,119,72,4,4,9,5,0,0,86,119,0,0,0
125,14,0,0,19,7,0,3,125,13,1,0,0,1,2,69,36,5,4,35,93,80,15,38,1,4,19,125,100,19,1,0,125,17,0,1,10,3,2,11,125,47,0,0,14,8,0,17,75,24,1,1,105,114,6,9,100,64,49,125,16,15,1,2,125,0,0,0,0,1,7,48,125,2,0,0,23,10,0,41,95,14,0,0,116,40,0,4,125,42,4,39,10,1,0,0,5,0,0,0,0,0,0,2,6,0,0,0,0,0,0,1,3,0,0,0,3,0,0,0,5,1,0,0,0,0,0,0
4,12,5,2,4,64,122,14,59,4,0,2,5,31,58,86,90,3,0,13,84,18,5,67,2,0,0,8,76,34,89,24,15,40,29,18,2,11,48,10,95,32,15,1,0,0,10,42,122,14,1,19,122,2,0,68,4,2,8,40,122,8,9,2,32,42,17,17,16,15,5,3,39,122,68,1,0,0,0,2,122,90,16,23,97,1,0,8,11,4,7,40,122,5,3,4,92,31,0,1,2,6,4,12,65,65,5,0,0,10,4,5,31,16,2,2,53,33,33,41,2,0,3,8,122,42,23,10
0,0,1,5,3,16,61,11,31,20,0,0,3,24,64,5,85,163,3,0,3,6,3,1,20,163,8,2,0,0,3,2,0,0,28,71,3,1,4,0,124,26,16,13,0,0,4,3,163,99,2,0,0,0,0,25,32,30,19,14,0,0,1,8,0,4,20,128,46,0,0,0,101,13,10,29,18,1,0,3,163,8,0,0,0,0,0,38,66,11,1,2,0,0,0,16,2,2,2,44,131,25,2,3,75,3,0,4,50,18,3,16,163,13,0,0,0,0,0,34,75,6,0,0,0,0,0,22
8,1,0,72,119,1,0,0,96,16,3,17,39,0,0,2,11,14,58,86,44,0,0,0,15,40,103,13,3,0,1,8,7,2,0,83,119,9,10,7,119,41,4,22,58,1,0,6,22,39,63,14,11,29,46,16,5,25,101,4,2,26,72,36,2,0,3,44,119,23,58,67,75,26,36,50,48,3,1,24,29,12,8,32,119,39,25,19,101,16,3,12,24,14,36,38,38,9,4,5,3,2,30,83,48,41,70,20,4,0,1,35,11,17,27,100,119,0,0,3,119,35,6,27,30,0,0,0
35,3,5,2,0,0,0,35,78,87,17,3,0,0,0,9,15,42,27,77,23,9,0,0,4,23,16,21,14,48,12,2,41,1,1,2,0,0,1,66,134,16,0,0,6,5,0,32,43,11,5,17,78,134,0,0,0,42,26,6,26,134,4,0,43,13,20,16,0,0,0,14,134,25,5,6,14,4,0,14,36,21,82,69,101,50,0,1,0,93,103,15,18,19,0,0,42,15,7,2,0,0,0,17,134,95,9,2,0,0,0,3,46,102,134,72,3,0,0,0,0,5,60,121,73,14,0,0
102,21,3,6,3,0,0,10,49,6,4,39,38,4,3,37,91,7,33,135,19,0,0,30,0,114,135,135,6,0,0,0,76,19,8,2,1,2,7,31,68,4,3,17,30,41,20,23,135,19,11,41,15,3,1,14,10,13,33,59,71,8,2,0,6,45,68,10,1,1,4,4,46,18,27,61,12,7,3,4,135,19,3,9,20,4,2,41,20,1,0,13,135,84,2,9,8,8,10,3,1,3,29,28,8,2,3,14,19,20,8,7,54,2,0,1,7,19,17,108,6,0,0,0,135,134,11,28
4,0,0,0,82,120,43,2,67,0,0,0,13,21,46,55,7,0,2,0,3,14,120,78,120,5,5,0,4,15,120,120,6,0,0,27,113,42,0,1,120,5,0,4,16,5,0,9,17,1,0,6,55,33,3,1,120,0,0,1,54,51,15,80,6,1,0,22,120,42,0,1,118,14,0,2,17,7,0,7,19,1,0,21,75,16,0,1,120,0,0,27,115,11,1,24,10,4,13,5,60,57,2,3,79,22,5,4,5,6,2,5,5,2,2,12,29,21,1,0,104,2,0,13,87,17,0,1
84,32,9,5,0,0,0,12,108,6,0,0,0,4,18,90,15,17,1,0,4,14,19,19,24,64,15,7,1,0,0,0,55,46,0,0,0,0,0,4,65,14,1,0,0,0,13,71,160,56,0,0,0,0,7,41,36,95,9,1,0,2,4,3,30,60,3,0,0,0,0,0,39,36,11,0,1,2,4,7,147,22,1,0,0,3,47,105,22,11,0,0,0,162,125,57,14,14,1,0,0,0,11,35,13,7,0,3,16,7,6,11,1,1,4,13,32,26,58,44,0,0,0,4,172,172,104,22
15,4,2,18,35,13,6,18,48,1,0,31,36,15,27,36,63,8,12,48,3,1,2,19,1,3,16,92,7,0,0,0,16,55,37,44,12,0,0,8,47,7,13,120,56,0,0,13,120,27,16,25,2,0,0,32,10,47,110,73,5,0,0,0,16,15,11,15,1,0,45,74,5,9,42,120,15,0,43,32,106,116,52,27,0,0,9,20,112,120,77,1,0,0,1,33,0,0,0,0,0,12,88,34,1,1,3,3,0,3,120,86,21,12,6,1,0,0,95,120,58,12,0,0,0,0,84,120
12,0,0,0,1,9,123,123,0,0,0,6,73,123,123,35,0,0,0,86,123,38,19,5,0,0,0,57,61,10,9,0,90,7,0,0,1,11,23,70,15,0,0,0,14,123,104,39,80,3,0,50,35,27,46,70,6,0,5,123,79,0,0,1,71,4,0,0,11,47,7,14,58,20,0,0,43,123,8,7,123,40,0,6,8,8,12,27,12,0,0,73,81,11,8,6,9,8,23,37,24,23,4,5,50,53,17,21,26,29,0,1,57,23,0,0,9,15,42,29,6,1,0,7,42,25,32,25
0,61,109,1,0,24,97,2,10,54,49,8,3,18,86,31,17,7,14,32,35,30,17,23,30,0,0,1,49,37,50,129,33,3,2,1,6,50,129,18,129,51,9,6,3,10,67,53,16,17,14,36,111,45,8,7,67,21,8,13,61,44,10,41,78,15,2,14,31,7,7,7,129,19,1,1,2,11,23,64,16,4,11,24,67,59,44,26,55,81,43,30,27,23,12,20,32,1,0,18,34,0,0,18,100,9,0,0,0,2,6,94,31,52,17,17,33,12,14,22,59,129,94,15,15,11,8,28
36,34,58,6,2,2,0,2,130,67,7,40,23,1,0,6,7,16,58,130,69,9,0,0,4,85,92,6,0,1,0,0,47,5,6,3,5,25,52,26,130,13,1,16,17,6,3,39,35,12,21,77,94,55,21,7,10,47,38,3,2,8,76,46,38,85,84,0,0,1,23,12,130,76,9,1,26,19,5,24,22,0,27,52,130,106,29,9,0,14,95,14,7,15,113,37,5,35,47,0,0,0,40,18,36,22,6,2,4,1,44,57,3,1,36,45,20,12,50,21,30,34,106,9,1,2,12,20
0,0,5,42,93,6,2,0,49,132,30,36,40,0,0,0,42,141,43,6,4,0,0,0,4,10,27,7,30,42,1,2,12,1,11,25,10,4,45,63,88,141,50,19,2,0,7,25,34,89,15,26,39,1,0,3,0,0,1,12,141,92,0,0,77,7,3,2,2,2,19,90,141,42,0,0,0,1,5,65,42,9,2,13,44,19,6,22,0,0,0,17,141,27,0,0,56,30,6,1,5,10,8,43,141,28,0,0,0,0,1,58,18,2,0,6,16,9,8,27,0,0,0,13,141,28,1,0
60,16,10,18,1,0,2,50,136,21,0,0,0,0,2,99,26,27,4,1,6,2,18,41,1,3,1,19,136,63,17,2,68,15,8,83,2,0,0,2,136,72,2,1,0,0,0,18,49,77,28,21,12,0,0,3,0,2,3,107,136,0,0,0,22,12,34,136,6,0,0,2,136,68,27,12,0,0,0,45,121,30,16,32,2,0,0,19,0,0,9,136,54,0,0,0,0,5,34,44,9,13,18,0,57,46,28,3,0,11,24,51,65,13,3,5,1,1,18,126,2,0,3,36,20,6,6,12
32,49,21,3,21,31,0,0,82,58,3,0,1,5,2,20,131,8,1,0,0,1,2,89,38,8,5,9,131,59,4,15,9,33,77,36,15,2,0,0,39,21,6,9,44,41,11,23,131,5,0,0,9,39,20,100,28,0,0,1,116,131,31,22,0,18,23,35,50,0,0,0,33,36,17,59,102,3,0,1,131,56,2,5,64,66,3,11,4,0,7,10,131,131,2,2,0,50,26,18,29,1,0,0,18,26,13,44,95,4,0,2,41,31,7,27,70,30,0,4,0,2,45,34,65,21,0,0
26,0,0,0,0,0,2,22,20,0,0,0,0,1,2,5,1,2,1,2,5,2,2,2,0,0,0,2,24,73,17,6,69,0,0,0,0,7,7,20,34,0,0,0,4,18,7,8,35,8,1,5,16,2,4,9,3,2,1,18,153,145,1,0,61,0,0,0,0,5,35,84,35,2,0,0,5,18,20,32,67,14,0,5,7,0,1,16,8,2,1,153,153,19,0,4,5,0,0,0,0,0,153,153,12,0,0,0,0,1,153,153,25,0,0,0,0,0,36,148,11,0,3,110,20,0,5,41
6,0,0,0,2,22,29,60,19,5,0,0,0,62,113,27,32,16,0,0,1,7,76,44,0,0,0,2,4,17,63,53,8,0,0,6,34,75,45,23,113,30,0,1,6,80,55,29,75,29,0,0,2,102,92,23,34,14,8,0,5,57,63,41,11,2,5,58,96,12,0,2,87,12,7,20,34,26,29,71,26,39,19,12,13,113,72,26,113,98,4,0,0,16,24,33,0,1,63,113,25,1,0,0,3,46,113,72,12,1,2,6,8,93,112,31,5,7,2,1,47,113,12,0,0,3,10,12
0,0,0,1,47,116,41,0,0,1,9,4,23,90,96,29,14,2,9,10,2,9,74,62,22,31,30,5,1,1,6,20,5,1,1,16,100,106,12,6,57,43,74,29,28,24,17,24,77,19,78,111,0,0,17,33,116,51,27,5,0,0,0,14,10,4,16,116,116,20,3,7,116,52,33,39,11,4,2,38,82,37,46,116,6,0,0,4,93,89,23,24,0,0,0,2,0,2,36,116,20,4,7,3,61,48,57,54,21,4,0,10,51,58,11,14,4,0,1,18,9,85,17,4,0,0,0,0
1,0,0,0,0,7,20,49,25,6,0,0,0,0,10,54,133,123,4,1,0,0,3,12,43,56,11,20,69,14,0,0,21,3,1,3,1,1,5,43,133,12,0,0,0,0,0,47,133,106,4,3,2,1,3,27,45,34,10,41,133,28,8,13,22,23,2,2,1,1,0,1,133,42,0,0,0,0,0,18,133,13,0,0,0,3,37,133,15,8,10,11,87,77,73,42,7,20,32,2,0,0,0,1,56,29,8,1,0,0,0,33,100,133,7,0,0,0,6,48,8,103,84,27,3,3,10,6
20,0,0,0,0,0,0,0,2,0,0,0,0,0,0,0,0,0,0,0,0,0,0,0,0,0,0,0,0,0,0,0,153,2,0,0,2,0,0,51,98,3,0,0,0,0,0,17,122,11,0,0,0,0,0,2,26,0,0,0,0,0,0,5,153,0,0,0,10,6,2,136,153,3,0,0,0,0,0,65,153,8,0,0,0,0,0,31,122,4,0,0,0,0,0,28,153,18,12,2,5,6,1,80,153,8,0,0,0,0,0,45,153,3,0,0,0,0,0,37,135,6,0,0,0,0,0,17
27,1,0,1,102,91,15,19,152,6,0,0,5,7,6,53,49,1,0,12,58,25,0,6,5,0,0,3,6,4,1,4,64,5,0,11,152,28,0,5,152,23,0,2,8,1,0,15,63,6,0,17,77,25,1,2,1,0,0,3,11,18,9,9,40,24,25,152,85,3,0,2,152,49,10,5,8,5,1,31,53,0,0,0,106,63,6,15,2,0,0,0,10,19,14,31,4,6,11,152,98,6,3,2,80,13,5,24,16,3,4,97,13,0,0,0,79,27,12,56,3,0,0,0,22,8,7,36
7,0,0,0,0,136,65,4,174,12,0,0,0,32,40,39,132,23,0,0,0,0,0,3,10,7,0,0,0,0,0,0,27,0,0,0,0,63,43,12,174,9,0,0,0,3,5,28,170,14,0,0,0,0,1,8,10,10,2,0,0,0,1,7,40,6,0,0,0,7,30,26,174,33,0,0,0,0,2,30,146,63,8,0,0,0,1,8,3,35,21,0,0,0,3,4,36,3,0,0,0,6,32,39,174,36,0,0,0,0,5,54,119,39,3,0,0,0,1,11,2,9,9,0,0,0,5,4
17,0,0,0,0,0,0,18,105,0,0,0,0,0,0,38,117,0,0,13,44,10,2,57,8,1,0,29,111,24,4,14,8,0,0,0,0,0,12,38,64,2,0,0,0,0,23,68,130,26,3,13,32,2,1,74,6,2,2,47,130,18,2,5,0,0,0,0,0,3,45,44,130,9,0,0,0,0,25,50,130,88,15,34,17,1,1,34,8,10,9,130,130,10,1,3,5,0,1,1,0,2,18,42,98,0,0,0,0,0,2,84,130,2,0,3,6,8,29,130,6,3,4,46,108,51,39,24
82,65,0,0,0,0,0,0,46,34,0,1,71,70,2,2,18,63,9,2,45,80,1,0,9,122,36,0,3,10,0,0,122,58,0,0,8,12,2,4,26,8,0,1,99,122,8,7,122,73,2,2,24,25,6,15,41,53,1,0,19,52,0,1,37,104,22,18,76,32,0,0,28,2,0,2,120,122,13,14,122,15,0,0,12,15,6,30,35,2,0,0,41,46,1,3,26,16,3,7,122,68,17,12,47,3,0,2,122,64,8,12,122,12,0,2,8,3,2,24,18,1,0,11,33,9,0,1
7,0,0,105,89,0,0,10,61,12,8,84,53,0,0,33,119,16,2,3,9,9,6,101,11,0,1,17,119,51,7,18,37,1,0,69,41,0,1,21,33,18,14,119,90,0,0,5,119,29,4,10,13,3,1,37,20,2,1,46,119,20,2,6,81,6,1,17,19,0,0,3,18,7,5,109,119,7,0,3,119,34,5,19,21,4,1,40,30,7,1,37,119,3,0,8,57,16,0,0,15,12,0,0,11,2,0,4,119,63,1,2,119,28,0,2,26,11,1,20,34,11,2,45,81,1,0,4
20,14,17,1,0,4,35,42,114,0,0,0,3,4,7,70,23,0,0,7,97,55,1,8,0,0,0,16,114,88,12,1,47,32,17,16,0,3,53,66,114,11,2,2,8,7,13,68,35,0,0,3,114,72,5,7,7,6,38,114,92,21,2,1,20,70,72,66,7,6,0,1,114,108,24,24,15,9,1,6,42,8,4,45,107,66,4,9,86,30,41,24,5,6,2,29,37,8,6,7,18,54,7,12,114,41,7,17,12,5,4,20,12,3,3,93,114,15,5,8,26,1,1,18,30,4,20,114
1,117,41,15,10,45,33,0,2,21,4,5,18,76,67,4,39,12,4,2,8,16,7,12,5,6,9,17,18,1,0,0,1,0,1,2,36,126,124,9,36,0,0,0,0,36,126,62,126,31,3,2,1,4,13,35,15,17,7,22,69,5,0,0,29,50,14,6,76,126,59,20,126,71,3,0,0,3,29,47,126,43,1,1,6,6,2,13,23,8,1,4,101,60,2,2,4,102,81,20,46,5,0,0,35,126,62,0,0,0,0,0,96,47,13,1,2,17,16,19,4,57,20,2,29,63,11,4
120,142,40,0,1,70,15,3,1,81,75,1,1,142,95,0,0,4,23,6,11,142,69,0,0,0,6,30,21,77,18,0,88,86,0,0,16,142,23,3,21,5,2,1,1,142,45,5,3,8,39,18,8,18,6,1,0,3,42,60,10,3,0,0,16,8,2,15,93,101,6,3,33,6,1,1,1,7,8,19,33,15,8,1,0,0,8,20,14,9,11,19,87,58,0,1,9,0,0,2,21,69,35,23,36,5,0,0,0,1,4,23,52,47,0,0,6,1,1,2,11,14,4,9,142,86,0,0
0,0,28,40,0,0,0,0,19,15,28,11,1,0,5,11,79,2,3,26,5,2,26,113,77,4,10,143,84,0,0,41,0,1,6,64,20,0,0,4,0,16,21,19,3,0,0,0,106,7,13,29,2,1,0,25,143,5,3,104,82,0,0,46,11,0,6,35,12,3,7,102,0,5,14,20,17,23,4,1,88,7,2,5,5,18,10,11,143,13,0,3,94,42,1,12,91,0,0,0,1,5,18,143,1,0,0,1,8,51,41,11,98,1,0,0,2,20,16,23,143,3,0,0,113,100,3,14
24,28,1,0,0,0,0,8,52,41,1,0,0,0,0,9,33,43,7,0,0,0,0,6,26,59,24,0,0,0,0,0,31,0,0,0,0,0,1,89,67,1,0,0,0,0,0,56,111,39,0,0,0,0,0,19,69,125,4,0,0,0,0,0,44,5,0,0,0,0,13,125,112,5,0,0,0,0,0,89,125,74,0,0,0,0,0,5,114,125,1,0,0,0,0,0,51,125,76,32,15,9,3,62,125,24,13,21,12,3,0,69,125,99,0,0,0,0,0,5,125,125,0,0,0,0,0,0
78,10,0,0,0,0,0,8,80,36,0,0,0,0,0,10,35,121,6,0,0,0,0,0,52,122,1,0,0,0,0,3,118,25,0,0,0,0,0,3,122,70,0,0,0,0,0,13,102,78,0,0,0,0,0,29,122,74,0,0,0,0,0,34,79,26,2,0,0,0,3,19,95,7,0,0,0,0,9,98,59,2,0,0,0,0,20,122,122,14,0,0,0,0,0,59,7,1,0,0,0,0,70,65,6,0,0,0,0,0,72,122,45,0,0,0,0,0,23,122,122,0,0,0,0,0,1,120
36,29,2,0,0,0,0,0,126,32,0,0,0,0,1,44,109,15,0,0,0,15,62,111,94,41,9,13,2,10,12,5,59,53,0,0,0,0,0,1,117,86,0,0,0,0,0,9,126,60,0,0,0,0,0,8,126,48,6,2,0,0,0,0,78,17,0,0,0,0,1,13,78,7,0,0,0,0,1,97,126,11,0,0,0,0,0,78,126,40,0,0,0,0,0,18,18,0,0,0,0,0,21,48,24,0,0,0,0,0,22,94,126,0,0,0,0,0,0,126,126,0,0,0,0,0,0,110
39,2,0,0,0,0,3,28,30,2,0,0,1,14,32,41,41,13,6,8,1,5,3,1,218,7,4,7,0,0,0,89,35,17,0,0,0,0,0,2,67,12,0,0,0,0,0,5,91,12,3,1,0,0,0,1,218,17,5,1,0,0,0,96,21,3,0,0,0,0,0,22,57,1,0,0,0,0,0,32,104,7,0,0,0,0,0,14,218,8,0,0,0,0,0,71,3,0,0,0,0,0,8,20,32,0,0,0,0,0,0,51,50,0,0,0,0,0,0,60,194,0,0,0,0,0,0,87
137,50,0,0,0,0,1,8,137,24,0,0,0,0,0,24,101,11,0,0,0,0,0,8,26,7,2,2,7,1,0,0,137,23,0,0,0,0,0,21,137,2,0,0,0,0,0,62,137,6,0,0,0,0,0,21,38,20,6,1,0,0,0,0,137,86,1,0,0,0,0,3,137,76,0,0,0,0,0,6,137,50,0,0,0,0,0,1,42,56,7,0,0,0,0,0,43,137,19,0,0,0,0,5,37,137,29,0,0,0,0,0,76,102,2,0,0,0,0,0,28,90,7,0,0,0,0,0
55,29,1,0,0,0,0,0,146,23,0,11,17,0,0,12,27,8,1,82,143,0,0,2,146,3,6,37,21,0,0,27,81,26,0,0,0,0,0,0,146,64,0,10,15,4,2,15,51,18,0,74,146,26,3,4,106,2,4,29,52,2,0,11,78,10,0,0,0,0,0,12,146,14,0,0,5,16,43,146,21,3,1,1,101,118,67,42,58,9,14,22,21,7,0,5,38,5,0,0,0,0,0,2,53,3,0,0,0,1,15,63,51,4,0,0,0,12,30,29,50,14,7,10,0,0,0,1
4,1,2,116,53,0,0,11,19,24,14,14,5,0,6,128,27,19,4,0,1,9,18,128,23,5,0,0,1,11,6,3,3,5,2,88,128,0,0,0,66,128,34,20,24,1,0,10,31,75,38,13,49,19,4,15,128,18,0,2,17,10,2,22,3,0,0,23,128,17,0,2,96,16,1,6,50,14,10,104,22,8,3,3,40,36,15,41,128,7,0,1,7,2,0,56,0,0,0,0,128,52,1,0,29,0,0,0,51,29,9,102,18,0,0,0,1,7,26,94,128,0,0,0,0,1,6,71
1,0,0,0,0,0,136,25,17,5,0,2,11,13,116,33,35,2,2,15,20,9,6,136,19,0,0,0,0,0,16,136,19,17,41,32,0,0,65,19,136,72,6,9,3,1,32,44,29,19,9,66,36,5,4,41,12,0,0,5,3,0,25,136,8,3,69,136,0,0,0,1,60,8,16,78,6,2,31,101,7,1,0,12,26,18,111,69,0,0,0,2,10,17,52,32,0,0,13,97,5,0,0,0,0,0,3,136,59,1,8,6,0,0,0,51,46,7,83,42,0,0,0,1,1,20,99,22
3,0,0,0,0,0,0,4,119,18,2,0,0,0,1,81,134,58,8,0,0,0,0,43,40,47,20,0,0,0,0,10,30,0,0,0,0,0,0,8,153,30,0,0,0,0,0,33,153,53,0,0,0,0,0,22,104,34,0,0,0,0,0,11,62,9,0,0,0,0,0,10,153,67,0,0,0,0,0,45,153,61,0,0,0,0,0,42,111,15,0,0,1,1,1,21,60,51,11,5,0,0,0,0,153,153,1,0,0,0,0,2,75,92,0,0,0,0,0,15,40,10,0,0,1,3,16,31
11,7,46,57,57,1,0,2,25,113,123,9,1,0,1,15,144,144,18,0,0,0,0,7,144,49,0,1,1,0,0,21,9,6,13,62,27,1,3,6,39,32,24,32,3,1,24,114,144,70,5,0,0,0,2,140,144,11,0,0,0,0,0,89,14,6,18,51,2,0,3,5,23,66,74,52,1,0,1,9,144,103,10,0,0,0,0,18,101,6,0,0,0,0,0,6,21,8,6,3,0,0,0,1,1,10,14,3,0,0,0,0,2,5,0,0,0,0,0,0,0,0,0,0,0,0,0,0
0,0,1,129,56,0,0,0,1,11,19,129,129,2,0,0,3,16,14,16,4,0,0,0,0,0,0,0,0,0,0,0,0,0,1,129,97,0,0,0,39,26,15,129,129,0,0,0,129,41,9,10,4,0,0,4,3,0,0,0,0,0,0,0,0,0,0,40,129,2,0,0,33,2,0,60,129,2,0,3,129,3,0,7,12,0,0,69,34,0,0,0,0,0,0,17,0,0,0,0,125,30,0,0,4,5,13,13,129,21,0,0,119,14,29,7,7,0,0,68,71,3,0,0,0,0,1,52
0,0,0,0,0,0,0,0,0,0,0,0,0,0,0,0,0,0,0,2,0,0,0,0,0,0,2,1,0,0,0,0,13,2,1,26,38,0,0,0,144,10,3,16,8,0,0,14,26,2,9,99,49,2,0,1,0,10,32,23,4,0,0,0,27,12,2,84,144,9,1,3,144,58,3,16,29,14,8,33,42,2,2,26,72,81,13,9,2,7,7,6,11,17,32,9,11,1,0,14,144,144,32,41,95,6,0,0,17,52,122,144,4,0,0,0,3,119,144,26,0,0,0,0,0,43,144,3
0,0,0,0,0,0,0,0,0,0,0,0,0,0,0,0,0,0,0,2,0,0,0,0,0,0,2,1,0,0,0,0,13,2,1,26,38,0,0,0,144,10,3,16,8,0,0,14,26,2,9,99,49,2,0,1,0,10,32,23,4,0,0,0,27,12,2,84,144,9,1,3,144,58,3,16,29,14,8,33,42,2,2,26,72,81,13,9,2,7,7,6,11,17,32,9,11,1,0,14,144,144,32,41,95,6,0,0,17,52,122,144,4,0,0,0,3,119,144,26,0,0,0,0,0,43,144,3
14,9,8,16,0,0,0,3,4,0,0,0,0,0,0,2,0,0,0,0,0,0,0,0,0,0,0,0,0,0,0,0,37,11,32,21,0,0,0,23,67,11,2,0,0,0,3,34,5,1,0,0,0,1,3,2,0,0,0,0,0,0,0,0,7,12,83,68,3,3,3,1,58,16,88,18,0,3,18,36,5,2,35,58,62,51,29,11,0,0,0,42,54,10,0,0,0,48,139,8,0,6,45,1,0,15,163,14,0,9,92,1,0,2,134,163,94,97,78,0,0,0,4,163,163,163,9,0
0,0,0,0,36,155,10,1,0,0,0,0,11,72,115,99,1,0,0,0,0,0,155,155,155,14,0,0,0,0,155,155,0,0,0,0,49,152,0,0,2,3,1,0,8,34,4,3,12,2,3,0,0,0,24,34,155,0,0,0,0,0,14,155,0,0,0,0,21,52,1,1,5,1,0,0,0,2,0,1,3,0,0,0,0,0,0,0,65,0,0,0,0,0,0,34,0,0,0,0,0,0,0,0,0,0,0,0,0,0,0,0,0,0,0,0,0,0,0,0,0,0,0,0,0,0,0,0
0,0,0,0,0,0,0,0,3,26,33,13,2,0,0,0,23,148,140,93,13,0,0,0,0,11,101,172,149,0,0,0,0,0,0,0,1,3,9,1,23,7,6,10,16,13,12,3,114,26,5,11,34,0,0,6,5,1,0,77,172,0,0,0,3,1,0,0,0,16,23,3,39,17,0,0,0,8,18,7,116,8,0,3,24,0,0,17,9,0,0,58,172,1,0,2,19,10,0,0,0,5,7,4,34,31,2,4,5,0,0,3,60,1,0,3,11,0,0,33,12,0,0,67,172,0,0,6
8,0,0,0,0,0,0,15,55,67,25,5,0,0,0,14,152,61,8,0,0,0,0,11,72,3,0,0,0,0,0,57,81,1,0,0,6,1,0,58,152,109,33,6,0,0,0,58,59,64,48,66,9,0,0,18,61,2,0,9,1,0,0,67,113,40,0,0,13,3,0,4,152,74,2,2,0,0,1,38,75,7,8,66,23,5,6,35,58,47,22,39,3,0,0,14,104,103,0,0,4,0,0,0,152,103,0,0,0,0,0,7,82,8,3,3,0,0,0,16,72,104,17,6,0,0,0,1
2,0,0,0,2,31,31,4,56,20,0,0,1,24,37,10,133,18,0,1,3,1,1,65,46,0,0,133,133,0,0,38,30,28,0,0,0,23,21,13,133,57,4,6,4,8,6,15,98,27,6,32,43,1,1,70,100,0,0,90,133,0,1,84,23,38,12,5,16,28,2,3,133,43,9,3,6,7,2,25,89,3,1,43,90,0,0,27,130,0,0,30,52,0,0,77,44,17,7,5,17,7,2,12,128,29,6,0,0,0,0,21,64,6,7,39,33,0,0,12,79,25,11,18,10,0,0,26
1,0,0,0,1,10,38,37,5,1,1,13,9,0,37,36,78,166,23,23,7,0,5,7,47,132,2,3,8,4,8,10,0,0,0,0,0,0,124,39,59,1,0,0,0,0,131,87,166,58,1,1,0,0,13,48,47,19,3,38,20,7,8,9,0,1,2,1,0,0,22,8,166,6,0,0,0,0,21,28,166,31,0,0,1,0,4,24,33,8,0,3,6,9,27,14,0,2,1,1,0,0,0,0,119,51,8,0,0,0,0,7,166,83,22,3,2,0,0,24,33,25,30,10,4,0,0,1
37,0,0,1,7,0,1,53,165,24,5,1,0,0,0,141,67,17,26,61,7,2,5,45,24,11,20,34,1,0,1,23,63,8,0,2,23,0,0,3,165,28,0,0,0,0,0,47,160,2,1,6,2,1,6,76,54,38,23,12,0,0,0,8,76,30,0,3,15,0,0,2,165,81,0,0,0,0,0,8,138,12,1,0,0,0,0,55,92,3,0,0,0,0,0,58,69,4,0,1,10,1,0,18,165,19,0,0,0,0,0,40,83,28,20,3,0,0,0,11,54,16,11,2,0,0,0,31
29,35,1,0,3,25,11,8,132,59,4,8,12,7,5,10,110,16,4,21,49,1,1,53,78,0,0,106,132,1,0,41,38,47,23,6,15,16,2,4,132,53,12,5,18,2,0,11,114,3,1,34,103,0,0,28,132,1,0,82,132,0,0,48,108,33,6,6,33,10,3,13,132,49,7,4,3,0,0,16,65,28,23,58,34,0,0,7,96,48,11,35,44,0,0,20,69,49,11,13,22,0,0,5,102,42,3,0,0,0,0,17,36,15,6,8,0,0,0,12,38,15,2,4,2,0,0,26
10,7,22,129,61,6,2,2,70,35,7,16,8,0,0,0,5,8,6,26,17,3,1,0,4,5,2,2,14,22,26,14,8,1,0,16,76,83,79,26,129,37,7,12,16,12,6,22,19,14,10,71,74,3,0,0,7,0,0,15,83,21,3,4,21,6,1,0,0,23,128,40,129,32,4,5,1,4,15,63,61,24,11,99,129,6,0,1,2,0,0,16,120,45,3,5,18,79,38,1,0,0,8,5,129,82,11,1,0,0,1,22,88,26,8,78,129,7,2,15,0,0,0,23,129,29,3,1
49,0,1,0,0,0,15,84,121,5,2,0,7,45,22,121,6,58,9,1,28,80,8,6,1,15,0,0,50,39,0,0,45,21,37,14,0,0,4,27,121,97,17,2,3,5,5,59,19,63,31,11,87,72,2,4,0,4,0,1,110,121,0,0,39,12,10,2,0,0,2,38,121,26,2,0,4,11,9,121,24,5,1,2,121,121,15,37,2,31,4,1,70,106,0,0,14,2,2,0,0,0,5,59,69,1,0,0,2,12,12,116,13,13,3,4,62,111,13,27,3,51,15,7,15,15,2,1
133,39,0,0,0,0,0,13,75,3,0,0,0,0,0,49,133,36,2,0,0,1,3,33,82,23,4,1,17,117,25,27,133,48,9,1,0,0,0,9,56,18,24,7,0,0,0,49,133,12,1,0,2,24,20,70,27,8,8,0,9,133,46,22,133,20,3,1,0,0,0,20,63,65,33,7,0,0,0,17,62,112,31,38,14,12,4,7,2,33,27,37,23,40,10,3,126,22,1,0,0,0,0,25,133,17,0,0,0,0,0,49,99,36,11,20,33,47,0,3,1,11,14,19,37,98,8,2
1,0,0,8,29,48,34,35,26,4,8,1,0,4,41,136,7,2,26,58,15,34,93,90,0,0,4,73,82,78,24,0,14,3,19,11,14,68,7,3,113,27,4,1,5,8,10,48,13,5,0,1,52,94,83,30,0,2,2,0,19,110,40,0,4,3,136,136,3,1,0,0,40,6,36,136,15,14,25,25,2,0,1,7,48,78,27,6,0,7,11,2,13,9,0,0,0,1,64,126,16,7,1,0,0,0,20,136,31,2,2,0,0,7,45,136,8,9,3,0,0,46,55,1,0,0,0,0
0,0,0,0,1,39,127,67,2,3,0,0,0,1,127,127,2,0,0,0,0,34,127,115,1,0,0,0,0,127,127,4,11,4,0,0,2,40,10,4,51,54,17,8,1,0,25,34,4,10,16,55,39,20,98,24,36,20,0,6,8,27,62,6,19,9,0,0,1,11,3,6,110,70,15,4,3,0,0,27,12,18,71,84,56,1,0,5,41,30,65,33,10,0,0,3,45,27,0,0,0,5,0,6,93,127,28,0,0,0,17,38,5,36,127,52,4,12,53,12,0,5,103,45,4,14,22,0
136,8,0,0,0,0,0,13,60,5,2,0,0,0,0,47,98,53,8,4,2,1,0,12,7,12,13,35,28,33,0,0,136,31,2,0,0,0,0,4,69,10,8,1,0,0,0,46,136,5,1,3,13,9,0,31,13,9,26,21,67,66,0,1,136,7,1,0,0,0,0,14,71,27,14,1,0,0,0,12,136,77,16,6,3,0,0,4,19,47,136,63,14,1,0,0,133,25,1,0,0,0,0,7,73,18,8,0,0,0,0,22,136,92,6,0,0,0,0,6,83,107,93,90,6,0,0,0
53,1,0,2,3,0,0,4,156,0,0,0,0,0,0,36,127,1,1,0,0,0,0,46,62,12,2,0,0,0,0,21,63,3,0,3,2,0,0,3,156,12,0,0,0,0,0,10,156,47,4,0,0,0,0,18,65,32,22,1,0,0,0,25,51,5,5,7,0,0,0,2,156,3,0,0,0,0,0,33,156,44,5,0,0,0,0,49,52,47,53,10,0,0,0,29,20,20,12,32,22,0,0,0,156,113,26,0,0,0,0,13,130,76,54,0,0,0,0,46,69,74,26,0,0,0,0,45
0,4,45,28,10,9,7,0,55,109,8,22,9,3,0,0,132,132,4,1,7,3,1,1,7,17,6,10,94,9,0,0,18,3,3,4,6,33,57,5,132,132,1,2,4,7,6,14,95,121,12,10,6,3,1,5,1,0,3,42,101,13,1,0,22,5,36,46,1,3,5,2,132,14,4,3,0,0,0,92,132,11,7,8,1,0,0,63,2,1,3,71,69,0,0,0,6,6,21,85,45,1,0,2,132,1,1,10,19,1,0,71,132,1,0,0,0,0,0,84,7,0,0,21,41,19,2,9
22,86,15,4,2,3,120,54,6,11,25,11,2,10,120,91,1,1,25,80,32,120,120,14,1,0,56,107,21,55,28,5,3,7,19,18,18,23,95,19,46,67,12,9,10,8,69,42,8,23,21,41,17,31,37,11,4,4,38,72,15,15,11,6,39,9,1,0,0,7,99,62,120,18,1,0,10,16,11,48,21,6,4,7,33,88,42,32,7,5,28,24,9,9,56,60,43,41,30,0,0,0,0,3,120,44,2,0,41,23,0,2,7,0,0,1,118,96,33,15,0,0,1,1,4,11,97,80
5,11,12,3,1,3,109,80,3,4,23,49,5,5,101,84,5,19,24,13,24,57,19,10,81,40,4,2,19,34,8,12,17,6,1,3,43,36,40,22,126,6,0,0,6,15,50,109,44,9,0,0,24,113,19,26,129,127,3,0,5,27,1,2,31,14,0,0,31,59,6,5,129,36,0,0,6,17,10,14,87,50,0,0,28,52,8,6,129,129,0,0,1,2,0,5,24,13,0,0,1,12,3,1,34,11,0,0,0,12,37,15,129,37,0,0,1,7,23,20,129,87,0,0,3,10,0,1
62,21,6,25,36,0,0,0,12,31,109,66,10,0,5,2,6,67,115,9,3,10,8,4,0,14,101,25,11,42,13,0,80,23,4,36,61,3,1,7,29,20,25,5,34,51,59,22,32,15,31,10,20,43,86,54,1,1,7,51,72,85,21,1,32,42,55,32,24,4,5,16,23,23,31,108,109,14,4,6,115,45,9,42,30,3,5,15,12,12,21,115,43,0,0,0,58,17,14,4,0,0,17,92,7,12,26,115,57,0,18,44,86,115,46,51,14,0,0,1,16,95,115,67,6,0,0,0
17,83,52,25,15,3,1,1,7,17,32,36,34,48,33,5,0,14,99,14,6,36,28,2,0,5,53,10,16,41,9,0,29,44,11,20,30,112,22,0,5,11,20,30,31,112,74,14,68,19,22,28,29,7,34,53,6,3,8,66,112,48,3,0,5,7,86,85,49,89,13,0,5,27,112,21,11,59,24,3,85,43,36,15,17,18,29,45,9,2,3,95,112,6,13,23,0,3,75,112,112,20,0,0,0,1,34,18,51,112,8,0,8,0,3,2,12,105,61,43,22,0,0,16,57,8,30,69
40,0,0,0,0,15,110,113,13,0,0,0,45,113,73,43,96,0,2,32,12,39,31,94,13,0,11,113,37,6,6,11,100,15,4,1,1,5,9,87,36,6,6,16,105,87,8,29,113,15,4,4,25,23,25,67,18,1,1,13,43,33,78,30,39,107,44,4,0,1,30,21,10,31,75,78,25,9,58,7,34,50,49,22,34,22,18,5,86,10,3,3,46,29,14,23,12,9,3,1,2,7,106,47,8,1,4,5,8,18,113,45,16,0,3,2,22,38,52,54,113,2,0,0,31,34,1,7
13,3,0,0,0,1,51,40,83,15,0,1,3,3,40,42,43,11,2,15,43,11,8,32,9,0,0,1,1,8,31,42,17,0,0,0,0,0,79,87,156,90,6,10,3,0,17,65,56,50,17,134,71,1,0,5,10,4,3,23,51,26,17,8,39,20,36,12,1,0,5,18,156,26,5,6,2,0,2,60,93,10,13,95,68,6,3,19,4,1,28,132,65,4,0,1,16,20,27,19,19,38,7,6,156,13,2,4,5,8,2,125,73,14,20,18,1,0,3,88,1,1,33,123,6,0,0,4
3,25,25,1,2,52,13,0,57,55,72,4,2,15,6,10,121,66,15,63,30,1,0,15,6,45,70,88,37,2,0,0,15,27,20,0,0,2,59,36,56,31,34,3,1,19,92,37,121,28,6,25,26,15,7,60,18,18,29,47,64,59,46,17,10,31,108,0,0,0,21,15,28,121,121,0,0,0,36,17,121,87,16,7,23,10,26,47,12,13,58,57,58,33,34,16,31,39,50,0,0,0,7,28,5,29,119,1,0,1,63,24,7,31,120,0,0,0,86,58,19,30,67,7,2,6,59,28
4,42,59,8,1,10,23,3,1,38,42,6,24,37,33,8,0,1,11,31,56,75,19,0,3,10,11,6,7,36,20,1,12,5,2,25,44,32,28,14,83,7,7,24,16,14,36,42,13,5,24,125,22,4,0,1,5,68,58,39,1,0,0,0,8,24,31,112,30,0,0,4,125,35,19,74,16,0,0,11,59,78,108,83,2,0,0,1,10,125,125,35,0,0,0,0,4,4,8,42,5,0,58,54,39,61,44,51,3,0,28,33,125,125,55,1,0,0,3,57,39,125,125,1,0,0,8,41
37,4,0,0,0,0,0,18,124,10,0,0,0,0,0,19,138,92,36,6,0,0,0,4,9,23,60,138,12,0,0,0,55,38,12,0,0,0,0,8,131,27,31,5,0,0,0,16,138,27,4,1,0,0,1,45,65,13,16,84,35,20,10,11,74,24,8,0,0,0,0,44,92,70,19,3,0,0,0,25,138,47,1,0,0,8,52,58,29,0,0,3,13,135,138,26,12,67,124,7,4,7,1,3,30,70,34,0,0,12,18,7,27,42,6,0,0,9,57,22,1,23,61,21,6,37,37,3
2,6,2,8,28,0,0,0,15,26,11,6,9,0,0,0,26,4,8,12,0,0,0,56,24,0,0,0,0,0,0,88,12,17,16,57,119,0,0,0,124,43,16,28,42,0,0,4,16,10,15,85,65,3,3,37,24,0,0,3,13,2,4,124,28,13,16,124,110,0,0,0,117,42,59,55,39,1,1,25,19,20,90,77,94,5,3,14,29,63,97,35,22,1,1,40,38,40,79,63,10,2,5,1,6,75,124,37,3,5,23,11,1,39,124,47,16,66,11,1,0,39,118,27,7,52,59,1
2,2,14,7,20,44,120,25,23,25,29,3,0,3,120,120,5,27,25,17,2,7,120,100,3,9,36,49,4,11,103,67,17,7,1,62,95,15,15,8,120,38,3,9,15,7,28,58,34,6,2,6,81,56,108,52,120,2,0,0,7,21,58,120,9,2,1,77,104,0,0,1,74,7,1,13,28,29,15,55,68,18,0,0,79,92,10,11,120,22,0,0,9,18,13,22,0,0,0,13,46,0,0,0,2,0,0,3,16,16,15,13,46,16,0,0,6,28,7,3,42,9,0,0,0,16,36,15
98,22,0,0,2,9,143,143,21,10,0,2,17,143,143,56,4,4,5,7,18,99,21,4,0,1,3,28,38,6,1,1,143,58,1,4,7,1,13,78,90,31,0,3,21,48,21,42,36,17,9,6,8,15,8,11,6,8,11,27,70,4,0,1,143,23,2,4,3,2,1,27,117,26,15,31,15,12,3,17,53,27,8,10,4,4,2,8,8,3,16,20,49,11,2,3,143,49,2,1,5,3,1,12,135,57,38,56,8,0,0,0,8,10,14,46,27,2,6,8,3,3,13,7,2,19,19,7
0,0,0,0,0,0,0,0,0,0,0,0,0,0,0,0,0,0,2,0,0,0,0,0,0,4,9,2,0,0,0,0,24,0,0,0,0,0,0,30,130,10,6,2,0,0,0,19,22,19,93,27,0,0,0,0,3,57,107,4,0,0,0,0,146,2,0,0,0,0,2,140,146,59,2,0,0,0,0,63,88,56,66,7,0,0,2,4,16,76,79,4,0,0,1,1,146,74,0,0,0,0,17,146,146,146,0,0,0,0,11,35,43,32,3,1,5,21,20,23,92,63,15,0,1,14,54,72
2,0,0,1,0,1,16,42,29,9,1,1,1,2,12,28,156,69,1,0,4,0,0,3,49,12,0,25,156,7,0,0,0,0,7,14,0,0,5,11,84,8,5,3,0,0,3,51,156,31,0,0,6,0,0,15,47,4,0,44,156,0,0,0,6,15,8,5,0,0,1,9,61,63,20,3,1,7,3,12,156,24,0,0,3,3,3,53,43,0,0,27,152,0,0,4,3,34,109,49,1,0,0,1,17,62,53,29,25,33,5,9,156,114,13,1,4,10,5,39,34,5,0,17,77,2,0,2
17,0,0,1,0,2,23,53,131,1,0,1,1,1,14,132,32,19,14,50,64,33,48,80,8,20,114,110,25,2,0,8,30,11,3,6,8,1,1,12,104,12,1,0,0,0,4,115,132,76,10,1,0,2,14,73,45,54,83,52,15,41,3,5,5,45,35,12,4,0,0,1,67,82,24,0,0,0,1,14,132,34,0,0,0,5,22,81,34,1,0,0,16,132,49,30,1,9,9,4,7,9,28,11,17,19,7,0,0,0,40,51,37,6,0,0,0,21,45,109,0,0,0,0,6,132,54,12
1,1,29,72,4,1,6,8,103,11,12,20,0,0,8,96,123,24,1,0,0,0,9,84,8,12,4,35,96,24,7,6,0,4,86,123,0,0,0,0,102,21,47,120,0,0,0,6,123,46,9,3,0,0,0,29,30,18,16,100,44,0,0,2,12,12,43,70,6,1,0,0,14,20,66,123,9,8,5,1,123,50,26,6,0,2,14,65,47,5,8,34,5,1,9,68,14,5,1,5,17,63,6,1,0,1,4,10,17,112,76,7,8,2,2,0,0,8,91,100,15,0,0,0,0,0,24,123
7,5,3,4,23,18,8,6,21,4,0,0,0,14,22,22,4,15,37,11,32,62,24,6,6,13,94,17,15,21,13,32,1,7,8,15,20,37,3,0,40,18,5,0,4,103,23,10,137,137,129,8,3,12,17,57,14,46,137,29,1,0,23,25,2,16,3,1,14,80,12,0,30,137,45,3,9,36,4,3,137,105,41,0,0,6,42,106,12,4,22,1,0,5,137,98,3,113,53,6,2,11,5,0,9,137,32,7,12,4,3,1,9,26,10,2,4,9,20,7,2,3,4,4,7,11,21,8
0,0,0,13,39,85,36,0,33,3,0,0,8,51,59,46,54,3,0,5,64,29,13,69,0,2,2,11,77,46,19,1,0,0,0,126,126,8,0,0,47,9,9,29,34,9,6,39,114,20,3,29,48,1,0,61,1,15,28,77,69,3,0,0,0,0,14,126,126,1,0,0,12,38,119,111,8,0,0,4,73,126,41,35,12,0,0,8,2,14,29,101,32,0,0,0,0,0,22,115,126,11,0,0,1,10,86,82,3,0,0,0,25,41,22,20,13,5,3,5,1,4,14,33,42,5,1,1
8,0,0,0,0,43,88,24,10,0,0,0,3,41,107,23,18,8,2,9,2,23,95,56,15,11,30,11,2,4,28,50,47,0,0,2,9,88,51,69,46,2,0,0,11,122,69,63,122,29,2,2,2,38,36,86,32,12,3,37,17,9,30,22,12,9,24,67,31,14,14,42,28,88,66,8,19,67,26,29,122,115,16,1,2,13,19,33,27,1,0,17,10,30,76,20,0,24,122,75,4,0,0,0,2,77,122,22,0,0,0,0,10,46,58,77,36,34,20,2,0,0,3,41,17,55,122,2
19,29,24,6,7,8,2,4,143,22,2,0,1,4,4,50,87,2,0,3,143,38,0,6,0,0,1,19,88,20,4,2,15,11,25,30,13,36,5,5,143,55,6,6,9,25,15,53,101,11,0,3,143,114,14,10,3,3,8,22,45,19,2,2,4,5,31,55,20,14,6,0,127,18,10,30,24,25,117,98,53,1,0,7,44,91,143,103,13,3,4,8,18,7,7,26,0,0,2,5,20,21,16,2,4,1,3,53,18,5,17,10,32,2,6,38,7,2,16,93,34,6,13,4,2,0,3,88
16,0,0,0,0,1,5,27,124,13,0,0,5,2,1,29,46,6,0,3,102,35,3,16,81,5,0,0,20,11,2,47,35,2,0,0,0,3,15,59,124,81,5,10,17,2,2,30,32,23,6,37,124,35,5,15,114,0,0,4,34,13,5,99,73,11,1,1,1,0,1,22,124,21,2,2,9,10,19,104,19,17,30,82,124,37,21,27,111,8,17,58,34,0,0,52,23,29,28,0,0,0,0,3,124,119,6,0,0,0,2,24,31,76,61,82,10,15,10,5,13,5,24,124,25,16,6,10
27,10,4,15,21,6,17,119,16,14,10,4,18,63,61,107,0,0,2,19,124,124,9,0,0,0,0,3,25,34,31,0,37,1,0,46,124,7,10,43,124,41,20,24,19,15,25,74,10,11,18,91,124,27,3,1,1,0,0,15,77,16,2,0,34,17,6,84,122,0,0,2,124,44,5,13,33,29,6,26,15,2,1,25,124,94,5,8,0,3,12,56,39,2,0,0,22,14,2,35,85,9,0,0,89,40,2,11,54,9,0,2,2,1,0,24,123,17,0,0,0,2,5,28,14,0,0,0
8,0,0,0,1,23,96,25,10,4,1,18,2,20,112,62,20,11,55,31,3,2,24,59,1,2,52,43,38,23,13,5,41,0,0,0,3,122,74,46,122,40,2,2,1,38,50,79,43,25,7,27,19,9,55,60,0,0,1,13,42,104,74,12,34,64,45,5,14,82,31,26,122,110,10,1,1,9,17,41,43,3,1,44,31,20,44,20,0,0,0,46,78,55,16,0,3,72,122,21,1,0,0,0,25,62,26,30,29,42,51,9,2,0,0,6,8,51,122,10,0,0,0,0,13,87,120,0
3,4,1,10,132,25,1,1,111,20,1,4,16,2,1,13,89,1,0,0,0,0,23,76,11,0,0,0,0,12,61,43,7,1,1,28,132,45,3,6,132,6,0,0,22,12,4,29,45,3,0,0,13,17,34,31,38,0,0,0,1,3,34,78,8,7,92,132,132,36,0,1,132,31,19,66,21,4,0,6,36,7,11,28,29,7,2,4,35,24,12,9,3,2,2,42,0,8,67,132,132,132,6,1,43,43,12,60,72,42,6,11,18,31,40,25,0,0,0,0,5,49,32,14,0,0,0,0
5,1,2,3,2,73,40,3,104,3,0,0,0,30,50,51,83,15,0,0,0,0,0,5,5,2,0,0,0,0,0,0,17,0,0,0,1,171,84,13,176,8,0,0,0,22,29,50,172,18,0,0,0,0,0,5,16,13,0,0,0,0,0,1,39,0,0,0,0,31,53,28,176,18,0,0,0,0,3,40,159,56,5,0,0,0,0,5,6,33,10,0,0,0,0,2,42,3,0,0,0,9,44,34,176,50,0,0,0,0,3,45,126,44,5,0,0,0,0,2,3,10,7,0,0,4,4,2
0,8,20,13,21,3,0,0,120,57,15,2,1,1,0,7,155,6,0,0,0,0,0,29,34,0,0,1,112,15,0,2,3,17,17,4,4,9,0,1,74,21,8,0,3,41,18,41,155,16,0,0,4,3,5,74,50,4,0,0,149,50,0,1,3,4,37,29,8,12,1,1,97,28,23,39,16,35,5,8,155,54,2,0,8,17,16,42,30,3,0,2,139,94,16,5,0,2,31,28,6,8,3,0,23,8,21,48,21,4,3,10,80,6,2,6,9,23,131,102,20,0,0,1,15,61,105,49
46,0,0,0,0,0,0,11,127,5,0,0,1,6,3,43,33,1,0,0,73,127,6,18,10,73,2,0,35,82,1,0,64,3,0,0,0,0,0,11,127,24,0,0,14,6,1,22,38,10,0,6,127,57,2,8,97,93,1,2,25,9,0,4,57,2,0,0,0,0,2,40,127,17,0,0,20,9,1,34,31,3,0,3,127,65,5,18,127,7,0,0,16,13,3,66,79,18,0,0,0,0,4,41,127,100,9,16,37,1,0,6,9,6,3,19,127,47,5,12,101,0,0,0,15,13,7,95
56,16,10,102,45,0,0,8,126,13,2,3,24,19,7,59,6,0,1,27,126,53,5,9,0,0,16,49,28,1,0,0,29,11,6,119,87,0,0,1,126,31,4,23,29,1,0,12,14,4,1,76,126,3,0,1,0,0,2,42,43,0,0,0,18,3,0,24,126,39,0,3,126,24,2,10,37,7,0,26,23,6,1,59,126,1,0,3,0,0,0,27,62,0,0,0,25,21,0,0,52,97,1,1,126,109,4,10,9,6,0,1,13,19,5,88,126,0,0,0,0,0,0,26,70,0,0,0
4,0,0,0,0,7,119,47,38,11,0,0,0,30,119,33,91,111,0,0,0,16,29,7,54,55,0,0,1,9,1,2,27,32,26,11,4,7,39,19,119,41,6,0,0,0,6,62,119,39,0,0,0,0,1,44,43,9,0,0,12,52,6,7,24,44,31,6,0,0,5,43,55,119,27,0,0,0,1,12,119,74,3,0,0,14,35,28,12,0,0,0,8,119,78,14,41,15,47,41,12,4,18,81,38,19,0,0,1,4,111,114,5,8,0,0,0,74,119,27,0,0,0,0,0,119,94,0
3,21,2,1,4,37,37,4,30,7,2,3,3,8,10,13,4,3,3,15,38,3,0,0,49,7,0,0,14,4,1,11,32,6,0,0,7,47,66,33,144,9,0,2,4,2,8,31,17,10,2,8,86,18,0,1,80,170,0,0,22,4,0,1,33,91,27,7,11,7,3,5,102,50,9,0,2,8,5,13,15,153,14,2,33,31,5,5,112,170,3,0,3,1,1,1,0,61,40,19,3,0,0,0,4,126,34,0,0,0,0,0,20,170,21,0,0,0,0,0,63,170,1,1,7,7,9,4
51,40,3,2,29,14,0,1,37,36,11,13,26,12,14,26,77,13,7,0,5,5,11,69,27,19,44,27,0,0,0,2,121,41,3,18,45,15,5,13,43,26,9,15,121,121,22,33,121,17,1,1,19,35,16,118,108,10,5,6,7,29,2,11,39,32,38,85,27,7,3,7,18,42,113,102,78,54,5,7,121,121,60,16,8,7,12,23,58,7,7,1,10,105,34,15,1,22,71,39,2,0,5,5,0,18,121,50,1,10,17,0,6,20,83,45,2,8,30,6,3,36,62,12,4,17,24,9
3,51,38,6,4,17,41,2,4,31,3,0,1,60,118,4,1,1,0,2,12,101,94,15,0,0,0,5,9,14,68,94,15,43,26,21,30,37,29,3,12,3,7,48,120,120,85,19,120,28,9,27,24,32,71,68,20,8,6,70,74,6,15,63,69,61,10,47,36,1,1,1,13,10,24,120,120,6,1,2,120,49,38,73,21,11,8,39,26,5,2,32,120,24,7,16,32,15,0,8,10,4,21,15,0,0,5,104,58,15,13,0,9,8,45,77,14,10,2,6,2,2,10,27,48,16,3,3
2,1,15,12,0,0,15,26,44,4,2,1,1,8,14,11,133,66,0,0,0,0,0,4,47,43,16,35,7,0,0,3,0,1,104,115,6,0,0,1,60,8,60,82,0,1,1,3,133,16,4,5,0,0,0,22,113,8,2,9,1,0,0,18,1,2,44,133,75,0,0,0,16,14,72,133,5,0,0,0,133,16,16,44,7,0,0,41,110,2,0,0,0,0,0,47,6,1,1,133,133,0,0,2,23,9,12,36,45,36,5,10,37,0,2,23,49,45,7,74,49,0,0,0,0,0,2,133
52,53,11,23,80,17,5,14,115,2,0,7,64,8,4,110,40,0,0,0,0,11,35,56,52,0,0,0,3,15,15,21,30,16,5,7,92,70,13,13,119,26,0,2,60,19,7,24,62,3,0,0,0,14,75,44,68,2,0,3,30,51,22,29,1,1,4,11,80,41,16,1,38,7,1,3,23,64,56,19,104,64,0,0,0,51,119,37,90,59,6,27,60,8,7,12,0,0,0,0,6,61,119,13,44,31,0,0,3,119,109,11,119,119,0,0,0,25,20,9,36,52,7,43,21,0,0,1
121,47,3,1,0,0,1,43,35,4,1,1,1,4,53,57,14,10,18,10,6,9,62,74,7,9,55,94,13,13,54,33,116,16,64,111,0,0,0,89,88,20,32,13,0,1,13,56,6,11,109,50,0,1,48,39,2,43,107,8,2,6,96,33,15,6,114,121,2,4,3,7,121,41,83,84,0,0,0,17,65,40,78,12,0,0,0,2,23,65,99,2,0,0,0,3,0,2,15,41,8,35,45,2,8,11,67,54,4,17,69,31,30,23,68,5,0,0,6,32,21,10,33,3,0,0,0,7
11,9,1,0,0,0,0,5,118,30,0,0,0,0,0,17,144,19,0,0,0,0,0,31,144,1,0,1,7,12,54,144,12,5,0,0,0,0,0,2,144,58,0,0,0,0,0,10,126,49,0,0,0,0,0,17,144,6,0,0,0,0,15,138,2,0,0,0,0,0,0,0,95,7,0,0,0,0,0,58,101,10,0,0,0,0,0,85,144,8,0,0,0,0,1,48,0,0,0,0,0,0,0,0,14,0,0,0,0,0,0,57,62,0,0,0,0,0,0,142,61,0,0,0,0,0,22,94
24,0,0,0,0,0,0,23,150,0,0,0,0,0,0,113,150,1,0,0,0,0,0,58,38,0,0,0,3,13,12,21,41,6,0,0,0,0,0,10,150,44,0,0,0,0,0,56,150,33,0,0,0,0,5,49,23,0,0,0,6,13,42,35,13,16,39,17,0,0,0,0,150,64,87,51,0,0,0,39,117,6,2,1,0,0,7,115,8,4,12,5,0,3,40,22,0,0,27,39,0,0,0,0,16,8,135,150,0,0,0,8,53,9,68,78,0,0,0,59,60,15,21,6,0,0,0,20
37,16,3,19,6,8,11,7,4,12,34,78,9,0,0,1,7,45,143,55,0,0,0,0,0,4,17,2,0,0,0,0,23,49,13,22,28,5,1,2,45,15,11,12,34,22,18,34,158,95,52,0,0,0,4,42,24,14,9,0,0,0,0,0,74,58,9,27,100,15,1,5,112,5,0,6,103,61,9,21,158,57,0,0,2,1,1,17,32,6,0,0,2,0,0,0,53,34,3,13,142,72,18,30,139,3,0,1,103,81,13,36,158,47,0,7,11,0,1,19,11,5,0,6,12,0,0,0
14,0,0,0,0,0,4,39,18,0,0,1,16,61,75,103,6,29,19,13,30,67,11,4,19,94,21,0,2,25,20,5,69,0,0,0,0,0,0,29,113,6,0,0,0,1,8,56,30,15,2,1,2,27,26,11,23,31,15,19,13,45,47,9,34,85,79,2,0,0,0,5,106,113,113,9,1,2,0,10,31,22,113,72,21,41,11,4,109,60,51,26,30,37,12,12,2,113,113,25,5,0,0,0,7,109,113,8,3,9,3,3,18,20,113,55,2,6,1,2,13,19,113,105,18,15,2,2
0,5,5,36,30,0,2,2,2,29,35,3,0,0,4,9,2,13,49,8,0,0,7,20,74,17,20,2,0,0,10,38,22,22,5,125,125,0,0,0,125,125,93,30,4,0,0,5,10,33,125,111,49,16,1,1,84,23,38,17,12,32,7,20,20,11,7,125,125,0,0,1,125,32,8,19,16,6,3,59,33,5,10,48,125,46,6,28,29,8,52,22,35,37,9,32,3,2,2,84,125,0,0,0,81,12,4,19,19,1,2,27,22,5,7,18,68,19,8,26,21,32,69,37,15,2,4,20
38,8,0,1,6,0,0,3,159,31,0,0,0,0,0,25,123,13,4,4,0,0,0,38,126,62,5,1,2,12,5,22,68,7,0,1,1,0,0,6,159,36,0,0,0,0,0,19,133,35,6,0,0,0,0,34,94,13,3,3,3,37,21,56,65,6,0,3,4,2,0,3,159,22,0,0,0,0,0,15,159,44,5,0,0,0,0,30,48,47,16,21,21,16,2,5,65,9,0,0,0,1,0,1,159,33,0,0,0,0,0,3,152,27,0,0,0,0,0,22,72,21,31,20,26,15,0,6
14,84,39,36,17,4,8,13,14,65,127,53,2,3,49,39,127,100,53,41,1,2,42,123,123,37,6,1,0,9,28,48,17,26,20,69,30,7,17,23,35,25,31,34,15,27,127,64,127,86,23,19,3,9,44,65,56,22,0,0,1,17,42,19,3,2,1,17,19,9,21,16,38,24,22,59,14,9,30,11,127,56,9,5,1,2,10,49,27,5,7,13,3,15,35,11,1,2,5,8,23,41,30,1,8,2,2,3,0,34,95,22,126,4,1,1,0,4,30,127,31,3,4,8,3,6,8,53
0,0,0,0,40,93,118,10,24,5,0,0,3,42,122,23,17,10,12,36,8,69,122,10,48,13,13,25,5,38,16,13,0,0,0,0,93,93,1,0,70,5,0,0,8,16,6,48,122,79,52,33,0,0,0,33,11,62,122,35,2,6,1,1,0,0,0,0,59,58,0,0,88,6,0,0,6,11,2,29,122,75,12,0,0,5,73,117,10,26,50,8,4,90,122,19,0,0,0,0,25,22,0,0,10,1,2,0,8,6,3,29,16,17,9,0,0,2,95,95,9,51,24,0,0,17,112,20
13,130,130,0,0,0,0,0,16,121,130,38,3,1,0,0,9,16,130,130,12,10,1,0,79,51,113,43,17,25,7,8,15,88,106,2,0,1,2,5,13,33,78,14,10,41,10,7,57,31,130,40,1,7,3,6,9,19,130,130,14,4,0,0,2,2,54,45,2,1,1,2,13,6,14,46,15,15,3,3,117,26,8,2,1,1,2,17,71,16,25,14,0,0,4,17,6,2,17,45,2,1,7,5,0,11,60,52,3,2,9,0,14,54,52,1,0,0,5,7,47,12,17,3,0,1,3,17
10,0,0,1,14,6,3,4,130,0,0,1,12,3,7,67,199,0,0,0,1,1,0,108,15,0,0,0,12,13,2,6,10,6,23,6,15,2,0,0,143,6,11,13,21,0,0,15,199,6,0,0,5,0,0,54,45,0,0,0,38,6,1,5,1,5,68,11,1,0,12,17,94,21,52,43,10,1,1,5,199,27,4,2,5,0,0,12,56,1,0,5,45,1,0,1,8,0,0,0,0,1,17,48,65,6,1,4,8,3,18,26,199,26,0,1,4,0,0,7,44,2,0,3,44,7,0,0
19,19,2,1,0,6,9,5,8,8,8,13,24,78,17,4,1,3,10,62,33,53,21,3,64,87,4,7,2,2,19,10,12,1,0,0,6,40,16,7,78,46,27,22,10,18,12,16,13,19,28,121,99,15,0,1,121,110,3,14,12,1,0,0,12,16,93,29,17,17,2,3,103,54,70,17,17,19,6,28,28,31,29,47,121,75,4,6,121,121,6,1,9,5,0,1,4,21,118,10,1,2,0,2,9,46,121,31,2,0,0,1,6,52,121,96,12,2,0,0,51,121,50,3,1,3,3,2
3,2,1,1,39,122,71,7,8,0,0,1,7,41,128,66,1,0,0,2,11,79,126,10,1,1,0,1,2,46,123,7,11,3,0,2,128,110,14,3,128,47,4,10,27,26,45,52,15,14,6,47,103,53,52,10,23,22,2,6,11,13,52,16,10,1,0,1,128,41,2,9,91,10,0,2,22,17,30,124,13,19,9,20,68,43,31,28,5,38,15,8,11,1,0,0,0,0,8,4,128,102,3,3,22,28,19,3,10,6,16,65,45,83,8,2,6,4,12,21,1,13,8,6,28,21,1,0
36,1,0,1,2,0,0,4,152,2,0,0,0,0,0,21,115,15,2,0,0,0,0,28,50,41,7,6,4,2,0,7,50,4,0,0,0,1,0,2,152,14,0,0,0,0,0,4,149,15,0,0,0,0,0,33,125,12,6,5,12,6,0,24,57,4,1,4,1,0,0,1,152,7,0,0,0,0,0,12,152,21,0,0,0,0,0,16,152,82,23,3,0,0,0,2,38,6,3,21,11,0,0,0,152,19,0,0,0,0,0,2,120,54,5,0,0,0,0,7,152,58,6,0,0,0,0,4
128,18,2,0,0,0,0,17,96,18,2,0,0,2,6,59,32,6,8,4,13,114,29,32,0,9,22,13,20,55,0,0,128,13,2,0,0,0,0,30,104,79,12,7,4,2,1,19,13,23,22,37,43,37,8,6,15,10,13,34,12,10,12,23,128,19,0,0,0,0,0,21,128,26,7,5,11,6,0,37,22,21,79,41,67,36,1,4,11,19,30,13,34,29,14,8,128,17,0,0,0,0,0,11,128,97,17,2,0,0,0,3,58,88,128,128,24,0,0,0,0,0,33,128,72,12,0,0
7,5,21,24,59,44,5,3,127,14,30,39,7,9,9,28,128,29,2,9,4,0,0,80,10,2,2,78,68,2,0,4,42,18,22,19,17,20,6,40,72,18,35,90,98,5,2,37,128,29,5,5,10,3,2,113,32,0,0,16,70,68,9,21,25,99,56,6,12,5,3,31,27,113,128,33,35,4,2,16,115,128,78,14,11,5,2,14,12,4,2,27,107,76,5,7,10,67,30,2,7,2,1,9,14,30,17,0,0,1,4,38,10,18,11,8,5,2,11,60,0,0,1,71,77,10,11,10
0,0,0,0,0,0,60,76,16,0,0,0,0,0,62,96,90,30,3,6,3,1,19,54,10,7,2,17,10,5,15,25,1,6,13,1,0,0,21,34,83,12,12,0,0,0,39,90,151,68,8,22,8,0,3,39,16,13,6,95,66,4,2,2,6,33,125,53,9,2,0,1,86,33,61,21,10,19,3,13,151,29,4,6,4,1,1,65,34,5,18,117,27,0,0,13,30,9,18,42,96,17,2,17,21,4,25,18,49,48,8,24,131,4,11,2,0,2,2,151,28,1,5,21,2,0,1,151
15,5,23,45,60,6,9,12,1,7,61,109,15,2,10,1,46,64,80,10,1,0,3,8,115,24,23,7,1,2,4,19,14,1,1,9,106,25,101,66,8,3,26,21,4,19,126,31,58,27,38,3,4,4,59,77,34,8,10,4,17,32,28,44,38,1,0,31,126,4,8,15,56,7,0,3,31,11,26,12,126,22,0,0,9,7,14,41,11,22,14,11,51,26,12,8,15,7,21,126,126,0,0,1,36,33,23,18,21,0,0,3,84,126,64,0,0,0,3,16,5,126,126,40,15,10,3,2
0,5,15,4,11,133,133,0,26,24,26,0,0,59,133,7,113,44,11,1,6,19,59,21,2,4,8,4,46,63,15,1,0,6,25,13,22,21,17,0,33,16,43,1,0,7,27,16,133,18,6,8,36,19,3,40,4,1,7,23,77,79,6,2,1,22,95,133,22,3,2,0,14,58,133,5,0,1,8,6,63,68,64,23,22,2,6,6,5,16,46,72,54,2,0,0,1,2,12,133,133,8,3,14,8,9,16,42,21,14,39,14,33,34,17,4,5,4,35,35,10,45,109,12,16,4,11,9
96,2,1,18,19,2,21,86,92,5,7,1,3,10,10,68,21,8,10,12,10,2,1,8,0,10,31,23,12,10,2,0,82,6,2,41,54,1,0,37,129,32,24,10,1,0,0,61,24,15,30,61,27,6,6,2,0,1,6,17,21,45,10,0,32,97,23,55,74,0,0,2,129,129,12,5,3,7,6,22,33,4,3,56,56,40,67,20,0,1,3,36,38,15,29,4,19,129,35,21,19,0,1,4,10,109,25,10,94,71,4,1,13,4,0,1,76,129,129,41,16,6,1,3,12,42,129,63
0,0,0,0,0,66,42,0,9,0,0,0,0,62,86,55,20,1,0,0,18,92,61,93,47,0,0,0,12,57,117,117,0,0,0,0,0,98,45,0,15,4,3,0,1,117,94,50,86,14,3,31,63,44,44,117,55,22,15,54,69,24,24,67,5,4,1,0,0,56,27,7,35,55,47,3,3,54,26,19,117,87,33,43,12,2,7,34,28,73,96,91,25,9,9,8,6,8,10,0,0,0,3,16,25,51,42,0,0,0,40,32,117,62,10,4,10,5,13,44,34,16,22,26,46,32,24,19
4,1,0,1,19,17,19,14,7,2,0,0,5,23,30,34,5,37,77,15,45,47,12,3,8,86,131,6,4,5,8,13,3,4,6,22,29,20,0,1,52,13,1,0,11,74,21,21,131,131,100,3,1,5,16,80,19,117,131,0,0,0,77,32,1,4,0,7,48,79,1,0,45,131,7,2,19,39,2,5,131,120,0,0,0,3,37,90,10,2,2,0,0,9,131,49,5,61,35,7,9,40,1,0,23,131,19,7,1,2,0,0,14,43,7,7,2,2,9,3,2,6,4,4,10,12,9,1
0,2,9,13,37,5,0,0,112,50,19,6,4,3,1,6,159,13,0,0,4,0,0,20,39,0,0,2,152,21,0,2,1,8,16,7,8,4,0,0,80,23,13,3,7,25,11,33,159,17,0,0,10,7,3,59,49,1,0,1,159,68,0,1,0,8,69,28,4,2,0,0,77,25,30,68,16,13,3,10,159,39,3,1,10,28,64,87,20,1,0,1,102,104,49,16,0,1,21,12,17,24,2,0,7,2,7,29,28,19,8,6,21,1,1,16,18,15,114,73,13,0,0,2,4,19,70,96
110,111,2,0,0,0,5,20,19,38,31,110,12,1,13,18,31,63,82,111,9,0,0,0,37,111,24,1,0,0,1,0,96,12,0,0,0,0,15,111,111,54,14,8,2,3,24,65,9,50,87,43,9,30,14,5,7,62,15,1,6,45,67,8,111,33,1,0,0,0,2,42,111,32,4,1,0,9,35,74,44,39,10,9,5,56,58,22,8,18,13,76,98,47,27,1,111,34,26,3,0,0,0,15,76,29,23,4,0,1,5,26,77,83,17,6,1,1,7,8,17,16,7,104,52,4,3,2
0,26,128,74,62,129,85,0,9,28,19,126,129,96,27,1,27,46,13,16,10,6,3,6,74,10,2,2,1,2,4,32,6,5,13,14,23,129,129,6,101,56,20,9,28,87,80,22,16,38,72,54,2,0,0,1,53,36,61,11,0,0,0,8,14,11,20,14,8,24,19,38,107,27,13,3,0,0,3,75,57,25,46,10,0,0,2,85,5,17,85,14,0,0,3,18,9,29,15,1,1,5,4,8,9,2,2,1,2,9,8,53,16,4,1,0,0,0,21,129,2,1,2,0,0,0,33,92
44,50,16,2,9,6,4,15,63,36,68,8,1,3,4,40,9,11,117,101,4,0,0,0,0,7,117,34,5,2,0,0,50,34,15,19,53,84,15,24,117,38,10,4,13,35,18,85,56,9,18,31,25,105,26,9,0,0,7,16,54,66,25,5,10,25,117,76,22,16,4,2,115,80,92,28,6,22,21,18,17,8,47,37,26,113,37,15,1,0,4,10,63,78,28,16,0,2,33,12,1,60,83,3,14,8,28,15,2,34,84,55,7,10,33,31,53,65,32,23,0,0,1,15,88,117,4,0
0,0,0,0,83,112,0,0,1,1,2,21,131,131,5,1,6,74,19,70,87,7,2,0,14,131,22,5,2,0,0,0,0,0,0,0,8,17,0,0,9,1,0,5,76,87,44,7,131,94,5,7,26,32,29,11,59,127,2,3,13,4,0,0,0,0,0,0,0,0,0,0,25,0,0,5,78,15,6,12,131,17,0,1,21,7,6,84,92,18,4,11,9,1,0,40,0,0,0,0,0,0,0,0,9,0,0,0,1,3,5,22,131,0,0,0,0,2,6,131,96,1,0,0,0,0,0,131
0,0,0,0,0,0,0,0,4,0,0,0,0,0,0,1,76,20,0,0,0,0,0,23,82,4,0,0,0,0,0,113,0,0,0,0,0,0,0,0,79,2,0,0,0,0,0,32,157,72,5,1,0,0,0,43,149,44,12,3,0,0,0,39,12,1,0,18,7,0,0,1,141,38,0,0,0,0,0,6,157,61,1,0,0,0,0,20,157,75,8,1,0,0,2,18,7,2,1,88,106,13,0,0,157,26,0,1,1,0,0,1,157,64,0,0,0,0,0,3,108,31,1,1,0,4,8,28
53,4,0,0,0,0,0,45,51,0,0,0,0,0,4,133,74,0,0,0,0,0,1,51,3,0,0,0,0,0,1,1,133,41,2,0,0,0,0,43,111,25,11,1,0,0,0,70,133,17,1,0,0,6,11,100,11,2,1,1,11,32,12,12,133,6,1,0,0,0,0,76,132,48,12,1,0,0,0,30,133,90,3,0,8,23,6,25,6,7,2,2,48,133,3,2,133,8,0,0,0,0,0,15,133,8,0,0,0,0,0,48,80,5,0,0,5,53,29,64,0,0,4,8,26,108,7,1
8,0,0,4,0,0,0,1,74,12,0,0,0,0,0,5,155,19,0,0,0,0,0,23,106,17,2,0,0,0,0,24,8,2,2,101,50,0,0,0,116,8,0,2,0,0,0,7,155,20,0,0,0,0,0,12,113,30,0,0,0,0,0,22,2,0,0,51,142,89,1,0,112,11,0,2,5,3,0,2,155,19,0,0,0,0,0,11,142,28,1,0,1,0,0,17,3,2,32,41,16,61,1,0,106,12,1,5,1,1,0,0,155,22,0,0,0,0,0,1,138,36,3,0,0,0,0,5
4,1,1,4,18,12,13,11,55,62,8,10,13,5,23,44,115,145,19,6,1,0,6,18,37,50,2,0,0,0,31,25,8,1,1,2,3,6,92,48,145,111,7,4,2,0,12,47,95,78,2,5,3,1,16,19,22,7,1,0,0,0,33,37,43,1,0,0,0,0,65,52,145,8,0,0,0,0,7,86,100,28,5,5,3,1,2,22,15,58,12,1,2,1,0,2,33,67,1,0,0,0,0,3,145,145,43,0,0,0,0,8,49,101,145,15,0,0,0,2,5,24,78,22,3,4,0,0
0,7,8,0,0,0,0,0,1,105,98,7,3,0,0,0,0,142,86,2,0,0,0,0,1,101,52,21,6,0,0,0,2,5,0,0,0,0,0,0,77,142,24,0,0,0,0,5,23,142,41,0,0,0,0,4,10,84,61,11,46,31,0,0,1,0,0,0,0,0,0,0,114,11,0,0,0,0,0,68,67,20,2,0,0,0,5,115,40,22,1,0,142,142,7,20,0,0,0,0,0,0,0,0,35,0,0,0,0,0,0,25,43,0,0,0,1,5,11,94,5,0,0,37,142,142,20,25
59,114,53,16,8,13,13,2,31,79,5,5,93,107,23,2,24,30,3,8,72,93,11,4,83,69,1,0,0,2,2,5,17,32,27,6,33,114,91,9,83,21,14,21,29,71,102,29,40,56,95,66,28,5,1,3,73,91,15,1,0,13,3,0,53,4,0,0,114,105,14,7,114,16,3,1,1,5,20,91,48,20,36,11,1,3,17,74,16,21,18,17,17,32,10,5,29,12,10,69,93,17,0,3,57,11,8,2,0,0,10,65,85,6,0,0,0,2,11,80,46,13,5,12,2,4,10,14
91,31,0,0,0,0,7,28,102,60,2,0,16,33,4,4,62,32,4,0,10,42,6,17,9,24,12,3,12,16,1,2,124,92,3,0,1,2,2,10,87,52,5,17,121,79,6,14,124,5,0,3,26,35,8,43,18,0,0,0,3,20,6,10,114,124,20,5,1,2,7,11,36,55,35,124,100,34,15,6,119,19,8,38,26,19,23,24,8,0,0,0,0,19,48,29,50,32,1,0,0,9,124,62,4,5,2,17,30,77,124,17,5,0,1,7,14,38,91,22,0,0,1,2,2,20,93,9
2,30,77,4,0,0,3,5,19,55,94,19,4,0,1,10,28,100,124,14,8,10,4,23,0,11,107,59,73,47,1,0,0,26,60,25,6,0,0,0,27,22,23,30,111,14,10,51,87,29,10,8,48,59,40,124,1,1,3,8,124,124,15,3,5,18,7,14,13,0,0,0,26,28,8,63,124,2,0,4,124,64,6,19,89,39,4,18,2,2,3,18,124,61,1,0,14,15,1,2,6,14,5,5,12,32,5,25,65,33,3,0,22,37,4,7,102,34,1,1,0,0,5,27,102,23,0,0
3,2,4,12,102,117,9,2,98,58,0,0,27,77,12,13,117,63,5,7,0,0,3,63,19,25,47,53,1,0,1,12,6,17,27,117,117,97,18,0,74,50,16,16,16,8,2,32,117,12,1,0,0,0,1,106,72,15,9,2,1,8,22,42,61,37,18,14,47,116,79,15,26,47,108,35,3,0,0,2,117,52,53,3,0,0,0,12,86,42,4,0,0,0,7,19,72,17,5,1,0,2,1,57,48,24,52,3,0,0,3,92,19,26,78,6,0,0,7,24,37,17,6,0,0,14,20,11
99,6,1,1,19,24,9,66,123,40,1,0,0,0,0,42,14,31,8,0,1,12,11,12,0,1,1,3,4,32,42,8,123,54,8,15,22,12,4,36,123,47,1,0,7,10,0,25,23,12,4,1,58,123,28,3,1,0,4,14,8,79,120,7,75,86,123,26,5,0,2,13,123,76,25,4,23,27,4,18,14,4,36,57,114,123,17,19,22,17,46,46,11,17,14,45,29,16,25,0,0,0,59,83,21,25,12,4,18,30,31,56,42,15,88,60,17,11,5,30,7,16,106,49,22,17,1,4
6,11,22,74,13,15,26,2,29,30,37,37,18,13,10,12,2,10,34,32,50,96,17,2,13,11,10,37,24,88,65,36,12,5,11,23,16,95,117,23,117,18,8,25,18,16,52,63,15,4,2,117,117,47,4,1,10,3,3,117,101,33,25,33,18,30,30,28,8,15,40,19,117,73,11,11,4,2,5,16,33,5,0,117,112,8,1,4,3,4,17,117,89,0,0,0,18,104,34,0,0,0,7,4,32,104,9,0,2,5,1,1,5,4,12,20,41,20,0,0,0,1,17,95,41,17,3,0
23,10,0,0,0,0,0,3,143,94,0,0,0,0,1,6,143,59,0,0,5,143,47,24,3,0,0,0,13,143,61,4,57,13,0,0,0,0,0,3,143,59,0,0,0,9,9,18,80,8,0,0,57,143,36,24,5,25,25,6,46,108,18,4,85,2,0,0,0,0,0,13,143,9,0,0,6,28,11,24,22,44,4,0,35,125,11,8,2,67,30,9,15,11,0,0,75,5,0,0,0,0,5,29,120,15,0,0,18,21,2,7,53,20,0,0,18,26,5,31,13,12,2,2,13,12,1,6
6,0,0,0,28,90,8,6,52,5,0,0,11,32,8,63,173,54,0,0,0,0,0,19,35,14,0,0,0,0,0,0,2,0,0,2,9,79,24,5,103,2,1,11,7,11,3,50,173,20,0,0,0,0,3,35,61,8,0,0,0,7,18,7,7,2,3,30,22,24,18,23,125,25,1,11,2,1,4,30,173,37,0,1,0,0,21,34,44,1,0,0,0,5,55,44,10,9,20,173,54,5,2,6,134,60,17,12,0,0,0,9,173,47,0,1,1,7,3,6,34,1,0,1,2,11,8,46
32,18,2,5,41,9,30,43,29,21,11,11,34,12,3,8,147,63,21,2,6,6,1,7,26,24,9,0,0,0,0,0,69,41,2,2,34,26,35,64,77,21,1,3,69,117,44,33,147,67,0,0,8,18,5,15,44,18,0,0,0,0,0,0,3,0,0,33,20,16,76,56,117,1,0,1,4,68,108,57,147,35,0,0,0,4,22,147,24,9,0,0,0,0,10,29,0,0,0,141,25,0,2,0,33,0,0,36,6,1,7,33,47,0,0,0,0,0,100,147,0,0,0,0,0,0,41,35
1,24,36,56,94,1,0,2,15,20,63,35,2,0,0,45,131,88,9,4,0,0,0,77,47,41,6,7,13,2,4,43,41,61,23,23,119,11,0,2,46,36,46,61,77,36,2,5,131,131,13,16,11,3,0,19,40,41,9,69,85,4,2,10,21,9,1,7,52,21,15,10,40,15,39,44,35,19,6,12,131,40,27,26,6,3,1,81,66,8,5,49,66,42,7,32,30,27,5,0,1,6,20,45,27,131,47,7,1,2,2,8,65,131,59,10,7,2,1,13,20,17,1,25,85,41,9,15
90,6,35,40,1,0,15,124,11,13,73,86,42,8,20,34,17,7,3,13,28,60,97,10,4,0,0,0,0,80,57,7,37,31,32,8,2,0,44,124,99,25,12,59,55,8,44,124,6,1,83,124,52,20,38,2,11,71,124,29,0,10,27,5,94,63,26,5,3,4,9,33,124,82,7,6,0,1,24,50,9,1,30,53,13,16,32,21,46,47,56,16,2,5,14,43,124,21,0,0,1,2,18,60,82,25,0,0,0,0,11,31,12,12,1,2,19,15,13,15,7,4,3,0,9,11,27,30
78,8,1,4,9,26,79,118,20,3,3,16,33,49,41,51,2,15,23,29,10,5,2,0,12,15,3,0,2,7,29,43,30,3,28,76,7,4,15,52,122,25,8,16,3,4,7,84,14,6,7,35,49,40,19,1,0,0,0,8,26,80,38,2,13,27,47,107,16,15,9,4,109,122,21,30,68,42,6,11,12,3,1,9,105,122,122,18,1,1,2,6,24,122,92,8,35,7,2,11,36,32,24,32,89,27,4,16,122,26,4,48,9,4,0,14,122,58,24,33,20,18,7,7,18,10,16,28
133,3,0,0,0,0,0,35,49,22,29,25,7,0,0,6,0,1,23,57,19,12,2,0,8,15,13,14,7,8,3,2,133,7,0,0,0,0,0,27,133,92,62,38,1,2,1,11,10,15,133,133,16,13,7,4,5,18,133,67,1,1,3,1,133,108,24,0,0,0,0,5,133,37,7,5,2,15,23,66,17,10,52,41,17,84,70,32,9,14,77,35,0,3,28,31,11,111,77,11,24,21,1,2,105,19,7,2,4,7,4,20,47,27,48,4,1,4,2,5,7,22,47,7,2,0,2,7
15,4,5,22,27,37,8,15,57,5,0,5,7,24,107,123,29,4,3,10,15,35,38,61,1,8,18,27,8,3,1,0,0,0,62,92,14,11,1,0,59,7,27,106,11,2,7,58,123,30,8,11,2,3,2,70,11,6,6,29,40,25,11,1,0,1,73,74,8,18,5,0,22,56,49,123,26,11,8,3,112,123,22,18,57,47,8,7,8,1,0,5,65,123,117,11,1,1,1,13,61,51,14,0,66,19,4,9,22,30,34,54,73,37,7,15,123,23,1,29,6,0,0,7,123,52,24,28
32,2,1,2,3,12,6,16,161,3,0,0,0,0,1,68,111,0,0,0,0,4,41,69,5,1,0,0,0,5,10,8,67,16,8,28,10,4,8,28,161,33,0,0,0,0,1,25,116,2,0,0,0,3,24,95,26,1,0,0,0,0,3,66,34,35,137,161,3,0,0,0,161,64,41,13,0,1,1,14,69,3,0,0,4,19,18,42,5,0,0,0,0,1,4,41,1,3,100,161,2,0,0,0,37,41,116,74,0,0,0,1,15,8,3,0,1,1,0,1,0,0,0,0,0,0,0,0
5,0,0,0,19,80,10,8,54,6,0,0,10,37,13,42,169,64,0,0,0,0,0,14,32,15,0,0,0,0,0,0,0,0,0,1,6,79,34,3,117,3,0,2,4,20,6,43,169,21,0,0,0,0,1,30,74,10,0,0,0,3,13,11,3,0,0,49,28,15,20,13,144,26,1,1,0,1,4,21,169,31,0,0,0,0,7,44,43,0,0,0,0,2,33,63,5,5,20,169,52,2,1,3,135,62,23,20,0,0,0,6,169,44,0,0,0,2,4,11,31,0,0,0,0,2,8,54
7,5,27,20,8,1,2,4,50,9,17,26,24,4,1,13,42,18,46,159,7,0,0,7,0,0,5,146,22,0,0,0,1,0,0,0,8,12,49,29,82,5,1,2,38,44,15,43,159,58,44,128,7,0,1,44,13,11,22,159,81,0,0,0,9,0,0,0,4,9,59,52,102,50,12,4,10,11,13,25,159,55,8,22,2,0,0,40,49,8,8,159,43,0,0,8,28,0,0,0,6,59,49,47,97,18,0,0,0,0,4,43,54,6,0,0,0,0,0,14,4,0,0,0,0,0,0,2
17,3,0,1,28,67,12,20,182,77,0,0,0,1,2,22,54,30,0,0,0,0,0,0,0,0,0,0,0,0,0,0,44,2,0,2,7,57,14,28,182,34,0,0,0,0,2,45,162,25,0,0,0,4,17,16,0,0,0,0,0,2,3,0,76,20,2,11,9,6,10,26,182,61,0,0,0,0,5,39,107,3,0,0,0,3,43,96,11,3,0,0,0,2,5,9,68,49,56,119,10,0,0,4,182,71,6,1,0,3,5,10,53,2,0,0,0,6,14,77,13,0,0,0,0,0,0,24
12,8,24,8,2,0,5,113,133,33,3,1,0,0,3,133,52,19,2,2,4,4,16,115,32,6,0,0,4,4,2,57,25,41,82,46,28,1,0,5,133,133,17,19,9,0,0,22,68,49,15,81,45,3,5,34,71,14,3,8,7,2,3,76,20,20,17,18,35,7,5,4,133,70,27,10,8,0,1,67,92,18,8,55,62,44,17,42,32,23,4,8,7,10,60,38,44,104,5,0,0,1,8,13,59,133,22,1,2,0,0,8,26,31,3,50,88,26,11,10,1,1,15,33,20,8,61,29
83,66,28,28,4,0,0,31,124,103,8,1,0,0,2,70,75,21,8,2,4,15,11,61,16,45,14,1,2,5,3,2,124,124,19,21,18,8,0,0,63,124,30,34,78,8,2,11,124,10,2,4,14,5,3,57,43,4,0,0,7,50,11,7,124,124,54,8,6,10,3,3,69,37,12,37,95,52,20,19,95,72,17,11,13,3,5,27,22,7,19,16,24,26,3,8,19,63,36,4,47,22,3,4,7,5,1,12,73,61,36,68,14,11,1,0,0,0,46,124,12,2,9,4,2,4,14,65
9,9,5,31,12,3,18,14,0,0,17,124,23,15,2,0,40,42,30,107,18,4,1,8,72,49,8,5,7,20,19,8,18,50,7,4,23,6,11,13,14,4,1,14,98,84,20,8,92,57,29,24,44,40,15,20,9,23,10,4,102,124,74,7,0,26,14,3,51,18,4,0,17,8,3,30,124,23,4,3,94,15,2,6,44,124,52,24,17,11,0,0,107,124,27,16,2,10,5,3,13,39,29,4,3,12,11,56,123,25,8,3,1,0,0,21,124,124,29,2,17,6,0,4,35,75,38,55
1,0,0,0,0,0,31,13,58,0,0,0,0,0,15,74,134,0,0,0,1,8,12,103,16,8,12,6,9,19,13,35,5,4,0,0,0,0,61,22,67,11,4,0,0,0,38,107,134,17,6,9,4,3,6,91,28,3,7,17,7,7,23,79,18,53,22,0,0,0,4,4,83,83,20,0,0,0,2,12,134,75,10,12,5,23,63,58,16,8,11,26,25,116,109,19,1,18,88,25,7,14,3,0,20,23,11,7,5,37,30,7,31,3,0,0,0,121,134,42,1,0,0,0,0,129,134,38
2,0,8,8,2,17,140,33,7,5,7,14,53,114,140,15,24,42,15,10,41,65,10,1,70,86,6,5,0,1,3,5,28,13,14,48,2,2,47,19,112,55,23,5,1,3,31,16,26,82,99,17,1,1,0,1,66,104,9,1,1,0,0,0,12,6,79,140,0,0,0,0,134,26,37,35,0,0,1,33,49,36,32,1,0,0,27,62,19,45,5,1,3,1,49,30,0,0,30,140,12,0,0,0,7,4,18,86,22,2,6,12,4,0,0,0,2,3,96,45,0,0,0,0,0,1,140,31
1,0,0,0,0,5,2,0,35,33,42,13,35,120,17,4,39,27,121,78,51,19,3,13,104,8,13,19,24,22,73,122,7,0,0,0,0,0,0,0,122,64,15,11,1,0,2,12,37,29,88,122,36,2,8,5,36,30,104,111,26,8,13,34,6,1,0,0,0,0,0,1,122,40,10,0,0,0,14,82,63,45,14,33,31,4,41,49,17,11,13,74,113,28,7,27,0,1,3,1,0,0,0,0,33,67,100,70,1,0,0,6,32,103,19,24,18,14,1,5,3,6,5,92,84,24,4,2
3,19,15,19,39,15,36,7,46,131,38,3,2,1,59,46,79,131,2,0,0,0,6,24,2,9,0,0,0,0,0,0,67,50,13,8,35,12,2,7,83,129,23,0,0,4,61,72,131,55,1,0,0,0,16,107,25,4,0,0,0,4,0,3,17,32,16,9,6,9,56,23,103,36,0,0,3,9,44,43,131,67,0,0,0,4,4,26,23,1,0,0,1,29,4,3,3,1,1,2,2,14,121,48,72,5,0,1,3,7,113,131,131,16,0,0,1,2,2,126,4,0,0,0,2,7,0,2
121,9,5,11,7,1,1,109,57,38,107,36,9,2,0,14,7,72,121,7,0,0,0,0,0,8,88,18,0,0,0,0,121,121,26,30,17,0,0,27,121,77,63,7,0,1,1,25,33,79,121,3,0,14,21,40,25,32,116,16,0,0,8,49,46,121,42,9,8,8,7,5,113,48,7,8,6,11,10,37,15,3,0,10,58,75,51,32,3,0,0,0,9,14,29,37,7,33,22,46,46,14,9,13,43,3,0,18,17,14,18,115,5,0,0,7,82,72,11,21,0,0,0,0,12,7,0,0
7,0,1,15,9,15,59,38,5,0,1,28,32,32,49,2,14,0,0,0,3,3,2,2,0,0,0,0,0,0,0,0,45,20,57,25,7,18,37,15,62,19,82,107,17,34,62,18,141,24,11,11,2,4,6,43,16,0,0,0,0,0,0,5,51,141,141,6,0,0,0,0,25,141,141,141,2,0,0,0,141,68,111,55,0,0,0,18,15,0,0,0,0,0,0,5,3,93,141,0,0,0,0,6,1,64,111,15,0,0,0,0,0,0,15,9,0,0,0,0,0,0,0,0,0,0,0,0
0,0,0,0,0,0,0,0,0,0,0,0,0,17,6,0,0,0,0,0,0,7,4,0,0,0,0,0,0,0,0,0,0,0,0,0,0,8,9,0,16,3,0,0,2,145,145,18,145,11,0,0,0,53,92,86,42,1,0,0,0,0,0,33,1,14,13,15,5,9,7,0,70,42,17,65,32,78,62,17,145,54,2,1,0,7,64,145,94,0,0,0,1,2,26,145,25,42,15,17,11,0,0,0,25,11,14,80,57,10,1,10,53,7,5,5,1,33,85,80,71,0,0,0,0,13,112,145
0,0,0,0,0,0,1,2,5,0,0,0,0,1,34,135,14,25,17,7,11,5,11,53,5,83,39,1,0,0,0,0,0,0,1,3,0,0,0,1,70,11,30,55,4,0,9,135,135,80,22,4,0,0,2,120,63,135,56,0,0,2,7,9,0,0,0,3,2,1,1,0,34,94,27,80,36,12,7,5,135,135,11,8,1,0,0,21,88,14,0,0,9,18,19,42,0,5,19,0,0,0,0,0,10,135,135,29,0,2,3,2,25,128,83,47,6,1,3,9,7,5,2,19,14,10,33,45
