41,5,0,39,138,57,5,8,153,4,0,7,17,0,0,39,60,11,1,0,0,0,0,8,0,1,0,0,0,0,0,0,29,6,0,39,153,3,0,2,153,16,0,7,44,0,0,17,97,42,4,0,0,0,0,2,0,2,1,0,0,0,0,0,13,0,0,12,153,2,0,1,153,3,0,4,60,0,0,32,138,21,6,0,0,0,0,6,0,1,3,0,0,0,0,0,4,0,0,15,150,0,0,0,153,1,0,6,55,0,0,27,148,7,2,0,0,0,0,12,0,1,1,0,0,0,0,0
0,5,0,0,0,0,0,0,11,16,1,0,0,0,1,20,3,0,0,60,58,5,8,43,81,30,30,121,76,0,0,60,1,99,121,22,5,1,0,0,28,121,86,20,77,25,9,38,108,5,3,22,22,9,12,111,26,62,94,88,17,0,0,3,0,17,85,18,42,49,10,0,37,20,18,8,121,98,1,2,121,61,0,0,13,7,0,10,65,34,6,0,0,0,0,0,0,4,9,7,74,25,7,0,53,34,0,2,121,36,0,0,121,92,0,0,2,0,0,0,36,24,0,0,0,0,0,0
0,0,0,0,61,18,0,0,27,0,0,0,132,24,0,4,132,11,0,0,18,3,1,28,21,35,7,0,0,5,5,5,0,0,0,8,94,9,0,0,35,2,0,28,132,5,0,0,132,21,1,5,24,39,25,20,27,16,1,0,0,97,132,15,0,0,0,5,35,68,52,20,14,5,20,124,90,3,11,21,64,8,23,58,39,112,30,23,1,0,0,0,13,132,69,4,8,0,0,69,86,82,76,109,42,6,15,35,4,1,18,132,1,1,12,29,6,2,0,1,0,0,0,0,1,0,0,0
1,0,0,64,15,0,1,21,41,5,2,16,5,0,5,75,120,76,135,46,5,0,0,11,9,26,135,103,119,2,0,0,0,0,0,93,14,0,0,0,82,5,3,85,21,0,0,39,135,22,1,3,8,1,0,54,24,4,0,12,135,13,0,3,0,0,0,19,9,1,0,0,36,39,20,72,17,0,0,1,135,84,7,3,12,5,0,9,20,2,0,0,135,41,0,2,0,1,0,0,0,0,0,0,40,26,6,4,0,0,0,1,132,41,1,1,21,3,0,0,6,1,0,1,135,34,0,0
0,0,0,0,42,97,42,2,34,3,0,0,4,34,132,80,25,10,4,0,0,2,16,35,2,4,10,0,0,0,8,6,6,3,0,7,137,83,12,4,137,66,0,6,49,29,32,63,109,73,37,0,0,0,0,13,0,14,60,0,0,0,0,0,6,6,35,57,137,75,3,4,137,89,56,13,30,17,5,69,137,26,6,0,0,0,9,43,0,3,10,0,0,5,26,3,0,6,102,79,27,0,0,0,31,103,137,10,1,0,0,0,30,30,5,0,0,4,11,9,0,1,0,0,0,14,28,1
5,11,0,0,0,3,0,0,1,4,0,0,0,12,22,0,0,0,0,0,0,4,32,10,0,0,2,1,2,2,1,3,1,8,18,13,28,17,1,0,5,1,1,24,100,140,140,11,119,13,1,2,5,30,140,136,42,7,2,0,0,0,1,23,0,1,13,26,49,16,11,0,20,8,5,124,140,51,14,7,140,51,6,20,41,10,14,51,89,9,0,0,0,0,0,5,0,0,1,4,16,30,28,0,6,13,55,72,140,29,3,1,140,119,64,21,25,2,0,13,47,16,1,0,0,0,1,2
19,0,0,0,5,19,34,27,31,0,0,0,2,9,72,34,1,0,0,3,24,17,40,14,1,0,1,13,5,0,0,3,0,1,25,43,84,86,116,43,15,6,38,22,6,43,136,94,136,14,4,3,1,14,125,136,25,0,1,7,1,0,0,10,0,1,136,132,35,6,4,2,15,31,136,136,5,8,21,9,136,136,90,23,1,1,5,18,28,9,0,0,0,0,0,1,2,1,16,7,0,0,0,0,0,2,51,28,2,0,0,0,2,27,33,7,2,1,0,0,2,2,0,0,0,0,0,3
0,0,2,1,23,9,0,0,7,2,0,2,139,128,43,8,137,40,1,1,19,32,79,83,29,26,23,0,0,0,3,13,0,0,0,2,60,24,1,0,25,10,14,31,139,112,5,10,139,79,15,7,33,17,5,60,67,27,26,0,0,0,5,14,0,0,2,26,36,8,2,0,5,20,139,139,97,21,1,1,120,139,139,13,4,2,1,17,37,14,1,0,0,4,24,16,1,3,2,3,0,0,0,1,0,2,29,9,0,0,0,0,0,10,25,0,1,6,0,0,0,3,0,0,2,13,2,0
0,2,8,34,66,36,3,0,32,6,3,53,100,129,110,28,137,12,1,2,1,6,52,92,29,5,1,0,0,0,0,4,0,0,5,48,89,23,10,0,51,14,11,137,137,16,2,15,137,39,7,9,17,2,1,73,52,2,0,0,0,0,2,9,0,0,4,11,33,37,21,0,8,33,120,109,135,11,0,1,126,137,89,14,7,0,0,8,34,15,2,1,0,0,1,3,0,3,7,7,4,2,0,0,2,17,41,11,2,0,0,0,5,15,23,3,7,1,1,5,4,1,0,0,0,1,9,13
0,0,6,9,4,2,0,0,4,1,1,9,9,17,20,2,5,0,0,0,0,11,41,12,3,2,0,0,0,10,5,5,0,0,1,1,32,18,2,1,7,1,0,2,125,143,91,15,114,21,0,0,7,31,133,114,26,23,19,0,0,0,6,19,0,0,1,1,76,12,0,0,31,7,1,20,143,79,9,12,143,56,2,6,31,14,10,74,63,37,30,0,0,0,2,12,0,0,0,14,52,12,1,0,9,17,93,99,143,39,2,5,143,116,90,11,10,5,2,46,52,13,1,0,0,1,16,22
0,33,159,5,0,0,2,3,13,60,159,6,1,0,7,10,101,159,126,1,0,0,6,31,58,70,7,6,2,0,0,7,9,26,62,4,3,0,0,1,45,20,54,20,46,19,2,4,159,58,11,4,4,3,1,13,31,15,8,9,2,0,0,3,2,17,108,37,2,0,0,0,23,16,74,71,23,4,0,0,159,31,22,11,1,0,0,27,46,7,23,14,1,0,0,8,0,0,67,115,41,4,1,0,1,1,36,72,31,4,0,0,84,6,8,10,7,2,0,50,60,5,15,5,0,0,0,61
13,1,3,23,137,0,0,0,137,0,0,6,43,0,0,18,65,2,0,0,2,0,0,4,8,0,0,8,119,0,0,0,9,1,0,16,137,0,0,0,137,6,0,7,66,0,0,10,90,19,3,1,2,0,0,1,5,2,2,15,137,0,0,0,6,0,0,10,137,4,0,0,137,2,0,6,76,0,0,11,112,8,0,0,2,0,0,2,3,0,0,16,136,0,0,0,2,0,0,8,117,5,0,0,137,0,0,4,70,0,0,20,92,2,0,0,1,0,0,13,1,0,0,10,98,0,0,0
20,0,0,16,3,0,0,119,14,8,19,60,8,0,7,51,37,119,93,39,1,0,0,6,18,119,62,11,0,0,0,1,26,20,20,107,12,0,0,48,69,43,46,7,0,0,12,84,119,50,11,1,0,0,1,71,46,17,15,9,0,0,0,59,34,76,46,58,9,0,0,0,53,119,119,72,0,0,0,1,95,106,87,47,0,0,0,7,47,30,23,11,0,0,0,22,110,24,0,2,5,0,0,4,119,47,36,45,0,0,7,27,4,33,93,61,0,0,5,8,10,19,42,30,0,0,0,0
57,11,0,0,0,4,20,79,13,6,0,0,1,76,38,12,30,12,0,0,0,17,43,34,55,26,0,0,0,1,6,18,66,20,0,0,0,10,52,123,10,1,0,0,2,96,123,38,106,42,0,0,0,9,102,100,98,54,0,0,10,13,8,32,36,80,3,0,8,36,12,19,38,3,0,0,18,98,64,40,123,47,0,0,0,3,64,123,36,28,0,0,6,31,123,42,0,12,1,0,1,123,3,0,17,93,1,0,1,82,21,16,46,78,4,0,0,0,29,69,1,5,7,0,0,4,85,12
0,0,15,62,18,30,10,5,3,1,8,23,6,14,31,54,1,0,5,6,0,0,34,96,0,0,1,2,0,0,25,82,7,4,5,9,77,119,87,42,119,40,20,13,20,63,57,109,40,14,49,100,0,0,6,23,0,0,14,46,0,0,29,66,25,103,116,23,26,42,33,36,119,88,84,21,11,7,13,52,35,4,19,46,2,1,55,119,0,0,38,111,0,0,11,37,2,80,55,29,3,0,0,0,2,4,19,65,26,1,4,4,0,0,0,17,46,8,42,100,5,0,2,10,1,0,22,119
133,45,24,10,0,0,0,15,21,83,84,19,4,3,0,2,133,44,3,0,0,1,0,6,133,7,0,0,0,0,0,9,90,133,45,7,4,0,0,1,29,35,14,13,81,22,2,5,133,9,0,0,9,8,3,19,133,1,0,0,0,0,2,46,16,49,35,46,18,2,0,0,30,7,2,8,133,13,0,2,133,8,0,0,19,1,0,18,112,2,0,0,1,1,1,36,4,4,15,87,18,0,0,0,12,1,2,58,124,1,0,2,133,4,0,7,17,0,0,35,72,3,0,0,0,3,24,32
9,95,46,27,5,16,9,0,11,30,8,3,8,32,54,35,17,18,4,1,0,1,30,53,0,1,3,8,6,11,14,1,1,6,7,19,117,108,25,1,21,4,2,32,40,118,125,85,125,15,2,5,2,1,38,125,16,5,7,10,8,0,0,6,0,6,14,36,125,20,0,0,29,85,105,95,44,9,3,8,125,125,58,15,3,0,1,22,16,35,43,3,0,0,0,0,14,19,18,20,71,34,6,11,28,125,103,7,2,0,1,17,7,99,57,0,0,1,9,2,0,13,14,0,0,12,17,0
0,23,59,11,6,25,85,16,21,23,30,7,5,11,22,52,11,40,75,7,2,3,3,21,0,12,33,65,33,0,2,2,15,1,0,5,40,72,140,87,140,16,0,0,2,5,51,140,54,17,5,5,4,0,12,41,0,0,2,19,13,16,30,12,33,88,80,68,113,13,8,18,140,140,23,5,7,2,4,52,54,23,2,10,15,5,0,1,0,2,8,6,22,14,6,0,1,74,140,54,3,0,0,0,9,140,98,15,0,0,0,0,1,7,46,32,6,2,0,0,0,19,46,6,3,1,0,0
62,0,0,94,104,0,0,59,158,0,0,4,8,0,0,158,53,0,0,0,14,7,0,21,0,0,0,0,31,17,0,0,41,11,7,141,158,0,0,7,158,48,10,29,27,0,1,67,118,1,0,0,7,41,15,22,0,0,0,0,24,36,7,0,4,27,72,82,39,1,1,0,158,122,68,26,4,1,5,30,61,16,1,0,0,34,30,39,4,16,4,3,12,7,7,2,0,13,27,1,0,3,24,1,9,11,16,1,0,3,26,22,44,5,0,0,0,0,3,70,7,4,1,2,13,0,1,18
7,28,118,42,8,23,25,5,73,109,53,10,1,9,30,24,58,31,13,0,0,1,16,50,13,18,34,14,0,0,0,3,27,10,26,12,13,29,41,91,14,14,12,6,52,118,63,27,118,16,1,0,2,20,54,118,62,4,7,19,1,0,23,47,118,9,0,1,28,10,11,93,33,28,12,30,118,40,3,7,118,67,6,4,4,4,23,69,26,7,6,0,0,16,118,43,102,82,27,9,9,1,0,5,8,36,82,28,30,2,0,1,19,82,105,1,0,0,7,24,2,52,56,2,4,21,16,7
7,1,0,2,49,50,17,20,39,22,44,17,6,12,26,90,7,29,60,26,10,47,26,8,45,19,2,0,1,19,42,61,12,1,0,29,127,67,19,33,127,8,0,1,24,30,33,127,40,7,3,8,98,77,16,16,126,50,5,5,20,27,21,46,15,24,38,127,127,12,1,6,127,127,53,41,28,8,1,17,34,22,44,27,68,10,0,1,45,51,57,7,6,0,6,27,0,4,23,77,25,12,11,12,12,58,52,26,5,5,1,4,13,52,79,8,1,0,0,5,7,45,100,3,4,1,0,1
70,0,0,107,145,0,0,22,145,0,0,3,3,0,0,110,15,0,0,2,0,0,18,52,0,0,8,7,0,0,19,13,34,3,1,145,145,0,0,6,145,10,1,25,24,0,0,44,52,6,7,1,0,1,15,18,6,8,11,0,0,0,19,20,6,7,2,130,145,0,0,0,145,42,4,40,52,0,0,7,66,12,9,0,0,0,0,24,12,26,25,0,0,0,0,7,1,0,1,38,145,8,0,1,61,4,1,8,73,10,2,48,39,0,0,0,0,0,0,50,44,9,0,0,0,0,0,27
60,11,0,0,0,0,1,24,72,0,0,29,113,18,12,58,14,99,125,125,125,58,5,2,75,125,64,19,20,31,2,1,24,0,0,0,0,1,4,34,18,0,0,4,14,38,75,54,43,30,68,47,27,21,32,12,13,38,125,73,13,5,0,0,11,0,0,0,0,4,7,47,17,3,0,0,11,33,17,10,122,18,1,0,0,2,10,47,103,62,40,6,1,1,0,34,31,0,0,0,0,4,14,78,6,5,0,0,1,9,31,11,71,103,0,0,0,0,16,38,97,125,0,0,20,78,1,11
23,37,24,0,0,0,0,1,12,30,23,0,0,0,0,5,2,26,29,0,0,0,0,1,2,7,38,22,0,0,0,0,20,24,11,32,1,0,0,1,20,12,20,12,0,0,4,27,66,48,27,0,0,0,4,23,8,38,118,4,0,0,22,10,3,44,56,131,2,0,0,1,5,32,110,54,6,1,0,1,46,18,25,22,58,63,53,24,9,8,13,14,56,118,131,131,10,6,44,131,8,2,5,81,0,8,55,55,79,56,1,0,1,0,3,55,129,99,21,13,13,7,60,131,122,54,66,70
29,34,2,11,33,4,2,1,132,132,0,0,0,0,0,0,72,100,2,2,2,0,0,0,8,9,1,5,70,64,3,0,49,111,12,22,21,0,0,0,132,120,0,0,0,0,0,1,132,29,4,5,14,3,0,5,9,7,5,18,132,132,1,0,65,79,8,15,5,0,0,1,64,32,0,0,0,1,3,14,132,0,0,1,26,7,6,60,10,6,38,128,132,72,6,9,68,4,0,0,1,1,4,28,25,0,0,0,0,0,2,22,25,0,0,0,2,12,38,48,8,4,18,32,34,22,38,12
2,60,15,22,61,2,0,0,31,142,9,2,3,0,0,0,87,126,3,1,0,0,0,0,9,33,6,8,54,75,3,0,39,93,12,15,15,2,3,3,55,89,2,0,0,0,3,4,142,47,1,0,22,16,1,8,18,14,13,30,142,142,10,1,115,17,0,0,0,0,3,25,54,5,0,0,0,0,4,20,89,2,0,0,28,23,50,69,4,13,83,137,142,73,20,9,118,0,0,0,0,0,0,44,14,0,0,0,0,10,13,21,20,13,0,0,1,20,45,19,32,38,31,22,5,3,11,7
18,0,0,0,0,2,9,56,3,2,0,0,0,5,19,5,40,65,0,0,0,0,9,14,69,106,0,0,10,28,1,4,54,8,4,0,0,0,6,113,38,5,0,0,0,0,13,40,121,92,0,0,0,0,0,3,70,50,0,3,121,65,0,1,16,11,47,37,16,3,3,34,67,1,0,1,4,4,13,101,121,10,0,0,0,2,22,91,31,4,0,9,119,92,46,22,0,0,5,21,102,56,3,1,6,0,0,0,32,66,98,111,12,0,0,0,0,7,121,121,2,0,0,0,5,74,121,43
16,1,0,0,1,67,10,5,67,4,0,0,0,2,2,11,87,17,2,2,0,0,2,11,161,56,0,0,0,0,0,2,42,10,1,0,2,14,1,1,79,4,0,0,0,1,3,11,144,11,0,0,0,7,19,26,161,63,0,0,0,0,0,5,18,27,22,1,0,0,0,0,31,15,7,2,2,5,2,7,161,63,0,1,4,13,8,8,161,110,0,0,0,0,0,1,0,18,77,6,0,0,0,0,1,11,26,26,13,0,0,0,161,117,1,6,5,0,0,0,161,89,0,0,0,0,0,0
0,0,1,18,148,43,1,0,98,15,1,1,75,45,9,21,34,18,13,16,2,0,1,11,0,0,0,5,3,0,21,33,4,0,0,2,148,31,1,1,148,17,1,1,140,15,2,14,72,18,8,24,31,14,0,2,0,0,1,13,23,6,2,3,5,2,1,9,148,45,0,0,148,33,4,9,121,14,1,15,62,5,2,8,27,54,5,9,2,0,1,1,9,17,7,14,1,7,27,77,124,5,0,2,52,145,83,41,28,0,0,0,10,26,35,97,32,6,1,0,6,0,0,31,30,6,8,26
99,69,0,0,34,135,43,33,59,54,6,11,14,5,18,17,28,58,18,12,15,13,4,0,135,75,4,0,0,0,0,15,103,135,11,2,2,22,5,3,30,65,15,15,56,8,0,1,126,132,17,3,11,2,0,4,70,135,9,0,0,1,5,8,59,133,2,1,8,31,14,0,24,4,2,3,52,74,21,6,135,5,0,0,5,5,2,37,76,6,0,0,4,29,29,22,4,15,1,1,53,48,7,0,28,3,0,0,13,40,17,6,135,6,0,0,0,1,2,28,44,0,0,0,28,25,7,17
9,25,17,1,5,5,0,0,23,35,1,0,1,2,6,4,26,124,5,1,8,3,2,0,19,124,24,3,38,49,0,0,8,5,14,9,6,2,0,1,47,12,11,3,2,5,17,13,126,126,5,0,23,39,12,38,15,48,5,1,124,126,33,8,7,25,12,3,0,0,0,1,21,70,82,19,3,1,0,2,81,17,42,25,35,41,25,81,2,1,6,71,126,126,47,14,33,90,2,0,0,0,0,1,13,103,68,13,2,0,0,0,1,44,126,43,13,4,3,2,0,3,38,126,112,5,0,0
35,111,1,0,0,5,11,6,11,30,23,0,0,3,42,35,72,24,5,0,0,3,33,102,86,9,0,0,0,0,7,118,12,16,0,0,1,48,33,10,12,2,0,1,4,27,112,51,127,24,0,0,0,3,49,70,76,11,0,0,0,21,68,82,2,22,11,7,4,10,7,2,25,29,28,39,20,26,21,9,127,32,2,0,0,5,67,90,14,0,0,0,0,50,75,45,4,30,4,1,7,23,0,0,2,7,7,9,39,127,58,5,11,1,0,0,1,62,127,127,5,0,0,0,0,104,127,87
0,25,178,39,167,178,119,1,0,26,60,26,48,78,36,1,4,11,14,9,5,0,0,1,44,41,13,1,0,1,1,4,4,0,0,0,178,56,22,7,4,0,0,0,0,7,17,10,16,2,0,1,0,1,3,5,126,8,1,1,0,2,3,10,10,0,0,0,178,23,0,6,16,7,0,0,0,0,0,5,15,6,1,1,0,0,3,4,109,5,2,2,0,0,5,26,8,0,0,0,178,24,1,10,12,1,0,0,0,0,13,17,1,0,0,0,0,3,25,5,13,6,3,0,0,2,13,31
1,0,0,0,0,0,27,11,9,0,0,0,0,1,229,147,1,0,0,0,0,40,229,25,0,0,0,0,0,45,229,0,2,0,0,0,0,0,6,2,61,3,0,0,0,0,116,55,18,2,0,0,4,13,165,14,0,0,0,1,2,13,117,0,2,0,0,0,0,0,0,0,101,4,0,0,0,0,0,2,29,1,0,0,6,2,0,3,0,0,0,0,4,1,0,0,0,0,0,0,0,0,0,0,56,12,0,0,0,0,0,0,16,4,0,1,3,1,0,0,0,0,0,0,3,1,0,0
0,0,0,0,26,122,80,0,2,11,6,0,0,121,122,2,0,7,32,0,0,3,122,14,0,0,24,1,0,0,122,11,13,1,0,5,122,56,14,1,85,69,21,0,7,14,14,11,7,36,122,6,0,2,18,5,0,0,102,16,0,2,14,0,12,1,9,73,122,4,0,1,82,11,18,19,6,0,29,55,7,4,15,2,0,4,122,20,0,0,11,3,0,4,118,6,0,0,22,108,22,2,0,0,2,1,110,72,0,0,4,4,0,0,122,16,0,0,19,1,0,0,98,6,0,0,17,1
1,0,0,0,26,105,43,3,0,3,11,0,7,89,119,1,18,3,13,1,0,26,119,97,47,0,0,0,0,0,8,119,3,4,3,4,119,68,0,0,28,67,80,10,18,18,9,1,11,17,83,73,18,0,3,20,119,0,1,14,6,0,0,119,10,1,0,12,119,2,0,2,119,19,7,5,16,0,0,29,24,5,8,52,110,1,0,7,119,0,0,15,39,0,0,24,4,0,0,17,117,0,0,0,106,0,0,2,16,0,0,21,28,0,0,6,91,2,0,9,96,0,0,6,44,0,0,14
8,0,0,0,128,13,0,0,124,13,6,3,21,2,0,5,24,4,7,27,106,5,0,2,128,8,0,5,24,0,0,4,12,1,0,0,128,7,0,0,128,7,0,0,25,3,0,5,31,1,0,0,128,17,0,3,128,11,0,0,30,1,0,0,13,0,0,2,128,4,0,0,128,3,0,0,20,5,3,15,22,2,0,4,107,17,3,4,128,19,0,4,18,0,0,0,3,1,61,73,63,0,0,0,28,17,119,9,4,3,5,21,4,14,119,7,18,11,6,5,119,76,46,3,3,0,0,0
3,0,0,1,94,80,69,3,16,10,7,8,3,28,120,5,8,1,4,25,29,25,102,13,76,0,0,0,2,0,44,69,18,0,0,13,130,5,1,7,108,12,3,8,21,0,0,10,23,3,2,27,128,0,0,1,130,0,0,1,11,0,0,16,24,0,0,21,130,0,0,2,130,4,0,5,29,0,0,6,26,1,0,19,130,0,0,1,130,0,0,1,17,0,0,12,14,0,0,21,130,0,0,4,110,1,0,4,24,2,5,37,21,1,0,19,115,15,8,7,126,2,0,2,17,1,0,4
0,0,0,0,0,0,0,0,0,0,0,0,0,0,0,0,0,1,2,1,0,0,0,0,0,0,0,2,10,0,0,0,14,9,31,0,0,0,0,0,168,62,16,2,0,0,0,7,53,30,64,62,18,0,0,1,0,4,11,45,168,0,0,0,17,4,16,0,0,0,3,3,168,15,4,1,1,0,0,70,141,6,6,32,78,0,0,18,0,0,0,47,168,0,0,0,6,0,0,0,1,0,1,2,168,0,0,0,1,0,0,63,161,0,0,11,62,0,0,25,0,0,0,29,168,0,0,0
0,0,0,0,9,79,26,0,0,0,0,0,3,62,83,9,3,0,0,19,40,18,25,17,0,0,87,130,130,13,2,1,0,0,0,0,12,130,47,0,16,0,0,0,1,57,130,49,104,5,0,4,9,17,58,114,4,0,36,39,18,48,62,9,0,0,0,0,11,130,2,0,91,15,0,0,8,82,14,11,130,54,0,0,54,12,4,14,4,1,0,2,95,29,15,1,0,0,0,0,16,50,1,0,130,32,0,0,12,24,0,0,130,53,0,0,63,11,0,0,0,0,0,4,76,12,0,0
36,0,0,73,89,6,8,64,82,0,0,0,0,0,6,138,36,0,0,0,9,7,9,72,1,0,0,0,61,19,1,4,23,6,1,138,138,0,0,10,138,18,2,20,10,0,0,51,94,3,0,0,4,6,8,35,1,0,0,0,57,36,5,4,4,4,2,138,138,11,0,0,138,22,4,21,35,6,1,6,70,8,4,6,3,3,7,8,0,0,0,7,46,22,5,1,3,3,4,53,138,127,4,1,127,29,7,9,26,13,2,12,51,4,1,4,7,6,4,15,0,0,0,5,37,21,1,0
0,0,39,91,13,22,25,0,14,21,82,122,9,25,122,43,122,122,24,7,0,0,37,82,43,65,1,0,0,0,0,1,0,0,33,49,7,5,93,48,23,27,69,122,57,29,29,11,122,118,22,9,4,1,0,6,38,18,0,0,0,0,3,2,4,10,106,69,1,3,97,71,51,11,23,13,14,27,50,45,122,0,0,0,1,1,1,23,38,0,0,0,0,0,2,6,0,1,68,70,50,16,0,0,35,3,16,26,60,14,0,2,122,0,0,0,0,0,0,19,37,4,0,0,0,0,0,4
0,0,39,91,13,22,25,0,14,21,82,122,9,25,122,43,122,122,24,7,0,0,37,82,43,65,1,0,0,0,0,1,0,0,33,49,7,5,93,48,23,27,69,122,57,29,29,11,122,118,22,9,4,1,0,6,38,18,0,0,0,0,3,2,4,10,106,69,1,3,97,71,51,11,23,13,14,27,50,45,122,0,0,0,1,1,1,23,38,0,0,0,0,0,2,6,0,1,68,70,50,16,0,0,35,3,16,26,60,14,0,2,122,0,0,0,0,0,0,19,37,4,0,0,0,0,0,4
33,3,62,110,0,0,1,162,108,8,6,2,0,0,0,162,28,8,0,0,7,9,4,27,6,4,0,6,78,17,10,4,30,17,129,162,59,9,0,37,162,61,37,44,16,6,1,133,132,8,0,1,18,1,0,19,51,57,3,31,121,1,0,0,9,1,2,25,73,18,1,1,130,9,1,6,18,11,2,12,51,3,0,0,5,0,0,0,36,20,0,6,44,0,0,0,0,0,0,0,0,0,0,0,0,0,0,0,0,0,0,0,0,0,0,0,0,0,0,0,0,0,0,0,0,0,0,0
0,1,32,24,12,15,5,0,6,9,11,12,29,26,8,10,16,12,16,2,2,0,1,40,4,1,2,8,0,0,0,12,6,1,24,36,122,65,4,1,122,115,36,8,47,73,19,18,32,71,122,85,1,0,0,6,4,10,122,39,0,0,0,4,6,2,8,114,113,12,3,2,122,47,43,92,34,7,4,84,64,17,42,37,3,4,91,98,1,5,107,28,1,4,89,22,3,0,1,19,18,22,12,24,13,6,20,32,12,40,30,14,6,1,1,0,9,43,122,34,0,3,7,1,3,10,122,35
99,0,3,9,9,5,10,31,134,3,0,4,9,2,1,52,11,1,0,48,134,12,1,5,0,2,2,25,63,4,0,0,89,16,20,77,28,0,0,10,134,24,4,1,9,9,2,73,21,0,0,3,134,92,2,12,0,0,0,2,75,57,0,0,12,54,95,59,3,0,0,0,116,124,30,1,32,8,0,3,13,4,0,0,134,87,0,0,1,6,0,0,44,88,0,0,2,53,23,1,0,1,0,0,7,37,8,0,31,52,9,2,0,2,0,0,134,123,2,0,8,36,1,0,25,33,0,0
85,26,0,0,11,23,0,2,126,65,1,0,5,3,0,13,7,9,1,1,23,73,10,1,0,0,0,0,5,43,39,7,108,33,0,0,6,5,0,4,126,7,0,4,23,4,0,32,15,1,0,36,126,91,19,3,1,0,0,8,27,40,75,74,81,38,0,0,0,0,0,1,126,19,1,9,7,0,0,13,27,6,4,126,126,3,0,1,7,1,1,90,107,4,9,40,29,9,0,0,0,0,1,12,126,2,0,0,0,0,1,112,39,2,2,72,83,1,2,42,1,3,12,126,110,0,0,0
6,0,0,0,64,0,0,0,105,1,0,0,42,0,0,10,23,0,0,0,70,8,2,8,51,0,0,0,118,9,0,1,3,0,1,18,94,9,0,0,118,0,0,0,50,7,0,10,37,4,7,10,66,4,0,3,40,17,52,46,98,2,0,0,4,0,0,56,118,10,0,0,118,5,0,0,46,8,0,3,67,118,27,6,6,1,0,1,10,94,118,118,11,0,0,0,5,0,0,118,118,1,0,0,118,31,0,11,47,0,0,3,118,118,3,0,0,0,0,4,48,37,22,69,9,0,0,6
5,141,135,15,12,16,8,0,4,96,139,4,1,20,62,20,21,50,77,104,4,3,20,56,56,79,51,52,2,0,0,1,0,22,11,5,28,123,51,7,34,2,1,0,4,111,141,71,141,9,7,6,0,15,47,141,30,13,26,12,0,0,0,6,0,0,0,0,0,8,6,3,74,30,0,0,7,25,25,18,141,105,1,0,0,3,3,15,39,20,24,4,0,0,0,0,0,0,0,0,0,0,0,0,6,5,0,0,0,0,0,0,65,38,0,0,0,0,0,0,11,11,5,0,0,0,0,0
111,77,11,1,0,0,0,75,63,33,43,1,0,0,0,64,26,18,111,58,0,0,0,6,8,4,95,111,0,0,0,4,91,111,111,1,0,0,0,26,96,88,60,0,0,0,0,31,111,31,32,10,0,0,0,32,16,5,70,97,0,0,0,4,70,48,95,2,0,0,21,92,19,51,111,3,0,0,9,39,54,76,51,0,0,0,0,10,39,24,15,8,0,0,0,3,95,6,0,0,0,0,15,111,84,79,6,0,0,0,6,52,26,65,25,2,0,0,0,3,8,10,13,4,0,0,0,0
29,121,7,0,0,3,6,2,28,121,5,0,0,0,11,7,10,70,3,0,0,0,24,21,6,9,0,0,0,0,10,18,72,56,1,0,0,8,45,22,35,19,0,0,0,2,121,70,61,5,0,0,0,0,61,67,46,11,0,0,0,0,4,29,21,2,0,0,0,35,121,66,121,21,0,0,0,3,50,89,103,29,0,0,0,30,32,32,42,1,0,0,0,9,40,96,80,5,0,0,0,23,115,86,121,47,0,0,0,10,54,99,29,9,0,0,6,119,101,17,11,0,0,0,0,26,121,54
27,0,1,24,39,8,1,34,31,27,62,29,2,1,12,42,86,87,30,1,0,0,8,55,40,14,0,0,0,0,10,28,25,0,0,1,15,43,38,37,41,0,0,0,0,69,83,58,126,8,0,0,0,8,34,126,42,7,0,0,0,0,15,56,4,0,0,6,1,49,93,77,124,37,0,0,0,99,103,37,126,108,0,0,0,3,8,23,47,21,0,0,0,3,17,8,31,10,0,11,29,118,38,14,126,125,0,0,0,21,23,13,126,81,0,0,0,15,31,10,15,1,0,0,0,8,50,34
1,4,53,100,42,8,2,1,38,124,88,51,15,5,20,13,45,65,28,20,37,0,2,9,110,0,0,1,4,0,0,6,7,1,1,3,40,87,7,6,124,29,9,5,21,14,7,31,58,6,3,12,124,1,0,4,124,0,0,0,11,1,0,11,46,6,0,0,10,124,26,11,124,39,0,0,17,11,6,13,56,3,0,5,124,1,0,3,124,0,0,0,15,0,0,16,124,17,0,0,0,36,53,33,124,53,0,1,11,0,0,1,23,4,0,7,117,0,0,1,91,0,0,0,12,0,0,10
2,1,9,11,23,14,0,0,4,4,14,41,64,31,1,3,85,74,30,18,14,5,2,22,26,14,6,19,65,0,0,4,0,0,0,0,9,96,29,2,16,0,0,0,36,135,12,10,135,5,0,1,12,22,9,43,47,0,0,17,110,0,0,6,0,0,0,0,4,78,135,69,86,5,0,0,17,135,74,30,135,40,0,1,5,6,4,11,40,5,0,17,108,0,0,1,6,0,0,0,0,17,135,98,121,4,0,0,0,15,64,65,135,14,0,0,1,0,0,2,12,2,0,6,32,0,0,0
31,42,20,22,41,10,23,53,133,58,69,50,56,12,3,28,133,25,3,0,1,5,2,38,28,8,0,0,29,45,3,10,37,133,133,17,4,1,5,18,56,69,105,51,15,0,0,2,133,28,6,1,1,6,3,39,36,32,0,0,8,21,4,11,42,36,39,7,15,21,20,11,16,13,28,39,29,8,2,3,133,43,8,4,0,0,0,16,56,48,0,0,20,19,0,4,8,1,0,0,8,66,133,67,35,17,11,4,0,2,78,133,75,106,5,1,1,1,0,7,22,28,0,0,48,52,0,0
0,0,0,0,9,84,61,8,2,0,1,7,15,12,44,37,3,2,1,6,37,6,0,2,12,26,20,5,5,1,0,0,20,0,0,0,66,149,95,52,156,3,0,1,4,3,40,139,44,8,0,6,52,9,0,7,58,32,5,1,6,3,0,1,70,39,2,4,91,37,6,11,161,86,0,0,7,2,1,18,56,46,2,3,40,10,0,1,37,58,3,1,17,157,1,0,32,46,0,0,2,0,0,0,94,105,7,1,2,0,0,0,20,31,9,3,17,74,2,1,9,7,0,0,75,161,4,1
0,0,0,0,77,135,0,0,24,0,0,0,41,63,8,5,169,0,0,0,3,3,3,19,40,0,0,7,9,1,0,3,0,0,0,2,95,145,1,0,48,1,0,8,49,111,43,31,169,8,0,1,2,8,16,56,48,1,0,1,2,8,5,2,0,0,0,32,104,26,0,0,74,19,3,70,99,10,2,4,169,45,2,9,6,2,1,15,36,0,0,0,6,16,5,4,0,0,0,15,36,20,6,0,47,3,1,21,93,20,2,16,169,7,0,1,7,5,2,64,27,6,2,0,2,2,0,7
0,14,62,9,9,7,0,0,2,62,47,3,0,0,1,0,69,33,29,19,0,0,1,3,137,30,1,0,0,0,0,11,0,3,35,6,0,8,47,34,3,15,15,1,0,25,51,8,119,32,6,6,0,1,18,21,137,32,0,0,0,0,0,12,7,0,9,14,0,3,78,137,26,18,0,0,0,13,27,70,118,20,0,0,0,0,9,53,137,0,0,0,0,0,0,111,24,5,92,137,0,0,2,89,34,3,11,26,1,0,23,137,9,0,0,0,0,0,51,99,96,0,0,0,0,0,10,137
1,1,0,0,3,11,129,44,6,10,1,0,0,0,129,129,8,3,0,0,0,0,129,129,0,0,0,0,0,0,110,127,20,1,0,0,1,4,32,24,76,43,7,0,1,0,4,27,21,21,7,0,6,16,44,120,1,0,0,0,0,3,129,129,43,12,4,28,3,0,3,9,129,30,0,0,7,3,0,11,12,3,0,2,66,37,12,11,9,0,0,0,6,21,40,53,16,37,15,65,8,0,0,0,35,65,2,0,8,32,6,0,1,2,0,1,45,126,38,0,3,6,0,0,4,66,126,9
0,0,0,0,0,0,0,0,4,3,0,1,1,0,0,0,19,11,1,90,78,0,0,0,0,0,0,177,177,5,28,34,0,0,0,2,11,0,0,0,15,3,0,9,40,0,0,1,75,15,2,40,33,0,0,3,3,1,1,177,177,0,0,0,1,0,0,2,19,3,1,5,14,1,0,13,56,1,0,0,103,4,0,8,9,0,0,3,11,0,0,175,177,0,0,0,4,1,0,3,5,0,0,1,5,3,0,20,25,0,0,0,61,21,1,4,2,0,0,1,9,4,1,75,138,0,0,0
1,0,0,1,65,101,97,51,126,2,0,0,48,50,14,43,109,17,0,0,0,0,0,10,35,9,0,0,0,0,3,10,7,2,3,23,105,126,35,10,126,15,3,2,3,40,26,60,126,2,0,0,0,0,4,16,12,4,0,0,0,2,19,17,6,24,112,126,71,21,4,2,126,99,74,43,3,4,2,13,98,11,0,0,0,0,5,36,25,38,9,0,0,0,5,11,3,39,51,48,22,37,3,0,45,13,24,44,29,33,10,14,88,76,2,0,0,0,0,15,12,126,32,0,1,17,3,0
62,1,1,3,95,73,7,34,48,17,0,1,122,121,1,3,51,25,2,3,5,6,1,4,29,4,0,1,2,2,1,24,122,0,0,0,122,122,16,42,114,32,0,0,84,91,4,14,48,18,0,1,22,15,1,3,24,0,0,0,6,6,1,27,122,1,0,0,122,102,2,23,122,25,0,0,48,35,3,43,40,10,1,10,28,19,2,10,16,0,0,1,5,5,1,16,122,4,0,0,122,83,5,49,122,41,1,1,24,10,0,4,22,11,2,16,10,0,0,0,0,0,0,1,1,0,0,1
21,95,127,71,73,26,6,1,20,14,2,6,37,54,38,16,44,11,4,2,5,7,2,18,52,4,0,0,1,6,6,32,2,0,29,42,143,74,4,2,126,8,1,4,126,44,6,26,47,9,4,8,10,4,1,21,20,0,0,0,3,5,4,77,12,0,0,3,143,89,10,23,143,7,0,1,122,25,0,12,46,2,0,6,36,13,1,7,16,0,0,0,7,4,3,52,46,0,0,5,143,85,9,39,127,2,0,1,66,27,4,94,39,2,0,9,30,11,2,25,5,0,0,3,9,5,2,19
1,0,0,0,5,1,21,37,22,0,0,0,0,0,12,100,78,10,1,0,0,2,47,148,148,64,35,32,5,0,26,73,0,0,8,8,10,1,4,5,24,2,7,3,0,0,4,68,121,38,2,0,1,4,13,78,148,58,2,0,0,0,3,105,0,0,12,6,8,7,70,5,24,15,18,3,0,0,34,30,148,57,2,0,0,0,0,11,148,47,0,0,0,0,0,102,0,0,0,0,1,7,148,16,12,1,0,0,0,0,75,69,104,10,0,0,0,0,1,21,72,17,0,0,0,0,0,14
0,4,8,0,0,167,167,0,0,1,1,0,0,167,167,0,0,1,0,0,0,167,167,0,4,0,0,4,12,61,146,44,6,4,0,0,0,98,167,1,14,13,1,0,0,38,79,3,2,9,7,0,0,7,16,0,4,4,2,0,0,0,3,5,16,8,0,0,0,0,0,0,24,8,0,0,0,0,0,6,11,5,4,0,0,0,0,5,1,13,15,0,0,0,0,0,9,22,0,0,0,0,0,0,6,23,18,6,0,0,0,0,22,51,11,6,0,0,0,2,6,85,72,0,0,1,6,1
0,8,39,0,0,33,136,1,74,9,20,2,1,10,108,83,136,2,0,0,0,0,6,123,34,9,0,0,0,0,0,16,0,8,56,1,1,27,69,0,75,15,28,4,5,36,48,35,136,28,0,0,0,1,3,89,66,36,0,0,0,0,0,6,0,34,136,0,0,10,37,0,34,104,136,0,0,6,16,3,136,120,16,0,0,0,0,7,78,11,0,0,0,0,0,0,0,13,72,1,0,0,0,0,22,35,46,0,0,0,0,0,136,66,3,0,0,0,0,0,39,12,0,0,0,0,0,0
0,0,0,0,0,0,119,33,0,0,0,0,0,0,91,69,6,2,1,0,0,0,9,38,1,1,1,1,0,0,0,0,0,0,85,21,2,1,64,18,24,0,20,29,33,6,86,113,133,17,4,6,4,0,12,126,9,5,7,19,9,0,0,0,0,1,62,16,6,18,82,16,56,55,51,21,70,54,22,6,133,133,27,8,6,1,0,11,18,21,102,43,4,0,0,0,0,3,133,42,0,2,14,1,4,133,133,7,1,5,6,1,53,133,61,0,0,0,5,3,11,16,34,5,0,0,12,6
2,0,0,0,5,14,22,10,12,22,2,1,11,10,0,1,22,46,4,0,0,0,0,2,1,6,14,15,3,0,0,0,46,0,0,0,1,0,4,92,26,7,0,1,2,0,0,8,55,7,0,0,0,0,0,19,20,6,3,5,23,8,0,1,221,0,0,0,0,0,0,221,38,21,0,0,0,0,0,18,52,18,0,0,0,0,0,4,24,1,0,0,43,29,0,2,221,0,0,0,0,0,0,221,99,3,0,0,0,0,1,149,25,1,0,0,0,1,0,18,7,1,1,2,42,22,1,4
1,0,0,1,4,0,0,0,13,0,0,0,0,0,0,0,7,1,0,0,0,0,0,1,28,5,0,0,0,0,0,17,15,1,0,112,154,0,0,1,129,4,0,10,17,0,0,2,55,9,0,0,0,0,0,2,47,43,0,0,0,0,0,6,30,0,0,154,154,0,0,9,141,1,0,27,63,0,0,4,79,15,0,0,0,0,0,3,60,93,1,0,0,0,0,0,51,0,0,130,154,0,0,7,87,4,0,47,105,0,0,4,86,52,0,0,0,0,0,2,85,154,2,0,0,0,0,0
23,5,3,3,3,20,56,100,118,4,0,0,1,1,14,149,13,0,0,48,96,50,9,33,0,0,0,112,149,22,0,0,38,4,0,0,0,0,25,55,149,52,0,1,2,2,14,149,63,13,1,24,102,62,9,27,0,0,0,149,149,15,0,0,8,3,0,0,0,0,0,0,149,25,0,0,0,2,11,60,33,3,0,7,37,56,37,40,0,0,0,69,42,9,0,0,0,0,0,0,0,0,0,0,5,0,0,0,0,0,1,3,3,0,0,0,0,4,7,3,0,0,0,6,3,2,4,0
0,0,0,0,1,35,108,1,0,0,0,1,3,120,103,3,8,11,4,2,4,120,50,3,7,38,69,7,0,47,17,1,20,3,2,40,78,107,120,22,120,34,19,36,32,76,120,64,96,24,17,75,104,29,15,42,120,58,54,11,3,0,1,44,55,8,15,120,49,3,1,43,120,46,33,86,24,1,0,12,62,3,2,58,87,0,0,14,57,0,0,3,4,0,0,20,12,0,1,7,0,0,0,13,2,1,2,7,0,0,0,0,0,0,0,0,0,0,0,0,0,0,0,0,0,0,0,0
31,133,57,53,104,84,1,0,52,118,5,0,0,0,0,0,1,2,0,0,0,0,0,0,0,0,0,0,0,0,0,0,48,133,133,133,26,3,0,0,133,133,24,8,2,0,0,6,28,22,4,24,50,0,0,1,0,0,0,1,8,1,0,0,11,6,33,72,8,0,3,7,133,15,9,22,9,0,0,51,71,2,0,30,133,12,2,22,0,0,0,3,38,15,17,21,0,0,2,9,8,3,11,29,111,0,0,5,10,10,8,75,80,0,0,48,100,15,21,64,0,0,1,39,62,14,24,26
0,0,0,41,84,32,38,29,4,0,0,1,2,33,79,46,62,5,0,0,0,12,15,25,17,7,0,0,8,4,0,1,4,0,6,122,122,0,2,8,22,3,14,78,15,3,26,24,122,7,1,4,0,0,4,31,27,4,0,0,17,21,0,0,20,1,2,66,106,84,29,14,15,14,41,117,22,11,4,4,100,30,27,20,3,15,20,7,19,2,0,0,10,37,41,15,38,59,23,2,5,90,82,18,42,60,30,17,20,8,5,6,5,3,16,25,122,122,94,19,122,16,0,1,30,81,122,122
3,0,2,9,86,29,1,6,66,3,4,5,6,3,4,90,131,30,6,4,20,2,0,52,12,5,5,29,131,13,0,0,0,12,47,39,42,6,0,0,79,11,41,93,9,0,1,20,131,14,3,7,21,9,2,65,19,0,0,18,131,45,1,9,0,39,82,18,2,0,0,0,16,47,110,104,3,0,0,0,131,120,40,8,34,17,1,11,10,2,0,0,131,102,0,2,11,14,13,1,0,0,1,11,6,55,37,4,0,4,3,2,2,44,14,0,38,96,3,0,0,11,4,0,98,101,0,0
47,8,16,69,13,0,8,46,61,5,10,119,61,0,0,14,119,18,2,7,3,0,8,118,20,9,2,0,0,0,9,46,55,21,1,4,8,9,5,30,28,4,1,38,119,68,5,13,119,92,5,4,17,11,5,46,38,44,3,0,2,21,56,31,9,1,0,0,1,79,56,11,51,4,0,0,26,119,37,25,119,27,1,3,20,16,4,26,15,3,0,8,88,68,58,15,1,0,0,8,29,88,119,73,50,1,0,0,0,32,32,117,119,13,2,11,8,0,1,111,10,2,2,27,45,6,0,5
68,6,9,117,26,0,0,24,119,8,1,2,0,0,17,122,30,7,0,0,0,0,24,91,12,4,0,0,0,0,1,5,20,3,2,60,122,25,1,6,122,99,3,3,12,3,5,56,77,94,2,0,0,18,38,40,15,4,0,0,0,6,79,33,24,1,0,0,71,106,10,9,122,18,0,0,8,9,2,50,52,11,0,0,82,94,49,18,0,0,0,0,35,50,122,64,35,1,0,0,2,72,25,40,122,16,1,1,1,1,1,66,47,10,5,53,104,12,0,11,0,0,0,11,55,12,6,5
0,0,21,10,0,0,84,23,16,8,16,7,0,0,72,61,58,7,1,0,0,0,27,122,3,0,3,2,0,0,64,66,0,0,61,30,0,0,122,43,16,9,45,12,0,0,122,119,122,30,6,0,0,0,31,122,39,29,43,11,0,0,7,14,0,0,122,56,0,1,38,5,15,29,122,42,0,0,36,22,122,98,37,1,0,0,6,77,77,37,12,0,0,0,0,61,0,0,57,26,0,0,34,5,4,7,58,19,0,0,47,20,95,71,12,0,0,0,10,63,64,82,1,0,0,0,1,35
8,0,0,71,85,0,0,23,83,0,0,43,47,0,0,115,62,2,3,16,17,0,0,85,101,27,8,6,3,0,0,36,23,0,0,55,51,0,0,46,57,9,9,115,94,0,0,56,115,67,18,11,3,0,0,84,115,71,14,1,0,0,0,9,32,5,6,47,34,0,0,34,49,88,90,86,23,0,0,14,80,115,109,14,1,0,0,3,46,35,11,16,13,0,0,13,16,49,67,30,8,0,0,2,62,113,92,4,0,0,0,1,43,75,47,17,1,0,0,0,10,4,15,73,17,0,0,3
8,1,0,1,12,63,118,35,86,15,1,0,0,5,62,125,58,15,0,0,51,16,0,7,36,17,0,0,45,12,0,0,21,25,38,115,110,70,47,25,127,83,21,12,4,8,33,127,102,5,0,0,60,38,8,24,60,33,0,0,31,11,0,0,3,16,97,127,19,1,0,0,109,65,72,87,15,1,24,72,56,27,11,1,11,20,50,87,78,31,0,0,10,5,1,1,1,0,2,23,21,43,12,0,26,44,51,43,22,11,4,6,36,52,42,10,16,2,1,7,60,22,0,0,7,1,0,0
127,22,0,0,10,6,1,5,0,0,0,0,25,5,0,0,0,0,0,0,0,0,0,0,0,0,0,0,0,0,0,0,146,75,0,13,82,21,2,4,41,7,7,100,146,15,0,10,146,22,6,11,13,0,0,43,26,2,0,0,0,0,0,4,146,69,0,22,82,7,1,5,24,41,88,146,93,1,0,10,146,146,78,33,4,0,0,20,73,28,0,0,0,0,0,7,42,14,0,9,40,20,19,7,16,9,18,12,8,7,17,37,60,38,15,1,0,1,13,72,24,4,0,0,0,0,11,38
8,5,11,10,2,25,92,37,39,21,6,3,0,1,83,114,9,5,2,0,0,0,53,74,7,0,0,23,0,0,7,70,56,20,15,11,6,21,23,48,114,43,11,3,1,7,13,42,28,20,16,5,15,46,12,18,8,1,0,0,13,94,114,88,22,44,100,23,5,5,2,3,94,36,42,8,4,14,24,43,10,1,1,22,78,77,66,39,17,23,60,87,103,102,57,39,44,20,33,4,19,48,0,4,2,4,21,9,28,114,82,3,42,13,2,13,8,34,114,86,67,63,86,42,5,0,8,35
0,0,2,8,2,11,129,49,2,0,2,14,17,24,129,78,0,0,10,5,2,47,97,7,0,0,4,4,1,61,95,3,11,51,129,1,0,9,129,63,104,77,46,0,2,8,115,129,17,2,0,0,29,115,71,18,10,11,16,2,8,72,69,15,2,35,104,2,2,34,13,4,64,36,29,2,9,12,11,40,14,2,0,28,112,40,10,11,15,8,9,11,30,23,36,59,4,0,0,1,22,51,8,6,65,0,0,1,1,6,6,67,18,0,4,74,39,1,2,31,21,33,37,64,22,3,4,13
2,5,8,13,63,41,2,0,3,0,3,20,51,68,52,26,2,2,34,24,1,7,31,14,0,17,25,1,0,16,31,0,2,6,5,5,151,151,4,1,151,10,0,0,89,136,50,62,54,6,0,16,22,21,33,21,0,0,1,11,9,30,60,0,8,3,0,3,151,68,0,0,151,26,0,4,123,19,0,13,72,3,1,33,15,0,1,26,0,1,19,60,8,1,1,1,4,7,2,10,151,34,0,0,107,64,4,9,59,1,0,5,32,21,6,1,0,0,1,29,5,18,24,19,4,0,0,5
0,1,4,162,117,0,0,0,100,13,5,86,41,0,0,4,162,20,0,0,0,0,0,3,54,3,0,0,6,8,0,1,1,0,0,147,91,0,0,8,82,6,9,162,107,0,0,4,162,10,6,14,1,0,0,22,57,0,0,0,7,10,1,7,7,0,0,34,15,0,2,22,18,7,13,162,72,0,0,0,162,18,15,53,8,0,0,15,33,0,0,0,0,4,0,7,7,0,0,1,0,0,0,26,1,0,0,23,9,0,0,0,4,0,0,6,2,0,0,0,0,0,0,0,0,0,0,0
0,1,2,0,1,3,0,0,0,0,1,0,10,22,0,0,4,0,0,0,2,7,0,0,0,0,0,0,0,0,0,0,0,10,7,1,18,48,0,0,15,0,1,0,82,167,8,10,167,12,0,0,9,60,10,25,37,4,0,0,9,3,0,0,0,2,1,0,42,167,0,0,74,6,0,0,79,167,5,10,167,45,0,0,3,19,3,13,44,7,0,5,22,5,0,0,0,0,0,0,31,167,4,0,114,22,0,0,19,90,9,6,167,78,0,0,2,0,0,0,17,6,0,4,16,1,0,1
45,1,0,2,11,52,44,92,108,14,1,0,1,14,22,120,4,10,11,8,16,120,95,11,1,4,7,2,3,17,120,43,76,26,59,115,12,14,5,26,120,44,20,13,3,5,5,54,17,14,91,109,21,25,7,3,3,9,82,63,18,10,8,12,18,13,102,120,0,0,0,2,120,47,73,40,0,0,0,19,94,20,78,41,0,0,0,18,2,6,120,63,1,0,0,0,28,3,17,15,1,0,0,19,24,9,36,32,2,2,1,7,85,6,4,1,0,0,1,43,13,3,13,7,0,1,3,9
15,9,4,42,36,17,30,17,46,21,13,21,18,3,9,42,0,0,11,48,58,4,0,1,6,3,26,144,85,0,0,13,20,16,10,81,34,0,0,0,144,101,104,36,6,0,0,5,13,19,144,97,11,1,0,0,0,50,144,66,10,0,0,0,14,4,5,13,24,22,4,10,144,28,19,5,0,0,0,62,91,12,109,22,0,0,0,20,0,15,98,13,0,0,0,0,12,7,6,1,15,21,1,10,144,7,2,0,0,0,0,61,140,3,0,1,0,0,0,23,0,1,1,9,4,1,0,0
74,142,37,0,0,15,4,23,142,31,1,0,0,0,0,111,53,11,0,0,0,0,0,13,1,7,3,2,0,0,3,1,21,75,47,2,0,0,0,2,142,48,7,0,0,1,12,37,92,6,0,0,0,46,94,14,0,0,0,0,0,67,142,1,14,29,22,1,5,40,28,12,116,25,6,0,0,15,142,89,21,5,0,0,0,95,142,24,2,0,0,0,0,89,121,6,4,27,20,24,38,29,20,8,13,96,20,0,0,2,30,18,7,25,26,13,2,7,11,4,1,0,33,24,2,10,6,3
34,27,0,2,22,145,45,5,36,86,4,2,16,136,40,15,69,85,7,0,0,6,16,8,145,36,0,0,0,0,13,61,100,136,0,0,2,145,49,10,41,119,3,0,2,35,11,5,144,41,2,0,0,7,9,20,30,13,0,0,1,23,60,47,118,145,6,4,15,26,6,3,56,12,0,0,10,48,15,8,138,8,0,0,0,6,7,20,8,3,4,3,12,22,14,11,10,39,4,5,17,3,0,0,23,1,0,0,9,4,1,2,34,1,0,0,0,0,0,2,5,2,0,1,7,0,0,1
13,41,14,4,11,127,127,2,14,66,40,1,15,127,127,10,114,116,5,0,5,18,15,9,39,84,12,5,2,0,0,0,2,73,94,104,62,96,42,4,26,91,71,7,7,32,34,9,127,71,6,1,1,3,2,35,41,16,0,0,3,8,14,26,21,21,4,19,66,127,17,7,46,42,3,0,0,12,19,10,122,28,0,0,0,2,17,51,8,0,0,0,0,16,75,59,45,52,0,0,9,50,2,1,42,17,1,0,1,8,3,15,37,5,0,0,1,15,16,19,0,0,1,0,4,19,39,23
8,93,73,22,25,54,63,18,120,41,25,5,6,33,24,30,120,35,0,0,0,0,14,120,11,1,0,0,10,37,52,36,63,75,3,1,16,67,27,16,120,101,3,0,0,3,7,18,120,23,0,0,0,12,90,120,0,0,0,0,1,54,120,83,57,74,1,0,6,30,5,7,120,11,0,0,0,11,10,66,27,2,1,1,8,63,54,32,0,0,2,2,17,66,96,55,31,8,0,1,15,40,5,8,112,0,0,0,0,4,4,37,19,2,2,2,5,10,7,15,3,3,4,17,84,26,4,1
0,0,6,57,23,0,0,0,1,1,68,77,7,0,0,0,7,38,212,124,0,0,0,0,0,17,212,212,16,0,0,0,2,0,4,72,21,3,1,4,11,1,2,44,70,3,0,5,104,35,5,2,7,1,0,10,14,14,8,109,45,0,0,0,1,0,0,4,17,30,39,12,12,2,0,9,79,39,14,3,133,11,0,3,8,2,1,25,19,2,0,4,9,0,0,3,0,0,0,4,36,40,28,0,2,0,0,1,19,57,93,24,27,0,0,0,0,2,32,76,4,0,0,0,0,0,0,5
13,1,1,136,136,16,12,20,91,3,1,12,8,2,10,84,19,0,0,0,30,33,9,35,136,2,5,80,47,8,3,136,6,2,1,136,136,27,0,0,130,11,2,22,54,3,0,8,22,1,0,0,58,24,3,6,136,0,0,1,34,12,2,136,2,3,2,17,136,135,5,0,68,20,4,4,37,11,2,9,11,0,0,4,47,19,3,5,40,0,0,11,45,5,0,45,1,0,0,0,0,7,4,5,22,2,0,0,0,1,2,23,4,0,0,5,19,4,1,4,3,0,0,9,43,3,0,4
0,0,0,0,0,0,0,0,4,0,0,0,0,0,0,1,8,0,0,0,0,0,0,3,6,10,11,0,0,0,1,5,42,10,0,0,0,0,0,2,182,29,0,0,0,0,0,48,182,1,0,0,0,0,0,24,3,0,0,0,0,13,9,6,50,29,0,0,0,0,0,0,182,162,0,0,0,0,0,14,182,10,0,0,0,29,22,31,0,0,0,0,0,133,57,0,0,0,0,0,0,0,0,0,73,38,0,0,0,3,6,5,49,10,0,0,0,119,78,15,0,76,30,0,0,161,70,0
13,10,64,116,34,107,29,15,59,116,116,88,19,17,16,27,116,30,6,16,40,0,0,7,93,2,0,0,0,0,0,6,36,29,61,33,50,116,41,30,116,40,24,11,16,9,13,34,114,2,0,24,64,0,0,13,116,0,0,0,0,0,0,20,81,14,40,25,18,0,0,9,104,13,17,20,27,0,0,3,86,1,0,18,88,0,0,17,116,0,0,0,4,0,0,41,93,1,0,8,23,0,0,9,64,0,0,11,33,0,0,12,51,0,0,16,84,1,0,17,94,0,0,1,12,0,0,47
15,23,28,11,23,36,21,37,46,43,67,19,14,45,28,35,4,16,124,95,43,23,45,7,7,24,7,18,7,6,17,4,33,2,14,35,57,27,5,27,137,41,21,9,24,2,1,47,47,16,28,54,137,18,0,1,1,18,7,16,42,22,0,0,11,20,115,81,6,0,0,0,137,92,48,24,29,25,1,11,33,3,0,2,137,137,2,5,4,19,0,1,25,55,3,0,8,28,55,9,0,3,10,16,7,49,43,3,47,110,8,0,1,30,18,0,96,132,0,0,2,60,34,10,5,11,1,0
0,0,0,0,72,96,16,1,21,29,5,0,41,111,26,4,9,59,85,14,7,23,2,0,0,1,85,72,9,3,0,0,7,0,0,0,25,125,23,3,125,49,0,0,9,76,8,17,52,44,11,4,21,77,15,2,0,0,4,10,11,73,46,0,21,2,0,0,45,106,8,3,125,8,0,2,9,13,0,38,58,2,1,65,118,79,25,13,0,0,0,23,29,49,113,12,17,8,0,0,28,10,1,1,125,10,0,1,1,0,0,58,72,1,2,123,64,2,0,62,1,1,9,125,54,4,10,3
55,8,10,65,9,0,6,35,51,7,11,124,50,0,0,7,124,14,2,6,3,0,0,103,35,6,1,0,0,0,1,57,65,22,0,3,8,14,9,20,25,3,1,29,106,78,8,7,124,60,1,3,12,9,4,31,61,22,0,0,0,18,58,35,11,1,0,0,0,88,90,9,54,1,0,0,12,124,60,31,124,15,0,3,13,14,6,28,17,2,0,6,63,75,60,13,0,0,0,6,30,95,124,57,43,0,0,0,0,20,55,124,124,7,0,5,5,0,0,98,8,2,0,11,29,3,0,2
0,0,0,0,0,114,122,25,9,0,0,0,50,114,122,38,63,3,0,6,94,35,4,28,122,2,3,23,4,0,2,122,92,0,0,2,30,57,92,60,122,4,0,7,26,15,31,34,61,4,0,18,75,1,1,6,51,1,0,1,11,6,18,118,122,13,0,15,49,1,0,4,122,10,0,15,23,1,0,3,63,4,0,7,84,4,0,2,44,6,1,11,45,4,4,2,122,17,0,15,40,0,0,0,97,30,1,19,14,0,0,0,38,18,1,33,44,0,0,0,32,14,2,14,25,0,0,0
36,2,2,54,16,0,0,23,134,84,47,3,0,0,0,14,26,112,93,0,0,0,0,0,2,37,32,75,4,0,0,0,45,6,10,134,34,0,0,10,134,73,5,27,6,0,0,19,67,95,47,0,0,0,0,10,0,20,36,50,2,0,0,0,40,9,4,91,96,22,3,7,134,56,5,32,36,6,0,69,108,28,4,0,0,0,2,86,9,14,13,6,0,0,0,4,24,3,0,0,22,97,45,10,134,69,0,0,14,27,11,9,51,25,0,0,6,34,97,60,13,5,0,0,0,0,26,82
4,0,0,1,3,18,70,7,43,3,0,0,0,1,63,47,104,7,0,0,0,0,2,45,8,0,0,0,0,3,11,15,9,1,1,8,43,62,25,7,122,24,0,0,1,10,28,35,103,15,0,0,0,0,36,53,3,0,0,0,5,6,27,47,29,5,0,0,28,97,17,13,122,11,0,0,0,7,65,71,14,0,0,0,0,5,122,115,0,0,0,0,0,75,107,54,4,0,0,0,2,84,122,26,11,0,0,0,0,21,122,122,1,0,0,0,0,18,122,122,0,0,0,0,4,122,82,42
22,7,7,13,10,3,57,94,25,60,38,6,1,1,25,26,42,36,25,4,0,0,13,14,60,17,0,0,8,7,0,3,101,65,69,17,6,5,12,93,44,14,6,22,48,84,130,75,130,27,1,2,2,10,74,130,62,22,0,0,25,27,0,4,6,52,130,63,8,1,0,0,21,39,66,130,76,22,8,8,130,114,32,33,4,6,9,56,56,17,0,0,17,34,7,15,0,1,15,12,3,9,45,7,3,5,18,105,38,23,14,1,46,36,54,37,8,0,2,31,40,38,4,0,0,3,4,16
1,1,0,0,0,0,1,4,27,25,3,0,3,1,7,35,5,41,85,29,49,4,0,2,0,28,131,39,66,14,2,1,19,0,0,0,0,0,2,18,152,47,3,0,0,0,7,100,64,100,59,12,27,0,0,5,0,6,18,45,152,27,0,0,42,16,0,0,0,0,0,1,152,76,0,0,0,0,0,26,122,10,1,8,23,3,1,34,0,1,11,107,149,21,2,0,7,24,19,2,0,0,0,0,134,95,52,6,0,0,0,17,53,5,5,1,6,18,12,55,0,1,9,16,85,111,12,3
29,1,0,0,9,5,14,58,2,6,18,48,110,62,27,7,56,123,38,23,16,18,44,31,26,81,18,14,7,1,4,6,25,41,12,3,23,24,12,38,14,5,9,16,46,123,84,34,123,64,16,6,1,11,36,107,45,21,3,10,31,1,0,8,17,24,8,18,118,21,0,24,45,53,9,33,123,77,10,8,123,104,1,0,0,4,12,33,51,8,0,2,29,35,31,8,17,0,0,28,36,10,22,56,27,37,19,82,58,42,49,10,90,44,2,0,0,5,123,52,16,4,0,1,7,32,82,16
7,32,11,4,2,15,40,5,5,25,21,44,34,14,27,8,21,109,18,7,2,1,1,2,15,33,7,0,1,4,2,1,32,2,0,8,25,117,110,40,120,54,11,1,2,7,51,75,16,62,79,1,0,2,35,12,4,13,37,20,24,5,7,7,55,52,26,120,62,25,9,11,120,110,17,24,8,15,29,40,11,6,12,32,17,37,120,80,19,2,9,11,18,4,51,120,17,43,40,114,5,0,0,0,54,120,46,68,5,1,0,0,4,7,53,120,20,4,4,13,73,29,40,21,4,3,6,49
22,0,1,5,5,69,109,89,46,12,35,28,0,0,5,61,1,1,18,67,4,0,0,0,5,0,0,8,18,15,5,12,95,72,123,32,6,34,44,91,123,57,22,14,4,3,3,88,20,3,6,83,59,15,8,4,0,0,12,58,35,3,0,0,29,58,123,80,14,0,0,3,60,48,55,63,30,31,26,10,22,2,4,18,31,79,94,54,25,5,18,48,14,0,7,47,63,27,6,28,70,3,0,3,0,0,8,121,55,6,0,0,30,22,30,123,20,12,8,15,104,94,47,9,2,0,0,17
13,6,2,23,18,20,29,19,27,14,12,24,14,1,5,24,0,1,32,99,52,0,0,0,2,24,93,144,30,0,0,5,19,23,13,83,17,0,0,1,112,127,93,18,2,0,0,4,11,39,144,45,4,0,0,0,0,90,144,30,0,0,0,0,14,6,4,20,27,14,2,7,144,34,13,2,0,0,0,79,105,23,98,3,0,0,0,38,0,15,68,8,0,0,0,0,6,4,3,1,28,22,2,8,144,9,1,0,0,0,0,76,144,1,0,0,0,0,0,53,5,0,1,6,4,2,0,0
71,147,45,0,0,5,2,14,147,44,2,0,0,0,0,69,84,8,0,0,0,0,0,16,1,7,4,2,0,0,3,0,25,87,59,0,0,0,0,0,147,62,5,0,0,0,11,32,108,7,0,0,0,28,104,22,0,0,0,0,0,38,147,2,11,22,14,1,6,26,31,17,91,22,2,0,0,3,110,133,14,2,0,0,0,70,147,37,2,0,0,0,0,67,147,11,3,28,23,18,27,16,12,7,12,80,22,0,0,0,16,23,3,16,27,17,3,8,16,6,5,1,22,22,2,9,8,6
0,0,19,3,47,48,43,5,6,2,54,4,5,11,101,92,4,7,76,6,0,0,114,55,20,30,18,0,62,116,42,54,1,1,0,0,142,37,2,1,46,12,1,0,21,6,12,35,47,0,0,0,0,1,43,42,67,0,0,0,142,98,6,26,3,9,0,0,48,57,2,0,19,22,0,0,5,9,2,1,82,8,0,0,0,13,12,9,94,21,5,108,142,22,0,2,6,7,0,0,0,4,1,0,3,3,0,0,4,17,1,0,121,16,0,0,2,12,1,4,142,59,26,142,60,0,0,0
0,0,0,0,0,0,0,0,18,1,3,0,0,0,43,109,9,1,26,9,10,27,100,50,7,15,44,95,130,57,19,4,13,11,12,0,0,0,0,6,130,126,18,0,0,0,18,130,118,42,0,0,5,13,36,51,2,11,29,33,36,15,4,0,16,11,88,104,14,0,0,5,130,47,34,67,11,0,0,70,130,26,0,0,0,4,4,34,7,14,5,9,31,5,2,1,0,0,7,58,30,0,0,0,117,77,13,61,29,0,0,3,92,42,0,0,10,57,23,5,12,5,5,3,3,40,71,72
28,24,25,35,79,13,22,60,85,5,12,16,16,11,10,115,3,3,11,18,53,45,21,12,30,11,10,20,4,4,18,41,23,28,33,116,116,3,2,7,116,96,34,29,12,7,6,46,10,16,85,91,23,10,1,5,33,116,54,14,1,0,0,3,1,7,17,83,116,50,9,7,106,102,37,19,42,29,25,88,47,88,74,30,0,0,0,15,7,116,44,5,0,2,6,1,3,27,33,37,61,20,3,3,28,116,70,11,12,2,5,4,7,64,27,0,0,10,26,1,0,12,13,0,0,17,33,0
31,5,0,0,0,11,40,110,14,6,2,4,13,96,37,39,1,4,22,8,10,79,102,12,25,29,10,1,0,4,45,69,51,13,19,13,13,20,49,123,123,31,34,10,10,19,15,101,16,69,123,17,7,7,2,1,14,123,123,0,0,0,0,4,33,54,123,35,3,0,0,8,123,103,54,0,0,0,0,21,106,55,45,0,0,0,3,53,9,39,45,0,0,7,28,18,12,21,49,1,0,0,0,5,16,39,32,0,0,1,7,16,18,5,1,0,3,31,54,46,1,0,0,0,0,56,123,19
13,9,8,81,85,16,7,10,119,12,15,39,22,18,41,87,33,0,0,6,18,67,111,67,3,0,8,33,30,18,5,9,2,1,6,47,25,38,76,30,21,10,17,50,99,119,89,22,119,17,3,2,5,62,119,119,34,1,0,0,8,21,20,30,33,18,12,21,15,29,67,24,13,26,108,119,87,80,13,5,119,99,75,21,7,16,19,25,21,1,0,0,0,27,70,13,15,13,12,7,1,9,44,11,2,1,21,25,5,29,46,6,1,5,15,6,5,35,13,0,0,1,7,1,1,21,21,0
15,8,0,0,3,46,3,3,21,51,9,3,1,14,33,6,9,34,21,37,28,19,36,12,27,94,17,5,2,2,6,6,29,25,3,7,8,7,2,2,24,10,5,46,75,122,97,27,122,46,8,8,8,32,87,112,35,60,35,2,1,5,60,31,19,77,11,17,5,0,0,0,15,43,72,122,64,14,2,3,122,122,79,82,11,9,14,26,22,15,33,93,16,20,86,61,8,21,2,1,0,0,0,0,24,21,41,39,0,0,3,11,54,109,60,37,0,0,6,19,14,20,109,122,1,0,1,6
1,0,0,23,0,0,0,1,70,6,1,11,0,0,4,32,144,115,0,0,0,1,9,18,29,65,1,0,0,0,0,0,6,0,2,92,3,9,13,14,101,12,22,130,0,0,0,15,144,32,4,2,0,0,0,41,42,7,0,0,0,0,3,9,29,6,1,9,0,8,5,26,38,31,44,67,0,8,28,32,144,76,21,4,0,2,27,75,49,2,0,0,0,0,0,25,11,23,3,1,12,39,2,3,10,5,1,0,7,144,129,32,82,6,0,0,0,28,123,144,72,0,0,0,0,0,0,110
7,0,1,64,37,0,0,8,7,1,4,0,0,0,0,6,0,0,0,0,1,0,0,0,0,0,0,0,0,0,0,0,4,0,0,165,165,0,0,4,25,1,0,14,8,0,0,9,2,1,0,8,9,0,0,0,0,0,0,0,0,0,0,0,17,0,0,165,165,6,9,37,25,4,2,104,60,0,0,2,34,13,1,8,14,0,0,5,41,11,0,0,0,0,0,12,18,0,0,84,109,61,165,165,13,4,10,123,86,10,37,88,25,7,22,28,18,0,0,18,87,14,8,2,1,0,1,66
0,0,0,0,10,7,0,0,7,4,0,1,115,50,3,2,43,6,0,0,8,6,11,31,70,15,15,164,196,9,3,19,0,0,0,0,0,3,1,0,14,3,0,0,7,24,5,2,74,3,0,0,9,22,3,8,196,57,52,155,30,1,0,7,0,0,0,0,0,0,0,0,9,3,0,0,4,4,0,1,88,0,0,0,21,15,0,2,196,9,1,4,36,1,0,2,0,0,0,0,0,0,0,0,0,0,0,0,5,1,3,2,74,0,0,0,22,2,0,1,196,2,0,0,32,0,0,3
0,0,0,0,0,0,0,0,0,0,0,0,0,0,0,0,0,0,1,0,0,0,0,0,0,9,6,0,0,0,5,1,1,0,0,0,0,0,0,0,46,5,0,0,0,0,0,8,12,1,0,0,0,14,10,5,0,40,14,0,0,18,23,1,0,0,0,0,0,0,0,0,31,13,1,0,0,2,4,3,7,183,56,0,0,19,13,2,0,184,184,0,0,12,5,0,0,0,0,0,0,0,0,0,0,13,3,0,0,0,0,0,10,184,98,0,0,25,31,6,4,184,105,0,0,184,158,6
3,0,11,54,109,45,27,11,109,109,81,85,104,28,19,39,99,36,16,15,9,60,26,22,2,1,5,16,8,51,27,2,23,6,7,24,24,7,5,8,35,24,38,49,70,17,6,20,109,39,37,48,31,12,5,29,4,3,15,73,73,11,1,1,27,9,3,7,10,11,38,23,24,34,97,42,29,1,5,22,92,67,56,8,67,29,0,8,3,10,19,9,109,44,0,0,50,10,0,0,5,93,93,97,75,33,19,0,0,1,19,109,4,42,45,6,42,38,16,15,0,68,109,17,28,9,0,0
4,0,0,0,1,32,109,41,4,1,0,1,26,72,77,34,41,52,3,3,15,48,91,30,24,23,3,3,10,11,27,32,20,33,13,11,13,11,13,28,27,15,2,5,71,98,33,36,116,66,3,4,17,27,18,49,35,21,4,6,116,88,10,3,5,11,5,3,11,6,49,54,26,18,4,32,116,62,42,26,116,31,2,7,11,20,56,115,18,0,0,15,116,87,28,24,9,13,4,8,17,16,38,37,10,12,10,34,51,116,85,24,115,41,6,3,2,18,66,116,23,1,0,6,13,15,15,24
24,27,43,30,14,6,8,7,9,9,9,40,52,14,11,5,29,23,45,90,80,36,63,61,113,73,30,10,4,2,11,86,8,15,10,44,30,5,7,4,71,110,107,41,11,2,2,8,17,101,141,84,11,0,0,1,29,141,141,18,1,0,0,1,14,10,9,11,26,18,6,7,141,42,14,2,6,4,1,42,96,24,65,3,2,2,0,10,3,11,26,1,1,0,0,0,7,3,10,94,30,11,10,22,141,22,2,8,1,0,1,61,88,3,0,0,1,3,0,17,3,0,0,0,0,1,1,3
22,10,5,3,24,100,116,53,144,28,3,0,0,4,42,144,49,4,0,0,0,0,2,13,0,0,0,1,1,2,4,0,27,78,102,43,61,48,19,10,144,122,21,0,0,1,15,63,86,6,2,2,0,2,80,23,0,0,1,4,1,6,57,6,10,27,44,10,10,5,11,15,99,41,14,2,2,6,70,109,15,2,4,4,0,19,144,58,1,4,1,0,0,42,144,37,44,39,22,5,6,4,15,26,6,32,33,7,8,5,8,13,8,10,26,22,7,8,16,11,4,98,29,7,7,29,18,4
6,3,15,6,3,18,12,5,1,33,12,3,10,15,3,1,0,125,32,0,2,2,0,0,0,125,31,0,2,38,1,0,8,1,0,0,11,103,86,28,125,107,6,0,0,8,39,84,29,125,18,0,0,84,14,5,0,20,3,0,0,125,13,0,22,81,46,51,62,84,31,15,125,125,10,0,0,15,25,68,40,7,0,0,1,125,34,15,0,1,2,0,0,50,4,0,0,70,125,109,23,6,2,0,14,97,32,8,14,7,2,1,1,2,3,1,6,16,2,0,0,0,2,1,0,1,0,0
0,0,0,0,0,0,0,0,1,0,0,0,0,0,0,0,0,0,0,1,3,0,0,0,0,0,0,1,0,0,0,0,30,5,1,10,30,0,0,0,182,26,0,11,19,0,0,5,46,9,0,52,182,0,0,0,1,1,5,12,26,0,0,0,50,6,3,25,37,4,5,7,182,10,1,7,30,0,0,32,102,2,0,46,182,0,0,7,7,2,1,6,53,0,0,0,33,24,6,22,22,5,4,7,182,2,0,3,15,8,41,117,70,0,0,20,182,17,29,62,2,3,1,8,49,0,0,0
0,0,0,0,0,0,4,6,33,54,7,11,8,6,18,17,73,149,5,2,0,0,0,0,5,22,0,0,0,1,1,0,32,0,5,16,0,0,5,38,149,86,0,1,1,2,20,75,131,112,1,0,0,0,0,5,1,3,3,7,3,1,0,0,31,6,46,107,1,3,3,12,149,44,29,19,0,0,0,78,149,9,0,0,0,0,1,51,3,2,2,3,0,1,1,2,23,5,15,12,1,28,15,24,98,38,20,6,0,53,135,142,98,2,0,0,0,0,24,149,7,1,1,0,0,2,4,13
0,0,1,10,0,0,0,1,74,4,2,6,0,0,5,46,145,92,0,0,0,1,7,23,38,61,0,0,0,0,0,0,1,0,7,73,3,6,7,3,113,16,37,86,0,0,0,12,145,32,4,0,0,0,0,42,53,8,0,0,0,0,0,13,20,1,3,8,0,12,10,18,38,30,48,38,0,7,29,24,145,54,12,1,0,2,33,97,61,0,0,0,0,0,0,46,12,14,2,1,12,20,1,3,7,2,0,0,20,145,112,22,72,3,0,0,0,38,145,145,88,0,0,0,0,0,1,145
0,0,3,0,0,0,0,0,2,4,56,84,59,8,1,1,45,79,66,74,61,23,23,35,51,59,68,11,3,1,0,17,5,0,0,0,0,0,0,5,123,33,53,73,15,0,0,55,66,62,97,123,102,0,0,13,57,48,47,22,13,10,2,17,7,5,1,0,0,0,0,1,123,112,36,11,16,4,0,27,66,64,45,98,123,15,0,8,26,123,99,23,8,0,0,0,0,1,3,0,0,0,0,0,5,33,104,12,1,0,0,0,2,41,123,38,12,1,0,0,1,62,56,7,0,0,1,0
2,29,28,21,11,7,3,0,5,30,26,44,19,1,1,0,9,69,142,70,21,1,0,0,21,115,142,49,8,1,0,6,2,5,14,33,18,7,7,3,65,24,7,15,18,8,2,11,142,100,81,2,0,0,0,18,20,58,142,2,0,0,0,1,1,1,25,125,41,5,0,0,81,10,3,34,30,15,4,23,142,20,0,0,0,0,0,34,47,2,1,0,0,1,1,7,10,14,16,113,11,0,0,0,34,1,21,142,8,1,0,21,142,5,7,20,0,0,0,90,44,0,0,0,0,0,0,25
7,4,5,20,22,15,3,3,147,87,22,3,4,4,0,2,82,63,147,22,0,0,0,0,0,39,147,11,0,0,0,0,29,5,2,128,71,14,4,11,147,78,0,7,1,1,0,24,135,28,2,0,0,1,2,5,4,2,5,1,0,1,1,3,15,4,10,147,49,0,0,3,147,32,14,81,8,0,0,40,131,2,0,0,0,0,0,24,1,0,0,0,0,2,2,4,0,1,11,93,22,3,0,0,86,31,30,81,8,0,0,3,57,4,0,0,0,0,0,8,0,0,0,0,0,0,0,0
0,0,0,0,0,0,0,0,0,0,0,0,0,0,0,0,0,0,0,0,0,0,0,0,0,0,0,0,0,1,1,0,5,11,4,6,2,0,0,0,96,33,2,1,0,11,4,18,15,0,0,0,2,102,91,28,3,0,0,0,0,20,107,37,17,132,69,61,27,0,0,1,132,132,34,12,35,44,11,31,75,66,32,32,104,132,102,61,80,53,6,1,1,15,81,84,26,57,19,2,0,0,26,50,114,108,27,18,29,4,16,87,10,79,90,45,67,23,2,0,12,29,9,4,31,37,51,14
5,3,7,5,15,33,33,20,137,87,8,4,1,6,28,74,80,76,3,0,0,0,0,4,0,3,1,2,3,0,0,0,16,24,27,26,108,99,33,15,137,95,15,5,7,12,28,104,130,6,0,0,0,1,35,35,0,0,0,0,1,6,31,1,23,30,24,14,12,13,11,13,137,63,16,2,0,0,46,95,23,4,1,1,0,1,137,113,7,23,2,0,0,5,137,33,27,32,35,23,2,0,1,5,15,38,21,4,1,0,6,6,2,78,58,4,0,0,38,11,12,137,31,0,0,0,25,11
0,2,2,0,0,0,0,1,4,2,5,8,3,1,6,10,69,131,15,13,2,0,3,6,43,132,16,0,0,0,0,0,0,31,55,6,19,18,6,0,18,9,15,12,78,115,77,43,132,69,5,1,2,12,49,132,97,31,0,0,0,0,0,6,0,9,15,2,20,83,102,1,28,47,48,41,97,80,21,11,132,121,20,4,2,4,24,84,72,3,0,0,0,1,85,56,1,4,18,20,7,9,21,4,35,37,19,8,3,3,6,15,51,28,11,1,0,0,35,60,2,9,9,2,0,0,132,57
152,27,0,0,0,0,11,86,20,7,0,0,0,1,18,14,0,0,0,0,0,0,0,0,0,0,0,0,0,0,0,0,152,30,0,0,5,12,85,152,152,20,0,0,0,4,131,152,11,1,0,0,0,1,3,3,0,0,0,0,0,0,0,0,125,152,10,0,1,3,4,46,152,112,6,0,1,14,30,85,12,1,0,3,24,49,28,19,0,0,0,0,1,0,0,0,2,108,14,0,0,0,0,0,10,61,46,4,1,2,2,5,0,1,14,19,29,12,2,1,0,0,0,0,2,0,0,0
0,0,0,0,0,0,0,0,4,6,0,0,0,0,0,0,1,5,0,0,0,0,0,0,0,0,0,0,0,0,0,0,18,0,1,1,3,32,14,10,156,140,1,0,1,11,9,56,82,103,3,0,0,0,5,24,0,0,0,0,0,0,0,0,31,42,44,2,0,40,21,6,156,144,32,0,0,11,18,156,117,58,0,0,0,0,36,156,0,0,0,0,0,0,0,0,0,62,89,0,0,0,0,0,68,156,117,0,0,0,0,14,89,89,1,0,0,6,24,37,0,0,0,0,0,1,2,0
