0,0,0,0,0,0,0,0,0,0,0,0,0,0,54,25,0,0,2,3,0,0,36,29,0,0,24,9,0,0,0,1,0,0,0,0,0,0,2,1,35,1,0,0,0,0,179,179,179,13,0,0,0,0,173,179,35,2,0,0,0,0,0,18,0,0,0,0,0,0,1,0,149,34,0,0,0,0,49,70,179,136,0,0,0,0,11,82,54,13,0,0,0,0,0,2,0,0,0,0,0,0,0,0,5,2,0,0,0,0,0,0,28,11,0,0,0,0,0,0,3,1,0,0,0,0,0,0
0,0,0,0,0,0,0,0,5,0,0,0,0,0,0,2,28,0,0,0,0,0,0,11,3,0,0,0,0,0,0,1,0,0,1,0,0,0,0,0,150,70,49,0,0,0,0,34,180,82,11,0,0,0,0,137,54,2,0,0,1,0,0,13,0,1,2,0,0,0,0,0,35,180,180,0,0,0,0,1,180,180,173,0,0,0,0,13,35,18,0,0,1,0,0,2,0,0,0,0,0,0,0,0,0,25,54,0,0,0,0,0,0,29,36,0,0,0,0,0,0,1,0,0,0,0,0,0
0,0,0,0,0,0,0,0,0,0,0,0,0,0,33,13,0,0,6,2,1,1,21,15,0,0,12,3,39,68,18,0,0,0,0,0,0,0,1,0,19,0,0,0,0,0,146,141,126,6,0,0,6,1,103,146,15,1,11,65,146,53,4,9,0,0,0,0,0,0,0,0,142,38,1,0,0,0,31,40,146,103,0,1,0,0,7,48,33,8,29,65,18,0,0,1,0,0,33,10,0,0,0,0,116,80,116,30,1,0,1,3,146,83,4,1,0,1,30,50,10,2,0,0,0,0,11,23
0,0,0,0,0,0,0,0,3,0,0,0,0,0,0,1,15,0,0,0,0,0,0,6,1,0,0,1,2,0,0,0,0,4,15,22,32,0,0,0,83,44,40,0,0,0,0,19,144,45,6,0,0,0,0,76,30,1,0,2,5,0,0,7,13,84,144,60,58,5,4,4,19,144,144,0,0,0,0,1,124,144,93,0,0,13,10,7,19,8,0,0,1,17,60,9,143,77,53,1,1,1,5,22,7,39,78,0,4,0,0,0,0,13,18,10,91,92,22,0,18,3,3,8,36,98,144,56
7,17,4,0,0,4,66,4,0,0,0,0,19,23,69,4,0,0,2,8,131,146,57,0,0,0,9,12,15,37,146,11,0,0,0,0,20,62,146,15,11,0,0,0,5,18,146,57,68,34,67,44,82,54,87,40,3,10,134,140,52,4,11,0,0,0,0,0,49,25,36,1,55,2,0,0,0,0,61,27,146,46,14,4,4,0,8,21,22,14,23,48,146,7,0,0,0,0,0,0,0,0,0,0,2,0,0,0,0,0,0,0,11,1,0,0,0,0,0,0,1,0,0,0,14,1,0,0
0,0,0,0,0,0,7,0,64,0,0,0,0,2,74,42,142,0,0,0,0,0,11,80,34,0,13,10,0,0,0,4,0,0,1,0,0,0,0,0,87,25,40,0,0,0,0,5,142,21,8,0,0,0,14,58,41,0,0,0,0,0,50,38,0,0,7,0,0,0,0,0,11,42,142,16,6,2,2,0,70,40,85,39,86,43,74,41,58,0,0,0,11,20,142,131,0,0,0,0,0,0,0,0,0,1,32,8,11,42,128,0,1,0,8,15,142,136,62,1,142,0,0,0,29,19,7,37
3,0,0,0,28,72,62,2,31,23,0,0,53,68,15,5,112,64,0,0,0,0,0,0,16,5,0,0,0,0,0,0,5,0,0,0,45,123,60,6,128,62,0,0,9,57,26,36,97,111,0,0,0,0,0,4,6,6,3,0,0,0,0,0,11,11,14,27,128,54,4,7,128,110,16,6,19,18,7,71,127,45,4,0,0,0,0,26,13,50,50,1,0,0,0,0,1,39,128,67,23,0,0,0,48,128,90,9,2,0,0,0,33,82,84,8,0,0,0,0,50,86,30,0,0,0,0,0
3,1,0,0,18,89,82,9,132,75,0,0,9,29,5,9,132,76,0,0,0,0,0,5,6,2,0,0,0,0,0,0,25,7,0,0,0,4,15,3,132,102,0,0,0,1,2,33,120,51,0,0,0,0,11,41,1,0,0,0,6,11,1,4,17,1,0,0,0,0,7,22,97,6,0,0,0,0,48,132,86,5,0,0,0,0,71,132,32,1,0,4,41,17,3,34,1,0,0,0,0,12,132,70,54,10,0,0,0,5,98,132,132,48,0,0,0,0,14,83,56,6,0,13,14,0,24,35
7,1,0,0,0,0,0,5,2,27,11,0,0,0,14,25,3,105,55,0,0,11,43,11,67,129,34,0,0,1,5,21,30,11,0,0,0,0,2,21,87,129,34,0,0,0,0,9,21,129,122,0,0,0,0,2,1,106,51,0,0,0,0,0,103,26,4,0,0,0,7,117,129,77,7,0,0,0,0,76,122,45,6,0,0,0,0,37,1,3,1,0,0,1,4,0,129,129,17,0,0,0,0,30,74,129,40,0,0,0,0,13,44,54,3,0,4,32,8,4,1,0,0,0,1,56,73,13
44,1,0,0,0,0,1,26,38,48,3,0,0,0,0,5,37,127,45,0,0,0,0,4,1,91,42,0,0,0,0,0,72,6,0,0,0,0,20,127,116,37,4,0,0,0,0,53,127,51,3,0,0,0,0,63,16,9,2,0,0,0,1,5,127,120,9,2,0,0,3,78,103,127,37,0,0,0,0,19,74,127,13,0,1,4,0,9,10,6,0,0,3,55,26,1,98,127,23,0,0,0,0,15,107,24,1,0,0,0,0,120,42,18,1,2,17,7,0,57,0,0,1,21,74,65,12,1
87,25,6,14,63,25,10,71,122,52,7,0,0,0,0,78,75,75,42,0,0,0,0,1,7,38,101,0,0,0,0,0,47,122,122,43,27,1,0,7,122,122,65,0,0,0,0,15,78,101,56,0,0,4,5,0,12,9,5,0,0,3,18,4,11,22,52,1,0,0,1,2,122,19,6,0,0,0,1,45,50,13,9,2,53,56,25,14,30,8,4,3,16,32,76,45,2,1,3,4,9,36,68,4,67,1,0,0,0,13,122,85,27,5,8,7,41,24,122,78,31,49,43,8,15,6,22,27
30,11,0,0,0,0,0,0,155,10,0,0,0,0,0,30,155,0,0,0,0,0,0,65,23,0,0,0,0,0,0,4,34,2,0,0,0,0,1,25,128,2,0,0,0,0,2,59,155,8,0,0,0,0,0,74,47,1,0,0,0,0,0,9,5,0,0,0,0,0,18,72,155,30,0,0,0,0,5,59,155,92,0,0,0,0,0,4,39,9,0,0,0,0,0,0,9,22,7,0,0,0,3,14,155,137,0,0,0,0,0,16,155,125,0,0,0,0,0,0,11,7,1,0,0,0,0,0
43,0,0,0,0,0,5,86,47,0,0,0,0,0,1,106,20,7,1,0,1,1,4,36,1,10,25,10,9,3,1,0,39,0,0,1,1,0,2,104,134,7,0,0,0,0,0,87,82,79,2,0,0,0,0,6,1,121,34,0,0,0,0,0,57,2,3,26,8,0,0,33,134,5,0,0,0,0,0,67,134,108,2,0,0,0,0,18,42,134,12,0,0,0,0,1,16,5,16,75,5,0,0,2,134,8,7,3,0,0,0,76,134,29,0,0,0,0,0,74,134,134,2,0,0,0,1,12
0,0,0,0,3,14,3,1,6,4,7,9,13,11,2,2,160,9,9,7,2,0,0,59,160,0,0,0,0,0,0,116,3,0,0,0,17,25,2,1,62,23,8,6,3,7,1,5,138,11,15,33,0,0,0,61,160,0,0,0,0,0,0,160,6,0,0,1,5,35,12,4,136,10,1,3,1,4,2,19,54,7,5,39,8,0,0,15,160,1,0,5,1,0,0,160,8,17,9,8,1,2,3,2,117,28,4,6,0,0,0,2,34,11,4,22,9,0,0,0,118,12,4,7,1,0,0,45
0,0,103,36,0,0,78,27,0,0,138,60,0,0,49,18,21,78,138,18,0,0,10,10,23,38,5,1,0,0,0,0,0,0,0,3,1,0,138,80,14,0,5,1,0,0,138,138,94,8,11,1,0,0,68,138,15,3,0,0,0,0,0,7,0,0,1,13,35,3,17,5,103,28,1,0,0,0,33,33,138,75,0,0,0,0,5,34,26,6,0,0,0,0,0,0,8,22,29,0,28,9,2,5,84,89,67,0,0,0,2,5,138,90,1,0,0,0,2,5,7,2,0,0,0,0,2,1
0,0,0,1,17,76,59,0,133,0,0,0,7,12,2,50,135,0,0,16,43,0,0,70,4,0,0,71,135,0,0,1,0,3,17,35,14,2,4,0,101,32,32,0,0,0,0,27,135,33,5,9,18,0,0,71,18,3,23,123,135,0,0,3,9,44,135,55,13,0,0,0,13,135,135,0,0,0,0,0,87,135,71,2,1,0,0,4,10,9,36,49,9,0,0,0,55,23,66,2,0,0,0,14,0,22,59,0,0,0,0,0,0,11,15,0,0,0,0,0,0,0,1,0,0,0,0,0
9,0,0,0,53,154,18,7,154,10,0,0,7,50,16,81,44,4,0,0,5,32,33,44,0,0,0,0,8,41,21,0,39,1,0,0,61,154,4,7,154,38,1,1,5,9,1,17,50,16,2,8,55,39,17,5,0,0,0,0,8,55,72,0,49,0,0,0,40,63,6,13,154,7,0,0,5,4,2,30,57,2,0,5,138,56,2,8,0,0,0,5,57,68,32,0,43,0,0,0,5,43,8,16,154,1,0,0,4,1,1,61,41,0,0,26,105,4,0,11,0,0,0,31,83,4,0,0
61,0,0,6,67,15,1,27,155,0,0,0,0,0,0,120,75,0,0,0,3,6,1,27,0,0,0,0,7,9,0,0,52,10,19,28,33,37,4,21,155,20,3,0,0,0,0,75,135,0,0,0,0,7,9,33,0,0,0,0,0,6,8,4,15,31,155,141,3,0,0,0,155,152,73,9,0,0,0,3,111,23,3,0,0,1,3,8,0,0,2,0,0,0,4,4,0,4,104,85,5,0,0,0,20,107,77,15,0,0,0,0,13,37,8,2,2,0,0,0,0,4,4,3,3,0,0,0
8,3,11,152,21,0,0,4,108,13,8,49,3,0,0,32,152,104,15,0,0,0,0,16,86,63,3,8,6,0,0,2,28,2,3,152,35,0,2,39,100,7,10,152,53,0,0,13,152,73,9,12,0,0,0,23,50,45,11,12,1,0,0,6,38,45,8,16,9,0,2,18,33,25,77,152,37,2,0,2,152,34,30,44,12,2,1,41,45,2,1,4,0,0,0,10,33,19,1,0,0,0,1,17,13,6,12,25,52,19,11,21,22,1,2,14,50,14,3,16,2,0,0,0,0,0,0,1
8,7,0,1,14,61,13,1,40,30,0,0,1,22,25,15,17,16,2,0,8,59,13,4,4,14,12,5,6,4,0,0,2,0,0,1,18,30,10,2,14,1,0,0,7,56,75,17,123,12,1,0,0,19,30,24,21,8,14,17,1,0,0,0,5,3,2,2,14,41,13,1,35,5,1,3,47,61,23,17,158,15,0,0,1,3,25,66,24,2,5,5,0,0,11,37,7,1,0,0,35,57,15,7,5,0,0,1,109,161,161,49,14,0,0,0,2,20,161,161,1,0,0,0,0,0,161,161
99,9,6,34,2,0,0,33,163,111,14,0,0,0,0,20,131,104,5,6,4,0,0,1,12,5,4,36,24,0,0,0,89,6,7,163,42,0,0,14,163,79,7,9,0,0,0,29,91,80,19,20,1,0,0,8,6,3,2,2,0,0,0,3,26,20,69,163,33,0,0,1,163,45,36,50,8,1,0,47,99,6,4,10,0,0,0,21,0,0,0,0,0,0,0,0,12,7,21,37,50,17,7,14,47,4,6,23,61,18,6,26,11,0,0,0,0,0,0,5,0,0,0,0,0,0,0,0
29,6,0,1,8,11,1,2,60,20,1,5,17,0,0,0,147,109,0,1,4,0,0,0,32,48,0,0,0,0,0,0,41,23,1,3,5,1,3,5,82,25,0,2,24,7,0,4,153,19,0,0,2,1,0,7,44,3,0,0,0,0,0,3,58,13,0,0,1,2,40,61,72,10,0,0,29,22,49,24,153,5,0,0,1,0,2,21,49,5,0,0,0,0,0,2,12,3,0,0,18,61,153,94,25,0,0,1,6,39,153,153,153,0,0,0,0,0,25,153,47,0,0,0,0,0,0,22
2,0,0,1,20,21,117,56,16,5,0,0,0,0,117,117,2,1,1,1,0,2,117,56,7,1,0,0,0,0,69,77,28,16,3,42,69,6,14,12,117,99,15,5,0,0,11,43,17,42,71,55,1,3,37,17,9,68,60,3,0,0,28,42,27,2,0,93,113,0,0,9,117,17,2,3,4,0,1,117,45,20,19,25,7,1,7,63,52,55,25,2,0,0,0,5,2,0,0,117,117,0,0,5,47,3,2,23,19,0,1,117,50,4,0,0,0,0,4,117,58,1,0,0,0,0,0,55
51,7,0,4,13,3,2,30,52,19,6,18,17,4,2,2,194,101,2,0,0,0,0,2,56,24,0,0,0,0,0,1,40,3,2,3,8,7,9,137,99,3,1,2,9,20,11,30,194,11,0,0,0,0,1,12,74,4,0,0,0,0,0,1,43,43,85,29,6,1,2,35,117,20,12,8,5,6,1,11,194,8,1,0,0,0,0,15,69,0,0,0,0,0,0,9,0,2,26,11,4,11,41,16,72,33,2,2,6,11,7,6,194,72,0,0,0,0,0,9,52,4,0,0,0,0,0,5
1,93,91,5,1,43,8,0,90,74,136,30,5,2,0,3,136,52,4,0,0,0,0,12,43,8,0,0,0,0,0,3,37,136,57,9,11,9,2,1,42,26,65,67,109,27,2,13,136,16,2,6,9,2,1,57,50,2,1,0,0,1,8,22,21,87,56,10,4,4,1,1,17,17,58,136,50,6,0,1,136,93,10,45,9,0,0,5,37,37,35,28,2,1,3,3,4,58,26,5,3,0,0,0,4,5,16,64,88,0,0,0,136,38,2,23,33,0,0,19,47,18,9,25,2,0,4,15
7,0,0,6,11,36,101,45,59,14,0,0,0,0,28,96,15,34,19,15,10,2,24,11,0,0,4,38,68,38,22,2,22,12,26,91,49,8,10,26,126,81,12,3,0,0,1,60,55,59,12,19,61,7,0,4,12,57,22,41,74,1,0,0,6,6,26,59,70,12,2,4,126,22,9,6,22,13,11,126,54,4,0,5,29,26,15,60,126,100,9,12,13,5,4,3,7,15,24,68,76,10,1,2,111,32,51,58,55,14,6,113,78,18,4,3,5,21,11,66,126,93,0,1,2,8,7,8
3,0,0,5,21,8,72,49,31,0,0,0,1,3,51,133,73,7,3,0,0,0,38,133,2,2,5,6,0,0,102,94,17,5,1,45,36,2,3,13,42,3,0,29,41,7,29,133,133,21,7,2,0,0,7,133,26,7,29,36,0,1,9,9,30,9,7,50,20,0,0,4,66,65,12,94,75,1,2,8,133,133,3,3,1,0,2,23,29,12,5,2,0,2,8,10,33,4,4,20,4,10,20,56,42,125,42,75,7,0,3,28,72,133,26,0,0,0,0,0,3,39,25,0,0,0,0,0
0,1,4,11,18,12,46,12,17,1,0,1,7,10,98,99,4,0,0,2,8,6,135,135,21,0,0,0,0,0,75,135,17,3,4,32,95,7,0,4,93,13,1,10,49,8,3,12,22,5,1,31,90,9,21,39,97,0,0,0,8,2,9,135,24,3,1,3,104,38,12,12,115,34,4,4,54,13,1,16,30,4,0,10,135,30,2,11,75,0,0,0,27,14,9,95,3,29,12,1,12,21,26,3,17,58,9,1,8,63,26,0,10,12,1,0,73,135,20,5,94,40,1,1,17,26,3,28
13,18,4,25,95,34,1,1,63,134,22,8,15,14,1,0,7,73,45,0,11,49,10,1,7,19,29,2,1,33,19,1,18,13,8,97,98,0,0,0,134,43,3,10,30,4,0,4,46,18,1,7,114,45,5,2,84,53,17,10,20,6,3,2,8,3,10,134,131,0,0,0,93,11,21,39,25,8,2,21,53,13,2,8,89,21,1,7,101,16,0,3,24,3,3,21,0,0,74,134,23,0,0,0,7,5,134,134,6,1,0,1,10,12,68,84,18,1,0,1,22,10,21,8,1,2,5,16
0,0,26,135,30,2,0,0,1,10,135,111,1,0,8,7,1,19,135,102,3,15,16,1,0,0,133,126,8,35,27,5,0,0,2,44,32,4,0,0,48,29,45,43,10,0,0,1,135,77,135,48,0,0,0,13,13,11,135,135,4,1,1,3,0,0,14,24,11,0,0,0,36,15,32,31,5,0,0,1,135,17,5,0,0,0,0,35,42,2,10,12,12,10,5,18,0,0,56,11,0,0,0,0,6,12,44,24,0,0,0,0,121,36,7,0,0,0,0,5,44,11,5,2,1,0,0,5
1,0,0,0,71,114,10,8,95,6,0,0,10,38,17,56,42,8,5,14,27,9,0,4,3,2,15,47,50,5,4,11,20,3,3,43,135,79,5,8,135,32,1,6,29,20,6,31,78,26,3,18,45,7,1,6,31,28,59,54,16,1,4,15,24,11,10,135,135,13,8,11,135,19,5,40,47,0,0,45,82,4,3,52,56,2,8,36,16,7,21,20,11,2,58,87,2,1,4,55,102,30,19,10,100,1,1,50,61,2,2,89,71,1,11,37,8,0,22,106,0,0,61,46,3,1,29,19
147,15,0,0,0,3,2,85,147,15,0,0,0,0,0,147,26,0,0,0,0,0,0,47,0,0,0,0,0,0,0,3,122,45,2,0,0,2,1,42,147,35,0,0,0,0,0,125,116,1,0,0,0,0,0,51,2,0,0,0,0,0,6,16,67,134,30,1,0,0,0,0,147,61,4,0,0,0,0,4,138,3,0,0,0,0,0,11,1,0,0,0,2,24,16,9,15,42,24,9,21,3,0,2,147,3,1,1,4,0,0,22,109,1,0,0,3,4,1,15,0,0,0,0,34,53,2,0
17,2,2,29,17,3,33,125,21,1,4,10,17,16,40,95,17,23,10,5,6,11,12,2,116,125,1,0,0,0,0,0,29,5,6,117,65,1,2,31,125,13,7,10,1,0,3,67,80,49,19,4,0,0,0,3,125,125,1,0,0,0,0,0,8,5,14,87,35,0,0,3,125,29,19,23,2,0,0,13,125,83,3,0,0,0,0,17,125,125,2,2,0,1,3,3,2,0,1,13,14,4,18,19,53,13,4,7,4,1,3,3,125,49,0,0,0,0,0,19,105,38,3,0,0,2,13,35
35,6,4,28,15,2,10,121,20,8,20,25,18,11,26,109,6,3,2,7,18,24,31,13,40,75,8,9,17,11,6,0,17,1,1,103,99,3,5,57,121,7,2,11,10,6,19,121,36,30,18,11,5,6,7,7,120,121,3,0,0,0,1,0,10,5,9,90,75,0,0,4,121,42,17,33,7,0,0,7,107,76,12,3,0,0,0,5,121,121,3,1,0,0,0,0,5,1,3,23,22,2,6,12,60,26,8,14,5,0,0,3,121,113,0,0,0,0,0,9,100,99,1,1,1,2,9,11
1,2,0,0,0,60,126,2,0,1,2,1,0,77,126,2,0,0,2,5,2,16,126,27,0,0,0,0,0,1,117,126,28,3,0,2,6,40,98,13,79,44,35,15,1,15,35,18,2,7,40,111,34,10,25,3,11,0,0,27,34,7,37,77,46,12,0,4,6,4,53,52,117,33,4,3,2,8,26,51,5,2,4,41,63,36,43,12,5,1,2,39,75,11,2,6,28,25,2,1,0,0,126,126,31,31,5,0,0,11,126,126,5,1,2,7,9,15,64,76,0,0,19,39,30,8,14,14
3,9,1,11,116,64,1,0,26,88,19,4,5,6,1,2,18,39,23,27,39,3,0,1,14,0,1,34,122,12,10,35,16,21,7,71,122,5,0,0,103,106,15,12,3,2,2,12,6,19,28,70,39,29,12,3,0,0,9,101,125,40,32,9,8,2,6,125,64,0,0,0,61,6,13,52,7,21,31,47,4,1,0,6,22,125,62,11,0,1,1,72,125,51,29,0,0,0,18,122,16,0,0,0,0,0,49,125,9,6,4,1,1,5,24,120,17,26,8,0,3,15,32,49,43,2,1,0
22,9,0,0,13,104,76,11,52,0,0,0,0,20,109,113,33,0,0,0,0,0,2,31,1,0,0,0,0,0,0,1,34,0,0,0,132,151,26,23,151,7,0,0,4,20,26,68,130,4,0,0,0,0,0,10,4,0,0,0,0,0,0,1,52,21,1,1,83,102,12,12,151,68,0,0,2,2,0,15,130,12,0,0,0,0,0,2,1,1,0,0,0,0,0,0,23,129,19,7,13,11,1,0,127,151,0,0,0,0,0,0,36,28,0,0,0,0,0,0,0,0,2,0,0,0,0,0
26,6,0,0,1,10,14,32,129,29,0,0,0,0,2,129,88,13,0,0,0,1,0,27,1,1,0,0,2,23,4,0,22,36,9,5,8,12,9,8,129,93,0,0,0,0,6,72,123,13,0,0,0,20,53,42,1,13,1,0,1,86,22,1,12,14,7,3,2,8,56,26,101,23,0,0,0,0,77,129,76,64,0,0,0,8,120,127,19,90,5,0,0,14,15,6,7,14,14,0,0,12,65,24,129,36,4,0,0,0,28,62,129,129,0,0,0,0,1,38,16,49,0,0,0,0,0,1
38,34,2,7,6,18,8,17,4,15,39,11,4,9,8,12,78,126,30,0,0,0,3,8,20,126,107,0,0,0,0,0,60,8,3,3,0,0,4,72,107,126,84,3,0,0,0,16,45,126,101,0,0,0,0,5,14,86,19,0,0,0,0,1,50,126,59,5,0,0,0,15,126,98,84,1,0,0,0,55,59,43,16,0,0,0,20,93,1,5,1,0,0,0,45,26,45,126,43,0,0,0,0,0,10,52,126,7,0,0,0,2,8,10,78,16,0,0,11,16,0,2,40,9,0,0,29,15
16,10,3,1,1,0,0,0,3,0,1,3,4,3,0,1,36,5,0,0,0,0,0,4,10,3,0,1,9,3,0,0,3,8,2,3,7,16,1,0,7,0,0,0,5,21,4,3,60,5,0,0,0,0,1,7,15,2,0,1,22,16,2,0,0,0,0,6,37,31,6,0,11,0,0,0,0,24,35,12,38,6,0,0,0,73,129,15,4,1,0,0,5,164,164,1,0,0,0,0,31,93,13,0,0,0,0,0,1,164,154,3,0,2,0,0,0,164,164,2,0,33,23,0,0,164,164,2
49,0,0,0,5,22,18,45,4,5,5,3,28,87,13,4,5,10,49,99,48,18,1,2,0,0,11,138,63,0,0,0,34,0,0,0,0,14,53,120,26,5,1,1,6,39,47,45,111,33,34,60,5,0,3,53,4,6,12,138,65,0,0,0,127,14,1,1,0,0,1,40,60,21,10,21,8,4,3,11,138,51,10,17,1,0,0,40,32,15,18,138,54,0,0,3,138,34,3,1,0,0,5,83,29,20,12,25,10,0,0,3,138,27,2,4,1,0,0,37,90,30,21,81,41,2,0,6
56,19,3,0,0,0,0,9,109,100,0,0,0,0,0,1,127,88,0,0,0,0,0,9,73,9,0,0,0,0,0,14,58,50,13,0,0,0,0,3,127,103,0,0,0,0,0,5,81,127,3,0,0,0,0,2,47,41,0,0,0,0,0,0,58,17,3,0,0,0,0,123,127,13,0,0,0,0,0,88,127,33,0,0,0,0,0,58,26,20,0,0,0,0,0,1,87,10,0,0,0,0,4,127,127,109,2,0,0,0,0,68,127,76,2,0,0,0,0,22,22,8,0,0,0,0,0,0
0,0,0,0,2,71,54,32,6,0,0,0,0,9,111,126,109,8,0,0,0,10,126,87,117,8,0,0,0,0,8,45,2,1,4,17,21,43,7,5,34,4,2,2,2,23,56,70,126,14,0,0,0,2,32,83,115,6,0,0,0,0,25,126,0,7,7,18,63,49,2,0,39,126,3,1,7,41,18,4,126,78,1,0,0,0,9,69,12,0,0,0,0,0,72,126,0,69,7,9,69,35,0,0,2,126,12,1,3,1,0,0,4,40,7,6,0,0,1,3,2,0,1,2,0,0,12,26
24,5,4,1,0,0,0,14,51,49,31,14,0,0,0,0,112,153,58,3,0,0,0,0,8,153,71,0,0,0,0,0,51,26,5,0,0,0,0,9,140,30,18,0,0,0,0,6,153,51,0,0,0,0,0,32,49,22,2,0,0,0,0,5,41,5,2,1,0,0,1,49,129,64,4,0,0,0,0,19,153,54,0,0,0,0,0,57,68,1,0,0,0,0,0,37,30,26,10,2,0,0,1,9,153,87,1,0,0,0,0,3,136,120,0,0,0,0,0,5,62,19,0,0,0,0,0,6
1,5,44,27,14,43,54,1,15,112,59,3,0,3,83,10,39,115,115,11,0,3,49,26,1,10,115,115,26,12,37,5,20,23,60,21,30,8,2,7,53,58,37,2,0,0,2,25,115,40,10,2,0,3,13,115,9,2,11,35,85,37,21,27,1,8,115,69,5,0,0,0,11,36,105,43,0,0,0,1,72,78,22,0,0,0,1,9,10,9,8,30,21,7,2,5,0,0,102,106,2,0,0,0,0,15,115,73,0,0,0,0,1,42,115,0,0,0,0,0,0,13,110,21,0,0,0,0
0,1,0,0,0,152,50,4,62,0,0,0,0,83,150,96,52,0,0,0,0,8,35,59,0,0,0,0,2,11,5,4,16,8,0,0,9,152,25,5,152,38,0,0,0,60,35,54,152,4,0,0,0,0,2,36,1,0,0,0,10,12,6,9,24,64,19,0,13,94,0,0,152,70,2,0,0,2,0,28,123,1,0,0,0,0,3,54,1,0,0,0,1,4,13,8,4,48,47,0,1,1,0,0,142,26,7,0,0,0,0,30,105,0,0,0,0,0,0,65,8,6,0,0,0,0,0,6
2,1,0,10,123,3,0,0,68,101,18,6,62,0,0,0,9,85,123,4,0,0,0,0,7,73,35,1,0,0,0,0,8,5,1,31,123,1,0,0,123,123,17,18,56,1,1,13,39,59,80,36,26,25,5,5,1,10,24,11,7,13,12,2,5,0,0,29,123,0,0,1,123,9,0,13,70,6,21,123,29,2,0,2,17,115,79,65,2,0,0,0,2,30,74,23,0,0,0,15,123,2,0,0,19,0,0,11,110,7,11,89,21,0,0,0,1,21,37,79,23,4,0,0,1,8,16,14
29,0,0,29,56,6,6,34,11,21,22,127,108,4,1,8,42,53,44,7,0,0,0,37,7,5,21,4,14,5,8,34,43,15,1,3,34,8,4,19,19,9,5,19,132,14,0,5,95,42,43,5,6,0,0,17,9,7,76,24,1,0,0,2,22,5,0,0,21,38,44,71,32,10,0,0,81,132,49,46,130,62,2,1,3,2,7,46,16,10,10,12,0,0,0,4,29,39,3,6,63,37,31,64,50,2,0,8,132,132,72,132,132,10,0,1,2,4,13,132,9,3,1,13,7,0,0,39
0,0,0,2,13,22,9,1,7,0,0,1,6,9,30,27,83,29,1,2,10,2,5,24,9,13,2,9,143,49,0,0,0,0,5,13,25,1,0,0,29,1,0,9,70,19,9,20,143,6,0,0,36,24,6,37,19,1,0,2,143,143,2,0,4,4,4,18,28,0,0,0,43,13,1,31,109,1,0,1,143,23,0,2,84,71,4,7,5,0,0,0,143,143,6,0,2,10,4,11,21,0,0,0,26,18,3,28,74,0,0,0,68,20,1,2,137,55,0,1,0,0,0,0,143,84,0,0
1,0,0,0,0,1,45,118,13,0,0,0,0,0,5,118,45,0,0,1,0,0,0,118,31,1,2,39,3,0,0,50,55,11,3,8,14,4,21,113,118,8,0,0,0,0,0,118,118,4,0,0,0,0,0,95,106,2,0,8,0,0,0,118,50,104,26,10,5,0,0,6,118,118,5,0,0,0,0,5,102,37,2,0,0,0,1,8,57,1,0,0,0,0,6,115,118,93,10,5,1,0,0,17,24,118,57,9,4,1,0,0,8,20,16,7,10,17,9,2,4,0,0,0,0,7,35,41
15,17,9,32,154,90,24,12,154,0,0,9,90,36,1,35,84,5,3,0,0,0,0,6,0,1,9,0,0,0,0,0,13,0,0,0,78,154,88,7,154,10,0,0,45,49,2,17,133,22,9,0,0,0,0,2,0,3,22,2,0,0,0,0,27,9,3,16,31,46,39,11,154,12,2,9,15,9,0,17,153,5,2,0,0,0,0,16,3,3,7,2,0,0,0,5,38,48,22,36,3,0,0,1,154,37,18,27,1,0,0,7,109,0,0,0,0,0,2,26,1,0,0,0,0,0,8,14
132,98,0,0,0,0,0,0,125,123,0,0,10,12,2,1,34,5,0,0,4,11,12,24,11,1,0,5,7,3,4,4,132,132,0,0,2,0,0,0,89,75,0,0,70,53,2,4,111,1,0,0,12,24,5,18,22,1,0,3,2,8,6,5,132,132,6,0,30,5,0,0,41,30,3,0,132,66,0,3,132,1,0,0,10,12,2,14,27,0,0,0,4,9,5,10,82,109,3,1,71,12,0,0,20,11,4,15,132,24,0,0,80,11,1,1,1,1,2,8,15,0,0,0,0,0,4,10
0,1,5,18,20,0,0,0,33,0,0,22,58,7,4,25,158,0,0,0,58,22,4,60,4,0,0,0,165,111,2,2,5,4,4,27,16,0,0,1,37,4,2,74,83,0,0,1,165,4,1,6,99,22,0,27,3,0,0,7,165,59,0,2,5,11,7,20,10,0,0,1,14,12,4,70,73,0,0,0,103,18,4,14,101,9,0,6,3,0,0,23,165,8,0,0,2,2,1,3,2,0,4,12,2,4,7,32,31,0,0,2,17,12,11,16,75,11,0,1,0,0,0,15,165,14,0,0
1,8,18,0,0,0,3,9,35,56,9,0,0,1,1,0,139,90,0,0,0,0,0,0,67,21,1,0,0,0,0,0,7,17,45,0,0,0,3,37,53,58,34,0,0,0,0,5,139,42,0,0,0,0,0,4,80,16,1,0,0,0,0,5,3,1,1,0,0,0,70,139,38,5,3,0,0,0,38,139,139,1,0,0,0,0,0,65,70,0,0,0,0,0,0,38,0,0,1,11,3,4,139,104,7,0,0,0,0,0,135,139,110,0,0,0,0,0,16,139,70,8,0,0,0,0,0,39
15,8,2,0,12,33,24,66,49,0,0,0,0,0,13,131,42,1,0,0,0,0,16,54,112,13,0,0,0,0,1,19,42,0,0,0,18,81,23,41,131,1,0,0,0,0,3,84,131,15,0,0,0,0,0,20,131,56,0,0,0,0,0,0,54,58,27,12,16,23,6,10,131,85,1,0,0,0,0,9,131,36,0,0,0,0,0,0,131,50,0,0,9,3,0,0,4,83,111,11,0,0,0,0,49,131,16,0,0,0,0,0,131,78,0,0,0,0,0,0,79,41,0,0,23,4,0,0
0,0,3,104,69,0,0,0,139,28,17,55,6,0,0,11,139,3,0,0,0,1,2,45,14,2,3,5,3,9,36,16,0,0,4,80,26,1,5,15,114,21,38,89,2,0,0,10,139,23,7,3,0,0,0,46,38,42,58,15,3,3,3,4,22,28,8,13,1,0,1,16,33,104,104,30,0,0,0,1,139,88,48,10,2,0,0,42,131,45,14,0,0,0,0,43,8,81,48,2,0,0,0,0,30,139,26,1,0,0,0,0,30,38,27,55,9,0,0,13,139,5,3,13,1,0,0,57
2,1,2,1,8,128,26,1,2,17,43,14,15,128,12,0,31,128,57,2,4,30,2,1,33,128,34,3,0,0,0,0,66,4,2,0,0,82,61,30,31,12,27,8,3,57,63,27,128,46,8,0,0,4,12,61,101,24,1,1,0,0,1,47,39,14,5,8,8,42,59,17,87,63,1,0,0,38,75,27,128,91,0,0,0,1,3,24,72,16,0,0,0,0,1,43,1,25,79,63,11,8,2,0,45,128,41,1,0,1,1,1,58,128,0,0,0,0,0,0,20,107,5,0,0,0,0,0
2,7,15,11,0,0,0,0,31,34,7,1,0,0,0,2,92,7,4,1,0,0,0,22,121,6,0,0,0,0,0,36,3,7,21,56,19,3,2,1,44,80,22,14,0,0,1,3,40,20,36,51,0,0,0,17,123,16,5,1,0,0,0,62,8,1,1,78,123,25,18,22,120,17,3,4,3,3,10,84,42,42,63,35,0,0,0,11,82,98,52,3,0,0,0,2,8,4,12,123,123,2,1,7,123,123,19,37,12,0,1,37,43,123,123,5,0,0,0,4,4,90,123,12,0,0,0,0
11,9,66,58,0,0,4,40,134,22,20,12,0,0,0,134,126,4,0,0,0,0,1,134,6,0,1,1,0,4,19,20,11,5,20,33,2,2,31,25,134,122,27,11,0,0,2,30,134,45,0,0,0,0,32,134,12,0,0,0,0,19,134,53,53,5,0,0,0,0,29,49,134,23,0,0,0,0,2,43,55,4,0,0,0,1,47,93,13,0,0,0,0,8,91,54,93,45,0,0,0,0,0,7,102,57,0,0,0,0,1,10,12,0,0,0,0,2,24,38,0,0,0,0,1,9,36,23
13,0,0,0,0,1,7,5,34,59,6,3,0,0,0,2,57,118,2,0,0,1,3,2,12,13,0,0,0,8,27,4,21,1,0,0,0,1,6,11,147,66,0,0,0,1,1,17,36,50,0,0,3,57,11,3,0,0,0,0,0,116,56,0,26,4,0,0,0,7,46,27,158,10,0,0,1,8,9,56,22,1,0,0,38,142,14,13,0,0,0,0,11,158,33,0,47,8,0,0,0,0,21,124,87,15,0,0,1,43,72,45,5,0,0,0,29,158,118,6,0,0,0,0,12,158,65,0
0,0,0,84,36,0,0,0,142,4,4,43,8,0,0,68,142,0,0,0,0,0,0,110,7,0,0,1,5,0,0,3,0,0,0,69,24,5,5,0,110,8,1,67,59,3,0,33,142,13,0,1,1,0,0,103,34,0,0,2,3,0,0,7,0,1,5,4,11,33,98,0,99,79,6,10,36,26,29,15,142,136,1,0,0,0,12,48,34,1,0,0,2,0,4,29,1,26,87,7,0,6,21,0,65,40,82,13,0,1,10,32,93,17,3,4,0,0,50,133,76,4,0,0,0,0,9,53
8,146,144,4,7,3,0,0,79,146,11,0,2,2,3,79,44,1,0,0,0,0,67,146,0,0,0,0,0,3,60,146,44,73,31,21,15,7,7,40,43,14,0,3,17,5,1,20,110,18,1,4,6,0,12,62,4,3,1,9,15,3,36,146,21,16,84,125,7,1,0,8,36,8,16,44,7,0,0,5,123,9,0,6,7,1,8,31,5,1,4,22,23,5,13,30,0,0,36,74,0,0,0,0,7,3,28,146,11,0,0,1,37,16,8,25,5,0,5,14,1,0,0,1,3,3,14,8
1,5,2,14,14,1,1,0,8,26,2,0,0,2,7,4,25,83,22,0,0,0,2,5,1,68,78,1,0,0,0,0,1,4,4,54,55,25,5,1,35,8,0,0,8,92,73,35,157,77,12,0,0,4,21,60,37,52,66,33,1,0,0,0,0,0,1,14,91,157,4,0,113,12,0,0,25,110,15,13,157,45,0,0,0,1,3,52,74,17,22,19,0,0,1,27,1,5,0,0,4,143,9,0,85,7,0,0,0,13,4,17,157,0,0,0,0,0,0,106,86,0,0,0,0,0,1,66
8,16,1,0,0,0,1,1,10,62,14,0,0,0,0,0,0,106,51,0,0,0,0,0,2,118,31,0,0,0,0,0,14,22,0,0,0,26,28,17,145,119,22,0,0,4,14,49,27,111,118,25,0,0,0,0,15,48,27,14,0,0,0,0,39,1,0,3,39,121,33,22,148,19,1,0,0,12,17,90,122,27,47,34,0,0,1,20,5,6,81,47,0,0,0,2,43,2,0,0,24,61,3,9,148,2,0,0,0,0,0,131,115,2,3,0,0,0,4,125,24,2,15,18,1,0,0,23
29,0,0,0,0,0,39,97,143,0,0,0,0,0,24,164,43,0,0,0,0,2,59,124,0,0,0,0,0,5,60,19,50,0,0,0,0,0,44,66,164,9,0,0,0,0,1,70,112,10,0,0,0,0,1,47,7,0,0,0,0,0,15,37,115,6,0,0,0,1,29,35,164,26,0,0,0,0,0,22,110,18,5,0,0,0,0,12,11,10,1,0,0,0,0,7,147,3,0,0,0,0,1,8,164,10,0,0,0,0,0,46,72,6,1,0,0,0,1,68,9,28,6,0,0,0,0,11
96,115,0,0,0,0,1,26,46,9,0,0,0,0,42,141,110,0,0,0,0,0,46,152,16,0,0,0,0,8,77,72,29,30,0,0,0,1,30,24,61,2,0,0,0,1,62,63,152,21,0,0,0,0,3,56,50,8,0,0,0,0,5,38,3,0,0,0,0,5,57,12,152,12,0,0,0,2,31,23,152,33,0,0,0,0,0,31,42,13,3,0,0,0,0,20,23,0,0,0,0,1,15,22,152,14,0,0,0,0,0,6,152,73,11,0,0,0,0,23,27,80,24,0,0,0,1,27
0,0,0,0,0,41,159,5,1,0,0,0,0,18,159,22,0,0,0,0,0,5,159,37,0,0,0,0,0,0,159,132,4,2,2,0,0,1,78,6,52,9,0,0,0,0,67,31,10,5,7,1,0,2,63,12,5,2,4,0,0,0,49,54,2,5,75,0,0,0,0,0,36,18,55,0,0,0,1,9,6,3,40,0,0,0,22,9,0,0,28,0,0,0,25,2,0,1,159,14,0,0,0,0,0,26,159,5,0,0,0,0,0,7,159,8,0,0,0,0,0,0,148,14,0,0,0,0
15,0,0,0,1,0,0,0,47,1,0,0,0,0,0,2,94,0,0,0,0,0,0,5,18,0,0,0,0,0,0,1,18,0,0,0,2,0,2,3,57,0,0,0,0,0,0,3,118,3,0,0,0,0,0,5,24,0,0,0,0,0,0,2,6,0,0,0,0,0,121,126,42,1,0,0,0,0,44,76,95,8,0,0,0,0,2,32,14,0,0,0,0,0,0,11,0,0,0,0,0,0,175,175,4,0,0,0,0,0,175,175,16,0,0,0,0,0,139,175,2,0,0,0,0,0,34,70
0,2,10,18,39,0,0,0,133,24,12,1,0,0,0,0,204,13,0,0,0,0,0,7,51,0,0,0,0,0,0,2,0,0,14,25,39,0,0,0,152,13,13,7,1,0,0,2,204,9,0,0,0,0,0,24,53,0,0,0,0,0,0,9,0,0,0,9,55,0,0,0,143,9,2,4,1,0,0,1,204,10,0,0,0,0,0,25,45,1,0,0,0,0,1,16,0,1,13,21,33,0,0,0,92,17,23,0,0,0,0,1,204,21,0,0,0,0,0,8,42,16,0,0,0,0,0,1
0,0,17,43,22,0,0,0,128,13,12,13,0,0,0,11,206,5,0,0,0,0,0,31,30,1,0,0,0,0,0,1,0,0,8,60,43,0,0,0,128,3,6,33,25,0,0,14,206,9,0,0,0,0,0,33,60,2,0,0,0,0,0,2,0,0,0,22,89,0,0,0,93,28,12,24,16,0,0,1,206,33,2,1,0,0,0,16,78,0,0,0,0,0,0,3,0,0,5,24,66,0,0,0,64,15,15,4,1,0,0,1,206,7,0,0,0,0,0,14,65,0,0,0,0,0,0,4
6,9,26,5,0,0,0,1,133,88,26,3,0,0,3,21,106,26,8,13,1,0,4,24,0,10,46,17,0,0,0,1,0,4,71,36,9,13,34,4,70,39,70,42,54,82,65,68,132,8,0,0,1,8,51,133,20,1,0,0,0,0,0,10,0,0,0,2,4,25,133,24,90,16,0,2,32,133,106,18,133,69,0,0,1,8,7,40,33,6,0,0,4,14,3,4,0,0,0,0,0,0,47,27,76,5,0,0,0,2,24,50,133,14,0,0,0,0,33,133,27,0,0,7,38,24,11,58
43,80,80,4,4,1,6,16,15,16,55,100,70,31,15,3,0,1,117,46,8,10,62,5,7,20,117,8,0,0,50,11,0,9,25,1,15,9,27,14,5,6,21,35,84,117,75,21,88,20,80,11,4,17,68,106,15,5,84,5,21,14,0,4,78,28,11,5,12,2,71,101,26,24,91,111,82,21,6,14,91,115,83,18,4,7,6,19,15,6,0,14,34,14,22,0,46,72,53,0,0,0,54,16,16,10,19,6,0,0,21,22,0,8,17,3,29,20,1,1,0,0,8,16,47,81,95,0
45,17,55,79,56,0,0,0,90,99,63,19,6,5,13,2,21,7,0,17,29,2,16,9,9,23,56,83,58,7,8,2,27,19,23,13,19,6,0,0,6,17,27,24,90,111,83,21,75,21,5,7,26,36,85,117,18,3,11,10,77,105,68,33,0,2,0,8,17,3,25,12,5,20,90,117,84,18,5,7,68,110,89,22,75,6,4,18,59,4,0,6,119,21,4,9,69,0,0,0,10,22,63,85,26,1,16,6,0,15,27,19,0,5,16,6,62,3,29,15,37,8,9,35,119,0,0,1
80,77,40,0,0,0,13,30,19,5,1,4,0,8,17,3,0,0,30,16,34,17,19,6,0,2,36,25,64,84,55,0,20,31,29,1,16,7,0,14,5,6,5,20,90,116,86,17,86,21,8,21,27,23,90,109,14,4,107,87,45,9,2,4,38,14,0,6,15,7,36,7,4,17,69,110,90,26,62,4,85,114,75,20,5,7,33,36,16,9,13,2,2,31,32,4,1,4,20,7,12,61,117,0,1,10,48,4,1,32,117,9,64,35,22,2,7,8,106,103,15,3,13,31,69,74,35,13
119,0,0,1,35,8,10,37,60,4,30,15,0,5,16,6,0,15,27,20,27,1,16,6,11,22,64,85,67,0,0,0,119,20,4,9,58,4,0,7,74,6,4,18,69,110,89,22,84,17,5,7,5,20,90,117,17,3,25,12,0,2,0,8,79,105,68,33,18,3,11,9,27,36,85,116,75,21,5,7,90,110,83,21,6,17,27,24,19,6,0,0,27,19,23,13,56,7,9,2,10,24,57,83,29,2,16,9,20,6,0,18,6,5,13,2,92,98,61,18,57,0,0,0,45,17,56,80
11,10,6,22,62,78,36,3,51,41,47,37,43,39,47,25,75,116,58,9,5,0,4,14,21,12,0,0,0,0,0,0,2,3,46,108,66,12,20,13,55,31,59,85,68,20,50,54,100,37,12,4,4,5,51,116,20,2,0,0,0,1,0,8,101,2,5,19,14,12,51,91,23,20,93,116,64,6,3,9,87,111,78,17,4,9,25,17,18,7,0,0,9,23,36,2,116,11,0,0,13,3,1,9,35,3,16,8,27,16,0,0,0,5,11,1,63,111,105,1,7,0,0,0,7,27,116,19
40,8,0,1,8,15,43,87,9,6,5,45,114,84,24,13,24,50,28,35,36,48,61,68,2,55,45,38,64,55,8,6,70,114,9,4,16,10,7,25,22,19,11,60,114,114,13,17,114,80,48,44,19,22,13,71,16,67,114,49,4,0,0,2,0,61,8,12,14,14,11,0,5,24,69,114,73,22,19,13,71,114,74,21,4,3,2,16,14,18,6,0,0,0,0,0,0,0,0,0,0,94,60,7,9,2,10,6,0,29,85,114,6,13,12,1,0,7,24,65,0,1,0,0,0,3,22,15
0,25,54,18,0,1,0,0,0,9,41,110,1,12,10,1,2,84,110,85,0,2,9,8,3,68,9,0,0,7,0,0,0,0,0,1,15,15,0,0,4,3,3,19,72,110,69,22,69,22,13,6,5,24,69,110,12,5,1,0,24,110,1,13,0,0,0,4,18,63,69,14,10,14,12,101,110,68,53,28,110,77,13,23,23,20,14,86,22,10,17,61,106,82,0,9,33,15,0,0,13,110,57,28,41,39,47,41,26,51,47,43,97,84,41,20,9,16,10,62,28,17,27,48,8,0,0,8
0,0,0,0,0,1,4,0,0,0,2,5,0,9,18,0,0,0,12,43,80,2,17,5,0,1,29,85,108,4,1,0,15,0,0,0,8,18,78,79,7,3,3,5,65,108,95,28,81,16,6,22,20,18,83,108,14,7,107,81,24,0,0,5,55,45,28,18,22,23,63,81,58,59,40,21,80,64,61,35,103,108,47,5,5,21,20,21,18,7,7,0,0,26,83,2,20,37,48,86,32,6,9,2,71,106,73,28,12,5,10,9,25,35,11,23,76,74,24,0,0,6,41,13,18,76,108,0
23,0,0,9,135,34,14,14,135,0,1,3,14,5,11,64,33,4,31,12,0,3,9,5,0,10,17,11,13,0,9,3,31,1,0,31,135,0,0,2,135,4,0,5,37,5,1,32,50,1,0,5,48,97,77,17,43,4,1,2,3,17,81,82,8,13,41,104,135,0,0,0,135,115,57,31,23,1,1,6,31,24,59,106,92,30,9,5,78,83,64,19,7,9,14,27,0,2,21,27,26,48,26,1,23,32,30,6,3,19,64,68,15,6,27,20,6,1,0,18,1,12,25,4,43,53,27,2
6,21,85,106,0,2,3,7,58,94,39,6,0,6,14,18,10,6,0,1,15,15,13,11,0,0,0,16,52,85,40,10,3,4,15,12,12,65,104,31,8,14,14,11,12,107,107,43,63,12,2,12,15,18,70,107,10,0,18,107,51,15,9,9,11,58,73,64,37,31,29,18,18,67,65,81,50,45,24,19,107,54,14,18,11,41,66,64,22,3,5,24,0,64,107,41,0,13,46,25,6,0,0,0,0,11,18,83,107,33,6,2,3,4,17,79,29,41,89,33,45,79,5,3,0,39,53,19
1,1,6,24,73,63,29,5,75,9,9,10,12,20,60,100,24,1,24,65,80,6,6,32,39,76,72,37,24,1,0,0,0,1,24,90,51,34,25,0,49,18,39,59,66,38,49,57,96,19,16,14,3,4,42,107,18,16,39,6,0,0,5,6,18,0,0,2,71,107,74,19,67,53,78,21,41,30,42,48,82,107,61,4,13,19,7,23,16,4,0,0,16,63,81,22,17,0,17,28,107,32,2,21,72,20,26,4,1,1,28,107,43,18,8,0,65,28,9,69,35,6,0,1,107,74,22,15
6,0,0,5,43,69,12,9,9,5,3,5,23,70,106,76,6,2,0,8,99,72,41,65,19,7,2,7,93,46,6,36,16,8,2,27,106,76,6,5,39,78,61,48,57,32,18,35,15,36,68,106,47,67,19,22,5,106,104,16,23,35,0,1,4,9,17,54,105,96,12,6,106,87,33,17,11,24,14,50,46,32,93,88,2,0,0,4,0,82,106,12,0,0,0,0,3,10,51,69,21,0,8,18,21,102,71,11,1,0,0,0,10,23,6,0,0,0,0,0,0,2,3,0,0,0,0,0
1,1,2,0,1,17,109,109,23,0,0,0,0,0,47,109,10,0,0,0,0,0,5,25,0,0,0,0,0,0,3,1,8,60,109,26,5,6,16,36,109,58,31,12,2,6,19,108,49,4,0,0,2,86,89,35,10,0,0,0,0,11,75,84,0,64,69,43,87,22,1,0,40,37,24,29,56,48,61,78,20,35,56,36,31,108,62,41,92,74,32,9,4,13,31,71,12,2,15,60,44,3,4,28,10,78,109,71,23,6,2,5,7,88,100,22,1,10,15,4,9,65,54,7,0,0,12,11
3,0,59,115,31,18,6,0,23,9,44,118,62,9,6,3,118,42,9,11,4,0,0,18,64,3,1,0,0,0,0,3,6,2,6,21,66,118,58,6,66,58,58,42,47,39,47,30,80,118,69,7,1,0,8,19,30,19,0,0,0,0,0,3,4,7,67,118,79,19,7,3,73,34,61,55,39,18,54,50,67,23,6,2,6,7,94,118,38,2,0,0,0,0,1,32,14,0,20,33,7,5,44,53,5,5,58,118,70,6,5,8,82,94,76,26,9,4,10,28,50,19,0,0,0,2,9,6
0,0,5,10,29,96,91,0,15,1,25,9,1,43,121,50,79,3,27,34,3,0,32,101,5,24,94,46,2,0,0,1,7,0,81,121,62,35,14,2,57,9,65,121,34,14,33,26,121,25,6,7,1,0,2,75,30,1,4,0,0,0,0,5,17,3,23,36,51,96,27,3,52,56,54,71,54,53,40,26,108,121,41,6,1,0,15,25,19,7,0,0,0,0,0,5,2,5,33,73,70,22,6,1,49,25,67,57,29,17,37,32,54,23,7,8,9,9,83,103,33,3,0,0,0,0,1,28
231,3,0,0,0,0,0,151,7,16,7,0,0,0,1,1,0,5,12,9,0,0,0,0,0,1,13,9,0,0,0,0,233,12,0,0,0,0,0,113,24,5,1,2,1,2,8,6,7,2,1,2,0,0,5,10,1,0,5,4,1,0,0,0,233,66,0,0,0,0,0,5,26,5,8,10,1,0,0,1,6,10,6,1,0,0,0,1,1,0,0,0,0,0,0,0,233,21,0,0,0,0,0,5,21,0,1,0,0,0,0,6,0,1,1,0,0,0,0,0,0,0,0,0,0,0,0,0
0,0,0,0,0,114,31,0,7,1,0,2,9,55,118,62,9,8,6,39,64,60,37,32,76,49,6,8,7,7,6,38,10,3,0,15,42,118,19,1,106,91,13,6,1,42,38,43,27,48,80,89,23,40,19,22,87,93,35,9,2,4,4,33,14,3,9,118,50,11,0,3,118,62,26,36,1,0,0,60,77,29,64,34,0,22,8,21,4,45,33,4,0,26,49,20,21,2,30,114,3,0,0,4,27,81,86,40,8,15,0,1,22,26,2,0,10,118,21,1,22,24,0,0,0,86,70,41
50,8,11,4,5,11,36,70,18,0,0,0,0,1,21,55,0,0,8,48,1,18,26,4,0,0,141,141,1,4,49,2,24,17,27,22,98,22,25,25,132,3,0,1,21,15,41,110,22,0,5,34,80,95,56,11,5,0,9,25,8,24,141,23,16,14,15,41,141,7,0,1,141,64,16,14,26,4,0,5,34,7,30,110,47,30,14,0,15,7,32,113,55,13,14,3,1,7,48,51,20,0,0,1,24,61,55,12,18,6,0,0,9,6,7,24,65,80,37,4,34,29,30,18,22,19,28,17
27,85,8,13,39,85,5,3,98,112,0,0,0,6,16,18,13,7,1,18,6,0,12,14,1,12,47,55,11,9,0,1,36,65,18,42,48,32,26,45,34,49,4,10,12,105,109,54,64,13,1,2,2,17,71,112,10,1,1,1,39,106,1,13,12,59,78,69,45,23,13,22,19,67,66,85,43,60,21,23,112,65,14,20,15,17,14,87,23,6,16,62,98,53,0,12,0,11,41,23,26,33,0,0,10,11,11,9,76,112,8,6,112,26,0,2,7,37,19,84,39,6,16,33,4,17,34,21
6,2,1,9,53,96,46,5,43,31,83,20,39,41,33,22,10,61,119,3,0,2,17,15,41,72,40,0,0,2,1,6,7,7,61,105,67,23,18,3,57,29,51,37,51,26,70,61,92,26,28,1,2,4,55,119,18,7,8,2,22,7,0,7,4,6,11,17,11,51,119,8,56,72,57,31,59,33,63,23,96,119,52,4,2,11,19,18,19,6,0,6,12,8,54,2,37,88,24,1,19,11,39,10,74,119,34,0,7,3,11,15,12,25,10,13,62,89,50,0,0,1,21,5,6,44,119,0
14,0,0,0,5,11,39,115,4,4,5,34,104,72,21,32,23,48,24,30,25,36,57,66,5,2,4,37,22,41,75,64,44,24,61,36,1,2,10,115,28,21,23,46,51,85,49,80,115,73,30,53,16,18,13,59,17,9,22,115,38,2,1,16,13,41,115,55,0,8,11,4,9,47,115,115,12,11,15,14,63,115,68,18,2,2,1,12,9,16,29,73,3,1,2,0,5,4,5,10,37,80,52,18,17,3,14,8,3,12,48,115,7,13,12,0,5,18,2,33,1,1,0,0,7,54,48,14
8,3,0,0,81,85,46,12,113,1,0,0,6,17,58,102,33,0,5,4,0,7,19,16,0,2,13,2,8,2,21,6,27,8,6,29,123,25,1,4,123,29,6,6,25,14,8,25,50,2,1,3,49,123,78,18,44,3,2,2,9,21,88,99,6,9,59,123,60,0,0,0,66,26,46,63,59,27,58,33,46,40,49,26,55,58,62,30,54,25,52,26,38,17,30,52,0,0,7,32,17,0,0,0,4,16,70,112,64,6,4,2,48,109,68,17,26,2,4,5,6,10,8,16,123,20,6,6
0,0,5,15,11,3,8,6,0,0,51,28,4,3,6,2,9,31,39,4,0,0,5,5,4,19,11,0,0,0,0,0,24,2,4,2,2,8,16,28,6,0,8,3,7,47,26,11,26,6,9,0,0,5,20,33,5,2,0,0,0,19,2,2,7,3,11,17,20,13,18,5,16,7,10,4,6,44,23,4,80,21,1,0,4,12,3,8,7,0,0,0,95,255,11,0,0,0,24,28,8,1,0,0,4,13,63,14,0,1,1,0,18,27,11,0,58,43,1,0,0,0,0,0,255,255,0,0
18,5,0,0,10,28,2,8,5,3,0,1,7,84,22,2,18,20,5,7,4,17,25,25,15,12,11,12,7,15,8,12,68,1,0,29,27,9,0,125,22,7,4,71,26,16,1,4,75,31,14,13,0,1,0,18,8,19,34,16,1,6,6,2,239,1,0,13,1,0,0,239,8,9,30,78,4,0,0,1,25,40,26,7,6,30,3,3,5,6,1,0,1,68,29,6,239,100,0,0,0,0,0,77,9,1,4,4,3,0,0,1,0,1,5,16,44,27,0,0,3,41,10,6,10,24,3,1
88,25,1,3,5,36,16,56,60,10,8,47,21,5,13,26,1,65,88,61,14,2,7,6,3,86,10,0,0,0,0,0,113,27,1,16,2,13,30,75,44,11,0,1,0,85,118,57,60,11,9,2,0,8,59,118,10,4,1,0,1,0,4,13,4,0,15,118,1,3,28,34,71,19,4,39,1,36,78,30,118,57,0,1,7,29,20,67,13,1,0,3,16,52,101,62,0,0,13,118,0,0,6,66,31,11,46,118,0,0,0,18,93,61,26,31,18,14,3,56,11,7,6,118,58,29,31,49
0,62,9,0,0,117,19,0,17,22,2,0,0,117,32,1,25,75,83,26,0,44,8,5,22,25,76,41,0,0,3,57,0,17,58,29,36,117,11,0,66,28,84,43,1,37,6,15,117,74,44,21,0,1,0,50,15,27,100,37,0,17,13,3,15,34,81,52,17,36,44,35,29,48,117,92,0,0,3,25,57,117,66,12,13,6,0,6,8,6,2,22,67,95,36,8,50,111,29,1,2,51,52,33,66,58,15,2,0,0,2,21,0,9,11,10,9,0,0,0,0,0,0,117,57,5,1,1
18,32,27,27,32,29,22,40,23,29,22,43,21,58,54,38,98,39,4,4,7,9,21,73,8,2,1,5,49,115,0,4,3,43,88,48,18,36,0,0,20,33,33,48,51,117,18,22,117,42,4,10,13,15,14,100,14,11,36,92,64,23,2,6,0,0,3,30,90,94,0,0,54,12,2,40,61,117,7,18,117,51,0,1,0,27,49,77,21,4,12,15,0,37,96,46,0,0,2,82,33,9,11,1,10,0,21,117,16,2,5,16,19,0,8,76,0,23,75,64,73,20,0,2,0,32,61,36
0,6,22,1,0,7,126,0,8,4,12,6,0,6,126,29,84,0,0,0,0,0,64,109,14,0,0,0,0,10,19,9,39,111,62,27,5,1,30,1,36,23,69,126,43,1,28,10,126,12,7,14,10,12,12,49,29,1,4,5,49,96,56,19,42,113,55,26,6,4,10,0,10,21,70,126,44,1,13,6,59,24,60,79,53,23,45,26,45,39,36,19,38,34,46,23,1,6,10,1,47,66,47,8,53,0,7,18,9,15,63,85,16,10,59,97,43,2,1,9,31,72,59,17,15,1,1,2
7,1,11,12,0,0,120,35,114,1,0,0,0,0,61,115,32,0,0,0,0,7,18,16,0,0,0,0,0,1,20,7,26,16,43,120,58,0,7,4,120,30,7,12,8,9,8,26,49,2,1,3,47,120,76,17,45,3,1,1,4,20,85,100,5,11,56,120,45,0,8,6,65,25,45,62,55,26,56,32,45,39,47,25,54,57,60,29,53,24,51,25,37,17,30,51,52,1,5,23,12,1,25,58,9,16,69,106,59,6,4,3,47,106,66,16,25,2,3,5,11,11,8,15,120,17,5,4
58,19,0,0,0,32,77,40,27,3,7,5,0,25,92,87,23,11,8,0,0,0,2,39,0,1,0,6,13,3,0,0,17,3,2,54,1,25,80,30,121,67,0,1,0,18,38,61,71,19,0,0,8,54,72,46,1,0,0,4,1,5,49,78,12,2,20,121,0,0,0,9,121,57,32,42,3,5,2,75,35,23,8,113,98,76,51,50,44,1,2,43,19,10,41,121,20,1,28,81,0,0,0,78,17,86,93,39,0,0,0,2,6,37,13,121,50,0,0,0,16,1,2,121,34,0,0,49
3,28,35,34,30,65,5,3,87,36,8,14,11,25,15,71,38,7,8,57,59,19,0,21,2,75,60,51,31,22,0,0,12,2,2,13,65,122,5,3,122,51,0,1,3,36,20,68,67,15,7,21,1,39,79,34,6,23,41,19,0,3,31,51,7,0,15,122,43,15,1,3,56,6,10,84,1,10,58,102,41,9,0,3,0,90,122,52,117,25,0,0,0,10,33,85,0,0,10,94,1,8,42,52,0,0,29,122,0,1,9,17,52,9,19,98,0,4,12,18,101,26,3,7,11,19,6,54
12,95,8,0,0,87,14,0,4,7,6,0,0,120,58,3,14,1,10,3,0,36,62,120,12,0,0,14,36,19,12,109,8,10,2,0,0,120,34,1,57,102,57,8,0,81,14,6,23,46,120,91,0,3,1,36,27,45,64,33,11,22,16,58,14,18,98,39,3,41,5,2,120,72,41,20,0,1,0,49,65,32,82,41,1,20,7,14,0,25,73,33,1,17,38,17,26,22,84,42,0,2,10,31,26,89,87,25,1,0,0,1,17,26,3,21,63,59,9,0,3,0,0,19,29,49,60,77
38,99,10,28,66,11,1,11,113,113,0,0,0,4,15,24,13,6,0,0,0,0,14,15,0,0,0,3,4,0,0,1,42,76,20,48,49,32,28,46,39,52,4,10,13,113,113,57,74,14,1,2,2,16,78,113,17,1,0,0,3,0,0,14,13,64,80,74,53,26,16,26,21,76,73,90,47,64,23,26,113,68,16,21,10,17,16,101,36,5,0,0,1,0,0,21,0,14,49,28,25,29,0,0,6,26,15,10,90,113,7,4,113,84,0,1,11,44,17,80,43,11,0,0,2,25,37,27
7,8,7,9,54,95,46,6,43,34,89,22,41,42,30,23,12,72,119,3,1,5,7,11,45,77,38,0,0,0,0,0,8,8,65,107,70,25,17,3,60,30,52,38,52,27,74,64,95,27,28,1,2,4,57,119,19,8,7,0,0,0,0,7,3,3,19,21,11,56,119,6,58,74,59,33,61,35,65,24,99,119,55,4,2,1,3,18,19,9,0,0,0,1,0,1,4,32,119,14,4,12,40,4,78,119,61,0,0,0,14,13,18,37,9,0,0,2,0,1,0,1,0,0,5,119,19,0
16,0,0,3,9,13,39,118,5,4,5,37,113,79,23,35,25,52,27,33,28,40,62,73,1,3,5,40,26,45,100,50,46,24,36,86,16,3,9,118,31,23,25,50,56,92,54,88,118,80,34,58,18,20,15,64,13,9,26,118,45,3,7,7,12,45,118,76,3,0,0,4,9,51,118,118,13,11,4,5,68,118,76,20,2,2,1,13,10,17,33,82,4,0,0,0,7,9,9,1,0,1,12,2,0,3,22,11,0,0,4,2,0,13,15,1,0,0,0,0,0,1,1,0,0,2,1,0
17,17,7,20,117,70,1,1,117,117,4,3,18,20,7,7,34,31,0,0,0,0,8,9,0,0,0,0,0,0,2,0,6,22,52,83,62,28,15,0,51,57,35,14,28,82,76,31,65,4,0,0,3,16,66,110,6,0,0,0,10,57,60,11,0,0,5,29,54,110,67,0,53,10,3,12,23,117,62,8,117,43,0,0,33,22,7,25,12,2,0,0,117,99,29,3,0,0,18,106,49,25,13,0,74,24,6,56,43,15,4,0,117,48,0,0,57,15,0,0,3,8,4,1,117,39,0,0
0,6,65,5,0,0,0,0,103,38,27,4,0,0,0,0,198,46,0,0,0,0,0,0,72,4,0,0,0,0,0,1,0,2,24,5,2,3,1,0,129,7,11,9,11,4,0,1,198,14,0,0,0,0,0,3,81,1,0,0,0,0,0,6,3,1,0,0,3,16,3,0,104,20,8,1,3,4,1,5,198,7,1,0,0,0,0,61,82,3,0,0,0,0,0,15,18,5,1,0,0,12,8,3,62,20,6,3,0,0,0,7,198,2,1,1,0,0,0,122,95,0,0,0,0,0,0,50
14,12,2,0,0,7,4,1,133,40,10,1,0,0,0,0,172,51,0,0,0,0,0,5,39,9,0,0,0,0,0,0,39,44,3,2,0,0,1,0,159,21,5,8,1,0,0,9,172,4,0,0,0,0,0,49,58,2,0,0,0,0,0,7,19,54,7,2,0,0,0,0,107,50,10,6,1,0,0,1,172,59,0,0,0,0,0,10,69,5,0,0,0,0,0,2,18,30,5,0,0,0,0,0,59,151,9,0,0,0,0,0,172,168,0,0,0,0,0,0,24,13,0,0,0,0,0,0
0,0,0,0,0,16,189,9,0,0,0,0,0,68,189,1,0,0,0,0,0,83,189,2,3,0,0,0,0,110,189,6,13,0,0,0,0,2,172,57,35,10,4,0,0,16,138,17,6,7,18,7,0,11,77,5,6,1,1,5,1,5,44,19,68,0,0,0,0,0,1,39,101,6,0,0,0,0,0,13,13,2,4,10,2,0,0,4,0,0,7,23,3,1,3,0,55,0,0,1,1,0,0,26,78,2,0,0,0,0,0,35,17,11,3,0,0,0,0,5,0,18,21,5,3,3,0,0
60,11,3,1,0,0,0,52,182,1,0,0,0,0,0,166,75,0,0,0,0,0,0,29,0,0,0,0,0,0,0,0,68,16,0,0,0,0,0,17,182,20,0,0,0,0,0,23,161,7,0,0,0,0,0,6,1,0,0,0,0,0,0,0,64,6,3,5,0,0,0,38,182,5,0,0,0,0,0,35,164,3,0,0,0,0,0,5,1,0,0,0,0,0,0,0,43,26,14,34,1,0,0,4,182,59,2,4,0,0,0,6,114,11,0,0,0,0,0,1,0,0,0,0,0,0,0,0
23,0,0,0,46,41,17,32,117,17,0,0,0,0,37,76,55,34,13,6,0,0,74,26,8,3,10,13,4,0,87,30,57,2,1,9,55,14,0,5,195,32,0,0,0,0,0,15,96,31,2,2,1,0,0,5,1,1,8,29,9,0,2,2,23,14,31,29,28,0,0,1,195,40,11,0,0,0,0,35,110,54,9,0,0,0,0,14,3,39,62,12,6,47,3,0,0,20,89,18,2,3,15,0,61,69,38,0,0,6,40,10,74,37,0,0,0,37,108,47,7,16,7,0,2,195,85,9
154,154,9,11,5,7,21,10,62,10,11,7,2,5,39,74,28,2,0,0,1,2,3,27,0,0,0,0,9,35,21,1,139,88,31,32,8,8,20,24,40,11,27,33,33,50,38,45,66,3,0,0,13,12,31,109,5,1,0,0,105,83,13,5,38,9,2,4,4,15,92,53,51,13,0,1,18,80,61,10,154,46,0,0,33,17,4,18,18,5,0,0,145,57,0,3,8,9,19,33,19,0,6,0,74,41,14,3,0,1,6,0,115,48,0,0,54,19,0,0,4,7,2,0,108,39,0,4
0,0,0,0,0,82,116,5,25,0,0,0,1,18,114,87,29,0,0,81,100,4,9,44,0,4,2,113,116,0,0,0,14,22,10,0,0,25,64,9,97,26,4,0,0,1,10,64,116,13,0,35,57,0,0,54,8,10,3,116,116,0,0,0,2,61,109,2,0,0,0,0,24,116,81,0,0,0,0,1,95,84,17,11,35,1,0,3,14,17,4,71,116,1,0,0,1,29,49,8,1,0,0,1,15,73,30,0,0,0,0,2,15,66,25,16,10,1,0,2,12,35,18,90,77,5,0,0
24,1,0,0,0,0,0,35,129,0,0,0,0,0,0,68,176,0,0,0,0,0,0,79,46,0,0,0,0,0,0,10,57,36,13,7,0,0,0,11,123,15,18,30,0,0,0,45,176,10,0,0,0,0,0,76,91,0,0,0,0,0,0,9,54,35,25,16,0,0,0,8,96,38,24,43,0,0,0,12,176,53,3,1,0,0,0,26,88,2,0,0,0,0,1,14,9,0,3,9,12,6,2,13,71,5,1,2,1,0,0,42,176,4,0,0,0,0,0,144,58,0,0,0,0,0,0,76
210,210,0,0,0,0,3,108,69,87,5,0,0,0,0,0,3,8,5,0,0,0,0,0,1,1,0,0,0,0,0,0,210,210,1,0,0,0,0,0,40,17,0,0,0,1,6,3,4,0,0,0,0,0,4,8,1,0,0,0,0,0,0,1,180,122,0,0,0,0,0,0,15,5,5,3,1,0,0,0,4,1,2,1,2,2,3,5,2,0,0,0,0,0,3,7,98,21,0,0,0,0,0,2,6,1,0,0,0,1,7,4,1,0,0,0,3,7,3,0,10,0,0,0,1,0,0,2
0,0,0,1,11,10,16,22,1,0,0,2,6,4,4,2,32,19,0,0,0,0,2,1,27,19,0,0,4,4,0,0,2,0,0,0,1,3,42,109,15,1,0,0,0,5,44,37,69,40,0,0,0,0,1,6,17,15,1,6,12,3,0,0,2,0,0,1,20,94,145,81,119,7,0,0,0,5,133,145,121,73,4,0,0,0,0,22,3,14,12,27,2,0,0,0,8,0,0,145,130,66,54,35,145,2,0,22,15,6,32,145,145,24,3,1,0,0,0,91,2,3,4,14,8,0,0,0
117,249,39,0,0,0,1,4,150,249,0,0,0,0,0,0,54,38,0,0,0,0,0,0,13,4,3,1,0,0,0,0,36,249,75,0,0,0,0,0,45,115,0,0,0,0,0,8,59,5,0,0,0,0,0,6,21,2,0,0,0,0,0,0,22,52,3,0,0,0,0,0,15,3,0,0,0,0,0,1,38,2,0,0,0,0,0,1,12,1,0,0,0,0,0,0,0,0,0,0,0,0,0,0,0,0,0,0,0,0,0,0,0,0,0,0,0,0,0,0,0,0,0,0,0,0,0,0
8,2,0,0,0,11,99,69,32,10,0,0,0,0,20,104,50,57,0,0,0,0,7,14,39,74,4,0,0,0,0,0,18,47,17,1,2,15,42,49,41,13,1,7,18,53,124,148,148,39,0,1,1,2,49,148,59,27,0,0,0,0,0,1,31,15,5,9,5,5,15,28,64,80,18,53,33,22,11,16,148,148,6,4,1,0,3,40,49,10,0,0,0,0,0,1,61,5,3,8,5,1,5,56,131,33,4,13,8,3,4,22,148,63,0,0,0,0,0,13,16,2,0,0,0,0,0,1
7,0,0,0,1,1,35,74,0,0,0,0,0,7,87,22,12,20,0,0,0,9,21,6,8,38,0,0,0,0,0,0,0,0,0,0,5,11,117,54,28,0,0,0,0,1,125,52,125,79,0,0,0,12,38,46,25,76,0,0,0,52,78,6,8,0,0,0,28,17,53,53,115,15,0,0,0,0,35,34,125,21,0,0,6,111,26,42,8,2,0,0,6,125,125,37,17,0,0,0,15,23,87,118,105,16,0,0,0,0,15,105,65,6,0,0,44,125,25,32,1,0,0,1,24,87,32,35
5,0,0,0,1,2,132,99,33,0,0,0,0,0,79,132,4,0,0,0,0,0,115,132,0,0,0,10,4,1,72,92,18,1,0,14,26,5,17,83,132,11,2,0,1,0,5,132,41,10,17,18,0,0,42,72,2,1,9,4,0,0,82,132,24,34,15,60,38,1,1,8,132,132,7,5,3,0,1,26,58,20,14,10,0,0,1,7,2,16,34,8,0,0,3,6,42,91,32,22,1,0,3,27,38,132,33,2,0,0,0,0,7,44,31,0,0,0,0,0,1,38,15,0,0,0,0,0
10,26,3,2,10,39,10,5,131,4,0,0,3,12,8,135,147,0,0,0,0,0,0,147,8,0,0,0,0,0,2,14,2,41,16,2,2,49,22,1,127,26,8,1,4,29,9,55,147,10,0,0,0,0,1,137,29,0,0,0,0,0,0,17,5,21,13,1,0,46,86,14,147,89,0,0,1,47,22,14,147,116,0,0,0,0,0,18,16,2,0,0,0,0,0,1,8,43,66,4,1,10,38,6,97,58,5,0,1,17,19,48,85,21,0,0,0,0,3,32,0,0,0,0,0,0,0,0
0,0,0,4,5,69,127,3,4,1,2,3,1,46,127,19,1,1,2,7,15,14,127,103,3,0,0,0,0,2,127,127,4,5,4,7,27,127,31,9,127,21,5,6,12,34,39,68,40,7,3,14,108,34,5,8,33,12,1,4,31,11,28,65,17,56,21,4,14,66,24,5,99,73,15,1,8,20,21,27,37,29,10,3,61,60,16,8,40,24,1,2,60,55,6,3,18,51,5,1,1,8,17,4,2,13,7,1,1,26,90,8,3,21,10,0,1,53,127,5,7,30,9,0,10,123,51,2
26,82,64,8,11,36,5,2,119,155,25,0,0,0,0,3,155,56,1,0,0,0,0,9,46,1,0,0,1,11,7,13,3,101,155,18,3,0,0,0,74,83,46,10,29,3,0,3,155,12,1,0,2,1,0,15,48,0,0,0,33,58,2,6,1,4,22,46,3,0,0,0,56,9,6,26,37,1,0,3,155,12,0,1,4,5,1,37,35,0,0,0,67,99,4,11,0,0,26,32,1,0,0,0,21,14,14,64,16,0,0,1,155,65,4,7,6,2,0,21,21,8,1,21,97,35,1,4
11,3,3,4,81,68,17,19,42,106,4,8,119,72,3,0,50,119,6,1,11,6,1,0,4,16,10,21,33,8,0,0,6,1,3,18,119,47,8,5,119,85,1,6,62,28,0,8,65,46,2,21,47,14,2,20,42,15,17,54,12,2,2,53,6,2,8,61,95,6,15,40,119,17,34,64,28,0,0,58,43,3,3,62,24,1,4,84,20,3,5,37,8,1,7,73,32,47,31,13,2,1,5,38,10,35,119,108,0,0,0,9,12,39,119,48,2,0,4,44,5,84,119,11,3,0,1,6
17,2,4,35,19,2,7,44,25,1,0,56,131,10,2,13,131,25,4,6,20,2,2,54,80,25,6,4,0,3,6,14,27,4,2,18,38,26,4,8,50,2,0,0,131,104,3,12,131,59,12,10,23,17,5,41,95,22,17,28,11,5,5,20,12,4,0,1,54,43,3,7,39,62,18,16,131,95,2,3,131,113,7,3,8,9,12,41,21,5,6,4,5,14,37,35,12,3,4,7,37,17,3,15,4,131,45,23,36,4,0,0,13,131,53,5,0,0,0,0,0,89,116,5,0,1,2,2
0,0,0,15,8,8,120,89,1,0,1,19,24,65,92,40,7,6,6,26,13,7,0,0,4,1,0,0,0,0,0,0,9,0,0,47,98,13,14,27,101,6,5,30,30,7,16,78,37,27,36,73,3,0,0,2,77,72,4,0,0,0,0,0,24,14,0,3,103,85,1,4,120,70,8,4,26,10,2,13,53,93,14,13,2,3,6,8,91,120,24,0,0,0,1,1,64,49,3,1,24,95,4,3,93,91,16,15,12,6,5,7,120,109,6,9,5,5,11,12,70,120,12,0,0,58,104,24
70,1,0,108,159,3,0,31,159,0,0,3,7,0,2,159,23,0,1,0,0,0,25,46,0,0,0,0,0,7,23,3,49,7,6,17,159,49,0,4,159,22,4,3,14,0,0,41,83,14,13,5,0,0,7,17,0,0,5,10,0,3,16,2,15,14,41,40,100,50,6,0,159,54,20,7,3,2,0,14,92,7,6,4,0,0,1,36,3,0,9,23,0,0,0,4,16,28,6,5,9,18,7,2,133,135,4,1,2,4,0,2,33,25,6,0,0,0,1,13,10,0,1,3,0,0,0,10
16,10,26,8,0,0,0,7,128,48,1,0,0,0,0,9,128,25,0,0,0,0,4,15,9,6,0,0,0,0,5,7,45,9,6,2,0,2,4,23,128,107,0,0,1,11,3,20,85,49,0,0,5,111,105,33,50,1,0,0,0,9,76,101,64,18,12,15,4,2,3,14,128,5,1,3,6,53,27,77,86,14,0,0,34,128,52,37,128,48,0,0,0,8,17,39,37,10,2,2,2,5,12,18,7,11,15,2,6,33,29,19,63,128,19,1,9,50,8,2,128,118,0,0,0,0,0,0
9,3,0,0,119,63,2,3,18,27,23,13,4,5,2,4,4,4,19,55,13,10,14,5,0,1,26,67,12,3,4,9,45,4,1,103,127,10,1,10,127,45,63,61,3,0,0,29,10,5,54,127,29,3,3,1,3,3,17,35,13,9,3,1,11,6,21,127,54,0,0,2,127,109,55,74,7,0,0,24,40,23,15,127,111,0,0,1,0,0,9,126,40,4,0,0,0,2,33,79,6,0,0,0,8,78,83,31,1,0,0,0,3,16,15,106,12,0,0,0,0,0,17,114,2,0,0,0
172,1,1,0,0,0,0,172,26,1,12,0,0,0,19,54,0,0,11,4,1,4,18,5,0,0,5,4,1,11,8,0,172,2,0,1,8,0,0,148,105,7,2,0,0,0,28,93,0,0,1,0,0,6,63,21,0,0,0,0,0,16,46,0,172,42,7,2,5,0,0,12,172,32,18,6,0,0,1,10,0,0,20,25,1,1,9,3,0,0,2,18,2,2,16,1,172,51,14,4,1,2,0,9,128,9,2,1,0,0,1,47,7,0,10,19,0,0,0,13,0,0,7,38,0,0,0,0
0,98,161,36,32,28,22,0,0,161,161,0,0,9,11,0,32,161,72,0,0,0,0,0,8,90,18,13,10,0,0,0,3,161,161,5,1,0,0,0,6,142,161,14,11,0,0,0,90,64,15,1,1,0,0,6,25,1,0,8,12,0,0,6,17,55,14,1,8,1,0,0,5,3,3,6,47,5,0,1,51,0,0,0,4,1,0,34,13,0,0,0,5,1,4,32,1,16,2,0,15,6,0,0,0,0,0,0,36,20,0,1,19,0,0,0,2,3,1,27,6,0,0,0,0,0,1,38
111,36,3,0,0,0,0,9,134,29,0,0,0,1,11,21,13,5,0,0,0,0,17,18,1,1,0,0,0,0,0,2,134,53,1,1,0,6,3,26,98,42,0,0,15,134,93,38,114,5,0,0,0,27,97,131,28,1,0,0,0,0,0,16,74,3,3,6,4,25,22,52,89,23,0,0,41,134,39,38,134,74,0,0,2,16,10,25,46,9,0,0,0,0,0,2,2,21,22,2,2,12,16,9,32,134,42,2,8,27,6,1,121,134,1,0,0,0,0,0,11,7,0,0,0,0,0,0
0,0,0,6,38,47,13,2,7,0,0,3,21,25,32,46,2,0,1,21,48,3,1,6,0,27,9,6,12,8,0,0,10,1,1,4,42,155,71,10,155,6,1,1,3,63,77,104,62,23,47,31,12,0,0,11,0,98,70,8,3,0,0,0,36,8,1,88,155,64,7,3,155,42,1,5,9,5,4,10,132,28,15,1,0,0,0,18,8,31,15,0,0,1,14,14,35,15,0,31,155,16,0,0,155,95,0,1,14,0,0,0,63,22,1,0,0,0,0,13,5,0,0,1,3,4,13,11
8,2,0,0,5,13,7,13,33,1,0,0,0,0,2,25,58,66,5,1,0,0,0,7,13,103,44,0,0,0,0,0,56,4,1,2,0,1,11,40,59,3,2,6,0,0,3,22,133,87,0,0,0,0,0,8,37,71,14,0,0,0,0,0,23,2,0,1,0,0,133,133,55,3,2,4,0,0,78,133,133,10,0,0,0,0,1,64,59,4,0,0,0,0,0,13,6,42,69,10,0,0,86,85,95,96,35,0,0,0,52,133,133,14,0,0,0,0,8,133,24,0,0,0,0,0,49,81
28,0,0,0,0,2,22,91,61,0,0,1,3,2,2,116,10,8,6,4,7,1,1,5,19,29,4,0,0,0,0,0,76,0,0,0,0,5,25,79,140,9,0,0,0,0,0,66,46,60,27,0,0,0,0,3,3,115,33,0,0,0,0,0,111,13,0,0,0,1,11,73,140,36,0,0,0,0,0,44,129,112,5,0,0,0,0,3,22,132,32,0,0,0,0,0,49,140,26,0,0,0,1,10,92,140,54,0,0,0,0,4,51,140,58,0,0,0,0,0,23,68,7,0,0,0,0,0
21,1,0,0,19,27,8,44,117,14,8,0,1,8,16,116,38,50,17,0,0,2,19,48,9,9,4,0,0,0,27,13,32,1,9,88,60,21,1,14,145,20,6,9,7,3,1,64,79,43,17,1,5,2,0,4,9,31,6,0,0,0,0,1,11,8,59,145,10,0,0,0,145,114,58,74,2,0,0,9,85,112,55,1,3,1,0,1,1,82,111,4,0,0,0,0,6,9,35,42,0,0,0,2,52,145,65,23,0,0,0,0,18,145,55,0,0,0,0,0,0,35,72,7,0,0,0,0
0,0,0,0,36,17,0,0,0,0,0,0,1,0,0,0,0,0,0,0,0,0,0,0,0,0,0,0,0,0,0,0,0,0,0,1,170,170,0,0,29,9,0,1,25,6,0,2,10,1,0,0,0,0,0,0,3,1,0,0,0,0,0,0,3,0,0,24,170,92,0,2,61,2,0,0,16,6,1,14,22,1,0,0,0,0,0,5,17,8,0,0,0,0,0,0,1,0,0,16,170,170,110,10,18,0,0,0,6,16,170,108,7,0,0,0,0,0,170,74,12,2,0,0,0,0,84,43
0,0,0,1,23,112,131,0,2,0,0,0,2,66,131,96,25,0,0,0,0,11,131,131,4,0,0,0,0,45,122,14,0,0,9,33,78,23,9,0,26,1,7,42,55,22,22,19,131,8,0,3,5,3,9,78,44,12,7,0,0,1,7,8,0,16,60,37,21,2,0,0,18,18,57,131,34,0,0,0,131,24,5,36,7,0,0,1,66,9,3,0,0,0,0,0,6,42,59,10,0,1,6,6,7,27,44,93,104,34,6,3,131,3,1,27,53,13,0,10,61,2,1,0,0,0,0,1
12,3,0,0,0,0,8,25,33,10,12,6,0,0,0,21,55,80,63,28,0,0,0,0,110,155,42,2,0,0,0,0,33,14,0,0,0,0,8,17,97,29,0,0,0,0,0,16,155,52,2,0,0,0,0,10,155,45,0,0,0,0,0,50,17,29,42,15,0,0,0,3,65,10,3,3,0,0,0,54,155,44,0,0,0,0,0,33,155,42,0,0,0,0,0,53,0,0,15,21,6,5,82,37,32,26,6,7,1,1,12,27,155,63,0,0,0,0,0,8,155,90,0,0,0,0,0,4
0,2,1,0,0,2,33,34,0,0,0,0,0,21,118,85,0,0,0,0,0,29,141,58,0,0,0,0,1,95,53,6,1,3,2,0,0,74,29,13,10,1,0,0,0,141,102,16,135,3,0,0,0,48,123,112,31,0,0,0,1,10,18,26,0,0,2,2,28,141,36,16,54,35,8,1,11,141,20,5,141,39,0,0,0,10,9,29,43,0,0,0,1,3,6,21,0,4,16,9,72,72,0,0,24,50,42,3,7,11,0,0,141,21,2,0,0,0,0,33,38,1,0,0,0,0,1,22
0,1,4,18,24,13,0,0,59,0,0,3,38,28,7,60,138,30,11,0,0,1,1,68,20,42,13,0,1,0,0,3,0,0,68,138,14,1,0,0,72,7,25,138,41,5,0,19,138,18,7,10,1,0,0,57,47,18,9,1,6,1,0,3,1,5,50,60,0,0,0,0,13,19,107,138,1,0,0,0,138,138,73,36,0,0,0,4,34,138,47,0,0,0,0,0,8,5,4,1,0,0,1,10,13,15,33,19,0,0,0,2,74,138,31,5,0,0,0,2,21,118,15,0,0,0,0,0
180,51,0,0,0,27,26,26,51,58,17,2,2,0,0,1,0,7,6,24,20,0,0,0,0,0,0,13,74,19,1,0,180,20,0,0,0,1,2,15,80,10,1,1,8,5,0,1,7,2,1,12,33,1,0,2,0,0,0,29,131,1,0,0,180,3,0,0,0,0,0,57,68,1,0,0,4,6,6,15,21,9,2,11,12,0,0,3,1,1,1,53,133,3,1,0,180,0,0,0,0,0,2,180,36,0,0,0,0,1,28,87,44,3,0,3,1,0,2,29,9,2,2,77,76,0,0,1
0,1,3,4,9,20,17,0,9,16,12,11,9,4,5,8,13,24,77,126,0,0,0,5,16,79,134,134,2,0,0,0,0,0,0,0,1,25,61,4,25,3,0,0,0,4,32,52,92,22,10,4,0,0,0,50,130,121,57,20,0,0,0,2,7,16,81,12,0,4,68,23,55,52,31,1,0,0,14,22,134,46,2,0,0,0,0,35,134,60,2,0,0,0,0,21,4,11,134,18,0,0,64,102,6,22,90,49,6,3,37,18,60,18,9,13,1,1,2,46,134,66,0,0,0,0,0,24
1,0,0,26,43,19,133,119,5,0,0,0,0,0,133,125,0,0,0,0,0,6,133,29,0,0,0,0,1,36,109,10,15,2,3,133,127,2,11,31,112,7,3,17,2,0,29,79,25,2,0,0,1,2,49,38,9,0,0,0,10,22,25,43,4,6,22,133,86,18,2,0,63,26,57,133,3,0,0,1,23,5,4,7,11,9,1,6,13,1,0,1,27,17,4,18,2,18,71,85,5,4,1,0,0,2,35,133,19,0,0,0,1,5,40,81,8,0,0,0,4,15,43,19,12,0,0,0
1,0,0,3,1,1,41,58,2,0,1,36,34,18,28,22,1,0,1,62,127,65,81,19,0,0,0,39,23,34,143,30,0,0,0,0,0,10,62,50,7,0,0,0,9,55,143,31,55,5,14,143,63,23,41,30,3,0,6,143,143,38,44,1,3,0,0,0,6,19,15,13,30,25,3,2,21,36,17,5,137,42,1,14,12,2,5,17,8,0,0,143,143,13,4,2,2,0,0,0,0,6,14,5,45,36,2,1,2,2,1,3,54,32,0,0,0,18,7,3,1,0,0,47,50,96,13,0
8,5,9,2,0,0,0,1,16,8,3,0,0,0,4,18,34,44,3,0,0,0,0,10,32,67,3,0,0,0,0,2,0,1,41,64,3,1,1,1,14,4,27,45,4,2,12,30,139,46,7,0,0,0,3,30,33,48,8,0,0,15,16,10,18,3,27,32,0,1,3,19,4,9,112,59,1,19,29,1,57,24,48,7,5,99,85,28,45,15,2,0,0,27,110,60,17,0,0,0,0,109,139,56,11,1,6,1,0,139,139,29,89,15,2,1,2,139,139,33,139,95,4,0,0,12,25,25
117,96,8,0,2,2,5,19,24,31,58,30,0,0,4,25,117,38,18,9,0,0,0,117,104,4,0,0,0,0,11,117,109,21,0,0,0,1,6,117,42,4,5,5,0,0,28,88,117,48,5,2,0,0,3,33,83,9,0,0,0,0,48,82,117,6,0,0,0,6,10,95,117,34,0,0,0,0,3,46,117,43,0,0,0,0,1,25,17,0,0,0,0,1,38,44,117,76,3,0,0,0,1,4,117,89,0,0,0,0,0,0,48,46,0,0,1,4,2,5,12,0,0,0,0,1,5,10
42,0,0,3,98,53,11,60,142,0,0,0,1,0,2,142,43,0,0,0,0,2,45,138,0,0,0,0,0,18,78,3,44,7,2,39,131,3,0,8,142,20,1,5,3,0,0,99,88,1,0,0,0,1,72,116,0,0,0,0,0,11,113,14,20,29,8,42,73,1,0,0,142,117,5,6,1,0,0,2,94,12,0,0,0,0,6,11,1,0,0,1,0,0,11,18,23,33,7,25,19,0,0,0,127,93,2,1,0,0,0,1,28,9,1,1,0,0,10,17,2,2,1,1,0,0,2,8
2,11,17,62,19,4,1,0,70,20,6,3,5,7,5,6,71,9,0,0,0,0,4,15,0,0,0,0,0,0,18,11,3,0,3,41,127,23,1,0,131,16,1,3,34,14,5,13,47,5,0,0,0,23,42,13,0,0,0,0,0,25,95,3,1,33,81,49,62,24,6,0,40,11,89,120,15,5,27,20,5,0,78,17,2,60,93,10,0,0,72,13,1,56,86,0,0,89,130,37,0,0,0,0,0,15,149,149,1,0,1,0,0,0,149,38,0,3,3,0,0,0,149,21,0,2,0,0
0,0,0,0,0,7,128,14,0,0,0,0,0,17,128,105,0,0,0,0,0,108,128,34,0,0,0,0,0,5,121,98,2,43,53,4,1,2,128,16,9,5,25,15,21,11,128,128,54,22,6,0,2,70,128,66,10,18,31,2,0,4,54,77,0,36,50,9,22,1,0,0,28,10,11,19,128,10,4,5,128,26,2,1,8,1,6,46,20,10,17,2,0,0,19,30,0,0,8,13,40,2,0,0,7,7,4,8,89,13,3,1,29,7,2,1,3,11,20,70,20,0,0,0,0,0,17,72
0,0,1,49,20,3,1,0,20,1,8,119,21,4,0,13,130,11,2,16,7,0,0,130,98,1,0,1,1,0,0,51,0,0,1,4,6,57,64,0,12,10,11,20,25,75,66,4,130,63,5,6,10,10,15,79,123,8,0,0,0,0,23,130,14,13,15,9,4,23,34,10,17,103,109,3,1,16,18,2,70,57,76,23,4,0,12,66,130,4,1,4,1,0,18,121,44,63,5,0,0,0,9,12,68,64,10,0,0,0,0,5,19,21,19,29,23,0,0,3,130,59,4,7,4,0,0,1
96,32,12,5,9,28,16,35,143,13,2,0,0,0,65,143,75,0,0,0,0,0,29,143,8,0,0,5,2,0,0,4,24,127,85,8,1,3,2,8,98,22,38,40,8,0,20,89,143,6,0,1,0,0,4,100,38,1,0,5,3,0,0,4,61,35,7,6,4,0,0,14,67,50,26,45,24,0,0,4,143,87,5,2,0,0,0,4,43,5,0,4,3,0,0,0,25,67,9,0,0,0,0,5,34,125,33,3,0,0,0,2,129,102,7,0,0,0,0,16,17,3,0,2,1,0,1,8
26,91,18,0,3,2,0,18,77,7,0,0,0,0,11,159,12,1,0,0,0,0,56,159,10,0,0,0,0,0,10,159,37,12,11,11,5,1,0,8,156,32,1,2,4,0,0,13,29,10,1,16,29,5,16,159,37,0,0,1,1,0,2,159,12,5,24,141,4,0,0,0,112,14,3,16,2,0,7,36,13,1,0,11,19,9,26,28,18,0,0,3,2,6,7,159,0,1,11,121,26,6,2,0,14,17,17,46,17,1,1,3,1,1,0,1,3,3,11,7,0,0,0,0,0,10,9,9
0,0,0,0,33,30,0,0,6,0,0,0,4,7,1,1,20,9,0,0,1,0,0,0,4,3,0,41,139,32,0,0,0,0,0,0,36,26,0,0,13,0,0,0,1,1,0,6,39,6,0,0,3,1,0,1,5,1,0,10,197,187,0,0,0,0,0,0,22,23,4,3,20,1,0,0,0,0,2,12,38,9,0,0,19,5,0,1,2,0,0,0,197,197,0,0,0,0,0,0,5,6,2,1,24,4,0,0,0,0,1,5,23,13,0,0,38,8,0,0,0,0,0,0,197,188,0,0
3,2,0,0,0,0,0,0,0,0,0,0,0,0,0,0,0,0,0,0,0,0,0,0,0,0,0,0,0,0,0,0,89,83,0,0,0,0,0,0,119,27,0,0,3,5,2,14,12,1,0,2,37,22,2,4,0,1,1,2,4,0,0,0,64,116,95,7,0,0,0,2,120,49,84,13,7,12,16,120,26,45,111,91,97,45,17,39,24,87,120,53,10,0,0,0,5,120,120,16,0,0,1,2,12,73,120,47,0,0,0,9,9,119,120,28,4,3,0,3,5,39,120,34,11,31,21,7
0,0,0,0,0,0,0,0,0,0,0,0,0,0,0,0,0,0,0,0,0,0,0,0,0,0,0,4,5,0,0,0,19,0,0,3,4,0,0,10,27,8,8,57,34,0,0,6,116,29,7,12,3,0,0,30,25,0,6,88,58,0,0,6,116,4,1,55,83,0,0,76,116,39,116,116,43,0,0,40,116,116,109,34,20,34,29,14,28,4,3,27,18,33,96,48,91,71,71,106,57,0,1,16,116,81,36,7,5,0,0,11,2,9,36,65,116,50,17,1,50,54,44,36,40,37,54,55
0,1,8,12,18,60,21,1,18,15,46,43,5,29,55,60,11,54,32,2,0,52,2,17,0,3,0,0,0,111,0,0,1,2,2,22,110,75,51,8,115,49,7,19,39,32,34,75,52,10,5,19,82,115,5,22,0,113,18,8,25,115,0,0,36,27,27,20,22,50,76,40,115,78,40,19,16,25,10,52,53,29,62,107,63,14,0,8,0,115,113,40,21,7,0,0,115,46,45,13,0,6,2,15,27,67,65,9,0,35,44,18,18,18,15,7,0,2,23,52,0,7,20,6,8,27,6,2
25,44,15,2,4,9,32,31,3,2,15,65,97,14,10,12,45,112,65,49,32,3,4,4,34,37,0,0,0,0,0,0,51,38,31,21,28,33,50,73,32,10,6,11,65,131,67,50,118,29,19,7,5,26,54,113,27,10,0,0,0,1,1,6,9,38,81,30,57,12,4,1,63,23,5,3,131,100,5,7,131,66,0,0,17,13,5,23,34,6,0,1,25,45,14,1,14,0,2,9,60,15,34,49,49,50,32,53,131,25,0,1,131,101,9,2,5,0,0,0,10,3,8,38,55,17,2,0
1,1,5,12,76,9,2,8,48,0,0,26,130,54,32,50,130,2,11,7,4,6,13,98,7,11,27,6,1,16,37,10,44,11,0,21,68,0,1,22,57,6,5,118,130,0,0,14,130,26,6,22,35,21,6,71,29,15,20,33,45,75,67,37,13,22,3,14,20,0,0,0,8,21,55,130,96,11,4,0,85,121,64,43,12,8,19,27,15,31,85,61,24,6,1,9,2,0,0,1,5,0,0,3,0,0,4,17,102,64,14,1,43,5,5,3,35,52,66,111,33,0,3,4,27,3,1,38
14,49,51,66,12,0,1,4,0,90,103,82,15,5,7,1,4,55,48,127,38,1,8,4,79,27,18,52,18,12,16,15,10,3,12,8,18,9,3,20,8,6,19,11,87,127,57,20,84,8,8,56,21,23,62,94,15,25,55,106,50,6,10,8,44,21,1,0,58,15,0,13,52,10,0,0,127,95,5,6,127,51,2,4,18,14,11,23,22,11,44,27,2,3,26,10,2,10,2,9,62,6,0,0,38,41,27,54,127,19,0,0,127,74,13,14,26,28,14,3,27,11,7,10,16,33,66,47
38,31,15,12,34,20,27,45,44,2,0,19,125,55,28,45,125,0,0,0,6,3,9,91,9,0,1,13,46,36,8,3,9,45,53,26,42,2,7,1,53,9,7,96,125,0,0,11,125,20,4,12,18,0,0,54,30,1,14,43,27,2,0,5,6,1,2,5,19,42,91,52,12,20,58,112,75,2,23,51,98,95,60,21,7,22,25,12,17,3,1,2,4,25,50,26,20,22,30,16,30,28,27,35,7,3,11,11,23,15,83,125,1,4,8,1,34,125,65,59,2,1,0,1,16,43,71,117
47,29,21,17,23,16,18,62,69,30,32,11,0,4,17,43,2,22,15,3,15,5,18,12,3,5,14,34,69,51,19,8,78,66,39,3,10,10,6,92,38,34,8,0,66,118,73,32,101,5,0,4,9,25,78,118,15,6,43,56,20,1,11,12,73,79,77,15,21,6,0,65,50,30,15,75,118,68,6,14,118,49,7,10,16,46,41,40,28,1,3,2,5,45,101,62,33,21,42,16,3,0,1,118,5,7,19,118,67,2,1,1,30,41,39,51,42,28,39,26,31,23,32,21,30,31,23,41
24,7,12,6,34,70,46,33,24,7,13,7,12,15,72,114,13,0,2,9,20,44,51,81,0,0,44,43,29,98,93,3,45,83,57,42,24,13,18,10,44,33,27,92,114,14,24,39,114,22,11,40,37,15,16,90,11,2,46,114,50,49,13,2,7,42,64,25,7,4,17,4,10,30,76,114,73,0,4,4,88,110,80,39,31,10,0,3,18,8,22,64,82,78,12,6,20,6,4,8,15,47,71,39,45,8,18,9,1,1,17,52,1,8,20,12,20,44,18,1,6,1,28,71,20,20,36,25
24,84,11,10,18,17,26,24,33,43,0,1,1,6,53,71,8,1,15,49,15,29,3,21,8,19,27,18,6,112,24,2,10,24,60,47,25,32,23,22,116,48,9,22,13,20,37,66,44,11,4,14,59,117,8,20,1,103,17,5,13,117,11,0,12,3,20,20,53,117,14,6,117,31,2,7,9,39,27,59,45,16,46,86,59,19,23,18,1,117,82,21,10,8,0,3,14,1,0,117,69,29,4,6,82,11,0,37,6,8,83,69,68,9,5,4,0,6,111,88,31,12,8,1,1,0,9,32
2,4,24,80,15,1,0,1,6,0,0,11,12,13,16,39,10,0,0,0,0,3,11,58,5,16,0,0,0,1,1,3,2,1,1,37,105,30,19,12,14,0,0,16,140,79,61,43,140,25,0,0,7,8,40,132,23,43,5,3,1,0,0,3,0,0,0,38,58,58,83,10,60,8,0,19,140,98,23,9,140,69,0,2,24,7,2,16,33,20,4,8,6,1,0,0,0,0,9,140,37,12,7,1,58,43,32,133,70,62,6,1,140,95,9,2,2,4,1,3,16,2,0,0,2,4,3,2
3,85,115,17,2,0,0,0,119,63,19,6,3,0,0,13,126,1,0,0,11,15,1,43,3,0,0,0,54,75,4,5,0,5,42,45,0,0,0,0,78,8,14,42,5,0,0,11,126,11,1,4,26,17,3,61,4,0,0,8,103,70,10,9,2,5,29,17,0,0,0,3,27,19,31,57,4,8,6,4,126,47,5,7,20,41,65,28,4,3,9,14,115,126,22,1,2,2,2,0,0,34,58,26,3,1,2,5,4,126,126,4,47,18,0,0,1,104,126,37,30,66,46,6,15,67,44,10
54,122,107,24,4,34,7,4,122,51,17,9,1,0,1,23,33,5,1,2,6,22,8,7,0,0,0,0,4,36,8,0,20,122,84,92,12,0,0,0,122,112,37,54,8,0,0,17,30,24,45,85,9,15,8,7,0,0,59,41,3,14,11,0,30,34,15,29,59,45,13,7,108,16,5,17,49,40,18,122,33,5,28,32,1,1,49,108,6,3,90,40,0,0,3,44,8,2,18,6,11,105,63,18,109,18,23,6,10,69,20,72,85,31,4,0,0,0,11,59,15,6,4,1,1,1,2,75
0,0,0,0,28,147,74,1,0,0,0,0,92,147,34,1,3,10,22,5,14,58,43,12,43,28,16,0,0,4,27,77,0,0,0,0,2,147,81,0,5,1,0,12,23,147,80,17,80,20,6,3,2,7,33,70,19,20,10,14,22,22,16,11,44,10,1,3,3,95,47,20,26,13,7,66,44,11,4,7,147,39,5,14,9,1,2,42,50,69,16,22,18,1,1,11,90,59,1,2,13,12,5,6,17,17,22,49,25,0,0,4,74,22,33,33,12,1,1,48,147,87,1,0,0,0,1,21
29,13,0,2,3,41,124,37,124,106,5,0,2,29,27,22,54,63,28,35,65,2,1,20,0,0,1,39,66,9,17,7,55,124,54,53,10,3,29,10,124,124,14,0,0,0,2,39,121,9,4,38,19,0,1,62,6,2,3,124,76,0,1,1,13,124,67,25,4,0,0,1,28,63,70,18,3,4,2,3,124,21,8,8,1,0,0,7,29,5,2,124,59,0,0,0,14,25,2,0,0,2,27,14,21,19,5,4,3,15,41,11,113,64,1,0,0,2,2,3,20,18,6,39,17,0,0,0
114,25,3,0,0,0,28,119,26,15,16,4,1,0,10,132,40,6,56,28,0,0,1,79,4,12,132,39,0,0,0,0,132,86,26,5,0,4,5,21,47,23,10,5,20,51,15,58,132,12,0,0,1,4,3,90,29,7,4,0,4,3,0,1,62,11,9,15,15,19,15,27,88,16,0,0,9,59,19,24,132,59,0,0,0,2,1,23,26,5,0,0,14,23,1,1,24,0,0,2,9,22,132,132,86,6,0,0,11,8,10,82,132,7,0,0,0,3,9,86,12,16,1,0,4,25,13,10
0,0,0,7,61,45,0,0,24,55,0,0,58,105,6,4,29,121,42,24,5,4,2,4,15,9,21,52,33,2,5,25,4,0,0,1,121,61,2,1,121,121,0,0,77,38,0,10,64,121,10,15,26,15,1,4,0,4,19,75,121,9,3,3,4,0,0,9,121,27,0,2,121,8,0,2,80,10,2,116,76,12,2,0,6,30,15,65,2,28,47,20,25,12,0,1,0,1,5,38,121,8,4,1,91,104,21,27,56,1,0,36,76,55,1,0,0,2,9,23,4,12,7,0,0,1,11,16
69,0,1,1,1,5,92,132,51,9,0,0,7,12,4,48,132,45,0,0,0,0,1,12,49,15,0,0,0,7,10,6,132,64,85,42,0,0,10,86,120,21,1,0,0,0,9,107,132,43,0,0,0,0,2,89,32,34,4,0,0,4,14,26,14,38,66,29,8,11,20,10,93,34,3,0,0,0,10,56,132,71,0,0,0,0,0,46,36,50,5,0,0,0,0,6,0,0,0,3,27,11,28,14,21,0,0,0,0,0,29,100,115,0,0,0,0,0,5,132,21,1,0,0,0,1,18,112
6,0,0,0,0,1,48,117,100,6,0,0,0,0,3,109,102,13,0,0,0,0,0,20,8,1,0,0,0,0,0,0,36,0,0,0,2,14,56,110,141,28,0,0,0,0,6,128,133,51,0,0,0,0,0,8,4,2,0,0,0,0,0,0,74,88,36,6,0,8,16,14,141,141,10,0,0,0,0,41,131,29,0,0,0,0,0,20,1,0,0,0,0,10,2,0,78,130,42,6,0,0,0,0,99,141,18,0,0,0,0,0,20,42,2,0,1,1,0,0,0,0,0,0,27,58,2,0
4,1,1,1,0,5,11,7,35,17,25,17,0,0,0,9,125,138,34,9,0,0,0,8,26,90,30,1,0,0,0,3,8,15,31,2,0,1,17,14,76,13,5,1,0,0,2,16,138,26,0,0,0,0,0,33,77,6,0,0,0,0,0,23,3,3,11,1,1,8,138,87,52,7,2,1,0,2,81,138,138,28,0,0,0,0,1,81,85,13,0,0,0,0,0,10,13,5,1,4,44,56,63,27,57,0,0,0,3,16,98,138,138,36,0,0,0,0,6,138,61,21,0,0,0,0,0,5
29,0,0,0,2,5,8,62,77,2,0,0,0,0,16,137,17,6,0,0,0,0,40,127,3,1,0,0,0,0,62,40,17,0,3,31,38,26,8,30,137,30,1,2,4,5,8,114,71,78,8,0,0,0,5,25,13,26,1,0,0,0,10,8,12,5,51,137,21,2,0,2,137,76,34,54,4,0,0,21,105,82,32,0,0,0,0,2,3,65,67,4,0,0,0,0,4,8,53,78,0,0,0,1,56,137,83,38,0,0,0,0,25,137,70,0,0,0,0,0,0,39,108,19,0,0,0,0
29,8,2,11,68,24,2,7,148,16,1,3,6,3,2,71,48,0,0,17,53,13,3,26,0,0,4,119,106,2,0,0,41,7,1,7,53,12,0,0,148,17,0,1,1,0,0,17,76,1,1,2,11,9,2,16,0,2,3,14,148,36,0,0,32,33,12,25,42,0,0,0,148,61,2,0,0,0,0,11,63,2,0,0,2,8,13,22,0,1,0,0,148,134,6,1,5,57,46,11,9,0,0,0,55,34,11,2,5,5,15,42,11,0,0,0,1,49,66,37,0,0,18,37,148,136,17,0
0,0,4,5,64,139,27,2,60,58,20,4,12,133,32,5,139,63,0,0,0,3,6,17,43,1,0,0,2,7,5,14,0,2,18,12,63,75,0,0,66,61,46,5,4,2,0,1,139,28,0,0,0,0,0,36,58,4,2,1,0,0,0,19,3,5,2,8,26,16,9,3,46,36,1,0,0,0,18,21,139,10,0,0,0,0,14,105,51,0,0,0,0,0,2,99,0,0,7,44,33,33,33,2,4,1,1,14,7,22,139,37,10,1,1,1,0,5,139,139,29,4,0,0,0,0,59,139
0,0,0,0,87,98,11,2,13,0,0,0,10,39,39,28,4,1,3,3,1,8,17,8,0,0,0,8,15,8,38,17,5,0,0,1,135,113,7,11,116,7,1,0,11,24,9,49,28,16,36,14,0,0,0,1,0,13,69,26,9,0,0,0,15,1,0,93,135,28,3,11,135,32,0,7,24,7,3,41,64,108,44,1,0,0,0,0,0,72,98,0,0,0,0,0,5,7,14,135,135,0,0,0,135,135,33,62,18,0,0,1,45,125,5,0,0,0,0,0,1,25,12,1,1,0,0,0
148,148,68,1,0,0,0,6,148,88,18,0,0,0,0,27,28,63,42,1,2,3,0,1,0,9,9,2,15,19,0,0,36,98,148,12,0,0,0,1,148,84,30,1,0,0,0,19,79,4,2,1,19,40,1,6,0,2,1,0,8,47,4,0,4,16,148,105,0,0,0,0,148,57,78,33,0,0,0,26,61,17,22,16,20,13,1,21,0,8,34,21,5,5,0,0,0,0,58,64,1,0,0,0,15,27,73,79,6,0,0,1,33,43,24,11,0,0,0,3,1,1,17,46,4,0,0,0
0,0,4,9,0,2,53,31,0,0,4,34,40,19,27,14,0,0,0,45,104,75,92,12,0,0,0,24,28,83,141,5,0,0,0,0,0,14,80,33,5,0,0,1,12,55,135,24,36,3,10,141,72,24,30,20,1,0,2,141,141,63,29,0,0,0,0,0,3,20,25,8,26,17,0,1,12,31,20,5,117,29,1,22,13,3,5,12,7,0,0,141,141,18,1,0,0,0,0,0,1,10,15,3,45,14,0,0,1,2,4,10,57,17,0,0,4,29,5,7,1,0,0,23,84,141,3,0
11,8,7,0,0,0,0,1,22,10,0,0,0,0,1,14,49,37,0,0,0,0,0,13,50,52,0,0,0,0,0,3,1,5,54,38,0,0,0,1,17,5,26,37,2,1,6,23,137,43,6,0,0,0,3,27,34,47,0,0,0,19,19,11,16,3,28,22,0,1,5,51,4,7,89,51,1,29,39,2,49,17,31,5,3,86,99,33,52,17,1,0,0,17,90,66,11,0,0,0,0,78,142,142,6,0,2,1,0,142,142,29,98,5,0,0,0,117,142,63,142,61,1,0,0,6,19,28
2,95,115,0,0,0,0,0,29,132,53,0,0,0,0,3,114,132,24,0,0,0,0,21,49,34,0,1,3,0,0,12,7,36,26,0,0,1,3,2,66,30,6,0,0,0,0,22,132,52,0,0,0,0,0,44,55,27,0,1,1,0,0,17,6,23,0,0,0,2,0,0,51,6,0,0,1,12,17,18,132,27,0,0,0,5,28,131,48,17,0,1,2,0,0,29,2,3,0,0,0,26,16,1,1,0,0,0,24,132,44,10,129,0,0,0,15,95,96,132,108,0,0,0,1,0,1,132
0,2,6,1,0,0,122,122,0,0,0,0,0,28,122,119,1,0,0,0,0,9,122,122,2,0,2,0,0,0,8,90,6,9,31,20,47,9,24,46,94,33,3,1,10,10,86,92,46,29,21,0,0,2,41,122,79,4,0,0,0,0,7,122,9,5,2,7,92,28,2,1,110,22,1,1,9,3,6,84,65,11,7,0,0,0,7,80,101,5,0,0,0,0,10,56,0,0,1,0,47,58,20,1,63,7,1,0,0,11,22,64,122,16,0,0,0,0,0,39,55,10,0,0,0,0,3,15
0,3,10,21,11,0,0,0,11,47,16,0,0,0,0,2,6,70,60,0,0,0,0,1,9,76,40,0,0,0,0,0,9,7,4,18,41,80,14,7,143,71,18,1,4,19,14,31,38,81,106,18,0,0,0,0,1,38,36,6,0,0,0,0,25,0,0,0,16,143,29,15,143,11,1,0,0,14,9,92,128,14,25,35,5,0,0,20,3,4,9,39,18,0,0,1,13,0,0,0,13,61,143,83,143,3,0,0,2,18,48,143,140,7,1,10,4,0,52,88,4,6,5,47,22,0,16,13
82,22,0,0,0,0,3,86,90,0,0,0,0,0,10,146,35,0,0,0,0,3,66,115,2,0,0,0,0,2,62,28,40,4,0,0,0,0,29,53,146,7,0,0,0,0,2,58,131,7,0,0,0,0,3,34,21,3,0,0,0,0,6,29,89,2,0,0,0,0,14,26,146,34,0,0,0,0,0,9,123,75,6,0,0,0,0,8,7,48,63,3,0,0,1,3,83,2,0,0,0,0,3,33,146,43,0,0,0,0,31,132,64,106,4,0,0,0,50,100,6,40,41,0,0,0,39,39
3,37,10,7,5,0,0,0,154,80,6,0,0,0,0,6,191,32,0,0,0,0,0,54,36,5,0,0,0,3,12,18,17,85,10,4,9,0,0,1,112,60,11,0,2,8,2,14,191,7,0,0,0,0,0,43,70,4,1,0,0,0,3,11,18,14,4,2,2,2,2,14,122,7,0,0,2,11,6,13,191,39,0,0,0,0,0,2,71,31,9,0,0,0,0,0,0,0,0,0,0,2,5,7,121,7,0,0,0,0,5,16,191,63,0,0,0,0,0,2,44,33,7,0,0,0,0,0
27,1,0,2,9,1,0,14,149,0,0,0,1,0,2,149,33,0,0,0,0,0,97,149,5,0,0,0,0,4,129,127,44,3,0,1,7,2,0,12,149,8,0,0,0,0,1,83,132,1,0,0,0,2,45,92,43,0,0,0,0,2,41,149,24,9,0,0,0,0,0,6,149,111,0,0,0,0,0,16,82,13,0,0,0,21,34,17,42,0,0,0,0,7,24,91,0,2,0,0,0,0,0,0,30,57,0,0,3,7,0,0,8,8,0,0,12,42,12,4,12,0,0,0,0,4,11,52
4,2,3,35,61,0,0,0,153,8,3,3,1,0,0,72,153,0,0,0,0,0,0,118,3,0,0,0,0,0,0,2,0,3,6,58,81,0,0,0,145,20,6,4,2,0,0,23,153,11,0,0,0,0,0,64,26,3,0,0,0,0,0,2,1,0,0,39,138,0,0,0,133,22,0,3,10,0,0,3,153,25,0,0,0,0,0,24,58,3,0,0,0,0,0,6,1,0,0,18,132,11,4,0,90,2,0,1,14,1,3,23,153,0,0,0,0,0,0,81,69,0,0,0,0,0,0,24
19,16,11,40,40,19,25,20,68,75,25,30,14,12,12,30,23,8,2,31,30,2,4,3,0,0,50,102,34,0,2,1,20,22,31,27,103,51,33,32,117,8,1,5,59,40,26,92,55,5,5,20,44,67,51,26,36,11,20,14,3,10,35,51,8,10,31,49,117,14,43,40,117,85,33,38,63,4,12,13,52,23,42,68,42,31,41,12,36,50,31,10,2,6,48,17,4,7,19,23,33,19,54,100,12,21,24,8,2,76,117,89,14,9,21,13,18,82,117,72,1,3,50,15,5,17,117,17
0,0,0,0,10,19,3,0,9,1,0,3,19,14,6,9,18,4,8,8,9,3,0,11,1,22,17,8,4,1,0,0,3,0,0,3,22,42,9,6,28,17,6,1,3,12,8,11,20,18,6,0,0,9,12,10,3,3,5,1,4,3,7,12,11,2,14,16,13,4,43,255,29,20,25,8,7,4,0,10,15,6,1,6,18,29,12,8,30,4,0,2,1,1,9,18,255,0,3,0,0,0,32,255,75,3,10,11,9,0,0,75,4,4,3,25,25,1,1,2,9,3,3,2,1,3,13,10
220,90,0,0,0,0,0,3,52,5,0,0,0,0,1,2,0,0,0,0,0,1,4,0,0,0,0,1,0,3,2,0,220,16,0,0,0,0,0,65,59,1,0,0,2,6,5,8,1,1,0,0,0,3,12,4,1,2,0,0,0,4,3,1,220,168,0,0,0,0,0,17,59,12,2,7,4,1,0,2,2,9,4,2,0,0,1,0,1,5,4,1,0,0,0,0,124,220,0,0,0,0,0,0,9,9,1,2,3,3,0,0,0,2,1,0,1,4,4,1,3,2,0,0,0,0,1,3
7,5,25,53,79,22,7,3,39,1,5,20,43,31,32,91,33,11,21,101,59,3,1,42,19,51,46,93,66,4,0,1,10,0,13,74,71,15,27,21,43,10,28,106,95,15,1,36,129,39,39,30,8,0,0,67,16,12,89,87,33,3,0,0,38,54,14,9,51,23,15,23,20,59,31,25,112,33,4,13,100,129,17,2,3,0,3,33,17,12,5,17,84,28,0,2,10,17,12,40,41,15,0,7,16,11,16,47,33,29,12,20,88,35,1,2,2,2,9,56,16,3,0,0,129,129,0,5
84,0,0,0,0,0,0,140,164,0,0,0,0,0,0,168,39,0,1,0,0,0,0,27,0,0,0,1,2,0,0,0,147,4,0,0,0,0,0,23,168,2,0,0,0,0,0,53,138,1,0,0,0,0,0,10,0,0,0,1,3,0,0,0,84,65,18,2,0,0,0,6,168,50,0,0,0,0,0,5,140,7,0,0,0,0,0,0,0,0,0,1,1,0,0,0,43,26,10,4,1,2,5,10,168,39,0,0,0,0,0,45,81,4,0,0,0,0,0,23,0,0,0,0,0,0,0,1
0,0,1,6,2,1,0,0,0,0,6,4,0,0,2,1,2,4,4,1,0,0,1,3,0,1,3,4,0,0,1,1,0,0,0,1,1,6,5,2,0,0,1,1,2,2,9,5,7,3,2,0,0,0,1,6,1,1,1,1,0,0,0,0,0,0,0,0,1,1,100,172,3,1,0,0,2,2,39,28,13,3,0,0,0,0,7,12,1,0,0,0,0,0,1,1,0,0,0,0,0,1,219,219,6,0,0,0,0,0,219,219,7,0,0,0,0,0,47,150,0,0,0,0,0,0,11,6
235,132,0,0,0,0,0,17,17,1,0,0,0,2,3,7,1,0,0,0,7,2,2,4,3,1,0,0,4,0,0,3,235,10,0,0,0,0,0,95,20,1,1,0,0,4,4,8,10,2,0,2,4,0,0,3,2,3,2,4,4,0,0,1,235,157,0,0,0,0,0,30,38,10,9,0,0,0,0,3,3,10,7,1,0,0,0,0,0,1,4,4,4,0,0,0,148,129,0,0,0,0,0,7,30,1,0,0,0,0,0,6,0,1,1,0,0,0,0,0,0,0,0,0,3,0,0,0
6,4,13,53,75,22,10,7,28,0,0,32,138,46,41,52,138,11,1,1,5,3,14,98,16,8,5,17,2,0,0,1,1,0,13,83,63,71,19,5,51,7,14,90,138,72,3,17,138,24,6,9,20,5,0,79,39,1,0,4,2,2,2,11,5,1,31,116,21,10,6,2,11,24,135,138,33,5,0,0,138,138,93,36,3,0,0,7,25,26,4,0,0,0,1,5,21,0,2,3,1,1,2,10,0,2,23,47,17,1,0,1,0,35,40,14,1,0,0,0,3,43,17,0,0,0,0,0
0,0,0,1,3,41,37,7,8,0,0,0,0,9,60,64,23,5,0,0,0,0,9,42,9,0,0,0,0,0,16,74,12,13,8,0,4,138,100,20,138,33,4,0,0,35,93,138,92,35,6,1,2,3,0,14,2,1,1,0,4,20,11,8,12,138,84,10,13,114,6,1,138,128,69,7,0,3,2,15,114,19,6,10,5,20,4,13,0,0,4,8,11,49,3,0,21,138,63,21,5,1,0,1,72,69,60,34,12,5,1,17,53,33,31,34,2,2,5,34,1,1,72,43,3,4,1,4
16,4,6,1,1,2,19,69,127,3,0,0,0,0,9,152,91,0,0,0,0,0,0,152,6,1,0,0,0,0,0,10,16,21,27,3,1,1,9,34,124,28,5,0,0,0,14,103,152,7,0,0,0,0,0,152,39,0,0,0,0,0,0,24,22,4,6,23,1,0,10,70,150,66,0,0,0,0,18,27,152,100,0,0,0,0,0,7,32,1,0,0,0,0,0,6,7,6,18,68,17,2,3,13,118,90,4,2,1,1,4,19,72,56,0,0,0,0,0,0,1,0,0,0,0,0,0,0
37,5,15,48,31,21,3,10,104,3,0,1,0,3,20,90,27,5,0,0,0,8,32,30,29,3,0,0,0,0,1,13,15,9,27,105,135,31,2,3,135,25,1,4,8,2,1,21,51,62,5,0,0,0,3,18,21,41,10,0,0,0,0,14,39,2,0,4,70,135,102,58,135,11,0,0,3,8,23,76,39,12,2,0,0,0,21,60,27,7,2,0,0,0,3,84,85,135,8,0,5,135,62,36,135,135,45,2,0,0,5,31,10,29,53,1,0,0,2,6,14,15,22,0,0,0,0,26
80,50,21,12,5,1,0,6,135,48,0,0,0,0,0,48,63,3,2,0,0,21,22,24,0,0,4,1,0,38,72,0,23,87,118,28,1,0,0,0,135,77,9,0,0,6,1,10,58,1,0,0,20,123,24,13,0,0,2,17,11,76,63,1,9,8,34,48,0,0,0,0,135,31,6,9,10,15,3,13,25,1,0,0,60,135,38,11,7,0,1,8,6,50,126,25,2,3,8,12,2,39,80,7,39,18,3,4,7,46,135,40,8,7,22,35,56,135,48,6,59,2,17,41,13,46,67,46
70,50,3,6,3,10,2,2,23,7,0,0,6,96,32,10,0,0,0,15,11,31,56,13,0,0,0,9,17,35,44,1,27,27,4,4,6,54,93,60,6,3,5,28,27,116,116,20,79,16,1,5,4,18,116,85,15,13,6,17,101,42,9,6,90,51,19,10,2,10,47,111,14,14,32,116,69,56,35,14,116,29,5,34,21,27,41,64,25,20,3,4,59,116,52,13,58,26,23,3,0,2,35,116,2,2,11,9,25,71,84,22,7,9,28,5,13,42,39,30,3,86,36,2,4,65,30,4
39,92,45,22,29,3,0,3,29,113,98,55,19,14,3,6,102,93,27,33,7,5,3,35,5,6,38,61,5,9,4,7,74,15,2,1,14,8,22,63,40,16,16,14,21,113,94,53,113,25,6,5,6,33,27,113,40,9,29,22,0,0,4,84,57,39,15,7,30,4,8,39,43,57,113,58,3,23,18,22,113,106,63,21,1,5,5,15,58,19,1,0,0,9,10,37,49,3,3,84,36,2,4,81,52,8,20,22,5,5,71,113,14,9,10,11,5,10,65,46,67,9,0,0,0,7,12,15
16,119,82,1,0,28,37,2,1,24,119,60,25,24,22,5,3,13,44,42,27,9,15,23,3,4,21,11,0,0,16,43,24,94,32,12,6,12,11,6,9,6,20,53,72,119,23,5,119,65,47,25,28,55,8,21,14,19,56,101,67,12,5,9,20,14,21,45,9,2,0,0,6,11,83,119,51,19,1,1,87,39,119,63,11,8,10,32,11,2,7,49,117,90,39,19,4,4,62,53,3,1,0,0,0,14,99,20,8,28,4,0,1,15,69,41,20,48,29,1,2,0,19,119,56,28,7,1
43,27,29,23,28,30,10,49,40,12,26,14,0,2,31,118,9,7,98,21,0,0,9,60,5,6,118,50,0,0,0,10,26,17,40,6,28,118,39,46,118,40,13,0,1,8,18,118,47,14,1,0,1,8,11,104,72,5,10,0,0,0,1,66,36,63,118,14,4,8,5,32,94,57,69,15,3,5,7,15,60,3,0,0,1,31,20,31,118,1,0,0,0,2,2,36,20,4,11,16,2,5,83,118,3,1,5,8,6,40,118,48,30,0,0,0,0,8,49,101,93,0,0,0,0,0,2,81
7,56,60,88,0,0,0,0,0,0,189,189,2,1,0,0,0,14,189,189,3,2,21,9,0,46,189,14,0,9,46,7,9,37,22,4,0,11,13,2,3,0,49,25,7,42,13,1,42,46,105,29,2,5,2,2,11,40,127,11,12,7,0,1,1,1,0,0,0,23,40,2,23,0,0,0,0,32,33,13,98,4,0,0,0,2,3,18,13,1,0,0,9,25,3,7,0,0,0,0,0,1,2,0,22,0,0,0,0,0,3,13,61,3,0,0,0,0,0,21,6,1,1,3,5,6,1,5
0,0,0,1,2,71,84,0,0,0,0,0,7,132,62,0,0,0,0,2,34,103,37,5,0,11,20,23,39,8,0,0,0,0,1,20,24,35,27,0,8,0,0,10,109,132,39,11,125,15,8,4,15,57,54,68,22,70,53,5,3,0,1,3,33,12,5,17,27,15,27,19,26,13,5,88,132,47,3,3,132,65,2,13,45,8,4,14,55,20,3,0,0,3,11,12,75,7,1,2,11,57,26,46,33,36,1,8,132,132,6,1,132,113,2,1,18,6,0,0,12,10,2,5,1,0,0,1
1,0,0,1,16,12,3,5,24,8,0,0,133,103,1,2,133,133,7,1,30,27,2,11,10,45,24,52,80,7,2,3,0,3,10,13,58,17,2,0,48,8,3,17,133,53,2,17,133,42,3,3,25,10,6,103,26,15,28,18,28,10,5,18,2,0,1,3,24,75,47,4,15,55,51,72,128,14,8,4,114,133,37,12,7,0,0,11,24,39,27,0,0,0,1,19,33,4,0,0,0,16,25,24,40,95,30,5,0,0,1,4,9,133,55,0,0,0,0,0,3,83,73,0,0,0,0,1
13,55,63,75,36,56,25,7,49,100,13,4,3,38,61,9,0,0,0,0,0,11,7,0,0,0,0,0,0,0,0,0,11,8,18,30,127,127,38,9,79,14,6,4,7,63,113,42,7,4,9,13,12,23,7,2,0,0,0,0,0,1,0,0,42,37,2,4,127,127,3,3,127,60,4,2,5,12,7,27,9,7,3,10,115,86,6,9,0,0,0,0,49,37,0,0,18,70,37,62,127,34,8,3,22,127,25,7,18,5,0,2,1,19,13,21,127,52,0,0,0,2,28,19,122,18,0,0
11,4,49,11,45,61,20,28,140,109,51,8,15,30,20,52,173,151,0,0,0,0,0,87,58,15,0,1,31,8,0,10,1,5,136,20,5,3,2,2,170,92,95,13,2,0,0,11,173,82,0,0,0,0,0,43,61,8,0,14,24,0,0,2,0,0,2,4,7,0,0,0,87,2,1,4,4,0,0,2,173,12,0,0,0,0,0,5,33,1,0,2,1,0,0,0,0,0,0,0,0,0,0,0,0,0,0,0,0,0,0,0,0,0,0,0,0,0,0,0,0,0,0,0,0,0,0,0
25,34,59,8,26,21,2,7,35,18,19,6,31,35,16,56,105,5,21,84,34,5,9,130,1,0,9,165,165,0,0,2,29,1,1,5,18,22,5,25,50,5,2,20,72,19,0,6,165,7,0,5,15,2,1,52,13,0,0,69,165,29,1,6,32,8,2,6,5,1,2,8,20,37,26,38,33,2,2,0,130,38,13,4,6,15,28,33,9,2,27,51,165,88,21,10,1,0,0,0,0,0,1,1,5,36,13,4,18,5,1,0,22,38,9,4,46,35,27,14,17,40,29,33,37,26,12,6
16,0,0,0,0,0,9,45,69,10,0,0,0,0,1,37,57,14,0,0,5,11,0,3,4,0,0,0,9,17,0,0,34,5,17,8,0,0,0,15,148,40,1,0,0,0,4,25,52,27,1,2,28,48,13,11,30,14,13,7,37,35,1,1,8,7,63,28,1,29,31,11,65,11,16,4,1,66,128,67,83,30,10,2,4,14,68,81,8,24,44,22,18,5,1,1,1,0,2,1,0,148,148,49,141,0,0,0,0,105,148,148,148,28,2,0,0,1,16,67,14,11,5,23,43,0,0,0
69,0,0,0,0,0,14,80,0,0,0,0,0,0,12,18,1,0,0,0,0,0,0,2,0,0,0,0,0,0,0,0,116,18,0,0,0,0,21,118,51,2,0,0,0,0,29,120,120,21,0,0,1,2,0,40,23,5,0,0,16,29,0,1,49,62,49,9,0,0,0,10,120,22,23,10,0,0,1,51,120,79,0,0,7,23,21,41,38,18,16,11,79,87,8,4,15,28,61,16,0,7,47,120,37,16,83,33,3,113,120,24,120,19,4,1,2,63,120,120,59,48,44,20,17,9,13,23
0,6,4,1,0,1,11,3,13,10,2,0,0,7,22,11,109,75,0,0,0,0,6,27,33,47,1,0,1,0,0,0,0,0,0,0,0,22,104,38,32,2,0,0,5,146,132,47,146,16,0,0,0,16,44,146,60,7,0,0,4,2,0,7,2,1,2,4,15,39,34,25,75,98,16,6,51,119,20,8,146,105,1,0,1,6,10,72,45,0,0,0,1,2,33,66,0,15,55,37,9,4,0,0,16,146,59,8,9,3,0,0,70,76,2,0,0,0,5,49,7,0,0,0,0,0,40,87
1,21,110,76,15,15,11,3,15,16,110,90,3,5,23,27,63,10,22,34,0,0,47,99,7,0,1,110,80,2,41,110,15,9,28,17,89,69,12,20,98,14,35,55,33,48,33,47,18,10,110,110,22,1,11,14,29,23,29,55,36,7,12,79,11,20,18,38,110,24,1,3,110,65,38,29,46,12,20,28,60,14,32,51,11,4,34,60,12,23,67,67,39,18,9,2,9,3,5,13,48,61,12,14,49,27,33,26,15,23,10,28,31,14,14,14,13,52,53,31,24,2,1,5,16,87,53,22
37,19,15,17,49,124,135,61,105,118,3,7,29,25,12,14,58,73,14,0,0,0,5,23,16,14,2,0,0,0,3,4,107,135,135,6,0,19,135,50,135,135,52,8,0,0,4,23,110,53,23,0,0,0,0,21,9,11,9,0,0,0,0,0,0,86,135,21,20,38,3,0,19,24,77,28,5,12,6,8,96,25,24,2,0,0,0,13,13,1,0,0,0,0,0,3,1,5,9,44,33,44,2,0,35,25,15,2,3,9,4,9,14,9,8,1,0,0,9,6,0,0,0,0,0,0,0,0
19,2,0,5,98,83,80,79,66,14,1,1,4,2,45,125,23,50,18,3,3,5,49,46,5,34,4,0,0,3,69,23,85,24,13,77,125,13,4,11,125,106,12,10,9,3,7,72,27,24,6,14,66,41,108,58,35,22,0,1,5,10,63,105,17,16,50,108,55,5,0,0,95,28,32,37,4,7,38,66,29,25,3,11,57,48,67,44,58,72,3,2,9,27,57,41,0,2,27,30,7,0,0,0,0,4,33,63,5,0,5,1,4,3,73,45,0,3,20,17,4,17,74,9,0,16,74,20
26,9,2,24,13,3,3,27,155,119,0,0,0,0,3,19,155,75,0,0,0,0,5,7,4,0,0,8,0,0,13,7,62,18,6,27,8,6,5,3,155,91,0,0,0,0,0,10,129,44,14,0,0,0,6,10,1,2,18,2,1,3,13,9,41,22,36,39,8,1,0,1,155,46,5,0,0,0,0,52,139,8,4,0,0,23,19,45,0,0,6,1,2,71,61,0,3,23,120,47,3,0,0,0,155,76,32,2,0,0,0,9,84,2,0,0,9,63,15,22,0,0,0,2,14,66,35,0
105,70,25,4,0,2,5,32,117,14,10,6,0,0,3,58,50,14,91,72,2,1,0,6,0,0,94,133,8,1,0,0,31,19,13,4,1,1,61,80,133,33,0,0,0,0,9,34,90,21,2,1,9,20,2,5,3,21,13,35,13,14,0,0,124,23,26,13,0,0,46,133,133,9,0,0,0,0,1,79,71,29,5,0,2,6,3,17,2,35,6,0,1,5,6,0,47,21,29,22,22,7,9,32,133,5,0,0,0,0,15,133,51,15,0,0,0,23,58,73,0,2,0,0,0,88,96,0
3,4,2,0,0,12,51,12,118,55,0,0,0,3,24,55,69,91,0,0,1,0,0,3,3,7,0,0,4,0,0,0,16,9,1,0,7,106,115,27,139,46,0,0,0,24,50,121,139,12,0,0,3,2,3,21,3,4,0,0,4,2,0,0,18,112,60,13,18,33,6,1,139,139,10,0,1,3,3,66,63,2,0,0,0,0,41,139,8,2,0,0,0,0,11,52,1,76,107,9,0,0,0,0,33,45,25,6,0,0,0,22,13,0,0,0,0,0,22,102,1,0,0,0,0,0,21,123
133,6,3,11,6,8,1,142,112,1,0,0,0,0,0,142,19,0,0,0,0,0,0,20,4,0,0,0,0,0,0,6,136,113,0,0,2,11,5,37,142,73,0,0,0,0,0,117,83,4,1,3,0,0,0,16,6,0,0,1,0,0,0,12,79,142,20,0,0,0,0,1,142,87,0,0,0,0,0,49,93,3,0,4,0,0,0,35,4,0,0,5,0,0,0,4,16,46,14,0,0,0,0,2,69,5,0,0,1,15,32,95,46,0,0,1,0,4,40,142,1,0,0,2,2,7,16,23
14,40,1,0,0,0,0,0,130,114,0,0,0,0,0,13,130,4,0,0,0,0,1,96,7,0,0,0,0,0,16,39,6,58,14,0,0,0,1,1,124,96,6,0,0,0,1,33,130,15,0,0,0,0,1,94,43,5,0,0,0,0,16,69,3,3,3,0,0,1,15,6,122,11,0,0,0,0,6,42,130,64,0,0,0,0,2,53,39,44,29,0,0,0,2,18,2,3,73,115,0,0,1,0,31,5,30,35,12,4,13,37,51,4,0,4,14,11,122,130,11,7,7,0,0,25,130,130
177,139,10,0,0,0,0,64,140,20,1,1,0,0,0,20,31,1,0,0,0,0,0,0,0,0,0,0,0,0,0,0,177,177,15,0,0,0,0,0,79,51,1,6,5,0,0,1,40,0,0,0,0,0,0,4,0,0,0,0,0,0,0,0,177,96,0,0,0,0,1,30,30,11,1,7,12,0,0,1,36,2,0,0,0,0,0,3,1,0,0,0,0,0,0,0,177,7,0,0,1,6,28,177,23,1,0,2,11,3,23,29,30,2,0,0,0,0,5,11,2,0,0,0,0,0,0,1
0,0,0,0,0,0,0,0,4,1,4,1,0,0,0,4,2,1,7,5,7,4,9,9,2,1,3,2,2,4,10,17,2,0,2,2,0,0,0,0,28,11,5,2,0,1,0,6,3,5,14,8,5,12,4,1,2,2,9,6,5,22,3,3,10,3,4,6,1,1,0,10,14,4,6,8,4,6,11,8,2,3,4,2,7,24,20,6,0,20,12,1,1,17,36,0,34,11,2,2,0,0,1,7,3,2,4,29,12,23,6,1,0,1,1,7,12,255,155,7,0,4,2,0,0,255,255,1
126,126,17,0,25,126,33,28,98,37,1,1,30,76,21,12,56,31,3,3,10,54,63,20,21,7,11,18,14,25,26,23,103,46,24,25,37,58,29,71,126,59,32,27,18,22,8,19,31,53,126,46,11,27,37,17,17,56,93,28,5,13,15,19,40,125,114,80,43,1,0,3,126,30,26,46,52,7,1,58,67,27,50,22,13,24,11,33,20,18,23,4,23,85,30,17,8,10,8,10,26,0,0,0,39,2,0,4,29,2,0,4,16,8,16,6,1,0,0,0,0,3,3,0,17,26,1,0
0,0,0,0,11,113,23,0,24,5,0,0,0,37,99,91,22,2,0,0,0,7,100,113,0,0,0,0,12,78,101,1,3,1,0,7,54,113,8,4,106,48,0,0,2,23,15,33,62,18,0,1,3,5,18,22,0,0,0,1,69,65,15,0,2,3,47,111,67,7,3,7,102,64,104,24,4,1,3,61,51,38,43,24,11,1,0,10,0,0,3,39,113,33,0,0,10,69,78,28,3,0,0,0,8,86,113,12,0,0,0,0,2,26,113,82,3,0,0,0,0,0,19,113,58,0,0,0
0,0,0,0,5,89,132,59,6,5,0,0,5,132,61,22,4,16,22,2,4,22,3,1,0,1,28,15,2,0,0,0,65,11,5,32,59,36,132,132,132,39,0,0,0,10,41,128,38,51,29,11,1,0,0,3,0,13,44,9,0,0,0,0,47,132,55,17,26,24,0,6,132,132,32,0,0,0,0,27,60,29,16,3,2,0,0,12,0,12,19,1,0,0,0,0,6,132,97,10,1,0,0,0,6,127,72,0,0,3,3,0,7,23,20,2,2,2,3,1,0,1,6,0,0,0,1,1
0,0,0,0,0,0,0,0,0,0,3,16,10,6,1,2,1,0,85,134,47,50,32,18,66,23,77,134,83,84,21,9,2,0,0,0,0,0,0,0,134,18,7,12,17,18,4,97,50,22,34,82,134,134,13,14,63,77,67,134,60,62,13,7,0,0,0,0,0,0,0,0,78,10,0,0,3,23,4,11,45,26,25,11,71,116,38,10,60,69,37,51,24,19,111,43,0,0,0,0,0,0,0,0,0,0,0,0,0,0,0,0,2,0,0,0,0,3,6,0,16,5,0,0,0,8,93,31
18,0,0,107,132,61,12,32,132,2,1,26,22,5,5,132,28,1,2,1,0,11,12,26,1,0,0,0,0,2,4,2,10,2,0,53,121,132,79,2,132,24,0,14,44,41,3,64,88,4,0,3,4,13,11,25,0,0,0,0,0,2,2,0,36,37,2,21,71,64,109,31,132,103,2,0,10,9,1,22,55,6,0,1,0,0,2,32,0,0,0,0,0,0,0,0,60,132,90,3,0,3,38,30,58,132,6,0,0,0,0,1,7,13,1,0,0,0,0,1,0,0,0,0,0,0,0,0
0,0,0,0,78,137,63,1,32,5,0,0,25,48,137,89,14,3,0,0,0,0,80,51,0,0,0,0,0,0,0,0,2,1,1,30,137,86,4,2,137,19,1,8,30,30,9,26,42,12,0,0,0,0,2,9,0,0,0,0,0,0,0,0,1,2,52,137,104,2,0,0,54,13,137,106,12,2,12,24,10,0,29,8,0,1,15,15,0,0,0,0,0,0,0,0,0,0,129,137,2,0,0,0,0,0,137,103,0,0,0,0,0,0,84,16,0,0,0,0,0,0,0,0,0,0,0,0
0,0,0,0,1,102,135,15,4,3,0,0,11,135,55,13,3,12,24,1,6,18,1,0,0,1,32,9,0,0,0,0,36,4,0,6,47,59,135,117,135,20,0,0,0,16,62,135,48,41,37,2,0,0,0,3,0,12,47,3,0,0,0,0,49,126,37,19,58,13,1,13,135,135,14,0,0,0,0,27,79,44,13,0,0,0,0,5,0,11,15,0,0,0,0,0,4,135,99,27,5,0,0,0,10,135,45,0,0,1,1,0,6,34,14,0,0,2,2,0,0,2,2,0,0,0,0,0
0,0,0,0,0,0,0,0,11,0,0,0,0,0,0,9,33,0,0,0,0,0,0,18,3,0,3,0,0,0,0,0,1,0,0,0,0,4,74,19,99,8,0,0,0,0,16,73,144,13,0,0,0,0,0,101,37,5,7,0,0,0,0,5,22,3,6,25,21,21,103,102,144,63,1,0,0,0,10,107,144,113,0,0,0,0,0,8,39,12,2,1,0,0,0,0,23,38,118,122,19,4,6,20,144,144,47,5,0,0,1,31,144,106,0,0,0,0,0,0,16,4,0,0,0,0,0,0
5,2,0,10,76,80,43,32,35,13,0,0,0,1,22,100,22,7,0,0,0,0,0,8,0,0,0,0,0,0,0,0,24,7,6,55,80,123,64,55,123,21,3,4,0,1,26,123,78,6,0,0,2,4,2,12,0,0,0,0,1,3,1,0,29,68,123,104,19,5,1,7,123,123,123,32,1,0,5,14,43,4,4,8,3,5,72,30,0,0,0,0,2,4,37,21,83,123,79,8,0,0,0,4,1,30,106,123,14,1,2,0,0,0,36,109,21,2,26,7,1,0,3,17,12,1,26,42
30,33,20,1,8,21,35,34,5,32,107,35,16,19,7,4,132,108,30,11,3,3,5,15,79,37,0,0,0,0,0,0,132,70,18,6,9,14,28,132,45,35,44,23,132,132,16,49,132,46,5,4,19,37,14,56,64,16,0,0,0,0,0,1,132,5,1,5,22,30,39,132,96,6,1,39,119,49,4,66,132,23,0,7,15,7,1,6,25,1,0,0,0,0,0,0,20,2,0,2,4,0,0,3,6,0,0,1,0,0,0,1,0,0,0,0,0,0,0,0,0,0,0,0,0,0,0,0
17,117,41,8,28,14,9,8,5,18,17,73,131,62,3,0,46,131,57,45,58,22,3,1,80,131,2,0,0,0,0,0,9,17,5,5,16,45,95,45,13,7,13,59,131,131,31,12,131,131,47,24,18,17,6,39,59,111,2,0,0,0,0,7,1,27,22,19,6,4,11,5,7,15,69,131,43,17,2,2,131,52,59,31,6,2,2,50,27,1,0,0,0,0,0,24,0,2,1,1,0,0,0,0,0,0,10,26,2,0,0,0,0,1,9,13,14,1,0,2,0,0,0,0,0,0,0,0
4,0,0,23,42,13,22,14,19,5,1,1,10,12,55,90,3,3,8,9,3,23,16,10,21,8,1,3,0,3,7,9,9,4,0,33,131,131,19,12,131,116,17,9,44,34,29,85,34,52,75,73,19,44,13,11,49,131,32,27,4,4,4,7,29,4,0,0,112,131,18,17,131,40,1,0,14,48,24,86,100,58,4,6,30,129,34,21,106,131,6,1,1,4,5,4,2,0,0,0,1,1,0,0,22,6,0,0,3,1,0,0,19,25,0,0,9,5,0,0,25,31,0,0,0,0,0,0
0,0,0,0,0,0,0,0,0,0,0,0,0,0,0,0,0,0,0,0,0,0,0,0,0,0,0,0,0,0,0,0,1,0,0,3,5,0,0,0,28,9,4,66,33,0,0,1,158,21,4,14,4,0,0,15,8,0,0,0,0,0,0,0,20,30,8,58,158,7,3,3,66,66,42,158,158,14,8,7,158,80,33,106,42,0,4,132,28,1,0,0,0,0,3,30,6,8,3,24,158,73,27,8,18,18,33,63,85,43,57,17,45,35,110,51,30,1,3,47,4,2,4,2,0,0,3,14
