5,0,0,0,0,0,73,34,43,0,0,0,0,0,128,136,7,0,0,0,0,42,144,76,0,0,0,0,0,22,144,129,0,0,0,0,0,0,144,85,16,0,0,0,0,0,144,144,107,6,0,0,0,2,108,144,16,1,0,0,0,1,13,33,0,0,0,0,0,0,16,6,70,16,0,0,0,0,35,38,144,64,0,0,0,0,5,39,25,6,0,0,0,0,0,1,0,0,0,0,0,0,0,0,2,0,0,0,0,0,0,0,12,5,0,0,0,0,0,0,1,0,0,0,0,0,0,0
0,0,0,0,0,0,0,0,135,0,0,0,0,0,0,43,142,6,0,0,0,0,0,75,57,102,37,0,0,0,0,3,0,0,0,0,0,0,0,0,120,33,27,0,0,0,0,28,142,42,6,0,0,0,0,89,142,50,8,0,0,0,0,120,0,0,1,0,0,0,0,0,16,114,142,0,0,0,0,0,115,142,87,0,0,0,0,9,111,17,0,0,0,0,0,125,0,0,0,0,0,0,0,0,0,10,28,0,0,0,0,0,1,13,17,0,0,0,0,0,102,26,0,0,0,0,0,11
138,38,8,0,0,0,0,0,138,59,10,0,0,0,0,22,71,97,90,2,0,0,0,17,9,33,23,7,1,0,0,0,48,90,62,0,0,0,0,1,138,17,0,0,0,0,0,96,138,50,20,18,14,1,0,80,10,10,15,42,63,3,0,1,4,6,10,0,0,0,0,0,138,98,0,0,0,0,0,7,138,80,0,1,14,17,19,49,10,1,1,3,65,41,14,10,8,0,0,0,0,0,0,0,138,24,0,0,0,0,9,55,82,20,0,0,0,2,67,107,22,21,42,0,1,7,14,26
0,0,0,0,0,0,16,29,34,2,0,0,0,0,55,131,28,4,1,0,0,0,3,39,0,1,8,2,0,0,0,0,19,4,0,0,0,0,4,14,131,59,0,0,0,0,10,85,113,50,7,0,0,0,26,56,16,26,68,34,1,1,16,34,11,1,0,0,0,0,54,90,70,7,0,0,0,0,68,131,21,3,0,0,0,7,131,131,14,3,8,9,2,7,131,131,0,0,0,0,0,0,88,131,25,2,0,0,0,0,81,131,21,1,0,0,0,2,58,54,17,0,0,0,0,0,29,115
78,0,0,0,0,0,0,11,10,15,11,0,0,0,0,0,133,33,10,0,0,0,0,11,76,5,0,0,0,0,0,6,133,5,0,0,0,0,0,31,104,133,55,0,0,0,0,4,71,133,120,0,0,0,0,1,46,39,7,0,0,0,0,0,133,47,9,0,0,0,0,17,133,29,3,0,0,0,0,123,128,66,51,16,3,0,0,63,1,9,19,35,17,0,0,0,21,50,25,0,0,0,0,1,113,20,0,0,0,0,0,74,133,27,5,11,18,6,4,78,9,3,2,22,73,13,3,5
2,4,7,0,0,0,0,0,59,93,0,0,0,0,0,6,131,131,3,1,6,6,3,18,31,15,5,14,71,31,3,5,22,6,0,0,0,0,0,0,131,131,0,0,0,0,2,26,131,98,0,0,1,9,32,64,7,2,7,1,17,45,24,12,15,0,0,0,0,0,0,7,90,5,0,0,0,0,42,131,112,15,3,0,0,0,63,131,48,31,87,13,0,1,15,41,0,0,0,0,0,0,0,1,4,0,0,0,0,0,10,25,81,2,0,0,0,0,35,131,28,5,13,2,0,1,131,131
0,1,0,0,0,0,0,0,0,26,13,0,0,0,0,0,3,51,78,0,0,0,0,0,50,138,37,0,0,0,0,0,13,11,0,0,0,0,0,1,80,138,34,0,0,0,0,10,32,138,138,0,0,0,0,8,24,138,94,3,4,23,19,10,20,2,0,0,0,0,0,9,138,68,1,0,0,0,0,95,128,77,22,8,0,0,5,57,16,14,2,4,0,32,59,27,14,3,0,1,1,1,5,12,138,95,2,0,0,0,0,63,108,83,39,77,7,0,0,52,0,0,2,63,11,1,2,0
0,0,9,3,3,71,42,2,8,57,37,4,0,92,91,2,20,117,117,10,0,55,46,3,84,100,81,16,1,2,7,14,0,10,117,16,5,21,4,0,69,70,112,26,0,5,1,6,117,101,45,19,7,0,0,45,37,9,20,51,64,10,2,24,2,19,117,22,0,0,0,0,14,35,117,40,0,0,0,1,107,100,32,5,8,3,1,22,26,5,1,15,117,38,6,27,2,7,24,10,1,20,31,8,8,31,50,6,0,1,16,32,4,60,21,6,4,1,13,9,8,3,1,35,117,24,5,6
0,0,0,0,0,0,0,0,0,0,0,0,0,0,20,35,0,0,0,0,0,0,16,35,0,0,0,0,0,0,2,10,0,0,0,0,0,0,1,3,26,3,0,0,0,0,92,139,111,12,0,0,0,0,44,139,19,10,8,0,0,0,0,13,2,0,0,0,0,0,2,4,139,47,0,0,0,0,7,57,139,98,0,0,0,0,16,96,64,59,31,3,0,0,28,55,1,0,0,0,0,0,59,97,55,4,0,0,0,0,42,137,58,4,0,0,0,1,139,139,14,3,1,0,0,5,139,139
0,0,0,0,0,0,0,0,9,0,0,0,0,0,0,6,31,0,0,0,0,0,0,21,3,0,0,0,0,0,0,2,10,6,1,0,0,0,0,6,112,54,13,0,0,0,0,42,144,42,2,0,0,0,0,117,33,1,0,0,0,0,0,11,113,42,3,0,0,0,0,45,114,144,86,0,0,0,0,9,129,144,60,0,0,0,0,9,22,13,4,2,0,0,0,1,144,6,0,0,0,0,0,94,144,55,6,0,0,0,3,144,94,77,52,20,2,0,1,82,3,7,25,60,18,0,0,0
146,36,2,0,0,0,0,27,111,86,70,1,0,0,0,34,6,42,48,18,2,0,0,0,2,1,0,1,0,0,0,0,115,13,0,0,0,0,0,81,146,49,15,10,6,1,0,104,43,25,25,70,101,6,0,3,0,0,0,5,20,0,0,0,106,84,0,0,0,0,0,4,146,105,0,0,5,10,16,49,40,2,0,4,94,71,26,25,0,0,2,0,19,4,0,0,139,24,0,0,0,0,3,37,110,30,0,0,0,1,60,101,27,23,31,0,2,14,27,36,0,7,94,0,0,1,1,0
36,121,121,28,23,43,17,8,64,121,44,6,27,18,5,13,121,31,1,0,5,10,2,9,45,4,0,0,51,121,6,6,93,62,24,14,57,18,2,20,101,38,6,28,76,30,1,28,121,16,1,5,33,18,4,38,16,17,26,25,97,74,3,4,51,79,72,38,30,6,3,14,52,55,23,90,46,1,2,26,69,93,19,26,12,1,2,13,19,20,47,22,15,2,2,5,22,10,20,12,94,91,11,30,105,22,9,12,12,9,8,79,18,62,16,28,9,0,0,1,10,1,2,25,11,1,5,5
0,0,0,0,1,0,0,0,1,1,0,0,0,0,0,0,3,6,3,1,2,0,0,0,0,0,1,2,67,136,0,0,0,0,0,0,0,0,0,0,2,0,0,0,1,3,1,2,17,3,0,0,17,3,1,8,1,0,0,0,228,206,0,0,0,3,2,2,0,0,0,0,1,6,13,3,1,0,0,0,15,6,5,2,31,3,0,3,4,0,0,1,228,89,1,2,1,2,1,1,0,0,3,4,2,2,3,0,0,0,1,5,2,0,2,3,36,29,0,1,1,0,0,1,228,164,0,0
8,2,5,8,0,1,2,3,19,2,0,1,1,0,0,9,1,1,7,5,2,0,0,1,0,0,5,9,2,1,0,0,33,10,3,1,0,3,36,40,18,6,3,1,0,0,0,9,15,4,3,1,0,0,0,4,1,1,3,13,4,0,0,0,51,63,49,13,6,3,7,18,20,14,7,2,1,2,2,5,6,10,3,0,0,13,31,0,1,1,0,1,2,59,66,0,23,6,7,7,9,25,62,57,4,1,0,1,2,188,141,18,0,0,0,0,0,207,207,2,0,0,0,1,2,207,207,4
82,70,3,1,0,16,83,36,35,18,0,0,0,3,116,111,3,0,0,0,0,20,58,29,9,1,0,0,0,2,19,26,23,24,16,43,65,63,116,33,116,50,3,0,0,1,89,116,53,2,0,0,0,1,58,73,40,24,0,0,0,4,32,30,10,44,116,116,36,4,2,2,81,100,90,24,0,1,16,15,18,5,43,1,0,2,87,49,23,10,11,3,3,29,66,72,0,0,30,102,12,9,5,0,0,1,59,54,14,27,15,0,1,5,58,3,3,67,68,1,2,5,14,3,1,46,116,6
8,80,8,0,0,36,70,5,8,102,79,25,8,7,13,3,7,119,119,27,1,0,0,0,0,64,109,36,0,0,0,0,7,119,20,0,1,2,1,0,24,84,17,5,19,9,0,0,119,119,32,9,2,1,0,14,25,35,68,119,34,1,0,5,11,55,5,0,2,4,6,5,23,17,10,2,14,11,4,2,119,12,2,1,0,7,25,119,39,2,1,21,87,12,15,100,0,25,56,3,1,8,5,1,0,15,36,6,19,73,4,0,32,33,21,1,6,83,58,70,111,21,4,9,25,8,25,101
7,0,0,1,1,2,17,55,2,5,4,33,36,9,4,7,146,133,9,17,12,0,0,0,141,59,0,0,0,0,0,0,25,9,10,2,0,0,13,72,41,5,2,9,4,15,56,39,152,135,2,3,1,2,5,12,70,55,0,0,0,0,0,0,1,13,115,60,1,0,3,5,79,0,22,57,16,3,13,19,152,12,0,1,1,0,0,49,64,5,0,0,0,0,0,4,6,33,56,100,44,1,0,0,35,2,6,107,95,4,0,7,152,3,1,9,7,0,0,67,66,0,0,1,2,0,0,15
52,16,5,1,3,5,5,12,107,22,6,14,25,8,6,63,1,0,2,47,117,31,1,4,0,0,0,11,35,14,10,6,11,19,29,3,4,73,38,23,117,42,15,3,25,15,33,117,20,1,0,9,117,49,6,10,0,0,0,0,60,63,29,2,2,79,78,3,3,38,9,0,51,58,32,0,4,117,112,17,8,1,1,2,91,112,117,33,0,1,30,17,65,77,8,2,0,10,14,2,3,117,38,0,0,2,26,15,17,117,61,5,35,7,30,17,10,29,59,100,54,30,64,11,4,2,1,24
82,0,0,1,24,9,3,91,54,0,0,31,83,3,1,51,46,9,3,20,71,8,3,55,16,5,10,9,14,4,2,14,84,35,7,0,28,38,16,86,113,38,28,41,31,0,3,88,30,93,113,79,37,2,10,15,12,53,113,39,4,2,4,6,36,87,73,11,19,14,7,18,113,42,7,2,0,2,77,113,7,14,35,8,0,0,113,102,2,9,23,8,5,33,102,51,2,0,10,9,87,52,10,18,29,3,0,0,4,9,36,107,21,5,0,0,0,0,45,78,4,7,0,0,0,14,71,21
1,1,4,62,71,32,36,3,18,53,65,74,13,7,47,17,23,121,29,0,0,5,15,7,8,111,8,0,0,33,19,1,74,48,7,8,3,9,44,18,88,121,121,30,8,0,0,6,8,121,69,21,69,72,28,1,8,46,4,1,4,98,55,3,78,61,26,0,0,0,0,2,121,32,6,8,15,0,0,34,35,15,40,121,121,25,7,8,6,66,37,39,19,16,15,2,23,15,18,3,0,0,0,6,121,17,1,1,0,0,1,54,48,7,6,60,66,15,11,32,3,2,2,25,86,18,2,0
7,3,14,9,1,9,98,53,65,10,4,3,0,3,23,52,33,4,0,1,18,12,8,19,0,1,1,3,134,46,2,1,14,13,49,64,8,0,7,6,129,32,6,3,2,1,2,24,18,2,2,3,36,47,16,9,0,67,26,12,94,57,5,0,4,1,14,133,84,4,0,1,43,36,1,13,13,2,12,58,16,127,90,9,24,11,9,22,0,134,134,7,9,5,0,0,3,12,1,18,118,73,2,0,43,134,2,3,20,11,1,2,12,134,72,0,0,0,0,1,0,85,70,0,0,0,0,0
1,67,88,16,1,0,0,0,16,18,66,68,13,3,0,0,133,91,9,8,3,0,0,0,24,17,3,32,56,4,0,0,11,40,23,7,22,33,1,1,36,4,12,21,65,97,5,8,133,21,1,2,9,11,3,20,31,2,0,2,76,48,2,5,3,5,1,0,29,133,14,0,77,7,0,0,28,130,33,28,133,30,0,0,12,5,2,18,31,3,0,1,112,50,2,4,0,1,50,61,32,88,8,0,56,83,82,9,3,24,14,17,133,120,12,14,10,2,0,12,18,19,34,73,70,29,0,1
4,5,1,3,3,16,119,47,1,4,1,5,6,112,119,1,5,71,18,0,0,100,119,0,2,49,67,16,1,16,40,2,6,23,9,13,22,26,6,4,33,10,1,18,45,35,11,2,119,119,17,0,0,1,2,14,23,119,119,5,0,0,11,19,0,1,1,6,50,77,6,1,44,2,0,4,16,48,17,43,119,15,0,0,0,0,23,119,19,14,2,0,0,9,119,101,6,2,19,47,32,12,4,9,19,1,17,93,31,4,6,53,71,16,4,7,8,1,10,76,2,4,2,3,39,79,72,19
8,1,0,0,4,18,19,18,65,6,0,0,0,0,13,75,27,7,18,2,0,2,33,64,3,4,27,9,0,3,18,9,1,0,5,32,11,8,13,11,15,3,16,15,2,1,29,115,113,21,1,0,0,1,28,97,41,29,21,2,1,49,35,11,6,1,6,12,1,14,33,23,20,10,31,25,1,29,67,22,103,22,3,1,0,18,106,85,19,24,11,2,8,126,75,18,2,0,0,0,0,114,126,11,27,0,0,0,0,126,126,52,126,34,0,0,0,13,126,126,35,126,12,1,1,6,11,11
4,4,1,2,8,1,5,10,23,1,0,3,25,12,10,16,73,48,3,0,0,0,1,15,18,54,19,25,2,0,4,8,31,9,1,4,7,1,22,51,36,13,6,37,38,3,3,11,131,44,5,2,0,0,0,37,55,21,5,16,2,0,2,36,36,8,0,0,1,0,131,131,70,45,16,12,9,1,34,131,53,131,36,1,0,0,19,37,17,37,28,20,2,1,19,23,98,131,12,0,0,0,30,101,111,131,53,0,0,0,6,100,27,16,33,14,2,8,104,72,3,6,26,11,2,5,131,72
39,119,49,0,0,0,0,12,119,119,9,0,5,0,0,21,20,33,8,11,110,40,0,0,31,66,69,24,59,30,2,1,7,119,80,3,14,72,27,9,108,90,8,0,18,21,36,84,48,18,5,4,119,17,0,9,46,46,49,5,15,10,0,1,12,54,36,32,61,89,7,2,119,110,9,0,16,23,11,18,54,3,0,2,107,48,5,31,60,2,0,6,19,8,2,45,1,21,96,87,5,0,0,0,10,28,41,39,12,6,3,2,13,0,1,38,61,13,2,11,33,2,1,8,5,1,7,62
7,0,8,48,17,3,3,23,46,9,2,4,4,0,5,54,3,3,2,2,22,53,63,22,20,3,0,0,2,25,92,72,16,4,5,86,41,0,0,9,120,24,5,36,39,1,0,7,17,25,13,36,120,77,6,1,85,95,8,4,14,42,23,20,19,10,0,11,53,24,17,3,120,2,0,15,55,11,4,20,27,17,33,92,95,74,0,4,9,41,20,9,21,120,39,1,25,5,0,1,49,94,63,14,120,17,0,0,12,20,24,27,17,1,0,25,120,120,1,3,0,0,1,51,110,120,7,0
1,3,23,35,7,3,1,5,10,38,24,4,2,18,33,18,21,26,41,4,0,1,27,59,15,52,34,1,0,5,0,3,12,0,0,4,36,35,10,32,15,1,0,1,103,137,82,42,137,8,0,0,4,18,59,137,71,4,0,0,5,50,6,14,7,0,0,0,33,55,49,35,58,31,1,5,137,105,9,6,137,96,0,1,14,16,5,25,61,4,0,0,22,120,13,13,2,4,15,16,17,19,11,8,42,82,40,37,47,25,1,0,137,116,4,0,23,29,1,2,35,27,0,0,44,87,4,7
30,8,1,2,104,50,19,4,11,3,1,0,13,42,75,27,2,4,16,27,10,43,33,1,0,0,18,40,11,51,36,0,43,9,1,40,128,40,8,7,128,45,9,5,64,19,19,54,32,39,71,76,14,0,0,3,0,1,35,102,53,42,5,0,26,20,15,128,128,1,0,3,128,97,54,77,68,2,0,39,94,31,28,49,4,0,4,16,0,1,78,128,25,7,3,3,7,9,21,88,44,10,3,0,11,52,97,64,20,30,7,0,10,13,5,2,7,34,42,18,0,0,2,9,12,44,51,10
12,20,6,1,29,44,22,21,86,1,2,2,18,44,29,71,43,1,6,72,15,0,2,27,15,1,4,59,5,0,3,131,15,24,8,8,131,85,8,8,131,9,0,1,64,55,9,45,104,2,0,14,2,0,5,13,4,1,10,71,2,0,5,15,28,14,2,6,131,104,23,35,131,57,1,6,40,19,2,13,68,2,0,0,0,11,37,24,0,0,1,4,1,14,68,5,38,2,0,0,14,104,105,86,131,21,0,0,4,6,9,77,28,4,0,0,10,81,29,6,0,0,0,0,0,69,97,1
5,99,25,1,13,22,13,5,32,26,2,2,21,9,22,60,22,2,0,6,126,9,0,8,24,4,3,6,14,3,1,3,14,16,2,3,126,99,23,13,126,9,1,2,46,38,38,112,82,2,0,3,126,9,0,10,61,5,2,12,52,5,1,3,14,33,38,45,126,17,1,1,126,126,60,16,49,5,2,10,71,11,0,1,126,5,0,12,74,1,0,13,79,6,0,24,34,19,11,34,74,0,0,10,44,49,25,5,27,10,0,11,19,5,3,33,126,11,0,4,82,10,4,30,29,0,0,9
0,3,0,1,90,46,0,0,6,0,0,0,147,90,10,14,151,12,0,0,4,12,9,37,57,11,0,0,1,2,5,2,0,5,3,7,115,24,8,2,29,2,1,17,151,72,10,23,151,15,1,3,16,12,7,55,70,9,1,11,9,1,0,0,0,0,0,1,42,72,67,16,24,20,11,50,151,58,5,2,151,59,10,16,15,0,0,26,68,3,1,9,9,6,3,24,1,1,1,2,19,63,14,5,15,66,25,6,33,40,8,2,86,93,88,3,1,0,0,20,27,11,36,9,4,10,7,31
135,1,2,1,0,0,0,146,150,9,0,0,0,0,0,52,50,32,0,0,0,0,0,0,7,16,0,0,0,0,0,0,150,19,18,22,1,0,0,68,150,16,0,0,0,0,0,74,75,30,6,9,1,0,0,3,5,10,1,1,0,2,6,3,88,88,29,12,1,0,0,20,150,105,4,0,0,0,0,18,105,18,25,22,1,0,0,3,1,1,44,14,0,2,4,1,40,150,48,0,0,0,0,5,92,150,25,0,0,0,0,1,60,13,3,1,0,0,0,8,1,1,10,2,1,6,4,1
0,0,3,156,43,0,0,0,147,0,0,45,30,0,0,49,156,0,0,3,1,0,0,80,10,1,1,23,8,0,0,2,0,0,1,156,17,0,0,0,100,6,22,156,20,0,0,14,156,14,11,11,0,0,0,64,32,0,0,12,9,0,0,6,0,0,0,87,3,0,0,0,13,14,69,156,1,0,0,0,156,101,72,45,0,0,0,5,31,10,0,7,4,0,0,1,0,0,0,2,0,0,7,4,0,1,17,34,1,0,1,1,3,30,36,13,0,0,0,0,1,6,1,2,7,0,0,0
10,12,0,0,0,1,0,0,5,6,0,0,0,25,18,1,5,1,0,0,0,9,40,27,3,0,0,2,5,0,1,6,11,11,0,0,3,61,0,0,11,0,0,0,5,162,62,17,162,4,0,0,0,47,75,102,41,3,0,1,2,0,0,9,3,2,0,0,31,162,0,0,88,21,0,0,15,162,16,15,162,57,0,0,0,13,7,21,49,9,0,1,0,0,0,0,1,9,0,0,40,162,0,0,113,81,0,0,5,49,0,0,162,67,0,0,0,0,0,0,23,7,0,0,2,0,0,0
7,19,4,22,138,30,3,2,37,111,26,18,74,3,0,1,18,99,56,7,3,0,2,11,3,13,9,27,87,31,64,53,2,6,15,40,123,28,1,0,58,51,35,23,23,2,0,13,59,25,8,3,12,12,1,26,6,2,1,11,138,138,7,5,0,3,34,27,38,10,0,0,4,9,59,47,0,0,0,0,23,14,12,7,55,63,1,5,8,17,7,15,138,138,2,3,0,1,34,25,2,0,0,0,0,0,18,33,18,25,0,0,0,1,5,11,94,138,0,0,9,61,21,32,138,78,0,0
4,0,0,5,4,40,124,31,8,16,23,6,38,111,62,8,102,34,22,5,10,15,2,29,124,14,0,0,0,0,0,16,50,1,0,9,16,9,30,42,124,56,25,13,2,3,8,21,79,38,35,69,9,0,0,5,124,26,1,1,0,0,0,6,42,2,1,47,43,0,0,20,124,13,1,4,3,0,0,51,69,36,16,37,21,0,0,4,124,88,3,1,0,0,0,0,8,39,79,69,36,0,0,1,101,124,88,1,0,0,0,6,30,77,89,5,0,0,0,0,69,124,15,0,0,0,0,0
33,55,32,100,37,0,0,0,120,94,26,55,24,0,0,0,29,46,80,40,8,0,0,0,24,120,71,6,0,0,0,0,56,61,8,47,120,7,0,0,120,30,0,36,88,1,0,1,96,31,2,27,27,0,0,1,97,60,0,0,0,0,0,2,25,13,0,1,97,77,4,2,120,2,0,3,71,18,0,20,106,3,0,5,27,7,0,16,106,2,0,0,22,17,0,21,2,8,10,8,34,78,2,0,120,11,5,12,21,14,1,16,83,4,0,1,30,34,7,23,86,0,0,0,89,30,1,27
26,6,1,6,9,0,2,5,32,1,0,13,66,4,1,9,147,1,0,0,55,5,0,15,7,0,0,1,147,26,0,0,53,4,0,2,11,3,2,25,40,1,0,5,127,24,2,15,147,2,0,0,81,14,0,29,8,0,0,7,147,49,0,1,43,10,3,2,12,10,3,14,39,12,2,3,89,36,3,3,147,41,1,15,73,3,0,2,7,2,0,140,147,6,0,0,36,0,0,0,12,30,6,33,48,41,4,2,21,26,2,4,96,79,2,7,37,2,0,0,2,1,0,79,118,8,0,0
6,2,0,0,31,11,0,0,21,25,0,0,47,16,0,0,12,49,11,0,3,8,0,0,0,7,1,0,2,37,4,0,11,0,0,0,43,35,0,4,88,22,0,0,33,29,1,5,25,17,1,0,22,76,2,1,0,0,0,0,7,58,26,8,6,0,0,0,33,69,17,15,81,1,0,0,14,43,11,43,9,0,0,0,38,148,12,6,0,0,0,0,55,152,152,4,1,0,0,0,4,34,152,75,19,0,0,0,2,15,88,125,0,0,0,0,150,85,27,28,0,0,0,0,152,152,66,0
57,55,145,9,0,0,0,47,15,82,145,34,0,0,0,2,94,55,33,16,0,0,0,19,22,18,22,10,0,0,0,5,145,15,4,0,0,0,0,145,92,30,27,48,1,0,0,11,66,5,17,100,13,0,0,29,53,0,2,14,1,0,0,39,145,145,12,0,0,0,0,55,145,19,4,8,3,0,0,11,27,1,2,75,66,2,0,12,43,0,0,14,14,0,0,61,63,102,13,1,0,0,0,10,73,18,4,0,1,1,0,4,14,0,0,6,53,19,0,3,18,0,1,7,28,3,0,30
2,2,2,3,16,60,122,11,8,5,8,1,0,28,130,52,4,15,12,3,9,72,129,7,2,2,1,5,33,77,60,6,17,0,0,0,97,107,61,15,130,29,11,0,0,10,63,61,25,51,50,10,38,16,18,5,5,3,3,23,126,6,2,1,23,0,0,36,107,17,0,4,130,12,1,2,1,1,0,23,57,11,8,27,35,10,0,3,1,2,17,46,106,1,0,0,13,0,0,71,115,0,0,0,130,10,2,6,5,0,0,18,83,13,48,49,2,0,0,4,0,9,105,44,11,0,0,0
21,23,71,5,0,0,15,27,151,100,10,1,0,0,9,61,107,22,6,7,3,4,1,8,0,0,0,0,0,0,0,0,12,43,151,82,16,0,0,2,151,151,39,8,7,1,0,25,78,33,4,8,22,4,1,4,0,0,0,0,0,0,0,0,8,3,13,59,104,7,6,9,151,25,6,18,30,4,2,90,90,4,0,10,26,4,2,18,0,0,0,0,0,0,0,0,1,1,2,16,21,12,127,12,151,19,7,12,7,4,35,104,63,2,0,4,1,5,21,48,0,0,0,0,0,0,0,0
0,0,2,1,0,44,127,6,1,0,1,2,3,122,95,5,38,5,1,22,22,42,32,22,2,1,0,133,133,0,0,0,0,0,19,33,8,63,118,14,32,1,3,11,4,45,133,29,133,24,4,14,4,14,20,25,10,5,2,133,92,0,0,0,0,0,26,100,21,1,0,0,46,12,11,87,22,3,6,4,133,19,4,7,3,16,26,45,10,1,0,30,28,81,68,6,0,0,0,35,27,0,2,8,6,2,3,68,33,1,1,2,28,2,4,12,9,30,66,38,0,0,4,17,17,103,77,2
9,60,14,4,6,6,2,1,7,8,17,32,36,24,3,4,26,75,110,39,6,2,1,10,6,105,131,11,10,1,5,8,2,6,1,0,3,48,64,1,33,5,0,0,27,131,32,41,131,51,15,0,0,10,10,105,49,49,20,16,10,3,0,2,0,0,2,5,4,74,85,0,80,56,2,0,9,90,28,10,131,92,0,0,0,3,1,32,61,21,0,0,9,26,2,10,7,13,131,69,6,14,7,1,84,33,117,47,0,4,4,13,131,24,14,2,0,0,1,82,34,0,0,0,3,38,14,36
8,0,0,72,79,0,0,21,58,4,0,6,14,0,21,121,28,4,0,0,0,0,85,121,26,3,0,0,1,1,39,53,2,1,0,37,121,11,0,1,113,69,1,9,42,3,1,34,112,81,0,0,0,0,5,34,87,40,0,0,3,3,1,10,3,0,0,18,121,23,0,3,118,9,0,1,38,9,0,90,121,19,0,0,0,0,0,111,84,18,0,0,10,15,0,13,0,0,0,43,121,0,0,0,44,1,0,12,45,0,0,51,121,8,0,0,0,0,0,106,93,5,0,0,29,16,0,21
0,133,111,12,1,21,8,0,2,133,133,0,0,0,0,0,15,95,133,5,0,0,0,0,6,107,133,0,0,0,0,2,5,80,101,100,75,0,0,1,23,48,15,0,1,0,1,6,95,29,5,0,0,0,0,21,30,19,4,0,0,0,2,36,5,6,1,55,133,0,0,0,20,18,5,3,4,0,3,4,88,11,0,0,0,0,0,17,52,25,0,0,0,0,2,20,0,1,0,86,133,1,0,0,3,1,0,10,23,22,25,8,17,0,0,0,0,9,90,56,12,0,0,0,0,0,107,69
0,0,0,1,4,18,57,62,1,0,0,0,18,124,122,8,106,35,0,0,1,94,104,28,91,16,0,0,1,1,7,23,0,0,2,8,40,12,8,5,23,3,0,8,124,64,12,3,124,77,0,0,12,13,4,9,104,26,0,0,0,0,0,7,0,0,1,11,57,44,0,0,32,12,3,1,124,91,0,6,124,34,3,0,10,5,0,108,54,12,0,0,0,0,4,92,2,0,0,2,72,117,0,0,47,62,9,0,23,70,1,1,53,112,23,0,0,0,0,21,39,39,4,0,0,0,2,53
77,5,0,0,0,11,77,135,117,30,0,0,0,0,0,104,24,21,4,2,4,2,0,2,0,2,8,19,26,5,0,0,135,114,0,0,0,1,8,96,135,43,0,0,0,1,2,135,57,7,1,0,5,35,20,16,9,5,2,0,7,32,5,3,77,135,0,0,0,0,0,0,135,135,0,0,0,23,20,8,46,15,0,0,0,38,58,26,15,5,1,0,11,59,9,11,74,135,0,0,0,12,6,2,24,70,0,0,3,57,8,1,28,71,0,0,5,26,3,2,3,55,4,0,15,29,0,0
5,0,0,0,45,84,86,38,93,1,0,0,0,0,36,145,32,2,0,0,0,0,10,64,1,2,0,0,1,12,17,9,36,1,0,0,131,45,11,13,145,29,0,0,0,0,5,55,107,14,0,0,0,11,18,26,0,0,0,0,9,83,34,5,52,11,3,3,115,16,0,1,145,31,0,0,0,0,8,33,55,2,0,0,0,14,76,53,1,0,0,0,104,87,16,5,16,38,115,53,35,1,0,0,111,134,30,8,3,0,1,2,26,8,2,9,11,0,6,20,9,0,0,4,126,5,1,9
57,0,2,27,6,2,14,137,82,2,0,0,7,18,8,137,26,20,4,2,9,15,2,3,4,9,16,9,10,5,0,0,94,43,66,49,2,0,5,137,137,75,21,7,0,1,2,137,84,26,2,0,1,4,1,15,5,6,8,5,16,47,0,0,51,83,137,9,0,2,23,32,137,107,35,0,0,0,8,56,48,7,3,1,6,12,8,98,2,0,0,0,32,60,5,6,13,4,16,8,6,19,61,31,91,15,10,6,1,3,24,124,21,4,9,30,3,2,12,59,0,0,0,4,15,12,16,10
126,67,17,30,0,0,5,126,25,9,119,126,0,0,11,34,38,113,124,54,0,0,1,4,81,126,17,2,0,0,0,3,104,126,4,2,3,1,4,16,25,3,7,12,12,11,68,75,102,38,46,12,0,0,15,62,83,29,13,5,0,0,0,21,3,71,19,15,28,0,0,0,51,18,3,15,68,6,5,8,126,40,3,7,4,0,1,28,37,5,3,22,17,0,2,23,0,22,10,21,50,0,0,0,33,5,7,26,57,2,0,8,126,4,1,1,1,0,0,87,19,0,0,6,15,10,6,35
8,4,1,0,0,0,0,0,15,1,0,0,0,0,0,0,17,8,0,0,0,0,0,0,7,17,3,1,0,0,0,0,4,3,1,0,0,0,6,9,16,3,0,0,0,0,0,1,40,16,0,0,0,0,0,1,10,22,3,0,0,0,1,1,4,0,0,0,0,0,96,136,11,3,0,0,0,0,13,60,35,1,0,0,0,0,1,20,9,2,0,0,4,23,28,11,2,0,0,0,0,0,196,196,1,0,0,0,0,0,196,196,5,0,0,0,1,1,196,156,8,12,2,6,18,18,51,37
1,1,0,1,1,129,60,0,19,6,0,0,0,58,110,40,22,0,0,0,0,6,62,64,9,0,0,1,19,36,16,13,3,33,6,1,6,108,22,0,33,30,1,0,2,104,52,20,129,7,0,0,2,19,38,58,36,2,1,9,48,11,0,2,0,16,5,2,20,97,1,0,79,9,0,0,20,129,14,9,129,31,0,0,4,26,7,12,24,1,0,0,18,121,61,3,0,0,0,0,70,64,0,0,112,15,0,0,35,28,0,0,129,26,0,0,60,41,0,1,4,3,3,6,129,129,69,8
0,13,89,0,0,29,129,13,7,20,107,0,0,1,91,100,3,25,90,0,0,5,24,26,6,19,19,0,0,8,27,12,18,13,8,66,33,66,129,31,129,21,2,8,2,5,77,129,82,3,1,2,1,7,20,54,5,1,2,15,6,13,18,14,17,37,25,129,36,0,0,0,129,83,13,33,4,0,0,2,129,24,2,2,0,0,0,1,5,6,7,40,4,0,0,0,11,21,10,105,54,0,0,0,129,44,9,32,14,0,0,0,110,15,0,0,0,0,0,0,13,10,5,20,1,0,0,0
3,0,2,4,8,33,137,54,26,3,12,2,0,3,60,137,7,6,16,7,0,0,14,39,5,6,12,6,0,0,7,10,24,13,29,23,1,3,124,40,137,47,4,0,0,0,36,137,69,20,2,0,0,0,29,64,2,2,1,0,0,0,29,27,12,19,137,103,2,0,0,0,137,88,119,32,1,0,7,38,33,12,30,18,0,0,118,55,1,1,11,4,0,0,126,37,0,0,61,57,27,2,7,1,7,52,67,43,18,2,2,1,2,15,60,56,8,13,13,1,1,4,49,21,3,9,28,6
0,0,0,0,4,115,8,0,42,7,0,0,0,109,32,10,93,54,0,0,0,14,13,6,11,12,1,1,5,80,15,1,8,2,4,35,88,115,15,3,115,19,3,3,2,42,32,24,78,11,0,0,0,69,91,19,21,6,0,0,0,74,59,9,4,5,52,115,47,7,7,21,57,19,56,115,19,26,27,13,30,19,5,17,11,87,112,18,85,66,0,0,0,8,24,15,0,0,10,31,0,0,28,108,0,0,34,115,14,4,14,46,15,66,115,106,10,8,7,5,30,79,22,6,0,0,0,1
0,110,27,0,0,30,14,0,0,48,13,3,8,114,47,0,19,5,5,5,6,87,114,80,37,0,0,0,0,1,20,103,6,20,5,5,37,114,72,7,62,12,28,24,14,110,65,21,43,15,100,81,8,18,8,27,110,9,15,6,0,0,0,94,12,6,15,114,78,41,5,3,114,31,25,27,1,2,3,18,83,20,83,75,0,0,0,7,36,10,41,74,0,0,0,19,0,2,10,87,3,0,0,0,55,19,29,63,0,0,0,5,106,8,7,14,0,0,0,42,11,2,8,87,9,1,0,9
4,0,0,0,0,0,95,130,6,0,0,0,0,0,64,97,4,0,0,0,3,1,1,14,0,0,0,0,5,0,0,0,45,5,1,3,22,5,124,130,130,6,0,0,0,0,56,130,82,1,0,0,0,0,0,23,0,0,0,4,4,1,0,0,46,130,130,8,24,1,0,11,130,130,49,0,0,0,6,11,75,12,0,0,0,1,38,11,0,0,0,0,1,12,39,0,17,91,57,0,0,1,36,14,9,45,25,0,0,2,104,8,3,2,0,0,0,4,130,4,0,0,0,0,0,17,119,0
41,0,0,1,134,25,3,13,138,0,0,0,9,11,6,65,138,1,0,2,20,23,9,68,129,2,1,1,4,6,44,65,55,6,14,6,32,55,18,3,138,20,9,6,5,0,0,9,105,57,70,20,13,0,2,44,52,18,12,2,0,1,74,99,31,16,32,39,12,17,19,9,138,26,5,1,0,0,0,52,106,32,27,1,0,0,2,38,5,8,9,6,12,9,4,9,20,1,0,0,2,16,29,44,102,3,0,0,0,0,1,138,43,1,0,0,0,0,34,138,0,0,0,0,5,14,40,31
0,0,0,1,2,8,27,0,10,0,0,0,2,5,41,8,82,5,0,0,26,3,6,20,7,0,0,0,128,25,0,1,0,0,8,40,15,41,76,0,17,3,4,28,13,42,128,50,128,10,1,1,41,7,43,128,14,2,0,1,128,20,0,4,0,0,32,128,17,30,18,0,35,27,41,128,23,35,21,10,128,87,12,11,50,7,4,22,19,7,0,2,128,14,0,0,0,0,15,29,12,76,53,0,51,21,26,28,12,77,50,16,128,44,3,1,54,9,5,16,15,2,0,0,121,16,0,0
4,0,0,0,20,2,0,1,125,6,0,0,0,0,0,5,183,30,0,0,0,0,0,3,94,15,12,2,0,0,0,3,2,0,0,0,12,14,14,10,144,1,0,0,0,0,2,41,183,7,0,0,0,0,0,19,97,0,0,0,0,0,4,32,1,0,0,0,4,11,20,18,183,11,0,0,0,0,3,35,183,32,0,0,0,0,0,9,76,0,0,0,0,0,0,33,1,0,0,0,1,2,10,10,139,1,0,0,0,0,2,18,183,5,0,0,0,0,0,9,40,0,0,0,0,0,0,23
25,0,0,0,100,16,5,5,173,0,0,0,1,0,2,25,126,0,0,0,1,0,0,7,0,0,0,3,72,3,0,0,36,1,0,0,136,2,0,0,173,14,0,0,2,0,0,2,148,3,0,0,0,5,7,6,0,0,0,0,77,21,5,0,39,1,0,4,132,0,0,0,173,6,0,0,1,0,0,17,116,0,2,4,2,9,8,18,0,0,4,20,33,24,7,0,25,4,1,8,99,0,0,0,173,7,0,0,0,0,0,38,93,0,2,2,0,0,0,49,1,0,3,12,19,7,1,3
0,0,0,0,0,1,41,3,9,0,0,0,0,0,49,25,77,2,0,0,6,4,11,43,11,0,0,0,70,92,16,5,0,0,0,0,3,8,12,0,34,1,0,0,0,4,16,14,134,10,0,0,28,5,0,9,11,1,0,0,134,68,1,0,0,0,0,0,3,16,111,0,40,4,0,0,1,3,107,51,134,12,0,0,49,9,6,53,5,0,0,0,134,56,0,1,0,0,2,39,22,54,126,0,58,7,4,15,7,24,134,130,134,9,0,0,48,9,13,134,6,0,0,1,134,31,0,2
59,7,0,1,6,0,0,2,144,1,0,0,0,0,0,17,144,2,1,2,2,0,0,12,8,1,2,97,144,0,0,0,59,6,0,9,9,0,0,9,144,5,0,0,0,0,0,25,144,2,0,1,2,0,0,17,17,1,1,49,144,0,0,0,29,31,8,29,16,0,0,0,144,53,0,0,0,0,0,2,144,17,0,2,2,0,0,3,23,2,0,22,144,0,0,0,5,31,38,17,10,0,0,0,65,74,7,0,0,0,0,3,144,13,0,0,2,0,0,11,20,0,0,18,98,0,0,1
0,0,17,5,0,0,70,7,0,0,48,17,0,0,68,14,1,22,63,8,0,0,19,17,1,14,10,20,6,0,5,3,0,0,0,0,17,61,139,8,13,0,0,0,4,33,139,79,89,3,0,0,3,15,108,139,8,1,0,0,6,50,86,33,0,0,0,0,100,61,6,0,94,27,0,0,49,48,40,16,139,70,0,0,38,31,11,41,35,45,6,2,62,62,29,29,0,0,0,0,88,33,0,0,138,46,0,0,36,13,0,0,139,67,1,15,64,24,0,0,46,19,11,15,50,28,6,48
0,0,0,0,0,4,113,0,26,0,0,0,0,2,101,55,143,0,0,0,0,0,5,89,16,0,0,4,75,1,0,4,0,3,45,0,0,6,94,0,50,19,56,0,0,2,78,55,143,36,7,0,0,0,3,88,40,2,0,16,82,0,0,4,0,26,143,1,0,8,22,0,12,74,143,0,0,1,41,8,118,143,71,0,0,0,15,31,22,13,4,24,15,2,0,3,3,17,36,13,24,57,64,7,8,39,51,18,2,8,106,24,78,22,15,11,1,3,38,79,28,2,0,0,14,6,0,10
0,1,1,21,132,6,3,4,5,40,26,9,29,17,27,23,21,12,36,21,1,7,4,44,25,0,1,1,0,0,1,46,5,6,5,57,130,0,0,0,96,132,63,44,38,0,0,5,17,38,65,132,119,0,0,5,25,0,0,12,20,2,6,42,11,0,0,29,112,0,0,3,132,18,1,17,69,2,1,72,44,5,2,32,132,13,2,25,10,0,0,2,65,14,6,37,9,0,0,11,86,3,0,2,79,0,0,7,77,15,6,114,31,0,0,0,132,30,9,66,10,0,0,0,80,30,17,41
18,22,8,40,30,0,0,0,129,95,7,23,16,0,0,0,49,32,4,99,129,0,0,0,104,31,0,6,7,0,0,0,34,16,4,31,21,0,0,0,129,65,1,10,33,7,1,12,73,13,0,24,129,26,1,4,129,6,0,1,20,0,0,1,21,1,3,30,47,1,1,13,126,4,0,2,15,45,77,115,61,2,0,0,84,129,69,31,129,4,0,0,6,3,2,13,0,0,0,35,42,1,1,2,1,12,13,25,22,13,39,19,69,20,16,22,5,28,28,11,129,19,0,0,1,0,0,6
9,2,6,3,92,110,7,17,40,3,8,2,3,40,39,41,72,14,2,2,0,12,9,10,3,3,6,12,0,0,0,0,18,105,115,31,86,35,1,3,31,31,116,117,65,6,9,11,118,10,3,10,7,0,1,16,11,3,10,9,0,0,0,0,118,118,23,12,71,67,0,4,19,19,19,46,118,118,1,3,94,11,0,4,15,5,11,27,11,6,3,1,0,1,26,17,117,14,0,0,62,118,1,24,33,0,0,0,71,118,13,15,54,1,0,0,0,3,8,19,69,42,14,2,0,1,9,15
0,0,9,14,64,46,17,3,0,2,9,18,53,2,0,0,57,118,14,14,37,1,0,0,59,118,2,20,105,14,0,0,0,1,23,16,10,5,3,2,14,5,10,25,95,14,0,4,118,118,1,3,19,18,16,41,69,78,0,4,118,118,21,11,0,0,0,0,11,3,9,10,8,0,1,12,118,12,3,11,71,8,9,9,30,30,118,118,82,37,0,2,20,109,118,31,0,0,0,0,4,4,5,12,0,14,11,9,71,15,2,1,4,39,39,43,40,4,10,3,91,118,6,15,8,2,8,3
0,0,0,2,0,9,20,0,2,0,0,1,1,12,48,9,16,2,0,0,36,9,18,30,0,0,0,0,137,52,0,0,0,0,12,29,13,32,25,0,9,1,2,25,41,79,94,32,86,5,0,1,57,25,43,125,5,0,0,0,137,68,0,4,0,0,49,88,13,21,16,0,23,18,15,137,99,38,6,4,137,66,6,14,91,20,2,14,8,2,0,0,137,63,0,0,0,0,14,28,9,52,40,0,28,26,29,36,42,86,10,2,83,57,8,18,103,14,1,1,3,5,20,39,137,28,0,0
129,66,0,0,0,0,0,3,131,40,0,0,0,0,0,39,112,6,0,0,0,0,0,97,48,0,0,0,0,0,0,50,131,51,0,0,0,0,0,4,131,96,2,0,0,0,0,7,112,54,7,0,0,0,0,28,93,13,0,0,0,0,0,33,131,15,0,0,0,0,0,72,131,17,0,0,0,0,0,96,71,15,4,0,0,0,0,78,102,14,0,0,0,0,0,40,113,22,0,0,0,0,0,20,131,41,0,0,0,0,0,21,49,14,0,0,0,0,0,46,50,14,0,0,0,0,0,78
97,4,13,36,20,1,1,35,52,4,8,4,0,1,5,17,1,3,20,4,0,1,8,2,0,0,15,12,4,2,4,0,66,4,1,23,110,33,3,30,56,4,0,0,0,2,64,47,35,67,51,16,1,2,35,14,0,7,36,51,33,18,29,1,70,0,0,0,50,61,11,50,88,6,0,0,0,9,17,40,129,102,48,26,22,20,11,104,11,14,35,83,129,91,13,15,119,0,0,0,11,38,24,89,103,30,0,0,1,15,7,20,129,129,12,22,54,15,6,42,4,9,4,21,129,73,4,7
19,122,9,4,22,10,0,0,6,16,6,14,122,27,0,0,79,76,19,7,20,1,0,11,16,16,22,42,119,22,1,5,20,37,1,16,66,30,0,0,26,17,27,45,98,78,10,16,122,122,50,17,7,6,7,50,26,43,54,122,122,31,8,13,6,2,9,31,19,1,22,27,8,24,122,97,18,3,11,22,122,89,67,6,4,9,17,52,20,4,29,64,122,56,20,24,0,0,0,0,0,0,49,31,4,1,7,1,0,0,20,82,20,6,4,0,0,0,10,43,20,5,19,12,1,0,3,20
23,0,0,0,3,7,5,33,28,2,0,0,1,4,1,8,91,32,2,6,8,0,0,6,5,6,2,21,86,2,0,0,80,10,1,0,1,12,24,85,63,6,2,0,0,2,1,17,172,7,0,0,17,1,1,8,13,1,0,7,140,4,0,1,69,125,45,1,0,2,34,21,34,35,23,1,0,1,55,5,80,9,2,0,5,9,80,39,3,0,0,5,59,38,59,5,1,14,10,0,0,0,172,8,0,2,1,0,0,1,172,5,0,0,0,0,0,1,172,15,0,0,0,0,0,11,172,4
14,0,0,6,143,0,0,1,126,0,0,0,6,0,0,6,138,1,0,0,0,0,0,4,60,2,0,0,0,0,0,1,18,0,0,8,143,0,0,0,143,1,0,0,10,0,0,1,143,4,0,0,0,0,0,1,78,5,0,0,0,0,0,0,19,0,0,7,143,0,0,0,143,0,0,0,11,0,0,1,143,1,0,0,0,0,0,3,83,3,0,0,0,0,0,1,13,0,0,9,143,0,0,0,134,0,0,0,9,0,0,3,143,4,0,0,0,0,0,0,65,7,0,0,0,0,0,0
122,72,10,0,0,0,0,11,91,44,11,0,0,0,0,26,77,127,12,0,0,0,0,1,13,60,33,91,90,0,0,0,127,56,7,0,0,0,0,4,117,56,5,0,0,0,0,5,127,30,3,0,0,0,0,30,77,29,18,40,52,4,5,25,114,43,3,0,0,0,0,4,116,31,0,0,0,0,0,6,127,18,0,0,0,0,0,30,64,5,2,20,42,15,17,31,50,51,3,0,0,0,0,0,64,47,6,0,1,6,5,7,96,27,0,0,0,45,79,25,28,11,1,1,5,127,127,11
31,4,0,0,0,4,10,28,81,39,25,25,28,12,8,78,1,2,9,52,138,23,6,5,0,0,0,3,28,11,7,0,40,1,0,0,2,10,3,31,138,52,6,22,24,7,5,58,14,14,5,93,138,10,2,4,1,2,1,10,49,0,0,0,74,2,0,0,2,4,3,64,138,12,1,7,28,1,1,49,43,3,1,68,138,5,1,7,0,6,15,25,58,0,0,0,87,67,20,0,0,4,29,27,136,14,9,0,6,15,95,55,17,0,0,17,113,80,135,20,0,1,19,20,24,26,101,0
14,1,29,2,0,0,22,21,132,63,89,10,4,0,3,13,17,25,140,68,112,19,3,0,0,0,114,23,40,47,25,3,52,4,0,0,0,5,8,5,140,34,0,1,24,7,1,11,46,9,1,5,140,51,1,3,0,3,2,26,113,21,6,0,67,9,0,0,0,1,0,0,140,37,3,8,17,23,6,36,18,5,3,28,140,97,6,12,1,9,3,22,54,4,0,0,48,20,22,0,0,0,0,2,140,50,7,16,14,12,19,46,4,6,6,59,113,36,15,6,0,3,6,18,25,0,0,0
11,27,31,1,0,0,0,4,4,68,35,8,3,0,0,0,0,13,33,104,138,0,0,0,0,17,138,54,55,0,0,0,55,23,0,0,0,0,0,2,50,47,11,6,4,0,0,1,62,94,54,67,58,0,1,19,87,138,138,71,20,49,42,52,54,11,0,0,0,0,0,2,87,3,0,1,3,0,1,15,51,12,2,17,58,10,26,59,62,24,8,13,25,138,138,125,35,11,0,0,0,0,0,1,51,7,0,0,0,10,13,8,7,2,1,15,49,63,55,4,0,0,0,13,48,73,46,0
0,12,26,0,0,29,140,24,6,11,20,0,0,1,135,107,7,6,9,0,0,2,63,24,1,4,6,1,1,12,22,3,31,18,25,0,0,38,140,66,140,19,1,0,0,0,61,140,121,24,0,0,0,0,8,32,14,22,8,3,0,0,0,1,22,55,140,13,0,1,2,2,140,101,23,1,0,0,0,6,140,8,0,0,0,0,0,8,24,2,0,0,1,0,0,9,1,8,73,55,0,0,0,0,124,47,21,11,0,0,0,2,117,2,0,0,0,0,0,16,20,0,0,0,0,0,0,10
51,147,0,0,0,0,0,0,95,147,0,0,0,0,0,0,57,22,0,0,0,0,0,1,3,0,0,0,0,0,0,0,30,147,1,0,0,0,0,0,83,82,2,0,0,0,0,4,131,6,0,0,0,3,1,23,21,0,0,0,12,131,3,5,8,114,6,0,0,0,0,0,13,75,8,0,0,0,0,0,55,16,3,2,10,13,7,24,5,0,0,107,147,147,9,7,2,51,11,0,0,0,0,0,2,62,13,2,0,0,0,0,0,6,12,21,17,5,3,2,0,0,0,147,147,22,4,1
1,0,0,0,0,0,0,0,130,15,0,0,0,0,0,14,148,66,0,0,0,0,0,2,34,15,0,0,0,0,2,15,41,0,0,0,0,0,0,22,148,39,0,0,0,0,0,49,148,45,0,0,0,0,14,32,11,2,0,0,0,0,22,30,131,81,14,0,0,0,0,14,148,87,0,0,0,0,1,65,68,3,0,0,0,0,13,148,17,1,0,0,0,0,6,63,25,145,109,10,0,0,0,0,73,144,7,0,0,0,0,9,59,7,0,0,0,0,0,57,26,0,0,0,0,0,3,62
0,0,13,69,2,0,0,0,43,9,30,153,21,1,0,17,160,19,1,10,3,0,0,81,133,18,0,0,0,0,0,13,0,0,5,10,6,5,0,0,36,4,8,54,96,97,2,6,160,67,0,6,12,14,2,14,134,61,1,0,0,0,0,1,0,0,0,0,0,0,0,0,29,7,13,23,13,25,0,3,160,54,14,12,2,3,0,58,138,32,7,0,0,0,0,14,0,0,0,0,0,0,0,0,1,11,12,3,0,0,0,0,92,160,79,3,0,0,0,8,51,53,10,4,5,1,0,3
0,0,0,0,0,0,0,0,5,11,3,0,0,0,0,11,6,21,16,2,1,0,0,5,0,3,6,4,13,17,10,3,5,1,0,0,0,75,76,16,119,64,22,2,1,13,40,61,21,48,56,24,71,37,0,1,38,57,8,4,49,89,5,0,26,119,69,1,0,119,87,14,119,119,58,7,5,11,24,56,52,8,10,68,119,22,1,10,119,96,15,43,47,18,1,3,119,119,49,6,2,3,1,20,64,40,38,31,55,12,4,44,70,8,14,76,22,3,2,61,42,21,13,63,19,1,3,12
6,14,4,1,0,0,0,4,4,9,6,10,43,26,5,1,29,83,64,0,12,42,22,1,5,45,128,25,5,2,14,7,26,78,26,17,18,1,0,8,42,13,10,34,128,52,0,3,128,103,34,4,20,11,1,26,40,34,76,95,85,3,4,18,119,27,7,23,33,1,7,102,27,13,41,128,99,5,0,5,128,30,28,30,4,0,4,81,28,0,0,21,50,11,54,76,70,52,22,18,8,1,4,63,24,8,49,69,5,1,6,82,24,9,36,80,15,3,6,24,4,0,0,2,9,31,68,29
43,128,54,0,0,0,0,0,35,128,14,0,0,0,0,0,5,79,4,0,0,0,0,0,0,8,0,0,0,0,0,0,2,128,128,4,0,0,0,0,50,102,50,10,0,0,0,4,128,104,3,0,0,7,7,31,15,32,1,1,66,128,14,10,8,14,16,4,1,4,46,54,36,8,11,15,8,10,13,21,93,9,0,0,14,58,43,39,8,2,0,5,128,128,25,10,23,52,35,0,2,11,48,47,23,15,2,0,10,48,54,31,21,0,1,2,35,60,82,28,2,40,51,16,124,96,4,0
36,34,4,0,0,1,2,5,1,6,6,9,11,21,17,10,0,0,0,19,63,52,20,6,3,0,1,22,47,30,39,32,51,8,0,0,7,31,16,16,12,1,0,1,29,125,57,21,86,7,4,65,39,17,28,57,16,6,5,120,68,5,2,8,71,1,1,18,58,18,2,26,57,6,0,13,125,55,6,7,125,73,7,34,26,4,3,14,10,10,5,118,125,6,0,0,125,19,9,55,26,0,0,17,49,36,13,119,102,2,0,1,125,106,7,14,22,15,0,1,7,5,1,46,125,24,0,0
0,1,34,91,60,39,1,2,57,95,76,61,25,22,3,6,125,125,11,0,0,0,2,50,38,34,47,33,2,4,42,68,7,0,0,0,88,125,6,6,125,19,0,0,23,50,6,18,93,19,1,6,1,0,4,55,9,3,0,4,17,30,111,86,13,4,4,45,106,72,2,3,125,30,5,8,10,11,1,18,90,35,2,2,1,1,1,14,12,31,8,30,57,9,2,1,5,6,5,56,51,19,19,6,125,68,7,12,4,1,1,2,61,98,4,0,10,12,0,1,14,22,2,5,46,67,7,8
0,0,5,33,48,13,1,0,6,1,11,21,20,11,9,34,39,13,69,87,0,0,3,33,10,7,127,127,1,0,0,0,0,0,2,47,84,27,0,0,12,4,3,31,75,112,56,41,127,17,3,1,0,6,27,127,71,7,32,20,0,5,3,16,0,0,3,62,78,61,21,0,22,29,27,120,89,55,12,8,127,124,16,9,1,1,3,21,55,25,15,3,1,5,2,5,0,4,60,40,10,51,23,0,20,27,78,66,15,39,10,4,127,94,15,1,0,0,1,7,39,55,34,4,0,0,2,10
10,32,72,34,16,7,0,1,128,58,12,10,9,4,0,11,34,17,6,41,82,14,0,3,41,77,9,14,15,11,1,1,17,7,4,6,52,120,9,11,128,2,0,1,19,24,7,46,65,3,0,1,107,52,3,18,52,10,0,0,11,28,7,27,26,33,42,39,36,104,10,9,128,123,17,11,10,7,5,26,52,39,80,86,79,17,0,8,27,28,67,36,6,6,2,9,11,17,32,45,35,46,8,18,95,57,9,3,0,2,11,128,18,17,67,31,0,0,21,128,2,9,70,68,20,13,19,21
5,8,5,6,15,49,97,3,10,8,16,40,60,45,44,5,24,127,73,22,7,6,16,5,17,91,6,2,7,38,9,1,5,40,7,0,0,63,94,7,102,69,13,1,0,10,37,17,148,72,35,22,16,1,0,23,12,21,31,88,47,25,4,2,31,110,25,0,0,4,10,91,34,75,39,0,0,0,0,4,148,11,4,5,0,0,3,68,27,2,11,62,53,21,17,29,126,11,4,0,0,0,7,148,48,11,34,7,1,2,0,67,16,2,12,5,2,20,21,41,2,0,0,0,9,80,88,26
0,2,10,40,45,2,4,0,21,14,8,22,15,9,6,3,141,111,11,24,3,0,0,5,17,18,9,141,80,0,0,0,0,0,14,141,65,6,9,0,47,7,23,83,16,42,29,25,141,34,6,6,1,4,6,51,45,13,4,132,83,0,0,1,0,0,27,141,9,3,2,0,17,24,133,141,8,5,0,2,141,88,64,24,0,0,1,27,46,2,0,36,42,0,3,39,0,0,0,3,5,18,2,0,0,5,16,25,11,26,0,0,15,21,26,10,1,1,3,16,46,20,2,5,3,0,2,27
4,15,17,8,16,41,32,14,55,27,18,0,1,13,49,120,32,33,14,0,1,36,9,21,0,1,3,4,15,59,11,1,10,2,0,1,124,122,30,18,124,18,0,0,33,38,34,124,94,0,0,0,4,112,31,48,40,4,3,31,27,22,14,23,13,29,26,26,72,47,11,4,124,124,12,7,33,21,2,6,95,45,0,1,40,93,12,22,101,51,1,10,20,7,5,17,6,34,65,19,1,0,0,0,46,88,14,2,24,24,2,0,59,103,0,1,37,40,4,0,32,38,0,0,11,81,94,12
13,4,0,2,55,39,24,2,4,2,4,3,7,76,54,7,0,1,12,41,21,88,25,0,0,1,5,50,41,78,15,0,35,5,1,45,118,43,12,15,118,36,20,15,41,22,23,50,21,23,73,118,30,3,0,1,0,14,99,101,48,8,0,0,33,33,24,118,118,0,0,3,118,88,73,102,46,1,0,28,67,23,45,63,4,11,24,13,2,6,77,93,25,27,13,1,13,24,16,71,22,20,1,0,5,27,70,62,28,73,12,0,3,5,3,2,11,92,53,3,3,0,0,0,5,56,44,14
0,0,0,1,10,124,99,1,20,25,1,0,7,124,32,2,45,23,6,2,0,5,8,19,124,57,0,0,0,0,0,10,5,0,0,29,114,39,12,6,109,46,6,1,18,15,5,27,50,84,65,6,0,0,0,3,124,124,10,0,0,0,0,1,6,2,2,48,124,3,1,3,124,26,5,22,33,1,1,27,124,48,8,0,0,0,0,11,124,75,1,0,0,4,1,1,0,2,4,26,82,1,0,0,91,37,8,17,16,0,0,0,124,31,0,0,0,0,0,3,97,18,0,0,1,36,11,6
0,0,0,42,116,46,10,1,0,0,2,122,74,20,19,2,21,88,56,84,17,3,6,33,122,122,24,0,0,0,2,33,0,0,0,122,122,5,7,0,20,5,7,118,98,62,30,3,122,122,46,17,16,16,5,31,19,87,28,0,0,0,1,11,0,0,0,101,116,16,0,0,9,6,71,122,63,2,0,0,80,23,60,48,2,0,0,19,3,0,0,0,0,0,0,4,0,0,0,3,44,48,1,0,1,4,27,33,13,4,0,1,0,0,11,14,0,0,0,0,0,0,0,0,0,0,0,0
0,0,0,0,0,0,0,0,0,0,0,0,1,2,0,0,7,0,0,0,0,0,0,5,2,0,0,0,0,0,0,2,0,0,0,1,11,42,121,58,10,2,1,3,42,121,73,28,121,12,0,0,3,29,17,100,40,24,9,1,1,1,3,23,60,12,0,4,37,44,121,75,58,69,60,21,6,72,60,27,121,121,19,8,1,8,2,20,74,107,28,0,0,0,0,1,120,37,11,21,53,0,0,1,121,88,29,29,2,0,0,0,121,121,13,14,1,0,0,0,51,119,11,0,0,0,0,0
1,0,0,0,115,64,4,3,123,8,0,0,19,26,12,31,62,10,0,0,1,2,12,7,3,0,0,0,0,4,28,7,8,1,0,7,139,53,8,6,139,17,2,5,50,18,5,37,75,7,1,13,14,5,4,2,10,0,0,4,21,14,17,14,5,18,7,10,84,71,15,1,139,82,31,10,25,2,0,19,57,8,14,10,15,32,6,23,7,0,6,9,32,50,3,14,2,139,97,3,11,21,1,0,12,139,139,11,0,0,0,1,5,12,139,62,4,5,1,3,0,0,139,57,7,7,0,1
4,4,43,65,3,1,26,44,60,7,8,6,0,0,36,85,166,127,0,0,0,0,6,16,31,116,1,1,0,0,0,0,0,0,22,79,50,16,0,0,106,7,7,40,27,1,0,28,170,45,0,0,0,0,0,31,63,33,2,1,0,0,0,0,0,3,16,42,35,31,3,0,76,23,19,51,18,1,0,2,170,40,2,2,0,0,0,5,78,6,0,0,0,0,0,0,0,2,27,170,15,0,0,0,57,5,11,41,38,1,0,1,170,11,0,1,2,0,0,4,50,1,0,0,0,3,8,4
0,0,0,27,81,6,1,0,31,7,0,74,152,0,0,2,152,31,0,5,7,0,0,10,70,5,0,14,34,0,0,1,0,0,0,5,51,14,52,23,39,3,0,43,152,6,3,3,152,14,0,5,21,0,0,14,84,2,0,10,30,0,0,8,0,0,0,0,9,17,96,101,38,2,0,5,146,76,37,23,152,20,0,1,20,5,0,9,99,5,2,15,4,0,1,7,0,0,0,0,0,6,55,34,63,16,0,0,4,46,55,14,152,54,0,0,0,3,1,2,53,10,0,3,6,7,13,6
2,0,0,0,0,0,1,9,48,1,0,0,0,0,8,116,48,1,0,0,0,2,9,70,0,0,0,0,0,52,30,4,38,1,0,0,0,0,0,13,122,31,0,0,0,2,12,51,73,11,0,0,0,86,86,22,0,2,8,0,1,122,86,1,23,5,30,6,0,0,0,26,61,30,33,0,0,8,66,101,5,64,66,0,0,95,116,13,0,109,122,1,1,50,21,0,0,20,122,23,0,0,0,1,2,99,122,0,0,0,2,5,0,122,122,0,0,1,1,0,0,95,75,0,0,7,4,0
0,0,0,3,132,41,0,0,0,17,23,5,90,37,0,0,0,6,38,8,0,0,0,0,0,1,3,0,0,0,0,0,1,1,1,18,132,3,0,0,61,94,57,21,82,0,0,2,10,33,132,87,0,0,0,0,0,56,61,9,0,0,0,0,3,0,0,60,132,0,0,1,132,18,6,20,84,0,0,51,85,21,91,48,0,0,0,21,0,74,95,9,0,0,0,0,4,0,0,35,132,0,0,2,101,0,0,12,116,5,1,69,132,5,6,0,0,0,0,78,15,19,9,0,0,0,0,2
1,12,21,3,0,7,114,22,23,2,5,8,5,38,163,24,143,51,11,0,0,5,53,49,25,41,44,0,0,0,3,23,0,2,41,17,6,40,32,2,78,3,5,29,35,94,26,22,181,38,7,0,1,5,4,42,67,34,64,3,1,0,0,1,0,1,22,17,9,61,37,0,86,30,32,32,8,61,10,4,181,46,2,0,0,1,1,15,107,4,1,0,6,12,1,6,0,14,27,16,2,1,1,0,49,18,31,46,3,6,3,1,181,32,3,1,0,0,0,9,73,7,7,3,5,5,0,2
2,112,92,0,0,0,30,9,13,59,123,0,0,4,50,6,59,39,9,0,0,2,54,45,16,5,0,0,0,0,15,53,1,9,21,4,0,5,136,39,17,2,4,7,6,37,157,29,148,54,8,0,0,6,88,67,36,52,43,0,0,0,7,38,0,1,39,21,7,32,28,3,66,2,3,31,36,78,30,17,157,55,6,0,2,4,6,25,67,49,76,4,0,0,0,0,0,0,12,12,6,54,38,0,67,26,16,17,7,59,12,5,157,55,1,0,0,1,1,7,94,10,3,0,1,4,0,1
1,0,0,0,59,129,84,3,49,8,0,0,2,52,125,42,79,12,0,0,0,4,11,25,63,3,0,0,0,1,1,16,19,0,0,0,136,89,8,5,136,35,1,0,12,10,10,23,104,37,10,4,0,0,0,4,70,2,0,0,0,10,12,14,21,0,0,0,136,62,1,4,136,5,0,0,8,3,0,38,111,8,6,18,5,0,0,11,13,0,1,6,32,68,28,13,12,16,3,7,104,26,0,0,136,111,1,0,3,0,0,4,78,52,23,16,4,0,0,0,0,0,12,35,128,15,0,0
5,0,1,0,0,1,59,129,63,89,6,0,0,1,17,43,13,148,14,0,0,0,0,0,2,53,4,0,0,0,0,0,33,3,87,110,0,0,36,99,148,48,9,10,0,0,10,107,94,63,9,7,5,1,0,5,4,6,2,2,1,0,0,1,11,10,148,148,0,0,0,1,148,121,105,65,0,0,0,16,103,18,1,2,4,4,3,16,1,5,2,1,1,3,0,0,0,1,39,36,7,2,1,2,18,49,57,14,0,0,2,9,30,13,0,0,0,3,1,6,1,0,0,0,0,24,6,0
0,0,0,0,1,118,67,0,2,0,0,0,0,58,118,42,13,0,0,0,0,2,67,91,5,0,0,0,9,30,28,16,0,2,3,2,9,102,23,0,17,2,1,0,0,77,59,33,118,7,0,0,0,7,30,79,34,2,0,4,32,20,5,5,0,0,1,2,39,100,0,0,84,11,0,0,12,118,19,12,118,34,0,0,4,41,15,16,16,1,0,0,7,118,118,10,0,0,0,0,83,52,0,0,118,27,0,0,26,21,0,0,118,28,0,0,88,65,2,1,2,6,7,9,102,118,75,14
42,110,24,5,0,0,0,0,80,55,36,9,0,0,0,20,119,42,13,1,0,0,2,46,5,7,24,9,9,8,16,28,92,17,2,0,0,1,5,47,83,5,5,2,1,7,13,17,147,36,7,3,4,0,0,9,21,12,15,28,81,24,0,0,32,0,0,0,0,0,27,147,120,2,0,0,0,1,39,72,147,24,0,2,3,1,0,10,25,4,4,60,49,8,1,1,19,0,0,0,0,0,29,147,147,1,0,0,0,0,30,141,147,30,5,4,0,0,0,31,9,6,21,31,7,6,0,0
0,0,42,76,20,40,13,0,82,20,44,52,11,20,28,44,122,8,2,24,55,0,1,53,17,1,0,37,84,0,0,3,0,0,36,61,37,102,6,0,45,14,30,41,44,110,14,33,122,27,4,16,40,5,7,93,22,3,0,50,122,0,0,4,0,1,105,34,19,63,6,0,14,67,122,36,17,31,1,3,118,122,56,16,22,0,0,8,14,22,7,72,118,0,0,0,0,2,106,6,0,0,0,0,0,17,107,6,3,3,0,0,21,41,18,7,10,1,1,9,3,7,20,62,41,0,0,1
0,0,0,0,17,93,6,0,0,1,13,4,59,114,22,3,74,5,17,3,4,22,43,90,28,0,0,0,22,17,7,38,3,0,0,0,87,114,1,0,50,58,65,16,43,61,1,2,38,21,77,53,50,13,1,36,26,0,0,1,5,16,14,65,12,0,0,0,114,97,6,10,114,14,3,2,31,51,14,66,27,3,3,8,105,114,13,24,50,0,0,0,4,11,7,40,8,0,0,2,114,114,12,25,65,0,0,0,13,92,38,114,45,0,0,0,17,114,45,48,87,0,0,0,0,2,5,41
19,41,19,104,70,5,0,0,84,116,44,84,4,0,0,0,105,46,42,116,10,0,0,1,116,15,2,1,0,0,0,3,20,21,12,90,29,0,0,0,116,72,13,45,18,3,2,12,63,19,9,114,92,12,2,4,116,15,1,3,2,0,0,6,7,13,15,59,8,0,0,0,63,5,9,51,16,23,54,50,65,21,0,10,45,75,69,18,116,73,0,0,2,1,1,1,19,20,14,15,0,0,0,1,7,5,31,116,32,6,9,2,73,79,48,35,9,7,14,3,90,69,1,0,0,0,0,0
0,2,60,100,137,49,0,0,105,137,137,90,57,14,0,0,137,137,13,1,1,4,2,15,23,7,5,11,40,36,5,7,11,40,51,31,46,17,0,0,36,51,137,50,41,23,0,2,137,32,12,3,12,10,2,21,48,34,0,0,20,29,3,5,27,17,0,0,17,29,11,19,46,8,0,0,50,75,4,2,137,9,0,0,4,9,10,22,86,36,0,0,5,7,5,6,2,1,4,6,8,17,28,23,42,30,0,1,6,27,10,1,79,30,2,0,0,0,4,14,77,24,0,0,0,0,4,14
5,0,0,0,0,2,5,18,92,0,0,0,0,0,0,73,83,0,0,3,18,0,0,57,1,0,0,8,88,13,10,16,27,5,1,0,0,0,7,52,89,27,3,0,0,0,0,47,123,17,0,2,9,0,0,59,8,0,3,69,116,8,4,3,92,123,40,0,0,1,4,28,20,123,69,0,0,13,39,3,74,69,8,0,0,4,59,43,8,2,2,39,56,13,6,18,19,86,15,0,0,83,123,2,2,13,11,0,0,115,123,9,62,2,0,0,0,17,123,123,55,0,0,13,42,3,6,80
0,1,2,10,14,20,21,1,36,7,7,39,30,10,2,15,21,26,82,106,30,0,0,1,0,2,6,0,0,0,0,0,4,34,20,4,3,4,15,4,78,28,50,19,3,2,0,5,143,61,43,4,0,0,0,18,16,13,6,0,0,0,0,1,0,82,56,0,0,0,0,0,13,37,105,11,0,3,4,0,142,34,19,0,0,5,26,67,35,5,0,0,0,0,18,74,0,22,22,0,0,56,63,0,0,4,12,0,0,143,143,0,6,1,2,0,0,143,143,70,50,0,0,0,0,8,143,143
115,41,6,18,6,0,0,7,121,37,3,32,113,26,6,14,126,7,1,12,67,9,0,2,23,1,0,12,126,0,0,0,51,2,1,27,34,2,20,54,56,2,1,2,35,121,126,78,126,4,0,0,23,39,20,38,33,1,0,14,126,0,0,1,0,3,7,45,55,3,8,4,27,30,51,31,6,18,34,8,126,64,10,6,3,3,4,9,29,7,1,25,126,0,0,0,0,6,5,11,15,2,2,0,18,41,23,15,1,0,0,0,122,69,6,4,3,0,0,0,14,5,0,10,126,0,0,0
13,9,0,0,0,0,1,1,24,4,0,0,0,6,18,4,3,0,0,0,20,37,36,3,0,0,0,0,15,52,41,4,2,2,2,11,8,13,16,3,9,2,0,9,18,64,95,6,37,77,56,2,2,51,83,5,2,21,126,60,9,34,17,0,0,1,38,61,24,16,0,0,25,5,44,54,76,51,6,12,126,101,70,5,7,6,28,126,20,32,126,54,3,25,126,56,0,0,116,75,4,2,10,0,2,4,126,92,9,7,8,1,22,33,126,14,0,0,20,36,1,2,126,12,1,9,80,18
38,21,0,0,36,113,2,1,3,0,0,0,29,122,34,25,8,1,0,0,5,23,23,14,3,2,2,9,3,0,0,1,8,7,15,8,122,122,3,1,10,7,58,21,38,79,45,63,102,14,5,5,0,5,32,31,18,10,10,16,0,0,0,0,35,95,61,15,104,63,0,0,17,67,122,122,120,31,1,3,122,17,9,36,36,5,1,7,30,6,11,7,0,0,3,5,122,59,2,1,29,75,7,21,28,22,5,12,122,122,7,9,65,3,0,2,24,25,6,35,27,22,9,2,0,0,10,26
55,7,1,1,6,47,57,47,35,13,5,20,65,33,18,16,13,2,5,18,20,22,49,36,7,0,17,19,5,5,2,9,136,7,0,0,23,34,17,84,63,8,1,7,90,114,41,54,90,37,0,2,36,38,13,23,25,8,0,0,9,103,14,6,136,47,0,2,20,14,1,8,49,18,1,15,94,24,5,8,91,5,0,0,28,58,10,24,4,0,0,0,67,136,19,2,112,85,3,3,15,3,0,0,21,17,2,6,122,13,0,1,26,8,0,1,80,47,2,7,0,0,0,0,136,136,1,0
131,1,0,3,9,3,0,54,71,1,0,11,19,4,1,51,35,0,0,27,131,6,4,38,82,3,0,29,84,0,0,13,131,66,3,11,3,0,0,24,50,18,6,70,36,0,0,26,58,29,15,51,63,2,3,49,50,12,15,124,73,0,0,10,131,131,2,5,7,0,0,0,35,24,10,57,107,2,0,5,131,70,28,42,24,4,2,54,24,32,45,131,71,5,3,12,55,69,1,2,2,0,2,3,10,9,34,43,27,1,15,5,45,45,37,8,4,1,13,33,11,12,19,15,11,3,8,25
0,0,184,21,0,0,1,0,1,4,184,27,0,0,0,1,2,17,184,36,0,0,0,0,0,1,184,50,1,0,0,0,0,0,23,1,0,1,13,4,35,6,42,0,0,0,12,21,108,52,83,13,16,0,0,6,3,5,72,37,87,13,0,0,0,0,0,1,5,9,2,0,75,1,0,0,0,2,3,7,184,5,0,0,31,11,1,16,5,0,0,3,133,23,0,1,2,4,1,0,0,9,5,1,59,10,1,0,0,0,0,1,104,18,1,7,17,8,2,14,1,1,1,19,62,14,1,1
0,0,2,5,13,20,5,0,122,0,0,0,2,9,9,24,151,3,0,3,67,22,3,81,12,0,1,24,151,35,2,8,5,15,3,0,5,45,16,3,141,39,11,0,0,3,3,9,151,49,4,26,37,18,13,75,14,8,6,103,151,37,10,11,37,89,14,0,0,3,1,1,46,132,89,0,0,0,0,3,129,50,23,2,6,17,39,90,4,2,17,21,61,51,35,17,99,32,0,0,0,0,0,4,51,26,9,0,0,0,0,26,8,13,6,0,0,0,14,22,0,1,4,1,0,3,24,2
1,0,0,0,0,0,0,0,0,0,0,0,0,0,0,0,0,0,0,0,0,0,0,0,0,0,0,0,0,0,0,0,42,29,33,1,0,0,0,0,30,10,8,2,0,0,0,0,71,4,0,0,0,0,0,0,10,0,0,0,0,0,0,0,16,80,135,92,38,70,13,0,14,8,34,35,24,83,59,18,74,2,0,0,0,4,38,103,14,1,0,0,0,0,0,21,4,88,48,34,124,135,56,0,1,135,135,90,10,116,106,16,30,6,90,135,7,3,56,135,48,4,2,2,0,0,1,99
0,0,0,0,0,1,1,0,5,7,5,1,1,11,50,32,1,6,15,33,41,43,29,6,1,22,60,55,31,5,5,4,4,0,0,0,2,29,12,5,78,85,14,0,2,27,34,24,12,53,72,36,9,25,20,5,6,34,53,26,4,1,1,1,78,1,0,0,14,138,128,101,138,21,1,0,4,74,86,138,80,27,4,3,7,78,60,24,40,41,36,13,2,1,2,4,108,9,0,0,11,112,39,50,138,29,0,0,13,25,16,62,124,93,2,0,12,15,4,7,39,53,13,16,20,2,0,0
9,6,48,17,3,11,28,33,5,9,77,117,49,36,4,7,117,117,44,36,13,9,1,13,68,55,29,18,1,4,34,46,101,8,0,0,5,7,20,61,30,2,1,11,101,113,8,20,117,13,1,3,17,24,3,35,33,10,3,9,9,10,43,38,69,6,0,2,7,3,40,117,21,9,4,54,83,32,38,36,117,59,5,13,10,5,4,12,38,36,4,9,29,35,4,6,26,11,15,15,7,16,58,110,60,44,8,7,9,60,117,67,117,30,0,0,5,9,13,44,33,7,0,1,60,64,6,16
91,13,38,11,10,13,24,115,56,16,116,21,8,9,2,34,0,15,99,53,61,5,0,0,53,28,17,46,42,0,0,2,116,49,21,38,33,7,4,30,116,78,51,6,1,3,5,26,2,14,116,108,17,16,17,3,14,10,38,102,74,14,13,9,86,50,82,40,28,4,0,13,116,28,5,1,0,7,42,90,10,4,14,21,16,70,103,27,16,5,5,80,108,14,20,12,16,0,4,12,79,16,3,25,75,3,0,1,4,2,4,78,27,10,7,20,15,7,4,9,25,2,2,36,36,5,4,22
2,26,38,1,1,9,54,25,1,14,67,45,53,42,32,11,0,5,113,81,37,41,42,11,25,82,101,21,10,17,31,24,3,41,87,8,1,2,1,1,40,81,113,32,5,1,0,6,4,18,113,111,47,8,0,2,2,41,113,19,89,30,3,7,6,8,25,11,5,24,17,11,113,31,11,4,14,30,20,51,14,4,2,13,102,113,21,10,0,0,0,6,113,48,47,13,2,10,24,6,2,43,65,4,20,11,11,7,5,58,113,25,7,6,15,17,27,113,61,12,0,0,20,26,38,39,76,1
20,41,17,0,4,10,79,23,41,97,86,16,17,9,10,6,6,91,58,12,18,16,19,3,3,23,24,6,9,28,18,2,62,74,55,1,0,0,0,15,116,83,14,24,18,3,2,16,13,15,14,85,85,24,8,4,7,14,12,4,3,20,33,7,116,12,15,8,2,22,20,42,52,5,2,4,5,40,116,66,5,0,1,7,42,102,116,25,0,2,14,2,5,105,48,1,116,10,2,5,19,112,57,19,12,29,20,6,10,85,116,24,90,34,24,2,0,19,104,52,22,22,74,6,4,17,6,4
9,29,6,31,38,3,7,7,116,8,1,37,36,5,3,7,170,46,0,0,0,0,0,11,63,20,1,0,0,0,0,14,44,70,23,39,14,1,22,34,110,9,9,127,59,0,0,13,170,48,5,6,2,0,0,32,36,49,30,4,0,0,0,0,26,78,28,20,3,0,5,34,46,22,19,163,37,1,5,9,170,60,12,24,3,0,0,8,72,17,12,9,2,0,0,0,6,10,10,1,2,33,27,26,31,15,7,12,9,3,24,47,170,79,3,4,1,0,1,10,42,11,0,2,0,0,0,0
13,90,115,1,0,0,0,0,34,69,85,16,17,7,1,6,116,21,6,11,18,6,1,41,20,14,5,18,30,10,2,13,66,25,42,5,12,8,0,28,16,13,15,15,96,105,7,17,116,26,7,7,21,24,8,84,32,22,55,25,32,8,2,16,47,60,38,44,15,4,0,10,12,23,46,116,88,40,3,4,116,65,21,15,9,10,12,108,36,28,71,13,0,1,31,106,20,25,35,19,21,21,2,7,5,3,6,26,116,116,8,6,79,4,0,1,17,37,19,100,33,6,0,0,0,0,37,101
126,22,0,0,0,31,23,28,17,1,2,2,63,126,26,7,101,7,9,4,28,65,23,88,124,4,2,0,0,0,0,60,93,3,0,0,0,41,97,77,19,3,4,2,12,99,67,26,108,41,23,3,5,4,0,15,126,27,0,0,0,1,2,20,7,7,6,5,16,12,28,17,34,10,0,0,0,4,28,85,126,82,0,0,0,0,0,32,126,41,0,0,1,7,4,6,3,5,1,3,52,14,3,0,72,122,0,0,4,3,6,12,99,126,0,0,0,0,0,2,57,19,1,0,0,1,0,1
105,133,105,4,3,3,67,133,99,100,20,3,0,2,66,111,133,15,0,0,0,1,23,102,26,0,0,0,0,21,50,36,3,133,133,22,9,0,0,0,33,58,42,65,29,0,0,3,133,16,1,4,1,0,2,27,38,4,2,13,13,18,18,13,0,7,34,25,25,2,0,0,7,6,43,88,32,0,0,0,98,19,18,17,4,3,20,30,22,1,0,4,16,17,47,37,7,25,63,9,1,3,1,2,0,0,85,59,16,10,5,0,6,2,13,60,65,13,14,7,54,4,1,5,3,4,16,23
105,120,33,8,1,0,52,101,121,24,0,0,0,2,30,121,29,0,8,6,1,35,121,40,0,4,36,14,0,36,121,0,61,38,30,66,44,0,0,3,121,38,3,6,3,4,9,28,26,8,3,19,30,43,59,17,3,11,16,0,2,13,65,38,18,13,66,106,30,1,0,1,107,22,12,14,14,14,66,77,25,1,0,23,50,44,58,45,0,0,0,51,34,17,76,75,0,0,36,73,66,22,18,3,48,14,8,69,74,15,20,18,83,10,1,11,4,19,13,20,0,0,0,53,44,55,22,6
4,63,48,0,0,0,7,20,53,142,65,2,9,1,8,62,31,74,5,18,73,39,25,35,39,13,2,6,36,6,13,44,27,11,0,0,0,0,20,68,142,58,2,7,8,0,23,142,90,54,35,99,67,4,1,19,34,75,20,36,40,1,1,8,18,41,7,1,0,0,0,3,142,142,27,19,9,0,3,69,76,14,5,21,34,10,10,86,6,6,3,22,22,5,27,53,0,1,3,5,1,0,0,0,14,33,115,81,19,0,1,8,37,56,100,49,15,2,1,14,9,5,10,62,16,1,8,19
9,1,0,0,13,22,124,124,32,7,8,8,40,57,77,50,9,3,28,60,18,21,8,26,32,0,13,15,0,0,3,124,59,66,55,16,0,0,20,76,124,51,8,6,0,5,14,59,38,9,49,71,5,21,35,22,14,10,112,75,0,0,3,47,15,38,108,54,0,0,0,0,75,35,27,24,7,43,39,27,107,87,11,3,3,84,91,51,104,47,49,15,0,1,22,31,19,11,27,20,0,0,0,11,1,20,71,60,6,7,2,1,31,124,53,7,4,13,14,8,39,44,4,0,10,7,29,26
0,3,11,4,19,34,6,0,0,0,6,16,25,103,6,0,0,2,10,52,69,114,0,0,1,114,63,27,44,45,0,0,9,2,1,33,111,42,11,10,85,26,36,42,27,34,15,29,9,17,114,114,19,3,0,0,55,114,80,25,3,0,3,22,14,39,42,114,46,1,0,3,108,61,87,105,23,10,2,17,25,11,45,36,15,81,27,4,36,14,16,12,8,28,20,47,27,28,15,23,13,21,2,5,1,11,36,34,50,114,3,0,0,42,51,1,12,109,11,0,25,63,98,0,0,13,9,15
103,31,5,8,31,19,3,18,138,138,18,0,0,0,0,4,138,68,0,1,25,34,4,1,4,1,0,0,20,35,25,17,138,34,8,38,45,0,0,8,138,58,0,0,0,7,6,16,93,16,0,1,46,138,23,12,65,3,3,1,23,82,32,82,68,38,25,22,21,0,0,1,138,19,1,0,0,19,49,69,24,2,3,1,17,117,73,30,88,22,13,3,9,11,1,20,7,43,49,6,2,0,0,3,14,28,16,6,15,7,13,12,19,10,0,0,3,6,24,42,81,44,0,0,0,0,0,17
0,0,0,0,0,0,0,0,3,25,14,0,0,0,9,10,35,109,10,0,0,0,15,53,59,121,7,0,0,0,3,45,0,0,0,0,0,0,0,0,26,39,9,0,0,0,0,1,136,132,5,0,0,0,0,8,107,110,11,0,0,0,0,21,0,0,0,0,0,0,3,0,17,3,2,1,0,11,89,29,136,2,0,0,0,0,43,136,107,0,0,0,0,0,4,136,0,0,0,3,1,2,6,0,1,0,0,25,25,44,136,40,21,2,0,2,2,4,136,136,29,0,0,0,0,0,38,136
30,0,0,37,80,90,87,42,151,0,0,2,10,14,8,151,65,2,14,34,20,33,31,54,35,12,31,20,3,7,23,43,37,3,0,0,2,62,78,13,151,32,0,0,0,11,11,101,134,6,22,26,4,29,112,102,17,18,52,15,1,6,72,90,4,1,0,0,0,0,0,0,70,15,0,0,0,4,4,3,23,2,0,0,0,69,125,58,65,6,7,1,0,12,91,151,0,0,0,0,0,0,0,0,0,0,0,0,0,0,0,0,0,0,0,0,0,0,0,0,10,2,3,0,0,0,0,3
23,5,0,2,24,10,32,93,107,3,0,0,0,0,1,130,110,8,0,0,0,0,0,36,16,7,1,1,0,0,0,0,54,28,0,1,18,24,14,70,130,33,0,0,0,0,0,108,130,13,0,0,0,0,0,69,22,10,13,0,0,0,0,0,53,23,29,38,1,3,5,110,130,130,2,0,0,0,0,61,130,119,0,0,0,0,0,9,33,7,9,0,4,9,1,4,18,104,100,49,0,0,0,4,98,130,16,0,0,0,0,2,47,61,0,0,0,0,0,10,10,0,0,4,13,5,3,15
0,0,119,97,34,43,12,0,12,20,119,93,10,11,27,4,119,114,35,14,3,1,1,9,16,7,0,0,0,0,0,0,0,0,4,22,119,119,54,2,22,6,13,17,10,25,119,46,119,21,1,2,2,2,23,107,9,0,0,0,0,0,0,6,0,0,24,112,119,15,2,0,33,35,67,87,23,5,15,14,119,82,6,2,1,0,3,48,3,1,0,0,0,0,0,1,0,0,12,119,38,1,0,0,11,5,57,109,29,4,0,7,34,17,40,8,1,0,1,39,0,0,0,0,0,0,0,0
25,129,87,0,0,3,43,8,91,42,7,0,0,1,45,72,36,11,0,0,0,0,6,68,20,5,1,0,0,0,0,19,11,7,9,6,14,33,125,24,166,54,6,0,3,11,63,88,76,89,70,4,1,0,1,25,22,7,21,9,4,0,0,17,25,5,12,15,23,86,15,7,166,26,3,2,4,15,3,43,166,23,26,6,17,15,1,9,11,0,9,12,31,24,1,5,13,11,35,26,4,10,8,1,166,30,9,6,0,1,2,15,152,9,12,7,9,7,0,8,3,2,42,24,10,5,0,1
0,0,0,1,2,4,51,50,5,0,0,0,17,114,119,22,112,13,0,0,2,51,99,53,48,11,2,0,1,1,3,15,0,0,5,27,31,12,3,1,34,3,0,1,119,94,11,5,119,31,0,0,12,14,5,43,77,11,0,0,0,0,1,27,0,0,2,15,91,84,0,0,53,47,0,0,78,119,2,3,119,119,0,0,3,3,0,45,51,13,0,0,0,7,20,55,0,4,0,0,105,111,0,0,114,79,0,0,30,35,1,1,95,99,0,0,0,12,8,1,8,12,0,1,2,51,21,9
18,118,75,49,76,5,3,10,121,125,37,16,2,0,3,26,44,71,71,23,0,0,1,12,46,94,9,0,0,0,2,2,0,125,72,8,13,5,0,0,19,73,31,27,35,0,0,3,125,37,1,3,6,0,1,18,29,14,0,0,0,8,18,15,0,65,45,8,14,5,0,0,8,6,10,47,49,25,21,5,90,7,4,10,3,1,13,48,8,0,0,0,1,24,30,20,1,3,2,2,59,32,3,1,0,0,0,2,125,125,125,101,10,1,0,0,1,8,116,125,1,0,0,0,9,37,85,32
1,45,103,0,0,13,68,11,25,107,87,0,0,2,32,68,70,71,15,0,0,1,11,35,31,1,0,0,0,2,7,52,19,33,38,25,6,60,124,38,124,32,17,11,1,10,67,124,60,11,10,10,0,5,18,60,9,1,4,4,0,0,21,105,38,124,83,86,5,2,2,2,124,73,47,64,4,0,0,6,124,29,23,16,0,0,0,2,3,6,42,24,5,5,3,14,58,37,11,33,17,10,13,13,115,28,6,35,28,12,7,2,124,35,4,2,0,0,0,0,4,5,11,40,31,8,0,0
98,105,6,0,0,8,5,5,147,94,1,0,0,0,0,23,49,32,0,0,1,40,25,29,1,5,2,7,26,91,9,0,87,96,21,0,0,0,2,15,147,46,9,3,3,0,1,31,32,23,11,20,60,31,16,14,16,43,18,11,11,24,5,5,58,2,0,0,0,0,28,143,147,7,1,4,4,0,7,55,63,9,9,84,55,1,0,3,23,15,18,27,8,3,2,27,47,0,2,3,0,0,32,147,147,7,2,1,0,0,5,135,61,8,21,39,8,5,2,8,1,7,41,24,10,8,0,0
2,0,0,6,36,67,106,29,32,5,0,0,0,9,61,62,31,42,4,0,0,1,8,17,2,38,47,1,2,0,3,4,26,1,0,96,120,7,8,30,120,42,0,3,2,0,1,42,85,120,3,0,0,0,0,2,15,72,45,5,0,0,0,0,42,3,2,120,118,2,8,47,120,10,1,32,17,0,0,66,120,17,0,0,0,0,0,63,49,27,1,0,0,0,0,19,105,5,1,74,60,1,1,82,104,9,2,71,52,0,0,36,120,12,0,0,0,0,0,57,79,84,0,0,0,0,0,12
0,0,0,2,71,28,1,0,32,0,0,0,122,37,1,4,122,0,0,6,105,37,5,17,26,42,4,13,90,45,41,40,0,0,0,0,38,92,22,0,43,0,0,0,122,88,2,9,122,6,5,57,101,16,1,20,24,37,73,92,91,16,8,47,0,0,7,17,32,46,11,0,41,13,16,46,75,31,0,1,122,44,10,43,21,1,0,2,11,18,61,81,31,0,0,0,0,0,110,28,4,0,1,0,5,22,122,52,4,0,5,0,60,109,67,17,4,0,4,2,3,7,58,37,8,0,3,0
56,84,90,20,5,27,21,22,60,83,43,0,0,0,10,15,78,56,13,0,3,0,2,4,20,5,0,6,51,29,10,5,2,36,68,17,1,5,126,19,11,36,28,0,0,0,126,90,87,29,8,0,7,4,51,126,12,2,0,12,102,92,20,9,0,1,82,100,3,3,28,2,33,63,67,21,0,0,37,25,126,77,2,1,20,2,6,36,24,3,3,45,126,45,8,2,0,0,14,77,32,0,0,0,24,36,34,26,5,0,0,0,126,51,1,1,13,0,0,0,12,2,6,51,106,0,0,0
0,0,0,15,119,31,0,0,91,1,0,12,75,11,1,72,79,15,68,120,49,2,2,43,10,84,71,30,3,0,3,10,0,0,2,22,73,55,1,0,90,16,25,56,53,6,0,30,120,32,19,49,10,0,0,58,4,23,63,51,8,0,0,0,0,23,105,27,10,2,0,0,12,80,120,31,2,2,3,0,78,120,69,7,0,6,24,6,4,21,59,13,0,18,34,3,0,29,63,0,0,23,18,0,0,20,51,0,5,119,67,0,10,11,9,0,4,85,120,56,19,0,0,0,7,44,64,51
70,38,0,0,0,0,3,35,81,26,3,0,1,86,107,104,9,1,3,1,0,48,75,123,0,0,13,24,0,0,79,110,128,128,0,0,0,0,1,3,99,85,28,7,3,8,7,16,7,12,31,75,10,5,25,24,0,0,5,27,3,1,62,83,87,128,1,1,7,9,20,10,83,25,3,2,4,2,12,38,7,2,6,52,7,3,38,26,0,0,24,68,2,0,9,9,27,16,0,0,1,62,128,128,18,5,0,0,1,1,33,128,1,1,2,0,2,1,28,35,3,2,9,5,0,0,15,14
6,0,0,3,135,56,16,33,34,0,0,3,29,26,26,120,23,0,0,3,53,32,9,21,19,0,0,0,45,71,5,17,10,0,0,24,135,7,1,10,135,4,0,7,25,6,4,54,22,3,1,33,52,6,3,16,3,0,0,5,135,43,6,14,11,2,0,68,135,1,0,1,135,33,2,14,30,1,0,9,37,15,4,60,74,1,0,1,0,3,2,25,135,8,1,1,3,3,2,77,135,18,0,0,104,32,4,19,24,10,14,42,22,7,2,18,49,89,31,14,0,2,3,15,105,62,29,1
4,2,2,7,26,16,11,35,104,4,0,2,5,4,10,138,64,1,13,111,50,30,54,138,0,3,54,74,33,16,7,2,20,5,0,3,36,33,2,3,138,102,0,0,3,6,2,61,126,58,0,0,3,11,41,110,4,0,2,2,5,43,31,8,18,2,0,0,0,2,0,6,138,19,0,0,0,0,0,131,49,8,0,0,0,2,39,138,0,0,0,0,0,32,60,7,0,0,0,0,0,0,0,0,20,0,0,0,0,0,9,60,5,0,0,0,0,0,76,138,0,0,0,0,0,14,91,40
0,0,0,0,0,0,0,0,0,0,0,0,0,0,0,0,6,0,0,0,0,0,0,3,0,0,0,0,0,0,0,0,0,0,0,4,41,21,0,0,68,15,14,55,142,5,0,22,145,42,9,16,19,0,0,91,12,2,0,10,13,0,0,2,0,9,102,37,48,37,0,0,26,76,145,144,92,4,0,2,145,145,138,37,25,0,0,10,12,14,3,46,58,0,0,0,0,26,118,4,0,0,0,0,0,28,145,8,1,0,0,0,7,44,60,22,22,0,0,2,1,3,0,49,97,0,0,1
0,0,0,0,0,5,11,6,1,7,4,0,0,14,34,4,8,5,7,0,0,3,14,25,2,0,0,0,0,6,18,27,12,12,5,15,17,6,3,2,79,108,52,18,12,10,10,7,12,31,61,80,100,37,11,5,0,0,0,3,34,78,104,45,59,16,18,49,16,0,2,36,140,37,33,33,13,4,10,50,21,5,5,77,140,54,30,25,0,0,0,33,140,139,57,5,93,26,8,8,5,3,11,37,9,8,25,12,17,46,56,35,1,0,0,5,66,140,68,6,0,0,0,17,140,120,10,1
137,137,39,1,0,0,0,0,137,137,82,5,0,0,0,0,9,93,109,31,4,3,6,7,23,16,32,48,18,15,5,8,78,120,130,54,2,0,0,0,137,103,27,13,15,5,6,17,21,10,15,28,125,52,26,26,21,0,1,16,71,30,19,42,9,27,60,41,8,1,0,0,74,23,14,6,11,28,77,56,23,6,8,2,65,106,60,15,33,2,0,5,23,23,12,18,0,0,1,17,12,1,0,0,0,0,19,20,7,4,9,0,2,7,34,8,0,5,6,0,2,2,2,7,2,2,1,0
4,0,0,0,0,109,31,15,3,0,0,0,9,145,71,4,20,4,1,6,35,133,35,49,21,12,1,7,9,68,103,49,6,1,0,0,13,145,54,5,120,12,0,3,8,145,55,32,22,5,16,39,42,24,30,15,4,11,29,25,15,24,29,19,32,19,2,4,17,145,14,2,106,26,0,7,24,46,64,24,17,1,1,8,21,47,145,69,15,2,9,10,20,32,31,50,12,17,26,47,32,22,12,4,14,11,0,12,35,44,100,15,53,21,4,16,25,13,28,35,41,8,4,2,2,2,5,34
28,5,8,16,19,43,41,26,28,2,31,32,4,7,10,137,87,4,6,2,0,0,0,137,49,18,5,0,0,0,0,90,105,23,11,9,1,9,38,36,71,27,86,36,0,5,28,39,73,28,117,25,0,2,3,137,115,5,4,0,0,0,1,137,20,38,59,29,4,10,20,9,137,81,19,1,2,5,17,39,28,17,24,8,12,34,47,24,41,35,18,3,0,3,24,137,3,29,39,6,7,6,8,4,30,46,12,2,11,10,19,39,34,26,4,9,27,26,14,22,95,64,33,23,1,2,5,46
1,0,0,11,32,27,127,127,1,0,0,18,86,102,83,25,21,0,1,6,6,29,54,127,67,0,0,0,0,0,2,127,37,27,49,7,0,2,79,127,111,23,8,9,4,22,59,82,23,8,46,65,5,7,8,35,56,5,36,16,0,0,0,127,17,40,125,30,0,0,0,2,93,42,27,12,2,9,33,23,89,35,25,14,0,10,53,42,42,23,89,26,0,2,5,25,20,17,28,11,0,0,0,5,4,19,63,36,2,3,4,1,66,74,26,2,0,2,5,14,25,12,3,2,9,15,19,15
0,1,12,125,68,0,0,1,61,0,0,64,58,2,3,129,99,0,0,3,12,6,3,126,4,5,4,18,11,2,0,1,0,3,10,100,66,3,0,0,66,4,3,140,140,1,0,19,140,9,2,17,8,0,0,46,22,7,4,18,5,0,0,1,0,0,0,8,30,55,52,0,35,6,1,61,140,34,23,1,140,21,2,15,24,1,0,4,33,9,7,22,4,0,0,0,0,0,0,0,0,30,84,5,34,1,0,1,30,46,115,19,140,12,0,1,7,7,6,11,35,3,2,14,2,1,5,2
0,0,0,6,12,8,36,12,11,0,0,1,5,3,58,127,55,0,0,0,0,0,7,127,27,5,1,1,7,3,0,27,0,0,1,22,78,23,4,2,27,9,18,12,32,20,40,109,127,17,2,0,0,0,6,121,79,1,0,1,2,0,5,33,0,0,10,55,79,16,4,1,22,53,107,34,25,9,31,29,127,106,18,0,0,0,24,54,55,4,0,0,0,0,10,39,0,0,3,38,90,56,14,1,4,7,35,29,29,36,127,61,29,19,28,0,0,0,127,127,51,4,1,0,0,0,31,127
21,0,0,8,86,81,31,28,140,0,0,0,10,7,12,140,23,0,0,0,0,6,50,74,22,6,0,0,0,1,26,34,27,1,2,20,140,26,1,9,140,24,0,0,25,9,3,82,64,6,0,1,13,63,51,53,13,1,0,1,5,14,76,140,31,17,1,7,140,31,0,3,140,84,0,2,27,9,2,21,35,9,3,10,27,41,6,6,3,7,5,18,29,5,20,44,30,72,2,2,96,55,5,1,88,140,2,3,17,0,0,0,3,10,5,11,20,0,0,0,0,6,8,17,16,3,0,0
18,3,6,8,4,2,0,4,0,4,20,26,10,3,1,0,18,36,34,14,1,1,0,3,6,14,17,19,1,3,2,1,14,9,2,3,3,24,16,2,8,5,8,4,1,31,32,4,98,26,14,5,0,6,8,15,13,8,11,46,19,55,1,2,12,3,0,0,0,46,34,20,27,21,40,7,0,21,50,27,58,14,16,3,0,64,118,19,6,0,0,1,10,171,69,6,3,0,0,0,17,96,82,25,7,1,2,4,10,137,171,37,7,1,1,3,6,168,171,9,14,1,0,15,63,171,94,5
0,0,0,18,128,66,14,5,80,1,0,21,59,40,46,85,77,17,45,55,11,1,2,32,19,100,83,22,2,0,0,0,14,4,1,90,118,11,12,32,100,8,7,128,85,0,0,43,128,55,32,9,0,0,0,72,29,79,58,1,0,0,0,1,16,37,26,67,30,0,0,5,19,62,55,128,61,0,0,1,128,128,26,10,0,0,0,8,38,25,2,0,2,0,0,1,0,4,25,44,4,0,0,0,3,31,82,57,3,0,0,0,45,66,18,2,0,0,0,3,13,6,0,0,1,0,2,4
39,46,76,38,23,12,0,5,116,8,4,5,3,3,4,23,12,2,21,43,9,10,13,12,2,4,109,61,3,17,8,3,33,9,26,50,69,65,3,5,116,18,9,6,9,8,2,11,10,2,0,2,26,29,25,19,0,0,1,1,20,78,33,11,12,15,116,116,12,2,0,2,35,19,86,86,54,26,3,5,3,0,4,19,49,116,49,3,1,0,2,6,17,47,116,42,24,3,20,26,10,40,54,42,1,0,17,52,116,70,22,0,1,1,37,75,116,26,2,0,0,0,0,21,116,116,116,16
26,8,2,14,4,16,18,59,80,35,1,0,0,21,65,114,6,7,4,9,11,114,114,15,17,1,1,114,73,61,67,25,61,19,1,0,0,26,86,114,107,16,3,9,5,25,50,99,8,3,6,107,36,79,70,11,81,3,4,43,10,22,47,72,61,114,56,1,0,1,9,30,93,75,17,3,0,0,2,28,13,11,13,90,11,0,3,18,6,2,14,114,16,13,14,9,51,28,10,1,1,16,11,20,68,30,16,1,1,4,2,12,11,15,13,7,2,25,47,11,2,2,11,66,12,19,77,9
0,1,3,0,2,9,98,17,5,0,0,0,11,28,52,19,20,3,0,0,0,3,11,32,5,4,0,0,4,2,3,7,57,41,0,0,0,40,140,140,140,21,0,0,0,7,84,132,49,12,0,1,7,4,9,20,11,0,0,0,13,9,8,33,87,140,24,0,0,9,22,47,140,140,2,0,0,0,3,40,39,12,6,0,5,13,10,13,22,4,3,1,20,19,2,9,30,82,19,4,27,90,72,66,140,47,0,0,0,2,30,140,24,41,20,2,2,6,3,3,1,4,8,6,33,38,0,0
125,0,0,0,2,13,26,71,30,0,0,0,4,35,93,70,21,0,0,0,8,31,47,102,12,0,0,2,19,59,28,16,130,43,5,15,20,6,2,53,55,16,8,95,130,70,59,47,130,14,4,27,45,23,32,130,69,20,12,41,58,27,11,15,130,130,35,22,7,0,0,2,27,41,30,130,80,0,0,1,130,67,24,51,12,0,0,4,21,23,24,39,8,0,0,0,4,17,6,0,0,0,0,0,0,1,0,5,0,0,0,0,0,0,0,1,0,0,0,0,0,0,0,0,0,0,0,0
6,0,0,0,1,23,19,10,5,0,0,0,0,10,2,6,0,0,0,0,0,2,0,0,0,0,0,0,0,0,0,0,65,30,8,4,31,62,24,24,54,9,0,0,87,130,21,28,130,6,0,0,8,54,27,59,16,0,0,0,0,32,26,8,15,60,68,27,54,10,0,0,40,46,50,103,130,95,3,3,130,79,28,11,27,65,23,38,22,5,0,0,41,130,106,26,4,10,7,14,23,10,0,0,1,9,52,106,56,6,0,0,9,20,33,22,111,84,1,2,28,75,5,3,130,105,3,2
118,104,0,0,0,1,2,1,148,66,0,0,0,0,0,8,55,18,0,0,1,32,26,24,0,2,2,5,23,75,10,0,106,102,0,0,0,0,0,14,148,32,1,2,0,0,0,14,36,15,3,23,36,19,9,6,13,29,10,11,8,16,3,1,69,2,0,0,0,0,13,148,148,7,1,2,0,0,1,74,63,11,9,76,24,0,0,1,19,10,18,28,5,1,0,8,50,0,0,0,0,0,23,148,148,4,0,0,0,0,1,148,81,11,17,34,1,0,0,12,0,2,37,31,6,1,0,0
20,0,0,0,1,30,88,47,23,0,0,0,0,11,63,132,4,0,0,0,15,90,32,18,20,1,1,8,18,19,25,24,21,5,2,45,132,81,61,33,132,6,0,7,23,21,48,132,59,5,1,29,111,73,20,26,132,19,1,9,19,11,15,28,16,22,25,132,132,0,0,1,132,109,27,45,20,0,0,8,66,29,30,98,53,0,0,0,71,79,23,19,7,0,0,0,0,3,6,41,9,0,0,0,19,23,8,9,0,0,0,0,5,4,4,8,0,0,0,0,1,6,3,1,0,0,0,0
71,131,63,26,11,21,7,5,131,79,78,14,4,3,1,60,131,8,6,1,0,0,0,100,30,5,27,68,10,0,0,7,54,56,92,35,0,1,3,11,67,26,44,32,17,61,30,43,131,29,6,3,2,10,7,85,76,1,0,1,2,1,2,13,13,39,60,23,0,0,0,1,34,74,131,45,4,7,2,12,131,131,63,5,0,1,0,11,35,18,0,0,0,3,4,4,9,6,10,79,3,0,0,4,39,15,9,6,0,0,0,78,30,31,5,0,0,0,2,117,1,2,0,0,0,2,8,21
18,20,6,2,2,1,90,133,7,3,6,3,1,2,32,133,2,0,9,28,9,6,3,11,0,0,36,73,3,1,0,0,47,70,34,14,45,25,44,116,133,97,20,2,11,6,31,133,57,3,0,0,4,10,39,34,0,0,0,0,2,7,17,0,47,108,47,2,3,3,6,24,73,90,24,1,1,0,87,73,14,2,1,1,1,6,133,38,0,0,0,0,0,3,104,7,7,14,133,12,0,0,7,7,2,4,133,25,0,0,17,10,0,0,103,47,3,3,40,2,0,0,21,12,1,1,18,1
1,6,18,66,105,0,0,0,21,45,66,115,16,7,20,9,124,124,26,37,16,17,36,14,109,102,11,21,19,1,0,0,19,14,9,46,119,0,0,1,88,62,119,105,10,1,3,5,88,124,124,45,5,1,6,3,41,66,1,5,11,7,4,3,21,0,0,14,124,4,1,7,124,14,13,0,5,1,0,61,55,29,28,0,0,0,6,27,1,2,0,0,21,18,12,2,7,0,0,2,99,5,1,4,98,0,0,0,4,1,1,35,32,0,0,0,0,0,1,18,0,0,0,0,14,6,1,0
0,0,0,25,61,2,0,0,4,9,5,20,36,8,14,2,36,12,5,0,2,4,17,15,12,1,0,0,29,16,1,1,5,1,1,13,55,21,15,7,16,1,0,17,153,98,57,20,153,5,0,0,20,32,64,104,22,0,0,0,50,18,0,5,86,25,0,5,59,20,23,24,72,17,0,8,153,66,2,4,153,57,0,0,50,14,2,13,24,3,0,1,58,6,0,0,48,58,10,15,50,2,0,0,35,52,36,91,153,14,0,0,133,133,30,18,15,1,0,0,5,3,5,27,29,5,1,0
18,1,0,0,15,11,14,33,31,0,0,0,154,114,38,30,154,0,0,0,35,24,26,110,28,3,1,4,81,43,9,18,52,0,0,2,36,0,0,8,75,5,2,30,154,7,0,4,154,12,2,9,61,4,0,45,37,29,30,31,62,5,0,10,61,4,0,6,17,0,0,1,26,27,53,125,154,0,0,0,154,84,57,26,14,0,0,33,59,10,4,2,1,0,1,30,37,11,1,2,3,0,0,0,9,5,14,21,37,5,2,0,16,8,16,4,8,13,5,16,46,0,0,0,0,0,0,41
4,1,0,0,0,0,1,6,0,0,0,0,0,7,5,1,0,0,0,0,0,0,2,1,0,0,0,0,0,0,0,0,25,5,0,0,10,17,14,49,17,0,0,0,73,151,73,36,151,6,0,0,7,33,46,118,21,0,0,0,16,55,14,11,43,8,0,0,62,19,0,2,93,22,0,0,151,128,6,9,151,74,0,0,36,26,5,28,41,11,7,10,101,72,8,9,29,9,0,9,75,8,0,0,77,51,36,50,151,23,0,0,151,67,9,4,13,3,0,8,13,27,36,21,29,5,0,2
65,75,7,0,0,1,26,27,75,34,1,1,21,7,10,30,5,0,0,3,78,84,36,2,27,0,0,0,2,30,87,37,22,31,21,8,0,6,123,51,123,19,1,4,38,9,40,123,13,1,10,60,123,120,35,8,1,0,65,18,12,36,123,9,19,32,67,66,3,0,4,3,123,60,8,10,19,0,0,7,30,3,32,123,123,0,0,0,0,0,123,48,6,0,0,0,6,9,9,36,38,1,0,0,123,18,4,2,5,0,0,12,28,0,4,39,67,0,0,5,0,0,28,24,9,0,0,0
2,0,0,0,0,0,48,39,85,2,0,0,5,1,9,40,24,1,0,0,114,29,2,1,24,5,0,0,21,20,10,9,10,3,20,3,0,0,121,86,121,11,2,0,13,7,27,121,38,0,0,0,121,111,8,6,18,0,0,0,17,40,40,69,14,41,121,51,9,0,15,14,121,121,45,11,23,4,2,22,22,10,26,114,121,54,4,0,1,1,83,55,18,22,35,39,6,41,66,21,18,0,0,0,57,71,26,4,20,10,0,0,4,2,16,51,57,68,8,0,0,1,53,38,32,93,34,3
5,0,0,0,0,0,0,3,49,0,0,0,0,0,0,30,24,0,0,28,38,7,6,38,0,6,52,120,52,4,1,0,147,6,0,0,0,0,0,44,147,11,0,0,0,0,0,42,84,2,0,3,13,29,29,37,0,1,5,22,62,67,7,0,147,147,26,0,0,0,0,10,147,65,8,1,0,1,1,5,55,33,14,11,8,17,18,8,3,12,7,31,127,31,3,0,16,147,115,8,3,1,0,0,100,93,36,3,3,2,1,8,31,38,27,9,12,3,0,3,3,11,7,18,112,17,0,0
17,2,0,61,113,120,69,6,159,6,3,16,30,18,14,89,79,7,19,24,8,1,3,16,5,8,21,36,25,0,0,1,29,4,0,0,4,84,134,23,159,44,0,0,2,15,43,109,151,21,6,6,2,3,18,50,10,31,44,15,1,2,3,4,9,3,0,0,0,0,1,1,143,40,0,0,0,0,29,49,98,22,1,0,0,0,47,159,28,44,24,3,0,5,6,36,0,0,0,0,0,0,0,0,0,0,0,0,0,0,1,2,36,26,0,0,0,0,2,25,16,103,27,9,9,3,0,5
3,4,4,7,7,50,15,1,33,3,7,0,0,46,79,61,24,1,11,8,10,0,4,24,0,0,4,9,18,2,0,0,9,0,0,3,27,169,24,6,169,12,0,0,2,104,53,62,120,9,0,5,11,13,8,13,0,0,0,8,11,11,9,0,67,9,0,0,14,169,28,13,169,36,0,0,0,18,10,22,96,2,0,0,5,63,33,17,12,5,0,0,0,12,28,16,96,10,4,33,32,18,1,9,169,21,0,0,2,16,9,54,43,0,0,0,17,107,35,42,63,2,0,0,0,4,10,61
31,4,3,161,139,9,1,13,161,16,6,32,21,0,0,50,34,10,33,14,1,0,0,1,0,2,17,44,37,0,0,0,17,2,0,29,103,120,121,7,161,16,3,14,36,19,16,30,85,10,22,26,12,0,1,3,5,6,15,30,40,1,0,1,47,14,0,0,0,29,109,21,161,75,0,0,0,6,26,48,87,21,8,11,4,1,12,21,5,21,50,24,5,0,1,2,9,8,0,0,0,0,0,0,90,37,0,0,0,0,18,67,64,24,3,0,0,0,11,111,8,16,19,3,0,3,5,10
11,2,0,0,0,1,8,19,3,0,0,0,59,114,7,11,29,41,43,22,69,93,1,0,2,11,94,43,4,2,0,0,15,3,1,2,10,5,4,26,26,2,0,7,138,130,4,7,138,60,15,2,32,39,3,13,30,27,74,7,0,7,2,3,16,37,51,42,24,0,0,4,32,11,6,77,138,9,0,1,138,13,1,13,37,2,4,40,32,2,1,3,17,68,23,23,0,5,66,68,13,0,0,0,8,6,21,138,126,0,0,0,100,101,43,49,21,0,1,12,10,24,87,35,18,13,4,6
11,6,3,7,17,47,97,21,25,0,0,15,95,99,38,79,96,0,0,0,4,4,26,138,8,0,0,0,0,11,79,63,23,64,21,30,32,1,2,6,40,1,4,64,138,7,1,21,138,7,0,2,28,11,7,103,17,0,0,8,21,36,45,33,0,14,3,5,30,25,56,2,32,28,3,30,138,45,15,2,138,112,4,10,29,1,0,10,12,6,7,27,10,1,0,1,1,0,0,0,2,12,100,26,67,60,1,1,39,47,61,24,90,113,6,9,4,0,0,0,0,2,10,16,10,2,0,0
34,151,42,0,0,17,16,8,147,140,3,0,0,0,3,46,46,29,20,2,0,0,0,17,7,4,37,56,5,0,0,1,19,49,17,0,8,25,34,27,151,36,2,0,0,5,20,90,84,43,15,4,6,0,0,12,21,1,5,5,1,1,1,10,25,6,4,8,24,33,17,7,151,21,3,1,1,3,6,44,116,14,27,15,12,1,0,9,11,4,17,11,7,5,0,3,5,1,31,15,5,35,75,19,151,5,10,4,0,1,24,151,103,7,16,4,1,2,4,150,0,0,11,17,17,13,4,4
0,0,0,1,81,70,1,0,15,0,0,1,73,118,65,82,28,0,0,6,12,33,55,115,16,0,0,12,18,39,91,74,0,0,0,6,103,118,78,5,45,6,4,58,118,43,22,85,118,38,21,46,18,7,4,118,55,21,52,118,17,8,7,28,18,19,8,5,38,77,62,32,38,73,83,66,54,6,10,21,118,114,49,15,2,0,0,6,14,9,16,25,0,0,0,0,8,43,25,9,16,2,0,0,11,40,16,0,0,0,0,0,0,3,5,0,0,0,0,0,0,0,0,0,0,0,0,0
75,0,0,0,6,64,81,84,61,0,0,0,0,3,41,112,18,4,0,1,3,9,27,66,1,0,0,12,37,26,13,4,128,43,3,6,36,30,7,46,84,16,3,32,75,67,96,70,122,8,1,6,19,40,74,128,39,9,1,8,23,59,42,30,109,128,52,28,14,1,0,1,42,70,30,128,114,7,1,5,128,99,21,51,23,4,1,17,37,52,26,40,16,3,0,2,2,25,8,2,0,0,0,0,1,5,3,17,5,0,0,0,7,10,2,4,0,0,0,0,0,3,2,2,0,0,0,0
26,2,0,0,3,41,23,12,7,0,0,0,1,27,11,14,2,0,0,0,0,11,3,2,0,0,0,0,0,0,0,0,31,28,32,17,40,52,15,12,40,17,7,13,113,126,27,24,126,13,1,2,17,77,35,65,25,0,0,0,0,77,64,18,7,34,67,33,27,2,0,0,10,25,63,126,126,28,1,0,115,66,54,39,64,94,17,21,28,24,1,0,65,126,94,30,13,6,1,4,10,12,3,3,0,0,13,71,71,7,0,0,0,4,30,56,126,66,0,0,14,126,53,20,85,44,0,0
15,2,0,0,0,1,20,42,4,1,1,15,37,31,11,9,0,0,0,56,119,20,7,4,35,0,0,23,122,52,36,51,35,0,0,2,13,31,122,122,33,2,0,6,30,107,53,79,74,8,0,46,111,22,26,45,72,11,7,115,122,2,0,13,122,42,18,90,48,14,15,54,122,47,26,60,28,9,3,25,92,75,20,50,33,1,1,6,18,34,37,122,90,0,0,0,20,19,11,44,6,0,0,0,21,15,7,7,0,0,0,0,2,9,4,3,0,0,0,0,0,0,1,5,0,0,0,0
5,6,0,0,20,100,7,0,14,14,0,2,4,37,39,7,116,66,3,1,0,0,5,4,89,67,3,0,0,0,0,1,14,0,0,0,4,118,50,24,108,67,0,0,0,8,10,23,118,118,0,0,0,0,0,3,101,31,0,1,1,2,4,4,35,1,4,36,23,37,33,75,118,7,0,0,0,0,1,118,118,12,0,0,0,0,0,109,104,17,3,11,2,0,0,6,8,1,18,67,16,17,26,27,40,11,26,10,0,0,0,118,118,11,2,0,0,0,0,118,118,9,4,6,0,0,0,15
1,0,0,0,2,42,15,7,18,0,0,0,0,17,18,37,7,0,0,0,1,12,3,7,0,0,0,0,1,5,3,4,14,0,0,0,136,147,25,18,147,13,0,0,36,67,38,123,87,4,0,2,60,98,19,33,26,6,0,2,50,58,21,50,30,14,6,27,147,36,0,0,147,77,7,10,58,12,0,5,88,32,39,36,68,18,0,4,20,56,44,64,67,10,1,5,6,17,38,80,70,0,0,0,135,85,42,19,6,0,0,10,80,24,14,4,0,0,0,14,9,19,18,36,12,3,0,1
3,5,12,15,48,68,77,7,89,32,5,0,0,16,40,65,110,13,0,0,10,11,3,28,4,0,0,0,21,71,34,8,2,12,56,61,58,44,19,1,62,58,34,9,1,11,94,58,97,16,1,3,37,17,43,110,7,0,9,34,110,110,44,10,0,0,110,106,13,16,4,0,11,18,110,107,6,6,22,8,110,58,21,22,17,0,7,28,26,4,39,110,74,5,1,1,0,0,31,108,21,0,1,0,2,5,18,82,71,0,0,0,93,26,6,12,9,0,0,7,27,0,3,29,40,2,0,4
0,0,0,21,110,68,21,2,2,0,4,36,66,58,55,27,31,34,45,35,23,16,18,88,52,43,6,0,0,0,7,33,0,0,0,48,110,40,1,0,28,7,11,62,110,9,6,44,110,83,93,15,2,0,0,44,14,110,51,0,0,1,4,2,0,5,11,8,44,89,9,0,9,79,103,38,55,13,0,3,82,110,50,4,5,55,43,14,12,22,9,0,0,35,109,40,9,39,32,8,3,7,2,7,0,74,42,1,17,46,1,0,0,11,9,24,103,110,32,7,46,3,0,12,17,25,56,108
12,0,0,1,1,5,41,58,6,0,0,40,95,6,8,60,1,1,5,21,82,32,62,27,3,12,7,0,0,14,115,23,12,19,12,0,0,49,115,59,115,28,8,40,41,4,31,115,14,11,111,115,86,12,7,3,2,30,69,23,61,40,30,3,9,115,115,21,0,9,18,4,115,115,41,12,2,0,1,16,36,13,19,77,101,2,0,3,1,20,37,88,92,13,1,0,6,23,50,50,9,0,0,4,21,74,19,14,1,0,5,4,6,14,2,56,37,0,5,5,1,6,27,66,22,0,0,0
61,38,23,1,1,0,0,8,43,13,10,3,9,3,2,38,45,0,0,75,133,16,5,33,133,21,10,99,133,10,3,95,99,16,0,0,2,1,0,7,43,4,5,9,18,3,0,13,121,6,7,117,85,0,0,20,89,88,133,133,86,1,0,11,43,45,6,0,0,0,0,0,20,23,22,10,0,0,0,3,130,23,6,19,11,0,0,9,13,6,25,49,71,20,1,2,5,11,1,0,0,5,30,2,5,3,1,0,0,2,58,17,51,2,0,2,5,0,31,79,16,0,0,18,111,11,1,22
52,30,51,0,0,0,0,12,29,38,65,2,0,0,0,8,57,7,0,0,16,35,19,79,20,0,0,0,82,150,56,45,113,61,6,0,0,0,0,3,29,11,15,4,13,9,0,7,113,1,0,1,112,22,3,27,118,9,0,11,150,114,10,19,46,41,4,0,0,0,0,1,28,9,4,10,14,6,0,2,122,23,1,29,90,1,0,1,65,55,64,150,150,3,0,0,4,21,7,1,0,0,1,1,13,22,15,12,0,0,0,1,74,43,3,15,17,0,0,0,5,14,45,74,43,11,1,0
6,0,2,1,73,125,67,12,109,17,1,0,11,24,91,141,68,21,4,0,0,1,17,97,6,3,4,0,10,15,11,15,27,0,0,0,161,22,0,1,161,74,7,0,43,4,1,16,81,95,58,0,0,1,10,17,3,15,22,2,3,4,9,5,27,0,0,9,161,1,0,1,161,6,0,1,46,0,3,49,89,7,8,0,0,8,66,37,0,0,2,0,1,6,45,21,7,0,0,8,76,0,0,0,123,0,0,1,15,0,0,9,26,0,0,0,0,1,4,5,0,0,0,0,0,0,5,7
136,35,0,0,0,13,111,136,136,18,1,1,1,0,2,136,15,5,7,14,13,1,2,31,63,7,20,30,0,0,0,75,123,65,0,0,0,0,3,31,136,26,0,0,0,0,0,106,62,25,12,2,0,0,1,9,37,16,11,0,0,2,17,31,8,1,0,0,0,0,0,0,136,47,0,0,0,2,0,6,54,18,1,0,1,46,24,2,1,0,0,0,0,119,97,4,0,0,0,0,0,0,0,0,2,7,0,0,0,8,0,0,1,4,0,0,1,136,46,0,0,51,17,0,0,136,91,0
133,2,2,10,17,37,8,113,110,0,0,0,3,91,64,122,69,0,0,0,0,22,30,133,12,5,0,0,0,17,25,18,96,34,40,52,3,0,3,61,87,17,2,2,0,25,77,121,133,7,0,0,0,6,14,102,65,31,1,0,0,2,3,14,16,37,38,42,0,0,0,0,69,67,34,11,0,0,2,5,133,82,7,1,0,0,0,5,80,27,1,0,0,0,0,7,15,26,19,9,0,0,2,21,40,61,24,2,0,0,0,7,133,82,6,0,0,0,0,0,24,20,4,0,0,0,0,0
0,0,0,0,0,0,0,0,11,3,0,0,0,1,14,45,111,44,0,0,0,0,6,102,31,31,9,0,0,0,0,7,0,0,0,0,4,0,0,0,22,6,3,10,57,32,23,57,134,31,1,1,2,4,11,134,104,8,1,3,16,26,8,22,0,0,0,10,30,23,0,0,35,35,13,36,95,73,35,59,134,134,7,3,1,0,3,107,80,14,2,20,23,9,2,19,0,0,0,57,51,24,23,0,21,12,85,134,66,29,29,58,134,55,56,10,0,0,2,134,67,6,1,0,0,0,1,49
19,2,0,4,26,94,26,23,119,23,0,0,0,9,9,76,128,24,1,0,0,0,0,26,11,2,7,20,24,4,1,1,10,2,3,45,84,60,13,24,105,27,2,5,1,2,4,128,128,23,3,1,0,0,0,115,34,6,15,31,3,0,0,2,15,20,47,52,42,56,14,10,125,128,24,4,0,1,4,21,128,128,2,0,0,0,2,16,36,8,1,5,1,10,13,4,1,80,89,33,3,0,0,0,37,128,60,5,4,7,5,4,68,32,1,0,0,10,41,42,4,1,0,0,0,28,87,18
0,0,16,17,21,29,11,0,20,10,33,23,8,35,22,6,138,126,13,0,0,2,2,6,33,61,10,18,2,0,0,0,0,11,51,61,35,15,4,0,71,12,76,116,12,24,28,20,138,78,14,9,0,0,3,36,29,23,8,8,12,12,3,4,3,55,117,68,1,0,0,0,23,58,138,138,0,0,0,0,138,72,105,63,1,3,0,27,31,7,1,1,51,89,5,10,3,16,42,16,2,0,0,0,9,24,34,21,1,1,5,4,5,21,50,21,23,63,7,1,2,5,2,1,58,138,21,0
14,7,9,14,1,0,4,3,2,10,79,18,3,24,10,1,9,2,111,53,1,18,31,23,5,13,131,41,3,0,0,5,4,1,0,0,0,31,131,17,17,2,1,0,2,131,131,15,131,9,1,0,0,72,94,82,47,1,3,9,8,4,10,17,12,1,4,8,4,56,131,37,73,18,10,35,20,105,88,9,131,29,1,1,0,10,37,81,57,2,0,0,0,1,31,64,95,8,8,15,3,2,2,31,23,23,32,51,1,0,0,2,92,40,10,1,0,0,9,52,100,26,0,0,0,0,6,28
3,4,33,23,6,22,10,1,132,94,20,1,0,3,3,6,80,104,7,4,0,0,0,0,1,7,17,82,11,0,0,0,22,2,23,44,10,32,31,14,132,75,4,4,0,2,7,33,89,64,12,6,4,1,0,4,1,2,5,15,6,17,10,0,12,27,132,132,2,0,0,2,132,49,87,65,0,0,0,38,108,14,3,4,22,17,3,33,0,0,0,1,48,109,38,4,7,37,54,38,0,0,0,0,24,41,109,58,2,4,0,2,24,26,12,1,24,112,6,3,1,0,1,1,99,132,23,6
0,0,0,0,0,0,0,0,0,0,0,0,0,0,0,0,0,0,0,0,0,0,0,0,0,0,0,0,0,0,0,0,6,9,24,88,3,0,0,0,86,24,12,15,4,1,11,26,36,37,15,39,22,5,20,12,115,78,6,3,0,1,0,1,5,9,57,133,11,7,5,0,68,24,66,133,13,5,86,76,107,80,74,27,14,10,133,107,133,84,8,1,4,20,5,57,0,0,0,26,18,31,48,2,19,46,59,89,10,14,26,6,44,133,133,10,0,0,5,7,52,95,46,15,38,19,1,8
11,0,0,0,28,38,23,28,0,0,10,10,123,123,1,0,0,0,6,3,7,10,0,0,0,0,0,0,0,0,0,0,23,1,4,4,68,89,11,28,82,65,75,22,120,112,3,10,13,32,54,5,3,8,2,2,0,0,0,0,0,0,0,0,6,3,89,123,86,14,1,4,123,68,55,98,70,24,6,36,31,24,80,35,22,50,10,14,0,0,4,0,0,0,0,0,0,0,46,123,25,16,6,0,12,123,123,111,11,2,10,8,3,46,123,26,3,1,4,5,0,1,16,0,0,0,0,0
0,0,0,0,0,0,0,0,2,0,0,0,0,0,0,0,1,0,0,1,3,0,0,0,3,0,0,2,2,0,0,0,40,10,9,13,6,4,31,38,137,58,5,8,4,5,14,32,73,6,0,6,43,64,10,9,20,0,0,6,17,15,10,25,36,77,85,85,5,6,58,43,137,137,49,7,12,11,25,71,59,16,4,11,93,137,33,31,38,0,0,1,7,36,40,104,98,137,29,22,4,7,11,5,34,137,48,37,22,1,0,0,4,8,26,137,129,16,2,4,36,14,28,45,11,10,6,43
1,0,0,0,0,0,0,2,103,6,0,0,0,0,0,47,58,12,0,0,1,26,6,14,0,0,0,0,2,73,46,3,17,0,0,4,2,0,0,7,128,8,0,3,2,2,1,69,82,4,0,32,55,127,40,14,3,0,0,17,23,128,106,9,9,25,39,34,7,0,0,0,128,128,44,16,3,0,0,3,75,14,1,123,103,16,4,2,5,1,2,128,128,26,18,5,10,27,28,7,1,1,21,35,19,73,25,0,0,13,64,24,9,6,0,10,40,23,104,16,0,1,10,76,128,14,10,5
2,0,1,3,6,2,126,126,20,5,89,32,13,1,56,126,4,1,126,95,28,51,6,19,3,32,93,73,17,55,35,13,17,20,38,2,0,0,32,75,126,65,23,0,0,8,31,126,48,1,0,4,115,126,16,30,22,33,7,8,65,99,38,18,2,11,11,0,0,0,0,0,77,53,16,1,10,55,49,17,31,5,5,11,42,107,89,26,13,17,12,22,58,24,13,25,0,0,0,0,0,0,0,0,0,2,9,6,10,21,5,0,20,13,14,5,6,27,53,12,3,0,0,12,45,15,31,10
8,9,16,11,0,0,4,28,29,36,20,17,6,3,8,35,57,96,24,37,22,6,5,8,5,8,24,71,71,30,5,0,7,6,79,76,6,0,1,9,45,18,41,35,56,15,18,43,123,43,11,26,11,4,9,65,23,7,123,123,34,18,13,3,15,4,10,17,22,1,0,2,13,44,87,55,82,13,0,2,123,74,31,5,15,69,123,33,19,2,14,3,1,123,123,23,3,4,1,0,1,1,0,0,2,19,30,5,23,80,0,0,3,2,7,16,68,123,93,12,50,11,8,7,11,48,96,52
0,0,0,0,0,0,0,0,12,0,0,0,0,0,0,6,21,1,4,10,0,1,0,11,0,2,6,8,0,1,3,1,7,0,0,0,0,0,0,0,138,9,0,0,0,2,3,27,91,7,0,1,0,85,68,15,0,0,1,1,0,51,138,42,27,37,34,3,0,0,0,0,138,138,21,9,18,11,4,11,41,9,0,42,138,138,93,6,0,0,0,4,20,67,138,99,18,50,50,2,0,0,8,32,52,118,27,7,15,7,62,24,5,5,0,65,138,33,25,6,0,0,4,29,94,42,56,18
0,0,0,0,0,0,2,14,3,0,3,4,15,44,20,39,0,2,23,12,34,77,12,0,0,0,10,20,14,3,0,0,38,17,42,13,0,0,3,58,131,45,57,17,11,19,14,130,20,17,131,75,37,65,17,2,0,0,10,52,25,7,6,0,16,30,131,131,0,0,0,1,131,131,131,33,49,21,1,20,30,13,11,23,131,131,41,6,0,0,0,4,4,14,16,0,0,8,78,66,1,1,1,0,1,53,90,33,60,1,2,2,0,2,2,24,95,6,0,0,0,0,0,0,0,0,0,0
