14,2,0,0,0,0,0,3,18,23,19,1,0,0,1,4,13,10,31,10,0,0,2,3,21,9,4,0,0,0,0,10,31,11,0,0,0,0,0,3,134,144,85,21,4,0,0,11,14,30,103,144,80,0,0,1,19,0,1,14,16,0,0,7,34,1,0,0,0,0,0,7,144,47,6,15,11,0,0,57,75,18,7,144,144,0,0,7,8,29,19,70,51,0,0,5,18,3,0,0,0,0,0,1,144,62,0,1,0,0,0,22,71,20,1,130,85,2,0,6,82,61,25,100,91,0,0,9
21,1,0,1,9,31,78,37,140,17,0,0,5,25,22,47,71,8,1,0,80,140,3,14,0,0,0,0,127,119,0,0,28,6,0,0,17,6,0,2,140,51,0,0,13,19,9,39,64,7,0,0,140,140,10,11,0,0,0,0,52,89,0,0,13,0,0,0,18,13,4,14,88,7,0,0,6,32,104,136,8,0,0,0,109,140,83,21,0,0,0,0,21,15,0,0,0,0,18,44,7,11,18,15,0,0,1,3,7,11,28,15,0,0,0,0,17,34,17,0,0,0,0,0,1,2,0,0
27,2,0,0,0,0,0,0,162,33,0,0,0,0,0,0,160,16,0,0,0,0,0,0,1,0,0,0,0,0,0,0,42,11,0,0,0,0,0,0,162,48,0,0,0,0,0,4,162,15,0,0,0,0,0,2,1,0,0,0,0,0,0,0,38,28,14,0,0,0,0,1,162,44,2,0,0,0,0,37,156,3,0,0,0,0,5,29,1,0,0,0,0,0,14,1,5,62,118,2,0,0,4,3,100,162,25,0,0,0,1,11,54,11,0,0,6,38,64,29,0,0,0,0,2,31,162,7
0,0,109,40,0,0,0,0,0,0,132,49,1,3,2,0,0,2,132,50,0,0,1,1,0,0,115,45,0,0,0,0,0,0,15,9,18,2,0,0,18,0,22,16,65,35,19,13,113,62,95,17,3,4,10,22,4,16,132,79,31,6,0,0,0,0,0,2,24,2,0,0,54,0,0,5,132,24,1,6,132,26,6,2,20,11,1,15,32,10,11,19,132,86,0,2,0,0,0,0,28,7,0,0,46,0,0,0,124,31,0,6,132,0,0,0,24,35,0,39,31,2,0,0,93,124,1,7
0,0,0,0,0,34,91,74,0,0,0,0,0,0,45,123,0,0,0,0,0,0,8,32,0,0,0,0,0,0,5,15,0,0,0,0,0,27,49,64,19,3,0,0,0,0,58,147,69,9,0,0,0,0,16,147,11,1,0,0,0,0,0,9,1,0,0,0,0,0,71,147,101,37,0,0,0,0,14,111,147,78,0,0,0,0,0,54,15,6,0,0,0,0,0,6,5,1,0,0,0,0,78,147,36,3,0,0,0,0,66,147,81,6,0,0,0,0,19,147,26,1,0,0,0,0,0,37
43,0,0,0,0,2,40,89,86,0,0,0,0,1,26,95,101,0,0,0,0,0,0,73,9,0,0,0,0,0,0,6,135,2,0,0,0,0,0,111,103,30,5,0,0,0,0,45,135,23,1,0,0,0,0,76,20,0,0,0,0,0,0,7,135,15,0,0,0,0,0,132,126,135,42,0,0,0,0,18,70,134,29,0,0,0,0,4,12,7,0,0,0,0,0,0,135,50,7,4,0,0,0,72,135,61,3,0,0,0,0,45,25,20,6,0,0,0,0,2,0,1,0,0,0,0,0,0
132,20,0,0,0,0,0,104,132,20,0,0,0,0,3,50,27,2,0,0,0,0,6,22,0,0,0,0,0,0,0,1,132,56,0,0,0,0,0,88,110,5,0,0,0,0,46,132,76,5,0,0,0,0,31,132,13,1,0,0,0,0,0,8,132,117,0,0,0,0,0,2,111,50,0,0,0,0,5,33,132,84,0,0,0,0,1,25,21,8,0,0,0,0,0,0,65,90,41,2,0,0,0,0,93,105,28,2,0,0,0,0,106,79,0,0,0,0,0,0,10,7,0,0,0,0,0,0
38,137,71,0,0,0,0,0,137,137,11,0,0,0,0,2,71,137,7,0,0,0,0,4,19,60,1,0,0,0,0,0,1,137,81,0,0,0,0,0,112,105,13,0,0,0,0,34,137,55,1,0,0,0,0,76,17,7,0,0,0,0,0,6,0,67,58,30,0,0,0,0,19,137,74,0,0,0,0,3,73,137,21,0,0,0,0,8,12,9,0,0,0,0,0,1,0,75,99,32,0,0,0,0,0,115,51,0,0,0,0,0,0,30,10,0,0,0,0,0,0,15,6,0,0,0,0,0
135,0,0,0,0,0,2,113,87,8,1,0,0,0,1,44,131,17,2,0,0,0,0,50,32,1,0,0,0,0,0,10,135,14,16,1,0,0,0,84,135,70,15,0,0,0,0,64,68,135,41,0,0,0,0,5,21,16,1,0,0,0,0,1,99,75,49,25,0,0,0,19,135,135,7,0,0,0,0,50,83,39,7,0,0,0,0,6,0,2,0,0,0,0,0,0,117,96,12,4,0,0,0,34,86,135,12,0,0,0,7,49,12,21,1,0,0,0,1,7,0,0,0,0,0,0,0,0
0,0,11,4,0,4,27,0,0,0,10,16,4,7,35,0,31,25,1,12,5,2,10,4,63,28,1,0,0,0,0,0,0,0,0,0,0,25,163,0,15,0,0,0,0,23,163,41,163,13,0,0,1,3,80,109,87,18,0,0,0,0,0,2,0,0,0,0,0,5,107,0,121,23,0,0,0,2,87,25,163,83,0,0,0,0,8,29,81,19,0,0,0,0,0,0,1,1,1,1,0,0,0,0,163,43,0,0,0,0,0,0,163,92,0,0,0,0,0,0,37,16,0,0,0,0,0,0
15,38,8,0,0,0,0,5,87,81,3,0,0,0,0,13,47,120,49,3,1,0,0,4,3,17,73,168,168,0,0,3,3,99,31,0,0,0,0,0,94,74,15,0,0,0,0,18,168,58,20,0,0,0,0,48,15,10,51,58,17,1,0,4,47,70,27,0,0,0,0,6,22,136,76,0,0,0,0,2,95,145,12,0,0,0,0,12,18,10,0,4,7,1,0,2,93,72,4,0,0,0,0,1,31,118,12,0,0,0,0,0,15,62,3,0,0,0,0,0,0,3,0,2,0,0,0,0
1,0,0,0,0,19,134,6,6,1,0,0,0,9,134,45,50,1,0,0,0,1,134,134,17,0,0,0,2,82,65,63,8,6,4,0,0,14,134,7,95,34,4,0,0,2,97,35,58,30,4,0,0,2,83,121,5,0,0,0,0,65,134,48,28,64,50,2,1,0,1,1,53,34,42,14,30,17,33,17,6,2,0,0,7,27,134,10,0,0,0,0,0,17,134,0,50,16,6,1,1,13,59,37,2,3,7,8,61,60,84,13,0,0,0,0,20,19,27,4,0,0,0,0,0,2,20,0
48,36,54,18,7,1,1,11,2,1,28,64,45,1,1,0,133,7,8,5,3,0,0,22,133,7,1,0,0,0,0,26,83,12,3,4,8,10,62,61,31,18,56,35,41,14,28,16,100,36,95,32,3,0,0,5,133,44,6,1,0,0,0,17,25,4,0,0,0,0,25,21,133,10,6,2,0,0,8,35,88,119,53,28,3,0,0,4,132,133,46,1,0,0,0,2,17,0,0,0,0,0,0,2,133,0,0,0,0,0,0,25,133,39,3,0,0,0,0,71,71,57,13,0,0,0,3,98
16,47,14,0,0,0,0,1,14,25,19,5,0,0,0,0,22,7,0,21,86,0,0,0,0,0,0,77,186,0,0,0,33,10,3,0,0,0,7,59,11,3,6,7,5,7,15,19,38,3,0,19,69,0,0,2,0,0,0,103,186,0,0,0,39,4,0,0,0,0,3,32,43,5,0,0,0,0,7,21,56,10,0,11,39,0,0,2,2,1,0,95,186,0,0,0,12,1,0,0,0,0,123,69,18,2,0,0,0,0,130,73,23,2,0,1,14,5,99,59,1,0,0,35,186,48,30,6
0,0,3,10,24,8,2,0,80,2,1,13,17,8,3,1,210,3,0,1,1,0,0,6,57,0,0,0,0,0,1,5,11,10,17,30,15,5,3,4,102,8,30,67,15,13,7,6,210,7,0,4,0,0,0,8,71,0,0,0,0,0,1,3,32,11,14,44,18,3,7,11,84,15,19,67,44,51,21,20,210,11,0,7,5,5,2,56,69,1,0,0,0,2,4,10,2,0,15,54,27,14,12,2,51,13,5,38,48,42,16,10,210,42,1,1,1,3,2,28,63,5,0,0,0,1,1,3
0,0,5,5,1,101,108,0,77,13,7,1,4,65,70,47,58,29,56,25,15,48,11,35,29,35,68,101,5,6,4,8,0,4,108,88,1,17,16,0,70,12,90,74,6,3,4,37,108,51,27,9,6,9,8,59,71,102,40,49,15,13,26,58,0,3,78,44,9,13,0,0,26,19,41,108,83,39,3,3,108,66,16,35,16,11,16,25,50,9,9,15,13,22,52,75,0,1,3,2,39,66,8,0,13,3,1,5,48,108,22,24,42,14,9,16,4,15,67,95,10,7,8,10,4,44,77,7
14,6,4,12,36,65,78,51,29,20,10,23,27,54,88,15,14,7,9,41,90,83,29,6,27,6,4,4,11,10,3,17,16,5,13,10,12,122,53,22,86,111,17,2,1,55,85,19,13,56,122,83,11,18,15,4,8,21,122,64,13,2,0,0,23,2,5,121,20,66,21,18,122,37,3,8,0,3,2,82,68,16,36,11,0,0,2,22,10,6,43,62,15,0,0,3,6,2,4,122,18,0,0,0,122,8,4,83,8,0,0,91,56,3,0,0,0,0,0,101,18,7,0,5,9,5,0,5
82,2,0,0,1,10,63,133,1,0,0,0,0,1,57,27,2,0,0,0,0,0,19,13,119,33,0,0,0,0,3,9,46,7,1,0,0,0,130,129,14,0,0,0,0,0,133,133,101,5,0,0,0,0,73,133,133,22,0,0,0,0,6,56,0,0,0,0,0,0,14,7,103,25,0,0,0,0,33,32,133,73,0,0,0,0,5,35,42,5,0,0,0,1,17,53,0,0,0,0,0,0,0,0,113,22,0,0,0,2,7,27,133,39,0,0,0,0,7,92,9,1,0,1,17,9,0,11
0,0,0,0,0,0,0,0,111,26,8,2,0,0,0,21,132,92,11,0,0,0,0,40,20,9,0,0,0,0,14,13,0,7,15,0,0,0,0,0,102,32,33,0,0,0,0,25,132,33,5,0,0,0,0,72,30,0,0,0,0,0,0,7,42,131,130,0,0,0,1,6,13,132,132,0,0,0,0,0,91,132,82,0,0,0,0,4,14,30,49,0,0,0,0,0,68,132,39,0,0,0,0,2,5,28,54,0,0,0,0,0,69,93,36,0,0,0,0,2,23,110,132,0,0,1,7,2
0,2,143,9,0,1,3,0,0,0,143,10,0,1,9,0,1,12,143,1,0,0,3,2,0,20,143,3,0,0,0,0,0,1,61,26,81,86,80,0,8,0,63,3,0,37,143,24,104,24,71,1,0,1,51,78,24,48,76,0,0,2,1,1,0,0,5,9,143,105,17,0,39,25,21,8,3,19,43,9,143,53,1,0,0,1,7,25,39,10,0,0,1,16,3,3,0,7,17,8,44,23,0,0,18,38,33,1,0,2,0,2,111,22,2,0,0,2,16,86,12,0,0,1,4,4,10,56
2,2,0,85,113,0,0,0,5,4,0,1,1,0,0,2,16,1,0,0,0,0,0,14,49,0,0,4,4,0,0,44,0,0,0,129,163,15,0,0,11,3,0,7,17,0,0,4,10,5,0,0,0,0,0,3,48,0,0,0,0,0,0,38,0,0,0,16,142,163,22,0,8,8,7,2,16,7,0,6,7,21,33,1,0,0,1,3,25,16,22,4,0,0,0,12,9,22,0,0,1,38,16,3,23,163,109,0,0,1,0,1,8,163,163,34,0,0,0,1,2,79,163,84,1,5,2,0
11,0,0,0,0,0,1,3,90,0,0,0,0,0,8,45,15,0,0,0,1,0,8,28,0,0,0,204,204,2,0,0,2,0,0,0,2,0,0,1,24,4,2,6,19,16,44,60,95,12,1,1,1,2,26,99,18,2,1,190,204,6,1,6,0,0,0,0,1,0,0,0,34,52,25,15,15,2,0,3,86,108,17,2,1,0,0,8,11,4,0,14,116,19,1,2,1,0,0,0,0,0,0,0,82,10,0,0,0,0,0,10,63,14,0,0,0,0,0,8,0,0,0,22,100,10,0,0
0,2,3,1,0,0,0,0,0,20,17,1,0,0,0,0,0,2,13,10,0,0,0,0,0,0,0,1,0,0,0,0,25,27,25,48,5,0,0,0,105,124,100,25,5,3,2,14,5,25,90,124,109,20,2,2,0,0,2,28,30,1,0,0,38,10,12,111,124,7,0,6,124,45,13,11,12,39,39,120,8,5,7,33,124,124,37,20,0,0,4,10,38,14,0,0,2,68,124,27,71,20,5,0,17,93,124,83,7,8,5,10,0,0,34,124,31,29,4,1,0,9,40,25,3,1,0,0
2,0,0,0,0,23,123,108,14,9,5,8,8,89,123,81,21,2,4,29,27,123,42,41,91,22,9,3,2,10,45,123,43,6,0,0,0,4,12,21,123,114,39,37,10,7,13,48,9,19,36,123,123,31,8,17,4,0,0,11,31,12,74,85,25,0,0,0,0,0,11,28,99,14,3,3,5,24,90,123,5,2,3,19,103,123,85,24,0,0,0,1,27,26,7,0,0,0,0,0,0,0,3,4,0,0,0,0,0,1,13,20,0,0,0,0,0,12,12,2,0,0,0,0,0,1,0,0
52,76,0,0,0,0,0,0,13,26,11,10,11,0,0,0,0,0,7,71,86,0,0,0,0,0,0,9,22,2,3,0,49,26,0,0,0,0,36,46,119,59,49,19,14,1,13,37,12,15,44,115,153,24,0,0,0,0,11,26,57,5,0,0,34,0,0,0,0,0,62,47,153,16,2,2,65,13,11,48,42,4,2,8,153,126,7,0,0,0,9,6,22,21,35,5,43,54,0,0,0,0,5,7,153,131,4,11,83,7,0,3,19,5,1,60,153,42,3,0,0,0,0,8,10,6,19,2
29,5,10,0,0,0,2,34,158,6,0,2,57,11,5,98,36,0,2,27,158,84,1,7,0,0,16,10,20,14,0,0,32,25,42,1,0,0,5,3,158,60,4,8,58,2,2,11,55,1,20,110,158,6,2,3,0,0,87,41,18,0,0,0,43,4,2,0,0,0,19,28,158,14,0,1,12,14,42,135,15,0,13,41,100,63,51,24,0,0,33,33,63,26,0,0,13,3,3,0,0,0,0,9,67,0,0,0,0,0,7,96,17,0,0,0,11,14,11,26,0,0,0,0,67,57,0,0
0,9,27,12,5,27,25,1,76,25,30,46,9,10,25,14,161,27,4,2,0,0,1,22,27,0,0,0,0,0,0,2,3,60,51,2,5,56,26,4,85,30,67,46,3,3,26,26,161,9,5,5,0,0,2,42,43,1,0,0,0,0,0,3,25,161,128,13,3,9,3,1,27,29,161,155,13,5,1,0,161,58,28,40,3,0,0,7,49,2,0,0,0,0,0,1,47,51,51,5,1,9,6,18,2,6,38,68,18,29,12,1,127,35,10,20,4,4,7,14,31,1,0,0,1,0,0,2
139,16,2,0,0,0,31,139,10,0,0,0,0,0,67,137,0,0,0,0,0,0,15,34,10,2,2,3,0,0,1,10,6,0,0,0,0,0,52,121,24,3,0,0,0,0,139,139,102,10,0,0,0,0,40,139,26,2,0,0,0,0,0,18,2,0,0,0,0,0,2,4,139,44,0,0,0,0,7,53,139,88,0,0,0,0,4,90,27,7,0,0,0,0,1,18,1,0,0,0,0,0,0,0,54,4,0,0,0,0,3,70,100,11,0,0,0,0,24,139,51,5,0,0,0,0,4,75
6,0,0,0,0,0,0,2,147,22,1,0,0,0,0,84,147,26,0,0,0,0,0,93,7,1,0,2,6,0,0,3,1,6,1,0,0,0,0,0,147,51,13,0,0,0,0,63,147,40,2,0,0,0,0,127,32,1,0,0,0,0,0,10,45,43,3,0,0,0,0,1,107,147,87,0,0,0,0,5,120,147,51,0,0,0,0,7,25,22,1,0,0,0,0,1,76,50,29,0,0,0,0,6,147,105,13,0,0,0,0,26,39,35,10,0,0,0,0,3,34,15,1,0,0,0,0,2
91,1,0,0,0,0,26,58,3,0,0,0,0,0,43,19,0,0,0,0,0,0,14,11,19,5,0,0,0,0,13,7,15,0,0,0,0,0,119,92,10,0,0,0,0,0,157,112,71,3,0,0,0,0,56,116,43,6,0,0,20,19,1,8,0,0,0,0,0,0,12,5,78,19,0,0,0,0,26,25,157,55,0,0,0,3,4,26,22,3,0,0,157,115,15,3,0,0,0,0,0,0,0,0,102,22,0,0,0,0,0,5,150,33,0,0,10,16,10,27,3,0,0,3,157,157,20,1
0,0,0,0,0,0,0,0,113,12,0,0,0,0,0,23,146,49,16,0,0,0,0,39,6,15,7,0,1,0,0,1,0,6,14,0,0,0,0,0,91,29,30,0,0,0,0,22,146,30,4,0,0,0,0,64,25,1,0,0,0,0,0,5,7,103,146,2,0,0,0,0,12,129,146,0,0,0,0,1,82,135,65,0,0,0,0,3,15,8,5,0,0,0,0,1,39,47,33,16,8,11,39,16,4,19,44,0,0,15,102,46,4,24,21,0,0,40,146,17,1,27,51,0,0,106,146,4
1,0,0,0,0,0,85,137,53,4,0,0,0,0,80,137,51,4,0,0,0,0,5,68,3,1,3,11,11,3,1,2,25,7,0,0,0,0,6,17,137,87,0,0,0,0,7,89,137,43,0,0,0,0,7,52,2,1,1,2,0,0,2,4,17,1,0,0,0,0,0,12,101,10,0,0,0,0,40,137,24,2,0,0,0,0,137,137,1,0,0,0,0,0,58,122,0,0,0,0,0,0,0,1,0,0,0,0,0,0,15,33,8,4,0,0,0,0,69,132,84,23,0,0,0,0,40,137
0,1,0,0,0,0,0,0,44,31,10,0,0,0,0,18,147,52,6,0,0,0,0,102,76,5,0,0,0,0,0,25,21,12,0,0,0,0,0,1,120,147,51,0,0,0,0,7,107,147,87,0,0,0,0,6,44,43,3,0,1,1,0,2,32,1,0,0,0,0,0,11,147,40,2,0,0,0,0,128,147,51,14,0,0,0,0,63,2,6,2,2,5,1,0,0,6,3,4,0,0,0,0,3,147,17,4,0,0,0,0,98,147,7,0,0,0,0,0,95,10,0,0,0,0,0,0,3
74,6,0,0,0,0,28,49,144,26,0,0,0,0,12,102,38,3,0,0,0,0,10,34,33,2,0,0,0,0,1,14,44,1,0,0,0,0,3,42,104,4,0,0,0,0,85,144,117,7,0,0,0,0,50,144,24,1,0,0,0,0,1,21,1,0,0,0,0,0,1,6,144,62,0,0,0,0,13,50,144,125,0,0,0,0,2,39,32,11,0,0,0,0,0,1,7,4,0,0,0,0,0,0,144,119,0,0,0,0,0,0,144,114,0,0,0,0,0,0,10,4,0,0,0,0,0,0
1,0,0,0,0,0,0,0,55,72,3,0,0,0,0,4,101,140,24,0,0,0,0,11,51,76,4,0,0,0,0,5,2,4,2,0,0,0,0,0,140,54,7,0,0,0,0,45,140,91,4,0,0,0,0,89,27,18,1,0,0,0,0,7,0,121,73,0,0,0,0,0,25,140,140,0,0,0,0,3,104,140,41,0,0,0,0,10,27,18,0,0,0,0,0,2,0,140,114,0,0,0,0,0,0,131,79,0,0,0,0,0,0,35,16,0,0,0,0,0,9,12,4,0,0,0,0,2
0,0,0,0,0,0,110,137,0,0,0,0,0,0,76,126,0,0,0,0,0,0,15,33,0,0,0,0,2,2,1,9,0,0,0,0,0,0,71,116,24,2,0,0,0,0,137,137,100,10,0,0,0,0,39,137,17,1,0,3,5,1,0,12,2,0,0,0,0,0,2,4,137,43,0,0,0,0,7,52,137,86,0,0,0,0,7,87,25,7,0,0,0,0,6,17,1,0,0,0,0,0,0,0,51,4,0,0,0,0,5,67,52,4,0,0,0,0,79,137,1,0,0,0,0,0,79,137
7,0,0,0,0,0,0,4,144,0,0,0,0,0,0,119,144,0,0,0,0,0,0,114,7,0,0,0,0,0,0,4,1,6,1,0,0,0,0,0,144,50,13,0,0,0,0,62,144,40,2,0,0,0,0,125,32,1,0,0,0,0,0,10,44,42,3,0,0,0,0,2,104,144,86,0,0,0,0,6,118,144,50,0,0,0,0,7,20,12,0,0,2,5,1,1,75,5,0,0,0,0,0,24,144,51,6,0,0,0,0,100,43,31,10,0,0,0,0,18,1,3,2,4,10,3,0,0
96,0,0,0,0,0,0,78,143,0,0,0,0,3,28,143,8,1,0,0,0,21,87,54,0,0,0,0,0,0,12,109,99,4,0,1,3,4,4,38,143,37,1,0,0,0,2,60,42,22,8,11,9,2,6,18,9,3,0,1,3,0,0,76,99,18,4,4,2,0,0,12,143,17,0,0,0,0,2,102,37,5,1,2,9,14,18,49,26,48,0,0,3,3,2,7,20,0,0,0,0,0,0,26,62,0,0,0,0,0,4,143,10,0,0,0,0,1,82,143,38,10,0,0,0,143,80,66
37,7,0,0,2,2,2,16,132,91,3,0,0,0,0,31,75,82,46,2,1,14,6,6,20,38,9,4,4,5,16,23,37,4,10,51,8,1,5,27,132,70,1,1,1,4,6,82,106,29,2,0,41,114,34,23,25,23,7,0,4,27,66,75,17,5,54,132,0,0,0,3,129,21,60,35,0,3,42,132,25,15,14,0,23,51,132,118,21,27,7,0,2,21,63,75,3,6,29,57,3,0,0,0,7,23,132,41,2,0,2,7,7,19,64,21,10,0,12,16,6,5,2,0,0,6,16,17
27,11,2,2,9,28,41,21,32,25,12,6,18,41,22,12,48,17,15,41,5,0,6,21,5,30,116,39,2,2,8,11,3,2,0,1,1,1,156,78,31,8,7,3,1,21,156,61,156,23,6,13,5,4,48,95,11,8,13,53,28,30,27,21,8,24,0,0,1,15,25,16,134,19,0,0,1,36,52,20,156,77,5,13,1,1,6,17,19,7,39,109,10,3,2,1,0,7,0,0,5,39,0,0,156,32,0,0,1,18,1,3,156,79,5,2,0,0,0,2,6,4,14,18,0,0,0,0
0,0,0,0,0,0,0,0,26,2,0,0,0,0,0,3,133,3,0,0,0,0,0,99,216,0,0,0,0,0,0,216,0,0,0,0,0,0,0,0,27,3,0,0,0,0,0,5,84,4,0,0,0,0,0,25,216,0,0,0,0,0,0,216,0,0,0,0,0,0,0,0,23,11,0,0,0,0,0,3,63,12,0,0,0,0,0,11,120,0,0,0,0,0,0,120,0,0,0,0,0,0,0,0,12,0,0,0,0,0,0,9,27,0,0,0,0,0,0,28,30,0,0,0,0,0,0,35
22,18,11,6,17,29,37,10,53,15,14,21,1,2,20,41,10,37,75,18,6,15,25,23,5,39,47,0,0,4,30,78,14,3,3,1,0,33,177,34,177,16,6,10,2,12,69,118,49,12,45,122,35,24,17,12,29,7,55,42,5,7,21,114,57,5,0,0,6,36,21,9,177,36,2,2,0,4,5,17,89,11,39,58,2,4,2,2,6,6,74,65,0,0,0,2,64,2,0,0,5,23,1,5,177,28,1,0,0,0,0,36,64,12,20,17,0,0,0,7,0,0,12,26,0,0,0,0
15,7,9,7,2,8,26,27,32,15,7,41,14,30,20,6,161,45,1,3,0,2,2,12,43,6,1,0,0,0,0,0,106,1,1,7,7,9,3,92,61,5,1,28,24,27,13,11,161,12,0,1,0,0,2,11,54,1,0,0,1,0,0,0,112,0,0,5,2,0,2,161,70,7,0,36,28,5,8,54,161,12,0,3,2,0,0,1,54,1,0,0,0,0,0,0,23,0,0,0,1,3,13,161,97,0,0,0,3,3,19,161,161,6,0,0,0,0,1,10,40,1,0,0,0,0,0,0
41,9,5,32,2,0,0,1,170,67,0,0,0,0,0,14,86,17,0,0,5,10,13,10,1,0,1,22,42,23,9,4,43,6,4,43,3,0,0,16,170,20,2,8,0,1,1,34,108,1,0,1,5,75,30,13,10,6,0,6,9,76,70,6,31,76,84,5,0,0,0,13,170,137,25,2,1,5,5,16,59,12,12,18,45,101,26,15,30,117,19,9,11,39,34,3,1,67,131,0,1,3,11,3,20,83,39,0,1,7,29,18,9,18,14,10,9,25,66,26,7,62,18,4,2,1,69,49
0,0,0,0,0,37,26,1,56,41,8,0,0,10,29,18,18,91,122,0,0,0,0,0,3,77,124,0,0,0,0,1,30,4,0,0,2,116,36,6,131,131,2,0,0,11,21,40,65,130,54,0,0,33,38,19,13,30,37,4,2,5,19,14,38,4,0,0,4,29,2,11,131,17,0,0,0,5,10,131,104,47,1,1,9,59,49,81,87,35,7,11,1,3,11,21,12,1,0,0,0,1,1,5,131,9,0,0,0,0,0,58,131,81,5,0,3,1,1,53,27,20,4,0,15,26,39,15
0,1,3,50,3,0,0,2,142,24,4,9,0,0,0,3,171,55,0,0,0,0,0,14,30,5,0,0,2,6,10,6,7,0,1,35,2,0,0,26,154,7,5,41,3,0,0,12,171,4,0,0,0,0,1,46,37,0,0,1,3,27,14,6,22,10,8,3,0,0,0,39,99,55,15,20,1,0,0,7,171,48,1,0,0,8,6,25,28,0,1,4,23,105,24,11,5,67,139,0,0,0,0,2,21,131,134,0,0,0,0,1,95,104,15,0,1,2,3,8,7,7,12,16,20,12,5,6
0,20,6,0,0,0,0,0,0,12,2,0,0,34,7,0,13,2,0,0,0,42,46,18,21,2,0,0,0,2,7,18,0,5,7,3,7,50,0,0,12,2,0,0,6,152,39,6,152,35,0,0,0,87,63,36,54,16,0,0,4,6,2,7,0,0,0,1,35,152,0,0,63,1,0,0,22,152,17,25,152,26,0,0,0,14,28,108,25,5,0,0,3,8,69,22,0,0,0,19,80,152,0,0,13,0,0,2,6,56,4,29,34,0,0,0,0,0,87,152,0,0,0,0,0,5,152,39
0,5,15,1,0,0,6,0,147,2,11,2,0,0,3,41,148,0,0,0,0,0,0,75,10,0,1,4,3,7,3,4,0,137,148,32,0,0,0,0,100,18,118,148,1,0,0,13,148,11,6,12,0,0,0,58,31,0,0,0,12,6,1,5,13,148,52,28,0,0,0,0,19,18,51,148,27,0,0,0,148,60,26,64,5,0,0,3,37,2,0,0,15,0,0,0,12,13,0,0,0,2,11,12,6,4,14,62,10,0,0,4,30,43,35,37,3,0,0,0,9,4,0,0,10,3,0,0
0,2,34,5,0,0,59,25,0,0,61,26,0,1,48,12,2,14,75,17,31,9,15,8,17,8,5,3,127,64,44,50,0,0,0,1,0,0,130,58,10,0,0,0,0,0,130,89,59,2,0,0,62,25,76,102,1,0,1,2,130,68,3,2,0,0,1,9,5,1,16,9,66,25,1,5,0,0,31,20,130,47,0,0,89,21,4,23,3,3,5,6,130,40,0,0,13,39,75,73,2,0,2,16,88,44,4,21,0,0,0,0,114,48,1,1,99,14,0,0,0,90,27,16,113,11,0,0
36,38,15,15,12,5,1,1,82,0,0,0,2,6,2,18,133,1,0,0,1,0,0,41,9,0,0,21,111,0,0,4,0,1,29,7,22,15,1,0,69,18,37,2,3,4,0,13,133,27,5,0,0,0,0,48,26,1,1,24,103,2,0,4,0,18,133,3,1,7,18,0,8,59,133,1,0,12,52,0,76,90,46,0,0,18,110,8,17,3,1,17,19,28,133,8,0,2,42,43,4,49,106,0,0,2,13,6,4,68,133,0,0,1,1,2,3,57,133,0,73,11,0,0,1,30,133,20
2,3,3,0,9,22,20,14,149,0,0,0,9,21,7,74,160,0,0,0,0,0,0,92,12,0,0,0,0,0,0,3,9,7,4,0,2,16,36,26,145,14,12,5,2,12,6,47,160,12,0,0,0,0,0,100,37,0,0,0,0,0,0,7,28,8,3,1,0,0,11,30,131,53,13,9,0,1,18,44,160,88,0,0,0,0,0,38,45,2,0,0,0,0,0,5,2,0,1,5,1,0,7,14,96,2,0,0,0,0,8,89,160,5,0,0,0,0,0,160,50,0,0,0,0,0,0,23
6,3,2,0,0,0,3,9,123,22,3,0,0,0,0,4,197,134,3,0,0,0,0,3,27,34,19,0,0,0,0,1,12,62,31,6,1,0,2,2,155,16,31,39,6,0,1,9,197,7,0,1,0,0,0,34,49,0,0,0,0,0,0,3,23,54,26,7,1,1,5,3,88,36,35,31,8,2,4,6,197,28,4,1,0,0,0,16,56,0,0,0,0,0,0,2,41,19,17,5,5,5,14,16,60,8,13,12,34,16,14,14,197,4,0,0,1,1,0,38,49,0,0,0,0,0,0,3
0,1,0,0,0,5,9,0,1,16,24,3,1,1,5,5,0,2,19,17,2,1,40,38,0,0,0,1,1,10,120,16,29,10,0,0,0,2,7,5,108,124,82,25,6,4,3,17,5,21,75,124,110,23,3,2,0,0,0,9,29,15,5,0,33,62,41,6,4,1,0,6,124,85,69,23,15,34,24,76,8,5,9,52,124,124,22,14,0,0,0,2,29,29,4,0,44,124,81,4,1,0,0,3,6,90,124,101,19,3,0,1,0,0,13,124,124,16,0,0,0,0,0,16,35,8,4,0
68,1,0,0,0,0,6,130,31,2,0,1,2,35,122,130,0,0,0,7,42,130,75,6,7,2,0,1,21,104,16,37,47,18,0,0,0,0,1,35,130,96,23,27,11,14,32,97,10,18,22,130,130,82,21,8,1,3,2,18,27,13,1,4,34,15,0,0,0,0,0,11,114,17,2,3,5,20,77,130,6,3,2,23,101,130,88,28,0,4,6,6,26,11,0,0,3,19,12,4,1,0,0,1,3,14,49,3,0,1,16,20,0,1,28,10,0,17,23,4,2,8,7,1,0,2,0,0
3,0,0,0,1,11,115,109,7,4,5,11,22,115,115,31,35,5,7,32,30,102,17,51,88,22,9,8,9,19,23,115,29,13,1,0,1,4,18,17,115,99,44,43,10,7,16,27,26,20,48,115,87,15,2,13,115,26,9,22,14,7,12,92,37,7,3,4,0,0,0,6,115,25,3,7,10,22,19,90,10,3,14,49,115,95,19,20,12,0,22,25,23,6,23,101,16,5,2,4,1,0,0,7,72,11,1,3,1,1,1,61,12,5,54,43,13,5,1,20,0,0,86,65,1,0,0,2
1,0,0,6,0,0,72,76,14,6,0,13,10,4,55,52,2,2,1,57,70,13,1,5,1,0,0,9,19,6,1,3,21,7,17,113,19,1,14,22,113,103,18,19,9,3,11,46,11,24,19,78,113,28,3,7,0,0,0,5,39,9,2,4,13,7,9,82,113,32,8,22,87,16,2,11,23,21,41,113,10,7,13,26,113,106,40,40,1,4,10,13,28,14,1,1,5,13,18,113,101,26,13,7,28,113,21,36,30,4,6,31,14,113,113,47,8,6,4,9,2,13,113,112,3,0,0,0
16,0,0,67,115,7,0,18,37,26,5,13,20,0,0,90,30,14,4,1,26,10,5,68,0,0,0,6,95,15,0,0,26,9,4,21,104,107,14,12,97,115,42,12,24,15,5,20,21,55,51,31,86,72,5,8,0,0,0,1,45,76,7,1,29,11,19,15,115,59,6,11,115,39,19,6,8,35,45,99,7,4,3,7,71,115,54,16,3,0,0,0,15,32,4,3,19,97,115,11,17,9,5,2,9,42,115,115,15,8,6,5,0,1,6,110,34,27,10,1,2,5,15,3,0,2,1,2
8,20,3,2,1,1,0,0,69,12,0,0,2,4,4,31,107,15,13,56,69,2,0,26,0,0,0,53,75,4,1,0,0,16,13,16,20,3,0,0,97,2,0,7,13,7,1,13,136,11,12,62,40,0,0,17,5,1,5,136,112,0,0,0,0,0,3,64,59,7,0,0,90,5,1,10,13,1,0,2,136,11,5,21,11,0,1,16,24,1,4,136,136,7,2,3,0,0,0,110,136,0,0,0,36,1,2,17,6,0,0,9,136,0,0,0,1,7,56,106,8,0,0,15,66,84,86,16
42,8,0,12,15,37,9,13,95,43,9,24,50,7,5,27,2,1,1,31,92,76,44,3,0,0,0,1,14,39,5,0,41,1,0,68,47,0,0,12,137,13,0,51,35,0,0,40,15,6,0,137,137,1,0,0,0,0,0,29,33,1,0,0,25,1,0,53,88,0,0,0,137,12,0,26,15,0,0,12,59,10,0,137,137,0,0,1,0,0,4,106,82,0,0,0,9,1,1,33,65,0,0,0,137,6,2,12,14,0,3,38,56,1,0,62,81,25,27,28,0,2,35,101,71,12,4,0
34,5,0,0,0,0,8,15,143,47,3,0,0,0,2,17,64,29,26,27,73,55,0,0,17,3,3,11,65,67,7,9,58,14,0,0,0,0,0,0,143,24,0,0,3,14,3,8,70,3,0,0,118,143,5,6,65,31,0,0,44,73,0,1,47,37,36,1,0,0,0,0,143,54,3,0,28,39,4,8,40,4,0,0,121,143,4,4,108,37,0,0,7,15,0,0,15,54,115,37,13,9,2,2,56,46,15,7,46,62,28,8,30,6,4,0,85,64,3,0,101,8,0,0,0,1,0,9
15,0,0,0,11,46,18,23,133,6,0,22,11,1,1,133,52,15,63,133,46,0,0,22,5,26,93,90,10,0,0,0,20,4,0,0,12,2,3,3,133,89,0,0,0,0,2,36,116,38,39,41,2,39,32,14,0,0,49,82,33,43,24,0,20,0,0,0,8,1,0,5,133,10,0,0,0,1,11,133,44,2,0,0,0,78,90,75,2,6,0,1,6,49,75,5,2,1,1,0,1,1,0,2,47,27,8,0,0,0,5,96,21,70,41,0,0,17,73,66,4,117,58,0,0,13,41,1
15,2,0,0,0,0,5,3,138,37,0,0,10,1,1,1,75,12,1,2,138,36,0,0,0,22,35,7,58,8,0,0,35,5,0,0,0,0,0,0,138,48,0,0,20,9,6,22,64,34,7,7,138,49,7,6,9,122,78,6,25,1,0,0,20,1,0,0,0,0,0,9,99,4,0,0,4,14,90,121,123,23,1,0,44,74,107,39,129,83,38,0,2,3,3,4,0,0,0,0,0,0,0,1,2,1,0,0,0,0,18,11,137,3,0,0,0,1,17,54,108,5,0,0,6,39,17,69
10,17,18,44,120,5,0,0,25,89,120,5,1,0,0,0,9,30,120,68,0,0,0,0,0,0,77,120,0,0,0,0,43,25,0,20,120,5,0,0,118,47,5,0,1,0,0,13,119,24,34,28,0,1,0,12,6,2,73,120,3,22,7,0,32,16,2,64,120,0,0,0,85,38,1,3,0,0,1,8,110,7,0,0,2,27,19,26,6,0,1,7,36,120,32,3,4,2,1,28,105,8,3,2,15,4,0,1,5,10,57,27,8,0,0,0,1,61,120,18,0,0,0,7,32,97,52,0
0,0,80,30,0,0,36,12,0,1,130,39,0,0,17,9,0,3,134,37,0,0,1,2,47,22,89,18,0,0,0,5,0,0,1,0,0,0,118,47,28,1,12,3,0,0,104,99,120,53,79,15,0,0,10,47,7,19,125,64,22,5,0,1,7,4,0,0,0,0,7,6,122,9,0,0,0,0,8,23,134,44,6,2,4,6,1,11,28,12,14,22,118,88,0,1,3,9,0,0,0,0,0,0,109,10,0,0,0,0,0,0,134,4,0,0,12,29,3,17,18,1,0,0,91,133,2,3
17,0,0,0,0,54,91,15,142,9,0,0,0,4,30,28,142,36,20,1,0,2,50,47,7,8,65,31,0,21,128,11,42,0,0,0,0,0,1,13,142,6,0,0,5,6,2,12,51,0,0,0,48,103,135,35,0,0,0,0,4,66,142,4,52,1,0,0,0,0,0,3,142,13,0,0,24,3,0,2,23,1,0,0,142,54,3,1,0,0,0,0,26,22,29,1,48,3,0,0,0,0,0,0,142,16,0,0,28,1,0,0,13,1,0,0,142,16,0,0,0,0,0,0,29,5,3,1
2,1,0,0,0,0,0,0,57,50,0,0,0,0,0,2,93,116,0,0,0,0,0,2,85,121,0,0,0,0,0,0,3,0,0,0,0,0,0,1,90,12,0,0,0,0,0,53,149,45,0,0,0,0,0,57,149,149,0,0,0,0,0,15,1,0,0,0,0,0,0,0,100,35,0,0,0,0,0,8,149,71,0,0,0,0,0,16,149,37,0,0,0,0,0,85,3,12,3,0,0,0,0,0,92,44,4,0,0,0,0,2,149,29,0,0,0,0,0,16,149,22,0,0,0,0,0,27
4,1,0,0,0,0,0,0,128,48,0,0,0,0,0,45,137,137,64,8,25,110,137,137,11,26,35,12,53,137,137,73,14,2,0,0,0,0,0,0,83,29,0,0,0,0,0,24,59,37,0,0,0,22,104,131,25,45,1,0,0,49,62,16,19,2,0,0,0,0,0,1,94,10,0,0,0,0,0,17,88,13,0,0,0,0,0,33,60,27,0,0,0,0,0,25,17,9,0,0,0,0,0,0,57,26,0,0,0,0,0,1,68,28,0,0,0,0,0,7,49,107,23,0,0,0,0,11
27,5,2,0,1,20,102,117,0,2,8,5,45,117,117,5,0,0,9,17,52,117,12,0,0,0,0,1,4,18,19,0,17,23,39,62,97,34,56,25,89,116,77,34,21,56,66,27,5,19,76,117,104,34,6,4,0,0,0,13,24,1,0,0,10,3,4,18,95,117,57,17,79,21,5,6,18,40,111,117,5,4,4,24,93,117,92,24,0,0,0,1,14,4,0,0,0,0,0,0,0,31,27,1,0,0,0,0,0,11,28,11,0,0,0,0,0,5,18,2,0,0,0,0,0,0,0,0
5,1,0,0,0,0,0,1,60,25,11,0,0,0,0,33,79,25,16,9,14,20,86,121,14,32,34,15,89,43,42,15,15,16,0,0,0,0,0,1,99,121,87,22,5,4,6,29,43,41,88,121,72,27,35,33,121,121,31,8,7,4,14,18,10,2,0,0,0,0,0,4,83,24,5,4,5,23,97,121,38,6,5,23,68,121,111,53,121,14,0,1,5,8,15,121,0,0,0,0,0,0,0,0,0,0,0,0,0,1,20,11,10,2,0,0,0,9,27,15,59,18,1,1,3,4,17,81
0,0,0,0,0,0,0,0,0,5,18,2,0,0,0,0,0,11,28,11,0,0,0,0,0,33,28,1,0,0,0,0,14,4,0,0,0,0,0,1,93,117,92,24,5,4,4,24,18,40,111,117,79,21,5,6,98,117,56,17,10,4,4,19,24,1,0,0,0,0,0,13,104,33,5,4,5,19,76,117,21,58,65,27,89,116,78,34,94,34,58,26,17,23,38,62,4,17,18,0,0,0,0,1,52,117,12,0,0,0,9,17,47,117,115,4,0,2,8,5,1,21,103,117,26,5,2,0
42,1,0,0,0,0,30,105,96,2,0,0,0,0,6,134,52,0,0,0,0,0,25,123,12,0,0,0,0,0,14,43,43,1,2,13,5,0,23,51,134,2,0,0,0,0,3,105,125,2,0,0,0,0,13,73,118,1,0,0,0,0,4,33,44,18,30,31,19,0,0,0,134,46,5,0,0,0,0,0,131,80,17,0,0,0,0,0,107,41,5,0,0,0,0,0,27,35,49,13,1,0,0,1,134,134,23,3,0,0,0,0,89,118,24,0,0,0,0,0,9,38,13,0,0,0,0,0
16,3,0,0,5,1,0,0,172,92,0,0,0,0,0,0,106,82,17,0,0,0,0,0,3,20,18,1,0,0,0,0,41,8,0,0,2,0,3,6,172,93,0,0,0,0,11,49,92,51,15,2,0,6,96,25,0,2,15,3,0,15,105,0,18,0,0,0,0,0,6,26,102,3,0,0,0,1,123,172,13,0,0,0,0,27,172,54,0,0,0,0,0,39,172,0,0,0,0,0,0,2,3,4,0,0,0,0,0,1,27,18,0,0,0,3,4,8,60,2,0,0,2,1,0,3,44,0
4,3,0,0,0,0,0,2,9,23,19,0,0,0,0,0,2,4,63,1,0,1,2,0,0,1,47,0,0,0,2,1,29,15,0,0,0,0,0,2,126,165,96,0,0,0,0,5,15,59,165,24,0,0,0,0,0,0,165,35,0,0,0,0,37,3,0,0,0,3,3,14,165,41,9,0,0,0,0,105,116,24,76,22,14,0,0,35,0,0,66,40,19,0,0,0,12,0,0,1,5,2,0,5,165,0,0,0,0,0,0,110,157,0,0,1,9,1,0,74,0,0,5,13,10,2,1,0
9,0,0,0,0,0,0,0,16,7,1,0,0,0,0,0,8,22,4,0,0,0,0,1,2,6,0,0,0,0,0,0,10,4,1,0,0,0,0,0,22,6,0,0,0,0,0,5,22,4,0,0,0,0,0,12,2,0,0,0,0,0,0,1,2,13,7,0,0,0,14,3,4,23,6,0,0,0,13,5,10,19,1,0,0,0,11,3,2,1,0,0,0,0,7,0,0,1,0,0,0,0,249,43,0,2,0,0,0,0,249,57,0,2,0,0,0,0,249,50,0,0,0,0,0,0,249,32
16,4,5,3,143,4,0,7,96,30,13,0,0,0,0,4,149,24,5,9,8,11,12,12,5,1,38,16,9,17,92,14,11,9,2,6,148,5,0,2,149,14,0,0,0,0,0,18,149,40,23,12,2,0,0,9,17,12,138,31,3,1,2,1,2,23,2,2,108,7,0,0,122,41,0,0,0,0,0,2,149,8,1,0,0,0,3,39,34,2,7,12,2,1,28,24,6,12,1,2,54,4,0,0,90,10,0,0,0,0,0,2,149,2,0,0,8,11,11,23,11,0,0,1,17,33,115,22
23,0,0,0,0,0,28,91,38,0,0,0,0,0,53,136,29,7,5,0,0,0,3,64,33,6,18,4,0,0,10,43,0,0,0,0,3,2,6,12,42,9,5,7,16,19,64,136,136,64,20,1,0,1,25,136,45,41,77,70,28,4,5,9,4,2,1,2,3,0,0,0,64,136,60,19,16,7,5,9,136,136,25,1,0,0,15,69,74,13,13,22,25,13,52,74,14,5,12,0,0,0,0,0,136,59,5,0,0,0,0,0,87,42,2,0,0,0,2,10,136,5,1,0,0,0,6,24
0,0,1,18,35,122,49,0,1,5,26,38,14,78,29,0,35,122,37,11,1,5,12,29,33,120,36,47,0,0,2,12,0,0,2,15,29,70,4,0,26,13,32,20,10,40,18,14,122,116,16,2,0,1,5,34,23,42,4,1,0,17,24,6,6,56,17,7,28,20,6,3,21,81,122,47,24,13,9,5,122,24,21,24,25,20,68,70,14,2,0,0,0,111,122,15,55,88,16,5,1,1,8,29,18,40,77,64,40,8,11,7,1,1,17,122,79,26,49,16,19,69,15,38,6,49,75,5
16,3,0,0,0,0,6,36,16,19,13,7,5,21,73,50,133,44,14,5,3,10,15,51,133,46,0,0,0,0,0,33,30,11,0,0,0,0,0,7,89,130,56,4,1,2,11,25,125,50,87,31,18,13,7,28,133,17,0,0,0,0,0,40,24,1,0,0,0,0,0,17,83,16,3,1,1,8,64,133,133,30,4,8,16,42,91,47,133,63,0,0,0,0,0,2,2,0,0,0,0,0,0,2,21,2,0,0,0,0,14,29,133,64,0,0,0,0,14,16,133,55,0,0,0,0,0,0
11,19,13,0,0,0,0,3,9,29,68,46,6,3,2,3,83,133,18,13,1,0,0,0,133,127,0,0,0,0,0,1,29,13,3,0,0,0,11,45,44,34,34,26,12,24,73,54,133,133,14,8,3,3,5,26,72,115,0,0,0,0,0,2,52,36,2,0,0,0,1,14,69,103,99,21,9,10,23,31,133,50,28,15,8,6,4,29,104,14,0,0,0,0,0,5,30,2,0,0,0,0,2,33,76,23,3,3,5,15,72,88,133,114,0,2,4,9,14,8,39,21,0,0,0,0,0,0
13,18,11,1,0,0,0,6,4,18,22,12,0,0,2,4,3,8,42,36,5,2,7,14,56,60,19,5,6,6,62,92,34,6,0,0,0,0,2,14,97,104,71,18,3,0,0,14,9,21,72,123,100,2,0,1,2,0,11,29,38,7,36,36,37,1,0,0,0,4,18,22,141,36,5,13,7,0,3,48,60,10,7,141,141,0,0,3,0,0,1,115,57,8,3,0,48,7,0,0,3,11,10,6,141,63,0,0,0,0,3,15,73,62,57,122,17,0,2,16,3,9,36,141,100,1,0,0
47,6,13,0,0,0,0,8,136,3,0,0,0,5,20,124,33,0,1,15,57,136,39,39,0,0,3,24,100,136,4,0,45,19,8,24,4,0,3,17,136,44,0,0,8,15,6,38,56,3,0,1,136,136,6,10,0,0,11,10,67,117,0,0,30,20,8,51,35,23,11,20,90,15,0,0,4,22,81,100,8,0,0,3,98,136,69,19,0,0,7,14,37,15,0,0,10,0,0,81,52,12,11,55,10,0,1,3,2,5,21,34,0,0,0,2,13,20,16,3,1,2,0,6,15,8,2,0
22,1,0,1,20,7,0,8,146,11,0,0,0,0,0,86,146,4,0,0,0,0,0,57,18,0,0,0,0,0,0,9,35,12,0,1,6,2,0,1,146,146,3,1,0,0,0,18,139,57,11,20,10,0,0,40,45,0,0,0,0,0,0,24,51,1,0,2,3,0,0,5,146,22,0,1,1,0,0,125,112,9,2,20,45,1,1,86,67,0,0,2,5,0,0,29,22,2,0,1,1,0,0,2,146,4,0,0,0,0,0,95,99,0,0,1,9,5,4,141,57,0,0,0,3,2,1,37
3,0,0,0,0,126,106,2,94,2,0,0,1,47,80,68,24,1,0,19,126,56,6,22,0,0,2,36,79,16,0,0,22,1,0,1,0,52,45,1,126,27,1,4,2,5,6,13,49,13,6,113,59,6,0,3,0,0,7,126,57,1,0,0,18,11,5,12,0,0,0,0,126,45,1,1,0,1,4,27,65,4,2,57,21,49,37,14,0,0,0,40,109,102,7,0,7,83,17,6,0,0,0,0,46,122,3,0,11,70,13,3,10,3,0,0,6,126,108,4,0,0,0,0,8,96,22,0
0,0,25,21,9,38,44,3,1,2,50,21,0,9,6,2,136,96,19,5,3,2,0,65,136,37,0,1,99,136,25,53,0,0,5,17,48,3,21,13,33,9,19,8,0,0,24,29,136,136,12,3,27,15,11,35,61,46,6,44,136,85,9,8,1,0,7,9,36,15,5,2,60,6,11,1,0,0,1,9,136,10,0,0,6,14,25,92,11,1,3,31,71,87,26,18,9,17,38,47,7,2,5,7,35,13,5,12,3,0,1,9,136,20,0,0,8,17,2,16,8,0,0,0,42,113,1,1
0,0,1,1,7,53,46,0,4,7,5,5,15,18,14,3,46,83,12,9,19,12,0,0,23,78,63,15,1,1,0,0,6,2,0,0,7,11,9,4,99,82,25,23,11,7,7,15,84,53,36,68,38,9,6,40,40,20,10,5,9,17,24,62,8,6,5,4,5,2,0,5,78,10,4,12,12,29,91,77,10,2,1,13,46,80,115,76,1,0,0,0,3,15,100,114,1,78,76,43,12,2,0,0,5,34,115,115,31,23,39,3,0,5,44,115,115,29,115,57,5,0,0,3,10,5,109,115
8,2,0,0,1,0,0,2,96,126,0,0,0,0,0,0,81,127,7,11,12,0,0,0,1,11,48,54,92,17,0,0,33,5,0,2,4,0,0,3,127,115,0,0,0,0,1,32,90,84,10,9,1,0,13,33,1,9,79,34,6,0,2,6,22,12,18,36,12,0,0,7,127,59,29,0,0,0,13,127,61,58,13,0,0,0,57,127,23,10,2,0,0,2,9,37,1,61,127,67,4,0,0,0,8,127,127,0,0,0,0,6,17,113,63,0,0,2,1,8,8,14,2,0,0,8,5,1
9,1,0,1,74,130,4,7,130,9,0,0,7,14,3,75,67,4,0,0,4,3,20,55,29,22,0,0,3,12,60,25,14,11,3,4,26,53,4,0,130,61,1,0,2,0,0,10,94,29,1,1,13,14,8,5,69,130,2,0,4,4,5,2,13,3,1,3,4,11,4,7,130,12,0,0,0,1,2,75,121,100,2,0,7,2,0,28,79,130,0,0,0,0,0,0,5,24,17,38,4,4,1,1,126,130,4,0,0,0,0,14,130,130,0,0,0,0,0,6,26,52,0,0,0,0,0,0
34,0,0,0,0,0,21,129,51,0,0,0,0,0,19,139,72,6,0,0,0,0,22,123,49,6,0,0,0,0,2,24,128,0,0,0,0,0,0,28,139,5,0,0,0,0,0,56,139,30,0,0,0,0,0,35,70,27,0,0,0,0,0,0,106,0,0,0,0,0,0,36,139,48,0,0,0,0,0,22,139,45,0,0,0,0,0,5,71,8,0,0,0,0,0,1,83,0,0,0,0,0,0,11,139,36,0,0,0,0,0,10,139,139,5,1,0,0,0,0,19,28,9,12,9,0,0,0
80,104,4,0,0,0,3,109,63,72,11,14,12,2,2,15,4,5,42,137,85,5,1,3,0,0,63,137,26,4,2,0,19,137,54,7,11,0,0,1,17,61,20,33,103,27,14,16,124,16,45,60,7,7,11,50,18,5,137,137,0,0,0,1,0,71,25,19,27,0,0,0,10,14,10,99,123,2,0,2,137,50,12,26,10,1,5,16,41,7,14,18,0,0,9,27,0,1,0,12,34,0,0,0,0,2,6,46,39,0,0,0,14,12,18,29,5,2,12,9,28,17,8,1,0,1,20,38
4,0,3,33,35,9,2,7,3,1,15,34,23,19,11,12,37,1,0,0,2,6,7,34,41,4,0,0,0,0,0,1,5,0,0,4,22,15,14,127,9,1,1,9,118,97,10,14,132,8,0,1,10,25,11,47,55,4,0,0,0,3,8,7,30,0,0,0,10,7,18,132,17,13,12,29,96,31,17,68,121,44,11,9,7,45,43,15,17,1,0,0,0,132,132,6,127,41,0,0,0,0,2,109,85,17,2,2,6,19,12,62,4,3,1,18,69,132,47,4,0,0,1,24,33,132,92,0
139,9,0,0,0,0,0,58,153,7,0,0,0,0,0,80,21,4,2,2,0,0,0,6,0,0,0,11,22,0,0,0,153,13,0,0,0,0,0,88,153,87,6,3,0,0,0,28,35,31,16,40,25,1,0,3,0,0,0,12,16,0,0,0,153,6,0,0,0,0,0,121,153,33,0,1,0,1,4,95,37,6,1,10,37,31,17,31,0,0,0,3,14,4,0,0,153,52,0,0,0,0,0,19,153,93,0,0,0,0,12,33,10,6,0,0,1,8,13,13,0,0,0,0,0,1,0,0
2,8,2,0,0,0,123,138,6,4,1,1,2,2,139,139,40,1,3,8,8,7,89,139,8,1,5,27,54,37,4,12,2,30,18,0,0,11,19,5,47,11,3,0,0,10,45,47,139,15,0,0,3,3,10,76,34,18,17,8,20,23,5,11,0,1,1,4,10,21,22,0,83,8,0,0,0,7,22,22,139,19,0,0,6,10,12,80,24,6,4,1,18,33,55,59,0,0,0,18,22,0,0,0,10,0,0,3,32,16,18,24,31,0,0,2,24,23,137,139,2,0,0,0,15,41,139,87
40,2,0,1,2,0,0,25,180,92,0,0,0,0,0,19,134,62,0,0,0,0,0,1,2,1,0,0,0,0,0,0,69,4,0,0,8,3,0,7,180,39,0,0,0,0,0,23,177,15,0,0,0,0,0,4,1,0,0,0,0,0,0,0,65,5,0,0,1,2,0,8,180,17,0,0,0,0,0,47,179,9,0,0,0,0,0,9,1,0,0,0,0,0,0,0,46,2,0,0,0,1,5,10,180,41,0,0,0,0,0,7,124,17,0,0,0,0,0,1,0,0,0,0,0,0,0,0
10,3,0,0,0,9,21,36,164,11,1,0,0,6,7,36,164,2,0,0,0,0,0,11,1,0,0,0,0,0,0,0,36,10,2,1,0,0,3,39,164,105,2,0,0,0,0,30,164,34,0,0,0,0,0,5,1,0,0,0,0,0,0,0,34,0,1,10,17,1,1,28,164,11,0,0,0,0,0,100,164,4,0,0,0,0,0,31,1,0,0,0,0,0,0,0,21,0,0,0,27,8,0,6,164,0,0,0,0,0,0,92,164,0,0,0,0,0,0,50,2,0,0,0,0,0,0,0
49,101,38,6,1,7,14,44,21,51,47,70,61,32,22,27,22,25,18,87,110,31,11,24,18,22,28,29,42,52,34,26,19,12,2,1,1,19,61,110,17,9,4,12,29,110,110,92,64,33,64,38,68,77,36,25,3,5,37,82,75,42,22,10,57,58,5,3,1,2,4,9,46,43,19,58,70,48,16,15,110,38,8,29,41,43,17,40,4,2,4,42,106,97,9,5,63,17,1,3,2,2,1,10,25,5,7,58,33,39,5,12,85,8,6,54,16,6,0,71,20,3,11,110,26,5,0,9
3,0,21,15,3,34,40,8,19,6,29,81,12,7,14,24,6,14,20,62,23,3,3,1,59,57,32,7,6,6,2,4,6,3,104,27,1,27,42,13,30,6,38,57,16,16,76,71,106,106,54,27,22,14,32,17,28,96,106,57,34,7,2,5,25,3,42,21,2,38,106,52,44,19,85,103,27,30,39,53,106,29,23,31,22,29,43,106,26,12,6,12,36,63,106,74,12,0,0,0,0,4,29,56,28,5,1,3,10,43,106,84,42,55,37,21,24,43,41,51,0,3,12,26,47,43,91,19
2,0,0,2,3,0,82,114,18,2,0,74,28,2,51,114,30,11,3,87,49,5,7,25,50,30,6,12,30,12,10,34,41,6,0,0,0,0,5,33,114,91,11,16,12,4,10,77,21,30,17,94,114,20,9,28,25,67,35,17,21,16,17,58,32,1,0,0,0,0,0,26,101,26,7,3,3,10,63,114,58,33,19,30,48,58,99,45,102,114,50,11,4,1,1,21,16,4,0,0,0,0,0,5,88,88,30,7,1,3,11,32,49,25,53,55,38,28,22,41,81,6,0,1,4,8,41,114
10,8,6,0,0,0,0,1,12,17,70,45,2,0,0,2,0,2,33,47,9,0,0,0,0,1,10,6,1,0,0,0,71,35,8,0,0,0,0,19,123,103,123,79,8,5,4,42,7,18,123,123,116,41,4,5,0,1,22,25,44,34,0,0,64,65,17,0,0,4,19,38,123,56,17,8,14,39,75,123,10,7,12,84,123,123,65,35,0,0,1,51,70,25,1,0,17,0,0,0,0,1,18,46,64,15,2,2,8,34,70,91,12,3,5,17,30,55,76,40,4,2,22,63,42,9,5,9
26,8,21,31,8,4,32,38,24,79,81,38,13,4,2,7,5,22,65,101,56,9,1,2,0,2,24,38,16,3,0,0,73,11,5,1,0,0,10,89,122,116,71,39,13,9,19,81,12,36,81,122,122,51,16,8,0,3,9,28,67,66,8,0,56,26,0,0,0,2,11,24,122,31,4,4,6,22,122,122,8,5,4,58,122,87,122,66,0,0,0,40,68,21,9,0,5,0,0,0,0,2,10,9,3,0,0,0,0,8,47,31,3,0,0,1,4,12,73,36,0,0,0,0,6,10,12,0
6,11,14,1,0,0,0,0,16,54,49,6,0,0,0,0,43,96,54,22,18,7,2,3,7,2,11,34,45,33,3,2,54,16,8,1,0,0,0,30,123,123,123,20,4,5,6,35,28,73,123,112,87,47,19,9,2,7,30,78,84,60,23,3,67,21,2,0,0,0,0,12,123,36,8,4,5,72,91,115,11,6,11,31,86,123,123,51,1,0,2,25,79,77,31,11,13,0,0,0,1,1,1,11,27,0,0,0,1,54,42,33,0,0,0,0,2,55,55,28,0,0,0,1,12,27,29,9
66,29,0,0,0,0,0,16,86,91,16,23,44,11,10,38,26,19,13,31,98,21,6,30,23,19,19,16,25,36,16,33,60,24,4,0,0,0,1,44,61,28,25,18,20,23,102,109,93,112,51,18,41,21,34,12,13,79,112,99,10,3,1,2,77,72,11,0,0,0,5,22,50,60,66,68,44,44,39,33,112,35,5,15,17,16,18,112,33,18,13,23,27,71,54,61,16,1,0,0,0,0,16,26,8,1,0,1,11,64,94,32,28,1,0,0,4,23,32,112,11,1,0,1,9,75,88,65
0,0,0,0,0,0,0,0,28,38,0,0,0,0,0,0,37,62,15,15,63,12,0,0,0,0,0,5,43,9,0,0,1,0,0,0,0,0,0,0,66,128,16,7,1,0,0,10,25,83,67,128,105,12,0,2,0,0,80,81,35,6,0,0,5,0,0,0,0,0,0,7,128,44,4,3,0,0,0,128,128,55,128,98,5,0,0,38,0,1,128,128,0,0,0,0,7,4,0,0,0,0,0,1,128,122,0,0,0,0,0,17,128,82,4,0,0,0,0,3,0,1,21,13,0,0,0,0
0,0,0,0,0,0,0,0,1,0,0,0,0,0,0,0,0,0,4,1,0,0,0,0,0,0,9,0,0,0,0,0,34,0,0,0,0,0,0,2,162,15,17,14,0,0,0,10,29,23,162,44,0,0,4,2,0,17,162,1,0,1,10,0,49,1,0,0,0,0,0,2,162,29,9,0,0,0,1,24,84,44,136,30,1,8,37,12,0,3,92,52,6,30,89,0,29,17,5,0,0,0,0,0,162,37,3,0,0,0,6,33,104,44,88,30,3,48,115,49,0,0,64,71,15,103,76,0
12,6,0,0,0,0,0,0,58,79,48,25,4,0,0,1,17,12,32,58,17,0,2,5,87,24,1,0,0,0,0,7,19,2,0,0,0,0,0,0,130,59,14,51,14,0,0,8,37,46,55,130,75,0,0,1,94,78,73,37,6,0,0,4,3,0,0,0,0,0,0,0,130,12,0,10,7,0,0,59,124,45,17,109,93,0,0,21,100,62,33,130,43,0,0,7,0,0,0,0,0,0,0,0,130,3,0,0,0,0,0,52,130,16,2,24,37,4,11,50,100,27,6,75,61,25,46,31
0,4,0,0,0,0,0,0,1,34,34,4,0,0,0,0,0,5,35,32,0,0,0,0,4,6,2,3,0,0,0,0,26,24,13,0,0,0,0,0,123,131,70,31,4,2,3,21,7,24,67,131,81,14,4,5,6,1,2,25,30,5,1,1,20,9,75,79,9,0,0,2,111,22,15,13,5,15,67,108,7,3,14,43,93,131,95,26,11,1,5,9,42,31,0,0,0,0,76,131,61,0,0,0,1,66,131,40,2,3,11,4,0,48,131,76,3,18,15,0,4,5,131,90,1,3,0,0
0,7,1,0,13,97,0,0,17,32,35,2,0,3,1,67,27,4,24,8,0,0,86,129,10,0,0,0,0,0,129,129,34,22,3,1,2,7,1,3,129,129,90,28,7,5,3,14,12,18,81,118,80,29,14,28,80,8,0,4,8,5,22,107,36,0,0,0,0,1,3,25,129,12,2,3,7,36,93,129,7,2,2,14,76,129,80,21,58,4,0,0,7,17,11,90,1,0,0,0,0,0,1,6,1,0,0,0,0,5,42,25,0,0,0,0,0,26,31,2,0,0,0,0,0,1,6,17
89,45,27,7,0,26,15,21,118,51,18,5,6,24,46,51,4,5,16,32,49,57,57,10,3,1,7,19,45,18,9,17,45,50,107,107,0,0,0,7,53,10,27,75,27,71,53,23,118,45,28,18,9,37,61,22,13,15,98,88,23,8,2,2,88,4,28,47,1,0,0,30,12,4,24,118,49,5,1,1,118,18,11,88,19,1,0,61,47,6,16,44,19,24,8,35,64,0,5,13,0,0,0,118,2,0,0,59,28,6,2,15,29,3,5,99,49,42,15,36,21,1,1,1,2,118,82,37
121,34,21,0,0,3,7,28,11,7,48,19,84,50,2,4,99,31,47,14,52,30,3,7,25,19,103,25,14,0,0,0,66,23,8,3,3,12,16,107,23,2,2,4,55,121,31,33,121,25,1,0,23,52,6,14,40,7,0,1,39,5,0,1,34,59,45,38,5,6,6,11,15,14,96,100,32,64,12,5,121,26,34,7,7,21,6,72,38,0,0,0,46,70,2,31,41,22,16,8,3,15,46,69,2,5,23,41,57,121,39,11,52,0,3,2,13,74,48,93,28,0,0,0,57,120,69,46
11,0,0,0,0,0,15,115,28,4,2,0,0,0,0,39,68,3,4,1,0,0,10,85,91,0,0,0,0,0,11,123,28,7,2,1,2,3,21,117,123,45,18,3,0,0,3,94,24,22,39,61,16,1,6,21,123,17,4,9,2,0,5,64,52,93,16,3,2,1,2,6,123,92,4,1,0,0,5,54,57,24,31,28,16,3,11,43,123,121,42,8,1,0,0,0,93,52,8,0,0,0,0,0,81,23,0,0,0,0,0,10,123,31,4,0,0,0,0,12,103,123,17,0,0,0,0,7
0,0,2,9,6,14,3,0,124,19,0,0,0,3,1,8,124,70,1,1,0,0,0,11,10,10,4,22,2,0,0,0,0,0,124,100,3,0,0,0,117,20,84,46,0,0,0,17,124,22,7,1,0,0,0,55,29,1,0,14,5,1,0,6,1,1,81,69,4,24,31,3,17,37,124,71,1,5,22,19,124,103,42,1,0,0,2,19,28,4,0,1,4,32,13,6,0,0,0,0,0,64,113,9,3,4,5,0,0,20,124,112,11,14,3,0,0,3,104,124,2,0,0,0,8,92,75,20
1,101,47,7,47,27,0,0,0,117,119,5,0,1,0,0,6,72,119,26,1,0,0,6,17,15,73,52,10,0,0,9,85,119,42,18,16,0,1,29,56,91,119,17,0,0,2,36,6,54,119,49,18,4,1,0,0,4,22,116,111,0,0,0,84,19,2,5,5,1,5,48,95,22,2,0,0,5,41,99,24,6,9,13,9,22,33,31,9,5,50,110,49,0,0,3,4,3,1,0,0,1,9,27,7,3,0,0,0,1,61,101,90,24,1,1,0,0,47,88,40,18,24,22,4,2,3,16
70,53,11,0,0,8,15,14,21,119,106,0,0,0,0,4,53,107,42,0,0,4,10,5,21,20,4,2,3,17,44,19,119,26,1,0,0,6,7,79,119,48,18,4,1,0,7,56,9,12,8,23,35,32,24,5,1,0,0,1,53,88,87,21,119,4,0,0,0,0,0,119,119,15,0,0,2,36,54,95,3,0,0,5,42,98,97,20,0,0,0,1,65,97,6,3,43,6,45,26,0,0,1,104,42,18,16,0,1,29,83,119,2,6,5,1,5,47,86,18,1,0,0,1,9,26,4,2
18,1,0,0,0,0,9,121,25,0,0,0,0,0,14,99,15,0,0,0,1,0,2,18,0,0,0,140,147,3,0,0,80,0,0,0,0,0,3,81,147,5,0,0,0,0,1,62,61,7,0,0,1,0,0,5,0,0,0,67,147,2,0,0,129,6,0,0,0,0,0,26,147,32,0,0,0,0,0,9,60,12,1,1,1,0,0,1,0,0,0,11,147,9,0,0,132,7,0,0,0,0,0,13,147,61,1,0,0,0,0,3,20,21,4,7,11,2,0,1,0,0,0,19,121,0,0,0
0,0,0,0,17,117,91,16,8,5,0,0,0,6,117,117,14,6,1,3,0,0,52,114,6,0,4,10,2,0,1,16,16,5,0,0,34,117,12,4,117,117,10,0,0,3,25,48,56,117,50,0,0,0,10,58,23,30,6,5,3,0,3,14,25,1,4,20,10,17,0,6,117,29,1,0,0,0,0,113,75,30,13,0,4,24,21,75,1,7,2,1,6,33,110,17,2,0,14,114,27,0,0,2,87,4,0,10,4,0,0,101,84,4,0,6,22,20,9,117,2,0,0,30,77,43,60,6
63,16,7,8,2,0,0,7,79,9,1,10,11,0,0,11,48,17,3,34,42,0,0,0,44,21,5,65,59,3,0,0,15,12,27,15,27,2,0,3,91,16,5,2,7,1,6,19,55,13,3,21,34,3,10,11,55,11,2,36,50,30,31,19,0,7,45,49,14,18,14,0,15,14,7,3,2,30,87,8,95,68,19,20,5,9,55,28,19,33,28,130,59,41,31,5,0,0,108,147,12,6,3,0,17,48,8,147,20,12,14,1,147,147,21,17,3,3,5,4,25,94,53,147,113,13,1,0
3,0,0,0,61,157,32,5,20,0,0,4,41,71,14,20,0,1,11,10,34,16,32,5,0,3,55,23,12,18,7,0,14,1,20,87,6,117,30,9,102,10,14,14,7,4,3,22,7,11,96,21,8,1,6,0,0,7,90,12,1,5,8,0,5,4,127,157,32,34,9,3,53,28,87,73,22,24,8,6,9,8,55,17,2,17,43,2,0,0,38,18,2,29,54,1,1,0,10,66,54,157,146,9,46,7,13,24,22,93,65,46,26,16,64,19,2,35,59,21,0,0,44,29,5,47,57,5
0,0,86,27,0,0,19,9,20,22,135,17,0,0,2,9,135,35,55,4,2,27,29,125,32,0,6,10,45,135,82,58,26,1,8,2,0,0,73,65,135,54,74,10,6,4,10,50,39,33,72,38,68,46,11,14,13,4,37,35,31,36,10,7,63,26,3,0,0,0,2,8,135,20,1,0,14,40,10,34,65,9,0,2,75,135,11,13,47,12,2,1,38,21,1,2,29,103,43,1,1,2,0,2,71,54,27,2,21,55,7,7,70,10,4,0,26,55,5,9,37,3,0,0,37,35,2,5
20,5,4,58,76,0,0,3,109,23,5,21,26,6,2,13,5,3,2,46,90,30,2,1,0,0,0,1,4,3,0,0,21,4,0,118,145,0,0,0,145,53,8,36,32,4,3,16,18,9,5,120,145,14,3,4,0,0,0,7,21,0,0,0,10,1,0,145,145,2,0,3,88,5,0,23,20,22,60,89,6,0,0,13,115,112,55,17,0,0,0,3,24,5,0,0,0,0,4,66,145,29,0,0,0,0,6,66,29,4,10,4,0,0,0,27,15,14,8,0,0,0,0,10,7,0,0,0
6,0,0,0,0,0,0,2,21,16,9,0,0,0,0,11,31,5,12,4,0,0,1,47,156,47,0,0,0,0,9,42,22,6,0,0,0,0,0,0,118,120,56,15,7,1,0,5,22,25,65,86,82,11,0,12,156,27,0,3,9,1,0,48,32,1,0,0,0,0,0,4,156,17,3,3,22,25,5,64,34,4,3,13,156,105,5,17,156,0,0,0,11,7,0,45,11,23,3,0,0,0,0,0,105,43,7,4,19,17,3,22,13,0,0,4,90,49,4,9,156,1,0,0,3,3,2,44
0,0,0,0,0,0,0,0,27,39,2,0,0,0,0,0,18,37,15,25,65,0,0,0,0,0,1,8,42,1,0,0,0,0,0,0,0,0,0,0,65,129,17,4,0,0,0,6,20,62,107,137,53,0,0,1,0,0,137,108,23,0,0,0,3,0,0,0,0,0,0,5,137,29,4,1,0,0,0,126,137,66,137,54,0,0,0,36,2,7,137,103,0,0,0,0,8,1,0,0,0,0,0,1,137,57,0,0,0,0,0,28,137,74,4,0,0,0,0,7,8,7,24,6,0,0,0,0
13,13,0,0,0,0,0,0,44,100,57,22,0,0,4,6,16,14,43,68,4,0,12,11,127,41,3,1,0,0,2,7,20,4,0,0,0,0,0,0,127,90,27,53,2,0,0,1,25,48,104,127,14,0,0,0,106,102,104,19,0,0,0,2,2,0,0,0,0,0,0,0,127,14,1,11,1,0,0,53,100,56,45,115,18,0,0,27,42,80,97,105,5,0,0,3,0,0,0,0,0,0,0,0,100,0,0,0,0,0,0,46,127,15,4,11,1,2,24,74,55,29,13,43,29,35,77,33
15,2,0,0,28,5,0,0,149,83,0,0,0,0,0,0,55,79,50,3,0,0,0,0,3,15,54,18,0,0,0,0,38,3,0,0,27,10,0,3,149,73,0,0,0,0,14,39,68,56,13,3,0,20,102,15,14,11,13,17,1,17,88,21,15,0,0,0,27,14,4,16,99,3,0,0,0,5,134,149,12,1,1,0,0,66,149,33,121,4,0,0,0,25,149,86,0,0,0,0,23,10,2,1,6,6,0,0,0,2,26,10,13,43,42,9,1,7,34,2,149,18,23,13,3,1,8,26
2,1,0,0,0,0,25,10,4,16,15,0,0,0,28,13,0,3,40,3,0,0,28,9,0,0,18,2,0,0,27,4,27,10,6,5,0,0,0,2,134,148,100,2,0,0,0,5,14,39,148,67,0,0,0,0,0,0,148,79,0,0,0,0,32,2,14,44,40,8,1,7,148,32,12,1,1,0,0,74,104,15,67,53,13,3,0,23,0,0,52,75,50,3,0,0,7,26,148,16,26,14,4,1,148,84,122,3,0,0,0,29,93,23,15,10,12,15,1,20,0,0,3,17,53,17,0,0
2,0,6,1,0,0,54,120,19,4,0,0,0,0,55,120,7,1,0,0,0,0,20,72,1,2,0,0,0,0,7,12,15,7,16,20,3,0,1,10,120,68,2,3,1,1,7,66,25,19,2,1,26,43,67,60,0,0,0,0,6,19,117,117,15,9,11,27,30,9,0,4,105,30,2,2,8,31,23,46,7,2,0,0,35,120,109,12,0,0,0,0,11,79,120,64,5,1,0,2,55,25,2,9,17,20,17,3,14,52,31,35,0,23,96,118,49,120,47,0,0,0,24,120,14,40,120,5
4,0,2,5,0,0,0,8,6,1,57,114,0,0,0,1,3,1,211,211,0,0,0,0,0,0,211,211,0,0,0,0,13,1,0,0,0,0,0,4,18,1,0,0,0,0,0,5,31,4,20,28,0,0,0,6,8,3,121,211,0,0,0,0,8,11,0,0,0,0,0,0,13,12,0,0,0,0,0,0,32,17,0,0,0,0,0,2,19,6,2,2,0,0,0,1,1,10,1,0,0,0,0,0,7,30,0,0,0,0,0,0,6,35,1,0,0,0,0,0,3,10,0,0,0,2,0,0
0,0,0,50,127,29,14,0,18,5,1,20,11,16,72,8,127,121,1,0,0,2,23,10,56,92,68,5,0,0,0,0,0,0,0,127,127,0,0,0,60,10,8,127,28,0,0,2,127,92,3,6,0,0,8,43,59,38,2,0,2,16,43,46,0,2,17,68,108,0,0,0,15,11,98,127,11,0,0,0,114,29,80,33,0,0,17,81,7,1,2,2,0,23,90,72,0,6,18,37,34,1,1,0,0,10,55,42,9,13,5,1,1,7,51,24,18,19,9,2,0,3,6,7,12,6,6,3
107,6,6,6,0,3,6,23,122,2,0,0,4,10,5,105,20,2,0,0,12,33,14,19,27,17,0,0,0,1,2,4,59,45,3,1,0,1,3,20,122,58,0,0,0,8,7,99,49,7,0,0,1,41,73,37,25,6,0,0,0,48,122,17,106,115,2,0,0,2,4,46,57,114,4,4,14,13,4,18,6,1,0,3,105,110,77,6,0,0,0,2,17,77,122,1,103,2,0,0,0,4,5,122,42,2,0,2,9,39,40,91,0,0,0,2,112,89,20,0,3,1,1,2,25,13,2,3
126,2,0,1,0,0,1,65,38,69,2,2,2,1,2,9,32,38,4,3,20,23,29,28,23,11,4,12,51,52,20,4,126,36,41,15,0,0,0,78,126,47,4,10,6,1,0,12,46,36,9,49,34,15,1,1,31,26,11,79,94,37,1,1,59,40,96,126,90,0,0,4,126,16,6,8,3,0,0,37,76,26,8,40,24,0,3,14,57,26,14,103,68,25,11,12,1,4,27,126,126,5,0,0,41,26,20,18,6,16,33,11,66,37,9,6,3,7,64,35,28,37,35,94,44,59,18,11
11,2,4,8,0,2,2,13,4,5,25,32,28,21,2,5,0,6,48,19,12,26,0,0,0,1,18,19,0,2,0,0,20,2,1,2,2,20,13,17,127,48,77,40,7,4,4,20,13,35,127,98,30,14,6,7,2,8,77,127,0,2,5,14,18,9,127,42,4,7,1,2,127,47,64,23,18,11,1,27,34,9,9,36,127,96,20,32,79,7,38,34,13,17,21,112,4,11,127,42,0,0,2,10,20,46,127,54,17,13,3,2,6,10,13,78,127,28,3,4,62,6,0,7,44,4,7,102
2,19,19,0,0,0,0,1,38,120,52,4,1,4,2,5,38,67,26,8,10,54,9,6,34,12,4,0,12,52,11,7,32,10,9,1,0,0,6,56,120,120,69,24,5,6,15,70,16,43,73,116,104,44,21,8,4,7,3,12,25,73,35,1,66,19,0,0,0,0,5,26,120,29,3,3,4,8,120,120,9,6,4,50,108,56,120,80,2,18,30,52,56,17,12,3,23,1,0,0,0,0,5,18,22,20,1,0,0,0,41,32,36,69,10,0,1,3,43,48,81,120,93,11,5,4,7,5
2,17,14,0,0,0,0,0,15,42,46,2,0,0,0,0,21,39,23,44,17,1,0,0,0,0,26,59,8,0,0,0,56,38,21,1,0,0,0,7,124,124,124,17,3,3,3,20,24,67,124,124,72,22,9,8,4,15,89,124,15,3,14,14,54,20,30,40,0,0,0,3,124,44,10,4,6,52,56,83,17,7,16,32,77,124,95,52,8,10,27,31,12,6,27,46,10,7,124,102,3,0,0,1,34,7,45,79,27,43,30,19,5,1,2,2,8,44,38,43,4,5,7,4,0,2,55,65
6,8,7,0,0,30,149,27,149,9,9,0,0,15,108,103,149,0,0,0,0,0,1,65,4,0,0,0,0,0,0,0,48,47,24,3,1,3,18,22,149,31,35,13,8,11,16,84,149,16,0,0,0,0,0,149,10,0,0,0,0,0,0,4,19,1,0,0,0,2,31,48,149,81,0,0,3,9,34,35,149,149,0,0,0,0,0,16,10,4,0,0,0,0,0,0,0,0,0,0,0,0,0,1,26,9,0,0,0,0,0,1,20,18,0,0,0,0,0,0,0,0,0,0,0,0,0,0
0,0,0,1,0,0,0,0,21,0,0,0,0,0,0,1,39,13,17,0,0,0,0,1,0,4,60,3,0,0,0,0,0,0,28,78,33,0,0,0,130,3,0,2,2,0,0,8,158,61,31,3,0,0,0,10,12,23,87,30,35,14,0,1,0,2,29,58,136,69,12,0,113,26,17,6,6,0,0,2,158,24,3,1,1,5,10,61,24,10,28,24,48,43,15,17,0,74,158,107,19,21,7,0,47,20,96,158,40,0,0,0,158,25,3,2,0,0,1,16,33,13,28,4,0,4,18,10
1,1,0,0,0,0,0,0,142,117,0,0,0,0,0,0,142,106,0,0,0,0,0,0,2,1,0,0,4,3,0,0,19,5,0,0,0,0,0,1,142,126,0,0,0,0,2,45,122,52,0,0,0,0,18,34,0,0,0,1,9,0,5,2,13,9,8,1,0,0,0,3,129,11,8,4,0,0,45,142,22,3,0,0,0,0,142,142,0,0,0,0,1,0,142,103,4,33,13,12,4,0,0,0,4,29,22,35,12,0,6,16,6,52,25,8,0,0,50,49,3,11,13,7,0,0,85,69
0,0,0,0,0,0,0,0,0,17,11,0,0,0,0,0,0,75,80,0,0,0,0,0,0,127,135,0,0,0,0,0,6,8,17,21,8,2,0,0,101,135,55,3,0,0,0,4,19,135,135,0,0,0,0,1,0,119,128,0,0,0,0,0,14,5,23,22,33,17,0,1,135,52,10,3,1,0,0,112,109,34,12,0,0,1,0,69,0,2,2,0,0,8,1,0,0,2,60,26,11,4,0,0,113,4,18,22,11,1,0,79,135,0,0,0,0,1,0,131,2,0,0,0,0,8,1,5
40,4,1,10,14,1,0,1,160,30,13,3,1,2,2,15,14,11,37,28,53,30,4,4,1,1,17,33,44,49,1,0,31,18,95,74,18,4,0,0,160,26,6,5,1,3,5,26,29,12,55,25,21,20,14,11,0,1,65,91,26,13,3,0,12,14,120,160,160,11,0,0,160,23,5,15,32,0,4,16,29,8,15,15,3,17,52,14,4,8,11,23,18,31,26,1,7,1,1,9,160,85,3,0,131,10,2,2,41,1,3,15,24,7,13,20,6,19,24,10,9,11,7,11,5,10,10,10
4,2,51,6,0,0,0,13,31,10,125,11,0,0,0,16,39,10,174,33,0,0,0,17,3,1,174,119,109,10,0,2,18,2,0,0,0,0,0,24,40,5,1,0,0,0,0,20,73,4,0,0,0,0,0,40,13,0,0,0,174,50,0,10,27,20,0,0,0,0,0,2,37,36,2,0,0,0,0,1,50,62,0,0,0,0,0,3,10,11,0,0,174,79,0,1,8,16,2,0,0,0,96,26,45,26,0,0,0,0,59,27,27,32,0,0,1,0,33,15,0,3,0,0,174,94,9,1
12,18,11,9,5,6,22,9,10,12,7,16,11,10,8,2,28,48,34,11,1,0,1,7,17,4,14,19,17,11,19,60,13,23,7,14,12,5,9,11,42,6,3,23,25,9,3,10,134,71,24,41,7,0,0,11,12,13,19,134,71,3,7,4,19,15,3,9,13,13,44,12,30,6,1,21,38,28,49,13,134,27,7,14,5,1,21,134,75,19,17,134,134,3,0,43,0,10,48,0,0,11,95,5,1,5,68,4,0,18,84,7,134,38,18,6,0,0,27,95,134,65,49,134,41,2,28,72
24,4,0,2,5,2,8,12,73,15,5,22,19,0,1,35,7,2,2,44,82,4,0,2,59,38,1,1,2,1,0,27,23,3,13,3,0,1,22,15,128,60,10,27,13,0,4,44,23,44,30,128,72,4,3,6,56,128,24,15,2,1,0,1,15,2,71,88,29,0,0,5,101,14,4,18,16,2,58,128,40,45,36,70,10,2,64,128,58,128,27,10,2,0,15,36,0,0,7,65,119,0,0,0,0,0,32,35,56,3,25,32,25,4,26,6,0,0,35,128,60,13,2,0,0,0,67,128
0,0,0,94,35,0,0,5,19,25,5,5,2,0,1,23,41,83,15,2,5,5,0,3,1,14,12,6,40,29,0,0,11,9,1,38,95,73,1,2,70,127,48,9,16,4,0,10,20,89,49,13,85,72,3,1,2,7,2,1,33,78,7,1,30,2,0,20,33,82,4,18,127,46,7,6,16,7,2,89,29,27,96,57,127,35,2,13,3,36,127,16,13,10,2,1,22,2,2,127,48,1,0,2,127,48,9,11,3,0,0,36,63,50,127,26,6,1,0,21,0,19,127,25,14,6,0,0
14,7,0,1,1,32,100,12,2,0,0,44,105,56,94,17,4,0,0,52,126,19,4,19,30,4,0,3,8,0,9,126,14,4,1,0,2,69,126,15,126,15,2,22,38,37,93,64,14,6,2,124,126,37,5,4,56,90,3,19,21,2,0,12,35,59,4,1,4,11,6,1,112,65,1,2,22,80,35,17,13,2,0,12,74,126,33,10,92,37,0,1,10,10,1,71,52,29,0,0,0,7,5,5,14,9,0,2,47,77,11,4,0,0,3,24,27,29,2,2,7,0,1,13,0,0,2,71
23,3,0,2,19,69,4,12,135,48,8,2,8,4,1,55,19,15,28,26,134,41,2,10,1,11,65,7,21,24,5,1,32,3,0,92,39,6,0,6,135,69,9,6,3,0,0,34,51,55,135,59,34,3,0,9,0,30,135,31,8,1,0,0,19,7,23,135,77,0,0,1,135,88,34,22,2,0,0,61,106,44,32,1,0,5,3,51,0,4,24,9,19,21,2,1,0,6,62,93,5,0,0,0,26,135,93,22,0,0,2,7,21,49,4,0,0,10,4,5,0,4,4,1,2,11,6,2
2,2,2,0,0,0,5,18,17,0,0,0,0,0,2,35,46,0,0,0,0,0,0,22,8,0,0,58,124,0,0,1,14,0,0,0,0,0,1,13,42,0,0,0,0,0,0,15,95,2,0,0,0,0,0,9,13,1,0,29,51,0,0,1,20,7,0,0,0,0,0,0,45,12,0,0,0,0,0,2,81,9,0,0,0,1,9,10,8,0,0,4,10,26,45,7,10,5,1,0,0,11,41,0,17,3,0,0,0,82,119,8,14,2,0,0,0,216,216,10,0,0,0,0,0,216,216,2
73,30,27,15,2,7,71,26,57,51,109,20,2,7,55,45,39,51,139,89,0,0,0,6,29,114,55,25,1,1,0,0,27,5,1,5,9,21,103,24,139,46,0,0,0,4,56,57,120,26,14,13,0,16,11,11,3,17,13,4,1,8,6,1,35,22,1,4,5,12,6,3,139,47,1,0,0,0,3,47,94,4,0,0,0,15,32,55,27,22,1,1,0,4,17,11,77,74,3,0,0,6,7,21,89,129,6,0,4,10,6,11,29,5,0,0,8,43,117,41,9,2,0,0,0,30,139,26
0,0,0,0,3,129,38,1,18,4,3,1,1,48,119,106,21,3,2,4,0,0,11,66,2,1,2,3,2,1,3,12,14,1,0,18,58,129,14,3,129,81,0,2,2,36,35,68,96,74,0,2,1,1,25,47,3,2,0,15,13,7,24,5,14,2,14,129,74,20,3,3,129,27,5,34,14,3,6,73,55,12,0,3,33,57,129,51,0,0,0,3,8,27,129,26,1,1,7,41,33,12,81,33,67,44,20,27,12,3,32,27,27,9,1,16,129,36,36,13,1,3,4,7,35,11,60,9
0,0,0,1,17,102,0,0,18,5,0,5,24,121,44,9,111,64,0,0,0,23,50,93,32,22,0,4,3,0,2,26,2,2,10,37,48,117,15,12,54,9,10,121,95,50,2,6,121,57,2,9,8,11,23,59,16,16,0,2,9,23,121,39,2,1,3,7,5,17,114,80,13,14,16,74,63,14,86,57,104,56,15,20,46,16,37,37,4,3,2,7,110,42,83,17,0,0,0,0,0,0,26,13,0,1,0,0,0,0,73,80,12,5,1,0,8,10,121,53,6,2,4,7,36,17,25,12
30,61,21,34,17,45,8,2,5,0,25,127,33,21,11,11,0,0,6,104,34,0,0,0,0,0,0,3,0,0,0,0,17,8,11,11,120,127,14,7,127,34,19,45,17,35,18,36,14,11,42,127,29,0,0,2,0,0,3,46,4,0,0,0,27,20,26,7,70,127,9,4,127,84,27,3,5,8,5,58,27,50,76,94,33,5,9,23,0,9,70,44,5,0,0,0,1,77,127,27,8,9,0,0,19,127,127,0,0,0,0,2,4,76,77,0,0,0,0,1,0,10,34,0,0,0,0,0
85,44,0,0,12,9,0,7,101,136,36,3,0,0,15,18,9,72,87,9,0,0,8,6,8,57,10,0,0,0,0,0,65,8,0,0,9,12,24,83,74,19,3,0,0,0,145,145,145,43,7,1,0,0,71,119,37,25,4,0,0,0,0,1,20,11,0,0,8,8,9,20,106,55,25,0,0,0,43,49,145,57,2,0,0,0,6,36,41,5,0,0,0,0,0,1,9,0,0,0,1,1,0,13,88,57,1,0,0,0,5,37,145,135,0,0,0,0,0,6,9,2,0,0,0,0,0,0
0,0,0,0,1,168,36,0,1,1,0,0,0,168,74,1,24,6,1,0,0,141,44,15,7,3,8,10,8,9,5,4,2,0,0,0,0,168,155,5,53,36,3,0,0,168,54,17,32,48,28,10,0,6,8,10,14,6,7,10,2,3,13,9,18,20,16,0,0,65,80,12,168,32,6,0,0,4,7,39,71,18,23,25,0,0,0,20,9,5,12,38,7,7,2,3,34,52,40,0,0,0,0,2,45,96,37,0,0,0,0,4,36,21,7,3,4,17,8,20,0,0,0,5,10,90,22,2
19,11,86,145,64,0,0,0,145,20,3,8,5,0,1,9,18,4,15,19,5,9,16,6,7,3,15,47,22,10,4,0,14,3,16,86,145,48,0,0,135,21,2,6,31,1,2,9,15,8,5,19,8,14,19,6,7,12,11,15,10,10,7,2,11,4,14,5,145,145,13,0,94,32,23,2,20,3,6,19,9,7,39,12,3,17,24,10,6,3,10,7,2,8,12,10,20,107,145,32,21,39,15,1,8,82,145,37,7,16,10,0,0,16,132,58,15,28,9,0,2,4,24,40,19,7,1,0
36,26,6,1,1,2,1,41,1,2,21,14,6,16,22,3,1,6,19,4,21,12,19,4,0,0,0,0,1,1,0,0,49,18,3,0,2,40,32,136,10,0,1,1,11,136,136,51,77,2,0,0,6,24,103,136,4,0,0,0,0,0,0,4,26,41,8,1,19,136,62,35,95,42,1,0,9,136,69,20,136,95,0,0,0,10,12,45,7,1,0,0,0,0,0,1,9,35,44,3,9,56,46,10,85,108,95,3,6,19,1,0,136,82,2,0,0,0,0,0,1,0,0,0,0,0,0,0
0,0,0,48,114,71,0,0,94,11,1,25,44,43,5,48,137,43,48,31,44,3,0,43,1,50,137,28,26,5,0,0,0,0,16,137,42,2,0,0,99,15,30,137,31,1,0,16,137,79,43,11,0,0,0,67,32,35,86,13,10,5,1,11,0,0,1,35,3,0,0,0,9,28,117,137,10,0,0,1,96,137,86,15,0,0,2,20,20,14,0,0,4,26,12,9,0,0,0,0,0,0,0,0,0,1,6,1,0,0,0,0,5,7,7,0,0,0,3,12,3,1,0,23,57,53,11,8
0,1,177,51,0,0,0,0,0,2,177,32,0,0,0,0,0,2,177,27,0,0,0,0,0,0,177,155,41,0,0,0,1,0,20,1,0,0,0,4,7,3,41,0,0,0,0,5,13,4,53,2,1,0,0,3,1,0,25,53,177,2,0,0,2,1,0,0,0,0,0,1,13,4,0,0,0,0,0,1,19,7,0,0,3,0,0,0,1,0,0,2,177,13,0,0,1,2,0,0,0,0,18,4,7,6,0,0,0,0,23,4,8,4,0,0,2,1,33,4,0,0,0,1,170,30,12,0
19,24,5,0,0,0,0,0,140,104,5,1,0,0,0,4,140,108,0,0,0,1,0,0,2,2,2,2,2,7,0,0,30,27,19,8,15,10,4,5,140,95,0,0,4,4,6,51,104,46,0,0,2,2,18,33,0,0,0,0,8,6,3,1,11,4,4,3,14,39,20,12,100,4,0,0,3,7,69,140,16,1,0,0,0,0,140,140,0,0,0,0,2,1,140,113,0,0,0,0,0,1,1,0,0,0,0,0,0,0,13,18,0,0,0,0,0,0,75,72,0,0,0,0,0,0,119,123
11,14,12,7,2,3,12,20,2,22,30,27,9,15,16,7,1,58,84,12,3,1,2,3,0,94,108,4,0,0,0,0,15,4,0,0,0,1,16,15,129,147,53,0,1,8,17,12,20,147,147,0,0,0,1,2,0,94,147,0,0,0,0,0,26,1,0,0,0,0,0,5,147,41,3,0,0,0,0,102,115,32,18,0,0,2,3,41,0,2,6,0,0,2,11,0,7,0,0,0,0,0,0,1,147,0,0,0,0,0,0,93,147,0,0,0,0,2,1,70,0,0,0,0,0,4,4,0
0,0,0,0,0,0,0,0,143,96,0,0,0,0,0,0,143,107,4,1,0,1,0,0,2,2,19,14,4,4,0,0,11,1,0,0,0,0,0,0,143,112,0,0,0,0,2,41,143,56,0,0,3,1,23,40,0,0,0,0,9,4,10,2,13,2,5,0,0,0,0,3,143,13,11,2,0,0,40,143,29,4,1,0,0,0,143,143,0,0,0,0,1,1,143,96,3,9,16,2,0,0,0,1,6,33,62,15,0,0,5,21,8,30,24,5,2,0,41,51,3,3,1,0,1,2,82,56
0,0,0,0,0,0,0,0,0,14,6,0,0,0,0,0,0,113,63,0,0,0,0,0,0,140,104,7,0,0,0,0,8,10,4,12,1,0,0,0,104,140,38,1,0,0,0,6,24,140,140,0,0,0,0,3,0,121,73,4,1,1,2,0,17,8,25,59,16,0,0,2,140,59,14,9,1,0,0,127,113,40,7,0,0,3,1,120,0,2,1,0,0,9,5,2,9,1,23,25,5,3,1,12,70,8,17,16,4,1,0,65,123,0,0,0,0,0,0,140,11,0,0,0,0,3,1,25
2,1,0,1,11,10,31,8,33,64,14,0,3,15,52,20,17,110,126,4,3,22,8,1,70,115,19,0,0,0,0,0,19,4,0,1,31,14,0,3,126,126,7,0,3,2,6,35,49,126,93,0,0,0,21,40,16,85,24,0,0,0,0,5,10,0,0,0,46,27,4,14,85,7,0,0,2,5,80,126,126,11,1,0,0,0,116,126,114,11,0,0,0,0,0,34,1,0,0,0,39,26,2,2,46,7,0,0,3,4,11,35,126,32,0,0,0,0,7,38,114,7,0,0,0,0,0,7
3,5,0,0,0,18,26,0,1,14,10,0,0,20,30,0,13,18,47,2,0,9,14,20,55,8,19,7,0,0,17,72,25,10,0,0,0,21,44,7,111,128,57,0,0,3,9,15,17,85,128,73,2,0,0,3,4,4,63,128,19,3,21,22,30,64,26,0,0,0,2,3,128,128,32,0,0,0,0,62,95,78,61,71,2,0,0,21,0,9,122,122,5,0,0,0,4,124,109,0,0,0,0,0,23,128,88,0,0,0,0,0,15,86,33,5,0,0,0,0,0,0,14,6,0,0,0,0
20,1,2,6,5,7,3,6,125,11,7,7,5,2,2,17,144,1,0,0,0,0,0,55,8,0,0,0,0,3,4,4,13,19,65,17,4,3,3,5,99,9,19,24,4,1,4,23,144,10,0,0,0,0,0,64,25,0,0,0,0,2,0,6,0,14,69,32,24,81,26,1,54,64,19,27,14,18,18,27,144,75,2,0,0,0,5,52,37,2,4,1,0,0,0,4,0,11,144,115,31,32,12,1,18,8,35,48,130,66,80,86,144,4,0,0,5,9,48,144,61,3,6,0,0,0,0,20
217,36,0,0,0,0,0,3,77,3,1,0,0,0,14,10,0,0,3,0,0,0,23,8,0,0,1,5,98,11,8,2,217,71,0,0,0,0,0,2,76,3,0,0,0,2,11,6,0,0,0,0,0,1,19,6,0,0,0,4,78,16,7,3,217,79,0,0,0,0,0,3,50,4,0,0,0,2,2,1,0,0,0,0,0,1,3,2,0,0,0,0,95,26,1,1,217,7,0,0,0,0,0,28,36,2,2,1,0,0,0,0,0,4,2,1,0,0,0,0,0,1,0,2,126,7,0,0
0,10,207,14,0,0,0,0,0,1,207,99,0,0,0,0,0,1,207,114,0,0,0,0,0,1,207,70,0,0,0,0,0,0,24,3,3,2,0,0,2,0,43,5,0,0,0,2,10,5,79,7,0,0,0,2,12,9,98,8,1,0,0,0,0,0,0,4,2,1,1,0,3,3,0,0,0,0,0,1,18,7,0,0,0,0,0,1,21,9,0,0,3,0,0,0,0,0,0,0,0,1,137,17,1,1,0,0,0,0,90,34,8,3,0,0,0,2,73,18,8,3,0,0,2,4,76,13
2,5,8,2,2,12,20,4,25,30,1,0,0,2,28,19,122,117,5,0,0,0,3,34,58,49,65,17,0,0,0,3,12,0,4,40,56,49,39,13,122,94,0,1,1,8,32,50,122,122,0,0,0,11,60,59,41,6,1,0,4,11,80,102,13,6,29,122,81,6,2,3,122,38,51,37,2,5,23,77,29,18,1,1,0,55,122,59,37,24,0,0,2,16,118,111,0,0,21,100,29,0,0,0,6,12,54,47,30,11,2,3,15,33,4,5,3,8,15,9,20,29,0,0,1,37,35,8
0,64,56,3,0,0,0,0,22,130,32,1,0,0,5,18,64,45,1,0,0,0,1,21,0,0,0,0,0,0,0,0,78,117,64,30,4,0,1,20,52,70,47,131,23,8,48,91,131,33,5,9,1,0,16,131,0,0,0,0,0,0,0,0,68,131,39,20,0,0,0,10,25,91,131,131,7,0,0,4,98,131,82,36,1,0,0,9,0,0,0,0,0,0,0,0,68,75,6,1,0,2,9,90,8,13,39,29,3,38,37,12,0,14,26,6,6,13,30,10,0,0,0,0,0,0,0,0
0,0,0,0,0,0,0,0,0,0,0,0,0,0,3,0,2,2,3,3,1,0,12,10,1,2,29,94,61,18,1,1,0,0,0,0,4,13,0,0,9,1,0,1,39,125,73,13,125,13,1,1,3,38,118,125,41,4,29,43,8,9,8,29,0,0,0,0,13,57,54,4,39,17,4,34,125,125,79,20,125,44,3,10,15,33,83,90,29,1,0,0,4,39,125,61,0,0,0,0,0,1,22,6,8,4,0,4,9,8,111,99,27,7,0,2,12,69,109,80,0,0,0,2,15,40,125,49
78,29,7,3,0,0,63,62,34,9,0,0,2,39,113,119,35,3,0,0,14,119,91,54,55,2,0,0,0,6,20,34,14,17,6,7,14,8,23,18,38,16,0,0,4,57,93,39,107,119,8,1,19,78,35,18,118,108,1,0,0,0,0,10,1,0,0,18,37,5,14,7,25,1,0,8,19,19,23,14,119,54,0,1,5,3,66,119,61,41,0,0,0,0,84,119,1,0,0,23,73,4,3,6,3,0,0,9,29,3,5,16,7,0,0,6,37,8,69,64,79,0,0,0,0,0,53,119
37,33,22,10,9,2,0,15,102,75,105,10,0,0,0,22,9,49,127,27,3,0,0,0,2,19,82,65,61,1,0,0,39,30,35,6,0,0,0,26,127,85,12,0,0,0,7,43,61,44,44,26,16,1,21,37,1,7,46,127,83,0,2,2,27,22,18,3,0,1,25,86,63,30,7,3,0,1,127,127,61,15,0,2,1,0,94,127,7,0,10,21,4,0,6,27,7,44,122,37,0,0,5,5,9,92,123,25,0,1,25,16,43,69,13,0,0,0,4,25,4,0,0,0,0,0,0,3
36,30,12,22,1,0,1,4,23,42,31,33,14,0,0,0,9,114,60,30,9,0,0,0,1,20,47,122,42,0,0,0,53,17,10,62,66,2,1,25,122,99,82,16,1,0,0,37,18,122,122,43,6,0,0,1,0,10,31,122,108,0,0,0,20,10,64,122,33,0,0,9,122,96,46,14,0,0,0,39,94,34,19,14,20,38,1,13,0,0,4,80,93,120,7,0,0,2,15,14,0,0,0,0,23,47,19,3,0,0,0,0,19,10,0,9,40,25,0,2,0,5,30,49,62,72,5,0
0,12,42,120,71,18,3,0,3,3,14,48,21,26,14,6,72,70,4,4,2,2,3,19,53,31,0,0,0,0,0,0,0,0,9,110,91,128,37,0,15,3,11,66,122,128,32,26,128,24,0,0,10,27,20,101,65,15,3,1,0,0,0,3,0,0,0,5,42,128,58,1,21,25,33,44,60,115,19,3,128,66,16,5,5,7,20,68,42,4,1,0,0,0,79,51,0,0,0,2,12,30,57,5,3,4,14,12,4,10,20,19,14,5,6,1,3,25,61,47,0,0,0,0,0,0,128,44
3,1,16,88,57,47,14,9,120,53,2,4,10,15,14,68,74,35,2,0,0,0,0,3,0,0,1,1,29,9,0,0,10,9,13,45,106,141,43,9,141,56,10,6,26,45,18,92,113,15,4,2,0,0,25,27,0,0,3,4,77,29,12,1,4,11,28,35,25,33,22,10,115,44,25,9,5,17,68,98,23,1,0,0,0,1,141,115,0,0,0,0,36,91,141,20,0,0,1,0,0,7,21,19,0,0,0,0,2,39,42,9,0,0,0,0,0,3,116,21,2,0,0,1,1,15,80,20
9,0,0,0,0,0,0,0,160,38,0,0,0,0,0,4,125,19,0,0,8,1,0,0,0,0,0,4,140,43,0,0,24,3,0,0,0,0,0,0,160,48,0,0,0,0,8,29,115,19,2,2,18,9,56,26,0,0,0,1,160,86,15,1,15,3,0,0,0,0,0,0,149,11,0,0,0,0,73,94,18,0,0,0,2,20,160,72,1,0,0,0,49,160,135,8,0,0,0,0,0,0,0,0,0,0,0,0,0,0,2,1,0,0,0,0,0,0,16,1,0,0,0,0,0,6,11,0
1,0,0,0,0,0,0,0,22,8,0,0,0,0,0,10,2,3,0,0,0,0,0,1,0,0,0,0,0,0,0,0,61,12,0,0,0,0,1,8,131,131,3,0,0,6,10,51,24,70,5,0,0,55,21,12,0,0,0,0,0,1,0,0,52,54,82,103,7,1,3,25,131,20,20,29,2,18,116,131,60,9,0,0,0,131,131,80,44,2,0,0,0,5,16,33,13,30,51,117,8,0,0,19,7,3,22,131,46,7,25,21,27,0,0,12,18,26,85,79,24,0,0,0,3,4,124,131
0,0,0,0,0,0,0,0,50,122,52,5,1,0,0,0,22,84,127,118,39,0,0,0,41,127,27,17,5,0,0,7,4,0,0,0,0,0,0,0,127,81,5,2,10,10,7,22,86,44,14,49,127,102,14,29,127,82,10,8,19,14,13,127,5,0,0,0,0,0,0,1,118,2,0,0,2,22,41,74,22,0,0,0,39,127,73,40,127,4,0,0,3,19,13,117,0,0,0,0,0,0,0,0,0,0,0,0,0,0,0,0,0,0,0,0,0,3,1,0,10,0,0,0,0,0,0,7
0,0,0,0,0,0,0,0,0,4,5,0,0,0,0,0,24,22,10,0,0,0,0,0,48,56,0,0,0,0,0,0,5,6,0,0,0,0,0,0,90,123,85,15,0,0,0,3,114,96,123,121,15,0,2,20,123,99,3,4,2,0,61,121,4,1,0,0,0,0,0,0,123,42,10,9,3,0,1,91,77,14,19,109,123,30,13,60,35,0,0,10,62,26,66,123,0,0,0,0,0,0,0,0,52,0,0,0,0,0,10,94,27,0,0,2,62,84,52,84,1,0,0,0,36,42,12,32
