0,28,47,0,0,6,16,0,0,30,51,0,0,12,23,0,1,20,33,2,0,3,25,11,2,9,11,4,0,0,0,2,0,6,10,0,0,95,66,0,11,2,2,0,0,141,141,18,129,7,0,0,0,23,101,98,30,8,1,0,0,0,0,8,0,0,0,0,0,141,141,0,111,13,0,0,0,119,123,23,141,63,0,0,0,3,13,23,37,11,0,0,0,0,0,0,1,5,11,1,0,34,24,1,141,27,3,0,0,1,4,15,141,32,0,0,0,0,0,70,19,2,0,0,1,2,0,13
1,1,14,17,22,4,0,0,138,5,5,4,1,0,0,41,138,1,0,0,0,0,0,65,11,1,0,2,50,2,0,1,0,18,138,138,1,0,0,0,112,23,122,110,0,0,0,15,138,22,13,3,1,0,0,63,32,1,0,1,69,2,0,5,0,9,105,90,0,0,0,0,12,18,138,138,0,0,0,0,127,100,95,24,1,0,0,4,27,10,0,1,72,3,0,0,0,0,1,3,0,0,0,4,0,0,18,22,1,0,0,0,1,12,24,9,5,3,0,0,3,7,1,4,37,8,0,0
18,0,0,20,140,2,0,2,142,0,0,1,16,0,0,34,110,0,0,0,0,0,0,65,29,0,0,0,0,0,0,31,18,0,0,1,142,24,1,6,142,2,0,0,25,4,0,21,142,16,0,0,0,0,0,17,54,3,0,0,0,0,1,25,20,0,0,3,142,13,0,4,142,1,0,0,28,3,0,19,142,6,0,0,0,0,0,2,58,8,0,0,0,0,0,1,12,0,0,0,105,83,7,11,142,0,0,0,13,14,0,65,142,0,0,0,0,0,0,33,55,4,0,0,0,0,0,7
7,0,0,0,125,35,0,1,142,20,0,0,25,8,0,2,142,36,0,0,0,0,0,0,52,13,0,0,0,0,0,4,16,0,0,0,142,61,0,4,142,23,0,0,19,10,0,9,142,27,0,0,0,0,0,0,59,16,0,0,0,0,0,0,32,0,0,0,54,142,16,12,142,4,0,0,3,11,2,39,142,4,0,0,0,0,0,21,72,10,0,0,0,0,0,3,58,29,0,0,1,55,21,5,142,53,0,0,0,0,0,8,142,7,0,0,0,0,0,22,56,0,0,0,0,0,0,14
0,0,0,0,0,0,0,0,12,0,0,0,0,0,0,4,17,4,0,0,0,0,0,3,4,3,0,0,0,0,0,0,20,24,33,49,0,0,0,0,159,89,25,10,0,0,0,45,159,17,0,0,0,3,2,20,1,3,0,0,0,4,10,2,9,32,75,159,24,0,0,0,159,150,67,52,4,0,0,65,129,5,0,0,0,4,20,144,1,0,0,0,0,4,15,22,0,0,2,105,45,0,1,0,40,4,3,71,38,0,1,84,43,0,0,1,1,0,3,159,11,0,0,0,0,0,4,85
47,8,0,0,1,46,4,3,111,22,0,0,0,0,0,3,149,10,0,0,0,0,0,18,44,0,0,0,19,7,3,17,78,16,0,0,0,0,0,0,114,13,0,0,0,0,0,19,149,4,0,0,0,0,0,57,47,0,0,0,14,24,6,28,67,22,0,0,0,0,0,2,93,43,0,0,0,0,0,2,149,35,0,0,0,0,0,7,43,6,1,1,20,25,4,7,18,7,0,0,0,0,149,107,52,8,0,0,0,0,149,149,99,8,0,0,0,0,93,141,31,59,0,0,2,7,17,37
0,1,3,46,123,3,1,0,5,35,25,2,3,1,2,0,34,97,69,11,0,0,0,2,3,7,60,114,1,0,0,2,9,4,0,67,123,0,0,0,94,115,38,8,12,0,0,2,62,69,60,54,1,0,0,32,28,3,14,123,4,0,0,46,10,2,0,80,123,0,0,2,123,23,4,14,26,0,0,74,71,9,13,108,10,0,0,41,43,0,2,65,11,0,0,46,0,0,0,69,123,0,0,0,81,3,1,23,35,0,0,62,82,0,0,19,6,0,0,122,14,0,0,63,26,0,0,20
133,133,7,0,1,11,22,23,27,7,0,0,0,69,72,32,15,28,46,53,18,55,4,1,0,25,58,101,28,44,2,0,21,91,18,4,11,20,33,12,57,13,0,0,0,25,38,25,133,54,51,37,0,1,3,31,19,50,133,129,0,0,0,1,4,21,4,14,11,8,42,23,48,122,8,0,0,9,22,7,133,47,3,0,0,0,0,47,62,9,24,6,0,0,0,31,2,60,109,17,8,0,0,0,8,110,59,5,0,0,0,1,88,110,18,1,0,0,0,19,48,27,1,0,0,0,0,19
23,2,0,0,1,4,32,131,14,5,1,0,0,0,43,131,3,2,0,0,0,1,58,81,5,0,0,0,0,0,10,22,96,5,0,0,6,15,7,64,79,7,0,0,0,0,37,131,131,5,0,0,0,0,32,131,64,7,0,0,0,0,1,19,131,14,0,0,2,7,4,13,119,62,6,1,0,0,1,11,131,86,1,0,0,0,0,11,71,29,0,0,0,0,0,0,77,117,12,5,0,0,0,2,49,131,27,0,0,0,0,0,87,131,9,0,0,0,0,0,32,23,0,0,0,0,0,0
28,67,10,4,18,29,2,0,40,3,5,7,31,31,12,27,19,11,15,38,22,3,0,5,12,25,7,2,1,27,21,1,15,23,0,0,21,131,75,6,131,10,0,0,13,102,33,64,41,4,8,4,10,126,8,7,8,3,1,0,3,111,40,8,112,36,0,0,4,108,131,83,131,75,0,0,8,39,16,20,21,1,13,19,38,125,11,6,11,16,22,5,2,28,7,9,131,131,0,0,0,5,9,24,101,50,0,1,2,5,19,12,1,17,12,11,9,18,21,1,0,96,35,4,3,3,0,0
1,0,3,11,0,1,41,15,18,12,5,0,0,1,30,22,120,12,8,0,0,0,6,72,69,7,10,12,7,9,20,16,10,5,8,120,25,0,0,4,107,103,40,17,1,0,0,6,84,37,63,76,13,5,26,42,24,0,0,9,10,29,120,35,19,3,3,120,55,0,0,7,120,24,8,68,18,0,0,61,64,7,9,120,52,2,3,36,0,0,0,108,80,9,36,1,33,0,0,74,33,0,0,18,66,1,2,114,55,0,0,40,97,0,0,31,18,0,0,70,2,0,0,119,93,0,0,2
9,3,0,0,140,58,9,11,159,20,0,0,10,7,10,86,140,5,0,0,0,0,0,16,1,0,0,0,3,0,0,0,25,8,0,2,112,70,0,3,159,60,0,0,7,1,0,10,159,20,0,0,0,0,0,2,0,0,0,1,3,0,0,0,41,0,0,0,13,83,13,12,159,12,0,0,0,2,1,40,159,5,0,0,0,0,0,19,1,0,0,1,2,0,0,0,60,17,0,0,0,12,11,4,159,93,0,0,0,0,0,2,100,31,0,0,0,0,0,1,1,0,0,0,2,0,0,0
0,7,38,34,43,8,1,0,120,93,18,23,9,1,0,2,82,26,1,17,31,33,33,16,2,1,14,32,8,9,62,65,10,9,19,16,28,14,9,3,120,118,13,11,12,3,2,23,32,29,5,43,120,30,6,7,3,1,31,38,23,11,31,41,8,56,87,120,12,0,0,1,103,39,82,48,13,15,14,49,14,1,0,10,81,120,56,29,2,0,3,4,12,25,89,45,11,27,37,120,18,1,12,17,4,17,21,112,90,11,2,1,0,0,0,51,120,65,18,2,0,0,0,23,27,20,68,23
0,16,74,8,6,50,32,1,32,28,45,2,4,35,33,46,16,22,20,15,116,67,7,11,0,116,116,42,116,80,0,0,10,6,0,4,24,49,54,14,116,23,0,6,36,35,14,32,68,53,16,25,99,37,13,13,30,116,72,10,12,66,60,14,37,11,1,5,29,17,12,23,97,8,0,6,33,43,28,83,25,3,0,3,10,110,83,59,8,9,2,0,18,116,71,29,12,0,0,0,12,21,24,55,11,1,1,2,22,53,22,47,13,0,0,0,5,88,62,49,34,24,1,0,8,83,28,16
3,1,0,0,58,31,18,10,56,13,0,1,36,16,6,24,6,25,28,53,130,26,4,4,14,130,78,39,73,11,0,0,3,0,0,0,33,70,31,16,108,8,2,1,9,30,10,43,48,81,35,33,15,0,1,5,25,130,38,50,77,9,0,0,10,3,1,24,73,32,6,2,130,50,4,5,5,10,3,23,107,130,10,0,0,0,1,12,61,120,36,58,11,0,0,0,5,73,36,23,19,2,9,4,30,130,75,7,2,0,0,0,39,130,49,6,6,0,0,2,66,35,2,2,0,0,0,9
76,10,0,0,0,0,7,137,55,6,1,2,1,1,6,67,116,0,0,0,0,0,0,54,25,0,0,6,40,15,0,9,137,110,0,0,0,0,0,63,91,44,2,4,12,27,13,39,137,11,0,0,0,3,7,70,55,0,0,6,46,12,0,9,137,137,4,1,0,0,0,49,83,61,19,53,38,12,4,16,137,34,3,5,6,2,3,58,37,1,0,2,27,16,7,22,92,137,5,1,1,2,0,1,22,30,13,45,67,16,3,4,81,11,6,17,15,2,3,60,32,0,0,0,3,9,12,26
26,74,49,0,0,0,0,0,130,62,10,1,0,0,0,12,130,4,0,23,51,1,0,24,125,1,1,16,43,5,0,42,70,54,14,4,0,0,0,4,118,19,17,23,4,0,0,21,130,8,0,8,76,1,0,61,130,1,0,16,103,7,0,46,53,15,9,2,0,0,0,22,88,71,15,12,3,0,0,13,130,64,5,18,40,0,0,14,109,2,2,53,93,0,0,23,29,35,16,5,0,0,0,1,87,61,3,0,0,0,0,3,130,14,0,5,14,1,1,41,64,1,1,29,88,9,1,17
0,0,0,0,0,0,0,0,2,0,0,0,0,0,0,0,42,16,40,7,0,0,0,7,15,113,106,3,0,0,0,1,0,0,0,0,0,0,0,0,11,3,2,9,1,0,0,12,159,22,2,1,0,0,0,48,167,98,14,0,0,0,0,26,0,0,6,24,0,0,0,0,5,14,62,66,9,0,0,1,108,36,21,19,3,0,2,39,167,24,0,0,0,0,0,48,0,0,10,167,45,0,0,0,0,3,75,167,52,0,0,0,27,22,58,80,10,0,1,8,167,20,9,1,0,0,0,59
63,42,56,23,1,10,7,2,49,108,72,1,0,0,0,0,132,71,16,2,0,0,0,11,132,4,0,19,54,2,0,19,35,38,46,43,0,0,0,1,108,82,20,7,1,0,0,10,132,27,21,30,7,0,0,21,132,14,0,6,80,2,0,46,25,18,24,41,1,0,0,0,86,26,17,4,0,0,0,31,122,107,19,12,3,0,0,13,132,65,5,20,46,0,0,11,9,10,17,75,6,0,0,0,45,68,31,6,0,0,0,0,106,77,3,0,0,0,0,4,132,9,0,6,21,3,2,40
109,1,0,0,0,0,51,133,91,4,2,3,16,8,12,68,55,2,4,4,8,7,12,78,32,0,0,2,7,2,9,59,103,2,0,0,0,0,4,129,140,15,12,10,6,1,4,140,49,13,25,58,27,3,7,28,27,2,2,6,4,2,26,102,75,59,9,0,0,0,1,21,140,82,0,1,2,0,0,24,62,22,38,50,32,4,1,8,20,9,46,37,12,3,1,19,77,101,15,0,0,0,0,0,140,140,3,0,0,0,0,0,41,38,11,3,6,25,3,2,0,4,12,17,24,30,1,0
140,140,13,0,0,0,0,12,130,128,12,23,20,21,8,12,140,65,2,4,4,8,7,19,66,16,0,0,33,26,1,1,37,140,64,3,3,4,1,0,39,104,18,44,99,44,5,9,140,54,3,6,13,6,6,60,31,6,3,3,29,32,12,16,5,102,64,14,4,12,26,3,12,17,24,104,72,37,17,3,133,50,8,17,10,7,5,22,16,1,1,1,8,15,18,21,2,7,12,10,7,24,34,1,8,4,8,22,44,38,23,5,91,12,1,4,10,6,3,19,10,3,3,5,5,2,0,3
2,6,3,3,18,27,1,1,10,16,8,3,35,68,7,1,32,45,14,3,1,8,12,17,26,12,11,5,0,4,5,10,9,4,3,5,50,114,17,5,88,41,38,9,10,27,13,19,20,17,62,45,1,1,10,20,18,30,20,4,0,10,11,12,29,48,9,4,46,70,23,7,78,64,23,5,2,33,75,31,9,4,19,22,3,18,155,53,9,26,22,4,0,1,46,57,24,18,12,4,20,116,65,10,4,7,3,0,12,155,155,8,0,0,0,0,0,25,155,63,29,0,0,0,0,0,155,155
5,0,2,10,9,16,27,8,17,2,1,6,6,10,19,56,4,1,0,20,148,60,4,10,0,0,0,51,148,55,6,0,11,2,1,4,12,22,36,22,85,20,1,7,18,21,12,18,18,8,3,101,148,27,7,4,0,0,5,148,148,4,0,0,6,3,32,39,9,7,37,24,44,5,17,16,8,32,68,44,11,3,7,35,30,55,98,65,3,1,40,148,111,13,27,26,0,1,43,29,1,3,2,1,4,4,69,68,5,6,6,4,2,10,122,71,6,7,18,19,7,6,36,69,13,13,26,17
0,0,0,0,120,49,0,0,120,8,0,0,77,27,3,25,63,10,3,8,27,7,14,22,6,23,20,7,8,3,2,4,0,0,0,0,120,120,2,0,35,7,3,0,52,69,80,93,88,11,2,0,1,2,69,120,49,12,7,3,0,0,1,29,4,3,0,0,120,120,1,0,52,104,33,0,25,49,15,10,120,120,26,0,0,0,5,24,65,28,0,0,0,0,0,5,14,52,14,10,59,58,10,8,47,120,67,1,2,3,1,4,17,111,71,1,1,0,1,3,8,18,8,3,6,2,1,0
2,0,0,0,0,22,124,17,1,0,0,0,0,76,124,5,5,27,6,0,0,88,124,5,0,50,56,1,1,61,47,0,0,15,59,35,6,24,124,3,27,17,41,36,0,17,124,33,124,94,15,3,0,5,25,46,20,76,43,1,2,20,10,6,5,19,124,124,0,0,0,1,9,54,124,104,0,0,0,2,94,124,65,5,0,0,0,12,21,25,14,23,6,10,4,6,8,5,16,56,4,3,1,1,0,17,83,42,2,2,1,0,2,46,47,0,0,0,0,0,3,20,6,7,16,2,0,0
3,0,0,0,0,43,118,40,63,10,0,0,0,4,104,67,43,12,0,4,47,30,12,19,67,51,0,6,24,7,1,2,53,21,6,0,0,80,111,35,129,26,0,0,7,4,18,78,77,21,0,3,75,62,8,7,129,45,0,1,4,9,4,6,31,104,50,2,0,1,4,1,129,107,4,0,13,12,0,14,104,28,0,1,71,48,0,3,126,49,0,0,1,1,0,0,40,58,21,2,0,0,0,0,115,98,0,1,33,8,0,0,87,50,0,4,45,16,0,0,67,33,0,0,0,0,0,0
106,24,35,75,31,25,5,52,106,1,1,6,18,5,7,126,10,8,10,17,16,4,6,15,1,3,14,126,15,0,0,0,34,7,13,95,96,55,14,50,126,16,4,9,7,1,5,126,55,20,36,14,0,0,0,7,1,15,34,28,0,5,2,0,16,36,54,96,105,30,6,2,126,126,30,17,11,0,1,20,87,12,15,12,1,0,0,24,2,4,9,10,46,45,5,0,0,10,57,42,20,51,16,0,41,29,18,14,6,22,55,100,56,1,0,0,2,3,6,110,3,0,0,6,110,47,5,8
0,0,1,6,7,3,26,26,0,0,0,51,81,14,5,5,0,2,82,124,124,13,1,0,21,37,124,124,40,11,3,0,8,9,2,1,1,5,51,72,5,2,1,13,21,81,68,21,63,15,40,52,53,19,15,30,50,15,21,86,124,7,0,1,5,48,38,19,10,1,2,5,7,20,27,45,28,20,8,3,60,38,8,1,45,70,21,13,69,2,0,2,124,124,5,14,0,11,18,31,21,0,0,0,0,2,7,33,50,27,4,0,1,2,2,4,83,119,33,2,52,0,0,0,112,124,8,25
24,6,0,0,0,3,35,87,1,0,0,0,10,20,60,17,1,7,9,14,53,19,13,2,31,55,22,8,6,0,0,3,78,16,1,1,2,1,15,82,21,5,5,24,35,23,27,14,77,38,11,4,4,7,19,22,15,60,30,0,0,0,14,6,116,6,14,7,0,0,8,125,27,8,39,64,13,2,23,106,48,18,31,23,10,39,50,21,8,2,0,0,0,7,101,62,13,2,105,125,0,0,11,94,1,0,13,57,3,12,125,125,2,0,2,5,13,125,125,39,29,1,0,0,0,41,121,125
0,0,12,12,6,28,45,50,5,1,44,124,0,0,10,37,15,28,120,124,20,0,0,4,124,72,34,35,11,5,28,68,22,3,0,20,37,23,52,114,124,22,7,6,0,0,12,102,17,12,21,124,33,0,0,2,9,27,59,109,29,15,16,29,32,66,31,49,45,3,3,10,124,104,12,1,0,0,2,23,29,5,3,42,19,4,14,12,0,0,5,59,124,37,10,4,66,71,16,2,3,4,12,22,17,78,14,0,1,6,37,9,2,3,0,0,7,18,28,8,0,0,0,72,84,6,12,3
44,3,0,0,1,23,81,54,128,36,28,6,0,7,28,69,60,52,44,7,0,0,4,47,11,11,9,14,0,1,3,3,37,17,88,128,6,5,54,68,128,60,33,5,0,4,12,98,71,41,38,3,1,100,40,14,33,17,2,3,0,27,47,33,8,17,128,128,6,0,0,2,108,55,62,78,11,5,43,81,43,55,5,0,0,79,78,49,34,46,0,2,9,24,39,33,25,8,13,44,3,0,0,9,2,12,48,101,26,7,2,4,23,26,12,7,28,50,40,32,19,12,1,4,10,16,37,51
3,3,0,5,128,17,0,0,128,62,0,3,54,4,0,20,128,29,2,0,0,0,1,50,6,3,13,2,0,1,2,6,3,8,3,13,128,13,0,0,79,32,20,17,33,2,7,68,128,26,4,0,0,0,2,128,41,25,6,0,0,0,0,8,10,29,5,17,128,8,0,0,43,124,128,16,9,0,0,3,128,128,67,2,0,0,0,8,45,37,2,0,0,0,0,5,22,53,3,26,117,0,0,0,68,111,23,1,0,0,0,1,33,37,17,1,0,0,2,7,23,2,0,0,0,0,3,19
24,4,18,61,65,1,1,16,50,0,0,2,14,26,21,58,140,2,0,0,1,6,9,71,35,19,4,3,3,0,0,7,18,2,4,95,126,0,0,6,52,4,3,40,68,73,24,37,140,10,0,0,5,19,14,94,58,8,1,0,2,15,5,27,26,1,0,94,63,0,2,54,45,26,4,121,140,9,0,2,140,64,2,7,12,2,0,20,53,1,0,1,7,17,12,25,79,0,0,9,36,1,3,67,27,18,5,58,140,0,0,2,140,33,3,7,5,1,1,12,28,1,0,0,3,24,17,15
54,28,18,3,0,0,28,117,20,33,31,2,0,6,108,73,67,42,53,12,0,2,41,95,22,28,93,44,0,0,1,48,69,88,31,0,0,0,12,79,48,101,85,0,0,2,56,57,61,115,45,17,1,1,20,66,17,3,16,14,1,0,14,117,77,117,40,5,2,0,7,53,117,70,43,11,5,0,3,47,84,31,27,17,0,0,0,6,7,8,43,48,1,0,3,30,6,117,83,35,17,0,3,3,56,76,47,41,24,0,0,0,46,30,2,0,1,1,1,5,15,7,10,16,0,0,7,24
67,114,77,7,2,13,21,22,41,33,2,0,1,30,114,51,5,22,9,0,0,58,114,6,2,27,30,1,1,49,68,1,37,21,0,0,23,114,53,18,114,25,2,0,15,63,61,67,51,47,24,0,0,5,16,31,14,36,15,0,0,0,9,20,76,16,0,0,1,54,114,46,100,38,0,0,1,31,86,71,38,14,6,2,0,0,63,114,21,2,1,2,0,1,8,56,51,11,11,25,7,10,70,54,114,16,2,1,0,17,70,91,114,55,61,19,0,0,3,42,46,40,21,6,0,1,3,21
25,14,6,5,10,0,0,6,48,5,4,13,87,11,0,8,150,8,0,9,24,2,0,16,9,1,0,34,150,34,0,0,26,1,0,0,14,2,7,63,59,2,1,12,143,11,3,21,150,7,0,7,23,1,0,36,24,2,3,76,150,1,0,2,63,3,0,2,2,15,19,43,75,22,10,70,56,1,1,14,150,50,6,13,14,0,0,12,32,13,10,60,150,0,0,2,74,1,6,16,8,11,5,37,73,3,1,10,29,16,4,44,133,4,0,2,11,5,1,51,24,13,7,24,64,1,1,14
1,25,26,3,1,0,0,0,13,10,8,25,47,2,0,0,151,62,2,11,18,1,0,1,16,11,2,50,138,5,0,0,35,19,6,4,9,1,0,8,37,8,6,15,108,22,1,5,151,30,0,5,22,5,0,6,26,5,0,25,151,34,0,0,33,1,0,0,12,4,6,59,55,2,0,6,139,26,3,14,151,11,0,3,20,3,0,11,33,2,0,27,151,7,0,0,60,5,0,3,3,8,13,29,51,23,7,50,56,2,0,5,151,56,4,7,11,0,0,3,24,7,5,28,151,0,0,0
43,23,41,50,10,6,2,3,156,64,8,1,1,0,0,7,51,22,15,17,2,0,0,12,4,12,60,34,1,0,0,0,58,3,23,47,110,36,1,7,156,81,19,6,11,8,1,18,48,50,54,46,19,7,1,4,19,20,24,11,1,0,0,1,78,23,1,2,141,109,1,4,156,56,1,1,6,11,9,65,50,8,4,14,25,55,24,41,24,2,2,1,1,2,2,39,56,114,3,1,42,43,0,4,156,156,4,1,0,0,1,9,13,14,22,27,1,5,4,8,16,1,10,11,0,0,0,25
67,0,0,2,85,108,6,32,119,0,0,0,3,13,6,92,16,7,0,1,16,89,28,17,34,19,0,0,18,18,18,29,54,21,40,43,55,36,4,19,119,52,20,14,6,4,1,68,52,51,34,71,34,21,2,7,46,53,9,3,78,98,2,1,61,75,67,17,0,3,3,7,119,42,56,31,0,0,1,59,51,23,45,37,2,0,8,94,9,17,45,119,119,44,0,3,44,41,54,24,3,1,0,8,28,43,77,51,0,0,1,20,71,54,54,15,1,0,5,54,46,33,46,80,9,0,0,4
120,123,26,0,0,0,1,28,35,45,47,8,0,3,10,14,27,26,47,72,0,0,2,9,1,4,134,134,3,0,0,0,134,32,1,0,2,6,9,68,27,5,5,2,12,52,83,50,134,20,11,0,0,2,23,97,33,13,52,43,12,1,0,5,134,89,2,10,16,2,0,2,47,27,4,30,59,20,7,8,134,75,1,1,1,1,2,21,51,9,1,10,10,1,0,3,134,14,3,12,8,0,0,20,37,18,18,61,17,0,0,0,134,24,3,4,0,0,0,21,35,2,0,2,1,0,0,10
17,23,61,130,92,6,0,0,45,130,130,55,8,0,0,0,120,130,22,0,0,0,0,1,61,41,27,12,0,0,0,9,3,4,6,23,50,62,8,0,91,26,20,17,10,21,11,24,130,71,17,1,0,1,6,71,18,21,28,6,0,11,33,21,1,0,0,2,51,67,14,1,130,54,0,0,3,17,19,13,130,91,1,2,8,7,6,23,25,7,0,3,22,35,38,24,4,1,1,35,44,4,0,0,130,34,0,11,9,0,0,10,130,52,2,14,17,0,0,6,29,19,4,26,28,1,0,0
41,15,0,2,9,0,0,8,44,16,2,37,162,6,0,2,162,25,2,7,22,1,0,5,29,0,0,0,0,0,0,0,58,10,0,0,13,3,0,11,56,4,1,15,162,64,5,18,162,8,1,3,26,13,5,40,40,0,0,0,0,0,0,1,16,2,0,0,12,20,64,62,41,17,10,61,162,20,15,46,162,54,10,17,18,3,1,12,37,1,0,0,0,0,0,0,50,2,0,1,44,47,38,53,82,24,31,19,37,25,11,54,162,54,21,5,7,5,2,12,27,2,0,0,0,0,0,0
11,0,0,0,2,6,116,113,2,0,2,21,41,21,101,44,0,0,42,56,22,18,23,6,0,0,7,57,46,21,25,1,19,36,88,3,0,11,136,109,136,38,16,1,5,8,136,136,39,1,2,11,54,37,39,33,15,5,6,79,49,7,18,17,10,50,136,50,12,0,7,8,136,109,62,2,5,0,1,22,59,17,14,28,69,3,0,8,37,39,12,22,7,0,0,3,2,0,6,63,42,5,0,1,65,6,2,14,8,3,0,57,44,4,12,9,1,0,0,39,5,9,6,2,0,0,1,3
0,0,0,2,133,62,37,0,96,2,0,19,136,44,8,58,136,38,4,4,1,1,17,87,38,75,16,4,0,0,4,4,0,0,0,11,61,77,23,0,94,17,15,119,136,12,1,12,136,67,10,11,4,0,0,55,58,48,0,0,0,13,10,11,0,40,25,10,13,15,4,0,11,46,136,77,40,1,2,1,117,131,79,6,2,2,6,23,30,6,0,0,12,35,33,18,0,49,23,1,4,3,0,0,0,13,39,5,7,21,30,0,22,15,12,0,1,12,31,20,13,0,0,0,35,29,7,10
4,2,7,14,36,53,11,2,143,31,4,2,2,10,7,65,89,20,11,2,8,27,37,53,67,11,7,1,2,11,27,56,22,1,0,21,62,37,8,4,143,79,0,4,4,4,5,21,92,44,4,36,47,12,5,7,143,41,3,10,11,5,4,18,14,4,10,97,24,0,0,2,143,20,6,34,6,0,0,59,123,26,26,53,14,0,0,19,122,15,15,35,3,0,0,27,0,2,13,118,13,0,0,1,143,28,14,26,3,0,0,19,143,28,12,21,9,0,0,22,29,2,5,42,39,0,0,22
0,11,35,110,39,0,0,0,18,41,36,12,2,0,0,2,123,7,1,0,0,0,0,18,37,6,3,20,99,47,0,3,0,0,6,60,100,37,0,0,10,2,8,18,40,19,2,2,132,5,0,0,3,8,2,15,41,0,0,0,132,132,0,7,19,2,3,3,37,78,47,32,5,6,20,15,18,17,3,0,62,12,7,1,9,68,28,20,8,0,0,4,132,132,12,6,132,65,3,5,8,6,31,51,0,1,3,7,34,24,7,0,0,0,0,3,75,120,18,1,0,0,7,32,122,132,2,0
0,0,0,10,63,47,4,0,69,12,0,8,32,16,10,6,161,120,0,1,0,0,1,3,37,32,2,15,33,8,2,1,0,4,8,65,28,2,1,0,115,8,4,89,40,0,0,8,161,31,1,3,1,0,0,40,45,11,9,43,28,0,0,5,0,1,11,152,15,0,0,0,52,24,21,103,22,0,0,1,161,63,8,6,0,0,0,14,78,46,30,34,3,0,0,2,2,0,1,114,41,0,1,9,20,10,14,72,22,0,0,1,161,27,4,2,0,0,0,26,116,16,3,9,11,0,0,11
55,5,8,54,43,0,0,21,129,0,0,0,1,0,0,81,19,0,0,13,17,2,3,29,0,0,0,148,148,22,11,5,29,0,0,23,133,11,1,18,148,6,0,1,11,1,0,72,51,17,9,3,2,2,2,14,0,0,11,148,148,4,1,0,21,3,1,17,109,15,1,8,148,26,2,5,12,1,0,16,78,32,28,16,0,0,0,1,0,4,14,55,32,0,0,0,17,1,0,18,41,15,2,12,148,6,0,5,7,3,0,40,98,11,10,21,5,0,1,32,0,0,10,40,8,0,0,0
0,0,0,103,95,35,13,11,54,5,0,34,31,8,18,126,75,70,9,0,0,0,0,41,5,38,34,13,2,0,0,0,0,3,9,101,109,23,0,0,84,17,22,126,67,1,2,81,126,64,8,8,1,0,0,112,25,30,18,2,4,1,0,1,9,10,9,15,43,56,50,13,24,116,72,97,63,5,16,11,101,126,34,10,2,0,0,5,14,16,0,2,23,4,1,0,25,126,5,1,34,46,19,8,28,126,19,1,0,0,4,5,5,42,8,0,0,0,0,0,0,0,0,0,30,2,0,0
36,15,12,10,2,2,2,7,35,2,0,0,23,72,106,33,52,0,0,0,1,16,105,121,13,0,0,0,0,0,1,17,3,8,7,4,25,6,11,41,27,3,0,2,162,111,22,24,162,7,0,0,20,25,21,83,63,1,0,0,0,0,0,5,18,7,0,0,27,7,10,52,46,15,1,14,162,26,2,11,162,50,1,4,30,2,0,5,57,3,0,0,0,0,0,0,37,19,0,3,21,1,0,2,37,16,2,26,162,6,0,1,162,44,2,4,15,0,0,1,31,3,0,0,0,0,0,0
28,0,0,17,75,36,40,52,77,12,0,0,0,2,11,71,20,58,10,0,0,1,0,0,0,23,40,16,3,0,0,0,44,1,2,78,140,11,3,40,140,41,5,7,6,1,1,91,48,104,58,0,0,0,0,1,1,37,41,20,11,0,0,0,21,11,15,136,140,4,0,2,140,86,11,26,18,0,0,25,132,75,31,0,0,0,0,4,0,12,53,18,1,0,0,0,2,46,97,40,60,6,2,2,54,140,84,9,5,0,0,0,32,84,4,0,3,1,0,0,0,2,3,1,6,9,2,0
41,7,0,4,99,28,1,5,156,43,1,0,3,1,0,10,34,26,16,7,0,0,0,0,0,1,14,102,116,1,0,0,56,12,2,25,79,7,0,1,156,67,7,3,1,0,0,3,47,34,33,49,7,0,0,1,0,2,8,45,48,1,0,0,54,1,0,3,23,52,21,23,156,8,0,0,0,1,1,92,72,6,6,35,13,1,2,44,0,0,15,65,15,0,0,0,15,0,0,1,7,26,43,51,75,0,0,0,0,5,130,156,23,0,1,3,1,1,104,156,2,5,6,11,4,3,23,51
9,3,4,2,9,65,5,1,20,0,4,4,8,30,13,52,165,28,0,0,0,0,1,60,62,51,1,0,2,1,0,0,0,22,66,26,25,12,0,0,50,4,19,44,109,27,7,24,165,14,1,1,5,5,4,39,98,8,1,0,3,3,2,3,0,24,66,54,19,4,10,0,36,19,25,165,87,2,1,2,165,55,18,27,3,0,0,5,98,8,7,3,5,12,0,2,11,18,4,6,3,12,84,21,17,28,35,83,6,1,8,13,152,75,39,21,0,0,0,4,60,4,0,0,60,80,3,9
14,3,0,0,26,99,130,29,6,3,0,0,23,119,130,10,3,4,1,3,40,118,130,6,51,52,2,2,13,68,107,22,32,8,0,0,99,88,5,7,75,23,3,4,54,61,10,22,19,37,19,46,83,6,1,2,61,130,13,9,16,16,2,1,17,5,1,22,130,39,2,5,130,42,3,16,61,23,5,28,47,35,13,27,27,4,0,5,13,44,8,6,42,40,2,2,7,10,8,64,60,0,0,4,50,83,17,44,30,1,0,0,28,13,0,3,37,15,1,21,13,16,9,11,37,9,1,12
0,10,114,37,0,0,0,0,37,94,127,28,0,0,0,5,84,66,41,7,0,0,0,48,8,5,34,45,20,0,0,7,1,11,48,20,9,15,8,4,45,36,62,19,1,8,14,34,65,18,59,48,0,0,0,49,27,5,3,20,27,43,3,25,22,4,4,8,34,127,112,30,127,58,4,3,5,45,29,78,47,24,45,40,7,1,0,7,4,15,50,29,55,48,0,1,71,23,0,0,0,38,127,127,127,51,0,0,0,4,11,127,65,14,19,8,2,0,8,82,1,34,69,14,5,0,22,7
0,1,20,16,0,1,44,28,19,24,53,69,0,0,8,21,172,124,19,14,0,0,0,2,64,13,0,0,0,0,0,0,8,7,57,21,1,3,53,64,63,11,14,8,0,0,43,119,172,39,3,0,0,0,4,46,60,5,0,0,0,0,0,0,0,1,36,23,9,13,32,2,107,23,13,15,3,3,27,31,172,43,0,0,0,0,0,14,54,1,0,0,0,0,0,6,2,0,8,65,17,7,14,10,115,12,12,44,6,4,25,51,172,14,0,0,0,17,75,73,19,0,0,0,0,5,83,74
5,11,4,0,0,0,43,11,71,79,0,0,0,0,19,16,154,150,18,0,0,0,1,5,13,44,82,3,0,0,0,0,8,27,59,43,0,0,1,2,82,52,3,8,4,9,36,62,154,42,1,0,0,0,8,79,35,11,13,9,0,0,0,0,0,0,30,154,1,0,0,0,77,28,26,100,6,4,5,7,154,75,5,4,0,0,1,11,39,8,4,9,4,0,0,0,0,0,8,116,5,0,0,0,39,37,46,104,0,0,0,0,154,93,10,3,0,0,0,0,20,6,1,7,4,0,0,0
119,13,0,0,0,0,0,14,70,5,0,0,0,0,0,18,48,0,0,0,0,0,1,24,2,0,0,0,107,57,3,7,110,28,2,0,0,0,2,42,96,14,0,0,0,0,2,27,37,3,0,0,0,1,10,22,0,0,0,1,141,70,5,9,32,85,35,1,0,0,19,39,41,17,14,3,1,2,16,25,6,0,0,0,0,5,41,38,0,0,0,8,141,93,12,10,3,3,3,1,0,3,135,141,0,0,2,2,2,9,141,57,0,0,0,0,0,24,141,33,0,0,0,0,110,141,95,1
6,30,107,106,0,0,0,0,54,24,58,91,1,0,0,0,141,36,2,2,0,0,0,3,66,12,0,0,0,0,7,11,0,3,122,133,19,2,0,0,33,7,51,141,141,0,0,0,141,12,2,12,20,0,0,16,46,0,0,0,0,0,25,29,0,0,0,11,63,19,0,0,18,2,1,22,141,23,0,0,141,5,0,5,35,0,3,72,18,0,0,0,0,0,40,55,3,1,1,2,58,24,2,1,1,0,0,26,141,28,0,0,22,1,0,16,35,8,8,63,33,2,1,0,0,0,18,56
0,0,22,46,25,3,1,0,22,8,6,74,38,1,0,7,134,40,0,1,2,1,0,23,68,47,1,1,2,1,1,1,0,0,32,45,23,0,0,0,28,2,1,57,134,17,0,2,134,58,0,0,20,5,0,10,66,32,1,0,0,0,0,4,0,0,19,26,64,3,0,0,26,0,0,5,134,44,3,14,134,8,0,0,20,9,33,134,27,5,0,0,0,0,70,124,0,0,2,5,83,33,0,0,0,0,0,0,134,74,5,6,5,0,0,0,23,20,53,134,2,0,0,0,4,29,129,114
28,0,0,0,3,106,132,69,86,40,0,0,8,81,45,12,132,48,0,0,0,0,3,6,60,6,0,4,14,0,0,11,132,0,0,0,1,1,8,112,132,32,0,0,2,1,3,29,114,21,0,0,0,3,3,32,64,0,0,1,1,0,5,35,132,1,0,0,0,0,0,88,132,17,0,0,0,0,1,36,94,11,0,0,0,9,9,25,88,7,0,0,1,2,3,18,132,0,0,0,0,0,0,60,132,4,0,0,0,0,0,51,74,12,0,0,0,0,0,39,53,11,0,0,0,0,0,16
1,0,0,0,0,3,157,43,4,0,0,0,0,0,157,100,0,0,0,0,0,15,157,27,2,0,0,0,0,22,157,8,69,12,0,0,0,0,112,54,134,8,0,0,0,0,74,94,19,9,0,0,1,31,100,29,25,48,0,0,0,14,63,10,96,43,1,0,0,0,0,0,146,29,0,0,0,0,0,7,43,56,1,0,1,3,2,8,16,98,1,0,0,0,0,0,87,27,0,0,0,0,0,0,91,30,0,0,0,0,0,1,65,65,0,0,0,0,0,1,20,24,0,0,0,0,1,2
54,7,4,0,0,21,110,28,146,2,0,0,0,0,37,82,79,6,0,0,3,12,18,47,43,80,1,0,3,10,4,1,81,23,12,3,0,0,0,0,146,17,0,0,0,0,0,8,146,20,0,0,0,0,2,31,123,79,0,0,0,0,0,2,84,9,1,1,0,0,0,2,146,7,0,0,0,0,0,17,146,64,0,0,0,0,0,10,118,45,0,0,0,1,3,6,63,2,0,0,1,0,0,6,146,11,0,0,0,0,0,7,146,47,0,0,0,0,0,2,53,19,0,0,0,0,1,6
127,76,4,0,0,0,0,30,105,23,2,0,0,0,0,34,103,16,3,0,0,0,0,66,15,4,13,6,1,0,0,39,112,18,19,11,2,0,0,49,127,13,0,0,0,0,0,51,80,18,2,0,0,0,0,51,28,0,0,0,0,0,0,100,43,84,42,2,0,0,0,7,127,116,50,0,0,0,0,12,55,61,56,3,0,0,0,5,35,30,41,2,0,0,0,22,127,127,17,0,0,0,0,8,25,127,127,6,0,0,0,0,3,50,127,34,4,0,0,0,1,31,91,14,2,0,0,0
144,27,0,0,0,0,0,8,133,15,0,0,0,0,0,46,72,6,0,0,0,0,1,55,96,9,0,0,0,0,0,22,144,18,0,0,0,0,0,12,132,17,2,0,0,0,0,49,144,22,0,0,0,0,0,28,105,34,0,0,0,0,0,5,144,30,0,0,0,0,0,11,119,35,10,4,1,0,0,4,144,12,1,0,0,0,0,14,89,2,0,0,0,0,0,39,144,0,0,0,0,0,0,39,102,3,0,0,0,0,4,36,136,5,0,0,0,0,0,14,58,0,0,0,0,0,6,28
0,12,29,0,0,0,0,0,11,94,118,0,0,0,0,0,53,142,142,1,0,0,0,0,2,71,142,40,7,0,0,0,0,1,5,0,0,0,0,0,64,92,47,0,0,0,0,3,142,142,21,1,0,3,27,107,19,25,49,39,50,132,61,31,0,0,0,0,0,0,0,0,21,17,21,0,0,0,0,4,60,12,23,4,0,10,68,113,1,0,13,15,8,142,120,25,0,0,0,0,0,0,0,0,0,2,12,0,0,0,0,0,0,3,71,12,0,0,1,0,0,0,57,38,1,3,1,0
6,123,75,0,0,20,123,11,24,123,96,1,0,6,37,12,58,123,75,0,0,0,0,1,19,73,123,0,0,0,0,0,42,123,74,2,1,0,0,3,28,71,91,29,14,0,0,2,123,41,5,2,0,0,0,18,86,18,0,0,0,0,0,8,77,24,1,0,0,0,0,40,31,14,30,21,8,0,0,13,114,48,26,3,0,0,0,6,81,30,1,0,0,0,0,2,58,1,0,0,0,0,0,44,82,79,10,0,0,0,0,17,19,123,113,4,0,0,0,0,22,40,66,8,0,0,0,0
0,0,0,34,104,9,0,0,43,24,5,46,71,30,0,0,140,89,1,1,0,3,2,4,44,10,0,0,2,8,13,15,0,2,32,134,33,0,0,0,62,8,5,140,85,0,0,1,140,15,1,9,6,3,4,35,47,15,0,0,1,24,15,18,0,3,16,40,33,9,7,0,25,10,5,140,140,3,0,0,140,23,5,24,13,0,0,36,94,80,0,0,0,1,0,20,0,0,34,12,11,8,5,0,2,3,18,117,58,2,0,0,76,11,6,42,18,2,1,30,140,42,0,0,0,0,0,16
48,3,1,0,0,0,0,17,91,10,5,3,0,0,0,4,158,4,0,0,0,0,0,26,148,38,0,0,0,0,0,11,86,2,0,0,0,0,0,21,102,4,0,0,1,1,0,16,158,9,0,0,0,0,0,29,158,39,0,0,0,0,0,9,87,0,0,0,0,0,0,25,107,7,0,0,0,2,7,22,158,57,0,0,0,0,0,3,158,25,0,0,0,0,0,25,50,0,0,0,0,0,0,22,119,5,0,0,0,0,2,26,158,35,0,0,0,0,0,16,83,7,0,0,0,0,1,47
41,22,3,0,1,64,138,35,60,7,0,0,0,8,113,89,59,39,18,1,0,3,33,95,5,13,19,10,20,7,16,16,61,63,5,7,6,22,23,16,63,9,0,1,5,43,87,78,138,19,2,0,0,3,22,138,21,10,12,12,16,6,18,26,14,13,3,21,38,7,20,13,89,39,11,21,12,11,15,15,138,125,7,4,1,0,0,12,31,38,29,53,5,0,0,0,13,46,12,31,36,0,0,0,58,117,57,20,0,0,0,0,138,136,14,3,0,0,0,0,27,27,13,38,3,0,0,0
10,120,120,6,0,0,0,0,17,120,120,7,4,0,0,1,21,69,120,19,11,0,0,0,63,104,25,0,0,0,0,0,58,45,27,0,0,0,1,15,87,28,6,7,7,0,0,18,39,25,28,31,17,0,0,0,120,45,3,0,0,0,0,0,70,0,0,0,0,0,0,22,120,39,3,0,0,0,0,19,25,91,90,8,0,0,0,0,52,75,45,3,0,0,0,0,50,2,0,0,0,0,0,3,120,120,3,0,0,0,0,5,40,120,120,24,0,0,0,0,2,20,120,63,0,0,0,0
0,0,0,0,0,1,53,79,0,0,0,8,1,3,43,16,31,14,1,2,0,0,12,14,18,4,0,0,0,0,0,0,0,0,0,0,17,13,145,145,16,0,0,0,0,23,145,115,145,5,0,0,0,2,75,145,34,1,0,0,0,0,0,8,14,5,0,4,61,6,33,40,125,51,0,0,0,3,77,46,145,98,0,0,0,0,9,36,42,9,0,0,0,0,0,1,10,15,0,3,29,0,0,0,119,83,0,0,0,0,0,0,145,97,0,0,0,0,0,0,13,4,0,0,0,0,0,0
8,37,99,13,0,0,0,1,114,124,53,1,0,0,0,10,47,124,124,0,0,0,0,8,4,106,98,0,0,0,0,0,13,105,110,5,0,0,0,0,107,124,64,0,0,0,0,24,124,41,8,0,0,0,1,108,30,13,8,0,0,0,0,18,25,117,16,0,0,0,0,0,25,98,41,0,0,0,0,3,120,84,3,0,0,0,0,20,40,17,0,0,0,21,7,6,23,67,36,1,0,5,29,56,6,33,32,3,3,24,42,13,34,19,1,0,0,2,49,58,10,8,0,0,0,36,58,11
10,0,0,0,133,85,2,4,138,5,0,0,5,8,1,12,138,13,0,0,0,0,0,1,88,1,0,0,0,2,1,10,27,0,0,3,138,67,1,6,138,10,0,0,2,3,1,10,138,17,0,0,0,0,0,2,93,0,0,0,10,14,1,8,22,8,3,30,121,10,0,0,138,18,2,3,1,0,0,8,138,1,0,0,0,0,0,15,83,0,0,1,42,12,0,4,15,6,0,7,89,2,0,0,138,20,0,0,1,0,0,3,138,0,0,0,0,0,0,12,65,0,0,6,29,0,0,3
40,4,0,0,10,1,0,2,4,8,17,59,148,6,0,0,80,148,73,63,45,0,0,0,52,102,0,0,0,0,0,2,33,2,0,0,13,6,1,23,32,8,5,8,148,38,1,6,148,100,13,7,25,4,0,25,65,21,0,0,0,0,2,27,32,8,0,1,22,5,0,5,48,3,0,4,148,30,0,1,148,11,0,0,16,2,0,14,100,2,0,0,0,0,0,12,32,4,0,3,20,1,0,2,38,1,0,13,148,6,0,1,148,2,0,0,11,0,0,25,79,0,0,0,0,0,0,27
14,6,0,0,0,1,22,44,13,0,0,0,77,26,2,9,130,12,0,0,23,7,0,3,67,10,0,0,0,0,0,5,73,5,0,0,0,5,24,89,31,0,0,0,52,96,28,27,130,6,0,0,11,16,2,24,87,8,0,0,0,0,0,5,37,25,2,2,20,56,37,17,75,21,0,0,3,74,69,22,130,37,0,0,0,4,2,12,90,3,0,0,0,0,0,12,13,7,0,0,19,130,130,70,114,15,0,0,1,17,130,130,124,16,0,0,0,0,72,102,59,9,2,1,0,0,19,36
7,0,0,2,104,34,1,6,146,89,19,12,60,14,0,7,127,69,2,0,0,0,1,25,7,3,0,0,0,0,0,7,15,3,0,2,146,34,0,1,146,32,0,0,46,11,0,4,146,9,0,0,0,0,0,13,21,6,0,0,0,0,0,1,21,2,0,7,146,15,0,1,146,13,0,1,38,3,0,15,146,3,0,0,0,0,0,38,20,2,0,0,0,0,0,7,24,1,0,0,109,41,1,4,146,28,0,0,16,6,0,5,130,16,0,0,0,0,0,20,15,0,0,0,0,0,5,18
155,121,0,0,7,4,0,6,155,25,0,0,0,0,0,20,9,18,2,0,0,0,0,4,26,47,13,0,0,0,0,0,155,155,0,0,0,0,0,1,109,40,6,1,0,0,7,44,86,26,2,0,0,0,11,33,30,45,17,0,0,1,31,26,155,109,1,0,0,0,0,4,48,38,28,18,0,0,0,13,54,6,9,8,3,31,27,24,42,8,0,0,0,30,70,62,155,64,4,3,0,0,0,16,27,2,4,5,2,15,17,53,10,1,3,3,17,94,31,9,116,27,0,0,0,18,9,11
17,1,6,4,0,0,9,135,31,0,0,0,0,0,16,135,11,0,0,1,1,7,6,39,0,0,0,0,0,11,16,3,20,19,60,82,0,0,3,59,135,63,11,3,0,1,14,135,79,3,0,0,0,62,87,47,0,0,0,0,0,65,106,30,6,14,78,135,0,0,0,0,89,43,24,28,5,16,51,41,13,1,0,2,8,98,135,22,3,0,0,0,1,27,102,73,0,0,30,94,10,14,113,7,0,0,9,59,58,42,70,5,0,0,0,14,33,18,23,11,7,6,1,6,17,2,20,42
132,55,0,0,0,60,32,25,0,0,3,9,20,132,7,0,0,10,9,18,29,132,1,0,0,106,54,2,15,48,0,0,64,24,0,0,0,18,47,37,64,41,60,44,12,26,11,13,6,82,132,130,18,12,0,0,0,132,117,2,0,0,0,0,22,21,0,0,0,7,33,14,132,37,13,3,0,0,4,37,75,44,114,21,0,0,0,19,2,66,41,1,0,1,1,1,10,85,32,2,0,0,4,1,111,81,10,0,0,0,0,16,84,23,0,0,0,0,0,31,7,1,0,0,0,0,0,4
35,28,0,0,8,64,20,2,35,0,0,0,16,92,27,40,39,0,0,1,13,37,6,36,1,1,1,1,14,58,5,3,15,6,0,0,14,135,133,22,135,5,0,0,2,48,70,63,77,1,0,5,19,23,7,21,1,16,12,11,13,12,0,0,95,29,0,0,51,135,26,19,135,66,0,0,0,1,8,24,47,26,10,0,1,6,12,8,0,117,11,1,1,3,2,0,47,135,22,0,10,25,1,0,96,135,73,0,0,0,0,0,9,125,68,0,0,0,0,0,0,103,34,1,0,0,0,0
11,6,2,2,0,0,0,6,22,25,2,0,0,0,1,6,4,15,22,0,0,0,1,6,3,18,9,0,0,0,0,0,8,5,2,8,1,3,4,2,14,5,0,0,0,7,35,21,31,3,0,0,0,0,14,46,19,18,1,0,10,26,0,3,1,1,0,1,1,30,25,2,23,31,0,0,0,10,21,6,54,55,0,0,0,1,1,9,27,12,0,0,152,255,0,1,19,6,0,0,0,5,23,45,54,44,0,0,0,0,0,1,28,50,0,0,33,26,0,0,2,7,1,11,255,255,0,0
0,23,62,1,1,62,47,0,0,32,130,16,6,63,29,0,0,3,85,103,39,32,7,0,49,35,26,21,5,1,0,0,0,36,68,0,0,64,86,0,11,16,50,3,3,130,130,6,79,52,89,31,37,53,39,12,14,78,130,21,9,1,0,0,1,1,0,2,3,121,130,0,76,6,0,0,0,58,92,12,130,26,11,0,0,4,11,32,31,9,33,11,19,25,6,9,3,9,5,21,8,9,2,0,49,59,11,0,0,0,0,1,130,53,4,0,0,0,1,15,22,15,3,1,3,5,3,5
0,0,0,35,49,10,3,0,76,3,2,13,2,4,6,9,129,7,0,0,20,2,0,8,42,1,0,1,96,16,1,10,0,0,79,129,41,0,0,0,66,12,91,67,0,0,0,0,129,12,10,4,31,7,0,16,64,0,0,0,129,37,1,14,5,4,110,70,1,0,1,5,13,9,129,129,37,14,0,2,95,12,28,42,53,51,40,49,55,0,0,0,84,106,25,33,5,1,1,1,3,8,10,18,5,2,7,23,111,67,11,17,0,0,2,28,105,81,38,7,31,0,1,6,8,50,20,22
32,138,31,14,17,5,4,29,1,8,25,34,30,5,0,0,18,77,26,4,0,0,0,0,24,111,2,0,0,0,0,0,30,4,0,2,10,6,19,138,18,7,5,11,21,10,9,37,93,101,6,0,0,0,0,0,25,75,1,0,0,0,0,0,110,10,0,0,0,0,4,138,131,8,0,0,0,2,3,138,138,8,0,0,0,0,0,14,41,4,0,0,11,37,10,3,138,81,0,0,0,0,0,17,138,60,0,1,0,1,3,32,138,6,0,0,1,1,1,23,29,0,0,7,76,31,1,1
0,2,47,49,9,0,0,0,32,84,35,53,16,8,10,29,25,42,0,1,0,0,6,44,0,0,0,7,1,0,0,1,0,0,0,3,28,33,7,0,17,1,0,3,110,133,50,72,133,6,0,0,4,13,34,135,17,0,0,2,3,0,0,7,0,0,0,0,16,125,78,0,80,21,0,0,111,135,15,10,135,83,0,0,7,8,2,26,27,5,0,0,3,1,0,0,0,0,0,0,0,117,101,0,135,41,0,0,3,71,34,8,135,68,0,0,0,0,0,1,10,2,0,1,2,0,0,0
47,37,0,0,26,36,2,0,1,1,1,15,90,97,104,22,17,15,6,3,5,8,128,129,9,7,8,12,21,74,28,44,16,8,0,9,39,50,7,6,21,3,3,40,129,97,6,6,129,129,23,6,20,13,14,50,26,66,32,15,5,5,5,16,1,0,0,11,64,53,5,4,44,7,16,26,129,107,0,2,129,21,8,1,12,6,0,34,44,8,1,0,0,0,0,7,0,0,2,38,34,4,3,0,7,7,87,94,41,6,0,2,129,12,31,37,13,0,0,49,48,0,0,0,0,0,2,31
106,0,0,0,0,0,0,43,140,0,0,0,0,0,0,59,140,4,1,0,0,0,0,43,17,18,25,22,0,0,0,1,132,9,0,0,0,0,0,26,140,7,0,0,0,0,0,60,140,7,0,0,0,0,0,41,62,33,1,0,0,0,0,1,109,51,0,0,0,0,0,1,140,48,0,0,0,0,0,5,140,30,0,0,0,0,0,20,78,8,0,0,0,0,0,23,45,27,0,0,0,0,1,29,112,9,0,0,0,0,0,106,81,3,0,0,0,0,4,140,17,0,0,0,0,0,2,121
105,13,0,0,23,37,1,4,145,7,0,0,0,0,0,21,83,6,18,72,11,0,0,13,12,7,145,145,16,13,0,2,111,24,22,18,6,8,0,7,145,5,0,0,0,0,0,29,145,4,0,0,0,0,0,19,38,4,8,12,74,69,3,6,35,53,28,12,2,2,6,6,145,48,4,0,0,0,0,1,145,14,0,0,0,0,0,1,30,4,1,30,91,49,3,1,15,71,85,18,0,0,1,2,42,55,62,6,0,0,0,0,95,11,4,2,1,4,7,8,13,1,8,52,50,37,33,11
5,5,4,11,9,8,11,3,16,7,3,15,57,56,7,3,103,86,3,15,59,26,0,0,67,71,0,0,0,0,0,0,0,1,1,7,27,70,23,0,26,2,0,0,27,142,30,8,142,37,0,0,8,42,8,19,61,14,0,0,0,0,7,13,0,0,0,8,89,142,86,0,92,10,0,1,14,119,92,15,142,22,0,0,0,6,4,32,34,0,0,0,0,1,27,36,1,0,0,45,142,35,7,1,142,35,0,5,27,13,14,12,142,45,0,0,0,1,2,10,13,0,0,0,0,35,31,13
26,8,1,76,89,12,7,8,132,27,1,4,7,4,4,49,71,1,0,1,8,32,13,33,1,2,2,7,14,59,17,0,29,22,5,85,132,0,0,5,132,65,4,12,9,0,1,11,62,1,0,3,5,18,38,23,0,1,3,17,20,55,21,4,29,15,9,76,76,0,0,4,132,41,8,17,7,16,12,23,19,0,0,0,1,107,132,19,3,0,0,0,5,84,125,19,35,13,22,64,7,0,0,1,10,25,36,47,64,36,3,1,2,8,23,34,81,132,104,8,60,35,11,0,0,12,82,60
36,16,0,0,0,12,10,42,1,0,0,0,8,142,38,7,41,0,0,0,2,96,79,62,34,0,0,1,2,1,4,28,5,19,4,0,14,130,7,1,10,0,0,0,60,142,14,7,142,4,0,0,5,74,26,55,86,1,0,0,0,18,32,28,3,6,1,0,10,142,75,1,20,34,40,17,48,132,19,3,142,90,24,7,4,7,2,14,46,25,12,16,9,25,18,11,5,37,75,55,15,43,13,1,15,104,74,6,0,1,3,1,80,81,47,5,0,0,0,8,31,22,35,27,10,1,0,8
0,0,3,22,34,53,21,0,1,2,1,7,98,78,11,0,136,95,3,5,29,17,7,7,114,58,0,0,3,5,1,2,0,0,5,81,95,26,14,1,17,3,2,86,106,68,19,13,136,35,2,7,4,6,7,33,127,15,1,5,18,6,0,2,20,18,8,40,31,14,18,10,13,13,19,136,49,0,0,1,136,58,20,63,5,0,0,5,132,37,14,10,3,0,0,0,14,45,20,10,4,0,0,0,4,15,30,121,7,0,0,0,66,85,60,59,1,0,0,0,71,34,2,0,0,0,1,12
0,1,62,132,12,0,0,0,3,9,132,90,6,7,3,6,132,104,62,19,0,2,2,22,91,22,0,0,0,0,0,6,12,1,3,84,43,0,0,2,15,2,11,54,131,63,18,13,132,31,5,5,9,18,17,47,80,10,0,0,0,0,0,3,31,0,0,43,35,0,0,24,21,12,7,132,132,6,1,2,132,56,9,32,17,2,1,6,73,4,0,0,0,0,0,3,43,0,0,9,5,0,0,39,9,8,10,124,55,0,0,4,101,74,18,39,7,0,0,0,32,9,0,0,0,0,0,0
142,77,13,13,3,0,0,0,65,21,25,62,36,0,0,10,142,3,0,1,2,0,0,57,19,0,0,30,94,2,1,13,142,46,1,2,10,4,0,11,54,2,0,14,133,23,1,16,142,12,0,0,12,2,0,48,39,12,6,24,40,1,1,9,142,12,0,0,5,4,1,72,49,6,1,12,94,19,2,18,142,49,3,3,9,1,0,4,42,27,23,24,3,0,0,0,102,0,0,0,0,1,4,82,36,1,0,4,20,28,27,38,142,7,0,1,2,3,5,78,48,5,5,23,1,0,3,37
0,1,14,21,5,4,3,2,10,4,18,13,2,4,9,21,137,36,0,0,0,0,1,24,106,21,0,0,0,0,0,0,2,0,2,16,14,5,9,17,29,4,3,37,17,11,20,17,137,44,1,1,0,0,10,34,85,13,0,0,0,0,18,34,4,0,1,10,9,3,20,88,17,12,21,60,5,1,15,58,113,21,12,5,38,87,112,69,94,1,0,0,5,31,137,137,0,0,0,11,37,6,25,45,9,3,1,0,5,5,32,111,42,12,1,1,137,135,22,43,137,46,0,0,35,34,16,53
5,5,0,12,138,9,0,0,138,66,0,3,22,0,0,0,138,19,0,0,0,0,0,21,37,0,0,0,0,0,3,20,13,13,2,14,138,9,0,0,138,80,1,4,11,0,0,2,138,17,0,0,0,0,0,20,53,0,0,0,0,1,4,27,21,3,0,3,138,38,0,3,138,11,0,0,5,1,0,45,138,1,0,0,0,0,0,47,53,0,0,0,0,2,5,17,8,0,0,0,65,58,12,20,97,0,0,0,0,1,4,106,135,0,0,0,0,0,0,105,30,0,0,0,0,0,4,32
18,115,19,0,0,0,7,8,72,115,24,0,1,1,2,11,8,79,80,5,24,52,7,0,0,9,17,14,45,49,14,1,26,46,27,0,0,8,77,36,115,72,15,0,10,6,16,80,37,10,4,44,115,57,8,9,2,8,22,25,29,54,12,2,48,115,78,0,0,4,52,45,80,88,44,0,2,10,84,38,28,10,13,31,36,15,47,21,21,67,89,30,16,3,4,5,28,111,88,13,0,1,38,49,19,35,28,36,16,21,62,16,60,21,1,3,7,21,115,40,86,98,36,1,0,0,12,22
7,0,0,0,10,14,23,26,7,0,1,19,19,3,11,32,0,0,0,47,74,2,0,0,0,1,0,14,124,17,0,0,8,2,1,20,51,13,8,16,93,6,1,14,20,3,5,58,10,2,5,23,132,8,0,2,0,67,69,22,111,17,0,0,7,6,3,16,21,11,10,19,102,75,19,14,11,0,0,2,20,120,132,45,47,0,0,0,0,132,132,11,10,0,0,0,19,132,40,2,7,4,2,8,11,132,107,0,0,0,0,0,2,132,117,0,0,0,0,0,0,62,49,0,0,0,0,0
0,0,0,0,0,61,102,0,0,0,0,0,0,97,130,3,0,0,0,0,3,130,130,0,1,0,0,3,12,130,122,0,24,4,0,0,0,130,130,18,66,7,0,0,10,63,130,47,13,0,0,0,72,103,48,10,15,9,6,19,14,21,15,7,112,56,0,0,0,12,31,12,125,26,0,1,15,1,1,7,25,4,2,33,108,18,2,10,51,13,5,9,5,3,1,14,94,24,0,0,0,0,0,12,75,2,0,1,2,0,0,28,13,8,13,48,18,0,0,7,12,18,13,18,9,0,0,0
120,61,0,0,0,0,0,15,120,46,3,7,3,0,0,20,21,32,26,86,42,9,0,1,10,25,12,12,56,7,1,2,120,80,0,0,0,0,0,18,120,104,2,9,13,0,0,18,26,29,23,77,113,19,3,6,26,46,32,33,38,5,1,2,120,16,0,0,0,2,2,38,107,7,0,3,4,15,61,120,28,2,24,76,24,14,42,120,11,25,42,36,10,24,9,10,103,23,0,0,1,18,8,17,65,34,0,0,10,70,41,44,105,54,0,0,9,54,31,81,13,1,2,3,16,77,23,29
81,120,16,0,0,0,0,0,16,120,40,0,0,0,0,0,39,116,17,5,13,3,0,0,3,19,27,41,100,25,0,0,109,120,2,0,0,0,0,2,89,120,22,1,5,1,0,8,9,105,39,11,68,69,5,1,0,6,15,24,45,61,6,2,34,50,2,0,0,18,46,27,120,42,2,2,11,8,22,120,36,8,8,77,104,27,6,25,3,46,40,41,31,24,1,1,44,84,12,0,0,18,48,16,84,120,29,0,0,20,47,38,42,6,5,14,13,22,56,24,29,38,28,14,4,8,18,17
88,56,6,13,1,1,1,9,137,59,0,0,0,0,0,59,97,24,25,0,0,0,0,20,1,5,49,9,0,0,0,0,101,42,60,102,0,0,0,1,137,137,8,2,0,0,0,22,89,98,16,4,5,0,0,15,9,10,17,1,0,0,0,10,22,12,114,137,0,0,0,1,137,98,68,40,0,0,0,53,79,33,17,10,13,1,1,41,10,12,22,8,1,0,0,11,0,5,75,76,0,0,0,0,26,122,103,27,0,0,0,1,22,37,56,28,3,0,0,5,13,5,15,14,1,0,0,10
0,6,61,125,23,0,0,0,125,123,19,52,10,0,0,0,125,102,0,0,0,0,2,7,10,14,0,0,0,2,14,3,2,2,5,90,125,50,0,0,125,74,4,25,75,11,0,6,123,21,0,0,0,0,20,45,1,0,0,0,0,1,46,23,4,1,0,2,125,100,0,0,124,10,0,1,45,11,3,83,40,1,0,0,0,0,45,97,4,0,0,0,0,0,42,49,0,0,0,4,116,57,1,0,84,1,0,1,45,22,6,56,65,12,2,0,0,0,11,38,19,4,0,0,0,0,12,23
134,87,0,0,0,0,0,0,134,77,0,0,0,0,0,4,94,42,0,0,0,0,0,5,47,46,0,0,0,0,0,0,134,101,0,0,0,0,0,3,134,32,0,0,0,0,0,42,134,12,0,0,0,0,0,29,80,12,0,0,0,0,0,14,134,58,0,0,0,0,0,7,134,32,0,0,0,0,0,26,134,62,0,0,0,0,0,4,45,5,0,0,0,11,10,14,134,56,0,0,0,0,0,0,134,42,0,0,0,0,0,1,115,18,0,0,0,1,1,14,11,2,0,0,1,29,9,6
96,42,0,0,0,0,3,13,2,1,0,0,0,4,40,20,7,5,0,0,0,0,46,25,33,65,1,0,0,0,17,10,45,23,0,0,0,26,56,13,6,1,0,0,0,48,92,15,101,18,0,0,0,2,26,45,113,62,0,0,0,2,20,26,8,0,0,0,0,14,125,43,42,2,0,0,0,15,88,67,125,87,9,3,0,0,4,29,39,38,20,53,54,41,44,14,5,0,0,0,0,1,125,51,84,1,0,0,0,0,89,125,125,62,6,3,0,2,23,125,33,30,16,72,125,100,42,20
76,0,0,0,0,0,0,12,139,15,0,0,0,0,0,9,123,6,0,0,0,0,0,38,95,12,0,0,0,0,0,15,100,1,0,0,0,0,0,14,139,28,0,0,0,0,0,9,139,29,0,0,0,0,0,10,139,9,0,0,0,0,0,15,75,0,0,0,0,1,3,27,139,3,0,0,0,0,0,71,136,8,0,0,0,0,0,54,102,1,0,0,0,0,6,31,47,2,1,0,0,0,3,17,136,1,0,0,0,0,3,130,117,1,0,0,0,2,9,118,31,0,0,0,0,44,73,35
0,0,0,0,65,138,18,0,105,23,0,0,55,81,5,27,115,25,0,0,0,0,9,90,6,0,0,0,0,0,15,75,8,0,3,7,121,138,8,2,138,44,0,0,33,78,10,28,88,43,10,0,0,0,8,52,58,14,1,0,0,0,7,61,32,15,3,2,73,138,7,8,138,38,0,0,7,27,5,67,57,9,3,0,0,0,43,75,47,6,0,0,0,0,32,86,11,60,17,2,14,65,1,0,89,91,2,0,0,0,0,7,16,5,0,0,0,2,27,19,0,0,0,0,0,0,32,43
8,0,0,0,0,0,2,3,51,0,0,0,0,1,42,58,49,0,0,0,0,0,18,95,21,0,0,2,12,0,0,19,0,0,0,0,0,6,8,1,14,1,0,0,11,89,152,72,152,11,0,0,0,7,86,152,86,2,0,3,4,0,0,40,0,0,0,0,1,2,0,0,80,21,0,0,37,56,24,29,152,103,0,0,3,4,12,77,85,15,0,0,0,0,24,35,0,0,0,0,0,0,0,0,76,12,0,0,0,2,23,83,152,19,0,0,0,0,26,152,23,0,0,0,0,0,66,111
0,0,0,0,4,31,38,4,99,21,0,0,4,28,97,134,137,17,0,0,0,0,2,75,17,0,0,6,27,0,0,2,12,3,0,0,7,18,9,13,137,133,0,0,7,14,10,51,137,82,0,0,0,0,14,36,10,0,0,0,27,7,7,17,38,21,1,0,0,0,7,32,137,55,0,0,0,0,10,137,80,5,0,0,0,0,58,137,13,0,0,0,14,16,19,74,17,34,2,0,0,0,0,1,137,83,1,0,0,0,0,20,113,13,0,0,0,0,2,39,22,2,0,0,3,33,34,31
0,3,4,0,0,0,19,0,0,11,20,0,0,10,68,2,4,16,15,0,0,5,54,20,6,10,3,0,0,0,10,14,0,3,5,0,0,28,42,0,17,8,15,0,0,151,151,16,151,25,6,0,0,32,127,101,32,14,2,0,1,5,0,6,0,0,7,1,0,21,28,0,89,25,55,3,0,77,111,14,151,62,9,0,0,5,17,65,39,8,7,1,5,12,0,7,0,1,30,0,0,0,0,0,14,53,151,1,0,0,0,1,110,151,139,0,0,0,0,20,15,27,37,1,0,0,0,2
0,0,0,0,95,34,0,0,23,0,0,0,28,15,0,3,66,0,0,0,1,0,0,5,4,1,0,0,3,0,0,0,0,0,36,57,153,70,0,0,105,12,113,72,72,25,0,12,153,19,15,6,14,0,0,46,51,14,0,2,31,0,0,2,0,1,116,119,87,4,0,0,18,21,153,153,4,0,0,1,153,106,122,48,15,0,0,8,59,25,1,3,24,0,0,1,0,0,3,2,32,12,1,5,2,0,20,17,0,0,0,15,0,12,29,22,13,0,0,1,13,31,5,5,7,0,0,0
125,137,25,0,0,0,0,12,79,113,27,0,0,0,0,41,16,36,4,0,2,14,2,6,4,11,0,0,16,49,0,0,59,122,10,0,0,0,0,9,137,29,0,0,0,2,6,48,27,5,0,0,1,72,18,11,26,68,0,0,2,39,2,0,19,64,9,0,0,15,74,43,37,20,0,0,0,9,87,61,50,63,0,0,0,28,54,16,45,120,0,0,0,2,0,0,49,2,0,0,0,6,137,137,101,79,0,0,0,2,24,95,50,137,0,0,0,0,2,3,33,62,0,0,0,0,0,0
137,137,50,2,0,0,0,6,75,44,18,63,9,0,0,15,0,9,59,122,10,0,0,0,0,12,124,137,26,0,0,0,24,94,101,80,0,0,0,2,87,61,37,20,0,0,0,9,6,48,137,29,0,0,0,2,0,41,80,113,27,0,0,0,2,3,49,137,0,0,0,0,54,16,50,63,0,0,0,28,18,11,27,5,0,0,1,72,2,6,16,36,4,0,2,14,0,0,33,62,0,0,0,0,0,0,44,121,0,0,0,2,2,0,26,68,0,0,2,40,0,0,4,11,0,0,16,49
16,6,0,0,0,1,13,63,6,0,0,0,48,31,2,11,116,12,0,0,16,9,0,2,78,11,0,0,0,0,0,3,64,3,0,0,0,4,20,88,20,0,0,0,20,79,43,29,140,6,0,0,5,13,5,19,99,10,0,0,0,0,0,3,29,15,0,0,6,57,47,16,74,13,0,0,0,41,74,30,140,32,0,0,0,2,3,9,100,4,0,0,0,0,0,7,5,1,0,0,2,94,140,82,83,7,0,0,0,8,140,140,114,12,0,0,0,0,81,140,54,7,0,0,0,0,23,50
1,0,0,3,50,36,42,59,63,7,0,0,0,1,14,94,100,30,1,0,0,0,0,2,3,7,9,0,0,0,0,0,20,0,0,79,141,13,9,40,158,32,0,6,11,0,3,96,109,70,6,2,0,0,0,2,0,4,5,9,1,0,1,0,22,0,0,49,158,28,11,18,158,3,0,8,46,5,0,37,154,8,1,1,0,0,0,7,0,0,1,16,4,1,0,0,18,0,0,0,32,123,49,10,158,0,0,0,13,21,5,32,133,0,0,0,0,0,0,10,0,0,0,1,1,3,0,0
13,0,0,10,61,13,1,22,17,0,0,26,101,33,22,64,129,26,0,0,1,0,3,84,51,40,2,0,0,0,0,0,21,0,0,15,47,6,4,41,60,0,0,65,165,7,2,18,165,37,0,2,16,0,0,16,53,31,5,4,0,0,0,0,13,0,0,0,12,48,48,85,75,1,0,4,115,124,43,13,165,14,0,0,14,7,1,5,61,2,0,0,0,0,0,1,2,0,39,6,0,41,72,50,93,17,32,1,1,65,44,8,165,29,1,0,0,1,1,4,38,1,0,0,0,0,1,2
60,3,13,25,0,0,0,133,110,0,0,0,0,0,0,133,34,0,0,0,0,1,3,61,0,0,0,0,0,3,11,2,20,20,44,126,0,0,0,16,133,76,14,5,0,0,5,94,102,5,0,0,0,16,85,62,0,0,0,0,0,21,99,28,3,11,35,133,7,0,1,0,63,36,14,23,11,12,53,38,13,1,0,0,1,34,133,34,10,0,0,0,0,9,116,92,0,0,1,47,25,29,133,43,0,0,0,14,38,48,93,25,0,0,0,1,26,20,33,19,40,2,0,0,3,1,13,77
11,0,0,0,0,0,0,2,23,3,0,0,0,0,0,3,39,4,0,0,0,0,0,3,9,1,0,0,254,63,0,0,19,1,0,0,0,0,1,14,26,21,0,0,0,0,1,6,25,18,0,0,1,0,6,8,10,0,0,91,254,33,0,5,28,2,0,0,0,0,3,24,20,2,0,0,0,6,14,26,13,0,0,0,0,10,37,36,16,0,0,144,254,0,1,24,31,5,2,0,0,0,0,10,2,1,3,0,7,15,4,5,29,0,0,0,4,15,6,23,36,0,0,78,101,0,0,22
0,17,31,2,0,0,0,0,5,27,12,0,0,0,0,0,0,6,8,0,0,0,0,0,0,2,4,0,0,0,0,0,2,6,3,3,2,0,4,3,9,24,11,1,0,0,0,4,1,5,24,10,0,0,0,0,0,9,18,1,0,0,0,0,4,13,5,0,0,0,10,14,29,21,5,0,0,0,1,15,8,10,17,6,0,0,3,0,0,7,22,1,0,2,11,0,4,36,18,0,0,10,3,0,4,27,14,0,0,110,122,0,1,8,3,0,0,237,237,0,0,0,3,0,0,232,237,0
100,108,5,0,0,0,37,77,21,3,0,0,0,0,38,54,4,0,0,0,0,0,5,15,1,1,0,0,0,0,2,3,49,2,0,0,0,4,86,128,128,4,0,0,0,0,40,128,54,12,1,0,0,0,1,17,0,11,7,0,0,0,0,1,128,88,7,2,2,6,3,41,128,128,0,0,0,0,0,19,73,31,0,0,0,0,0,1,2,9,3,0,7,59,13,0,120,128,12,3,0,0,0,2,67,128,0,0,0,9,15,2,14,17,0,0,3,13,73,7,1,0,4,12,128,128,32,2
0,0,0,0,0,44,128,23,11,0,0,0,3,27,128,57,20,3,25,42,19,13,22,46,0,0,38,98,9,6,8,2,28,0,1,4,0,2,111,119,128,26,0,0,0,1,39,66,65,19,0,2,0,1,28,57,31,15,21,25,9,14,14,14,82,10,66,128,0,0,4,58,128,14,7,4,0,0,10,61,34,8,0,0,0,0,42,86,19,11,6,6,6,5,39,66,9,6,128,128,0,0,0,0,37,11,88,128,4,5,11,20,6,11,17,21,4,12,57,52,7,11,5,1,0,7,54,52
4,0,0,12,0,9,116,118,20,4,0,0,0,1,109,72,57,13,1,2,1,1,34,70,12,2,10,50,5,1,11,21,35,4,16,147,3,0,11,59,147,25,4,8,0,0,8,54,88,35,0,0,0,0,10,33,29,25,1,2,1,2,11,26,7,4,46,147,1,0,0,1,103,24,62,147,1,1,3,18,33,2,1,4,1,4,43,71,13,4,0,0,0,0,29,101,0,3,27,106,1,1,1,0,2,2,45,147,12,3,2,0,5,14,57,117,10,7,19,15,8,20,21,7,5,7,22,30
3,4,5,7,123,123,1,0,123,29,1,5,42,73,8,10,44,12,0,33,123,23,0,1,0,0,1,123,123,5,0,0,3,4,5,40,123,65,0,0,123,39,8,26,36,13,3,13,50,3,2,29,123,38,4,6,0,0,11,117,123,1,0,0,1,0,0,19,123,62,7,4,47,7,1,10,50,39,41,71,8,1,3,3,30,72,91,29,0,0,8,35,37,3,30,17,5,11,3,21,55,26,5,4,2,1,23,40,29,10,5,6,0,11,66,8,4,9,18,9,1,5,61,3,4,2,18,12
1,22,121,120,13,1,0,1,4,106,120,33,23,7,2,0,3,26,49,116,12,4,5,1,0,9,121,121,36,3,2,0,30,8,21,8,17,2,1,33,6,3,17,32,107,47,4,8,85,53,26,11,10,9,3,24,14,24,106,67,11,0,0,0,24,3,4,11,15,7,47,71,3,5,23,61,56,7,61,39,86,64,31,17,2,1,26,25,24,13,2,7,34,9,12,8,0,1,12,46,110,26,42,16,0,1,12,22,18,12,121,90,18,27,6,2,0,1,121,89,21,13,0,0,4,12,51,56
15,23,25,30,8,3,0,0,0,0,102,121,28,29,7,0,4,3,121,121,2,6,12,20,121,40,41,44,0,0,6,43,38,11,2,2,15,21,9,14,4,1,9,19,85,94,30,18,58,8,48,74,4,8,21,56,32,19,54,102,12,1,2,13,20,0,0,0,8,21,107,121,17,19,5,12,73,53,33,14,109,72,6,7,6,2,10,22,16,3,2,42,67,9,7,3,91,9,17,0,0,2,22,121,29,8,9,2,1,35,52,79,25,12,0,0,0,49,121,75,20,3,3,13,9,4,41,74
0,0,0,5,17,67,93,10,41,8,1,6,34,85,72,22,61,69,19,2,3,10,10,6,1,17,9,11,22,13,23,1,5,1,0,3,96,128,54,3,128,32,0,0,22,55,59,44,113,17,1,4,29,68,32,9,4,12,7,4,11,50,89,20,9,2,8,98,126,36,2,4,128,28,13,34,21,9,1,50,111,20,58,43,37,12,0,10,2,50,97,32,11,6,2,2,6,27,39,77,12,6,1,0,121,67,79,69,1,0,0,6,99,33,25,4,0,3,10,16,0,3,28,11,12,17,16,0
8,65,60,8,0,0,0,0,74,18,59,34,4,1,6,17,138,42,8,3,0,0,0,14,9,33,45,6,0,0,0,0,0,103,116,23,21,2,0,0,56,7,45,60,138,25,1,14,138,27,4,1,11,6,3,71,24,14,9,1,0,4,8,24,0,29,30,15,113,28,0,0,59,23,2,6,138,68,0,2,138,73,2,0,8,3,1,20,33,13,16,4,0,0,2,9,0,1,4,15,138,23,0,0,31,53,47,15,98,18,0,0,138,101,18,0,0,0,0,5,22,20,18,4,0,0,0,0
19,0,0,0,2,6,9,69,24,7,41,29,9,22,14,26,13,5,129,131,1,3,10,7,3,1,101,131,0,0,8,37,56,5,1,1,0,2,25,131,131,20,3,5,1,6,21,114,41,23,35,55,17,13,23,11,27,34,56,110,1,1,6,8,24,35,89,37,4,1,10,18,131,54,18,14,3,0,5,45,71,64,82,28,1,0,0,1,5,34,83,20,0,0,0,0,4,24,79,50,86,17,0,1,131,31,7,13,44,13,2,47,83,30,16,2,1,5,8,30,9,5,25,9,0,0,0,14
74,9,2,19,46,31,2,6,146,36,7,2,0,1,4,24,146,30,11,2,0,0,6,31,63,6,16,47,39,6,1,5,58,18,23,146,14,1,0,2,146,59,24,11,0,0,0,9,139,39,35,14,7,0,0,32,78,1,0,30,53,2,0,50,25,14,17,102,12,0,1,14,146,42,16,22,2,0,0,31,107,4,3,11,46,5,2,41,133,8,3,10,9,0,0,34,16,9,7,8,0,1,3,14,87,10,7,4,0,1,2,65,53,0,0,1,11,6,17,79,93,3,1,1,1,1,19,73
1,0,0,17,148,19,0,0,140,41,1,5,38,9,0,3,139,32,0,0,0,0,0,7,39,0,0,0,0,0,0,17,10,0,0,1,148,77,1,2,148,24,0,0,27,24,2,11,119,15,0,0,0,6,26,23,23,0,0,0,0,1,14,59,21,0,0,9,148,50,0,5,148,4,0,0,20,10,1,37,74,7,3,15,14,22,27,23,44,7,1,1,0,10,22,50,16,0,0,45,148,4,0,4,148,1,0,2,24,2,0,42,62,6,4,15,6,15,8,12,10,6,2,2,9,58,26,3
16,5,7,126,33,0,0,4,144,29,6,10,0,0,0,16,136,35,0,0,0,0,0,6,24,19,0,0,3,0,0,3,7,8,7,137,108,0,0,0,144,72,8,17,10,0,0,4,144,10,0,0,0,0,0,27,31,0,0,0,3,1,0,24,11,0,0,34,144,17,0,4,144,8,0,2,29,8,1,37,110,2,0,0,0,1,12,42,15,0,0,0,1,2,11,56,10,0,0,12,144,21,0,5,144,0,0,0,29,10,2,57,59,2,1,5,6,23,33,33,20,1,0,0,0,8,24,55
41,0,0,1,11,75,36,22,158,22,0,0,0,1,2,19,98,42,0,0,0,0,0,0,33,37,1,0,0,0,0,0,59,4,5,85,22,6,10,30,158,23,2,1,0,0,0,50,127,71,0,0,0,0,0,3,32,33,0,1,6,0,0,1,25,18,18,158,49,0,0,1,158,60,10,12,1,0,0,15,158,10,0,0,0,0,0,33,29,2,0,0,7,1,0,18,14,3,1,72,137,3,0,3,158,21,1,5,14,2,0,28,92,2,0,0,0,0,2,41,15,0,0,0,3,3,4,39
4,0,0,0,0,6,17,12,4,1,0,0,0,20,27,20,26,6,0,0,0,7,34,60,7,5,6,3,0,2,21,21,1,0,0,0,0,65,134,16,8,0,0,0,0,121,134,29,94,6,0,0,0,28,87,134,46,1,0,2,2,5,19,54,0,0,0,0,0,132,134,2,111,15,0,0,0,55,134,34,134,45,0,0,0,3,12,28,98,5,1,3,4,0,0,12,16,7,0,6,9,34,47,4,134,66,0,0,0,1,17,12,134,35,0,0,0,0,0,7,79,0,0,0,3,6,0,11
13,7,42,62,1,1,3,3,132,34,8,4,0,0,0,30,132,30,0,0,0,0,0,48,32,21,14,0,0,0,0,4,1,4,132,132,0,0,0,0,132,43,129,77,0,0,0,6,132,59,10,2,0,0,0,42,35,22,4,2,0,0,0,11,0,0,132,65,0,0,0,0,11,20,132,125,0,0,0,1,95,132,87,15,0,0,0,19,27,45,25,6,0,0,0,6,0,1,52,11,0,0,14,15,3,7,72,22,1,5,8,3,18,68,48,3,0,0,0,1,10,15,14,12,10,6,0,0
73,1,0,0,0,0,0,9,153,12,0,0,0,0,0,4,153,30,0,0,0,0,0,2,77,15,0,0,0,0,0,3,96,1,0,0,0,0,0,21,153,39,0,0,0,0,0,6,153,16,0,0,0,0,0,34,102,8,0,0,0,0,0,23,108,0,0,0,0,0,0,14,153,13,0,0,0,0,0,13,153,8,0,0,0,0,0,33,108,6,0,0,0,2,2,15,70,0,0,0,0,0,0,14,153,9,0,0,0,0,0,28,153,9,0,0,0,0,0,18,59,0,0,0,0,5,7,22
91,68,1,1,24,95,1,8,100,117,1,0,1,0,1,56,15,18,1,0,0,0,17,61,10,4,0,0,0,0,6,25,117,52,0,0,2,22,5,25,88,15,0,0,0,0,0,117,74,61,4,0,0,0,3,60,20,77,14,1,0,0,1,8,117,39,0,0,0,1,7,46,98,18,0,0,0,0,13,94,117,117,11,1,2,4,17,87,9,44,23,10,31,68,39,16,32,17,0,0,0,0,9,19,12,0,0,0,0,0,23,105,35,1,0,0,0,8,116,117,1,0,0,0,6,84,117,25
16,8,0,0,0,7,116,65,19,4,0,0,5,7,22,83,1,0,4,13,16,12,1,2,0,0,8,8,3,1,0,0,25,1,0,4,2,9,88,106,135,16,6,1,1,1,22,135,43,20,79,46,4,1,0,5,0,4,107,36,0,0,0,0,38,50,11,61,10,0,7,8,135,114,2,0,0,0,1,22,134,48,74,14,0,0,0,2,0,6,100,32,0,0,0,0,27,54,31,135,5,0,0,0,135,135,6,2,0,0,0,0,77,86,17,2,0,0,0,0,1,5,37,25,0,0,0,0
11,0,0,0,0,65,141,14,75,6,0,0,0,38,141,28,141,10,0,0,0,1,40,53,96,31,0,0,0,0,5,7,40,0,0,0,0,0,1,15,141,3,0,0,0,0,0,17,141,18,0,0,0,0,0,10,134,18,0,0,0,0,0,6,28,0,0,0,0,0,0,9,141,5,0,0,0,0,0,27,141,22,0,0,0,0,0,19,123,4,0,0,0,0,0,34,10,0,0,0,0,0,0,2,140,0,0,0,0,0,0,18,141,6,0,0,0,0,0,19,111,3,0,0,0,0,0,16
30,5,0,0,0,0,0,0,145,54,0,0,0,0,0,0,145,53,0,0,0,0,0,2,94,21,0,0,0,0,0,3,40,3,0,0,0,0,1,5,145,56,0,0,0,0,0,7,145,62,0,0,0,0,0,4,98,24,0,0,0,1,3,6,45,8,3,0,0,0,1,5,145,13,0,0,0,0,0,61,145,7,0,0,0,1,20,63,43,2,0,0,0,4,61,50,10,13,19,5,0,0,0,0,106,24,6,1,2,30,47,27,52,1,0,0,0,94,145,41,1,0,0,0,0,22,145,91
1,0,0,0,0,0,0,0,78,7,0,0,0,0,0,1,152,65,0,0,0,0,0,0,152,39,0,0,0,0,0,7,0,0,0,0,0,0,0,0,97,9,0,0,0,0,1,7,152,76,0,0,0,0,0,5,152,55,0,0,0,0,0,2,0,0,0,0,0,0,0,0,102,7,1,0,0,0,2,18,152,11,0,0,0,0,0,94,152,9,0,0,0,0,11,60,0,0,0,0,0,0,0,0,34,24,25,5,0,0,0,2,152,25,4,0,0,18,39,51,66,0,0,0,0,81,152,50
83,75,0,0,7,31,3,0,85,75,0,1,22,19,6,2,5,4,39,124,143,25,4,1,25,42,143,74,84,1,2,51,119,106,0,0,5,2,0,0,48,27,0,1,49,95,17,5,89,33,94,58,44,45,18,13,11,60,143,32,4,0,0,0,98,66,0,0,10,6,0,0,22,11,11,25,107,31,1,1,143,19,11,11,8,4,0,18,46,7,6,0,0,0,0,13,17,9,0,0,3,10,1,0,11,6,7,12,19,16,2,0,95,4,5,10,12,1,0,20,40,0,0,0,1,9,2,16
3,1,0,58,34,0,0,2,13,1,0,16,17,4,12,19,30,11,1,4,22,1,3,7,0,1,0,5,103,0,0,0,0,0,1,65,37,0,0,0,13,1,0,75,84,12,19,19,95,8,0,6,38,2,8,45,4,0,0,4,130,3,0,1,0,0,0,16,16,61,37,0,17,18,3,65,82,62,70,22,76,74,5,17,45,1,2,12,3,2,0,4,130,8,0,0,0,0,4,8,3,130,130,1,88,4,1,7,3,101,130,130,109,18,1,3,48,3,3,130,2,6,2,7,130,8,0,0
8,0,5,45,28,16,154,15,154,13,0,3,3,3,90,105,77,40,15,2,12,14,2,9,0,5,2,0,38,65,0,0,27,3,2,61,108,72,1,1,154,30,0,7,16,7,1,10,131,7,0,0,32,69,3,7,0,14,6,3,52,80,0,0,27,21,36,76,35,72,2,0,154,74,19,4,2,5,3,25,74,8,9,5,17,32,13,31,6,66,59,11,15,10,0,0,56,48,75,33,3,6,12,13,45,89,70,8,3,0,0,5,55,18,3,0,0,0,2,22,53,27,13,0,0,0,0,10
1,2,0,0,109,123,8,0,123,22,0,0,28,75,28,100,123,1,0,0,0,0,0,123,19,0,0,0,0,0,0,36,2,24,33,11,123,121,0,0,117,88,40,1,9,8,0,8,123,13,1,0,0,0,1,102,57,0,0,0,0,0,2,105,20,42,35,7,35,23,1,1,17,82,78,0,0,0,0,0,57,46,9,0,8,17,19,47,58,2,0,0,1,5,26,123,43,39,3,3,5,2,1,3,14,34,19,0,5,9,8,1,10,7,2,0,41,55,8,5,123,16,0,0,2,10,5,27
0,13,46,6,2,4,11,4,0,20,120,12,1,3,31,8,5,29,120,20,0,0,10,16,0,2,49,96,4,2,0,0,0,4,4,1,11,66,120,7,17,12,15,0,0,50,120,40,120,17,13,6,0,4,51,114,19,2,32,66,0,0,0,2,0,70,77,19,48,42,33,1,19,115,120,7,1,9,41,7,120,75,44,5,5,8,34,49,21,1,5,5,0,0,19,51,15,108,37,2,2,2,1,1,0,34,55,10,24,17,1,0,12,3,9,7,106,75,44,47,88,0,0,0,5,10,26,120
5,3,0,0,0,33,140,51,31,3,0,0,0,0,82,140,10,0,0,0,17,10,2,23,4,2,0,0,11,8,1,0,38,17,3,0,7,79,140,61,140,33,0,0,0,0,40,140,93,1,0,0,10,16,12,30,4,8,0,0,7,5,12,3,24,140,128,9,12,7,4,3,140,140,24,0,0,1,11,32,50,4,0,0,0,36,85,23,0,0,0,0,0,11,116,10,5,77,53,1,0,3,49,14,34,59,10,0,0,1,20,39,7,8,11,3,3,16,17,10,0,5,17,5,1,5,18,2
3,0,0,0,0,16,135,84,7,0,1,9,1,0,61,135,1,0,19,51,5,2,27,40,1,13,56,43,2,0,2,3,34,3,2,13,14,17,121,135,135,12,2,0,0,0,14,135,39,14,13,12,0,0,16,45,8,1,6,4,1,0,7,34,37,63,135,91,17,0,1,12,135,135,49,0,0,0,0,26,57,36,29,26,0,0,0,1,3,1,25,19,5,1,3,6,10,42,135,21,0,0,0,5,18,129,77,0,0,0,5,3,5,16,12,6,0,0,8,3,0,0,12,17,10,0,1,0
12,18,20,33,25,5,4,14,131,58,99,26,0,0,2,58,39,63,164,17,0,0,7,27,9,109,71,0,0,0,19,14,17,3,1,15,77,15,4,10,164,29,1,3,3,2,2,45,88,19,8,14,1,0,16,25,1,1,6,8,0,0,44,27,23,0,0,2,24,100,25,15,164,8,0,0,1,12,11,54,119,20,14,13,0,0,0,11,4,15,54,31,6,1,1,2,56,2,0,13,62,50,8,8,164,24,0,0,2,5,3,14,137,38,1,0,2,2,0,4,17,19,7,7,31,35,1,1
22,15,1,0,2,79,32,1,13,18,2,0,2,125,100,8,83,39,0,0,3,50,63,36,6,0,0,1,41,45,3,3,10,3,0,3,125,125,68,18,125,77,3,3,30,110,77,80,92,93,1,0,8,50,16,11,1,1,2,9,22,29,3,2,8,22,41,32,107,75,39,8,125,85,51,22,28,11,18,45,44,4,0,0,0,28,107,52,8,0,2,2,3,3,29,50,7,52,37,6,1,1,2,0,8,24,30,18,33,32,13,3,6,14,20,2,8,43,84,31,29,12,10,0,0,0,28,86
1,0,0,1,151,98,0,0,151,26,0,0,79,71,3,6,149,31,0,0,0,0,14,38,34,0,0,0,0,1,8,63,8,0,0,1,151,52,0,1,151,30,0,0,92,26,1,13,117,22,6,7,1,9,19,20,26,2,0,0,0,52,86,40,7,0,0,0,62,18,0,2,151,9,0,0,18,10,2,32,66,9,3,8,30,46,21,15,2,0,0,0,54,143,50,4,0,0,0,0,0,0,0,0,9,2,0,0,0,0,0,0,5,4,2,5,34,33,0,0,0,0,0,0,42,95,13,1
133,92,14,0,0,0,1,70,77,76,120,103,12,4,16,86,12,54,74,77,3,0,0,0,6,43,27,89,4,0,0,0,133,24,0,0,0,0,1,79,133,75,18,22,5,2,13,125,22,39,53,124,29,5,3,5,3,93,24,22,2,0,0,0,133,34,0,0,0,0,0,0,133,34,1,1,1,2,17,108,25,15,5,20,30,23,39,54,19,62,5,3,2,0,0,0,17,2,0,0,0,0,0,0,29,1,0,0,0,0,1,13,3,0,0,0,0,0,3,10,4,3,0,0,0,0,0,0
0,1,7,0,0,0,0,0,53,5,4,0,0,0,0,5,140,0,0,0,0,0,0,25,6,0,0,0,0,0,0,1,0,4,93,6,0,0,0,0,166,29,59,3,0,0,0,15,170,12,1,0,0,0,0,78,35,0,0,0,0,0,0,6,0,0,170,37,0,0,0,0,62,60,170,21,0,0,0,1,170,75,14,0,0,0,0,18,59,0,0,0,0,0,0,4,0,1,90,19,0,0,0,0,15,16,100,34,0,0,0,0,170,32,16,4,0,0,0,17,56,0,0,0,0,0,0,7
0,1,0,0,0,0,0,0,22,123,32,0,0,0,0,0,4,108,128,4,0,0,0,0,1,99,116,23,0,0,0,0,4,4,0,0,0,0,0,0,125,128,55,3,0,0,0,14,18,106,128,94,6,1,1,7,9,82,58,29,0,0,0,0,7,0,0,0,0,0,0,1,128,34,3,1,0,0,4,128,83,29,25,66,14,4,17,97,2,17,41,73,3,0,0,0,3,2,0,0,0,0,0,0,128,55,0,0,0,0,0,17,128,59,9,10,3,1,3,30,4,12,14,48,22,4,3,3
0,0,0,0,0,0,0,0,1,0,0,0,0,0,0,0,46,0,0,0,0,1,2,23,11,0,0,0,1,60,36,16,0,0,0,4,1,0,0,0,49,5,2,45,36,0,0,2,158,14,1,6,6,3,2,48,57,1,10,19,37,67,15,25,0,6,69,29,2,0,0,0,29,14,42,158,51,0,0,0,158,42,15,58,8,0,0,35,117,63,74,27,7,0,0,14,0,4,100,109,14,0,0,0,1,2,49,158,22,0,0,0,158,20,17,110,19,0,0,12,158,46,20,1,0,0,3,27
0,0,0,1,5,0,0,0,10,1,0,0,0,0,0,0,2,0,1,0,0,0,0,0,0,1,1,0,0,0,0,0,21,3,0,42,162,0,0,1,162,25,1,10,31,0,0,10,71,31,49,8,0,0,0,2,1,24,82,6,0,0,0,0,32,5,0,45,162,1,0,8,162,35,0,7,68,1,0,38,158,46,19,0,0,0,0,10,8,28,34,1,0,0,1,2,24,19,3,43,162,1,0,13,162,155,4,16,47,0,0,0,76,71,30,0,0,0,0,0,3,8,30,0,0,0,0,1
3,0,3,18,15,20,149,18,116,7,0,1,4,7,140,126,52,39,16,2,13,13,4,13,1,7,2,0,38,66,0,0,23,2,6,56,109,51,11,5,149,25,0,6,17,6,8,33,131,11,1,0,33,67,3,10,0,26,9,3,50,75,0,0,23,22,29,53,65,62,1,0,149,80,20,4,5,6,1,20,83,13,14,6,19,27,7,28,3,97,53,7,12,7,0,0,66,48,51,23,3,5,15,15,50,95,65,4,0,0,0,3,78,31,7,0,0,0,0,11,45,39,10,0,0,0,0,1
22,4,0,0,1,6,5,15,2,2,0,0,11,53,29,9,77,5,0,0,7,8,16,22,81,14,0,0,0,0,0,10,6,0,0,0,9,16,23,71,16,0,0,3,103,105,42,39,158,36,0,0,8,11,24,88,79,56,6,0,0,0,0,0,6,0,0,0,7,29,54,136,57,2,0,8,141,73,42,35,158,64,0,1,21,8,2,14,65,38,5,6,6,0,0,0,0,1,58,22,13,32,76,79,87,25,46,5,6,69,110,40,158,53,3,0,1,5,6,15,49,4,0,3,5,1,2,2
0,0,0,5,51,92,29,0,9,7,7,10,24,55,60,42,32,44,9,1,0,0,11,39,31,32,0,0,0,0,1,9,0,1,1,84,123,24,4,0,95,31,0,17,61,15,20,38,120,71,0,0,0,1,8,32,19,23,0,0,0,14,40,9,2,3,2,111,123,0,0,0,59,14,13,56,105,0,2,62,53,27,17,0,0,8,50,110,4,28,33,0,0,41,73,9,2,1,13,76,101,8,1,0,5,45,123,88,36,0,0,4,7,119,123,0,0,0,3,11,0,67,123,1,0,1,2,0
11,4,3,76,39,1,12,28,122,22,6,24,8,0,1,27,43,5,0,0,0,0,4,25,1,2,0,0,0,0,0,2,10,2,3,20,13,5,121,122,51,13,3,8,4,4,60,116,76,6,0,0,0,0,18,97,17,3,0,0,7,25,2,6,81,57,47,51,22,3,29,118,122,64,3,0,0,1,26,113,122,46,0,0,3,17,13,28,15,3,2,4,34,73,56,10,10,15,29,26,89,40,23,26,114,16,1,2,14,17,54,122,105,5,0,9,30,22,7,90,14,0,1,32,56,39,37,41
75,54,18,5,8,26,17,119,103,84,5,0,0,1,1,52,44,58,0,0,0,17,47,8,3,2,2,7,19,80,43,4,122,114,29,23,30,32,12,89,122,60,1,0,17,12,3,57,39,2,0,5,103,81,89,34,71,8,22,23,21,26,44,51,20,122,122,53,7,0,0,0,82,77,19,7,23,3,0,7,32,4,13,64,122,7,1,15,105,9,14,16,11,1,7,88,2,3,23,18,20,4,0,1,15,9,2,10,14,8,4,9,4,5,13,46,20,13,1,2,6,3,13,35,45,9,18,23
44,9,17,20,5,3,13,37,19,13,1,3,4,5,12,45,14,8,4,9,15,9,3,11,19,3,0,1,2,4,25,18,11,1,7,90,101,9,15,17,122,6,1,15,31,4,13,67,23,2,0,8,85,78,18,7,7,0,0,0,23,122,122,54,21,24,42,53,72,8,23,23,104,81,88,34,38,2,0,6,18,12,3,60,122,56,0,0,30,32,12,95,122,108,26,21,21,82,43,4,2,2,3,8,0,19,48,8,44,55,0,0,0,2,1,50,101,84,5,0,7,24,17,120,76,55,18,5
123,120,5,0,4,5,0,2,35,13,0,0,48,95,79,19,37,6,1,2,9,42,123,104,5,3,9,56,37,93,63,6,53,49,10,2,23,16,0,3,32,4,1,12,123,99,7,7,123,37,5,5,24,16,11,37,40,17,26,111,30,1,0,5,14,23,1,11,25,8,2,2,12,9,23,118,111,16,0,0,123,26,24,30,12,3,4,70,41,1,0,10,32,17,12,63,10,4,5,1,3,16,7,14,0,2,13,34,49,13,2,0,7,1,3,15,82,45,29,74,5,0,0,0,13,29,40,123
32,1,0,0,5,5,13,146,63,6,3,9,15,0,0,114,107,22,5,14,19,1,4,22,51,4,0,0,0,26,37,15,76,17,47,54,22,6,9,146,146,45,14,4,1,0,0,146,60,23,22,39,25,14,29,13,15,3,4,10,7,33,93,25,22,75,146,60,0,0,0,7,146,146,91,1,0,0,0,26,54,20,29,76,18,3,2,16,8,8,54,64,5,3,6,9,0,9,55,0,0,0,0,0,1,19,18,0,0,0,0,0,5,4,2,2,0,0,0,0,0,0,3,4,0,0,0,0
3,14,2,0,0,29,72,11,25,9,1,0,0,4,82,117,12,2,1,0,0,0,71,120,17,6,0,0,0,0,9,47,30,1,0,0,0,10,64,45,133,65,28,12,0,2,28,57,26,22,75,78,0,0,39,104,74,9,12,6,0,1,10,121,75,2,0,0,0,0,3,41,133,20,7,3,0,0,0,56,107,37,107,81,0,0,0,5,34,13,55,70,14,3,10,17,53,13,0,0,0,0,0,7,133,12,0,0,0,0,0,83,117,9,7,8,0,0,3,101,2,1,6,70,56,4,8,10
54,67,9,0,0,0,5,40,116,43,28,8,1,0,6,90,108,39,12,0,0,0,0,58,6,10,36,17,0,0,0,8,54,133,26,9,2,0,0,0,58,73,53,97,88,0,0,28,133,24,2,8,11,0,0,81,26,19,10,2,1,0,0,8,37,133,24,21,9,0,0,0,15,52,34,133,130,0,0,1,133,115,15,20,10,0,3,12,25,12,6,1,11,12,18,12,95,32,3,5,16,9,1,17,10,9,5,29,119,63,8,13,68,30,7,3,6,8,7,34,6,8,14,4,16,5,8,5
11,41,14,12,2,1,2,1,1,0,4,16,24,36,14,4,22,52,13,20,56,45,11,3,22,131,21,6,10,6,1,1,3,7,3,4,12,23,18,6,8,0,1,5,89,131,29,6,131,20,0,0,9,57,44,46,61,20,0,0,11,64,46,16,0,0,0,6,49,21,12,4,33,5,0,4,131,75,6,7,131,17,0,0,22,60,85,51,11,0,0,0,0,131,131,10,0,0,0,0,17,28,64,23,3,0,0,15,131,58,22,6,8,0,0,15,43,101,103,21,0,0,0,0,11,131,69,0
27,33,31,10,9,2,4,12,127,24,11,11,9,1,0,39,53,94,81,31,7,9,8,4,8,54,9,0,5,41,15,0,84,11,6,18,31,0,0,101,127,43,6,17,26,2,11,37,77,7,1,0,0,64,95,22,2,0,0,0,0,65,105,3,127,49,16,11,3,0,0,123,57,29,23,49,37,27,73,23,21,3,4,7,4,61,127,42,32,8,0,0,0,26,55,22,127,125,38,4,1,0,0,19,29,15,43,120,28,7,5,11,16,11,62,59,3,3,11,19,19,11,19,0,0,0,9,17
0,9,74,84,29,7,4,0,0,44,125,105,21,16,8,0,0,98,125,11,5,9,27,1,1,18,33,31,31,9,13,1,7,7,15,13,33,125,33,7,81,35,41,30,18,50,48,28,9,21,125,79,9,15,34,2,0,18,125,33,11,9,17,2,12,22,21,9,43,40,1,2,125,48,22,4,2,3,1,40,99,20,98,23,4,0,0,32,5,3,81,74,84,41,16,3,8,24,35,20,11,1,0,0,87,18,26,11,0,0,0,18,113,2,0,1,1,0,0,39,15,0,4,117,47,7,4,20
37,24,3,26,58,25,11,24,141,118,8,5,3,1,3,63,14,25,63,60,12,4,0,3,0,24,62,22,1,1,0,0,37,25,73,138,65,39,23,63,141,64,35,38,5,3,10,141,65,10,10,70,23,7,0,10,0,3,15,19,5,3,1,0,27,51,73,141,17,0,0,5,141,94,55,99,16,0,0,8,94,10,2,29,40,14,0,5,0,0,1,15,40,11,2,0,28,5,8,13,1,1,10,49,56,64,35,20,3,3,2,44,17,12,0,0,26,48,1,3,1,0,0,0,19,48,6,5
52,34,0,1,7,1,0,0,4,1,0,10,35,1,0,0,7,1,0,0,1,0,0,0,0,0,0,0,0,0,0,0,44,93,28,20,28,0,0,0,71,11,3,81,167,1,0,3,167,11,0,8,15,0,0,38,35,0,0,0,0,1,1,10,0,22,37,96,38,0,0,0,68,18,3,73,167,1,0,1,167,38,1,8,19,0,0,34,70,0,0,0,0,8,16,27,0,2,2,33,97,11,0,0,47,6,0,11,167,54,4,19,167,12,0,1,7,3,2,82,39,0,0,0,0,4,20,31
2,0,1,0,0,1,82,50,0,3,10,1,1,1,96,28,0,1,2,1,47,34,36,6,11,5,0,0,21,18,2,3,0,0,20,28,14,23,140,33,11,0,3,12,27,20,140,90,101,13,3,0,10,20,140,138,20,24,10,1,17,37,2,3,0,0,25,45,47,60,2,0,74,20,6,25,131,70,22,14,140,61,1,0,8,12,10,40,27,13,9,3,31,80,2,3,7,1,1,4,36,84,32,6,51,84,62,24,36,23,5,4,140,91,18,1,1,3,1,6,17,50,40,5,8,9,0,2
3,0,0,0,3,9,59,53,25,0,0,1,64,48,31,30,147,9,0,0,7,5,5,51,39,11,2,5,9,3,0,1,9,7,23,33,26,32,83,37,39,18,41,2,14,58,140,46,147,32,7,0,2,9,14,84,64,1,0,8,7,3,13,17,0,21,147,106,26,5,5,1,14,107,147,5,0,3,18,8,137,129,111,10,2,1,13,22,24,3,3,2,0,4,75,25,0,11,72,40,8,1,2,1,3,18,43,20,11,5,47,35,0,5,24,16,4,1,53,40,1,4,18,7,0,0,20,14
0,0,12,8,6,36,127,4,10,0,3,12,17,52,127,28,106,7,1,0,8,12,77,91,14,10,2,1,41,34,0,2,0,0,46,41,37,28,8,0,47,5,12,44,127,40,14,12,127,13,2,3,15,8,6,71,28,34,15,5,34,25,2,12,0,0,1,7,71,76,10,0,45,52,33,29,59,41,19,16,127,127,34,3,2,0,0,14,80,53,9,1,0,0,0,7,2,7,20,51,113,60,10,2,127,102,25,6,6,22,18,23,69,113,26,0,0,0,1,3,21,61,15,0,0,0,2,3
25,15,9,4,74,98,12,15,132,16,2,0,1,4,6,120,30,0,0,0,0,0,0,54,0,0,0,0,0,0,0,0,16,52,19,5,39,23,3,2,72,39,8,0,3,14,11,67,132,15,0,0,0,1,3,97,29,5,0,0,0,0,0,5,25,9,0,0,5,51,67,68,120,47,0,0,3,45,74,48,132,78,1,0,0,1,0,46,63,2,0,0,0,0,0,76,51,22,0,0,19,87,76,101,132,132,3,0,7,30,22,32,53,107,22,1,1,8,2,7,28,2,4,0,0,30,52,66
57,45,36,107,8,0,0,23,122,28,6,5,0,1,4,38,8,4,2,5,41,34,11,5,16,12,11,11,23,17,13,8,21,30,23,107,82,17,3,9,111,28,7,9,14,9,8,49,15,15,14,30,31,11,5,5,26,78,23,12,9,1,0,2,22,23,18,30,122,58,7,23,117,93,11,6,33,30,5,24,29,11,2,2,8,47,58,24,25,24,4,0,3,4,28,47,4,28,84,71,18,21,3,2,10,50,41,19,90,122,6,0,12,5,1,2,69,122,122,56,92,6,0,0,1,9,102,122
137,46,6,1,0,5,93,137,75,39,36,17,3,3,5,22,1,11,101,59,9,9,2,1,9,17,44,58,54,16,7,5,137,137,92,6,0,1,5,46,87,53,6,1,0,5,32,16,35,15,28,12,3,0,10,16,9,56,50,78,64,0,0,0,55,54,11,3,2,0,4,137,39,25,8,1,0,1,8,71,94,22,10,4,2,0,1,12,48,46,42,14,2,2,5,4,14,0,2,15,31,10,12,100,107,5,2,2,1,0,2,137,70,16,5,3,3,0,5,19,32,3,0,0,0,12,44,14
4,22,2,0,0,17,68,12,27,8,0,0,0,2,72,124,12,2,0,0,0,0,57,131,15,2,1,1,1,0,6,53,27,0,0,0,0,9,69,47,135,50,19,3,0,1,30,74,34,31,86,28,0,0,27,93,58,10,14,2,0,1,7,106,70,1,0,0,0,0,3,38,135,22,6,0,0,0,0,64,124,48,112,41,0,0,0,10,18,10,47,61,23,3,9,17,44,5,0,0,0,0,0,5,135,5,0,0,0,0,0,116,106,6,5,6,1,0,10,135,3,1,6,55,53,4,13,21
0,0,0,6,89,41,64,44,1,0,0,2,18,83,75,46,25,7,1,2,15,79,50,18,29,10,4,2,10,10,11,16,3,3,6,126,126,22,28,18,66,30,18,35,23,17,47,61,39,74,44,15,13,11,3,5,23,42,15,13,32,15,4,3,0,1,2,47,126,41,6,5,46,14,5,14,54,19,23,77,35,19,10,0,0,0,6,87,5,5,0,5,60,31,9,8,9,0,0,13,126,42,5,28,0,0,0,2,126,99,126,115,4,0,0,0,0,1,112,126,0,0,0,4,22,19,70,53
0,0,1,4,60,124,3,1,84,82,1,1,54,69,5,4,128,128,0,0,1,0,2,6,10,4,0,0,0,2,8,5,15,5,11,12,65,128,8,6,128,48,6,1,6,39,9,22,128,24,0,0,0,0,7,42,11,0,0,0,4,19,10,20,5,10,128,108,37,21,0,0,128,50,80,38,17,2,6,41,50,0,0,0,0,0,40,123,7,0,0,0,6,64,31,34,0,0,38,31,24,37,40,0,2,0,10,26,117,30,20,23,0,0,0,0,9,6,66,101,0,0,0,0,1,12,42,18
0,0,0,3,26,55,24,0,0,2,7,7,119,77,8,0,0,40,62,11,55,25,0,0,8,36,14,0,0,0,0,6,7,1,6,12,8,104,125,14,125,56,37,5,21,58,83,47,21,67,125,66,34,3,1,2,36,34,12,19,17,2,4,36,11,9,125,125,6,20,34,7,125,74,74,27,0,1,9,38,100,16,19,113,32,0,0,9,14,83,44,58,14,0,0,1,0,1,47,85,3,0,0,0,73,30,48,45,5,0,0,12,98,13,15,21,1,0,0,26,1,22,47,18,1,0,0,0
73,60,107,10,1,14,8,16,1,28,136,13,1,54,89,18,33,67,70,12,0,2,41,49,23,63,6,0,0,0,0,1,45,0,0,0,17,55,8,22,28,2,0,0,92,157,157,98,157,27,0,0,3,39,157,157,37,5,0,0,0,0,0,16,0,0,0,0,3,4,0,0,32,4,0,0,31,67,16,16,157,46,0,0,2,12,12,53,8,0,0,0,0,0,0,1,0,0,0,0,0,0,0,0,0,0,0,0,0,0,0,0,0,0,0,0,0,0,0,0,0,0,0,0,0,0,0,0
25,4,5,41,22,49,41,118,119,21,2,4,4,0,4,123,110,23,0,0,0,0,1,24,6,3,3,0,0,5,17,2,42,13,11,73,91,17,4,27,123,47,2,3,3,5,5,86,114,25,0,0,1,32,53,25,4,0,1,19,25,110,99,3,15,37,93,123,74,11,2,10,123,123,66,19,11,8,4,36,55,9,2,16,35,41,54,31,29,3,7,83,56,28,21,29,2,14,70,36,3,1,0,0,4,34,52,17,14,8,4,2,9,4,4,54,28,3,4,8,9,0,1,22,42,27,51,22
44,25,12,1,1,32,44,18,31,42,68,5,5,35,29,19,93,18,24,7,0,11,14,76,11,7,59,13,0,0,0,5,53,13,1,0,0,12,152,114,37,8,7,1,2,152,152,60,152,19,0,0,0,36,60,123,61,5,1,1,4,0,0,5,0,0,0,0,0,14,152,37,85,6,0,0,0,23,152,51,152,57,0,0,0,2,11,21,33,7,0,0,4,0,0,0,0,0,0,0,0,0,0,0,0,0,0,0,0,0,0,0,0,0,0,0,0,0,0,0,0,0,0,0,0,0,0,0
10,11,39,61,20,21,2,1,19,40,19,18,11,31,20,4,17,15,10,5,5,3,17,19,3,29,31,5,2,1,1,2,0,0,5,22,17,126,55,0,7,8,10,10,33,126,126,29,121,18,3,0,1,21,98,126,30,5,3,0,0,2,9,36,5,3,0,0,97,126,45,2,39,89,34,11,50,126,46,11,126,126,20,2,3,5,17,55,31,1,0,0,0,1,60,55,16,17,39,54,126,43,2,1,90,80,40,10,7,6,2,24,53,49,7,3,0,0,3,21,2,6,14,16,3,3,29,11
0,0,28,39,32,124,10,0,38,9,14,88,35,26,18,89,125,22,2,2,0,0,2,125,95,12,0,0,0,3,3,27,0,2,33,64,37,5,2,0,30,14,17,113,125,27,7,27,125,52,8,8,8,10,8,106,83,12,0,0,7,33,55,25,5,71,24,24,7,3,5,1,7,41,125,125,46,3,0,2,104,125,125,29,8,2,1,11,33,13,3,31,36,16,12,13,1,54,29,4,0,0,0,0,4,13,47,15,4,0,0,0,1,9,34,11,25,14,5,2,5,2,3,30,10,3,5,6
10,62,134,60,4,1,0,0,82,134,134,60,6,3,6,17,102,134,34,14,1,0,0,16,2,4,20,80,24,6,4,3,15,33,31,26,35,15,2,11,134,50,22,2,7,6,3,70,72,67,11,1,0,0,0,13,12,34,45,57,36,0,0,1,6,6,56,134,32,6,1,4,134,123,51,38,8,3,1,33,98,96,4,0,1,0,4,13,24,39,41,10,0,0,21,19,0,2,26,35,0,0,0,0,12,87,52,15,2,0,0,0,10,26,4,11,14,2,11,19,11,7,1,0,0,0,30,36
84,34,23,0,0,0,7,93,84,69,123,19,0,0,1,26,6,13,123,123,3,3,2,1,122,60,85,40,0,0,0,7,123,123,60,23,0,0,0,39,123,34,20,12,0,0,0,66,34,9,23,45,19,23,2,3,26,7,23,37,29,14,4,17,77,123,68,79,26,8,0,4,123,45,25,41,17,7,2,17,35,13,8,15,34,32,5,6,12,63,45,8,11,11,3,3,66,27,32,26,50,28,3,17,67,38,15,14,31,28,9,13,26,17,9,9,3,14,45,33,10,40,9,1,0,3,8,23
0,2,85,42,6,9,2,5,0,6,105,46,79,36,0,0,86,91,9,15,93,21,0,0,61,48,0,0,0,0,1,2,6,0,4,6,10,48,20,22,16,3,10,20,116,128,9,6,128,59,7,3,30,63,8,39,77,17,0,0,1,15,9,45,1,13,101,35,16,22,9,4,8,9,128,128,68,62,5,1,127,36,80,46,39,19,23,70,15,0,0,0,0,18,60,91,0,2,36,16,39,26,1,0,0,0,29,39,48,89,31,0,0,1,11,26,91,45,25,10,0,0,0,0,6,4,20,17
18,8,0,0,0,11,14,30,72,65,0,0,0,14,39,46,34,12,0,0,1,66,80,21,16,5,6,2,4,68,32,17,31,27,77,8,1,0,3,35,45,18,20,46,37,84,125,59,125,23,1,5,5,58,125,66,41,30,22,11,1,5,7,6,13,31,98,29,1,0,0,0,17,8,41,125,120,14,8,3,125,37,7,54,35,6,11,47,47,9,3,1,0,52,56,20,26,14,11,7,0,0,0,0,2,2,9,93,125,1,0,1,58,1,0,25,99,16,18,84,12,0,0,0,8,100,79,39
21,0,0,0,0,0,0,2,117,2,0,0,0,0,16,41,31,0,0,0,0,0,29,68,19,2,0,0,9,38,5,22,3,0,0,0,0,3,2,3,22,1,0,0,7,54,120,57,101,9,0,0,0,9,113,120,28,0,0,0,23,120,25,44,0,0,0,0,0,3,1,0,38,11,0,0,16,52,53,70,120,37,0,0,1,89,62,101,33,1,0,0,3,120,116,51,0,0,0,0,0,0,0,0,23,53,19,0,0,0,23,82,24,43,55,47,28,86,57,94,56,4,28,90,38,120,54,70
0,0,0,0,0,0,0,0,0,0,0,0,0,0,1,2,4,11,7,0,0,0,0,3,0,16,46,0,0,0,0,0,34,41,12,25,2,0,0,2,51,39,26,3,0,0,31,56,125,54,18,0,0,0,10,66,29,65,80,0,0,0,0,0,57,93,26,92,39,18,12,34,70,124,125,10,0,0,11,82,118,125,100,2,0,0,1,21,44,69,11,0,0,0,0,1,21,27,11,11,100,125,52,89,82,60,22,0,0,2,43,125,22,35,19,0,0,0,54,125,9,20,7,0,0,0,53,73
0,0,0,0,0,0,0,0,0,3,2,0,0,0,0,0,1,22,33,0,0,0,0,0,80,37,20,0,0,0,0,27,13,1,0,0,0,0,22,27,80,58,17,0,0,0,14,62,25,119,119,0,0,0,0,2,38,89,96,0,0,0,0,3,95,116,89,3,0,0,22,35,119,119,86,0,0,0,12,78,119,106,19,0,0,0,0,7,3,26,34,12,0,0,0,1,72,62,43,2,9,17,77,119,40,95,69,0,0,0,61,119,32,60,7,0,0,0,83,70,2,12,21,15,1,0,26,37
7,2,0,0,0,0,11,18,95,35,2,0,0,0,19,136,70,31,22,1,2,0,0,101,8,10,14,11,19,1,0,8,56,5,0,0,0,0,1,10,141,107,17,1,0,0,2,45,91,62,43,18,11,0,0,54,24,8,5,4,6,13,17,32,28,19,43,1,0,0,0,0,141,114,141,3,0,0,0,55,74,61,69,32,26,1,1,39,8,7,26,19,120,65,24,9,0,1,48,3,0,0,0,0,8,52,141,9,0,0,1,0,7,56,79,14,50,4,0,0,0,0,8,32,141,21,0,0
6,0,0,0,44,60,48,28,93,0,0,0,0,1,15,122,37,0,0,0,0,15,23,31,0,0,0,0,0,4,9,0,10,5,21,58,17,50,131,62,131,25,5,2,5,2,54,123,83,3,0,37,105,121,71,21,0,0,0,9,18,40,60,3,9,32,131,131,8,0,9,8,131,131,73,17,5,1,15,47,40,3,0,47,55,9,19,26,0,0,0,11,8,2,1,0,1,4,23,131,38,1,0,0,5,7,8,90,19,0,14,27,0,0,0,0,0,0,6,13,0,0,0,0,0,0,0,0
75,72,103,25,11,54,55,11,89,110,110,4,1,1,1,6,3,58,109,50,0,0,0,0,2,44,29,11,0,0,0,0,79,57,82,31,12,1,0,6,110,85,32,6,3,1,0,31,29,28,46,28,11,12,5,10,7,40,19,3,0,0,1,5,38,28,8,5,14,39,81,106,58,43,4,0,1,5,81,110,13,1,0,0,7,34,44,52,1,0,0,0,0,1,3,4,110,15,3,7,77,100,55,101,80,44,2,0,0,4,106,110,32,24,0,0,0,0,27,65,0,0,0,0,0,0,0,0
0,0,0,0,0,1,18,1,0,0,4,12,18,102,116,3,29,18,14,12,63,108,44,11,32,72,55,4,5,0,0,2,19,1,0,0,0,0,18,26,80,58,55,7,2,38,93,38,73,78,116,20,3,34,24,10,116,79,40,1,0,0,0,18,113,60,0,0,0,0,0,35,116,116,20,0,0,0,0,51,68,29,57,16,9,1,0,13,73,46,9,5,3,0,0,23,103,116,76,10,0,0,0,0,104,116,39,14,3,0,0,2,31,12,6,6,7,21,37,28,16,23,1,0,0,2,39,55
56,6,15,5,2,3,21,51,61,2,0,0,1,8,110,97,13,5,2,0,0,18,93,45,3,0,0,0,16,42,23,33,8,11,60,118,71,7,16,8,118,38,4,36,40,8,59,71,64,25,11,1,0,4,62,30,5,3,5,14,37,35,30,16,2,8,8,58,118,13,0,0,52,9,1,19,83,40,97,63,29,1,0,0,0,24,118,118,39,21,6,4,1,2,61,97,0,0,0,0,9,3,0,0,0,0,0,0,7,27,30,3,3,0,0,0,0,22,118,118,104,24,0,0,0,0,79,118
130,130,16,3,0,0,3,67,71,119,130,30,0,0,4,12,1,130,93,55,22,10,8,1,0,1,30,130,127,2,0,0,130,86,46,11,0,0,0,125,130,40,5,0,0,1,46,79,34,30,21,12,15,15,51,29,1,8,68,130,100,3,0,0,45,69,51,8,0,0,0,1,30,20,0,0,1,0,6,7,22,12,6,1,0,0,2,6,0,4,25,22,0,0,0,0,0,0,0,0,0,0,0,0,0,0,0,0,0,0,0,0,0,0,0,0,0,0,0,0,0,0,0,0,0,0,0,0
0,2,10,1,0,0,0,0,2,22,23,2,2,15,9,0,13,12,0,0,2,12,8,1,8,17,0,0,0,0,0,0,0,1,9,4,11,37,0,0,14,17,22,20,57,129,79,19,129,58,1,2,5,42,71,75,60,70,6,0,0,2,42,13,0,0,27,20,12,15,0,0,17,22,129,129,66,53,5,5,129,73,64,34,30,58,40,44,23,2,0,0,43,129,129,20,0,2,30,8,1,1,1,0,0,2,74,71,73,16,1,0,1,7,23,24,129,98,6,0,0,0,5,33,129,87,7,0
0,5,6,0,0,2,2,0,7,4,0,0,0,2,3,1,2,4,0,0,0,0,0,0,0,0,0,0,0,0,0,0,11,11,20,17,43,125,46,14,125,55,2,3,4,37,76,84,56,50,0,0,0,4,50,18,0,0,0,0,0,0,0,0,12,14,120,125,53,47,6,5,125,48,65,49,99,125,100,62,15,2,0,3,56,125,125,20,0,0,0,0,0,0,0,0,0,0,36,50,79,73,8,0,3,16,30,48,125,125,1,0,0,9,24,42,93,42,2,0,0,0,0,0,0,0,0,0
15,0,0,1,8,28,79,127,3,2,9,14,95,127,58,32,53,13,12,9,21,36,40,127,6,0,0,4,13,3,1,6,4,0,2,19,33,45,127,127,127,47,127,52,50,46,94,127,86,74,127,87,7,6,5,35,10,2,7,7,1,0,0,4,6,0,0,1,10,22,50,37,127,30,16,4,0,1,26,102,37,22,52,75,3,0,0,0,0,0,2,5,0,0,0,0,0,0,0,0,0,0,0,0,0,0,0,0,0,0,0,0,0,0,0,0,0,0,0,0,0,0,0,0,0,0,0,0
0,0,0,0,8,9,1,0,38,17,0,1,43,31,5,0,115,96,2,0,1,0,0,2,6,34,3,0,0,0,1,1,3,0,0,0,3,14,18,11,128,32,0,0,20,48,53,90,128,52,0,0,0,5,71,80,10,8,0,0,0,6,87,26,8,8,1,0,0,0,1,6,128,128,64,21,13,2,4,51,73,48,25,68,90,55,128,55,70,40,4,3,2,6,98,57,0,2,1,0,0,0,0,0,1,71,77,32,55,9,0,0,8,46,49,118,128,8,1,1,41,68,18,7,3,13,11,6
