0,0,0,0,133,56,0,0,42,29,0,0,136,71,0,0,69,82,0,0,1,0,0,0,7,18,1,0,0,0,2,2,0,0,0,0,136,101,0,0,133,21,0,0,132,70,0,4,97,19,0,0,0,0,2,13,7,0,0,0,0,1,12,10,5,0,0,0,136,114,1,3,136,2,0,0,81,43,2,27,68,0,0,0,0,1,5,24,16,0,0,0,0,3,10,13,10,0,0,0,136,102,1,5,136,0,0,0,37,21,1,53,49,0,0,0,1,1,1,34,16,0,0,0,3,2,2,11
79,8,0,0,19,8,1,12,0,0,0,2,51,26,3,1,3,5,20,93,63,62,33,2,15,8,6,104,93,81,111,80,34,6,0,0,22,9,14,44,10,1,0,9,57,21,5,9,63,15,22,86,24,3,3,20,9,5,48,146,142,17,30,40,3,0,0,0,5,42,55,79,13,10,3,26,16,3,18,102,61,63,15,14,4,1,1,10,2,7,66,131,10,1,0,0,0,0,0,0,10,57,58,60,6,3,0,2,6,15,80,146,46,23,5,2,0,0,23,146,4,3,17,21,11,3,11,24
141,57,4,3,1,0,3,30,57,14,5,1,0,0,0,9,106,11,0,0,0,0,0,12,27,23,32,33,0,0,0,0,211,57,3,1,0,0,0,105,35,20,11,14,0,0,0,0,159,18,0,0,0,0,0,4,67,22,2,0,0,0,1,11,211,24,2,0,0,0,0,53,21,15,14,15,2,0,0,1,90,4,1,2,0,0,1,55,26,0,0,0,0,1,24,61,211,64,2,0,0,0,0,3,12,6,5,8,26,6,0,1,4,0,0,1,11,12,16,47,1,0,0,0,0,29,74,45
0,0,0,0,0,0,0,0,2,0,0,0,0,0,0,0,0,0,0,6,6,0,0,0,2,6,3,9,6,0,0,0,8,5,1,134,134,0,0,0,134,11,1,55,42,0,0,10,20,5,2,69,83,0,0,0,7,35,19,43,43,0,0,0,2,7,3,134,134,0,0,0,134,20,2,134,134,1,0,8,38,1,0,24,125,9,0,5,19,21,7,21,38,1,0,1,5,2,1,101,134,16,3,3,24,6,7,134,134,12,0,4,11,1,0,2,59,56,0,3,22,1,0,1,18,19,2,8
28,39,0,0,0,1,0,0,122,106,0,0,0,0,0,0,52,150,3,0,0,0,0,0,12,70,1,0,0,0,0,0,22,65,1,0,5,3,0,4,150,111,2,0,3,3,1,19,66,119,24,5,6,1,0,2,16,20,2,1,2,0,1,2,39,18,0,1,44,19,1,7,150,5,0,0,21,14,3,79,117,7,3,3,9,7,5,26,8,8,2,1,3,29,22,2,22,1,0,0,48,27,0,11,150,0,0,0,23,13,0,67,95,0,0,0,0,75,38,29,0,0,0,0,0,150,143,0
38,17,0,12,61,18,57,91,80,8,0,0,0,0,52,140,44,0,0,0,0,0,0,55,1,0,0,10,13,0,0,1,41,7,4,140,140,9,24,43,140,18,2,12,3,0,17,105,140,4,0,0,0,0,0,35,5,0,0,3,8,2,1,5,18,9,21,140,100,0,1,13,140,117,44,69,8,0,0,16,138,27,0,0,0,0,4,8,3,0,0,0,0,6,18,4,15,4,18,53,13,1,8,63,33,87,47,29,1,0,0,2,22,23,0,0,0,12,7,1,0,0,0,0,0,12,21,0
11,133,132,26,17,23,7,1,43,84,45,31,78,7,1,6,133,11,0,2,8,1,0,15,45,25,0,0,0,0,0,0,39,78,15,4,18,74,18,2,37,7,5,4,128,120,13,9,133,12,0,0,11,7,3,33,66,24,1,1,1,0,0,2,19,31,1,0,1,133,52,4,34,87,55,2,12,69,24,4,133,66,20,0,1,1,0,22,66,3,0,1,4,1,1,44,9,118,64,3,5,41,8,1,13,106,59,10,0,0,0,0,48,37,18,2,0,0,2,14,12,0,0,0,1,3,14,67
122,51,1,1,2,4,32,73,11,0,0,0,3,47,122,31,75,1,0,0,2,10,35,122,41,0,0,0,6,21,13,96,122,19,0,0,0,0,58,116,83,12,0,0,0,4,70,55,91,26,1,0,0,0,8,60,76,0,0,0,0,7,16,109,122,15,0,0,0,0,13,95,122,38,0,0,0,0,2,24,63,11,5,0,0,0,1,23,88,0,0,0,0,2,6,63,122,81,0,0,0,0,0,4,122,87,2,0,0,0,0,0,16,20,25,7,1,0,0,2,16,1,2,5,5,4,26,38
141,140,1,0,0,0,34,62,20,1,0,0,7,57,105,39,141,50,0,0,10,32,9,6,113,30,0,0,0,12,12,8,47,19,0,0,0,0,54,120,52,12,2,0,0,2,83,91,141,15,0,0,0,1,11,50,76,3,0,0,0,54,26,26,87,101,2,0,0,0,1,16,80,66,18,0,0,0,0,9,141,27,0,0,0,1,9,37,34,0,0,0,0,28,45,28,22,72,8,2,0,0,0,1,77,31,2,0,0,0,0,3,135,29,0,0,0,0,8,19,34,1,0,0,0,1,18,23
178,13,0,0,5,3,53,116,94,3,0,1,32,22,4,20,3,39,8,1,22,23,9,1,4,67,38,0,0,0,6,7,178,43,0,0,4,6,1,6,125,12,0,0,48,40,2,3,90,79,4,0,9,13,9,10,12,76,25,0,0,35,48,3,178,73,0,1,4,2,1,3,89,19,2,22,89,6,0,4,97,14,2,3,10,7,18,41,6,4,5,0,0,33,50,8,178,79,1,1,1,1,2,2,36,11,5,25,32,10,6,3,22,24,7,6,3,2,2,5,2,8,24,15,3,11,13,1
6,0,0,0,0,87,87,38,0,0,0,0,39,115,28,15,19,34,2,2,51,55,1,1,38,54,3,1,1,0,0,1,0,0,0,0,8,80,66,105,12,0,0,0,5,115,55,50,115,59,3,0,2,36,8,8,36,76,16,0,0,0,0,1,3,0,0,0,16,100,71,115,51,0,0,0,0,31,36,115,115,12,0,0,0,3,9,78,36,15,2,0,0,0,35,78,34,0,0,0,46,91,33,83,115,0,0,0,0,0,6,115,32,0,0,0,0,6,51,92,0,0,0,0,0,21,115,48
0,0,0,0,0,0,0,0,85,1,0,0,0,0,0,21,164,1,0,0,0,0,0,22,54,3,0,1,0,0,0,2,22,0,0,0,0,0,0,7,164,17,0,0,0,0,0,25,164,19,0,0,0,0,0,10,82,3,1,1,0,0,0,5,68,15,3,6,0,0,1,9,164,32,0,0,0,0,0,27,164,29,0,0,0,0,0,10,62,8,0,0,0,0,2,11,27,50,101,97,0,0,0,0,164,117,19,4,0,0,0,1,164,58,1,0,0,0,0,2,17,4,1,0,0,0,1,13
0,0,5,14,44,18,1,0,21,16,2,26,64,8,0,0,67,56,26,8,0,0,0,0,25,85,34,17,7,0,0,0,1,0,0,6,53,27,4,3,31,4,2,14,63,17,0,10,132,41,3,1,1,0,0,15,80,58,7,4,2,0,0,5,6,0,1,36,52,10,18,17,13,6,21,54,20,22,40,9,129,24,9,6,2,22,103,82,39,11,6,5,0,9,132,63,0,0,0,8,101,132,93,10,0,0,0,2,4,74,132,30,2,0,0,0,0,114,132,58,14,0,0,0,0,5,132,118
25,7,28,72,9,0,0,2,104,7,2,12,13,0,0,18,5,1,12,40,51,0,0,1,1,21,55,36,10,0,1,0,7,2,2,49,50,8,19,5,124,11,1,17,21,1,1,3,22,6,4,19,61,3,0,1,39,44,15,2,3,0,2,3,14,0,0,1,11,34,124,115,124,4,0,2,17,4,34,102,30,4,0,3,90,31,14,10,25,9,0,0,4,49,110,25,85,124,48,4,4,44,113,106,124,85,8,0,6,5,12,103,16,1,0,16,107,57,14,12,0,0,3,41,58,90,67,16
0,1,0,0,0,0,0,0,5,58,19,1,0,0,0,0,2,30,36,29,5,0,0,0,0,57,45,6,2,0,0,0,25,4,0,0,0,0,0,7,95,75,33,3,0,0,0,11,13,91,138,31,0,0,0,1,0,138,138,2,0,0,0,0,45,4,0,0,0,0,0,19,138,20,2,0,0,0,0,73,138,138,43,0,0,0,0,15,50,138,37,0,0,0,0,0,29,17,0,0,0,0,1,5,138,94,0,0,0,0,0,9,138,108,0,0,0,0,0,1,117,39,0,0,0,0,0,0
19,10,1,0,0,12,99,83,22,5,3,0,0,6,129,134,5,4,3,1,1,48,93,13,3,2,1,0,0,12,35,21,66,8,0,0,0,8,124,86,134,39,0,0,0,0,26,93,51,22,4,0,3,22,14,11,1,2,1,0,0,10,35,7,134,19,0,0,0,0,3,59,134,29,0,0,0,0,1,82,52,14,23,7,12,24,7,30,0,6,43,6,3,9,15,5,134,100,7,0,0,0,0,37,134,78,5,0,0,0,0,37,93,71,53,13,2,1,0,7,0,2,69,28,2,0,0,0
9,17,99,88,1,1,2,5,101,38,42,26,0,0,0,12,110,76,50,26,2,0,0,3,2,4,40,126,27,1,3,4,3,23,101,107,2,0,0,0,58,19,49,126,20,0,0,2,126,15,2,10,12,0,0,26,13,1,6,45,86,1,0,3,10,9,10,28,14,2,10,39,17,7,2,111,110,5,4,2,126,26,1,18,17,0,0,5,21,5,3,25,66,1,0,1,0,0,0,0,2,19,126,72,9,1,0,9,43,26,126,64,126,13,0,4,16,3,10,23,23,5,0,5,71,12,1,1
1,1,5,0,0,0,2,6,39,4,1,0,0,0,0,9,79,45,0,0,0,0,0,3,5,41,20,5,0,0,0,0,48,0,1,1,0,0,23,156,55,4,3,2,0,0,0,6,157,36,1,0,0,0,0,8,22,33,17,17,2,0,0,2,157,0,0,0,2,3,9,157,67,17,6,1,0,0,0,21,136,13,0,0,0,0,8,75,20,4,2,9,3,0,11,82,157,0,0,0,11,4,1,157,113,3,0,0,2,3,2,77,7,1,0,1,17,26,55,53,3,0,0,0,2,4,55,157
1,0,0,0,0,72,136,10,17,3,0,0,3,13,136,136,3,0,4,102,57,42,92,49,10,2,93,136,24,19,17,5,45,3,0,0,0,90,136,54,136,60,15,5,0,5,58,117,27,21,28,64,53,36,58,26,46,3,7,26,20,18,52,59,56,17,0,0,1,16,30,16,136,36,2,1,0,1,4,37,24,4,5,20,115,34,8,17,2,6,5,2,40,19,55,30,0,0,0,0,0,0,0,0,0,0,0,0,0,0,0,0,0,0,0,0,2,0,0,0,0,1,1,0,1,0,0,0
0,0,0,1,7,22,22,0,0,0,0,6,7,13,48,0,1,0,0,3,1,3,35,12,1,2,3,0,0,0,9,13,0,0,0,0,0,126,159,0,16,0,0,0,0,68,159,36,141,27,2,0,0,4,114,107,23,31,41,0,0,0,0,4,0,1,3,17,10,90,81,0,113,22,6,13,7,30,89,23,159,58,0,0,0,0,11,41,46,21,11,0,0,0,8,4,2,2,3,15,11,11,2,2,66,11,5,11,6,5,1,22,159,5,0,0,0,0,5,159,21,0,0,0,0,3,47,50
2,2,2,2,4,15,11,10,83,0,0,0,3,16,9,99,158,0,0,0,0,0,0,130,18,0,0,0,0,1,7,21,0,20,58,10,6,12,6,5,90,23,109,19,6,13,6,34,158,34,16,0,0,0,0,76,46,0,0,0,0,7,7,13,5,158,158,4,0,0,0,0,12,44,158,47,0,0,0,0,112,106,144,25,2,0,0,5,35,12,1,0,0,3,1,4,47,56,22,0,0,0,0,3,9,5,49,19,10,0,0,1,0,4,24,32,41,0,0,0,9,13,1,2,3,0,0,0
0,0,2,8,3,3,133,105,25,16,6,5,3,3,64,122,16,11,7,48,56,8,9,11,10,4,1,20,9,0,1,6,25,2,3,59,10,2,33,74,133,42,1,1,0,0,10,115,73,40,11,46,35,20,4,8,1,12,14,43,44,6,3,4,23,8,37,133,2,0,0,1,133,35,19,25,0,0,1,58,94,19,15,43,18,36,6,20,24,51,25,19,13,11,2,4,0,2,88,133,0,0,0,0,108,100,110,76,0,0,0,5,77,67,21,55,29,1,0,1,11,4,3,28,44,31,22,9
25,2,3,6,2,8,15,18,69,22,5,5,25,30,11,61,1,3,3,70,131,94,3,2,16,1,9,66,67,14,4,65,10,0,0,5,10,8,2,10,130,19,10,12,18,21,9,63,13,8,65,131,60,36,13,12,8,4,131,131,8,0,2,11,10,2,0,0,0,0,0,1,131,29,1,3,13,19,5,19,17,3,12,32,86,88,47,77,12,2,72,68,8,6,30,131,0,0,0,0,0,0,0,0,7,6,0,4,6,0,4,7,1,0,0,91,113,9,20,17,9,0,0,57,41,7,32,131
4,2,1,5,5,1,36,39,145,79,2,2,1,0,3,14,125,48,0,0,17,19,0,0,0,0,0,0,50,71,0,0,23,5,7,4,0,0,46,88,145,20,0,0,0,0,6,81,121,9,0,2,38,53,4,10,0,5,14,9,73,49,0,0,39,59,25,6,1,0,0,6,145,119,4,0,0,0,0,15,81,22,19,13,11,17,3,11,0,3,22,37,96,18,0,0,54,95,22,6,0,0,0,1,145,128,0,0,0,0,0,1,68,40,9,7,4,10,6,6,0,2,5,25,123,63,11,0
8,4,10,18,18,115,73,22,22,4,3,14,24,43,53,39,3,3,45,44,21,21,100,45,115,42,37,6,0,0,93,115,20,33,84,56,14,32,15,12,27,14,18,17,42,29,39,30,108,39,51,18,3,4,20,42,61,105,78,7,15,4,5,26,15,5,13,24,21,94,82,42,45,15,2,8,56,103,56,21,115,45,1,0,2,2,6,53,35,14,4,7,34,10,38,69,12,7,1,10,90,68,37,13,115,12,0,0,28,39,42,66,96,31,4,3,2,0,6,35,0,0,0,3,8,19,33,41
37,3,1,43,53,0,0,18,130,0,0,1,18,0,0,49,15,0,0,68,130,5,0,4,0,0,4,130,102,0,0,1,29,3,4,66,105,5,0,4,130,9,3,7,21,5,0,18,35,3,0,3,130,41,0,3,37,22,20,130,50,3,0,0,13,26,13,28,27,21,7,5,89,79,27,13,29,26,3,5,21,14,1,3,119,72,3,3,64,57,10,20,21,0,0,2,83,56,1,0,0,1,5,22,28,63,12,15,123,25,0,0,62,36,2,4,80,43,3,10,43,111,13,4,0,0,11,8
1,4,12,30,96,52,2,0,130,24,1,13,33,10,4,32,52,2,0,2,84,72,9,21,4,15,25,29,40,11,1,1,9,1,0,9,66,78,7,8,130,44,3,9,22,10,2,14,23,9,2,26,106,69,18,14,52,17,3,2,11,11,13,61,19,0,0,11,62,12,30,122,130,2,0,7,25,2,1,23,39,1,0,85,130,2,2,7,48,0,0,28,40,1,4,83,6,0,0,0,2,4,45,130,130,0,0,1,2,1,5,130,47,0,0,77,79,0,0,27,5,0,1,69,58,1,1,14
10,14,60,102,6,1,0,6,16,10,27,80,97,7,1,7,2,72,131,102,93,12,0,0,0,121,131,23,1,0,0,0,14,10,8,61,30,32,53,21,26,8,14,69,33,1,0,9,113,72,113,12,0,0,0,16,17,33,114,73,0,0,0,0,22,98,67,40,34,12,19,14,25,15,4,34,52,23,3,3,131,33,1,2,0,0,0,7,57,13,7,23,0,0,0,1,3,15,25,77,74,9,3,4,20,8,6,63,69,13,4,3,79,6,0,0,1,11,48,59,29,1,0,3,0,0,29,71
148,17,0,0,1,1,0,18,11,4,3,18,74,8,1,8,46,98,11,18,21,0,0,0,24,29,2,3,11,12,6,4,148,45,0,0,1,1,0,7,26,3,0,2,37,23,2,6,110,31,1,2,7,8,3,12,13,7,1,6,80,91,8,4,148,59,0,0,4,1,0,0,18,7,0,2,42,9,1,1,66,7,0,0,2,114,28,14,30,10,2,4,19,148,69,15,109,20,0,0,8,8,0,0,3,0,0,0,25,80,9,2,27,4,0,0,24,148,46,11,148,82,0,0,0,107,45,23
0,0,3,0,0,46,48,15,3,0,1,4,6,44,117,33,7,2,6,50,41,3,20,46,38,49,20,17,10,1,1,18,5,6,14,43,48,79,35,13,27,10,9,24,79,62,67,91,131,21,5,11,12,5,19,136,36,66,18,6,17,7,0,6,1,5,31,85,51,4,1,0,43,22,29,96,136,3,1,6,136,87,1,11,27,1,0,20,70,36,2,0,72,25,0,0,2,0,2,4,22,24,73,23,50,3,3,14,136,33,11,14,136,24,0,2,24,4,0,8,56,9,0,1,108,24,0,0
0,0,0,1,16,10,1,2,78,6,0,1,21,6,0,1,177,32,0,0,0,0,0,1,60,19,0,0,30,9,0,0,0,0,1,13,19,15,1,0,108,6,1,6,12,14,4,15,177,18,0,0,0,0,0,17,68,5,0,0,64,16,0,3,0,0,0,18,13,4,50,17,93,21,8,17,7,2,20,17,177,18,0,0,0,0,0,33,61,1,0,0,80,21,0,5,0,0,2,3,0,1,113,51,38,1,0,0,0,0,104,98,177,0,0,0,0,1,6,174,43,0,1,3,50,23,3,25
32,24,13,9,9,5,3,26,23,4,1,11,154,60,3,8,161,12,0,0,25,12,0,8,64,12,1,13,13,0,0,0,32,20,9,14,35,36,14,49,39,7,2,22,161,60,4,21,161,11,0,0,35,11,2,32,95,6,0,11,17,3,0,2,51,6,0,2,32,38,13,44,47,9,2,12,161,70,6,16,161,28,1,6,24,3,1,27,78,0,0,0,8,33,6,19,4,2,2,14,12,19,19,16,21,1,1,14,69,49,10,9,161,10,0,4,8,2,0,60,51,25,29,4,9,14,3,22
6,5,2,44,79,48,22,3,19,2,0,84,155,5,2,8,81,45,15,10,7,0,2,13,12,16,19,17,8,1,2,9,12,29,5,43,72,0,0,0,31,1,1,72,155,8,2,10,155,39,6,24,37,3,2,23,42,36,14,59,43,3,0,4,16,6,0,15,72,1,0,12,27,4,3,90,155,1,0,1,155,23,5,28,39,4,3,43,39,18,12,41,27,25,12,22,13,0,0,1,37,5,1,20,9,3,0,40,155,2,0,1,155,36,3,13,41,1,0,16,23,11,7,37,27,13,6,7
5,5,6,3,10,23,6,7,38,96,98,4,14,18,11,2,5,121,129,21,0,8,8,0,24,72,35,25,5,3,2,15,38,3,1,1,11,47,22,10,129,95,30,1,0,5,11,33,41,45,94,58,11,40,38,11,5,3,23,82,20,8,12,5,32,82,77,0,0,12,23,5,129,61,39,1,0,8,59,94,25,92,48,3,3,75,129,44,18,37,20,23,25,13,22,14,4,40,36,1,0,9,11,4,66,85,39,1,0,1,6,41,42,129,73,9,2,1,5,26,1,18,23,55,56,6,1,1
2,0,0,0,119,32,0,0,126,52,0,0,44,15,0,0,126,36,0,0,0,0,0,4,8,0,0,0,0,8,3,3,13,2,0,1,126,32,0,0,126,54,0,0,36,9,6,16,107,18,0,0,0,0,51,48,4,0,0,0,0,6,17,24,21,1,0,0,126,51,0,1,126,15,7,4,20,16,37,53,46,23,20,6,3,16,126,105,73,14,1,0,0,0,13,73,33,6,0,1,123,36,0,0,126,79,35,6,7,5,1,2,23,97,115,9,1,2,4,6,40,59,9,0,0,0,0,4
36,0,0,28,130,0,0,13,127,0,2,2,12,22,57,91,41,15,5,1,1,23,115,84,31,4,0,0,0,2,4,36,17,0,0,24,130,3,0,8,130,41,31,7,36,11,12,45,68,130,78,3,2,9,14,19,40,43,2,0,0,0,0,7,10,0,2,73,130,1,0,2,130,18,2,17,53,0,0,35,130,41,9,0,0,0,0,11,12,7,1,0,0,0,0,5,1,4,8,49,122,9,2,0,130,49,13,27,41,0,0,2,108,5,0,0,0,0,1,14,4,0,0,0,0,0,1,17
8,2,0,28,136,3,0,0,136,26,2,16,51,3,2,26,49,14,7,28,28,33,15,26,17,15,3,12,85,136,27,16,7,4,0,20,136,6,0,1,136,72,4,12,63,1,1,11,39,24,11,63,56,17,7,7,0,2,50,112,91,48,10,1,6,0,0,9,136,12,1,4,136,10,0,5,72,3,6,90,32,7,5,11,34,34,16,37,5,36,34,15,8,2,0,0,1,1,0,25,136,5,0,2,85,52,1,20,49,0,0,20,37,53,27,0,0,2,2,10,1,61,21,0,0,0,0,0
18,11,0,0,0,0,22,100,10,4,0,0,0,0,168,168,1,0,0,0,0,1,168,168,0,0,0,15,6,6,168,168,36,6,0,0,0,0,0,4,45,18,0,0,0,0,4,21,14,16,2,0,0,0,71,106,1,3,7,0,0,0,168,133,47,4,0,0,0,0,0,3,47,3,0,0,0,0,0,13,32,6,1,0,0,0,0,16,11,16,9,0,0,0,1,2,35,1,0,0,0,0,0,3,36,4,0,0,0,0,0,4,40,8,0,0,0,0,0,3,25,8,0,0,0,0,0,2
0,0,0,3,5,32,107,8,35,18,0,0,0,2,108,57,90,42,23,5,5,5,20,44,21,39,29,7,23,14,27,9,9,0,11,77,56,12,12,9,123,45,0,8,18,4,9,35,92,46,1,0,9,42,62,36,3,1,1,2,52,59,110,35,7,1,22,123,75,0,0,0,123,8,3,71,40,4,0,35,53,3,9,28,78,73,21,21,6,38,35,10,13,32,70,18,4,0,1,117,106,0,0,1,82,1,1,97,97,0,0,44,81,15,50,37,16,0,0,32,6,65,93,12,2,0,0,1
15,10,2,7,12,8,11,1,3,2,2,21,46,13,20,43,42,20,0,0,9,23,85,128,109,26,0,0,7,33,39,41,40,14,3,12,20,18,6,6,31,6,2,20,95,116,7,8,128,71,0,1,17,23,4,19,32,22,0,1,14,10,31,24,10,6,9,16,35,69,8,5,58,4,11,43,64,110,6,4,128,6,1,2,10,11,2,24,15,17,17,5,14,11,1,3,9,116,30,21,21,25,2,0,24,58,38,118,117,1,0,0,128,128,20,9,6,0,0,9,8,128,106,2,0,1,0,1
4,0,0,10,42,41,68,124,66,9,0,0,48,67,53,42,47,11,6,49,20,1,7,36,0,0,0,119,121,1,1,5,18,1,1,124,67,2,21,40,124,49,5,14,3,3,21,39,38,23,7,50,26,2,10,38,6,0,0,98,124,1,3,22,18,3,6,124,106,0,0,3,124,14,11,53,31,1,8,66,29,9,2,17,32,15,26,57,9,23,6,46,43,3,0,8,5,6,20,59,104,5,1,4,25,20,124,53,45,0,1,20,20,14,78,20,3,1,9,45,6,4,3,11,13,5,18,34
20,0,0,0,0,0,0,40,30,0,0,0,0,5,21,39,18,6,0,0,1,36,53,10,44,32,8,2,15,45,8,4,36,1,0,0,0,1,4,32,10,0,0,0,0,20,46,20,76,22,0,0,1,22,26,10,45,17,0,0,72,162,11,3,9,0,0,0,0,3,32,58,34,1,0,0,0,22,48,19,78,5,0,0,19,162,19,17,19,43,5,0,143,162,5,1,7,0,0,0,0,6,43,22,66,2,0,0,5,19,20,25,17,3,3,0,128,162,8,6,104,111,9,0,74,162,0,3
4,83,115,2,1,31,12,1,57,62,111,19,0,0,1,11,115,43,17,3,0,0,2,19,16,4,2,26,23,5,5,5,10,55,89,3,0,6,53,40,59,60,115,30,3,1,6,21,26,51,85,52,47,12,21,9,8,0,16,23,13,26,65,16,89,4,5,14,7,18,57,80,115,15,5,2,3,20,77,78,49,15,56,49,30,23,47,48,12,7,96,115,2,2,7,12,27,4,10,56,32,0,7,21,32,3,1,1,1,6,104,83,53,2,1,0,0,3,53,115,7,1,9,42,1,0,61,102
2,20,22,3,2,4,27,9,6,16,16,22,64,21,11,2,65,118,4,2,15,8,11,5,9,86,5,0,29,77,6,1,25,5,0,0,0,10,118,58,97,47,50,11,17,9,26,53,56,63,41,17,42,33,53,15,3,3,0,1,33,118,76,3,118,33,0,1,2,4,35,58,118,40,3,1,6,23,66,49,4,2,4,14,89,71,118,25,0,0,0,3,91,97,38,4,118,4,1,27,11,1,1,64,68,3,0,8,62,60,17,31,5,19,8,11,36,71,118,9,6,35,36,0,10,22,24,3
79,3,1,30,17,6,25,134,11,14,4,16,42,25,33,62,56,84,2,2,4,0,0,0,62,73,0,0,0,0,0,0,37,3,5,134,72,0,10,110,134,42,4,7,0,2,13,112,71,128,10,0,0,0,0,2,68,41,0,0,0,0,0,1,18,7,14,134,60,1,2,2,134,35,18,58,4,0,0,24,134,49,1,0,0,0,0,13,28,45,0,0,0,1,6,2,0,0,3,57,29,7,20,5,102,38,23,50,11,0,0,2,132,20,0,0,0,1,9,15,7,4,0,0,0,11,38,4
122,28,0,0,0,0,0,1,122,30,0,0,0,0,0,1,122,21,0,0,0,0,0,6,95,20,0,0,0,0,0,20,122,28,0,0,0,0,0,1,122,46,0,0,0,0,0,4,122,36,0,0,0,0,0,7,122,44,0,0,0,0,0,5,122,21,0,0,0,0,0,28,122,16,0,0,0,0,0,67,122,2,0,0,0,0,0,95,121,4,0,0,0,0,0,71,105,8,0,0,0,0,0,46,120,7,0,0,0,0,0,39,112,5,0,0,0,0,0,51,101,0,0,0,0,0,0,64
11,12,12,42,33,21,42,68,20,15,1,2,42,39,44,32,30,22,3,3,42,55,4,3,10,97,14,3,57,47,0,0,15,10,17,125,113,2,16,19,113,54,6,33,19,4,23,32,15,45,30,40,42,22,6,6,14,125,34,4,6,11,4,1,17,2,1,125,125,4,8,56,43,6,1,74,98,12,50,52,38,12,4,6,5,20,81,82,22,22,4,1,12,125,27,29,3,0,0,23,81,18,80,125,1,3,0,45,125,25,34,10,26,8,0,1,3,6,23,38,5,0,4,9,22,61,18,17
26,38,1,0,0,0,0,0,137,100,0,0,0,0,0,9,137,87,0,0,0,0,0,19,137,47,0,0,0,0,0,10,9,10,0,0,0,0,0,0,137,46,4,0,0,0,0,26,137,26,0,0,0,0,0,72,137,45,0,0,0,0,0,16,0,0,0,0,0,0,0,0,39,51,17,0,0,0,0,4,137,54,2,0,0,0,1,51,137,26,0,0,0,1,28,57,0,0,0,0,0,0,0,0,4,3,1,0,0,3,14,6,52,13,1,0,0,3,69,135,39,59,7,0,0,2,136,107
0,2,14,4,0,0,0,0,3,9,24,21,7,0,2,4,21,60,28,16,9,1,38,98,9,29,36,31,4,1,131,131,5,1,1,1,2,14,13,11,131,55,68,22,2,9,18,58,51,107,131,66,19,4,6,6,16,42,44,87,38,13,32,21,5,0,0,0,0,2,6,9,131,48,7,4,3,2,10,64,84,22,20,39,131,37,8,8,57,3,2,11,81,41,35,69,0,0,0,0,0,0,0,0,14,15,3,5,2,0,0,0,5,8,4,64,131,8,0,0,65,0,0,24,131,17,5,100
3,0,0,0,43,140,6,5,151,1,0,0,12,36,10,60,151,0,0,0,0,0,0,13,0,0,0,0,0,0,0,0,21,20,2,0,5,151,16,4,151,79,1,0,1,24,16,50,151,7,0,0,0,0,16,31,0,0,0,0,0,0,0,0,27,16,1,0,1,28,27,51,133,39,3,0,0,0,102,151,19,4,3,0,0,0,104,44,0,0,0,0,0,0,0,0,17,78,20,3,0,1,19,25,23,151,42,0,0,0,14,27,0,40,24,0,0,0,8,2,0,0,0,0,0,0,0,0
177,3,0,0,0,0,0,89,5,11,8,0,0,0,0,0,0,8,15,1,0,0,0,0,0,0,10,2,0,0,0,0,223,1,0,0,0,0,0,176,26,4,2,0,1,0,0,4,4,3,0,0,0,0,0,0,0,1,0,0,0,0,0,0,223,0,0,0,0,0,0,164,59,1,1,1,0,0,0,7,3,2,1,0,0,0,0,0,0,0,0,0,0,0,0,0,223,2,0,0,0,0,0,59,75,0,0,0,0,0,0,4,0,0,1,1,0,0,0,0,0,0,0,0,0,0,0,0
0,0,2,4,29,19,0,0,38,0,0,2,102,45,1,18,158,0,0,0,6,5,1,73,33,0,0,0,0,0,0,8,0,0,0,0,23,145,1,0,56,3,0,0,44,158,15,25,158,8,0,0,1,12,7,67,62,0,0,0,0,0,0,5,1,0,0,0,31,158,9,1,86,48,4,0,5,116,9,18,158,48,0,0,0,2,45,83,29,0,0,0,0,0,22,18,1,0,0,0,51,91,17,13,31,15,0,0,0,3,32,66,40,36,8,0,0,0,90,96,0,3,3,0,0,0,29,4
137,86,0,0,0,0,0,0,137,17,0,0,0,0,0,31,137,1,0,0,0,0,0,43,43,6,0,0,0,0,0,3,137,79,0,0,0,0,0,0,137,28,0,0,0,0,0,17,137,2,0,0,0,0,0,56,89,1,0,0,0,0,0,24,137,90,1,0,0,0,0,0,95,71,0,0,0,0,0,0,137,30,0,0,0,0,0,22,108,0,0,0,0,0,0,36,76,72,13,0,0,0,0,0,64,91,0,0,0,0,0,0,52,74,2,0,0,0,0,3,96,12,0,0,0,0,0,7
12,8,1,3,1,0,0,0,89,5,0,0,0,0,0,15,95,13,24,19,0,0,0,18,3,14,118,39,0,0,0,0,44,50,11,20,14,0,0,0,160,33,0,0,0,0,0,53,160,18,13,3,0,0,0,73,59,28,76,9,0,0,0,4,57,16,2,5,15,4,0,4,160,72,0,0,0,0,0,6,160,62,0,0,0,0,0,18,93,2,0,0,0,0,0,24,65,25,0,0,5,6,0,3,160,103,0,0,0,0,0,0,160,44,0,0,0,0,0,10,77,0,0,0,0,0,0,22
126,20,0,0,0,0,0,83,126,2,0,0,0,0,0,90,73,7,0,0,0,0,0,28,50,7,0,0,0,0,0,35,126,126,4,0,0,0,0,4,126,88,4,0,0,0,0,33,126,10,0,0,0,0,0,33,82,30,0,0,0,0,0,3,126,126,8,0,0,0,0,0,24,126,56,5,0,0,0,0,85,17,13,7,0,0,2,29,67,5,0,0,0,0,9,76,126,86,34,40,0,0,2,40,15,39,88,42,4,12,15,18,2,0,17,54,9,28,22,14,1,0,2,2,0,13,59,55
2,0,0,0,135,51,0,0,135,25,0,0,54,12,0,0,74,31,7,2,2,5,1,0,0,9,8,8,35,22,0,0,10,0,0,0,135,76,0,0,135,19,0,0,34,13,4,8,70,12,0,0,0,53,34,10,21,108,1,0,8,44,9,0,15,0,0,0,135,62,0,2,123,5,0,0,15,9,22,47,59,108,0,0,0,30,49,17,52,135,0,0,0,4,2,0,9,2,0,0,135,45,0,2,67,76,0,0,4,2,3,19,80,135,0,0,0,0,3,3,29,58,0,0,2,3,0,0
1,0,0,0,0,40,111,34,128,14,0,0,14,128,55,21,128,16,0,0,1,28,37,27,6,0,0,0,0,15,38,41,6,2,0,0,2,86,128,11,128,22,0,0,1,57,48,51,124,4,0,0,4,62,33,36,80,0,0,0,0,14,15,52,44,40,2,1,6,25,28,43,128,109,1,0,2,9,17,43,69,2,0,0,2,29,54,46,117,0,0,0,0,9,7,32,122,23,0,0,0,0,0,40,95,24,0,0,0,0,7,58,53,13,0,0,0,0,18,34,72,1,0,0,0,3,7,38
0,1,5,5,22,18,0,0,4,0,1,1,48,133,40,16,62,0,1,11,26,37,46,73,25,8,3,26,41,8,5,6,1,0,0,6,107,38,0,0,36,4,1,36,133,133,11,20,133,10,2,10,35,34,12,75,67,36,2,12,60,15,1,4,1,0,0,19,121,10,2,3,23,26,11,133,133,32,0,1,133,68,11,27,16,22,20,21,93,74,0,0,9,20,11,7,0,0,1,10,60,14,10,6,2,16,40,53,88,17,0,0,39,66,39,19,11,9,7,3,93,74,2,0,0,3,3,2
32,7,8,58,50,4,25,44,77,9,0,4,8,3,43,108,18,44,4,2,2,20,25,14,1,33,23,8,30,76,7,0,27,4,4,50,113,9,5,32,113,42,2,11,38,7,5,42,43,48,0,0,2,105,24,7,24,34,9,34,28,71,21,2,6,3,3,86,75,35,37,19,82,14,4,16,19,31,64,56,55,3,0,0,3,113,91,51,110,28,2,6,7,12,14,49,2,14,23,10,11,64,113,16,11,41,15,10,15,43,113,15,33,0,1,10,32,63,113,63,97,32,8,0,0,6,41,113
6,2,1,5,8,4,62,56,26,16,1,16,27,6,19,12,27,15,1,6,28,2,0,0,3,18,30,21,12,0,0,0,25,28,16,7,4,42,126,126,126,36,2,0,3,5,54,126,39,9,0,0,30,43,17,7,17,20,3,0,2,8,71,24,21,126,126,22,8,13,17,17,126,126,65,3,10,7,2,24,18,3,1,4,101,96,27,5,0,0,2,16,35,63,126,41,6,91,85,5,0,0,0,0,0,17,43,34,16,0,0,0,0,0,12,91,115,26,3,0,12,5,47,72,30,21,14,12
17,0,0,0,22,35,13,12,174,0,0,0,4,8,7,67,83,5,0,1,15,10,1,17,31,28,2,0,0,9,13,13,31,1,2,40,62,44,2,7,174,7,1,2,5,8,2,33,122,8,4,23,17,2,0,11,21,6,4,3,1,6,12,17,19,15,21,174,72,2,0,0,174,61,18,24,1,0,1,14,101,4,2,7,4,7,18,22,29,14,6,1,0,0,2,14,1,5,36,174,43,0,0,0,124,62,82,76,0,0,0,9,46,45,29,0,0,0,5,11,15,15,25,1,0,0,0,13
4,15,38,9,1,3,1,7,3,0,9,11,6,24,21,37,0,0,0,22,11,7,42,55,0,0,11,64,38,10,3,4,2,2,3,2,6,75,37,6,8,1,1,4,59,134,88,18,134,11,0,1,6,45,118,134,47,21,17,21,2,0,4,25,0,0,4,21,74,115,35,0,21,37,55,24,114,134,36,4,134,73,24,8,12,9,6,24,106,42,6,0,0,0,0,4,0,1,28,69,49,8,1,0,5,38,111,46,41,24,3,0,134,71,19,12,13,5,0,8,58,10,0,0,0,0,2,33
19,0,4,45,31,17,23,32,27,6,0,1,32,120,62,43,99,29,0,0,2,14,43,95,37,24,6,1,0,0,4,20,1,0,13,134,71,9,6,5,35,12,7,134,81,81,23,53,134,55,4,8,4,5,5,109,68,29,5,2,3,9,6,5,0,0,7,128,41,4,0,0,11,31,88,134,48,1,0,4,134,134,101,33,2,0,1,16,35,11,24,3,1,16,16,7,0,0,0,5,19,29,7,0,1,10,39,33,12,15,33,7,4,37,60,3,0,0,28,18,0,3,27,2,0,4,14,1
62,121,79,32,19,11,0,9,38,93,27,44,19,9,1,3,44,109,4,3,12,9,1,0,1,3,0,0,8,34,5,0,11,16,12,20,98,40,3,4,121,44,3,5,43,37,12,37,52,34,4,4,52,67,21,7,0,0,0,1,24,25,15,11,16,6,3,16,115,68,31,9,121,15,2,9,52,37,30,50,17,0,0,0,17,121,111,33,0,0,0,0,2,20,108,99,12,21,3,0,8,47,43,6,22,42,11,5,43,48,4,6,0,0,0,0,60,121,86,8,0,0,0,0,0,27,121,108
77,8,16,34,4,7,22,50,0,0,8,55,15,32,42,7,62,12,3,5,1,2,15,100,41,4,1,12,8,12,24,68,136,3,8,20,13,6,7,136,7,2,6,52,95,17,5,13,91,85,10,8,9,1,0,18,30,42,25,35,5,7,14,21,136,62,0,0,2,2,4,136,41,5,11,28,36,7,5,50,63,11,16,42,9,2,15,88,23,5,4,17,8,6,29,114,114,102,17,0,0,0,0,19,126,43,16,6,0,0,0,29,25,25,48,136,8,1,4,14,35,6,16,47,4,1,9,60
3,1,9,69,44,5,9,25,19,1,4,26,16,18,34,141,0,0,0,14,112,59,22,16,0,0,0,12,93,82,27,0,11,5,17,94,26,10,7,22,10,2,9,91,75,18,11,35,33,8,3,37,46,6,11,30,1,2,2,103,141,86,0,0,5,7,17,27,34,49,22,28,11,2,0,12,75,92,13,9,95,27,6,18,9,2,3,43,10,7,6,141,141,7,3,12,9,6,15,68,70,4,0,10,3,5,19,76,60,9,3,8,23,23,43,5,0,0,6,65,4,2,11,69,141,13,12,32
126,135,7,1,3,31,6,2,74,135,1,0,0,1,2,2,24,51,7,0,0,0,1,5,6,38,20,3,2,0,0,0,50,135,58,5,3,1,25,30,20,44,2,5,25,22,11,16,121,13,1,1,1,4,7,34,32,7,1,2,12,8,0,1,125,88,45,0,2,3,135,135,61,34,36,37,21,4,1,39,121,37,16,11,3,1,1,11,34,8,1,16,23,4,0,2,73,135,135,3,0,0,5,25,39,58,14,20,31,3,0,3,43,3,3,16,32,10,7,55,29,1,0,4,23,29,7,35
130,130,6,2,11,24,7,8,10,11,10,11,59,46,12,10,116,68,10,2,6,1,8,22,30,44,7,7,74,24,1,2,51,73,17,19,26,14,2,3,60,91,41,14,23,18,2,11,66,64,56,22,26,4,17,29,18,6,13,13,44,18,33,41,14,66,32,45,108,6,1,2,130,38,6,25,67,8,5,41,25,8,9,18,65,21,14,18,12,9,24,5,7,1,10,35,13,6,1,6,70,61,5,5,45,25,3,9,39,52,20,40,8,4,1,12,64,130,130,57,6,10,16,2,2,8,130,130
148,41,3,1,1,0,2,6,12,4,7,13,16,5,8,10,39,7,8,2,1,1,3,50,14,1,3,11,3,0,3,29,47,56,16,0,1,123,148,35,89,23,13,7,2,7,99,131,28,15,28,27,9,1,4,14,3,0,5,19,10,4,33,59,23,148,53,0,3,148,86,20,148,148,39,0,0,5,31,61,37,14,10,20,5,0,2,15,2,2,31,58,11,2,5,9,2,148,50,2,6,13,0,0,1,61,30,3,10,11,0,0,3,6,4,0,2,6,9,18,1,4,6,10,14,13,11,12
0,3,3,3,33,9,4,0,27,0,0,0,88,34,1,14,123,0,0,0,2,2,0,42,18,1,0,0,1,2,3,8,8,0,0,1,32,10,101,74,29,6,5,17,123,15,5,23,123,22,4,2,5,2,1,45,31,1,1,7,6,2,4,5,123,15,0,3,18,12,50,123,72,62,68,36,30,1,0,35,65,92,46,5,7,61,23,4,30,7,1,2,0,41,96,44,123,123,1,3,30,4,1,12,69,117,14,2,24,42,0,3,3,53,9,2,55,123,11,0,43,123,3,0,2,55,36,21
5,1,2,4,5,23,29,14,11,10,16,8,6,10,38,56,122,19,8,0,0,0,13,122,100,0,0,3,113,27,3,58,18,4,4,9,14,26,16,10,72,50,31,4,2,1,4,13,122,44,23,1,8,7,13,122,63,0,0,2,51,83,91,122,80,14,0,0,5,25,28,20,78,21,0,0,0,2,11,40,4,2,0,0,24,37,52,49,24,4,0,0,5,29,91,84,94,29,2,2,7,2,1,9,23,3,0,0,11,34,16,15,1,0,0,1,46,122,122,25,28,0,0,0,2,26,116,122
13,0,0,0,53,59,52,130,31,3,0,0,0,0,44,130,54,8,0,0,0,0,10,47,8,3,1,22,7,0,0,2,53,4,18,78,92,32,6,80,130,46,5,2,0,0,4,130,93,88,0,0,0,0,10,22,5,14,2,3,4,48,10,2,21,16,127,130,9,2,5,28,130,95,86,26,0,0,6,32,54,14,3,0,0,1,79,53,0,2,6,11,31,86,46,8,32,5,16,17,14,3,17,127,35,69,35,9,5,1,6,14,16,28,35,4,7,3,12,18,5,24,63,24,9,4,6,4
173,27,1,0,16,10,4,50,43,9,10,12,12,51,39,27,54,7,1,2,11,28,18,15,58,19,5,0,3,2,6,23,173,88,0,2,17,2,2,14,49,11,0,6,81,59,34,21,158,12,0,0,7,15,17,41,28,4,0,0,4,19,18,27,173,38,0,2,17,1,0,10,37,24,7,27,101,5,0,6,108,72,5,7,10,4,2,13,11,1,0,3,42,61,37,10,173,34,0,0,5,2,0,5,36,12,2,4,18,8,1,6,39,31,2,1,24,42,8,7,0,1,12,13,71,102,67,7
1,0,0,1,2,6,55,29,0,0,1,54,10,9,49,16,12,9,59,69,6,5,17,9,32,7,42,32,19,13,17,26,20,31,88,19,13,2,13,15,17,2,16,31,102,47,72,22,126,19,19,10,20,17,37,56,25,7,17,38,126,52,7,2,51,15,34,13,32,88,34,98,37,21,6,17,126,124,3,2,126,43,1,2,25,42,12,25,15,2,4,16,126,104,8,6,91,0,0,0,23,42,24,126,71,24,0,0,39,52,4,5,81,46,1,7,60,35,6,3,21,6,2,2,39,55,18,24
0,0,0,4,52,68,25,5,17,1,1,2,7,36,80,142,7,0,2,15,9,32,32,42,1,0,0,3,4,17,15,5,7,0,0,1,146,141,9,4,146,24,0,0,46,66,36,99,78,25,16,10,3,15,18,34,6,1,5,6,7,10,9,8,23,2,0,0,146,139,21,1,146,31,0,0,55,18,0,25,86,10,3,3,6,27,28,33,20,2,0,2,7,27,19,8,26,9,24,48,102,43,18,0,146,60,0,4,22,2,0,1,43,12,0,3,40,13,5,3,48,5,0,1,11,7,5,11
0,0,0,0,17,75,56,2,14,2,0,0,3,20,59,49,12,6,2,32,25,3,9,22,7,0,1,61,35,0,2,42,27,37,4,0,0,147,147,46,147,52,3,0,1,13,96,142,59,21,6,11,28,12,16,15,1,0,1,59,54,8,19,13,27,147,95,1,0,37,52,10,147,147,53,7,5,1,20,50,34,2,0,1,34,22,55,55,0,0,1,6,25,16,18,10,26,134,31,1,2,3,12,21,6,16,15,17,23,10,19,16,16,6,1,2,3,4,22,32,20,6,9,4,3,4,10,18
4,0,1,93,104,5,3,13,11,1,1,66,54,5,4,4,116,45,11,1,1,0,1,6,54,43,67,11,11,4,2,4,24,3,7,50,55,26,23,31,18,4,5,87,116,45,3,6,116,26,3,4,10,4,3,35,66,4,0,0,12,33,32,28,3,0,0,3,21,37,116,88,5,11,28,66,66,24,82,25,101,53,24,11,2,4,71,34,20,1,0,0,6,66,82,17,0,17,31,6,18,20,68,31,3,66,80,2,0,2,116,42,2,35,116,0,0,4,101,17,0,5,116,15,1,25,72,6
58,8,0,0,0,0,20,67,24,8,0,0,0,0,177,177,1,9,6,0,0,4,177,177,1,0,4,2,0,0,177,177,84,5,0,0,0,0,0,7,83,22,0,0,0,0,1,9,33,42,17,2,0,0,16,15,8,11,46,35,1,0,75,56,77,4,0,0,0,0,0,18,79,6,0,0,0,0,0,32,58,4,0,0,0,0,4,37,21,5,8,9,2,6,31,16,41,0,0,0,0,0,0,36,54,0,0,0,0,0,0,43,20,0,0,0,0,1,23,29,25,5,0,0,0,11,30,12
8,4,38,138,135,11,2,7,17,138,138,126,49,3,0,0,82,138,11,0,0,0,0,2,33,44,13,0,0,0,0,1,7,5,46,39,25,7,11,28,26,64,77,35,7,1,0,3,127,21,0,0,0,0,0,16,61,2,0,0,0,0,0,16,12,2,20,24,1,2,47,132,17,2,8,15,10,13,78,52,110,11,0,0,0,0,2,29,59,1,0,0,0,0,0,15,0,0,50,132,1,0,15,13,21,3,46,55,0,0,37,61,78,4,7,1,0,0,1,100,39,0,0,0,0,1,2,29
80,21,1,3,4,2,3,3,12,3,2,13,36,11,18,47,48,9,0,0,9,20,84,130,111,9,0,0,4,19,45,62,58,26,1,7,8,12,4,3,28,3,1,9,64,108,8,10,130,36,0,0,13,23,4,27,34,9,1,1,5,9,50,38,31,24,13,10,21,34,6,5,40,20,26,92,59,58,3,3,130,70,11,10,6,6,1,14,13,68,91,4,4,3,1,2,33,130,18,11,4,4,2,7,10,93,54,130,66,0,0,0,59,130,37,14,4,0,6,4,4,118,104,5,2,19,25,2
104,40,7,0,0,0,27,164,17,0,0,0,0,9,164,164,0,0,0,0,0,15,164,158,15,7,0,0,0,1,102,164,31,17,0,0,0,0,3,13,26,12,0,0,0,0,62,46,12,11,0,0,0,0,99,102,9,1,0,0,0,0,113,164,25,4,0,0,0,0,0,9,35,3,0,0,0,0,0,16,28,5,0,0,0,0,0,13,28,2,0,0,0,0,5,21,16,0,0,0,0,0,0,12,28,0,0,0,0,0,0,14,30,0,0,0,0,0,0,10,26,0,0,0,0,0,0,6
0,19,6,0,0,0,0,0,0,9,30,1,0,0,0,0,128,69,24,1,0,0,0,4,166,166,79,1,0,0,1,36,0,33,5,0,0,0,0,0,0,29,22,0,0,0,0,0,143,18,19,1,0,0,0,40,166,7,0,0,0,0,2,166,0,28,9,0,0,0,0,0,1,32,10,0,0,0,0,0,80,35,17,3,0,0,0,6,166,87,1,0,0,0,0,33,0,20,10,0,0,0,0,0,0,27,11,0,0,0,0,0,91,42,11,0,0,0,0,0,166,89,3,0,0,0,0,10
84,0,0,0,0,8,18,121,81,4,3,14,11,1,0,67,6,5,7,28,28,1,0,1,26,7,2,32,50,7,2,3,121,85,68,0,0,7,7,72,121,38,10,13,7,2,4,56,19,4,3,38,37,10,6,8,28,20,7,34,49,2,0,4,51,121,121,5,0,0,5,24,65,73,92,66,21,15,27,10,19,2,32,39,17,41,53,25,25,13,15,11,5,9,16,23,100,12,7,4,1,1,61,121,31,16,61,55,10,4,60,108,12,7,121,121,4,3,16,33,5,0,17,88,16,19,22,11
44,9,0,0,53,19,1,14,2,5,3,2,113,31,0,0,77,30,4,0,2,0,0,2,183,92,0,0,0,0,0,1,56,1,0,0,60,28,3,24,9,24,18,5,75,21,1,5,99,37,28,5,1,0,0,2,183,49,0,0,1,0,0,4,44,8,0,4,66,25,0,3,18,6,1,2,45,22,10,47,113,21,2,2,2,3,6,24,183,61,0,0,2,2,0,4,18,20,5,39,59,2,0,0,10,36,21,27,33,3,1,6,120,56,9,2,0,0,0,4,183,72,0,0,6,3,0,2
3,1,5,23,60,8,3,7,8,12,65,48,52,2,3,55,131,27,29,12,0,0,1,120,131,52,0,0,6,31,7,18,21,4,4,18,30,7,6,48,121,80,112,52,14,1,0,2,131,75,131,88,1,0,0,13,131,17,5,0,1,54,37,48,45,0,0,0,3,4,35,95,131,12,7,5,2,3,15,82,55,15,37,35,8,13,10,29,10,9,4,2,1,7,8,6,55,9,0,0,0,0,14,41,131,11,0,0,0,0,5,59,68,1,0,0,0,1,2,28,4,3,0,0,0,0,0,0
51,34,0,0,136,136,0,0,8,3,0,0,88,56,5,4,50,13,10,9,8,7,3,10,10,4,7,109,133,3,0,0,4,5,0,1,136,136,1,0,12,1,0,5,50,72,35,14,124,7,0,0,13,31,18,43,14,1,0,12,107,62,2,4,1,1,1,3,136,115,2,1,18,16,6,40,38,20,6,3,89,48,2,7,36,24,3,12,2,0,0,0,54,47,1,2,0,0,0,0,136,82,9,1,44,27,0,2,8,20,23,4,48,44,2,15,67,8,0,0,0,0,0,5,43,7,0,0
129,36,0,0,0,0,0,2,136,57,0,0,0,0,0,6,136,51,0,0,0,0,0,13,136,46,0,0,0,0,0,7,99,69,0,0,0,0,0,0,136,48,0,0,0,0,0,11,136,28,0,0,0,0,0,17,136,6,0,0,0,0,0,23,49,21,0,0,0,0,0,1,136,17,0,0,0,0,0,44,136,12,0,0,0,0,0,30,136,5,0,0,0,0,0,37,2,7,0,0,0,0,0,0,95,25,1,0,0,0,0,16,136,5,0,0,0,0,10,55,51,2,0,0,0,0,33,76
21,0,0,0,0,0,0,5,127,2,0,3,39,3,0,35,14,4,1,16,132,14,10,26,52,9,1,1,3,3,14,41,28,1,0,0,0,0,0,1,149,40,6,25,16,0,0,5,24,33,22,149,105,1,1,3,51,74,26,19,6,0,0,6,20,0,0,0,0,0,6,37,149,8,1,6,9,0,6,144,40,11,6,87,101,3,1,23,29,21,8,22,18,2,0,2,2,0,0,0,0,0,32,78,71,0,0,0,0,0,69,149,16,0,0,10,25,31,119,149,7,1,1,4,8,12,32,33
16,6,16,48,49,14,3,5,142,15,7,27,51,6,2,22,9,1,0,31,134,4,0,1,0,0,0,0,2,0,0,0,16,1,3,19,84,47,30,7,142,17,5,37,34,18,6,13,29,7,3,142,134,1,0,0,0,0,0,6,5,0,0,0,27,0,1,28,142,15,4,1,142,3,1,7,28,10,3,13,44,1,0,37,142,18,1,4,0,0,0,3,7,0,0,0,18,0,5,131,106,9,0,0,142,8,1,18,34,1,0,1,37,3,1,18,134,10,0,0,0,0,0,0,6,2,0,0
111,0,0,0,0,0,0,126,76,0,0,0,0,0,0,126,22,0,0,0,0,0,0,33,0,0,0,0,0,0,0,0,126,26,0,0,0,0,0,31,126,30,0,0,0,0,0,96,126,5,0,0,0,0,0,74,12,0,0,0,0,0,0,4,126,40,0,0,0,0,0,12,126,126,0,0,0,0,0,9,118,95,0,0,0,0,0,13,36,13,0,0,0,0,0,4,100,5,0,3,1,0,9,114,95,21,0,0,0,0,34,126,50,53,0,0,0,0,24,108,9,22,8,7,1,0,4,18
14,24,1,0,92,129,3,1,129,76,0,0,3,48,5,6,117,22,0,0,0,0,0,9,30,25,3,1,1,0,0,0,15,129,27,3,66,100,0,0,70,121,35,15,0,0,0,8,129,17,1,1,0,0,0,17,39,9,0,0,3,13,6,3,66,129,23,8,7,14,3,1,14,27,39,59,35,27,3,4,129,25,10,5,5,5,3,32,20,1,1,1,2,26,10,11,40,75,12,0,1,13,45,18,2,122,119,3,20,36,11,1,21,91,129,38,7,4,0,6,3,2,17,43,20,20,9,2
88,0,0,0,0,0,0,89,141,0,0,0,0,0,0,141,42,1,0,0,0,12,27,49,2,4,1,1,7,45,29,1,54,1,2,12,4,0,0,69,141,6,0,0,0,0,0,98,96,28,14,3,2,6,8,12,6,17,20,18,44,63,3,0,30,23,113,107,1,0,0,4,141,78,30,3,0,0,0,10,136,28,13,4,1,0,0,6,2,15,59,29,12,2,0,3,0,11,127,141,0,0,0,0,65,109,73,24,0,0,0,2,62,15,1,0,0,0,6,30,6,1,1,0,0,0,1,22
0,0,0,0,131,62,0,0,98,36,0,0,81,22,0,0,63,53,15,5,3,2,0,0,1,7,12,15,27,7,0,1,5,0,0,0,131,97,0,0,131,23,0,0,50,21,2,9,75,18,0,0,3,27,30,13,8,104,6,2,14,21,5,0,10,0,0,0,131,87,0,3,115,7,0,0,21,11,11,57,65,113,0,0,0,7,36,28,35,131,0,0,0,2,2,0,7,6,0,0,131,59,0,1,77,112,0,0,6,3,0,16,75,131,0,0,0,0,0,3,19,58,0,0,4,10,0,0
90,126,19,1,3,21,1,2,126,42,0,0,0,0,0,14,75,53,3,1,2,2,1,1,0,4,5,5,30,32,1,0,17,81,67,64,12,3,0,2,126,37,4,9,3,1,1,17,82,15,0,0,1,25,19,11,8,6,11,10,26,35,10,2,5,45,72,30,47,73,14,3,126,89,109,18,10,14,4,31,34,6,11,20,8,35,15,15,38,4,2,5,8,16,11,36,0,126,126,1,3,11,8,0,2,73,126,94,25,34,5,0,1,2,20,93,71,112,45,5,5,0,0,5,4,16,86,49
1,0,0,0,7,19,5,3,0,0,0,0,2,21,48,8,4,0,0,0,0,0,32,41,2,0,0,1,58,8,6,11,1,2,0,1,56,54,1,0,13,0,0,0,31,142,108,22,142,13,0,0,0,13,68,101,24,8,3,15,60,1,0,4,1,0,0,1,142,91,0,0,83,8,0,0,117,142,15,13,142,34,0,0,0,5,6,26,42,7,3,28,46,0,0,4,0,0,0,4,142,40,0,0,106,0,0,0,122,42,3,18,142,0,0,0,0,0,0,32,48,0,0,7,30,0,0,11
133,52,48,2,1,0,0,27,9,62,99,1,0,0,0,0,8,33,111,42,0,0,0,0,0,0,37,133,29,0,0,0,133,8,5,2,2,2,17,133,53,16,17,5,4,2,0,19,67,15,10,14,0,0,0,3,6,2,8,121,48,0,0,0,133,106,15,0,0,0,8,131,118,18,0,0,1,2,1,36,76,17,0,0,0,0,0,3,15,2,0,12,83,14,1,1,82,133,35,0,0,5,17,25,75,30,0,0,0,1,9,29,21,8,0,0,0,21,39,9,2,0,0,0,27,102,41,2
59,2,0,0,0,1,60,127,20,4,0,0,0,2,127,111,20,8,5,2,0,0,19,53,0,0,10,16,0,0,2,19,18,9,1,3,3,8,32,22,127,109,0,0,1,3,46,68,83,76,20,12,0,0,3,29,2,0,6,20,1,0,0,14,8,0,6,127,20,8,11,15,127,19,0,14,1,1,4,127,75,8,1,4,0,0,7,127,2,0,1,12,7,7,8,9,0,0,9,127,19,0,0,1,73,3,5,126,17,0,0,90,127,1,0,1,0,0,1,127,13,0,0,5,3,4,4,12
112,138,138,2,0,1,4,70,138,120,62,14,1,0,0,69,58,2,1,58,47,0,0,18,2,0,0,94,87,0,0,1,138,138,69,8,6,0,0,14,26,31,44,55,67,2,0,5,79,2,1,17,37,1,0,11,3,0,0,104,124,1,0,0,138,72,0,0,4,4,9,27,14,7,3,8,56,19,15,15,44,19,4,4,24,10,0,1,2,5,3,59,56,9,0,0,33,28,2,2,15,10,9,7,34,25,3,1,5,4,12,12,11,21,5,4,33,12,0,0,10,27,6,14,15,5,1,1
36,5,0,0,3,20,10,25,23,22,0,0,5,19,6,2,7,4,5,8,28,37,6,1,11,13,7,8,11,14,4,1,88,12,0,0,1,2,1,55,23,15,0,0,38,23,4,2,45,23,14,12,13,10,4,4,5,6,12,23,95,77,1,0,140,2,0,0,5,0,0,61,37,1,0,1,83,9,1,10,82,7,0,3,26,20,42,39,5,1,0,5,140,140,40,4,120,0,0,0,3,0,0,69,34,0,0,12,85,9,2,26,4,0,0,38,140,140,140,21,0,1,2,16,85,140,140,2
32,1,0,35,86,39,54,72,69,59,13,39,49,13,7,11,45,31,4,11,117,19,0,7,41,70,33,117,29,2,0,1,36,8,2,15,48,36,104,46,117,63,7,14,23,9,26,51,67,38,17,75,117,8,1,6,113,50,18,19,16,13,22,37,46,71,12,14,61,27,4,11,117,107,23,12,15,7,27,46,26,14,23,41,56,21,66,45,22,30,56,11,1,2,6,31,70,39,15,54,19,2,0,36,64,33,14,27,35,15,12,53,10,20,8,16,20,19,71,32,52,42,5,0,0,8,87,41
48,13,26,126,40,0,0,13,126,25,11,25,1,0,0,40,19,2,1,109,17,0,0,4,4,0,1,126,21,0,2,83,3,7,9,126,111,6,0,0,108,63,19,46,17,5,2,11,21,11,9,29,12,1,2,5,0,0,6,126,10,1,6,14,4,1,0,19,114,126,10,6,109,27,1,5,16,44,16,62,41,8,6,41,26,1,2,14,12,8,11,44,11,1,6,21,8,15,5,2,60,126,46,32,94,51,10,0,0,7,42,126,72,23,11,17,0,0,0,29,5,8,19,49,1,0,0,0
2,0,0,2,137,75,4,3,137,1,0,0,55,37,18,74,52,3,2,3,4,15,13,21,23,4,0,0,1,5,5,9,7,1,6,37,137,137,7,0,137,15,0,10,61,18,0,22,83,4,0,3,17,23,15,20,49,1,0,0,2,6,7,22,4,1,35,137,137,12,0,0,137,10,1,34,75,0,0,8,83,9,2,10,18,1,0,8,29,17,1,2,7,14,2,5,2,0,2,25,137,0,0,0,137,12,0,3,105,0,0,2,62,4,0,0,1,6,2,5,7,3,0,0,8,39,16,5
3,29,58,6,6,12,29,23,92,113,44,1,0,3,14,15,31,61,113,54,12,3,9,14,1,26,48,50,54,52,2,1,17,29,74,79,27,1,0,4,113,113,64,4,2,0,2,17,28,43,54,33,47,7,10,18,12,38,65,64,29,3,0,0,28,2,1,108,108,8,8,10,113,22,7,10,17,12,13,60,26,8,7,8,55,113,33,34,60,22,3,6,6,13,13,76,5,13,8,15,41,23,104,19,48,30,40,7,7,17,86,36,12,22,70,4,7,112,58,18,82,48,16,1,1,15,14,51
1,29,6,0,0,0,0,0,0,20,20,1,0,0,0,0,99,7,13,6,0,0,0,4,184,15,0,0,0,0,0,34,20,16,1,0,0,0,0,1,12,20,10,3,3,0,0,2,116,4,5,9,18,2,0,1,184,56,0,0,0,0,0,2,11,14,3,0,0,0,19,38,13,9,3,1,9,6,7,14,142,6,0,1,25,18,2,4,184,41,0,0,4,2,0,2,0,0,5,15,1,0,93,89,0,1,1,3,5,3,134,96,113,4,0,1,12,6,65,59,184,5,0,0,7,4,1,52
4,2,3,6,25,30,64,48,85,85,1,9,60,39,5,2,88,120,1,0,32,52,0,0,12,87,2,0,34,84,2,0,18,10,30,27,37,81,11,17,121,66,0,0,16,48,7,23,90,70,1,1,88,93,5,7,52,121,3,2,21,21,0,0,21,6,18,62,67,91,1,2,121,20,13,6,5,28,21,93,121,33,0,0,14,70,37,46,93,43,0,0,4,9,12,14,1,2,37,92,8,0,2,1,25,41,54,27,0,0,2,10,70,37,1,0,0,1,8,33,24,0,0,0,0,4,68,46
67,57,0,0,0,0,0,0,80,84,0,0,0,0,0,0,46,99,3,0,0,0,0,1,39,34,21,6,0,0,0,129,103,42,0,0,0,0,0,0,129,53,0,0,0,0,0,7,100,43,0,0,0,0,0,25,35,26,10,16,9,1,3,34,77,17,0,0,0,0,0,45,105,10,0,0,0,0,4,77,68,8,0,0,0,10,59,71,33,15,0,2,2,56,129,36,19,74,19,4,1,0,0,18,40,14,17,28,14,59,64,20,15,24,34,17,7,129,129,13,2,34,97,6,4,129,129,3
0,0,0,0,14,2,0,0,29,3,0,0,1,0,0,2,70,8,0,0,13,2,0,0,5,0,0,0,231,52,0,0,0,1,1,0,10,2,0,0,36,6,1,0,0,0,0,1,90,2,0,0,29,4,0,3,4,0,0,0,231,70,0,0,1,0,0,2,7,2,0,2,35,3,0,0,0,0,0,3,83,2,0,0,41,6,0,2,4,0,0,0,231,66,0,0,0,2,2,6,4,0,0,0,26,8,1,0,0,0,0,0,54,6,0,0,46,6,0,0,4,1,0,0,231,55,0,0
0,0,6,14,32,92,85,8,29,0,0,0,0,9,50,56,16,1,5,14,3,1,2,12,0,0,6,12,4,2,0,0,15,1,13,30,94,133,65,37,133,11,1,1,1,17,37,126,52,11,4,16,14,4,8,14,0,0,2,6,13,28,12,6,31,50,133,14,15,133,32,15,133,133,84,3,2,4,7,33,57,18,2,22,51,6,1,1,13,35,2,10,43,20,6,2,107,41,122,10,9,5,7,75,42,73,109,70,13,5,11,23,16,11,7,29,22,12,21,9,21,61,10,7,15,8,7,4
185,177,36,0,0,0,7,185,81,10,0,0,0,8,46,61,8,5,0,0,5,19,20,4,14,21,0,0,4,5,0,0,185,185,185,2,0,0,0,42,63,34,7,7,0,2,33,27,53,5,0,0,0,2,20,17,20,6,0,0,4,17,8,3,60,55,24,7,0,0,0,21,5,4,9,35,6,3,2,3,33,5,1,3,0,13,28,12,3,0,0,0,0,12,34,3,64,0,0,0,0,3,3,52,3,0,0,3,4,51,23,5,0,0,0,0,0,55,44,0,0,0,0,0,0,4,11,0
44,8,0,1,49,122,122,63,34,40,0,10,92,69,22,2,65,89,1,1,29,25,0,0,1,1,0,0,25,23,0,0,122,26,2,0,0,30,122,104,122,48,0,0,2,36,52,40,57,39,0,0,56,88,6,4,0,0,0,0,10,15,0,0,61,28,32,72,4,2,55,33,122,11,2,3,0,39,109,76,14,0,0,0,8,77,92,11,0,0,0,0,0,1,0,0,10,3,7,45,21,92,26,11,12,3,2,3,3,122,122,11,0,0,0,0,0,23,50,0,0,0,0,0,0,0,0,0
3,13,7,1,0,4,48,19,31,26,5,0,0,1,27,54,68,80,4,0,3,37,25,30,12,34,0,2,19,125,125,8,10,1,5,75,48,46,76,26,125,14,2,5,4,13,45,110,68,10,0,8,71,62,21,29,0,0,31,125,122,125,46,0,8,13,47,125,56,8,1,3,125,125,75,44,5,3,2,16,36,15,16,30,42,16,2,4,0,1,37,90,28,6,0,0,0,2,12,24,27,65,36,8,28,34,29,8,1,5,27,54,6,6,9,15,27,27,0,3,10,12,3,8,20,25,1,0
6,7,4,1,6,51,43,16,12,2,6,27,38,23,65,50,7,55,102,71,29,5,0,2,11,132,37,2,0,0,0,0,13,7,8,12,73,132,39,16,132,35,10,4,7,35,52,108,81,52,63,5,0,0,0,8,0,38,29,0,0,0,0,0,8,15,49,119,61,23,1,0,132,63,30,21,3,1,2,44,82,7,2,0,0,0,8,109,5,9,9,0,0,6,17,20,1,1,4,44,14,2,10,8,27,4,5,33,36,10,32,51,5,0,0,2,6,7,132,132,0,0,0,0,0,44,132,46
67,7,0,77,65,2,3,18,150,87,1,0,0,0,0,61,39,29,8,15,6,1,2,20,7,2,1,8,5,0,0,4,52,9,1,150,150,0,0,9,150,17,1,14,8,0,0,74,92,0,0,1,4,5,12,34,13,4,0,2,3,3,5,5,14,25,25,150,150,1,0,1,150,138,28,26,14,0,0,3,91,13,0,0,4,1,2,6,19,9,0,0,1,0,1,4,6,11,49,68,31,1,0,4,21,91,68,12,0,0,0,0,20,28,7,3,0,0,0,0,8,3,1,3,1,3,1,4
3,1,6,18,11,12,8,12,4,8,77,95,7,0,2,7,14,54,63,21,4,0,0,0,1,8,6,12,21,2,0,0,2,0,0,0,0,51,61,37,82,17,26,20,2,5,34,96,17,11,39,77,46,1,0,1,0,4,10,17,25,2,0,0,52,18,0,0,1,139,137,29,139,117,4,7,3,14,46,87,53,26,8,94,110,0,0,2,2,5,6,23,38,3,1,4,113,60,9,5,11,49,17,24,139,112,2,2,2,0,1,115,26,13,3,90,77,0,0,21,0,2,21,66,32,1,1,3
4,1,0,1,0,0,15,34,20,3,0,0,0,2,14,18,146,34,0,0,2,3,0,3,30,9,0,0,13,30,9,6,0,0,2,22,6,1,19,24,41,3,0,8,5,1,40,65,146,11,0,1,12,5,3,56,18,1,0,4,146,113,50,9,26,4,0,4,6,7,20,45,69,39,2,7,7,4,7,10,146,61,0,2,9,36,10,16,15,3,0,11,146,146,17,2,30,16,0,0,0,0,10,13,95,28,0,0,0,0,4,15,92,14,0,5,65,146,17,15,0,1,48,34,98,146,18,0
12,0,1,16,1,0,20,137,53,0,0,0,9,1,2,137,69,0,0,1,23,2,0,27,74,0,0,0,2,0,0,19,31,6,51,137,1,0,0,39,137,21,11,17,4,0,0,109,112,1,0,2,35,2,0,29,116,0,0,0,2,0,0,33,4,7,36,137,42,0,0,0,137,62,18,73,17,0,0,0,101,4,0,7,51,0,0,12,135,0,0,0,4,0,0,37,0,1,1,51,97,3,0,0,61,49,7,38,37,0,0,0,45,9,0,10,45,0,0,4,110,0,0,1,8,0,0,30
10,30,28,5,8,6,25,13,104,113,39,0,0,0,4,6,22,53,113,48,13,0,0,3,1,10,66,80,64,34,7,0,16,52,96,93,10,0,0,1,113,113,20,5,1,0,0,10,32,45,30,47,27,9,2,7,17,32,107,56,7,1,1,8,15,2,6,113,70,12,10,8,113,16,2,22,17,11,17,82,27,6,2,6,28,113,50,47,60,8,4,2,2,16,24,109,3,9,1,10,35,62,86,5,26,56,27,5,9,14,50,38,8,52,110,2,4,63,32,14,51,62,48,6,1,8,9,26
52,39,10,0,0,0,0,3,167,91,23,0,0,0,0,89,60,28,82,33,5,8,21,57,0,0,91,126,18,12,4,1,50,51,7,0,0,0,0,1,167,90,0,0,0,0,0,30,101,32,4,3,11,17,15,27,11,4,5,9,15,13,11,5,46,43,8,0,0,0,0,1,167,23,0,0,0,0,3,89,86,15,0,1,7,33,22,51,28,12,1,2,13,31,11,4,13,25,7,0,0,0,0,1,167,5,1,0,0,0,0,94,133,16,0,0,9,6,2,46,20,11,4,2,14,20,9,2
0,0,0,0,0,0,0,0,2,2,0,0,0,0,0,0,3,22,8,0,2,0,0,0,8,12,2,0,3,16,7,2,10,0,0,0,0,0,0,0,202,22,0,0,0,0,0,9,65,43,10,5,24,8,1,6,2,38,16,8,24,12,2,0,12,1,0,0,0,0,0,0,213,18,0,0,0,0,0,26,82,57,5,2,6,4,4,34,0,207,33,3,3,40,4,0,0,0,0,0,0,0,0,0,15,8,0,0,0,0,0,1,20,167,13,0,0,64,9,1,0,123,11,0,0,213,107,0
9,2,0,2,15,59,47,18,36,46,61,52,50,28,36,33,25,153,66,7,1,0,0,2,0,6,1,0,0,0,0,0,19,1,0,0,26,153,85,23,153,11,1,0,0,31,58,120,118,11,1,0,0,0,0,7,0,0,0,0,0,0,0,0,61,40,0,0,39,131,2,3,153,115,0,0,0,3,1,11,116,6,0,0,0,0,1,9,0,0,0,0,0,0,0,0,82,56,0,0,3,17,0,0,153,101,0,0,0,0,0,4,39,2,0,0,0,0,7,12,0,0,0,0,0,0,1,0
0,0,10,76,50,50,10,2,42,81,73,68,20,10,12,17,28,35,8,29,41,16,0,1,0,2,25,130,37,8,0,0,5,0,0,2,120,130,30,16,130,13,5,6,20,28,35,103,36,8,2,26,79,26,0,4,11,13,11,18,18,12,9,10,13,18,21,31,102,46,34,36,130,129,30,21,26,5,3,24,46,11,4,47,102,8,3,2,17,38,15,19,25,8,9,9,68,16,10,3,0,1,38,130,38,50,12,1,0,18,78,73,4,2,2,10,18,22,130,21,1,9,10,9,9,17,48,15
0,0,0,0,0,0,0,0,12,1,6,2,0,0,0,5,11,3,51,73,2,0,0,3,9,1,9,61,2,0,0,18,8,2,0,0,0,0,0,1,158,15,1,0,0,0,0,78,134,8,10,58,11,0,0,19,1,1,28,108,10,0,0,0,21,48,38,1,0,0,1,6,158,158,43,1,0,0,2,44,138,46,9,10,2,0,0,11,0,4,45,34,1,0,0,0,10,12,11,1,14,53,63,32,158,64,11,1,4,27,101,158,82,18,7,0,0,0,5,128,6,10,21,0,0,0,4,16
1,1,1,4,2,4,8,11,0,0,1,1,0,22,39,15,22,6,24,11,0,3,20,42,6,6,22,32,10,0,0,1,0,0,0,3,15,70,9,0,15,1,0,0,5,136,83,17,136,32,2,3,0,21,50,86,48,18,4,60,35,0,0,3,4,12,16,76,120,50,1,0,62,12,2,25,91,109,17,12,136,41,0,1,0,4,6,104,64,11,1,59,22,0,0,37,20,19,8,71,136,0,0,0,42,39,1,29,136,6,0,6,136,136,8,0,0,0,0,54,66,40,6,12,2,0,0,23
0,0,0,1,1,38,35,7,43,6,10,6,0,15,46,60,25,10,24,44,20,0,0,7,0,1,7,25,17,0,0,0,15,4,0,8,42,140,53,5,140,71,1,1,0,34,51,63,87,38,4,71,61,0,0,10,2,2,10,31,29,0,0,3,29,20,2,37,140,29,1,4,140,116,7,1,2,2,0,98,109,27,2,64,27,0,0,48,0,1,19,76,27,0,0,0,62,76,2,4,140,12,0,0,127,140,29,1,1,0,0,4,36,46,16,14,12,0,0,2,1,0,0,41,49,0,0,0
17,26,6,0,0,0,1,6,131,60,7,0,0,7,46,75,41,4,0,0,0,1,56,124,1,4,0,0,0,1,30,21,1,2,1,0,5,8,7,6,20,9,3,11,63,131,122,72,131,20,1,2,5,18,95,131,55,7,0,1,10,9,27,56,0,0,0,0,9,14,6,1,29,51,51,67,84,38,14,14,131,131,41,14,5,4,6,32,73,19,0,2,13,56,45,15,4,0,0,0,0,11,18,11,126,32,9,1,0,11,26,72,70,84,13,3,1,1,18,59,9,6,5,42,41,42,28,12
0,0,1,1,0,0,0,0,1,2,6,11,3,0,0,0,1,5,12,103,83,3,0,0,31,5,1,170,198,5,0,0,0,0,0,0,2,0,0,0,11,2,0,0,8,1,0,1,32,8,5,17,119,2,0,1,27,3,0,27,198,9,0,0,0,0,0,0,1,0,0,1,14,0,0,0,5,1,0,0,44,0,0,0,140,8,0,2,16,1,0,2,198,23,0,0,1,0,0,0,0,0,0,0,10,2,1,2,0,0,0,0,28,1,0,0,120,6,0,1,2,0,0,8,198,13,0,0
0,0,0,5,8,1,0,0,0,0,9,129,129,19,1,0,23,129,96,110,61,5,2,2,42,105,17,14,5,4,13,8,0,0,0,0,2,16,0,0,8,2,3,21,73,129,46,19,129,48,23,17,14,51,51,105,33,18,42,30,3,4,7,7,0,0,0,0,1,4,0,0,15,21,53,129,46,66,6,5,129,105,33,60,7,9,6,30,39,4,3,5,5,14,15,9,0,0,0,0,0,0,0,0,0,3,13,129,18,0,0,0,31,22,15,129,47,4,16,22,5,0,2,5,4,2,44,45
2,3,1,0,0,1,132,80,0,0,0,0,0,7,108,14,0,0,0,0,0,2,8,0,0,0,0,0,0,0,0,0,3,20,36,42,27,8,60,30,15,5,7,89,88,63,132,27,132,17,5,7,3,12,52,49,22,0,0,0,0,0,0,3,10,12,10,38,10,2,6,6,12,21,69,132,57,7,3,3,132,73,57,41,18,24,50,68,27,0,0,0,0,2,62,115,11,22,1,1,3,28,9,0,2,4,7,27,43,40,35,6,1,1,5,25,132,94,73,33,4,0,0,4,17,17,114,132
0,0,0,0,22,112,2,0,12,9,20,10,69,124,6,3,8,61,124,20,27,14,1,3,10,64,47,15,13,3,0,4,14,5,0,0,102,124,12,7,124,17,2,0,8,80,18,24,30,14,9,2,11,8,6,11,9,3,2,13,22,3,3,29,31,60,13,1,117,124,2,2,111,82,35,3,5,6,2,10,19,4,5,6,12,15,36,11,14,0,1,3,3,2,18,28,59,124,13,0,22,46,3,2,9,100,61,12,34,124,4,0,4,20,7,5,35,124,88,18,33,50,6,1,1,1,51,62
0,0,0,111,121,3,2,0,59,9,1,76,63,0,1,34,129,42,4,10,22,0,0,29,16,15,4,36,132,1,0,0,0,0,0,57,74,7,6,2,36,2,1,132,132,3,4,37,132,9,1,12,46,5,1,68,36,33,11,29,132,10,0,2,0,0,0,11,33,7,3,0,18,16,13,132,132,2,0,0,132,95,21,55,24,0,0,4,18,39,58,59,36,1,0,0,0,0,0,3,11,8,0,0,1,8,16,55,17,2,3,0,33,63,24,20,1,0,1,4,4,7,15,6,0,1,1,2
9,0,0,0,0,21,57,40,7,0,0,1,5,71,22,28,23,0,1,3,4,46,37,41,9,4,12,4,0,0,0,6,113,80,0,0,11,50,42,38,47,16,0,0,113,148,19,25,148,10,0,0,13,63,25,62,45,14,2,0,0,0,0,3,133,116,0,0,42,52,5,3,52,14,1,21,148,113,1,2,148,36,2,7,20,9,1,5,41,17,7,3,1,0,0,0,49,16,0,4,20,68,15,12,34,2,0,15,84,73,2,4,148,13,2,3,11,5,0,12,35,9,14,2,0,0,0,0
109,20,0,0,0,7,44,94,26,2,0,0,0,0,58,122,5,3,0,0,0,3,48,40,8,2,0,0,0,0,11,52,23,16,7,12,41,62,68,51,122,40,4,2,3,9,53,122,45,0,0,0,7,46,53,53,9,0,0,0,0,6,33,118,54,50,15,13,20,9,19,37,122,122,9,5,8,11,11,38,41,2,0,10,47,86,56,39,90,4,0,0,2,6,19,75,48,2,0,0,0,0,21,122,45,13,0,1,3,5,73,122,16,6,6,15,39,52,53,37,57,1,0,3,5,6,16,122
0,15,139,85,3,0,0,0,20,2,8,73,10,0,0,5,35,0,0,0,0,0,0,10,0,0,0,0,0,0,0,0,0,16,101,139,28,0,0,0,63,7,6,139,128,0,0,23,139,20,2,15,8,0,0,74,48,29,0,0,0,0,0,5,8,2,4,41,44,15,6,8,15,39,23,139,139,15,0,0,139,139,21,31,14,0,0,7,91,71,0,0,0,0,0,1,4,2,1,2,14,32,57,14,1,19,28,23,63,29,4,0,63,87,13,4,3,0,0,0,42,38,0,0,1,1,0,0
0,2,0,0,0,44,3,0,0,0,0,0,0,145,18,0,9,9,0,0,0,72,42,13,10,23,8,4,1,3,10,15,0,0,0,0,13,92,7,0,14,0,0,0,83,145,39,8,145,70,1,0,5,62,70,37,40,82,36,16,3,0,1,3,0,0,0,0,22,16,0,0,57,1,0,0,145,119,3,7,145,20,0,0,17,15,3,60,72,13,2,1,9,4,8,28,0,0,0,0,0,0,0,0,25,0,0,0,17,14,0,9,145,0,0,0,2,2,24,145,20,0,0,0,0,3,136,101
128,7,5,31,0,0,0,75,128,18,1,0,0,7,17,128,9,8,4,5,16,33,45,13,10,19,19,9,22,10,3,2,56,18,97,128,1,0,0,35,128,66,50,17,0,3,7,109,35,59,22,0,4,11,14,20,3,12,6,7,23,21,1,0,1,7,116,128,11,0,0,0,49,43,75,71,104,29,41,45,40,17,6,3,10,12,48,128,2,2,4,5,8,30,20,11,0,0,1,6,8,0,0,0,3,13,22,25,81,8,4,6,35,67,111,12,6,3,6,43,3,4,96,51,10,34,19,7
0,0,0,0,15,75,1,0,3,3,12,14,96,123,5,2,8,64,123,30,47,11,4,5,10,68,54,30,13,2,2,7,4,1,0,0,93,123,12,4,104,10,4,1,14,122,29,32,36,22,24,1,3,4,4,11,5,8,7,13,26,1,2,17,15,44,5,1,123,123,2,2,107,101,23,3,9,14,3,8,26,4,3,1,8,22,39,12,8,0,0,3,5,3,19,36,36,123,12,1,32,55,2,1,10,104,43,10,38,123,2,0,10,23,5,4,30,123,76,20,44,52,4,2,1,2,34,58
16,113,39,8,2,6,9,6,19,35,26,28,1,4,5,6,12,11,111,90,29,27,1,2,6,6,20,119,119,60,55,7,30,11,10,8,5,31,114,114,59,13,0,0,6,9,7,37,14,26,11,13,65,71,7,2,3,51,46,119,46,14,3,0,74,93,119,17,3,4,31,66,73,43,22,8,35,36,19,24,59,42,14,10,22,26,30,46,16,66,25,31,23,36,12,11,0,9,99,20,15,75,15,0,1,7,14,21,65,58,11,1,41,4,4,15,21,22,33,46,8,1,3,9,22,119,92,22
32,50,26,14,2,4,11,16,50,28,5,13,5,3,11,45,50,31,0,7,28,87,68,26,6,17,12,12,18,126,126,14,25,76,51,63,27,15,1,2,34,45,30,71,26,14,7,20,19,19,17,97,79,39,9,8,5,87,126,107,32,46,22,3,14,4,0,3,38,71,73,61,69,24,3,7,31,47,15,33,27,10,8,30,40,1,0,4,5,16,34,17,37,31,6,2,23,10,6,0,3,9,126,126,79,29,0,2,6,20,59,126,14,5,1,9,11,32,126,26,5,22,18,8,52,42,27,12
7,13,14,11,3,3,13,12,0,2,5,5,43,37,38,13,9,43,27,16,80,55,30,30,3,23,9,0,0,0,6,16,8,10,11,35,33,65,36,33,20,0,0,10,56,162,98,31,162,57,19,6,10,42,63,93,44,27,7,0,0,0,0,1,0,0,0,0,9,162,162,80,107,19,0,0,24,162,57,16,162,65,0,0,0,13,9,29,56,1,0,0,0,0,0,4,0,0,0,0,1,16,38,5,20,3,0,0,0,21,9,1,51,9,0,0,0,0,0,0,4,0,0,0,0,0,0,0
131,14,11,33,0,0,0,55,131,37,3,0,0,2,16,131,9,10,8,8,20,23,38,16,9,16,13,8,19,8,4,2,61,27,125,131,0,0,0,23,131,79,49,17,0,0,7,97,41,53,7,0,3,4,15,27,1,7,5,13,42,17,2,0,1,7,109,131,19,0,0,0,42,40,61,66,95,23,30,53,43,21,5,1,5,8,32,131,1,0,1,10,13,36,27,9,0,0,0,5,10,0,0,0,4,20,17,12,58,5,2,5,27,77,99,16,3,3,4,24,1,3,111,70,10,27,16,3
30,15,21,4,1,6,6,5,4,6,15,14,8,33,25,13,17,19,51,27,1,5,7,18,26,22,29,18,0,0,0,6,16,4,1,8,21,15,37,43,38,5,3,53,92,78,40,52,129,30,27,28,7,8,17,105,14,12,48,68,4,0,0,0,66,4,4,129,42,3,14,73,97,37,21,129,87,2,0,50,129,129,20,49,16,0,0,13,32,16,10,94,23,0,0,0,23,8,15,129,52,0,0,17,106,84,57,60,11,0,0,32,62,111,50,13,5,7,2,0,11,5,0,14,20,44,24,1
0,0,0,0,0,0,0,0,7,7,0,0,0,0,56,43,15,15,2,0,0,0,118,130,2,1,0,0,0,0,60,48,11,2,0,0,0,0,0,1,130,130,19,0,0,0,21,43,53,130,93,18,9,3,30,63,19,47,14,6,3,0,25,37,19,4,39,70,0,0,0,2,130,74,76,73,0,0,2,124,103,37,16,12,16,9,18,71,10,18,11,19,35,25,38,25,0,0,46,82,0,0,0,0,50,34,130,130,27,2,3,16,63,34,16,9,17,8,13,77,2,4,33,29,25,23,23,14
5,9,13,13,17,18,9,10,25,33,73,4,2,1,3,21,29,20,29,5,1,0,3,20,0,0,0,1,3,1,1,1,12,3,6,31,48,54,33,39,121,36,47,18,6,8,19,121,36,20,76,106,11,0,0,2,0,0,1,44,39,3,0,0,48,14,40,100,16,3,10,58,121,121,55,44,3,0,0,25,96,26,16,77,42,41,2,3,0,0,0,51,121,68,4,2,39,39,73,121,2,0,0,15,76,121,28,4,6,4,2,7,11,18,1,0,101,95,3,1,1,0,0,0,107,113,11,5
60,50,8,0,0,0,16,140,19,13,5,2,0,0,6,40,0,0,2,3,0,0,0,0,0,0,0,0,0,0,0,0,101,64,17,2,11,13,8,34,140,63,38,30,9,2,5,70,12,7,26,88,128,14,0,1,0,0,0,0,26,22,0,0,35,43,134,53,15,9,3,11,140,112,65,20,30,4,2,33,41,8,2,55,140,31,0,2,0,0,0,6,138,51,0,0,0,6,98,35,0,0,0,0,22,43,93,49,33,10,1,0,5,2,0,25,140,24,1,0,0,0,0,4,23,0,0,0
21,3,0,0,0,0,0,0,140,36,1,0,2,1,0,6,61,23,2,0,13,31,51,42,1,0,0,0,0,4,61,46,84,83,0,0,0,0,0,0,140,93,0,0,27,10,2,18,44,8,1,11,140,140,64,23,9,6,1,4,21,43,140,105,12,14,0,0,0,0,0,0,114,18,0,0,14,11,24,77,11,4,4,50,140,77,34,28,11,20,8,22,84,64,20,6,0,0,0,0,0,0,0,0,0,0,0,0,0,1,3,3,0,0,2,67,37,23,6,2,0,0,1,101,91,108,23,1
82,22,0,0,0,0,11,67,97,23,0,0,0,0,29,125,27,13,13,14,5,0,1,15,0,0,1,9,14,1,0,0,125,121,105,31,0,0,0,7,125,86,38,3,1,4,7,62,125,49,30,64,67,0,1,64,4,1,3,101,125,12,0,0,8,24,35,16,0,0,0,0,25,96,125,3,0,0,0,3,85,104,125,44,54,0,0,6,3,2,1,87,125,0,0,0,0,0,0,0,0,0,0,0,0,0,6,0,0,0,0,0,0,1,14,16,7,0,0,0,0,0,0,9,6,0,0,0
2,3,1,0,0,0,0,0,6,31,130,37,0,0,4,4,0,28,130,22,0,0,3,2,0,5,18,0,0,0,0,0,7,4,0,0,1,39,44,18,31,33,58,1,1,26,130,78,120,40,114,5,0,1,80,103,12,22,35,1,0,0,0,0,3,0,0,0,2,130,130,106,74,17,1,3,5,20,130,130,130,39,0,0,0,0,13,48,8,3,0,0,0,0,0,0,20,10,0,0,0,10,56,61,94,87,0,0,0,0,41,97,9,4,0,0,0,0,0,10,0,0,0,0,0,0,0,0
