0,0,0,0,0,0,0,0,0,0,0,0,0,1,1,0,57,47,7,0,0,2,2,2,98,142,31,0,0,0,0,5,0,0,0,0,0,0,0,0,12,2,0,0,0,10,63,18,142,15,0,0,0,9,42,61,142,39,0,0,0,0,1,38,5,3,13,0,0,0,0,4,42,83,58,0,0,1,25,16,142,92,4,0,0,3,20,39,142,18,0,0,0,11,108,79,57,3,4,0,0,0,2,45,37,43,22,1,1,9,34,69,28,49,2,5,17,137,142,29,50,26,0,0,1,52,142,52
0,0,1,4,13,4,0,0,40,9,4,12,62,34,3,14,86,84,29,42,15,1,0,10,101,15,14,40,25,0,0,21,0,0,0,5,8,2,0,0,92,9,11,86,64,19,0,35,133,65,14,75,38,0,0,63,83,65,24,87,57,0,0,0,0,0,2,5,0,0,0,0,29,25,91,133,8,0,0,2,133,124,44,77,38,0,0,10,93,26,5,54,91,1,0,6,0,0,0,0,0,0,0,0,5,11,24,69,36,3,0,0,97,123,27,55,41,1,0,0,43,34,17,71,86,4,0,5
119,7,1,0,0,0,1,91,143,0,0,0,0,0,1,153,31,1,0,0,1,8,22,114,14,24,5,1,6,19,6,8,100,11,0,0,0,0,11,83,153,16,2,0,0,0,0,87,110,28,17,0,0,0,0,28,49,12,3,0,0,3,6,21,153,16,0,0,0,0,0,33,153,28,0,0,0,0,0,24,106,24,11,0,0,2,7,19,11,4,0,0,0,16,21,17,103,1,1,4,2,0,0,38,153,9,0,0,0,0,0,84,56,4,0,1,2,5,29,47,5,0,0,0,2,13,22,18
5,13,4,6,40,37,22,9,24,28,15,9,24,18,23,12,29,11,7,17,101,61,21,54,25,18,14,16,26,35,22,49,15,3,1,1,6,26,121,93,116,23,8,18,18,11,93,82,56,112,56,104,75,25,6,12,47,121,88,35,22,8,4,12,81,33,14,6,5,4,43,58,121,25,4,4,0,0,26,92,45,28,22,26,2,2,48,58,42,23,9,15,28,15,22,74,44,37,19,15,23,6,16,28,121,73,8,0,0,0,7,68,103,43,34,4,0,0,10,29,31,33,68,12,2,2,4,19
27,15,3,6,18,4,6,17,148,11,2,4,9,3,2,62,148,2,0,0,0,0,0,142,42,3,0,0,3,11,14,77,17,3,1,1,3,0,15,77,114,20,2,2,1,0,7,88,148,13,1,0,0,0,0,97,72,10,5,0,1,5,8,68,21,21,14,6,0,0,0,15,148,42,0,0,0,0,2,33,148,87,5,0,0,0,0,11,72,32,15,0,0,1,4,5,9,8,15,28,11,2,0,2,148,11,1,6,5,0,0,21,148,32,0,0,0,0,2,36,22,4,1,0,0,6,22,25
2,0,0,1,18,53,26,40,21,5,12,12,39,73,16,49,20,20,49,43,5,0,1,31,0,4,29,125,51,0,0,0,2,8,13,21,39,18,12,15,35,5,8,49,102,49,27,79,125,69,28,18,4,2,9,101,17,24,42,125,68,0,0,1,92,17,13,32,18,0,2,63,32,40,125,125,45,2,1,4,125,78,67,30,7,5,18,56,26,5,8,50,46,54,33,27,125,13,1,1,2,1,11,98,50,20,33,17,10,5,21,61,17,11,20,24,56,19,30,27,26,31,21,2,5,21,32,21
4,22,20,56,35,5,2,0,18,20,4,73,53,16,37,29,46,94,49,1,0,0,33,81,10,21,83,4,0,0,27,79,0,36,28,72,78,9,0,0,56,18,7,108,137,10,0,9,137,108,54,5,5,0,0,28,36,36,137,14,0,0,0,6,0,3,2,24,57,46,16,5,34,13,14,137,83,6,1,5,137,34,8,19,8,0,1,42,73,18,3,0,0,0,6,48,3,0,0,1,12,19,13,24,15,4,1,23,66,12,3,15,137,65,1,7,18,1,0,14,51,81,2,0,0,0,0,9
0,0,0,0,23,168,92,0,1,12,4,0,3,168,155,3,9,16,7,13,18,68,46,12,5,4,6,35,22,18,2,1,9,1,0,0,24,168,43,1,70,83,23,2,6,60,9,8,9,41,35,19,51,53,3,3,0,0,0,3,43,69,17,9,11,0,0,0,30,70,38,16,82,8,1,0,2,25,73,98,5,2,1,3,32,140,57,14,0,0,6,5,50,58,13,3,0,0,0,4,75,45,21,9,7,11,1,0,1,9,80,67,4,52,17,0,1,20,54,30,0,53,78,19,14,18,4,0
0,14,19,11,123,25,0,0,17,80,59,6,3,0,0,6,54,37,22,8,0,0,0,32,160,70,0,0,0,0,2,39,29,46,19,3,55,17,0,2,78,111,68,25,2,1,0,3,33,15,44,108,34,4,0,8,160,28,1,5,4,0,0,35,57,8,0,0,6,15,5,44,123,9,2,4,5,9,11,77,22,15,6,25,90,41,10,13,160,122,1,2,11,1,0,11,35,30,12,0,0,1,1,10,58,13,6,0,1,1,8,45,29,19,8,7,12,6,24,27,160,61,3,0,0,0,0,25
0,0,0,51,83,1,0,0,28,18,6,99,95,0,0,0,130,90,38,28,2,0,0,0,5,16,89,118,0,0,0,0,1,1,4,67,54,0,0,0,47,5,0,76,130,0,0,0,130,59,11,13,13,0,1,9,33,16,68,74,4,8,11,4,6,11,9,51,51,0,0,0,25,4,2,118,130,0,0,2,130,7,2,19,15,3,14,112,19,0,0,2,2,40,83,41,5,3,0,19,24,5,4,0,1,0,0,92,127,2,0,0,27,1,2,42,30,1,7,73,22,19,8,0,0,18,29,48
5,0,0,3,19,20,15,40,69,15,3,34,91,13,3,17,181,115,2,4,6,0,0,23,37,82,2,0,0,0,2,8,12,11,30,8,9,13,6,21,83,12,6,22,41,56,7,31,181,40,2,2,2,7,2,59,71,37,27,3,2,4,4,10,0,5,53,44,6,1,0,0,67,22,18,125,52,12,1,2,181,45,3,6,3,1,3,37,75,11,5,1,2,31,36,37,0,0,2,8,4,7,7,0,36,14,4,38,54,16,14,4,181,51,1,4,4,0,1,26,52,71,19,0,0,3,7,14
74,3,0,0,1,4,55,98,43,3,1,0,12,15,77,105,19,30,17,3,14,11,4,6,4,7,5,35,25,17,5,1,82,11,0,0,0,32,131,118,136,22,0,0,0,0,21,97,73,13,5,1,8,40,7,11,1,8,7,8,23,17,0,0,136,94,2,2,2,6,13,18,136,55,0,0,0,1,3,23,67,21,1,0,0,14,17,17,14,8,4,20,14,10,14,1,136,84,52,5,0,0,3,2,136,31,1,0,0,0,6,28,35,17,1,0,2,74,42,10,3,4,5,2,3,97,136,1
15,0,0,0,1,15,17,42,69,12,4,24,16,0,2,60,13,10,5,68,91,0,0,1,110,21,2,8,7,1,5,17,35,9,8,27,4,2,4,14,129,49,9,26,23,1,0,24,28,33,15,104,129,4,0,2,28,51,19,11,7,0,9,12,22,17,11,14,1,1,0,1,129,22,4,6,10,9,11,60,37,50,92,37,74,21,11,22,5,129,129,8,2,0,0,0,15,11,6,1,3,12,2,4,115,52,2,0,0,1,1,18,129,129,68,0,0,0,1,10,28,129,129,5,1,1,0,1
3,0,5,16,33,44,21,3,119,16,0,0,0,31,28,17,119,35,7,6,74,75,8,13,1,0,1,5,119,117,6,6,19,3,0,2,77,97,12,7,119,54,0,0,1,10,8,19,85,7,0,1,100,119,21,26,5,0,0,9,119,87,2,9,47,1,0,2,96,32,3,18,119,11,0,0,2,3,1,66,26,3,1,31,119,21,2,16,0,6,14,38,89,2,0,0,24,15,3,4,71,17,1,9,119,36,1,0,0,0,0,27,50,19,6,52,75,1,0,3,0,4,15,39,46,5,1,0
28,12,0,0,3,8,3,3,16,8,4,44,41,29,4,3,10,26,129,87,23,3,0,1,1,10,125,129,37,0,0,0,27,23,3,4,11,6,11,39,15,3,1,3,47,45,7,12,113,31,21,5,3,6,1,35,21,9,18,73,129,30,0,8,8,1,0,0,5,8,91,129,30,5,0,0,27,27,58,66,129,34,0,0,7,17,6,29,11,3,1,22,129,71,2,4,11,5,23,7,0,0,29,129,22,0,1,0,0,0,58,129,37,0,0,0,2,17,97,129,2,5,4,6,21,38,32,23
20,2,0,1,9,26,23,45,2,41,18,3,37,59,10,1,43,122,23,0,2,4,6,4,19,56,20,0,0,0,0,2,96,22,3,3,13,23,10,24,106,122,37,3,10,11,2,10,16,122,89,31,7,2,1,4,27,108,42,5,0,0,0,0,37,16,6,0,1,16,58,93,122,29,3,0,0,2,5,122,76,55,16,11,9,6,10,53,47,122,18,4,3,0,0,0,94,0,0,0,2,12,48,122,122,38,0,0,0,0,0,87,122,44,2,0,0,0,0,18,61,70,10,11,2,0,0,0
5,4,0,1,4,0,1,4,42,10,0,1,4,1,4,30,156,112,0,0,0,0,0,21,90,102,6,1,1,0,0,0,4,4,0,3,5,3,30,11,131,24,1,5,8,2,10,10,156,156,0,0,0,0,0,17,47,81,9,7,10,1,2,10,7,1,0,0,0,5,31,13,156,5,0,0,0,0,9,35,156,9,0,0,0,0,1,84,49,3,1,1,2,1,16,74,7,6,2,1,2,0,1,3,121,57,1,0,0,0,0,14,156,107,1,0,0,0,0,21,32,17,4,12,0,0,2,24
8,8,11,13,26,12,4,7,41,39,35,12,5,1,1,17,98,4,3,6,3,0,1,120,65,8,0,0,0,0,3,58,16,7,10,5,22,101,19,17,120,24,14,35,10,18,15,61,99,9,11,89,35,3,2,72,102,1,1,0,1,2,16,91,64,30,0,0,17,100,33,6,120,68,1,6,14,6,2,17,55,2,2,57,120,18,9,54,96,6,5,10,14,4,7,120,77,77,12,1,8,10,3,2,106,45,0,0,1,0,4,41,19,2,1,90,63,1,4,50,32,1,1,61,40,3,18,110
9,5,1,0,9,38,27,4,57,4,0,0,1,1,3,29,38,7,0,0,0,1,3,49,2,5,6,9,12,19,7,7,11,27,15,5,6,6,3,2,38,8,6,3,6,3,7,34,107,23,5,4,0,0,0,30,6,10,16,13,2,2,4,1,5,6,37,106,20,3,4,1,24,40,64,4,2,1,1,3,115,41,38,4,1,7,9,11,10,15,23,8,1,14,26,5,0,5,179,179,18,0,0,0,1,119,179,26,0,0,0,0,7,74,179,22,1,1,1,1,2,30,179,100,0,1,2,1
57,137,41,1,0,0,0,1,54,91,84,8,3,0,0,2,137,29,3,0,0,0,8,49,14,0,0,0,10,52,44,21,137,45,2,1,5,2,0,31,52,17,11,11,35,15,3,22,137,19,4,1,0,1,4,29,13,4,7,18,51,20,11,5,85,1,0,0,1,0,12,137,60,21,7,10,11,1,6,136,137,38,4,1,0,0,13,21,9,2,2,8,34,27,29,7,54,3,0,0,0,4,30,137,137,12,0,0,0,0,4,137,47,8,0,0,0,4,22,34,0,0,0,0,4,41,36,3
53,85,13,15,8,4,1,4,18,35,29,7,11,25,17,3,7,16,34,19,40,14,10,14,1,1,3,9,97,113,79,15,72,22,1,1,8,14,16,69,83,35,25,5,11,16,8,18,9,17,27,22,108,69,1,0,0,0,7,111,116,39,1,0,42,11,7,1,1,5,27,88,108,7,0,0,7,25,44,86,7,2,4,12,79,110,35,8,22,11,31,67,14,22,10,17,5,1,1,0,0,0,116,113,7,0,0,0,0,8,116,116,3,3,1,1,10,74,116,55,75,17,2,4,6,39,55,37
18,89,122,8,9,4,6,6,6,111,122,11,0,1,0,0,0,38,122,54,4,2,0,0,1,11,67,35,12,13,11,5,39,62,22,46,24,7,7,10,94,80,36,20,7,1,3,21,16,22,49,121,57,1,0,1,11,16,56,114,22,4,2,2,20,7,3,8,5,16,91,74,122,21,0,3,6,11,16,68,19,7,4,35,47,52,18,11,13,10,4,22,70,18,5,7,119,20,0,0,4,11,72,122,119,22,6,2,2,8,11,89,14,15,9,6,14,29,23,18,9,17,6,14,56,75,7,5
68,2,0,0,0,1,22,106,6,0,0,0,2,51,30,20,28,9,1,3,3,29,19,12,4,5,2,32,109,30,3,0,134,11,0,0,2,13,5,23,31,1,0,0,16,134,30,20,134,25,5,6,1,26,20,37,24,14,10,134,57,0,0,0,100,11,0,0,0,69,33,28,91,8,0,0,10,134,31,17,134,49,0,1,1,7,4,10,37,10,5,47,18,0,0,0,7,17,1,0,1,101,32,3,111,124,3,0,0,46,16,6,134,102,0,0,0,0,1,3,18,4,1,8,3,1,4,4
0,0,0,0,0,4,116,73,0,0,0,0,0,0,116,116,0,0,0,0,16,15,52,69,0,0,0,0,13,19,9,1,10,0,0,0,1,20,94,116,16,3,0,0,7,56,116,116,98,6,0,0,0,8,63,116,13,0,0,0,2,8,20,21,10,19,5,1,9,12,39,116,67,116,1,0,4,42,44,59,116,116,0,0,0,4,11,41,21,1,0,0,0,9,51,23,8,89,52,5,5,0,5,4,67,116,9,0,0,5,38,18,27,47,0,0,0,40,100,13,29,39,2,0,0,10,54,17
5,0,0,0,0,1,105,151,80,8,0,0,0,0,15,151,24,19,4,0,0,6,11,28,0,1,2,5,77,24,6,0,35,1,0,0,0,0,19,115,151,10,0,0,0,0,2,151,85,8,4,0,0,2,11,34,0,7,7,31,53,8,6,0,77,43,3,2,0,0,3,10,151,106,0,0,0,0,0,10,118,19,4,0,0,0,0,9,2,9,7,18,5,2,9,4,83,60,3,3,0,0,0,3,151,49,0,0,0,0,9,46,41,1,0,0,0,4,66,58,0,0,0,0,2,26,95,10
1,0,4,62,68,6,1,3,29,0,0,24,21,3,9,77,9,0,2,84,126,6,9,36,3,0,0,137,137,8,10,44,0,0,6,64,99,40,1,0,19,2,2,55,90,6,6,31,111,12,5,43,43,3,5,46,4,1,2,137,137,4,1,3,24,2,1,8,58,93,8,11,31,12,18,100,39,3,1,9,83,28,10,22,32,24,18,15,4,0,0,96,137,55,6,1,26,1,1,36,49,8,1,13,52,2,1,37,32,0,0,28,3,0,0,41,66,36,21,6,0,0,0,14,69,62,6,0
151,82,8,0,0,0,0,11,25,86,63,12,5,3,0,0,100,23,13,7,11,6,0,4,28,4,0,1,56,22,0,2,151,146,2,0,2,2,0,6,39,40,13,7,48,79,8,7,83,9,2,4,20,29,11,47,36,23,8,3,60,25,2,7,151,51,2,5,6,5,1,28,34,13,2,33,92,43,3,8,111,48,3,5,11,8,2,13,20,122,42,3,8,4,1,4,151,82,3,5,2,0,0,8,20,8,2,36,77,2,0,6,113,28,1,7,14,1,0,20,56,33,4,0,0,2,2,40
3,1,0,12,57,43,1,0,62,6,0,1,44,62,10,24,130,13,2,1,0,0,1,45,11,3,16,7,1,7,9,13,4,0,0,1,103,130,5,4,130,29,0,0,36,67,8,22,130,35,0,0,0,0,0,22,20,4,1,3,12,9,10,11,21,0,0,1,130,130,5,9,130,12,0,0,18,27,5,51,130,27,2,0,0,0,0,33,20,14,17,10,9,1,0,4,42,5,0,0,129,130,3,6,130,75,0,0,5,8,2,9,90,97,10,0,0,0,0,16,18,22,16,8,15,8,0,6
8,20,15,14,2,0,0,0,22,136,65,2,0,0,0,0,1,141,84,0,0,0,0,0,0,91,72,6,0,0,0,0,47,5,1,3,1,3,6,16,141,126,18,0,0,0,0,17,35,141,95,0,0,0,0,1,1,55,48,49,13,0,0,0,57,11,0,0,0,0,1,17,141,33,1,0,0,0,0,52,141,34,16,0,0,0,0,21,9,13,8,29,31,1,2,7,27,102,11,0,0,0,0,0,141,141,2,0,0,0,0,2,122,15,0,0,0,0,0,6,8,0,0,6,5,3,2,6
59,5,21,9,1,1,49,120,129,7,7,12,3,1,3,89,4,5,11,39,7,1,1,1,1,4,16,12,2,11,13,1,110,20,12,9,4,11,19,74,143,29,10,16,0,0,0,48,38,12,17,143,17,0,0,1,0,0,17,66,15,11,7,0,120,143,5,0,0,0,1,13,143,104,2,2,1,0,0,17,77,5,11,81,21,5,4,13,0,0,34,109,11,3,2,0,30,143,69,1,0,0,0,0,110,58,22,3,0,0,3,28,30,3,2,3,2,20,39,35,1,1,4,18,5,12,19,10
65,4,0,6,117,21,3,14,182,14,0,0,5,1,0,37,73,25,8,2,1,7,7,13,0,2,12,32,31,25,3,0,68,12,6,38,98,3,2,13,182,25,0,4,8,0,0,42,108,32,21,7,2,11,15,21,0,4,37,12,7,16,10,4,27,34,52,124,48,0,0,2,182,105,21,22,7,0,1,26,99,20,3,1,0,11,25,29,1,1,3,7,3,14,16,7,2,26,113,70,4,1,0,0,77,134,53,13,0,0,1,5,33,22,3,0,0,18,22,7,0,4,10,1,0,21,26,1
22,3,0,20,106,33,59,57,61,23,1,30,113,30,7,22,113,41,0,0,0,1,35,77,22,7,1,13,28,31,27,21,4,0,0,4,35,61,113,31,22,2,0,3,87,70,37,52,113,34,0,0,2,2,23,113,84,57,6,16,37,4,7,24,0,0,0,15,94,46,20,12,30,22,3,8,26,13,27,26,113,55,8,4,2,0,12,59,35,8,1,2,28,39,75,107,0,7,6,10,53,84,11,4,86,113,11,0,2,9,23,27,48,113,62,54,12,0,4,7,0,0,9,60,37,37,42,16
0,38,126,87,22,3,0,0,74,61,54,126,35,4,0,14,126,126,4,1,0,0,0,14,13,41,8,51,16,0,0,0,0,5,7,13,55,66,12,6,53,17,7,43,126,65,10,55,126,45,2,2,2,2,4,126,30,6,2,8,6,7,8,14,0,3,17,22,19,20,8,1,24,75,62,103,58,7,0,6,126,126,25,7,1,1,1,18,20,13,12,5,3,10,8,3,0,22,82,5,0,0,0,0,3,83,103,13,0,0,1,3,13,107,24,1,0,1,1,5,2,10,12,4,4,12,8,2
55,2,0,0,0,3,6,25,54,14,1,0,0,6,10,14,25,18,15,4,7,4,0,3,1,6,6,1,20,32,2,2,61,5,0,0,1,18,19,27,140,25,0,0,1,15,14,23,36,15,2,7,26,22,11,6,0,0,0,0,73,140,8,0,27,0,0,0,0,4,26,75,91,4,0,0,0,11,86,66,8,1,0,0,16,59,140,40,0,0,0,0,140,140,26,4,2,0,0,0,0,1,138,111,1,0,0,0,0,20,140,27,0,0,0,0,2,67,140,16,0,0,0,0,69,140,57,2
1,0,0,2,8,48,52,12,27,4,0,8,95,91,15,5,145,57,0,0,23,15,0,3,46,32,6,0,0,0,0,3,82,20,0,2,25,59,34,29,70,12,0,9,145,51,6,14,145,45,0,0,16,6,1,32,40,29,10,4,4,3,1,3,134,19,0,1,34,41,6,16,81,15,0,1,110,114,4,11,145,40,0,0,6,6,10,25,38,2,0,0,5,55,46,8,43,4,1,2,35,20,5,14,96,7,0,1,67,49,3,17,145,14,0,0,1,10,14,32,4,0,0,1,41,94,39,5
0,1,4,5,42,72,12,1,6,0,0,1,11,52,67,20,35,1,0,5,100,60,8,5,127,22,0,0,10,4,0,10,11,0,0,0,125,127,10,5,127,17,0,4,29,41,21,30,45,8,0,13,127,34,2,12,127,7,0,0,15,4,1,52,22,3,0,2,127,53,2,1,127,7,0,1,34,30,8,28,43,4,0,0,109,95,5,13,127,13,0,0,6,5,4,29,8,1,0,10,97,16,1,1,49,3,1,4,29,10,4,22,38,0,0,3,90,32,3,14,127,2,0,0,2,3,2,31
24,1,1,63,84,0,0,17,80,10,5,21,11,0,0,26,38,2,3,39,35,1,1,25,114,13,4,0,1,0,0,29,17,5,4,118,120,0,0,0,120,38,9,28,22,0,0,5,49,12,7,82,120,0,0,10,120,27,2,6,10,0,0,22,9,1,1,120,120,0,0,1,120,7,1,38,40,1,1,45,39,25,28,55,90,4,1,15,120,81,18,11,6,0,0,1,0,0,0,81,120,9,0,0,88,9,0,57,79,0,0,25,63,49,35,6,2,0,0,10,31,48,18,1,0,0,2,4
24,2,0,0,0,13,101,98,4,0,0,0,0,5,29,36,3,0,0,0,0,0,1,1,0,0,0,0,0,0,0,0,37,60,15,1,4,3,12,27,69,5,1,1,13,28,30,31,155,32,0,0,0,1,3,18,13,3,0,0,0,0,0,2,9,13,4,0,5,29,107,30,93,5,0,2,18,16,42,63,155,41,0,0,0,0,16,155,106,8,0,0,0,0,15,104,21,1,0,0,9,23,18,18,36,1,0,0,0,6,46,60,124,0,0,0,0,1,18,155,155,4,0,0,0,0,4,155
3,0,0,15,101,37,12,29,26,2,2,0,7,11,17,125,1,0,1,8,4,13,26,15,0,0,3,28,2,0,8,14,7,0,0,32,136,17,2,12,136,1,0,1,40,9,7,91,24,0,0,2,29,23,43,29,41,7,3,5,2,3,19,63,8,6,1,47,136,7,0,0,136,66,6,19,36,0,0,1,38,16,8,38,91,6,1,5,136,24,0,2,16,2,1,16,12,10,1,23,136,19,0,0,111,124,7,13,26,2,0,0,23,26,10,31,136,10,0,1,136,49,0,1,26,4,0,3
113,7,0,2,38,17,8,28,39,1,0,0,110,123,11,23,152,20,0,0,14,15,4,49,90,2,0,0,4,50,55,27,59,13,11,17,37,5,2,15,56,4,1,20,152,32,3,14,152,15,0,3,17,5,2,49,63,0,0,2,49,38,15,27,6,16,49,31,6,0,0,3,30,18,22,152,82,0,0,0,152,36,10,37,9,0,0,55,58,21,7,8,17,2,3,40,6,5,4,6,0,0,11,22,6,9,11,62,18,11,24,7,101,80,16,27,5,1,1,4,70,79,5,0,0,0,0,2
31,5,4,46,30,3,1,9,166,16,1,2,1,0,0,64,67,8,3,0,0,0,9,107,3,2,2,7,9,10,24,22,39,2,0,5,57,12,2,5,166,57,5,1,5,1,0,11,86,59,46,18,1,1,2,19,19,54,22,15,4,1,7,9,47,3,0,9,78,10,1,11,166,10,0,1,7,3,1,79,128,16,7,8,4,10,2,38,57,32,6,11,15,3,0,13,15,6,9,54,66,0,0,2,166,2,0,6,10,1,5,131,121,12,1,0,0,0,0,128,42,32,1,5,7,3,1,14
8,46,68,34,1,0,8,6,61,26,79,29,1,0,16,19,40,25,168,168,0,0,0,4,0,1,154,168,1,0,0,0,4,0,11,22,5,3,6,14,79,14,16,17,1,0,1,27,155,28,13,23,2,0,0,40,10,7,56,168,14,0,0,0,11,24,18,8,23,13,3,7,40,83,10,2,0,0,0,10,143,71,4,1,0,0,1,39,29,9,17,40,48,5,2,18,2,13,19,16,10,4,4,4,22,23,2,0,2,2,12,42,28,7,1,0,0,0,14,80,24,0,0,12,20,4,14,71
3,5,9,40,21,43,56,11,42,16,4,8,6,6,40,48,6,0,0,23,122,59,20,11,13,5,0,11,119,27,2,5,10,1,5,8,20,53,87,17,117,20,0,2,7,10,51,69,17,7,1,25,130,53,9,8,19,2,0,54,102,16,0,8,20,5,31,132,111,3,0,2,127,21,13,4,9,10,12,56,9,2,1,11,65,82,14,14,6,6,9,34,73,23,0,0,1,4,93,132,87,0,0,0,11,16,132,128,17,3,1,9,1,1,7,29,35,24,10,5,1,3,30,27,8,3,20,4
56,30,12,8,4,5,14,36,14,13,34,30,4,20,49,31,8,16,37,18,2,47,52,7,19,58,18,1,0,3,23,8,122,49,5,8,7,17,25,19,109,79,70,38,8,15,22,17,21,60,108,122,17,0,0,1,37,122,47,21,4,0,0,0,122,66,20,59,19,6,5,7,122,36,14,29,9,4,4,66,101,78,109,107,5,0,0,34,9,122,112,50,9,0,0,0,110,25,3,15,27,11,1,3,57,1,1,7,18,7,2,36,65,22,11,0,0,0,0,15,0,24,11,2,0,0,0,0
4,11,7,23,33,19,13,3,21,6,2,24,56,40,8,4,139,77,0,1,1,4,2,4,74,68,3,1,0,0,0,0,9,10,3,32,59,60,19,2,57,7,1,19,106,63,15,12,139,77,0,0,4,1,1,29,67,76,14,5,2,9,8,4,5,12,6,30,139,57,16,3,54,34,13,28,29,23,12,8,139,29,2,4,2,2,11,50,57,4,0,0,1,84,89,29,2,5,3,19,105,59,8,13,22,8,2,4,25,20,10,32,82,1,0,0,3,60,75,77,4,0,0,0,0,139,139,20
0,0,0,0,4,140,42,0,77,9,0,0,0,140,77,28,95,11,0,0,0,25,19,18,10,0,0,0,0,24,56,14,15,0,0,0,34,140,21,6,140,43,0,0,1,42,22,24,83,19,0,1,54,104,26,7,0,0,0,2,22,90,140,4,51,0,0,0,22,117,10,11,140,6,0,0,1,6,8,59,34,1,0,10,96,51,20,28,0,0,1,52,88,22,14,6,59,1,0,0,4,18,5,17,140,4,0,0,1,3,4,20,12,0,0,3,15,31,36,12,0,0,11,46,15,4,18,13
1,12,22,84,101,7,1,1,24,36,39,35,24,3,1,2,82,64,6,1,12,4,0,6,7,7,2,1,34,57,13,5,0,0,4,54,141,32,4,0,13,7,27,19,37,81,24,15,111,16,3,3,31,15,11,72,26,6,4,21,101,16,2,6,0,0,0,131,141,4,0,0,19,30,19,27,79,23,3,3,110,102,22,7,5,2,4,20,13,15,57,73,23,8,7,6,0,0,2,141,141,0,0,0,19,11,22,141,28,0,0,4,49,20,20,9,2,3,31,42,3,2,5,8,8,45,81,10
3,4,11,33,7,0,0,2,115,49,2,3,0,0,0,47,148,58,0,0,0,0,0,34,72,65,12,0,0,0,0,0,2,1,1,15,18,18,12,3,116,26,1,2,3,4,2,86,148,54,0,0,0,0,0,73,120,49,6,1,3,3,2,2,6,7,2,0,0,14,23,9,126,70,0,0,0,4,2,13,148,80,0,0,0,0,0,27,89,10,0,0,0,4,7,37,3,48,17,2,0,0,0,1,80,148,4,0,0,0,0,0,135,148,4,0,0,0,0,6,21,35,15,0,0,0,2,31
148,4,7,13,0,0,0,72,154,0,0,0,0,0,0,154,61,0,0,0,1,1,1,39,2,0,3,3,23,8,2,3,97,14,33,140,4,0,0,12,154,16,2,3,0,0,0,57,116,19,0,0,0,0,1,17,10,16,17,4,3,1,1,2,35,20,31,154,11,0,0,4,154,58,23,29,0,0,0,8,134,6,0,0,0,0,1,18,38,8,2,1,1,0,0,8,26,11,19,53,0,0,0,1,112,36,31,29,0,0,0,10,95,6,0,0,0,0,0,34,30,8,0,0,0,0,0,7
93,35,6,0,0,0,4,27,42,38,62,50,20,3,1,15,0,7,30,53,15,4,1,0,0,1,0,0,0,4,1,0,138,12,0,0,0,0,2,48,126,41,23,24,13,5,5,41,3,8,27,90,90,37,6,2,0,0,0,28,43,43,4,0,138,12,0,0,0,0,6,138,104,16,3,3,5,17,36,93,2,2,3,35,76,97,48,16,0,0,1,78,105,11,3,2,138,24,2,2,7,9,21,138,53,4,0,0,9,15,45,138,8,8,2,4,28,48,29,30,6,7,11,49,42,8,6,10
88,29,1,0,0,0,0,25,27,39,23,24,10,10,4,11,9,43,28,98,32,3,1,0,0,1,3,132,132,66,3,0,90,36,7,0,0,0,0,32,103,91,52,15,2,2,2,26,4,25,43,68,78,25,3,3,0,0,2,132,132,22,0,0,16,32,21,0,0,1,3,3,79,33,11,4,4,11,18,72,7,4,4,20,123,95,16,15,0,0,0,26,132,83,0,0,2,0,0,0,0,0,6,10,49,7,1,1,2,7,36,78,8,3,2,10,99,65,29,12,0,0,2,14,132,64,0,0
0,6,27,1,0,0,0,0,2,110,127,6,0,0,0,0,46,127,109,0,0,0,0,0,74,93,6,0,0,0,1,1,0,20,51,74,41,13,3,0,18,38,127,13,14,52,28,19,124,114,57,0,0,1,8,42,33,75,16,7,13,18,13,10,0,0,1,108,127,41,3,0,29,22,14,65,41,21,7,6,127,41,2,1,0,11,55,40,20,4,1,1,6,53,95,32,0,8,4,24,85,87,25,0,6,16,43,29,24,18,8,3,11,3,9,40,21,25,71,16,4,0,0,4,3,12,74,66
0,0,0,0,1,5,0,0,6,3,0,1,61,121,5,1,49,95,43,39,29,40,2,2,1,17,53,142,56,0,0,0,0,0,0,0,0,1,0,0,49,8,7,4,13,84,69,34,142,69,13,10,17,16,18,76,25,12,12,103,142,20,0,4,0,0,0,0,0,0,0,0,33,67,83,12,0,4,6,6,142,142,31,2,8,33,20,29,20,1,0,13,142,86,17,7,0,0,0,0,0,0,0,0,3,14,21,4,10,24,9,2,16,26,8,2,7,71,113,16,0,0,0,8,15,60,82,17
5,0,1,27,6,7,41,120,0,0,0,0,101,120,65,42,60,16,1,1,76,120,10,20,28,29,25,16,5,1,0,3,0,0,0,118,71,14,35,36,9,2,1,57,91,120,120,35,120,49,2,5,27,88,25,40,57,47,22,1,0,2,63,21,0,0,0,33,47,106,39,0,6,7,19,120,89,49,27,2,96,29,26,39,13,15,34,34,12,0,0,0,0,17,107,27,0,0,0,2,15,61,29,0,0,0,0,7,16,34,44,16,0,0,1,5,20,44,21,9,2,0,0,0,0,6,21,27
11,8,7,0,0,0,0,6,68,42,6,0,0,0,10,21,116,26,0,0,0,0,34,39,23,6,0,0,1,7,68,25,39,23,9,1,1,1,3,24,22,21,8,24,17,40,107,36,88,60,7,4,1,6,116,105,20,91,82,0,0,2,86,31,24,66,19,5,1,0,0,0,19,52,71,116,27,11,8,3,116,60,29,86,11,2,6,104,116,79,45,0,0,0,1,108,6,61,5,0,0,0,0,0,5,50,17,64,48,19,2,0,51,6,29,98,26,7,5,36,116,6,1,5,2,0,0,104
0,0,13,48,1,0,0,0,0,3,30,48,14,3,1,0,4,32,33,18,5,1,0,2,2,6,8,11,5,0,0,0,0,0,20,69,19,50,32,8,9,3,25,48,86,114,18,14,110,30,26,18,7,19,15,50,13,25,96,26,2,0,0,0,6,20,19,4,38,102,26,10,6,114,114,37,43,99,6,2,114,79,103,61,5,3,1,9,64,41,102,6,0,0,0,0,1,114,114,3,5,14,3,0,5,114,110,53,15,0,0,0,57,20,32,114,76,0,0,6,93,14,8,2,3,0,1,16
60,11,13,11,2,0,0,7,169,39,0,0,0,0,0,16,144,37,0,0,0,0,14,24,13,3,0,0,0,0,29,38,61,15,4,11,21,6,1,6,169,60,0,0,1,0,0,20,122,20,0,1,2,1,21,40,5,4,5,7,8,12,38,17,72,12,1,1,3,1,9,18,169,30,0,0,0,0,1,58,124,25,1,1,1,0,7,64,25,43,28,10,4,1,0,1,77,38,0,5,6,1,3,5,169,137,10,0,0,0,0,6,80,125,28,2,1,0,0,11,30,40,6,4,7,0,0,13
28,5,1,34,102,1,0,13,134,14,1,5,22,3,1,58,25,8,9,11,25,23,11,27,64,4,2,2,1,3,9,109,29,16,4,56,87,0,3,10,134,98,18,27,24,0,0,22,23,38,89,61,4,2,2,6,46,21,35,24,13,26,10,13,42,23,9,70,19,0,0,11,134,56,16,71,18,0,3,36,76,24,30,35,9,7,17,37,16,4,16,34,134,134,11,8,32,19,17,15,8,1,0,8,80,69,35,28,4,0,0,4,48,20,22,64,29,10,1,9,6,1,3,11,134,134,1,4
104,4,11,8,0,2,4,71,154,0,0,0,0,0,4,154,15,0,0,8,20,9,23,35,0,0,0,14,37,19,16,4,79,12,1,1,0,4,20,54,154,19,0,0,0,0,3,99,72,7,3,20,14,5,26,33,0,1,2,22,72,14,17,14,63,118,15,15,0,0,0,1,154,154,1,0,0,0,0,22,65,10,4,20,11,10,26,39,0,3,5,34,34,15,19,4,105,79,5,4,1,0,4,42,145,115,4,5,3,0,0,18,8,8,3,15,19,12,24,8,4,0,0,4,8,12,29,6
5,2,0,0,3,39,81,81,26,3,0,0,3,51,105,69,155,3,0,0,1,12,11,55,118,25,1,0,0,0,0,6,57,29,0,0,9,12,9,15,72,28,3,1,8,4,10,21,155,18,0,0,0,0,1,20,155,57,0,0,0,0,0,9,52,7,1,0,7,2,1,43,73,16,1,1,6,2,3,50,155,21,0,0,0,0,0,31,155,8,0,0,0,2,7,72,12,19,24,4,1,0,0,5,87,31,2,1,0,0,0,20,155,98,0,0,0,0,0,7,84,39,1,0,0,0,2,18
3,7,10,11,39,16,3,6,84,39,32,11,13,11,5,46,15,12,104,83,0,0,0,3,1,14,132,98,0,0,0,0,9,2,1,2,130,38,5,15,132,22,2,2,50,19,6,59,81,14,25,22,2,3,8,8,8,8,35,16,3,2,3,12,13,2,0,5,121,35,2,3,132,21,0,1,41,8,7,33,55,1,0,1,1,30,82,31,1,0,0,0,1,12,85,30,4,0,0,0,68,69,18,12,97,0,0,0,18,35,65,126,12,1,0,0,0,101,132,29,1,4,3,0,0,45,132,12
0,0,0,0,72,137,49,12,7,1,0,0,0,24,137,109,43,1,0,0,4,61,87,51,137,0,0,0,0,1,3,82,9,0,0,0,137,83,8,2,87,35,1,0,3,7,19,26,74,20,2,2,10,3,9,29,137,1,0,0,0,0,0,63,11,0,0,0,137,22,0,5,78,6,0,0,5,1,3,76,53,12,1,2,10,2,7,56,137,8,0,0,0,0,0,63,1,5,6,4,79,17,0,1,22,22,14,1,2,0,0,25,61,10,2,0,0,0,0,47,137,34,0,0,0,0,0,23
1,0,0,0,0,7,127,62,33,2,0,0,0,1,127,108,93,20,2,1,0,7,68,51,11,10,6,23,29,12,7,1,37,11,13,0,0,2,39,39,127,39,0,0,0,0,13,64,127,46,0,0,0,5,75,54,15,6,1,13,26,74,101,8,19,19,42,8,0,1,2,2,103,30,7,0,0,0,20,93,25,54,14,0,0,6,127,66,1,72,42,0,0,29,102,3,2,58,43,1,0,2,3,0,6,127,74,0,0,0,0,7,4,127,60,0,0,0,1,4,3,92,39,0,0,0,0,1
35,4,2,2,1,4,27,124,27,1,0,0,4,22,96,124,34,11,2,5,24,38,63,40,20,12,1,1,0,4,19,14,80,105,124,42,2,0,0,59,88,52,11,19,30,83,49,63,124,18,3,3,4,26,43,124,38,6,2,4,10,8,8,20,1,26,124,105,6,0,0,0,9,34,71,112,32,13,2,4,124,124,51,22,3,3,1,17,54,24,8,23,17,1,0,3,0,0,22,60,74,22,1,0,30,11,14,19,44,8,2,16,45,37,23,1,0,0,0,12,36,6,4,5,1,3,2,20
114,63,1,5,9,0,3,32,56,53,2,1,16,30,18,37,0,12,11,30,43,30,0,0,0,2,4,124,102,1,1,2,61,2,0,0,4,19,93,124,124,11,2,0,3,7,33,124,20,21,14,6,12,17,3,4,0,2,1,88,110,10,0,0,124,82,1,1,2,15,43,54,124,53,0,0,0,1,3,32,31,8,3,4,8,12,6,11,0,0,2,30,83,9,0,0,124,119,21,4,0,0,0,4,124,44,0,0,0,6,10,15,21,8,0,1,2,35,79,7,0,0,0,14,19,42,86,0
0,0,1,3,19,18,40,18,10,5,1,27,121,34,10,9,121,20,1,6,13,4,2,55,63,13,1,0,0,0,7,46,1,0,1,5,13,33,36,12,16,3,0,12,74,119,29,19,121,29,0,2,7,13,7,58,121,75,7,0,0,0,0,20,0,0,0,20,62,30,14,0,25,8,2,35,91,40,24,7,121,77,4,7,9,2,9,57,121,37,4,0,0,0,13,55,0,0,0,6,111,103,26,3,20,5,1,4,24,61,89,97,42,3,0,1,1,13,86,121,24,1,0,0,0,0,68,121
49,26,58,58,15,19,36,13,131,22,4,2,1,0,0,99,129,2,0,0,0,0,8,119,39,5,0,5,9,18,52,53,84,57,13,0,2,13,78,66,131,37,1,0,0,0,2,49,100,7,0,0,0,14,53,87,6,0,0,0,0,29,85,107,107,131,37,5,8,27,5,11,131,36,4,1,1,6,7,27,36,2,0,0,1,23,37,33,3,0,4,1,5,30,67,38,99,36,2,3,8,57,11,11,131,52,0,0,1,4,5,7,29,17,4,1,2,2,5,5,3,16,36,6,6,4,1,0
139,4,0,0,0,0,3,69,139,15,1,1,0,0,7,135,3,3,5,4,1,0,17,35,0,0,1,4,2,0,1,3,103,0,0,0,0,0,6,101,139,5,0,0,0,0,3,139,46,7,4,2,0,0,17,48,0,0,0,0,0,0,2,6,97,80,0,0,0,0,0,15,139,139,0,0,0,0,0,16,66,32,4,1,0,0,0,0,0,0,0,0,0,0,0,0,124,139,0,0,0,0,0,2,130,139,0,0,0,0,0,6,17,12,0,0,0,0,0,0,0,0,0,0,0,0,0,0
0,1,0,18,54,29,8,0,8,2,5,11,12,28,16,9,24,27,81,67,6,0,3,8,1,11,34,118,44,0,0,0,0,0,0,60,127,31,36,11,60,8,4,2,15,52,34,32,127,59,30,45,15,8,5,49,10,28,36,127,81,9,2,5,0,4,19,127,127,10,6,5,32,99,72,35,3,6,5,7,127,94,9,1,13,11,5,43,9,3,2,20,97,25,6,9,19,4,37,127,19,1,3,45,5,28,49,123,38,7,5,6,43,22,2,4,15,7,12,83,10,6,7,31,56,4,0,11
0,0,0,0,4,172,172,3,2,0,0,0,3,172,172,4,43,6,3,4,2,172,114,15,22,34,15,13,2,18,5,4,0,0,0,4,49,120,54,1,15,2,1,8,27,37,53,5,160,10,1,2,5,5,6,14,40,8,2,7,16,10,12,33,0,1,36,81,20,6,0,0,7,5,58,42,8,1,0,1,79,12,16,14,2,0,0,50,17,4,3,7,27,4,5,29,1,1,18,34,5,6,2,1,2,4,68,54,4,0,0,0,14,19,24,46,11,0,0,6,18,44,13,4,5,1,0,5
0,0,0,0,0,52,124,6,32,0,0,0,1,25,124,111,16,0,0,0,0,23,36,53,2,0,0,9,16,27,28,3,14,4,0,2,9,42,124,34,124,17,0,0,1,23,39,60,80,4,0,0,0,72,64,43,73,25,5,28,30,14,19,16,30,63,18,48,24,5,14,9,124,54,0,0,0,49,59,26,124,50,0,0,0,89,75,26,124,67,3,24,6,1,3,6,3,21,20,39,30,26,2,0,5,113,30,0,3,60,27,1,75,124,32,0,0,10,11,3,64,61,2,3,0,1,3,4
4,0,0,1,14,89,130,20,117,26,1,1,2,87,130,23,65,65,20,35,7,23,21,7,24,63,41,60,39,6,6,10,15,9,17,27,32,13,3,3,130,77,3,4,7,4,1,15,90,27,1,8,41,33,13,57,32,12,3,26,61,38,64,103,5,5,68,122,3,0,0,0,123,28,21,40,3,1,1,67,42,10,13,8,64,16,6,45,0,4,12,17,47,43,42,27,4,8,42,114,38,0,0,0,23,85,30,44,25,0,0,2,17,76,54,15,19,11,0,3,0,5,18,21,100,48,0,0
49,17,23,146,35,0,0,3,146,36,2,4,3,0,0,16,61,58,12,1,0,0,0,2,38,6,2,2,13,2,0,5,23,4,2,129,146,1,0,3,146,40,2,18,30,0,0,21,88,33,9,3,21,19,2,8,25,7,2,1,12,8,3,22,7,3,2,108,146,5,0,0,146,28,5,47,33,0,0,28,105,6,1,20,31,8,0,15,63,17,1,7,7,1,0,10,0,0,1,90,90,0,0,0,140,37,8,48,32,0,0,2,88,8,1,15,14,0,0,5,38,7,1,10,9,1,1,9
7,0,0,0,71,29,23,94,82,0,0,0,1,2,7,163,19,1,3,2,8,11,7,30,0,0,1,33,162,10,0,0,31,1,0,0,95,48,14,38,163,10,0,0,11,5,3,95,116,24,9,5,2,2,1,15,0,1,6,87,74,5,0,0,52,9,3,13,67,9,0,12,163,19,0,3,10,0,0,6,144,17,4,4,2,5,2,10,0,1,20,23,22,11,1,0,18,18,36,65,19,0,0,0,163,58,10,13,4,0,0,6,97,12,1,1,1,5,8,16,0,0,5,2,1,7,7,7
124,103,16,0,0,0,0,6,13,68,76,5,0,0,0,0,1,28,76,46,3,0,0,0,9,76,49,10,0,0,0,0,143,39,0,0,0,0,4,85,134,67,49,15,1,0,1,27,11,33,95,81,15,0,0,0,6,74,53,8,1,0,0,0,143,100,7,0,0,0,0,29,143,73,18,5,8,1,0,25,65,17,9,23,86,9,0,14,51,48,29,11,23,3,0,6,143,67,9,2,8,4,0,28,50,33,17,6,28,28,9,34,49,40,6,3,46,6,3,31,48,53,16,13,36,3,0,7
17,4,0,1,19,10,0,5,11,1,0,0,114,68,2,7,124,2,0,0,26,29,4,40,72,7,1,1,1,0,0,12,7,20,3,5,24,20,6,2,19,4,0,0,130,117,3,5,130,32,0,0,33,25,2,22,92,62,4,2,3,0,0,6,0,0,0,0,32,60,20,2,24,2,0,0,130,109,6,8,130,19,0,0,22,11,3,91,97,24,1,1,7,3,4,57,0,0,0,7,54,33,1,0,2,0,0,5,130,83,6,10,112,0,0,2,13,17,10,130,55,0,0,0,0,3,15,130
0,0,20,139,20,0,0,0,90,23,20,101,10,0,1,19,139,22,0,0,0,0,0,19,46,20,2,0,0,0,0,7,1,2,22,139,47,0,0,0,50,8,12,139,131,0,0,8,139,37,3,6,10,0,0,21,36,33,11,2,4,5,1,4,7,0,1,23,102,28,3,7,24,5,2,98,139,5,0,1,139,21,2,23,23,1,0,22,45,4,0,7,21,11,1,10,5,0,0,18,35,11,4,7,3,2,2,102,99,1,0,0,139,26,5,36,19,0,0,8,45,3,1,14,12,0,0,3
2,7,2,45,90,13,0,0,17,70,48,11,7,2,0,0,37,29,32,17,2,0,10,8,14,12,1,5,14,8,21,6,19,7,3,46,109,30,0,1,134,80,39,24,18,6,1,9,20,25,40,104,60,10,1,2,23,27,5,14,44,23,0,0,12,16,33,18,85,35,0,0,126,24,18,10,9,22,32,53,19,6,3,12,41,88,44,32,6,8,3,4,66,90,3,7,0,95,134,78,8,1,0,0,2,10,134,134,9,8,14,6,6,65,134,28,4,17,21,14,1,31,134,34,26,25,2,4
29,2,0,0,0,0,48,101,31,3,2,0,0,0,59,130,49,2,7,14,1,0,2,61,0,2,21,22,1,0,0,0,55,3,2,0,2,10,24,130,121,10,5,0,0,0,10,108,130,18,9,12,0,0,0,45,11,6,12,73,5,1,0,0,78,75,79,5,2,2,2,59,130,130,2,0,0,0,1,36,130,61,1,3,0,0,0,11,36,3,9,62,3,2,2,5,6,103,130,2,0,0,0,0,32,130,69,0,0,0,0,0,84,55,19,1,0,0,2,17,16,2,1,2,1,8,18,18
33,0,0,1,33,12,14,78,119,2,0,9,78,10,2,22,158,3,0,0,0,0,0,58,42,7,3,3,3,5,2,9,47,46,53,12,11,0,0,21,102,11,12,63,49,0,0,13,158,10,1,3,0,0,0,59,76,7,4,3,2,6,7,19,0,66,105,23,2,0,0,0,29,45,122,130,7,0,0,0,158,121,34,10,0,0,0,19,73,8,0,0,0,6,8,18,1,66,78,2,0,0,0,0,1,28,131,38,1,1,2,0,46,85,41,5,0,0,1,6,20,8,1,0,0,7,10,8
72,116,0,0,0,16,10,3,67,100,0,0,0,4,48,21,4,6,1,1,2,86,81,4,6,2,0,0,1,47,97,36,71,97,1,0,6,14,6,4,18,5,0,0,28,116,116,17,50,35,19,1,5,87,116,23,21,51,54,5,3,27,22,16,12,42,29,28,30,7,0,0,33,2,5,83,116,64,6,7,116,42,13,10,9,9,11,99,15,19,32,15,10,2,16,44,5,12,15,31,7,0,1,13,4,1,41,116,36,0,0,2,20,2,52,116,3,0,18,74,1,0,3,22,3,2,76,116
0,3,14,2,1,72,47,0,0,0,1,2,18,47,116,15,3,0,6,61,39,10,15,19,3,0,4,117,41,2,7,11,0,14,30,5,5,117,76,0,14,6,58,38,2,38,117,82,115,30,10,14,0,0,18,117,18,22,21,117,34,0,0,1,5,117,94,8,3,16,12,2,14,29,117,117,40,12,1,7,117,111,19,26,8,2,0,27,39,43,13,80,22,0,0,3,3,32,7,1,3,11,13,8,4,5,10,26,69,36,6,4,117,51,10,10,18,6,1,37,44,8,1,7,10,5,2,10
0,0,1,4,110,127,6,0,31,31,1,0,44,127,12,3,43,41,29,12,4,9,2,2,13,21,49,6,2,7,3,2,5,0,1,3,127,127,21,3,127,86,5,1,36,44,3,18,28,81,30,27,31,8,0,2,15,81,36,3,8,8,1,1,20,5,5,3,7,127,70,16,127,24,0,0,2,11,4,55,94,73,42,18,6,0,0,17,3,69,85,5,0,0,0,0,13,8,39,99,20,4,4,10,127,18,0,6,4,1,2,67,127,48,0,0,0,0,0,25,16,26,20,5,0,0,0,3
27,6,0,3,49,17,2,7,3,7,0,9,138,21,0,0,21,69,25,29,40,1,0,0,0,13,70,109,26,7,1,0,22,16,1,18,62,4,0,1,27,8,0,51,138,1,0,1,138,90,49,13,29,0,0,7,12,18,138,88,0,0,0,0,0,3,2,18,38,5,1,1,22,1,1,92,138,0,0,2,138,11,4,19,37,0,0,32,78,21,55,16,0,0,0,6,1,0,0,3,25,7,6,8,5,1,0,70,136,0,2,6,138,0,0,31,60,0,0,53,109,5,1,0,0,1,2,29
0,1,2,3,56,16,11,2,28,0,0,7,147,13,0,3,147,0,0,3,31,2,0,26,25,5,3,11,4,2,0,2,0,0,0,0,36,27,73,62,31,0,0,0,147,67,9,7,147,1,0,0,34,7,0,22,47,9,3,6,0,0,1,10,4,0,0,0,5,20,109,147,47,6,0,0,116,121,50,12,147,24,0,0,16,8,0,9,53,8,0,0,9,25,3,7,51,16,2,0,1,14,25,79,82,21,0,0,8,57,18,10,147,75,0,0,0,1,0,1,23,12,1,4,55,21,0,1
0,0,0,4,31,33,126,30,53,0,0,15,108,63,16,23,148,1,0,0,3,1,0,72,27,3,1,15,50,10,0,11,31,6,0,0,3,23,107,122,69,0,0,0,41,66,19,40,148,13,0,0,2,3,0,40,53,12,3,15,51,17,1,4,47,38,23,3,3,18,22,22,97,37,0,0,6,37,36,19,148,95,2,0,0,1,0,4,33,22,24,37,27,9,1,1,2,58,59,3,4,34,21,1,34,148,42,0,0,4,14,4,92,148,6,1,1,0,0,0,17,19,12,8,7,0,0,5
0,0,0,12,50,5,3,5,51,5,0,36,158,0,0,1,158,36,8,5,12,0,0,4,26,18,62,35,0,0,0,0,5,5,1,7,38,5,4,14,52,2,1,59,158,0,0,7,158,10,0,6,27,0,0,28,68,15,9,1,0,4,6,8,21,16,4,5,17,9,11,27,35,11,3,49,158,32,3,5,158,27,0,10,31,3,0,24,59,5,0,0,3,19,7,12,8,2,18,28,12,32,47,53,25,21,10,6,62,147,41,11,158,54,1,0,7,12,2,27,42,3,0,0,19,31,1,7
10,49,4,2,22,2,0,0,2,6,1,8,155,65,0,0,33,122,43,7,51,47,16,4,23,49,61,36,7,1,15,41,1,15,10,9,49,11,0,0,24,3,0,5,155,77,0,4,155,63,5,4,42,18,3,16,21,16,16,39,26,14,5,3,0,2,3,3,74,30,15,5,46,1,0,0,155,51,0,1,155,7,0,2,37,7,1,10,28,8,2,9,8,8,3,2,0,0,0,0,39,33,45,54,45,2,0,0,155,78,4,3,155,14,0,1,15,5,0,6,28,13,3,9,1,0,0,3
20,0,0,28,144,0,0,2,144,7,0,4,31,0,0,14,102,22,10,2,0,1,2,5,0,8,26,4,7,16,5,0,17,8,3,41,144,8,0,1,144,38,0,12,43,1,0,9,120,11,0,0,0,7,10,18,0,0,0,0,19,68,9,1,18,6,0,4,104,135,31,10,144,33,0,1,19,18,2,38,101,7,0,0,10,36,2,17,0,0,0,0,32,107,1,0,11,58,65,26,8,54,19,1,132,139,10,0,0,4,1,7,40,11,0,0,32,22,2,7,0,0,0,1,64,32,0,0
4,0,0,10,18,7,26,100,127,0,0,0,0,1,8,145,60,2,7,7,0,0,4,52,2,0,8,12,1,1,7,9,29,6,0,4,37,37,12,32,145,18,0,0,5,8,4,88,122,1,0,0,0,0,25,69,0,0,0,1,1,16,63,9,51,42,4,12,52,26,0,3,145,112,0,1,5,1,0,12,60,7,0,0,1,15,33,42,0,0,0,0,8,137,78,2,47,74,17,5,22,25,0,1,145,87,0,0,0,1,15,15,14,4,0,0,15,71,22,8,0,0,0,0,78,145,11,0
1,3,72,101,34,12,4,6,36,24,32,87,10,5,5,47,138,28,6,1,0,0,10,58,72,32,39,10,0,1,6,21,26,50,49,73,50,9,6,22,26,13,20,81,138,114,36,22,138,35,10,6,9,27,37,78,97,15,13,11,9,0,1,44,52,64,15,24,128,91,13,7,30,26,5,15,138,138,5,4,138,39,2,1,11,9,3,16,15,0,0,1,4,0,0,3,9,1,0,0,29,51,40,13,0,0,0,0,32,37,0,0,0,0,0,0,0,0,0,0,0,0,0,0,0,0,0,0
0,46,47,17,59,48,2,0,27,4,14,4,19,67,31,26,24,7,1,0,6,43,42,31,28,2,0,0,0,27,68,73,1,2,9,45,133,35,0,0,112,25,0,8,73,39,8,16,36,6,0,0,67,105,11,10,85,5,0,0,6,27,13,62,1,0,1,70,133,2,0,0,64,7,1,18,115,13,5,53,16,5,18,53,85,45,7,19,83,78,23,16,7,6,5,48,0,0,5,133,133,0,0,0,45,18,13,106,79,1,0,8,40,25,53,34,3,0,0,15,35,120,52,9,0,0,2,16
0,0,17,30,18,41,29,2,0,0,1,34,57,14,34,30,89,1,1,12,12,3,15,126,66,0,0,0,0,3,20,126,5,1,3,14,65,103,61,24,67,10,9,37,19,5,33,55,92,5,10,67,43,0,1,92,126,0,0,0,2,0,3,126,8,8,25,111,67,6,1,3,126,43,13,18,16,0,0,8,54,23,9,54,103,0,0,11,126,36,4,4,5,9,10,77,1,9,18,126,42,0,0,0,36,88,39,23,7,0,0,0,12,29,28,46,18,12,3,0,34,30,6,2,1,50,48,9
8,1,1,10,19,40,52,33,67,2,1,18,48,15,11,66,134,1,0,1,1,0,9,134,10,0,0,0,9,25,35,22,52,49,10,26,19,8,7,19,94,27,4,34,78,13,0,14,134,9,0,2,7,2,3,73,34,0,0,0,30,35,15,19,19,70,39,25,23,2,0,0,38,66,24,28,75,10,1,2,134,74,5,1,4,38,47,37,13,0,0,0,8,134,134,15,0,9,36,22,11,59,47,0,4,15,11,13,7,50,107,4,10,13,1,0,1,92,134,10,0,0,0,0,9,119,53,0
4,0,0,46,82,11,8,7,26,0,0,42,142,7,0,5,142,4,0,1,11,4,6,57,15,3,4,1,1,18,18,15,1,0,0,2,24,88,142,13,33,1,0,6,96,142,59,18,142,17,1,0,7,16,9,53,38,10,9,9,23,7,5,7,37,21,2,5,4,64,142,28,86,20,2,16,16,92,41,8,142,52,0,0,0,4,4,21,35,14,2,5,27,4,5,12,70,56,2,5,6,7,9,18,79,31,2,20,29,7,1,1,142,54,1,0,0,0,0,12,25,11,3,6,17,2,4,15
10,2,47,38,5,24,28,11,17,19,124,24,0,0,5,15,31,19,124,41,0,0,3,42,117,21,42,8,0,0,0,107,44,55,0,0,1,39,27,14,32,12,6,0,0,33,97,56,122,12,44,12,0,0,34,103,55,34,57,6,0,0,0,14,23,23,0,3,18,96,21,8,88,39,0,0,2,48,38,28,124,85,2,0,0,0,3,14,64,49,45,25,0,0,0,1,8,18,41,53,32,13,1,2,76,124,57,9,3,2,1,10,124,124,10,0,0,0,0,0,77,69,32,29,0,0,0,0
4,3,1,6,5,7,5,2,123,65,2,1,0,0,0,15,98,61,13,34,13,0,0,12,0,1,21,106,44,7,9,8,6,0,0,2,6,9,10,13,139,4,0,0,0,0,0,94,139,47,16,12,0,0,0,63,22,31,129,121,2,0,0,0,5,7,8,2,8,10,3,8,139,36,2,0,0,0,0,21,139,81,0,0,0,0,0,30,53,26,26,12,0,0,0,23,2,17,23,2,0,0,1,0,94,21,10,0,0,0,4,30,139,4,0,0,0,0,28,139,12,0,0,0,0,0,35,139
11,50,35,29,7,4,8,3,40,63,33,36,4,3,6,17,43,48,12,9,36,36,20,20,24,48,14,10,7,13,17,13,35,15,4,4,6,42,76,44,110,89,20,16,6,6,15,40,50,89,37,89,62,24,0,3,58,122,33,5,2,4,3,1,60,48,55,24,34,42,14,21,122,104,19,4,0,1,3,69,38,58,30,56,16,5,7,28,25,66,11,3,6,28,67,44,5,70,121,33,4,0,0,0,29,122,36,4,6,10,15,6,9,31,6,8,41,122,61,10,2,0,0,1,16,122,122,30
3,0,14,120,16,1,2,4,138,4,12,21,0,0,0,78,138,7,0,0,0,0,0,101,11,5,1,1,4,2,0,8,18,16,43,98,2,0,4,15,117,15,70,138,0,0,0,30,138,15,6,7,0,0,0,89,45,6,6,3,6,3,0,12,55,30,9,6,0,1,29,74,74,40,52,137,0,0,0,21,138,59,28,30,0,0,0,5,75,8,2,1,0,0,0,5,47,138,13,0,0,0,2,4,34,73,28,20,1,0,0,1,59,21,15,6,1,2,2,28,49,2,0,0,0,0,2,40
52,1,0,0,1,1,4,30,165,0,0,0,0,0,0,99,92,2,0,0,0,0,0,27,1,0,0,0,0,0,0,0,59,3,2,25,11,1,3,19,165,30,0,0,0,0,0,36,151,42,3,0,0,0,0,9,1,7,3,0,0,0,0,0,41,11,13,127,7,0,0,0,165,18,2,6,0,0,0,33,165,13,2,0,0,0,0,33,6,3,3,1,3,5,0,1,15,9,17,141,12,0,0,3,165,61,9,29,3,0,0,5,151,24,0,0,0,0,0,8,5,1,4,5,8,7,0,2
17,6,3,4,77,3,0,28,103,7,1,0,0,0,2,78,176,15,0,0,0,0,0,88,89,15,0,0,0,2,6,39,15,35,17,6,42,11,0,4,136,29,21,8,3,0,0,12,176,24,0,0,0,0,1,30,76,7,0,0,0,1,31,43,37,9,0,0,2,7,4,25,119,13,1,3,5,2,3,24,176,18,0,0,0,0,0,49,68,16,9,2,1,1,8,28,34,21,4,5,3,0,0,2,98,27,2,7,4,0,2,13,176,107,1,0,0,0,0,22,63,81,5,1,1,0,0,10
84,42,37,25,9,10,6,19,49,23,56,118,18,6,6,9,0,4,118,118,44,0,0,0,1,7,19,71,96,5,0,0,53,22,30,5,1,6,25,71,83,56,40,15,11,12,20,29,4,15,60,118,111,5,0,0,0,1,38,118,90,0,1,0,66,64,17,0,0,0,14,45,118,79,13,2,5,10,14,38,14,5,24,64,76,25,17,16,3,3,50,118,50,28,7,6,86,48,11,5,1,2,2,89,19,39,6,1,2,41,44,13,1,0,6,8,16,48,86,24,12,9,14,10,52,44,28,17
17,36,5,3,40,33,0,0,52,83,1,1,3,0,0,0,42,20,1,0,0,0,0,1,1,9,1,0,0,0,0,0,28,109,28,5,17,20,0,0,64,54,4,4,3,7,10,17,149,37,2,0,0,0,2,34,50,52,4,0,0,0,0,5,14,91,40,34,9,0,0,0,27,33,19,58,20,5,4,4,149,37,2,0,0,10,44,42,64,2,0,0,0,9,114,77,11,19,8,17,12,55,21,0,4,9,5,21,17,100,149,4,13,8,0,0,0,149,149,14,1,0,0,0,0,129,149,47
1,0,1,2,61,118,35,27,4,1,11,23,52,65,48,57,140,4,0,8,45,39,3,11,52,3,1,0,0,8,9,10,1,0,0,0,32,141,78,55,27,0,0,0,5,65,141,133,141,13,0,0,4,30,19,29,58,22,17,5,0,1,2,5,28,9,0,0,57,85,12,15,115,24,0,0,0,1,24,40,141,63,0,0,0,0,3,10,55,57,10,3,5,12,1,1,23,8,9,1,19,15,0,9,126,31,1,0,0,0,0,16,141,47,0,0,0,0,1,16,38,11,3,1,9,22,10,17
24,5,9,2,0,0,14,77,150,4,0,0,0,0,6,150,59,0,2,14,14,9,12,41,0,0,1,36,37,9,12,2,27,25,50,12,0,0,6,37,150,94,6,1,0,0,1,46,106,19,3,13,6,16,21,31,2,1,2,27,23,19,17,2,26,5,4,1,0,0,17,97,150,46,1,0,0,0,4,132,136,49,44,36,3,1,0,20,2,4,71,46,3,1,1,1,39,3,0,0,0,0,14,20,150,118,0,0,0,0,1,29,97,89,34,7,0,0,0,10,0,0,30,31,9,0,0,0
8,0,0,8,15,33,14,4,48,11,1,0,0,3,2,31,47,4,1,1,1,1,9,40,163,7,0,0,0,0,0,72,17,1,0,52,52,1,0,1,108,36,8,8,4,0,0,4,66,25,11,30,16,0,2,7,163,85,0,0,0,0,0,8,10,1,0,66,61,0,0,5,116,6,1,18,12,0,0,44,97,38,9,24,28,0,0,13,163,163,1,0,0,0,0,0,10,1,1,45,18,0,4,26,61,5,4,50,9,0,0,18,142,41,7,4,0,0,0,24,163,107,0,0,0,0,0,3
0,5,8,108,89,0,0,0,3,41,114,32,14,0,0,0,114,114,71,7,0,0,0,0,114,67,0,0,0,0,0,3,5,10,7,114,79,0,0,0,99,99,97,40,10,0,0,6,81,90,114,23,1,2,3,7,114,26,2,0,0,0,0,57,4,6,5,103,53,0,0,0,98,11,5,60,32,1,16,70,42,12,13,6,2,12,60,60,94,4,0,0,0,0,4,54,1,4,1,33,31,5,1,0,8,5,6,88,43,0,3,17,69,48,5,7,0,1,11,22,67,13,0,0,0,0,2,16
25,3,2,0,0,0,19,69,160,12,0,0,0,0,0,114,81,29,34,14,0,0,0,14,0,3,68,22,0,0,0,0,56,1,0,0,0,0,8,31,160,91,0,0,0,0,0,35,117,90,27,1,0,0,0,8,0,1,33,22,4,0,0,0,62,0,0,0,0,2,28,35,160,15,0,0,0,0,0,123,118,11,3,1,0,0,2,98,0,0,2,5,2,0,0,9,45,57,0,0,0,0,2,9,160,156,0,0,0,0,0,24,90,44,1,0,0,0,0,20,0,0,0,0,0,0,0,3
4,2,19,53,6,0,0,5,10,7,13,20,22,20,5,13,94,22,4,4,5,11,8,72,46,5,2,1,4,1,9,129,0,0,8,18,8,25,62,24,16,2,7,7,90,129,19,14,129,7,1,3,16,42,13,84,47,2,2,50,34,4,15,85,0,0,0,3,19,55,65,29,49,26,0,1,68,129,50,14,129,84,0,1,8,7,1,26,81,42,17,54,7,0,2,22,1,0,0,1,38,93,39,6,109,94,1,1,22,42,18,14,129,129,7,0,0,0,0,2,37,74,28,35,4,1,6,4
11,0,0,2,5,0,0,28,80,37,5,3,1,0,1,26,128,98,122,8,0,0,0,14,4,54,133,9,0,0,0,0,8,12,3,4,7,0,0,12,106,25,14,0,0,0,1,57,133,33,5,0,0,7,3,84,26,7,15,2,4,103,39,8,37,26,6,5,4,3,0,6,81,133,69,0,0,0,0,5,133,133,29,8,9,29,7,13,10,0,20,40,42,133,20,4,54,2,0,4,3,7,2,26,133,48,6,0,0,0,0,69,46,30,31,23,7,1,0,11,0,0,19,58,72,29,0,0
8,4,7,1,1,1,2,23,4,2,7,16,3,1,4,10,2,23,26,21,4,5,9,4,117,153,28,1,0,0,2,35,9,11,24,13,1,1,1,7,28,11,14,10,0,0,9,13,131,156,61,5,0,0,0,24,69,156,89,0,0,0,0,20,0,4,24,9,1,1,36,14,17,8,28,17,0,0,24,20,148,33,4,1,0,0,25,156,84,43,1,0,0,0,35,156,0,0,15,33,1,1,20,8,0,0,1,15,1,0,41,31,8,6,0,0,0,1,48,57,86,36,0,0,0,0,28,156
17,0,0,0,6,6,3,15,140,4,0,0,5,8,7,105,29,4,0,0,74,140,26,20,43,8,1,1,31,107,19,17,15,0,0,0,1,3,7,14,140,5,0,0,11,8,10,114,63,2,3,19,140,76,2,18,74,54,8,8,50,25,2,19,9,1,0,0,0,0,0,1,140,67,1,5,5,0,0,6,67,20,21,131,101,19,0,0,49,75,29,42,23,13,5,21,0,0,0,0,0,0,0,0,48,27,0,0,1,8,5,4,20,8,1,16,79,135,10,3,19,0,0,8,31,66,31,77
71,134,80,9,3,1,0,0,134,134,8,0,0,0,2,8,53,31,8,13,45,53,14,11,4,2,1,10,80,25,1,7,134,81,12,1,2,2,1,77,134,50,4,0,3,4,4,21,35,3,0,1,45,70,17,11,8,7,4,23,37,26,3,0,134,14,0,0,2,2,2,134,134,9,0,0,1,11,21,55,14,1,0,0,21,46,44,20,9,2,0,3,72,30,16,15,134,64,16,9,3,0,2,31,78,6,0,0,0,18,41,54,0,0,0,0,0,48,67,17,0,0,0,0,17,28,52,17
0,0,0,0,4,48,83,41,13,1,3,5,8,57,35,57,44,8,97,52,1,1,4,65,1,1,126,50,13,2,0,1,13,0,0,0,5,58,57,118,43,1,0,0,15,100,42,111,126,11,3,0,0,9,9,126,19,2,6,9,71,26,2,11,36,18,46,33,7,16,11,29,106,43,5,6,21,39,9,23,126,113,1,0,1,3,1,13,22,13,2,30,79,5,0,1,0,5,102,56,1,0,0,0,77,85,44,55,8,0,0,0,126,103,1,0,0,0,1,1,6,3,6,19,14,2,2,2
0,1,27,22,2,8,1,1,167,33,13,9,0,0,0,15,167,42,0,0,0,0,0,55,21,0,0,0,0,0,0,5,8,16,20,15,5,1,3,6,167,21,13,17,12,2,0,46,167,21,0,0,0,0,0,125,11,0,0,0,0,0,0,3,11,11,15,4,4,6,38,21,167,91,5,5,10,6,11,23,167,145,0,0,0,0,0,53,1,0,0,0,0,0,0,0,4,15,45,4,0,0,6,7,99,32,31,3,0,0,1,39,76,9,0,0,0,0,3,86,0,0,0,0,0,0,0,0
3,68,39,5,12,26,17,3,19,43,7,0,1,23,114,86,7,10,7,1,0,7,114,66,16,2,2,5,1,0,29,73,3,5,11,48,114,47,8,0,104,95,14,14,36,39,50,37,36,53,70,28,2,4,48,34,93,20,9,2,0,0,8,57,9,5,2,114,111,0,0,0,106,23,4,85,67,0,3,106,46,10,13,13,11,5,5,96,73,7,4,2,2,0,0,21,8,7,4,74,47,0,0,0,13,0,0,114,114,0,1,51,61,1,1,15,11,0,0,114,33,5,3,0,0,1,1,35
0,0,6,99,30,10,90,33,5,6,5,18,3,34,133,37,133,88,0,0,0,33,73,25,103,74,2,0,1,4,10,5,0,0,8,133,50,1,0,0,29,27,17,133,23,2,4,2,133,122,4,6,0,1,4,34,62,18,0,0,0,7,39,22,0,0,0,30,55,61,10,1,17,3,5,104,79,16,9,5,133,14,2,15,18,0,0,91,70,6,0,0,0,0,6,43,1,0,0,4,40,42,7,2,4,1,0,12,40,28,13,3,133,20,1,9,12,3,6,43,51,4,0,0,0,3,11,42
0,0,0,25,51,31,34,22,10,0,0,1,9,8,56,147,102,3,0,0,0,0,5,147,26,3,4,4,0,0,4,22,10,4,0,2,20,79,80,33,63,4,0,1,18,42,28,71,147,7,0,0,0,2,3,147,59,0,0,1,0,3,29,56,15,62,20,12,26,10,4,9,100,57,4,11,35,15,2,6,147,80,0,0,0,0,2,25,34,1,0,0,3,49,44,32,0,22,31,21,23,7,2,0,79,92,15,7,21,10,2,3,147,63,0,0,0,6,35,24,7,0,0,0,31,124,26,5
0,0,8,14,31,125,41,2,143,30,0,2,13,41,22,34,102,73,5,0,2,1,0,1,0,7,6,3,29,12,2,0,22,4,1,1,2,131,138,13,146,32,0,0,0,24,30,47,146,20,0,0,2,23,27,12,0,0,0,1,26,35,18,0,39,21,27,54,2,9,9,3,146,36,3,1,0,0,3,74,75,1,0,0,0,17,36,60,5,4,0,0,0,8,20,4,8,2,35,108,13,2,1,1,104,3,7,25,9,0,0,127,83,0,0,0,0,0,4,128,11,5,0,0,0,1,9,21
11,81,19,1,3,9,13,10,18,36,1,0,3,26,56,67,74,19,6,0,0,0,8,123,33,36,64,3,0,0,0,21,14,3,4,28,61,22,12,24,24,5,4,7,47,40,22,61,123,23,1,0,0,1,4,123,123,7,2,1,0,3,13,55,8,1,5,123,90,1,2,12,36,42,39,32,21,4,3,18,123,78,14,1,0,0,20,61,60,11,5,0,0,33,123,43,1,3,46,123,14,0,0,0,13,17,123,84,0,0,0,6,8,50,123,0,0,0,13,28,1,74,82,0,0,6,32,8
8,0,1,2,11,17,7,9,51,10,2,7,4,1,8,24,5,6,9,19,15,3,43,128,7,6,5,0,0,0,77,162,18,1,11,15,17,6,3,8,143,17,6,9,5,0,0,13,18,25,43,36,14,3,2,9,8,21,31,7,12,14,15,48,6,5,83,162,18,0,0,0,119,20,11,32,7,3,4,18,27,8,3,3,35,32,11,19,10,8,1,6,30,25,8,16,0,0,24,162,120,0,0,0,11,32,114,153,30,1,4,11,3,69,162,28,4,9,6,5,3,11,30,59,35,18,1,1
18,0,1,2,12,6,2,6,82,16,3,7,3,0,0,5,7,14,29,32,12,0,0,8,11,16,26,3,2,1,9,74,18,7,23,120,8,1,0,0,132,23,6,6,4,2,1,5,17,8,10,10,26,21,6,14,6,6,10,4,15,26,9,19,3,3,11,169,123,0,0,0,41,16,24,35,13,5,9,23,8,25,34,3,13,27,10,8,7,13,5,6,27,19,2,4,0,0,75,169,101,0,0,0,0,60,169,99,7,0,0,1,0,48,169,128,8,0,0,0,0,2,20,126,49,16,0,0
36,0,0,0,67,50,5,40,16,6,0,5,129,64,0,0,112,93,13,3,18,3,0,3,27,47,19,3,3,1,0,2,116,4,0,9,87,25,5,64,37,8,0,37,129,21,0,0,129,52,5,5,17,4,6,25,12,9,7,5,13,16,14,6,61,13,0,2,22,44,129,41,51,2,0,6,111,117,67,11,129,23,1,1,11,8,9,27,7,3,1,2,8,23,20,6,26,19,1,1,2,41,129,24,98,33,1,4,5,47,59,12,129,46,0,0,6,3,3,9,4,1,0,5,46,32,3,1
5,0,0,0,46,134,5,4,134,2,0,0,4,48,11,47,37,0,0,10,41,42,20,21,0,0,4,44,28,19,34,3,18,9,1,2,67,101,0,1,134,60,4,6,3,4,1,12,33,15,32,71,30,21,23,8,0,0,44,49,7,9,36,13,14,2,0,3,32,21,4,13,134,17,3,2,0,0,1,97,134,45,124,67,3,0,0,22,1,8,134,69,0,1,3,1,4,5,3,3,23,13,1,4,134,9,1,0,0,0,1,55,134,12,9,0,0,0,22,125,14,14,39,3,0,0,14,51
14,2,0,50,150,7,0,1,150,19,1,8,24,2,4,47,40,6,3,4,9,24,27,24,0,0,0,2,35,22,7,0,15,0,0,10,122,138,69,9,150,13,0,1,25,23,11,50,60,12,4,6,19,19,18,13,0,0,0,0,14,81,23,0,63,15,1,6,8,94,101,17,150,56,0,0,0,13,11,28,64,11,1,7,75,18,1,9,1,0,2,18,76,76,13,3,81,45,1,9,11,4,1,4,150,94,0,0,0,0,0,6,34,11,3,24,40,4,2,8,0,1,19,84,35,4,1,0
1,10,94,53,13,1,0,0,73,115,51,6,1,0,0,0,115,109,3,0,0,0,0,13,68,40,3,0,0,0,3,15,22,5,14,53,105,25,0,2,115,109,11,3,5,2,0,12,115,73,4,0,0,0,1,36,85,22,2,0,0,0,8,43,11,6,18,114,65,12,0,0,115,22,10,22,6,2,9,70,115,52,0,0,0,0,22,85,79,86,3,0,0,1,11,13,1,0,8,24,25,65,57,6,68,62,3,6,13,19,8,22,109,115,4,0,1,7,8,15,30,14,0,0,0,26,47,21
0,2,6,14,9,2,1,0,16,85,30,5,1,1,4,1,51,109,63,19,0,0,0,1,7,41,118,63,8,2,0,0,11,20,55,49,24,6,0,2,118,118,117,14,1,0,0,12,41,97,118,46,23,9,1,4,14,23,39,23,53,100,13,0,17,31,71,67,26,1,2,12,118,79,50,12,4,3,4,75,40,8,32,42,103,20,17,102,2,29,66,61,99,53,8,1,16,68,75,28,26,11,1,3,10,49,62,11,16,37,16,20,18,13,21,15,21,23,28,57,5,13,14,14,29,31,36,23
82,0,0,0,1,0,5,61,174,0,0,0,0,0,0,133,95,4,1,1,10,9,10,78,4,8,8,4,11,6,1,0,98,22,6,0,1,0,0,30,174,25,0,0,0,0,0,40,174,14,0,0,0,0,7,52,19,8,1,0,0,0,7,22,88,26,7,0,0,0,0,6,174,25,0,0,0,0,0,12,115,5,3,0,0,0,24,50,0,1,3,0,0,0,23,12,82,12,1,0,0,0,0,10,174,43,0,0,0,0,0,14,95,54,7,0,0,0,0,9,3,13,9,0,0,0,0,0
1,0,0,1,54,136,17,3,75,5,0,0,5,38,42,53,58,16,3,2,0,0,1,11,0,7,9,8,2,1,0,0,10,0,2,84,116,75,14,8,147,27,0,14,34,18,7,28,78,43,9,1,1,3,7,4,3,7,6,6,9,8,1,0,26,0,0,15,53,126,147,79,147,8,0,2,21,37,13,45,73,9,8,0,0,3,27,28,23,4,3,9,3,0,2,13,133,8,0,0,0,13,114,121,147,77,2,0,0,2,7,29,40,50,51,13,1,2,1,2,8,5,19,7,0,1,1,8
14,7,1,2,12,11,2,23,120,3,0,0,0,0,1,99,172,13,0,0,0,0,0,132,61,26,1,0,1,0,0,8,38,5,1,19,6,3,1,11,148,14,7,1,0,0,0,30,172,24,0,0,0,0,0,35,74,15,0,0,4,26,15,12,18,1,5,45,7,0,1,15,155,16,4,5,0,0,0,31,172,20,0,0,0,1,3,32,43,0,0,0,13,51,16,17,23,3,10,13,1,0,4,21,89,75,22,10,0,0,0,10,172,88,0,0,0,2,2,15,18,1,0,0,13,37,6,6
41,4,5,0,0,0,3,97,161,2,0,0,0,0,1,161,48,0,0,7,24,9,5,42,0,0,0,17,44,12,5,0,45,36,28,0,0,0,1,33,161,64,1,0,0,0,0,44,107,9,3,8,6,15,13,24,0,0,5,26,30,17,5,0,43,5,1,0,0,0,4,100,161,43,0,0,0,0,0,95,126,58,51,25,1,1,0,8,0,1,71,46,1,1,0,0,64,3,0,0,0,0,11,30,161,93,0,0,0,0,0,23,102,80,29,9,0,0,0,7,0,0,23,35,1,0,0,0
0,0,1,7,31,41,3,0,0,0,0,0,60,101,10,1,9,0,0,0,5,15,41,17,12,2,1,1,0,1,10,12,0,0,0,17,125,93,0,0,6,0,0,12,68,127,29,7,106,14,0,1,5,31,35,46,36,15,5,2,0,0,0,4,0,0,1,12,123,127,50,18,30,1,2,70,122,79,32,19,127,37,0,6,21,12,5,14,24,20,6,1,1,2,7,3,0,0,0,0,11,127,127,81,75,2,0,1,19,79,127,95,127,22,3,0,3,9,7,20,21,6,8,1,0,1,8,11
0,0,0,0,57,146,4,0,1,0,0,0,62,116,7,3,33,0,0,1,21,22,6,36,3,2,3,15,43,23,2,3,1,0,0,0,57,146,9,7,8,0,0,0,55,73,10,7,101,4,0,4,19,12,1,11,13,6,15,28,37,0,0,0,0,0,0,7,71,36,5,1,18,4,3,2,31,62,6,1,145,27,3,1,3,4,1,3,38,146,128,16,7,0,0,0,2,4,1,4,34,24,16,1,7,45,72,8,17,4,0,0,120,124,67,4,0,0,0,1,146,146,70,9,0,0,0,0
0,0,0,23,140,140,52,0,5,0,0,4,33,110,31,7,42,6,0,0,2,4,3,49,140,1,0,0,0,0,0,69,0,0,0,81,140,66,2,0,16,2,1,78,59,11,2,2,92,28,6,6,2,0,0,10,140,25,9,2,0,0,0,19,2,0,0,9,69,140,40,17,8,0,1,87,49,2,3,13,94,8,5,28,7,0,0,29,140,65,4,2,0,0,0,9,2,0,0,1,12,18,15,21,16,1,3,26,8,2,12,49,42,11,20,48,2,0,0,10,140,52,2,0,0,0,0,10
4,0,0,0,0,0,0,1,131,67,2,1,0,0,0,8,101,52,1,3,32,36,13,4,0,1,11,25,131,120,6,0,10,0,0,0,0,0,0,2,131,9,0,0,2,11,4,39,79,6,0,0,36,131,62,19,56,36,22,14,42,102,37,8,6,2,0,0,0,0,0,0,131,83,2,8,29,14,1,8,34,33,13,40,131,109,4,5,130,131,7,2,6,15,4,5,0,0,0,0,0,0,0,0,14,47,3,10,23,48,4,0,19,26,12,42,62,76,19,21,64,71,5,2,0,0,8,41
4,0,0,0,0,0,0,1,131,67,2,1,0,0,0,8,101,52,1,3,32,36,13,4,0,1,11,25,131,120,6,0,10,0,0,0,0,0,0,2,131,9,0,0,2,11,4,39,79,6,0,0,36,131,62,19,56,36,22,14,42,102,37,8,6,2,0,0,0,0,0,0,131,83,2,8,29,14,1,8,34,33,13,40,131,109,4,5,130,131,7,2,6,15,4,5,0,0,0,0,0,0,0,0,14,47,3,10,23,48,4,0,19,26,12,42,62,76,19,21,64,71,5,2,0,0,8,41
0,48,120,2,0,0,0,0,15,74,120,2,0,0,0,0,73,120,93,0,0,0,0,1,29,120,105,6,3,3,0,1,1,18,65,21,5,0,0,1,39,13,19,38,19,1,0,10,120,47,1,0,0,0,2,52,84,34,5,2,15,95,51,63,12,13,7,9,6,2,21,34,9,85,83,29,11,0,0,1,69,102,46,8,6,4,5,17,12,2,6,39,79,119,40,20,120,38,2,0,1,2,17,76,36,99,51,1,1,35,17,1,0,17,29,12,15,54,75,7,1,3,13,62,33,9,56,14
43,16,9,7,3,10,48,26,40,20,0,0,0,0,0,8,1,0,0,0,0,0,0,0,0,0,0,0,0,0,0,0,71,21,103,105,2,1,3,32,126,52,17,7,6,0,2,53,26,7,0,7,44,2,2,6,0,0,0,1,2,0,0,0,6,22,126,115,23,0,0,0,94,30,36,43,67,27,53,93,53,2,3,126,120,7,29,92,0,0,3,112,26,0,0,0,0,15,31,47,77,0,0,0,39,9,5,99,126,18,9,24,126,51,12,84,11,1,3,47,9,8,11,126,43,0,0,0
4,0,0,0,0,10,14,24,0,0,0,0,2,84,35,0,24,29,0,0,1,133,33,4,58,76,1,0,2,11,8,4,1,0,0,0,0,53,49,33,16,0,0,0,9,135,45,6,135,102,0,0,0,67,28,17,49,98,7,2,15,55,6,3,0,0,3,2,7,100,48,21,55,3,13,10,21,135,9,9,135,15,2,0,1,13,11,83,36,3,0,0,46,127,25,32,0,43,93,5,4,21,13,0,13,29,135,44,6,9,0,3,73,31,129,24,0,2,6,54,6,2,12,23,27,31,14,20
0,0,0,0,0,1,4,0,1,2,1,0,8,124,103,3,95,17,9,7,26,91,89,49,75,94,29,3,1,0,2,30,0,0,2,4,2,2,13,2,14,3,3,16,32,124,82,15,124,11,0,1,6,49,19,69,106,1,0,0,0,0,5,123,14,1,4,11,7,2,4,64,25,18,14,82,78,29,20,40,124,39,7,9,4,5,34,82,26,0,0,0,0,0,61,124,25,5,22,32,0,0,7,78,13,3,7,14,11,26,103,69,29,6,2,2,0,9,60,98,11,0,2,1,0,9,63,72
0,0,0,0,0,0,0,0,0,0,0,0,0,0,0,0,2,0,0,1,0,0,3,15,2,0,0,0,0,8,98,64,7,1,0,1,0,0,0,0,129,13,1,5,6,4,1,5,28,6,3,22,94,64,46,31,26,42,2,1,9,43,130,65,27,15,7,77,110,0,0,0,130,38,7,22,18,14,21,92,40,30,26,19,118,77,33,44,73,130,41,8,13,9,17,14,2,1,3,75,130,8,1,1,29,9,12,55,40,8,37,108,98,26,6,2,4,2,34,117,106,45,4,0,0,0,0,83
0,0,0,142,87,3,1,0,49,53,14,111,29,0,15,4,142,142,2,0,0,0,6,18,55,29,0,0,0,6,32,20,0,0,0,37,73,89,6,0,77,19,7,81,93,14,2,7,142,30,1,2,2,0,1,68,52,5,0,0,0,0,11,30,0,0,0,0,39,80,12,0,57,14,0,7,50,39,17,13,142,33,0,1,1,0,2,66,37,2,0,0,0,1,14,64,1,4,2,6,31,40,17,6,38,1,0,3,26,33,28,33,123,1,0,0,0,0,7,142,7,0,0,0,0,0,34,88
14,73,21,1,2,4,10,7,34,26,0,0,0,11,48,67,92,14,3,0,0,0,7,118,39,40,58,1,0,0,0,12,0,5,7,35,57,17,15,6,23,6,2,3,17,41,36,49,127,17,0,0,0,0,5,127,127,9,5,0,0,2,14,56,0,1,7,127,86,2,1,0,24,58,33,31,14,5,1,2,127,69,7,0,0,0,9,53,62,7,2,0,0,17,114,63,0,3,50,127,10,0,0,0,5,24,127,97,0,0,0,0,19,54,127,1,0,0,4,19,1,68,71,0,0,1,24,12
20,33,5,2,12,0,0,2,10,16,10,27,123,4,0,0,32,76,97,21,26,1,0,3,11,41,47,27,76,37,27,15,24,19,7,5,8,6,2,2,26,4,4,28,123,29,2,7,123,30,6,23,32,3,0,23,34,16,6,123,123,7,1,8,25,5,0,7,25,23,3,2,32,0,0,12,112,67,2,4,123,31,1,5,15,5,3,21,32,14,4,123,116,16,11,6,13,7,3,24,18,0,0,0,11,0,1,46,121,8,1,6,109,1,0,1,17,40,60,85,10,0,0,9,27,123,123,14
0,0,14,28,47,84,3,0,2,3,3,8,60,122,12,0,9,22,88,38,20,20,0,2,0,1,38,8,0,0,0,0,0,0,0,7,119,111,2,0,15,3,0,18,122,114,6,15,122,36,23,1,9,11,3,50,9,5,10,0,0,0,0,1,0,0,0,0,94,122,42,0,29,9,0,0,38,122,60,38,122,34,0,0,3,5,9,77,10,3,0,0,0,0,0,2,0,3,9,13,21,122,118,2,6,8,20,8,5,37,121,101,6,0,0,5,3,2,56,122,0,0,0,0,0,0,0,1
3,0,32,100,9,1,0,5,142,1,2,20,3,0,0,104,142,1,0,0,0,0,0,90,15,0,0,0,0,0,0,1,7,2,14,104,23,15,14,5,135,25,56,96,4,0,0,20,142,16,5,1,0,0,0,74,53,1,0,0,0,0,0,12,44,13,8,7,0,1,14,40,59,65,97,44,0,0,0,9,142,101,31,4,0,0,0,9,76,16,5,0,0,0,0,3,29,125,38,1,0,0,5,10,33,139,44,5,0,0,0,2,90,54,17,2,0,0,0,12,54,5,0,0,1,1,1,18
7,7,1,0,0,0,0,2,71,123,19,7,1,0,0,7,14,46,51,123,43,0,0,0,0,14,123,123,5,0,0,0,64,7,0,0,0,0,0,9,123,105,9,3,0,0,3,46,27,62,78,115,27,5,14,12,3,43,70,77,31,18,2,0,42,32,19,1,0,0,0,4,123,56,17,0,0,0,18,123,36,21,9,16,10,17,99,84,12,35,59,24,26,23,15,3,9,27,22,1,0,0,10,15,55,80,34,0,0,0,18,38,63,93,47,9,0,0,4,12,58,123,50,4,5,12,5,4
9,0,0,0,0,0,0,0,131,19,0,0,0,0,0,11,75,20,9,9,10,9,15,11,0,0,2,35,61,72,21,5,12,1,0,0,0,0,0,0,131,43,0,0,0,1,6,24,88,41,6,8,9,43,32,15,22,45,42,131,55,12,6,2,3,0,0,0,0,0,1,5,73,6,0,0,0,3,99,131,90,20,0,0,0,23,131,131,85,57,22,57,1,1,37,131,0,0,0,0,0,0,1,3,21,12,1,0,0,3,50,56,39,66,24,3,0,3,50,131,10,4,5,3,1,0,99,131
19,1,1,13,8,5,1,19,137,1,0,0,0,0,0,98,137,0,0,0,1,11,5,123,4,0,0,0,13,42,5,7,8,2,9,33,10,6,6,8,137,16,9,3,0,0,0,63,137,12,0,0,2,6,4,129,15,0,0,0,30,44,4,14,12,1,2,2,8,8,14,21,137,76,8,0,0,0,0,28,137,108,1,1,1,3,2,12,15,1,1,5,37,25,4,4,16,1,0,0,4,4,19,12,137,109,0,0,0,0,0,18,124,137,25,19,0,0,0,0,0,2,16,53,10,2,0,0
3,4,12,7,1,2,9,10,97,29,4,0,0,0,0,47,162,13,0,0,0,1,1,61,17,0,2,7,25,9,2,8,3,0,0,4,9,6,12,21,126,12,0,0,0,0,1,92,162,56,7,0,0,0,0,34,27,24,53,29,2,2,0,0,1,0,0,2,5,20,26,4,162,11,0,0,0,2,14,49,162,83,3,0,0,0,0,18,36,25,26,21,0,0,0,4,2,12,4,11,6,8,7,0,138,162,1,1,0,1,4,10,162,126,0,0,0,0,0,9,18,1,0,0,0,0,0,4
1,8,5,9,22,13,7,1,4,0,0,5,36,56,47,17,62,45,0,0,0,8,27,32,23,94,14,3,0,0,1,0,8,49,27,35,36,5,11,2,13,5,9,73,131,35,16,29,131,36,3,4,12,10,13,109,112,41,12,11,12,2,0,14,49,34,14,39,28,0,0,61,8,20,41,131,131,3,0,5,131,102,37,44,14,2,2,41,100,5,0,0,7,7,5,59,31,0,0,4,1,0,3,131,2,0,6,79,84,9,16,60,29,6,6,38,80,11,13,73,40,1,0,0,0,5,14,113
2,10,16,25,39,1,0,0,13,8,4,77,124,20,3,4,129,51,9,29,9,4,3,31,12,8,6,122,59,0,0,4,15,11,3,8,95,43,3,3,11,3,1,10,129,129,30,21,129,16,1,3,9,32,34,129,55,1,0,55,85,5,2,26,4,0,0,0,70,114,40,5,18,26,13,53,129,76,4,3,129,80,10,12,9,7,13,35,45,1,2,6,29,52,55,20,0,0,17,7,10,59,17,0,4,16,61,33,30,15,1,0,53,57,28,6,1,0,3,7,7,5,17,10,3,16,14,4
117,9,0,0,2,1,0,18,45,3,6,38,117,46,1,7,52,117,53,42,85,43,5,5,68,117,24,3,3,2,1,2,113,1,0,0,1,5,4,99,55,3,3,14,111,117,15,59,117,86,19,11,26,25,5,25,61,47,1,0,7,18,12,8,46,6,0,0,0,1,0,34,62,28,13,61,72,25,4,29,117,34,7,17,15,10,26,67,20,0,0,0,3,14,72,31,2,2,0,0,0,0,0,0,4,8,2,9,70,60,4,1,5,0,0,3,45,42,57,117,0,0,0,0,0,15,105,59
64,0,0,3,54,84,12,47,83,61,29,25,63,62,7,15,98,113,19,1,0,4,4,4,10,20,6,5,29,40,5,2,68,18,7,35,64,35,5,41,113,64,10,27,37,20,6,29,113,19,0,0,0,5,46,42,1,0,0,0,43,86,26,5,14,23,5,23,56,54,1,0,31,12,4,16,51,67,53,113,12,1,0,0,0,3,113,113,0,0,0,0,51,104,94,9,0,0,0,0,30,43,0,0,5,1,5,12,62,60,22,72,8,1,2,1,0,12,104,113,0,2,0,0,16,61,109,2
3,27,21,1,4,3,1,0,34,73,19,5,28,62,51,6,15,54,22,9,11,68,122,14,2,23,115,72,36,67,30,3,4,1,9,1,7,60,106,7,55,60,49,13,44,54,43,18,24,122,90,4,2,5,4,7,4,69,122,20,0,1,6,6,61,7,0,3,10,55,78,17,122,27,2,0,0,4,15,63,69,32,5,0,0,0,9,82,6,8,3,0,0,16,61,21,44,13,3,8,14,6,17,33,77,6,0,0,0,0,11,122,17,0,0,0,0,32,97,106,7,4,0,0,0,81,122,8
0,0,0,4,14,16,6,0,6,14,2,12,7,3,4,1,22,140,47,1,1,0,0,0,3,111,140,0,0,0,0,0,0,0,0,6,14,12,7,0,77,16,2,4,4,4,8,10,140,140,12,0,0,0,0,14,51,140,112,0,0,0,0,6,3,1,1,3,5,4,7,6,63,24,10,4,1,0,0,9,140,15,0,0,0,0,8,140,79,18,8,1,0,0,4,140,5,18,4,1,0,0,1,3,13,17,2,0,0,0,2,4,50,36,2,0,0,1,14,98,140,54,0,0,1,1,2,121
6,55,8,0,7,70,19,0,67,21,0,0,5,51,36,31,61,59,24,3,0,0,3,16,3,15,51,11,2,1,2,0,13,2,0,0,3,121,87,14,121,51,0,0,0,27,41,41,85,54,6,0,0,63,108,18,2,1,11,4,2,11,92,54,39,12,5,23,23,46,20,13,121,25,3,6,8,35,51,65,40,1,1,7,9,115,121,73,31,0,0,0,0,5,75,109,21,46,18,57,6,0,0,0,64,99,38,43,10,8,3,7,13,5,121,97,12,12,16,38,5,0,72,41,1,2,84,36
11,73,43,0,0,8,77,11,6,10,0,4,11,18,57,20,0,0,3,25,45,115,8,1,0,0,7,16,19,115,50,1,18,1,0,0,26,56,115,38,103,2,0,0,15,16,94,114,10,0,4,18,115,115,7,10,2,6,40,39,41,51,15,4,39,43,53,62,49,15,4,6,115,102,17,7,17,1,1,7,21,21,15,66,115,2,0,0,26,59,115,31,9,0,0,0,0,35,100,83,3,1,0,0,5,85,51,12,24,1,0,0,13,7,3,53,78,2,0,1,92,19,11,11,10,1,0,22
10,1,0,24,90,18,9,12,76,2,0,1,12,6,3,55,22,1,0,0,6,89,52,12,3,1,0,0,1,35,102,85,9,0,0,1,28,61,115,29,115,2,0,1,22,21,15,69,16,0,1,8,115,99,16,7,51,16,5,7,39,41,51,60,40,47,14,4,2,7,44,40,115,115,7,10,9,0,5,20,16,16,96,113,100,1,0,0,24,56,115,37,17,1,0,0,19,115,49,1,0,0,7,15,48,115,7,1,0,0,3,25,11,19,55,18,6,9,0,5,0,8,74,10,13,76,41,0
0,0,0,0,17,46,6,0,8,6,0,0,0,4,26,5,53,128,0,0,0,0,7,6,136,136,0,0,0,0,0,5,0,0,5,12,12,9,0,0,56,23,4,8,0,1,2,1,136,136,0,0,0,0,0,18,121,136,0,0,0,0,0,10,0,0,13,19,9,2,0,0,38,5,9,7,3,7,3,18,136,8,0,0,0,0,3,136,109,14,0,0,0,0,62,136,0,0,2,13,18,10,0,0,0,0,4,8,7,12,3,6,23,5,3,1,0,0,5,122,9,0,0,0,0,2,124,136
2,2,1,0,9,110,10,0,115,61,2,0,1,13,0,10,67,63,58,66,2,0,0,9,6,14,90,71,4,1,0,1,2,1,2,3,16,11,2,3,119,14,0,0,0,1,1,91,129,34,26,13,0,0,0,106,30,29,129,33,0,0,0,1,2,0,0,0,11,15,13,4,129,50,0,0,0,5,8,18,129,112,0,0,0,0,0,23,62,34,10,1,0,2,5,3,2,0,5,4,7,6,1,0,116,9,3,1,0,0,2,60,129,14,0,0,0,0,43,129,19,4,0,0,0,42,129,45
6,3,3,30,119,27,3,0,119,30,11,20,46,7,1,22,57,14,42,23,89,65,3,12,41,32,4,12,61,19,0,0,4,4,7,100,86,71,12,1,119,38,9,17,31,40,10,41,64,12,0,0,88,106,12,20,39,91,5,1,22,15,0,0,0,3,8,88,42,112,110,0,49,30,11,19,11,40,119,61,71,23,0,0,17,44,89,37,77,31,0,0,2,12,8,6,0,2,23,86,26,39,36,0,27,54,20,15,4,11,32,16,80,119,0,0,1,0,10,11,24,23,0,3,21,19,4,0
39,2,0,17,135,27,12,70,135,22,1,10,40,10,4,47,16,5,0,6,58,44,4,12,0,0,0,5,38,20,0,0,50,7,2,3,26,114,135,58,135,4,0,2,16,40,38,89,48,1,3,31,66,62,2,11,0,6,14,12,15,33,2,0,85,32,29,10,9,57,56,21,135,66,2,2,2,1,7,17,58,15,6,56,58,5,0,0,0,3,19,40,34,5,0,0,21,21,115,47,41,75,14,12,135,21,4,5,11,30,23,135,38,6,1,9,48,22,12,38,2,7,16,16,14,6,5,2
0,0,0,1,83,135,59,6,97,2,0,0,14,19,29,57,47,8,2,2,1,0,0,15,1,1,1,4,2,0,0,0,39,0,0,0,49,160,122,55,160,15,0,0,0,4,39,104,86,30,9,1,3,6,0,5,0,1,1,0,0,1,0,0,120,31,0,0,41,72,6,15,160,57,0,0,0,0,0,19,101,9,2,2,4,5,0,11,0,0,0,0,0,0,0,0,119,79,0,0,1,4,1,0,160,103,0,0,0,0,0,11,37,6,0,0,0,0,1,20,0,0,0,0,0,0,0,0
6,11,24,9,0,0,0,0,130,130,34,10,1,0,0,1,38,55,43,17,35,49,7,5,12,8,5,1,9,43,44,39,16,7,1,1,0,0,0,0,130,100,6,3,19,11,1,12,48,49,30,32,130,130,7,5,60,130,45,9,27,53,17,17,6,0,0,0,0,0,0,1,130,12,1,3,14,39,12,81,101,73,23,22,83,106,17,23,79,130,30,6,8,13,6,8,0,0,0,0,0,0,0,0,21,19,7,10,18,24,1,6,68,30,6,18,29,43,24,69,41,8,0,0,5,32,58,65
4,2,9,31,37,16,4,10,128,1,0,0,0,1,5,135,148,21,21,5,2,0,0,91,5,7,40,19,1,0,0,0,0,0,0,17,55,59,4,1,119,6,0,0,5,18,17,101,148,25,5,0,0,0,0,147,26,5,8,2,0,0,0,9,3,1,1,27,114,46,3,1,148,91,8,4,4,10,4,9,148,106,0,0,0,0,0,18,8,0,0,0,0,0,0,1,10,14,6,2,44,37,3,2,124,88,3,0,0,0,0,2,74,27,0,0,0,0,0,0,0,0,0,0,0,0,0,0
71,15,0,0,0,0,0,24,126,37,9,0,0,0,0,126,26,12,23,16,20,43,7,32,0,2,18,77,36,28,21,10,33,25,1,0,0,0,0,14,126,96,0,0,2,3,3,106,69,16,2,16,90,126,18,31,29,14,12,17,21,56,51,67,23,8,3,7,3,1,6,15,99,21,0,0,1,2,38,126,52,8,31,44,49,14,24,126,22,89,114,36,8,2,2,16,0,0,16,66,2,1,2,1,25,1,13,14,0,0,10,65,42,4,6,1,0,0,55,126,19,17,15,0,0,1,41,126
1,10,9,5,7,1,0,0,97,62,10,0,0,0,0,7,123,106,33,8,0,0,0,11,6,7,78,45,27,8,1,0,17,22,5,4,5,1,1,7,113,123,34,0,0,2,0,25,120,123,10,0,4,68,48,11,10,0,0,7,37,53,91,28,29,4,0,14,12,1,2,21,123,41,2,1,2,6,3,102,46,18,14,53,71,95,28,26,58,32,23,21,17,27,40,52,12,2,2,74,14,0,0,6,123,15,3,5,1,0,0,105,86,15,63,57,8,0,0,57,12,50,114,29,3,1,1,2
4,5,1,1,5,6,2,1,122,84,3,0,0,0,0,8,96,122,95,0,0,0,0,12,1,27,122,14,9,0,0,0,7,22,3,0,0,0,0,1,122,33,0,0,0,0,0,76,122,34,5,0,0,2,1,122,18,2,11,11,18,47,16,11,11,14,4,4,0,0,0,0,118,122,1,0,0,0,0,24,122,122,0,0,15,34,5,37,11,2,0,4,37,122,43,10,5,3,1,7,4,1,4,5,73,14,0,0,0,0,5,121,79,11,1,5,20,14,9,122,6,4,32,62,47,23,3,6
3,6,1,0,0,45,36,9,18,9,0,2,3,85,52,8,59,51,2,0,1,9,13,9,20,28,9,1,0,2,8,21,7,0,0,0,0,122,96,17,122,57,0,0,0,65,60,40,64,67,0,0,4,101,26,13,107,10,0,0,1,31,26,49,24,14,83,16,12,91,33,10,122,35,44,4,2,30,24,77,37,4,1,5,16,122,50,42,113,4,0,1,1,29,45,103,3,49,122,9,0,0,0,0,18,29,122,69,2,3,2,6,10,14,30,109,15,14,3,4,58,55,24,11,2,4,5,16
11,0,0,1,11,27,126,45,0,0,0,5,76,126,83,3,81,126,12,28,92,34,7,7,126,126,5,0,0,1,5,13,0,0,4,12,68,30,73,17,21,3,2,2,12,105,90,18,126,81,0,0,4,21,14,37,126,34,0,0,0,0,2,59,0,0,2,6,9,23,8,0,24,78,22,1,10,50,18,4,126,58,22,2,0,1,1,80,53,0,0,0,0,0,4,126,0,0,0,0,0,0,0,0,1,31,22,2,0,0,0,0,14,18,49,32,4,3,0,16,21,0,3,4,3,7,6,89
0,0,0,0,4,128,20,0,25,18,1,0,0,106,84,16,14,7,2,4,3,8,63,68,24,1,0,0,0,2,30,128,17,4,0,0,9,128,6,1,128,93,19,5,0,18,4,8,21,37,111,82,5,3,4,5,39,62,79,13,0,1,4,38,19,2,0,0,20,22,3,8,128,24,4,0,0,0,0,89,128,52,112,24,0,0,0,26,3,42,128,25,14,2,0,0,11,0,0,0,12,10,9,4,128,36,0,0,0,0,2,30,128,45,2,0,0,1,9,30,9,9,9,24,19,6,30,4
4,2,46,25,0,0,1,9,127,0,4,12,0,0,1,122,114,0,0,0,0,0,0,84,0,0,0,0,0,0,0,0,0,0,125,127,30,28,1,0,102,8,20,119,21,5,0,45,127,11,2,2,0,0,0,83,13,0,0,0,0,0,0,0,3,3,8,23,55,127,22,2,43,76,38,43,18,15,8,4,127,118,16,2,0,0,0,2,36,9,0,0,0,0,0,0,4,44,87,31,32,13,1,0,12,127,109,7,1,0,0,1,85,97,17,3,0,0,0,4,19,7,0,0,0,1,1,3
27,3,0,0,0,0,0,5,89,107,18,0,1,0,0,8,19,114,20,1,10,21,24,11,16,24,3,1,1,4,50,39,64,36,3,0,0,0,0,6,129,107,9,11,20,0,0,18,59,51,12,47,129,60,20,13,114,129,20,5,12,13,22,27,10,5,0,0,0,0,0,0,129,16,1,5,19,6,6,83,94,58,13,65,129,38,12,51,129,129,10,9,26,18,8,28,0,0,0,0,0,0,0,0,6,0,0,0,0,2,4,24,32,5,7,10,24,32,19,41,43,1,0,1,11,40,107,79
2,6,6,25,68,5,1,5,99,112,54,32,28,0,0,3,94,112,27,96,58,3,3,27,11,33,112,112,78,11,4,7,14,21,16,20,9,2,3,4,112,98,12,7,2,0,1,12,90,19,1,10,10,11,28,51,7,1,18,36,100,87,14,7,28,13,1,1,1,13,38,14,93,19,2,2,2,3,17,56,14,0,0,5,33,50,94,54,9,4,0,7,62,98,100,18,99,22,3,11,13,8,12,26,42,25,7,24,56,9,12,15,1,0,0,15,78,35,109,57,27,39,10,17,40,21,50,21
110,70,3,0,0,0,0,7,110,64,89,15,12,10,10,9,0,9,54,61,110,16,6,0,40,95,16,15,21,4,0,1,110,94,0,0,1,3,1,43,88,36,4,12,29,97,62,30,41,29,29,44,38,29,48,36,30,60,37,33,4,0,3,18,110,2,2,12,1,1,1,103,98,25,83,42,22,17,4,83,41,110,99,19,3,4,5,12,3,14,20,66,10,3,3,5,36,9,55,73,0,0,0,39,110,21,23,2,0,0,7,110,8,7,17,1,0,7,37,55,0,0,2,10,16,16,12,5
0,12,77,47,26,38,2,0,0,8,121,62,13,31,8,0,0,3,121,84,5,4,7,1,0,0,28,63,23,1,7,3,13,60,73,10,15,9,0,0,5,10,103,46,91,107,24,11,75,22,92,98,20,21,26,54,8,3,79,121,46,0,0,0,12,13,1,3,21,23,20,9,4,10,29,86,100,59,17,3,98,59,35,23,6,19,51,52,17,4,27,67,73,94,26,22,6,9,4,0,0,26,41,20,0,11,24,33,36,45,23,1,2,1,3,39,63,40,73,55,1,0,1,1,47,98,54,51
22,23,44,14,0,1,20,63,45,38,13,0,0,10,24,84,16,68,14,1,1,11,6,11,2,23,23,20,6,3,0,0,75,56,111,25,10,0,1,4,21,40,52,33,61,37,37,23,106,28,3,4,4,10,36,103,20,4,1,6,29,39,3,5,57,14,4,7,11,2,111,102,5,14,24,85,69,27,91,57,93,52,20,16,4,56,111,24,21,1,0,0,8,105,111,20,2,0,0,0,0,0,87,85,0,0,1,2,1,36,111,95,3,19,2,0,0,71,111,3,51,76,0,0,0,28,56,19
12,35,55,117,29,0,0,3,117,62,30,20,3,0,2,32,57,19,16,12,3,11,49,33,0,0,2,8,22,35,30,4,1,10,46,117,50,66,19,8,54,75,95,29,3,12,23,51,19,34,114,14,0,3,30,17,0,7,68,53,19,13,14,0,13,10,20,32,117,106,32,30,117,117,30,8,9,17,31,91,74,59,61,6,4,8,2,6,0,3,40,43,39,10,3,0,11,22,31,24,22,3,60,117,38,117,38,5,1,3,63,75,10,33,2,1,11,48,60,10,0,0,0,3,8,27,41,0
9,21,10,10,22,16,4,5,27,28,15,25,45,12,0,0,49,71,58,6,1,0,0,0,3,13,33,17,13,1,0,0,16,7,1,0,14,33,118,100,93,36,1,0,22,33,32,32,75,42,3,6,4,0,29,48,4,1,5,33,49,6,0,9,59,102,49,1,0,2,68,79,88,48,12,17,34,57,64,40,66,7,3,5,11,41,118,118,43,1,2,13,52,88,16,88,65,118,72,6,0,1,1,35,5,35,56,118,51,26,12,2,63,52,75,63,22,39,21,35,36,8,1,0,27,118,35,27
21,11,20,29,3,7,108,52,90,91,4,0,0,0,100,54,32,92,13,1,0,1,25,21,14,26,61,27,0,0,0,3,16,28,113,113,10,2,5,2,95,76,29,38,18,11,82,39,113,43,1,0,0,1,80,79,55,49,28,7,0,1,10,39,3,2,19,83,51,1,5,19,14,41,51,113,76,7,10,4,101,53,46,29,0,1,27,87,17,3,4,7,2,16,54,113,24,3,1,14,6,0,5,22,14,23,33,78,18,0,0,4,28,25,61,69,13,8,7,25,2,0,10,52,53,60,53,49
12,3,1,3,9,11,40,43,0,0,0,30,69,54,72,20,14,33,7,29,43,52,44,25,52,73,2,0,0,1,10,40,8,6,3,58,88,14,23,11,7,1,0,45,94,67,126,31,126,76,6,15,17,23,76,48,49,103,6,0,14,8,1,3,6,0,0,28,72,49,34,31,22,8,3,92,126,61,15,6,126,27,3,14,12,4,8,67,59,3,0,0,12,7,12,46,0,0,1,5,25,72,54,13,6,0,0,2,38,120,25,9,105,2,0,0,5,13,7,126,17,0,0,0,0,1,43,106
26,8,5,0,0,0,96,134,41,1,0,0,0,0,35,134,3,1,1,2,0,3,36,38,0,0,2,21,3,1,7,8,83,30,45,62,23,0,5,62,134,49,11,1,0,0,6,107,29,26,40,24,5,8,24,36,0,0,2,9,15,21,48,20,29,37,92,134,29,3,0,2,134,94,65,11,0,0,17,57,18,13,38,15,5,27,99,33,0,3,15,23,38,52,33,4,5,5,25,52,55,95,40,23,82,58,57,5,0,5,22,68,17,27,130,16,1,1,3,2,0,9,57,72,26,1,1,0
0,0,0,0,0,0,0,0,6,0,0,5,23,4,7,30,34,74,46,107,92,3,2,6,124,124,32,29,2,0,0,22,6,0,0,0,0,0,0,1,124,17,1,1,1,0,4,41,79,46,30,19,4,6,18,23,124,37,4,0,0,4,25,85,33,7,0,0,0,0,0,2,124,34,0,4,9,15,17,20,107,12,1,6,12,34,74,70,99,24,5,15,29,17,40,60,34,3,0,0,0,0,0,49,124,15,7,32,12,4,2,124,116,14,27,94,25,11,10,66,91,9,3,22,66,26,28,66
1,5,6,50,119,10,0,0,66,31,2,31,104,7,0,1,141,141,2,3,3,10,18,9,34,33,13,19,37,32,67,17,0,0,3,112,80,0,0,0,103,11,14,141,86,0,0,5,141,41,44,30,6,7,5,29,29,64,120,35,7,9,17,12,0,0,2,41,4,0,0,0,17,15,59,141,10,0,0,1,141,57,61,42,0,0,1,59,35,7,30,5,2,4,19,72,0,0,0,0,0,0,0,0,0,0,7,29,3,1,2,0,18,11,24,22,1,1,3,13,15,3,1,0,0,3,14,46
66,23,1,21,63,2,0,0,140,140,1,3,3,9,12,6,44,48,6,10,21,37,104,28,5,20,33,39,87,30,14,6,95,15,11,140,57,0,0,2,140,55,34,27,6,5,2,13,36,72,140,54,10,12,19,12,12,51,68,54,13,0,2,5,20,21,52,140,11,0,0,0,140,68,47,24,0,0,0,50,52,11,56,9,1,2,18,79,0,3,14,35,51,22,7,4,0,1,12,44,4,1,1,0,35,16,27,23,0,0,1,19,30,3,0,0,0,2,14,76,0,0,0,4,21,32,17,10
2,4,0,0,0,29,127,11,12,6,2,0,0,0,87,116,25,0,0,0,0,0,16,127,3,0,0,1,0,1,13,18,23,127,26,2,0,15,41,7,44,75,82,68,0,0,14,48,127,25,8,8,0,0,3,88,32,10,5,3,5,11,14,19,93,127,35,8,1,0,0,28,9,60,99,127,23,17,3,5,95,78,48,29,3,5,6,20,17,15,38,8,3,13,16,11,109,12,1,0,1,4,4,127,16,7,8,18,65,72,19,53,88,63,12,6,10,17,12,32,25,27,38,9,3,4,0,1
2,4,17,20,10,1,1,1,14,3,14,23,13,15,10,24,9,0,0,2,9,50,66,45,4,4,3,6,26,43,102,25,1,0,0,6,49,50,17,3,10,1,0,3,19,117,97,18,85,23,23,11,12,39,58,56,16,41,98,24,34,27,9,10,0,0,0,3,117,67,1,0,44,6,0,4,82,117,35,37,117,33,5,0,0,4,85,117,18,11,21,5,72,117,87,40,0,0,0,14,45,3,0,0,3,0,1,93,100,13,26,25,5,0,4,25,7,5,117,86,0,0,2,1,7,76,117,33
9,4,1,9,8,0,0,0,36,17,2,0,0,0,0,0,3,7,16,14,0,0,0,0,0,0,6,70,5,0,0,0,39,35,41,123,30,0,0,2,123,123,33,20,4,0,0,21,14,30,46,88,41,6,18,12,2,3,11,123,39,3,15,10,22,19,26,123,123,5,0,4,123,123,27,38,21,0,0,48,31,25,30,123,79,2,2,15,2,10,32,70,49,1,2,3,14,24,15,54,101,13,0,0,92,123,36,19,10,0,0,2,5,37,40,113,90,8,1,0,2,0,6,30,57,25,14,13
0,0,0,0,0,29,41,0,1,16,7,0,0,63,123,8,19,16,16,1,0,3,73,68,33,0,0,0,0,0,0,30,16,8,0,3,53,31,13,0,109,123,71,5,5,24,30,11,46,98,123,89,13,4,8,26,115,54,10,8,0,1,3,31,33,4,1,62,123,3,0,2,123,35,7,10,6,10,7,96,58,72,30,36,19,40,18,36,25,59,28,25,7,5,5,2,5,2,22,118,38,1,0,2,74,8,51,64,2,0,0,113,77,55,16,1,0,2,11,123,5,18,6,15,11,8,27,19
0,0,0,0,9,38,8,0,14,14,4,0,1,29,92,43,37,12,6,0,2,3,44,113,7,8,19,5,14,15,6,9,19,1,0,0,110,120,6,3,120,107,34,2,11,38,23,41,75,63,70,17,25,6,11,54,66,22,18,5,5,10,7,33,14,0,2,18,80,34,0,8,108,13,5,18,10,3,59,120,23,7,5,8,28,13,120,120,45,10,0,1,3,17,120,49,0,0,11,28,1,0,0,0,1,2,96,92,1,0,9,28,2,46,96,9,0,0,76,41,22,120,26,0,0,0,54,13
0,0,9,3,4,79,137,3,6,0,5,3,0,11,86,9,10,0,0,0,0,0,0,3,0,0,0,0,0,0,0,0,2,64,137,49,10,40,34,0,65,7,137,137,55,5,34,20,137,7,3,15,6,0,0,33,12,0,0,0,0,0,0,1,8,47,113,94,40,31,7,6,25,24,80,137,137,71,5,2,137,41,24,22,20,0,0,5,4,0,0,0,0,0,0,0,8,5,19,65,30,22,15,4,2,6,137,79,22,9,0,0,0,4,24,2,0,0,0,0,0,0,0,0,0,0,0,0
