0,0,0,0,0,0,0,0,50,11,7,10,0,0,0,0,149,22,4,1,1,1,1,32,32,7,5,9,50,10,3,12,7,10,8,16,3,0,0,0,55,19,25,134,73,0,0,0,149,16,3,11,8,1,5,35,44,1,1,8,10,9,19,31,149,25,5,11,20,0,0,4,39,11,6,74,149,1,0,6,149,9,1,8,35,4,11,95,58,0,0,1,0,4,19,67,149,5,1,2,14,0,0,21,21,0,0,23,149,3,0,9,62,0,0,4,68,5,6,117,58,5,0,0,0,0,4,95
14,0,0,0,23,15,28,151,18,0,0,0,63,22,4,17,30,0,1,4,33,5,1,20,0,1,9,26,60,10,0,0,151,0,0,0,3,4,7,151,53,1,0,0,27,16,6,58,50,16,5,5,8,1,1,14,2,5,8,13,126,44,0,0,151,16,6,0,0,0,0,97,151,30,13,2,3,1,0,37,48,34,7,1,13,22,20,6,4,4,1,2,151,84,11,1,151,27,3,0,0,0,0,32,151,26,7,0,4,10,9,52,1,4,4,0,19,52,22,2,0,0,0,0,11,20,11,0
0,0,0,12,80,43,16,0,57,1,0,12,128,7,0,3,138,1,0,0,9,0,0,14,21,0,0,1,138,4,0,1,0,0,3,92,70,5,0,0,49,7,4,117,86,1,0,0,138,8,1,9,10,0,0,6,34,0,0,9,138,2,0,0,0,3,16,54,51,0,0,0,24,4,9,92,138,11,0,2,138,4,0,8,25,5,2,29,36,0,0,3,138,25,2,6,3,4,14,21,38,1,0,2,8,0,3,10,138,21,2,6,92,0,0,0,27,12,12,87,9,0,0,0,16,16,8,16
46,5,0,0,1,0,0,8,10,2,4,43,21,1,0,6,1,3,4,47,32,7,10,4,8,33,7,1,1,2,15,12,22,0,0,0,0,0,5,35,73,16,10,25,6,2,3,29,16,32,16,102,66,8,1,1,52,186,39,7,4,0,0,1,19,0,0,3,7,0,1,8,86,2,0,1,3,21,31,43,110,42,1,8,40,57,28,15,186,186,59,0,2,0,0,46,2,0,0,0,7,2,0,3,3,0,0,0,0,8,22,16,65,2,0,0,0,11,13,53,186,47,3,0,0,0,3,186
42,3,0,8,21,11,11,15,27,7,2,32,37,2,0,0,45,20,28,161,62,0,0,0,0,0,111,161,32,0,0,0,90,3,1,8,5,1,11,38,58,5,3,57,58,0,0,2,161,29,26,51,3,0,0,4,17,10,134,161,14,4,0,1,113,7,1,0,1,0,1,83,44,4,10,43,23,0,0,34,157,12,9,14,2,3,3,31,29,1,2,15,32,87,8,17,49,37,48,11,1,0,0,25,42,2,9,12,4,3,12,56,19,1,2,5,4,20,35,32,3,0,0,0,11,94,25,12
2,3,0,0,5,6,0,0,15,47,19,0,0,0,0,1,59,140,16,0,0,0,0,0,101,140,2,1,0,1,5,4,9,4,1,0,0,0,1,2,106,42,4,0,0,0,0,35,140,140,6,0,0,0,0,39,85,98,23,33,2,1,3,12,14,9,4,2,0,0,0,1,108,77,0,0,0,0,0,5,140,49,0,0,0,0,0,31,140,2,3,8,0,1,1,40,6,43,36,4,0,0,0,0,60,130,30,0,0,0,0,0,140,70,4,0,0,0,0,1,137,4,0,0,1,0,0,7
0,0,0,0,0,0,0,0,86,0,0,0,0,0,0,38,156,0,0,0,0,0,1,84,88,0,0,0,0,30,32,28,1,1,0,1,0,0,0,0,137,10,0,0,0,0,0,24,156,16,1,0,0,1,3,74,64,14,33,7,5,46,34,25,4,3,0,4,9,0,0,0,96,56,0,0,0,0,3,32,156,48,1,0,0,0,3,156,61,17,42,5,1,0,4,129,2,0,0,2,12,2,0,1,27,3,0,0,0,0,6,47,89,2,0,0,0,0,4,156,58,0,0,0,0,0,2,156
24,0,0,11,52,5,1,11,161,4,0,0,3,1,0,56,96,15,0,0,0,0,1,6,5,9,21,6,2,1,1,1,28,2,0,13,110,4,0,2,161,18,0,2,9,0,0,15,138,36,5,0,0,0,1,3,23,41,23,12,1,0,0,0,21,2,0,16,81,6,0,0,161,8,0,5,6,0,0,38,161,43,2,0,0,0,0,18,45,35,6,20,7,0,0,3,5,1,0,18,40,5,0,1,161,2,0,5,3,3,7,84,103,4,0,0,0,1,96,111,15,2,0,1,2,1,126,60
40,26,51,80,20,0,0,21,73,15,1,6,11,6,3,63,2,3,4,11,61,54,2,1,0,2,13,58,85,46,17,1,21,7,22,103,113,9,1,4,113,37,11,41,35,1,0,12,16,23,54,106,41,21,3,1,0,20,58,84,89,48,5,0,4,4,26,113,52,2,0,0,113,22,29,91,16,7,5,21,20,2,6,19,64,100,14,12,0,1,2,2,113,113,11,0,4,7,16,64,12,0,0,0,2,1,10,103,74,8,1,1,0,0,0,7,97,85,2,1,0,0,0,0,98,102,0,0
5,1,0,8,44,19,36,28,165,18,0,4,19,4,3,4,161,11,0,0,0,0,0,1,31,26,0,0,0,0,0,0,17,0,0,1,15,26,49,26,165,3,0,0,2,6,12,47,165,31,0,0,0,0,0,1,43,23,0,0,1,3,5,1,26,0,0,8,71,15,1,8,165,7,0,0,4,3,1,42,165,58,0,0,0,0,0,3,12,15,5,8,7,5,3,1,24,2,0,2,94,11,0,3,165,45,0,0,5,2,0,11,163,36,1,0,0,0,2,2,15,20,11,2,0,0,1,2
6,0,0,6,13,124,130,21,90,18,1,2,3,15,37,44,105,48,0,0,0,0,0,18,35,7,1,1,3,1,6,53,79,24,62,4,1,37,95,61,130,61,6,0,0,0,6,64,87,79,6,2,6,8,18,27,27,7,1,10,56,8,15,52,45,82,130,23,1,1,1,13,122,49,130,37,2,2,5,68,76,42,15,2,1,9,24,57,20,9,2,24,46,20,8,19,31,23,85,54,2,5,6,41,18,14,54,34,15,20,8,20,37,38,36,4,9,14,1,16,4,5,2,3,35,130,10,1
21,2,2,39,54,0,0,0,164,4,0,4,8,0,0,6,164,5,0,0,0,0,0,2,9,3,0,1,1,0,0,1,18,6,6,74,84,0,0,0,164,17,1,13,18,0,0,2,164,4,0,0,0,0,0,9,17,19,1,0,0,0,0,3,13,3,1,36,87,15,25,20,164,11,1,11,25,2,1,9,164,6,0,0,0,0,0,12,40,34,0,0,0,0,0,1,9,0,0,1,12,27,57,30,164,1,0,0,4,7,12,54,164,12,0,0,0,0,0,8,43,16,0,0,0,2,4,1
98,113,0,0,0,0,0,2,89,63,0,0,2,24,15,6,11,9,0,0,15,103,31,7,72,11,1,0,0,12,16,51,35,116,0,0,0,31,3,0,21,18,0,0,0,116,63,8,81,49,6,0,6,55,40,15,84,42,14,3,2,4,4,12,16,23,0,0,0,116,57,7,67,5,0,0,0,116,73,41,116,15,0,0,0,10,57,49,22,2,0,0,1,10,82,78,14,2,0,0,0,116,62,11,85,2,0,0,0,15,36,91,22,0,0,0,0,30,116,49,0,0,0,0,0,17,116,77
5,25,58,33,14,12,0,0,118,38,54,18,0,0,0,22,118,8,5,42,27,0,0,36,3,0,1,118,106,0,0,2,60,100,68,15,0,0,0,0,71,37,108,88,0,0,0,6,118,18,8,18,10,0,0,40,12,4,4,118,74,0,0,2,71,118,27,3,0,0,0,0,24,47,73,118,12,1,1,1,118,31,20,44,13,0,0,29,39,9,10,109,10,0,0,16,5,77,89,9,0,0,0,0,8,11,43,71,26,7,3,2,42,11,35,48,30,2,0,21,81,19,14,15,0,0,0,14
116,2,0,1,2,7,6,63,1,3,17,15,118,53,6,4,0,6,99,118,85,8,0,0,0,3,118,96,3,0,0,0,118,14,5,13,21,24,5,18,45,73,47,8,52,58,7,5,6,39,118,118,12,0,0,0,0,8,118,101,1,0,0,0,31,12,48,63,30,17,2,7,118,29,7,24,22,14,2,57,53,17,41,69,6,0,0,15,0,9,56,52,32,4,0,0,0,0,37,114,6,0,0,0,71,40,38,75,3,0,0,7,64,21,7,5,3,14,14,7,0,0,3,12,58,49,8,0
29,0,0,1,12,28,37,50,124,1,0,0,8,49,29,124,6,15,16,20,71,122,31,12,0,1,9,83,124,10,2,0,16,3,22,70,45,8,2,14,124,19,1,16,14,7,8,99,61,39,17,30,40,13,9,14,0,1,4,124,124,15,0,0,5,6,34,107,81,0,0,0,124,31,4,36,30,0,0,9,72,4,0,1,25,31,11,17,0,0,8,31,124,86,1,0,0,2,4,52,87,0,0,0,81,48,7,28,26,7,1,1,25,21,9,1,17,50,16,4,0,9,57,45,32,22,1,0
0,0,0,55,129,24,0,0,1,5,5,22,127,83,2,0,1,84,73,39,24,5,0,0,1,66,26,6,0,1,1,0,1,0,0,33,129,129,11,7,82,35,4,0,90,113,13,10,21,54,29,3,9,30,2,2,0,6,2,2,3,44,34,0,4,1,8,18,129,129,15,4,117,9,15,7,39,41,15,45,19,2,0,0,5,85,50,23,1,2,1,0,6,63,21,0,4,12,40,87,129,13,0,1,13,18,86,92,33,5,11,13,6,0,1,31,37,28,72,25,23,18,2,0,1,19,20,17
5,9,6,11,55,4,1,1,86,114,0,0,1,0,3,3,125,99,0,0,0,0,1,16,125,2,0,3,106,55,6,24,20,24,7,8,20,5,7,23,125,109,2,0,0,0,0,4,125,35,0,0,0,1,10,78,50,0,0,0,37,88,36,69,47,3,0,3,1,0,2,124,125,6,0,0,0,0,1,68,72,18,0,0,0,1,11,52,31,17,1,0,1,9,11,30,35,0,0,56,23,0,0,95,125,2,0,0,0,0,0,119,107,58,0,0,0,0,0,16,12,27,3,3,6,4,0,0
33,3,2,2,3,1,3,71,88,84,5,1,1,0,0,6,96,92,0,0,0,0,1,9,127,17,0,0,2,27,19,50,96,0,0,14,20,0,0,84,129,15,0,0,0,0,0,30,105,26,0,0,0,0,6,21,47,22,0,0,0,8,13,46,84,0,0,57,85,0,0,70,129,29,0,0,0,0,0,61,100,120,1,0,0,0,0,3,8,52,8,3,4,2,0,0,50,58,20,114,114,0,0,10,129,129,5,1,0,0,0,8,50,93,0,0,1,5,0,0,1,5,0,0,7,31,3,0
0,0,4,15,27,15,0,0,82,23,3,18,18,4,0,4,112,69,71,100,0,0,0,5,0,0,35,154,2,0,0,0,5,29,24,27,14,2,0,0,119,8,10,64,51,0,0,19,154,34,20,64,7,0,0,42,15,4,17,154,33,0,0,0,63,36,10,27,13,0,0,6,55,51,36,89,44,0,0,2,154,66,11,11,7,0,0,33,38,1,3,101,77,0,0,8,72,5,2,6,2,0,0,40,16,16,28,19,3,4,6,10,154,15,4,1,1,1,1,57,59,0,0,33,49,0,0,18
45,23,9,4,3,2,0,0,143,120,0,0,0,0,0,0,78,107,45,17,1,11,0,1,0,3,54,32,29,65,2,2,76,5,4,2,0,0,1,13,143,56,0,0,0,0,1,10,105,30,1,4,13,91,11,10,0,0,2,27,48,143,1,0,89,15,0,0,0,0,0,13,143,21,0,0,0,1,3,80,65,10,7,16,18,42,14,41,0,0,3,41,48,69,2,0,80,18,0,0,0,0,0,22,143,46,0,0,0,1,3,32,47,8,0,0,3,99,30,16,0,0,0,0,7,143,18,0
17,0,0,0,1,23,21,15,101,32,0,0,0,0,0,12,137,90,0,0,0,0,0,22,137,29,2,2,2,15,14,42,32,4,7,15,1,8,11,32,137,24,0,0,0,0,0,79,137,60,0,0,0,1,4,68,79,18,0,0,0,112,64,34,10,54,22,20,6,2,0,2,100,137,3,0,0,0,0,13,137,74,0,0,1,18,17,42,16,0,0,2,38,137,44,19,5,97,39,0,0,0,0,0,60,103,22,0,0,0,0,1,42,20,5,5,8,23,10,11,0,1,18,24,48,54,4,1
43,96,12,2,0,0,0,2,38,127,14,0,0,0,0,0,127,127,8,0,0,1,4,8,115,80,0,0,13,127,22,16,127,83,0,0,0,0,0,2,99,61,0,0,0,0,4,21,127,22,0,0,0,10,32,76,28,3,0,0,2,127,66,27,127,80,0,0,0,0,0,1,42,117,23,0,0,0,1,4,43,63,15,1,0,1,6,16,2,3,2,0,2,14,9,3,69,127,5,0,0,0,0,0,6,106,22,1,2,5,1,0,0,12,11,3,9,12,2,0,0,0,0,0,3,26,8,0
32,32,0,5,10,0,0,10,122,122,7,0,0,0,1,20,24,122,58,0,0,3,5,5,7,122,58,0,0,0,0,0,29,122,20,48,12,0,0,0,96,122,1,0,0,0,0,11,122,63,4,0,0,0,0,13,107,122,5,0,0,0,0,0,26,122,38,30,19,11,5,4,47,36,2,0,8,14,2,14,122,4,0,0,0,0,0,64,122,16,0,0,0,0,0,76,53,14,0,0,5,14,18,9,15,0,0,0,7,13,12,19,84,6,0,0,0,0,1,79,122,16,0,0,0,0,0,70
20,3,0,0,0,0,0,4,21,12,1,0,2,2,1,1,34,57,49,77,7,0,0,0,0,2,14,99,54,1,0,0,20,16,3,1,1,0,0,3,85,11,2,5,1,2,2,4,141,73,24,67,29,0,0,4,8,5,9,141,141,6,0,0,11,34,11,7,4,0,0,0,78,5,3,14,12,0,0,10,141,6,1,18,19,0,0,93,28,0,1,141,141,3,0,21,4,17,20,28,3,0,0,0,15,0,1,32,29,3,1,19,127,0,0,1,3,2,2,141,47,0,0,92,141,0,1,65
168,73,5,8,14,0,1,23,105,2,0,1,3,35,29,31,33,0,0,0,0,12,23,44,18,1,1,35,47,0,0,8,168,168,18,6,5,0,0,10,78,33,2,7,39,30,15,17,132,6,0,0,5,10,6,26,30,1,0,7,32,4,4,16,168,117,2,2,7,3,0,9,36,28,3,14,91,16,0,0,124,19,0,1,9,0,0,15,22,0,0,3,6,1,1,15,168,89,14,12,6,7,4,8,13,17,15,54,39,27,6,2,45,26,3,4,2,1,0,8,18,0,0,0,1,1,1,18
16,11,14,30,1,0,0,4,40,5,2,0,0,0,5,25,133,5,0,0,0,0,12,83,133,6,0,0,0,0,16,133,1,2,41,58,5,0,0,1,32,7,27,28,4,1,1,7,99,4,0,4,16,11,19,33,115,0,0,3,27,16,59,133,0,1,5,133,48,10,5,0,22,2,3,24,21,25,15,7,84,8,0,11,43,1,0,3,31,0,0,16,133,7,14,122,0,0,0,133,133,1,0,0,26,0,0,41,94,5,4,18,81,5,0,2,35,2,0,17,8,0,0,4,133,14,1,11
1,8,4,0,1,12,28,2,2,5,9,13,23,55,15,3,0,4,30,25,21,77,4,0,0,36,53,1,1,16,2,0,24,0,0,0,0,46,81,17,130,44,50,27,5,7,19,25,11,27,130,113,4,1,0,0,2,129,118,8,0,0,0,0,57,9,0,0,0,8,12,8,130,28,7,2,0,0,0,30,77,40,90,64,0,0,0,5,2,125,124,12,0,0,0,0,44,67,0,0,0,0,0,0,130,130,0,0,0,0,0,1,53,130,42,0,0,0,0,0,0,94,69,0,0,0,0,0
41,18,10,29,22,16,2,4,52,14,2,10,11,10,4,16,15,13,19,20,3,0,0,6,5,0,5,20,4,1,22,95,67,4,0,2,46,140,21,21,140,19,2,0,10,58,25,70,57,32,61,13,0,0,0,2,0,0,29,93,35,4,6,3,61,20,0,1,140,129,6,8,140,57,0,0,8,21,6,25,94,8,9,1,0,36,23,10,13,0,4,49,23,22,29,21,58,46,2,8,140,17,0,0,140,105,0,0,8,10,1,2,33,7,0,0,23,125,31,9,85,11,0,2,8,28,27,36
9,10,2,9,2,0,0,1,51,48,0,0,0,0,0,8,108,102,0,0,0,0,1,25,112,133,0,0,0,0,0,3,10,27,1,3,5,2,1,0,58,27,0,0,7,17,14,40,169,94,0,0,0,1,4,52,132,108,0,0,0,0,0,0,10,33,0,0,12,16,0,0,95,5,0,0,38,71,4,26,169,37,0,0,0,2,1,35,129,16,0,0,0,3,7,19,4,10,0,0,20,69,0,0,101,2,0,0,20,62,0,13,169,10,0,0,0,0,0,34,91,13,3,4,2,3,3,11
39,19,23,0,0,1,24,89,105,6,1,0,0,1,13,125,48,29,6,0,0,0,11,125,17,11,1,0,0,0,6,47,28,15,2,8,28,10,18,51,125,43,0,0,1,0,12,125,47,20,2,0,0,17,62,125,1,0,0,0,0,6,99,125,28,13,9,6,14,15,7,8,120,23,1,0,0,1,88,115,11,3,0,0,1,41,125,96,0,0,0,0,2,34,115,125,1,1,3,1,3,18,17,11,5,0,0,0,1,12,44,53,3,0,0,0,0,4,66,58,0,0,0,0,0,9,51,51
10,10,6,4,4,2,9,7,15,19,29,5,3,25,22,7,111,103,18,4,1,3,2,5,120,121,17,5,1,0,7,17,28,15,6,7,3,0,8,29,73,121,109,3,1,2,2,12,102,121,95,3,0,0,0,2,76,121,23,13,0,0,1,2,66,25,0,0,0,0,2,15,121,24,8,0,0,0,6,76,121,42,18,4,0,0,12,70,121,48,7,4,0,0,0,1,25,12,1,1,0,0,0,6,101,8,0,0,0,0,9,72,121,37,0,0,0,0,10,50,115,23,0,0,0,0,0,2
13,4,6,34,29,1,2,21,35,0,1,36,51,0,0,32,33,0,0,42,63,0,0,41,19,0,0,60,87,0,0,31,75,0,0,10,27,5,7,108,19,1,1,44,121,2,2,22,91,8,1,25,31,1,1,55,6,1,0,116,124,0,0,9,140,0,0,5,5,5,16,140,34,11,14,101,55,0,0,30,79,64,17,30,7,0,0,2,7,7,3,130,50,0,0,0,140,6,0,0,0,0,6,140,41,2,7,29,2,0,36,140,9,21,12,12,0,3,29,26,1,1,0,19,11,20,10,0
89,5,1,0,0,3,3,55,7,4,9,4,1,25,7,7,8,0,6,100,28,10,10,21,1,0,0,141,141,21,7,1,141,1,0,0,5,4,1,34,24,0,0,0,38,90,13,16,84,2,0,7,27,24,15,57,9,0,1,105,141,3,0,4,141,5,0,4,14,1,0,3,38,9,1,17,108,18,1,2,130,27,0,3,25,4,1,4,11,10,10,51,141,3,0,0,132,10,0,1,12,0,0,5,37,4,0,8,90,2,0,2,94,15,0,3,17,0,0,5,8,26,12,41,86,1,0,0
43,119,74,2,0,0,0,11,140,109,20,1,0,0,0,0,37,40,50,30,1,0,0,0,1,31,108,36,2,0,0,0,94,10,5,1,0,0,23,105,140,25,2,1,0,0,8,51,94,31,8,3,0,0,0,1,57,68,23,6,0,0,0,1,110,9,0,0,0,0,24,94,140,32,0,0,0,0,4,49,118,14,0,0,0,0,0,6,82,7,0,0,0,0,11,38,94,7,0,0,0,2,12,63,140,10,0,0,0,0,3,116,74,1,0,0,0,7,6,28,5,0,0,0,3,32,48,20
0,0,0,0,0,0,0,0,10,0,0,0,0,0,0,4,53,1,1,8,2,0,0,14,3,0,0,59,36,0,0,0,17,19,17,6,0,0,0,0,135,18,40,55,1,0,0,23,169,18,3,19,3,0,0,76,40,4,1,164,62,6,1,4,52,28,23,5,1,5,1,11,126,83,35,61,6,0,0,11,169,87,8,6,0,4,28,67,28,0,0,20,34,122,78,28,42,27,12,1,2,17,6,6,152,106,8,0,0,0,0,3,96,89,12,5,1,4,14,22,1,2,32,26,15,55,32,6
126,69,14,2,0,0,0,3,10,32,94,29,3,1,0,0,5,68,126,27,0,0,0,0,10,73,126,32,0,0,0,0,126,11,3,0,0,0,2,39,70,30,18,3,0,0,0,5,104,79,32,5,0,0,0,6,17,26,74,46,5,1,0,2,126,1,0,0,0,0,9,121,119,6,0,0,0,0,0,25,102,4,0,0,0,0,10,71,18,2,2,9,14,71,42,35,126,1,0,0,0,0,3,92,111,0,0,0,0,1,1,53,8,0,0,0,4,32,35,27,0,0,1,2,11,122,73,10
0,0,0,17,102,95,57,2,53,0,0,5,24,18,16,28,81,1,0,6,4,0,0,15,8,0,0,129,115,0,0,1,22,12,14,0,3,93,129,47,129,8,0,0,0,10,37,95,129,7,0,0,0,0,0,10,22,2,0,68,51,0,0,1,21,52,129,37,0,2,16,10,129,72,58,20,0,0,0,12,129,18,0,0,0,0,0,7,17,3,0,13,14,0,0,5,0,7,113,67,25,50,86,4,29,13,26,42,28,41,62,26,41,2,0,0,0,0,45,72,2,0,0,0,4,3,39,33
29,56,46,30,11,0,0,0,2,5,33,124,88,0,0,0,11,55,104,68,17,5,14,9,13,7,76,105,9,6,35,47,78,5,0,3,40,3,0,3,17,5,3,19,124,17,0,0,114,76,33,24,31,2,0,1,7,10,24,111,124,2,0,0,72,4,0,0,40,4,0,12,24,0,0,1,124,10,0,7,124,5,0,1,42,9,1,46,12,1,0,5,124,50,0,5,29,36,3,7,29,0,0,0,12,1,0,14,124,4,0,4,124,5,0,2,41,8,1,36,13,1,0,8,124,35,0,5
123,23,0,6,17,1,0,12,44,5,1,41,123,4,0,3,123,2,0,3,8,1,0,22,22,0,0,1,37,34,3,7,123,42,0,7,13,0,0,5,44,7,1,57,123,2,0,2,123,5,0,8,21,0,0,8,38,3,0,17,70,2,0,1,123,2,0,0,7,8,21,108,29,1,0,2,123,69,30,24,123,10,0,1,18,6,3,26,41,1,0,4,77,4,0,5,11,6,29,48,12,7,79,106,11,6,15,8,11,62,109,63,77,0,0,0,2,6,39,123,11,0,0,0,26,58,52,35
125,25,0,0,0,0,19,79,44,17,0,0,0,11,62,89,4,31,14,0,0,35,36,2,0,27,44,0,1,15,5,0,55,14,1,0,0,1,63,100,125,25,0,0,0,0,24,114,63,78,15,0,0,4,8,14,0,20,23,1,4,54,15,0,39,125,102,0,0,0,2,3,125,125,54,0,0,0,0,22,58,57,38,1,1,4,11,33,0,5,70,40,18,43,9,0,0,102,125,1,0,0,0,0,5,125,125,0,0,0,2,0,2,62,84,0,0,0,1,0,0,4,66,17,3,2,0,0
15,22,4,10,85,8,0,0,23,73,18,13,59,2,0,7,19,39,45,24,0,0,14,73,0,0,7,11,0,0,67,122,14,5,0,1,93,47,1,2,129,85,13,2,26,12,2,18,35,45,77,92,0,0,0,2,0,0,49,104,0,0,8,11,6,0,0,7,129,47,3,5,129,11,1,0,23,20,5,67,123,21,21,82,1,0,0,8,0,0,12,110,6,0,0,0,5,0,0,22,129,8,0,0,129,3,1,12,22,2,0,63,129,4,2,28,6,0,0,73,0,0,0,77,17,0,0,2
60,64,16,11,0,0,3,9,12,41,58,68,0,0,0,0,140,115,18,4,0,0,0,1,38,30,14,31,46,3,1,3,140,12,4,1,0,1,1,37,31,15,21,21,8,17,3,10,140,51,5,1,0,2,1,35,51,22,9,23,52,16,6,20,140,30,4,1,0,0,1,21,31,23,29,36,6,13,13,6,135,32,7,4,0,3,36,51,43,4,0,7,39,29,73,32,140,21,1,0,0,4,15,32,9,1,1,3,4,78,92,14,6,0,0,2,6,81,140,35,1,0,2,2,4,69,140,18
0,0,0,0,0,0,0,0,0,1,0,0,0,11,50,22,8,31,9,3,2,16,129,117,1,7,12,35,68,124,58,20,0,0,0,0,0,0,0,0,31,8,0,0,1,16,13,5,141,141,37,14,3,5,6,14,14,41,54,141,131,11,2,4,0,0,0,0,0,0,0,0,71,1,0,0,0,10,15,30,141,32,2,2,7,7,6,78,32,8,4,33,141,81,7,17,0,0,0,0,0,0,0,0,61,20,20,12,1,4,2,8,141,58,5,4,11,7,6,32,21,11,3,17,141,54,6,7
33,5,15,3,4,20,69,120,28,0,0,0,0,79,120,52,59,1,1,0,0,16,40,45,5,1,2,0,10,91,15,7,16,2,8,3,31,120,45,12,120,14,0,0,0,27,70,51,87,2,0,0,0,46,96,37,21,6,3,24,37,66,43,17,60,36,0,0,72,99,3,3,120,58,0,0,5,29,9,13,64,6,0,0,16,91,36,25,108,30,3,11,14,4,9,32,45,115,5,7,52,11,0,0,37,77,4,4,58,49,4,2,98,4,0,0,22,48,14,28,120,30,0,0,0,0,0,4
13,4,35,54,2,1,25,38,31,4,6,13,0,1,89,101,99,49,14,0,0,2,29,60,5,58,83,0,0,3,4,0,0,0,28,124,32,0,0,0,75,20,43,86,2,0,0,6,124,83,11,1,0,0,0,28,44,56,59,1,0,4,12,16,0,0,16,61,46,27,18,0,21,10,47,74,9,23,33,3,124,12,5,7,2,5,42,124,22,0,0,0,0,10,124,93,0,0,0,0,3,88,78,0,3,2,0,2,2,91,124,7,28,24,0,0,0,10,90,95,41,34,0,0,0,0,53,66
0,1,9,40,85,1,0,0,20,3,1,15,130,15,1,6,130,37,6,6,13,3,1,17,12,8,7,31,62,3,0,0,0,0,0,8,130,22,0,0,37,1,0,4,130,23,0,6,130,2,0,0,27,5,0,25,25,0,0,0,121,31,1,4,0,0,0,64,130,6,0,0,27,11,6,79,130,5,0,0,130,26,5,11,18,9,2,13,17,0,0,0,130,73,3,6,0,0,0,49,130,5,0,0,6,11,7,65,82,0,0,0,52,46,9,14,17,4,0,3,5,3,1,15,126,26,0,1
0,0,0,0,0,0,0,0,0,0,2,2,0,0,0,0,3,5,159,159,0,0,0,1,33,82,159,159,0,0,0,7,0,0,0,0,0,0,0,0,10,0,1,1,3,0,2,9,86,26,80,54,0,0,1,13,19,24,159,153,0,0,0,0,0,0,0,0,3,5,9,1,24,3,0,2,18,12,10,4,159,21,0,0,0,0,0,2,104,39,24,19,0,0,0,0,0,0,0,0,0,2,52,41,43,3,0,0,0,5,33,61,149,54,0,0,0,0,0,8,80,35,0,0,0,0,0,5
8,0,0,0,0,0,10,69,27,31,0,0,2,6,11,22,52,108,7,7,0,0,0,0,6,28,33,126,34,0,0,0,126,22,0,0,0,0,18,126,126,102,0,0,0,0,0,28,51,126,2,0,0,0,0,5,14,40,12,76,44,0,0,0,126,126,0,0,0,0,0,17,126,28,0,0,0,0,0,55,124,15,0,0,0,0,0,55,50,15,9,26,5,0,0,2,126,39,0,0,0,0,0,9,126,14,0,0,0,0,0,21,126,3,0,0,0,0,0,35,71,17,2,0,0,0,0,11
1,0,0,0,8,60,29,8,107,2,0,0,0,14,20,68,110,20,9,0,0,0,0,39,9,7,27,8,0,0,0,9,10,0,0,0,88,111,18,16,145,10,0,0,8,29,22,99,145,31,0,0,0,0,0,31,18,12,3,1,0,0,5,31,26,15,2,12,145,29,1,2,145,64,1,4,18,5,1,17,145,43,1,0,0,0,0,16,13,63,18,0,0,0,0,1,24,14,2,16,107,22,1,3,145,105,3,3,5,1,0,20,132,61,8,0,0,0,0,16,41,31,5,0,0,0,0,7
0,0,0,0,1,8,31,12,3,0,0,0,7,72,46,10,106,4,0,0,0,12,23,62,74,25,17,0,0,0,0,21,0,0,0,0,19,16,5,2,19,1,0,0,96,146,26,25,146,12,0,0,5,27,23,95,121,22,0,0,0,0,0,30,0,1,0,1,56,7,0,0,47,24,2,13,146,48,2,4,146,69,1,3,13,6,2,18,132,43,3,0,0,0,0,9,0,0,2,4,46,14,0,0,45,24,3,18,133,32,2,5,146,116,4,2,2,0,0,22,101,44,6,0,0,0,0,11
0,0,0,0,1,0,61,108,36,0,0,0,0,0,75,130,122,5,0,0,0,0,2,73,72,20,0,0,0,0,0,37,27,5,0,14,33,6,56,94,130,17,0,0,0,0,26,108,130,6,0,0,0,0,0,42,61,0,0,0,0,0,0,105,43,61,25,108,31,0,1,4,130,111,4,0,0,0,0,13,130,3,0,0,0,0,0,54,78,0,0,0,0,0,0,45,15,29,21,88,21,2,4,2,100,43,4,2,1,0,5,34,89,0,0,0,0,0,1,55,39,0,0,0,0,0,1,63
11,0,0,2,15,22,54,28,3,19,61,26,29,8,1,1,35,54,102,1,0,0,0,15,43,45,50,0,0,0,3,104,68,2,0,0,0,0,2,67,129,96,65,2,0,0,0,21,31,129,129,0,0,0,0,0,15,102,129,22,8,0,0,0,84,18,10,5,0,0,0,42,129,21,1,0,0,0,0,58,129,57,7,0,0,0,0,40,53,26,10,9,41,3,3,8,31,20,29,37,8,0,0,4,129,18,2,0,0,0,1,60,83,3,0,0,0,1,49,129,17,4,1,1,12,24,54,62
1,3,26,16,55,19,3,3,100,58,20,2,1,2,3,24,71,104,112,19,1,0,0,2,24,34,116,46,4,0,0,0,9,34,119,29,7,1,0,0,99,55,113,37,0,0,0,7,121,61,25,14,5,0,0,36,20,7,21,82,63,0,0,2,69,120,79,8,0,0,0,0,18,35,121,110,0,0,0,1,121,55,45,33,2,0,0,13,42,4,2,74,50,0,0,2,121,38,12,1,0,0,0,36,27,10,30,82,16,0,0,22,45,14,11,51,20,0,1,17,21,2,1,19,14,6,6,22
11,1,0,0,23,105,22,22,114,24,0,0,1,7,16,106,19,10,0,4,10,105,42,22,5,6,2,12,36,61,38,12,17,3,0,0,78,66,17,27,114,17,0,0,4,15,18,114,17,1,0,0,45,114,36,29,3,0,0,0,6,56,68,57,42,52,2,6,91,31,0,1,114,114,4,5,26,6,0,6,8,11,9,10,114,57,3,1,0,29,37,17,24,26,26,14,24,102,58,45,25,2,0,0,44,75,39,30,24,4,0,1,1,83,69,34,74,3,0,0,0,80,114,70,11,0,0,0
4,0,0,0,78,125,47,18,30,1,0,3,27,33,45,51,9,0,0,6,125,73,16,12,80,2,0,0,15,9,16,66,32,2,1,0,9,125,45,30,122,3,0,5,27,13,8,78,17,2,4,63,125,25,2,8,114,12,5,13,22,1,0,42,30,45,63,9,1,13,7,6,125,81,18,11,4,0,0,7,22,29,53,125,38,0,0,0,44,57,44,94,6,0,0,3,10,51,53,32,5,3,0,2,64,125,19,4,0,0,0,9,19,47,29,78,50,5,0,2,17,21,36,63,62,4,0,4
0,0,0,9,120,76,23,21,10,0,1,20,21,9,21,94,9,6,62,111,30,1,1,15,41,19,67,24,0,0,0,19,7,8,2,0,51,73,67,18,69,31,13,1,10,5,2,76,125,32,55,20,0,0,0,35,14,20,88,87,20,0,0,1,125,35,5,1,1,6,39,24,75,80,60,6,3,1,1,3,125,43,11,3,3,2,19,45,43,101,21,20,13,1,15,22,108,32,14,9,0,0,0,5,104,26,13,12,20,3,5,31,29,125,56,11,21,5,18,29,24,125,88,0,0,1,9,11
16,0,0,0,0,0,52,127,38,0,0,0,0,0,49,127,4,0,0,0,0,39,127,63,0,1,0,0,0,62,127,1,41,2,1,1,0,0,19,99,35,3,0,0,0,0,127,127,75,35,4,0,0,13,127,68,12,65,46,0,0,10,35,3,3,32,27,24,3,0,5,14,35,89,17,0,0,1,27,30,127,47,5,0,0,2,47,86,26,34,20,0,0,20,127,36,0,20,59,23,3,6,1,0,2,30,15,3,14,42,13,1,19,4,1,2,4,28,99,59,60,18,0,0,0,9,89,38
0,0,1,22,57,33,0,0,32,38,8,9,8,7,0,0,111,119,9,0,0,0,0,0,86,119,6,0,0,0,0,0,0,0,17,73,22,2,9,6,73,28,44,53,1,0,0,6,119,98,8,0,0,0,0,36,119,109,1,0,0,0,0,57,29,6,5,9,3,5,29,59,63,110,111,24,0,0,0,14,82,68,104,34,1,0,0,35,108,2,2,4,0,0,0,119,49,35,37,5,5,1,2,18,119,46,22,3,0,0,0,87,33,11,27,93,9,0,0,31,25,2,14,43,2,0,0,56
0,0,0,0,0,0,0,0,4,1,0,0,0,0,0,5,76,39,0,0,0,0,0,14,99,48,11,8,9,18,27,36,0,0,0,0,1,0,0,0,23,5,4,6,22,7,7,30,126,40,7,5,11,7,6,64,27,11,5,9,98,126,85,29,1,4,1,4,6,2,0,0,17,86,110,31,29,3,0,1,114,56,78,54,40,60,34,27,8,16,20,32,126,126,28,7,28,40,0,0,1,7,2,2,59,126,36,10,4,9,1,1,3,19,35,126,112,41,3,0,1,12,19,124,126,50,6,1
0,0,0,2,106,114,64,1,8,6,1,2,76,25,16,46,57,11,3,1,0,0,4,120,83,21,38,3,0,0,0,37,9,0,0,0,14,75,120,22,84,58,9,1,17,23,34,31,65,98,46,0,0,0,0,14,120,22,4,0,0,0,13,45,45,17,17,31,31,24,34,17,120,28,3,0,0,0,5,54,119,50,41,16,13,1,1,27,25,70,18,21,28,8,37,34,8,18,61,57,4,0,0,2,120,28,19,7,0,0,0,26,105,5,1,4,7,1,14,96,112,120,15,11,13,2,7,33
13,22,119,47,4,11,7,3,18,5,23,47,14,19,36,22,0,3,40,29,12,49,127,9,0,1,60,50,0,44,130,1,2,3,6,9,3,75,130,15,9,0,3,22,9,38,130,37,68,18,46,17,5,7,26,34,10,7,86,68,8,33,11,3,5,0,0,0,0,61,130,40,130,27,0,0,0,2,78,110,128,44,0,0,2,24,12,20,5,0,0,2,12,80,17,3,33,0,0,0,0,35,77,57,130,28,0,0,0,0,5,55,71,17,0,1,16,22,2,2,0,1,1,2,12,22,8,2
68,22,1,0,0,0,0,85,116,14,0,0,0,0,0,116,112,4,2,6,28,19,7,107,2,23,32,29,106,20,2,2,29,116,116,2,0,0,0,3,116,107,96,4,0,0,0,19,116,20,6,0,10,26,10,65,52,23,7,3,17,33,13,39,0,24,116,5,0,2,11,9,9,31,116,18,0,0,5,18,22,48,64,21,40,7,3,11,78,1,2,14,74,22,7,77,10,1,0,0,0,2,20,28,4,2,3,0,0,3,25,57,6,5,8,5,56,24,15,65,60,0,0,3,116,49,3,40
129,10,1,0,0,0,11,63,54,6,0,0,0,1,49,129,8,2,0,0,46,69,49,33,2,0,0,0,31,34,8,9,37,41,34,8,35,76,24,28,129,51,8,4,4,18,46,102,28,28,18,69,59,44,27,20,9,2,7,20,15,22,9,17,44,37,7,21,77,129,5,8,129,127,7,1,2,14,5,55,41,19,16,68,51,9,6,23,1,1,16,51,20,0,0,0,73,36,4,40,103,31,1,19,129,129,23,7,2,1,2,45,11,26,30,66,53,8,2,5,0,0,0,17,42,2,0,0
12,13,4,0,0,0,12,66,22,5,10,6,2,18,19,35,154,30,0,0,0,4,4,53,86,54,11,6,21,11,0,0,29,12,1,0,0,1,14,71,56,4,2,5,3,42,57,40,154,52,0,0,0,7,12,32,104,21,0,0,37,68,6,5,33,28,6,3,0,0,5,46,64,21,24,38,6,12,14,20,154,21,3,2,0,6,58,137,32,0,0,0,6,80,146,52,10,0,0,0,0,0,17,110,10,1,1,3,1,8,56,62,29,2,2,0,0,7,87,105,14,8,9,0,0,11,133,76
43,0,0,0,0,12,7,18,136,1,0,0,0,0,0,15,81,25,10,1,0,0,0,3,136,22,8,0,0,0,0,81,85,3,0,0,0,3,2,10,136,4,0,0,0,0,0,18,136,21,0,0,0,0,0,12,136,68,2,0,0,0,0,12,102,1,0,0,0,1,1,17,136,13,0,0,0,0,0,3,136,14,0,0,0,0,0,3,136,39,0,0,0,0,0,0,97,0,0,0,3,1,0,13,136,23,0,0,0,0,0,2,136,44,0,0,0,0,0,1,136,42,0,0,0,0,0,0
5,0,1,1,0,13,58,38,27,12,7,0,0,19,58,50,39,114,39,1,0,9,29,49,8,32,91,39,12,37,27,24,24,22,15,0,0,0,21,26,95,15,2,1,3,1,8,67,163,105,21,0,0,0,1,42,54,67,148,22,0,0,0,0,12,15,12,0,0,0,35,40,103,21,1,3,8,1,2,27,163,65,0,0,0,0,0,6,111,40,7,0,1,0,0,0,25,0,0,0,0,1,27,70,139,18,0,0,0,0,0,62,163,74,0,0,0,0,0,1,74,17,0,0,5,4,0,1
3,0,0,0,0,0,0,18,49,0,0,0,0,0,4,93,17,0,0,0,0,2,62,46,51,25,0,0,0,0,23,31,27,0,0,0,0,0,8,73,123,0,0,0,0,0,2,99,61,34,1,0,0,1,18,24,123,123,0,0,0,0,3,6,117,6,0,0,0,0,8,47,123,36,0,0,0,0,0,17,112,123,1,0,0,0,0,0,117,123,0,0,7,26,4,0,123,18,0,0,0,0,0,2,123,123,3,0,0,0,0,0,88,123,15,2,0,0,0,0,64,31,0,5,66,21,0,0
57,8,0,2,1,1,0,2,132,16,0,0,0,0,0,32,120,0,0,0,4,7,10,71,2,0,0,0,17,16,27,66,84,17,1,1,6,7,0,1,132,27,0,0,0,0,0,39,132,3,0,0,28,11,1,57,5,0,0,0,52,42,26,52,24,131,132,3,2,4,0,0,85,132,75,1,0,0,0,2,125,60,4,0,39,20,0,7,4,0,0,0,78,100,11,3,0,31,130,11,0,0,0,0,1,46,94,8,1,2,0,0,7,38,13,0,58,75,0,0,0,0,0,0,60,96,0,0
13,2,0,38,119,72,2,6,131,25,0,2,6,8,5,131,56,13,1,2,14,29,39,95,0,0,0,1,39,23,3,0,29,4,0,58,131,83,3,3,131,131,7,5,15,7,1,33,53,80,33,26,18,8,9,22,0,0,2,15,28,3,1,0,27,22,10,8,45,131,8,5,131,72,4,0,3,8,13,131,43,15,3,7,12,19,68,97,7,1,3,7,3,2,5,18,13,52,35,10,5,3,0,0,95,114,4,0,0,0,0,8,52,40,0,0,0,0,4,19,18,10,0,0,0,0,0,6
17,11,0,0,11,12,0,0,166,39,0,0,0,0,0,5,167,9,0,0,0,0,0,25,46,1,0,0,3,1,3,8,33,20,0,0,6,2,0,1,167,14,0,0,0,0,0,33,167,1,0,0,0,0,0,30,67,0,0,0,6,1,0,3,18,12,0,0,1,0,2,7,155,54,0,0,0,0,1,22,167,49,0,0,0,0,0,6,61,0,0,0,1,1,2,6,15,40,1,0,0,0,1,1,92,167,0,0,0,0,0,0,167,76,0,0,0,0,0,2,35,1,0,0,0,0,0,6
0,9,49,12,2,3,1,0,33,23,47,33,7,5,0,1,156,36,4,0,0,0,0,3,19,6,5,2,0,0,0,0,0,18,85,21,1,0,0,0,17,17,46,71,13,0,0,0,150,31,5,3,0,0,0,4,28,2,1,1,0,4,1,2,0,0,23,17,8,18,22,0,8,0,2,30,49,33,20,3,92,1,0,2,5,7,38,47,15,0,0,0,0,52,95,14,0,0,0,0,0,53,162,0,0,0,0,0,4,109,162,2,5,0,0,0,0,87,162,29,0,0,0,0,0,162,162,4
0,0,0,0,0,55,122,5,5,1,0,0,0,49,122,25,3,19,7,0,1,73,115,6,0,7,22,108,122,37,11,0,13,7,11,3,0,47,108,15,122,48,5,1,0,8,86,66,66,122,17,0,0,1,11,10,7,40,53,110,41,0,0,0,8,7,17,9,2,0,0,0,122,23,11,5,1,0,0,66,122,19,0,0,0,0,0,104,55,14,5,38,22,0,0,12,0,0,0,0,0,0,2,1,52,3,0,0,0,1,11,85,122,31,0,0,0,0,0,106,74,9,0,3,8,3,1,21
8,1,7,83,75,1,50,128,91,2,0,1,2,12,128,128,89,0,0,0,0,10,38,128,12,0,0,0,0,0,13,69,7,11,16,99,128,15,0,4,128,47,18,12,5,0,1,83,128,12,0,0,0,0,3,128,8,0,0,0,0,0,6,58,7,3,8,18,71,106,39,14,87,95,13,4,1,1,5,16,88,68,0,0,0,0,0,13,4,0,0,0,0,0,0,2,49,39,0,0,0,47,42,19,91,40,0,0,0,0,2,11,6,5,0,0,0,0,0,0,0,0,0,0,0,0,0,0
0,0,0,0,0,0,0,0,0,0,0,0,0,0,0,0,0,0,0,0,0,0,0,0,0,0,0,0,0,0,0,0,3,8,8,1,1,3,2,2,30,8,18,18,25,19,2,7,152,19,4,1,2,1,0,39,62,6,6,2,0,1,1,7,4,99,152,11,1,2,1,1,26,49,152,128,19,9,1,2,152,116,56,24,2,0,0,14,145,14,11,5,1,2,0,6,0,52,152,15,0,1,0,0,2,13,85,127,40,6,0,0,152,17,9,42,24,4,2,40,94,0,0,0,0,27,33,40
0,0,0,0,0,0,0,0,0,0,0,4,0,0,0,0,93,14,8,27,2,0,0,4,138,19,3,2,12,3,1,23,3,0,0,0,0,0,0,0,90,11,6,20,14,0,0,2,98,19,13,100,111,1,0,10,138,8,1,3,5,1,3,72,17,6,5,43,21,0,0,0,138,17,5,17,36,0,0,10,65,1,0,18,138,8,3,31,93,3,0,0,20,3,3,134,14,6,4,47,138,10,0,0,138,7,0,10,60,2,0,3,59,1,0,16,138,1,0,4,138,24,2,1,35,0,0,15
0,0,0,0,0,0,0,0,1,4,0,0,0,0,0,0,27,22,12,33,9,2,0,0,2,2,11,157,157,3,0,0,7,0,0,0,0,0,0,0,152,56,8,0,0,0,0,8,58,81,21,11,47,21,2,2,1,1,1,157,157,25,1,0,41,17,13,53,6,0,0,0,157,37,8,11,2,1,1,40,80,7,3,17,77,15,6,31,13,10,12,87,45,3,0,0,33,13,10,93,95,0,0,1,157,18,3,17,23,0,2,56,65,1,1,14,6,1,5,71,35,6,4,45,12,0,0,3
1,1,0,17,134,121,32,0,40,96,15,4,12,16,10,1,6,83,74,43,8,0,0,0,3,15,7,15,3,0,0,0,17,4,0,147,147,44,1,1,147,147,19,10,7,2,0,17,52,85,52,100,63,0,0,4,34,35,4,15,10,0,0,0,12,0,0,31,147,89,0,4,147,12,0,2,5,2,0,68,31,5,1,16,17,0,0,12,0,0,0,1,1,0,0,0,0,0,0,26,147,1,0,0,0,0,0,0,0,0,0,0,0,0,0,0,0,0,0,0,0,0,0,0,0,0,0,0
3,0,0,0,0,0,0,1,56,0,0,0,0,0,0,16,57,0,0,0,0,1,1,17,2,0,3,8,4,35,6,1,98,3,0,0,0,0,0,10,168,18,0,0,0,0,2,42,164,3,0,0,0,32,73,42,2,2,3,1,3,134,53,3,145,47,0,0,0,0,0,2,168,80,4,1,0,1,6,21,57,16,48,9,1,26,75,22,7,6,17,7,5,25,28,11,93,21,0,0,0,0,0,48,168,30,3,0,0,0,0,168,51,10,41,10,6,2,1,80,0,1,13,25,38,9,1,1
23,119,22,0,0,0,2,6,59,142,54,2,0,0,0,0,11,33,142,34,0,0,0,1,2,74,67,7,0,0,0,1,9,106,65,0,1,3,0,5,96,88,15,0,1,3,1,10,32,24,27,14,0,1,2,3,6,43,18,4,0,6,1,0,31,18,7,0,7,42,10,18,114,23,1,0,2,24,12,39,27,3,0,0,0,20,66,35,5,4,0,0,0,97,119,5,25,6,1,0,17,45,36,18,74,23,0,1,21,50,15,39,1,0,0,0,40,142,142,5,0,0,0,0,0,142,142,0
33,130,81,13,13,2,0,0,68,130,35,0,0,1,16,8,25,68,13,3,3,9,37,14,23,52,8,4,2,2,7,5,69,130,2,0,0,8,17,5,47,42,0,0,0,62,102,24,115,7,0,0,0,10,63,81,32,5,0,1,7,29,64,18,25,31,2,0,0,63,117,16,65,66,11,0,0,41,59,22,130,78,9,3,1,3,6,22,23,11,9,72,34,26,16,4,94,6,0,0,0,20,62,58,75,21,1,0,0,0,64,99,82,16,1,0,0,0,17,130,11,2,3,21,5,36,30,24
62,19,11,4,0,29,20,24,19,4,33,48,6,44,57,23,31,32,112,38,0,0,2,7,26,22,24,40,17,3,4,4,42,8,12,2,2,120,70,41,120,47,4,1,1,75,55,44,120,53,13,21,2,0,0,16,4,4,8,86,67,14,6,3,14,13,42,13,10,101,52,15,120,58,7,1,1,18,21,73,120,20,0,1,1,0,0,85,8,0,0,56,88,1,1,18,106,57,0,0,5,120,44,16,120,120,0,0,0,3,8,27,51,63,2,0,0,0,2,21,5,1,0,6,45,13,8,17
0,0,0,0,3,15,109,45,24,4,0,0,5,45,80,32,31,6,3,3,0,10,27,42,2,18,13,28,17,33,30,3,17,0,0,1,14,42,127,37,127,32,1,0,0,10,77,65,66,45,11,15,7,14,14,10,20,121,26,17,5,4,2,0,73,12,5,55,95,25,21,19,127,17,1,0,0,2,26,109,127,80,0,0,2,12,46,45,62,84,2,6,2,0,4,2,18,21,25,117,55,3,3,0,127,84,11,6,0,0,1,23,127,105,0,0,0,0,7,22,21,9,0,0,0,0,15,10
15,38,27,4,9,30,18,26,61,12,11,1,8,48,16,40,93,14,0,0,0,0,1,84,10,2,0,11,5,0,4,28,10,26,13,5,79,127,6,3,127,35,0,0,19,97,23,37,127,55,0,0,0,0,18,47,10,7,0,1,3,8,27,16,25,8,17,34,127,108,5,7,127,14,3,3,19,26,22,127,42,2,0,0,0,0,71,127,10,0,1,8,4,16,85,44,3,5,24,85,127,22,0,0,17,8,13,21,33,38,30,60,72,0,0,0,0,1,16,127,42,1,1,12,4,10,17,44
17,22,1,0,3,31,74,17,18,11,9,0,7,24,44,22,3,11,23,3,4,5,37,23,0,7,2,0,9,68,25,3,25,19,18,1,3,39,83,16,151,53,18,2,2,7,19,33,18,30,38,19,70,53,1,3,0,151,20,2,34,44,0,0,8,44,106,15,13,9,0,0,121,36,14,4,7,18,21,69,21,151,22,3,37,60,15,22,0,151,26,0,5,4,0,0,2,17,15,7,22,103,7,0,54,151,2,1,5,28,12,19,27,151,13,0,0,0,1,5,1,122,21,0,0,0,0,0
20,54,17,0,0,1,101,40,5,23,27,0,0,1,114,30,14,26,9,0,0,1,90,37,12,20,10,0,0,6,52,18,18,20,23,2,0,3,114,36,114,41,0,0,0,0,79,65,81,81,3,0,0,0,20,60,35,66,26,0,0,0,2,20,9,16,105,86,20,15,7,2,53,13,4,16,13,11,40,99,58,3,0,0,0,0,46,114,114,11,0,0,0,0,1,86,0,0,45,69,36,88,75,0,1,0,21,22,18,62,67,27,98,0,0,2,0,2,24,114,86,0,0,0,0,0,20,114
3,1,10,118,40,19,16,18,55,20,17,9,1,0,3,118,48,11,23,20,0,0,0,118,5,1,61,79,0,0,0,31,5,4,7,68,98,37,36,26,62,111,43,10,10,2,1,17,59,93,64,0,0,0,0,74,41,16,31,6,0,0,2,83,18,1,0,17,24,27,75,74,118,32,2,0,1,3,7,70,118,74,41,2,0,0,0,14,14,26,67,34,0,0,1,10,60,31,0,19,62,16,11,21,118,118,0,0,0,0,0,11,101,118,5,0,0,0,0,2,10,41,59,5,2,3,0,1
143,0,0,0,0,6,35,143,143,13,0,0,3,27,56,67,143,31,0,1,0,2,9,12,1,0,2,7,0,2,6,0,143,29,18,14,1,0,9,110,143,41,0,0,0,0,20,73,143,9,0,0,0,1,50,36,0,0,0,0,0,1,12,0,79,52,55,56,5,3,3,4,143,42,1,0,0,0,23,69,35,1,0,0,0,0,99,50,0,0,0,0,0,0,3,0,21,5,4,8,3,5,48,60,65,4,0,0,0,0,45,93,1,0,0,0,0,0,46,11,0,0,0,0,0,0,0,0
64,15,19,10,1,0,0,14,31,1,0,1,5,2,3,15,32,2,0,0,0,0,0,1,2,0,0,0,0,0,0,0,44,17,36,16,4,0,4,25,80,9,1,3,7,7,54,73,128,13,0,0,2,41,39,96,16,0,0,0,8,128,79,23,1,22,24,15,27,7,3,0,86,128,5,10,25,3,9,12,105,121,20,40,57,46,19,34,6,0,0,62,128,128,37,17,15,20,1,0,7,18,20,8,128,118,3,1,5,1,0,6,74,37,12,86,36,0,0,13,1,0,0,128,128,0,0,1
7,28,56,90,3,0,0,0,114,73,14,2,0,0,9,36,116,16,5,12,1,0,11,72,26,9,7,116,116,4,1,1,1,3,21,102,15,0,0,0,40,9,10,29,27,14,20,31,116,13,0,1,3,12,35,84,26,4,1,20,116,99,49,11,0,0,46,92,33,1,0,0,34,38,11,63,116,3,0,2,116,101,6,6,9,6,8,21,5,7,6,17,116,47,12,3,0,0,4,16,78,16,0,0,19,60,11,17,79,6,1,0,48,56,1,1,4,30,12,4,1,0,0,5,92,104,2,0
3,3,0,0,15,80,1,0,9,28,39,39,17,24,0,0,0,1,48,111,10,0,0,0,39,26,30,13,0,0,0,16,24,6,5,28,19,14,0,1,139,84,64,46,1,0,0,13,17,17,114,139,0,0,0,0,18,128,74,68,0,0,0,0,18,17,25,64,9,0,0,1,139,37,15,32,4,0,0,35,113,16,31,139,21,0,0,8,31,77,53,110,9,0,0,0,34,13,17,34,2,0,0,11,139,45,20,16,1,0,0,25,123,3,0,46,31,0,0,38,9,10,9,57,29,0,0,0
6,0,0,0,0,12,139,39,102,21,0,0,0,15,82,48,77,78,0,0,2,29,4,5,5,13,0,0,11,139,4,0,95,1,0,0,0,4,39,57,139,39,0,0,0,13,16,35,76,28,0,0,2,139,71,10,14,2,0,0,7,139,64,19,123,20,0,0,0,0,0,19,139,3,0,0,0,64,77,83,30,10,0,0,0,139,67,13,65,22,0,0,0,27,29,22,17,42,38,1,0,0,1,5,10,4,39,5,0,16,37,18,25,21,14,1,0,17,11,4,17,11,6,1,0,4,14,14
31,0,0,80,144,1,0,26,157,0,0,1,7,0,0,106,60,8,0,0,0,0,0,14,13,5,0,0,13,5,1,1,33,1,0,72,157,3,1,18,157,9,0,8,40,0,0,45,118,8,0,0,0,1,5,13,5,0,0,1,13,5,9,9,18,16,6,40,157,31,3,7,157,88,7,17,41,0,0,9,89,5,0,0,0,10,19,21,21,0,0,2,2,1,7,17,27,20,4,21,111,30,1,4,119,111,5,3,5,0,0,2,32,16,0,2,14,4,3,4,36,0,0,0,1,0,1,7
119,36,6,11,7,10,9,9,18,13,5,22,15,16,8,4,25,10,2,3,0,0,0,12,25,4,1,0,0,0,0,21,76,15,0,0,8,83,103,37,119,17,2,2,5,41,63,50,48,17,6,16,16,34,11,11,35,20,10,5,0,1,1,9,75,48,1,0,59,119,28,16,119,72,0,0,17,53,19,29,115,11,0,0,20,119,41,36,119,33,14,5,0,1,4,14,90,119,2,0,16,34,8,2,61,119,4,6,107,28,0,0,119,75,0,2,61,31,2,4,94,25,0,0,1,22,21,7
8,4,0,0,0,0,0,1,71,42,34,0,0,0,0,68,139,20,9,0,1,10,21,139,23,12,21,13,59,66,28,48,17,46,8,0,0,1,0,1,68,34,9,0,7,8,4,62,139,30,1,0,0,0,2,124,129,38,18,1,1,1,2,62,25,22,4,1,1,4,3,11,64,48,3,1,7,15,6,23,139,95,0,0,0,0,18,103,78,7,0,0,0,0,30,139,3,0,1,5,10,6,11,10,20,3,1,0,0,6,29,54,24,1,0,0,0,0,42,139,13,0,0,0,0,0,72,139
56,3,0,1,5,49,51,39,57,12,6,12,12,24,6,17,47,11,4,4,5,10,5,18,8,8,20,16,1,0,2,16,131,21,0,0,11,38,30,59,103,6,0,0,44,131,22,36,131,12,1,0,6,38,18,61,41,14,23,18,2,5,6,3,131,131,2,5,27,7,0,2,73,42,2,16,131,40,1,3,131,52,0,1,13,14,4,14,42,2,0,0,4,57,38,17,131,72,0,2,28,14,3,15,53,36,1,11,131,29,1,0,131,66,0,1,26,9,0,0,28,18,0,2,40,33,5,4
75,30,28,2,0,0,0,20,125,24,6,3,2,12,20,125,13,1,15,25,74,125,28,24,6,51,48,9,33,43,18,0,113,49,3,0,1,4,1,21,125,65,6,0,0,2,5,22,27,48,89,15,11,17,6,7,8,81,125,5,2,1,0,0,85,110,1,0,0,1,2,39,125,50,1,0,0,0,7,73,97,25,11,0,0,0,0,39,50,28,22,1,1,2,4,22,42,1,0,0,0,0,6,97,67,0,0,0,0,0,25,125,111,0,0,0,0,0,0,104,13,0,0,0,2,19,20,29
122,4,1,10,5,1,4,80,27,1,2,3,13,88,34,39,57,2,1,2,8,29,18,74,17,1,1,3,23,34,10,27,122,9,4,28,38,6,2,22,49,1,0,1,122,78,20,28,122,7,0,2,26,24,14,96,49,2,0,12,80,32,5,27,80,0,0,8,35,36,10,73,58,11,0,3,122,61,10,31,122,61,1,9,25,4,1,10,57,12,2,51,87,0,0,1,23,1,46,122,7,14,9,31,48,4,34,26,14,82,23,42,122,9,5,2,4,6,15,100,30,1,0,6,59,31,22,22
10,33,15,5,41,34,0,1,65,68,21,6,34,29,1,5,18,40,51,77,0,0,3,35,0,0,3,34,0,0,27,134,12,3,6,6,134,61,2,3,134,55,6,6,28,25,2,15,62,30,17,129,21,0,0,1,0,0,5,133,13,0,4,17,14,3,0,10,134,39,0,0,134,20,1,8,26,3,0,57,91,4,1,61,39,0,0,49,0,0,0,83,48,0,0,0,29,6,0,1,70,71,8,9,134,37,2,3,4,4,2,55,70,0,0,11,11,0,1,129,1,0,0,47,45,0,1,9
1,3,25,98,49,3,22,17,14,46,12,28,17,4,105,38,5,9,6,25,11,1,114,114,9,6,2,0,0,0,114,114,6,2,2,43,114,7,0,4,78,58,13,37,45,4,0,7,32,27,14,109,48,0,2,11,78,75,33,6,2,0,12,26,14,1,1,39,114,7,1,11,114,24,6,26,46,3,0,18,41,7,2,51,108,2,2,12,105,15,6,6,25,3,6,114,19,11,8,68,33,0,0,1,27,78,26,46,13,0,0,0,9,24,12,86,78,1,0,1,31,0,0,52,59,3,4,92
1,3,1,41,126,18,9,8,126,41,3,24,51,1,0,7,66,5,0,0,4,46,40,25,42,2,0,0,2,26,27,27,5,1,0,8,78,102,47,16,121,33,1,5,40,28,3,11,40,12,0,0,77,90,17,10,126,19,0,0,7,19,13,30,17,0,10,126,47,46,15,8,110,2,0,11,12,45,22,47,55,44,1,0,53,77,14,9,102,97,1,4,22,2,0,0,3,0,13,126,40,0,0,0,15,2,35,126,16,30,25,14,126,21,12,16,1,23,16,26,82,28,0,1,20,12,6,17
50,7,0,4,3,0,0,29,80,19,0,0,0,0,0,1,108,19,2,4,3,0,0,0,7,6,2,29,124,0,0,0,83,2,0,40,26,0,0,44,118,12,0,0,0,0,0,15,124,15,0,2,5,0,0,0,19,5,0,23,124,2,0,0,47,0,0,119,69,0,0,26,124,3,0,2,1,0,0,50,124,6,0,0,7,1,0,3,25,1,0,2,124,60,0,0,8,0,0,124,106,0,0,6,106,0,0,22,18,0,0,66,116,0,0,0,7,32,7,39,10,2,0,0,121,124,4,4
3,0,0,82,127,10,3,4,16,58,7,22,48,5,40,27,5,87,66,1,0,17,27,6,6,91,47,0,1,12,7,1,17,1,0,40,127,93,2,15,105,120,9,20,66,21,3,19,23,120,44,0,1,32,19,9,0,26,27,1,11,87,7,0,18,0,0,51,127,62,13,19,96,12,2,32,47,19,14,86,33,51,11,0,0,30,48,47,0,78,38,0,2,26,4,0,6,1,0,4,26,127,60,10,127,22,0,3,12,47,25,34,79,85,8,0,0,3,9,21,0,28,13,0,0,25,9,0
99,31,3,6,30,45,9,10,85,14,15,3,6,21,13,49,23,10,68,24,9,7,1,5,0,1,42,34,26,16,0,0,49,42,5,15,133,82,8,13,133,49,7,1,29,28,11,55,61,43,117,24,2,2,13,15,0,1,84,107,18,11,9,1,26,17,44,46,127,67,8,8,133,58,39,12,17,4,24,68,36,6,11,2,0,9,133,78,0,0,10,16,12,50,133,7,0,6,78,42,3,1,1,0,9,17,98,17,0,1,8,6,1,1,68,8,0,3,42,9,0,0,63,12,3,9,35,1
11,23,24,5,8,8,18,36,16,3,8,6,32,50,22,31,106,39,18,0,0,2,7,48,8,20,72,38,5,1,0,0,4,39,56,20,54,6,4,3,32,5,4,20,143,64,17,47,143,42,4,1,8,11,12,143,46,19,23,28,34,39,8,24,1,1,2,6,83,17,13,6,41,31,10,65,143,14,2,5,143,134,10,13,11,2,3,63,49,33,17,50,35,27,15,25,0,0,0,1,29,48,45,24,11,6,13,27,61,47,24,15,143,11,11,6,1,0,9,114,43,2,2,14,23,29,21,58
0,36,31,4,2,15,16,0,3,5,17,49,83,42,4,2,143,74,5,8,35,6,1,25,49,35,14,35,96,1,0,1,0,10,5,1,1,61,114,1,31,8,6,9,32,143,46,9,143,141,3,4,17,13,4,30,48,44,27,60,102,0,0,2,0,27,67,12,4,26,30,1,38,13,42,53,19,48,9,4,143,67,5,7,4,2,1,31,66,24,44,28,20,0,0,4,0,11,23,5,4,57,25,0,51,41,24,12,11,57,4,1,143,113,1,0,0,1,0,3,47,32,14,6,2,0,0,0
32,0,0,0,38,7,0,30,0,4,12,35,123,15,1,0,1,48,123,47,35,16,34,3,6,59,123,8,0,0,33,18,123,3,0,2,36,2,0,59,30,12,9,16,90,0,0,1,123,112,96,8,3,0,0,1,18,33,123,44,46,1,0,0,123,70,1,5,35,0,0,8,40,0,0,5,99,3,0,10,123,9,0,1,4,2,1,55,35,6,0,11,90,29,3,14,31,34,0,6,37,0,0,0,15,0,0,9,95,11,4,8,123,0,0,0,6,6,27,91,21,0,0,0,51,74,33,26
0,0,6,29,96,39,0,0,19,88,26,32,79,6,0,5,34,132,46,18,9,0,0,6,9,13,11,32,43,9,30,30,0,14,31,46,36,36,3,0,59,22,11,71,62,4,2,51,132,51,14,35,21,0,0,71,11,15,25,119,98,0,0,1,1,26,18,13,27,70,11,0,66,16,3,27,107,78,4,22,132,72,3,19,15,1,0,65,22,29,41,103,48,0,0,5,0,7,9,2,5,89,40,0,29,4,35,17,21,61,5,24,132,5,5,4,2,1,0,132,60,19,23,20,6,0,0,22
1,0,0,0,8,121,86,10,4,1,2,2,2,24,119,121,18,4,29,16,1,16,83,120,4,14,18,9,4,49,83,7,4,24,21,21,52,43,10,1,43,19,19,40,26,4,24,34,121,32,16,11,4,5,21,74,23,21,95,69,5,12,13,19,1,46,121,69,9,0,0,0,17,33,108,121,14,0,0,0,121,20,38,46,4,1,44,69,32,8,35,19,0,1,62,121,14,15,18,19,18,1,0,0,9,11,17,55,67,3,0,0,11,30,66,56,21,1,5,3,10,2,19,56,37,2,26,66
5,7,13,41,58,28,2,3,104,94,32,17,19,1,0,33,25,35,27,58,95,5,9,12,27,9,13,8,16,3,15,87,8,7,12,28,69,82,11,4,135,98,4,14,39,13,2,39,63,46,45,110,118,0,0,4,5,34,116,53,10,0,1,9,12,6,32,20,15,81,22,6,135,29,10,10,8,12,2,92,101,33,51,49,28,0,0,23,0,24,77,57,5,0,0,0,7,10,28,13,18,52,2,0,135,49,5,4,5,12,1,9,131,36,14,6,1,0,0,7,1,11,19,33,8,0,0,0
21,1,0,0,0,0,5,10,122,52,12,12,8,3,2,25,18,18,17,103,122,19,1,5,101,58,5,17,16,3,0,19,38,6,5,0,0,0,3,12,122,24,2,2,20,7,3,37,33,12,1,10,122,53,3,8,122,66,1,2,25,8,1,24,14,22,70,2,0,0,0,0,121,61,69,12,15,18,10,26,29,9,6,33,122,84,10,15,122,52,1,2,8,3,0,35,1,19,76,0,0,0,15,11,1,42,122,48,24,5,16,12,7,22,22,122,94,7,1,1,76,94,7,7,2,0,0,8
8,0,0,3,70,66,13,27,66,7,4,1,2,16,44,121,4,2,15,6,5,97,121,18,0,0,3,1,0,22,43,0,11,3,1,66,121,29,2,8,121,58,10,20,22,9,13,61,11,13,8,48,121,62,47,7,0,0,0,2,20,22,36,0,15,2,0,37,121,55,0,4,121,23,3,12,30,10,1,40,33,6,4,90,121,5,1,7,0,0,7,33,45,2,1,0,4,1,0,53,121,28,2,3,113,9,1,9,23,14,14,116,25,3,2,38,117,46,21,41,0,3,7,17,43,6,0,0
122,70,0,0,14,3,0,5,13,4,0,1,63,16,0,0,102,81,32,3,6,1,0,0,21,37,99,36,19,2,0,0,21,77,2,1,45,8,0,0,35,3,0,0,83,26,0,5,122,39,0,0,2,3,1,17,40,15,1,4,62,39,3,8,3,6,0,0,63,30,1,0,36,3,0,0,71,61,21,23,122,15,0,0,2,7,32,97,20,0,0,0,40,122,28,17,0,0,0,0,12,122,79,4,4,4,2,0,11,122,72,37,21,11,2,0,0,8,122,122,2,1,0,0,10,120,114,32
0,0,4,5,20,74,85,7,18,2,5,0,0,8,116,122,81,6,0,0,2,6,63,122,5,1,0,1,32,78,13,9,0,0,27,91,56,13,1,0,61,14,15,7,13,25,8,26,122,24,1,4,10,1,2,47,23,3,3,35,117,36,1,3,1,11,14,40,122,33,0,0,21,122,81,10,28,16,1,2,122,96,32,8,13,4,14,49,20,0,26,69,38,2,17,64,16,14,10,36,51,16,0,9,103,97,39,15,12,0,0,24,9,19,23,47,102,7,11,15,31,6,9,4,9,2,14,92
0,0,0,0,0,0,0,0,28,5,0,0,0,3,13,10,134,95,27,33,17,7,15,26,22,26,24,134,107,17,3,9,0,0,0,0,0,0,0,0,68,6,3,0,0,0,8,27,134,28,3,5,43,13,4,62,38,16,3,26,134,55,3,12,0,0,0,0,0,0,0,0,37,35,88,3,0,0,0,1,134,73,66,13,36,31,13,39,46,18,4,24,134,80,9,16,0,0,0,0,0,0,0,0,2,32,130,0,0,0,19,14,7,62,134,71,39,9,19,15,19,32,22,120,89,13,1,4
0,0,0,2,94,103,9,0,45,64,2,1,48,86,8,1,52,90,17,11,51,40,9,7,1,0,1,2,32,42,77,26,8,1,0,3,110,113,11,5,113,106,3,3,32,34,11,28,38,45,2,7,113,101,5,4,0,0,1,5,64,41,8,3,16,19,5,21,113,72,13,6,113,61,28,18,13,28,30,73,10,3,10,22,75,113,32,16,0,0,3,6,18,6,0,0,67,48,5,2,12,40,18,3,85,93,58,78,3,2,1,10,0,1,33,113,6,6,1,0,0,0,3,2,0,0,0,0
1,0,0,0,0,0,47,34,2,2,2,25,40,40,123,73,22,15,2,31,123,76,17,19,81,79,10,2,2,1,0,50,11,2,0,0,0,4,18,7,88,79,27,33,13,13,41,30,30,29,29,123,99,29,8,19,123,68,4,10,4,0,0,60,26,1,0,0,0,0,6,16,123,21,4,8,23,6,4,65,40,15,6,52,123,37,3,15,123,51,2,5,15,5,0,51,14,9,19,0,0,0,0,2,123,33,23,3,14,10,6,27,37,11,2,17,123,50,7,13,123,52,0,2,8,2,0,27
0,0,0,0,0,0,0,0,3,0,0,0,0,0,0,2,42,8,0,0,0,0,0,2,12,12,4,7,12,2,0,0,11,38,25,0,0,0,0,3,41,17,47,9,0,0,0,21,129,41,3,1,0,1,2,22,64,27,4,6,54,88,7,6,5,129,129,4,0,3,7,1,16,37,129,89,49,57,10,3,127,14,8,15,17,43,111,116,17,1,0,0,10,129,129,31,3,22,23,2,0,53,129,4,1,6,17,17,45,129,69,2,10,64,25,6,16,77,72,32,2,26,57,37,2,33,54,8
1,3,20,62,104,6,0,0,75,69,35,28,35,5,0,6,34,39,41,55,40,4,0,2,89,66,13,12,17,5,0,6,5,1,0,17,119,23,0,1,119,10,1,5,67,15,0,14,63,2,0,3,116,65,5,27,92,4,0,0,11,31,17,79,2,4,4,79,119,2,0,0,94,47,11,31,54,15,1,4,51,7,0,5,119,87,4,16,119,53,0,0,5,10,6,38,0,5,7,46,91,13,1,2,8,53,27,44,48,1,0,0,27,36,16,59,117,4,0,0,107,83,4,2,1,2,7,5
10,1,1,3,85,57,25,33,53,0,0,0,15,27,19,116,20,0,0,0,22,34,19,74,107,2,0,0,0,0,1,115,20,2,1,42,116,13,0,9,116,16,3,21,35,4,1,38,38,3,1,34,102,21,12,58,116,0,0,1,2,1,2,116,11,24,21,112,49,10,0,0,116,21,9,67,24,0,0,11,57,2,1,90,116,2,0,15,116,1,0,12,14,0,2,70,35,17,6,40,50,5,1,11,29,2,1,35,75,17,21,35,13,0,0,15,61,80,43,29,25,0,0,4,17,32,49,88
25,18,28,62,27,2,1,15,39,19,5,33,29,3,4,26,96,10,8,49,41,6,0,15,118,3,0,0,0,0,0,43,14,0,0,6,39,25,42,89,113,47,16,21,20,11,6,29,66,40,48,118,25,4,1,8,118,20,7,5,0,4,42,55,35,0,0,17,39,8,32,118,118,14,2,4,1,5,14,108,27,8,10,43,26,87,48,25,12,9,10,6,20,118,118,19,38,5,10,90,30,0,0,26,118,16,8,6,2,13,8,67,9,3,21,15,17,118,36,10,24,84,24,5,11,65,8,0
41,8,0,0,0,8,46,49,18,24,4,0,3,72,47,25,5,89,16,0,6,88,6,0,40,115,5,0,0,3,2,1,20,13,0,0,0,41,91,37,115,47,2,0,0,12,57,60,58,115,15,0,0,4,1,18,32,115,12,0,0,17,17,11,14,97,23,1,1,11,10,2,113,41,7,2,2,5,32,55,55,15,0,0,0,8,107,115,15,11,0,0,1,115,115,58,0,75,113,27,3,0,0,0,1,8,27,77,52,13,16,4,1,27,38,13,11,13,79,65,2,30,68,22,6,74,64,29
68,48,10,28,25,0,0,1,67,11,8,76,51,0,0,3,144,9,2,2,0,0,0,26,66,0,0,0,0,0,1,16,36,13,4,15,22,6,4,35,45,11,10,62,67,12,1,10,144,14,2,5,4,2,0,43,83,0,0,0,0,1,4,32,104,45,10,6,9,9,4,18,37,40,46,141,22,2,0,4,144,44,17,24,3,4,27,41,46,0,0,0,0,11,131,49,133,6,0,0,0,1,6,62,26,4,4,26,18,52,43,23,10,4,6,9,19,135,84,15,1,10,28,0,2,53,144,9
7,55,81,51,10,0,0,0,15,112,68,55,10,0,0,0,9,107,112,100,37,0,0,0,0,43,52,112,58,0,0,0,43,21,7,17,65,33,1,1,112,83,6,12,27,17,3,13,47,50,11,30,91,46,3,3,2,85,75,54,55,6,0,0,35,4,0,0,64,112,7,11,112,5,0,0,8,36,22,80,42,31,7,0,11,65,31,21,33,36,13,2,23,24,4,5,31,17,0,2,74,68,2,3,112,93,1,0,2,7,4,16,24,112,43,10,11,3,4,4,5,19,21,25,65,24,3,1
53,69,45,19,4,2,3,12,52,120,102,45,4,0,0,0,119,139,59,0,0,0,0,0,8,61,139,7,2,0,0,0,109,102,79,39,4,0,0,0,101,41,40,76,58,0,0,1,139,31,4,6,3,0,0,16,43,7,8,2,14,1,0,6,38,32,30,48,24,3,2,15,52,18,7,61,55,5,1,11,139,12,3,11,7,1,0,29,46,0,0,0,11,5,4,16,36,9,0,2,19,15,16,45,50,31,22,57,17,5,2,11,134,22,9,24,6,9,28,29,21,0,0,0,3,21,98,20
18,35,53,2,1,0,1,8,40,9,6,8,32,14,8,36,139,27,0,0,1,2,1,56,81,42,0,0,0,0,0,2,3,3,5,1,5,8,22,39,42,5,3,6,85,66,12,37,139,13,0,0,7,8,0,81,139,35,0,0,0,0,0,4,10,7,5,0,4,7,15,114,20,82,54,14,23,18,6,4,139,139,19,2,2,1,0,4,139,45,0,0,0,0,0,2,110,10,3,0,0,0,0,139,71,90,18,0,0,0,0,53,78,79,4,0,0,0,2,9,80,6,0,0,0,3,51,42
1,0,1,19,22,8,25,14,19,27,37,56,8,0,1,4,115,115,16,2,0,0,0,4,115,115,6,0,0,0,0,16,35,13,11,9,30,12,20,29,115,106,81,11,0,0,1,20,94,75,106,39,2,0,0,18,115,8,2,4,0,0,0,115,26,64,102,10,11,1,0,0,115,71,78,3,0,0,0,36,78,13,24,94,11,0,0,20,84,5,12,39,3,0,0,81,83,73,42,2,0,0,0,10,39,41,107,35,1,0,0,12,45,9,12,30,6,1,6,23,16,4,17,37,16,1,2,17
28,60,0,0,0,0,0,0,59,24,0,0,0,0,0,1,8,1,0,0,7,21,1,1,9,0,0,0,3,11,1,1,130,86,1,0,0,0,0,30,130,73,2,5,7,2,1,19,26,14,6,20,130,84,3,4,90,38,14,4,36,58,8,22,87,87,130,9,0,0,0,13,130,51,17,2,7,8,7,43,30,33,58,33,109,32,10,16,22,130,122,13,17,4,0,1,5,13,106,16,0,0,2,14,34,33,51,9,17,11,7,12,122,46,9,2,10,11,10,27,47,130,13,0,0,0,0,0
109,13,0,0,0,0,0,3,138,18,0,0,0,0,0,4,138,3,0,0,0,0,0,15,6,0,3,2,0,3,2,1,138,4,0,0,0,0,0,23,138,8,0,0,0,0,0,15,138,14,3,0,0,0,2,47,7,9,28,0,1,8,12,6,138,0,0,0,0,0,0,44,138,9,0,0,0,0,0,16,138,68,10,0,0,0,0,13,20,49,85,0,0,0,0,1,108,0,0,1,1,0,0,79,138,0,0,0,0,0,0,89,138,5,0,0,0,0,0,85,48,7,7,0,0,1,5,24
4,3,0,0,125,117,0,0,63,69,0,0,12,8,0,0,45,110,0,0,0,0,0,0,9,99,2,0,0,0,0,0,19,1,0,0,105,112,4,11,125,37,0,0,1,1,1,22,107,104,0,0,0,0,0,2,34,125,14,1,0,0,0,0,18,3,1,6,54,44,3,15,125,9,0,0,0,0,0,72,125,67,0,0,0,0,0,25,78,95,3,1,0,0,0,3,12,4,5,17,34,1,0,1,125,16,2,0,0,0,0,31,125,8,0,0,0,0,3,97,39,6,0,0,0,0,21,91
42,5,0,0,0,0,1,12,57,23,5,0,0,0,0,29,141,7,1,0,0,0,0,141,91,20,5,0,0,0,0,57,77,0,0,0,0,0,1,26,100,16,0,0,0,0,0,12,141,27,0,0,0,0,0,69,141,2,0,0,0,0,0,90,89,0,0,0,0,0,0,17,139,2,0,0,0,0,0,21,141,27,0,0,0,0,0,6,141,7,0,0,0,0,0,18,77,0,0,0,0,0,0,11,124,1,0,0,0,0,0,6,141,5,0,0,0,0,0,5,141,2,0,0,0,0,0,7
15,28,21,0,0,0,7,36,128,52,15,2,0,0,6,18,66,66,90,57,25,6,0,0,0,2,66,128,43,3,0,0,35,10,2,2,0,1,22,53,128,48,1,0,0,2,22,43,117,32,1,3,40,76,21,12,9,39,27,18,36,27,0,0,28,9,4,3,0,0,16,78,128,13,2,1,0,1,81,128,53,5,0,0,2,32,128,128,35,19,0,0,14,72,32,35,21,13,6,0,0,0,7,45,63,38,8,0,0,0,24,48,41,65,53,13,2,3,35,79,8,1,11,35,13,96,87,31
0,8,62,38,93,50,1,0,94,67,8,4,24,67,17,16,105,58,5,17,28,5,5,15,1,0,2,24,25,12,9,4,12,4,4,20,129,129,10,5,129,129,13,5,36,23,3,24,52,80,27,39,53,6,1,6,0,0,1,22,38,1,0,0,33,13,0,16,129,102,4,7,129,71,3,1,8,12,9,89,41,11,4,8,47,50,24,43,0,0,0,0,25,12,0,0,72,30,1,3,56,89,13,3,129,126,11,4,4,2,6,26,7,11,7,12,22,10,6,7,0,0,0,0,4,2,0,0
17,20,14,13,0,0,0,0,77,39,4,0,1,0,0,8,45,125,69,2,2,0,0,6,8,125,105,0,0,0,3,4,1,55,73,5,0,0,0,0,69,54,42,21,0,0,0,18,125,75,10,1,0,0,4,101,20,31,21,0,0,2,61,41,0,47,125,29,4,0,0,0,19,32,91,125,39,3,1,5,125,108,12,7,2,1,5,52,15,28,37,1,0,0,27,17,0,1,50,29,41,0,0,0,3,1,5,34,125,30,11,11,24,4,0,0,23,18,74,125,2,1,2,0,0,0,125,52
52,118,13,1,0,0,14,13,6,44,81,80,9,6,3,2,1,57,118,56,8,2,0,0,0,5,40,93,48,1,2,0,118,69,2,1,2,0,0,0,34,22,16,28,44,3,0,0,62,53,30,35,29,0,0,0,3,6,11,118,118,0,0,0,118,9,0,0,2,4,8,40,30,0,0,0,33,50,33,20,73,2,0,3,17,14,32,65,4,0,0,58,112,37,18,5,25,0,1,0,0,9,67,117,1,0,1,0,1,76,118,34,3,2,1,0,0,20,118,105,0,0,1,2,10,62,115,19
0,0,10,1,0,6,53,0,51,1,6,1,0,4,48,50,140,4,2,3,0,0,1,60,21,5,24,45,0,0,0,1,0,5,140,18,0,2,9,0,84,19,113,71,0,1,6,11,140,16,7,4,0,0,0,43,62,2,9,18,0,0,2,15,0,11,140,27,1,3,7,0,15,13,113,140,37,16,2,0,140,28,16,23,10,6,18,67,38,0,0,0,0,15,112,42,0,4,24,7,4,11,30,2,0,0,6,46,105,65,8,1,9,0,0,12,38,35,62,67,1,0,0,0,0,57,140,16
2,0,0,0,0,0,79,145,2,2,2,1,1,1,99,136,10,5,1,1,1,0,28,99,2,0,1,8,6,0,0,7,25,0,0,0,0,0,24,94,30,1,0,0,0,0,105,145,145,29,1,1,0,0,29,145,50,42,68,28,6,0,0,10,23,6,10,3,0,0,0,5,115,22,1,0,0,0,4,16,145,42,0,0,0,0,0,34,94,25,19,0,0,0,12,58,1,2,13,19,7,0,0,0,118,17,1,1,2,0,0,2,145,12,0,0,0,0,0,32,66,0,0,0,3,12,17,40
78,0,0,0,0,0,4,46,158,47,0,0,0,0,0,21,118,48,1,8,20,4,0,0,4,0,0,35,104,47,4,0,123,0,0,3,0,0,0,29,158,67,10,0,0,0,0,29,81,72,58,24,7,0,0,0,5,5,9,137,100,0,0,0,85,0,0,3,5,0,0,19,158,13,2,0,0,0,0,58,149,25,58,21,2,11,11,17,0,1,21,93,86,25,13,0,9,0,0,0,0,0,0,0,104,4,0,0,0,0,0,5,51,2,0,0,0,34,32,9,0,0,0,8,20,41,51,15
53,2,0,1,0,0,0,29,168,17,0,0,0,0,0,88,150,4,0,0,0,0,0,118,5,0,0,0,0,0,0,13,78,22,4,3,2,0,0,1,168,69,0,0,0,0,0,7,168,39,0,0,0,0,0,45,17,0,0,0,0,0,0,16,62,46,4,2,1,0,0,0,168,20,0,0,0,0,0,50,119,6,0,1,1,3,15,64,3,0,0,1,1,3,8,8,28,31,3,1,0,0,0,2,168,4,0,0,0,0,0,62,139,5,5,5,1,1,1,46,4,2,4,6,1,1,0,0
46,18,22,0,0,0,10,129,174,11,1,0,0,2,6,174,81,10,0,0,4,9,9,54,7,3,0,6,85,34,0,2,69,46,29,0,0,0,1,21,174,115,3,0,0,0,0,34,160,53,0,0,5,25,9,15,4,3,0,0,91,101,8,2,60,4,0,0,0,0,14,98,174,19,0,0,0,0,0,107,57,4,0,0,1,14,4,25,0,0,0,0,5,10,2,0,2,0,0,0,0,0,2,14,3,0,0,0,0,0,0,5,0,0,0,0,0,0,0,0,0,0,0,0,0,0,0,0
0,0,0,0,0,0,0,0,0,0,0,5,0,0,0,0,91,17,10,27,1,0,0,4,137,19,1,1,9,1,0,19,4,1,0,0,0,0,0,0,99,8,3,22,12,0,0,5,90,20,14,95,85,3,0,13,137,8,1,2,3,1,0,83,15,7,5,58,36,0,0,0,137,25,6,21,39,0,0,4,62,1,0,9,137,18,4,28,124,5,0,0,14,5,2,128,15,5,1,40,137,17,0,0,137,16,0,8,64,4,0,0,57,3,0,6,137,3,0,2,137,37,1,0,25,1,0,8
36,2,0,39,134,0,0,3,155,6,0,5,13,1,0,17,17,6,1,12,24,2,0,1,3,4,0,0,0,0,0,0,40,0,0,36,155,0,0,3,155,16,3,18,26,0,0,13,57,16,5,81,55,0,0,7,27,10,1,4,9,2,10,20,37,0,0,31,155,0,0,4,155,4,0,8,31,0,0,24,73,3,1,69,102,3,1,7,3,0,0,18,41,10,29,17,29,0,0,29,155,0,0,9,155,0,0,6,34,0,0,29,75,1,0,9,104,22,0,6,0,0,0,5,28,12,0,0
0,0,0,0,0,147,147,19,5,1,0,0,0,110,147,45,9,1,0,0,0,1,147,147,1,0,0,1,1,1,129,147,5,0,0,0,11,120,79,3,63,19,0,0,0,24,40,21,36,10,0,0,0,7,49,104,0,0,0,0,0,12,147,91,7,0,0,8,55,12,1,7,34,2,0,0,0,0,18,56,4,0,0,0,0,35,66,22,0,0,0,0,0,52,38,0,0,0,0,12,77,0,0,1,0,0,0,0,0,0,8,17,0,0,0,0,0,11,24,7,0,0,0,0,0,13,2,0
0,0,0,0,1,170,39,1,4,6,2,0,0,13,67,101,23,3,2,0,0,0,76,173,93,0,0,0,2,6,22,173,12,9,0,0,0,27,7,0,31,62,21,0,0,0,2,7,64,55,52,0,0,0,2,54,173,34,2,0,0,0,0,135,24,2,1,0,0,0,0,4,67,12,1,0,0,0,6,46,68,26,10,0,0,0,11,68,173,41,1,0,0,0,0,63,2,0,0,0,0,0,1,5,5,0,0,0,0,0,23,36,15,0,0,0,0,0,24,79,64,0,0,0,0,0,0,62
33,12,1,1,0,0,0,0,37,21,6,48,54,3,0,0,126,56,5,15,14,1,0,14,35,6,3,14,26,5,0,8,125,60,5,21,40,3,0,0,84,26,1,5,126,53,2,11,126,10,0,1,26,15,2,91,77,8,4,13,2,0,0,27,126,63,0,2,62,23,0,0,66,24,0,0,126,63,0,2,126,109,5,0,22,9,0,17,72,32,9,2,2,1,5,25,87,65,0,0,46,18,0,0,70,28,0,0,126,54,0,0,126,92,3,1,9,3,0,1,12,12,8,10,26,9,8,6
20,4,2,4,52,7,5,10,43,0,0,4,134,10,0,0,134,0,0,0,61,8,0,3,54,12,0,0,122,19,0,0,8,2,8,25,61,36,9,5,46,1,0,24,134,44,1,1,134,2,0,4,85,3,0,10,73,4,0,0,134,10,1,19,0,0,0,49,60,7,4,7,20,5,2,134,125,3,0,1,134,10,3,25,77,2,1,19,15,0,0,4,134,14,4,18,9,0,0,8,15,7,9,31,6,1,0,54,134,9,2,4,30,0,0,6,73,15,11,66,1,0,0,1,20,1,1,7
57,2,1,23,107,5,2,30,107,4,0,2,11,2,1,140,63,11,7,8,0,0,2,46,32,5,16,19,23,38,19,21,89,1,0,20,148,1,0,9,148,48,4,4,42,1,0,36,57,33,11,11,20,6,27,32,2,1,2,1,32,45,53,11,89,7,0,17,148,0,0,1,148,6,0,4,60,0,0,23,67,5,13,23,32,13,3,9,0,1,14,10,67,34,4,2,57,7,0,9,148,0,0,0,148,1,0,3,51,1,0,16,53,0,0,2,10,48,3,8,0,0,0,0,58,52,0,0
0,0,0,0,0,0,0,0,3,0,0,0,0,0,0,1,6,0,0,1,1,0,0,1,0,0,0,12,16,19,0,0,56,5,0,0,0,0,0,2,165,20,0,0,0,0,3,34,111,1,0,1,2,48,56,36,0,0,0,11,38,165,22,0,153,54,0,1,6,0,0,5,165,110,6,0,0,0,12,34,51,9,22,8,4,33,93,29,1,0,1,20,76,111,18,3,128,15,0,0,2,1,0,31,165,26,5,0,0,0,0,138,44,5,18,25,30,3,1,38,0,1,32,64,46,34,1,0
19,14,1,1,7,20,12,48,52,5,1,4,6,6,36,59,160,5,0,0,0,0,3,34,49,12,0,0,0,1,6,4,21,79,16,11,8,2,0,0,78,18,7,20,65,3,5,21,160,17,0,0,4,0,0,34,53,29,21,2,0,0,2,1,12,50,11,11,23,1,0,0,85,10,1,9,119,5,0,1,160,38,0,1,5,0,0,17,70,55,15,10,6,0,2,10,3,20,6,13,30,0,0,0,33,1,0,12,90,15,6,15,160,2,0,0,2,4,84,160,27,4,0,2,4,2,160,113
138,4,0,0,0,0,0,27,57,2,0,1,1,0,0,31,11,0,0,85,83,0,0,17,28,0,0,106,97,0,0,16,138,0,0,0,0,0,0,65,54,1,0,0,0,0,0,28,53,2,1,41,30,0,0,20,9,0,0,138,138,0,0,4,138,0,0,0,0,0,0,97,81,21,0,0,0,0,0,18,64,43,1,9,4,0,0,1,5,5,2,124,133,0,0,0,138,2,1,4,1,0,0,80,131,17,0,0,0,0,0,28,34,27,0,0,0,1,12,9,6,2,1,56,60,0,3,7
1,0,19,89,160,25,0,0,106,14,2,13,77,8,0,6,65,3,0,0,2,29,9,14,19,0,0,0,1,17,11,26,6,0,0,1,160,84,0,0,150,18,0,1,92,23,2,7,36,6,0,0,14,97,20,14,3,0,0,0,0,26,55,53,4,1,2,25,160,26,0,0,69,6,11,24,71,28,12,21,10,4,0,2,23,139,27,17,6,13,7,4,3,22,42,32,2,1,7,20,160,15,0,1,7,7,42,89,45,9,1,4,10,47,19,71,31,21,1,0,11,69,25,19,17,0,0,1
8,2,3,3,13,15,81,37,8,1,4,9,7,39,79,59,35,0,0,3,2,7,26,143,68,5,0,0,0,0,0,143,24,3,2,12,77,19,27,17,107,23,15,25,3,5,19,24,32,5,11,102,18,2,7,143,134,0,0,7,1,0,0,143,18,33,34,8,19,10,6,4,130,41,30,8,1,0,0,6,36,4,5,127,34,0,0,9,39,0,2,59,13,2,16,143,29,81,21,0,0,0,0,1,26,35,50,11,0,0,0,0,35,12,10,52,4,0,0,1,0,0,4,110,48,6,7,5
23,76,32,5,9,29,4,7,35,6,3,4,7,46,28,18,125,19,0,0,0,0,2,35,42,4,0,6,7,0,0,23,14,12,5,3,40,125,16,4,125,50,0,0,2,76,37,31,125,95,0,0,0,0,1,32,30,16,0,0,2,4,6,16,28,5,4,26,125,87,4,5,125,14,1,2,3,9,3,125,75,7,0,0,0,0,12,125,5,0,0,0,0,9,72,51,2,1,1,37,125,70,13,3,62,1,0,2,5,22,31,125,125,0,0,0,0,0,3,97,14,0,0,4,16,8,34,20
8,0,0,4,54,12,8,39,2,0,0,2,52,58,54,3,11,16,19,34,31,33,10,2,130,90,32,45,3,2,0,0,13,1,3,36,48,12,16,92,22,5,16,28,122,23,15,12,130,43,33,26,3,2,4,19,130,98,33,30,0,0,0,6,5,22,44,130,16,2,4,16,11,40,130,62,20,4,7,10,74,38,74,32,11,1,1,14,130,36,2,0,0,0,0,17,1,3,7,130,44,0,0,1,4,6,11,122,41,7,37,27,28,16,5,14,18,8,20,21,129,38,0,0,0,0,1,20
40,49,1,0,0,1,136,70,26,17,0,0,0,30,136,56,1,1,0,0,0,36,136,20,0,0,0,0,0,32,114,18,34,42,26,15,3,2,28,23,37,20,1,1,2,39,135,41,90,29,11,2,2,20,61,38,7,25,18,10,37,22,15,6,0,4,46,68,43,3,4,1,14,40,105,21,15,16,26,5,136,48,20,4,7,10,12,53,19,136,17,6,34,18,5,13,0,11,56,17,16,17,1,0,1,26,61,11,22,86,3,0,62,136,6,3,10,29,5,20,31,136,7,0,0,0,0,4
20,35,7,0,0,0,0,4,20,0,0,0,0,0,2,16,25,0,0,0,0,7,3,17,0,0,0,0,3,23,2,3,47,89,49,7,0,0,0,16,78,13,7,3,0,0,35,104,134,15,1,6,27,80,41,134,9,0,0,23,96,134,38,48,6,61,22,4,1,2,1,0,85,58,14,25,9,3,7,11,134,112,18,65,26,10,4,27,7,3,8,134,107,23,3,15,1,14,2,0,1,55,29,5,106,16,0,1,2,22,36,64,134,15,3,13,0,0,0,73,12,0,2,134,21,0,0,31
15,36,34,0,0,0,0,2,9,19,21,0,0,9,20,3,5,13,17,2,3,5,28,9,24,83,11,5,7,1,1,5,2,17,8,0,5,51,10,0,17,2,0,0,22,155,93,19,155,32,0,0,1,28,75,78,110,78,2,5,6,0,0,3,0,0,1,5,71,98,6,0,73,5,0,0,144,128,8,5,155,52,0,0,10,8,5,12,108,26,0,0,2,0,0,9,1,1,0,1,28,126,21,0,69,10,3,22,65,30,3,0,155,25,0,3,5,0,0,0,65,9,0,0,0,0,0,6
39,16,19,23,14,8,13,53,146,28,1,0,0,1,5,146,96,59,33,23,37,15,10,63,27,146,100,16,8,0,0,0,49,33,17,31,19,7,3,9,146,122,1,0,0,0,0,36,146,121,4,0,0,0,0,29,144,125,12,0,0,0,0,53,19,1,0,0,7,41,41,38,144,7,0,0,0,0,3,85,68,6,0,0,0,0,0,18,13,0,0,0,0,0,0,13,0,0,0,0,0,3,3,0,0,0,0,0,0,0,0,0,0,0,0,0,0,0,0,0,0,0,0,0,0,0,0,0
3,0,0,0,0,1,94,141,49,0,0,0,0,19,115,114,42,1,0,5,14,13,6,17,9,6,8,8,18,8,0,0,44,28,22,1,0,0,29,121,141,26,1,0,0,0,21,107,102,12,6,9,21,8,0,5,11,11,6,3,33,12,0,0,23,84,141,1,0,0,0,1,141,102,86,2,0,0,0,15,101,12,14,7,2,0,0,28,0,6,11,12,60,4,1,1,60,39,112,4,0,0,0,101,25,35,141,35,0,0,0,25,26,11,29,22,0,0,4,18,0,0,1,7,22,8,6,3
26,15,3,81,149,4,0,4,149,70,3,5,10,0,0,11,49,12,1,7,5,0,2,9,30,0,0,1,1,0,0,17,43,4,1,109,149,6,2,12,149,25,2,8,27,1,3,28,54,15,5,20,7,11,13,7,28,8,2,1,0,0,0,10,26,17,4,36,149,65,24,10,149,46,4,12,28,30,32,24,77,2,0,0,4,46,94,69,51,5,2,1,1,20,16,29,31,3,1,44,41,78,30,19,64,15,0,1,27,65,21,24,123,62,0,1,19,36,15,24,63,13,0,2,20,32,14,17
65,0,0,0,23,12,5,94,159,1,1,2,2,2,0,159,27,7,15,7,10,14,7,27,21,18,34,3,0,0,1,16,89,9,0,1,62,7,0,18,159,38,1,5,8,1,0,60,79,11,2,25,95,18,8,40,92,13,7,1,5,3,16,79,75,63,8,15,41,0,0,0,159,77,0,1,5,2,2,41,67,17,32,33,79,9,4,28,40,29,33,7,5,1,13,38,38,55,8,8,7,8,9,49,159,82,0,0,0,0,0,48,57,31,29,3,0,4,3,5,0,9,30,1,2,48,10,0
61,5,0,0,2,6,3,29,159,13,0,0,0,0,2,63,49,6,0,1,3,14,38,26,4,1,3,4,3,30,107,19,61,2,0,0,22,40,4,25,159,4,0,0,0,3,2,89,73,6,11,24,9,16,10,12,4,7,79,30,6,15,19,4,72,35,0,0,36,30,0,2,159,130,1,1,5,2,0,9,81,19,3,4,29,34,11,20,55,16,25,5,0,2,3,18,67,116,8,2,15,4,0,0,159,146,1,2,18,8,2,6,55,15,4,8,86,32,3,12,99,15,8,0,1,1,10,29
3,22,25,22,66,21,0,0,12,50,17,10,49,23,0,0,39,74,38,14,33,7,0,19,19,17,27,24,0,0,16,142,2,14,48,24,41,7,0,3,39,8,16,12,142,67,4,7,142,84,25,16,13,15,3,12,14,20,34,142,8,0,1,7,5,1,0,0,51,24,2,10,59,2,0,7,142,46,1,3,142,18,2,9,16,2,0,62,44,5,3,92,36,0,0,21,1,0,3,6,64,28,0,1,45,4,0,2,109,83,7,11,142,14,0,0,3,2,1,89,43,0,0,19,17,0,1,96
139,86,0,0,0,2,0,5,139,34,2,4,10,21,8,8,42,12,28,11,2,8,7,20,6,5,66,24,2,0,0,0,139,139,1,1,5,3,0,2,73,59,4,8,116,58,7,12,139,31,7,0,13,15,7,35,21,19,57,24,2,1,6,6,139,139,4,2,6,7,3,8,38,20,36,39,88,41,4,6,139,33,25,6,8,2,16,52,13,3,8,3,0,7,101,35,61,95,10,2,0,0,1,2,1,10,60,32,2,4,6,0,5,10,56,10,0,6,21,5,0,1,31,4,0,2,28,9
61,3,1,1,54,82,40,31,67,27,3,1,85,78,9,18,43,50,37,1,1,13,21,25,0,19,43,2,2,31,16,2,21,7,1,2,45,118,118,13,118,80,1,0,10,36,42,37,45,91,49,0,0,4,11,20,1,34,58,0,0,9,10,4,24,12,8,39,88,26,7,16,118,40,4,0,0,0,2,118,95,39,11,0,0,4,9,56,1,11,32,1,0,22,15,2,1,11,118,118,11,0,0,2,75,118,118,6,0,0,0,13,75,80,38,8,3,4,0,2,0,2,11,37,44,62,14,0
44,5,0,7,17,34,13,20,61,36,0,0,20,46,15,12,71,29,1,3,20,20,10,17,80,8,0,0,4,10,8,14,21,1,17,126,23,14,25,17,126,62,6,13,5,14,19,27,58,48,2,9,57,17,8,8,72,33,0,1,13,7,3,2,4,1,43,126,46,12,23,5,58,4,18,126,42,4,34,80,64,8,1,5,10,18,67,106,53,16,0,0,9,9,20,28,0,0,0,37,26,52,102,48,0,0,8,126,122,42,33,26,14,0,1,14,70,36,51,126,12,0,0,0,0,5,126,102
12,0,0,4,5,16,49,31,52,33,12,10,1,0,26,48,31,25,24,46,12,7,0,4,1,1,37,135,20,10,3,4,18,0,0,0,0,72,135,63,135,5,0,0,0,1,49,135,78,1,0,2,41,46,1,13,2,1,19,21,46,59,34,27,42,103,53,10,1,18,22,16,135,135,3,0,3,2,2,19,58,26,4,4,45,24,0,2,15,47,101,43,22,6,2,2,13,135,124,25,0,0,2,7,18,135,9,1,17,10,0,0,43,17,0,0,31,23,1,3,73,39,7,3,8,12,1,4
3,1,5,73,121,14,3,5,67,46,26,7,11,7,3,21,49,91,52,4,0,0,0,0,41,57,19,32,33,0,0,0,13,3,2,42,127,64,4,9,127,20,3,7,27,15,6,40,99,27,3,0,0,4,28,20,50,6,0,4,38,33,71,29,5,9,9,90,127,21,5,0,127,53,17,34,20,4,8,16,24,3,7,18,13,64,88,20,2,2,41,16,7,72,127,13,0,1,3,18,39,36,58,3,9,23,10,15,8,35,111,6,3,6,21,31,9,26,127,21,3,13,108,24,4,8,89,44
85,13,6,12,8,1,7,43,63,13,11,74,95,2,0,20,121,24,3,5,7,0,0,52,26,10,9,63,24,0,0,8,103,36,19,1,5,1,1,41,74,16,12,40,121,21,4,28,121,32,2,7,14,2,0,66,57,13,3,19,50,9,3,28,9,72,74,3,0,1,41,11,14,41,64,121,49,18,49,12,121,67,13,31,10,2,3,26,49,9,0,8,22,10,24,29,5,3,1,0,0,1,121,39,6,2,2,7,12,16,121,121,26,8,1,3,3,3,68,110,3,0,0,0,0,8,116,27
2,6,23,121,15,0,0,0,7,55,54,48,1,0,0,0,19,99,98,48,0,0,0,1,15,98,96,33,4,3,0,1,1,1,8,106,121,10,2,4,63,63,33,11,13,7,4,22,46,107,80,7,0,0,0,0,59,96,25,28,20,0,0,0,7,1,1,37,121,62,5,8,121,12,1,4,33,19,6,50,105,30,5,0,0,1,9,12,71,11,0,4,22,14,36,28,3,5,5,75,121,15,2,0,121,38,12,29,21,2,3,13,37,4,1,5,5,37,58,19,3,0,10,7,5,55,121,15
8,3,3,22,75,22,0,2,6,1,0,18,128,71,8,15,61,13,2,4,14,19,36,116,3,2,6,6,14,63,96,14,9,3,1,24,102,36,5,9,19,3,0,31,128,52,0,2,128,37,4,15,58,9,2,13,8,4,2,29,128,32,14,1,10,0,0,20,85,23,10,37,18,2,0,41,128,44,3,8,128,10,0,11,50,16,12,82,10,1,1,45,128,20,6,9,10,0,0,4,33,16,14,73,2,0,0,51,128,40,5,8,64,35,8,18,33,15,13,85,11,17,57,27,28,20,8,13
24,18,8,15,16,21,62,24,38,14,13,83,60,32,6,22,127,35,5,7,1,0,0,56,30,14,16,78,8,0,0,4,127,20,7,12,11,1,2,50,49,15,13,91,127,7,0,12,127,38,3,7,16,1,0,49,82,22,10,36,10,0,0,23,127,28,10,0,8,3,2,38,57,8,2,16,127,31,4,17,127,43,0,3,21,3,0,38,106,31,4,8,8,2,1,29,17,69,89,10,2,1,4,5,13,20,40,117,56,13,2,4,127,65,9,19,7,1,0,20,80,22,0,2,5,2,3,23
53,1,1,8,4,0,38,117,14,8,2,0,0,13,96,70,2,35,32,1,0,19,44,2,0,14,54,24,12,15,17,0,22,9,27,108,6,0,18,53,117,88,14,5,0,0,22,74,38,117,82,0,0,1,22,22,0,29,86,45,36,18,21,2,7,6,12,62,27,67,42,3,117,21,6,6,1,12,62,117,45,11,1,0,0,2,117,117,2,1,0,2,12,29,92,19,5,17,6,1,8,99,61,3,91,53,1,0,0,11,40,63,86,8,0,0,0,2,27,91,5,0,0,1,1,36,83,19
1,0,1,0,2,28,116,82,16,0,5,1,0,4,76,116,3,0,2,14,69,82,20,16,102,1,0,3,47,27,1,30,24,3,4,35,31,16,30,36,116,14,0,1,9,4,19,102,36,4,2,15,103,106,9,12,108,19,4,3,20,51,5,42,16,79,50,26,68,8,0,1,116,106,37,9,14,3,7,31,37,7,54,82,67,9,7,47,43,101,96,23,8,5,1,3,85,64,20,14,21,3,0,3,25,35,32,55,72,4,7,16,40,8,29,11,8,1,9,98,5,10,23,1,0,0,10,44
3,16,15,9,45,73,19,0,6,44,120,41,28,45,2,0,71,120,37,4,8,13,1,4,26,32,0,0,10,72,53,12,26,120,42,5,24,29,15,1,16,85,92,40,91,55,4,8,105,56,23,30,49,31,5,36,9,28,48,76,65,61,22,2,39,120,27,35,42,4,0,0,9,14,31,120,113,29,0,1,120,26,17,49,14,3,0,27,19,21,76,62,3,0,1,10,3,43,22,42,22,0,0,0,0,0,13,120,60,0,0,0,47,5,6,85,28,0,0,23,22,0,0,0,0,0,3,29
3,0,5,48,14,1,3,20,12,0,0,11,12,1,32,109,21,0,0,0,0,2,45,109,4,0,0,0,63,109,19,16,0,0,4,37,22,8,32,9,9,2,0,56,95,11,31,54,109,9,0,2,10,27,53,109,26,5,3,0,109,109,9,17,28,15,4,2,16,54,103,71,46,14,4,61,88,23,19,44,84,20,4,16,31,79,92,28,39,23,3,0,48,109,29,9,27,94,27,4,17,9,2,6,37,29,3,8,102,95,5,4,19,13,1,2,49,87,90,11,74,64,4,0,1,10,25,16
0,0,0,3,42,27,0,1,101,21,0,1,29,23,3,12,129,37,0,0,0,0,0,18,32,26,0,0,0,0,0,11,14,0,0,0,52,108,8,12,129,39,0,0,13,30,5,25,129,47,0,0,0,0,0,31,53,26,0,0,0,0,1,19,16,29,19,5,37,107,14,12,129,103,14,0,0,7,6,55,129,43,0,0,0,5,19,53,25,12,0,0,0,19,90,29,24,48,24,3,9,11,34,74,25,104,18,0,0,17,129,28,17,26,0,0,0,105,129,14,1,0,1,0,0,66,129,6
32,9,7,113,105,0,0,4,113,56,10,16,12,0,6,64,10,13,90,49,1,8,32,18,0,26,113,24,0,10,20,0,7,0,3,89,113,35,29,7,52,3,12,79,37,0,33,113,65,43,11,2,0,7,76,96,4,59,70,3,0,8,23,1,31,27,9,28,15,25,56,17,19,13,23,113,28,32,24,11,113,61,14,11,1,4,29,105,18,42,31,1,0,6,64,53,8,8,5,6,14,35,48,10,6,13,5,4,14,105,83,7,75,31,1,0,0,11,44,96,38,2,0,0,0,5,44,62
7,7,7,1,2,12,49,116,12,12,0,1,91,116,26,17,58,116,44,2,41,51,0,1,5,58,61,49,57,25,0,0,19,29,31,8,21,12,22,52,40,18,8,21,116,49,9,11,116,63,9,4,11,3,2,69,12,6,7,86,56,1,9,37,6,3,7,5,8,16,102,97,62,85,30,13,47,14,28,43,61,116,108,33,2,0,1,24,4,1,30,51,4,0,11,43,14,29,59,16,0,1,15,22,116,88,22,0,0,0,3,36,76,27,29,21,0,0,4,69,1,0,20,73,36,33,9,11
1,1,13,57,19,6,21,20,2,5,2,87,118,35,20,2,33,93,15,6,18,11,15,5,5,38,62,40,4,0,0,0,9,8,2,5,8,14,105,62,22,14,7,53,118,93,42,24,118,93,12,12,16,8,1,50,27,25,23,86,28,0,0,5,107,25,5,3,1,0,8,31,62,31,21,110,113,14,2,12,118,66,6,23,24,3,0,30,70,26,14,74,15,0,0,9,114,21,10,0,2,1,0,19,72,8,1,5,118,30,2,11,118,53,0,1,27,5,0,18,67,31,5,17,16,2,0,11
1,0,0,0,13,44,99,20,6,0,0,0,6,2,42,60,1,0,0,3,17,13,0,2,12,15,0,0,28,43,4,2,10,8,29,65,6,38,112,32,112,39,12,6,1,7,48,112,30,3,0,1,21,108,14,10,70,60,0,0,13,48,8,3,3,20,100,81,6,12,56,6,57,82,62,8,12,80,55,9,56,29,19,2,10,112,59,14,112,105,1,0,0,9,3,4,1,1,4,1,9,57,112,21,52,12,17,3,7,26,103,112,40,79,90,4,4,10,42,43,70,69,22,0,0,1,50,21
4,47,118,46,16,22,1,1,50,118,59,11,15,16,1,6,20,51,1,1,31,113,62,6,43,42,0,0,2,71,71,4,10,52,41,38,102,67,3,5,118,40,15,35,43,29,5,36,17,33,85,118,85,54,17,2,65,118,55,8,1,7,15,4,4,5,20,118,82,11,0,0,118,27,14,55,18,1,0,27,35,15,72,60,1,0,3,19,2,55,51,4,0,0,1,6,0,0,7,118,54,0,0,0,43,5,5,93,40,0,0,22,32,0,0,0,1,0,3,41,8,0,0,0,0,0,1,10
0,0,0,33,45,80,48,1,25,33,8,6,13,33,32,9,8,40,98,40,4,0,0,0,33,54,32,13,1,0,0,7,8,9,1,90,121,36,10,3,107,121,12,7,18,4,2,19,20,85,76,78,11,0,0,3,11,2,9,82,30,0,0,23,15,11,12,69,90,65,23,15,121,45,5,18,13,6,2,95,106,36,24,81,11,0,0,23,1,1,13,121,23,0,0,1,35,15,15,83,78,3,0,8,121,35,5,28,34,2,0,28,121,31,10,21,2,0,0,32,3,2,7,113,34,0,0,1
5,0,0,4,120,100,8,11,113,31,2,6,64,52,14,68,44,14,2,10,120,82,17,29,0,0,0,8,46,10,0,0,15,5,1,6,83,120,53,8,120,120,44,25,36,26,7,22,21,35,97,120,18,28,8,11,0,0,12,20,4,2,0,0,26,32,71,13,12,44,14,3,120,69,53,6,0,3,2,76,50,10,29,87,6,2,11,69,0,0,3,11,0,0,0,0,60,93,99,1,0,0,0,0,27,51,120,28,12,1,0,12,16,6,11,11,6,0,4,28,0,0,0,0,0,0,0,0
70,105,9,22,121,18,0,0,94,107,8,73,51,1,0,4,1,17,137,137,107,8,3,3,14,137,137,27,1,0,6,9,137,52,3,10,87,24,1,9,82,22,1,6,0,0,0,22,26,6,85,41,1,0,0,14,27,28,87,26,5,0,0,3,106,93,21,26,53,6,0,3,46,34,9,0,0,0,0,3,46,23,1,0,0,0,0,3,16,6,3,25,7,0,0,2,3,51,66,24,9,2,3,0,2,18,50,10,1,13,13,0,13,17,7,0,0,19,57,2,4,2,0,4,3,28,83,2
8,26,66,72,13,12,22,11,22,114,10,6,2,7,6,5,0,8,2,0,2,13,6,0,0,0,0,0,0,0,0,0,24,18,64,74,17,34,98,76,56,68,9,13,6,34,114,114,101,42,18,4,2,39,80,33,6,12,28,32,14,2,1,1,0,1,90,114,64,28,32,5,67,20,17,82,58,15,52,46,114,29,5,2,0,4,78,114,8,5,12,23,19,52,102,38,0,2,15,15,28,50,73,1,5,2,10,35,47,72,41,11,19,25,8,2,0,3,105,98,39,26,15,15,3,17,69,42
72,0,0,3,14,18,23,67,26,14,1,9,115,115,31,22,97,72,32,32,51,45,16,53,1,1,16,34,51,31,5,3,24,4,2,1,11,51,73,78,77,44,55,11,27,108,40,13,115,89,61,62,6,6,4,70,3,1,28,72,3,1,3,10,109,49,14,20,13,5,3,16,107,115,115,9,3,1,0,6,57,46,115,33,20,3,3,45,4,0,1,3,1,0,3,13,58,37,55,36,7,5,1,8,115,37,8,3,6,13,11,77,6,5,7,13,35,42,17,10,0,0,0,0,1,0,0,0
85,10,4,2,0,0,22,104,37,5,0,0,1,20,101,100,21,26,19,2,8,44,28,26,5,31,21,1,2,63,14,2,15,32,47,19,10,15,10,18,34,11,0,0,1,28,101,83,84,28,2,0,0,21,84,104,31,113,24,0,1,22,6,3,0,4,31,28,100,48,4,0,18,84,50,7,15,32,32,8,113,58,10,2,1,2,24,72,72,48,2,0,0,11,62,113,1,50,98,33,32,9,0,0,0,90,113,48,6,0,0,0,4,13,43,98,51,9,22,17,2,28,45,10,5,15,81,83
0,0,0,8,29,63,76,3,1,1,8,34,49,26,45,17,78,72,30,17,5,0,0,10,84,73,42,3,0,0,3,34,0,0,4,111,65,21,24,0,24,8,26,50,8,11,37,68,111,77,16,1,0,0,0,50,50,41,16,15,2,2,20,49,1,0,4,111,111,80,3,1,30,74,99,57,11,7,3,7,86,97,101,21,0,0,4,23,18,7,14,35,4,1,36,62,11,1,9,56,51,99,8,7,111,77,14,6,3,8,6,27,36,63,104,67,0,0,0,10,1,2,83,93,0,0,7,12
120,31,1,0,0,0,23,118,42,48,22,0,0,0,44,113,11,31,28,3,1,9,22,29,16,24,5,3,2,12,60,33,92,25,11,8,2,5,38,120,120,72,0,0,0,0,37,120,45,55,22,13,10,32,41,33,0,0,11,16,45,92,40,5,61,32,41,55,6,0,0,22,120,30,3,0,0,0,36,120,51,14,2,0,2,33,120,108,8,20,56,8,17,54,18,4,2,9,57,62,15,7,0,1,28,31,17,2,3,17,46,34,59,6,0,0,0,1,55,120,17,21,13,0,0,37,46,34
12,15,12,51,57,13,11,11,125,97,14,2,0,0,4,68,125,59,47,15,0,0,0,63,18,7,48,28,0,0,1,72,32,51,25,46,54,5,0,0,125,125,49,1,0,0,0,21,96,125,71,10,3,0,4,39,23,9,23,21,6,2,15,33,33,27,39,34,11,5,14,20,125,75,13,0,0,0,3,99,33,23,24,13,8,19,81,97,8,1,1,8,17,45,77,47,30,14,18,6,0,3,22,75,125,58,6,0,0,0,4,61,18,20,27,37,4,8,44,30,0,0,18,72,9,20,47,11
0,0,0,0,0,0,0,0,0,0,0,0,0,0,0,9,11,1,0,0,0,0,6,61,42,39,22,25,0,0,1,10,0,0,0,3,4,0,0,2,13,4,2,34,39,3,14,71,133,18,1,2,2,0,14,133,133,30,1,0,0,0,0,47,40,0,0,7,4,0,2,133,31,29,25,119,37,3,11,72,133,84,15,16,2,0,3,53,133,1,0,0,0,0,0,78,73,35,0,0,0,0,6,133,53,40,3,8,3,3,21,122,45,7,2,7,14,5,28,133,91,0,0,0,0,0,3,133
0,0,0,0,4,106,121,21,16,3,6,3,16,92,70,37,67,82,70,7,2,4,6,59,31,99,121,22,2,0,0,16,11,3,0,0,1,84,110,12,109,30,0,0,0,13,49,45,105,21,0,0,0,2,29,121,62,10,4,9,10,7,22,121,14,44,43,8,8,25,6,2,71,34,4,0,1,13,53,31,11,2,0,0,0,8,114,80,13,0,0,0,0,12,89,121,0,8,47,54,20,5,0,0,0,2,13,46,25,28,24,8,2,0,0,4,8,9,74,62,4,0,0,0,0,5,98,36
0,0,2,42,58,27,19,4,17,9,16,15,2,2,26,87,54,8,3,0,0,0,10,121,11,1,0,0,1,4,101,115,4,1,9,32,29,24,26,18,33,55,96,20,0,0,2,20,44,104,87,2,0,0,0,31,28,72,23,47,29,5,18,30,42,9,0,0,19,33,20,30,121,29,7,0,0,0,0,55,121,121,30,0,0,0,0,23,26,121,85,117,22,1,0,0,80,11,3,2,2,7,9,34,111,47,0,0,0,0,0,36,121,121,0,0,0,1,7,41,27,61,13,21,32,33,15,9
37,20,46,28,0,0,0,5,127,19,7,1,0,0,6,91,41,3,0,2,9,17,31,113,1,0,1,8,24,38,9,2,12,83,104,29,2,0,0,0,31,41,60,37,68,21,9,28,127,25,3,11,11,10,11,76,19,7,9,61,12,4,1,2,6,124,105,34,25,15,11,4,25,9,25,106,127,40,2,9,127,50,5,11,28,9,5,99,24,13,6,36,38,9,6,21,9,10,9,13,24,27,28,11,5,0,1,61,127,53,4,7,127,9,0,12,41,9,5,110,45,9,1,6,13,9,8,34
7,8,0,1,19,13,5,0,92,122,3,0,6,6,18,18,27,101,62,51,7,7,11,13,0,4,88,90,28,8,1,0,22,22,5,26,21,1,0,2,122,114,2,2,2,1,8,37,70,43,12,11,10,17,33,26,19,18,28,55,96,8,5,12,7,2,20,70,28,1,1,9,61,7,47,21,4,3,66,122,15,5,17,5,0,11,122,122,8,1,3,5,37,36,122,76,0,13,72,51,1,0,0,0,3,23,122,64,1,1,7,6,4,43,122,43,1,1,23,19,2,8,82,66,3,3,39,19
0,0,0,1,46,33,2,0,1,7,17,5,13,48,5,0,0,5,85,9,4,15,22,0,68,8,45,9,0,1,16,32,8,6,4,68,124,22,1,1,83,124,57,10,22,13,3,11,10,70,124,17,1,1,2,5,35,16,124,88,21,7,1,4,10,4,6,81,124,12,1,4,124,48,5,23,38,1,1,77,64,44,43,8,5,7,12,38,1,1,17,51,113,39,7,2,8,4,6,77,88,15,3,7,124,25,2,33,55,6,4,46,64,26,11,2,2,61,59,43,0,0,4,15,47,124,33,0
20,5,0,1,5,44,63,4,0,0,2,44,104,78,53,2,0,16,53,67,70,10,0,0,0,13,81,42,1,0,0,0,19,1,0,0,5,120,120,11,120,55,26,4,7,43,91,27,21,89,120,22,11,4,1,1,8,36,75,120,5,0,0,1,51,1,0,13,27,19,9,13,120,21,3,1,0,0,2,88,63,14,14,10,13,19,14,43,14,4,3,43,20,34,56,30,13,3,8,18,7,0,0,3,98,4,6,7,1,0,19,105,18,1,1,0,2,78,111,72,2,21,7,0,1,68,120,9
9,14,19,17,35,36,31,12,23,2,2,34,142,97,5,15,142,30,2,4,25,14,7,116,19,6,2,9,35,18,8,22,2,3,6,15,28,45,142,36,38,5,0,34,142,142,48,7,142,55,2,4,26,13,5,69,28,13,3,12,11,5,8,24,5,14,12,0,0,18,142,54,30,68,20,2,18,93,59,12,142,90,4,0,2,6,3,53,60,7,0,0,0,0,6,32,2,16,14,0,0,0,1,2,5,47,11,0,0,0,0,0,45,37,2,0,0,0,0,0,28,3,0,0,0,0,0,0
0,148,106,0,0,0,0,0,5,148,148,0,0,0,0,0,35,148,148,0,0,0,0,0,6,119,148,3,2,0,0,0,0,148,141,0,0,0,0,0,47,141,45,0,0,0,0,4,148,54,5,0,0,0,0,5,38,12,5,1,12,5,1,4,0,24,9,0,0,0,0,0,21,2,0,0,0,0,0,1,89,0,0,0,0,0,0,1,14,0,0,0,5,1,0,1,0,0,0,0,0,0,0,0,0,0,0,0,0,0,0,0,0,0,0,0,0,0,0,0,0,0,0,0,0,0,0,0
0,0,0,27,199,188,0,0,12,53,20,8,29,21,1,0,1,33,59,6,0,0,0,0,0,1,2,0,0,0,0,0,10,3,0,177,199,28,0,1,139,103,16,11,25,5,0,11,19,49,58,37,1,0,0,1,1,6,4,0,0,0,0,0,5,0,0,67,199,26,0,3,74,5,0,2,26,4,0,23,10,2,1,4,0,0,0,1,0,0,0,0,0,0,0,0,0,0,0,31,106,0,0,0,0,0,0,0,1,0,0,0,0,0,0,0,0,0,0,0,0,0,0,0,0,0,0,0
2,4,0,1,1,0,0,0,6,59,30,0,0,0,0,0,0,20,107,15,0,0,1,0,0,103,70,2,0,0,1,0,30,10,0,0,3,3,0,1,146,146,61,2,0,0,0,9,21,65,146,55,0,0,0,1,0,146,114,7,0,0,0,0,34,10,0,0,0,0,0,5,146,57,4,0,0,0,0,66,118,37,55,46,0,0,0,21,3,50,28,13,7,4,0,0,14,123,0,0,0,0,0,0,116,146,0,0,0,0,0,3,52,90,16,21,1,0,0,1,0,2,7,23,24,7,0,0
154,9,0,1,50,6,0,2,77,1,0,3,154,3,0,14,154,0,0,2,32,1,0,55,21,0,0,4,101,26,0,3,83,17,0,1,39,1,0,0,59,13,6,11,154,8,0,8,154,28,6,3,41,15,5,64,32,0,0,2,121,119,7,12,0,0,0,0,5,0,0,0,7,36,41,15,68,2,0,0,74,95,78,28,68,47,10,9,6,0,0,4,50,144,25,8,0,0,0,0,0,0,0,0,0,0,1,0,0,0,0,0,0,1,5,6,47,9,0,0,0,0,0,2,51,33,23,3
50,33,24,3,0,0,0,2,49,10,0,0,0,1,5,6,0,0,0,0,0,0,1,0,0,0,0,0,0,0,0,0,49,145,26,8,6,0,0,3,68,48,10,9,75,95,79,27,67,2,0,0,7,36,42,15,5,0,0,0,0,0,0,0,120,119,7,12,33,0,0,2,41,15,5,62,155,28,6,3,155,10,0,8,58,13,6,10,39,1,0,0,81,17,0,1,99,26,0,3,22,0,0,4,33,2,0,53,155,0,0,1,155,4,0,13,77,2,0,2,49,6,0,2,155,11,0,0
112,14,0,0,0,0,2,95,53,13,0,0,0,6,9,132,12,2,1,0,1,29,20,47,21,1,1,8,1,0,2,54,57,5,1,0,0,1,13,90,132,22,0,0,3,1,3,111,41,11,0,2,44,35,12,40,42,0,0,0,1,5,22,97,96,0,0,0,2,1,5,53,132,25,2,6,6,0,0,54,50,16,5,82,99,16,4,21,4,0,0,16,17,10,47,98,53,6,4,25,5,0,2,20,132,7,0,2,1,0,4,132,32,6,2,63,80,10,23,115,4,1,0,22,120,51,34,21
67,14,17,13,5,5,8,14,133,6,0,0,6,7,10,74,8,0,0,1,32,36,12,17,0,0,1,18,35,22,1,0,36,1,1,133,16,2,8,56,133,8,1,8,0,0,2,111,37,3,0,2,30,21,3,9,0,0,0,5,23,96,7,2,8,9,27,133,31,0,0,5,133,109,52,68,3,0,0,17,27,16,1,14,71,46,0,0,25,15,0,2,74,133,13,2,0,0,9,99,60,2,8,13,2,29,25,33,33,14,2,0,1,4,0,0,133,94,0,0,84,47,0,0,106,83,1,0
14,0,0,2,112,78,8,11,47,4,0,0,0,3,6,33,130,43,0,0,0,0,0,21,49,32,1,0,8,11,2,8,40,8,0,25,130,21,0,2,105,8,0,0,0,0,2,16,130,68,1,1,0,0,0,7,46,31,4,20,51,17,0,1,11,14,6,130,130,0,0,0,67,12,3,10,5,0,1,13,130,25,1,1,1,0,1,105,40,13,3,33,76,5,5,40,0,0,1,130,130,0,0,0,8,0,1,35,48,3,3,12,70,0,0,0,1,1,4,130,23,0,0,1,32,26,16,122
38,21,4,15,17,0,0,1,151,116,9,0,0,0,0,0,53,151,38,12,1,1,1,0,3,9,79,64,10,20,13,2,44,10,2,10,33,3,0,6,151,57,0,0,0,0,0,22,141,74,12,2,0,2,25,24,5,11,72,25,0,3,64,22,26,2,0,1,26,28,4,13,151,14,0,0,0,6,3,59,112,7,10,13,8,16,37,22,1,4,38,16,3,13,95,30,31,36,2,2,28,24,0,1,151,147,0,0,4,5,1,3,79,25,9,5,6,8,8,15,17,12,48,25,3,0,0,2
0,0,0,0,0,0,0,0,0,0,0,0,0,0,0,0,0,1,5,11,2,0,0,0,0,27,22,3,0,0,0,0,25,26,0,0,0,0,0,0,130,25,4,14,7,2,0,15,33,10,41,130,64,20,6,4,0,81,96,19,4,17,32,1,85,120,3,0,0,0,0,0,130,130,4,3,5,15,10,29,34,11,47,35,71,115,24,16,0,43,103,4,6,33,53,2,121,100,0,0,0,0,0,16,130,121,14,2,1,1,0,9,18,57,130,19,7,4,1,1,0,70,130,3,1,4,6,0
13,53,68,54,18,0,0,4,31,74,37,2,7,9,9,30,30,29,36,15,3,2,14,43,39,44,27,26,6,0,0,0,15,4,10,113,92,1,0,8,31,6,10,30,51,30,12,35,113,30,6,6,5,6,16,67,56,35,24,19,1,21,45,21,1,5,33,113,113,4,0,0,9,33,113,106,15,0,0,0,84,81,113,53,4,9,14,15,8,29,57,34,5,51,71,12,39,24,8,10,90,59,2,6,37,104,106,11,0,0,0,1,5,89,113,79,31,2,0,0,6,55,70,71,26,2,0,0
0,2,22,46,21,12,44,27,50,0,3,63,98,33,5,44,118,15,6,0,3,3,14,118,4,9,12,0,0,4,64,19,69,0,0,2,17,21,102,118,34,8,8,26,118,103,15,47,118,37,6,3,8,13,13,118,28,7,0,0,0,1,42,23,118,83,14,13,8,0,5,60,48,42,73,70,43,5,10,61,85,118,58,8,2,1,6,19,18,9,0,0,0,0,14,9,64,86,34,45,8,1,2,6,21,17,74,39,6,1,10,76,8,13,33,4,0,0,33,74,4,2,5,1,0,0,32,25
0,0,0,7,124,124,0,0,49,11,9,32,81,17,0,9,124,21,2,0,0,0,2,113,38,5,0,0,0,0,46,124,0,0,2,58,124,77,2,0,25,11,8,52,51,12,3,12,124,48,3,1,0,0,1,68,54,28,9,0,0,0,12,51,0,0,15,124,113,2,0,0,13,15,10,122,48,1,0,2,124,73,7,9,1,0,0,38,56,28,2,0,2,13,13,26,0,0,1,37,124,39,11,2,3,3,5,54,49,32,4,1,75,10,4,5,1,4,7,50,38,2,1,4,2,9,14,36
46,0,0,0,6,6,3,27,153,0,0,0,0,0,0,78,153,3,0,0,1,1,1,67,13,1,0,4,17,19,37,12,72,0,0,2,16,4,0,30,153,2,0,0,0,0,0,35,153,2,0,0,2,1,0,44,17,0,3,17,25,6,0,5,83,1,0,51,29,0,0,11,153,37,0,0,0,0,0,6,153,34,0,0,0,0,0,5,23,3,6,11,2,1,0,1,55,1,0,129,85,0,0,2,153,23,0,1,1,0,0,5,153,48,5,0,0,0,0,1,12,10,36,5,0,3,0,1
10,124,116,8,2,0,0,0,7,21,110,65,68,7,0,2,109,42,5,7,23,5,2,40,21,11,3,16,11,15,5,9,63,60,31,5,22,26,10,16,21,6,15,22,127,127,3,9,127,67,3,4,38,22,0,39,19,15,4,20,26,7,1,6,13,3,0,0,19,39,127,105,48,9,0,0,127,127,55,11,127,43,0,0,15,12,1,34,17,3,0,2,9,7,1,8,6,1,0,0,0,6,79,50,43,51,5,0,1,39,35,9,127,44,0,0,0,1,0,19,15,1,0,0,0,0,0,6
0,0,0,24,45,0,0,0,4,10,1,38,130,30,0,0,18,87,98,11,13,13,0,0,6,21,130,33,1,0,0,1,3,1,2,30,33,0,0,5,33,12,3,104,130,1,0,4,130,103,37,11,18,0,0,26,31,30,96,44,50,3,0,3,20,5,2,11,9,2,1,12,26,7,5,121,130,16,2,9,130,28,2,23,38,6,19,67,36,12,3,8,40,122,56,21,5,2,0,0,2,3,4,23,7,4,3,44,118,20,5,16,38,2,2,37,45,21,50,45,2,0,0,0,10,96,92,13
5,6,0,0,0,0,8,2,92,113,2,0,0,0,42,42,29,82,67,37,10,13,21,22,0,0,60,122,33,9,0,0,21,23,7,3,0,0,0,1,122,122,3,0,0,0,5,36,65,57,42,14,0,0,34,42,3,4,39,103,93,9,7,11,8,3,22,52,6,0,0,6,72,10,47,21,2,0,45,122,11,7,17,3,0,0,122,122,1,1,3,7,48,47,122,54,0,6,78,39,0,0,0,0,0,14,122,41,0,0,4,5,0,32,122,29,0,0,20,19,0,8,81,51,2,4,35,11
0,0,0,0,17,7,0,0,0,8,22,8,8,5,0,0,5,17,92,5,0,0,0,3,121,20,32,1,0,0,0,43,5,5,1,63,112,12,0,0,71,121,61,11,18,7,0,5,15,103,121,21,4,0,0,2,45,24,110,51,32,4,7,17,6,2,4,116,113,0,0,2,121,32,6,35,28,0,0,62,112,35,23,16,16,7,2,31,0,1,6,47,121,41,5,1,7,2,5,81,54,3,1,6,93,4,3,61,63,1,1,43,76,5,0,1,4,63,55,70,0,0,0,2,55,121,13,0
1,0,1,6,0,1,128,128,3,0,0,0,0,0,45,128,0,0,0,0,0,0,4,13,0,0,0,0,0,0,0,0,6,0,23,84,0,0,9,40,47,5,8,8,0,0,22,128,110,23,3,0,0,1,11,110,3,5,2,0,2,4,0,0,0,0,66,128,0,0,0,0,72,47,104,55,0,0,0,11,128,69,16,0,8,38,12,29,7,4,2,0,80,128,10,6,1,1,65,100,23,1,0,0,5,25,128,31,9,7,0,0,20,32,34,9,55,90,3,2,0,0,0,5,97,99,2,0
0,0,0,0,0,0,0,0,0,0,0,0,0,0,0,0,0,0,0,0,0,0,0,0,0,0,0,0,0,0,0,0,0,8,42,11,8,8,0,0,39,11,80,16,0,0,0,6,138,21,14,4,0,0,0,14,19,6,51,18,0,0,0,1,65,118,138,12,10,5,0,4,31,35,138,108,28,2,0,2,138,46,42,28,15,7,60,70,30,3,24,8,0,25,138,28,138,42,9,8,9,3,5,20,16,12,18,34,125,63,13,3,6,1,1,7,98,92,113,28,0,0,0,0,4,83,138,7
0,0,0,0,1,36,137,2,44,12,0,0,2,44,105,41,75,137,55,0,0,8,5,13,1,113,82,5,1,0,0,0,5,12,1,0,0,8,93,4,137,32,5,0,0,2,33,89,137,58,9,0,0,1,2,114,19,12,16,9,11,29,7,13,35,14,1,0,0,0,0,9,137,137,6,0,0,0,0,7,137,137,0,0,0,6,2,26,20,4,0,0,15,72,7,9,11,0,0,0,0,0,0,6,79,47,0,0,0,0,0,2,51,57,0,0,0,11,1,0,3,1,0,0,2,44,7,2
6,1,0,1,0,0,0,0,92,88,17,0,0,0,0,15,48,141,91,0,0,0,0,10,30,92,9,4,12,5,1,0,3,0,0,1,1,3,2,2,141,16,1,0,0,0,0,120,141,59,25,0,0,0,0,136,16,24,26,26,24,0,0,1,1,2,5,2,0,0,0,0,141,68,0,0,0,0,0,12,141,141,2,0,1,0,0,18,26,18,7,18,46,11,0,0,1,3,30,34,7,0,0,0,141,66,2,8,2,0,0,0,141,75,0,0,1,2,4,7,9,2,1,6,37,15,4,2
62,18,0,0,73,15,0,1,129,1,0,0,49,11,1,9,46,0,0,0,81,60,2,5,1,1,0,1,129,118,1,0,45,19,1,2,117,23,0,1,129,8,1,1,59,19,1,11,48,0,0,2,129,113,2,3,7,37,15,17,129,106,0,0,3,10,14,5,40,7,0,0,84,52,36,9,36,44,12,7,12,0,3,18,85,129,23,4,0,37,83,54,65,17,4,0,0,0,1,0,0,0,0,0,0,2,6,3,29,32,2,0,0,0,0,1,15,67,75,1,0,1,7,3,0,56,125,0
11,131,14,0,0,2,0,0,62,22,2,0,0,3,2,10,11,0,0,0,3,25,8,8,3,0,0,0,0,0,0,3,18,79,14,0,0,11,27,16,126,80,8,17,14,6,6,19,47,10,4,81,91,49,12,34,72,0,0,14,34,3,2,59,80,1,0,0,29,90,64,85,131,14,1,13,6,0,7,96,41,3,2,131,109,0,0,15,90,0,1,56,49,0,0,66,104,1,1,1,75,37,2,39,131,1,0,0,0,0,0,104,53,9,2,77,43,0,0,12,33,0,0,85,64,0,0,34
0,0,0,1,15,4,0,0,0,0,0,26,99,34,1,0,1,2,18,104,87,8,1,1,39,4,23,44,9,0,0,42,15,0,0,1,60,59,16,36,16,2,2,11,118,118,7,9,118,41,69,71,20,20,7,23,13,10,104,118,8,0,0,6,81,0,2,13,30,20,12,74,10,11,73,113,117,13,0,1,118,48,71,37,7,1,0,47,35,4,20,105,73,4,4,57,118,15,2,4,0,0,1,73,17,19,59,35,0,0,0,8,7,9,81,79,1,0,0,6,24,10,11,29,37,1,1,15
15,0,0,12,20,10,21,36,0,0,0,3,4,11,100,59,0,0,0,14,23,16,55,26,0,0,0,116,116,6,1,4,54,3,6,74,29,4,18,76,6,0,0,56,116,43,84,33,116,11,0,2,9,9,75,106,34,25,16,89,61,0,1,11,10,0,0,9,13,9,116,116,16,14,6,38,116,38,83,59,116,92,7,12,16,2,2,18,79,47,11,24,4,0,0,3,2,0,0,61,28,4,37,40,57,5,1,3,3,3,36,116,95,22,1,0,0,0,0,46,15,2,0,0,0,0,0,4
10,5,4,73,122,25,22,18,118,43,3,4,1,5,25,38,96,122,3,0,0,0,0,13,8,43,34,1,0,0,2,3,7,7,6,52,122,76,4,5,122,24,5,6,4,3,1,50,122,19,0,0,0,0,2,90,27,4,2,0,0,1,22,38,28,2,0,4,122,83,5,9,122,32,0,0,0,1,1,21,122,92,0,1,6,7,0,8,30,6,0,0,8,18,13,31,16,8,4,72,120,3,0,0,122,28,1,1,0,0,0,14,122,57,3,12,33,4,0,17,6,0,0,8,48,16,8,31
13,42,22,2,1,41,66,42,22,15,16,21,12,5,43,98,29,68,24,12,12,9,11,23,3,6,8,26,55,57,10,5,22,21,23,20,22,116,55,35,116,51,7,1,4,16,33,116,43,4,0,1,35,90,60,31,3,7,6,24,37,116,43,4,9,62,103,66,32,16,1,0,92,103,33,10,13,31,82,34,26,107,30,5,21,74,61,18,6,46,33,50,27,16,3,0,15,40,19,45,46,3,0,0,14,76,92,51,15,11,13,4,59,116,36,12,1,0,5,11,5,12,17,92,74,10,0,3
18,0,0,4,87,17,26,96,14,1,0,14,123,19,12,28,22,14,25,38,74,9,9,32,0,1,16,14,11,0,0,0,0,0,0,1,22,31,72,123,36,7,0,8,123,110,43,26,123,70,52,6,15,7,2,60,13,12,38,2,0,0,0,12,1,0,0,1,26,112,64,14,91,69,3,1,13,68,65,30,123,123,21,3,3,3,1,39,14,18,13,7,5,1,0,13,13,19,14,3,15,58,16,5,123,60,38,2,2,3,3,33,123,43,8,3,4,6,9,118,5,3,5,7,14,17,6,11
3,0,0,0,32,63,74,81,98,44,8,1,81,78,22,22,89,49,75,17,5,0,0,24,0,0,3,0,0,0,0,0,41,13,9,3,10,87,74,20,121,121,32,1,3,20,18,28,73,97,42,13,9,6,1,27,0,0,0,0,0,0,0,0,46,118,100,8,3,8,3,3,121,69,52,15,3,1,4,103,50,17,11,15,17,33,12,54,0,0,0,1,1,2,0,0,49,121,78,24,30,4,1,3,97,21,43,58,117,13,1,34,105,17,9,16,7,2,1,35,0,0,0,2,1,0,0,0
39,0,0,0,3,44,52,102,114,20,0,0,0,0,2,114,105,59,0,0,0,0,3,13,39,28,4,1,0,0,6,23,131,0,0,0,19,12,4,32,143,9,0,0,0,0,0,53,81,12,0,4,11,16,54,42,7,0,0,4,2,3,108,110,143,24,0,17,25,1,0,4,143,57,0,0,0,0,0,2,54,6,5,25,19,8,5,3,0,0,7,42,21,22,46,22,135,36,0,45,55,0,0,1,143,94,6,0,0,0,0,0,19,14,21,24,26,9,0,0,6,8,3,25,67,61,23,7
0,0,25,49,2,2,11,5,0,3,128,128,5,3,4,0,0,27,66,19,0,0,0,0,0,4,0,0,0,0,0,0,2,0,3,13,7,74,128,29,69,6,54,84,8,10,106,81,19,85,116,38,0,0,0,3,1,46,9,2,2,3,0,0,37,42,0,0,6,97,48,15,128,108,5,0,0,0,19,44,63,88,39,3,0,0,0,5,2,79,78,4,1,1,0,0,32,128,3,0,1,6,0,0,94,128,6,0,0,1,2,3,33,119,31,0,0,0,3,20,8,67,41,5,2,0,0,2
0,1,3,8,29,21,23,0,1,15,12,37,30,14,6,1,12,123,48,10,1,0,0,4,3,111,76,0,0,0,2,1,18,0,0,0,2,37,138,31,138,128,30,0,2,13,35,53,26,138,132,4,2,3,0,2,0,59,54,2,2,27,5,0,68,44,0,0,0,1,37,21,138,106,1,0,0,0,3,62,94,23,12,3,9,66,10,24,0,5,2,1,4,90,20,0,67,34,0,0,0,0,0,2,138,128,0,0,0,5,1,1,24,11,0,0,5,64,10,3,3,6,1,0,3,19,8,2
3,2,0,9,66,62,52,1,12,14,0,2,70,62,21,9,18,31,9,8,2,3,31,98,1,0,2,19,27,117,118,62,16,2,0,29,84,101,115,16,104,78,2,0,8,33,30,21,23,85,37,22,3,0,1,6,0,4,13,118,117,18,5,0,29,4,2,52,118,32,3,11,118,21,0,1,2,1,2,63,54,13,4,2,1,1,8,62,11,1,2,96,107,1,1,15,24,1,0,45,118,20,1,5,118,24,0,4,6,2,1,22,30,8,0,3,22,15,15,49,5,0,0,16,22,9,16,51
6,3,0,3,126,126,2,1,105,61,0,1,10,20,3,4,123,58,0,0,0,0,1,14,39,4,4,2,5,0,0,19,17,9,1,38,126,16,0,1,126,116,2,4,9,2,0,11,51,59,2,2,28,28,10,22,55,0,0,0,6,6,7,58,14,0,0,6,126,82,1,9,126,7,0,0,12,19,14,112,37,9,2,1,19,117,44,56,58,13,0,0,2,10,14,84,11,4,0,0,32,102,7,2,94,45,3,0,3,7,5,31,20,102,48,2,4,23,8,11,26,77,27,5,16,9,0,6
1,0,0,0,0,0,0,0,38,0,0,0,0,0,0,22,23,1,9,11,13,4,9,62,4,3,66,30,8,2,23,26,12,0,0,53,81,0,0,1,125,7,0,14,38,1,0,34,80,1,3,2,20,35,72,107,6,2,37,10,2,6,114,125,25,9,3,73,125,11,2,15,125,75,4,21,67,2,0,4,46,6,3,85,90,30,28,14,0,0,0,68,39,11,112,125,15,5,2,43,85,61,11,15,102,35,0,2,18,8,0,27,46,16,11,63,21,3,2,5,0,0,2,104,125,20,8,3
3,2,3,23,75,24,0,0,25,17,2,11,123,30,0,3,131,94,2,1,5,1,0,16,74,20,7,4,2,3,6,19,0,0,1,23,95,64,9,0,60,18,21,29,126,34,2,19,131,77,8,2,3,9,4,63,33,14,3,3,23,79,58,21,8,30,7,4,23,84,8,0,39,129,131,30,21,13,0,2,118,131,90,7,10,9,1,19,14,12,4,32,89,40,10,8,31,32,25,45,7,4,0,0,122,62,27,2,2,3,1,12,4,16,24,3,30,31,1,2,15,5,1,4,33,43,1,2
4,10,9,93,56,0,0,0,139,8,1,19,18,0,0,36,139,22,3,0,0,0,6,71,11,7,27,2,0,10,47,11,7,2,1,22,139,37,0,1,88,3,0,6,74,13,2,55,139,8,0,0,0,0,3,113,44,15,22,6,0,4,13,14,0,0,0,11,136,40,0,0,90,53,4,10,57,7,0,4,139,104,1,0,0,0,0,9,64,17,5,1,0,2,6,24,0,0,0,19,109,22,0,0,109,22,4,8,33,10,3,30,139,50,2,0,0,5,2,38,11,9,3,0,7,52,34,8
0,1,13,56,32,2,23,10,3,73,119,88,26,3,13,9,4,80,119,26,2,0,7,18,0,58,119,16,2,0,0,0,0,3,5,4,1,12,66,42,12,12,15,13,9,91,115,43,116,26,10,7,2,12,51,119,24,31,24,9,10,29,25,14,1,39,119,51,21,5,11,10,13,33,91,101,33,30,14,6,119,78,28,6,3,19,31,50,13,12,15,6,5,65,52,10,0,11,47,47,116,3,0,0,2,17,54,53,51,0,0,0,13,92,67,24,4,2,11,14,6,48,43,33,34,6,3,2
3,2,3,16,67,34,35,22,30,37,30,56,55,15,2,3,29,42,90,122,34,15,5,4,49,62,31,6,29,25,4,2,23,2,0,0,10,24,56,36,123,51,12,15,9,8,7,18,10,25,69,55,39,22,10,3,0,16,25,7,116,126,13,1,37,57,15,0,1,8,17,18,108,42,27,6,2,4,19,51,5,2,6,6,118,83,26,18,2,2,0,0,126,126,7,0,38,62,20,1,0,0,19,70,7,29,69,25,1,2,41,57,0,0,26,30,126,63,14,6,12,12,1,6,126,64,0,0
7,10,2,9,101,51,6,0,30,81,70,21,20,6,0,0,14,33,46,33,0,0,3,12,23,30,22,0,0,2,9,29,50,13,6,6,24,19,20,17,132,53,33,35,6,0,0,5,25,33,69,112,28,0,0,1,24,93,56,6,3,3,5,6,37,50,28,4,0,0,23,11,132,26,17,8,8,2,21,41,48,4,1,37,87,27,29,19,22,6,0,3,6,36,90,20,0,5,4,1,0,0,117,58,20,3,2,1,0,6,132,132,3,0,0,1,9,130,132,21,0,0,2,1,1,107,132,8
0,0,31,74,3,3,13,1,0,4,127,127,3,2,2,0,0,35,75,12,0,0,0,0,0,6,0,0,0,0,0,0,2,0,3,17,5,55,127,24,57,8,62,60,5,8,70,73,15,90,127,13,0,0,0,1,1,52,16,1,0,0,0,0,50,29,0,0,3,73,64,26,127,81,2,0,0,0,14,53,66,103,27,0,0,0,0,1,0,87,71,0,0,0,0,0,49,127,0,0,0,6,1,0,122,127,1,0,0,0,0,1,36,127,16,0,0,0,0,9,8,86,37,2,0,0,0,1
63,11,4,3,2,2,29,92,28,16,45,47,52,22,32,63,0,0,9,40,111,30,14,1,0,0,0,0,0,0,0,0,26,0,0,31,47,5,20,115,149,39,34,16,20,13,31,137,19,19,116,64,42,11,2,1,0,0,0,0,0,0,0,0,42,2,9,149,92,1,1,20,149,22,7,16,10,1,0,48,71,12,21,14,15,5,0,3,0,0,0,0,0,0,0,0,15,2,4,77,149,30,1,2,149,8,2,14,31,4,2,98,64,6,8,3,0,0,7,50,0,0,0,0,0,0,0,0
25,3,2,29,110,12,0,16,141,9,0,0,9,1,1,114,89,11,11,18,10,8,9,30,1,5,12,55,44,10,0,0,28,9,0,18,141,12,0,3,141,70,0,2,11,1,1,29,122,19,1,3,7,39,55,26,6,2,2,18,39,28,62,16,18,35,45,22,98,25,0,3,141,110,50,4,8,4,2,44,55,14,3,17,73,77,43,24,30,38,6,7,12,21,61,41,57,91,37,5,4,6,0,2,29,103,66,2,14,7,0,2,13,14,5,14,61,29,0,1,61,84,25,6,6,2,0,2
0,0,7,40,58,22,3,2,40,2,0,22,34,4,18,105,53,13,14,22,42,11,14,100,0,1,6,13,39,6,2,0,5,14,49,86,33,1,0,0,52,2,7,142,109,3,5,40,142,49,18,13,8,1,3,57,20,16,16,5,2,0,0,0,57,21,23,35,22,13,5,21,44,5,9,138,142,42,2,7,142,23,1,15,26,4,0,62,36,5,0,0,0,0,0,8,23,13,5,2,36,21,2,8,10,0,0,0,142,91,2,11,142,0,0,0,24,15,2,129,14,0,0,0,0,0,0,16
22,0,0,3,49,68,12,40,90,7,0,0,0,3,14,134,9,1,0,0,0,0,18,71,0,0,0,0,0,0,3,8,56,4,0,3,105,57,6,20,134,84,14,9,6,5,5,65,15,19,15,27,56,35,55,81,0,0,0,0,2,6,38,61,89,62,0,3,134,53,3,15,134,134,23,21,14,26,8,48,12,4,7,25,80,134,14,13,0,0,0,0,3,10,6,5,71,134,4,3,62,21,0,0,45,134,39,25,4,1,0,0,0,1,9,20,10,4,0,0,0,0,0,0,0,0,0,0
26,58,56,18,0,0,6,4,5,16,127,55,8,11,17,4,41,64,38,42,8,4,16,62,17,125,32,2,1,2,28,30,6,23,6,3,0,47,148,62,40,8,7,7,6,87,148,40,148,148,29,10,6,18,52,65,20,135,47,2,9,51,2,3,0,0,0,0,0,36,114,23,101,10,0,0,0,26,86,25,148,47,0,0,0,12,10,33,29,9,0,0,2,49,6,6,0,0,0,0,0,0,0,0,1,0,0,0,0,0,0,0,4,0,0,0,0,0,0,0,0,0,0,0,0,0,0,0
21,3,4,9,33,54,5,5,44,38,7,38,60,14,0,0,144,144,24,9,0,0,0,4,8,16,53,46,15,3,4,6,29,12,36,66,29,14,0,6,84,14,21,75,120,16,0,16,144,47,7,5,9,4,1,77,27,7,18,46,67,18,2,8,70,2,4,27,58,17,6,42,79,25,6,15,144,28,0,2,144,68,2,2,10,10,17,23,34,5,4,20,27,27,60,18,27,22,33,53,20,31,10,21,37,107,60,15,44,24,1,0,96,90,33,5,26,18,9,7,22,45,10,5,18,19,35,16
0,0,0,10,73,5,0,0,43,86,5,16,106,21,3,2,116,116,0,0,0,1,3,13,42,32,3,3,9,10,16,46,5,0,0,5,116,116,4,2,116,116,6,10,93,41,2,17,43,110,7,3,34,37,10,10,3,1,0,2,12,57,98,41,21,5,1,24,116,101,12,9,116,15,1,8,33,22,9,87,40,12,8,14,39,37,26,49,5,14,38,66,26,23,17,1,11,7,8,61,80,5,0,1,91,34,6,27,17,0,1,20,68,50,7,2,1,3,5,22,11,8,18,21,26,92,1,1
3,14,9,12,5,26,65,12,2,16,34,5,3,34,30,6,42,55,25,4,2,10,5,7,9,20,2,2,0,0,0,0,4,12,6,15,11,137,109,24,30,14,7,0,1,32,137,73,137,47,2,3,3,12,28,30,33,23,3,14,18,0,0,1,13,126,21,0,2,89,36,6,47,78,54,10,16,31,35,35,137,24,3,2,9,17,42,137,22,5,0,3,38,8,10,59,60,56,8,0,2,20,6,11,8,13,5,3,65,137,27,10,7,0,0,0,12,81,84,137,2,0,0,0,2,1,6,102
0,0,0,0,0,0,0,0,12,6,1,0,0,0,0,0,5,4,8,0,0,0,4,7,1,0,0,0,0,2,46,15,19,14,5,38,71,11,0,0,142,138,19,12,5,0,0,11,51,55,87,63,32,2,7,12,1,0,4,51,41,16,95,41,17,6,29,111,76,6,0,4,142,30,5,25,33,0,0,107,142,11,14,65,58,5,6,45,3,6,60,142,39,3,5,6,19,4,7,35,112,12,3,17,142,49,8,13,55,1,2,27,118,12,1,7,10,33,65,41,38,21,18,21,14,8,20,33
11,1,0,0,0,0,0,0,73,20,0,0,2,2,0,1,16,13,1,10,33,6,0,0,34,58,7,3,2,0,0,0,56,6,0,0,0,0,0,5,136,57,4,10,7,2,0,28,86,35,6,72,103,8,0,3,136,98,9,16,16,0,0,2,16,22,64,0,0,0,0,2,136,117,136,32,6,5,0,25,67,71,43,43,87,20,0,7,136,79,11,3,8,1,14,23,1,6,40,0,0,0,0,0,3,24,136,113,11,1,1,3,2,59,60,129,18,3,1,0,37,69,12,3,3,4,3,4
