0,0,0,0,36,248,43,0,13,10,1,0,90,248,6,1,17,43,16,5,8,14,0,0,0,5,11,18,13,2,0,0,2,0,0,0,42,248,30,0,83,17,0,0,12,81,5,6,47,23,1,2,0,0,0,1,2,7,14,28,4,0,0,0,6,0,0,6,49,87,2,2,98,2,0,1,6,7,0,32,66,14,0,0,0,0,0,18,10,15,8,1,1,2,3,2,1,0,1,27,39,3,0,0,55,3,1,8,9,1,1,29,87,11,0,0,1,0,0,15,4,1,0,0,5,2,1,1
4,0,0,0,13,18,2,3,162,28,0,0,5,10,1,16,162,14,0,0,0,0,0,18,5,0,0,0,0,0,1,7,19,9,0,0,29,28,0,1,162,98,0,0,7,5,0,7,162,33,0,0,0,0,0,12,15,2,0,0,0,0,0,3,17,10,1,0,3,11,0,3,162,14,0,0,1,1,0,86,162,2,0,0,0,0,0,64,27,1,0,0,0,0,0,8,5,1,0,0,0,1,0,0,162,2,0,0,0,0,0,81,162,0,0,0,0,0,0,112,30,0,0,0,0,0,0,17
124,0,0,0,0,0,0,114,123,0,0,0,0,0,0,75,26,0,0,0,0,0,0,19,0,0,0,0,0,2,0,0,143,1,0,0,0,0,1,99,143,4,0,0,0,0,0,44,54,1,0,0,0,3,14,13,6,0,0,0,0,6,21,6,143,143,3,0,0,0,0,28,143,139,29,7,0,0,0,6,19,6,8,16,10,19,23,6,36,5,0,0,1,8,26,15,37,143,60,0,0,0,0,0,6,142,66,39,10,0,0,0,0,2,12,85,60,3,0,0,55,24,3,9,8,1,1,3
3,0,0,0,15,63,132,25,101,0,0,0,7,21,28,104,28,0,0,0,0,1,8,70,0,0,0,2,75,19,8,8,34,25,34,1,0,16,117,27,132,21,2,0,0,3,16,74,105,20,0,0,0,0,1,25,4,13,16,33,46,4,1,2,8,46,132,1,0,0,0,0,132,70,32,0,0,0,0,6,132,27,0,0,0,0,0,7,40,132,35,10,1,0,0,0,3,29,58,0,0,0,0,0,46,57,42,0,0,0,0,1,117,132,5,0,0,0,0,4,62,132,16,0,0,0,0,0
39,44,15,3,2,3,1,2,7,31,91,12,0,0,0,1,1,63,130,2,0,0,0,0,0,5,101,85,75,1,0,0,22,46,30,3,0,0,1,5,33,24,26,0,0,0,12,40,109,62,55,1,0,0,0,22,15,21,59,72,152,11,0,0,0,1,3,2,3,0,0,1,61,7,0,0,0,0,3,10,152,34,0,0,1,2,0,7,46,12,3,11,152,118,1,1,0,0,0,15,7,0,0,0,66,9,0,0,0,0,0,0,152,18,0,0,10,18,4,11,16,1,0,0,152,152,3,3
0,125,132,0,0,0,0,0,32,132,132,0,0,0,0,0,113,131,132,16,0,0,0,1,29,50,132,106,0,0,2,8,2,11,18,0,0,0,1,6,81,13,2,0,0,0,0,12,132,24,0,0,0,1,11,53,43,14,8,1,0,3,100,74,8,7,9,17,2,0,0,6,61,43,0,0,0,0,1,14,126,28,0,0,1,17,17,39,3,0,0,0,3,31,79,24,1,0,2,123,34,2,2,1,17,6,2,12,8,5,34,52,39,6,0,0,0,5,26,91,5,0,0,0,1,9,6,6
2,0,0,0,0,15,113,72,6,0,0,1,26,64,113,29,14,44,23,11,38,19,8,10,13,113,12,0,0,0,0,2,10,10,0,0,13,88,113,14,113,28,0,0,0,12,103,73,70,21,6,0,0,3,88,74,19,32,3,0,0,0,81,111,33,57,1,0,16,37,1,0,80,59,0,0,19,40,31,12,22,1,0,0,11,61,113,50,26,6,1,0,0,0,104,113,42,73,0,0,1,4,1,1,10,24,2,4,112,43,2,0,59,2,0,0,69,58,27,55,107,29,15,0,0,0,2,48
1,1,41,74,0,0,1,4,1,0,32,58,1,0,16,37,113,14,10,10,0,0,13,88,113,74,2,0,0,0,0,14,2,0,9,24,2,4,113,44,31,12,79,59,0,0,19,40,103,72,113,29,0,0,0,12,113,29,7,0,0,1,25,63,27,55,61,2,0,0,67,58,113,51,22,1,0,0,10,60,87,74,71,21,6,0,0,3,8,10,14,43,23,11,38,20,2,46,106,30,15,0,0,0,103,113,26,6,1,0,0,0,79,111,19,33,3,0,0,0,0,2,12,113,13,0,0,0
11,1,22,76,6,0,0,16,2,9,66,132,27,4,1,0,9,76,132,57,4,2,5,2,0,5,72,132,116,27,14,0,23,0,0,5,12,10,9,80,21,6,7,20,68,26,5,9,120,38,28,19,9,1,0,18,8,4,42,132,61,0,0,2,2,0,0,0,1,7,63,132,27,10,0,1,21,17,31,49,132,42,1,1,3,0,0,12,13,9,16,50,17,1,0,2,17,0,0,0,1,8,50,132,88,2,0,0,0,0,15,132,122,18,0,0,0,0,0,41,11,5,3,6,23,5,3,8
125,31,9,1,0,0,0,94,147,2,0,0,0,0,0,147,77,17,27,6,0,0,0,16,0,2,53,33,0,0,0,0,62,40,52,62,0,0,0,13,147,46,5,1,0,0,0,53,147,10,3,0,0,0,0,21,21,12,40,8,0,0,0,3,13,54,83,65,0,0,0,0,147,130,26,2,0,0,0,11,147,4,0,0,0,0,0,60,48,3,2,0,0,0,0,31,24,27,15,1,0,0,3,33,77,54,5,0,0,0,5,26,136,12,0,0,0,0,0,19,52,12,0,0,0,0,0,6
109,46,50,29,13,20,6,20,147,51,1,0,0,0,0,23,40,42,7,0,0,0,0,5,0,4,9,7,0,0,0,0,32,26,109,147,27,0,0,1,147,52,15,27,2,0,0,22,78,9,0,0,0,0,0,11,0,0,0,0,0,0,0,0,1,2,8,147,147,0,0,0,91,18,16,100,33,0,1,42,36,2,0,0,0,0,9,90,4,0,0,0,0,0,0,12,1,0,0,107,147,37,0,5,4,1,7,147,78,1,0,9,32,0,0,12,13,0,3,67,26,0,0,0,0,0,0,27
21,7,10,9,5,5,7,13,8,7,76,87,4,0,0,1,69,89,55,40,0,0,0,0,119,85,0,0,0,0,0,0,81,1,0,0,0,0,7,57,69,19,32,25,0,0,0,16,47,119,78,22,0,0,0,0,119,119,2,0,0,0,0,0,101,0,0,0,0,0,5,77,119,7,3,0,0,0,0,53,119,52,9,0,0,0,0,13,119,115,0,0,0,0,1,12,83,1,0,0,0,0,0,46,119,7,0,0,0,0,0,51,119,20,1,0,0,0,0,27,119,11,0,0,0,1,5,66
0,9,21,10,10,18,2,0,3,0,2,35,76,68,9,4,133,1,0,4,12,16,12,49,73,0,0,0,0,0,1,17,0,0,0,10,44,92,6,0,9,4,3,32,104,136,44,19,136,16,2,5,7,47,47,136,108,0,0,0,0,0,7,40,0,0,0,55,48,14,9,1,8,22,44,136,115,30,3,2,136,136,48,40,7,4,3,14,95,20,1,0,0,0,5,10,0,0,0,5,11,15,12,1,2,3,6,34,69,51,5,4,112,41,8,8,11,13,6,58,49,19,11,5,0,0,0,13
23,32,126,17,4,2,0,5,49,102,126,0,0,0,0,3,7,50,117,14,21,2,0,0,0,9,46,39,79,11,0,0,39,0,0,0,4,4,6,30,126,38,1,0,0,0,0,29,35,42,49,38,11,0,0,1,0,64,126,57,22,1,0,0,19,0,0,0,17,32,29,48,126,31,0,0,0,0,5,116,101,98,39,2,0,0,0,11,2,113,65,2,0,0,0,0,36,24,1,26,58,14,4,10,126,126,0,0,0,1,1,17,57,126,20,0,0,0,0,0,1,49,38,0,0,0,0,0
3,0,0,14,54,96,19,8,138,0,0,1,5,16,18,73,102,0,0,0,0,0,1,26,5,1,0,0,0,0,8,13,17,7,4,32,80,138,50,27,138,23,2,3,2,23,36,138,138,1,0,0,0,0,7,47,0,0,0,0,0,2,32,10,12,33,55,138,76,13,2,1,138,138,42,20,2,1,1,7,119,24,1,0,0,0,6,12,0,0,0,0,0,4,16,1,5,6,8,32,51,40,4,7,133,58,8,5,3,6,4,44,52,28,13,6,0,0,0,7,0,0,14,12,0,0,0,0
1,0,0,0,12,67,18,8,1,15,12,11,122,103,12,1,84,102,20,7,25,5,1,5,71,12,0,0,0,0,1,28,3,0,0,1,56,122,60,13,122,38,11,3,13,77,74,84,45,87,45,5,1,0,0,3,21,13,6,2,0,0,0,16,9,33,97,53,122,121,12,8,122,122,92,8,5,13,12,42,101,32,17,15,1,0,0,3,6,6,10,18,1,0,0,0,28,67,85,13,10,5,0,1,11,82,122,1,0,0,1,1,13,37,31,5,0,0,0,0,0,3,22,23,0,0,0,0
5,2,0,0,0,3,80,42,12,0,0,0,0,0,43,73,17,6,2,1,1,4,17,19,0,4,7,31,24,5,0,0,79,1,0,0,0,1,33,149,98,8,0,0,0,0,1,51,101,13,1,0,0,0,0,15,10,7,6,16,41,19,0,1,149,5,0,0,1,2,12,149,121,36,0,0,0,0,0,64,84,10,0,0,1,4,2,20,6,0,0,0,46,46,3,5,149,103,76,33,4,3,6,149,131,4,0,0,0,0,0,149,59,0,0,0,1,1,0,38,2,0,0,0,53,10,1,2
0,0,0,7,16,20,10,1,7,2,4,20,50,95,12,6,87,123,27,19,10,11,4,11,33,66,5,4,0,0,1,1,0,0,8,57,72,7,0,0,32,5,4,33,133,70,8,21,133,34,4,3,5,10,5,56,59,17,11,25,0,0,0,3,0,0,1,44,77,18,2,0,12,51,72,106,103,5,0,1,133,133,63,8,2,0,0,9,64,27,9,9,0,0,0,3,0,0,0,1,10,71,59,2,22,33,19,8,8,42,133,37,16,65,23,0,0,26,133,63,11,17,4,0,0,0,54,105
4,0,2,27,51,24,32,37,55,3,0,0,7,9,46,126,23,9,5,0,0,4,22,37,0,0,5,8,7,17,4,0,6,9,3,79,126,13,6,9,126,95,5,23,31,7,8,57,93,57,33,7,0,0,0,15,0,0,20,41,5,0,0,0,36,6,9,126,41,0,1,34,126,31,8,106,30,1,1,121,82,7,4,4,3,1,2,126,1,0,1,13,26,3,1,8,64,1,1,35,9,0,3,126,28,3,10,126,39,0,0,45,123,8,10,27,1,0,0,121,21,0,0,0,10,6,1,18
5,13,6,25,113,24,9,4,71,63,4,3,4,4,13,33,56,101,4,0,0,0,1,7,15,43,2,0,0,0,0,0,9,1,0,5,98,134,32,20,134,44,0,0,4,19,25,75,94,88,4,0,0,0,0,5,1,23,4,0,0,1,1,0,27,89,51,7,69,134,29,17,134,134,32,0,0,12,15,50,101,14,1,0,0,0,4,44,0,0,0,0,0,15,16,6,67,134,72,7,35,8,0,0,20,134,91,27,3,0,0,0,10,6,8,19,8,2,11,18,0,0,0,0,1,15,38,4
3,14,33,4,3,3,0,0,40,6,2,0,1,12,24,69,25,0,0,10,3,0,6,76,10,1,1,6,2,0,0,2,0,0,3,8,59,26,0,0,18,2,0,0,87,134,77,81,134,7,0,2,4,11,38,134,28,1,1,4,5,0,0,20,0,0,0,1,125,34,0,0,57,60,4,9,134,63,4,9,134,134,1,2,7,4,3,34,43,20,12,5,1,0,0,4,0,0,0,0,85,80,0,0,78,116,2,3,81,36,0,0,134,134,3,0,0,0,0,0,16,13,5,5,0,0,0,1
13,2,10,22,21,30,19,15,42,0,0,1,1,4,25,105,16,0,0,0,0,0,26,75,0,0,0,0,8,12,12,3,9,3,27,101,24,1,5,17,15,3,3,46,119,39,56,74,120,24,1,1,7,7,44,120,16,15,19,6,1,5,10,9,5,0,0,21,30,2,38,116,30,19,11,120,120,6,4,18,120,68,9,34,10,1,1,79,33,16,19,11,3,0,1,36,56,0,0,1,0,2,38,120,53,3,10,112,15,0,1,75,44,4,7,120,26,1,2,119,46,1,1,3,2,1,2,120
99,149,149,0,0,0,0,0,149,149,22,1,1,0,0,0,15,53,7,11,31,22,0,0,0,23,38,6,20,23,0,0,34,149,149,26,18,2,0,0,117,97,40,18,12,1,0,3,18,28,50,39,11,0,0,1,1,71,69,4,1,0,0,0,67,20,4,7,69,50,3,9,98,4,1,3,30,24,5,58,27,8,12,3,0,0,5,42,9,14,6,0,0,0,0,21,38,2,0,0,52,89,9,20,123,8,0,0,10,29,8,51,43,13,0,0,0,0,1,21,16,3,0,0,0,0,0,14
12,1,0,8,7,26,36,14,5,1,0,0,1,9,62,58,5,8,26,20,13,11,5,18,6,53,21,7,3,3,0,0,8,4,4,2,3,124,147,10,16,4,1,1,3,22,147,147,104,11,14,3,0,0,34,147,13,13,14,5,2,0,0,6,0,11,23,5,5,17,29,1,58,84,17,8,9,3,15,24,147,123,1,0,0,0,16,58,30,5,0,3,0,1,40,7,17,1,0,0,1,26,42,24,76,60,2,0,0,17,61,29,68,40,0,0,0,39,147,37,6,1,0,0,0,15,147,38
25,7,11,27,1,0,25,95,18,9,2,3,2,3,104,143,61,2,0,0,1,3,19,91,11,1,0,0,0,6,14,14,6,4,8,17,5,6,10,19,67,16,21,13,7,12,14,98,143,42,7,5,1,0,2,104,15,6,11,30,25,12,11,2,27,65,61,3,0,0,8,49,32,143,143,9,1,1,0,14,132,143,49,4,1,0,0,6,9,6,25,28,8,1,0,0,17,14,17,20,0,0,44,143,41,61,35,0,0,0,10,143,11,32,11,0,2,0,0,64,0,0,0,1,8,7,0,0
25,0,0,0,0,26,111,83,57,5,0,0,0,0,51,54,23,8,6,33,24,18,18,10,0,0,38,144,66,33,7,1,144,0,0,0,0,18,41,137,144,31,0,0,0,0,0,28,40,39,23,10,0,0,0,1,0,2,67,83,0,0,0,0,144,60,2,1,0,2,4,41,144,15,0,0,0,0,0,43,77,16,3,0,0,0,0,9,3,5,9,9,2,0,0,0,144,111,5,0,0,0,0,0,144,85,0,0,0,0,0,2,54,18,0,0,0,0,1,1,3,1,0,0,0,1,2,1
4,0,0,0,5,10,62,124,37,2,0,0,0,0,17,118,52,2,0,0,0,0,3,91,21,4,1,0,1,1,5,28,33,7,16,88,46,17,37,110,124,17,5,2,0,0,4,124,87,44,3,0,0,0,0,29,70,39,0,0,0,1,0,19,16,18,110,124,6,0,0,2,124,90,68,25,0,0,0,12,124,112,4,0,0,0,0,1,18,78,4,0,14,19,0,0,0,1,41,81,4,0,0,0,29,108,64,18,0,0,0,0,58,124,1,0,7,6,0,0,6,22,1,0,28,49,0,0
0,0,0,3,118,134,7,0,5,2,5,5,54,134,26,13,32,4,3,1,0,3,32,134,5,0,0,0,52,36,47,133,0,0,3,53,134,23,1,0,26,8,13,9,99,12,0,4,19,9,15,5,9,6,6,18,3,0,0,0,19,30,68,63,0,0,0,17,134,80,56,11,69,5,1,6,116,13,0,5,17,3,2,19,51,7,0,0,0,0,0,13,80,52,36,2,2,0,0,0,53,134,55,10,91,10,1,0,21,39,11,30,22,10,8,50,17,0,0,1,0,0,0,69,116,4,0,0
127,7,1,0,0,0,0,56,23,0,0,0,16,9,7,52,16,32,11,26,95,13,2,1,48,135,53,11,4,0,0,0,72,55,42,4,0,0,0,8,53,9,1,0,15,4,2,16,109,15,0,3,69,8,1,2,135,93,57,13,1,0,0,8,17,27,62,71,5,0,0,0,8,6,6,17,20,9,16,5,105,14,0,3,27,7,12,6,135,24,2,1,0,0,3,41,42,36,44,135,9,0,0,0,1,6,29,135,36,4,3,2,55,135,25,10,4,1,4,5,116,135,7,0,0,0,0,4
4,0,0,0,11,39,62,42,47,0,0,0,0,0,20,124,36,0,0,0,0,0,0,117,56,3,0,0,0,0,0,35,21,0,0,17,107,56,28,51,124,5,0,0,1,3,11,124,107,18,0,0,0,0,0,53,101,2,0,0,0,0,0,42,24,26,24,124,124,5,3,8,124,124,17,13,3,0,1,27,97,67,11,0,0,0,0,1,96,14,1,0,0,0,0,8,2,25,41,123,26,0,0,0,62,124,36,12,0,0,0,0,19,72,46,0,0,0,0,0,26,59,15,0,0,0,0,0
57,0,0,0,0,5,36,132,86,0,0,0,0,0,1,132,77,4,0,0,0,0,0,47,37,33,16,4,0,0,0,1,132,7,0,0,3,12,15,97,132,20,0,0,0,0,0,67,132,7,0,0,0,0,0,66,79,12,1,0,0,0,8,28,132,132,12,9,5,2,1,17,119,104,12,0,0,0,0,2,132,54,1,0,0,0,0,9,46,2,0,0,0,5,12,21,33,132,31,6,0,0,0,0,26,76,45,2,0,0,0,0,77,59,8,0,0,0,0,2,12,24,12,6,1,2,2,6
70,0,0,20,47,0,0,83,103,0,2,5,1,1,4,122,3,0,5,52,25,28,14,8,10,0,1,61,113,19,1,6,40,12,12,88,36,0,0,16,122,34,5,9,2,1,3,71,25,5,2,49,43,44,14,9,3,2,6,62,67,35,2,0,14,9,28,122,30,0,0,0,122,39,18,22,4,0,0,45,42,20,27,52,18,2,1,20,0,9,64,114,7,0,0,0,0,3,107,108,14,0,0,0,24,61,122,29,0,0,0,6,29,122,98,8,0,0,0,2,0,67,122,24,0,0,0,0
0,0,0,15,53,76,12,0,10,1,0,2,13,51,83,61,9,0,0,0,1,23,74,122,0,0,0,0,103,96,18,4,0,0,0,4,95,54,17,4,15,2,1,22,81,68,19,23,95,6,0,4,29,56,28,106,1,0,0,1,59,123,86,5,11,2,2,12,61,36,17,5,22,18,16,113,50,5,1,2,89,61,12,40,120,11,0,4,1,2,1,22,123,72,28,0,24,0,0,1,76,22,15,23,24,6,3,24,24,8,46,27,40,22,3,26,99,2,8,22,1,9,11,79,123,3,0,0
51,84,50,8,0,1,7,12,119,119,1,0,2,22,6,2,36,21,9,25,30,40,10,4,7,8,53,119,27,3,0,0,26,119,119,26,3,0,0,0,78,119,20,2,41,97,14,7,107,8,0,0,6,54,24,44,28,24,9,10,41,25,2,6,3,60,116,43,36,1,0,0,4,30,34,76,119,29,0,1,76,102,19,5,5,6,2,15,36,64,35,9,3,2,1,4,1,17,16,50,20,4,2,0,1,12,39,119,43,7,1,0,15,119,61,10,0,0,0,0,15,56,38,20,1,0,0,0
145,34,9,10,4,1,2,101,145,0,0,0,0,0,0,100,126,1,0,0,0,0,0,25,8,0,0,0,0,5,3,7,145,118,38,21,1,0,0,9,145,39,0,0,0,0,0,24,133,2,0,0,0,0,2,42,3,0,0,0,0,3,16,24,19,80,145,37,1,0,0,0,145,68,15,2,0,0,0,16,81,2,0,0,0,0,5,51,1,0,0,0,0,0,20,31,1,2,35,31,21,50,26,2,139,8,4,4,4,9,13,29,78,16,7,1,0,0,0,6,2,6,5,1,0,0,1,5
57,9,22,17,0,0,0,13,64,31,149,121,0,0,0,9,6,16,149,149,6,2,1,3,33,60,149,149,2,0,2,7,97,42,1,0,0,0,0,4,140,20,2,1,0,1,2,15,16,1,14,56,27,34,8,10,0,3,66,149,16,12,0,0,25,109,43,0,0,0,0,1,42,42,30,3,0,0,1,5,5,8,12,9,18,9,3,3,1,44,46,7,4,2,0,0,47,33,33,0,0,0,3,124,1,8,61,25,0,0,1,8,0,22,47,16,0,0,0,0,4,58,15,0,0,0,0,0
13,7,1,0,0,1,13,64,3,6,0,0,0,27,39,10,8,1,2,0,0,10,48,43,7,0,0,7,10,4,9,19,50,30,43,15,3,3,14,72,11,6,7,20,45,94,51,18,131,9,0,1,5,28,38,59,54,11,0,3,9,0,0,9,5,30,131,111,24,0,0,0,8,17,54,131,131,8,0,1,131,41,35,18,11,2,1,40,66,18,7,3,12,2,0,23,0,0,37,120,55,28,9,0,0,5,131,131,69,4,18,6,12,50,131,21,1,1,6,14,16,55,115,34,41,21,1,5
34,34,1,1,19,15,27,22,3,1,1,9,43,42,126,75,36,2,5,21,4,2,126,126,76,25,53,17,0,0,20,76,12,6,0,1,44,33,1,1,6,3,1,15,126,88,15,11,126,23,1,2,8,20,41,94,126,8,0,0,0,1,82,126,4,0,1,21,50,20,0,0,4,27,67,55,101,35,0,1,66,67,58,17,15,10,17,24,11,1,1,12,35,35,126,112,1,0,6,45,10,0,3,3,0,7,49,37,4,2,2,1,0,8,36,35,22,5,1,0,8,7,13,80,60,8,5,8
102,29,6,0,0,0,1,72,129,15,3,0,0,0,2,129,73,0,0,2,10,53,56,101,0,0,11,48,39,75,10,1,129,63,11,0,0,0,0,1,129,84,6,0,0,0,0,17,99,2,0,1,0,1,10,66,6,0,3,31,12,1,2,15,129,34,2,0,0,0,0,41,129,32,0,0,0,0,10,60,31,1,0,0,0,1,41,121,9,0,0,2,4,0,2,81,129,50,2,0,0,0,0,36,117,32,1,1,2,6,6,26,17,2,0,2,6,15,39,44,8,0,0,0,0,0,40,109
0,0,0,27,158,1,0,0,44,4,0,34,94,0,0,3,158,5,0,3,9,0,0,10,61,1,0,8,44,0,0,1,0,0,0,37,158,5,0,0,34,6,0,54,101,1,0,0,158,8,0,6,13,0,0,8,76,2,0,10,51,0,0,1,0,0,0,15,158,10,0,0,26,3,0,4,108,23,0,0,158,5,0,1,9,1,0,15,72,0,0,4,44,1,0,9,0,0,0,12,158,15,0,0,16,0,0,0,74,24,3,8,99,0,0,0,2,2,1,35,39,0,0,0,27,9,0,15
0,0,0,15,104,19,1,0,76,43,16,25,52,22,11,32,135,55,0,0,0,0,0,51,129,17,0,0,0,1,5,41,2,7,30,51,41,4,2,1,59,63,67,57,13,0,0,2,135,56,4,0,0,0,0,70,110,5,0,0,1,6,4,84,3,54,83,36,4,1,0,0,8,23,109,67,8,8,4,1,100,52,23,1,0,1,22,62,43,0,0,0,0,2,24,135,3,16,9,5,13,37,22,4,0,0,4,7,23,92,26,0,2,2,1,0,1,51,135,27,0,0,0,0,0,1,92,135
6,0,0,0,35,22,1,2,65,3,0,0,3,2,0,7,79,2,0,0,19,7,0,3,218,24,0,0,0,0,0,1,13,0,0,0,36,26,1,4,91,1,0,0,3,3,1,13,102,0,0,0,23,15,0,11,218,1,0,0,0,0,0,20,18,8,0,0,20,18,2,0,79,30,1,2,6,1,0,0,96,4,1,12,38,7,1,6,218,0,0,0,1,0,0,27,43,10,0,0,1,4,5,9,61,32,2,4,4,3,0,1,69,5,2,18,39,20,1,5,218,14,0,0,1,1,0,10
3,2,0,1,40,19,0,0,67,19,0,0,9,2,0,0,39,10,0,0,28,4,0,0,201,108,0,0,3,0,0,0,14,2,0,0,29,26,1,2,83,12,0,0,3,2,0,2,85,12,0,0,25,9,0,1,201,106,0,0,1,0,0,0,26,0,0,0,16,25,1,6,88,2,0,0,3,4,1,8,124,7,0,0,17,19,0,6,201,55,0,0,0,0,0,1,27,10,0,0,10,7,0,0,54,16,0,1,8,3,0,0,126,6,0,1,21,11,1,3,201,25,0,0,0,0,0,1
5,0,0,1,66,81,32,27,123,1,0,0,2,10,23,131,103,29,2,0,0,0,0,14,7,12,7,33,16,0,0,1,28,2,0,4,142,57,4,16,142,12,0,0,12,9,3,59,142,5,0,0,0,0,0,40,9,1,0,4,15,21,8,21,18,30,27,58,142,13,0,0,142,117,18,9,6,0,0,8,126,25,0,0,0,0,0,30,10,5,3,9,20,30,4,8,0,40,68,49,31,0,0,0,37,142,48,1,0,0,0,0,33,104,21,1,0,0,0,0,1,18,60,20,7,0,0,0
0,0,0,31,137,15,0,0,13,22,7,39,107,5,0,3,102,148,15,9,6,0,0,4,14,65,43,35,0,0,0,0,0,0,0,27,121,24,0,0,56,6,1,66,140,11,4,20,148,40,2,4,6,1,1,50,39,8,5,10,14,6,0,3,0,0,0,31,98,29,10,0,43,15,3,71,91,37,24,2,148,68,3,13,10,1,0,6,43,9,0,4,41,5,0,0,0,0,0,37,137,31,7,0,59,5,0,17,42,29,29,8,148,34,0,0,2,1,1,6,24,4,0,1,46,6,0,0
4,0,3,8,80,70,66,62,39,9,15,1,0,0,18,134,10,4,34,32,3,0,0,10,0,11,56,15,1,0,0,0,41,5,5,85,134,27,18,43,134,12,3,4,3,0,5,134,78,4,8,3,0,0,3,30,7,16,18,4,0,0,2,2,14,22,39,134,134,0,0,0,134,131,42,27,2,0,0,3,83,65,8,0,0,0,0,1,2,51,21,0,0,0,0,0,0,4,52,134,38,0,0,0,12,84,108,44,0,0,0,0,14,77,10,1,0,0,0,0,0,21,5,0,0,1,1,0
0,0,52,23,0,0,0,0,72,30,46,11,0,0,0,1,156,34,0,0,0,0,0,31,73,27,0,0,0,0,1,33,7,3,13,6,0,0,5,16,77,16,12,23,4,0,0,1,156,47,0,0,0,0,0,9,105,30,1,0,0,0,0,18,52,8,0,0,0,0,9,58,69,6,2,11,4,0,0,14,156,4,0,0,0,0,19,148,45,0,0,0,0,0,56,149,32,56,6,0,0,0,0,5,19,6,0,0,9,14,2,7,14,0,0,0,14,70,124,88,1,0,0,0,1,32,156,156
8,40,48,75,1,0,0,0,127,140,56,46,0,0,0,16,153,57,3,0,0,0,0,35,11,12,29,2,0,0,0,0,0,7,49,49,17,26,0,0,64,15,14,13,11,66,15,53,153,15,1,0,0,4,6,123,52,8,13,6,4,0,0,4,0,0,2,7,29,147,3,0,107,37,2,2,10,94,3,6,153,73,0,0,0,2,1,24,62,5,0,2,13,1,1,11,0,0,22,24,15,24,1,0,80,30,38,9,2,2,0,2,153,14,0,0,0,0,0,61,33,1,0,0,4,2,5,45
59,0,0,0,0,0,0,71,80,0,0,0,0,0,0,90,103,0,2,5,0,1,2,53,10,0,4,57,100,38,4,4,88,0,0,0,0,0,0,65,124,4,0,0,0,0,0,76,124,7,2,5,5,4,2,39,11,3,4,75,124,93,6,3,115,17,0,0,0,0,0,12,124,52,0,0,0,0,0,10,124,67,5,4,0,0,0,4,35,27,29,124,77,0,0,0,65,8,0,0,0,0,0,10,124,20,0,0,0,0,0,19,124,35,0,0,0,0,0,3,57,8,3,18,106,15,1,7
0,0,0,0,28,61,31,7,42,0,0,0,8,18,127,127,77,0,0,0,0,0,15,119,4,0,0,0,0,0,0,5,2,0,1,10,40,89,50,28,121,14,7,18,17,12,11,86,127,22,0,0,0,0,0,127,32,3,0,0,0,0,0,18,52,44,13,4,1,1,11,54,95,58,22,11,0,0,0,5,127,101,0,0,0,0,0,13,35,13,0,0,0,0,0,2,8,127,101,6,0,0,0,0,29,92,127,12,0,0,0,0,114,120,20,0,0,1,0,2,14,5,0,0,0,32,12,0
0,0,0,0,0,47,42,54,20,0,0,0,0,0,41,155,17,0,0,0,0,1,11,38,0,0,0,0,0,0,0,0,44,10,2,8,23,99,54,53,155,24,0,0,0,1,20,155,155,8,0,0,0,0,1,33,3,0,0,0,0,0,0,0,50,52,10,21,15,2,0,0,155,131,1,0,0,0,0,13,155,22,0,0,0,0,0,11,3,0,0,0,0,0,0,0,41,141,27,10,0,0,0,0,101,155,2,0,0,0,0,0,33,52,0,0,0,0,0,0,0,0,0,0,0,0,0,0
0,0,0,0,0,0,0,0,150,21,0,0,0,0,0,34,150,5,0,0,0,0,3,126,13,0,0,91,82,6,15,51,10,2,0,0,0,0,0,0,150,74,0,0,0,0,0,5,150,20,0,0,0,0,0,75,26,2,0,3,3,7,30,68,36,2,0,0,0,0,0,4,150,17,0,0,0,0,0,45,150,16,0,0,0,0,0,42,55,33,1,1,6,2,1,6,42,26,0,0,0,0,0,0,150,66,0,0,0,0,0,4,150,38,0,0,0,0,0,2,48,58,10,6,36,4,0,0
18,34,7,3,0,0,14,13,150,6,0,0,0,0,5,97,150,0,0,0,0,0,0,101,10,0,0,0,0,0,0,2,42,4,0,0,0,0,8,21,150,11,0,0,0,0,1,59,150,6,0,0,0,0,0,103,30,0,0,0,0,0,0,6,41,37,0,0,0,0,0,5,150,76,0,0,0,0,0,10,150,102,0,0,0,0,0,7,17,1,0,0,0,0,0,0,19,40,0,0,0,0,0,0,150,100,0,0,0,0,0,0,150,94,0,0,0,0,0,0,0,0,0,0,0,0,0,0
3,0,0,0,0,0,1,2,0,0,0,0,0,2,3,1,1,0,0,0,0,0,0,5,0,0,0,0,0,0,0,0,135,2,0,0,0,10,57,127,14,3,0,0,6,111,135,70,118,12,0,0,0,9,27,135,28,2,0,0,0,0,5,34,112,59,43,4,3,4,13,48,57,58,11,15,30,36,28,20,135,135,2,1,1,2,4,51,71,23,0,0,0,0,0,7,2,22,104,105,2,0,0,0,25,135,56,17,2,0,0,0,104,135,25,0,0,0,0,0,21,12,0,0,0,0,0,0
35,24,6,0,0,0,53,51,103,10,0,0,0,0,19,121,77,12,0,0,0,0,10,29,16,2,0,0,0,0,0,1,20,67,69,0,0,0,62,47,121,83,10,0,0,0,9,84,121,22,0,0,0,0,0,54,102,1,0,0,0,0,0,53,8,47,58,0,0,0,52,12,121,49,9,0,0,0,17,97,121,11,0,0,0,0,2,103,90,0,0,0,0,0,1,105,6,74,50,0,0,0,82,17,60,121,27,0,0,0,17,45,120,97,2,0,0,0,0,12,33,10,2,1,0,0,3,40
0,0,0,0,22,48,0,0,55,47,0,1,17,23,0,0,60,39,0,0,0,0,1,2,11,1,0,0,0,3,16,6,13,0,0,9,90,95,1,2,122,87,0,1,20,35,2,27,122,69,0,0,0,17,42,27,45,33,0,0,0,30,83,21,9,6,29,95,100,5,0,1,122,92,58,22,14,1,4,85,66,122,8,0,0,13,50,61,53,122,0,0,0,9,14,4,0,26,122,54,9,0,0,0,9,122,122,8,0,0,0,1,23,122,14,0,0,5,13,5,18,27,0,0,0,43,44,6
1,0,0,0,0,5,90,95,6,3,4,0,0,19,56,29,0,2,31,6,1,28,25,0,0,1,45,4,1,16,12,0,60,0,0,0,0,7,54,137,137,19,9,0,0,0,2,91,22,19,78,6,2,0,0,0,0,2,68,4,2,1,0,0,137,30,0,0,0,13,15,52,137,71,7,0,0,0,0,22,43,33,80,6,5,2,0,0,0,25,103,3,4,1,0,0,137,63,0,0,0,1,0,1,137,137,17,0,0,0,0,0,18,75,137,0,0,0,0,0,0,33,122,0,0,0,0,0
10,16,5,3,9,20,1,1,6,26,40,1,0,0,0,0,1,32,70,14,1,0,0,0,0,1,24,120,156,1,0,0,7,22,22,10,2,0,0,0,28,24,11,0,0,0,0,16,68,38,28,10,7,0,0,7,5,6,13,45,184,28,0,0,0,0,3,16,6,0,0,0,41,3,0,0,0,0,0,4,128,9,0,0,20,15,0,5,10,1,0,2,184,184,0,1,0,0,0,35,16,0,0,0,33,1,0,3,3,0,0,2,57,1,0,0,37,55,7,16,1,0,0,0,184,184,1,1
0,0,0,0,38,114,114,40,19,0,0,0,16,114,114,32,3,0,0,7,114,40,6,4,0,0,10,21,114,45,21,0,3,1,0,31,114,39,6,1,114,25,4,18,41,13,9,19,23,10,9,75,59,2,0,2,4,24,69,104,91,2,0,0,2,0,0,99,98,1,0,4,114,8,2,64,50,0,0,26,59,10,15,65,15,0,0,13,23,15,13,114,30,0,0,2,14,0,0,40,35,0,0,27,47,1,3,111,47,0,0,17,94,8,11,22,0,0,0,34,8,2,12,101,5,0,0,1
86,23,25,7,1,0,7,84,7,3,16,41,11,0,31,82,56,121,37,14,0,0,1,11,63,97,5,2,10,7,0,0,4,3,57,82,0,0,5,17,39,7,36,38,0,0,23,96,121,87,5,0,0,0,2,56,58,91,17,20,76,6,1,5,18,4,14,26,1,2,86,65,65,60,118,33,0,0,4,24,121,92,57,3,1,0,9,39,51,5,0,5,48,27,72,54,43,68,67,4,0,0,18,35,121,113,23,1,0,0,0,13,19,48,39,70,13,3,8,6,5,4,5,31,8,8,50,17
102,0,0,0,0,0,0,131,20,0,0,0,0,5,13,25,67,25,0,0,0,1,5,8,54,55,0,0,0,0,0,0,132,108,10,4,0,0,0,74,41,22,15,37,11,14,19,19,132,18,0,3,1,2,10,22,67,23,0,0,0,6,41,12,92,132,34,12,5,9,10,6,11,28,23,87,63,65,17,6,89,13,2,9,6,44,69,44,13,0,0,0,0,90,132,17,7,25,5,0,3,60,96,9,4,0,0,1,38,132,57,25,11,0,0,4,18,81,67,70,5,0,0,9,23,72,72,46
10,0,0,0,1,15,111,44,4,0,0,0,21,93,111,21,42,1,0,0,7,67,77,60,15,0,0,0,4,48,83,44,53,61,5,6,17,9,11,19,22,13,1,2,111,51,3,5,107,17,0,3,29,17,3,8,18,4,0,22,95,41,18,12,19,48,5,3,7,81,56,24,24,6,0,0,44,111,81,37,111,11,0,1,7,14,12,49,12,6,8,45,98,21,7,4,8,0,0,0,5,111,102,53,101,10,0,0,1,99,91,82,111,16,0,0,0,3,8,83,11,54,11,8,5,9,6,4
0,3,4,48,83,29,0,0,2,32,38,124,87,0,0,0,66,124,51,27,8,0,0,0,8,61,111,53,12,7,2,2,23,26,10,30,21,11,7,19,17,30,32,124,58,0,0,0,124,124,22,14,19,8,0,15,15,13,5,10,80,43,5,15,76,9,8,6,10,1,8,119,22,4,1,50,93,1,1,17,120,20,3,13,21,2,0,34,15,28,62,45,37,5,0,5,41,67,45,28,1,0,0,19,19,51,44,78,22,0,0,5,42,124,42,24,7,0,0,2,5,75,113,7,1,2,0,0
4,3,41,11,0,0,33,32,57,11,24,4,0,0,35,86,114,25,2,2,1,0,7,100,13,6,2,84,83,18,19,14,2,2,55,22,1,12,59,14,60,77,87,5,0,0,10,39,94,79,28,11,2,4,24,57,6,1,5,14,15,38,82,18,30,68,16,0,0,13,107,42,114,62,13,0,0,0,10,68,114,67,54,46,2,1,0,5,2,5,68,95,2,2,5,1,9,114,73,17,1,1,1,2,114,100,33,14,0,0,0,0,114,84,14,13,0,0,0,0,1,4,25,86,2,0,0,0
16,11,39,10,1,0,7,13,2,2,55,50,1,2,16,7,10,9,62,32,0,0,9,20,118,30,20,1,0,0,1,39,7,2,0,6,14,76,108,31,16,13,6,6,0,5,118,67,98,36,41,6,0,0,19,58,55,75,50,8,1,0,1,7,17,118,66,0,2,71,53,19,24,118,118,9,0,0,22,25,118,111,34,3,0,0,1,15,87,80,26,30,1,0,0,0,10,118,88,3,0,0,0,2,0,55,86,55,13,0,0,0,63,118,22,12,2,0,0,0,48,85,8,13,0,0,0,0
10,54,9,0,0,4,4,3,1,20,7,1,14,63,13,2,28,8,0,0,1,26,49,58,38,6,0,0,0,0,5,110,7,10,14,6,8,17,19,11,11,1,1,11,69,132,18,10,143,42,2,0,5,26,14,29,55,46,30,1,0,0,0,16,0,5,48,19,23,43,4,0,27,2,3,37,143,120,25,15,143,28,0,2,13,11,11,37,77,31,24,1,0,0,0,6,0,0,1,13,77,126,7,0,58,15,6,34,97,143,77,50,143,26,2,1,1,11,27,104,55,1,0,0,0,0,17,33
11,20,11,0,1,41,42,31,89,22,3,0,0,0,13,131,77,25,66,2,0,0,0,44,2,5,86,18,0,0,0,0,100,75,3,0,12,59,40,23,131,91,29,5,0,0,2,58,131,14,5,0,0,0,0,74,38,11,35,11,0,0,0,3,131,131,4,0,14,14,12,18,66,97,68,19,0,0,0,2,131,62,14,1,0,0,0,11,74,4,4,0,0,0,0,17,131,115,1,0,0,0,8,28,35,19,7,0,0,0,18,59,68,19,2,0,0,0,14,62,64,4,0,0,0,0,0,19
33,0,0,6,61,4,0,20,127,1,0,0,0,0,0,53,127,1,0,0,0,0,0,65,113,0,0,0,0,0,0,65,38,6,6,43,73,0,0,2,127,20,3,2,1,0,0,7,116,10,0,0,0,0,0,46,75,0,0,0,0,0,0,127,6,21,119,56,11,0,0,0,93,43,110,15,0,0,0,7,55,31,31,0,0,0,0,20,61,45,14,0,0,0,0,66,13,86,127,8,0,0,0,0,1,16,127,30,0,0,0,0,3,49,127,1,0,0,0,0,7,102,90,0,0,0,0,0
0,0,0,4,49,62,92,20,8,7,13,39,32,11,44,24,9,26,79,37,1,0,0,0,0,0,61,88,2,0,0,0,27,5,5,9,136,99,74,43,136,26,1,0,0,3,40,85,51,64,18,7,0,0,0,3,0,4,66,37,0,0,0,0,24,21,136,136,67,21,1,3,136,41,44,44,0,0,0,22,99,10,0,0,0,0,0,15,1,0,3,0,0,0,0,0,0,3,89,136,90,4,12,29,42,15,25,136,45,0,0,9,40,2,1,6,0,0,3,58,3,0,0,0,0,0,0,14
56,6,14,30,13,9,40,82,39,20,1,0,0,1,39,95,33,45,1,0,0,2,2,12,2,9,2,2,22,30,2,0,16,11,20,133,133,42,61,42,133,59,19,28,13,11,69,133,99,13,0,0,1,38,14,26,0,0,1,3,31,77,12,0,4,13,53,133,37,0,0,0,124,62,58,133,15,0,8,66,68,12,3,3,1,21,30,89,6,10,11,18,41,12,1,0,0,1,9,61,23,13,1,0,6,4,10,133,52,7,1,6,93,22,12,26,5,0,1,20,18,5,1,2,35,14,0,3
10,0,0,0,1,29,136,52,5,0,0,0,0,33,136,41,7,0,0,0,0,17,136,65,0,0,0,0,0,85,95,3,21,16,15,6,24,30,136,55,136,22,1,0,0,2,86,84,54,3,0,0,0,43,59,57,0,0,0,0,0,136,68,2,11,61,136,13,11,1,0,2,88,72,40,4,1,4,6,11,15,1,1,5,21,97,36,8,0,0,0,2,34,122,16,0,0,18,73,13,0,0,0,0,0,5,42,34,11,3,0,0,0,0,4,25,78,18,0,0,0,0,0,5,64,19,0,0
0,0,0,0,0,135,79,0,18,0,0,0,0,78,68,49,124,0,0,0,0,0,10,123,21,0,0,0,0,0,0,11,0,0,0,0,0,33,127,11,48,1,0,0,0,20,77,37,136,8,0,0,0,0,4,51,60,2,0,0,0,0,0,3,3,10,16,0,0,9,136,14,136,37,3,0,0,3,78,43,136,40,0,0,0,0,4,41,45,2,0,0,0,0,10,20,2,31,75,0,0,1,13,2,81,49,17,0,0,0,11,32,87,3,0,0,0,0,53,136,5,0,0,0,0,0,79,121
0,0,0,0,113,103,0,0,46,47,2,1,91,105,1,1,52,132,11,0,2,0,0,0,3,34,13,0,0,6,4,0,3,0,0,0,132,114,1,1,132,31,0,0,79,55,2,13,117,33,0,0,0,0,1,6,2,0,0,0,2,8,3,2,6,2,6,59,132,47,1,3,132,41,17,27,67,20,2,30,110,5,0,0,0,2,4,20,1,0,0,0,0,24,21,1,0,2,24,126,43,0,0,0,40,56,81,100,13,1,0,1,23,10,2,3,5,28,28,9,0,0,0,0,0,106,46,0
0,0,0,62,69,0,0,0,60,34,5,37,30,0,0,8,63,65,49,15,0,0,0,7,8,6,17,30,6,5,1,2,9,0,0,61,39,14,3,14,94,3,0,64,93,8,0,22,151,59,59,29,2,0,0,28,14,35,151,110,2,0,0,0,34,3,1,23,33,19,2,10,61,22,14,55,65,12,0,1,151,70,14,5,1,0,0,5,75,25,85,18,0,0,0,0,25,40,39,20,3,0,0,3,12,84,128,47,2,0,0,0,151,151,27,1,0,0,0,0,36,16,0,0,0,6,3,0
108,41,7,26,21,9,2,19,10,4,36,119,64,1,0,3,1,12,119,106,4,0,0,0,0,48,119,24,0,0,0,0,53,25,13,25,23,2,2,50,24,10,7,45,88,29,4,27,89,39,50,9,12,7,2,11,24,27,83,39,46,17,1,3,21,61,46,16,13,10,9,21,13,29,14,60,97,59,10,4,80,9,0,11,23,29,62,87,18,2,0,0,91,71,41,48,43,19,3,5,18,29,16,34,0,1,0,4,85,119,21,1,11,2,0,8,56,79,72,81,12,1,0,0,33,119,73,80
57,119,73,52,7,0,0,0,14,48,72,119,29,2,0,2,60,119,38,4,0,0,0,2,37,49,25,9,21,19,2,4,71,98,14,24,22,11,3,7,15,16,32,89,87,34,1,4,104,89,25,6,10,17,14,31,8,18,22,22,31,39,47,11,17,7,0,0,12,25,119,68,18,13,2,6,60,42,54,23,83,44,4,21,34,16,8,25,36,5,2,23,40,28,30,21,1,0,0,0,0,7,119,107,33,1,0,0,0,2,94,119,92,4,0,6,34,20,6,85,29,12,2,9,67,65,13,28
0,0,2,1,9,50,35,1,0,1,2,0,0,75,121,4,11,0,0,0,0,34,126,46,15,2,1,3,5,12,60,23,0,0,0,1,76,80,5,0,10,2,0,1,81,126,56,14,126,7,0,0,6,51,56,110,105,14,3,2,0,0,0,18,0,0,0,31,126,18,0,0,15,28,21,63,126,45,1,2,126,106,14,10,11,5,2,14,126,27,0,0,0,0,0,6,0,0,0,47,50,8,13,0,1,18,44,114,35,3,3,0,75,112,26,8,0,0,0,0,50,26,0,0,0,0,0,7
0,0,0,16,91,14,3,0,3,3,0,1,35,44,84,42,23,1,0,0,0,1,37,125,41,2,0,0,0,0,0,69,0,0,0,46,125,3,0,0,16,2,2,63,125,49,26,38,125,19,2,5,9,7,15,125,115,10,0,0,0,0,0,51,0,0,0,80,71,1,0,0,10,22,34,125,110,1,0,2,125,125,43,39,7,0,0,9,68,80,12,0,0,0,0,1,1,1,1,14,21,8,26,10,0,28,61,72,22,0,0,0,10,125,75,12,0,3,0,0,3,58,28,0,1,19,4,0
146,149,0,0,0,0,0,0,51,45,5,4,0,0,0,0,0,2,12,105,7,0,0,0,15,1,4,149,73,0,0,12,63,132,0,0,0,0,0,5,26,17,0,0,0,0,3,13,15,11,5,15,10,0,0,2,1,1,2,70,149,16,0,0,33,10,1,0,0,0,0,23,34,1,0,0,0,0,1,30,39,10,0,1,19,25,1,3,0,1,0,3,149,149,2,0,13,4,1,1,0,0,2,5,38,6,0,0,0,8,7,9,17,0,0,0,26,149,30,5,0,0,0,0,148,149,10,1
0,0,0,0,114,119,19,26,19,3,0,0,74,119,53,34,37,3,0,0,5,13,55,81,3,0,0,0,22,47,73,32,5,0,0,0,119,119,40,63,94,58,2,0,88,65,3,12,56,53,13,5,34,16,0,11,15,0,0,2,88,78,8,20,5,0,0,0,65,95,57,17,119,17,0,0,37,24,2,37,72,12,5,11,79,2,0,23,23,6,0,14,119,11,1,4,21,2,0,3,52,37,24,8,119,23,0,0,0,4,3,10,81,7,0,8,51,0,0,5,18,3,0,21,119,0,0,4
10,0,0,0,2,3,37,89,163,0,0,0,0,0,3,168,55,0,0,0,0,6,22,65,0,0,0,0,0,8,48,18,32,0,0,1,12,11,16,35,168,19,0,0,0,0,1,69,145,10,0,1,8,7,4,20,0,0,0,8,13,11,14,2,56,6,0,0,2,28,29,17,168,61,0,0,0,0,2,34,134,18,0,3,5,0,0,8,0,0,1,14,6,0,0,0,105,33,0,0,0,3,16,8,168,163,0,0,0,0,0,0,44,34,1,3,6,0,0,0,0,0,1,4,10,8,0,0
0,0,15,43,10,41,77,2,74,35,19,15,5,11,25,18,75,30,2,0,0,0,0,9,4,1,0,0,0,0,4,21,23,0,0,0,2,93,147,50,147,17,0,0,0,4,51,99,90,26,7,1,0,6,5,4,5,1,2,0,0,4,7,6,147,71,0,0,26,73,51,48,147,84,0,0,0,0,4,32,73,2,0,0,0,18,36,19,0,0,0,0,0,8,38,19,145,147,10,7,17,5,0,0,147,96,0,0,0,0,4,9,21,3,0,0,0,27,26,6,0,0,0,0,0,59,49,4
0,0,1,56,139,81,4,0,6,0,0,0,38,60,57,68,4,0,0,24,9,10,46,55,1,0,101,139,7,6,17,9,2,1,0,0,139,139,3,1,92,10,0,0,35,66,17,48,35,0,0,0,0,24,47,36,0,0,1,0,0,23,86,23,3,23,13,5,139,139,0,0,55,63,12,1,12,19,4,3,11,1,0,0,4,92,37,4,20,26,0,0,0,66,60,8,10,21,9,4,49,39,0,1,2,18,9,1,28,38,1,0,1,4,0,1,46,73,3,0,106,139,0,1,7,22,7,1
11,1,0,0,32,13,0,1,48,9,0,1,3,1,0,3,129,1,0,3,7,2,1,19,189,0,0,0,0,0,0,47,34,5,0,0,18,17,5,9,64,27,2,4,4,2,0,1,133,4,1,13,19,11,2,14,189,3,0,0,0,0,0,36,72,14,0,0,21,5,2,12,65,11,0,1,14,19,1,5,148,0,0,1,30,55,8,22,189,15,0,0,0,0,0,16,29,65,2,2,11,0,0,0,14,34,5,21,26,2,0,0,126,9,6,29,44,7,0,5,189,4,0,0,0,0,0,49
0,0,0,0,44,127,16,1,18,0,0,0,8,85,61,63,11,0,0,0,0,15,45,47,0,0,0,0,0,10,109,19,6,0,0,11,127,112,11,5,127,3,1,5,41,40,26,74,45,1,5,28,36,55,30,19,0,0,25,38,16,43,119,9,4,3,11,125,127,1,0,0,127,75,39,55,35,0,0,1,51,44,57,39,9,0,0,0,0,4,127,77,4,1,1,0,0,0,12,70,80,45,21,2,10,60,60,35,5,8,40,35,17,64,31,0,0,0,2,19,5,14,66,9,0,0,0,2
0,0,0,0,0,49,22,3,0,0,0,0,4,77,54,5,0,0,0,0,20,123,42,0,2,9,6,0,3,106,103,6,4,0,0,0,0,123,122,10,71,2,0,2,9,68,123,98,13,5,30,54,86,72,8,11,1,61,81,13,11,25,6,0,49,48,0,0,0,123,69,10,123,118,1,1,0,8,15,28,35,22,37,59,4,0,0,1,0,9,32,40,26,7,0,0,92,123,0,0,0,9,2,0,76,123,0,0,0,0,0,0,5,33,10,16,3,0,0,0,0,0,2,44,56,0,0,0
0,0,0,0,0,10,60,3,0,0,0,0,0,0,36,33,0,0,0,7,33,0,5,12,0,0,0,184,193,0,0,0,1,0,1,8,7,21,62,12,11,1,0,0,0,0,45,98,38,4,0,5,13,0,11,64,3,0,0,193,193,0,0,1,1,0,1,14,19,31,19,6,63,14,0,0,0,2,10,33,104,40,1,3,2,0,0,12,5,4,1,117,193,0,0,0,3,0,0,0,1,30,52,17,58,1,0,0,0,1,9,45,50,3,0,0,0,0,0,10,2,0,0,13,28,0,0,0
223,0,0,0,0,0,0,136,18,0,0,8,7,3,0,4,1,5,2,7,4,0,0,1,3,4,0,0,0,0,0,3,223,30,0,0,0,0,0,50,39,1,0,0,3,10,1,4,10,9,1,0,1,1,0,1,0,3,0,0,0,0,0,0,223,141,0,0,0,0,0,0,24,7,4,5,2,1,0,0,5,0,3,0,0,0,0,1,0,0,0,0,0,0,0,0,223,130,4,1,0,0,0,0,5,4,14,10,1,0,1,0,0,0,2,1,0,0,0,0,0,0,0,0,0,0,0,0
115,97,0,0,0,0,46,46,84,121,22,2,0,0,5,8,6,31,65,33,0,0,3,4,1,32,56,5,5,3,0,0,121,121,12,2,0,0,2,14,54,66,7,15,5,9,47,26,121,31,17,3,0,0,21,54,46,39,33,5,89,49,0,4,121,48,10,4,0,0,2,121,25,16,29,44,4,3,28,52,121,53,13,4,0,0,8,36,72,22,6,75,112,12,0,8,43,75,72,3,0,0,1,31,12,15,38,3,0,0,33,41,93,26,10,0,0,0,13,82,58,9,1,28,20,11,18,51
3,2,0,0,13,102,42,15,36,6,0,0,0,6,33,134,126,1,0,0,0,0,0,120,153,0,0,0,0,0,0,65,6,44,44,2,1,44,12,2,76,89,4,0,0,1,1,19,153,12,0,0,0,0,0,66,153,0,0,0,0,0,0,86,1,20,59,4,0,0,0,0,24,28,6,2,0,0,1,18,114,2,0,0,0,0,1,70,153,3,0,0,0,0,0,54,0,0,13,16,0,0,0,0,1,0,4,23,0,0,1,7,117,6,1,2,0,0,1,20,153,32,0,0,0,0,0,3
1,5,1,2,9,26,0,0,2,16,14,0,0,1,0,0,0,12,30,24,6,0,0,0,0,0,4,80,128,1,0,0,1,6,9,10,4,0,0,0,18,15,4,0,0,0,0,3,31,16,10,9,22,2,0,1,0,0,2,17,206,53,0,0,0,0,1,22,3,0,0,0,22,1,0,2,0,0,0,1,44,1,0,0,37,27,1,4,0,0,0,0,206,206,0,0,0,0,0,26,11,0,0,0,8,0,0,7,6,1,1,3,9,0,0,0,58,80,6,6,0,0,0,0,206,206,0,0
19,0,0,0,0,23,54,77,10,0,0,0,0,37,129,81,7,0,0,0,0,10,128,82,42,2,0,0,0,1,29,90,61,0,0,0,14,68,15,24,119,5,0,0,11,58,23,35,75,1,0,0,17,61,38,49,129,9,0,0,0,3,7,59,49,13,0,0,17,94,11,9,129,48,0,0,24,37,3,7,110,6,0,0,54,72,5,19,129,10,0,0,0,1,0,29,45,71,19,10,6,40,8,2,65,81,16,18,40,7,0,0,77,63,16,23,58,17,0,1,129,62,0,0,0,0,0,5
2,12,20,0,0,2,54,3,26,8,1,0,0,0,58,84,20,3,0,0,0,0,62,128,48,10,0,0,0,0,20,112,0,0,20,21,1,9,87,1,27,4,9,14,1,4,95,78,128,97,1,0,0,0,13,85,84,128,4,0,0,0,0,17,0,0,23,34,5,15,24,0,39,21,30,32,2,4,12,15,128,45,3,0,0,0,0,119,89,35,1,0,0,4,5,91,0,0,0,1,14,39,79,5,6,1,0,0,0,6,83,78,78,0,0,0,0,0,14,128,99,0,0,0,0,0,2,128
113,37,22,34,14,6,26,113,96,3,0,0,1,35,21,38,0,0,0,10,86,104,6,0,0,9,13,15,99,100,0,0,74,36,50,113,18,0,1,42,107,13,6,10,3,9,15,86,10,7,10,55,107,11,1,1,1,67,113,61,60,3,0,0,5,6,21,113,74,5,0,1,91,47,39,36,12,3,0,7,23,21,7,11,64,18,0,2,27,64,27,7,11,14,1,0,0,1,97,88,14,1,0,0,1,19,108,68,12,1,0,0,4,43,85,45,19,1,0,0,8,30,65,29,7,3,0,0
10,4,2,0,0,0,59,60,32,9,0,0,0,0,35,130,71,25,0,0,0,0,15,130,26,3,0,0,0,0,0,17,27,10,13,28,2,2,40,42,130,130,6,0,0,0,6,61,89,130,18,0,0,1,1,15,19,19,0,0,0,7,11,1,25,14,11,15,1,3,27,33,130,37,3,0,0,0,1,130,108,24,2,0,0,8,10,96,0,1,0,0,0,20,16,1,20,2,0,0,0,4,42,93,130,0,0,0,0,0,5,130,130,0,0,0,0,0,2,130,6,0,0,0,0,1,1,7
108,0,0,0,0,0,10,113,11,0,0,0,0,0,55,33,0,0,0,0,0,0,17,18,0,0,0,0,0,0,0,1,61,3,0,0,0,0,87,128,19,2,0,0,0,0,128,118,81,12,0,0,0,0,43,126,12,0,0,0,0,11,2,7,4,1,1,0,0,29,128,34,128,30,0,0,0,0,80,128,128,88,0,0,0,3,5,60,10,4,0,0,8,28,3,2,3,5,42,12,2,17,25,6,122,15,11,1,0,1,15,128,56,4,0,0,0,2,33,128,0,0,0,0,3,10,17,63
14,5,9,5,0,0,14,83,127,84,8,1,0,0,0,54,100,105,0,0,0,0,0,45,6,13,0,0,0,0,0,3,57,42,7,14,11,0,6,78,128,82,28,0,0,0,0,95,128,36,6,0,0,0,0,103,27,2,0,0,0,0,0,9,113,128,21,8,2,0,0,4,74,128,128,0,0,0,0,1,60,122,70,0,0,0,1,3,14,12,0,0,0,0,0,1,128,71,0,0,0,0,0,8,106,40,13,0,0,0,14,10,0,7,9,0,0,1,29,9,0,0,0,0,0,0,14,10
0,12,180,4,0,0,0,0,9,49,180,1,0,0,0,1,12,47,180,93,25,0,0,2,0,8,141,180,132,0,0,0,0,2,15,0,0,0,0,0,35,10,9,0,0,0,0,13,73,10,7,34,26,0,0,21,2,8,100,180,91,0,0,0,2,0,0,0,0,0,0,2,34,16,0,0,0,0,0,1,90,24,0,3,0,0,0,3,6,3,32,31,0,0,0,0,4,10,2,0,0,0,0,1,29,20,3,0,0,0,0,0,64,8,0,0,0,0,0,6,5,0,0,0,0,0,0,3
27,29,25,2,0,0,0,21,123,52,5,0,0,0,0,11,97,17,3,24,27,1,1,13,0,0,7,123,93,0,0,0,53,2,0,0,0,0,3,119,123,11,0,0,0,0,0,97,108,17,2,5,9,1,4,85,7,15,63,60,18,1,1,2,118,15,0,0,0,0,4,72,123,123,0,0,0,0,0,27,90,123,1,0,0,0,0,8,18,28,13,3,9,22,5,2,123,22,0,0,0,0,0,8,123,78,0,0,0,0,0,17,45,50,1,0,0,27,7,12,1,2,0,0,12,121,24,0
1,3,6,0,0,0,0,1,38,4,1,0,0,0,0,19,99,4,6,23,2,0,0,27,6,18,93,54,1,0,0,0,4,2,0,0,0,0,0,8,49,16,1,0,0,0,0,1,144,7,0,0,0,0,0,19,14,0,2,0,0,0,0,9,16,21,1,0,0,0,0,2,22,32,5,0,0,10,13,5,63,7,0,0,0,17,110,40,5,0,0,0,0,3,174,42,7,11,2,0,0,6,9,2,3,2,0,1,65,191,48,3,2,12,14,6,39,191,191,11,2,22,34,0,0,27,191,41
13,17,2,0,2,13,48,97,13,19,5,10,25,45,14,10,32,54,30,6,5,7,20,8,4,17,20,9,29,13,16,4,64,0,0,0,0,1,49,137,113,25,1,1,5,11,10,79,34,19,1,2,39,42,25,12,49,57,5,2,5,4,13,10,137,67,9,0,0,0,2,137,137,72,2,2,25,33,3,21,59,58,20,3,29,85,20,14,107,57,3,0,0,0,3,8,137,137,50,6,0,0,0,2,70,92,7,11,52,8,0,0,30,136,41,6,18,4,0,0,13,29,13,4,10,4,5,2
96,0,0,0,0,0,1,188,3,0,0,0,0,0,15,27,0,0,0,0,0,0,4,7,0,0,0,14,7,0,0,0,188,0,0,0,0,0,3,188,37,1,0,0,0,0,44,60,26,2,0,0,0,0,12,44,4,0,0,0,0,0,0,2,188,27,0,0,0,0,0,103,96,36,8,0,0,0,3,11,42,44,1,0,0,0,0,5,5,2,0,0,0,0,0,0,188,163,0,0,0,0,3,20,75,19,1,0,0,0,4,61,16,19,0,0,0,0,0,9,0,0,0,0,0,0,0,0
35,28,5,38,16,0,0,9,57,56,21,6,0,0,0,19,78,24,23,11,2,1,0,34,141,39,1,0,0,0,0,44,49,7,2,81,38,1,0,13,141,69,71,15,3,0,0,35,45,131,141,27,0,0,0,1,50,134,34,7,8,2,1,1,25,10,17,44,54,3,0,6,141,74,20,9,5,0,0,32,141,47,68,1,0,2,1,7,0,12,18,27,12,5,1,0,10,89,86,15,1,0,0,0,91,141,62,2,0,0,0,0,54,36,0,0,0,11,3,1,0,0,0,1,1,8,5,0
112,98,43,0,0,1,8,48,95,10,2,5,27,16,11,114,38,4,7,13,29,18,21,78,64,1,0,0,0,0,0,45,89,23,27,5,2,12,33,69,115,47,9,9,6,3,3,62,45,26,36,49,30,32,10,27,69,4,2,0,1,3,8,94,71,100,115,19,2,0,0,10,114,44,44,30,10,5,12,72,20,3,11,39,42,45,21,55,14,0,4,28,29,14,53,115,115,20,26,19,11,10,11,58,7,1,9,48,47,61,33,15,14,1,4,17,11,19,98,84,24,4,11,65,54,7,24,45
2,18,152,4,0,19,22,8,137,102,87,0,0,2,11,47,83,102,35,2,0,0,0,2,2,22,60,4,0,0,0,0,19,0,0,0,18,55,14,11,160,52,0,0,1,8,8,36,150,67,5,0,0,0,0,2,0,5,13,0,0,0,0,0,25,3,1,8,46,11,0,3,160,10,0,2,4,1,0,55,160,4,0,0,0,0,0,29,0,0,0,0,0,0,0,0,14,5,0,4,27,3,0,0,160,9,0,1,1,0,0,28,160,0,0,0,0,0,0,30,1,0,0,0,0,0,0,0
26,91,26,16,6,1,8,15,26,159,19,0,0,0,0,1,32,44,0,0,0,0,0,8,10,6,1,5,3,0,0,1,57,151,8,0,0,0,1,6,27,31,7,0,0,0,0,5,51,3,0,0,0,0,0,16,27,7,0,0,7,29,3,3,20,23,0,0,0,0,20,33,24,5,0,0,0,1,8,22,31,7,0,0,0,41,48,7,8,0,0,0,4,159,89,4,2,0,0,0,0,1,101,41,10,0,0,0,0,78,159,38,1,0,0,0,0,159,159,2,0,0,0,0,0,159,159,1
6,0,0,3,3,3,76,119,47,29,10,7,5,1,14,59,41,115,20,1,0,0,6,8,22,39,2,0,1,2,22,19,59,28,65,87,3,1,19,92,119,33,7,0,0,2,6,76,61,6,0,0,0,41,94,23,1,0,0,0,0,10,119,45,10,26,119,104,0,0,0,0,73,58,85,38,7,13,6,6,9,0,7,47,48,116,69,5,11,5,16,19,10,29,119,88,10,6,24,15,1,0,0,0,0,3,49,61,4,0,0,0,0,0,81,119,18,4,0,0,9,17,119,60,4,3,4,9
0,2,3,21,43,36,4,0,57,41,12,18,13,42,21,24,141,96,16,2,0,1,3,55,36,44,81,9,1,1,2,7,0,0,2,27,29,15,20,9,52,20,12,30,53,33,12,44,141,49,4,0,1,3,5,141,96,23,39,17,9,5,4,32,14,48,16,8,10,12,20,23,43,55,49,62,43,15,2,5,141,117,8,3,1,1,3,39,78,6,0,0,3,64,53,40,15,68,17,5,1,12,40,16,13,18,31,31,7,39,89,13,100,18,4,1,0,5,45,141,11,0,0,0,28,123,25,44
0,0,0,1,147,94,0,0,77,45,1,1,40,25,0,0,147,106,0,0,0,0,0,0,17,30,6,0,0,0,0,0,0,1,2,30,147,13,0,0,117,33,7,11,26,0,0,7,147,23,0,0,0,0,0,34,31,8,7,3,0,0,0,3,0,1,3,75,147,0,0,0,62,49,12,21,20,0,0,4,147,25,0,0,0,0,0,32,53,4,4,4,0,0,0,7,0,0,1,113,110,0,0,0,22,9,22,58,20,0,0,6,140,7,5,0,0,0,0,82,46,0,1,1,0,0,0,56
1,9,41,78,78,17,10,4,7,26,23,3,12,38,56,35,17,9,11,14,36,102,12,4,139,33,2,1,2,11,3,21,2,1,3,65,139,47,8,4,68,18,7,15,36,29,32,42,28,25,50,22,9,11,3,7,139,46,13,1,0,0,0,13,0,1,4,139,139,27,5,0,35,19,11,59,74,28,21,31,53,17,7,0,0,1,13,62,139,15,2,0,0,1,17,58,1,3,4,57,124,45,22,2,6,48,30,78,83,25,4,4,32,78,8,0,2,13,2,10,13,2,0,0,31,87,57,31
21,0,0,7,33,12,20,54,169,0,0,0,0,1,3,161,35,0,1,9,5,3,1,18,0,0,7,7,1,3,2,0,29,0,0,2,69,52,15,21,169,5,0,0,0,2,5,83,114,7,2,7,6,0,0,9,0,11,16,5,8,4,0,0,49,5,0,2,103,40,8,11,169,56,0,0,0,1,2,18,127,17,2,4,1,0,0,1,19,35,15,2,0,0,0,1,67,76,0,0,42,39,1,1,169,169,0,0,0,0,0,0,42,24,2,1,0,0,0,0,31,1,0,0,0,0,0,13
0,3,3,0,1,32,15,0,10,0,0,0,3,57,76,71,62,0,0,0,0,2,26,144,14,0,0,0,10,0,0,15,0,0,0,0,28,50,33,4,35,5,1,16,130,121,43,50,144,16,1,2,6,11,21,144,72,1,0,0,5,1,0,15,0,0,0,2,18,6,73,52,34,37,23,74,98,12,22,16,144,101,15,12,4,1,1,57,69,3,0,1,0,0,0,33,1,0,9,10,0,0,49,51,7,4,3,4,1,2,66,62,44,8,1,0,0,0,49,144,12,0,0,0,0,0,9,144
1,0,0,0,26,76,40,10,137,1,0,0,11,33,49,143,71,0,0,0,10,1,0,35,0,0,0,1,23,1,0,0,3,7,6,27,89,34,33,27,143,107,16,26,41,17,8,51,140,16,0,1,4,0,0,16,0,0,0,9,20,0,0,0,3,3,7,15,5,2,58,76,94,36,7,6,2,0,43,143,57,3,0,2,0,0,3,143,5,0,2,17,10,0,0,10,0,0,29,82,11,1,16,11,4,0,2,30,21,4,53,122,101,0,0,0,0,0,6,143,49,1,5,5,0,0,0,69
0,0,10,58,25,48,15,0,31,34,58,39,17,58,39,50,133,25,3,0,0,0,10,133,19,0,0,0,0,0,21,39,9,4,0,2,26,48,96,33,44,7,2,31,133,67,32,65,133,19,1,3,6,3,9,133,64,1,0,0,1,3,4,20,21,74,84,12,5,0,14,23,26,72,69,122,51,0,0,3,133,133,27,12,3,0,0,8,51,21,4,2,1,1,0,2,0,13,65,18,5,9,2,0,32,38,35,30,4,7,2,3,105,112,9,0,0,0,0,1,7,16,13,6,0,0,0,0
10,21,59,128,20,42,18,11,144,102,45,13,0,4,11,68,93,7,1,0,0,0,10,57,1,1,1,0,0,0,7,8,19,4,1,9,98,98,43,41,144,17,1,3,18,16,23,144,113,1,0,0,0,2,17,46,0,0,0,0,0,1,12,3,18,55,55,92,72,3,1,6,144,144,33,21,15,1,0,12,90,30,1,1,1,4,0,2,0,0,0,0,0,2,0,0,29,45,31,32,4,6,3,2,71,144,19,3,0,0,0,0,5,19,15,13,1,0,0,0,0,0,2,4,0,0,0,0
4,1,0,0,0,61,133,41,23,13,11,45,33,5,47,133,1,0,13,113,105,10,4,6,0,0,15,78,49,25,9,1,21,10,4,23,34,130,133,62,133,38,3,8,18,11,65,133,50,1,5,71,133,30,11,24,0,1,17,42,126,43,8,2,13,17,7,28,18,4,0,1,133,66,4,3,1,11,6,12,29,2,1,8,20,81,47,5,0,0,2,11,86,88,21,0,0,0,0,0,0,0,0,0,0,0,0,0,0,0,0,0,0,0,0,0,0,0,0,0,0,0,0,0,1,3,0,0
0,0,0,0,5,27,124,20,1,0,0,0,0,22,139,27,19,13,7,8,10,12,51,56,0,1,4,22,99,45,8,3,2,0,0,3,29,61,139,26,29,7,1,8,27,80,139,114,139,27,4,10,25,6,52,139,15,2,3,43,139,26,3,13,0,0,0,5,25,7,1,0,44,81,19,27,34,17,11,13,139,139,6,1,14,16,20,43,17,4,2,17,108,42,23,5,0,0,0,0,0,0,0,0,2,6,0,0,0,0,0,0,13,15,0,0,0,9,17,2,0,0,0,3,7,33,44,5
0,0,0,0,0,0,0,0,1,1,0,0,0,0,0,0,0,4,2,0,0,0,0,0,0,4,0,1,8,0,0,0,7,0,0,0,0,2,22,16,146,53,1,0,0,1,18,50,69,109,31,0,0,0,9,24,26,67,12,61,137,3,0,16,61,16,0,0,0,1,31,37,146,46,1,0,0,1,28,108,120,19,11,1,1,3,39,93,93,8,13,72,35,0,4,123,40,25,5,0,0,0,0,8,146,57,15,0,0,0,10,146,53,23,10,0,0,2,44,121,52,7,2,1,0,1,24,125
61,0,0,0,0,0,7,27,26,0,0,0,0,0,31,67,26,0,0,0,0,0,63,114,0,0,0,0,0,0,83,114,114,3,0,0,0,0,15,114,114,12,0,0,0,3,37,82,52,1,0,0,0,43,109,71,39,2,0,0,0,5,81,114,114,114,31,3,0,0,1,48,114,43,0,0,0,36,39,21,77,34,0,0,0,62,49,16,77,18,0,0,0,28,23,19,6,70,114,66,5,4,2,0,20,53,28,36,7,34,33,5,57,114,9,3,9,12,7,2,34,27,2,3,22,44,6,2
0,0,0,0,0,5,92,78,10,0,0,0,0,1,41,60,19,0,1,0,2,38,27,86,0,0,0,0,7,124,66,6,14,3,1,1,18,33,124,118,124,23,7,3,4,3,50,124,27,9,11,12,71,85,17,23,0,0,9,18,47,110,30,3,22,96,42,10,21,12,10,14,124,124,22,1,13,30,10,39,27,6,0,10,115,121,7,5,0,0,4,21,51,32,36,9,1,27,8,0,0,0,3,1,6,51,5,0,13,27,57,24,1,1,0,15,44,80,24,9,1,0,0,5,79,97,36,5
38,0,0,0,1,0,8,64,26,0,0,0,0,4,45,70,19,0,0,0,0,37,53,53,18,0,0,0,0,16,52,44,56,12,6,13,12,1,7,127,124,13,0,0,0,4,19,94,52,3,0,0,4,71,16,22,69,7,0,0,7,22,7,16,24,104,96,24,2,0,0,9,71,99,48,16,4,13,5,9,58,52,18,9,5,42,12,6,53,49,15,15,22,5,0,1,0,113,127,0,0,0,0,0,0,60,127,90,3,0,0,0,8,101,127,100,3,1,0,0,5,112,118,26,1,0,0,0
0,0,0,0,0,0,12,5,138,22,0,0,0,0,29,57,102,71,16,0,0,0,8,18,26,61,14,13,36,0,1,18,19,14,0,0,0,0,8,9,138,92,0,0,0,0,18,76,138,23,10,2,1,2,26,60,100,8,5,17,13,0,8,102,10,12,9,0,0,0,0,2,138,76,48,1,0,0,1,138,81,47,12,0,0,0,31,138,55,13,4,0,0,0,27,102,0,0,33,1,0,0,0,0,12,64,138,6,0,0,0,8,32,106,51,7,7,19,5,13,41,19,2,0,2,28,27,31
30,0,0,0,0,7,41,87,6,0,0,0,0,13,132,89,5,0,0,0,0,0,119,131,32,0,0,0,0,0,46,96,58,1,0,0,0,49,30,25,90,4,0,0,0,39,40,42,61,1,0,0,0,25,60,72,132,17,0,0,0,0,12,67,42,21,0,0,0,57,29,8,107,56,0,0,11,28,7,5,114,9,0,0,12,58,14,17,132,41,0,0,0,0,0,6,28,102,44,19,2,9,6,1,26,75,38,35,32,7,0,0,82,90,16,17,25,12,0,1,132,92,0,0,0,0,0,0
4,0,0,0,10,45,30,28,23,0,0,0,7,24,26,54,31,0,0,0,12,25,18,69,125,0,0,0,0,0,0,124,21,0,0,0,20,42,9,34,96,1,0,1,18,18,4,40,51,3,1,12,53,14,3,32,125,4,0,0,1,0,0,91,32,11,13,6,14,36,5,14,125,62,10,4,6,10,1,9,38,62,112,39,16,0,0,0,113,65,72,2,0,0,0,13,4,61,125,28,3,1,0,0,42,125,118,23,0,0,0,0,29,125,125,1,0,0,0,0,2,45,125,1,0,0,0,0
2,165,136,0,0,0,0,1,6,68,5,0,0,0,2,9,49,1,0,0,0,0,0,76,32,0,0,0,0,15,25,93,1,9,4,0,0,1,1,2,6,0,0,0,0,3,11,11,57,5,0,0,4,9,4,19,16,1,0,2,101,165,71,28,0,0,0,0,1,5,1,0,14,13,0,0,2,5,1,1,33,11,0,0,23,30,8,7,1,4,19,110,165,165,8,1,3,0,0,0,1,13,9,3,38,19,1,0,7,8,3,5,5,9,1,0,59,99,28,2,0,0,3,25,165,165,37,2
0,0,0,0,0,0,54,22,0,0,0,0,0,0,49,7,0,0,0,0,0,0,16,12,0,0,0,0,0,0,0,1,0,0,0,0,0,0,135,114,11,0,0,0,0,1,135,97,81,2,0,0,0,0,64,129,15,0,0,0,0,0,0,9,10,7,9,6,0,1,122,117,135,78,0,0,0,0,74,121,135,113,0,0,0,0,6,33,24,6,0,0,2,0,0,1,34,36,25,8,0,0,10,42,135,135,2,0,0,0,0,43,91,94,0,0,0,0,0,17,3,3,0,0,0,0,0,0
62,12,3,8,31,12,1,14,151,14,0,0,0,0,0,53,151,0,0,0,0,0,0,45,7,0,0,0,0,0,0,2,27,67,151,48,9,0,0,0,151,94,83,5,0,0,0,29,151,35,5,0,0,0,0,93,24,1,0,0,0,0,0,10,2,100,151,40,0,0,0,0,15,76,151,30,0,0,0,1,74,149,67,0,0,0,0,5,14,11,0,0,0,0,0,0,0,32,19,3,0,0,0,0,0,4,45,4,0,0,0,0,0,13,15,0,0,0,2,0,0,1,0,0,0,0,0,0
2,0,0,4,3,2,16,33,12,1,17,109,37,4,10,51,1,0,43,145,145,34,18,11,40,28,145,122,39,11,23,79,0,0,0,13,13,2,2,6,7,0,2,12,23,11,61,67,45,11,69,145,70,9,44,37,22,19,145,145,20,0,1,18,0,0,0,3,14,6,20,2,9,12,12,22,32,6,8,5,145,37,15,5,0,0,2,11,48,8,24,128,19,0,0,2,0,0,0,0,0,1,43,12,7,4,2,1,0,2,27,31,79,13,1,0,0,0,0,44,50,4,3,14,5,0,0,21
39,1,0,0,0,0,1,13,2,0,0,0,2,16,8,3,26,26,0,0,4,10,3,2,25,20,2,0,30,53,15,4,33,2,0,1,1,3,4,20,10,4,4,6,10,42,25,9,117,36,3,1,20,37,13,23,13,13,2,1,141,141,52,11,26,53,16,5,1,0,0,2,4,55,98,24,8,4,0,0,35,45,54,30,141,112,8,12,28,39,10,31,141,141,39,21,3,82,41,0,0,0,0,0,0,60,60,2,9,22,0,0,0,9,17,28,141,122,1,0,26,62,38,65,141,31,1,1
4,53,60,5,3,5,1,1,12,72,40,2,1,0,0,5,18,47,21,0,0,0,0,4,5,52,9,1,0,0,0,0,47,15,14,10,9,1,46,48,16,3,2,11,15,2,7,20,96,21,0,0,0,0,0,16,17,28,0,0,1,0,0,0,68,1,0,0,1,0,163,163,86,10,5,7,3,0,19,163,110,29,2,0,0,0,0,4,19,5,0,0,3,1,3,3,163,26,11,0,0,0,43,163,163,3,0,0,0,0,0,163,64,8,0,0,0,0,12,41,4,0,0,0,0,0,24,19
93,36,2,0,0,0,45,145,56,11,1,0,3,0,32,145,12,3,1,2,9,2,1,13,18,17,3,0,0,0,0,1,39,26,48,13,0,0,39,101,145,36,2,0,0,0,15,145,89,24,4,2,1,0,0,20,19,32,0,0,0,0,0,0,68,63,19,3,0,1,40,52,145,93,1,0,0,0,0,20,126,23,0,0,0,0,2,13,9,6,0,0,0,0,4,14,18,145,79,0,0,0,0,2,133,145,11,0,0,0,0,12,42,12,0,0,1,6,8,26,9,0,0,0,0,1,6,28
5,3,7,113,3,0,1,11,102,36,13,21,0,0,1,31,84,127,61,0,0,0,0,26,77,73,14,5,1,0,2,16,5,0,4,60,6,0,9,81,126,21,16,64,13,0,0,44,131,106,34,0,0,0,0,65,20,44,20,17,3,4,0,2,35,28,61,30,2,0,2,44,54,131,55,15,4,0,0,11,131,131,16,0,0,0,0,14,21,9,1,1,1,8,1,2,3,56,131,31,0,0,0,0,8,131,67,0,0,0,0,0,6,108,16,1,0,0,0,0,0,15,21,1,0,0,0,0
0,0,0,0,31,119,50,13,5,0,0,0,19,119,119,27,2,0,0,0,1,23,119,55,15,0,0,0,0,3,78,119,2,0,0,0,37,119,86,34,67,15,0,1,38,78,13,17,22,5,0,4,73,46,27,34,94,0,0,0,2,4,10,119,14,0,0,4,48,76,23,8,119,3,0,3,18,16,6,16,37,3,0,21,119,2,0,4,119,2,0,1,10,0,0,33,24,3,0,24,98,3,0,1,119,6,0,2,11,0,0,3,28,0,0,10,119,1,0,3,86,0,0,1,18,2,2,25
16,2,2,24,88,0,0,1,119,1,0,3,27,1,0,8,12,0,0,2,119,8,0,1,98,3,0,1,26,3,0,22,10,0,0,31,119,3,0,1,119,3,0,4,37,3,0,18,18,15,6,14,119,4,0,2,48,74,23,8,15,0,0,4,2,4,10,119,95,0,0,0,71,47,27,34,22,5,0,3,37,79,13,16,67,16,0,1,34,119,85,35,2,0,0,0,0,3,79,119,15,0,0,0,1,21,119,56,2,0,0,0,19,119,119,28,5,0,0,0,28,119,53,15,0,0,0,0
82,78,70,20,9,4,2,16,5,49,136,43,0,0,0,2,11,136,136,10,0,0,0,3,69,136,51,0,0,0,0,3,20,97,78,66,26,7,1,0,22,45,30,1,8,33,33,36,95,56,57,0,0,1,12,99,77,40,19,0,0,0,3,26,0,0,5,25,103,53,6,1,50,18,4,23,39,27,11,14,136,94,20,0,0,1,3,35,49,49,48,7,2,0,1,7,4,18,5,2,51,49,11,5,39,31,19,21,21,10,5,8,136,54,4,1,1,3,7,27,29,4,6,5,6,37,44,12
92,15,0,0,8,17,7,5,27,8,0,1,122,19,1,2,122,15,0,0,17,5,2,40,103,2,0,0,1,5,5,64,122,30,0,0,14,1,0,1,34,5,0,1,122,14,0,3,122,11,0,0,23,3,1,18,90,1,0,0,0,2,30,62,115,33,0,0,17,4,0,4,28,5,0,0,122,37,0,2,122,17,5,2,20,11,7,15,31,28,41,9,9,50,83,34,48,3,0,0,7,23,18,76,29,2,0,0,61,99,16,10,122,95,17,2,5,6,2,7,24,122,122,10,4,5,1,0
3,1,0,0,60,125,109,6,11,11,3,17,125,60,6,1,84,90,16,14,16,0,0,0,5,12,15,81,58,2,0,0,14,58,64,25,30,46,57,10,27,9,6,26,125,10,4,2,125,14,0,2,29,2,0,2,15,1,0,2,125,19,0,0,0,10,50,71,63,0,0,0,19,2,2,42,125,3,0,1,125,2,0,5,36,2,0,12,17,1,1,3,125,9,0,1,3,5,7,69,72,0,0,1,8,2,1,60,125,6,0,1,123,14,2,7,28,4,0,9,17,14,3,8,89,8,0,1
0,0,0,9,18,15,79,34,0,3,12,65,32,62,36,4,78,22,15,14,2,14,23,36,35,1,0,0,0,1,4,19,16,17,4,3,13,12,40,44,12,3,0,3,106,124,58,17,124,9,0,0,9,36,45,107,49,0,0,0,0,33,26,27,18,9,8,10,28,12,5,28,18,17,8,37,124,44,8,6,124,43,7,10,15,15,21,61,27,0,0,0,8,124,45,22,2,1,72,87,10,4,1,4,2,5,58,118,71,47,16,4,37,61,91,21,15,22,33,66,4,22,124,56,62,124,14,10
50,47,8,15,11,65,123,53,20,26,41,44,25,78,99,30,75,35,7,2,0,2,63,103,4,3,2,12,2,3,90,43,56,123,26,35,20,1,5,7,20,15,29,80,123,25,7,19,123,26,5,6,17,12,7,67,23,6,5,29,20,12,4,8,11,79,22,30,28,0,0,0,10,30,37,123,123,2,0,1,116,123,46,22,13,2,0,10,13,28,79,39,11,8,2,3,5,8,11,17,12,0,0,0,1,10,18,66,79,10,6,1,19,61,20,6,9,10,31,70,32,22,44,5,0,0,1,45
11,65,53,12,13,68,93,20,84,109,107,50,24,12,8,27,146,112,18,2,0,0,0,36,14,10,12,3,1,0,0,1,4,110,146,25,9,10,11,4,58,59,79,15,25,34,6,12,146,38,6,1,2,3,1,30,36,7,5,7,30,2,0,2,11,4,6,18,70,30,31,16,62,25,17,7,16,31,11,9,146,26,2,0,1,2,0,23,43,0,0,4,34,4,1,11,11,3,3,52,95,7,2,9,53,16,6,1,2,1,3,31,146,9,0,0,0,5,39,80,22,0,0,6,8,1,32,75
0,0,31,140,9,0,4,9,86,0,0,65,8,0,3,140,140,0,0,0,0,0,0,140,6,0,0,0,0,0,0,3,0,0,6,140,45,0,0,0,88,7,7,140,63,0,0,27,140,12,4,11,1,0,0,78,31,1,1,0,0,0,0,4,0,0,0,24,25,11,48,8,22,22,25,140,61,16,11,3,140,84,23,23,2,0,1,8,40,7,1,0,0,0,0,2,3,3,15,8,3,8,56,30,25,10,6,10,17,41,28,21,136,27,3,1,0,2,5,28,16,1,0,0,0,0,1,8
0,0,0,0,7,37,7,0,0,0,0,2,33,75,45,1,9,7,0,4,23,12,38,32,128,62,1,0,0,0,3,54,0,0,0,0,0,20,21,0,3,2,2,1,1,102,145,16,127,36,1,1,4,12,63,87,145,145,6,0,0,0,0,9,0,0,4,1,0,2,6,0,9,21,53,13,0,17,33,4,145,70,9,1,0,1,6,22,145,61,0,0,0,0,0,5,0,0,0,0,0,0,0,0,5,5,12,19,2,0,0,0,145,107,2,4,0,0,0,0,145,87,0,0,0,0,0,0
0,0,0,0,0,2,1,0,3,0,0,0,5,5,0,0,23,0,0,0,0,0,0,4,7,0,0,0,0,0,0,10,0,0,22,33,6,19,7,0,30,5,12,28,52,28,1,4,143,20,4,3,4,3,0,49,68,2,0,0,0,0,13,77,0,0,143,143,1,0,0,0,6,18,143,143,10,0,0,0,74,91,90,42,2,0,5,11,45,26,1,1,0,0,31,23,0,0,110,101,0,0,0,0,0,3,143,143,6,0,0,0,0,12,117,143,22,0,2,0,6,45,77,37,3,1,3,1
74,23,10,0,0,3,3,25,195,1,0,0,0,0,0,81,111,0,0,0,0,0,1,23,0,0,0,0,0,1,3,2,52,7,13,12,0,0,0,5,195,21,0,0,0,0,0,17,174,7,0,0,0,0,0,5,0,0,0,0,0,0,0,0,44,2,1,4,1,3,2,4,195,19,0,0,0,0,0,17,165,3,0,0,0,0,0,16,0,0,0,0,0,0,2,3,41,1,0,0,0,0,1,3,195,28,0,0,0,0,0,17,118,5,0,0,0,0,0,9,0,0,0,0,0,0,2,3
1,0,0,0,0,1,136,53,60,7,0,0,0,0,136,98,105,13,0,0,0,0,10,57,6,0,0,1,6,3,0,1,33,18,7,4,2,3,53,42,136,95,0,0,0,0,12,57,136,67,0,0,0,0,0,13,4,1,0,4,8,0,0,0,42,12,2,2,5,3,32,75,136,54,0,0,0,0,1,136,136,21,0,0,0,0,0,78,7,0,0,0,10,2,0,3,81,39,0,2,4,2,15,32,136,136,0,0,0,0,0,18,68,78,0,0,0,0,6,10,4,0,0,0,12,9,9,2
8,0,0,5,49,71,20,48,75,0,0,0,0,6,13,146,17,0,0,0,0,0,5,41,2,0,1,10,1,0,0,3,33,3,0,0,30,146,40,37,146,16,0,0,0,10,15,143,112,7,0,0,0,0,0,31,10,3,0,0,0,0,0,2,86,146,0,0,0,77,40,11,146,146,0,0,0,0,2,16,70,9,0,0,0,0,8,78,3,0,0,0,0,0,7,34,17,146,39,0,0,1,1,0,21,125,6,2,5,1,1,1,1,1,0,1,4,2,15,41,0,0,0,0,0,0,22,67
1,0,0,2,37,120,45,3,0,0,0,0,14,120,120,23,16,1,0,0,17,120,107,18,19,0,0,0,13,17,111,85,3,0,0,0,35,120,35,3,11,1,0,7,82,120,57,10,120,3,0,4,38,49,18,20,70,1,0,8,80,7,3,22,18,7,0,2,3,8,8,4,33,12,1,38,120,22,3,4,120,15,0,8,57,6,1,9,56,2,0,3,105,8,0,11,1,0,0,0,0,3,1,0,7,1,0,3,38,112,20,16,60,2,0,0,16,38,29,111,54,16,0,0,35,56,15,16
34,54,14,13,57,19,0,0,16,36,28,104,65,3,0,0,36,114,25,20,10,1,0,2,0,5,1,0,0,0,0,0,103,9,0,9,59,2,0,1,58,7,1,7,120,22,0,6,120,25,3,3,32,13,1,30,4,6,7,3,17,8,0,2,80,10,4,21,69,2,0,5,36,52,22,18,117,6,0,2,81,120,57,10,11,1,0,6,26,120,40,3,4,0,0,0,11,17,120,84,17,0,0,0,12,120,113,19,15,1,0,0,11,120,120,30,0,0,0,0,33,120,40,3,0,0,0,2
6,21,1,0,24,19,7,2,25,37,1,1,70,63,12,2,52,60,0,0,28,29,7,2,75,28,0,0,23,28,5,11,5,2,0,0,11,60,63,8,96,58,0,0,25,52,33,35,41,46,0,0,49,85,6,4,103,50,1,1,14,18,8,16,22,12,10,1,0,13,21,10,116,25,9,0,1,22,43,70,52,131,10,0,8,69,50,17,41,131,131,11,1,3,8,8,2,19,65,0,0,0,0,0,10,131,131,1,0,2,3,1,11,131,109,0,0,2,3,0,5,131,62,0,0,3,1,0
5,3,2,8,7,93,118,27,31,5,1,0,0,5,118,118,3,0,1,0,0,0,118,107,0,0,3,2,0,4,84,42,18,28,26,77,65,25,18,14,118,27,6,7,10,6,15,69,26,7,4,19,9,3,59,51,4,0,0,1,0,4,81,72,8,18,21,95,118,6,1,3,118,105,27,18,23,4,1,19,31,17,41,35,23,11,3,4,2,3,44,11,2,6,20,10,0,11,23,80,65,4,2,1,30,115,43,15,4,3,7,33,22,36,118,30,1,0,0,13,0,4,118,42,4,0,0,0
1,0,0,0,1,17,57,84,80,13,0,0,2,32,74,76,140,30,0,0,1,3,2,45,2,3,0,0,5,20,1,0,8,2,1,17,6,13,22,111,140,140,5,1,6,23,18,50,140,84,0,0,8,3,0,11,1,0,0,0,16,10,0,0,11,0,0,49,52,9,8,50,140,23,0,0,8,3,4,140,140,12,0,2,9,0,0,61,0,0,0,1,9,0,0,0,5,1,0,5,41,27,49,26,140,8,0,1,14,4,2,76,140,3,1,1,0,0,0,41,1,0,0,0,0,0,0,0
103,31,40,13,16,12,25,143,47,0,0,0,0,0,38,143,7,0,0,0,0,0,5,17,0,0,0,0,0,0,0,0,30,39,32,19,58,58,35,52,143,71,16,3,2,1,10,143,98,22,7,1,0,0,0,20,0,0,1,1,0,0,0,0,11,143,88,5,4,7,7,3,143,82,29,2,2,2,0,40,143,15,5,5,10,0,0,27,0,0,1,5,22,0,0,0,2,22,19,5,16,18,14,2,143,10,2,1,6,8,1,35,143,0,0,1,7,0,0,55,1,0,0,12,27,0,0,2
27,6,11,4,0,0,0,1,200,25,1,0,0,0,0,5,200,8,0,0,0,0,0,5,0,0,0,0,0,1,1,1,37,1,0,0,0,0,0,3,200,40,0,0,0,0,0,8,200,11,0,0,0,0,1,12,1,0,0,0,0,0,3,4,12,0,0,0,0,0,0,0,200,22,0,0,0,0,0,31,200,8,0,0,0,0,0,27,4,0,0,0,0,0,2,4,0,0,0,0,0,0,0,0,71,31,0,0,0,0,0,2,78,21,0,0,0,0,5,27,4,0,0,0,0,0,4,14
0,0,0,0,3,88,31,0,111,8,0,0,1,34,51,69,193,41,0,0,0,0,1,61,32,8,0,0,3,2,12,12,0,4,12,0,0,16,8,0,168,28,21,1,0,7,6,29,193,9,0,0,0,0,0,57,52,0,0,0,0,0,3,8,0,0,2,0,0,0,0,0,142,12,8,4,0,0,0,3,193,25,0,0,0,0,0,4,53,1,0,0,0,0,0,4,0,0,0,0,0,0,0,0,111,6,0,0,0,0,0,3,193,22,0,0,0,0,0,11,36,0,0,0,0,0,1,5
223,39,0,0,0,0,1,20,10,0,0,0,2,3,10,16,15,16,5,14,6,2,3,4,3,6,24,95,19,0,0,0,223,29,0,0,0,0,0,67,23,0,0,0,1,2,9,19,70,19,0,0,0,0,1,10,15,9,2,47,27,10,0,0,223,87,0,0,0,0,12,82,31,1,0,0,1,3,21,65,76,13,0,0,0,7,20,28,7,4,0,1,26,83,27,2,18,11,1,0,0,4,36,55,69,15,1,0,0,4,24,115,17,0,0,0,2,58,58,30,0,0,1,3,7,79,97,1
8,40,13,0,0,39,60,3,3,1,0,1,4,40,127,32,0,0,0,1,3,24,127,92,0,0,0,5,127,107,58,29,5,0,0,0,0,44,127,29,55,6,5,32,14,26,61,48,7,4,37,117,25,14,78,66,3,2,23,37,127,127,62,85,20,0,0,0,0,6,93,41,127,11,2,10,0,0,11,28,12,9,58,77,3,0,0,0,0,4,52,127,127,26,1,1,0,0,0,0,0,0,0,0,0,0,0,0,0,0,0,0,0,0,0,0,0,0,0,0,0,0,0,6,20,0,0,0
76,155,155,12,4,0,0,3,96,155,9,1,1,0,2,37,2,0,0,0,0,0,1,4,0,0,0,0,0,0,0,0,8,82,89,62,105,3,1,7,119,18,6,14,30,6,5,63,24,3,0,0,0,35,10,7,0,0,0,0,0,3,0,0,1,3,19,147,92,0,0,0,54,29,20,66,36,14,4,5,9,1,4,49,56,111,14,2,0,0,0,23,19,16,1,0,0,0,2,75,56,17,5,0,0,1,37,102,15,2,2,0,0,0,30,146,26,1,0,0,0,0,14,123,29,0,0,0
12,6,0,0,1,18,124,39,66,1,0,0,0,5,63,126,48,0,0,0,0,0,41,126,4,0,0,0,10,6,22,36,30,38,0,0,18,34,4,3,126,53,0,0,5,12,5,38,95,5,1,1,1,6,66,72,2,0,1,1,4,4,103,81,34,71,15,0,7,36,18,7,118,88,70,0,0,2,0,51,56,66,54,22,1,2,6,27,4,2,27,44,2,2,16,13,8,126,88,0,0,1,5,2,7,125,126,0,0,0,2,1,7,83,90,21,0,0,4,3,0,0,56,99,2,0,0,1
17,0,0,26,17,5,3,36,31,5,0,16,15,1,21,100,168,120,0,0,0,1,32,47,88,48,0,0,2,7,1,4,28,0,0,23,28,15,29,62,94,4,0,11,49,40,27,61,168,69,0,0,0,2,1,62,59,21,0,1,7,3,0,1,6,1,0,3,33,57,55,37,164,44,0,0,4,24,47,50,168,76,0,0,0,1,0,11,44,7,0,0,0,0,0,0,5,3,0,0,1,3,0,2,99,98,0,0,0,0,0,4,147,63,0,0,0,0,0,0,3,0,0,0,0,0,0,0
0,0,0,0,0,1,37,17,7,10,4,0,0,32,38,17,1,57,37,0,1,21,4,0,0,15,9,0,0,0,0,0,22,1,0,0,0,0,129,135,135,49,6,0,0,2,45,123,52,134,49,0,0,0,0,1,0,25,13,0,0,0,0,0,48,120,135,1,0,0,10,44,135,134,67,0,0,0,1,39,121,25,1,0,0,0,0,7,0,0,0,0,0,0,0,0,1,79,135,5,0,0,6,1,27,109,133,0,0,1,11,2,21,26,3,0,0,4,7,3,0,0,0,0,0,32,16,0
36,0,0,0,0,0,17,143,101,10,6,0,0,1,7,143,11,45,25,0,0,0,3,5,1,17,14,14,6,0,0,0,83,26,22,0,0,0,18,97,143,33,1,0,0,0,0,143,100,31,6,0,2,0,0,21,0,3,5,9,19,1,0,0,34,143,83,11,0,0,4,6,143,143,12,0,0,0,0,19,87,6,0,0,1,1,8,58,1,0,0,1,9,4,5,12,19,47,50,58,29,0,0,9,143,20,1,1,3,6,12,57,30,0,0,0,0,26,77,59,13,0,0,0,0,0,12,67
4,51,114,65,9,0,0,0,65,117,89,0,0,0,0,1,117,117,3,0,0,0,0,8,26,5,0,0,1,2,1,17,19,8,17,49,93,21,0,2,117,49,2,0,4,1,5,15,83,29,0,0,0,3,49,38,20,0,0,0,0,1,11,59,10,3,0,0,71,92,45,17,99,13,2,0,1,14,63,117,36,15,14,1,1,38,117,86,82,6,1,0,0,0,16,117,11,35,8,17,69,41,32,24,43,117,28,0,0,2,22,65,18,74,85,4,3,9,18,15,63,23,12,2,5,5,4,50
0,0,0,0,4,30,3,0,5,1,1,1,2,120,54,5,12,4,4,4,0,31,97,33,5,14,15,2,6,19,36,4,4,0,0,4,128,128,5,1,128,36,12,9,65,128,42,25,63,43,53,56,2,4,4,15,42,49,30,3,1,0,1,29,5,1,3,84,128,29,0,0,128,26,23,78,92,9,0,46,91,16,20,60,9,2,4,39,39,57,16,22,4,1,1,21,0,18,39,70,23,8,1,0,41,39,128,108,9,0,0,12,30,52,98,3,1,1,4,21,7,49,24,3,1,1,1,0
0,0,12,30,42,108,4,0,0,31,26,48,59,48,3,0,25,139,100,21,2,1,6,0,34,67,8,0,0,0,0,0,3,3,0,0,16,108,110,30,87,131,7,0,6,18,14,38,28,139,30,0,0,1,1,3,0,12,4,0,0,0,0,0,22,0,0,3,3,6,130,124,139,21,0,0,0,0,35,126,87,12,0,0,0,2,1,9,0,0,0,0,0,0,0,0,31,0,0,6,13,19,31,55,139,6,0,0,1,3,5,139,60,2,0,0,0,0,0,18,0,0,0,0,0,0,0,0
0,0,0,0,7,36,3,0,4,2,2,0,2,112,64,5,12,10,6,0,0,24,105,26,5,23,21,6,9,20,25,4,2,0,0,7,127,125,6,1,127,33,13,5,63,115,40,28,65,54,64,28,0,2,4,10,59,54,24,4,0,0,0,15,3,1,8,102,127,23,0,0,127,43,45,90,72,5,0,28,104,35,27,41,2,0,0,28,39,79,14,12,0,0,0,7,0,19,58,64,15,6,0,0,22,46,127,84,4,0,0,2,21,68,106,1,0,2,2,6,1,47,23,1,0,5,4,0
4,0,0,0,0,7,35,27,11,0,0,1,6,9,69,130,4,0,0,4,52,84,41,28,2,0,0,0,4,21,80,35,9,0,0,0,0,18,64,24,137,4,0,0,6,16,90,137,58,2,1,71,137,76,21,29,5,11,15,61,29,23,54,27,28,8,0,0,0,0,4,8,137,101,0,2,1,0,4,23,84,19,2,106,77,4,0,0,6,14,11,78,58,28,15,10,2,2,0,0,0,0,0,0,94,78,0,0,0,0,1,2,31,11,0,11,100,30,3,3,0,0,0,11,137,83,36,10
5,0,0,0,0,5,31,26,11,0,0,1,6,8,60,125,4,0,0,4,47,75,37,27,3,0,0,0,2,18,69,35,9,0,0,0,0,17,67,25,136,4,0,0,6,16,93,136,52,1,1,59,136,90,26,30,4,9,12,50,29,26,65,34,33,9,0,0,0,0,5,9,136,103,0,2,2,0,5,25,75,18,2,110,86,4,0,0,6,17,13,80,50,21,11,9,3,4,0,0,0,0,0,0,103,88,0,0,0,0,1,2,28,11,0,14,105,34,3,3,0,0,0,9,132,88,42,13
