10,1,0,0,11,2,0,0,84,16,1,1,1,0,0,0,11,9,3,9,1,0,0,0,0,0,0,0,0,0,0,0,51,14,2,9,42,5,0,3,172,123,7,11,5,0,0,8,79,50,14,60,9,0,0,2,0,0,0,0,0,0,0,0,49,7,6,12,7,1,0,32,172,20,3,4,2,1,2,144,111,6,1,13,8,6,10,62,0,0,0,0,0,0,0,0,58,1,2,2,4,2,0,56,172,65,4,2,4,4,5,139,162,168,8,0,0,1,8,61,0,0,0,0,0,0,0,0
19,0,0,0,0,0,0,1,121,10,4,48,35,0,0,6,4,2,1,110,72,0,0,1,47,0,0,12,10,0,2,132,17,0,0,0,0,0,0,1,132,13,5,42,22,0,0,11,23,5,7,132,132,0,0,0,17,4,18,51,30,0,0,23,8,0,0,0,0,0,0,0,132,12,2,9,17,0,0,13,51,5,33,132,132,0,0,3,1,3,46,102,41,0,0,0,1,0,0,0,0,0,0,0,132,16,2,2,0,0,0,26,109,18,49,132,10,0,0,21,0,0,16,132,58,0,0,0
103,9,0,1,1,2,4,43,133,0,0,0,9,10,12,133,16,0,0,0,133,99,16,47,0,0,0,0,33,26,4,0,47,5,0,3,14,5,19,67,133,34,0,0,15,12,11,95,43,8,0,0,133,133,3,14,0,0,0,0,22,17,0,0,83,7,0,14,36,0,1,22,133,15,0,0,34,37,4,55,21,1,0,0,133,131,3,10,0,0,0,0,4,3,0,0,47,2,0,14,63,4,1,15,133,4,0,0,36,32,3,34,5,0,0,0,78,52,1,3,0,0,0,0,0,0,0,0
0,0,0,0,0,0,0,0,0,0,0,0,0,0,0,0,0,0,0,0,0,0,0,0,0,0,0,0,0,0,0,0,40,4,0,0,6,1,0,4,79,3,0,2,39,2,0,5,189,52,8,17,1,0,0,10,10,14,8,27,0,0,0,0,98,2,0,1,9,1,5,48,146,17,8,26,49,1,1,23,189,60,9,23,3,0,1,120,52,14,7,36,5,2,2,21,24,0,0,0,0,0,41,115,52,3,7,9,6,1,2,100,189,14,3,2,4,2,6,189,78,39,0,0,1,4,13,81
14,0,0,0,4,7,26,58,32,8,0,0,38,93,32,11,144,127,0,0,2,15,10,9,57,64,4,2,5,49,12,1,23,1,0,0,5,11,22,33,80,10,0,1,63,57,13,22,144,56,0,0,4,15,21,104,28,6,0,2,41,144,41,19,2,0,0,0,0,3,34,17,82,51,6,9,13,11,10,21,144,144,28,19,2,4,11,45,5,9,34,95,28,51,20,7,5,1,0,0,0,0,3,6,115,8,0,0,0,0,0,46,144,27,5,11,4,0,0,48,13,2,14,82,26,0,0,2
9,1,0,0,2,52,36,10,37,1,0,0,0,4,13,28,7,1,1,13,27,18,0,2,0,3,3,7,12,26,7,0,8,2,0,0,0,22,13,8,89,3,0,0,2,7,6,36,16,3,0,0,51,59,0,4,8,156,5,0,13,36,2,0,25,2,0,0,1,18,5,3,98,13,0,0,7,22,4,9,43,78,0,0,28,73,2,1,111,156,5,2,35,42,0,0,17,2,0,0,2,1,0,4,31,7,0,0,4,16,12,22,156,156,0,0,14,20,2,0,139,156,2,0,154,156,0,0
43,1,0,42,204,4,0,13,20,15,16,25,31,0,0,1,2,2,4,42,20,0,0,0,22,10,0,1,0,0,0,2,69,1,0,23,204,16,0,16,86,13,3,20,50,1,0,4,8,7,6,80,48,0,0,0,14,22,5,8,4,0,0,0,55,1,0,1,204,112,1,10,98,6,0,5,28,7,0,17,21,2,13,81,16,0,0,4,2,19,24,39,4,0,0,0,17,8,0,0,192,130,0,2,62,13,0,0,5,2,1,11,21,1,0,13,3,1,8,18,7,58,9,18,3,0,1,0
0,6,37,13,32,69,4,0,18,0,20,4,13,74,26,19,122,47,42,4,0,2,7,25,32,61,121,20,0,0,3,3,0,9,51,58,40,80,7,0,50,10,34,71,44,22,6,12,122,14,0,7,4,1,2,30,54,8,0,0,0,26,53,23,28,21,33,32,12,48,27,12,24,33,106,122,34,0,0,1,122,62,60,36,9,4,3,9,16,2,0,1,21,79,27,5,122,42,5,0,0,13,15,46,59,68,122,51,0,0,0,15,4,21,106,103,49,1,0,0,0,1,2,17,122,69,3,0
0,0,4,80,35,5,2,0,0,4,57,77,6,4,3,0,17,91,113,12,0,0,3,6,13,113,54,8,19,0,0,0,0,0,0,11,13,79,100,6,9,5,6,12,7,113,113,14,113,33,5,0,0,9,49,87,84,36,3,1,37,29,8,18,1,4,8,11,12,102,84,3,43,97,5,1,0,64,63,16,113,65,0,0,0,7,37,80,28,0,0,0,6,113,113,57,10,5,45,48,7,4,0,7,57,37,44,36,2,1,2,28,45,25,25,43,9,14,20,22,0,0,14,71,20,76,49,3
0,3,9,10,40,83,6,0,58,2,2,10,20,37,15,34,122,24,2,0,0,0,3,37,28,16,16,2,0,15,35,14,2,14,75,62,27,36,4,1,60,15,42,122,31,1,1,13,122,16,7,9,2,6,7,52,12,0,0,0,7,78,40,11,67,33,15,10,7,49,26,24,30,70,122,92,8,0,0,1,57,64,122,58,21,2,0,3,3,2,3,14,103,77,4,0,122,17,1,0,0,10,7,88,98,44,57,14,0,0,9,74,1,2,60,104,55,1,10,11,0,0,7,80,122,16,0,0
69,9,3,0,0,0,4,32,44,45,22,2,0,0,10,41,19,146,63,5,0,0,1,2,15,97,98,0,0,0,7,21,30,0,0,0,0,0,29,111,146,91,0,0,0,1,13,52,68,116,4,0,4,47,17,4,5,8,0,0,0,26,79,31,70,0,0,0,0,0,9,119,146,6,0,0,0,5,7,104,59,2,0,0,6,104,26,34,32,27,0,0,0,45,43,14,94,0,0,0,2,2,1,55,146,2,0,0,0,0,1,48,47,2,0,1,45,62,14,21,21,7,0,0,12,37,59,52
27,1,0,1,1,5,3,6,142,30,0,0,1,1,0,6,79,14,0,0,89,48,0,0,11,0,0,0,139,58,0,1,40,4,0,7,10,4,2,3,142,23,0,0,7,9,1,7,69,3,0,0,102,136,3,4,12,0,0,0,129,102,2,5,37,12,2,8,7,2,0,1,142,16,0,0,16,20,4,37,32,0,0,0,129,142,6,12,2,0,0,0,64,89,2,4,14,2,0,0,0,3,7,15,82,1,0,0,10,17,12,101,9,0,0,0,94,102,8,21,0,0,0,0,19,40,1,0
2,1,0,96,108,7,0,0,50,61,3,9,16,3,0,0,61,32,5,22,18,2,1,5,120,26,4,0,0,0,0,13,5,4,1,85,120,89,26,1,116,57,4,22,28,4,2,5,49,16,3,25,65,9,4,17,120,4,0,0,1,1,13,120,15,0,2,48,56,97,80,25,120,5,0,2,14,18,19,78,13,0,0,1,83,77,15,15,14,0,0,0,11,21,44,120,24,0,1,66,120,64,15,11,120,0,0,2,13,13,4,64,5,0,0,0,55,53,2,7,11,0,0,1,32,19,4,30
4,4,8,4,9,6,0,0,32,17,39,3,1,0,0,15,84,17,25,40,29,0,0,55,5,17,14,55,55,0,0,1,46,19,3,0,0,3,0,1,107,107,133,8,0,0,0,7,48,55,136,63,50,0,0,9,62,37,13,35,111,1,0,13,60,7,1,0,0,0,0,8,136,20,11,4,6,0,0,42,73,7,24,44,136,2,0,7,55,0,1,11,136,4,0,31,20,2,2,1,1,3,1,11,136,0,0,0,4,1,0,75,78,0,0,1,136,15,0,20,19,0,0,6,136,10,0,15
0,0,0,89,108,75,129,6,84,12,0,1,16,28,79,55,108,41,1,2,20,25,4,10,17,4,0,1,47,47,10,16,13,1,0,62,135,135,45,4,135,20,0,0,27,9,7,31,105,5,0,0,18,103,13,17,0,0,0,0,26,111,24,13,15,6,0,2,42,69,52,6,135,23,0,1,12,8,3,15,42,0,0,0,28,110,9,13,0,0,0,0,31,68,5,1,30,5,0,0,4,5,4,18,135,20,0,0,6,5,0,4,15,0,0,0,49,57,2,2,0,0,0,0,9,78,7,0
43,56,17,1,2,6,3,26,37,29,48,50,14,7,2,14,153,81,6,8,3,1,0,1,71,48,18,15,4,0,0,0,34,1,0,0,0,6,34,117,58,2,0,5,11,49,70,94,153,16,0,1,2,8,9,49,105,6,0,1,7,7,3,19,29,0,0,0,0,5,18,71,119,40,0,0,0,8,41,52,153,77,0,0,0,0,3,18,90,3,0,0,3,5,3,18,52,13,1,0,0,0,0,8,153,69,0,0,0,0,0,3,153,111,0,0,0,0,0,0,39,16,2,0,0,0,0,2
119,138,7,4,0,0,1,1,119,120,0,0,0,1,2,0,7,6,0,0,0,1,7,2,4,3,0,0,1,0,1,4,48,138,10,0,0,0,14,22,29,43,0,0,0,12,53,13,31,23,1,0,0,3,16,13,4,24,8,4,17,7,0,0,13,12,0,0,0,0,112,138,35,1,0,0,0,2,73,119,108,27,1,0,0,2,3,32,9,11,4,3,52,72,1,2,5,0,0,0,0,0,70,138,24,0,0,0,0,0,53,138,40,0,0,0,0,13,51,138,2,0,0,0,31,138,40,10
83,0,1,8,22,30,3,96,117,3,5,16,5,0,0,81,4,0,0,15,23,45,20,29,0,0,1,1,25,99,25,6,69,32,6,3,20,18,1,46,138,27,1,9,14,0,0,104,27,2,0,24,138,49,3,3,5,0,1,1,46,47,30,36,49,117,4,3,18,0,0,0,138,98,0,2,16,1,0,4,38,3,0,23,138,16,0,2,22,4,4,22,91,12,6,21,37,115,5,9,7,0,0,0,118,81,1,5,10,0,0,0,25,9,1,39,138,3,0,0,13,13,17,27,48,3,0,1
28,13,101,56,0,0,0,6,117,22,24,10,0,0,0,81,117,15,0,0,0,0,1,78,54,2,0,0,1,65,66,85,0,9,82,56,21,19,8,0,84,18,27,53,13,2,2,26,117,31,1,1,15,9,1,37,14,5,0,0,72,117,25,7,9,1,1,4,71,52,23,12,61,89,18,11,6,3,9,14,104,59,13,7,23,13,7,45,5,11,10,31,117,47,5,11,13,46,49,19,82,5,0,2,90,117,40,14,2,0,0,4,15,68,87,56,17,0,1,8,4,55,117,36,16,0,0,3
0,0,0,0,8,26,108,122,9,1,5,73,81,14,50,69,3,29,141,141,72,0,0,1,0,94,141,36,0,0,1,2,21,2,0,0,0,4,17,48,141,25,5,8,1,1,20,76,44,25,77,50,15,29,9,11,76,141,80,9,2,5,2,4,9,1,0,0,0,0,0,0,61,6,0,0,0,1,13,36,48,29,0,0,5,29,34,24,141,141,2,0,0,3,1,9,0,0,0,0,0,0,0,0,0,0,0,0,0,0,0,0,5,3,0,0,0,0,0,0,105,6,0,0,0,0,0,5
2,4,36,62,3,0,0,0,79,3,3,23,1,0,0,24,133,23,0,0,0,0,0,14,133,11,0,0,0,0,0,70,0,2,32,87,46,0,0,0,64,6,28,91,15,0,0,12,133,70,5,2,0,0,0,21,133,45,1,0,0,0,0,30,0,25,131,34,33,1,0,0,13,14,133,133,5,0,0,0,133,34,39,36,2,0,0,46,133,24,0,0,0,0,0,45,0,13,65,14,22,27,4,0,0,1,25,44,30,32,22,3,65,22,13,36,15,2,1,7,133,41,1,0,6,7,0,9
6,5,13,9,1,7,11,6,87,49,11,0,0,0,1,6,28,30,56,27,0,0,3,6,0,0,25,54,8,11,8,1,24,11,9,0,0,0,7,55,102,34,10,0,0,0,7,60,125,55,79,27,0,0,0,49,22,21,125,125,2,0,0,0,51,7,7,5,0,0,8,49,117,101,1,0,0,0,5,34,125,67,5,0,0,0,12,115,79,28,93,29,0,0,16,125,31,10,46,18,0,0,0,7,92,18,12,4,0,0,2,76,38,11,1,0,2,7,23,104,14,1,0,0,2,29,125,125
91,7,0,0,22,4,0,17,129,2,1,8,1,0,0,51,116,3,1,7,2,3,10,87,27,0,0,0,38,124,129,77,73,25,0,0,5,4,0,6,129,10,4,1,0,0,0,35,72,26,23,2,5,4,1,20,17,4,0,0,129,57,8,11,47,36,0,0,0,0,0,0,129,29,0,0,0,0,0,8,68,21,8,1,16,29,10,4,1,2,0,0,129,114,6,0,32,30,1,1,1,0,0,0,129,78,0,0,2,1,0,0,36,20,1,5,93,69,2,0,0,0,0,2,77,129,1,0
54,0,0,0,1,27,22,28,198,2,0,0,0,0,0,77,61,4,0,0,0,0,2,30,16,1,0,0,0,0,2,22,90,0,0,0,0,6,6,15,198,19,2,0,0,0,0,26,97,28,24,15,0,0,0,3,23,15,4,1,0,0,0,1,100,1,0,0,0,0,1,7,198,5,0,0,0,0,0,27,143,10,25,25,0,0,0,15,2,16,33,8,0,0,0,0,82,6,0,3,0,0,0,0,198,8,0,0,0,0,0,35,112,2,6,1,0,0,1,97,1,1,23,3,0,0,2,22
20,20,0,3,4,0,0,0,135,117,0,0,0,0,0,0,135,97,0,0,0,0,0,8,42,7,6,10,0,0,0,8,46,39,1,3,4,0,0,0,135,113,0,0,0,0,4,27,135,33,0,0,0,0,7,94,51,0,1,1,0,0,0,74,52,18,0,0,0,2,4,8,73,10,0,0,0,8,97,115,45,0,0,0,0,0,67,135,43,0,0,0,0,0,5,135,10,5,1,0,4,25,4,1,8,0,0,0,4,41,43,40,53,0,0,0,0,0,19,135,55,8,0,0,0,0,21,135
0,14,15,0,1,2,0,0,0,37,50,1,2,4,0,0,0,76,104,0,0,0,0,0,0,108,127,0,0,0,0,0,11,37,15,0,0,0,9,15,64,130,66,0,0,0,1,27,24,130,130,0,0,0,0,2,6,130,110,0,0,0,0,0,33,9,0,0,0,2,42,42,130,52,1,0,0,0,2,87,130,91,5,0,0,0,0,13,43,77,3,1,2,0,0,0,86,20,7,0,0,0,3,10,130,78,0,0,0,0,0,7,130,62,0,0,0,0,0,3,32,23,0,1,1,0,0,0
159,3,0,0,0,0,0,137,31,13,0,0,0,0,9,43,15,5,0,0,0,0,7,41,5,0,1,40,25,1,2,17,159,3,0,0,0,0,0,152,107,15,12,2,0,0,2,38,44,7,2,0,0,0,1,17,21,1,0,5,10,7,2,11,159,3,0,0,0,0,0,103,159,19,34,19,0,0,0,41,13,29,34,10,0,0,0,0,6,19,17,3,2,1,0,0,159,0,0,0,0,0,0,74,159,3,9,3,0,0,0,124,6,8,47,3,0,0,3,25,0,12,29,0,0,0,1,1
27,19,42,14,29,23,11,31,47,2,0,0,6,17,169,169,4,0,0,0,0,112,169,169,0,0,0,0,0,169,169,10,6,2,1,2,79,95,9,5,97,19,0,0,18,28,20,41,29,5,0,0,31,42,91,38,11,0,0,0,5,21,53,48,6,0,0,2,55,38,9,11,83,3,0,1,12,5,9,40,11,0,0,0,25,26,26,16,2,0,0,0,6,10,20,18,1,0,0,4,15,5,8,10,13,0,0,4,5,0,7,22,1,0,0,0,0,5,30,16,0,0,0,0,0,14,11,4
12,0,0,0,0,62,50,23,51,6,12,4,0,8,29,46,177,10,2,1,0,1,3,60,39,8,2,11,5,5,3,6,62,4,1,1,0,30,58,73,97,1,0,0,0,27,58,72,177,15,0,0,0,3,10,37,61,3,0,7,11,17,0,2,47,14,8,4,0,4,21,22,173,11,0,0,0,22,53,36,177,47,0,0,0,2,5,14,33,1,0,0,10,29,9,5,1,0,0,0,0,6,24,3,177,22,0,0,0,2,14,11,177,32,0,0,0,0,13,21,6,0,0,0,2,17,30,13
8,0,0,0,0,0,1,5,157,0,0,0,0,0,0,57,157,0,0,0,0,0,0,86,11,0,0,0,70,4,0,4,13,1,0,0,0,0,0,1,157,7,0,0,0,0,0,39,157,9,0,0,0,0,0,99,35,0,0,4,87,1,0,10,3,25,10,0,0,0,0,0,106,115,11,0,0,0,0,6,157,78,0,0,0,0,1,74,39,0,0,3,61,9,3,33,9,28,12,0,0,0,2,4,42,58,4,0,0,3,32,29,125,11,0,0,0,1,24,157,31,0,0,0,26,27,30,68
71,15,1,1,0,1,10,19,117,80,7,1,0,0,1,5,50,67,7,12,25,13,0,0,58,46,14,12,16,4,0,0,60,11,0,1,0,21,74,71,129,28,0,0,1,1,4,61,66,17,0,0,37,43,0,3,123,45,0,0,6,8,0,0,79,100,82,3,4,18,33,51,129,129,27,3,2,1,1,48,50,38,16,19,31,10,0,3,116,66,2,0,1,0,0,0,9,129,129,0,0,0,0,0,15,129,109,10,1,3,1,0,7,27,50,42,2,1,1,0,53,31,7,1,0,0,0,5
54,0,0,0,0,0,8,22,196,0,0,0,0,0,0,43,64,0,0,1,11,20,4,16,0,0,0,5,22,13,0,0,79,0,0,0,0,0,1,9,196,9,1,0,0,0,0,23,97,17,27,23,4,4,0,3,0,0,27,34,17,7,0,0,65,0,0,0,0,0,3,10,196,5,0,0,0,0,0,24,166,21,38,15,0,0,0,2,0,0,53,52,20,0,0,0,49,0,0,0,0,0,2,9,196,0,0,0,0,0,0,23,173,3,1,0,0,0,0,5,1,0,1,7,47,3,0,0
2,17,128,9,2,0,1,1,1,9,128,25,1,1,2,0,1,7,128,24,0,0,0,0,1,8,105,22,0,0,0,0,7,15,77,5,5,15,94,20,13,10,114,23,1,5,128,39,71,29,128,25,0,2,36,41,12,19,128,58,3,2,0,0,0,0,61,45,15,13,31,2,36,18,18,27,4,1,46,16,128,40,3,0,0,0,8,39,44,19,16,14,60,28,4,13,1,4,19,15,22,23,22,1,24,98,26,12,4,3,3,0,78,128,128,5,0,0,0,19,17,15,71,47,48,13,2,15
16,0,0,5,26,23,32,28,47,1,0,4,58,28,15,20,79,8,8,51,98,1,2,15,0,1,0,33,84,1,0,0,5,0,21,43,20,17,6,9,64,12,27,11,24,22,2,7,127,20,10,24,127,12,0,24,0,0,0,22,127,5,1,0,0,18,79,127,87,0,0,0,9,72,127,23,2,0,0,0,33,48,86,40,127,4,0,5,0,0,2,33,127,2,0,0,2,18,17,53,127,39,25,3,5,35,54,13,8,15,64,14,0,1,20,26,127,23,12,5,0,0,0,13,127,17,0,0
4,4,1,2,62,36,5,9,18,28,5,1,1,1,6,32,4,15,10,11,6,2,6,5,1,21,31,35,4,0,0,0,9,22,4,0,39,55,6,11,23,12,3,3,0,0,14,54,81,50,2,0,0,1,11,26,23,53,21,54,13,0,0,1,29,65,27,5,6,9,4,8,9,11,13,24,19,37,8,5,76,15,0,1,2,54,147,106,20,11,3,19,10,5,147,109,36,12,5,2,3,26,125,97,0,0,1,3,17,147,96,1,0,0,0,0,4,147,147,26,0,0,0,0,0,19,147,112
33,28,54,43,14,5,11,12,13,52,124,66,0,0,17,48,92,124,21,0,0,0,3,48,75,115,0,0,0,0,0,4,119,118,23,10,1,0,0,1,38,57,84,68,24,0,0,0,124,111,15,3,1,0,0,11,89,25,0,0,0,0,0,11,124,24,0,0,4,2,0,20,53,4,0,7,68,18,0,6,124,0,0,0,5,1,0,20,98,0,0,0,0,0,0,22,124,0,0,0,3,1,2,84,42,3,0,3,51,8,0,11,124,7,0,0,3,0,0,10,76,0,0,0,0,0,0,20
68,140,59,0,0,0,1,2,4,36,123,140,53,17,3,2,9,140,129,140,37,2,0,0,29,140,12,0,0,2,5,1,60,68,21,13,6,4,7,11,23,6,6,12,38,50,11,7,140,126,41,15,11,7,1,10,28,55,2,0,16,60,20,5,0,4,30,38,46,3,1,1,16,7,37,40,16,6,1,2,140,11,6,5,6,4,1,44,21,0,0,0,92,41,3,17,1,2,5,3,15,16,10,7,1,1,8,13,27,22,4,3,49,0,1,5,12,8,3,59,17,0,0,3,63,9,3,27
2,0,0,1,8,22,23,14,42,24,16,3,0,0,5,64,170,140,13,1,0,0,0,10,27,36,29,60,42,0,0,0,1,0,0,0,1,19,13,7,112,6,0,0,0,0,4,94,170,46,0,0,0,0,0,53,50,12,2,28,70,6,0,0,1,6,3,0,0,0,0,0,153,27,1,0,0,0,0,4,170,67,0,0,0,0,0,6,43,6,0,9,97,1,0,0,5,4,2,0,0,0,0,0,145,43,2,0,0,0,0,0,170,70,0,0,0,0,0,0,19,5,1,7,64,0,0,0
132,18,0,0,0,9,61,144,17,1,0,0,2,28,108,24,15,5,3,144,72,7,18,8,0,1,5,144,131,0,0,0,71,144,27,5,1,1,6,19,34,6,10,5,4,2,8,37,96,20,4,28,4,1,3,30,14,8,10,144,112,11,3,1,2,38,10,4,4,57,47,2,46,4,2,4,8,29,36,32,87,13,0,0,0,14,50,33,6,1,1,34,43,89,46,4,9,32,6,0,5,113,39,6,60,55,9,1,0,8,24,38,19,6,3,2,1,4,23,20,1,1,1,15,26,18,8,1
38,40,37,11,2,0,0,5,21,24,14,115,39,7,3,3,16,31,89,60,13,2,33,39,86,70,43,1,0,0,55,58,6,44,36,9,19,11,20,9,13,9,7,40,61,74,33,11,112,56,115,32,10,11,22,29,70,99,115,17,1,0,11,14,8,1,0,3,12,41,94,115,18,12,8,52,61,18,18,60,115,47,11,10,3,2,3,50,71,8,12,30,29,0,0,35,10,0,0,0,0,37,30,112,36,2,1,1,3,13,27,115,66,3,1,0,1,8,19,115,46,0,0,7,17,0,5,114
67,0,0,0,12,53,33,30,115,2,0,0,0,0,15,113,105,0,0,0,0,0,5,136,48,0,0,0,0,0,0,28,106,18,2,1,15,12,1,19,94,5,0,0,0,5,49,63,136,5,0,0,0,1,18,97,119,0,0,0,0,0,0,40,21,88,60,3,2,0,0,1,53,44,53,8,2,2,7,7,136,40,3,0,0,0,1,22,117,0,0,0,0,0,0,49,12,38,35,1,1,7,4,6,13,9,28,9,16,65,20,21,118,5,1,0,0,8,29,136,29,0,0,0,0,0,26,136
3,0,18,58,25,36,74,45,91,13,19,16,13,12,22,73,25,27,24,3,3,29,30,22,3,4,14,13,1,40,56,10,11,26,51,45,61,27,45,46,122,18,7,12,15,20,15,62,38,1,0,0,52,68,32,32,7,0,0,0,54,107,56,15,1,15,79,122,55,5,6,2,73,44,44,34,22,7,6,7,30,16,9,7,74,23,5,7,16,13,9,45,122,64,6,1,0,0,91,122,25,0,0,0,1,6,97,122,5,1,2,1,1,67,119,24,6,3,2,0,1,44,51,122,78,1,0,0
0,0,0,0,58,62,31,39,53,2,0,0,2,8,35,150,44,10,1,0,0,3,10,43,0,2,1,1,47,47,14,5,13,0,0,4,150,58,10,13,150,12,0,0,24,13,12,83,97,30,17,0,0,0,5,18,0,3,11,25,104,9,4,1,20,3,1,40,150,4,0,0,150,19,0,9,36,1,0,8,126,9,5,0,1,1,5,25,0,1,3,8,116,18,4,4,7,6,4,51,126,1,0,0,150,38,6,18,17,0,0,12,69,0,0,0,0,2,15,35,0,0,0,0,72,30,9,3
2,2,2,2,0,0,2,0,23,100,7,0,0,0,0,0,5,100,51,31,1,0,0,0,7,2,7,47,6,0,0,14,32,11,0,0,0,2,4,2,135,135,34,10,2,0,0,14,23,81,74,135,44,1,1,4,0,0,0,135,18,0,0,0,42,3,0,0,0,0,0,10,135,24,2,3,2,2,7,135,53,6,9,90,68,15,15,128,0,0,1,135,25,0,0,0,12,16,1,0,0,0,0,2,52,20,4,2,0,0,0,109,86,0,3,16,6,0,3,135,19,6,26,88,18,0,1,27
17,23,3,40,88,20,76,14,43,94,54,24,0,7,72,22,2,17,68,38,11,23,8,5,0,22,30,0,2,3,0,0,49,27,41,70,76,12,0,1,123,82,74,53,2,1,0,14,20,24,123,101,24,38,3,1,0,29,53,2,5,53,30,0,7,48,113,45,10,13,5,0,123,44,36,32,13,14,5,25,33,4,6,42,121,123,9,13,0,0,0,23,28,81,42,3,5,9,7,21,26,53,30,12,98,33,7,10,6,8,11,47,21,13,19,123,39,3,0,5,0,0,15,123,16,1,1,0
60,76,2,0,0,1,81,102,17,38,13,34,5,7,110,77,8,29,51,39,6,7,57,47,14,65,19,0,0,13,66,19,29,50,87,11,0,0,67,76,110,109,20,5,2,0,79,63,13,26,21,25,45,26,72,54,4,16,15,3,6,46,110,15,11,14,77,83,33,0,0,1,110,28,9,16,13,0,0,56,39,16,46,72,64,6,2,20,0,55,107,33,9,4,5,0,0,0,3,52,78,0,0,0,92,17,13,19,25,0,0,39,76,65,23,6,0,0,0,26,2,76,97,13,0,0,0,0
41,52,0,0,0,37,37,3,119,103,0,0,0,3,15,119,56,47,3,2,10,105,119,119,0,0,0,1,38,119,22,0,28,80,7,6,0,0,0,5,119,31,0,0,0,0,8,87,44,3,0,0,0,67,102,78,0,1,0,0,2,119,42,0,16,24,10,17,4,6,19,13,50,20,2,2,0,7,76,23,8,5,0,0,0,77,116,8,0,69,5,0,0,75,20,0,1,0,0,0,0,7,68,33,4,8,0,0,0,8,98,7,24,90,0,0,0,8,45,4,6,119,10,0,0,2,1,0
67,29,1,0,0,0,0,0,36,20,12,13,6,12,5,5,0,2,11,76,18,12,1,0,37,1,15,68,1,0,0,10,81,18,5,24,1,0,0,0,87,32,37,24,1,1,0,1,3,51,113,56,1,1,0,0,4,79,115,115,0,0,0,3,39,5,9,106,13,0,0,5,115,11,8,5,0,0,0,53,103,99,64,10,0,0,0,34,114,115,112,99,11,2,2,42,2,0,1,112,36,0,0,3,47,0,0,37,13,0,0,79,92,3,0,0,0,0,0,115,64,4,0,5,6,5,30,115
22,11,0,4,17,18,128,81,36,6,1,0,23,48,134,86,17,15,32,8,27,19,7,7,23,5,10,31,26,34,17,20,17,7,8,84,89,10,9,10,134,39,4,16,19,3,10,44,58,50,82,25,0,0,0,2,0,0,40,106,27,4,0,0,6,6,17,121,83,0,0,0,134,15,4,47,35,0,0,33,134,31,32,10,0,0,0,16,0,3,51,82,35,0,0,0,0,0,11,71,78,6,0,0,134,7,0,47,63,1,0,16,134,33,17,1,0,0,0,13,1,5,31,39,24,0,0,0
4,0,0,4,160,6,0,0,160,33,0,0,41,4,0,4,124,14,3,12,29,14,2,8,0,1,2,6,24,16,1,0,11,1,0,17,160,5,0,0,160,27,0,3,54,3,0,7,112,3,0,0,21,25,8,14,0,0,0,0,31,30,7,3,14,3,0,5,160,47,1,0,160,21,0,2,44,3,3,20,64,0,0,0,7,27,42,23,0,0,0,0,24,71,22,0,21,2,0,0,82,74,5,5,160,22,0,0,14,7,1,9,28,3,0,0,11,26,15,6,0,0,0,0,30,66,5,0
1,4,2,32,88,0,0,0,54,143,4,6,10,0,0,0,28,143,10,0,0,0,0,0,4,105,8,0,1,6,0,0,12,4,1,38,103,2,0,1,143,114,0,7,28,0,0,8,85,143,1,0,0,3,0,3,3,25,0,0,13,40,0,0,9,0,0,32,105,3,0,1,143,5,0,15,42,0,0,78,138,15,2,2,3,5,1,47,1,2,3,15,27,17,1,1,3,0,2,59,30,0,0,2,143,12,5,53,23,0,0,29,143,38,7,3,3,15,3,21,0,4,5,14,39,38,12,1
46,37,2,0,0,0,1,6,119,119,0,0,0,1,42,35,53,32,0,0,1,8,66,76,10,0,0,0,31,20,6,14,48,49,44,11,5,0,1,6,85,37,26,45,9,22,89,60,119,14,5,7,1,4,44,119,49,0,0,0,65,9,0,17,104,38,13,13,59,1,0,0,119,89,119,119,4,1,1,2,119,99,67,54,2,0,1,11,29,4,0,0,50,16,13,11,119,18,0,1,60,1,0,0,119,30,15,28,15,3,0,3,1,11,18,26,28,8,0,0,0,0,0,0,40,13,4,1
0,74,69,1,0,8,1,0,0,34,39,7,9,27,14,0,4,11,11,5,6,5,17,7,2,15,26,3,0,0,0,1,0,7,12,8,29,64,2,0,9,2,0,3,28,119,94,10,119,20,0,0,1,39,100,77,33,26,12,1,1,66,59,7,0,0,2,35,86,51,114,1,21,10,7,88,111,112,46,6,119,25,5,9,4,53,118,58,10,16,9,0,0,119,119,6,0,0,0,11,7,23,119,7,0,0,0,8,13,63,119,8,28,15,3,1,2,18,46,48,21,91,39,0,0,6,7,7
30,4,0,0,157,157,2,6,157,27,0,0,14,6,1,38,49,7,0,0,3,12,11,19,0,0,0,0,22,17,20,8,49,0,0,0,23,157,15,17,157,12,0,0,0,3,3,42,81,7,0,7,17,15,5,11,0,0,0,2,20,9,9,7,88,12,0,0,0,26,11,5,157,29,0,0,0,1,12,26,53,1,0,0,5,35,69,27,1,0,0,1,6,10,16,27,77,10,0,0,0,0,0,9,157,5,0,0,0,20,40,55,7,0,0,0,0,36,128,78,13,0,0,0,0,0,13,94
0,1,3,25,76,28,33,10,49,11,21,7,3,2,30,113,144,86,13,0,5,2,0,54,27,20,1,2,40,60,13,7,0,1,47,70,57,7,1,0,98,13,48,42,3,0,0,13,144,11,1,1,31,10,0,26,41,0,0,0,144,81,15,25,3,4,80,52,5,15,21,6,50,8,54,97,34,51,19,12,144,11,2,6,18,41,56,109,16,0,0,0,118,113,37,18,0,0,5,27,47,22,15,3,9,3,0,9,56,64,21,10,50,35,9,1,1,12,33,58,3,10,38,14,3,22,19,3
6,0,0,27,155,6,0,2,155,5,0,1,58,1,0,33,79,3,0,0,0,0,0,32,5,0,0,18,33,0,0,6,9,2,0,3,155,106,0,0,155,41,0,1,64,6,0,4,83,21,0,0,0,1,1,10,5,0,0,2,23,8,7,11,9,0,0,0,153,155,2,4,155,6,0,0,17,12,2,50,72,3,0,1,4,9,5,25,0,0,0,0,8,9,17,5,10,0,0,0,10,110,6,5,155,2,0,0,0,4,2,21,83,2,0,2,6,7,4,9,0,0,0,1,7,7,4,3
9,4,12,43,2,0,0,21,43,24,31,55,1,0,8,13,144,87,3,0,0,0,1,9,89,26,0,0,0,0,0,0,99,17,13,12,2,1,4,69,74,29,32,67,32,11,8,15,144,48,3,2,1,0,0,10,107,4,0,0,0,0,0,6,30,1,0,0,0,1,27,125,100,17,0,1,13,16,33,78,144,14,0,0,0,1,4,83,71,0,0,0,0,0,15,68,24,0,0,0,0,0,3,70,144,8,0,0,0,7,3,58,44,6,0,0,3,22,37,124,8,0,0,0,0,0,84,144
39,29,15,2,0,0,0,23,49,58,36,3,0,0,0,2,147,62,1,2,0,0,0,4,27,18,12,15,1,0,0,1,88,2,0,0,0,0,0,97,118,29,4,0,0,0,0,50,147,94,9,1,0,0,0,4,22,35,37,29,6,1,0,0,106,0,0,0,0,0,0,90,147,1,0,0,0,0,0,80,147,38,2,2,1,0,0,38,40,15,6,23,68,14,0,2,109,13,0,0,0,0,0,35,145,2,0,0,0,0,0,60,147,2,0,0,1,0,0,56,58,5,3,39,86,3,0,4
89,5,0,0,0,0,0,31,134,1,0,0,0,0,0,32,159,22,0,0,0,0,0,10,35,9,1,7,50,8,0,0,101,38,0,0,0,0,0,3,159,9,0,0,0,0,0,18,159,23,1,1,0,0,0,5,49,11,5,35,98,5,0,0,98,7,0,0,0,0,0,18,159,7,0,0,0,0,0,26,159,12,0,0,0,0,3,35,44,4,2,20,94,15,16,16,68,0,0,0,0,0,0,18,129,1,0,0,0,0,0,32,159,5,0,0,0,0,0,27,34,9,12,19,26,2,5,4
69,2,0,0,0,0,0,27,78,47,19,0,0,0,0,8,36,86,49,0,0,0,0,0,125,125,3,0,0,0,0,19,125,31,0,0,0,0,0,5,125,52,7,0,0,0,0,8,57,115,39,0,0,0,0,2,125,100,9,0,0,0,0,17,114,28,0,0,0,0,0,1,125,15,0,0,0,0,0,33,125,35,2,0,0,0,0,35,119,37,0,0,0,0,1,88,101,1,0,0,0,0,0,9,125,0,0,0,0,0,0,38,125,5,0,0,0,0,0,53,41,16,0,0,0,0,1,63
72,1,0,0,0,0,0,16,144,5,0,0,0,0,0,14,144,4,0,0,0,0,2,28,45,45,2,0,2,3,4,5,117,4,0,0,0,0,0,10,144,10,0,0,0,0,0,12,144,11,0,0,0,0,0,18,144,43,2,3,0,0,0,22,102,7,0,0,0,0,0,7,144,3,0,0,0,0,0,24,144,47,3,4,0,0,0,3,134,16,7,27,4,0,0,46,75,7,0,0,0,0,0,3,128,61,3,0,0,0,0,3,144,44,2,2,1,0,0,0,45,11,2,21,37,1,0,14
101,1,0,0,0,0,0,19,66,22,0,0,0,0,0,22,123,27,0,0,0,0,0,29,127,97,5,0,0,0,0,13,120,5,0,0,0,0,0,24,127,8,0,0,0,0,0,28,127,21,0,0,0,0,0,28,127,15,2,0,0,0,0,108,117,5,0,0,0,0,0,35,127,6,0,0,0,0,0,29,99,31,0,0,0,0,0,16,127,4,0,0,0,0,0,116,57,0,0,0,0,0,0,58,88,0,0,0,0,0,0,93,79,6,0,0,0,0,0,64,125,9,0,0,0,0,0,50
81,59,0,0,0,0,0,0,125,64,6,0,0,0,0,0,33,86,42,0,0,0,0,0,108,125,11,0,0,0,0,2,125,40,0,0,0,0,0,0,125,21,0,0,0,0,0,4,125,51,1,0,0,0,0,26,125,49,1,0,0,0,0,73,125,13,0,0,0,0,0,6,125,5,0,0,0,0,0,14,118,36,1,0,0,0,0,30,95,22,1,0,0,0,0,77,93,1,0,0,0,0,0,28,125,3,0,0,0,0,0,33,125,16,0,0,0,0,0,33,98,27,1,0,0,0,0,7
38,0,0,0,0,0,0,46,95,1,0,0,0,0,0,108,126,0,0,0,0,0,0,88,137,2,0,0,0,0,0,69,35,3,0,0,0,0,0,16,137,32,0,0,0,0,0,28,137,17,0,0,0,0,0,38,137,0,0,0,0,0,0,74,47,4,0,0,0,0,0,3,137,11,0,0,0,0,0,33,130,4,0,0,0,0,0,63,137,0,0,0,0,0,0,92,18,0,0,0,0,0,0,6,114,0,0,0,0,0,0,51,87,0,0,0,0,0,0,63,137,0,0,0,0,0,0,70
27,0,0,0,0,0,0,1,131,3,0,0,0,0,0,13,131,21,7,1,0,0,0,42,131,74,8,6,7,6,5,37,23,2,0,0,0,0,0,0,131,15,0,0,0,0,0,5,131,14,0,0,0,0,0,43,131,68,4,0,1,6,10,76,12,2,0,0,0,0,0,0,131,12,0,0,0,0,0,17,131,106,0,0,0,0,0,20,131,131,7,0,0,5,17,12,1,0,0,0,0,0,0,0,105,25,0,0,0,0,0,5,131,119,0,0,0,1,7,13,65,26,0,0,0,20,37,27
1,0,0,0,0,0,9,10,26,18,1,0,2,15,26,23,165,144,8,4,2,7,4,21,48,21,8,30,21,77,29,23,1,0,0,0,0,0,1,2,138,16,1,0,0,0,1,21,165,116,9,13,3,0,0,5,29,20,17,135,43,5,0,0,0,0,0,0,0,0,0,0,139,5,1,0,0,0,0,10,165,6,0,2,2,0,4,71,38,1,1,48,31,17,20,21,0,0,0,0,0,0,0,0,63,1,0,0,0,0,0,13,165,1,0,0,0,1,12,125,16,0,0,1,4,52,76,35
7,0,0,0,0,0,0,3,146,7,0,0,0,0,0,16,146,37,0,0,0,0,0,8,58,9,2,0,0,0,0,31,25,14,0,0,0,0,0,0,146,48,0,0,0,0,0,7,146,46,4,2,0,0,1,48,51,17,9,13,8,6,8,45,74,14,0,0,0,0,0,2,146,61,0,0,0,0,0,13,146,15,0,0,0,2,42,116,16,0,0,2,4,39,146,52,46,30,0,0,0,0,0,3,79,8,0,0,0,4,27,51,30,3,0,0,0,5,146,73,2,5,5,0,0,27,141,9
70,13,0,0,0,0,0,5,136,65,0,0,0,0,0,1,74,13,0,0,0,0,0,10,2,0,2,0,0,0,0,1,119,67,0,0,0,0,0,0,136,107,5,1,0,0,0,8,93,33,12,10,6,2,1,35,32,5,16,1,0,0,2,19,120,68,0,0,0,0,0,7,136,31,0,0,0,1,39,82,35,1,1,4,9,17,136,67,21,0,1,0,0,18,136,55,47,8,0,0,0,3,33,44,26,6,1,0,0,0,136,77,1,1,4,1,0,12,136,14,0,0,0,2,3,43,136,5
4,1,1,1,5,26,86,109,1,0,0,0,68,136,24,6,27,88,7,1,30,38,2,1,5,136,34,1,1,0,0,0,10,0,0,0,0,17,56,116,29,1,0,0,22,136,52,21,136,104,0,0,2,22,10,15,47,74,10,2,7,61,13,1,15,0,0,0,2,7,23,67,61,1,0,0,47,58,18,25,136,18,0,0,5,19,13,98,30,3,0,1,56,136,25,18,5,0,0,0,0,3,19,14,33,9,0,0,11,23,20,16,136,56,6,4,2,5,6,59,15,12,26,55,26,26,6,9
8,7,1,1,14,9,1,1,143,27,0,0,5,6,0,23,143,5,0,0,7,13,11,132,0,0,0,20,48,23,10,16,20,13,1,2,36,10,0,0,143,61,0,0,4,1,0,13,121,10,0,0,0,11,50,143,0,0,0,15,11,22,143,77,35,4,0,1,36,6,0,0,143,11,0,0,0,0,14,53,35,0,0,0,2,60,94,38,0,0,0,0,6,112,136,10,22,2,0,5,19,4,0,2,73,1,0,0,0,0,35,53,2,1,0,0,0,23,119,17,0,0,2,5,10,81,21,0
0,0,0,1,2,0,0,0,0,0,0,0,0,0,0,0,0,0,0,0,0,0,0,0,0,0,0,0,0,0,0,0,0,0,0,69,84,0,0,1,14,0,0,0,0,0,1,18,62,6,0,0,0,0,0,7,15,4,0,0,5,1,0,0,0,0,0,228,228,0,0,0,39,5,0,6,3,0,0,7,113,12,0,0,0,0,1,36,39,9,1,2,9,2,0,18,15,0,1,228,228,0,0,17,9,2,21,69,30,0,0,5,24,0,3,8,1,0,7,69,51,2,0,0,0,0,0,50
1,30,15,3,8,3,0,0,13,57,12,5,4,0,0,0,12,82,82,39,0,0,0,0,0,3,75,124,0,0,0,1,12,11,2,0,4,26,14,7,104,76,1,0,2,3,2,17,97,124,25,5,0,0,0,7,19,29,91,124,0,0,0,1,14,0,0,0,0,33,21,14,124,10,0,0,0,1,4,63,124,124,5,0,0,0,0,37,35,124,94,18,0,0,0,2,29,7,0,0,0,16,11,4,124,114,0,0,0,0,0,6,124,124,3,0,0,0,6,7,17,86,39,0,0,0,34,11
3,0,0,0,5,32,119,92,17,0,0,0,3,4,42,119,2,0,0,0,3,5,6,8,0,0,0,2,7,8,13,2,37,18,12,39,22,17,17,36,119,24,2,0,0,6,9,96,23,0,0,0,0,77,84,15,0,0,0,2,5,24,119,13,10,46,119,66,2,0,0,0,77,104,73,17,52,24,3,3,7,1,3,22,114,119,61,2,4,0,3,10,6,48,119,36,52,53,46,3,1,1,4,10,3,38,48,24,119,29,0,0,1,1,49,94,119,15,0,0,3,1,84,72,3,1,0,3
65,9,2,2,2,5,17,110,6,0,1,18,100,72,15,43,0,0,0,12,63,120,48,0,14,0,0,1,2,17,100,23,11,0,1,1,2,66,102,120,65,3,4,31,48,31,54,120,7,3,47,120,58,22,4,1,19,78,104,39,6,3,8,17,50,50,10,3,0,29,35,23,120,111,3,5,0,0,3,40,29,22,73,64,0,0,0,0,4,67,114,13,0,0,0,3,19,120,45,2,0,0,0,4,43,120,3,0,0,0,4,5,8,12,2,0,0,0,1,4,3,2,0,0,0,9,6,6
0,0,0,2,41,47,105,68,1,0,1,47,124,28,41,36,0,11,80,123,97,9,1,1,9,19,137,24,0,0,6,53,15,0,0,0,21,37,24,49,92,9,7,19,8,1,16,68,24,36,116,75,8,5,3,4,18,146,146,21,0,0,0,0,9,0,0,0,0,0,0,1,56,3,0,0,0,0,5,21,86,52,1,1,1,7,14,15,146,146,23,0,0,0,0,0,0,0,0,0,0,0,0,0,0,0,0,0,0,0,0,0,18,7,0,0,0,0,0,0,146,48,0,0,0,0,0,0
11,0,0,39,137,28,0,2,129,1,0,0,10,1,0,67,106,11,0,0,0,0,2,61,12,5,0,3,105,37,16,21,14,7,0,0,137,123,0,0,137,18,0,0,5,1,0,22,137,12,0,0,4,3,0,42,13,5,0,1,130,65,0,1,18,21,0,0,55,78,1,0,101,42,1,0,0,0,0,1,137,25,0,1,21,10,1,9,12,2,1,11,137,65,1,1,30,35,1,0,3,8,5,1,57,34,6,0,0,0,0,2,107,10,0,0,6,28,29,26,2,0,2,8,51,64,13,2
10,138,57,6,0,0,0,0,52,153,23,0,0,0,0,0,29,66,34,28,3,0,0,0,0,4,15,153,107,0,0,0,30,110,96,3,0,0,0,39,17,61,63,18,3,0,0,1,77,25,5,3,0,0,0,9,23,8,7,153,58,0,0,1,58,8,6,2,1,0,7,153,7,3,6,18,16,5,27,76,60,4,0,2,1,0,3,27,29,1,0,27,12,0,5,29,51,3,7,5,0,0,15,153,23,0,0,0,0,1,49,153,46,5,0,0,0,0,5,66,29,5,0,0,0,0,3,21
3,0,0,0,1,12,42,3,84,16,0,0,0,1,11,21,44,11,1,10,64,1,0,3,0,0,0,6,69,4,0,0,16,2,7,50,2,0,4,0,139,32,0,0,0,0,0,6,39,15,0,17,52,4,0,2,0,0,0,39,85,2,0,0,8,3,16,139,114,0,0,0,139,29,26,10,3,0,0,22,44,15,9,33,25,6,0,6,0,0,0,64,58,2,0,0,0,5,136,139,139,0,0,0,18,80,139,34,1,0,0,0,11,71,136,139,26,0,0,0,0,0,1,81,52,3,0,0
0,0,0,4,179,179,3,0,34,37,0,1,72,41,2,1,26,61,2,1,0,0,0,0,0,4,0,1,0,0,0,0,7,1,0,0,179,179,9,2,102,43,0,0,25,19,1,10,29,23,0,1,2,13,8,5,0,0,0,0,1,12,6,0,8,0,0,0,173,179,5,14,55,1,0,0,2,4,18,92,6,0,0,0,0,25,74,35,0,0,0,0,0,35,31,0,3,0,0,0,89,54,1,9,9,0,0,0,0,0,11,57,0,0,0,0,0,6,52,26,0,0,0,0,0,20,24,0
4,3,6,2,0,0,0,2,10,7,13,0,0,0,0,9,4,1,5,2,21,6,5,5,0,0,0,0,14,6,23,12,12,3,8,26,4,0,0,3,56,19,19,9,3,1,0,5,3,4,14,19,65,9,0,0,1,22,3,0,29,3,0,0,8,44,94,26,6,0,0,0,40,16,103,60,10,12,6,7,3,59,27,18,45,49,6,2,0,154,102,1,9,2,0,0,19,154,135,11,1,0,0,0,0,26,154,154,37,4,0,0,0,154,138,84,11,4,0,0,4,154,96,0,0,0,1,3
0,1,5,2,31,168,6,0,8,3,0,0,12,168,117,149,9,2,0,0,5,84,168,153,0,0,0,0,36,168,70,1,8,1,0,0,4,168,24,1,49,41,4,3,4,77,19,29,6,8,4,17,41,26,94,34,3,0,0,2,10,26,38,29,23,0,0,0,7,69,2,3,71,4,0,1,3,4,13,27,3,0,0,13,46,19,22,8,0,0,0,8,11,3,9,17,10,2,20,4,0,2,0,2,30,7,6,3,2,1,3,9,0,0,1,14,6,7,9,0,0,0,0,5,6,6,4,0
6,1,0,0,0,0,14,23,101,13,0,0,0,0,19,61,124,12,0,0,0,3,47,124,21,0,0,0,34,124,124,58,12,8,13,9,2,0,2,4,124,34,5,0,0,0,0,31,124,18,0,4,6,7,31,93,6,1,0,22,88,95,66,9,5,15,18,4,0,0,30,51,41,97,16,0,0,0,26,64,90,53,2,1,4,6,53,44,7,1,1,23,110,30,34,5,1,2,1,0,0,0,30,46,5,2,1,0,0,0,89,107,2,1,0,0,0,2,124,78,0,0,0,2,6,27,124,5
11,4,32,11,0,0,0,35,69,19,5,7,0,0,1,140,46,10,1,13,14,3,18,140,0,0,23,31,8,10,27,6,15,9,14,11,3,7,29,8,140,140,20,10,2,1,4,48,84,117,28,12,1,1,25,84,6,9,5,6,1,9,58,15,22,23,4,0,0,3,18,7,140,31,2,0,0,0,15,140,49,18,8,9,3,3,54,140,21,31,20,7,2,1,1,8,8,3,0,0,0,0,5,10,22,1,0,0,0,0,15,90,140,4,0,0,0,0,32,140,95,14,14,6,11,10,1,34
0,0,0,0,0,0,0,0,27,0,0,0,0,0,0,40,92,4,0,0,0,0,0,65,80,6,1,0,3,1,0,58,13,13,8,10,0,0,0,0,42,12,11,12,5,8,15,51,133,24,4,1,0,1,5,96,91,31,2,0,0,0,0,28,4,30,120,133,0,0,0,0,19,83,133,50,3,2,1,1,133,81,62,5,0,0,0,7,79,42,13,0,0,0,0,14,4,7,125,133,0,0,0,2,2,39,133,133,0,0,0,0,42,57,102,34,0,0,0,0,61,57,18,2,0,0,0,13
163,33,2,0,0,0,3,115,33,17,11,11,5,3,17,91,8,30,14,7,2,1,5,5,2,10,11,12,2,3,5,1,56,2,0,0,0,0,6,158,168,27,8,0,0,0,12,168,54,35,48,23,14,14,0,4,1,1,4,15,31,22,10,1,73,3,0,0,0,0,6,32,168,33,0,0,0,2,1,27,77,7,2,6,33,44,4,7,1,2,18,18,25,19,11,3,89,8,0,0,0,0,1,3,168,80,7,3,0,0,0,0,34,19,27,56,32,7,0,0,0,0,2,15,56,86,65,3
0,51,103,11,15,45,3,0,1,20,28,6,67,124,1,0,39,51,29,8,31,35,0,1,13,39,67,12,9,12,0,1,6,3,13,3,7,124,121,19,39,27,30,3,22,96,25,10,39,43,47,9,9,7,3,6,17,5,3,6,36,124,14,7,31,37,58,15,4,30,38,22,102,48,15,4,1,3,5,23,21,41,51,45,21,3,1,8,0,18,43,93,72,39,2,0,11,6,9,7,6,40,124,82,95,61,6,1,2,13,124,124,39,63,48,43,59,3,5,74,2,9,14,57,59,2,2,1
88,37,32,17,0,0,3,21,25,8,4,24,20,4,24,41,14,19,45,117,57,4,3,5,75,40,43,12,3,1,1,20,17,6,21,119,25,0,3,15,60,18,5,17,5,1,16,43,30,41,39,13,4,2,11,12,32,52,106,19,0,1,1,6,54,13,8,123,68,1,0,2,23,6,3,45,71,13,40,35,37,6,2,0,1,5,70,87,54,13,17,6,4,122,123,81,34,39,5,32,103,49,3,0,24,16,1,25,123,58,25,23,23,28,11,11,57,38,14,23,0,0,0,2,123,123,98,10
1,0,0,0,17,122,75,4,16,29,7,4,8,32,32,9,27,79,77,17,2,0,1,1,0,13,36,68,28,0,0,0,3,0,28,28,57,33,9,18,42,26,22,6,0,0,23,85,122,52,21,16,0,0,3,51,18,9,33,122,38,6,0,0,0,0,65,50,10,8,108,34,28,31,66,32,1,10,83,38,122,50,6,0,0,13,40,84,23,5,8,18,37,122,71,10,0,1,0,0,0,2,122,33,22,0,0,0,0,3,122,73,51,0,0,0,2,38,54,122,0,0,0,0,12,122,43,4
1,0,4,24,56,60,29,20,1,4,8,81,50,15,5,1,84,127,29,20,12,16,7,1,40,127,127,9,1,25,32,4,32,11,4,8,6,16,33,43,23,4,4,29,39,77,13,9,127,68,4,6,8,31,7,17,46,14,0,0,24,127,45,12,102,35,7,25,17,11,6,12,38,3,1,45,86,49,7,12,127,6,0,2,20,46,14,61,20,15,15,6,57,101,7,7,46,4,0,0,10,66,23,19,8,0,0,1,36,127,52,51,83,4,1,0,4,19,33,127,31,47,45,5,7,5,2,10
0,0,1,33,117,117,25,0,1,49,67,52,27,3,2,0,0,45,98,26,12,0,0,0,35,15,28,18,24,1,0,0,13,19,3,1,5,53,30,20,69,90,59,12,2,1,5,19,9,22,60,117,32,0,0,0,83,20,1,65,64,2,0,4,11,10,48,21,3,4,17,42,117,41,13,4,0,0,11,68,66,14,35,103,44,52,18,10,44,1,4,69,117,65,4,32,2,4,29,15,1,12,117,17,70,20,7,1,0,11,65,117,21,1,0,0,15,117,80,26,18,0,0,0,32,117,9,10
11,0,0,17,34,37,38,40,46,0,0,0,0,0,31,123,13,0,0,14,34,15,64,61,0,0,0,25,79,19,7,1,6,0,2,46,95,23,15,23,16,1,9,18,21,48,123,77,123,22,1,2,2,12,123,102,39,16,1,24,104,9,9,8,4,7,107,58,51,22,10,11,19,10,117,123,73,42,21,5,123,34,11,26,10,5,8,72,47,4,0,12,82,2,3,47,8,3,19,6,15,35,61,67,5,1,9,28,123,56,11,17,40,3,0,4,15,7,2,66,10,0,0,1,5,0,1,34
64,61,6,3,24,7,13,38,9,10,4,8,105,54,55,20,15,25,6,0,1,49,91,20,42,45,10,0,0,15,29,36,12,19,4,1,12,31,123,53,21,5,18,10,123,123,73,41,123,76,16,1,9,16,20,52,34,123,41,0,0,0,0,0,3,65,34,2,0,6,19,8,8,78,123,28,12,28,11,5,123,97,123,19,1,2,2,14,68,55,10,0,0,17,35,17,1,36,9,0,0,1,3,0,4,55,46,3,0,15,74,2,8,8,40,15,1,29,103,7,6,1,1,0,0,26,79,18
29,0,0,0,17,66,37,74,57,0,0,0,0,0,11,144,82,0,0,0,0,0,1,144,21,3,0,0,0,0,0,8,80,21,1,0,53,32,3,17,124,6,0,0,0,0,11,128,144,9,0,0,0,0,1,129,73,6,0,0,0,0,0,8,32,80,13,0,11,10,0,2,108,70,21,0,0,0,4,15,144,89,0,0,0,0,0,8,82,10,0,0,0,0,0,0,49,17,3,0,0,0,11,23,130,42,7,0,0,0,9,15,144,50,0,0,0,0,0,2,52,1,0,0,0,0,0,7
18,8,23,12,12,0,0,0,131,29,2,1,3,0,0,1,53,9,2,16,103,3,0,1,1,0,0,11,114,0,0,0,33,4,0,34,45,0,0,0,131,94,5,8,7,2,1,14,48,35,11,71,131,17,2,5,1,0,0,23,131,3,0,0,22,0,7,105,72,4,0,6,131,7,0,6,16,9,41,131,22,2,0,5,69,101,104,55,0,0,0,2,114,40,5,0,1,0,2,16,93,99,4,3,28,0,0,0,16,13,24,88,5,0,0,0,1,12,67,70,1,0,0,0,25,43,11,8
48,0,0,0,0,0,18,161,135,0,0,0,0,0,4,163,71,2,0,0,0,0,0,31,18,5,3,12,2,0,0,0,71,25,6,0,0,0,12,51,163,21,0,0,0,0,5,82,163,1,0,0,0,0,0,17,37,0,0,1,2,0,0,3,53,44,21,0,0,0,5,7,163,47,2,0,0,0,0,8,163,2,0,0,0,0,0,24,27,0,0,0,0,0,1,18,56,1,0,0,0,0,38,37,163,3,0,0,0,0,2,30,109,0,0,0,0,0,0,43,12,0,0,0,0,3,5,22
69,66,18,8,1,0,0,27,18,113,112,35,3,0,0,0,107,49,87,77,13,2,0,15,54,15,3,113,113,12,0,6,72,113,31,3,0,0,0,25,104,81,14,23,16,0,0,34,57,25,29,94,57,9,3,20,62,16,12,112,113,12,0,13,63,24,7,1,0,1,5,21,113,67,2,7,0,0,0,28,32,33,59,77,3,0,0,1,17,27,44,82,20,0,0,0,73,91,1,0,0,0,4,4,81,113,1,0,0,0,0,0,10,23,14,4,1,1,0,0,0,1,10,13,6,4,0,0
117,90,7,0,0,5,21,103,55,13,0,0,0,9,25,45,9,2,1,0,0,4,14,23,0,0,3,1,0,7,36,2,76,117,17,1,15,74,19,3,110,28,3,1,12,59,34,54,30,1,0,0,3,94,64,19,0,0,0,0,0,103,117,1,69,27,3,0,17,117,58,62,77,54,7,1,10,38,52,44,8,1,0,0,61,117,42,1,1,0,1,6,14,82,45,4,52,0,0,1,7,55,32,96,16,0,0,0,4,39,117,82,3,0,0,0,21,82,117,27,13,3,1,2,6,9,15,40
23,13,7,8,79,19,2,4,52,10,1,3,106,26,8,33,89,7,1,0,0,0,18,117,127,1,0,0,0,0,1,81,15,1,0,0,87,77,11,13,72,52,3,1,74,39,1,8,118,51,17,0,0,0,6,14,127,10,0,0,0,0,0,23,9,0,0,2,71,89,16,18,110,5,0,0,28,30,18,44,107,4,2,0,0,0,54,57,127,0,0,0,0,0,1,55,11,17,32,58,28,25,10,5,32,6,13,29,16,37,30,14,69,0,0,0,0,17,67,93,127,0,0,0,0,0,2,125
2,0,0,0,0,21,135,21,29,0,0,0,0,1,62,91,14,0,0,0,0,8,27,28,0,0,0,0,1,10,17,17,22,13,13,7,13,85,135,63,135,27,2,0,5,4,47,135,52,1,0,1,50,51,29,44,23,0,0,0,12,16,15,72,46,57,43,15,15,16,21,46,135,135,7,0,10,8,1,36,53,13,2,8,86,51,10,18,55,14,1,2,11,11,11,37,61,6,12,12,8,4,12,64,135,8,0,0,25,12,0,100,20,1,0,0,109,74,24,53,7,1,0,0,2,20,68,80
0,0,0,1,125,125,46,12,125,31,0,1,88,31,0,3,125,14,0,0,1,15,21,25,0,0,0,0,8,74,20,0,12,0,0,0,28,125,48,40,125,37,0,0,20,42,5,13,85,15,0,0,8,46,14,11,0,0,0,0,23,118,10,0,31,0,0,0,0,112,46,18,125,3,0,0,0,13,15,68,39,1,0,0,18,73,29,28,0,0,0,0,30,104,12,0,47,0,0,0,0,23,47,27,125,0,0,0,0,0,18,107,6,0,0,0,2,69,81,35,0,0,0,0,6,97,42,1
18,3,5,13,41,22,20,30,129,92,17,2,0,1,2,41,84,81,1,0,21,60,10,4,36,20,3,2,19,24,9,17,22,12,49,99,20,4,0,1,129,62,10,11,9,15,4,19,87,8,0,0,91,129,24,41,36,6,0,0,4,21,53,114,8,3,13,35,40,78,17,7,125,19,4,7,8,37,51,121,19,2,4,5,46,129,50,45,12,0,0,1,3,9,58,89,14,14,0,1,72,41,2,1,54,109,26,3,2,4,7,17,2,17,98,44,2,8,7,4,4,3,53,37,2,1,15,10
103,60,0,0,0,0,0,0,61,139,12,0,0,0,0,1,27,139,80,6,0,0,20,19,4,23,55,31,7,7,37,23,98,95,6,3,1,0,0,0,139,139,20,10,2,4,2,11,47,61,39,63,28,40,11,13,17,34,21,12,5,4,8,24,68,55,3,4,20,9,0,2,139,7,1,2,7,21,20,98,37,5,17,14,29,128,48,51,11,8,30,4,2,8,41,109,35,18,4,7,47,17,0,4,139,20,2,0,3,4,2,42,60,28,22,4,2,3,2,23,13,23,67,9,0,0,2,7
0,14,48,25,0,0,0,0,0,15,57,90,2,0,0,0,11,78,74,2,0,0,0,0,4,40,48,16,0,0,0,0,0,123,123,51,10,0,0,0,15,29,82,123,89,2,0,1,99,98,123,13,7,0,0,5,8,25,123,74,1,0,0,0,5,66,29,13,29,49,91,6,18,4,8,48,123,88,14,3,123,32,5,6,22,4,0,40,33,11,18,29,9,5,7,16,15,24,14,7,2,19,81,7,18,45,65,95,57,26,12,2,69,65,10,30,22,4,39,38,11,11,1,1,4,14,53,21
8,12,25,9,6,3,1,3,4,3,28,41,65,79,9,3,82,19,7,9,16,44,41,102,11,7,23,8,26,67,35,31,14,2,3,4,16,14,33,79,12,4,0,9,119,72,13,4,119,119,15,1,28,11,5,20,24,55,119,24,2,16,14,6,1,0,0,0,2,24,119,82,15,0,0,0,58,78,119,31,119,19,0,0,9,14,61,119,18,8,7,2,1,92,119,35,0,0,0,0,2,40,31,5,3,0,0,0,2,34,77,19,20,0,0,0,0,3,53,119,2,1,0,0,0,22,80,20
82,0,0,0,0,0,0,22,127,10,2,1,0,0,0,16,127,7,4,4,1,0,2,127,41,3,5,7,34,38,22,91,101,29,0,0,0,0,0,10,127,22,1,2,2,0,0,12,58,3,1,11,33,2,1,66,51,0,0,0,3,6,17,127,127,35,0,0,0,0,0,5,127,55,2,2,2,0,0,10,45,21,11,52,51,1,0,15,84,102,5,8,7,0,0,63,127,4,0,0,0,0,0,15,127,44,2,1,0,0,1,38,47,87,21,43,24,5,3,15,36,127,14,8,2,0,0,0
91,1,0,0,0,0,0,12,128,4,0,0,0,0,0,26,128,16,6,9,14,1,0,19,1,1,4,40,117,52,47,7,87,61,2,0,0,0,0,14,128,41,14,0,0,0,0,31,128,9,2,16,11,0,0,52,11,2,42,128,84,2,1,1,97,65,3,0,0,0,0,38,78,77,34,0,0,0,0,14,128,87,7,2,0,0,0,7,22,25,42,32,32,6,0,0,87,0,0,0,0,0,0,80,128,14,0,0,0,0,0,61,128,73,7,2,0,0,0,7,13,20,21,13,72,24,0,0
65,0,0,0,0,0,0,4,125,3,0,0,0,0,0,11,143,8,1,2,2,0,0,10,74,57,9,29,32,2,1,7,75,0,0,0,0,0,0,9,143,6,0,0,0,0,0,7,143,6,0,0,0,0,1,17,99,71,1,3,3,2,3,14,71,5,0,0,0,0,0,5,143,8,0,0,0,0,0,7,143,18,0,0,0,0,0,4,143,95,5,0,0,0,0,13,49,6,0,0,0,0,0,0,137,17,0,0,0,0,0,6,143,49,2,1,0,0,0,1,143,16,5,4,3,0,1,64
12,0,0,0,1,26,28,38,141,29,0,0,1,23,16,39,88,26,1,1,17,131,49,22,5,0,0,2,11,64,134,38,28,4,0,0,0,6,27,20,141,85,6,5,0,5,6,33,54,28,26,116,44,50,9,13,15,21,66,70,20,18,12,14,38,1,0,0,0,0,1,12,141,15,2,2,0,0,0,94,92,8,16,97,12,12,10,38,9,24,62,54,6,17,11,9,7,0,0,0,0,0,0,2,141,0,0,0,0,0,1,123,56,0,0,2,4,46,53,103,26,3,1,2,3,49,35,21
0,0,0,1,3,0,0,0,2,0,0,0,0,0,0,0,0,0,0,0,0,0,0,0,0,0,0,0,0,0,0,0,18,1,0,35,52,0,0,6,91,11,0,0,0,0,0,6,49,24,0,0,1,0,0,1,53,49,2,0,0,0,0,0,15,2,5,150,150,0,0,3,80,4,2,5,0,0,0,64,150,35,0,0,0,0,0,32,150,79,3,0,0,0,0,6,0,1,28,150,150,0,0,1,35,9,27,82,0,0,0,22,150,88,2,1,0,0,0,19,150,150,11,0,0,0,0,4
2,0,0,0,13,93,65,61,24,58,8,1,41,108,7,2,8,130,82,3,5,3,0,0,0,47,90,6,2,2,1,0,11,0,0,0,2,63,66,60,130,72,0,0,1,46,21,28,67,82,12,0,6,114,54,7,1,1,3,2,4,44,130,32,24,1,0,0,1,25,29,27,130,30,2,2,3,21,12,73,37,8,12,43,60,130,33,22,24,13,26,23,18,32,62,48,29,2,0,0,0,1,11,15,130,35,5,5,0,0,0,47,43,12,34,104,10,2,0,10,8,33,72,41,3,2,1,2
23,16,4,53,118,18,0,0,131,93,42,6,2,0,0,0,18,33,161,63,0,0,0,0,0,0,130,71,0,0,0,0,44,0,0,0,72,107,9,17,161,53,3,0,1,1,1,23,58,53,56,14,2,0,0,0,0,1,37,11,0,0,0,0,53,0,0,0,7,94,37,49,161,11,0,0,0,0,3,79,105,9,4,4,4,0,0,5,0,0,0,1,0,0,0,0,81,21,1,2,5,21,9,15,161,69,0,0,0,0,0,12,57,6,0,0,0,0,0,0,0,0,0,0,0,0,0,0
29,0,0,0,1,15,6,33,159,14,0,0,0,0,0,44,133,21,0,0,0,10,42,29,27,3,0,0,0,4,36,54,76,3,0,0,5,20,4,10,159,41,0,0,1,2,1,13,86,9,0,0,19,49,41,28,48,21,0,0,1,5,42,87,101,5,0,3,13,5,0,4,159,19,0,0,1,2,2,54,51,46,58,4,23,18,4,20,109,89,40,1,1,0,1,10,56,3,0,6,11,0,0,9,159,51,0,0,0,0,0,41,91,127,86,2,1,12,7,16,18,25,73,11,8,60,25,11
34,23,1,0,0,0,0,4,80,123,32,1,0,0,0,6,8,82,74,27,11,3,2,2,0,1,20,80,92,7,0,1,59,14,0,0,0,0,0,8,123,61,6,6,1,4,5,28,37,27,25,53,35,93,9,6,0,7,35,12,112,101,0,0,38,23,0,0,0,0,0,4,123,33,0,0,0,11,33,115,28,79,55,4,12,121,46,29,0,86,123,6,12,46,3,0,27,14,0,0,0,0,1,10,66,59,0,0,0,5,29,39,63,67,18,0,0,14,55,101,4,28,31,1,1,123,87,8
0,0,0,0,3,5,13,6,1,0,3,8,8,0,0,2,53,26,4,3,1,0,0,0,127,46,2,10,13,0,0,0,17,5,1,1,0,0,10,13,26,9,12,5,0,0,0,5,147,25,21,4,0,0,0,8,225,59,9,73,77,0,0,26,7,20,18,7,1,0,0,0,26,16,5,0,0,0,0,8,115,13,7,0,0,0,0,13,225,14,3,44,76,0,0,68,0,15,17,4,2,0,0,0,1,44,34,2,0,0,0,0,52,13,17,18,6,0,0,10,225,1,0,10,43,0,0,90
55,2,0,21,13,0,0,24,76,10,4,2,0,3,72,88,9,11,13,5,1,8,129,29,87,27,2,1,3,9,30,82,40,15,3,36,21,0,0,2,129,95,52,5,0,0,2,11,20,107,129,12,0,0,5,4,34,129,55,13,7,1,1,5,30,8,4,109,43,0,0,1,129,30,8,2,0,0,0,43,116,55,44,0,0,0,0,19,7,27,20,4,0,1,1,0,5,10,11,129,59,0,0,0,129,51,10,22,0,0,3,21,98,25,2,0,0,10,55,41,0,4,3,0,1,50,86,1
92,3,0,1,71,13,0,28,134,3,0,0,2,2,1,60,26,2,0,0,134,58,6,8,63,0,0,0,120,36,18,118,92,33,0,0,26,14,0,3,134,18,0,0,14,7,0,19,35,1,1,7,134,106,0,3,2,1,30,15,112,39,1,22,68,61,0,0,1,1,0,1,134,21,0,0,9,26,27,38,12,0,4,19,134,104,22,8,10,16,72,26,29,9,3,6,20,24,0,0,0,6,16,9,21,1,0,0,0,26,90,28,0,0,0,0,5,70,81,3,15,3,0,0,1,13,27,33
2,34,30,15,1,0,0,0,6,98,63,5,0,0,0,0,0,24,48,37,36,3,0,0,0,3,2,3,55,27,0,0,24,22,8,15,10,16,28,18,137,84,22,19,13,0,3,28,11,15,16,84,137,4,0,0,11,3,0,5,90,23,0,0,68,1,2,5,1,25,62,30,137,19,0,7,14,0,4,42,33,4,0,110,137,0,0,1,26,1,0,51,118,3,0,2,61,3,35,137,9,0,1,7,137,18,3,7,4,0,0,44,33,6,5,89,91,0,0,5,9,0,0,133,84,0,0,2
3,1,0,0,1,6,97,39,7,3,4,16,10,5,39,34,96,50,8,7,0,0,1,14,35,34,45,69,4,0,0,3,30,53,6,3,0,0,15,20,26,12,11,15,2,0,8,49,121,38,2,0,0,0,0,40,121,83,105,34,0,0,3,52,11,79,57,6,0,0,0,0,15,35,66,37,0,0,0,2,121,72,28,1,0,0,0,34,97,11,8,1,8,23,89,121,0,72,98,8,0,0,0,0,28,52,72,118,12,0,0,0,81,121,88,35,19,3,0,2,6,9,32,30,121,67,24,9
8,0,0,0,0,0,1,15,22,0,0,0,0,0,0,18,49,0,0,0,0,0,0,52,194,14,0,0,0,0,0,111,20,0,0,0,0,0,0,13,42,4,0,0,0,0,0,6,63,7,0,0,0,0,1,17,194,98,0,0,0,0,0,7,31,0,0,0,0,0,0,6,24,0,0,0,0,0,9,17,107,15,0,0,0,0,10,19,194,152,1,0,0,0,0,1,18,0,0,0,0,0,0,3,7,0,0,0,0,0,8,10,160,25,0,0,0,0,3,7,194,106,0,0,1,1,0,0
15,6,26,3,0,0,0,69,74,14,3,1,0,0,3,142,39,5,1,12,15,5,22,142,0,0,15,25,7,13,20,4,18,10,15,6,0,2,19,11,142,142,5,3,0,0,2,58,96,91,8,4,0,0,23,79,5,9,4,3,1,11,38,11,29,13,0,0,0,0,13,12,142,21,0,0,0,0,13,142,62,19,4,2,0,0,43,142,26,33,15,7,4,0,1,12,8,2,0,0,0,0,1,15,16,0,0,0,0,0,9,94,142,1,0,0,0,0,15,142,98,7,4,4,13,5,1,43
20,3,1,8,3,39,60,58,51,18,0,0,0,38,102,63,36,30,12,15,5,7,7,16,27,29,21,19,6,1,2,14,30,6,2,11,87,76,42,36,117,86,0,0,1,14,13,68,55,61,2,2,7,39,41,10,29,10,3,5,14,9,37,36,28,112,45,6,54,44,26,15,117,117,46,1,3,37,23,56,16,3,0,0,0,117,98,21,0,0,0,0,0,22,116,79,21,63,6,0,0,14,5,0,5,26,10,0,0,117,58,0,0,0,0,0,0,117,117,4,12,0,0,0,0,46,117,49
3,0,0,0,0,0,167,167,70,0,0,2,3,17,133,167,21,1,9,4,4,15,30,34,1,1,10,14,14,11,16,11,46,3,0,0,0,0,19,36,167,3,0,0,4,1,8,73,104,4,0,1,53,29,10,14,37,5,0,3,9,10,9,12,61,10,0,0,0,0,0,2,167,45,0,0,5,1,0,7,99,8,0,4,68,6,0,7,32,3,0,1,14,41,7,9,70,22,1,2,3,0,0,0,167,74,0,1,3,0,0,1,38,10,2,17,28,1,0,1,3,3,1,3,48,23,1,1
63,2,1,8,19,13,15,31,20,0,0,14,35,39,20,42,27,19,7,2,18,20,20,67,43,35,10,1,2,9,6,25,73,1,0,11,41,24,8,37,26,1,0,1,137,142,42,50,142,19,1,0,11,25,32,142,32,11,3,4,55,58,20,25,14,9,5,34,46,8,2,7,65,21,3,38,142,37,2,5,142,65,2,7,28,8,2,19,34,9,1,8,132,35,3,7,8,2,7,48,30,2,0,7,28,25,15,83,111,2,0,0,142,42,6,10,8,8,7,34,14,0,0,0,59,66,10,17
36,24,51,73,1,0,0,16,124,124,25,2,0,0,0,19,55,113,106,32,5,0,0,4,55,28,29,62,38,0,0,8,4,27,74,99,6,0,0,0,124,87,27,2,0,0,0,44,124,31,18,25,2,0,0,62,26,40,85,47,4,0,0,2,1,1,6,25,20,43,13,3,124,30,4,1,1,10,14,22,124,100,1,0,0,0,0,9,32,36,29,3,1,1,0,0,2,17,46,33,19,21,4,1,85,124,32,3,1,3,2,4,112,124,0,0,0,0,0,0,8,13,0,0,1,17,1,0
0,5,7,23,47,21,1,1,78,16,3,7,21,21,7,57,41,6,17,69,7,4,23,64,3,0,52,131,44,0,1,5,3,2,3,17,131,83,5,4,131,7,0,0,32,49,15,60,81,11,0,0,0,1,7,55,26,0,0,31,105,0,1,29,20,7,1,4,131,115,1,2,131,54,1,1,31,26,1,12,66,12,1,2,6,11,7,24,42,0,0,2,96,14,3,39,9,32,22,76,131,18,0,0,89,131,20,13,8,1,0,0,26,22,8,20,50,4,0,4,66,5,0,7,100,8,0,9
52,20,5,13,28,73,9,6,64,55,49,28,22,30,2,41,40,22,118,118,8,8,3,35,32,24,71,118,28,5,6,25,19,34,12,4,9,49,24,32,88,118,44,1,1,8,0,30,72,67,67,66,2,0,0,54,20,49,118,118,13,0,0,14,43,37,46,11,0,0,10,65,118,47,9,1,0,0,5,97,58,27,46,16,0,0,5,97,23,54,44,4,0,0,0,7,6,24,88,33,0,0,0,2,36,28,20,4,2,4,4,38,118,1,0,0,0,1,4,106,63,5,1,0,2,0,0,14
0,0,0,0,0,0,0,0,52,94,16,0,0,0,0,1,113,124,124,28,3,0,1,10,10,26,91,118,23,2,17,24,0,0,0,0,0,0,0,0,105,37,33,9,0,0,0,8,124,57,16,9,21,23,6,76,28,17,13,42,119,83,6,25,0,0,1,0,0,0,2,3,29,59,81,12,0,1,17,65,90,95,32,1,12,83,37,40,27,39,10,5,46,70,17,22,0,0,9,1,0,0,2,3,16,6,39,25,2,10,44,113,24,24,6,12,4,101,124,74,24,29,18,0,0,8,44,82
127,64,0,0,0,0,3,36,26,44,0,0,0,2,47,23,12,20,1,0,0,0,29,40,6,11,3,0,0,0,2,12,130,2,0,0,3,33,32,74,16,4,1,1,13,120,130,64,124,12,0,0,0,6,110,130,22,0,0,0,1,9,37,56,52,4,0,0,28,62,14,21,71,42,7,7,46,102,37,36,130,114,2,0,7,20,13,51,44,5,0,0,14,33,22,39,11,9,18,24,33,10,1,2,95,13,34,52,29,10,4,25,130,13,2,0,15,50,16,55,7,0,0,0,12,52,60,60
1,7,28,10,8,11,28,8,15,42,64,1,0,0,27,52,34,113,107,1,0,0,4,35,3,29,100,75,0,0,0,0,6,25,40,7,41,53,42,15,38,37,51,28,5,9,69,114,132,55,12,3,0,1,16,132,48,17,25,34,0,0,0,4,11,105,132,9,9,4,16,26,13,80,132,73,2,0,10,17,115,132,115,8,0,0,1,12,33,44,11,13,0,0,0,0,60,42,9,0,0,0,34,65,26,39,43,2,0,0,23,37,46,54,17,0,0,0,5,17,9,14,4,6,0,0,0,1
0,51,69,20,2,0,0,0,4,35,107,108,9,0,0,0,21,101,109,11,1,0,0,0,0,10,68,109,12,0,0,0,6,109,61,15,9,16,39,7,22,22,38,89,109,44,14,3,109,42,32,14,19,2,1,26,9,4,32,104,12,10,3,5,10,18,37,8,3,19,82,8,34,58,62,80,58,31,23,2,64,17,16,50,46,11,62,47,14,0,0,4,7,29,53,29,13,57,101,28,1,0,0,0,61,73,44,77,78,2,0,0,13,9,8,109,109,18,23,16,61,27,6,11,11,2,11,25
15,3,12,24,54,24,5,8,110,19,27,24,19,10,7,85,110,6,0,0,46,74,34,78,3,0,0,0,13,54,99,41,9,29,47,26,12,1,0,6,44,10,58,52,71,22,11,42,63,30,23,3,30,63,63,90,2,11,75,9,10,22,47,14,15,6,2,3,11,5,35,110,23,3,1,15,110,50,37,16,110,57,20,2,19,21,35,80,7,14,54,11,6,99,62,13,13,0,0,0,0,13,70,93,2,0,0,0,16,92,110,17,14,0,0,0,2,28,106,110,4,0,0,0,0,55,77,18
11,3,2,7,12,9,75,88,10,4,1,8,16,14,63,30,82,39,0,0,0,0,7,38,73,106,0,0,0,0,0,1,11,0,1,4,0,1,46,78,36,4,7,9,1,2,86,79,137,50,1,0,0,0,9,51,122,47,0,0,0,0,0,3,45,1,1,2,0,0,0,123,76,27,42,11,0,0,5,50,137,30,9,0,0,0,1,38,98,1,0,0,1,13,7,31,26,0,0,0,0,0,2,121,48,2,2,0,0,0,16,137,137,1,0,0,0,0,21,137,21,0,0,0,9,23,63,98
60,3,0,0,0,0,0,23,88,31,2,1,2,0,0,4,9,15,5,6,88,26,0,0,21,129,49,6,52,11,0,0,101,2,0,0,0,0,0,17,129,6,0,3,14,0,0,13,62,50,2,17,129,25,0,0,129,129,9,2,13,5,0,0,89,1,0,0,0,0,0,17,129,1,0,2,7,0,0,29,108,98,15,32,46,0,0,9,129,129,4,3,6,12,31,21,67,0,0,0,0,0,0,11,129,0,0,0,0,0,0,22,108,36,3,2,0,0,1,20,66,55,5,0,0,5,39,35
79,5,0,0,0,0,0,4,128,6,0,1,5,0,0,5,32,32,4,17,97,8,0,1,128,128,4,4,16,3,0,0,95,0,0,0,0,0,0,10,128,3,0,1,1,0,0,12,90,71,15,23,23,0,0,6,128,128,5,3,2,4,35,39,101,1,0,0,0,0,0,5,128,1,0,0,0,0,0,11,122,56,2,0,0,0,0,13,81,94,7,0,0,1,29,40,84,1,0,0,0,0,0,3,128,7,0,0,0,0,0,3,128,61,0,0,0,0,0,7,60,75,15,7,4,3,1,6
5,3,0,0,0,0,0,0,152,45,0,0,0,0,0,21,152,24,2,0,0,0,0,60,46,15,29,17,11,12,0,9,35,6,0,0,0,0,0,6,152,83,0,0,0,0,0,9,152,22,0,0,0,0,17,152,42,2,1,1,23,92,69,125,19,3,0,0,0,0,0,2,133,20,0,0,0,0,2,19,43,1,0,0,0,14,104,110,23,1,0,0,1,36,152,148,0,0,0,0,0,0,0,0,0,0,0,0,0,0,0,0,0,0,0,0,0,8,13,1,28,0,0,0,0,4,26,43
52,0,0,0,0,0,0,25,142,0,0,0,0,0,0,48,142,5,0,0,0,0,0,45,142,47,4,1,1,0,1,56,57,0,0,0,0,0,0,11,142,3,0,0,0,0,0,44,142,12,0,0,0,0,0,33,117,7,0,0,2,2,8,142,35,0,0,0,0,0,0,6,142,38,0,0,0,0,0,11,142,40,0,1,2,0,0,7,54,8,3,15,19,2,2,53,17,0,0,0,0,0,0,2,142,10,0,0,0,0,0,16,142,52,2,2,0,0,0,17,45,72,27,43,5,0,0,7
68,1,0,0,0,0,0,16,120,3,0,0,0,0,0,35,125,4,0,0,0,0,0,66,89,4,3,35,28,3,0,30,65,9,0,0,0,0,0,5,125,70,0,0,0,0,0,16,125,82,2,0,0,0,0,24,125,28,7,11,1,0,0,25,34,2,0,0,0,0,0,22,125,14,0,0,0,0,0,125,125,34,0,0,0,0,0,86,125,54,3,1,0,0,0,12,5,0,0,0,0,0,0,8,70,0,0,0,0,0,0,99,125,0,0,0,0,0,0,125,125,5,0,1,2,0,0,66
1,0,0,0,0,0,0,1,6,9,3,0,0,0,0,0,0,9,34,6,7,3,0,0,0,0,14,8,16,26,0,0,21,0,0,0,0,2,25,40,90,43,3,0,2,3,1,26,9,26,18,7,71,70,1,1,9,7,1,2,38,64,0,0,76,18,0,0,0,3,17,33,108,50,44,2,2,9,11,54,4,3,103,25,57,60,11,8,12,3,62,40,15,9,0,1,54,101,10,0,0,0,5,23,88,161,161,3,0,0,14,110,16,49,161,56,1,2,20,67,0,1,161,161,37,5,8,4
5,16,134,46,14,134,134,10,0,0,92,90,90,134,109,0,0,0,8,56,134,79,2,0,3,15,7,17,14,6,0,0,6,0,0,0,0,134,134,16,51,20,14,16,9,103,95,11,3,5,18,132,58,14,1,0,0,22,40,46,7,0,0,0,31,3,0,12,13,4,22,9,134,10,1,2,9,9,6,20,12,1,2,29,73,23,3,2,0,0,6,17,5,0,0,0,32,9,0,8,39,6,0,1,57,7,0,0,0,14,20,13,1,0,0,0,4,20,10,1,0,0,0,0,0,0,0,0
0,4,7,9,10,3,0,0,8,82,25,6,5,0,0,0,2,37,82,66,0,0,0,0,0,3,76,57,1,0,0,0,36,13,0,0,2,9,7,2,125,125,46,10,4,0,0,4,27,71,109,90,51,3,1,9,23,32,125,84,8,5,4,21,54,8,9,1,0,0,1,8,125,20,3,3,15,7,2,90,53,6,4,15,125,76,14,53,16,1,1,6,20,27,53,118,8,3,27,9,3,3,2,3,118,0,2,2,5,12,14,104,20,0,0,0,112,123,29,47,0,0,0,0,22,30,79,55
0,109,19,0,2,54,2,0,0,18,15,1,3,120,24,0,13,12,1,0,0,24,45,41,58,91,6,0,0,0,16,160,1,18,0,0,0,160,13,0,12,8,0,0,0,60,14,3,89,57,0,0,0,1,2,9,160,160,19,0,0,0,0,30,1,0,0,0,0,47,10,3,8,1,0,0,0,1,9,25,77,5,0,0,0,0,11,85,160,35,0,0,0,0,62,160,0,0,0,0,0,4,5,1,1,1,0,0,0,0,6,10,1,2,7,0,0,0,11,25,2,0,2,1,0,0,65,125
69,1,0,10,2,0,1,62,40,6,5,0,0,9,93,86,26,27,14,0,0,13,103,45,55,28,2,5,8,16,15,70,52,13,5,36,8,0,0,8,127,93,34,0,0,0,4,17,29,127,123,0,0,0,3,3,21,116,37,20,4,0,0,1,32,6,5,127,21,0,0,2,127,25,4,4,0,0,0,56,127,57,15,0,0,0,1,25,8,28,8,1,0,11,11,0,3,3,16,127,31,0,0,0,126,27,29,49,0,0,1,22,108,4,0,0,0,7,55,68,2,1,0,0,0,82,84,4
3,9,27,55,6,7,31,14,69,20,16,1,0,0,21,111,97,13,14,9,6,2,4,71,1,10,50,17,5,0,0,0,0,5,92,149,2,0,0,0,79,16,49,61,22,0,0,6,149,49,27,7,1,0,0,13,21,32,121,20,0,0,0,1,0,0,22,79,25,38,14,0,55,7,6,87,88,47,7,4,149,14,2,4,3,1,1,35,69,24,12,3,3,0,0,9,0,0,0,0,6,149,34,8,65,6,0,0,13,116,44,18,149,48,0,0,0,1,3,16,68,25,0,0,6,0,0,1
27,9,4,0,0,0,69,128,51,3,4,4,4,1,11,105,1,5,24,12,6,1,0,1,0,3,4,0,0,0,0,0,43,24,59,33,6,0,0,14,146,41,26,9,4,0,0,38,36,47,146,31,2,0,0,1,0,30,60,14,48,4,0,0,19,4,22,110,60,18,1,1,146,16,3,13,11,2,0,34,114,29,35,6,0,0,0,17,2,15,21,20,146,9,0,0,15,1,0,7,27,125,27,8,146,24,0,1,4,8,10,28,130,32,0,0,3,0,0,5,6,5,0,19,146,4,0,0
1,4,9,8,1,0,0,0,46,66,10,5,0,0,0,0,14,34,44,9,2,7,6,2,0,28,63,47,3,1,0,0,19,6,1,2,4,6,0,1,138,108,28,2,0,0,2,10,42,133,138,7,0,0,9,25,36,138,138,20,0,0,7,30,27,0,0,0,0,5,2,8,138,10,1,0,0,4,23,73,52,28,9,0,1,10,108,138,51,54,28,0,0,12,138,138,11,5,1,0,0,0,0,1,105,29,4,0,1,2,2,27,16,43,44,8,5,6,13,23,0,4,12,27,31,26,74,27
0,0,0,8,30,19,13,2,107,1,0,0,0,13,9,44,135,3,1,42,68,0,0,54,3,0,0,92,135,2,0,0,0,1,1,3,42,27,4,1,111,22,4,0,1,1,0,15,135,19,0,17,35,2,1,69,12,0,0,118,135,3,1,8,0,61,57,0,2,10,2,0,20,135,89,0,0,0,0,1,106,134,19,1,5,2,5,27,12,1,1,94,118,4,3,10,2,116,79,0,1,2,0,0,0,78,49,0,1,9,4,0,10,28,7,0,0,5,9,10,5,2,4,24,18,9,4,5
8,0,0,5,3,15,87,81,41,6,0,0,0,27,123,57,30,20,17,11,2,12,18,14,49,25,16,8,1,1,5,28,21,1,0,4,61,76,37,27,123,42,0,0,1,10,22,63,70,39,4,3,2,25,45,13,31,10,3,3,2,8,42,47,25,90,21,1,39,54,20,9,123,120,16,0,2,29,24,40,20,2,0,0,0,109,123,20,0,0,0,0,0,18,123,71,14,54,3,0,0,7,3,0,6,34,4,0,0,123,47,0,0,0,0,0,0,123,123,1,17,0,0,0,0,41,123,67
10,4,4,1,0,0,0,0,9,34,79,16,0,0,0,0,8,113,51,6,1,1,3,4,66,100,21,6,0,0,5,45,45,24,31,8,0,0,0,2,113,90,79,15,0,0,2,15,14,42,84,113,19,10,8,7,113,42,10,23,8,5,6,52,26,60,73,18,0,0,0,0,113,42,86,41,4,3,35,63,11,3,5,45,39,84,110,31,65,1,1,7,24,80,38,113,57,44,26,15,0,0,0,35,29,31,62,113,39,1,12,61,0,0,1,113,86,40,29,4,12,0,0,4,22,51,7,20
5,0,0,9,14,6,34,92,8,0,1,19,5,1,31,50,0,0,4,160,48,0,8,19,0,0,26,160,18,0,0,1,37,5,11,125,66,4,5,60,131,22,18,22,0,0,2,58,18,9,20,102,2,0,2,35,15,23,102,160,0,0,0,10,16,14,58,144,27,1,0,3,76,50,73,27,1,0,0,10,22,23,26,38,1,0,5,20,13,57,41,7,1,47,23,7,7,7,19,43,24,5,0,0,22,26,35,31,15,3,0,1,5,2,5,24,36,26,27,15,3,2,0,0,62,160,56,10
17,4,4,11,18,12,15,15,39,39,20,4,4,18,26,29,81,31,16,0,0,10,26,113,81,7,4,0,0,0,0,51,33,1,0,0,17,91,31,29,87,16,4,0,4,36,37,101,117,34,6,0,1,16,21,68,121,0,0,0,0,0,3,121,35,20,3,9,111,78,9,10,121,90,1,2,28,34,9,34,42,11,0,0,54,71,33,75,121,4,0,0,0,1,6,121,29,30,9,41,74,4,1,3,105,50,4,2,15,46,12,16,39,16,0,0,33,60,5,18,121,28,0,0,0,0,0,23
104,57,10,0,0,0,3,40,31,32,31,9,3,10,67,51,4,30,94,15,30,55,30,11,40,31,100,16,1,4,14,66,111,111,24,4,1,0,0,24,48,53,70,56,45,13,6,29,111,86,111,9,6,1,1,61,43,78,111,27,0,0,0,8,88,44,8,0,0,7,10,35,53,14,0,2,43,53,28,36,111,44,0,0,5,1,7,108,56,45,4,0,0,0,20,82,7,9,25,8,0,14,39,32,25,54,18,5,0,33,62,34,55,59,20,0,0,0,10,94,16,6,2,1,1,0,31,105
29,7,0,0,0,0,0,18,126,52,4,0,0,0,8,80,38,31,11,3,5,13,92,65,1,6,32,11,38,72,33,7,32,49,0,0,0,0,0,1,126,126,63,10,1,0,3,26,28,73,122,68,21,3,30,31,54,101,126,12,9,9,6,37,29,16,3,0,0,0,0,2,126,68,13,3,5,6,3,78,57,16,15,27,91,48,7,41,126,54,5,1,8,2,1,65,2,7,4,0,0,0,2,6,54,48,7,0,0,22,43,45,27,10,0,0,12,59,66,36,86,17,0,0,1,0,10,118
0,0,1,16,35,38,28,4,24,29,4,12,40,14,0,0,147,147,0,0,0,0,0,0,97,82,0,6,11,1,0,0,0,5,44,50,33,3,0,0,68,44,64,63,4,0,0,1,147,121,4,2,0,0,0,32,82,24,0,13,24,1,0,13,3,15,52,14,2,0,5,21,26,16,73,86,0,0,0,8,147,10,16,33,0,0,0,147,57,0,0,10,16,5,6,147,6,0,0,0,0,0,10,66,7,1,7,17,0,0,15,65,17,4,26,38,0,0,10,63,36,3,5,1,1,4,26,147
123,14,0,0,0,0,1,27,87,4,0,0,0,54,111,70,69,7,0,0,0,20,123,123,26,1,0,0,0,4,23,71,123,38,1,1,2,3,2,6,53,7,4,16,36,101,31,20,123,53,1,2,2,26,30,56,48,6,0,0,1,19,60,58,78,61,11,4,1,0,0,35,26,16,42,80,41,9,1,5,123,15,11,15,10,27,40,80,8,1,6,2,0,46,123,46,80,2,1,0,0,0,8,123,11,2,3,7,52,45,40,38,64,36,10,2,22,23,19,44,8,13,37,22,3,18,30,10
103,11,0,0,0,0,0,2,123,22,0,0,0,0,0,3,21,8,2,26,63,23,8,3,41,0,0,19,86,17,4,40,123,2,0,0,0,0,0,13,123,3,0,4,6,2,0,18,19,1,1,47,78,95,15,2,3,0,0,21,75,97,26,16,107,38,0,0,0,0,0,5,123,43,2,5,2,0,0,11,35,15,17,123,77,3,0,0,0,17,32,91,123,10,1,0,85,7,0,0,0,0,0,41,123,40,0,0,0,0,0,17,40,30,7,21,110,6,0,0,30,123,78,24,94,2,0,0
10,0,0,0,0,0,6,46,134,35,0,0,0,4,47,99,98,76,45,2,5,29,89,32,3,8,77,4,0,11,65,49,27,2,0,0,0,0,1,6,134,100,5,9,2,1,3,24,77,54,44,98,32,35,46,25,30,46,46,37,31,37,44,58,14,0,0,0,0,0,0,0,134,11,0,2,0,1,13,109,76,25,21,29,6,13,62,90,21,29,33,40,44,72,35,28,0,0,0,0,0,0,0,0,89,1,0,0,0,0,2,111,85,27,5,3,11,3,12,128,3,2,1,14,63,59,22,10
3,0,0,0,0,0,0,0,111,80,0,0,0,0,0,0,113,90,10,0,0,0,3,36,39,20,14,16,16,3,9,32,37,0,0,0,0,0,0,9,153,76,2,0,0,0,0,15,88,70,43,9,6,16,3,6,45,21,8,2,2,21,67,42,74,1,0,0,0,0,0,18,153,5,0,0,0,0,3,89,78,4,1,1,20,77,30,51,0,0,0,0,30,87,63,12,59,4,1,5,1,0,0,3,153,2,0,0,0,1,24,98,16,0,0,0,3,61,153,54,0,0,0,0,10,81,139,0
2,72,111,0,0,0,0,0,2,31,118,28,3,3,0,0,36,66,118,17,0,0,0,3,77,48,20,15,3,0,11,81,42,80,51,7,4,7,2,11,16,19,65,33,45,79,17,21,103,34,80,40,14,9,11,58,10,2,17,89,118,11,24,32,28,41,18,17,9,10,19,51,14,30,26,80,60,50,27,19,109,79,13,10,17,3,6,37,11,1,0,70,118,2,0,2,36,3,0,0,13,20,27,73,18,2,0,2,56,91,55,55,62,4,0,0,2,4,44,118,1,0,0,29,70,26,53,13
46,45,43,0,0,0,12,45,5,11,81,34,21,5,9,26,6,36,105,69,11,0,0,0,1,8,75,112,9,1,1,0,78,11,0,0,0,0,28,83,112,45,29,12,5,2,12,52,15,35,53,31,46,43,28,7,15,11,12,73,32,31,73,16,112,61,7,0,0,9,7,53,78,37,7,1,3,57,98,70,35,14,28,25,67,57,75,55,35,103,64,19,16,17,17,10,54,3,1,0,0,18,67,112,61,29,0,0,0,80,87,48,112,85,13,2,0,2,14,34,13,45,30,1,9,50,1,1
27,111,70,7,0,0,0,2,14,97,81,24,0,0,0,1,66,74,25,5,0,0,0,2,10,11,9,104,89,4,2,0,91,53,21,9,0,0,19,110,65,67,94,32,2,1,11,42,18,56,82,33,40,12,8,2,4,2,5,28,107,34,15,1,31,66,111,17,0,0,4,35,111,56,38,10,17,18,54,48,24,7,16,21,36,28,79,51,7,2,22,48,111,35,2,6,7,32,78,14,1,0,12,10,1,7,49,105,48,11,13,6,41,21,47,33,20,28,20,41,10,1,1,2,85,111,9,10
92,33,15,0,0,0,1,43,63,76,101,0,0,0,4,32,3,17,114,40,13,3,5,17,0,11,90,78,9,0,0,0,114,0,0,0,0,1,4,84,114,7,0,0,0,0,29,108,84,33,23,13,9,3,12,55,10,38,53,29,18,14,12,3,114,0,0,2,2,1,0,52,114,71,9,0,0,6,6,50,102,50,11,3,3,29,62,62,13,7,18,19,57,56,46,31,57,0,3,20,1,0,0,48,92,11,2,0,0,23,64,114,47,28,1,0,0,74,93,44,86,57,19,6,3,3,18,27
44,8,0,0,0,0,32,55,83,25,26,9,11,6,21,43,5,9,21,21,75,51,32,6,47,45,21,26,10,17,23,15,109,45,1,0,2,11,9,79,44,20,1,0,13,96,109,53,93,35,31,14,29,21,66,56,32,100,40,5,15,22,0,0,41,2,2,1,0,17,92,118,63,13,0,0,6,96,103,84,118,43,0,0,0,4,16,106,29,8,0,0,54,62,12,28,1,8,64,9,0,0,18,26,25,9,77,3,0,0,23,101,35,14,31,0,0,0,45,118,5,12,17,0,18,57,60,70
11,7,2,2,8,3,1,1,119,80,0,0,0,1,1,2,102,50,5,0,0,0,1,39,37,25,9,13,5,5,1,28,38,10,2,19,26,0,0,1,119,119,9,0,0,0,4,24,60,104,57,1,0,6,28,26,46,72,18,20,9,19,14,37,27,2,5,62,20,0,0,8,119,12,2,10,1,1,32,119,45,50,11,0,0,18,119,93,49,50,13,13,10,27,31,84,2,18,99,119,1,0,0,0,90,15,12,84,0,0,1,27,119,119,16,0,0,0,5,29,28,104,25,7,0,3,4,3
0,12,6,0,0,0,0,0,7,95,17,0,0,0,0,1,4,50,91,33,1,0,0,0,0,6,33,38,4,0,0,0,6,54,62,5,0,0,0,0,58,81,22,10,0,0,0,13,108,80,72,65,1,0,0,10,2,9,53,136,29,0,0,0,51,34,28,14,3,4,8,13,42,6,15,36,19,26,12,21,136,50,26,22,1,3,5,136,52,15,33,136,85,0,0,45,10,10,20,33,15,8,13,10,1,0,0,10,24,68,21,11,109,0,0,0,1,12,11,136,134,0,1,102,22,0,0,136
72,40,16,0,0,3,21,42,118,47,4,0,0,0,0,111,69,57,22,1,1,0,0,66,4,12,10,12,90,8,0,1,30,90,89,3,0,0,0,25,70,30,28,11,8,0,1,93,118,18,0,0,2,1,0,118,22,0,0,19,118,11,0,10,118,25,7,2,1,0,0,68,37,118,73,13,6,0,0,4,118,118,16,1,1,0,0,7,15,9,0,31,48,0,0,1,112,118,30,0,0,0,0,7,57,118,18,0,0,0,0,0,14,78,6,0,3,11,10,0,0,1,0,4,26,8,20,0
6,0,0,0,3,38,28,24,35,3,0,0,0,18,43,77,82,5,0,0,0,6,24,109,41,0,0,0,0,0,9,123,9,2,1,11,67,68,15,11,123,16,1,3,25,35,21,74,60,2,0,0,44,48,36,63,122,0,0,0,2,3,18,123,10,8,5,74,76,3,3,10,123,42,8,24,23,14,6,19,43,1,0,0,41,74,14,27,123,1,0,0,2,2,4,92,2,0,1,21,15,16,115,121,18,4,2,8,10,18,78,75,2,0,0,3,27,65,56,30,46,0,0,0,1,21,53,123
59,8,1,2,10,34,116,93,80,51,6,1,17,83,86,116,44,105,14,1,34,92,17,3,13,59,59,5,3,44,12,1,50,0,0,0,0,0,32,116,116,23,0,0,0,7,55,116,95,47,0,0,0,43,98,26,4,3,0,0,0,116,102,2,19,1,0,0,0,0,2,14,116,7,0,0,0,1,61,58,13,0,0,0,0,55,116,25,0,0,0,0,0,115,93,0,0,0,0,0,0,0,0,0,0,0,0,0,0,0,12,2,0,0,0,0,0,11,66,5,0,0,0,0,0,32,54,0
0,0,0,0,0,0,0,0,2,13,19,1,0,0,0,0,30,115,50,0,0,0,0,0,115,93,59,7,1,2,9,32,12,2,0,0,0,0,0,0,61,58,115,7,0,0,0,1,53,115,115,24,0,0,0,6,86,115,81,50,6,1,16,81,67,5,0,0,0,0,0,11,115,25,13,0,0,0,0,54,98,26,95,48,0,0,0,41,18,3,43,105,14,1,34,94,55,0,0,0,0,0,0,31,94,0,0,0,0,0,0,114,104,3,4,3,0,0,0,115,12,1,13,60,60,5,3,42
1,15,26,4,0,21,135,20,2,10,13,4,43,140,64,1,5,1,0,0,101,140,12,3,0,0,0,0,110,36,0,0,10,5,5,0,0,23,140,75,89,13,0,0,2,139,140,35,29,8,0,0,86,86,7,6,0,0,0,0,114,34,0,0,21,51,72,28,9,0,19,11,117,58,11,1,5,9,7,26,14,2,0,0,69,96,3,8,0,0,0,0,56,41,0,0,30,29,10,18,56,6,1,2,31,40,9,1,18,21,1,2,1,1,0,0,77,61,0,0,0,0,0,0,26,23,0,0
82,2,0,0,0,0,0,24,30,3,1,23,39,14,1,13,3,0,1,18,60,49,34,28,0,25,17,3,45,59,16,3,86,0,0,0,0,0,0,41,77,4,9,40,20,6,0,26,6,69,40,125,61,14,2,0,5,130,130,9,5,8,1,0,59,0,0,0,0,0,0,38,130,4,2,10,5,0,0,62,130,123,20,54,27,0,0,6,130,130,36,1,6,17,1,2,12,0,0,0,0,0,0,20,90,0,0,0,0,0,0,101,130,27,4,4,2,0,0,60,130,16,3,1,7,20,9,41
9,18,8,30,99,83,63,5,11,18,7,18,103,41,5,2,24,64,97,10,0,1,3,1,0,9,136,40,0,0,0,0,0,0,0,0,7,86,136,13,63,5,0,0,9,45,27,33,136,76,35,1,0,0,0,28,48,42,136,48,2,0,0,23,3,15,5,2,0,2,17,7,112,11,3,5,1,1,7,11,136,60,0,0,0,0,0,22,105,57,9,7,2,1,1,39,9,25,11,10,1,0,0,3,82,8,6,35,4,0,0,14,136,45,0,0,0,1,28,99,48,36,1,1,1,6,59,71
24,25,4,0,0,2,9,10,91,85,70,10,3,1,1,43,15,14,122,118,41,9,2,12,10,1,4,26,27,11,38,43,32,17,3,0,1,23,6,18,122,87,12,1,2,9,18,121,43,27,26,49,122,122,25,34,2,0,0,14,81,76,5,3,15,4,1,0,0,14,6,21,72,18,6,3,0,19,118,122,7,9,1,1,25,122,122,24,7,19,3,0,5,41,8,4,18,27,7,0,0,0,0,1,7,24,52,37,0,0,11,5,0,47,93,13,0,5,13,0,0,122,96,0,0,0,0,0
0,3,5,9,102,123,18,0,0,8,11,15,30,31,17,0,12,8,24,9,5,1,0,0,29,2,1,7,18,0,0,3,11,9,0,0,64,74,8,0,90,123,77,17,5,8,7,4,11,47,123,123,38,0,0,1,11,5,35,50,24,3,0,1,28,6,2,6,39,5,0,2,123,52,10,10,6,0,5,123,50,20,107,123,64,66,39,64,0,1,54,103,85,53,5,1,5,3,12,16,9,2,0,1,62,5,2,1,0,0,23,100,17,6,8,6,7,93,123,70,7,0,3,12,11,53,19,22
6,6,41,77,5,11,13,16,46,10,58,73,10,6,14,24,140,40,22,7,3,0,0,27,8,12,18,50,105,0,0,0,13,2,10,16,13,23,61,36,38,1,11,32,29,124,56,19,140,21,1,5,7,16,7,46,38,8,13,93,80,0,0,1,0,0,1,21,66,60,54,5,104,6,0,2,25,103,50,18,140,48,1,0,0,4,3,77,33,13,16,58,8,0,0,17,2,2,0,1,12,75,62,2,54,9,0,0,9,33,10,25,140,1,0,0,0,2,7,140,96,1,2,10,1,0,1,50
5,3,0,0,17,73,26,1,130,59,0,0,0,12,14,10,141,127,1,0,0,0,0,15,14,23,6,23,15,0,0,1,13,25,0,0,0,15,16,2,141,20,0,0,0,2,8,85,141,25,0,0,0,0,0,129,47,5,3,25,7,0,0,10,5,7,0,0,0,9,12,8,141,52,0,0,0,8,11,20,141,121,0,0,0,0,0,16,42,12,0,3,3,0,4,6,11,24,1,0,0,0,1,4,141,135,3,0,0,0,0,0,141,54,0,0,0,0,16,23,6,0,0,0,0,1,52,19
79,13,0,0,6,26,8,26,156,26,1,0,0,0,1,155,52,7,8,46,6,0,0,29,0,0,16,68,27,1,0,0,38,10,0,0,0,15,14,23,156,27,0,0,0,2,5,94,146,12,0,7,2,0,19,26,0,1,26,38,5,4,26,2,47,44,1,0,0,4,4,6,156,102,0,0,0,1,6,26,80,3,0,0,0,12,107,33,0,0,0,0,2,35,111,8,107,65,0,0,0,0,0,0,146,122,0,0,0,3,2,4,12,3,0,1,9,26,36,7,0,0,0,4,8,14,36,16
43,0,0,0,0,0,0,13,147,23,0,0,5,2,0,7,78,11,0,0,124,130,10,0,0,1,0,0,27,111,106,0,53,33,1,0,0,0,0,3,147,50,0,0,18,15,2,11,63,3,0,2,147,130,2,5,7,23,6,5,69,37,5,0,50,34,2,0,0,0,1,11,147,17,0,0,8,36,29,84,14,1,6,8,138,136,25,17,11,22,37,12,24,4,0,1,14,0,0,0,0,0,7,43,25,0,0,0,0,19,50,67,3,1,0,0,3,55,50,17,4,2,5,2,2,18,25,16
3,21,46,11,1,0,0,0,12,68,55,19,1,0,0,0,0,6,35,81,21,0,0,0,0,0,12,21,12,6,0,0,21,11,6,8,8,17,20,10,144,97,28,35,10,1,3,18,12,18,23,143,144,4,0,0,0,0,0,8,56,27,0,0,34,0,0,0,28,29,16,17,144,11,2,15,17,0,3,53,64,6,2,131,144,1,0,3,0,0,0,45,85,3,0,0,19,48,26,0,11,13,0,0,144,97,9,2,5,0,0,8,66,7,0,88,144,0,0,4,0,0,0,78,88,0,0,0
35,10,0,1,2,10,25,29,72,15,27,6,0,0,8,38,126,46,107,4,0,0,0,9,13,24,126,13,0,5,1,0,34,39,4,4,29,23,14,10,112,32,0,0,0,8,19,50,126,9,0,0,0,0,3,73,32,2,0,0,31,62,9,5,20,16,2,2,6,6,33,80,105,30,0,0,0,13,37,34,126,84,0,0,3,1,1,17,26,9,0,23,124,23,2,1,2,0,0,0,0,1,82,126,126,5,0,0,0,2,48,126,126,19,0,0,0,27,38,55,4,0,0,8,37,61,87,9
0,0,0,0,0,0,0,0,11,74,4,0,0,0,0,0,100,128,8,0,0,0,4,27,107,113,76,0,0,0,3,80,20,1,0,0,0,0,0,0,128,97,7,2,0,0,1,15,88,109,16,22,17,6,14,36,128,69,1,0,0,0,17,110,39,8,0,0,0,0,0,0,128,17,0,0,0,1,28,128,108,22,2,5,6,9,43,128,58,18,0,0,2,11,77,112,0,0,0,0,0,0,0,0,8,0,0,0,0,0,6,28,48,1,0,0,0,1,12,110,14,6,0,0,3,36,36,41
0,0,0,0,0,0,0,0,0,0,0,0,0,0,0,1,7,0,0,4,5,0,0,3,25,15,1,9,19,0,0,3,0,0,0,0,0,1,8,0,28,2,0,0,0,1,28,32,124,70,36,10,8,0,2,41,23,34,132,78,25,0,0,8,8,8,0,0,0,8,28,2,67,40,0,0,0,3,19,20,132,97,29,0,0,0,1,130,124,60,132,107,97,34,3,47,22,26,0,0,0,3,2,0,20,24,0,0,5,34,6,14,132,0,0,0,0,5,28,132,95,0,0,0,55,132,116,104
0,0,0,0,0,0,0,0,0,0,0,0,0,9,8,0,100,9,0,1,0,15,51,141,164,164,114,20,4,1,9,164,0,0,0,0,0,1,0,0,11,0,0,0,0,60,20,4,130,20,0,0,8,30,31,81,144,6,0,0,9,13,99,164,0,0,0,0,0,1,0,0,32,0,0,0,1,27,4,3,140,7,0,0,42,32,5,10,19,3,0,0,44,45,74,95,0,0,0,0,0,0,0,0,2,0,0,0,0,0,0,0,11,0,0,0,12,14,0,1,24,5,0,0,16,19,1,5
38,15,13,5,5,15,19,42,2,20,49,107,27,20,2,1,18,52,129,78,7,4,1,2,1,10,89,17,0,0,0,0,129,28,10,0,1,20,20,89,34,22,20,10,30,129,33,26,129,61,37,8,5,37,20,57,21,16,29,5,0,0,0,1,49,27,129,62,4,15,13,43,24,45,129,88,35,84,15,11,117,63,27,5,1,6,2,13,2,0,0,0,0,0,0,0,0,0,129,61,7,42,96,0,0,4,82,87,41,18,41,1,0,5,9,5,2,0,0,0,0,0,0,0,0,0,0,0
119,16,1,0,0,0,1,17,91,25,12,10,1,4,6,35,2,3,22,93,35,11,4,2,0,0,17,67,27,0,0,0,79,10,60,18,0,0,2,62,119,38,11,2,0,6,12,93,19,24,42,29,16,62,25,11,34,38,92,67,13,12,7,5,15,16,119,119,1,0,0,2,97,23,119,99,2,17,16,34,40,29,40,36,13,119,46,19,119,54,13,2,0,10,9,10,0,0,44,61,5,46,57,0,0,0,95,118,16,14,76,10,3,15,59,76,24,5,5,1,5,11,5,0,0,0,0,0
45,126,4,0,0,19,19,15,26,32,1,3,6,126,89,4,0,0,9,13,52,126,68,0,0,0,15,14,32,82,5,0,8,6,0,1,15,83,66,21,50,19,35,32,18,126,53,15,5,18,110,126,21,50,10,0,0,15,108,115,2,6,0,0,6,2,11,80,36,18,4,2,126,26,26,62,20,17,11,22,33,14,29,45,34,28,12,9,6,10,36,77,10,20,9,2,0,0,6,44,14,17,2,0,12,5,12,53,49,97,39,5,7,0,0,0,5,37,126,25,2,0,0,1,2,61,68,5
69,2,0,0,4,39,15,22,157,26,0,0,0,0,1,97,67,12,7,58,9,0,0,18,0,0,21,77,19,0,0,0,52,5,0,0,0,3,11,30,157,20,0,0,0,0,1,86,157,7,1,16,3,1,17,27,0,1,35,46,5,3,24,2,71,56,0,0,0,0,3,7,157,112,0,0,0,0,4,23,76,3,0,0,0,11,104,42,0,0,1,0,0,23,123,11,108,101,0,0,0,0,0,0,125,114,0,0,0,4,7,4,10,2,0,0,6,26,44,6,0,0,0,0,3,19,37,8
9,1,1,28,16,8,55,80,134,9,12,6,0,0,32,134,67,4,65,13,0,0,10,54,30,33,78,5,0,0,4,24,23,15,9,48,44,4,0,2,134,79,4,5,4,0,0,22,119,17,0,2,10,9,16,27,55,2,0,0,0,1,8,62,11,18,28,24,6,0,8,16,134,41,13,1,0,0,9,114,43,3,0,2,5,1,56,134,28,2,0,0,0,0,51,54,1,1,0,0,0,0,32,45,7,1,0,0,0,0,71,84,0,0,0,0,0,0,130,134,4,0,0,0,0,0,111,107
118,1,0,0,0,0,0,101,86,23,2,0,0,0,0,77,82,121,1,0,0,0,0,5,32,54,17,20,0,11,15,0,111,0,0,0,0,0,0,71,125,76,0,0,0,0,4,87,85,125,1,0,7,16,35,33,4,16,0,0,35,100,45,3,40,0,0,0,0,0,0,12,125,9,0,0,0,0,36,125,30,4,0,0,2,18,125,125,0,0,0,0,26,119,67,21,0,0,0,0,0,0,0,0,31,0,0,0,0,0,8,54,18,1,0,0,0,14,79,77,0,0,0,0,6,32,76,9
1,0,0,0,0,18,23,6,3,1,0,0,0,0,3,3,0,0,0,0,0,0,0,0,0,0,0,0,0,0,0,0,25,6,25,47,13,52,51,20,139,45,14,22,10,2,8,27,13,22,25,113,85,0,0,0,1,36,24,15,4,0,0,0,17,4,16,32,16,89,52,17,139,21,9,22,8,23,22,84,74,25,86,139,42,0,0,5,1,39,126,82,1,0,0,0,14,0,0,0,18,136,43,23,139,3,1,0,0,14,12,139,134,8,28,71,0,0,1,76,0,5,88,68,0,2,5,0
22,0,0,0,0,1,25,81,69,0,0,0,0,1,25,133,31,0,0,1,133,98,6,37,0,0,4,5,133,96,0,0,13,2,0,0,0,10,49,26,133,22,0,0,3,19,48,131,50,2,6,7,133,133,10,27,0,27,97,28,133,72,0,0,4,1,0,0,0,0,0,0,80,22,0,0,8,40,17,11,24,6,12,12,93,133,21,24,28,23,79,21,15,11,5,35,0,0,0,0,0,0,0,0,0,0,0,0,2,3,0,0,6,4,55,30,20,13,2,7,18,8,48,26,35,31,7,20
12,37,0,0,0,0,0,0,47,83,66,27,0,0,1,21,8,7,81,125,3,0,2,16,1,0,36,49,0,2,33,20,24,63,2,2,4,1,0,0,62,27,8,12,22,7,19,125,125,18,87,125,0,0,2,125,8,4,125,125,0,0,0,0,21,33,2,5,9,0,0,17,65,77,12,21,42,2,1,13,125,125,7,5,0,0,0,34,63,22,74,35,0,0,0,18,8,0,0,1,0,0,0,55,61,36,9,5,1,0,2,66,99,33,0,0,0,0,4,113,85,4,0,0,0,0,2,41
5,0,0,0,0,0,0,3,18,14,6,3,0,0,0,1,37,38,10,7,0,0,0,6,68,101,12,0,0,0,2,31,43,14,0,0,0,0,1,9,133,88,31,15,5,4,2,15,33,26,38,55,59,36,15,37,42,12,0,0,4,6,68,133,28,9,0,0,0,1,9,20,107,14,9,1,4,29,63,111,7,19,20,5,46,133,60,16,33,104,21,0,3,13,21,53,20,55,6,0,0,0,1,2,20,100,133,0,0,3,15,17,5,133,133,0,0,9,13,7,13,133,133,0,0,0,0,2
0,37,73,22,82,126,0,0,0,11,20,22,93,126,0,0,1,9,26,26,22,3,0,0,0,3,2,3,6,0,0,0,13,7,2,3,126,126,0,0,97,108,59,29,13,47,2,13,7,18,66,126,51,6,2,3,0,0,8,42,20,0,0,0,15,11,37,27,126,48,0,1,111,34,50,13,6,9,28,75,7,3,5,54,75,61,49,21,0,0,2,29,20,2,0,0,0,71,126,29,45,0,0,0,3,32,126,83,47,2,2,2,0,0,8,50,58,8,8,1,0,0,0,0,0,0,0,0
0,0,0,0,0,0,0,0,0,5,6,0,0,0,0,0,6,75,36,0,0,0,0,1,20,76,110,68,7,0,0,2,10,0,0,0,0,0,0,0,67,53,26,0,0,0,0,3,36,93,55,7,27,9,2,15,142,111,37,101,23,3,2,41,8,0,0,0,0,0,0,0,121,10,1,1,1,0,0,29,102,142,51,13,21,3,0,17,142,142,34,28,4,0,0,4,0,0,0,0,0,0,0,0,27,0,0,0,0,0,0,15,142,52,2,0,0,0,0,118,142,88,1,0,0,0,0,62
5,54,37,9,1,0,0,0,0,9,16,8,1,0,0,0,0,1,1,0,0,0,0,0,0,0,0,0,0,0,0,0,38,37,27,23,9,17,54,33,110,117,64,14,5,7,9,14,13,35,61,50,0,0,0,1,0,0,5,6,0,0,0,0,23,17,150,150,0,2,25,13,150,91,150,12,0,0,4,41,80,33,81,83,0,0,4,23,7,12,65,15,0,0,0,1,34,43,150,72,3,9,0,1,13,35,150,93,21,61,5,1,17,15,78,65,8,19,11,6,6,3,3,0,0,0,0,1
1,0,0,0,0,0,0,1,50,12,0,0,0,0,13,23,39,16,5,9,0,0,10,16,0,1,6,12,0,0,0,0,14,1,0,0,0,0,3,26,77,9,0,0,6,13,136,105,141,50,31,39,1,3,41,78,16,11,50,131,42,12,3,3,20,1,0,0,1,1,11,56,141,58,0,1,22,18,40,47,141,61,2,4,1,20,99,108,14,1,3,27,42,141,112,19,4,0,0,0,0,0,4,13,81,15,0,0,0,0,26,55,34,8,0,0,0,16,141,88,0,0,0,0,0,61,81,7
