0,0,0,0,0,4,50,1,0,0,0,0,0,0,25,4,0,0,0,0,0,0,3,2,0,0,0,0,0,0,0,0,0,0,0,0,10,27,154,14,11,0,0,0,2,4,154,97,95,6,0,0,0,0,77,136,18,3,0,0,0,0,0,4,0,0,0,0,34,27,65,22,89,19,0,0,12,8,42,25,154,76,0,0,0,0,8,40,28,9,0,0,1,1,0,1,154,6,0,0,1,5,121,154,140,22,0,0,1,1,1,19,154,54,0,0,1,4,31,14,8,3,0,0,2,4,74,3
147,88,5,0,0,1,11,45,83,0,0,0,0,9,32,69,147,0,0,0,0,0,0,98,0,0,0,0,0,0,0,0,30,88,36,0,0,0,9,4,83,24,42,0,0,3,20,27,147,32,6,0,0,0,0,63,5,0,0,0,0,0,0,0,14,85,147,0,0,0,0,7,14,107,147,0,0,0,0,0,91,137,90,0,0,0,0,3,4,3,0,0,0,0,0,0,128,26,52,0,0,0,1,125,1,11,60,0,0,0,3,0,0,7,22,0,0,0,0,0,0,0,0,0,0,0,0,0
251,251,6,0,0,0,1,16,11,7,1,0,0,2,5,4,1,0,0,0,0,0,3,2,0,0,0,0,0,0,0,0,248,222,6,0,3,1,1,8,8,2,1,2,36,33,21,10,71,8,0,0,3,7,17,25,3,1,0,0,0,0,0,0,12,25,3,1,4,0,0,0,9,9,17,33,49,5,1,1,91,26,14,7,4,1,1,9,4,0,0,0,0,0,0,1,0,0,0,1,2,1,0,0,0,1,7,6,0,0,1,0,3,4,6,0,0,0,1,1,0,0,0,0,0,0,0,0
0,1,8,16,45,1,0,0,7,0,0,2,107,6,0,3,38,0,0,0,4,0,0,9,3,0,0,0,0,0,0,0,0,0,5,16,114,79,0,0,38,1,0,15,144,71,2,19,144,13,2,3,15,5,1,55,45,10,21,42,2,0,0,0,0,4,15,16,68,98,0,0,26,18,34,144,110,16,0,1,144,80,17,34,8,0,0,4,71,15,12,20,3,0,0,0,0,73,71,8,7,11,0,0,1,30,144,144,2,0,0,0,77,105,99,53,0,0,0,0,21,21,11,6,0,0,0,0
134,0,0,0,0,0,0,101,134,0,0,0,0,0,0,59,134,3,0,0,0,0,0,50,36,6,0,0,0,0,0,19,134,68,0,0,0,0,0,40,134,22,0,0,0,0,0,70,134,3,0,0,0,0,0,93,40,0,0,0,0,0,20,57,61,134,0,0,0,0,0,0,131,134,0,0,0,0,0,3,134,69,0,0,0,0,0,18,37,17,4,0,0,0,11,28,3,13,0,0,0,0,0,0,23,82,0,0,0,0,0,0,43,114,0,0,0,0,0,0,10,55,23,0,0,0,0,0
71,6,12,6,6,9,41,70,7,0,0,0,3,32,118,51,1,0,0,0,4,85,103,8,118,0,0,0,1,17,30,87,6,1,10,63,118,33,38,26,97,4,0,6,20,19,79,111,21,1,1,23,43,33,28,11,118,0,0,4,9,5,8,117,5,8,9,118,118,1,0,1,118,91,22,50,30,0,0,11,27,14,5,49,52,0,0,0,51,0,0,24,18,0,0,63,0,2,15,118,68,0,0,0,7,63,57,56,8,0,0,0,1,12,25,64,4,0,0,0,8,0,4,58,4,0,0,7
77,17,0,0,0,0,2,84,43,0,0,0,0,0,67,89,5,0,0,0,0,0,134,76,36,0,0,1,0,0,88,82,51,0,0,0,0,0,17,134,12,1,0,0,0,11,115,91,45,3,0,0,0,0,62,65,120,0,0,0,0,0,25,86,134,14,0,0,0,0,2,134,134,57,2,0,0,2,19,80,70,71,3,0,0,0,2,11,20,3,0,0,0,0,16,37,134,30,0,0,0,0,0,1,134,51,1,0,0,0,0,2,17,28,2,0,0,0,0,0,15,4,0,0,0,0,0,0
17,126,126,0,0,0,0,0,126,126,12,0,0,0,0,2,90,112,8,0,0,0,0,8,34,84,40,0,0,0,0,1,1,117,126,1,0,0,0,0,68,126,58,8,0,0,0,20,116,22,3,0,0,0,0,56,126,36,7,0,0,0,0,45,0,28,92,10,0,0,0,0,4,26,106,40,0,0,0,1,43,67,38,0,0,0,0,6,126,40,11,0,0,0,0,42,0,0,2,0,0,0,0,0,2,3,12,2,0,0,0,0,67,63,17,0,0,0,0,1,53,109,42,0,0,0,0,1
81,6,0,0,0,0,28,57,141,25,0,0,0,0,12,99,48,5,0,5,2,0,13,45,53,21,10,41,19,4,6,56,71,10,0,0,0,0,3,42,101,4,0,0,0,0,82,141,113,7,0,0,0,0,50,141,22,2,0,1,2,1,3,16,6,7,0,0,0,0,1,5,139,59,0,0,0,0,13,48,141,120,0,0,0,0,2,38,30,10,0,0,0,0,0,1,6,3,0,0,0,0,0,0,141,110,0,0,0,0,0,0,141,109,0,0,0,0,0,0,6,3,0,0,1,1,0,0
1,36,47,3,0,0,0,0,56,95,7,0,0,0,0,4,101,139,24,0,0,0,0,11,50,82,7,5,5,1,0,6,2,5,4,0,0,0,0,0,139,54,7,0,0,0,0,44,139,92,4,0,0,0,0,89,41,27,3,1,9,5,1,13,0,116,71,0,0,0,0,0,25,139,139,0,0,0,0,3,104,139,41,0,0,0,0,11,23,15,1,1,3,5,2,6,0,139,87,0,0,0,0,0,0,130,79,0,0,0,0,0,0,34,16,0,0,0,0,0,3,2,0,0,0,0,0,2
73,15,0,0,0,0,35,129,7,2,0,0,0,0,58,114,3,1,0,4,11,2,13,31,0,0,4,129,129,22,1,1,3,0,0,0,0,0,64,129,22,2,0,0,0,0,119,129,86,9,0,1,3,1,34,129,16,6,29,74,36,4,0,8,62,21,0,0,0,0,10,56,129,41,0,0,0,0,6,50,129,75,0,0,0,0,3,75,35,11,2,8,8,0,2,21,25,54,7,0,0,0,0,0,52,8,0,0,0,0,2,60,84,9,0,0,0,0,19,129,42,4,0,0,0,0,5,67
77,10,1,0,0,0,0,57,134,6,0,0,0,0,0,92,134,13,2,0,0,0,0,84,5,2,1,0,4,0,0,2,40,78,35,0,0,0,0,4,134,54,11,0,0,0,0,55,134,34,2,0,0,0,0,109,30,4,1,1,8,32,7,10,37,50,15,0,0,0,0,1,90,134,72,0,0,0,0,4,100,134,44,1,1,0,0,6,15,10,3,28,79,52,8,2,64,41,22,0,0,0,0,6,134,88,10,0,0,0,0,23,43,41,11,0,2,2,0,5,2,17,29,34,112,70,0,0
2,11,57,64,14,15,62,10,61,122,47,6,2,5,44,35,21,50,130,41,4,4,4,13,1,2,115,73,5,1,7,21,10,5,30,19,1,4,48,13,130,67,17,2,0,1,6,17,50,26,29,9,0,1,22,38,0,1,39,60,35,38,36,12,10,25,130,17,0,0,13,5,111,40,130,21,0,0,3,25,21,5,32,13,0,0,12,52,7,3,29,30,5,6,4,23,0,38,130,22,0,0,0,0,1,5,130,92,0,0,0,0,1,2,130,118,0,0,0,7,10,4,71,51,0,0,0,16
0,0,0,0,0,0,0,0,25,13,0,0,0,0,0,6,142,26,0,0,0,0,0,60,91,12,0,0,0,0,0,66,17,0,0,0,0,0,0,6,142,55,0,0,0,0,0,15,142,86,0,0,0,0,0,21,104,7,0,0,0,0,0,55,136,0,0,0,0,0,0,23,142,5,0,0,0,0,0,58,142,35,1,0,0,0,0,41,69,59,6,0,0,0,0,30,142,0,0,0,0,0,0,94,142,0,0,0,0,0,0,70,142,17,0,0,0,0,0,22,62,42,4,0,0,0,0,6
114,9,0,0,0,0,0,98,101,4,0,0,0,0,13,126,42,3,0,0,0,0,2,57,0,0,1,29,33,5,0,0,82,85,1,0,0,0,0,19,126,75,0,0,0,0,2,75,116,35,0,0,0,0,6,43,2,1,1,10,0,0,1,3,66,12,0,0,0,0,4,62,83,9,0,0,0,0,40,126,20,2,0,0,0,0,119,126,2,0,0,0,0,0,49,103,53,0,0,0,0,0,40,102,7,0,0,0,0,0,59,92,14,2,0,0,0,0,59,126,74,15,0,0,0,0,33,126
37,131,56,1,0,0,0,0,37,99,79,1,0,0,0,0,131,121,6,0,0,0,0,11,64,44,1,0,0,0,0,4,83,53,3,0,0,0,0,13,96,131,49,0,0,0,0,6,85,131,70,0,0,0,0,3,36,34,2,0,1,2,0,1,93,5,0,0,0,0,0,67,131,32,2,0,0,0,0,104,116,40,11,0,0,0,0,48,1,5,1,1,14,2,0,0,50,44,12,0,0,0,0,9,131,17,2,0,0,0,0,77,131,6,0,0,0,0,0,72,7,2,1,1,11,22,3,2
0,0,0,0,30,11,46,18,1,18,14,67,128,17,7,0,74,128,30,30,40,2,0,0,32,78,5,2,128,35,0,0,0,0,0,0,5,13,56,19,16,13,5,21,99,43,17,2,128,71,7,9,26,31,11,30,33,18,1,1,126,95,7,6,0,0,0,0,4,20,103,17,19,3,0,0,43,25,46,18,67,7,0,0,31,39,10,26,34,16,0,1,54,52,2,2,0,0,2,2,14,48,128,57,5,1,0,0,1,7,128,128,12,0,0,0,9,13,128,108,30,17,0,2,11,7,11,28
0,0,0,0,65,66,2,1,76,0,0,4,40,55,11,35,60,5,2,19,46,0,0,4,103,3,0,1,9,0,0,5,8,0,0,0,160,106,1,5,160,12,3,8,49,52,5,36,69,26,32,66,13,0,0,0,79,23,8,2,10,0,0,0,20,0,0,1,160,44,0,2,160,3,0,1,58,16,0,15,94,6,7,18,33,0,0,1,44,5,2,2,14,2,0,1,15,0,0,23,160,0,0,1,160,0,0,6,55,0,0,19,86,0,0,1,36,2,0,5,33,0,0,2,11,1,0,4
78,10,10,5,0,4,40,114,12,4,34,28,8,22,66,34,15,6,22,19,5,6,2,5,149,34,2,2,0,1,0,13,32,51,47,5,0,1,47,98,116,25,19,4,0,5,54,73,59,1,0,1,8,54,10,20,149,29,0,0,0,6,3,12,136,93,67,37,23,2,0,8,59,30,33,36,30,9,1,4,73,2,0,0,31,58,4,11,149,15,0,0,0,3,1,10,149,2,0,3,27,18,8,57,6,3,1,4,41,29,22,3,50,0,0,0,36,48,14,23,149,1,0,0,0,2,1,45
5,0,0,0,28,68,31,13,31,0,0,9,63,48,18,23,130,0,0,3,11,2,3,43,20,2,5,50,64,0,0,3,71,0,0,1,78,96,18,53,87,5,5,48,76,0,1,24,130,9,3,8,10,0,0,28,42,0,0,19,74,0,0,7,130,3,0,0,126,86,10,62,130,24,40,77,13,0,0,23,107,45,33,27,3,0,0,4,46,2,0,6,75,3,0,3,130,0,0,4,130,23,0,36,130,4,5,14,20,0,0,30,35,4,5,11,21,0,0,3,28,0,0,7,62,12,0,4
125,24,1,24,51,0,0,1,125,5,0,0,14,36,5,6,31,0,0,0,10,22,10,16,38,0,0,0,28,18,0,4,125,42,4,47,65,0,0,2,125,7,0,0,45,89,19,13,115,3,0,0,7,30,24,46,51,2,0,0,85,34,0,3,125,40,2,23,73,6,0,0,84,14,1,7,125,16,1,1,125,22,0,3,21,4,1,5,47,3,0,9,125,17,0,0,125,19,0,0,23,20,2,3,56,11,1,5,120,0,0,0,125,21,0,2,14,0,0,0,30,4,0,16,86,1,0,0
36,0,0,20,29,39,65,88,67,0,0,7,21,30,32,67,57,1,0,0,0,1,3,25,2,0,0,0,0,0,0,0,28,0,0,0,0,23,170,131,170,5,0,0,0,18,77,96,136,7,0,0,0,0,0,6,1,1,0,0,0,0,0,0,116,7,2,1,0,0,20,36,170,23,0,0,0,0,2,18,141,8,0,0,0,0,0,0,1,0,0,0,0,0,0,0,101,23,2,6,1,0,0,0,170,87,0,0,0,0,0,0,74,17,0,0,0,0,0,0,1,0,0,0,0,0,0,0
74,0,0,0,10,51,20,121,78,1,0,46,47,15,13,93,60,2,0,16,20,10,7,61,13,0,0,0,4,5,5,17,49,0,0,0,12,59,39,124,62,0,0,1,9,33,140,140,140,15,0,0,7,23,64,66,44,7,0,0,0,0,0,4,2,2,2,28,20,12,18,18,140,21,1,1,0,0,52,64,140,62,0,0,0,0,8,18,32,7,0,0,0,0,0,0,1,2,2,33,22,1,1,0,140,73,1,4,2,0,0,0,140,97,0,0,0,0,0,0,11,3,0,0,0,0,0,0
12,11,4,2,0,2,12,8,66,2,0,0,0,0,5,41,120,11,2,3,3,0,0,17,9,4,2,16,51,2,0,0,5,0,0,0,1,23,61,32,85,1,0,0,0,0,18,103,140,38,8,9,4,0,0,29,19,12,9,51,99,1,0,0,28,0,0,0,0,11,32,78,140,24,0,0,0,0,0,35,140,36,0,0,12,0,0,4,31,2,0,4,140,11,0,1,17,0,0,0,0,0,40,140,140,13,0,0,0,0,1,140,140,17,0,0,11,0,0,55,20,1,0,1,140,5,0,3
2,0,2,125,31,0,0,2,136,2,2,74,23,0,0,94,136,0,0,0,0,0,0,136,55,3,0,0,0,0,0,20,9,7,2,62,23,0,0,3,83,6,4,136,63,0,0,27,136,18,1,7,1,0,0,88,112,21,0,0,0,0,0,5,16,24,5,15,3,0,0,1,28,27,22,136,32,0,0,0,136,90,13,24,2,0,0,3,102,22,0,0,0,0,0,0,46,8,1,0,0,0,0,17,26,21,17,57,2,0,0,1,136,77,11,15,0,0,0,0,50,11,0,0,0,5,3,1
18,1,0,0,0,0,40,59,114,19,0,0,0,0,1,35,42,70,2,0,0,0,0,0,2,33,35,0,0,0,0,0,59,22,26,1,0,0,10,34,133,24,3,0,0,0,0,36,85,112,1,0,0,0,0,1,3,60,42,3,0,0,0,0,13,74,133,98,0,0,0,0,133,33,76,63,0,0,0,28,133,50,3,0,0,0,0,25,27,41,21,2,0,0,0,1,20,45,122,113,0,0,13,23,21,22,133,133,0,0,6,9,72,47,126,22,0,0,0,8,34,16,24,3,0,0,0,2
0,0,0,0,92,164,0,0,0,1,1,0,164,164,0,0,0,1,15,17,39,45,0,0,0,0,19,28,13,1,0,0,0,0,0,0,136,164,2,1,33,17,3,0,42,164,6,6,7,12,23,21,16,10,2,1,0,0,11,33,18,2,1,0,11,0,0,0,151,164,3,5,77,3,1,0,2,24,9,25,7,2,8,8,7,29,17,4,0,0,5,11,10,27,18,0,6,0,0,0,94,59,2,10,58,4,2,0,0,1,2,53,22,9,34,25,1,1,0,16,0,2,62,34,2,4,1,0
0,0,65,44,4,3,0,0,3,2,40,49,2,1,0,3,156,3,6,15,0,0,0,110,156,0,0,0,0,0,0,148,3,1,6,10,5,36,32,2,11,11,15,40,5,8,3,0,142,9,16,51,6,0,0,25,156,1,0,0,0,0,0,113,23,15,0,0,0,9,15,7,22,10,1,3,2,5,9,17,63,1,1,15,21,17,8,22,156,0,0,0,0,0,0,156,14,3,0,0,0,2,13,26,0,0,0,0,0,15,34,13,18,0,0,0,0,19,23,23,139,0,0,0,0,0,0,144
16,21,74,3,0,0,0,4,127,13,20,1,0,0,0,103,127,0,0,0,0,0,0,127,100,1,0,0,0,0,0,72,8,50,94,11,0,0,0,0,78,23,66,55,6,0,0,15,127,13,1,1,0,0,0,116,79,0,0,0,0,0,20,127,32,55,21,8,2,0,0,0,28,28,22,72,19,0,0,1,127,60,4,5,0,19,12,25,21,1,0,0,0,91,127,69,38,19,19,10,0,1,12,14,9,4,10,39,14,23,28,5,30,4,0,4,3,90,56,19,1,0,0,0,12,127,42,5
3,0,0,0,13,117,25,7,63,0,0,0,15,117,24,30,117,5,0,0,1,15,40,65,2,1,0,2,81,88,46,7,4,1,0,0,59,117,14,2,117,19,0,0,6,58,21,28,50,2,0,0,24,76,117,42,14,3,7,6,6,95,100,22,20,5,0,0,117,79,2,7,112,24,1,1,12,19,5,19,10,1,0,3,86,91,21,10,40,6,4,4,11,13,18,79,14,66,10,6,102,16,0,1,31,95,25,21,33,2,0,1,4,15,7,25,117,21,3,3,31,76,6,2,5,3,4,16
22,1,0,0,0,0,5,33,90,16,0,0,0,0,1,8,56,56,0,0,0,0,0,0,38,91,0,0,0,0,0,0,65,1,0,0,0,0,0,68,124,26,0,0,0,0,0,11,109,44,0,0,0,0,0,6,124,56,0,0,0,0,0,1,109,1,0,0,0,0,0,124,124,7,0,0,0,0,0,65,123,7,0,0,0,0,0,28,124,44,0,0,0,0,0,4,124,0,0,0,0,0,0,124,124,0,0,0,0,0,0,119,124,22,0,0,0,0,0,22,124,58,0,0,0,0,0,0
143,40,0,1,6,1,0,7,22,17,5,37,102,5,0,1,22,70,11,39,103,5,0,0,0,1,1,63,143,40,0,0,143,73,0,0,7,3,0,5,32,4,0,2,87,23,1,5,103,20,4,71,58,1,0,6,2,1,6,143,143,0,0,0,24,82,5,1,16,7,0,0,31,3,0,0,88,27,0,3,143,9,2,18,9,2,0,10,16,4,38,143,16,0,0,1,0,7,4,2,23,24,1,0,21,0,0,4,65,21,0,5,129,1,0,0,2,1,1,39,16,1,6,16,9,10,19,17
125,125,6,0,0,0,0,1,125,99,0,0,1,18,8,6,27,15,0,0,21,55,9,6,17,50,1,1,7,5,0,0,118,125,5,0,0,1,16,25,66,61,0,0,0,71,96,23,120,42,0,0,0,33,30,18,28,35,1,1,33,56,0,0,43,11,0,0,0,2,61,66,91,3,0,0,0,23,106,43,125,18,0,0,2,15,13,50,14,4,0,0,91,125,7,9,7,19,3,0,0,0,7,10,97,24,0,0,0,0,3,19,79,1,0,0,1,17,22,81,0,0,0,1,73,107,16,8
33,0,0,0,0,1,46,140,138,0,0,0,7,2,4,140,34,2,0,5,66,14,2,33,45,10,0,3,19,2,0,2,115,70,0,0,0,1,6,49,140,46,0,0,1,7,2,83,90,2,0,0,26,83,14,43,81,3,0,1,33,11,4,38,86,132,0,0,0,0,0,11,140,53,0,0,0,17,38,59,43,0,0,0,4,102,68,62,60,0,0,0,16,14,21,122,58,63,11,0,0,0,2,15,46,16,2,0,0,3,24,28,32,6,0,0,0,9,29,24,28,0,0,0,0,2,22,63
44,2,1,4,8,35,53,98,122,18,0,0,0,1,20,132,26,8,0,0,0,33,43,51,3,0,0,0,19,106,95,24,36,29,12,41,40,32,27,35,132,69,5,5,2,11,22,132,49,1,0,0,6,132,68,43,1,0,0,1,2,132,104,2,22,42,74,63,8,5,0,0,119,64,10,2,5,46,63,30,11,4,0,0,2,132,70,9,23,9,1,0,0,24,12,6,0,4,45,86,38,8,0,0,2,4,6,11,62,26,8,1,11,9,0,0,2,14,11,2,11,9,0,0,0,7,24,4
6,0,0,1,0,0,12,65,8,3,3,14,24,48,40,44,5,1,2,32,36,91,41,10,18,7,15,18,13,23,35,19,20,5,3,13,4,0,1,7,131,59,26,53,8,0,0,14,13,20,103,135,51,9,10,5,47,96,135,45,9,6,27,23,17,7,6,23,9,0,0,0,135,24,11,10,0,0,0,48,116,31,135,98,1,0,0,21,2,40,135,80,11,0,0,0,4,4,5,16,4,6,13,4,135,40,2,1,0,1,1,13,135,79,22,1,0,0,0,6,5,10,24,45,37,0,0,0
0,0,0,0,0,132,56,1,32,3,2,3,1,124,59,19,11,7,47,47,26,41,5,1,23,16,120,25,12,16,6,59,17,12,0,0,0,132,36,5,132,14,1,0,0,15,8,33,132,84,76,15,0,0,0,10,11,75,132,26,3,0,0,0,20,64,3,1,1,21,5,1,126,17,0,0,1,0,0,21,132,32,1,0,0,0,15,65,42,31,18,9,5,2,59,50,0,30,11,6,13,2,0,0,57,17,2,3,7,0,0,19,63,6,2,1,7,25,70,75,2,0,0,0,1,11,132,85
36,0,0,3,49,8,7,73,29,3,1,21,101,7,3,24,131,14,0,0,0,0,0,37,122,22,1,2,0,0,0,10,72,0,0,2,16,1,2,63,36,3,0,27,110,3,1,17,131,22,0,1,7,0,0,19,131,23,4,3,0,0,0,9,123,5,1,5,6,0,0,63,52,10,3,52,91,0,0,6,131,37,1,10,14,0,0,3,131,42,4,0,0,0,0,2,131,18,4,13,9,0,0,11,70,17,3,46,61,0,0,1,131,81,2,12,13,0,0,0,124,71,0,0,0,0,0,0
0,0,0,0,0,4,125,64,1,0,0,0,0,1,125,26,0,0,0,1,1,30,125,12,0,0,5,2,2,74,86,0,20,0,0,0,0,0,74,125,93,11,3,0,0,0,43,76,12,8,19,19,6,17,20,4,0,0,33,18,6,20,6,0,125,34,0,0,0,0,7,92,125,62,9,0,0,0,1,27,14,6,15,6,11,21,4,9,0,9,37,4,6,16,4,0,125,125,2,0,0,0,0,7,70,125,125,4,0,0,0,1,1,29,125,19,1,0,0,1,0,50,123,12,18,12,0,0
120,20,1,0,0,0,8,69,111,13,3,0,0,0,63,120,120,29,5,0,0,0,10,93,20,17,2,0,0,0,13,44,82,102,9,0,0,0,0,11,120,30,0,0,0,0,2,53,120,7,0,0,0,0,1,120,79,0,0,0,0,0,4,70,44,74,14,0,0,0,0,0,120,93,2,0,0,0,0,7,120,49,0,0,0,0,0,18,105,1,0,0,0,0,0,41,1,57,120,5,0,0,0,0,27,107,69,0,0,0,0,0,69,44,13,0,0,0,0,8,60,1,0,0,0,0,0,32
4,1,21,15,0,0,39,49,96,25,4,1,0,0,10,71,63,133,29,0,0,0,0,5,19,131,54,4,0,0,0,0,3,4,98,53,0,0,0,3,133,53,55,12,0,0,0,24,133,116,19,0,0,0,0,31,38,111,47,0,0,0,0,6,0,2,133,23,0,0,0,0,45,54,133,21,2,0,0,2,133,41,8,0,0,0,0,57,58,6,1,0,0,0,21,80,4,4,75,27,21,31,0,1,11,4,30,23,33,58,11,16,108,6,2,0,0,2,5,75,22,1,0,0,0,1,33,61
0,0,33,44,2,6,15,3,8,27,61,45,2,2,4,4,18,129,87,3,0,0,0,1,2,129,94,0,0,0,0,0,0,0,0,2,1,34,91,11,65,14,4,2,1,4,38,78,129,83,5,0,0,0,0,33,60,96,13,0,0,0,0,0,4,0,0,0,0,28,62,17,127,20,0,0,0,0,22,101,129,46,0,0,0,0,11,114,60,20,0,0,0,3,24,57,1,9,5,0,0,38,72,15,32,20,4,0,0,1,43,129,44,8,0,0,0,0,39,129,9,0,0,0,0,1,61,129
2,18,93,36,4,1,0,1,83,82,20,6,1,0,0,0,143,69,0,0,0,0,0,0,118,64,0,0,0,0,0,0,8,1,3,5,13,31,7,18,143,40,1,2,3,9,3,25,143,88,0,0,0,0,0,2,143,45,0,0,0,0,0,2,8,0,0,0,31,37,7,16,143,1,0,0,8,11,6,91,143,22,0,0,0,0,0,21,124,11,0,0,0,0,2,29,4,1,0,2,42,12,2,4,143,21,0,0,13,2,1,21,143,13,0,0,0,0,0,9,62,1,0,0,0,0,2,17
12,2,0,0,1,41,128,35,82,6,0,0,0,12,121,61,95,27,14,13,3,6,28,29,1,5,31,93,21,31,10,0,75,46,0,0,17,35,16,7,128,46,0,0,0,0,2,9,128,48,14,6,0,0,0,5,23,18,52,122,2,3,4,2,97,58,0,0,9,5,0,0,128,18,0,0,0,0,0,14,128,2,0,0,0,7,63,80,24,1,2,12,2,22,128,52,48,57,0,0,0,0,0,0,50,13,0,0,2,9,8,12,30,1,0,0,3,51,128,45,87,11,0,0,0,11,86,54
2,5,51,48,0,0,0,0,133,16,11,7,0,0,0,24,133,0,0,3,37,3,0,49,35,0,0,14,123,24,5,17,0,2,95,133,0,0,0,0,110,14,64,112,0,0,0,12,133,11,6,8,34,0,0,44,54,3,0,39,133,0,0,3,2,16,54,42,0,0,0,0,18,23,121,132,0,0,0,0,133,77,45,18,20,0,0,6,43,11,2,32,132,0,0,0,11,5,2,0,0,0,2,7,11,18,27,8,0,0,0,2,37,47,18,5,9,0,0,0,23,10,0,26,77,0,0,0
0,4,7,6,88,8,0,0,145,54,12,2,3,0,0,0,192,23,0,0,0,0,0,3,45,0,0,0,0,0,0,2,0,13,88,32,37,3,0,0,136,46,39,8,11,1,0,5,192,9,0,0,0,0,0,22,56,0,0,0,0,0,1,10,0,0,37,19,58,30,0,0,124,18,4,6,41,13,0,1,192,20,0,0,0,0,0,6,59,0,0,0,0,0,0,7,0,1,1,4,41,29,0,0,78,48,5,4,13,2,0,0,192,25,0,0,0,0,0,10,34,0,0,0,0,0,0,1
105,18,4,44,112,1,0,0,125,17,3,7,15,1,0,0,34,0,0,41,93,9,0,0,0,0,0,115,77,1,0,0,107,27,7,90,99,0,0,0,125,23,4,22,28,2,0,1,37,1,0,26,90,33,4,0,0,0,0,56,63,45,9,0,102,7,0,7,125,13,0,2,125,2,0,3,48,10,0,16,35,0,0,41,77,21,0,2,0,0,0,82,71,33,2,0,72,5,0,1,125,61,0,6,125,1,0,0,32,27,0,16,21,0,0,0,36,73,12,2,0,0,0,16,25,29,10,1
0,1,0,0,25,141,1,0,21,43,2,0,3,71,8,0,141,141,27,1,0,1,2,7,23,50,141,39,0,1,19,8,5,11,1,0,11,91,1,1,64,34,2,0,0,4,9,15,141,49,3,1,0,1,9,51,27,14,24,12,3,17,93,29,7,1,0,0,0,10,16,5,82,3,0,0,0,9,20,29,141,57,9,2,0,0,32,95,14,26,62,20,2,3,102,21,0,0,0,0,0,14,18,0,13,0,0,0,0,12,33,31,40,0,0,0,0,2,107,141,1,0,0,0,0,8,141,33
126,22,0,1,9,1,0,1,30,5,1,23,65,16,2,5,106,11,2,4,23,11,2,18,9,1,1,7,126,45,0,1,126,33,0,0,15,7,0,0,26,2,0,8,96,84,14,13,117,4,0,1,38,31,16,72,7,0,0,4,126,42,1,5,126,38,0,0,37,8,0,0,38,13,0,4,126,43,2,2,126,42,0,1,63,17,2,8,5,0,0,0,126,38,0,0,83,36,1,0,43,8,0,0,37,23,0,5,117,15,0,0,94,44,0,1,74,12,0,0,0,0,0,0,111,31,2,1
124,1,0,1,23,0,0,28,36,0,0,5,124,6,0,17,124,0,0,4,30,1,0,35,7,0,0,27,124,8,4,3,124,1,0,2,16,0,0,28,53,3,1,32,124,2,0,16,124,10,1,8,32,0,0,38,21,0,0,46,124,0,0,2,124,1,0,3,3,0,0,32,70,14,14,110,73,0,0,6,106,44,14,30,18,1,1,24,23,2,0,49,124,0,0,10,124,0,0,0,0,0,1,47,101,2,1,46,52,1,0,11,32,6,5,30,41,3,3,27,31,2,0,28,85,3,2,17
72,12,0,0,0,0,0,2,146,27,0,0,0,0,0,0,146,35,0,0,0,0,0,0,60,50,0,0,0,0,0,0,101,2,0,3,3,0,0,18,146,5,0,0,0,0,0,13,146,43,0,0,0,0,1,3,60,31,0,0,0,16,23,4,73,1,1,12,8,0,0,21,146,2,0,0,0,0,0,36,146,10,0,0,0,15,24,50,18,1,0,0,2,146,94,12,33,0,0,22,15,0,0,9,146,0,0,0,0,0,0,53,89,1,1,1,3,29,30,73,0,0,21,31,32,123,27,2
2,0,6,4,0,0,11,63,6,1,42,57,0,0,5,43,16,24,122,74,0,0,3,35,119,67,65,2,0,0,1,53,3,0,1,3,0,0,36,100,52,6,2,0,0,0,20,122,122,83,60,6,0,0,0,33,52,118,122,0,0,0,0,0,18,17,71,40,0,0,5,31,112,72,26,1,0,0,1,27,122,29,0,0,0,0,0,68,121,23,14,0,0,0,0,34,45,39,61,9,0,0,0,6,29,49,113,62,0,0,0,7,95,5,24,39,0,0,0,84,40,0,0,0,0,0,0,32
1,0,15,35,0,0,2,12,6,6,102,66,0,0,0,12,33,79,122,14,0,0,0,6,59,47,48,18,0,0,0,22,0,0,1,23,6,2,17,22,46,19,16,4,0,0,1,43,122,96,75,3,0,0,0,16,38,41,122,107,0,0,0,6,5,1,2,17,1,1,57,116,47,49,16,0,0,0,22,108,122,33,4,0,0,0,16,110,82,10,28,16,0,0,0,103,0,0,5,108,11,0,7,37,5,1,8,20,0,0,69,122,19,1,2,0,0,0,62,122,10,0,0,0,0,0,0,110
22,34,21,0,0,12,93,45,57,20,18,5,0,0,14,130,35,9,76,37,0,0,2,36,5,1,63,139,21,0,0,1,137,43,0,0,0,5,39,24,139,36,0,0,0,0,2,50,139,2,0,0,0,0,0,43,30,1,17,36,0,0,0,9,131,32,14,4,0,0,0,26,139,26,0,0,0,0,0,42,129,19,0,0,0,0,5,21,27,0,0,0,0,14,37,20,12,13,4,0,0,0,0,6,100,29,0,0,0,11,26,27,27,2,0,0,0,45,139,26,1,0,0,0,0,80,139,7
0,0,0,0,0,10,2,1,0,0,0,0,0,6,0,0,0,0,0,0,0,0,0,0,0,0,0,0,0,0,0,0,0,0,0,0,5,139,45,4,17,1,0,0,30,139,10,5,139,6,0,0,1,23,9,15,19,0,0,0,15,31,3,2,0,0,0,0,2,139,139,2,52,9,0,0,30,139,63,21,139,24,0,0,2,27,44,77,18,0,0,0,32,139,61,11,0,0,0,0,37,91,56,1,26,0,0,0,5,44,104,67,57,0,0,0,0,34,79,139,0,0,0,0,5,84,93,17
0,0,0,0,0,0,0,0,2,10,4,0,0,0,0,0,33,42,6,0,0,1,0,1,2,0,0,0,0,2,0,0,0,0,0,0,0,0,0,0,32,13,6,1,3,25,9,6,146,72,10,16,48,30,7,25,25,19,3,50,146,68,2,4,0,0,0,0,13,22,0,0,83,3,1,0,23,78,12,29,146,45,7,45,60,3,4,79,81,53,19,146,146,6,1,8,0,3,34,29,35,17,0,0,32,22,134,18,18,20,0,11,146,25,33,13,11,0,0,85,70,24,17,146,94,0,0,17
37,18,2,4,40,17,2,1,175,142,0,0,1,1,1,4,175,98,0,0,0,0,0,7,6,7,0,0,0,0,0,1,84,26,0,14,58,1,0,0,175,103,0,0,0,0,0,10,175,36,0,0,0,0,1,26,10,4,1,2,1,2,3,3,28,9,0,0,4,0,0,0,175,18,0,0,0,0,0,48,101,5,0,0,0,0,20,160,2,0,0,0,0,2,40,55,0,0,0,0,0,0,0,0,1,0,0,0,0,0,0,2,2,0,0,0,0,0,4,28,2,0,0,0,0,0,11,53
16,143,71,41,2,1,9,6,17,104,143,51,5,2,1,2,22,126,143,9,0,0,0,4,9,39,83,0,0,0,0,0,16,81,139,19,0,0,1,4,82,65,63,4,0,0,0,30,143,80,73,0,0,0,0,18,10,14,23,0,0,0,0,0,8,15,62,5,0,0,35,86,42,23,54,19,2,6,18,36,143,25,4,1,0,1,1,14,6,0,0,0,0,0,0,0,13,35,62,0,0,0,8,27,25,131,57,0,0,2,8,17,26,81,23,0,0,0,0,2,0,0,0,0,0,0,0,0
20,32,15,0,0,1,62,33,19,58,14,0,0,3,34,19,61,90,0,0,0,1,1,11,1,2,0,0,0,0,0,0,98,43,5,0,0,1,35,57,56,52,9,0,0,2,44,49,138,50,0,0,0,0,1,39,14,2,0,0,0,0,0,0,81,4,0,0,0,2,138,138,138,107,7,0,0,1,38,62,138,50,4,0,0,0,0,33,33,0,0,0,0,0,0,6,138,92,69,0,0,4,19,78,138,66,4,0,0,0,6,30,106,5,0,0,0,0,6,75,27,0,0,0,0,0,0,18
39,0,0,5,45,1,0,34,20,0,0,0,0,17,45,56,95,0,0,0,0,5,28,83,49,0,0,0,0,0,14,30,44,10,9,10,81,4,0,4,41,6,2,11,62,101,40,28,132,12,0,1,6,22,28,126,103,0,0,0,0,14,50,69,5,17,132,43,30,1,0,0,23,26,93,132,62,13,1,1,132,61,21,27,10,3,9,79,56,0,0,0,0,9,39,89,6,23,56,10,3,0,0,1,3,8,46,90,132,22,1,0,36,31,5,15,64,18,16,68,66,27,0,0,0,0,11,77
1,3,64,112,0,0,6,2,14,54,98,99,1,0,35,49,108,126,19,0,0,0,11,72,33,115,108,1,0,0,0,4,22,22,24,69,5,0,0,0,34,39,45,126,19,0,0,0,126,126,11,5,0,0,0,40,117,63,24,0,0,0,0,48,22,9,1,11,1,0,1,0,10,10,27,88,9,1,5,1,126,32,23,11,0,0,0,42,126,9,0,0,0,0,0,67,0,0,0,0,0,0,1,0,1,14,11,2,0,2,6,1,46,28,35,5,0,0,0,12,126,6,3,0,0,0,0,72
0,0,0,46,41,0,0,0,73,7,8,133,133,4,0,14,133,6,3,34,49,14,3,41,109,0,0,25,37,3,1,41,0,0,0,4,48,8,0,0,35,2,1,37,133,83,2,13,133,12,1,42,64,17,3,50,133,3,0,36,32,0,0,34,0,0,0,14,35,1,0,0,19,16,11,133,133,14,0,2,133,74,16,68,40,4,0,10,86,6,3,43,47,1,0,22,0,0,0,2,3,15,36,0,1,3,5,68,48,25,20,0,51,17,10,36,28,6,4,22,20,0,0,8,49,8,4,22
45,9,3,20,31,0,0,6,33,8,4,22,55,23,8,24,58,22,19,0,3,6,5,58,4,11,50,0,0,0,0,2,50,1,0,11,104,8,2,31,49,4,0,5,132,97,15,53,132,17,0,1,21,22,12,132,39,2,2,0,0,0,0,11,41,0,0,14,132,5,0,27,73,24,3,27,132,18,1,30,132,115,2,7,29,3,1,21,40,11,0,0,0,0,0,1,39,8,3,29,114,1,0,12,57,15,3,24,132,12,3,38,132,10,0,2,44,7,4,132,25,1,0,0,0,0,0,14
7,1,1,71,124,0,0,8,60,65,20,35,38,0,0,14,55,124,46,11,1,0,0,0,45,41,0,0,0,0,0,0,39,3,5,49,124,11,1,47,104,124,31,28,38,5,1,11,26,122,64,21,7,0,0,1,5,14,4,4,2,0,0,0,124,2,0,23,118,13,3,79,124,19,1,14,47,7,3,59,67,8,5,16,35,10,7,32,0,0,0,5,14,2,0,0,105,0,0,5,25,29,113,124,124,8,0,4,16,18,28,63,57,3,0,0,3,8,10,36,0,0,0,0,2,3,1,0
21,5,25,13,2,4,43,68,29,11,25,13,1,3,8,12,176,44,3,0,0,0,0,11,120,25,23,0,0,0,3,68,55,44,35,7,0,1,18,53,89,6,0,0,1,25,19,30,176,40,0,0,0,2,3,12,93,9,0,0,0,1,10,33,26,18,20,20,24,15,6,7,106,3,0,0,13,41,10,19,176,14,0,0,0,1,1,20,72,1,0,0,0,0,1,5,8,0,0,0,5,40,111,32,78,0,0,0,3,61,87,65,176,0,0,0,0,0,4,104,56,1,0,0,0,0,0,12
5,154,53,0,0,0,1,2,17,154,68,0,0,0,0,0,58,137,49,83,5,0,0,0,2,3,28,154,67,11,1,0,2,154,33,0,0,0,0,0,52,54,10,0,0,0,1,14,154,22,6,8,0,0,0,18,35,8,37,154,0,0,0,1,2,18,1,0,0,0,0,0,58,17,0,0,0,0,0,4,154,17,0,0,0,0,0,7,65,3,4,16,0,0,0,12,1,0,0,0,0,0,0,1,62,3,0,0,0,0,0,5,154,5,0,0,0,0,0,6,30,0,0,0,0,0,0,33
133,36,0,0,61,36,2,2,123,39,13,17,9,1,0,0,35,27,8,7,11,5,0,0,5,1,0,0,46,43,4,0,133,51,0,3,73,8,0,0,133,21,0,0,22,9,0,1,47,6,0,3,33,8,0,1,2,0,0,12,125,50,7,0,133,55,2,22,53,3,2,4,99,7,0,0,7,37,26,21,57,1,0,1,34,31,4,16,0,0,0,6,116,133,3,0,113,41,3,18,38,9,2,3,77,6,0,0,15,33,24,23,70,3,0,1,76,42,2,11,0,0,0,14,131,133,5,0
1,0,0,0,0,11,95,36,81,6,0,0,0,13,99,52,113,8,0,0,34,26,2,20,6,27,21,8,46,17,0,0,22,1,0,0,2,47,138,23,138,74,0,0,0,8,51,65,120,44,0,0,50,43,8,15,61,60,14,3,12,11,1,1,34,8,1,2,24,21,13,31,138,48,0,0,0,1,13,138,99,66,0,0,8,15,34,92,65,31,0,0,2,4,3,7,4,106,25,3,10,2,0,0,50,138,16,0,0,0,0,16,39,138,3,0,0,0,0,8,7,19,0,0,0,0,0,1
83,1,0,0,0,0,8,101,121,2,0,1,23,0,0,52,24,0,0,5,107,3,0,13,27,5,0,6,83,10,0,12,121,15,3,0,0,1,8,121,121,7,0,1,16,0,2,113,42,5,2,20,121,1,0,12,38,9,1,9,98,9,1,17,66,121,36,0,0,0,0,28,121,110,0,3,7,0,0,22,36,26,14,47,58,0,0,0,9,28,12,37,121,4,1,6,68,67,24,0,0,0,0,8,121,52,1,1,3,0,0,27,25,6,1,12,28,0,0,5,10,4,0,23,121,0,0,0
63,19,5,1,0,0,0,13,87,15,21,10,4,0,0,18,13,6,41,44,29,0,0,0,12,12,82,20,4,0,0,0,36,1,0,0,0,9,31,63,136,18,5,11,8,0,1,49,54,15,6,43,89,1,0,4,53,17,6,19,42,16,3,9,82,1,0,0,0,7,30,107,136,13,0,2,18,0,0,38,73,3,0,9,136,7,1,16,59,2,0,2,109,65,7,32,102,2,0,0,0,3,32,136,136,6,0,0,11,0,0,119,58,0,0,4,136,5,0,24,49,5,1,5,122,15,0,19
26,63,1,0,0,49,41,3,3,12,2,0,1,112,77,1,0,2,2,4,23,116,33,0,0,0,1,5,24,118,38,0,21,6,0,0,0,115,101,8,103,69,17,14,2,31,42,18,7,21,43,118,91,32,2,2,0,0,118,116,49,56,2,0,27,84,59,13,1,28,19,3,118,43,28,17,2,1,4,72,26,10,25,83,24,3,6,30,5,64,118,47,2,0,0,0,25,81,29,19,12,11,4,5,23,43,23,19,7,4,9,7,27,75,3,3,1,0,11,11,22,118,17,3,0,0,0,0
26,0,0,0,0,4,40,124,19,2,0,0,0,22,106,54,4,1,1,12,8,36,74,1,0,0,9,17,5,26,49,1,89,60,57,0,0,0,1,124,124,34,4,4,9,6,5,99,17,5,2,9,88,90,30,11,37,12,5,2,7,24,51,50,17,61,124,14,0,0,0,2,77,38,30,14,6,33,51,31,5,0,24,24,58,124,43,12,12,1,33,12,7,32,96,55,3,23,94,13,0,0,4,5,0,0,124,52,2,7,12,1,0,0,124,76,9,19,8,0,0,0,120,43,3,10,10,0
26,10,3,0,0,0,19,183,19,2,0,1,14,40,74,113,3,0,0,80,83,38,26,9,0,0,0,197,197,0,0,0,57,33,15,4,2,1,1,17,54,12,0,0,18,73,33,31,94,12,3,24,13,23,26,41,5,3,2,197,197,0,0,0,3,0,0,0,0,0,0,0,6,0,0,0,5,9,0,1,32,5,0,2,4,2,0,2,1,1,0,43,49,0,0,0,0,0,0,0,0,0,0,0,0,0,0,0,0,0,0,0,0,0,0,0,0,0,0,0,0,0,0,0,0,0,0,0
16,5,7,36,4,1,0,1,173,25,2,5,0,0,0,22,171,6,0,0,0,0,0,8,1,0,0,0,0,0,0,0,26,11,3,13,4,3,6,4,173,73,1,4,1,0,0,4,173,21,0,0,0,0,0,2,2,0,0,0,0,0,0,0,42,0,0,0,0,2,25,19,173,7,0,0,0,0,1,66,164,2,0,0,0,0,0,38,2,0,0,0,0,1,0,0,29,0,0,0,0,0,6,34,173,7,0,0,0,0,0,65,173,7,0,0,0,0,0,18,2,0,0,0,0,1,0,0
19,0,0,0,0,4,116,127,47,0,0,0,0,26,127,99,58,0,0,0,0,0,45,92,0,0,0,0,0,4,56,13,118,13,0,0,0,7,44,108,127,13,0,0,0,6,63,79,121,1,0,0,0,1,41,63,0,0,0,0,0,4,101,14,57,105,36,10,6,5,3,3,127,118,5,0,1,3,7,17,50,3,0,0,0,15,81,27,0,0,0,0,0,18,105,0,2,56,115,21,6,2,0,0,25,66,12,1,2,9,29,5,3,0,0,0,0,19,68,3,0,0,0,0,0,17,50,0
0,0,0,0,88,140,0,0,67,4,0,0,56,140,21,18,72,2,0,0,3,21,21,30,0,0,0,0,59,38,4,0,2,0,0,0,140,137,0,0,140,14,0,0,90,83,3,9,74,6,0,0,4,22,17,6,0,0,0,1,51,29,12,0,11,1,0,0,140,126,0,0,140,8,0,0,60,27,1,14,45,0,0,0,9,49,9,13,0,0,0,1,11,33,23,1,6,8,5,6,140,90,0,0,93,30,7,4,16,4,3,10,15,0,0,0,3,50,11,9,0,0,0,0,1,25,22,5
25,1,0,0,0,0,6,16,49,23,0,0,0,0,0,2,78,54,0,0,0,0,0,0,73,54,13,12,0,0,0,0,53,0,0,0,0,0,0,53,95,6,0,0,0,0,0,18,135,46,0,0,0,0,0,2,118,101,0,0,0,0,0,0,48,0,0,0,0,0,2,135,104,1,0,0,0,0,0,80,135,24,0,0,0,0,0,36,135,67,0,0,0,0,1,35,14,0,0,0,0,0,19,135,25,0,0,0,0,0,18,135,42,0,0,0,0,0,68,135,38,0,0,0,0,0,117,135
55,136,57,0,0,0,0,0,53,56,1,0,34,25,0,1,53,28,6,28,50,13,0,1,4,5,3,136,136,7,0,0,7,98,39,1,9,15,3,2,18,11,3,0,62,60,1,1,136,29,4,16,13,10,1,6,19,8,10,136,59,2,1,2,14,2,0,1,14,19,38,18,27,1,0,1,76,44,14,6,136,4,0,0,5,4,10,44,15,0,1,26,58,65,24,17,3,1,0,0,2,40,133,25,5,0,0,0,7,45,110,45,26,0,0,0,2,17,134,107,3,0,0,0,48,44,71,60
67,2,0,0,0,0,13,135,135,25,2,0,0,0,0,135,15,6,6,8,42,25,1,16,4,9,1,2,44,25,0,0,120,21,2,0,0,0,12,104,135,17,0,0,0,3,1,132,51,4,0,0,38,67,4,23,6,45,2,0,18,17,0,0,77,135,31,0,0,0,0,2,135,135,0,0,0,6,13,11,40,29,0,0,12,31,13,8,6,33,0,0,10,48,8,0,56,92,6,0,0,0,6,20,63,37,0,0,0,3,60,44,74,21,0,0,6,25,14,15,2,5,0,0,50,135,3,0
2,0,16,50,30,94,55,5,53,43,29,13,5,9,17,18,19,43,87,35,23,1,0,0,4,22,15,29,51,9,9,18,18,19,12,24,52,76,40,11,120,37,1,0,0,9,19,34,75,20,9,18,31,91,50,12,34,120,40,26,47,22,9,2,34,12,5,19,33,76,9,9,120,18,0,0,8,58,37,48,120,28,0,0,6,120,81,23,120,93,2,0,2,47,28,17,13,45,43,33,21,5,0,1,26,48,16,11,58,19,2,2,120,104,3,3,25,19,4,3,89,22,0,0,18,102,15,10
0,0,0,14,43,27,46,39,8,2,18,69,42,13,20,16,50,6,16,16,6,9,27,56,85,10,0,1,5,8,30,116,13,1,8,116,44,2,14,37,107,28,60,64,3,0,5,39,15,17,93,116,8,2,1,3,90,49,28,26,8,7,14,28,37,10,72,116,6,0,0,12,116,31,52,116,7,0,2,19,54,9,48,116,19,13,13,14,4,7,23,50,63,24,6,2,108,13,16,54,19,1,1,28,19,5,10,116,116,11,23,23,12,2,0,5,27,32,89,49,0,1,5,3,54,44,8,2
7,121,52,0,0,0,0,0,58,127,40,0,0,0,0,0,108,127,50,0,0,0,0,1,48,106,87,0,0,0,0,2,21,68,5,0,0,0,0,0,127,57,0,0,0,0,0,8,127,22,0,0,0,0,0,50,82,9,0,0,0,2,26,65,25,73,1,0,0,0,0,0,57,89,0,0,0,0,2,8,113,17,0,0,0,4,26,64,14,0,0,0,0,116,127,49,29,16,0,0,0,0,2,8,18,5,0,0,0,5,42,26,5,0,0,0,1,82,106,27,0,0,0,0,3,127,87,3
11,0,0,8,36,6,8,56,60,1,0,17,37,1,1,24,136,2,0,0,0,0,0,33,136,15,1,0,0,0,0,80,46,0,0,7,16,1,2,77,64,3,1,38,41,0,0,19,136,5,0,3,1,0,0,32,136,46,2,0,0,0,0,15,94,5,2,47,36,0,0,40,95,15,8,56,13,0,0,12,136,50,4,13,2,0,0,2,136,44,0,0,0,0,0,1,57,15,6,83,77,0,0,1,106,48,24,32,1,0,0,1,136,86,21,19,0,0,0,0,108,90,4,0,0,0,0,0
5,0,0,0,0,2,58,40,65,3,0,0,0,0,30,79,118,3,0,0,0,0,1,74,22,0,0,0,104,97,20,50,38,1,0,0,0,1,37,41,121,28,0,0,0,0,7,28,100,14,0,0,0,7,42,46,5,0,0,0,121,121,24,15,69,7,0,0,0,0,15,29,93,4,0,0,0,0,71,91,12,0,0,0,2,17,119,82,0,0,0,0,121,121,30,11,5,1,0,0,0,17,87,20,50,0,0,0,0,0,67,90,42,0,0,1,9,25,18,55,0,0,12,29,121,98,5,2
14,15,18,9,0,0,0,16,39,50,31,0,0,0,0,4,52,39,17,0,0,0,0,17,95,24,1,0,0,0,0,10,114,41,9,0,0,0,0,31,69,105,81,0,0,0,0,6,12,96,150,0,0,0,0,1,26,132,46,0,0,0,0,0,53,109,25,0,0,0,0,5,150,45,6,0,0,0,1,28,89,47,41,0,0,0,13,31,21,99,28,0,0,0,30,18,7,20,6,7,19,18,55,18,31,9,0,0,0,15,150,49,25,1,0,0,0,20,150,56,10,5,0,0,0,38,150,30
28,1,0,0,0,0,50,122,6,0,0,1,7,85,122,82,0,0,0,9,68,122,51,0,0,0,1,37,82,51,16,13,121,21,0,0,0,0,3,55,117,6,3,19,13,10,14,45,5,2,4,121,54,19,1,0,0,0,12,122,16,2,0,0,101,34,5,0,0,0,0,18,122,26,2,7,9,0,0,8,17,5,3,64,81,19,5,0,0,0,4,69,13,9,19,4,14,88,71,0,0,0,0,0,49,122,19,4,1,0,0,0,7,41,46,122,29,2,2,0,0,0,2,122,30,5,25,14
43,1,2,10,1,0,0,38,94,27,17,26,1,0,0,20,102,9,0,0,0,28,60,76,0,0,0,0,0,50,113,5,108,3,0,0,0,0,0,59,99,47,8,2,1,4,0,25,31,24,0,0,29,113,14,8,0,0,0,0,12,103,91,7,68,107,54,2,0,0,0,12,90,44,36,7,11,15,2,18,7,1,1,5,84,113,2,3,0,0,0,0,55,87,14,0,2,113,113,15,0,0,0,0,2,21,113,110,28,2,0,0,0,0,4,100,113,44,0,0,0,0,0,2,42,68,30,1
23,5,0,0,0,0,69,121,50,12,0,0,0,0,17,123,60,25,11,5,0,0,0,32,5,59,41,12,10,4,0,0,123,19,0,0,0,0,7,64,123,97,0,0,0,0,1,46,123,78,1,0,0,0,0,17,41,26,3,0,41,20,0,1,123,106,13,0,0,0,0,33,123,28,2,0,0,0,0,42,123,48,1,0,2,1,0,23,26,17,0,0,60,55,2,3,59,117,36,3,0,0,0,0,120,62,35,2,0,0,0,7,123,41,0,0,15,10,0,6,19,6,0,0,83,68,1,3
116,24,0,0,0,0,8,11,120,36,19,27,1,0,6,13,1,2,33,128,7,1,6,2,4,3,10,128,18,4,5,2,98,21,0,0,0,2,9,19,85,3,0,1,0,3,128,94,76,7,9,59,2,1,51,69,8,3,10,128,18,0,0,0,12,16,3,2,29,27,13,5,128,25,0,0,11,26,63,38,128,76,3,3,0,0,6,22,22,16,27,92,0,0,0,0,8,9,2,3,81,22,0,0,128,53,0,0,18,9,0,0,128,106,12,1,0,0,0,0,9,20,49,17,0,0,0,0
87,65,15,0,0,0,0,48,122,60,7,0,0,0,0,60,112,4,0,41,64,0,0,26,42,4,0,74,89,0,0,3,122,58,5,0,0,0,0,30,122,65,7,0,0,0,0,25,122,7,0,25,34,0,0,19,32,5,0,86,110,0,0,2,122,72,0,0,0,0,0,8,122,39,0,0,0,0,0,11,122,16,0,7,11,0,0,10,26,0,0,67,107,0,0,4,101,28,2,0,0,0,0,0,122,17,0,0,0,0,0,0,98,9,0,0,1,0,0,17,18,0,0,34,72,0,0,10
8,0,0,0,0,0,0,35,23,26,10,0,0,0,0,17,6,41,59,6,0,0,3,5,1,9,86,25,0,0,14,43,38,27,3,0,0,0,0,18,135,137,64,1,0,0,0,8,20,137,137,11,6,0,0,4,16,58,137,74,34,0,0,5,63,11,4,0,0,0,0,40,137,41,6,1,1,0,0,107,105,18,21,36,52,4,2,38,49,8,5,21,82,6,6,55,20,9,43,23,0,0,0,7,137,7,5,1,0,0,0,75,133,0,0,13,75,14,4,43,41,0,0,8,62,15,11,58
122,1,0,29,20,0,0,14,144,18,3,0,0,0,0,14,11,10,14,21,12,0,0,0,0,0,1,30,37,0,0,0,84,11,31,144,38,0,0,9,144,29,15,7,0,0,0,26,35,14,18,69,5,0,0,1,0,0,8,71,11,0,0,0,9,9,113,144,4,0,0,0,144,57,143,85,0,0,0,12,56,12,12,45,17,23,4,12,0,0,2,33,28,57,4,0,0,0,24,83,5,21,20,0,3,6,72,89,27,69,12,0,4,3,8,9,23,140,7,1,4,3,0,0,3,91,11,0
5,0,0,10,37,6,4,13,126,28,0,2,4,0,0,13,71,34,7,32,67,9,0,1,51,24,3,2,98,18,0,1,16,0,0,62,101,3,2,12,126,39,0,3,9,2,5,40,72,25,4,27,76,12,13,14,32,10,1,2,126,25,4,8,8,0,0,126,120,0,0,6,78,4,0,35,26,3,70,126,14,2,0,1,15,32,126,65,6,1,0,0,61,97,121,17,0,0,0,126,51,0,0,0,0,0,4,126,34,0,14,19,0,0,3,26,3,7,55,20,0,0,0,3,15,26,37,1
6,0,0,3,3,5,143,176,1,0,0,0,3,4,52,81,0,0,1,6,5,5,29,16,0,0,26,176,30,2,0,1,135,15,0,0,0,0,54,176,87,7,0,0,1,11,129,176,75,5,0,0,0,1,64,124,14,0,0,7,2,0,0,8,55,14,0,0,0,0,0,3,58,14,0,0,4,14,16,14,147,42,0,0,0,1,5,23,19,5,0,0,0,0,0,0,0,0,0,0,0,0,0,0,0,0,0,0,0,0,0,0,2,1,0,0,0,0,0,0,0,0,0,0,0,0,0,0
15,39,79,123,15,0,0,2,68,87,30,34,11,3,25,40,123,33,7,26,13,2,10,41,82,7,0,0,0,0,0,7,24,2,34,123,16,0,0,30,24,7,14,123,123,4,28,57,123,51,4,8,13,1,11,80,98,12,0,0,0,0,0,8,23,0,0,49,38,1,1,66,17,37,61,123,123,1,0,25,123,123,57,19,9,0,0,15,61,4,0,0,0,0,6,36,12,0,1,72,33,1,0,22,33,7,28,32,5,5,10,34,4,19,25,5,0,33,30,3,5,0,0,0,0,16,67,37
0,0,5,51,24,1,0,0,0,4,37,24,23,16,19,2,2,5,41,7,17,6,30,25,32,8,15,8,32,7,2,21,0,0,0,2,63,29,0,0,10,1,0,2,122,122,70,9,122,17,0,6,23,37,96,91,74,4,1,27,59,1,0,23,1,0,0,0,91,109,1,0,36,7,6,65,122,117,7,5,122,29,5,31,25,7,6,84,57,3,0,20,69,1,1,39,7,0,0,12,122,51,1,4,35,5,8,49,49,75,17,22,56,2,4,26,16,65,57,122,57,0,0,3,38,3,6,108
114,30,0,0,0,0,2,31,114,17,1,1,0,3,54,81,8,0,1,1,0,0,48,114,7,0,0,0,0,0,0,21,114,37,30,17,0,0,0,47,114,35,17,13,0,2,14,55,59,9,21,42,3,2,13,92,96,1,0,0,0,0,0,83,25,60,114,89,0,0,0,1,77,47,45,32,4,6,45,24,35,4,5,25,8,9,91,70,114,2,0,0,0,0,2,91,2,2,78,41,0,0,1,26,0,2,92,114,7,1,4,6,19,11,16,114,27,2,17,40,106,27,4,3,0,0,1,77
0,0,0,0,0,0,0,0,16,4,0,0,0,0,0,1,52,41,0,0,0,0,0,0,41,25,4,3,0,0,0,0,35,0,0,0,0,0,5,24,160,27,0,0,0,0,0,38,160,103,0,0,0,0,0,1,52,37,2,1,0,0,0,0,82,0,0,4,2,0,11,54,160,3,0,0,0,0,0,83,160,39,0,0,0,0,1,21,30,19,0,0,0,22,20,1,64,0,0,21,15,0,0,28,160,0,0,0,0,0,0,106,160,5,0,0,1,46,19,66,7,1,0,1,12,160,95,2
14,1,2,6,2,0,0,13,133,0,0,0,0,0,0,133,95,0,0,0,0,0,0,64,0,0,0,0,0,0,0,0,2,1,2,5,7,2,12,8,133,23,0,0,0,0,6,97,133,23,0,0,0,0,0,117,8,0,0,0,0,0,0,1,12,12,1,48,37,0,7,4,133,133,0,0,0,0,4,9,133,133,0,0,0,0,6,65,26,1,0,0,0,0,0,27,16,25,29,131,44,0,0,0,133,117,16,4,0,0,1,5,60,24,6,15,3,0,16,83,56,0,0,0,0,0,1,62
39,3,2,2,49,24,14,18,114,4,0,0,0,8,37,82,117,8,0,0,0,0,4,22,1,0,0,0,0,0,6,4,6,9,48,125,49,20,8,2,125,97,11,28,18,16,18,45,125,19,0,0,0,0,54,89,8,0,0,0,0,0,80,46,3,7,28,106,110,56,4,3,125,64,10,26,39,18,2,87,125,16,0,0,0,3,15,97,35,3,0,0,0,21,23,29,0,41,12,2,44,95,22,2,36,125,15,1,11,10,1,8,84,40,0,0,0,35,24,16,18,0,0,0,0,41,45,46
75,26,2,13,17,27,5,21,47,32,16,5,3,8,29,26,97,60,2,1,0,4,10,12,112,104,0,0,0,0,0,4,26,8,3,33,101,27,26,66,52,5,0,0,1,6,122,112,159,89,0,0,0,1,27,36,101,60,0,0,0,0,0,1,7,19,40,79,109,4,1,4,114,15,14,22,29,3,11,17,159,19,0,0,0,0,1,47,91,7,0,0,0,0,1,20,0,0,8,21,12,0,0,0,47,2,2,19,20,0,0,2,159,1,0,0,0,0,0,66,42,0,0,0,0,0,21,65
49,28,12,3,2,6,28,28,110,55,3,1,1,5,16,14,159,121,0,0,0,0,0,7,52,8,5,0,0,0,0,66,36,7,1,1,5,7,95,94,159,61,0,0,0,2,39,50,159,64,0,0,0,0,0,5,23,0,0,0,0,0,0,43,52,15,21,34,27,2,4,10,159,7,0,2,4,0,1,76,159,4,0,0,0,0,6,56,3,0,0,0,0,2,9,11,12,0,2,14,11,0,0,0,159,0,0,1,2,0,0,53,55,0,0,0,0,0,27,92,0,0,0,0,1,2,30,31
25,0,0,2,3,1,10,124,21,5,3,1,13,3,4,68,71,21,10,5,1,0,0,50,14,6,37,51,6,0,0,3,93,3,1,28,15,0,0,98,124,47,12,0,0,0,0,77,63,93,53,2,0,0,0,8,34,11,26,14,0,0,0,9,51,56,66,124,18,0,0,13,124,124,46,0,0,0,0,27,77,70,41,2,0,0,0,12,9,45,80,3,0,0,0,1,1,60,124,93,0,0,0,0,11,124,107,1,0,0,0,0,6,124,88,0,0,0,0,0,1,66,43,0,0,0,0,0
21,57,1,0,0,0,10,9,33,36,5,0,0,0,3,9,0,57,44,1,0,0,0,0,0,88,101,16,1,0,0,0,29,22,28,7,0,1,112,61,120,114,19,0,0,0,22,66,36,120,104,0,0,0,0,7,9,120,85,3,33,11,0,0,31,34,120,46,0,0,6,6,120,58,21,7,0,0,0,113,120,32,3,0,0,0,0,120,46,25,1,3,96,21,1,16,15,4,18,15,0,0,0,1,42,25,18,8,0,0,0,31,85,14,3,0,0,0,0,120,24,1,0,3,38,19,29,78
33,38,22,12,1,3,2,2,39,15,8,4,21,92,9,9,37,39,6,0,14,113,13,27,55,26,17,5,0,0,3,73,26,62,17,23,42,11,0,0,18,3,2,16,108,117,1,2,117,88,14,3,16,39,6,21,36,40,27,7,3,10,13,14,4,28,13,59,69,2,0,0,13,2,18,117,117,25,2,3,100,6,2,27,45,19,78,117,42,1,0,0,1,16,117,70,1,12,56,27,13,0,0,0,0,3,35,117,117,4,0,0,22,28,26,68,117,14,24,35,81,9,3,7,10,5,36,43
8,2,4,11,22,38,44,57,95,4,4,4,5,11,42,123,13,0,0,0,0,24,77,102,5,0,0,0,23,20,16,37,6,52,123,60,18,3,1,4,65,23,106,90,32,2,29,95,98,7,0,5,6,1,72,123,34,1,0,1,47,41,16,63,7,54,65,35,21,6,5,2,16,13,33,119,123,32,8,4,123,46,2,20,37,3,2,11,32,5,0,5,41,22,27,13,1,2,11,42,41,14,6,1,10,11,14,69,77,62,9,0,109,88,9,22,25,4,0,0,9,20,11,42,47,12,11,1
80,2,6,64,13,0,9,50,70,2,2,16,17,16,11,37,7,13,10,37,46,28,15,0,28,43,28,44,6,0,0,0,63,5,16,72,92,17,0,12,116,25,21,59,9,1,0,21,33,44,42,116,20,3,2,7,41,76,65,8,2,0,0,21,13,10,106,88,26,19,10,0,116,26,27,39,7,3,2,18,67,6,7,116,103,1,1,20,116,10,9,27,40,1,2,96,4,1,7,9,17,108,89,26,116,1,1,5,5,9,27,86,50,0,0,30,88,15,13,45,62,0,0,24,67,11,7,55
0,0,0,0,0,0,0,0,0,0,0,0,6,2,0,0,0,0,0,106,120,3,0,0,0,0,0,255,255,0,0,0,0,0,0,0,0,0,0,0,1,0,0,0,1,4,7,2,12,2,1,21,8,4,5,3,1,0,0,255,116,0,0,0,0,0,0,0,0,0,0,0,11,0,0,0,0,0,1,4,35,4,0,0,0,0,0,3,2,0,0,59,32,0,0,0,0,0,0,0,0,0,0,0,10,0,0,0,0,0,0,20,16,0,0,0,0,0,0,26,1,0,0,4,2,0,0,9
26,10,18,44,47,20,1,0,105,41,10,40,15,1,0,0,13,33,26,58,25,4,3,3,10,37,50,24,6,0,0,1,14,9,28,57,18,25,45,8,115,41,8,29,27,2,1,4,56,11,5,46,115,4,1,22,94,20,28,19,38,3,0,21,92,0,0,0,2,55,71,81,115,4,0,1,16,10,12,54,48,1,0,10,115,37,12,21,115,4,1,9,66,10,11,63,115,0,0,0,0,17,18,97,44,0,0,0,0,32,99,60,3,0,0,0,13,115,115,20,13,0,0,0,12,26,115,115
25,25,115,115,22,0,0,0,12,115,115,35,7,0,0,0,1,39,115,52,30,0,0,0,0,5,19,81,115,0,0,0,77,12,5,38,115,11,1,6,115,42,10,16,58,4,0,4,17,13,12,45,115,9,0,0,0,38,60,74,115,1,0,0,29,3,0,14,83,25,34,17,115,6,1,15,54,15,5,36,28,3,2,4,115,57,7,24,17,27,64,17,12,7,18,47,6,0,0,0,8,37,51,18,37,4,4,1,11,29,22,60,17,1,0,0,99,58,10,32,41,24,2,0,12,9,19,54
72,56,9,21,9,0,0,0,13,28,15,68,48,2,1,1,12,46,71,13,2,0,0,1,0,14,21,94,44,0,0,0,98,48,4,11,17,2,1,2,41,12,2,27,123,8,1,11,123,33,34,15,23,2,0,20,4,6,19,47,94,28,3,3,96,9,0,0,11,11,8,31,41,5,0,2,123,45,7,10,123,22,2,6,57,7,2,30,13,3,1,6,123,68,16,22,16,0,0,0,0,24,81,38,8,0,0,0,16,99,123,29,50,0,0,0,16,23,102,123,2,0,0,1,123,102,35,23
37,3,0,0,0,0,2,31,49,12,29,65,21,2,2,10,4,25,124,124,14,0,0,0,44,124,124,11,0,0,0,0,72,5,0,0,0,0,0,4,124,11,7,1,0,0,0,9,120,59,96,11,0,0,0,1,29,110,124,3,0,0,0,0,61,0,0,0,0,0,0,27,124,0,0,0,0,0,0,30,124,19,0,0,0,0,0,8,104,46,1,0,0,0,1,9,21,0,0,0,0,0,2,62,91,0,0,0,0,0,2,79,111,1,0,0,0,0,24,109,39,1,0,0,0,2,86,76
6,3,11,50,58,3,6,17,49,33,21,23,10,5,8,34,116,54,32,29,4,0,0,19,99,60,55,61,6,0,0,5,6,14,24,115,57,0,0,0,89,116,59,24,0,0,0,8,110,98,104,82,2,0,0,2,116,65,14,23,28,1,0,1,8,5,6,66,59,84,4,5,116,34,6,8,7,12,4,113,84,35,19,42,8,0,2,71,109,29,3,3,28,10,11,21,3,16,60,24,19,33,1,0,52,28,42,15,14,6,3,51,55,1,0,0,2,1,5,116,27,1,0,0,2,12,30,42
0,0,0,2,73,52,35,40,18,0,0,2,24,15,45,131,20,2,13,80,82,6,12,64,0,7,91,104,25,2,1,0,15,2,3,12,29,17,44,59,83,12,30,33,14,2,2,69,131,44,42,20,1,0,0,55,22,24,131,91,3,0,0,0,59,54,29,15,4,0,1,18,65,101,116,26,0,0,0,2,131,49,50,13,0,0,0,21,99,14,16,57,42,0,0,16,52,37,23,23,4,1,0,12,92,62,39,22,1,0,1,61,91,29,37,36,1,0,1,19,76,5,0,7,33,5,7,28
52,66,29,3,0,0,2,25,121,10,0,0,0,0,22,130,89,0,0,0,53,101,39,108,0,0,0,22,131,131,4,0,5,22,31,17,2,0,0,1,81,26,2,0,0,0,0,51,46,5,2,19,64,53,31,79,0,1,8,113,131,58,2,0,7,2,2,2,2,5,9,10,59,27,0,0,0,0,0,9,102,50,14,29,9,0,0,5,9,20,125,131,31,0,0,0,30,1,0,0,0,0,4,15,77,22,0,0,0,0,0,2,126,40,1,0,0,0,0,0,65,61,49,15,0,0,0,0
69,5,1,5,9,30,24,26,101,27,15,11,10,19,15,20,21,77,25,44,43,20,10,4,11,124,50,6,5,5,1,1,85,3,0,5,18,18,8,45,85,1,0,0,3,87,80,59,124,49,2,0,2,41,40,45,42,40,6,2,8,119,45,15,33,50,32,19,15,8,2,9,63,49,7,17,35,34,13,11,124,60,1,1,14,42,12,27,11,0,0,0,37,124,44,19,4,49,89,55,16,0,0,0,10,124,47,51,18,0,0,0,27,124,36,57,54,10,0,0,0,0,3,67,109,40,3,3
5,6,6,10,3,7,80,13,94,60,2,2,0,3,44,26,68,91,4,1,0,0,3,11,33,22,6,4,1,1,11,34,14,34,53,70,10,3,1,3,116,116,17,22,7,3,1,14,40,42,8,12,64,51,23,14,2,0,0,0,7,34,116,68,17,6,6,14,34,59,17,53,116,10,1,5,20,40,23,116,25,1,0,1,116,116,20,61,0,0,0,0,68,87,111,23,5,0,0,2,25,48,29,66,66,0,1,5,23,30,13,116,51,2,2,23,89,22,9,80,0,0,14,65,94,14,10,0
106,5,0,0,2,28,38,86,125,10,0,0,5,57,10,56,24,10,3,4,23,90,15,13,13,34,7,3,2,0,0,1,125,91,1,2,11,8,3,13,125,43,0,0,35,125,15,10,125,21,0,0,8,61,16,26,36,14,0,0,0,0,0,1,125,125,7,4,19,6,0,0,69,37,0,0,125,89,2,8,125,5,0,0,9,13,1,37,11,1,0,0,0,0,0,2,57,103,15,3,39,46,5,3,21,6,0,0,93,123,10,21,34,0,0,0,1,3,2,32,0,0,0,0,0,0,0,0
0,0,6,22,3,0,0,0,123,20,17,38,3,0,0,25,89,1,0,25,123,9,0,39,4,0,0,14,123,25,16,34,0,0,3,24,1,0,0,0,55,4,10,123,25,0,0,19,123,9,3,64,123,1,0,42,8,2,3,111,123,5,2,11,0,0,0,10,4,0,0,0,16,11,10,123,83,0,0,0,123,56,13,86,52,0,0,1,8,9,34,123,117,0,0,0,0,0,0,0,1,0,0,0,2,4,4,34,49,6,1,0,92,42,10,32,12,2,2,11,18,10,53,123,26,2,0,3
14,0,0,0,4,5,24,118,22,0,0,14,59,5,4,71,3,0,2,24,50,7,43,39,39,3,2,1,0,0,70,61,55,1,1,14,29,4,7,96,118,7,5,24,12,0,0,81,11,6,66,118,19,1,4,1,65,43,96,12,0,0,5,11,49,27,39,107,32,0,0,9,118,66,14,4,0,0,0,11,33,37,67,45,1,0,0,0,12,101,83,3,0,0,0,0,2,21,118,115,12,0,0,0,55,118,91,0,0,0,0,0,16,97,118,20,0,0,0,0,11,64,79,17,0,0,0,0
0,0,1,7,149,41,6,1,188,28,11,15,86,5,0,8,197,12,0,0,0,0,0,33,57,0,0,0,0,1,0,21,2,2,24,57,64,11,1,2,150,35,51,64,38,1,0,2,197,15,1,0,0,0,0,35,73,0,0,0,0,0,0,27,7,7,10,13,27,31,8,1,99,25,9,21,62,15,0,1,197,18,0,0,0,0,0,34,41,0,0,0,0,0,0,9,3,6,4,2,4,13,12,1,14,18,18,5,6,2,0,1,36,6,0,0,0,0,0,7,0,0,0,0,0,0,0,0
99,1,1,0,0,1,15,65,54,19,41,8,0,0,0,10,0,24,112,15,0,0,0,0,0,6,118,48,0,0,0,0,125,2,0,1,3,0,0,63,125,66,30,0,0,0,4,27,5,60,118,0,0,0,28,7,0,18,98,17,0,0,22,2,125,55,1,5,4,0,0,9,125,43,12,7,0,5,41,45,4,8,35,10,0,7,125,25,0,4,30,2,0,0,125,19,125,65,0,3,4,0,0,0,87,57,17,11,12,22,2,1,1,5,40,17,22,70,86,21,1,5,43,6,1,17,121,37
0,0,124,32,1,7,6,0,0,29,124,22,1,7,4,0,1,102,124,0,0,0,1,0,11,71,74,3,5,0,0,1,1,1,124,49,14,6,8,9,37,61,124,29,9,4,0,6,5,39,124,66,27,0,0,0,0,8,31,21,57,5,0,0,61,8,2,7,38,16,38,79,124,12,4,10,34,10,0,22,39,4,5,76,94,0,0,2,0,0,0,37,113,4,0,0,124,33,1,9,32,2,3,28,124,2,0,9,32,1,0,6,46,0,0,23,81,8,0,2,0,0,0,9,124,33,0,0
0,0,2,14,46,65,15,0,10,0,20,7,8,32,69,46,33,6,21,13,26,13,5,20,38,14,29,19,17,0,0,3,4,2,0,7,104,123,15,2,123,43,1,6,30,58,54,61,113,17,1,12,48,4,1,15,90,2,0,11,27,0,0,1,9,3,2,32,67,101,17,8,123,24,3,23,22,24,25,108,104,3,0,2,38,13,3,57,88,0,0,1,29,11,0,7,1,0,0,7,54,123,40,6,123,0,0,0,4,77,71,123,123,0,0,0,3,13,5,78,67,0,0,0,31,15,1,13
18,2,4,45,5,0,0,15,125,3,4,33,2,0,0,84,125,14,16,3,7,10,11,71,4,17,28,21,61,74,55,2,58,4,3,19,3,0,0,42,103,16,24,71,9,0,0,35,125,37,9,6,7,1,0,93,24,23,102,121,72,22,7,7,61,90,37,16,0,0,0,10,55,125,125,28,0,0,0,2,125,125,75,5,0,0,0,6,24,85,63,7,0,0,0,0,45,50,29,37,2,0,0,0,60,75,31,0,0,0,0,0,12,42,21,0,0,0,0,0,2,8,1,0,0,0,0,0
0,1,9,2,0,0,0,1,36,54,38,4,0,0,11,51,105,68,18,38,8,0,2,23,10,11,73,148,148,0,0,2,1,1,11,3,0,0,15,27,18,50,44,5,1,8,117,44,148,36,7,1,0,0,48,125,129,17,59,112,6,0,0,41,0,0,0,0,0,0,2,2,17,16,6,3,2,6,23,6,148,40,2,0,0,0,8,23,148,4,1,1,0,6,57,41,0,0,0,0,0,0,0,0,0,1,0,0,0,0,0,0,36,6,0,0,0,7,13,6,21,0,0,0,0,97,148,19
7,0,0,0,0,0,0,2,124,5,0,0,0,0,0,9,152,10,0,0,0,0,0,19,34,6,0,3,152,30,0,5,132,6,0,0,0,0,0,33,152,18,0,0,0,0,0,25,152,21,0,0,0,0,0,18,54,0,0,55,152,3,0,13,126,65,0,0,0,0,0,7,152,85,0,0,0,0,0,16,124,14,0,0,0,0,0,64,48,1,0,46,81,0,0,51,3,10,0,0,0,0,0,0,30,78,0,0,0,0,0,0,38,46,2,0,0,0,0,5,73,11,1,6,2,0,0,8
22,43,0,0,0,0,5,12,40,49,7,0,0,0,1,9,1,70,58,4,0,0,0,0,0,78,125,30,5,0,0,0,33,14,17,2,0,0,59,68,125,100,9,0,0,0,8,58,48,125,80,0,0,0,0,4,6,122,82,10,75,16,0,0,29,36,118,19,0,0,3,5,125,53,18,2,0,0,0,81,125,36,1,0,0,0,0,125,37,18,1,8,125,20,2,23,3,8,25,6,0,0,0,0,50,19,14,3,0,0,0,27,96,6,0,0,0,0,1,125,18,0,0,7,47,18,28,73
9,47,50,12,2,5,67,64,29,4,20,25,0,2,84,95,27,0,1,17,38,14,13,53,0,23,16,36,29,4,0,0,4,104,93,54,13,1,0,0,43,9,37,118,67,2,0,17,118,24,28,31,8,2,0,24,18,51,45,50,9,1,0,4,1,7,30,118,31,1,0,0,6,5,79,103,46,20,3,0,118,31,42,29,5,10,8,22,49,7,10,66,44,2,0,23,0,0,5,118,113,13,0,0,0,0,8,35,110,118,34,5,44,0,2,3,6,56,67,118,24,0,0,7,28,37,27,65
4,0,0,0,47,91,46,11,117,1,0,0,5,14,42,121,34,2,14,27,11,28,20,35,0,5,67,41,7,20,33,3,17,1,2,34,118,18,1,1,121,27,1,5,18,3,3,26,72,33,8,2,0,19,58,24,2,10,46,9,2,88,116,1,7,4,13,108,68,0,0,0,117,13,7,36,17,6,47,53,19,3,2,5,10,94,121,29,0,0,3,36,68,121,113,0,0,1,4,49,59,17,6,1,10,9,1,43,75,15,22,10,36,63,22,11,6,7,22,17,2,12,61,121,39,8,0,0
16,3,2,18,43,35,38,23,179,8,1,3,0,0,15,123,107,0,0,0,0,0,0,24,0,0,0,1,5,0,0,0,26,8,3,9,7,14,15,20,179,58,2,2,0,0,0,14,166,13,0,0,0,0,0,4,0,0,0,0,6,1,0,0,40,0,0,0,0,0,19,60,179,12,0,0,0,0,1,67,159,4,0,0,0,0,0,14,0,0,0,0,2,1,0,0,56,24,0,0,0,0,7,20,179,125,0,0,0,0,0,13,94,30,0,0,0,0,0,1,0,0,0,0,0,0,0,0
3,1,20,24,14,11,16,39,0,0,5,64,114,15,2,0,8,54,49,29,44,1,2,8,36,79,54,7,0,2,2,8,53,7,2,2,7,25,56,114,8,4,7,27,86,109,31,6,114,79,40,18,15,11,1,10,50,114,65,19,0,1,0,3,50,106,114,4,0,3,8,34,6,22,114,73,29,22,6,3,114,14,20,21,21,8,5,55,95,24,3,0,1,4,10,46,0,18,114,14,10,12,12,2,0,4,50,39,114,63,1,0,87,2,0,7,78,40,10,39,73,1,0,0,0,1,21,42
25,10,0,0,0,91,81,23,48,5,0,0,0,123,123,22,123,36,0,0,0,8,36,43,68,20,0,0,1,7,18,27,6,2,0,0,19,114,46,9,123,38,0,0,4,43,17,19,123,16,0,0,0,8,96,94,9,0,0,0,0,6,123,66,16,1,0,0,27,23,7,22,69,10,0,0,5,4,21,82,14,8,13,2,3,45,97,39,2,11,52,3,1,19,123,18,19,6,3,19,16,5,2,6,32,19,10,11,5,2,11,43,73,123,47,1,1,2,4,15,3,73,123,31,0,0,0,0
0,0,0,4,27,65,73,11,8,2,5,25,29,7,20,18,0,1,6,36,18,7,3,1,1,0,0,4,19,46,47,7,18,1,0,6,38,94,83,66,129,20,17,18,0,0,17,107,22,10,53,129,35,1,0,0,0,0,7,63,129,50,4,0,29,42,53,115,61,14,10,20,129,129,19,3,0,0,1,35,60,17,19,89,28,1,0,1,2,1,46,129,98,3,0,0,6,57,59,76,32,0,0,0,47,129,20,1,5,2,2,5,23,13,3,6,13,10,6,16,11,2,21,89,28,9,10,13
145,63,0,0,0,0,0,12,99,2,0,0,0,0,11,134,5,0,0,0,30,34,52,78,0,0,8,82,145,27,4,0,145,48,0,0,0,0,0,2,124,10,0,0,0,0,0,41,22,3,0,0,7,13,16,53,0,9,22,40,40,12,3,0,145,86,0,0,0,0,0,0,66,89,5,0,0,0,0,1,12,50,30,0,0,0,0,4,5,55,35,4,0,0,0,0,145,99,0,0,0,0,0,0,24,129,21,0,0,0,0,0,0,81,88,0,0,0,0,0,2,33,66,13,24,12,1,0
3,17,35,101,22,4,2,1,3,8,24,21,11,5,27,39,26,7,18,2,0,0,20,113,5,0,2,21,18,5,15,113,10,0,3,57,81,113,19,6,83,57,49,19,10,17,13,15,17,42,71,65,25,2,4,28,30,79,44,6,4,1,7,82,33,1,0,2,76,113,8,14,113,9,1,1,2,7,61,82,113,84,33,18,12,9,50,38,21,110,78,2,1,18,32,17,7,17,69,29,32,16,0,3,46,49,38,23,2,3,23,21,113,48,5,1,9,48,37,34,11,2,0,0,4,76,113,78
25,8,1,2,6,25,118,67,0,0,4,23,72,67,66,12,1,3,62,41,17,2,1,5,0,7,61,16,2,2,0,0,24,2,0,0,0,4,118,93,31,2,0,0,0,9,69,117,87,28,26,8,0,0,2,50,30,47,118,10,0,7,16,12,50,24,1,0,0,0,7,24,118,30,0,0,0,0,0,47,118,40,0,0,0,34,23,33,68,9,2,0,0,118,104,64,18,10,2,0,0,1,38,45,81,10,0,0,0,2,6,79,19,2,0,0,13,118,50,40,118,75,0,0,8,118,27,15
21,3,1,0,0,19,52,91,24,2,0,0,3,12,114,116,1,2,9,9,19,55,116,9,4,4,26,8,27,72,89,7,38,23,0,0,5,40,28,28,116,54,5,8,2,2,28,69,10,11,6,94,62,45,56,8,32,2,1,28,24,28,63,37,28,56,3,1,6,7,2,8,116,28,1,3,0,1,6,115,51,23,10,116,46,0,0,36,1,0,1,116,83,5,20,8,5,31,5,2,27,10,1,1,116,116,1,0,5,5,3,17,61,105,32,56,5,0,0,3,0,0,14,116,24,0,0,0
20,32,17,0,0,0,0,0,137,13,8,1,0,0,0,47,137,0,0,0,0,0,0,75,5,0,0,0,0,0,0,2,3,137,123,47,0,0,0,0,100,13,64,133,10,0,0,21,137,6,1,5,1,0,0,69,23,0,0,1,0,0,0,4,9,82,24,26,6,27,12,13,60,20,14,106,100,84,3,2,137,63,1,8,10,3,0,4,26,6,1,0,0,0,0,0,2,2,2,2,8,100,13,5,62,63,1,1,24,83,3,0,137,93,0,0,0,1,0,0,6,4,0,0,0,0,0,0
41,0,0,3,2,4,26,82,117,36,10,0,0,1,6,78,8,47,37,0,0,15,51,6,0,3,43,7,1,41,48,0,72,7,4,31,3,0,0,24,122,12,3,3,4,3,8,62,20,7,5,12,37,65,92,11,0,2,2,8,20,122,121,3,49,53,48,18,0,0,0,3,122,96,32,9,7,0,0,9,27,26,96,122,81,43,26,1,0,15,122,122,20,44,59,3,10,93,60,1,0,0,0,0,20,122,47,0,0,0,0,0,3,30,59,34,0,0,0,0,0,0,57,55,0,0,0,0
24,90,64,11,0,0,0,2,108,11,59,45,0,0,0,111,134,0,1,2,0,0,0,128,4,1,1,0,0,0,0,2,63,134,61,20,2,7,6,6,66,8,68,126,99,46,3,18,134,4,2,11,17,4,0,59,25,3,0,0,0,0,0,2,15,40,13,7,30,50,9,8,53,18,1,3,96,121,6,6,134,43,0,1,10,4,0,3,22,2,0,0,0,0,0,0,0,0,6,7,57,132,8,3,72,18,0,0,13,52,13,20,111,29,0,0,0,0,0,0,1,0,0,0,0,0,0,0
30,16,1,8,29,25,13,21,121,93,14,3,0,1,5,23,105,151,130,44,0,0,0,6,14,28,151,134,10,2,0,7,27,2,2,61,108,7,10,48,151,61,1,3,0,0,6,76,151,60,2,0,0,0,2,48,32,4,29,3,0,12,42,75,15,2,1,28,30,0,0,1,151,9,1,4,1,0,0,32,82,1,0,0,1,8,23,71,11,0,0,0,3,26,86,37,0,0,0,0,0,0,0,0,2,0,0,0,0,0,0,1,1,0,0,0,0,2,2,6,11,0,0,0,2,6,2,3
0,0,0,0,30,113,21,0,15,0,0,0,65,129,54,30,129,0,0,0,1,6,28,129,53,1,3,14,6,9,5,35,0,0,1,28,84,33,1,0,42,4,2,57,129,19,1,4,129,15,1,4,6,1,2,34,104,5,1,0,0,13,48,31,0,4,42,64,22,0,0,0,15,6,11,129,82,0,0,0,129,11,7,28,7,3,41,81,16,0,0,1,3,71,129,45,7,16,26,29,18,2,0,0,0,0,3,114,97,9,0,0,7,2,1,44,78,11,26,15,30,33,10,4,4,10,34,15
1,1,9,13,16,62,36,5,76,27,5,5,5,10,16,24,33,26,46,40,0,0,0,0,4,18,79,31,0,0,0,1,24,0,0,1,34,135,106,53,135,13,0,0,0,5,29,101,75,15,4,4,10,39,6,3,43,18,13,2,1,17,14,16,45,59,44,49,74,27,8,17,135,135,11,3,2,1,1,29,61,16,2,11,54,40,2,5,110,44,0,0,7,13,3,10,9,99,105,25,4,0,0,0,72,135,18,5,8,2,0,0,27,17,3,17,122,30,1,7,135,12,0,0,15,8,1,17
1,0,4,1,0,1,9,18,58,20,1,0,0,0,11,51,60,123,59,3,0,0,24,51,8,20,53,35,11,0,19,123,1,1,123,29,0,0,0,1,123,34,107,21,0,0,0,12,123,87,31,5,3,4,3,45,12,9,21,59,100,11,3,14,4,38,122,11,0,0,0,0,25,60,123,32,0,0,0,3,123,113,91,9,0,1,1,15,8,9,14,46,104,7,1,2,12,21,3,0,0,6,27,13,24,24,22,0,0,1,52,77,43,43,29,4,2,0,3,52,2,4,8,32,122,4,0,1
12,24,46,86,60,26,10,3,128,98,16,3,1,0,0,12,128,31,0,12,31,2,0,21,1,5,11,84,110,2,0,1,23,21,17,31,24,23,16,7,128,30,2,6,2,2,5,32,103,1,0,0,10,41,115,79,0,2,12,17,26,36,128,17,24,39,41,58,28,1,0,1,128,54,11,11,14,30,12,10,15,2,0,0,35,128,117,11,11,6,0,0,1,29,128,23,36,23,46,63,4,0,0,22,13,10,21,58,61,50,8,2,0,3,7,5,33,77,22,1,4,9,10,0,0,3,30,6
1,1,4,11,19,21,115,85,0,3,20,18,43,43,114,26,1,4,27,64,89,23,7,4,0,2,65,95,44,7,0,0,3,2,8,6,7,10,53,19,15,8,8,1,1,6,99,53,115,63,57,21,3,1,16,50,17,27,115,115,69,18,3,7,0,3,44,30,15,11,9,0,30,100,52,5,2,4,10,5,110,72,22,2,12,15,19,77,15,3,2,33,91,46,32,76,1,15,115,47,7,3,1,1,13,81,115,21,35,11,0,0,13,17,8,4,79,77,14,26,17,3,0,6,18,44,40,58
6,0,0,38,55,4,9,21,15,4,14,24,15,1,7,28,1,10,67,38,5,0,0,0,0,9,26,27,3,0,0,0,11,0,0,137,137,6,8,19,137,20,14,19,17,2,6,60,27,18,54,77,0,0,0,1,2,25,55,39,0,0,0,0,4,1,20,137,116,0,0,1,137,58,93,137,16,0,0,15,64,41,33,57,15,6,0,2,2,7,26,29,12,20,3,1,2,0,21,128,4,8,10,1,6,23,128,137,25,43,4,0,6,19,27,21,61,93,1,0,0,0,0,1,17,55,4,0
17,8,15,4,2,2,6,18,17,44,65,1,0,4,12,15,28,43,136,12,0,0,4,23,1,2,129,32,0,0,0,0,64,1,0,0,0,10,9,36,55,7,1,0,8,131,60,61,136,18,20,5,0,15,24,134,27,3,40,38,2,2,0,4,26,3,0,1,13,30,12,42,99,73,3,6,46,127,12,11,136,128,0,0,0,7,3,21,34,2,0,1,5,14,1,5,13,13,0,4,16,7,2,4,97,136,7,11,22,6,0,0,136,119,0,0,0,0,0,1,7,1,0,0,1,6,1,1
11,0,0,0,12,31,77,40,26,3,21,15,4,6,30,91,29,16,127,57,1,1,3,23,0,9,130,42,1,0,0,0,22,4,0,8,39,7,2,13,72,7,2,6,1,0,24,81,130,41,23,1,0,0,5,70,25,43,111,13,0,0,26,11,22,17,15,14,24,1,0,0,78,58,34,12,0,0,0,2,130,85,6,2,7,7,4,15,23,7,1,4,18,47,116,14,5,56,77,20,0,0,0,0,14,125,130,1,0,0,0,0,61,130,65,31,13,4,0,0,2,6,41,130,44,36,37,0
24,36,17,0,0,0,0,0,140,14,9,0,0,0,0,54,140,0,0,0,0,0,0,85,12,0,0,0,0,0,0,4,1,140,138,31,0,0,0,0,107,20,86,101,5,0,0,18,140,7,2,3,0,0,0,70,41,0,0,0,0,0,0,7,8,97,38,25,9,19,8,6,49,17,22,100,86,55,2,1,140,58,2,6,7,1,0,4,48,9,0,0,0,0,0,0,1,2,0,1,9,93,14,2,57,50,0,0,22,83,3,0,140,91,0,0,1,1,0,0,15,7,0,0,0,0,0,0
19,104,81,10,0,0,0,2,121,14,64,38,0,0,0,100,136,1,1,1,0,0,0,129,11,1,1,0,0,0,0,5,45,136,65,22,6,7,4,3,66,9,57,110,89,35,2,11,136,4,1,6,10,2,0,53,44,2,0,0,0,0,0,4,12,29,7,8,30,55,10,3,60,15,0,1,86,114,5,1,136,36,0,0,6,3,0,3,33,1,0,0,0,0,0,0,0,0,0,6,58,132,8,2,86,13,0,0,11,52,14,14,123,19,0,0,0,0,0,0,2,0,0,0,0,0,0,0
1,2,2,0,6,69,90,13,13,14,3,0,0,2,124,132,109,23,6,2,0,0,55,132,118,37,9,0,0,0,0,71,1,2,30,11,1,8,33,24,39,21,12,3,0,0,27,72,132,60,0,0,0,0,2,87,105,16,0,0,0,0,0,24,0,0,54,69,6,2,1,0,47,56,29,16,2,2,7,31,132,98,0,0,0,0,1,57,14,2,0,0,0,0,0,8,13,14,132,132,3,1,1,5,13,2,39,132,3,2,8,47,22,5,4,12,0,0,8,68,0,0,0,0,0,0,0,0
20,0,0,0,0,0,14,58,0,0,0,0,0,1,64,43,3,0,0,0,0,0,47,32,6,0,0,0,0,0,2,13,31,4,2,3,5,19,35,59,10,1,0,0,14,104,127,58,88,4,0,0,1,13,120,127,16,0,0,2,3,12,127,72,3,6,18,41,33,14,3,1,51,27,4,39,122,59,14,12,127,63,2,7,6,11,49,61,10,4,17,43,11,30,127,17,3,3,8,18,26,39,26,20,18,9,2,25,103,54,18,17,35,18,8,24,30,48,109,53,3,3,8,35,45,127,127,29
13,10,6,7,18,22,8,9,6,10,9,10,16,24,20,19,61,76,13,0,0,0,2,23,19,22,1,0,0,0,0,0,6,5,8,2,7,68,101,42,13,11,42,9,5,62,112,64,123,39,8,0,0,0,16,123,77,13,0,0,0,0,0,4,63,46,40,14,7,20,33,32,50,73,123,21,2,9,10,18,123,123,70,1,0,1,3,22,48,38,3,0,0,0,0,2,112,3,2,4,28,102,78,123,123,10,14,3,18,28,7,109,123,29,6,1,8,13,7,49,31,17,3,0,0,0,0,2
29,8,7,4,14,34,30,72,35,13,12,1,15,9,9,91,65,7,0,1,9,6,5,77,18,2,0,0,0,0,0,19,40,13,10,37,114,81,45,95,122,28,8,19,13,3,11,122,70,4,4,60,49,3,5,103,72,1,0,1,1,0,0,83,33,61,49,64,47,6,9,15,122,122,21,8,6,0,2,23,75,29,9,59,76,2,5,16,109,41,4,6,3,0,0,16,23,8,2,0,0,1,17,59,45,15,0,0,0,13,104,97,34,16,3,4,7,7,93,122,44,27,1,0,0,0,0,28
104,42,9,3,0,0,6,36,34,10,4,23,14,4,46,32,57,22,2,4,1,0,8,31,3,0,0,0,0,2,0,1,14,4,0,0,0,23,79,64,19,1,0,0,2,102,137,90,137,5,0,0,0,3,52,137,21,0,0,0,3,2,0,9,0,0,0,0,0,65,137,11,102,38,0,0,3,69,70,34,137,115,0,0,0,2,5,34,32,6,0,0,7,1,0,1,7,9,3,0,0,15,41,19,137,108,1,0,0,0,6,30,137,114,0,0,0,0,0,0,6,3,0,0,3,0,0,0
12,19,14,8,3,3,7,7,64,52,13,0,0,0,0,17,131,69,16,0,0,0,0,109,131,11,0,4,2,3,2,71,9,34,27,14,5,2,0,2,97,44,44,0,0,0,0,34,131,99,7,0,0,0,0,42,131,26,0,0,0,7,41,71,37,41,24,52,42,0,0,0,64,124,123,0,0,0,0,1,131,69,68,1,0,0,3,46,38,2,0,0,0,4,96,89,38,60,15,25,58,3,0,1,89,117,22,0,0,0,0,0,9,19,37,12,12,6,3,2,2,1,2,6,11,13,33,6
40,20,4,0,0,0,4,30,119,38,4,0,0,0,2,121,121,7,0,0,0,9,59,121,1,0,0,0,5,97,104,15,30,49,55,24,3,0,0,8,118,121,29,2,0,0,0,46,75,102,32,5,2,4,16,69,3,4,6,14,14,44,35,8,14,13,91,121,58,1,1,6,121,56,13,35,11,0,0,48,87,35,14,8,11,6,6,22,0,2,5,16,31,28,11,3,2,3,8,57,54,25,38,13,47,27,13,27,26,31,33,67,22,6,1,1,4,24,73,110,1,4,10,2,13,92,39,2
8,3,7,16,39,53,40,42,47,22,86,66,5,0,8,66,10,22,127,127,10,1,0,2,57,58,110,26,7,0,0,17,29,20,55,127,101,36,28,48,127,58,33,9,0,2,8,117,44,6,60,17,8,72,21,10,6,3,27,26,32,71,16,4,11,15,108,127,11,1,0,3,78,63,73,71,13,8,13,12,15,5,14,13,22,101,26,8,33,8,20,14,8,39,9,9,8,3,6,26,17,53,9,1,6,13,6,34,37,58,16,1,10,59,49,16,7,5,2,0,5,9,79,40,13,1,0,0
7,33,64,17,1,0,0,1,1,3,37,105,97,12,4,1,3,54,30,40,56,7,26,13,9,41,20,24,10,10,17,11,15,13,5,3,13,31,31,13,8,1,2,26,92,118,32,9,107,67,39,34,21,37,21,36,19,45,37,86,19,5,2,0,0,0,0,10,97,84,118,9,30,2,0,0,82,118,80,17,118,42,2,4,10,18,35,118,21,13,7,33,85,52,38,33,0,0,0,12,118,73,28,0,3,1,0,5,28,45,56,12,52,8,0,0,0,7,39,118,49,15,5,6,10,13,36,65
2,7,29,61,26,1,0,0,38,60,21,4,2,0,1,24,96,117,23,0,0,0,1,93,50,30,9,2,1,11,44,91,11,42,119,80,15,0,0,3,54,34,109,119,42,0,0,17,119,97,18,9,3,0,0,46,34,37,20,15,13,6,2,7,67,34,31,20,18,7,30,78,12,16,32,119,109,29,33,11,119,52,17,26,13,16,36,102,21,6,2,4,14,41,52,57,26,29,5,10,39,13,27,18,0,0,2,8,52,60,61,24,9,21,20,4,37,39,31,79,14,19,17,3,1,22,58,60
3,2,0,0,3,129,56,1,4,5,4,0,9,129,27,5,18,5,7,5,2,20,20,15,12,1,0,1,4,17,49,15,13,0,0,0,10,129,129,37,129,36,14,3,0,18,55,89,26,26,39,109,11,4,5,2,23,14,20,52,4,6,11,4,43,59,38,42,55,60,27,19,129,111,6,0,0,2,9,44,57,7,9,48,10,21,47,9,4,5,19,60,18,13,27,5,19,47,45,46,11,1,1,0,105,63,5,0,5,42,23,24,18,3,0,1,12,129,129,25,67,33,1,0,3,12,75,49
0,0,0,0,11,120,106,18,7,0,0,0,3,73,95,120,11,37,5,0,1,73,120,33,18,43,34,25,26,29,36,17,1,0,0,0,13,76,66,23,33,7,2,0,4,27,54,69,120,120,26,0,0,13,24,42,26,103,53,21,49,25,9,11,14,11,20,37,23,10,16,12,55,104,27,2,0,1,5,13,120,84,15,1,1,5,15,75,22,6,3,6,27,95,65,39,3,18,48,22,1,4,7,2,31,106,32,4,0,4,28,47,39,100,50,17,5,0,6,44,4,7,12,60,54,9,3,2
0,0,0,2,12,116,116,27,0,0,0,0,3,46,110,116,0,0,0,6,85,65,73,95,116,9,4,21,90,32,10,116,1,0,3,16,60,45,33,9,9,3,1,3,11,30,81,65,70,5,0,11,13,11,67,106,116,12,9,36,22,4,3,44,0,0,56,84,44,12,0,0,11,36,30,52,41,18,5,2,78,47,6,0,0,4,8,37,10,0,0,0,3,1,2,20,0,0,116,116,64,11,0,0,0,7,116,90,24,14,2,0,1,5,8,13,3,13,13,7,0,0,0,0,0,0,0,2
0,0,0,27,125,54,54,0,6,2,0,4,20,62,60,25,73,9,0,0,0,5,62,125,89,20,4,4,5,9,42,81,0,0,0,33,117,96,28,0,8,7,15,20,38,57,37,22,125,35,6,0,0,1,11,76,125,30,0,0,0,30,74,51,1,0,3,71,125,25,19,10,15,39,80,38,10,6,7,13,66,125,41,1,7,10,5,17,27,109,35,7,34,106,68,19,1,0,0,3,28,4,3,5,15,13,1,0,0,0,1,6,13,26,2,0,3,6,3,2,17,125,43,4,10,6,1,0
8,11,29,133,45,2,4,2,58,109,130,133,27,2,0,1,133,133,11,2,0,0,0,2,48,20,4,108,55,0,0,0,3,3,4,31,17,40,128,11,45,25,30,62,48,38,21,6,133,40,5,1,0,0,5,41,48,3,0,22,32,19,44,27,23,45,11,22,8,13,39,5,37,47,35,36,3,5,6,3,133,24,6,4,3,25,25,32,7,0,0,0,4,77,133,19,22,35,15,32,16,16,8,20,39,34,53,37,3,0,0,17,13,10,19,31,41,44,2,2,0,1,4,2,14,47,13,3
0,0,0,0,0,0,122,68,4,2,0,0,0,0,122,112,1,1,0,0,0,0,89,122,0,0,0,0,0,0,8,36,27,4,3,0,0,0,64,51,122,93,19,2,0,0,57,71,14,37,36,42,19,0,41,122,1,0,0,4,4,0,18,122,24,34,122,0,0,0,0,4,122,84,52,1,1,0,0,40,42,21,11,65,77,3,1,21,0,0,0,20,50,9,23,81,9,45,62,0,0,0,6,6,32,88,52,0,0,0,11,31,17,33,12,50,60,0,0,12,5,0,0,52,122,7,8,18
14,9,15,7,6,7,12,17,21,58,62,0,0,2,13,20,36,63,145,6,0,0,4,25,1,4,131,15,0,0,0,0,52,1,0,0,0,9,15,66,58,8,0,0,4,108,78,79,145,24,20,3,0,9,24,145,37,5,44,20,2,3,0,6,32,5,0,1,9,18,12,55,105,77,4,6,39,92,15,15,145,140,0,0,0,5,3,24,46,3,0,0,5,12,2,6,23,15,0,1,6,2,1,4,98,87,4,6,12,2,0,0,145,92,0,0,0,0,0,0,9,1,0,0,0,2,0,1
0,5,36,22,30,20,4,1,14,10,73,10,0,0,5,16,23,1,31,8,0,0,15,43,0,0,0,0,0,0,0,0,59,24,37,5,3,10,28,37,89,71,155,28,0,5,25,60,18,14,155,100,0,0,3,4,0,0,6,2,0,0,0,0,65,22,1,1,10,92,63,48,155,139,15,4,1,42,49,97,106,25,58,54,3,8,1,4,0,0,3,3,0,0,0,0,52,120,7,5,21,22,4,3,155,155,2,0,1,5,1,2,31,12,0,0,2,16,3,2,0,0,0,0,0,1,0,0
0,0,0,0,0,0,0,0,4,1,0,0,0,0,0,0,3,2,1,2,0,0,0,0,0,0,1,2,0,0,0,0,35,0,0,0,19,25,7,1,158,35,0,0,3,5,17,20,63,28,5,7,1,26,155,17,0,0,4,12,2,6,89,23,56,2,0,0,14,37,19,12,158,7,0,4,21,59,62,102,15,1,4,67,59,158,158,60,3,3,9,16,2,7,158,158,28,10,17,18,5,1,0,10,56,8,6,7,17,26,31,39,0,0,8,82,49,69,55,6,3,6,27,32,8,17,41,40
0,0,0,0,0,0,0,0,1,0,0,3,7,100,15,6,59,4,13,9,5,53,25,52,18,5,25,14,49,16,0,4,0,0,0,0,0,0,0,0,19,0,0,0,7,144,53,28,144,5,0,0,2,56,46,144,42,0,0,0,86,112,2,20,0,0,0,1,4,1,0,0,82,30,2,22,85,79,9,7,144,112,1,4,12,13,6,23,37,12,1,37,144,53,0,3,0,0,0,10,7,0,0,0,62,49,14,90,56,0,0,0,144,83,4,4,5,13,14,18,9,3,1,43,76,40,49,8
87,43,8,4,0,0,5,25,45,8,2,10,4,1,44,37,58,24,2,3,0,0,8,30,11,1,0,0,0,0,0,2,13,2,0,0,0,13,99,56,20,1,0,0,0,42,134,93,134,5,0,0,0,0,39,134,29,0,0,0,1,2,0,14,2,0,0,0,0,34,134,13,130,49,0,0,0,28,87,38,134,125,0,0,0,0,4,32,37,10,0,0,5,2,0,1,17,34,14,0,0,4,32,15,134,134,3,0,0,0,3,12,134,131,0,0,0,0,0,0,6,5,0,0,3,0,0,0
16,17,50,6,4,9,8,30,12,14,59,12,8,22,11,21,36,31,38,4,1,10,20,24,35,58,52,2,0,1,4,9,91,9,9,2,7,26,31,126,24,5,11,10,74,126,53,61,126,27,7,2,5,30,37,126,89,25,11,0,0,2,6,28,93,37,32,18,8,11,9,61,44,76,52,38,74,45,12,31,126,126,32,14,18,5,2,21,104,25,2,10,28,2,1,26,9,3,6,6,3,11,73,45,71,36,10,1,0,0,32,106,65,68,8,2,10,1,24,114,38,67,12,7,16,0,0,9
12,2,9,8,10,10,19,33,3,1,6,39,57,24,7,4,62,6,1,10,28,25,37,39,10,1,1,6,17,78,116,29,17,16,12,1,0,4,76,116,7,4,4,15,29,111,73,29,73,18,10,38,25,43,27,21,11,13,59,116,56,68,53,14,28,86,78,12,10,8,15,19,9,10,27,67,55,27,9,7,95,14,9,24,18,68,34,30,12,5,15,46,33,116,116,13,16,10,3,3,13,19,52,28,27,14,55,25,24,11,8,22,5,8,116,108,25,28,9,5,7,33,116,116,40,59,21,6
0,4,45,76,29,37,3,0,26,35,22,7,9,25,20,39,6,24,20,42,105,57,10,9,3,68,92,14,17,2,0,0,15,7,5,8,23,116,62,21,12,8,15,26,7,37,59,45,89,63,27,7,19,21,35,25,17,84,64,6,3,7,6,5,116,46,13,9,7,59,73,90,76,20,45,111,10,19,35,12,85,24,25,34,5,4,21,49,23,5,4,6,1,9,57,53,116,73,20,16,11,30,20,20,79,31,9,12,16,106,116,49,99,83,30,27,3,4,29,35,22,41,57,49,1,0,7,14
1,1,0,1,5,55,116,44,11,13,3,3,31,98,116,11,10,16,56,40,52,35,11,13,12,12,26,18,20,17,19,45,20,1,0,0,0,53,116,50,116,116,8,1,0,21,62,40,24,76,52,71,46,26,11,7,15,79,57,35,14,4,10,19,61,44,3,1,0,11,22,22,116,71,2,1,1,8,17,102,22,10,4,16,36,116,65,34,23,10,2,4,5,15,71,91,31,78,25,3,0,1,7,14,84,116,15,7,0,0,6,50,15,25,28,116,39,8,3,4,29,27,4,30,12,1,4,10
24,3,0,0,0,95,65,78,32,11,39,15,0,6,24,88,11,8,110,85,6,5,1,9,6,12,110,71,1,1,0,1,41,23,0,0,0,31,38,89,110,40,0,0,0,1,22,110,57,7,21,9,0,30,108,50,0,5,53,21,0,7,108,56,66,110,2,0,0,2,0,1,110,73,0,0,3,13,9,18,11,2,12,18,39,109,81,15,27,30,19,6,4,19,90,105,26,110,11,0,0,0,0,0,13,40,30,5,3,2,1,1,5,23,70,26,15,5,5,9,12,82,90,8,3,1,0,8
0,6,35,20,33,20,3,1,16,16,88,1,0,1,3,31,6,1,29,1,0,0,0,19,0,0,0,0,0,0,0,0,46,32,39,7,6,5,27,52,96,110,156,5,0,0,14,59,20,30,156,12,0,0,0,2,0,0,0,0,0,0,0,0,58,14,0,0,2,43,79,88,156,113,15,0,0,14,45,129,151,40,46,1,0,1,1,6,0,0,0,0,0,0,0,0,50,71,2,3,4,13,6,7,156,156,0,0,0,2,1,2,59,18,0,0,0,3,2,3,0,0,0,0,0,0,0,0
0,0,0,0,0,0,0,0,0,0,0,0,0,0,0,0,0,0,0,0,0,0,0,0,0,0,0,0,0,0,0,0,31,4,0,0,0,22,11,1,154,26,0,0,0,1,19,27,48,4,0,1,1,2,126,45,0,0,0,3,2,2,43,16,97,4,0,1,2,24,16,13,154,11,0,0,14,59,108,99,16,0,0,10,40,104,154,151,0,0,0,1,1,1,154,154,35,22,39,19,4,1,0,5,33,5,4,5,30,60,55,27,0,1,2,41,80,77,64,26,2,2,3,10,4,3,49,94
33,28,61,79,67,4,0,2,66,36,28,30,9,1,6,26,26,59,152,152,32,0,2,5,1,30,152,130,3,0,0,0,1,9,107,141,13,0,0,0,65,12,34,78,66,1,2,14,152,110,64,5,5,0,2,31,44,62,152,15,0,1,33,29,0,0,0,5,1,0,0,0,19,0,0,9,19,0,0,1,139,2,0,0,2,0,4,20,16,0,0,0,0,0,41,33,0,0,0,0,0,0,0,0,0,0,0,0,0,0,0,0,0,0,0,0,0,0,0,0,0,0,0,0,0,0,0,0
8,15,10,2,20,24,22,24,54,21,1,0,6,12,21,112,62,7,0,0,0,0,0,78,8,0,0,0,0,0,0,10,17,11,8,9,48,36,48,81,125,66,10,8,21,13,14,78,111,28,8,4,0,0,5,59,43,7,0,0,0,0,0,12,19,14,21,15,7,36,57,38,53,21,2,1,0,4,125,113,125,19,1,0,0,0,94,125,59,6,0,0,0,1,0,22,0,2,10,9,28,90,123,3,66,65,8,0,0,6,125,46,125,125,0,0,0,0,26,48,48,20,0,0,3,4,0,4
18,16,11,27,65,35,30,19,89,29,13,9,7,29,40,27,71,47,13,6,3,22,50,30,25,40,42,9,0,0,2,5,52,6,1,3,3,2,27,124,85,79,69,10,5,7,4,42,62,124,79,8,5,4,3,4,48,83,16,1,0,0,0,0,77,59,114,15,0,0,0,98,124,124,42,0,0,0,0,109,53,98,53,5,4,0,0,5,18,55,7,0,0,0,0,0,2,59,124,15,0,0,0,0,28,124,124,0,0,0,1,1,9,50,12,0,0,0,1,1,0,3,1,0,0,0,0,0
89,22,3,11,7,46,26,33,4,3,9,27,28,101,37,9,13,7,5,6,13,21,42,23,17,48,42,7,18,7,4,3,34,44,2,6,86,114,62,12,114,26,11,10,10,84,84,69,50,17,27,47,4,9,28,13,50,21,9,3,0,1,18,38,11,17,13,31,91,49,67,60,114,63,26,20,17,32,44,29,94,66,20,11,7,38,102,48,44,56,54,18,0,0,5,14,69,4,1,1,1,1,18,114,95,66,59,9,4,5,2,43,48,114,102,9,6,4,3,4,43,89,20,1,0,0,0,0
0,0,87,120,24,7,0,0,6,38,124,43,2,1,3,7,59,124,82,8,11,0,1,12,10,27,6,14,78,24,14,15,15,13,8,38,58,67,16,8,20,20,22,63,56,25,32,46,124,52,13,14,36,4,17,124,18,7,14,70,124,15,1,7,28,78,32,53,36,13,8,5,20,46,46,124,38,10,11,5,124,124,36,39,9,1,2,20,32,20,47,124,39,1,3,4,2,10,15,28,13,10,12,1,7,21,11,20,9,14,25,2,73,28,9,4,2,6,17,20,11,3,5,8,3,11,62,29
0,0,0,1,0,0,12,5,8,0,18,18,12,12,44,80,3,0,10,13,75,89,18,22,10,7,8,0,4,21,18,38,11,5,0,0,0,0,7,15,124,24,0,2,25,14,25,122,35,3,4,47,124,94,19,37,39,11,6,9,9,28,30,86,5,12,11,7,0,0,0,0,105,54,23,23,25,67,18,12,15,2,2,26,66,124,124,13,28,10,4,6,4,10,91,99,0,0,4,34,1,0,0,0,0,1,18,124,89,39,2,0,0,1,61,124,78,93,60,10,22,59,57,15,1,3,62,89
70,122,113,6,0,2,10,28,95,122,14,65,85,15,10,41,0,0,12,65,95,26,7,1,0,0,0,0,0,0,0,0,35,40,58,73,27,13,21,59,122,51,37,96,41,2,10,122,21,25,122,122,44,1,1,3,0,6,15,0,0,0,0,0,21,57,80,81,10,12,4,2,122,71,46,29,3,7,14,42,36,15,49,20,1,33,114,41,1,4,5,0,0,1,37,16,3,13,26,43,15,11,3,1,28,37,7,11,13,10,19,21,7,21,13,13,21,28,50,17,8,51,24,0,0,0,17,13
0,0,0,0,0,21,19,0,0,0,0,0,0,41,110,8,0,0,0,0,0,0,26,7,0,0,0,0,0,0,0,0,0,0,0,0,16,140,109,0,19,3,3,15,72,140,140,77,132,12,2,3,4,9,109,138,4,0,0,0,0,0,0,0,0,2,26,27,79,89,20,0,31,42,136,104,93,59,12,13,140,140,49,19,4,3,5,32,28,4,0,0,0,0,0,0,23,15,40,23,10,1,1,7,4,9,48,29,37,15,1,1,17,14,6,1,0,3,1,0,0,0,0,0,0,0,0,0
